results2_8e4_norain/res_4e8_norain-0009.wd
ncols         241
nrows         181
xllcorner     12693529.787448
yllcorner     3542525.717860
cellsize      155.156523
NODATA_value  -9999.000000
[rows 136 to 169 of 181, columns 0 to 75 of 241]
0.000 0.000 0.000 0.000 0.000 0.000 0.000 0.000 0.000 0.000 0.000 0.000 0.000 0.000 0.000 0.000 0.000 0.000 0.000 0.000 0.000 0.000 0.000 0.000 0.000 0.000 0.165 0.185 0.221 0.348 0.000 2.308 10.315 0.000 0.000 0.000 0.000 0.000 0.000 0.000 0.000 0.000 0.000 0.000 0.000 0.000 0.000 0.000 0.000 0.000 0.000 0.000 0.000 0.000 0.000 0.000 0.000 0.000 0.000 0.000 0.000 0.000 52.759 58.680 54.643 55.777 53.729 85.532 85.386 85.231 52.394 55.142 56.978 58.636 8.609 0.000
0.000 0.000 0.000 0.000 0.000 0.000 0.000 0.000 0.000 0.000 0.000 0.000 0.000 0.000 0.000 0.000 0.000 0.000 0.000 0.000 0.000 0.000 0.000 0.000 0.000 0.000 0.000 0.000 0.000 2.286 5.296 4.309 2.324 4.334 4.341 1.361 1.389 5.420 0.000 0.000 0.000 0.000 0.000 0.000 0.000 0.000 0.000 0.000 0.000 0.000 0.000 0.000 0.000 0.000 0.000 0.000 0.000 0.549 15.519 0.000 0.000 61.991 68.936 66.985 64.948 66.010 85.805 85.672 66.724 73.490 66.317 72.059 63.826 42.766 0.000 0.000
0.000 0.000 0.000 0.000 0.000 0.000 0.000 0.000 0.000 0.000 0.000 0.000 0.000 0.000 0.000 0.000 0.000 0.000 0.000 0.000 0.000 0.000 0.000 0.000 0.000 0.000 0.000 2.482 5.436 4.388 0.000 0.332 7.340 10.339 6.339 0.307 0.000 6.445 0.000 0.000 0.000 0.000 0.000 0.000 0.000 0.000 0.000 0.000 0.000 0.000 0.000 0.000 0.000 0.000 0.000 0.000 10.632 52.586 81.517 42.418 75.260 83.334 80.250 79.317 86.182 86.061 85.935 78.849 80.697 80.377 79.228 78.172 0.000 0.000 0.000 0.000
0.000 0.000 0.000 0.000 0.000 0.000 0.000 0.000 0.000 0.000 0.460 0.457 0.000 0.000 0.000 0.000 0.000 0.000 0.000 0.000 0.125 2.508 0.101 0.000 0.000 2.558 4.550 3.530 0.483 2.436 7.426 9.400 10.361 10.346 5.341 0.000 8.487 27.474 0.000 0.000 0.000 0.000 0.000 0.000 0.000 0.000 0.000 0.000 0.000 0.000 0.000 0.000 0.000 0.000 0.000 8.739 60.682 76.614 79.520 84.486 81.611 78.565 86.516 86.409 86.298 78.221 78.973 79.816 79.477 79.435 72.359 49.265 0.000 0.000 0.000 0.000
0.000 0.000 0.000 0.000 0.000 0.000 0.000 0.000 0.000 0.000 5.666 5.657 0.000 0.000 0.000 0.000 0.000 0.000 0.251 2.604 2.598 0.345 0.346 1.589 4.584 3.568 2.564 4.567 8.548 8.492 10.445 9.419 0.365 0.000 0.000 10.519 29.503 39.493 0.000 0.000 0.000 0.000 0.000 0.000 0.000 0.000 0.000 0.000 0.000 0.000 0.000 0.000 0.000 0.000 12.866 56.806 78.712 81.708 80.771 80.749 79.816 86.721 86.620 78.485 79.245 80.069 79.830 79.664 79.606 71.529 63.482 0.000 0.000 0.000 0.000 0.000
0.000 0.000 0.000 0.000 0.000 0.000 0.000 0.000 0.000 0.000 8.699 19.674 0.000 0.000 0.000 0.000 0.339 0.180 0.250 0.402 0.335 0.374 2.625 4.613 2.597 0.000 0.656 12.629 14.593 4.541 0.000 0.000 0.000 0.576 14.559 30.537 27.519 11.504 0.000 0.000 0.000 0.000 0.000 0.000 0.000 0.000 0.000 0.000 0.000 0.000 0.000 0.000 0.000 6.000 56.932 78.825 80.998 79.974 80.065 87.019 86.922 86.823 78.575 80.402 80.077 79.920 79.842 79.756 73.671 60.602 50.562 0.000 0.000 0.000 0.000 0.000
0.000 0.000 0.000 0.000 0.000 0.000 0.000 0.000 0.000 0.000 9.767 0.000 0.000 0.000 0.000 0.000 0.060 0.133 0.575 0.443 0.545 3.749 4.672 1.642 0.000 0.000 4.802 18.724 5.657 0.000 0.000 1.676 11.652 22.619 33.581 26.556 4.536 0.000 0.000 0.000 0.000 0.000 0.000 0.000 0.000 0.000 0.000 0.000 0.000 0.000 0.000 0.000 11.130 57.047 79.040 81.204 80.215 87.296 87.206 87.115 78.918 79.662 80.491 80.144 80.089 79.999 79.907 80.812 68.731 39.645 28.603 0.000 0.000 0.000 0.000 0.000
0.000 0.000 0.000 0.000 0.000 0.000 0.000 0.000 0.000 0.735 10.844 0.000 0.000 0.000 0.000 0.000 0.000 0.429 0.000 0.000 9.000 3.873 0.000 0.000 0.000 0.000 14.901 17.811 0.000 2.770 14.745 23.704 32.667 30.634 18.595 4.574 0.000 0.000 0.000 0.000 0.000 0.000 0.000 0.000 0.000 0.000 0.000 0.000 0.000 0.000 0.000 5.241 57.244 80.326 81.334 79.431 87.472 87.384 79.161 79.917 80.731 80.484 80.307 80.235 80.139 80.057 82.974 46.860 26.795 0.000 0.000 0.000 0.000 0.000 0.000 0.000
5.185 3.192 0.031 0.000 0.000 0.000 0.000 0.000 0.000 0.000 11.949 0.000 0.000 0.000 0.000 0.000 0.000 1.790 0.000 0.000 4.175 0.000 0.000 0.000 0.000 13.192 21.093 0.000 0.000 28.797 33.767 28.728 17.683 7.657 0.000 0.000 0.000 0.000 0.000 0.000 0.000 0.000 0.000 0.000 0.000 0.000 0.000 0.000 0.000 0.000 0.000 37.502 79.534 78.649 87.737 87.649 87.561 79.236 81.055 80.727 80.563 80.473 82.367 77.266 79.183 80.118 91.074 0.000 0.000 0.000 0.000 0.000 0.000 0.000 0.000 0.000
6.193 8.215 14.275 15.353 15.445 12.551 13.654 12.769 11.894 12.015 14.064 0.000 0.000 0.000 0.000 1.671 1.686 0.700 5.927 7.964 1.928 0.000 0.000 0.000 13.442 18.295 7.187 1.091 9.935 32.860 15.799 6.762 0.096 0.000 0.000 0.000 0.000 0.000 0.000 0.000 0.000 0.000 0.000 0.000 0.000 0.000 0.000 0.000 0.000 0.000 15.739 57.792 87.994 87.909 87.824 79.560 80.306 81.136 80.788 80.727 81.627 81.520 54.391 32.289 67.210 81.159 86.131 26.138 0.000 0.000 0.000 0.000 0.000 0.000 0.000 0.000
0.000 0.000 0.000 0.000 0.000 4.568 1.655 1.771 1.910 6.099 15.239 0.000 0.000 0.000 0.579 4.662 5.702 3.802 2.922 6.041 7.236 4.360 0.000 14.974 20.592 11.363 17.205 34.104 30.982 12.912 0.847 0.000 0.309 0.204 0.000 0.000 0.000 0.000 0.000 0.000 0.000 0.000 0.000 0.000 0.000 0.000 0.000 0.000 0.000 10.803 58.943 88.161 88.078 79.792 80.542 81.361 81.120 80.948 80.874 81.770 79.674 73.588 0.000 0.000 49.210 84.179 81.154 80.146 0.000 0.000 0.000 0.000 0.000 0.000 0.000 0.000
0.000 0.000 0.000 0.000 0.000 0.190 0.000 0.000 0.000 1.351 15.564 0.000 0.000 2.522 4.559 5.629 2.663 0.033 0.000 0.283 10.457 23.487 18.491 19.359 0.000 0.000 41.168 27.134 0.000 0.000 0.000 3.742 0.510 0.212 0.316 0.000 0.000 0.000 0.000 0.000 0.000 0.000 0.000 0.000 0.000 0.000 0.000 0.000 0.000 37.015 88.291 79.072 82.756 81.593 81.355 81.188 81.105 81.010 81.908 81.812 46.712 22.572 8.417 11.322 62.242 83.193 79.162 70.147 0.000 0.000 0.000 0.000 0.000 0.000 0.000 0.000
0.000 0.000 0.000 0.000 0.000 0.032 0.000 0.000 0.000 0.000 13.966 1.326 4.444 6.492 5.530 0.693 0.000 0.100 0.085 0.000 8.658 31.644 27.631 14.615 7.705 0.000 0.000 0.000 0.000 0.000 0.000 5.765 0.549 2.082 0.000 0.000 0.000 0.000 0.000 0.000 0.000 0.000 0.000 0.000 0.000 0.000 0.000 0.000 0.000 36.348 88.454 81.957 81.651 81.418 81.344 81.247 81.145 81.045 78.948 69.858 2.792 0.000 19.360 78.306 83.244 81.192 75.155 65.134 0.000 0.000 0.000 0.000 0.000 0.000 0.000 0.000
0.000 0.000 0.000 0.000 0.000 0.000 0.000 0.000 0.000 2.446 6.311 5.390 5.446 3.479 0.000 0.499 0.548 1.278 1.236 6.035 23.875 22.805 15.774 24.770 22.799 0.000 0.000 0.000 0.000 0.000 0.000 5.810 0.600 3.088 0.000 0.000 0.000 0.000 0.000 0.000 0.000 0.000 0.000 0.000 0.000 0.000 0.000 0.000 0.000 88.921 88.689 80.886 81.648 81.486 81.388 81.285 81.182 83.081 67.980 50.881 10.807 0.000 34.356 64.302 73.237 82.178 71.131 60.102 0.000 0.000 0.000 0.000 0.000 0.000 0.000 0.000
4.644 2.646 0.000 0.000 0.000 0.000 0.014 3.869 4.744 5.577 3.473 4.452 2.480 0.465 0.771 1.786 1.758 0.555 2.303 25.153 24.007 5.929 18.896 16.894 20.924 18.994 0.000 0.000 0.000 0.000 0.000 1.928 0.678 0.457 0.000 0.000 5.097 4.093 0.000 0.000 0.000 0.000 0.000 0.000 0.000 0.000 0.000 16.260 40.547 89.084 83.335 82.953 82.625 81.541 81.432 81.325 82.220 80.116 35.012 11.880 23.749 24.570 78.408 80.309 60.225 70.152 65.091 38.042 2.993 0.000 0.000 0.000 0.000 0.000 0.000 0.000
5.648 6.655 3.668 0.000 5.422 5.320 5.183 6.002 5.793 6.641 18.561 0.712 0.593 0.831 1.911 1.871 1.771 2.626 16.464 27.313 2.086 6.013 32.989 24.988 13.013 16.067 19.146 3.198 8.219 23.211 16.175 4.115 0.000 0.000 8.122 24.116 11.105 0.000 0.000 0.000 0.000 0.000 0.000 0.000 0.000 0.000 0.000 31.421 83.690 89.193 80.298 82.848 83.701 81.588 81.476 81.365 74.257 64.154 21.072 0.000 0.708 1.550 62.397 104.302 85.205 61.116 53.040 31.982 40.945 0.000 0.000 0.000 0.000 0.000 0.000 0.000
10.652 10.663 6.687 6.676 6.530 7.362 7.236 3.169 0.011 0.000 0.000 0.000 5.102 2.084 2.038 2.002 0.902 3.706 27.604 13.457 0.000 4.059 21.062 38.060 33.078 30.118 28.175 24.231 20.253 19.241 27.201 24.163 18.155 14.144 17.132 21.126 0.000 0.000 0.000 0.000 0.000 0.000 0.000 0.000 0.000 0.000 0.000 30.646 89.417 89.303 83.204 84.940 81.750 81.639 82.521 78.405 62.288 55.172 61.052 66.903 50.744 72.580 87.428 104.298 113.177 97.067 58.973 63.902 38.862 0.000 0.000 0.000 0.000 0.000 0.000 0.000
0.000 0.000 10.749 5.817 5.668 0.486 0.000 1.084 0.000 0.000 0.000 0.000 6.180 2.160 2.125 2.083 2.032 19.865 26.789 0.000 1.361 1.267 4.145 10.115 12.122 12.156 8.210 11.301 27.323 20.304 11.228 14.183 21.161 25.150 28.139 25.133 0.017 0.000 0.000 0.000 0.000 0.000 0.000 0.000 0.000 0.000 1.113 60.958 89.534 80.667 84.250 83.911 81.812 81.688 82.567 77.445 64.321 30.194 37.061 79.914 90.757 122.596 113.437 85.285 73.140 90.004 68.885 62.793 37.741 0.000 0.000 0.000 0.000 0.000 0.000 0.000
0.000 0.000 0.000 15.182 0.345 0.000 1.613 1.610 2.692 0.000 0.000 0.000 3.278 2.258 2.221 2.174 4.114 28.010 12.900 0.000 1.448 1.427 1.501 0.595 0.622 0.630 0.000 6.444 35.439 14.426 0.000 0.000 0.000 16.158 26.147 10.137 15.129 2.125 0.000 0.000 0.000 0.000 0.000 0.000 0.000 0.000 19.014 89.784 89.656 83.528 85.159 80.986 81.863 81.739 81.614 81.488 68.359 31.225 46.085 82.935 78.776 112.611 107.440 76.268 81.094 66.925 47.771 65.645 43.568 0.000 0.000 0.000 0.000 0.000 0.000 0.000
0.995 0.000 0.000 7.548 17.654 18.680 0.632 12.736 19.741 0.000 0.000 3.521 2.435 2.377 2.329 2.284 21.227 25.165 0.141 2.155 1.032 0.009 1.842 1.844 1.873 1.853 0.802 8.594 37.565 18.538 0.000 0.000 0.000 13.181 26.156 5.145 0.000 0.000 0.000 0.000 0.000 0.000 0.000 0.000 0.000 0.000 60.147 89.916 80.908 84.484 84.151 82.046 81.917 81.791 81.663 82.534 73.401 62.264 85.120 109.967 97.804 114.631 111.447 105.252 112.046 77.833 54.628 64.451 72.319 1.107 0.000 0.000 0.000 0.000 0.000 0.000
2.998 1.990 0.000 2.378 1.399 0.000 23.833 15.808 2.795 3.775 3.711 2.607 2.529 2.470 2.419 5.404 28.348 11.258 1.249 2.187 8.130 16.100 2.072 0.055 1.998 0.949 3.853 27.755 35.691 10.626 0.000 0.000 8.257 7.233 0.000 0.000 0.000 0.000 0.000 0.000 0.000 0.000 0.000 0.000 1.296 58.217 80.343 90.052 81.850 82.385 82.227 82.100 81.973 81.845 81.716 82.585 73.450 56.311 52.164 85.009 74.843 88.663 91.467 79.249 81.005 52.734 29.460 43.212 109.990 62.747 0.000 0.000 7.308 28.279 65.259 48.251
3.008 2.984 2.923 2.810 2.816 0.000 12.882 28.869 4.856 1.830 2.754 2.669 2.605 2.555 1.571 24.547 26.505 0.475 2.298 3.253 0.148 0.000 21.186 16.193 3.145 1.063 18.946 37.884 21.823 1.654 1.444 2.333 5.286 9.264 0.000 0.000 0.000 0.000 0.000 0.000 0.000 0.000 0.000 0.000 24.488 81.514 90.338 90.192 81.762 82.477 82.280 82.158 82.030 81.902 81.772 80.640 65.505 67.365 87.218 106.063 104.896 109.714 114.510 101.275 98.991 85.640 34.268 31.949 107.682 71.456 9.257 1.708 65.339 98.274 117.251 98.245
3.044 3.014 2.978 2.947 2.944 2.969 2.944 13.930 28.932 4.946 1.895 2.712 2.668 0.807 8.808 29.715 9.626 1.664 3.359 1.306 0.000 0.000 9.265 10.253 16.217 15.170 23.077 22.014 2.972 0.865 2.401 5.342 10.296 10.277 0.000 0.000 0.000 0.000 0.000 0.000 0.000 0.000 0.000 0.000 32.890 86.839 90.490 81.252 82.798 82.454 82.347 82.216 82.088 81.960 81.831 81.700 67.566 63.428 84.283 85.130 84.966 87.787 87.586 86.350 91.044 63.569 39.024 53.635 68.335 7.141 0.000 0.000 9.241 35.229 57.228 39.235
3.111 5.050 5.028 3.056 3.044 3.020 2.998 2.977 13.998 29.079 5.120 0.175 0.168 17.094 28.992 22.879 0.082 3.033 0.000 0.000 0.000 0.000 2.368 2.343 8.301 25.247 25.180 18.126 11.103 3.123 0.000 0.000 24.284 4.276 0.000 0.000 0.000 0.000 0.000 0.000 0.000 0.000 0.000 0.000 6.879 90.817 90.649 82.116 82.714 82.534 82.404 82.276 82.148 82.021 81.894 82.765 77.633 67.497 62.356 61.208 61.051 60.883 60.699 64.495 38.269 0.000 6.627 62.232 57.884 18.634 0.000 0.000 8.157 54.174 32.200 0.000
4.240 0.000 0.000 3.207 2.232 1.258 1.271 0.315 0.309 13.255 28.276 21.332 28.320 30.240 17.188 1.195 8.223 8.170 0.000 0.000 0.000 6.622 2.510 4.457 28.400 35.339 13.271 4.208 11.193 18.188 6.186 0.000 0.000 2.271 0.000 0.000 0.000 0.000 0.000 0.000 0.000 0.000 0.000 0.000 0.151 90.986 87.528 83.052 82.710 82.595 82.462 82.334 82.208 82.084 81.959 81.833 82.705 81.573 79.438 78.297 78.150 78.995 80.832 54.663 0.000 0.000 0.000 46.783 77.336 67.878 40.279 16.041 33.058 36.115 0.000 0.000
3.370 2.408 0.000 2.389 13.410 17.455 21.479 26.496 29.474 30.408 30.397 30.405 16.393 3.358 19.330 36.333 37.294 37.256 30.244 8.215 0.000 3.735 1.663 10.567 38.504 25.439 2.365 1.320 3.277 6.251 0.000 0.000 0.000 0.000 0.000 0.000 0.000 0.000 0.000 0.000 0.000 0.000 0.000 0.000 0.000 91.108 91.480 86.956 82.782 82.647 82.518 82.392 82.269 82.147 82.026 81.904 81.780 81.655 81.526 81.394 82.257 85.117 56.974 0.000 0.000 0.000 0.000 0.000 46.800 77.266 67.920 43.788 20.922 0.000 0.000 0.000
3.463 5.447 1.481 3.500 18.514 17.534 13.546 9.546 8.526 4.506 25.500 15.500 26.490 17.469 33.443 29.415 22.367 23.316 34.263 40.187 29.062 29.896 21.801 29.693 37.614 10.548 1.468 2.409 2.369 1.369 1.393 3.402 0.000 0.000 0.000 0.000 0.000 0.000 0.000 0.000 0.000 0.000 62.500 59.823 91.197 91.163 85.362 86.030 82.823 82.697 82.570 82.448 82.329 82.211 82.094 81.978 81.860 81.740 81.619 83.495 88.370 57.243 0.000 0.000 0.000 0.000 0.000 0.000 0.000 37.469 72.348 22.272 0.000 0.000 0.000 0.000
5.572 0.000 0.614 3.607 3.612 3.621 2.626 3.618 5.578 3.592 15.598 10.605 19.601 30.585 18.559 3.520 4.444 5.379 6.305 11.209 24.106 33.987 39.883 37.790 26.711 2.634 2.531 2.455 2.419 2.412 3.411 26.409 0.000 0.000 0.000 0.000 0.000 0.000 0.000 0.000 0.000 0.000 82.664 84.986 91.215 83.788 83.319 82.978 82.870 82.741 82.620 82.503 82.388 82.276 82.164 82.053 81.942 81.829 83.715 68.600 22.484 0.000 0.000 0.000 0.000 0.000 0.000 0.000 0.000 7.795 69.734 21.682 0.000 0.000 0.000 0.000
6.682 0.000 0.721 3.707 3.708 3.714 3.720 4.722 0.000 2.686 6.696 17.723 17.724 25.711 30.689 16.661 1.635 1.602 1.532 3.241 5.167 6.063 6.957 6.876 5.808 4.747 0.641 0.543 1.450 2.434 13.425 27.416 0.000 0.000 0.000 0.000 0.000 0.000 0.000 0.000 0.000 0.000 81.851 91.231 91.221 82.603 83.200 83.025 82.902 82.783 82.667 82.555 82.446 82.340 82.235 82.131 82.026 81.920 86.813 42.706 0.000 0.000 0.000 0.000 0.000 0.000 0.000 0.000 0.000 10.185 70.114 29.042 0.000 0.000 0.000 0.000
3.794 2.835 3.834 3.805 3.800 3.807 3.818 5.830 0.000 1.874 1.873 23.867 36.861 19.848 5.826 20.800 29.799 21.809 10.831 0.750 1.566 1.456 3.008 2.949 2.900 11.814 24.698 23.592 11.494 5.455 22.441 0.000 0.000 0.000 0.000 0.000 0.000 0.000 0.000 0.000 0.000 63.682 83.994 91.243 81.932 84.481 88.156 83.054 82.934 82.820 82.711 82.606 82.504 82.404 82.306 82.209 82.113 84.014 59.913 0.000 0.000 0.000 0.000 0.000 0.000 0.000 0.000 0.000 0.000 6.648 69.496 51.334 0.000 0.000 0.000 0.000
3.864 3.877 3.881 3.878 3.883 3.896 3.917 3.950 2.024 10.026 25.027 40.011 36.006 4.995 3.967 3.913 7.864 18.881 24.972 30.006 20.924 10.848 0.625 1.311 2.171 2.013 0.000 0.000 12.466 22.452 22.444 0.000 0.000 0.000 0.000 0.000 0.000 0.000 0.000 0.000 5.693 79.869 83.163 91.259 82.826 84.343 85.190 83.073 82.961 82.855 82.752 82.654 82.559 82.467 82.377 82.289 85.205 64.109 0.000 0.000 0.000 0.000 0.000 0.000 0.000 0.000 0.000 0.000 0.000 4.267 65.889 65.465 32.868 0.000 0.000 0.000
39.923 39.929 36.936 23.944 14.957 6.977 4.005 6.042 25.089 39.115 41.134 29.146 9.158 4.160 4.134 7.023 0.000 0.000 5.169 6.158 16.043 24.916 29.784 20.634 9.523 0.000 0.000 0.000 5.452 29.446 3.440 0.000 0.000 0.000 0.000 0.000 0.000 0.000 0.000 0.000 15.773 80.032 91.299 91.277 82.676 83.383 83.196 83.091 82.985 82.885 82.791 82.700 82.613 82.529 82.446 85.365 66.311 0.000 0.000 0.000 0.000 0.000 0.000 0.000 0.000 0.000 0.000 10.819 0.000 0.000 30.330 69.774 48.273 20.660 17.249 38.928
25.977 25.982 31.992 39.005 40.025 40.052 38.086 40.126 41.171 29.210 14.247 5.283 4.320 4.356 5.385 0.000 0.000 0.000 2.564 11.416 4.174 4.992 8.820 19.686 29.604 30.603 0.000 0.000 22.446 23.441 0.234 0.000 0.000 0.000 0.000 0.000 0.000 0.000 0.000 0.000 17.922 81.273 91.324 84.083 85.630 85.300 85.210 85.102 85.004 84.912 84.826 84.744 84.666 84.590 86.514 70.416 2.363 0.000 0.000 0.000 0.000 0.000 0.000 0.000 0.000 0.576 47.726 56.822 37.896 0.000 0.000 69.031 55.793 34.460 35.161 31.896
4.025 4.031 3.043 10.061 33.087 40.120 34.160 24.207 13.258 5.310 4.363 4.419 4.483 4.560 4.667 2.907 7.006 0.000 4.108 3.094 1.064 1.332 0.000 0.000 0.000 0.000 0.000 0.000 0.000 0.000 0.204 0.976 0.000 0.000 0.000 0.000 0.000 0.000 0.000 0.000 57.059 91.388 91.354 63.867 60.477 60.312 60.206 60.108 61.018 60.935 60.857 60.784 60.716 62.654 53.604 0.521 0.000 0.000 0.000 0.000 0.000 0.000 0.000 0.000 45.273 38.370 40.648 72.851 68.973 25.069 0.000 57.527 58.412 35.231 32.042 34.856
