results2_8e4_norain/res_4e8_norain-0024.wd
ncols         241
nrows         181
xllcorner     12693529.787448
yllcorner     3542525.717860
cellsize      155.156523
NODATA_value  -9999.000000
[rows 132 to 164 of 181, columns 0 to 74 of 241]
54.165 59.166 63.168 63.172 65.176 65.182 59.189 50.197 36.206 25.217 24.230 25.244 24.260 23.278 28.298 42.321 53.346 58.375 58.406 55.440 47.477 38.519 29.565 23.620 28.696 30.761 29.823 30.890 28.938 23.975 38.010 61.044 28.085 0.000 0.000 0.000 0.000 20.767 32.773 29.796 31.811 37.822 55.830 41.835 25.837 24.838 24.837 36.835 57.834 0.000 0.000 0.000 0.000 0.000 0.000 0.000 0.000 0.000 0.000 0.000 0.000 0.000 0.000 0.000 0.000 0.000 0.000 39.943 62.825 66.727 66.613 76.692 104.150 94.485 94.427
32.201 34.202 37.204 43.208 53.212 59.218 64.225 64.233 57.243 43.253 32.266 26.280 30.296 37.314 50.335 65.358 64.384 61.412 61.443 64.477 64.514 60.554 48.599 36.650 28.708 23.765 24.820 23.873 24.917 32.953 54.982 63.002 0.000 0.000 0.000 0.000 0.000 6.762 24.758 33.765 34.785 31.802 32.813 42.819 37.822 30.824 34.825 42.825 55.824 0.000 0.000 0.000 0.000 0.000 0.000 0.000 0.000 0.000 0.000 0.000 0.000 0.000 0.000 0.000 0.000 0.000 47.186 69.060 64.928 73.891 64.946 104.296 93.046 94.538 99.777
24.237 24.238 24.240 26.244 31.249 35.254 42.261 51.269 59.279 62.289 56.301 54.315 56.332 59.350 58.371 51.394 42.420 40.449 40.479 45.512 51.548 58.586 61.628 60.674 49.723 39.772 34.820 32.865 41.905 57.938 58.965 44.981 0.000 0.000 0.000 0.000 0.000 0.000 7.733 34.723 13.765 1.789 16.801 31.807 46.810 50.813 52.814 53.815 49.815 0.000 0.000 0.000 0.000 0.000 0.000 0.000 0.000 0.000 0.000 0.000 0.000 0.000 31.709 1.674 67.566 89.468 122.284 78.225 73.258 54.199 90.251 94.729 94.615 103.363 92.870
25.273 25.274 25.277 25.280 24.285 23.291 25.298 30.306 36.315 46.325 56.337 58.350 51.366 41.384 35.406 27.430 23.456 23.484 23.514 25.546 30.580 36.616 43.655 55.696 60.739 62.782 61.824 57.864 60.900 53.932 35.958 27.979 6.992 0.000 0.000 0.000 0.000 0.000 0.624 33.629 0.000 0.000 9.796 34.798 53.801 61.804 47.806 50.807 36.808 0.000 0.000 0.000 0.000 0.000 0.000 0.000 0.000 0.000 0.000 0.000 0.000 18.740 37.740 110.700 139.616 122.478 106.007 104.928 96.583 95.226 95.071 94.907 60.137 105.042 96.623
25.310 25.311 25.313 25.317 25.322 25.328 25.334 24.342 24.351 27.360 33.371 32.384 28.399 24.417 24.439 24.464 25.491 25.519 25.548 25.579 24.611 23.645 25.681 31.718 38.756 47.795 55.832 51.868 40.902 28.933 24.960 29.984 38.006 14.029 0.000 0.000 0.000 0.000 15.447 36.537 0.000 0.000 28.789 60.791 62.793 41.796 44.800 43.802 31.802 20.801 0.000 0.000 0.000 0.000 0.000 0.000 0.000 0.000 0.000 0.000 0.000 0.023 62.812 68.741 64.722 65.867 63.828 95.637 95.508 95.372 62.539 65.302 67.158 68.812 18.770
25.347 25.348 25.350 25.354 25.359 25.365 25.371 25.379 25.387 25.396 24.406 24.417 24.430 25.447 25.470 25.497 25.525 25.554 25.582 25.612 25.642 25.674 25.706 24.740 23.775 24.809 28.843 26.876 25.908 29.938 32.966 31.993 30.021 32.053 32.098 29.140 29.185 33.243 8.344 0.000 0.000 1.778 46.782 60.784 40.787 33.790 32.796 12.799 8.800 0.000 0.000 0.000 0.000 0.000 0.000 0.000 0.000 10.502 25.483 0.000 9.168 72.062 78.990 77.041 75.014 76.084 95.879 95.761 76.835 83.611 76.447 82.205 74.032 52.958 0.000
25.383 25.385 25.387 25.391 25.396 25.402 25.409 25.417 25.424 25.432 25.440 25.449 25.459 25.474 25.498 25.531 25.561 25.590 25.617 24.645 31.673 33.702 25.732 24.763 23.794 24.825 26.856 29.887 32.917 31.946 26.974 28.003 35.033 38.065 34.102 28.139 25.173 34.201 0.000 0.000 0.000 41.776 50.777 37.779 29.780 49.782 0.000 0.000 0.000 0.000 0.000 0.000 0.000 0.000 0.000 0.000 20.565 62.521 91.467 52.370 85.205 93.346 90.281 89.356 96.213 96.106 95.995 88.950 90.809 90.494 89.340 88.257 6.158 0.000 0.000
25.420 25.422 25.424 25.428 25.434 25.440 25.447 25.455 25.463 25.470 28.476 28.480 26.485 30.492 28.519 25.568 25.601 25.628 24.654 22.679 33.705 41.732 27.759 24.787 26.815 29.843 31.871 30.900 27.928 29.956 34.984 37.013 38.043 38.075 33.108 27.140 36.169 55.189 0.000 0.000 0.000 15.774 38.773 35.774 39.776 59.777 0.000 0.000 0.000 0.000 0.000 0.000 0.000 0.000 0.000 18.663 70.612 86.550 89.466 94.441 91.577 88.555 96.510 96.415 96.317 88.306 89.074 89.929 89.596 89.555 82.474 59.366 0.000 0.000 0.000
25.457 25.458 25.461 25.466 25.472 25.479 25.487 25.495 25.503 26.509 33.513 33.513 10.509 0.000 0.000 29.624 23.647 26.670 32.691 35.713 35.737 31.762 27.786 28.811 31.836 30.862 29.888 31.914 35.940 35.967 37.995 37.023 28.053 23.084 25.115 38.147 57.176 67.198 0.000 0.000 0.000 0.000 46.768 48.772 55.773 54.773 0.000 0.000 0.000 0.000 0.000 0.000 0.000 0.000 22.774 66.723 88.636 91.641 90.715 90.703 89.780 96.691 96.602 88.552 89.336 90.179 89.951 89.793 89.737 81.659 73.610 0.000 0.000 0.000 0.000
25.494 25.495 25.498 25.502 25.509 25.518 25.528 25.537 25.546 27.553 36.556 47.553 23.530 0.000 0.000 14.658 40.693 32.714 30.730 30.746 28.770 27.793 29.815 31.837 29.859 25.882 27.905 39.929 41.954 31.979 26.006 23.034 23.063 28.093 42.125 58.157 55.192 39.230 11.276 0.000 0.000 17.721 46.760 28.772 19.772 11.772 0.000 0.000 0.000 0.000 0.000 0.000 0.000 15.891 66.832 88.734 90.916 89.902 90.001 96.951 96.867 96.780 88.639 90.499 90.199 90.058 89.990 89.903 83.815 70.742 60.699 0.000 0.000 0.000 0.000
25.531 25.532 25.534 25.539 25.547 25.558 25.569 25.581 25.592 27.601 37.608 24.612 0.000 0.000 0.000 0.000 36.757 28.763 30.770 29.774 27.806 30.826 31.845 28.864 25.883 21.902 31.923 45.944 32.967 22.992 24.018 29.045 39.073 50.102 61.134 54.167 32.206 27.254 46.324 53.442 54.561 58.684 33.780 0.240 0.000 0.000 0.000 0.000 0.000 0.000 0.000 0.000 21.001 66.929 88.931 91.104 90.122 97.189 97.112 97.033 88.948 89.727 90.594 90.279 90.249 90.175 90.087 90.982 78.890 49.792 38.746 0.000 0.000 0.000 0.000
24.569 24.568 25.568 25.573 25.583 25.598 25.613 25.627 25.640 28.652 38.665 9.676 0.000 0.000 6.846 8.839 25.815 27.813 15.816 0.000 35.853 30.863 26.877 25.892 23.907 25.923 41.941 44.959 26.981 30.004 42.029 51.056 60.083 58.111 46.141 32.174 25.212 41.259 45.325 33.441 14.559 12.676 1.434 0.275 0.000 0.000 0.000 10.221 5.221 0.000 0.000 15.093 67.106 90.197 91.213 89.318 97.338 97.264 89.151 89.943 90.798 90.590 90.452 90.413 90.346 90.282 93.199 57.050 36.970 0.000 0.000 0.000 0.000 0.000 0.000
33.609 31.606 28.599 26.602 23.616 23.640 23.659 23.675 22.690 27.706 39.724 22.752 3.808 11.840 29.854 25.857 22.854 28.857 23.867 10.892 30.892 24.899 23.909 23.920 25.932 39.945 47.958 13.974 5.993 56.016 61.041 56.067 45.094 35.120 27.148 23.177 34.210 46.245 14.277 0.000 0.000 0.000 0.725 0.841 0.000 0.000 2.212 30.222 14.221 0.000 0.000 47.345 89.383 88.504 97.558 97.486 97.412 89.213 91.076 90.788 90.664 90.617 92.558 87.491 89.447 90.408 101.378 0.000 0.000 0.000 0.000 0.000 0.000 0.000 0.000
34.654 36.647 42.622 43.621 43.641 40.687 41.710 40.726 39.741 39.757 41.776 24.801 28.833 27.858 24.875 27.884 27.889 26.895 31.905 33.917 27.924 21.932 23.940 25.949 39.958 44.966 33.975 27.987 37.003 60.026 43.053 34.081 26.106 24.129 26.153 25.178 39.206 48.237 12.261 0.000 0.000 0.000 2.515 0.813 3.012 9.134 11.203 4.232 0.000 0.000 25.555 67.612 97.765 97.698 97.629 89.488 90.271 91.145 90.839 90.820 91.761 91.698 64.638 42.557 77.541 91.526 96.528 36.583 0.000 0.000 0.000 0.000 0.000 0.000 0.000
27.708 21.707 0.000 0.000 0.000 32.759 29.768 29.780 29.792 33.807 42.824 23.844 24.867 23.888 26.903 30.915 31.924 29.932 28.941 31.950 32.958 29.965 23.973 40.980 46.986 37.989 43.990 60.996 58.008 40.033 28.065 24.098 26.120 26.140 25.158 30.178 46.202 48.236 40.271 43.289 14.293 0.000 0.000 0.000 8.134 15.185 5.235 2.271 0.000 20.613 68.743 97.898 97.832 89.670 90.456 91.317 91.116 90.987 90.956 91.893 89.836 83.777 8.741 0.000 59.636 94.626 91.625 90.639 0.000 0.000 0.000 0.000 0.000 0.000 0.000
25.765 17.767 0.000 0.000 0.000 28.822 24.827 24.834 24.843 28.855 42.869 20.886 24.905 28.923 30.938 31.950 28.960 25.969 23.977 25.986 35.993 49.000 44.007 45.013 22.017 16.016 68.001 54.000 21.003 0.000 1.095 29.127 26.140 26.152 28.162 21.176 5.188 0.000 7.300 47.305 23.298 0.000 0.000 0.000 4.204 9.238 3.283 8.341 8.537 46.758 97.998 88.898 92.614 91.491 91.292 91.168 91.129 91.077 92.021 91.969 56.913 32.833 18.808 21.798 72.742 93.717 89.708 80.708 0.000 0.000 0.000 0.000 0.000 0.000 0.000
25.821 25.831 8.859 0.000 0.000 29.882 25.884 25.887 24.893 25.901 40.913 27.928 30.945 32.962 31.977 26.989 23.999 25.008 25.016 24.023 34.030 57.037 53.044 40.050 33.054 24.057 0.002 0.000 0.000 0.000 0.000 31.158 26.163 28.167 11.164 0.000 0.000 0.000 9.326 26.332 0.000 0.000 0.000 4.238 11.239 7.283 1.344 0.000 0.966 46.172 98.121 91.788 91.523 91.331 91.300 91.249 91.193 91.140 89.091 80.048 13.016 0.000 29.861 88.846 93.816 91.794 85.782 75.778 0.000 0.000 0.000 0.000 0.000 0.000 0.000
22.869 24.877 21.889 0.000 0.000 29.942 24.940 22.940 24.942 28.946 32.954 31.968 31.987 30.005 24.019 25.031 25.041 26.049 26.056 31.063 49.069 48.076 41.082 50.089 48.096 19.102 0.000 0.000 0.000 0.000 0.000 31.186 26.188 29.191 0.177 0.000 0.000 22.333 42.347 11.367 0.000 0.000 0.000 0.000 3.230 3.344 3.511 0.978 1.348 98.464 98.294 90.714 91.527 91.411 91.361 91.306 91.253 93.202 78.155 61.115 21.087 0.000 44.929 74.908 83.882 92.861 81.848 70.843 0.000 0.000 0.000 0.000 0.000 0.000 0.000
29.910 27.919 16.933 0.000 16.028 24.004 25.996 29.992 30.989 31.987 29.990 31.006 29.032 25.052 25.066 26.077 26.085 25.092 27.098 50.104 49.109 31.115 44.122 42.130 46.139 44.154 7.182 0.000 0.000 2.233 7.227 27.213 26.212 26.221 21.244 13.265 30.288 29.321 23.363 45.424 0.000 0.000 0.000 0.000 2.010 0.514 1.802 26.121 50.473 98.592 93.100 92.786 92.509 91.476 91.419 91.364 92.312 90.261 45.213 22.170 34.131 35.093 89.018 90.975 70.943 80.920 75.906 48.904 13.925 0.000 0.000 0.000 0.000 0.000 0.000
30.944 31.959 28.990 17.039 31.053 31.052 31.050 32.045 32.037 33.024 45.016 27.035 25.084 25.105 26.118 26.126 26.132 27.137 41.142 52.146 27.150 31.156 58.162 50.170 38.179 41.193 44.212 28.235 33.243 48.240 41.235 29.229 22.229 22.236 33.250 49.264 36.280 8.300 0.000 35.542 24.661 0.522 4.437 9.523 5.613 0.000 0.087 41.222 93.478 98.683 90.072 92.684 93.591 91.533 91.477 91.421 84.368 74.316 31.267 2.220 11.175 12.129 73.076 115.032 95.997 71.970 63.952 42.944 51.945 4.945 0.000 0.000 0.000 15.744 57.744
35.964 35.985 32.032 32.074 32.096 33.103 33.106 29.103 26.092 25.058 0.000 0.000 29.164 26.170 26.175 26.179 25.182 28.185 52.187 38.189 23.192 29.196 46.202 63.209 58.217 55.227 53.239 49.251 45.255 44.252 52.245 49.240 43.241 39.247 42.255 46.263 8.269 0.000 0.000 0.000 0.000 0.000 5.473 15.517 11.565 2.565 0.000 40.389 98.864 98.774 92.977 94.778 91.645 91.592 92.533 88.477 72.423 65.370 71.319 77.269 61.221 83.173 98.124 115.080 124.042 108.011 69.988 74.974 49.968 0.000 0.000 0.000 0.000 0.000 6.745
0.000 0.000 36.081 31.132 31.152 26.161 23.168 25.172 20.172 0.000 0.000 0.000 30.239 26.236 26.235 26.235 26.234 44.234 51.233 24.232 26.233 26.236 29.242 35.248 37.255 37.262 33.269 36.274 52.276 45.271 36.254 39.247 46.248 50.258 53.262 50.265 25.267 0.000 0.000 0.000 0.000 0.000 0.329 9.507 0.000 0.000 10.325 70.556 98.955 90.372 94.032 93.750 91.711 91.647 92.589 87.531 74.476 40.422 47.369 90.318 101.267 133.217 124.168 96.122 84.081 101.045 80.016 73.996 48.985 0.000 0.000 0.000 0.000 0.000 11.746
0.000 0.000 0.000 40.220 25.223 23.223 25.234 25.245 26.253 0.000 0.000 19.355 27.318 26.303 26.296 26.291 28.288 52.284 37.280 23.276 26.274 26.276 26.282 25.288 25.293 25.298 24.301 31.304 60.304 39.302 0.000 0.000 0.000 41.276 51.271 35.269 40.267 27.266 0.000 0.000 0.000 0.000 4.939 0.000 0.000 0.000 28.504 99.143 99.048 93.243 94.940 90.826 91.764 91.702 91.642 91.584 78.528 41.472 56.418 93.365 89.313 123.261 118.210 87.160 92.114 78.072 59.036 77.008 54.992 0.000 0.000 0.000 0.000 0.000 10.747
24.486 20.483 0.000 32.306 42.297 43.274 24.303 36.321 43.344 19.393 17.408 27.393 26.375 26.363 26.355 26.349 45.343 49.336 24.328 26.319 25.313 24.313 26.322 26.329 26.334 26.336 25.336 33.336 62.335 43.334 0.000 0.000 13.317 38.299 51.280 30.272 20.269 0.000 0.000 0.000 0.000 6.922 10.928 0.000 0.000 7.486 69.698 99.238 90.553 94.206 93.929 91.883 91.817 91.755 91.695 92.636 83.578 72.522 95.467 120.412 108.358 125.304 122.250 116.196 123.143 89.092 66.047 76.010 83.982 12.960 0.000 0.000 0.000 0.000 11.748
26.491 25.481 20.455 26.403 25.387 0.000 47.386 39.394 26.408 27.430 27.439 26.436 26.429 26.421 26.414 29.407 52.399 35.390 25.377 26.362 32.348 40.342 26.367 24.375 26.377 25.376 28.374 52.371 60.367 35.365 23.368 11.356 33.336 32.325 0.000 0.000 0.000 0.000 0.000 0.000 0.000 0.000 0.000 0.000 10.696 67.752 89.876 99.335 91.501 92.100 91.999 91.933 91.869 91.806 91.746 92.686 83.628 66.571 62.515 95.459 85.403 99.347 102.290 90.231 92.170 64.108 41.050 55.003 121.967 74.938 9.912 0.000 21.766 42.757 79.751
26.506 26.497 26.482 26.465 26.462 20.482 36.462 52.461 28.468 25.478 26.485 26.486 26.483 26.479 25.474 48.468 50.460 24.448 26.431 27.404 24.375 0.000 45.430 40.429 27.425 25.420 43.414 62.407 46.400 26.393 26.383 27.366 30.349 34.340 0.000 0.000 0.000 0.000 0.000 0.000 0.000 0.000 0.000 0.000 33.902 90.976 99.533 99.433 91.399 92.183 92.044 91.984 91.919 91.856 91.795 90.736 75.677 77.620 97.563 116.506 115.449 120.392 125.332 112.269 110.199 97.118 46.042 43.986 119.946 83.915 21.885 14.830 79.775 112.756 131.749
26.531 26.521 26.513 26.514 26.517 26.523 26.520 37.521 52.526 28.532 25.537 26.540 26.540 24.539 32.536 53.531 33.525 25.515 27.495 25.449 0.000 0.000 33.494 34.486 40.476 39.466 47.455 46.445 27.435 25.424 27.409 30.376 35.355 35.347 0.000 0.000 0.000 0.000 0.000 0.000 0.000 0.000 0.000 0.000 42.341 96.276 99.634 90.800 92.433 92.147 92.101 92.032 91.967 91.905 91.844 91.784 77.726 73.668 94.611 95.554 95.496 98.438 98.378 97.314 102.240 75.124 51.015 65.954 80.914 19.890 0.000 0.000 23.748 49.744 71.742
26.568 28.542 28.538 26.561 26.569 26.574 26.575 26.578 37.583 52.589 28.594 23.598 23.600 40.601 52.600 46.599 23.596 26.592 22.586 0.000 0.000 19.607 26.568 26.546 32.529 49.513 49.498 42.484 35.471 27.461 14.452 0.000 49.349 29.347 0.000 0.000 0.000 0.000 0.000 0.000 0.000 0.000 0.000 0.000 16.184 99.845 99.738 91.654 92.333 92.213 92.145 92.078 92.014 91.952 91.891 92.832 87.774 77.716 72.659 71.602 71.545 71.487 71.428 75.368 49.324 0.000 18.938 74.903 70.867 31.840 0.000 0.000 22.727 68.728 46.730
27.633 0.000 0.000 26.624 25.626 24.629 24.631 23.635 23.640 36.647 51.654 44.659 51.663 53.666 40.667 24.668 31.669 31.671 19.674 0.000 0.000 30.647 26.626 28.604 52.582 59.561 37.541 28.523 35.508 42.496 30.489 0.000 9.347 27.346 0.000 0.000 0.000 0.000 0.000 0.000 0.000 0.000 0.000 0.000 4.428 99.952 96.974 92.594 92.312 92.260 92.189 92.123 92.059 91.997 91.937 91.879 92.822 91.765 89.708 88.651 88.593 89.536 91.480 65.406 7.365 0.000 3.895 59.854 90.811 81.765 54.706 30.688 47.703 50.713 8.722
26.700 25.721 0.000 25.685 36.685 40.686 44.688 49.691 52.697 53.706 53.716 53.723 39.729 26.733 42.736 59.739 60.743 60.751 53.766 31.806 0.000 27.708 25.688 34.662 62.635 49.608 26.583 25.560 27.542 30.528 21.521 0.000 0.000 0.000 0.000 0.000 0.000 0.000 0.000 0.000 0.000 0.000 3.524 4.807 2.012 100.043 100.899 96.477 92.370 92.298 92.230 92.164 92.102 92.041 91.982 91.925 91.869 91.813 91.757 91.700 92.642 95.586 67.548 0.488 0.000 0.000 0.000 4.806 60.758 91.702 82.665 58.656 35.686 4.700 0.000
26.746 28.744 24.766 26.748 41.743 40.743 36.744 32.747 31.751 27.767 48.781 38.791 49.798 40.803 56.807 52.811 45.816 46.823 57.834 63.847 52.844 53.792 45.756 53.723 61.690 34.656 25.624 26.595 26.572 25.555 25.547 27.550 22.549 0.000 31.530 22.529 0.000 0.000 0.000 0.000 0.000 0.000 72.345 69.574 100.142 100.101 94.781 95.545 92.400 92.336 92.268 92.204 92.142 92.083 92.026 91.971 91.916 91.862 91.807 93.750 98.690 67.620 7.584 0.000 0.000 0.000 0.000 0.000 1.693 52.622 87.596 37.585 0.000 0.000 0.000
28.796 0.000 23.806 26.801 26.799 26.799 25.801 26.801 28.794 26.832 38.850 33.862 42.870 53.875 41.879 26.882 27.887 28.894 29.903 34.905 47.893 57.860 63.824 61.785 50.745 26.704 26.662 26.625 26.596 26.575 27.562 50.555 23.550 0.000 27.532 0.000 0.000 0.000 0.000 0.000 0.000 4.078 92.321 94.568 100.169 93.171 92.779 92.491 92.440 92.368 92.303 92.241 92.181 92.124 92.069 92.016 91.963 91.912 93.859 78.804 32.746 0.000 0.000 0.000 0.000 0.000 0.000 0.000 0.000 23.523 85.512 37.503 0.000 0.000 0.000
29.847 0.000 23.853 26.851 26.853 26.856 26.861 27.865 0.000 25.919 29.928 40.938 40.946 48.951 53.953 39.953 24.956 24.965 24.978 26.980 28.965 29.934 30.894 30.850 29.804 28.754 24.697 24.649 25.613 26.589 37.574 51.558 22.548 16.541 18.536 0.000 0.000 0.000 0.000 0.000 0.000 8.118 91.266 100.202 100.184 91.988 92.659 92.536 92.466 92.399 92.335 92.275 92.218 92.163 92.111 92.060 92.010 91.962 96.915 52.859 0.000 0.000 0.000 0.000 0.000 0.000 0.000 0.000 0.000 26.437 86.425 45.412 0.000 0.000 0.000
