results2_8e4_norain/res_4e8_norain-0025.wd
ncols         241
nrows         181
xllcorner     12693529.787448
yllcorner     3542525.717860
cellsize      155.156523
NODATA_value  -9999.000000
[rows 66 to 98 of 181, columns 75 to 149 of 241]
0.000 35.544 52.552 51.565 51.575 0.000 23.500 23.542 36.619 32.675 31.708 31.722 30.718 106.695 94.667 0.000 0.000 0.000 28.590 23.590 28.587 31.589 31.595 33.604 34.611 39.616 40.623 41.632 32.646 0.000 0.000 37.908 87.908 69.828 73.695 73.787 71.852 79.839 72.294 72.779 73.528 72.312 72.101 72.908 42.762 0.000 0.000 0.000 0.000 0.000 0.000 0.000 0.000 0.000 0.000 0.000 0.000 0.000 0.000 0.000 0.000 0.000 0.000 0.000 0.000 0.000 0.000 0.000 0.000 0.000 0.000 0.000 0.000 0.000 0.694
0.000 23.744 47.731 46.728 40.733 0.000 0.000 0.000 29.689 42.761 31.792 30.803 31.793 12.744 0.000 0.000 0.000 0.000 0.000 0.000 39.576 37.578 35.584 18.598 21.608 28.616 29.622 34.628 25.637 0.000 0.000 0.000 48.129 66.049 72.998 73.103 80.258 80.057 72.365 73.059 72.778 72.577 72.375 67.195 25.068 0.000 0.000 22.243 0.000 0.000 0.000 0.000 0.000 0.000 0.000 0.000 0.000 0.000 0.000 0.000 0.000 0.000 0.000 0.000 0.000 0.000 0.000 0.000 0.000 0.000 0.000 0.000 0.000 1.638 0.467
37.104 34.958 48.901 41.883 42.896 39.961 0.000 0.000 0.000 44.888 39.897 34.905 36.908 0.000 0.000 0.000 0.000 0.000 0.000 0.000 38.563 34.564 25.566 0.000 0.000 26.618 38.620 37.623 0.000 0.000 0.000 50.614 42.428 46.282 53.380 68.460 80.444 72.096 73.655 73.226 73.043 72.833 70.627 53.430 32.248 38.246 36.245 17.244 0.000 0.000 0.000 0.000 0.303 0.000 0.000 0.000 0.000 0.000 0.000 0.000 0.000 0.000 0.000 0.000 0.000 0.000 0.000 0.000 0.000 0.000 0.000 0.000 0.000 0.432 0.234
35.161 46.083 40.033 33.009 52.008 41.027 0.000 0.000 0.000 37.006 53.006 48.011 48.028 51.080 0.000 0.000 0.000 0.000 0.000 0.000 36.549 27.550 30.550 0.000 0.000 0.000 74.620 101.621 16.620 0.000 49.953 44.802 44.659 44.590 40.696 80.783 80.619 73.141 76.750 73.502 73.299 73.091 64.870 17.650 0.000 40.245 18.245 0.000 0.000 0.000 1.030 0.217 0.041 0.000 0.000 0.000 3.587 1.584 0.000 0.000 0.000 0.000 0.000 0.000 0.455 0.206 0.000 0.000 0.000 0.000 0.000 0.000 0.000 0.438 1.218
47.231 39.180 31.140 31.113 44.102 52.112 48.164 51.190 53.181 48.126 43.109 45.107 34.115 33.132 0.000 0.000 0.000 0.000 41.525 40.528 28.535 30.537 31.536 35.529 34.526 0.000 0.000 0.000 0.000 0.000 56.104 48.984 43.850 44.968 43.040 80.928 42.752 50.344 64.945 72.770 73.561 71.359 30.115 0.000 0.000 0.000 0.000 0.000 0.000 5.248 0.074 0.101 0.075 0.066 0.181 3.611 2.598 2.591 0.006 0.000 0.000 0.000 0.000 0.000 0.000 0.218 7.440 0.000 0.000 0.000 0.000 0.000 0.000 0.000 0.000
38.305 31.267 32.233 32.203 34.174 18.158 44.190 42.226 34.228 31.209 30.197 46.193 48.196 35.201 0.000 0.000 0.000 41.521 37.522 34.524 27.527 31.529 31.528 31.525 31.523 0.000 1.706 2.706 4.707 72.611 69.380 58.141 57.148 46.180 81.180 81.062 44.803 51.455 46.235 53.042 71.818 46.671 0.000 0.000 0.000 0.000 0.000 0.000 0.000 5.256 0.242 0.283 0.233 0.189 0.256 3.624 2.610 1.601 0.039 1.208 0.000 0.000 0.000 0.000 0.000 0.669 2.478 0.000 0.000 0.000 0.000 0.000 0.000 0.000 0.000
31.380 32.352 32.324 33.292 14.233 0.000 1.244 29.296 32.296 32.285 32.278 30.274 54.274 38.276 0.000 0.000 0.000 18.520 35.520 29.521 30.522 31.523 31.523 31.521 31.520 42.519 0.000 0.000 11.804 64.746 74.656 0.000 78.320 68.549 81.279 43.370 57.018 53.665 43.538 40.345 36.999 21.835 0.000 0.000 0.000 0.000 0.000 0.000 0.000 1.274 0.444 0.452 0.419 0.273 0.193 0.213 0.353 0.230 0.162 0.349 0.000 0.000 0.000 0.000 0.000 13.451 0.000 0.000 0.000 0.000 0.000 0.000 0.000 0.000 0.000
32.456 32.437 32.421 35.410 0.000 0.000 0.000 27.390 32.378 34.359 32.355 31.353 49.353 45.353 0.000 0.000 0.000 0.000 26.518 29.518 31.519 31.519 31.519 31.519 33.518 19.518 0.000 0.000 61.960 64.914 75.846 81.760 75.765 73.775 81.359 64.419 67.126 51.970 44.877 37.805 0.000 0.000 0.000 0.000 0.000 0.000 0.000 0.000 0.000 0.000 3.787 0.613 0.566 0.505 0.395 0.267 0.105 0.118 0.379 0.005 0.000 0.000 0.000 0.000 7.684 7.567 0.000 0.000 0.000 0.000 0.000 0.000 0.000 0.000 0.000
32.532 32.520 32.512 32.519 36.564 37.574 37.556 33.498 33.466 13.418 30.431 31.432 47.431 46.430 0.000 0.000 0.000 0.000 25.516 31.516 31.516 31.516 31.516 31.516 19.517 0.000 0.000 0.000 67.162 73.106 76.024 75.977 75.023 81.463 73.898 76.621 71.311 56.254 46.195 45.192 45.326 0.000 0.000 0.000 0.000 0.000 0.000 0.000 0.000 0.000 18.834 0.000 0.660 0.636 0.615 1.619 0.388 0.138 0.042 0.019 0.001 0.000 0.000 0.000 11.804 0.000 0.000 0.000 0.000 0.000 0.000 0.000 0.000 0.000 0.000
32.607 32.598 32.591 32.590 32.600 32.603 32.597 32.582 36.572 0.000 23.518 32.515 48.511 43.508 0.000 0.000 0.000 0.000 30.514 33.514 33.514 33.515 31.515 34.515 0.000 0.000 0.000 59.568 65.421 76.325 76.207 76.313 74.345 81.672 75.036 79.683 75.575 76.510 64.461 52.441 41.461 36.460 38.460 0.000 0.000 0.000 0.000 3.922 4.922 2.923 8.881 18.877 0.779 1.718 10.689 17.665 0.000 0.166 0.133 0.087 0.023 0.000 0.000 15.051 8.926 0.000 0.000 0.000 0.000 0.000 0.000 0.000 0.000 0.000 0.000
32.684 32.676 32.664 32.651 32.644 35.641 33.647 32.662 36.667 0.000 23.608 32.600 49.590 41.583 0.000 0.000 0.000 0.000 3.514 13.514 12.514 12.514 33.513 18.514 0.000 0.000 0.000 61.716 71.630 76.534 76.491 75.591 82.376 82.049 76.106 76.950 75.807 75.751 76.696 67.653 32.616 0.000 0.000 0.000 0.000 0.000 0.000 0.000 0.079 1.161 0.386 6.892 20.820 3.747 1.697 11.676 0.000 0.227 0.181 0.132 0.056 0.005 1.391 13.178 0.023 0.004 0.000 0.000 0.000 0.000 0.000 0.000 0.000 0.000 0.000
32.764 32.757 32.739 35.706 37.684 9.672 30.690 33.752 35.769 0.000 26.707 31.688 43.666 41.653 0.000 0.000 0.000 0.000 0.000 0.000 0.000 0.000 14.513 0.000 0.000 0.000 10.090 59.950 76.850 76.733 76.850 74.936 82.667 74.700 80.404 76.096 76.049 75.982 75.922 65.856 26.736 0.000 0.000 0.000 0.000 0.000 0.000 0.000 0.000 0.799 1.763 1.349 4.831 20.743 3.685 0.610 0.502 0.314 0.211 0.168 0.000 0.333 16.859 0.000 0.000 0.000 0.000 0.000 0.000 0.000 0.000 0.000 0.000 0.000 0.000
32.852 32.851 34.830 10.751 12.717 0.000 0.000 28.888 32.889 36.897 32.827 35.779 40.735 45.711 0.000 0.000 0.000 0.000 0.000 0.000 0.000 0.000 0.000 0.000 0.000 0.000 69.229 71.148 77.056 77.018 76.142 83.179 82.933 75.765 76.476 76.345 76.274 76.209 75.154 55.114 0.000 0.000 0.000 0.000 0.000 0.000 0.000 0.000 0.000 8.121 5.082 0.915 0.504 1.703 18.628 7.527 0.000 0.228 0.175 0.000 0.771 2.633 1.077 0.000 0.000 0.000 0.000 0.000 0.000 0.000 0.000 0.000 0.000 0.000 0.000
32.949 32.967 37.980 0.000 0.000 0.000 0.000 25.023 34.003 31.976 33.925 45.868 17.783 11.746 0.000 0.000 0.000 0.000 0.000 0.000 0.000 0.000 0.000 0.000 0.000 56.582 61.450 75.357 77.245 77.381 75.484 83.402 75.270 76.940 76.631 76.569 76.493 76.427 68.371 45.333 0.000 0.000 0.000 0.000 0.000 0.000 0.000 0.000 0.000 12.208 7.208 1.209 0.000 0.661 0.617 16.418 9.288 0.181 0.907 0.000 2.868 2.751 0.000 0.000 0.000 0.000 0.000 0.000 0.000 0.000 0.000 0.000 0.000 0.000 0.000
32.050 32.089 35.144 5.256 2.311 34.319 39.281 33.180 31.125 38.079 48.030 50.985 0.000 0.000 0.000 0.000 0.000 0.000 0.000 0.000 0.000 0.000 0.000 0.000 0.000 58.714 66.637 76.547 77.543 76.588 83.809 83.612 76.300 76.999 76.858 76.778 76.703 76.635 58.571 40.515 0.000 0.000 0.000 0.000 0.000 0.000 0.000 0.000 0.000 10.296 8.333 8.397 5.438 0.000 0.186 0.263 15.163 15.030 11.896 8.759 1.165 0.059 0.000 0.000 0.000 0.000 0.000 0.000 0.000 0.000 0.000 0.000 0.000 0.000 0.000
46.147 44.195 41.250 42.316 42.357 39.367 40.344 42.291 42.239 48.187 50.132 8.058 0.000 0.000 0.000 0.000 0.000 0.000 0.000 0.000 0.000 0.000 0.000 0.000 5.056 59.924 76.829 77.745 77.703 76.939 83.990 75.778 77.448 77.132 77.065 76.982 76.908 74.839 56.764 27.639 0.000 0.000 0.000 0.000 0.000 0.000 0.000 0.000 0.000 0.954 4.431 7.474 8.479 7.472 4.455 0.331 0.000 0.000 0.000 0.000 0.000 0.000 0.000 0.000 0.000 0.000 0.000 0.000 0.000 0.000 0.000 0.000 0.000 0.000 0.000
45.241 47.294 49.349 48.400 47.436 45.449 43.437 43.402 44.354 40.300 40.253 0.000 0.000 0.000 0.000 0.000 0.000 0.000 0.000 0.000 0.000 0.000 0.000 46.281 69.189 68.095 77.013 77.912 78.050 76.165 84.158 77.869 77.470 77.343 77.257 77.178 77.108 73.050 53.008 0.000 0.000 0.000 0.000 0.000 0.000 0.000 0.000 0.000 8.544 3.489 0.320 1.839 6.533 8.483 8.455 9.434 0.411 0.000 0.000 0.000 0.000 0.000 0.000 0.000 0.000 0.000 0.000 0.000 0.000 0.000 0.000 0.000 0.000 0.000 0.000
33.335 40.394 49.450 55.501 43.538 37.557 32.553 30.527 29.477 35.404 14.328 0.000 0.000 0.000 0.000 0.000 0.000 0.000 0.000 0.000 0.000 0.000 0.000 52.373 68.324 76.258 78.186 78.167 77.311 84.449 84.310 79.885 77.687 77.524 77.445 77.366 77.298 72.243 47.211 0.000 0.000 0.000 0.000 0.000 0.000 0.000 0.000 8.656 3.598 3.542 3.485 2.375 0.000 3.472 7.449 8.421 5.397 0.000 0.000 0.000 0.000 0.000 0.000 0.000 0.000 0.000 0.000 0.000 0.000 0.000 0.000 0.000 0.000 0.000 0.000
35.431 40.496 42.559 45.615 35.660 31.688 32.694 32.675 34.624 12.514 0.000 0.000 0.000 0.000 0.000 0.000 0.000 0.000 0.000 0.000 0.000 0.000 0.000 38.513 67.478 77.427 78.345 78.492 76.620 84.575 77.435 79.104 77.782 77.714 77.624 77.544 77.473 68.416 41.381 0.000 0.000 0.000 0.000 0.000 0.000 0.000 7.777 3.713 3.652 3.595 3.541 3.494 3.503 0.387 0.000 1.397 8.374 8.359 0.000 0.000 0.000 0.000 0.000 0.000 0.000 0.000 0.000 0.000 0.000 0.000 0.000 0.000 0.000 0.000 0.000
33.529 34.603 32.675 31.742 32.799 31.841 31.861 31.855 36.831 0.000 0.000 0.000 0.000 0.000 0.000 0.000 0.000 0.000 0.000 0.000 0.000 0.000 0.000 46.688 75.650 78.598 78.594 77.747 84.800 84.692 80.430 78.128 77.980 77.888 77.799 77.714 78.635 58.566 46.517 0.000 0.000 7.233 0.000 7.044 9.006 8.938 3.842 3.767 3.703 3.644 3.592 3.548 3.519 3.482 2.435 0.000 7.351 8.346 1.344 0.000 0.000 0.000 0.000 0.000 0.000 0.000 0.000 0.000 0.000 0.000 0.000 0.000 0.000 0.000 0.000
32.628 32.713 32.797 31.879 31.954 32.016 32.055 31.056 39.014 0.000 0.000 0.000 0.000 0.000 0.000 0.000 0.000 0.000 0.000 0.000 0.000 0.000 31.019 66.902 77.837 78.757 78.926 77.047 84.895 77.884 79.555 78.237 78.159 78.061 77.968 77.877 78.788 50.694 28.606 0.000 0.000 3.233 0.000 2.082 4.037 3.966 3.885 3.812 3.747 3.688 3.634 3.586 3.544 3.497 1.301 2.365 8.335 5.330 0.000 0.000 0.000 0.000 0.000 0.000 0.000 0.000 0.000 0.000 0.000 0.000 0.000 0.000 0.000 0.000 0.000
30.728 30.824 30.923 31.023 31.123 32.216 34.287 36.299 11.156 0.000 0.000 0.000 0.000 0.000 0.000 0.000 0.000 0.000 0.000 0.000 0.000 1.259 42.135 73.068 79.002 79.027 78.088 85.055 84.981 80.873 78.578 78.426 78.329 78.231 78.135 78.041 73.944 20.819 0.000 0.000 0.000 3.234 9.234 4.190 4.095 4.003 3.919 3.850 3.786 3.726 3.670 3.619 3.574 3.525 0.254 8.294 8.294 4.311 0.000 0.000 0.000 0.000 0.000 0.000 0.000 0.000 0.000 0.000 0.000 0.000 0.000 0.000 0.000 0.000 0.000
34.826 38.933 42.047 46.169 48.300 51.439 50.579 42.699 0.000 0.000 17.647 0.000 0.000 0.000 0.000 0.000 0.000 28.388 55.397 0.000 0.000 35.356 68.285 78.225 79.174 79.150 78.411 85.116 77.313 78.999 78.680 78.601 78.499 78.400 78.302 79.206 66.130 0.000 0.000 0.000 0.000 0.000 3.280 4.324 6.150 6.031 3.941 3.881 3.822 3.760 3.700 3.647 3.609 0.405 4.185 7.219 8.236 0.000 0.000 0.000 0.000 0.000 0.000 0.000 0.000 0.000 0.000 0.000 0.000 0.000 0.000 0.000 0.000 0.000 0.000
39.918 49.035 50.164 49.307 48.470 47.660 44.894 39.218 14.807 32.274 50.648 19.920 4.066 0.000 0.000 0.000 0.000 38.380 52.406 0.000 10.514 52.465 77.420 80.384 79.292 79.561 77.577 85.164 79.302 79.017 78.866 78.769 78.669 78.569 78.465 80.352 24.241 0.000 0.000 0.000 0.000 0.000 0.074 5.678 0.000 0.000 2.931 3.914 3.860 3.792 3.723 3.661 2.619 0.309 8.130 8.160 5.197 0.000 0.000 0.000 0.000 0.000 0.000 0.000 0.000 0.000 0.000 0.000 0.000 0.000 0.000 0.000 0.000 0.000 0.000
37.003 40.127 39.267 37.427 35.614 33.839 32.118 32.474 41.929 44.368 41.752 39.047 43.212 0.000 0.000 0.000 39.244 69.347 20.440 16.529 50.564 74.567 79.558 79.513 79.714 77.735 85.227 77.712 79.430 79.115 79.039 78.939 78.840 78.741 81.639 38.495 0.000 0.000 0.000 0.000 0.000 0.000 2.191 7.031 0.000 0.000 0.348 3.983 3.912 3.825 3.739 3.656 0.382 6.987 8.036 7.097 0.000 0.000 0.000 0.000 0.000 0.000 0.000 0.000 0.000 0.000 0.000 0.000 0.000 0.000 0.000 0.000 0.000 0.000 0.000
34.076 33.204 33.350 34.520 34.721 34.965 33.265 34.633 40.066 43.517 39.945 35.303 38.525 0.000 0.000 0.000 31.141 41.323 19.481 52.582 67.647 76.684 79.701 79.745 78.934 85.636 85.369 78.713 79.445 79.301 79.207 79.110 79.011 78.918 81.854 0.000 0.000 0.000 6.090 0.000 0.000 3.326 6.326 5.282 12.333 0.000 0.603 4.117 3.981 3.857 3.752 1.464 1.989 7.913 7.931 0.007 0.000 0.000 0.000 0.000 0.000 0.000 0.000 0.000 0.000 0.000 0.000 0.000 0.000 0.000 0.000 0.000 0.000 0.000 0.000
34.136 34.263 34.410 34.582 34.787 34.036 33.344 37.727 42.188 42.691 38.208 34.697 40.060 0.000 0.000 0.000 26.858 0.000 43.579 67.671 73.757 79.827 79.822 80.156 78.243 85.869 78.146 79.861 79.548 79.476 79.379 79.281 79.177 86.067 70.004 0.000 0.000 43.091 29.090 0.000 0.000 0.000 6.475 5.438 5.384 11.239 8.938 7.365 4.039 3.871 3.755 0.364 6.718 7.763 3.846 0.000 0.000 0.000 0.000 0.000 0.000 0.000 0.000 0.000 0.000 0.000 0.000 0.000 0.000 0.000 0.000 0.000 0.000 0.000 0.000
34.181 34.303 34.446 34.612 33.809 33.049 35.350 39.744 43.266 39.852 35.500 35.218 38.959 22.044 9.873 11.619 8.575 10.248 50.586 71.767 77.893 79.961 80.257 78.388 86.271 86.080 79.169 79.884 79.738 79.647 79.554 79.460 84.350 27.170 42.092 12.093 43.093 51.092 0.000 0.000 0.000 0.000 6.660 5.612 5.527 15.396 26.246 0.092 8.937 4.835 1.515 1.723 7.547 6.576 0.000 0.000 0.000 0.000 0.000 0.000 0.000 0.000 0.000 0.000 0.000 0.000 0.000 0.000 0.000 0.000 0.000 0.000 0.000 0.000 0.000
34.210 34.325 34.458 34.611 32.789 33.001 37.265 44.631 46.283 42.952 38.722 37.714 38.516 41.301 41.955 51.410 0.000 28.582 66.751 73.918 80.059 80.213 79.508 86.608 86.445 79.543 80.324 79.987 79.914 79.819 79.732 79.653 87.593 0.000 25.101 27.096 17.094 19.093 0.000 0.000 0.000 1.140 6.895 5.821 11.717 27.570 4.408 0.000 0.000 2.803 0.367 6.163 7.277 3.421 0.164 0.127 0.015 0.001 0.000 0.000 0.000 0.000 0.000 0.000 0.000 0.000 0.000 0.000 0.000 0.000 0.000 0.000 0.000 0.000 0.000
34.225 34.331 34.451 33.586 32.737 34.903 42.078 19.234 0.000 0.000 0.000 25.403 43.091 38.688 42.239 23.657 0.000 33.749 71.917 78.103 80.214 80.655 78.844 86.758 79.894 80.671 80.240 80.182 80.077 79.986 79.901 80.828 78.777 0.671 0.506 0.000 0.000 0.000 0.000 0.000 0.544 8.300 6.161 5.062 24.950 28.760 0.000 0.000 0.000 0.000 1.775 6.904 6.979 0.000 0.127 0.030 0.000 0.000 0.000 0.000 0.000 0.000 0.000 0.000 0.000 0.000 0.000 0.000 0.000 0.000 0.000 0.000 0.000 0.000 0.000
34.227 34.323 33.429 32.545 34.669 37.796 45.912 4.992 0.000 0.000 0.000 0.000 25.760 41.120 42.655 29.322 32.188 58.748 76.073 80.280 80.693 78.931 87.024 86.897 80.891 80.587 80.439 80.336 80.239 80.146 80.059 82.981 67.925 0.000 0.000 0.000 0.000 0.000 0.000 0.000 0.671 7.469 6.388 4.315 32.261 0.000 0.000 0.000 1.434 6.447 6.520 6.645 4.759 0.000 0.016 0.000 0.000 0.000 0.000 0.000 0.000 0.000 0.000 0.000 0.000 0.000 0.000 0.000 0.000 0.000 0.000 0.000 0.000 0.000 0.000
34.220 34.305 33.398 32.498 36.601 40.700 44.782 2.832 0.000 0.000 0.000 0.000 6.068 49.377 44.941 51.788 65.494 74.987 79.313 80.605 79.996 87.248 87.139 80.250 81.024 80.681 80.597 80.492 80.395 80.301 84.209 47.111 19.018 0.000 0.000 0.000 0.000 0.000 0.000 3.058 7.910 6.704 8.607 5.549 29.519 0.000 0.000 0.318 3.425 19.386 8.382 5.398 1.423 0.000 0.000 0.000 0.000 0.000 0.000 0.000 0.000 0.000 0.000 0.000 0.000 0.000 0.000 0.000 0.000 0.000 0.000 0.000 0.000 0.000 0.000
34.204 34.280 32.362 34.448 40.536 41.620 39.687 26.723 0.000 0.000 0.000 0.000 0.000 2.381 0.150 40.396 72.012 76.390 80.631 81.050 79.390 87.347 79.587 81.364 80.927 80.859 82.745 81.643 80.546 80.456 86.365 9.238 0.000 0.000 0.000 0.000 0.000 0.000 23.342 23.205 10.999 7.829 18.786 13.757 14.747 0.000 0.000 0.386 0.404 10.295 6.226 10.153 3.992 6.848 5.757 2.707 0.000 0.000 0.000 0.000 0.000 0.000 0.000 0.000 0.000 0.000 0.000 0.000 0.000 0.000 0.000 0.000 0.000 0.000 0.000
