results2_8e4_norain/res_4e8_norain-0024.wd
ncols         241
nrows         181
xllcorner     12693529.787448
yllcorner     3542525.717860
cellsize      155.156523
NODATA_value  -9999.000000
[rows 33 to 65 of 181, columns 75 to 149 of 241]
0.000 0.000 0.000 0.000 0.000 0.000 0.000 0.000 0.000 0.000 0.000 0.000 0.000 0.000 0.000 0.000 0.000 0.000 0.000 0.000 0.000 0.000 0.000 0.000 0.000 0.000 0.000 0.000 0.000 0.000 0.000 0.000 0.000 0.000 0.000 0.000 0.000 25.002 48.003 53.004 9.006 0.000 0.000 18.106 32.127 0.000 0.000 22.212 25.229 19.246 20.262 21.276 21.287 21.295 21.299 20.299 26.290 46.274 0.000 1.207 0.000 33.927 50.703 55.432 54.157 54.907 53.580 55.796 50.964 50.565 50.786 53.174 52.514 52.373 53.147
0.000 0.000 0.000 0.000 0.000 0.000 0.000 0.000 0.000 0.000 0.000 0.000 0.000 0.000 0.000 0.000 0.000 0.000 0.000 0.000 0.000 0.000 0.000 0.000 0.000 0.000 0.000 0.000 0.000 0.000 0.000 0.000 0.000 0.000 0.000 0.000 0.000 0.000 0.000 0.000 0.000 0.000 0.000 0.000 14.174 0.000 0.000 12.240 36.268 35.287 25.305 21.320 21.334 21.346 21.354 20.358 42.349 40.311 0.000 24.208 36.928 50.422 55.073 54.758 54.479 54.125 55.317 51.450 50.757 51.243 53.665 53.014 52.881 52.656 53.451
0.000 0.000 0.000 0.000 0.000 0.000 0.000 0.000 0.000 0.000 0.000 0.000 0.000 0.000 0.000 0.000 11.530 43.530 0.000 0.000 0.000 0.000 0.000 0.000 0.000 0.000 0.000 0.000 0.000 0.000 0.000 0.000 0.000 0.000 0.000 0.000 0.000 0.000 0.000 0.000 0.000 0.000 0.000 0.000 6.222 0.000 0.000 0.000 14.317 32.331 32.349 23.367 21.384 21.400 19.415 35.430 44.438 0.000 9.801 34.488 49.155 55.763 55.401 55.082 54.693 56.854 52.954 51.070 51.712 54.155 53.510 53.382 53.159 52.951 52.744
0.000 0.000 0.000 0.000 0.000 0.000 0.000 0.000 0.000 0.000 36.515 0.000 0.000 0.000 0.000 0.000 18.531 69.531 25.532 0.000 0.000 0.000 0.000 0.000 0.000 0.000 0.000 0.000 0.000 0.000 0.000 0.000 0.000 0.000 0.000 0.000 0.000 0.000 0.000 0.000 0.000 0.000 0.000 0.000 9.271 10.301 17.324 3.343 13.352 21.371 34.394 25.417 21.436 18.454 29.477 39.510 28.535 4.440 34.114 51.788 56.442 56.070 55.718 55.293 55.416 54.482 51.495 52.202 54.656 54.014 53.888 53.665 53.454 53.240 53.030
0.000 0.000 0.000 0.000 0.000 0.000 0.000 0.000 0.000 19.515 54.516 43.517 30.518 0.000 0.000 3.532 57.532 65.533 30.533 0.000 0.000 0.000 0.000 8.139 0.000 0.000 0.000 0.000 0.000 0.000 0.000 0.000 0.000 0.000 0.000 0.000 0.000 0.000 0.000 0.000 14.261 0.000 0.000 25.288 40.290 43.308 41.329 27.353 21.378 20.408 34.441 25.469 17.490 31.504 45.528 33.597 21.753 36.673 41.426 54.109 56.751 56.386 55.929 56.010 54.044 52.033 52.721 55.178 54.538 54.412 54.185 53.967 53.746 53.527 53.310
0.000 0.000 0.000 0.000 0.000 0.000 0.000 0.000 0.000 0.000 52.517 35.518 16.520 0.000 0.000 49.533 60.534 67.535 26.535 0.000 0.000 0.000 0.000 46.139 30.140 0.000 0.000 0.000 0.000 0.000 0.000 0.000 0.000 0.000 9.234 21.235 23.236 0.000 0.000 5.258 30.262 9.268 23.276 46.286 49.295 50.311 47.333 34.363 21.398 18.442 35.492 26.531 30.550 48.544 42.536 0.000 20.209 39.071 51.810 57.469 57.096 56.614 56.650 54.651 52.704 53.276 55.728 55.090 54.962 54.730 54.503 54.269 54.037 53.810 53.584
0.000 0.000 0.000 0.000 0.000 0.000 0.000 0.000 0.000 0.000 0.000 3.520 41.523 37.528 25.531 38.534 58.536 69.538 22.539 0.000 0.000 0.000 0.000 8.140 32.141 34.143 0.000 0.000 0.000 0.000 0.000 0.000 0.000 0.000 25.234 26.235 38.237 21.241 10.247 24.254 25.260 21.267 28.275 35.284 33.294 26.308 45.329 11.368 27.412 30.469 20.555 32.614 45.634 42.589 0.000 0.000 31.803 48.591 57.274 57.878 57.380 57.361 54.328 53.557 53.881 56.317 55.677 55.546 55.310 55.074 54.824 54.568 54.323 55.094 47.862
0.000 0.000 0.000 0.000 0.000 0.000 0.000 0.000 0.000 0.000 0.000 0.000 60.526 55.530 45.533 35.536 59.539 67.542 62.545 47.550 2.553 0.000 0.000 0.000 0.000 42.146 26.150 24.153 35.155 30.156 0.000 0.000 0.000 0.000 25.234 24.234 45.237 51.241 40.246 32.252 24.259 21.266 22.274 23.282 22.290 20.300 28.308 0.000 0.000 0.000 25.646 48.737 46.782 0.000 0.000 32.140 45.607 55.229 58.786 58.370 59.168 55.124 54.686 54.562 56.958 56.310 56.170 55.928 55.688 55.429 55.150 54.858 54.594 54.381 40.242
0.000 0.000 0.000 0.000 0.000 0.000 0.000 0.000 0.000 0.000 0.000 0.000 0.000 32.532 7.536 43.539 62.542 67.546 65.549 63.553 52.557 11.560 0.000 0.000 0.000 0.000 37.151 37.153 50.156 48.159 41.163 36.166 0.000 0.000 0.000 29.232 48.235 55.239 47.245 31.251 20.257 21.264 21.272 21.279 21.286 21.292 25.296 0.000 0.000 0.000 0.000 32.906 2.288 2.011 37.063 41.670 53.277 59.831 59.669 57.896 56.192 56.265 55.365 57.679 57.003 56.840 56.585 56.340 56.082 55.804 55.489 55.119 55.813 47.596 30.482
0.000 0.000 0.000 0.000 0.000 0.000 0.000 0.000 0.000 0.000 0.000 0.000 0.000 0.000 64.539 64.543 66.547 66.550 65.554 59.558 53.561 24.564 0.000 0.000 0.000 0.000 0.000 5.155 50.157 44.160 59.164 56.170 35.183 14.197 15.211 24.226 46.233 55.238 46.243 29.249 19.255 24.263 23.271 21.278 21.283 21.287 22.289 14.287 0.000 0.000 0.000 0.000 0.000 39.733 42.506 50.226 60.858 60.928 59.286 61.163 58.587 56.367 58.520 57.784 57.572 57.286 57.021 56.759 56.495 56.218 54.883 63.316 60.945 33.706 23.610
0.000 0.000 0.000 0.000 0.000 21.314 0.000 0.000 39.342 28.344 32.347 7.349 0.000 0.000 0.541 72.548 66.551 63.555 60.560 63.564 54.568 17.570 0.000 0.000 0.000 0.000 0.000 0.000 0.000 0.000 48.166 49.167 0.161 0.000 0.000 28.230 46.233 51.237 41.242 32.247 30.251 0.000 0.000 27.280 21.282 21.284 22.286 28.285 36.284 0.000 0.000 0.000 12.612 45.275 49.014 59.724 61.882 61.517 65.041 63.590 57.754 59.536 58.681 58.384 58.041 57.739 57.451 57.179 56.923 56.690 62.511 0.000 0.000 12.674 30.642
0.000 0.000 0.000 0.000 0.000 41.315 0.000 33.335 35.340 47.344 30.349 15.352 0.000 0.000 0.000 57.552 69.556 66.561 66.566 67.572 61.577 15.580 0.000 0.000 0.000 0.000 0.000 0.000 0.000 0.000 0.000 33.167 0.000 0.000 0.000 34.231 31.232 43.234 0.231 0.000 0.000 0.000 0.000 0.000 31.282 25.282 0.000 18.284 52.283 35.283 0.000 0.000 16.957 50.713 59.542 62.609 62.350 66.658 66.001 59.141 60.651 59.677 59.274 58.857 58.500 58.171 57.867 57.585 57.327 57.106 61.962 4.995 0.000 0.000 0.000
30.235 0.000 0.000 0.000 0.000 52.317 28.323 30.331 36.339 60.346 61.352 56.358 10.364 0.000 0.000 0.000 17.561 71.567 66.573 67.581 64.588 23.593 0.000 0.000 0.000 0.000 0.000 0.000 0.000 0.000 0.000 0.000 0.000 0.000 0.000 0.000 0.000 0.000 0.000 0.000 0.000 0.000 0.000 0.000 0.000 6.281 3.281 0.000 0.000 0.000 0.000 5.895 43.462 60.443 62.119 63.039 67.380 67.104 60.104 61.641 60.663 60.194 59.714 59.301 58.925 58.581 58.262 57.966 57.694 57.448 60.234 44.029 1.451 0.000 0.000
34.237 30.240 0.000 0.000 0.000 44.313 46.320 46.330 58.339 55.349 67.358 66.365 27.370 0.000 0.000 0.000 0.000 73.573 66.580 67.590 64.602 24.613 0.000 0.000 0.000 33.796 45.805 14.813 0.000 0.000 0.000 0.000 0.000 0.000 0.000 0.000 0.000 0.000 0.000 0.000 0.000 0.000 0.000 0.000 0.000 0.000 0.000 0.000 0.000 0.000 3.598 44.218 61.276 61.910 68.052 67.621 61.221 61.814 62.340 61.532 61.064 60.564 60.116 59.702 59.320 58.965 58.634 58.324 58.033 64.759 5.496 0.000 14.689 0.000 0.000
36.238 37.243 29.249 0.000 34.292 29.303 37.317 50.329 54.341 65.354 66.365 65.375 34.383 0.000 0.000 0.000 0.000 72.573 66.583 67.599 62.618 42.643 26.686 27.723 27.756 35.787 56.807 23.821 0.000 0.000 0.000 0.000 0.000 0.000 0.000 0.000 0.000 0.000 0.000 0.000 0.000 0.000 0.000 0.000 0.000 0.000 0.000 0.000 1.473 32.201 41.855 60.941 62.614 69.328 68.788 61.664 63.418 62.785 62.271 61.832 61.357 60.907 60.478 60.073 59.689 59.325 58.985 58.664 65.357 11.058 0.000 0.000 0.629 1.729 2.755
50.241 33.247 37.255 37.268 28.282 21.289 0.000 0.000 0.000 55.363 66.373 64.390 49.403 16.420 0.000 0.000 41.546 62.564 67.583 66.604 67.629 57.658 33.692 30.727 29.759 38.790 56.817 39.844 25.882 26.911 30.933 41.946 5.951 0.000 0.000 0.000 0.000 0.000 0.000 0.000 0.000 0.000 0.000 0.000 0.000 0.000 0.000 0.000 12.639 52.471 60.482 63.200 70.051 69.739 62.278 63.988 63.249 62.913 62.502 62.072 61.645 61.226 60.819 60.424 60.038 59.662 59.316 64.991 11.674 0.000 0.000 0.000 0.195 1.750 0.000
66.246 37.250 31.258 32.268 34.279 34.284 23.285 0.000 0.000 0.000 0.387 71.409 61.420 39.438 31.468 38.496 37.529 39.555 47.580 48.607 35.636 32.667 30.700 30.733 29.765 38.796 53.827 32.858 29.891 34.920 50.942 53.954 38.956 12.956 0.000 0.000 0.000 0.000 0.000 0.000 0.000 0.000 0.000 0.000 0.000 0.000 0.000 3.294 45.167 60.863 63.755 70.429 70.280 62.853 64.549 63.814 63.500 63.109 62.719 62.322 61.924 61.532 61.147 60.766 60.377 59.968 65.628 11.309 0.000 0.000 0.000 0.000 0.000 0.000 0.947
66.248 52.251 0.000 0.000 39.282 35.285 46.287 37.286 0.000 0.000 0.000 59.420 56.430 41.447 32.469 29.493 29.520 32.546 45.577 53.608 56.641 49.676 39.709 32.741 31.772 47.805 50.837 25.871 29.904 29.936 30.961 34.975 13.965 0.000 0.000 0.000 0.000 0.000 0.000 0.000 0.000 0.000 0.000 0.000 0.000 6.177 37.935 45.928 59.523 70.882 70.570 63.720 64.372 65.007 64.375 64.062 63.686 63.318 62.945 62.571 62.199 61.832 61.472 61.115 61.736 68.207 11.917 0.000 0.000 0.000 0.000 0.000 0.000 0.000 12.916
66.249 66.256 53.265 36.274 36.282 36.288 27.293 0.000 0.000 0.400 52.414 49.422 52.434 45.450 46.469 46.489 46.511 49.535 44.573 44.609 46.645 50.687 51.719 49.749 45.780 56.813 54.848 42.884 43.921 43.958 45.992 21.019 0.000 0.000 0.000 0.000 0.000 0.000 0.000 0.000 0.000 0.000 0.000 0.000 40.562 41.308 62.446 63.119 71.882 71.450 66.107 65.883 65.330 64.923 64.601 64.240 63.886 63.530 63.173 62.818 62.468 62.125 61.795 62.486 66.246 0.000 0.000 0.000 0.000 0.000 0.000 0.000 0.000 7.833 3.874
65.251 66.258 63.267 41.275 35.284 36.293 37.303 29.316 0.000 44.394 41.407 42.421 43.435 38.451 42.468 47.484 55.499 40.512 0.000 0.000 0.000 49.709 45.731 45.757 45.787 45.821 45.857 45.897 45.939 45.984 44.033 39.090 12.167 0.000 0.000 33.903 41.013 53.158 23.277 0.000 0.000 0.000 0.000 41.977 52.809 64.846 65.590 72.484 72.221 66.652 66.392 65.718 65.447 65.116 64.773 64.431 64.086 63.742 63.400 63.061 62.730 62.407 63.095 65.788 13.517 0.000 0.000 0.000 0.000 0.000 0.000 0.000 3.760 9.792 0.000
55.254 66.261 66.269 56.278 32.288 35.299 36.312 36.329 42.355 51.381 35.402 32.420 30.436 37.452 52.468 51.481 36.492 16.501 0.000 0.000 0.000 0.000 34.741 29.762 29.791 29.826 29.865 30.908 33.954 35.006 35.066 34.141 35.245 34.407 34.582 43.794 50.977 49.185 56.397 54.606 49.691 47.668 50.474 62.444 66.155 66.062 72.816 72.682 67.181 66.905 66.221 65.955 65.619 65.289 64.955 64.621 64.287 63.954 63.623 63.297 62.982 63.680 64.391 3.124 0.000 0.000 0.000 0.000 0.000 0.000 0.000 0.000 14.728 0.761 0.000
33.257 61.263 65.270 46.279 29.291 28.304 36.318 36.334 35.354 29.376 30.399 36.420 53.439 52.455 35.470 28.481 18.486 0.000 38.638 47.651 43.672 44.699 47.730 50.759 49.791 50.827 53.869 52.916 49.965 52.021 47.085 33.164 37.265 36.395 41.544 59.717 66.916 64.207 58.522 53.728 55.817 62.727 67.956 66.688 73.239 72.951 66.999 68.670 67.331 66.738 66.462 66.124 65.797 65.467 65.138 64.811 64.486 64.163 63.841 64.523 62.222 57.939 9.665 0.000 0.000 0.000 0.000 0.000 0.000 0.000 0.000 0.412 4.689 0.000 0.000
26.261 45.265 56.271 31.279 23.293 30.309 28.322 35.336 36.352 36.371 29.398 46.425 38.443 27.460 30.476 22.489 0.000 47.605 50.625 50.645 52.668 53.694 56.723 60.754 59.786 59.824 59.871 61.920 62.971 61.027 49.091 35.166 37.257 37.364 37.484 40.612 14.764 0.000 78.752 120.991 98.983 65.290 67.127 74.172 73.762 67.368 70.162 67.638 67.260 66.966 66.632 66.305 65.975 65.645 65.320 65.000 64.685 64.372 66.054 60.733 49.444 4.191 0.000 0.000 0.000 0.000 0.000 0.000 0.000 0.000 0.000 9.919 0.411 0.408 0.000
0.000 2.267 37.270 19.274 0.000 25.318 30.327 30.337 36.348 25.359 0.000 30.438 28.451 30.468 31.487 41.511 55.548 52.586 54.613 60.636 70.661 114.687 111.717 111.746 111.777 111.813 112.869 96.925 28.973 32.025 30.085 38.154 37.233 34.322 32.416 14.486 0.000 0.000 0.000 46.378 63.654 68.516 74.782 74.507 66.891 68.656 68.015 67.771 67.463 67.141 66.816 66.486 66.153 65.820 65.495 65.184 65.883 64.585 56.273 44.910 2.705 0.000 0.000 0.000 0.000 0.000 0.000 0.000 0.000 0.000 5.997 0.522 0.000 0.000 0.000
0.000 52.267 30.268 0.000 0.000 0.000 24.332 37.338 29.345 0.000 0.000 38.441 29.454 40.473 53.494 53.519 58.548 61.578 54.604 40.628 31.652 27.677 25.711 28.739 29.763 16.782 0.000 33.940 30.970 30.015 34.070 38.133 35.201 27.275 34.373 15.429 0.000 0.000 42.215 59.131 68.955 75.175 75.005 67.405 69.155 68.509 68.273 67.961 67.650 67.330 67.004 66.671 66.331 65.986 65.659 66.357 62.079 50.811 7.542 0.000 0.000 0.000 0.000 0.000 0.000 0.000 0.000 0.000 0.000 2.950 1.969 0.000 0.000 0.000 0.000
53.848 0.000 0.000 0.000 0.000 0.000 0.000 0.000 33.350 31.370 39.398 36.430 36.454 36.476 53.499 67.523 56.549 36.574 34.599 29.622 31.643 22.660 0.000 34.737 31.754 20.771 0.000 34.925 29.954 30.996 38.048 36.108 34.163 16.203 0.000 0.000 38.993 36.853 53.604 69.520 75.379 68.238 68.851 69.567 69.018 68.777 68.469 68.164 67.849 67.526 67.197 66.863 66.514 67.137 66.796 56.506 41.265 4.041 0.000 0.000 0.000 0.000 0.000 0.000 0.000 0.000 0.000 0.000 0.000 3.941 0.000 0.000 0.000 0.000 0.000
41.878 0.000 0.000 45.916 38.946 32.980 0.000 0.000 51.335 48.363 35.396 36.428 36.455 37.480 58.504 110.527 103.550 50.573 105.595 26.617 30.638 30.660 32.686 30.719 30.746 30.777 32.822 28.882 28.924 37.967 37.020 34.090 29.141 18.172 0.000 0.000 41.133 47.999 70.017 68.928 75.737 69.296 69.927 69.522 69.280 68.983 68.684 68.373 68.055 67.728 67.396 67.070 68.727 64.249 45.884 32.608 34.433 0.320 0.000 0.000 0.000 0.000 0.000 0.000 0.000 0.000 0.000 0.000 0.000 0.000 0.000 0.000 0.000 0.000 0.000
0.000 0.000 0.000 28.886 37.943 35.016 53.113 47.204 52.294 60.351 51.395 36.431 36.461 36.486 35.510 29.531 24.552 29.573 26.594 30.614 30.635 30.656 30.680 30.708 30.736 30.769 29.809 34.856 36.895 37.930 21.975 0.000 22.140 0.000 0.000 0.000 45.379 67.324 71.361 76.841 76.338 69.398 70.089 69.771 69.500 69.210 68.907 68.592 68.270 67.935 67.589 66.296 28.074 0.000 0.000 0.000 0.000 0.000 0.000 0.000 0.000 0.000 0.000 0.000 0.000 0.000 0.000 0.000 0.000 0.000 0.000 0.000 0.000 0.000 0.000
33.035 0.000 33.633 29.801 28.925 47.027 40.121 56.207 65.286 45.353 31.403 29.441 32.471 35.496 36.517 36.537 29.556 28.574 29.593 29.611 30.630 30.650 30.672 35.696 32.723 29.753 30.790 33.838 37.870 26.885 0.000 0.000 0.000 0.000 1.192 120.987 64.719 71.762 69.768 77.274 69.195 71.744 73.260 70.021 69.742 69.449 69.142 68.820 69.497 66.153 53.731 44.450 2.284 0.000 0.000 0.000 0.000 0.000 0.000 0.000 0.000 0.000 0.000 0.000 0.000 0.000 0.000 0.000 0.000 0.000 0.000 0.000 0.000 0.000 0.000
7.543 32.809 29.465 28.762 39.931 44.046 55.138 62.216 28.292 27.374 28.423 30.459 29.487 26.510 34.528 35.545 36.560 35.577 29.593 28.609 27.626 28.644 34.663 93.683 61.706 41.732 24.761 0.000 39.862 47.855 0.000 0.000 0.000 0.000 45.335 56.188 73.069 71.123 78.015 77.662 70.296 70.848 71.541 70.278 69.999 69.705 69.391 70.048 68.746 21.450 0.000 0.000 0.000 0.000 0.000 0.000 0.000 0.000 0.000 0.000 0.000 0.000 0.000 0.000 0.000 0.000 0.000 0.000 0.000 0.000 0.000 0.000 0.000 0.000 0.000
0.000 26.420 29.657 31.852 52.990 64.090 78.171 60.229 0.000 46.428 46.457 30.487 30.511 29.528 27.542 30.553 36.566 34.579 35.593 37.607 35.621 33.636 29.652 24.669 29.687 24.709 0.000 0.000 0.000 33.819 25.810 0.000 0.000 0.000 55.526 72.397 72.480 70.514 78.333 70.006 72.523 74.049 70.815 70.550 70.273 69.980 69.669 67.236 21.991 0.000 0.000 0.000 0.000 0.000 0.000 0.000 0.000 0.000 0.000 0.000 0.000 0.000 0.000 0.000 0.000 0.000 0.000 0.000 0.000 0.000 0.000 0.000 0.000 0.000 0.000
0.000 24.796 30.892 47.000 58.089 106.155 100.227 102.300 108.395 104.453 105.493 30.522 30.541 29.552 29.558 28.562 23.570 33.583 35.594 36.605 34.617 36.629 36.642 37.654 30.663 0.000 0.000 0.000 0.000 34.794 19.802 0.000 0.000 47.006 68.811 72.750 71.746 78.908 78.629 71.067 71.627 72.334 71.090 70.836 70.564 71.272 46.071 0.000 0.000 0.000 0.000 0.000 0.000 0.000 0.000 0.000 0.000 0.000 0.000 0.000 0.000 0.000 0.000 0.000 0.000 0.000 0.000 0.000 0.000 0.000 0.000 0.000 0.000 0.000 0.000
0.000 26.077 43.117 51.169 57.210 28.216 27.282 26.351 23.432 24.496 24.540 30.567 30.580 46.581 46.576 22.568 0.000 20.590 33.597 35.604 33.612 35.621 35.632 36.643 32.650 0.000 0.000 0.000 32.728 17.761 0.000 0.000 48.334 57.196 74.054 72.959 72.148 79.166 70.733 73.269 75.818 71.609 71.376 71.141 69.877 57.474 16.272 0.000 0.000 0.000 0.000 0.000 0.000 0.000 0.000 0.000 0.000 0.000 0.000 0.000 0.000 0.000 0.000 0.000 0.000 0.000 0.000 0.000 0.000 0.000 0.000 0.000 0.000 0.000 0.000
