results2_8e4_norain/res_4e8_norain-0020.wd
ncols         241
nrows         181
xllcorner     12693529.787448
yllcorner     3542525.717860
cellsize      155.156523
NODATA_value  -9999.000000
[rows 33 to 65 of 181, columns 75 to 149 of 241]
0.000 0.000 0.000 0.000 0.000 0.000 0.000 0.000 0.000 0.000 0.000 0.000 0.000 0.000 0.000 0.000 0.000 0.000 0.000 0.000 0.000 0.000 0.000 0.000 0.000 0.000 0.000 0.000 0.000 0.000 0.000 0.000 0.000 0.000 0.000 0.000 0.000 21.944 44.945 49.948 5.949 0.000 0.000 15.070 29.092 0.000 0.000 19.233 22.258 16.287 17.319 18.353 18.389 18.425 18.458 17.479 23.479 43.454 0.000 0.000 0.000 32.227 49.026 53.780 52.529 53.302 51.996 54.231 49.415 49.010 49.278 51.685 51.043 50.921 51.713
0.000 0.000 0.000 0.000 0.000 0.000 0.000 0.000 0.000 0.000 0.000 0.000 0.000 0.000 0.000 0.000 0.000 0.000 0.000 0.000 0.000 0.000 0.000 0.000 0.000 0.000 0.000 0.000 0.000 0.000 0.000 0.000 0.000 0.000 0.000 0.000 0.000 0.000 0.000 0.000 0.000 0.000 0.000 0.000 11.136 0.000 0.000 9.267 33.301 32.331 22.366 18.406 18.451 18.501 18.553 17.597 39.606 37.530 0.000 22.365 35.125 48.678 53.367 53.085 52.833 52.504 53.718 49.870 49.180 49.712 52.152 51.518 51.401 51.193 52.005
0.000 0.000 0.000 0.000 0.000 0.000 0.000 0.000 0.000 0.000 0.000 0.000 0.000 0.000 0.000 0.000 9.077 41.077 0.000 0.000 0.000 0.000 0.000 0.000 0.000 0.000 0.000 0.000 0.000 0.000 0.000 0.000 0.000 0.000 0.000 0.000 0.000 0.000 0.000 0.000 0.000 0.000 0.000 0.000 3.180 0.000 0.000 0.000 11.349 29.372 29.408 20.453 18.509 18.576 16.658 32.748 41.820 0.000 7.849 32.606 47.332 53.994 53.675 53.391 53.032 55.219 51.341 49.467 50.157 52.618 51.990 51.878 51.671 51.478 51.286
0.000 0.000 0.000 0.000 0.000 0.000 0.000 0.000 0.000 0.000 34.066 0.000 0.000 0.000 0.000 0.000 16.077 67.077 23.078 0.000 0.000 0.000 0.000 0.000 0.000 0.000 0.000 0.000 0.000 0.000 0.000 0.000 0.000 0.000 0.000 0.000 0.000 0.000 0.000 0.000 0.000 0.000 0.000 0.000 6.226 7.255 14.274 0.329 10.375 18.401 31.441 22.491 18.555 15.638 26.755 36.919 26.106 2.245 32.093 49.878 54.604 54.286 53.979 53.590 53.744 52.836 49.864 50.625 53.098 52.472 52.362 52.154 51.957 51.758 51.561
0.000 0.000 0.000 0.000 0.000 0.000 0.000 0.000 0.000 17.066 52.067 41.067 28.068 0.000 0.000 1.078 55.078 63.078 28.078 0.000 0.000 0.000 0.000 5.021 0.000 0.000 0.000 0.000 0.000 0.000 0.000 0.000 0.000 0.000 0.000 0.000 0.000 0.000 0.000 0.000 11.197 0.000 0.000 22.238 37.244 40.264 38.292 24.335 18.377 17.418 31.464 22.517 14.582 28.668 42.804 31.068 19.481 34.603 39.448 52.211 54.915 54.600 54.185 54.301 52.363 50.373 51.122 53.599 52.975 52.865 52.653 52.450 52.242 52.035 51.831
0.000 0.000 0.000 0.000 0.000 0.000 0.000 0.000 0.000 0.000 50.067 33.068 14.069 0.000 0.000 47.078 58.079 65.079 24.080 0.000 0.000 0.000 0.000 43.022 27.023 0.000 0.000 0.000 0.000 0.000 0.000 0.000 0.000 0.000 6.158 18.159 20.160 0.000 0.000 2.192 27.198 6.207 20.219 43.233 46.247 47.267 44.296 31.338 18.382 15.430 32.481 23.532 27.587 45.649 39.726 0.000 18.149 37.083 49.884 55.601 55.276 54.835 54.907 52.937 51.014 51.656 54.129 53.507 53.396 53.180 52.967 52.746 52.527 52.311 52.096
0.000 0.000 0.000 0.000 0.000 0.000 0.000 0.000 0.000 0.000 0.000 1.070 39.072 35.075 23.077 36.079 56.080 67.081 20.082 0.000 0.000 0.000 0.000 5.023 29.024 31.028 0.000 0.000 0.000 0.000 0.000 0.000 0.000 0.000 22.158 23.159 35.162 18.169 7.177 21.187 22.196 18.206 25.217 32.230 30.244 23.262 42.289 8.337 24.385 27.438 17.499 29.545 42.584 39.617 0.000 0.000 29.883 46.694 55.409 56.047 55.582 55.594 52.588 51.837 52.241 54.698 54.076 53.963 53.743 53.522 53.285 53.041 52.807 53.588 46.365
0.000 0.000 0.000 0.000 0.000 0.000 0.000 0.000 0.000 0.000 0.000 0.000 58.074 53.076 43.078 33.080 57.082 65.084 60.086 45.089 0.043 0.000 0.000 0.000 0.000 39.033 23.038 21.042 32.045 27.047 0.000 0.000 0.000 0.000 22.158 21.158 42.162 48.168 37.175 29.184 21.193 18.203 19.214 20.226 19.237 17.250 25.261 0.000 0.000 0.000 22.532 45.566 43.590 0.000 0.000 30.399 43.805 53.414 56.978 56.578 57.396 53.368 52.940 52.904 55.322 54.691 54.569 54.344 54.121 53.876 53.609 53.328 53.073 52.868 38.734
0.000 0.000 0.000 0.000 0.000 0.000 0.000 0.000 0.000 0.000 0.000 0.000 0.000 30.078 5.080 41.082 60.084 65.086 63.089 61.092 50.096 9.098 0.000 0.000 0.000 0.000 34.040 34.043 47.046 45.051 38.057 33.062 0.000 0.000 0.000 26.155 45.160 52.166 44.173 28.182 17.191 18.201 18.212 18.222 18.231 18.239 22.244 0.000 0.000 0.000 0.000 29.596 0.512 0.669 35.465 39.990 51.545 58.077 57.911 56.140 54.441 54.505 53.694 56.028 55.369 55.223 54.985 54.756 54.515 54.253 53.950 53.588 54.290 46.078 28.968
0.000 0.000 0.000 0.000 0.000 0.000 0.000 0.000 0.000 0.000 0.000 0.000 0.000 0.000 62.082 62.084 64.086 64.089 63.092 57.095 51.099 22.100 0.000 0.000 0.000 0.000 0.000 2.045 47.048 41.052 56.059 53.068 32.087 11.106 12.126 21.147 43.157 52.164 43.171 26.179 16.187 21.199 20.210 18.220 18.227 18.232 19.234 11.231 0.000 0.000 0.000 0.000 0.000 38.266 40.923 48.575 59.166 59.217 57.572 59.476 56.843 54.691 56.859 56.136 55.940 55.669 55.422 55.177 54.931 54.670 53.349 61.785 59.420 32.186 22.092
0.000 0.000 0.000 0.000 0.000 18.752 0.000 0.000 36.781 25.783 29.786 4.788 0.000 0.000 0.000 70.087 64.089 61.092 58.095 61.099 52.103 15.105 0.000 0.000 0.000 0.000 0.000 0.000 0.000 0.000 45.061 46.064 0.000 0.000 0.000 25.152 43.157 48.162 38.170 29.177 27.182 0.000 0.000 24.222 18.225 18.228 19.230 25.228 33.227 0.000 0.000 0.000 10.993 43.690 47.398 58.075 60.210 59.837 63.415 61.955 56.086 57.871 57.024 56.739 56.410 56.122 55.852 55.599 55.362 55.150 60.989 0.000 0.000 11.154 29.123
0.000 0.000 0.000 0.000 0.000 38.752 0.000 30.774 32.779 44.784 27.788 12.791 0.000 0.000 0.000 55.089 67.091 64.094 64.099 65.104 59.109 13.113 0.000 0.000 0.000 0.000 0.000 0.000 0.000 0.000 0.000 30.063 0.000 0.000 0.000 31.154 28.156 40.159 0.000 0.000 0.000 0.000 0.000 0.000 28.225 22.225 0.000 15.227 49.226 32.225 0.000 0.000 15.305 49.073 57.897 60.952 60.685 65.018 64.371 57.479 58.986 58.015 57.619 57.213 56.868 56.554 56.267 56.004 55.769 55.577 60.470 3.558 0.000 0.000 0.000
27.675 0.000 0.000 0.000 0.000 49.753 25.760 27.769 33.777 57.785 58.791 53.796 7.802 0.000 0.000 0.000 15.093 69.095 64.101 65.109 62.118 21.124 0.000 0.000 0.000 0.000 0.000 0.000 0.000 0.000 0.000 0.000 0.000 0.000 0.000 0.000 0.000 0.000 0.000 0.000 0.000 0.000 0.000 0.000 0.000 3.223 0.173 0.000 0.000 0.000 0.000 4.154 41.764 58.767 60.452 61.372 65.717 65.453 58.437 59.974 58.997 58.532 58.059 57.655 57.291 56.960 56.658 56.382 56.134 55.921 58.756 42.647 0.295 0.000 0.000
31.676 27.678 0.000 0.000 0.000 41.748 43.757 43.767 55.777 52.787 64.795 63.802 24.807 0.000 0.000 0.000 0.000 71.094 64.102 65.115 62.129 22.142 0.000 0.000 0.000 31.359 43.371 12.381 0.000 0.000 0.000 0.000 0.000 0.000 0.000 0.000 0.000 0.000 0.000 0.000 0.000 0.000 0.000 0.000 0.000 0.000 0.000 0.000 0.000 0.000 1.957 42.438 59.552 60.212 66.363 65.939 59.539 60.136 60.665 59.860 59.395 58.899 58.457 58.052 57.681 57.339 57.024 56.733 56.464 63.216 3.986 0.000 10.686 0.000 0.000
33.677 34.681 26.684 0.000 31.723 26.735 34.752 47.766 51.778 62.791 63.801 62.811 31.818 0.000 0.000 0.000 0.000 70.084 64.098 65.118 60.143 40.174 24.223 25.267 25.309 33.348 54.373 21.391 0.000 0.000 0.000 0.000 0.000 0.000 0.000 0.000 0.000 0.000 0.000 0.000 0.000 0.000 0.000 0.000 0.000 0.000 0.000 0.000 0.000 30.481 40.203 59.225 60.901 67.643 67.105 59.975 61.732 61.103 60.592 60.157 59.684 59.238 58.815 58.417 58.042 57.691 57.365 57.062 63.774 9.495 0.000 0.000 0.000 0.000 0.000
47.678 30.683 34.689 34.699 25.711 18.718 0.000 0.000 0.000 52.799 63.808 61.824 46.837 13.855 0.000 0.000 39.031 60.061 65.089 64.118 65.150 55.187 31.229 28.271 27.311 36.350 54.384 37.419 23.466 24.503 28.531 39.548 3.554 0.000 0.000 0.000 0.000 0.000 0.000 0.000 0.000 0.000 0.000 0.000 0.000 0.000 0.000 0.000 10.932 50.755 58.783 61.492 68.354 68.049 60.583 62.295 61.561 61.228 60.820 60.393 59.968 59.551 59.148 58.758 58.381 58.017 57.686 63.375 10.074 0.000 0.000 0.000 0.000 0.000 0.000
63.680 34.684 28.690 29.698 31.704 31.708 20.705 0.000 0.000 0.000 0.000 68.839 58.851 36.873 28.911 35.952 35.002 37.041 45.079 46.116 33.154 30.194 28.235 28.276 27.317 36.357 51.395 30.435 27.477 32.514 48.542 51.559 36.561 10.561 0.000 0.000 0.000 0.000 0.000 0.000 0.000 0.000 0.000 0.000 0.000 0.000 0.000 1.667 43.388 59.130 62.037 68.715 68.575 61.150 62.850 62.120 61.809 61.422 61.034 60.639 60.243 59.851 59.467 59.088 58.707 58.312 63.985 9.680 0.000 0.000 0.000 0.000 0.000 0.000 0.000
63.680 49.682 0.000 0.000 36.702 32.703 43.704 34.703 0.000 0.000 0.000 56.842 53.855 38.877 29.908 26.943 26.983 30.024 43.069 51.113 54.157 47.201 37.243 30.283 29.323 45.364 48.406 23.449 27.493 27.533 28.565 32.583 11.572 0.000 0.000 0.000 0.000 0.000 0.000 0.000 0.000 0.000 0.000 0.000 0.000 4.469 36.246 44.263 57.809 69.150 68.844 62.004 62.660 63.300 62.674 62.366 61.993 61.629 61.258 60.885 60.513 60.145 59.781 59.419 60.047 66.541 10.263 0.000 0.000 0.000 0.000 0.000 0.000 0.000 0.000
63.679 63.683 50.687 33.692 33.697 33.701 24.703 0.000 0.000 0.000 49.819 46.834 49.851 42.873 43.900 43.930 43.963 47.002 42.060 42.111 44.160 48.212 49.251 47.289 43.329 54.372 52.417 40.464 41.512 41.560 43.604 18.638 0.000 0.000 0.000 0.000 0.000 0.000 0.000 0.000 0.000 0.000 0.000 0.000 38.822 39.583 60.734 61.423 70.156 69.724 64.384 64.165 63.617 63.216 62.898 62.542 62.193 61.839 61.485 61.131 60.780 60.434 60.093 60.760 64.524 0.000 0.000 0.000 0.000 0.000 0.000 0.000 0.000 0.000 0.000
62.679 63.683 60.687 38.691 32.696 33.701 34.706 26.711 0.000 41.785 38.804 39.823 40.843 35.865 39.889 44.915 52.940 37.961 0.000 0.000 0.000 47.236 43.261 43.294 43.333 43.378 43.426 43.478 43.532 43.591 41.654 36.726 9.824 0.000 0.000 31.757 38.896 51.080 21.232 0.000 0.000 0.000 0.000 40.206 51.054 63.104 63.857 70.747 70.491 64.923 64.668 63.999 63.734 63.407 63.070 62.732 62.392 62.052 61.712 61.375 61.043 60.720 61.397 64.005 11.764 0.000 0.000 0.000 0.000 0.000 0.000 0.000 0.000 0.000 0.000
52.680 63.683 63.687 53.691 29.695 32.700 33.707 33.718 39.738 48.767 32.790 29.811 27.833 34.855 49.877 48.900 33.921 13.940 0.000 0.000 0.000 0.000 32.264 27.293 27.333 27.380 27.432 28.489 31.550 32.617 32.694 31.790 32.922 32.128 32.349 41.619 48.850 47.114 54.385 52.661 47.795 45.814 48.653 60.656 64.389 64.307 71.062 70.938 65.444 65.174 64.495 64.235 63.904 63.580 63.252 62.923 62.594 62.265 61.938 61.613 61.298 62.006 62.771 1.492 0.000 0.000 0.000 0.000 0.000 0.000 0.000 0.000 0.000 0.000 0.000
30.681 58.683 62.686 43.690 26.694 25.699 33.705 33.715 32.731 26.754 27.778 33.800 50.822 49.844 32.867 25.887 15.904 0.000 36.083 45.105 41.140 42.183 45.237 48.281 47.326 48.377 51.434 50.496 47.561 49.634 44.717 30.818 34.947 34.112 39.301 57.520 64.772 62.140 56.534 51.799 53.932 60.878 66.137 64.894 71.466 71.184 65.247 66.924 65.592 65.005 64.734 64.402 64.081 63.758 63.435 63.114 62.795 62.477 62.160 62.843 60.529 56.236 8.003 0.000 0.000 0.000 0.000 0.000 0.000 0.000 0.000 0.000 0.000 0.000 0.000
23.682 42.684 53.686 28.689 20.693 27.697 25.700 32.706 33.718 33.739 26.769 43.790 35.811 24.835 27.858 19.878 0.000 45.028 48.060 48.093 50.131 51.174 54.221 58.268 57.315 57.368 57.433 59.500 60.567 58.639 46.722 32.820 34.936 35.073 35.225 38.388 12.580 0.000 76.808 119.093 97.117 63.452 65.314 72.398 71.990 65.609 68.409 65.891 65.520 65.231 64.904 64.582 64.258 63.935 63.616 63.303 62.995 62.689 64.383 59.070 47.738 2.521 0.000 0.000 0.000 0.000 0.000 0.000 0.000 0.000 0.000 0.000 0.000 0.000 0.000
0.000 0.000 34.686 16.687 0.000 22.694 27.693 27.693 33.695 22.717 0.000 27.781 25.799 27.825 28.854 38.889 52.938 49.996 52.039 58.078 68.117 112.160 109.208 109.253 109.298 109.349 110.429 94.504 26.567 29.635 27.713 35.803 34.905 32.018 30.138 12.227 0.000 0.000 0.000 44.522 61.813 66.692 72.998 72.729 65.125 66.896 66.261 66.024 65.722 65.406 65.086 64.762 64.435 64.109 63.793 63.489 64.194 62.900 54.615 43.317 1.107 0.000 0.000 0.000 0.000 0.000 0.000 0.000 0.000 0.000 0.000 0.000 0.000 0.000 0.000
0.000 49.685 27.685 0.000 0.000 0.000 21.684 34.677 26.653 0.000 0.000 35.755 26.779 37.811 50.846 50.886 55.931 58.978 52.021 38.061 29.101 25.142 23.196 26.240 27.275 14.303 0.000 31.522 28.562 27.621 31.693 35.775 32.863 24.957 32.083 13.155 0.000 0.000 40.396 57.305 67.133 73.379 73.216 65.631 67.387 66.748 66.518 66.213 65.908 65.594 65.272 64.944 64.610 64.274 63.957 64.665 60.392 49.103 5.858 0.000 0.000 0.000 0.000 0.000 0.000 0.000 0.000 0.000 0.000 0.000 0.000 0.000 0.000 0.000 0.000
36.991 0.000 0.000 0.000 0.000 0.000 0.000 0.000 30.589 28.595 36.638 33.705 33.752 33.794 50.835 64.877 53.921 33.965 32.007 27.047 29.083 20.112 0.000 32.235 29.260 18.285 0.000 32.499 27.538 28.595 35.664 33.743 31.814 13.865 0.000 0.000 37.187 35.046 51.794 67.709 73.572 66.453 67.070 67.793 67.250 67.016 66.713 66.415 66.106 65.789 65.465 65.134 64.788 65.422 65.096 54.823 39.607 2.390 0.000 0.000 0.000 0.000 0.000 0.000 0.000 0.000 0.000 0.000 0.000 0.000 0.000 0.000 0.000 0.000 0.000
25.047 0.000 0.000 42.745 35.792 29.847 0.000 0.000 48.518 45.559 32.615 33.676 33.730 34.778 55.823 107.868 100.911 47.955 102.996 24.036 28.073 28.110 30.153 28.206 28.247 28.291 30.355 26.439 26.497 35.556 34.626 31.718 26.785 15.825 0.000 0.000 39.327 46.194 68.213 67.125 73.930 67.511 68.147 67.748 67.512 67.221 66.928 66.624 66.312 65.992 65.665 65.338 66.985 62.530 44.183 30.923 32.765 0.000 0.000 0.000 0.000 0.000 0.000 0.000 0.000 0.000 0.000 0.000 0.000 0.000 0.000 0.000 0.000 0.000 0.000
0.000 0.000 0.000 25.697 34.785 31.902 50.067 44.230 49.405 57.509 48.588 33.655 33.713 33.765 32.813 26.859 21.903 26.946 23.988 28.027 28.065 28.103 28.144 28.188 28.231 28.279 27.337 32.403 34.458 35.506 19.566 0.000 19.785 0.000 0.000 0.000 43.574 65.521 69.561 75.051 74.541 67.615 68.310 67.997 67.731 67.447 67.150 66.843 66.528 66.202 65.865 64.569 26.286 0.000 0.000 0.000 0.000 0.000 0.000 0.000 0.000 0.000 0.000 0.000 0.000 0.000 0.000 0.000 0.000 0.000 0.000 0.000 0.000 0.000 0.000
17.332 0.000 30.313 26.562 25.750 43.911 37.068 53.219 62.366 42.484 28.572 26.643 29.703 32.757 33.805 33.852 26.897 25.940 26.981 27.020 28.057 28.094 28.132 33.171 30.211 27.256 28.310 31.379 35.424 24.446 0.000 0.000 0.000 0.000 0.000 119.165 62.912 69.962 67.971 75.487 67.409 69.961 71.480 68.246 67.972 67.685 67.384 67.069 67.755 64.423 52.025 42.788 0.625 0.000 0.000 0.000 0.000 0.000 0.000 0.000 0.000 0.000 0.000 0.000 0.000 0.000 0.000 0.000 0.000 0.000 0.000 0.000 0.000 0.000 0.000
2.418 29.144 26.064 25.490 36.741 40.923 52.076 59.212 25.355 24.488 25.574 27.643 26.701 23.753 31.800 32.847 33.892 32.937 26.977 26.015 25.050 26.085 32.118 91.152 59.188 39.226 22.268 0.000 37.416 45.407 0.000 0.000 0.000 0.000 43.568 54.393 71.271 69.326 76.230 75.876 68.510 69.065 69.761 68.502 68.228 67.938 67.630 68.295 67.000 19.712 0.000 0.000 0.000 0.000 0.000 0.000 0.000 0.000 0.000 0.000 0.000 0.000 0.000 0.000 0.000 0.000 0.000 0.000 0.000 0.000 0.000 0.000 0.000 0.000 0.000
0.000 22.972 26.308 28.592 49.803 60.966 75.100 57.198 0.000 43.540 43.595 27.653 27.707 26.754 24.798 27.842 33.890 31.937 32.977 35.013 33.045 31.076 27.105 22.133 27.161 22.193 0.000 0.000 0.000 31.361 23.349 0.000 0.000 0.000 53.742 70.605 70.685 68.720 76.548 68.218 70.736 72.265 69.034 68.772 68.500 68.211 67.906 65.480 20.240 0.000 0.000 0.000 0.000 0.000 0.000 0.000 0.000 0.000 0.000 0.000 0.000 0.000 0.000 0.000 0.000 0.000 0.000 0.000 0.000 0.000 0.000 0.000 0.000 0.000 0.000
0.000 21.464 27.604 43.768 54.913 103.036 97.163 99.283 105.429 101.537 102.611 27.670 27.718 26.758 26.795 25.834 20.890 30.945 32.983 34.014 32.043 34.069 34.093 35.115 28.131 0.000 0.000 0.000 0.000 32.327 17.338 0.000 0.000 45.214 67.020 70.958 69.952 77.123 76.844 69.278 69.839 70.549 69.308 69.057 68.788 69.500 44.302 0.000 0.000 0.000 0.000 0.000 0.000 0.000 0.000 0.000 0.000 0.000 0.000 0.000 0.000 0.000 0.000 0.000 0.000 0.000 0.000 0.000 0.000 0.000 0.000 0.000 0.000 0.000 0.000
0.000 22.815 39.878 47.964 54.045 25.104 24.230 23.344 20.467 21.569 21.644 27.698 27.738 43.766 43.789 19.811 0.000 17.969 30.995 33.019 31.042 33.064 33.085 34.104 30.116 0.000 0.000 0.000 30.239 15.283 0.000 0.000 46.538 55.401 72.260 71.165 70.354 77.380 68.941 71.478 74.029 69.822 69.591 69.359 68.098 55.699 14.500 0.000 0.000 0.000 0.000 0.000 0.000 0.000 0.000 0.000 0.000 0.000 0.000 0.000 0.000 0.000 0.000 0.000 0.000 0.000 0.000 0.000 0.000 0.000 0.000 0.000 0.000 0.000 0.000
