results3_8e3_rain/res_3e8f-0138.wd
ncols         241
nrows         181
xllcorner     12693529.787448
yllcorner     3542525.717860
cellsize      155.156523
NODATA_value  -9999.000000
[rows 33 to 65 of 181, columns 146 to 218 of 241]
63.727 62.949 62.682 63.327 29.996 41.677 63.375 57.075 35.676 0.000 0.000 32.132 8.133 13.134 29.137 54.144 41.144 7.144 0.000 0.000 46.013 53.995 11.962 38.923 30.893 31.859 35.805 44.751 62.691 53.647 48.606 43.572 44.544 44.519 43.496 42.473 41.448 49.422 59.394 51.371 51.349 49.326 28.301 42.281 50.269 0.000 20.690 25.650 49.550 47.460 52.375 62.291 55.214 50.178 5.160 0.000 33.096 33.105 40.107 18.102 0.000 0.000 0.000 0.000 0.000 0.000 0.000 0.000 0.000 0.000 0.000 0.000 0.000
63.660 63.413 63.073 63.752 41.439 59.145 61.888 55.705 0.000 0.000 10.131 34.132 0.000 0.000 0.000 38.161 38.155 46.143 9.117 59.083 47.038 34.004 42.968 33.930 31.893 31.853 30.806 32.756 60.707 58.662 58.622 60.587 53.556 55.529 54.503 54.478 54.453 55.428 59.404 57.382 58.361 53.340 30.322 29.307 2.299 0.000 17.621 31.594 39.539 34.457 40.373 53.286 53.232 51.200 9.186 0.000 0.000 38.125 10.126 0.000 0.000 0.000 0.000 0.000 0.000 40.145 39.144 41.143 31.141 34.140 1.140 0.000 0.000
64.121 63.790 63.475 63.163 62.862 63.579 55.327 42.151 0.000 0.000 0.000 2.131 0.000 0.000 0.000 35.183 32.173 45.155 50.127 42.093 51.053 49.015 29.976 30.936 31.896 31.853 43.809 47.763 51.717 44.674 41.634 51.598 25.566 32.536 27.509 27.484 27.459 30.435 56.412 45.391 43.371 45.354 30.339 32.328 12.322 0.000 27.580 84.568 9.553 0.000 0.000 2.248 54.226 53.207 12.196 0.000 0.000 35.145 32.146 34.155 32.158 40.158 46.157 38.154 60.150 67.147 65.144 50.143 30.141 29.140 33.139 3.139 0.000
64.497 64.183 63.870 63.564 64.268 58.980 40.691 31.421 40.421 0.000 0.000 0.000 0.000 0.000 0.000 32.215 31.200 34.176 30.144 41.107 44.067 47.026 35.985 30.943 30.900 30.857 55.813 61.769 43.725 37.682 37.641 38.605 35.572 35.542 35.515 36.488 39.464 36.440 57.418 49.398 47.380 47.365 29.352 43.343 69.338 0.000 19.551 72.543 0.000 0.000 0.000 4.233 54.218 52.206 30.196 35.186 33.176 31.163 31.159 31.160 30.161 37.160 44.158 31.155 49.151 67.147 63.144 43.142 28.141 28.140 33.139 1.139 0.000
64.891 64.571 64.258 63.955 60.665 46.382 35.037 0.000 0.000 0.000 0.000 36.567 0.000 5.483 0.000 31.263 32.237 32.204 31.166 31.125 37.083 30.039 29.995 31.950 30.906 29.862 53.818 50.774 58.731 62.687 61.645 56.609 52.576 54.546 50.518 54.492 54.467 55.444 59.423 57.404 58.387 54.373 29.362 41.354 63.350 0.000 14.529 75.512 0.000 0.000 0.000 0.000 51.208 54.202 33.195 31.187 31.180 31.172 31.168 31.166 30.165 37.163 46.161 2.158 0.000 25.145 68.144 44.142 28.140 28.139 32.138 0.000 0.000
65.281 64.951 64.636 64.335 54.054 35.848 0.000 0.000 0.000 0.000 34.586 37.567 50.532 50.483 38.420 31.335 31.282 32.236 32.191 31.146 30.099 31.052 31.004 30.958 29.911 38.866 57.822 36.780 50.739 27.690 60.644 50.610 49.578 49.548 46.520 51.494 52.469 52.447 59.426 57.408 54.392 54.379 29.368 43.361 62.358 0.000 0.498 68.463 0.000 0.000 0.000 0.000 55.203 54.200 30.194 32.188 31.183 32.178 32.175 32.172 33.169 41.167 21.165 0.000 0.000 26.146 68.144 49.142 36.139 30.138 33.136 0.127 0.000
65.665 65.319 65.998 58.695 46.367 36.107 0.000 0.000 0.000 0.000 31.605 48.583 42.546 31.498 33.441 33.377 31.320 30.268 32.218 31.167 32.116 32.065 32.014 30.964 30.916 50.869 50.825 50.785 50.755 0.000 32.632 30.607 31.578 31.548 32.520 36.494 39.470 37.447 57.427 51.409 45.394 47.381 30.372 42.365 61.362 0.000 0.000 41.411 32.390 0.000 0.000 0.000 49.202 32.201 0.000 27.187 33.187 37.184 44.181 44.177 44.174 46.170 18.168 0.000 10.152 74.148 67.145 69.142 57.139 32.136 33.134 1.130 0.000
66.036 65.661 65.342 51.081 2.784 0.000 0.000 0.000 0.000 9.683 47.647 42.612 32.571 33.523 33.469 33.411 33.354 31.299 30.244 30.189 32.133 31.078 31.023 29.970 31.919 46.870 37.824 46.781 47.740 6.691 6.645 46.610 45.578 45.547 45.519 47.493 47.468 48.446 60.426 56.408 51.393 53.381 29.372 38.366 66.364 0.000 0.000 100.380 69.369 36.353 23.345 0.000 0.000 0.000 0.000 0.000 30.192 39.191 43.187 42.182 45.178 47.173 33.168 38.163 54.155 69.150 67.146 67.141 55.137 32.134 32.130 8.127 0.000
66.375 66.947 58.630 41.450 0.000 0.000 0.000 0.000 0.000 54.719 48.688 32.649 33.604 33.555 33.501 33.444 33.387 33.329 30.270 31.211 31.150 31.090 32.031 30.973 30.919 33.869 38.821 50.776 37.732 49.688 54.646 47.609 56.576 46.545 47.516 50.489 49.465 48.442 58.422 54.404 42.390 41.378 30.369 37.365 66.363 0.000 0.000 91.360 81.354 58.344 27.337 0.000 0.000 3.275 0.000 0.000 1.206 50.200 42.194 36.188 33.182 48.176 35.170 37.164 45.157 66.151 68.146 66.141 52.136 32.132 29.127 33.122 27.117
74.636 72.121 44.781 34.639 0.000 0.000 0.000 32.892 46.855 47.786 41.737 36.690 33.642 33.590 33.536 33.479 32.420 35.360 40.298 36.234 31.168 32.101 31.036 30.974 30.917 30.864 37.815 38.769 36.725 43.683 42.643 37.606 49.572 29.540 37.511 44.484 43.459 37.436 56.416 49.398 29.383 28.371 31.363 33.359 37.361 0.000 0.000 69.346 49.341 86.334 72.323 8.305 9.290 60.275 34.260 32.244 32.226 34.212 45.202 39.194 7.187 60.179 48.173 44.166 42.159 53.153 69.147 61.141 44.135 33.130 29.124 36.119 60.112
0.000 0.000 23.734 41.686 0.000 0.000 34.970 44.930 58.887 42.834 41.784 41.734 34.683 33.629 33.573 33.515 40.455 48.393 49.328 41.260 36.186 31.112 30.039 30.970 34.909 31.856 30.806 29.761 35.717 36.676 35.637 36.600 38.566 31.534 37.504 42.477 44.451 40.428 56.407 50.389 32.374 31.362 31.353 27.348 0.000 0.000 0.000 25.336 44.333 44.326 78.316 93.303 86.290 54.276 40.261 41.247 41.232 44.219 66.209 84.199 93.191 92.183 94.175 93.168 87.160 81.153 73.147 56.140 39.134 30.128 31.122 44.116 63.109
17.193 0.000 0.000 0.000 0.000 6.047 38.010 57.971 49.928 52.880 49.831 39.779 32.726 33.670 33.612 44.553 49.491 45.428 40.363 37.291 40.204 35.120 35.038 30.958 35.896 29.843 30.795 31.750 30.707 30.666 30.628 30.591 29.557 30.525 30.495 34.467 40.441 39.418 57.396 51.378 30.361 31.349 31.339 30.333 5.328 0.000 0.000 29.330 55.328 44.322 46.313 61.302 72.290 82.276 84.263 90.250 93.237 93.225 92.214 88.204 79.195 77.186 79.177 82.169 84.162 85.154 83.147 87.140 79.133 46.127 33.120 52.114 69.107
56.416 14.695 0.000 0.000 3.114 39.085 55.052 48.015 39.974 47.928 51.879 52.827 42.772 31.714 41.654 50.592 40.530 32.467 32.404 34.336 2.221 3.127 2.036 27.927 31.873 33.825 33.780 30.737 30.695 31.655 30.617 30.581 30.547 31.515 30.484 30.456 30.430 33.405 50.383 49.363 31.346 31.332 31.322 32.317 33.322 0.000 0.000 28.328 46.326 47.320 59.313 46.302 26.290 30.278 66.265 90.253 74.241 69.229 72.218 65.208 51.198 40.189 31.180 29.171 30.163 40.155 38.147 33.140 72.132 87.125 65.119 63.112 67.106
0.000 29.973 8.095 2.144 38.144 48.126 55.098 39.064 42.024 39.979 37.930 45.877 50.821 45.760 49.697 38.633 32.568 33.506 33.449 41.410 0.000 0.000 0.000 24.875 33.845 44.806 45.764 40.722 36.681 38.642 34.604 33.569 31.535 30.502 30.472 31.443 30.416 30.391 33.368 42.346 30.328 30.312 31.299 30.291 0.000 0.000 0.000 9.327 7.327 61.322 45.314 30.304 44.292 46.279 92.267 73.256 56.244 38.233 29.222 30.212 31.201 32.191 32.182 32.173 31.164 29.155 28.147 29.139 37.131 74.124 82.117 67.110 66.104
0.000 17.130 40.168 42.192 41.192 56.177 41.152 35.119 37.079 36.035 32.986 31.932 46.873 53.810 56.743 44.673 34.604 31.541 39.478 5.444 0.000 0.000 0.000 27.853 37.826 44.789 45.748 45.707 47.666 55.627 53.590 49.555 47.521 43.488 37.458 32.428 30.401 31.374 30.350 35.327 28.307 29.289 30.273 32.258 53.238 0.000 0.000 0.000 23.332 65.327 25.319 34.308 25.293 64.279 82.270 42.259 30.248 32.237 32.226 32.215 32.205 32.194 29.184 29.174 28.164 29.155 29.147 29.138 45.130 60.123 33.115 93.107 65.100
0.000 17.247 40.258 33.263 52.256 52.239 47.212 38.179 32.140 33.096 34.046 44.991 47.930 39.863 42.790 51.712 52.636 42.575 0.000 0.000 1.170 0.094 32.897 38.858 42.817 41.775 42.733 42.691 40.650 47.611 48.575 48.539 49.506 46.473 45.442 46.412 37.384 32.357 33.331 30.306 31.284 30.263 29.245 31.229 46.218 0.000 0.000 0.000 23.343 67.335 29.327 5.317 0.000 10.276 49.273 31.262 32.251 30.241 30.230 30.219 29.208 28.197 29.186 29.175 28.165 29.155 28.146 27.137 30.129 26.122 22.113 86.103 95.096
0.000 14.355 34.352 44.345 54.331 45.309 45.280 47.246 45.206 36.162 42.112 51.056 39.994 32.923 31.842 37.751 47.651 54.548 18.423 10.299 36.172 36.050 30.936 39.865 44.810 45.762 41.717 41.673 33.632 30.594 30.557 30.523 29.489 27.457 34.426 48.395 47.366 46.337 41.310 32.284 30.259 31.236 30.215 30.197 31.186 0.000 0.000 0.000 38.362 5.344 9.335 0.000 0.000 0.000 28.284 8.267 11.254 28.245 27.235 27.223 28.211 30.199 30.187 30.176 29.165 29.155 27.145 27.136 28.128 16.122 0.000 6.095 89.088
0.000 13.465 37.452 56.435 47.413 44.386 44.355 45.318 44.278 46.233 51.184 40.128 34.066 33.993 33.905 32.798 33.671 39.544 56.423 54.302 33.170 32.040 30.934 31.856 43.796 41.746 52.700 40.653 33.612 31.574 32.539 31.505 36.472 44.440 40.408 34.377 40.347 50.318 47.288 46.260 37.232 30.206 30.181 31.160 29.144 0.000 0.000 38.408 26.398 0.000 0.000 40.340 35.338 34.329 26.312 0.000 0.000 33.250 30.240 30.228 30.214 30.201 30.188 30.176 30.165 30.154 30.144 29.134 30.125 32.117 22.109 0.000 31.081
1.667 26.587 51.557 47.530 36.501 41.469 46.433 41.395 47.353 53.309 45.261 33.208 32.148 34.077 33.988 37.865 38.689 32.533 43.423 39.316 36.164 33.008 29.902 36.828 40.772 42.727 33.685 60.627 48.588 38.552 30.519 36.486 55.454 65.422 58.390 35.359 37.328 40.297 44.266 49.236 47.205 43.175 32.145 29.116 36.085 42.045 0.000 13.417 34.426 0.000 0.000 10.343 30.345 30.337 30.323 35.310 34.291 30.266 29.249 30.233 30.218 30.203 30.189 30.176 30.164 30.153 30.142 30.131 29.121 29.111 30.101 33.088 29.078
13.736 47.695 53.660 38.626 33.591 35.554 37.515 48.474 52.432 63.389 62.344 55.295 44.241 33.181 36.104 2.985 0.000 31.476 37.419 34.376 0.000 30.924 34.840 51.782 50.737 53.705 0.000 25.584 65.559 59.529 45.498 51.466 69.435 69.404 67.372 36.341 42.309 42.277 44.244 32.211 41.177 47.143 46.109 45.073 58.037 67.005 0.000 0.000 24.463 49.501 0.000 0.000 53.364 34.351 34.334 34.316 34.296 35.275 29.256 28.239 32.221 29.204 29.189 29.176 29.163 30.151 29.139 28.128 28.117 28.107 28.096 28.085 27.075
12.823 58.796 44.761 33.723 33.684 33.643 46.599 44.554 61.513 76.472 73.430 70.387 65.342 56.299 47.264 0.000 0.000 0.000 25.403 36.391 0.000 0.000 27.752 45.724 44.690 59.651 31.597 32.565 65.537 70.507 66.477 65.447 68.417 68.386 69.355 48.323 40.290 42.257 42.223 32.187 41.150 35.112 54.073 25.031 63.986 85.932 56.851 26.801 0.000 27.539 0.000 29.428 89.395 42.369 44.346 44.324 40.302 41.282 33.262 28.244 10.223 29.203 29.189 32.175 35.162 45.149 35.137 30.125 31.113 31.102 31.091 31.081 31.070
44.938 48.905 42.864 40.822 35.778 47.733 41.685 54.631 32.593 2.556 53.518 72.479 71.442 72.410 55.390 0.000 0.000 0.000 19.399 42.395 0.000 0.000 24.692 39.674 34.646 61.613 72.576 72.544 68.515 68.486 68.457 69.428 68.399 68.369 68.338 62.306 37.273 39.238 37.202 32.164 43.125 44.083 47.040 3.994 48.943 84.886 54.819 72.751 33.660 19.576 31.522 87.461 75.418 47.385 41.357 43.332 37.308 31.287 29.268 27.253 0.000 35.198 43.187 51.173 58.160 67.146 56.134 36.121 30.109 31.098 31.087 31.076 31.066
56.085 45.022 44.970 40.921 47.875 44.828 47.775 71.693 58.671 41.641 62.606 71.570 70.537 69.510 49.495 0.000 0.000 0.000 0.000 0.000 0.000 0.000 30.650 39.633 50.608 66.579 68.549 68.520 68.492 68.465 68.438 68.410 68.382 68.353 68.322 68.291 54.257 44.222 37.184 30.144 34.101 34.056 39.009 57.960 43.908 78.851 64.789 71.724 78.653 64.585 69.528 78.476 54.433 55.396 41.365 40.338 32.313 29.290 30.269 32.249 46.226 52.204 70.188 69.172 68.158 67.144 67.130 57.118 35.105 30.093 31.082 31.071 31.060
47.198 35.130 37.072 49.019 45.972 45.929 15.896 0.000 50.760 76.730 71.695 70.659 72.626 54.599 40.584 24.603 0.000 0.000 0.000 0.000 0.000 0.000 36.625 53.600 65.573 68.547 68.520 68.495 68.469 68.444 68.419 68.393 68.366 68.338 68.308 68.277 69.243 63.207 55.168 47.125 45.080 48.032 38.982 55.930 34.877 76.821 9.763 30.703 65.642 37.584 28.530 84.482 48.440 52.403 50.370 31.341 29.315 30.291 30.268 38.247 59.225 70.205 67.187 67.171 67.155 64.141 63.127 61.113 60.101 34.089 30.077 30.066 30.055
37.296 34.228 47.167 47.113 42.064 62.020 15.985 24.960 64.877 71.826 70.784 70.745 70.709 46.675 46.640 57.621 0.000 0.000 0.000 0.000 0.000 0.000 0.000 3.569 62.539 74.515 69.492 68.469 68.446 68.424 68.401 68.376 68.351 68.325 68.296 68.266 68.233 69.196 70.155 67.110 67.061 70.009 49.955 55.901 29.848 70.794 6.739 8.684 61.629 31.577 41.528 75.482 56.442 48.405 52.372 29.343 30.315 29.290 31.267 41.245 62.224 63.204 68.185 67.168 62.152 59.137 63.123 68.109 67.096 56.083 37.071 36.060 35.049
33.385 47.318 48.257 36.201 47.150 68.104 61.061 67.019 72.964 70.914 70.869 70.828 67.789 51.753 1.699 0.000 0.000 0.000 0.000 0.000 0.000 0.000 0.000 0.000 7.498 19.481 60.463 69.444 68.424 68.404 68.383 68.361 68.338 68.313 68.287 70.258 69.225 69.189 68.147 70.100 69.046 68.989 58.929 56.873 33.819 45.767 75.716 54.665 62.615 31.567 59.521 53.478 56.439 44.404 38.371 30.341 30.314 30.288 38.265 43.242 44.221 49.201 57.182 55.165 56.148 67.133 67.118 67.104 67.091 68.078 62.066 58.054 56.043
48.469 48.402 37.341 33.285 48.232 67.184 73.138 72.092 71.044 70.997 70.952 71.908 62.867 55.835 0.000 0.000 0.000 0.000 0.000 0.000 0.000 0.000 0.000 0.000 16.474 36.450 63.434 69.419 68.402 68.385 68.367 68.348 68.327 68.304 70.280 70.253 70.222 62.187 67.145 70.095 73.035 70.970 64.901 60.842 48.790 32.740 80.692 63.645 65.598 30.554 76.511 40.471 21.434 38.399 29.367 30.338 29.311 38.285 44.261 43.239 43.217 42.197 35.178 31.161 61.144 67.128 67.113 67.099 67.085 67.072 68.060 68.048 68.036
45.547 36.482 34.421 32.364 49.311 69.261 71.214 71.168 71.122 71.077 71.033 72.987 51.936 49.885 0.000 0.000 0.000 0.000 0.000 0.000 0.000 0.000 0.000 0.000 0.000 50.412 69.405 68.394 68.382 68.368 68.352 68.336 70.317 69.297 69.276 69.252 63.224 41.191 57.150 67.102 18.030 8.954 42.862 49.805 58.757 45.711 66.667 84.624 69.581 36.539 78.499 2.461 14.426 27.393 30.362 30.333 32.306 42.280 40.256 41.234 43.213 46.193 40.174 41.156 57.139 67.122 67.107 67.093 67.079 67.066 67.053 67.041 67.030
36.621 34.557 39.496 44.440 59.387 71.337 71.289 71.243 71.200 71.158 71.116 72.072 59.004 0.000 0.000 0.000 0.000 0.000 0.000 35.310 0.000 14.312 0.000 0.000 0.000 25.382 60.379 67.372 68.363 68.352 68.339 68.325 70.309 68.292 68.274 68.254 52.232 48.204 10.162 12.132 0.000 0.000 27.788 34.760 56.722 42.682 47.642 90.602 73.562 52.523 62.486 12.450 57.416 34.384 30.354 30.325 32.299 41.274 52.250 52.228 54.207 60.187 55.168 66.150 67.133 67.116 67.101 67.086 67.072 67.059 67.046 67.034 67.022
37.691 34.628 41.569 60.512 71.459 71.409 71.362 71.317 71.275 71.237 71.204 77.179 0.000 0.000 0.000 0.000 0.000 0.000 35.310 47.310 34.311 49.312 45.313 0.000 15.342 47.354 54.356 65.353 68.347 68.338 68.328 69.316 68.303 68.289 68.274 64.259 53.244 58.232 0.000 0.000 0.000 11.738 44.744 36.724 54.689 30.653 32.617 80.580 79.543 71.506 57.470 57.436 46.404 41.373 30.344 30.317 30.291 40.267 62.243 69.221 68.200 68.180 60.161 67.143 67.126 67.109 67.094 67.079 67.065 67.051 67.039 67.026 67.015
35.758 33.696 48.638 68.582 72.529 71.480 71.433 71.389 71.348 71.312 71.282 78.263 0.000 0.000 0.000 0.000 0.000 0.000 24.310 44.310 44.311 43.312 46.314 30.320 38.330 46.337 46.339 63.337 69.333 68.326 68.318 68.308 68.298 68.287 69.275 61.264 57.254 51.248 0.000 0.000 0.000 4.732 8.726 36.702 55.657 32.624 28.593 67.559 84.524 81.488 62.453 41.421 40.390 41.361 32.333 29.307 30.282 33.258 44.235 64.213 67.193 67.173 59.154 67.136 67.118 67.102 67.086 67.071 67.057 67.044 67.031 67.019 67.007
34.822 36.761 56.704 72.649 71.597 71.547 71.501 71.457 71.416 71.380 73.350 71.327 0.000 0.000 0.000 0.000 0.000 0.000 10.310 49.310 55.310 60.311 51.313 50.316 44.321 40.325 51.326 65.324 68.321 68.316 71.309 69.301 68.293 68.284 68.276 63.268 55.261 50.258 25.260 0.000 0.000 0.000 0.000 0.000 47.613 33.595 29.570 62.539 93.505 74.469 53.435 44.404 46.375 44.347 39.321 28.296 30.272 29.249 33.226 52.205 67.184 67.165 59.146 67.128 67.110 67.094 67.078 67.063 67.049 67.035 67.023 67.010 66.999
34.884 44.824 64.767 72.712 71.661 71.613 71.566 71.521 71.480 72.443 70.410 58.368 42.368 0.000 0.000 0.000 0.000 0.000 12.309 50.309 59.310 59.309 63.309 65.311 48.313 47.315 62.315 68.314 68.311 68.307 69.302 68.296 68.289 68.282 68.276 66.270 54.265 55.263 49.263 0.000 0.000 0.000 0.000 0.000 33.586 33.575 27.554 72.524 60.488 66.448 36.414 56.385 50.358 43.332 43.308 34.284 29.261 30.239 29.217 41.196 64.175 66.156 60.137 67.119 68.102 67.085 67.069 67.055 67.040 67.027 67.014 67.002 66.990
