results3_8e3_rain/res_3e8f-0138.wd
ncols         241
nrows         181
xllcorner     12693529.787448
yllcorner     3542525.717860
cellsize      155.156523
NODATA_value  -9999.000000
[rows 66 to 98 of 181, columns 146 to 218 of 241]
33.944 48.884 70.827 71.773 71.723 71.676 71.629 71.583 71.538 74.502 10.480 0.000 0.000 0.000 0.000 0.000 0.000 0.000 43.309 18.309 0.000 25.307 55.305 55.305 55.306 62.307 68.306 68.305 68.303 68.299 68.295 68.291 68.285 68.280 68.275 70.271 55.268 56.265 48.265 0.000 0.000 0.000 0.000 0.000 24.571 31.563 40.546 34.515 12.474 10.420 25.389 46.363 54.340 48.317 43.294 43.272 33.250 30.228 30.207 33.186 54.166 66.146 61.128 50.110 57.092 64.076 68.060 68.045 67.031 67.018 67.005 66.993 66.981
37.001 55.941 73.884 71.831 71.783 71.738 71.693 71.644 76.588 65.547 35.528 32.536 0.000 0.000 0.000 0.000 0.000 14.308 16.309 0.000 0.000 0.000 25.299 56.299 65.299 68.299 68.299 68.298 68.296 72.293 70.290 68.286 68.282 68.278 67.275 59.271 53.269 59.267 49.266 0.000 0.000 0.000 0.000 16.564 30.565 35.560 31.553 0.000 0.000 7.371 27.358 30.340 44.321 53.301 42.280 41.259 39.238 30.217 30.196 29.176 35.156 59.136 66.118 51.100 53.082 55.066 57.050 61.035 65.021 67.008 67.995 66.983 66.971
42.056 62.995 72.936 71.884 71.840 71.800 69.760 68.711 23.623 8.570 39.549 45.544 10.545 0.000 0.000 0.000 0.000 0.000 0.000 0.000 0.000 9.290 38.292 58.293 68.293 68.293 68.292 68.291 68.289 70.287 69.285 68.282 68.279 69.276 59.273 57.271 60.269 55.268 47.267 0.000 0.000 0.000 0.000 34.564 37.564 0.000 0.000 0.000 2.326 35.336 37.331 47.319 50.303 61.286 59.267 47.247 36.227 28.206 30.186 30.165 25.145 39.126 56.107 60.089 65.072 62.055 55.040 60.025 63.011 62.998 60.985 62.973 65.962
47.111 70.046 73.981 74.930 71.894 72.863 67.837 13.818 0.000 38.561 39.552 44.548 52.547 0.000 0.000 0.000 0.000 0.000 0.000 0.000 0.000 21.287 44.287 57.287 69.287 68.287 68.286 68.285 68.284 69.282 68.280 68.278 68.275 65.274 59.272 24.272 0.000 0.000 0.000 0.000 0.000 0.000 0.000 30.564 37.564 0.000 0.000 0.000 52.316 38.316 33.311 61.301 66.288 67.272 71.255 65.236 53.216 33.195 30.175 30.154 28.134 29.115 35.096 36.078 43.061 51.044 58.029 62.014 63.000 63.987 59.974 62.962 63.951
29.167 34.097 44.013 19.962 76.941 73.921 58.907 35.906 5.937 0.000 0.000 0.000 0.000 0.000 0.000 0.000 0.000 0.000 0.000 0.000 0.000 22.285 47.283 50.282 66.282 68.281 68.281 68.280 72.279 71.277 68.275 68.274 69.272 60.271 63.270 0.000 0.000 0.000 0.000 0.000 0.000 0.000 0.000 0.000 24.563 33.562 0.000 0.000 83.306 46.303 28.296 59.287 67.275 67.261 67.244 70.226 69.206 49.185 32.164 30.143 28.123 31.103 32.084 40.066 45.049 34.032 34.017 39.002 43.988 49.975 54.963 58.951 62.940
75.229 54.163 0.000 0.000 80.989 72.972 59.965 41.963 8.968 0.000 0.000 0.000 0.000 0.000 0.000 0.000 0.000 0.000 0.000 0.000 0.000 0.000 8.277 52.277 68.277 68.276 68.276 68.275 70.274 69.273 68.271 68.270 69.269 57.268 67.267 0.000 0.000 0.000 0.000 0.000 0.000 0.000 0.000 0.000 0.000 0.560 8.559 0.000 20.299 36.292 29.284 59.275 67.265 67.252 68.236 68.217 68.197 61.175 37.153 33.132 31.111 28.091 49.072 61.054 67.036 51.020 44.004 39.990 37.976 34.964 34.951 34.940 62.929
51.302 0.000 0.000 78.159 78.054 76.014 67.016 52.012 8.005 0.000 0.000 0.000 0.000 0.000 0.000 0.000 0.000 0.000 0.000 0.000 0.000 0.000 34.272 57.272 69.272 68.271 68.271 69.270 68.269 68.268 68.267 68.266 69.265 62.264 27.264 0.000 0.000 0.000 0.000 0.000 0.000 0.000 0.000 0.000 0.000 0.000 0.000 0.000 0.000 33.283 32.274 50.266 65.257 68.245 62.230 58.211 64.189 55.165 38.142 37.120 46.099 41.079 64.059 68.040 67.023 65.006 64.991 61.977 59.964 56.951 52.939 44.928 64.918
78.345 68.344 74.317 30.264 0.000 0.000 73.075 47.065 8.035 0.000 10.237 0.000 0.000 0.000 0.000 0.000 0.000 0.000 0.000 0.000 0.000 0.000 50.268 62.267 69.267 68.267 68.266 70.266 70.265 68.264 68.263 68.262 67.262 63.261 12.260 0.000 0.000 0.000 0.000 0.000 0.000 0.000 0.000 0.000 0.000 0.000 0.000 0.000 0.000 0.000 21.262 47.258 65.251 66.242 47.230 50.208 52.183 49.153 34.130 31.108 54.087 63.065 67.045 69.026 69.008 69.992 67.977 67.963 68.950 67.938 68.927 68.916 67.906
80.388 72.371 77.344 28.315 0.000 0.000 64.143 12.137 0.000 0.000 42.237 5.237 0.000 0.000 0.000 0.000 0.000 0.000 0.000 0.000 0.000 0.000 53.263 65.263 69.263 68.263 68.262 69.262 69.261 68.261 68.260 69.259 65.258 60.257 10.256 0.000 0.000 0.000 0.000 0.000 0.000 0.000 0.000 0.000 0.000 0.000 0.000 0.000 13.251 15.252 26.254 42.253 64.249 66.243 12.238 0.000 0.000 39.134 33.116 28.097 42.075 61.051 67.029 69.010 68.992 68.976 66.962 66.949 67.936 66.924 66.913 67.903 67.893
72.449 72.408 72.372 70.338 57.310 43.270 36.217 35.204 31.225 34.233 37.237 37.237 9.237 0.000 0.000 0.000 0.000 0.000 14.244 16.244 0.000 6.258 52.259 66.259 68.259 68.259 68.259 68.258 68.258 68.257 68.256 68.255 50.254 45.253 43.252 38.250 2.249 0.000 0.000 0.000 0.000 0.000 0.000 0.000 0.000 0.000 0.000 0.000 17.251 43.251 34.251 38.250 58.247 59.244 32.242 0.000 0.000 0.000 30.102 35.088 34.066 53.035 66.011 66.992 66.975 66.960 66.946 66.933 66.921 66.910 66.900 66.890 66.881
72.486 72.441 72.397 71.357 68.320 70.284 44.252 23.236 61.237 34.239 38.240 14.238 0.000 0.000 0.000 0.000 0.000 0.000 14.244 60.244 9.245 0.000 51.254 65.255 69.255 68.255 70.255 71.255 69.254 68.254 68.253 66.252 59.251 50.250 51.249 50.248 3.248 0.000 0.000 0.000 0.000 0.000 0.000 0.000 0.000 0.000 0.000 0.000 11.250 46.250 38.249 45.248 60.247 55.245 61.244 0.000 0.000 0.000 0.000 0.000 0.000 43.012 65.989 66.972 66.956 66.942 66.929 66.917 66.906 66.896 66.886 66.876 66.867
72.518 72.471 73.419 75.372 72.331 72.295 71.269 72.253 63.248 41.246 13.245 0.000 0.000 0.000 0.000 0.000 0.000 0.000 1.244 53.244 40.245 30.247 46.250 68.251 68.252 68.252 68.252 68.252 68.251 68.251 68.250 68.249 66.248 45.247 49.246 56.245 0.000 0.000 0.000 0.000 0.000 0.000 0.000 0.000 0.000 0.000 0.000 0.000 7.250 58.249 2.249 25.248 48.246 55.245 16.244 0.000 0.000 0.000 0.000 0.000 0.000 0.000 54.962 67.950 66.936 66.923 66.911 66.900 66.890 66.881 66.871 66.863 66.854
75.552 71.508 68.436 70.381 73.336 73.296 75.274 72.261 70.254 57.251 6.250 0.000 0.000 0.000 0.000 0.000 0.000 0.000 0.000 9.244 44.245 36.246 52.247 70.248 68.249 68.249 68.249 68.249 68.249 68.248 68.247 68.246 69.245 58.244 45.243 49.242 55.239 0.000 0.000 0.000 0.000 0.000 0.000 0.000 0.000 0.000 0.000 0.000 0.000 3.249 0.000 0.000 33.245 52.245 0.000 0.000 0.000 0.000 0.000 0.000 0.000 0.000 42.947 63.931 66.916 66.903 66.892 66.883 66.874 66.865 66.857 66.849 66.841
68.593 29.572 0.000 0.000 0.000 65.280 70.271 76.263 72.258 61.255 11.253 0.000 45.255 15.255 0.000 0.000 0.000 0.000 0.000 0.000 36.243 40.244 61.245 69.246 70.246 71.247 68.247 68.247 68.246 68.246 68.245 68.244 68.243 69.242 48.240 30.239 39.237 0.232 0.000 0.000 0.000 0.000 0.000 0.000 0.000 0.000 0.000 0.000 0.000 0.000 0.000 0.000 22.244 55.244 0.000 0.000 0.000 0.000 0.000 0.000 0.000 0.000 0.000 43.912 63.893 66.882 66.873 66.865 66.857 66.850 66.842 66.835 66.827
63.627 20.615 0.000 0.000 40.272 38.272 55.268 74.263 71.259 56.257 37.255 41.255 45.255 11.255 0.000 0.000 0.000 0.000 7.238 0.000 37.242 48.242 68.243 68.244 71.244 71.245 68.245 68.245 68.244 68.244 68.243 68.242 68.241 69.239 65.238 60.236 49.234 29.231 23.230 0.000 0.000 0.000 0.000 0.000 0.000 0.000 0.000 0.000 0.000 0.000 0.000 0.000 24.244 16.244 0.000 0.000 0.000 0.000 0.000 0.000 0.000 0.000 0.000 0.000 48.863 64.858 66.852 66.846 66.841 66.834 66.828 66.821 66.814
69.653 50.646 22.652 0.000 0.000 40.269 40.266 62.262 74.260 52.258 39.256 44.256 22.256 0.000 0.000 0.000 0.000 0.000 36.238 29.238 34.240 51.241 70.242 70.242 71.243 68.243 68.243 68.243 68.243 68.242 68.241 68.240 68.239 68.238 68.236 70.234 59.232 47.230 36.228 37.226 30.225 21.224 26.223 0.000 0.000 0.000 0.000 0.000 0.000 0.000 0.000 0.000 27.244 2.244 0.000 0.000 0.000 0.000 0.000 0.000 0.000 0.000 0.000 0.000 33.837 61.835 65.832 66.828 66.824 66.820 66.814 66.808 66.801
72.672 63.664 16.658 0.000 0.000 0.000 39.263 44.261 71.259 59.258 40.257 43.256 18.256 0.000 0.000 0.000 0.000 0.000 39.237 32.238 35.239 53.239 72.240 71.241 69.241 69.242 68.242 68.242 68.241 68.241 68.240 69.239 69.238 69.236 63.234 54.232 58.230 65.229 58.227 56.225 44.224 31.224 38.223 0.000 0.000 0.000 0.000 0.000 0.000 0.000 0.000 0.000 0.000 0.000 0.000 0.000 0.000 0.000 0.000 0.000 0.000 0.000 0.000 0.000 25.814 56.813 66.813 68.811 68.809 68.806 67.801 66.796 66.789
72.686 47.681 0.000 0.000 0.000 0.000 0.000 46.259 59.258 53.257 52.257 49.256 39.256 17.256 0.000 0.000 0.000 0.000 38.237 31.237 36.238 51.238 63.239 60.240 55.240 57.241 62.241 67.241 69.240 69.240 67.239 57.238 55.237 60.235 49.232 46.230 46.229 57.227 61.226 56.225 42.224 31.223 3.223 0.000 0.000 0.000 0.000 0.000 0.000 0.000 0.000 0.000 0.000 0.000 0.000 0.000 0.000 0.000 0.000 0.000 0.000 0.000 0.000 0.000 13.790 38.793 44.794 46.795 46.794 47.793 56.790 65.786 66.779
71.696 37.693 0.000 0.000 0.000 0.000 0.000 41.258 35.258 34.257 42.257 42.256 42.256 38.256 11.256 0.000 0.000 0.000 43.236 38.236 43.237 53.237 56.238 59.239 17.240 0.000 0.000 8.240 69.240 66.239 55.238 10.237 0.000 0.000 48.230 80.228 73.227 52.226 58.225 52.224 41.223 26.222 29.222 0.000 0.000 0.000 0.000 0.000 0.000 0.000 0.000 0.000 0.000 0.000 0.000 0.000 0.000 0.000 0.000 0.000 17.726 38.729 49.736 48.747 66.765 74.773 75.777 73.780 75.781 62.781 45.780 63.777 66.771
69.704 34.701 0.000 0.000 0.000 0.000 0.000 41.258 37.258 16.257 0.000 0.000 0.000 0.000 0.000 0.000 0.000 0.000 49.235 43.235 38.236 34.236 20.236 0.000 0.000 0.000 0.000 0.000 0.000 0.000 42.236 4.236 0.000 0.000 0.000 43.226 76.225 36.225 37.224 36.223 32.222 35.222 82.221 41.221 0.000 0.000 0.000 0.000 0.000 0.000 0.000 0.000 0.000 0.000 0.000 0.000 0.000 0.000 0.000 0.000 3.722 85.726 81.731 63.740 64.750 61.757 62.762 84.766 77.769 63.771 43.773 52.772 51.769
55.708 36.706 30.707 0.000 0.000 0.000 0.000 0.000 39.257 23.257 0.000 0.000 0.000 0.000 0.000 0.000 0.000 0.000 49.234 49.234 50.235 33.235 8.235 0.000 0.000 0.000 0.000 0.000 0.000 0.000 38.235 15.235 0.000 0.000 0.000 42.225 91.224 55.223 58.223 53.222 38.221 56.221 110.221 107.220 38.220 0.000 0.000 0.000 0.000 0.000 0.000 0.000 0.000 0.000 0.000 0.000 0.000 16.707 6.708 4.711 13.716 88.720 55.725 63.731 54.738 35.744 46.749 89.753 55.757 42.761 49.768 3.770 0.000
39.710 39.708 25.708 0.000 0.000 0.000 0.000 0.000 0.000 0.000 0.000 0.000 0.000 0.000 0.000 0.000 0.000 0.000 52.234 43.234 37.234 35.234 9.234 0.000 0.000 0.000 0.000 0.000 0.000 35.234 28.234 53.234 49.234 0.000 1.224 48.224 54.224 46.223 89.221 78.221 49.221 2.221 66.220 121.220 5.220 0.000 0.000 0.000 0.000 0.000 0.000 0.000 0.000 0.000 0.000 0.000 67.706 105.706 96.707 92.708 39.711 83.714 51.717 40.722 87.727 68.731 88.736 69.740 39.745 47.749 0.000 0.000 0.000
42.711 43.710 35.709 0.000 0.000 0.000 0.000 0.000 0.000 0.000 0.000 0.000 0.000 0.000 0.000 0.000 0.000 0.000 6.233 47.233 37.233 15.233 0.000 0.000 0.000 0.000 0.000 0.000 0.000 37.233 34.234 10.234 0.000 0.000 0.000 22.224 1.223 0.000 2.220 44.218 0.217 0.000 22.220 88.220 43.220 0.000 0.000 0.000 0.000 0.000 0.000 0.000 0.000 0.000 0.000 0.000 23.706 3.705 67.705 71.705 22.706 83.707 60.709 33.712 51.716 101.719 115.724 49.728 37.734 4.741 0.000 0.000 13.635
41.711 42.710 42.709 46.708 38.708 0.000 0.000 0.000 0.000 0.000 0.000 0.000 0.000 0.000 0.000 0.000 0.000 0.000 0.000 37.232 33.232 17.232 0.000 0.000 0.000 0.000 0.000 0.000 38.233 35.233 12.233 0.000 0.000 0.000 0.000 0.000 0.000 0.000 0.000 48.215 0.000 0.000 22.220 0.000 0.000 0.000 0.000 0.000 0.000 0.000 0.000 0.000 0.000 0.000 0.000 0.000 0.000 0.000 43.701 62.701 21.701 85.700 65.701 35.702 84.704 87.707 82.711 90.715 54.720 0.000 0.000 0.000 27.628
43.710 21.709 32.709 41.708 41.707 41.707 40.707 0.000 0.000 0.000 0.000 0.000 0.000 0.000 0.000 0.000 0.000 0.000 0.000 39.231 35.231 19.231 0.000 0.000 0.000 0.000 0.000 0.000 0.000 41.233 13.233 0.000 0.000 0.000 0.000 0.000 0.000 0.205 12.211 35.212 39.211 16.210 0.000 0.000 0.000 0.000 0.000 0.000 0.000 0.000 0.000 0.000 0.000 0.000 0.000 0.000 0.000 0.000 46.698 66.698 26.696 86.693 71.691 85.691 85.692 44.695 37.698 82.703 31.711 0.000 0.000 28.610 36.617
48.708 0.000 0.000 38.707 27.707 0.000 40.706 30.706 0.000 0.000 0.000 0.000 0.000 0.000 0.000 0.000 0.000 0.000 0.000 38.231 35.231 23.231 0.000 0.000 0.000 0.000 0.000 0.000 0.000 0.000 0.000 0.000 0.000 0.000 0.000 0.000 0.000 0.000 51.210 68.210 29.210 0.000 0.000 0.000 0.000 0.000 0.000 0.000 0.000 0.000 0.000 0.000 0.000 0.000 0.000 0.000 0.000 0.000 81.697 67.695 28.691 86.684 83.680 75.679 67.679 53.681 54.683 23.686 0.000 0.000 12.599 31.603 38.607
45.705 0.000 0.000 25.707 17.707 0.000 0.000 0.000 0.000 49.671 45.670 36.670 0.000 0.000 0.000 0.000 0.000 0.000 0.000 42.230 38.231 20.231 0.000 0.000 0.000 0.000 0.000 0.000 0.000 0.000 0.000 0.000 0.000 0.000 0.000 0.000 0.000 0.000 14.210 98.209 64.209 0.000 0.000 0.000 0.000 0.000 0.000 0.000 0.000 0.000 0.000 0.000 0.000 0.000 0.000 0.000 0.000 0.000 13.696 0.000 0.000 60.671 101.668 80.666 79.665 77.666 80.669 28.673 0.000 0.000 16.595 30.597 31.599
61.701 0.000 0.000 0.000 0.000 47.680 34.679 0.000 45.672 39.671 39.671 31.670 0.000 0.000 0.000 0.000 0.000 0.000 0.000 42.230 37.230 25.230 0.000 0.000 0.000 0.000 0.000 0.000 0.000 0.000 0.000 0.000 0.000 0.000 0.000 0.000 0.000 0.000 0.000 42.209 34.208 5.208 0.000 0.000 0.000 0.000 0.000 0.000 0.000 0.000 0.000 0.000 0.000 0.000 0.000 0.000 0.000 0.000 0.000 0.000 0.000 7.662 43.653 44.650 42.650 42.651 39.654 35.663 0.000 0.000 9.590 30.591 28.592
72.696 61.692 43.689 44.686 43.684 37.681 38.678 39.676 37.673 42.671 41.670 32.670 29.669 0.000 0.000 0.000 0.000 0.000 0.000 29.230 0.000 0.000 0.000 0.000 0.000 0.000 0.000 0.000 0.000 0.000 0.000 0.000 0.000 0.000 0.000 0.000 0.000 0.000 0.000 0.000 41.208 4.207 0.000 0.000 0.000 0.000 0.000 0.000 0.000 0.000 0.000 0.000 0.000 0.000 0.000 0.000 0.000 0.000 0.000 0.000 0.000 0.000 31.633 30.633 30.633 46.633 41.632 0.000 0.000 0.000 2.584 43.584 55.584
72.693 66.691 36.689 36.686 36.684 19.681 20.678 24.676 34.673 43.671 40.670 32.669 35.669 24.669 0.000 0.000 0.000 0.000 0.000 0.000 0.000 0.000 0.000 0.000 0.000 0.000 0.000 0.000 0.000 0.000 0.000 0.000 0.000 0.000 0.000 0.000 0.000 0.000 0.000 0.000 0.000 44.206 3.206 0.000 0.000 0.000 0.000 0.000 0.000 0.000 0.000 0.000 0.000 0.000 0.000 0.000 0.000 0.000 0.000 0.000 23.598 26.603 30.613 30.617 32.617 51.615 41.610 24.599 0.000 0.000 38.578 59.577 66.577
72.691 70.690 40.688 37.687 17.685 0.000 0.000 0.000 0.000 34.670 37.669 35.669 28.668 0.000 0.000 0.000 0.000 0.000 0.000 0.000 0.000 0.000 0.000 0.000 0.000 0.000 0.000 0.000 0.000 0.000 0.000 0.000 0.000 0.000 0.000 0.000 0.000 0.000 0.000 0.000 0.000 47.206 9.206 0.000 0.000 0.000 0.000 0.000 0.000 0.000 0.000 0.000 0.000 0.000 0.000 0.000 0.000 0.000 0.000 0.000 34.594 31.597 30.601 26.603 39.603 56.600 40.595 29.588 24.578 24.573 48.572 65.571 66.570
72.689 70.689 23.688 27.687 0.000 0.000 0.000 0.000 0.000 0.000 25.669 38.668 30.668 0.000 0.000 0.000 0.000 0.000 0.000 0.000 0.000 0.000 0.000 0.000 0.000 0.000 0.000 0.000 0.000 0.000 0.000 0.000 0.000 0.000 0.000 0.000 0.000 0.000 0.000 0.000 0.000 0.000 15.206 0.000 0.000 0.000 0.000 0.000 0.000 0.000 0.000 0.000 3.572 11.572 0.000 0.000 0.000 0.000 0.000 28.584 26.587 25.590 30.591 44.592 57.591 47.588 31.584 29.579 31.573 28.569 49.566 67.565 66.564
72.687 46.688 0.000 0.000 0.000 0.000 0.000 0.000 0.000 0.000 0.000 28.667 35.667 33.666 0.000 0.000 0.000 0.000 0.000 0.000 0.000 0.000 0.000 0.000 0.000 0.000 0.000 0.000 0.000 0.000 0.000 0.000 0.000 0.000 0.000 0.000 0.000 0.000 0.000 0.000 0.000 0.000 0.000 0.000 0.000 0.000 0.000 0.000 0.000 0.000 0.000 0.000 0.000 4.573 6.573 0.000 33.575 25.576 23.578 35.580 49.582 54.583 56.583 56.582 42.580 30.577 29.574 29.570 28.566 30.563 53.560 68.559 66.557
