results3_8e3_rain/res_3e8f-0023.wd
ncols         241
nrows         181
xllcorner     12693529.787448
yllcorner     3542525.717860
cellsize      155.156523
NODATA_value  -9999.000000
[rows 132 to 164 of 181, columns 0 to 74 of 241]
52.444 57.445 61.447 61.451 63.456 63.462 57.469 48.477 34.487 23.498 22.511 23.526 22.543 21.562 26.583 40.607 51.634 56.664 56.698 53.736 45.777 36.821 27.870 21.929 27.009 29.078 28.146 29.220 27.273 22.315 36.354 59.394 26.443 0.000 0.000 0.000 0.000 19.206 31.213 28.239 30.257 36.272 54.280 40.284 24.286 23.286 23.284 35.282 56.281 0.000 0.000 0.000 0.000 0.000 0.000 0.000 0.000 0.000 0.000 0.000 0.000 0.000 0.000 0.000 0.000 0.000 0.000 39.600 62.482 66.383 66.270 76.348 103.806 94.140 94.081
30.481 32.482 35.485 41.488 51.493 57.499 62.506 62.515 55.525 41.536 30.549 24.563 28.580 35.600 48.622 63.646 62.674 59.704 59.737 62.774 62.813 58.857 46.905 34.959 27.021 22.082 23.141 22.199 23.247 31.287 53.319 61.342 0.000 0.000 0.000 0.000 0.000 5.200 23.195 32.200 33.222 30.250 31.258 41.263 36.265 29.266 33.267 41.267 54.267 0.000 0.000 0.000 0.000 0.000 0.000 0.000 0.000 0.000 0.000 0.000 0.000 0.000 0.000 0.000 0.000 0.000 46.844 68.719 64.586 73.549 64.603 103.952 92.702 94.193 99.433
22.518 22.520 22.522 24.526 29.531 33.537 40.544 49.552 57.562 60.573 54.586 52.600 54.617 57.637 56.659 49.684 40.712 38.742 38.774 43.810 49.848 56.889 59.934 58.983 48.035 38.088 33.139 31.188 40.231 56.267 57.296 43.314 0.000 0.000 0.000 0.000 0.000 0.000 6.169 33.144 12.183 0.212 15.242 30.244 45.247 49.249 51.251 52.253 48.253 0.000 0.000 0.000 0.000 0.000 0.000 0.000 0.000 0.000 0.000 0.000 0.000 0.000 31.387 1.344 67.218 89.125 121.943 77.884 72.916 53.857 89.909 94.385 94.270 103.020 92.527
23.556 23.557 23.560 23.563 22.568 21.574 23.581 28.590 34.599 44.610 54.622 56.637 49.653 39.673 33.695 25.720 21.748 21.778 21.810 23.844 28.881 34.920 41.961 54.005 59.051 61.097 60.142 56.184 59.223 52.257 34.284 26.304 5.315 0.000 0.000 0.000 0.000 0.000 0.000 32.027 0.000 0.000 8.225 33.227 52.230 60.234 46.237 49.240 35.242 0.000 0.000 0.000 0.000 0.000 0.000 0.000 0.000 0.000 0.000 0.000 0.000 18.412 37.412 110.369 139.277 122.138 105.667 104.588 96.242 94.885 94.730 94.564 59.795 104.699 96.280
23.594 23.595 23.598 23.601 23.606 23.612 23.619 22.627 22.637 25.647 31.658 30.672 26.687 22.707 22.729 22.756 23.784 23.814 23.846 23.878 22.913 21.949 23.987 30.026 37.067 46.108 54.148 50.186 39.222 27.254 23.282 28.306 36.327 12.348 0.000 0.000 0.000 0.000 13.796 34.910 0.000 0.000 27.208 59.210 61.214 40.219 43.226 42.231 30.233 19.231 0.000 0.000 0.000 0.000 0.000 0.000 0.000 0.000 0.000 0.000 0.000 0.000 62.481 68.408 64.386 65.529 63.490 95.299 95.169 95.032 62.198 64.961 66.817 68.470 18.427
23.632 23.633 23.636 23.639 23.645 23.651 23.658 23.666 23.674 23.684 22.694 22.706 22.720 23.738 23.762 23.791 23.820 23.850 23.881 23.912 23.944 23.978 24.012 23.048 22.084 23.121 27.157 25.192 24.225 28.256 31.285 30.312 28.339 30.371 30.416 27.459 27.506 31.570 6.682 0.000 0.000 0.109 45.189 59.192 39.197 32.204 31.218 11.225 7.228 0.000 0.000 0.000 0.000 0.000 0.000 0.000 0.000 10.171 25.152 0.000 8.835 71.730 78.657 76.707 74.678 75.747 95.543 95.423 76.497 83.272 76.107 81.864 73.691 52.617 0.000
23.670 23.671 23.674 23.678 23.683 23.689 23.697 23.705 23.713 23.721 23.730 23.739 23.750 23.765 23.791 23.826 23.858 23.888 23.917 22.946 29.976 32.007 24.038 23.070 22.103 23.136 25.169 28.201 31.232 30.262 25.291 26.320 33.349 36.382 32.419 26.456 23.492 32.522 0.000 0.000 0.000 40.163 49.170 36.175 28.179 48.183 0.000 0.000 0.000 0.000 0.000 0.000 0.000 0.000 0.000 0.000 20.234 62.190 91.135 52.038 84.873 93.013 89.948 89.022 95.879 95.771 95.659 88.612 90.470 90.155 89.001 87.917 5.818 0.000 0.000
23.708 23.709 23.712 23.716 23.722 23.729 23.736 23.744 23.752 23.760 26.766 26.771 24.776 28.784 26.813 23.864 23.898 23.927 22.954 20.980 32.008 40.036 26.065 23.094 25.123 28.153 30.183 29.212 26.241 28.270 33.299 35.328 36.358 36.389 31.423 25.456 34.485 53.505 0.000 0.000 0.000 14.158 37.155 34.159 38.164 58.167 0.000 0.000 0.000 0.000 0.000 0.000 0.000 0.000 0.000 18.333 70.281 86.219 89.135 94.109 91.245 88.222 96.178 96.082 95.983 87.969 88.737 89.591 89.258 89.216 82.135 59.026 0.000 0.000 0.000
23.746 23.747 23.750 23.755 23.761 23.769 23.777 23.786 23.794 24.801 31.805 31.805 8.801 0.000 0.000 27.922 21.946 24.970 30.992 34.015 34.041 30.066 26.092 27.118 30.145 29.171 28.198 30.225 34.252 34.280 36.308 35.336 26.366 21.397 23.428 36.460 55.489 65.511 0.000 0.000 0.000 0.000 45.133 47.144 54.151 53.155 0.000 0.000 0.000 0.000 0.000 0.000 0.000 0.000 22.445 66.393 88.306 91.310 90.384 90.371 89.448 96.360 96.270 88.217 89.000 89.842 89.614 89.455 89.399 81.321 73.272 0.000 0.000 0.000 0.000
23.784 23.786 23.788 23.793 23.800 23.809 23.819 23.829 23.838 25.846 34.849 45.846 21.823 0.000 0.000 12.957 38.994 31.015 29.032 29.049 27.074 26.098 28.121 30.144 28.167 24.190 26.214 38.239 40.264 30.290 24.317 21.345 21.374 26.404 40.435 56.468 53.502 37.539 9.583 0.000 0.000 16.046 45.101 27.133 18.144 10.149 0.000 0.000 0.000 0.000 0.000 0.000 0.000 15.562 66.503 88.404 90.586 89.571 89.671 96.622 96.537 96.450 88.305 90.164 89.862 89.722 89.652 89.566 83.477 70.404 60.361 0.000 0.000 0.000 0.000
23.823 23.823 23.825 23.830 23.839 23.851 23.863 23.875 23.886 25.895 35.903 22.907 0.000 0.000 0.000 0.000 35.059 27.066 29.074 28.077 26.110 29.132 30.152 27.171 24.190 20.211 30.231 44.253 31.276 21.301 22.327 27.355 37.383 48.412 59.443 52.476 30.514 25.561 44.629 51.745 52.865 56.992 32.093 0.191 0.000 0.000 0.000 0.000 0.000 0.000 0.000 0.000 20.673 66.600 88.602 90.774 89.793 96.862 96.785 96.705 88.615 89.393 90.259 89.943 89.912 89.838 89.749 90.644 78.552 49.454 38.407 0.000 0.000 0.000 0.000
22.862 22.861 23.861 23.866 23.877 23.892 23.908 23.922 23.936 26.949 36.962 7.973 0.000 0.000 5.150 7.143 24.119 26.117 14.120 0.000 34.159 29.170 25.184 24.199 22.215 24.231 40.249 43.268 25.289 28.312 40.338 49.364 58.392 56.420 44.449 30.481 23.518 39.563 43.628 31.743 12.858 10.967 0.929 0.236 0.000 0.000 0.000 9.964 4.964 0.000 0.000 14.766 66.779 89.869 90.885 88.989 97.013 96.938 88.820 89.610 90.464 90.255 90.116 90.076 90.009 89.944 92.861 56.712 36.632 0.000 0.000 0.000 0.000 0.000 0.000
31.904 29.900 26.893 24.896 21.911 21.935 21.956 21.972 20.988 26.004 38.023 21.052 2.110 10.143 28.159 24.162 21.159 27.162 22.173 9.198 29.198 23.205 22.216 22.228 24.240 38.253 46.266 12.282 4.300 54.323 59.348 54.375 43.401 33.427 25.454 21.482 32.514 44.547 12.578 0.000 0.000 0.000 0.628 0.737 0.000 0.000 1.957 29.964 13.964 0.000 0.000 47.018 89.056 88.177 97.236 97.163 97.089 88.882 90.744 90.455 90.330 90.282 92.222 87.154 89.109 90.070 101.040 0.000 0.000 0.000 0.000 0.000 0.000 0.000 0.000
32.950 34.943 40.917 41.916 41.937 38.984 40.008 39.025 38.041 38.057 40.077 23.103 27.137 26.163 23.180 26.189 26.195 25.201 30.211 32.224 26.232 20.239 22.248 24.257 38.266 43.274 32.283 26.294 35.310 58.331 41.358 32.387 24.413 22.436 24.459 23.483 37.509 46.537 10.559 0.000 0.000 0.000 2.354 0.707 2.800 8.896 10.950 3.972 0.000 0.000 25.230 67.287 97.446 97.377 97.308 89.159 89.941 90.813 90.507 90.486 91.426 91.363 64.301 42.219 77.203 91.186 96.188 36.242 0.000 0.000 0.000 0.000 0.000 0.000 0.000
26.006 20.005 0.000 0.000 0.000 31.059 28.069 28.081 28.094 32.108 41.126 22.148 23.172 22.193 25.209 29.221 30.230 28.239 27.248 30.258 31.266 28.274 22.281 39.288 45.294 36.297 42.298 59.303 56.315 38.337 26.366 22.405 24.428 24.446 23.463 28.482 44.504 46.534 38.563 41.576 12.579 0.000 0.000 0.000 7.897 14.937 4.976 2.003 0.000 20.290 68.420 97.581 97.514 89.343 90.128 90.987 90.786 90.655 90.623 91.559 89.500 83.440 8.403 0.000 59.296 94.285 91.284 90.297 0.000 0.000 0.000 0.000 0.000 0.000 0.000
24.065 16.067 0.000 0.000 0.000 27.124 23.129 23.137 23.146 27.158 41.173 19.191 23.211 27.229 29.245 30.258 27.268 24.277 22.286 24.294 34.302 47.310 42.316 43.322 20.326 14.325 66.309 52.307 19.310 0.000 0.000 27.440 24.449 24.459 26.468 19.480 3.491 0.000 5.585 45.588 21.582 0.000 0.000 0.000 3.954 8.981 3.014 8.061 8.228 46.437 97.683 88.572 92.288 91.164 90.964 90.838 90.797 90.745 91.687 91.634 56.577 32.496 18.469 21.458 72.401 93.375 89.366 80.365 0.000 0.000 0.000 0.000 0.000 0.000 0.000
24.123 24.133 7.163 0.000 0.000 28.187 24.188 24.192 23.198 24.206 39.218 26.234 29.252 31.270 30.285 25.298 22.308 23.317 23.325 22.333 32.340 55.347 51.354 38.360 31.365 22.367 0.000 0.000 0.000 0.000 0.000 29.467 24.471 26.474 9.470 0.000 0.000 0.000 7.605 24.609 0.000 0.000 0.000 3.983 10.984 7.018 1.072 0.000 0.867 45.844 97.808 91.463 91.196 91.003 90.971 90.919 90.861 90.807 88.757 79.712 12.680 0.000 29.520 88.504 93.473 91.451 85.438 75.433 0.000 0.000 0.000 0.000 0.000 0.000 0.000
21.173 23.181 20.194 0.000 0.000 28.248 23.247 21.247 23.248 27.252 31.261 30.276 30.296 28.314 22.329 23.341 23.351 24.359 24.367 29.374 47.380 46.387 39.393 48.400 46.407 17.413 0.000 0.000 0.000 0.000 0.000 29.493 24.494 27.497 0.000 0.000 0.000 20.611 40.622 9.637 0.000 0.000 0.000 0.000 2.979 3.074 3.219 0.879 1.242 98.156 97.984 90.389 91.200 91.083 91.032 90.976 90.921 92.869 77.821 60.778 20.750 0.000 44.587 74.565 83.538 92.516 81.503 70.497 0.000 0.000 0.000 0.000 0.000 0.000 0.000
28.216 26.225 15.239 0.000 14.338 22.313 24.305 28.301 29.298 30.295 28.299 29.315 27.342 23.362 23.377 24.388 24.397 23.404 25.410 48.416 47.421 29.428 42.434 40.442 44.451 42.466 5.495 0.000 0.000 0.537 5.531 25.519 24.518 24.524 19.545 11.561 28.578 27.603 21.635 43.682 0.000 0.000 0.000 0.000 1.767 0.297 1.522 25.802 50.136 98.285 92.777 92.461 92.183 91.148 91.089 91.034 91.979 89.927 44.878 21.831 33.792 34.751 88.675 90.631 70.598 80.574 75.559 48.556 13.575 0.000 0.000 0.000 0.000 0.000 0.000
29.250 30.266 27.299 15.349 29.364 29.363 29.360 30.356 30.348 31.334 43.325 25.345 23.395 23.418 24.431 24.440 24.446 25.451 39.455 50.459 25.464 29.469 56.475 48.483 36.493 39.506 42.525 26.548 31.556 46.553 39.543 27.535 20.534 20.539 31.550 47.561 34.573 6.587 0.000 33.774 22.868 0.445 4.283 9.349 5.418 0.000 0.000 40.900 93.152 98.377 89.748 92.358 93.264 91.205 91.147 91.091 84.036 73.983 30.933 1.885 10.835 11.787 72.732 114.687 95.651 71.622 63.603 42.594 51.595 4.594 0.000 0.000 0.000 15.344 57.345
34.271 34.293 30.342 30.386 30.408 31.416 31.418 27.416 24.404 23.368 0.000 0.000 27.478 24.485 24.490 24.495 23.498 26.500 50.502 36.504 21.507 27.511 44.516 61.523 56.532 53.542 51.553 47.564 43.568 42.564 50.554 47.547 41.546 37.551 40.556 44.562 6.567 0.000 0.000 0.000 0.000 0.000 5.312 15.346 11.382 2.381 0.000 40.068 98.558 98.467 92.654 94.452 91.318 91.263 92.204 88.146 72.090 65.036 70.984 76.933 60.881 82.831 97.780 114.734 123.695 107.662 69.637 74.622 49.615 0.000 0.000 0.000 0.000 0.000 6.345
0.000 0.000 34.393 29.445 29.467 24.476 21.483 23.487 18.487 0.000 0.000 0.000 28.556 24.554 24.552 24.552 24.551 42.550 49.549 22.549 24.550 24.553 27.557 33.564 35.570 35.577 31.584 34.589 50.589 43.583 34.563 37.554 44.554 48.562 51.564 48.565 23.566 0.000 0.000 0.000 0.000 0.000 0.161 9.341 0.000 0.000 10.004 70.236 98.650 90.051 93.708 93.425 91.384 91.319 92.259 87.200 74.143 40.087 47.033 89.980 100.927 132.875 123.824 95.776 83.732 100.694 79.663 73.641 48.630 0.000 0.000 0.000 0.000 0.000 11.346
0.000 0.000 0.000 38.537 23.540 21.540 23.552 23.563 24.571 0.000 0.000 17.677 25.638 24.623 24.615 24.611 26.607 50.603 35.598 21.594 24.592 24.594 24.599 23.605 23.610 23.614 22.617 29.619 58.619 37.616 0.000 0.000 0.000 39.580 49.575 33.571 38.568 25.567 0.000 0.000 0.000 0.000 0.270 0.000 0.000 0.000 28.183 98.838 98.743 92.920 94.615 90.500 91.437 91.374 91.312 91.253 78.195 41.138 56.082 93.027 88.972 122.918 117.865 86.813 91.764 77.719 58.680 76.651 54.633 0.000 0.000 0.000 0.000 0.000 10.347
22.813 18.810 0.000 30.626 40.617 41.593 22.624 34.642 41.665 17.717 15.732 25.717 24.698 24.685 24.677 24.670 43.664 47.656 22.648 24.639 23.632 22.632 24.641 24.648 24.652 24.653 23.654 31.653 60.651 41.649 0.000 0.000 11.626 36.606 49.585 28.575 18.571 0.000 0.000 0.000 0.000 1.134 5.142 0.000 0.000 7.162 69.377 98.935 90.232 93.883 93.605 91.558 91.490 91.426 91.365 92.304 83.245 72.187 95.130 120.073 108.017 124.961 121.904 115.847 122.791 88.737 65.689 75.649 83.618 12.592 0.000 0.000 0.000 0.000 11.349
24.818 23.808 18.781 24.727 23.710 0.000 45.709 37.717 24.732 25.754 25.765 24.762 24.753 24.745 24.738 27.731 50.723 33.713 23.699 24.683 30.668 38.662 24.687 22.695 24.697 23.696 26.693 50.689 58.685 33.682 21.683 9.670 31.648 30.635 0.000 0.000 0.000 0.000 0.000 0.000 0.000 0.000 0.000 0.000 10.368 67.427 89.555 99.033 91.180 91.777 91.675 91.608 91.542 91.478 91.415 92.355 83.295 66.236 62.178 95.120 85.062 99.004 101.944 89.882 91.817 63.751 40.689 54.639 121.599 74.566 9.536 0.000 21.369 42.359 79.351
24.834 24.825 24.809 24.791 24.788 18.809 34.788 50.787 26.794 23.805 24.812 24.813 24.810 24.805 23.800 46.794 48.785 22.773 24.755 25.727 22.697 0.000 43.752 38.751 25.747 23.741 41.734 60.727 44.719 24.710 24.700 25.680 28.662 32.652 0.000 0.000 0.000 0.000 0.000 0.000 0.000 0.000 0.000 0.000 33.571 90.650 99.233 99.132 91.078 91.860 91.720 91.658 91.592 91.528 91.465 90.404 75.344 77.285 97.226 116.167 115.108 120.048 124.986 111.919 109.846 96.760 45.678 43.618 119.573 83.539 21.505 14.442 79.379 112.358 131.349
24.860 24.849 24.841 24.842 24.845 24.851 24.848 35.849 50.854 26.861 23.866 24.869 24.869 22.867 30.864 51.860 31.853 23.842 25.821 23.773 0.000 0.000 31.819 32.810 38.800 37.788 45.777 44.766 25.755 23.743 25.726 28.691 33.668 33.659 0.000 0.000 0.000 0.000 0.000 0.000 0.000 0.000 0.000 0.000 42.003 95.949 99.336 90.481 92.111 91.824 91.777 91.706 91.640 91.576 91.514 91.453 77.393 73.333 94.274 95.215 95.156 98.095 98.032 96.965 101.887 74.764 50.647 65.582 80.537 19.510 0.000 0.000 23.349 49.343 71.341
24.899 26.871 26.867 24.891 24.899 24.904 24.906 24.909 35.914 50.920 26.925 21.929 21.932 38.932 50.932 44.930 21.927 24.922 20.917 0.000 0.000 17.936 24.896 24.873 30.855 47.838 47.822 40.807 33.793 25.782 12.773 0.000 47.662 27.660 0.000 0.000 0.000 0.000 0.000 0.000 0.000 0.000 0.000 0.000 15.828 99.551 99.441 91.335 92.011 91.890 91.821 91.753 91.687 91.623 91.561 92.501 87.441 77.382 72.323 71.264 71.205 71.145 71.083 75.020 48.974 0.000 18.563 74.525 70.485 31.454 0.000 0.000 22.324 68.326 46.328
25.966 0.000 0.000 24.956 23.959 22.962 22.964 21.968 21.973 34.980 49.987 42.993 49.997 52.000 39.001 23.002 30.003 30.005 18.008 0.000 0.000 28.978 24.956 26.933 50.910 57.887 35.866 26.847 33.831 40.819 28.812 0.000 7.660 25.659 0.000 0.000 0.000 0.000 0.000 0.000 0.000 0.000 0.000 0.000 4.274 99.659 96.657 92.274 91.991 91.937 91.865 91.797 91.732 91.669 91.608 91.548 92.489 91.430 89.372 88.313 88.255 89.196 91.136 65.057 7.016 0.000 3.517 59.471 90.423 81.368 54.300 30.280 47.297 50.308 8.318
25.035 24.057 0.000 24.020 35.020 39.021 43.023 48.026 51.032 52.042 52.052 52.060 38.066 25.070 41.073 58.076 59.080 59.087 52.103 30.144 0.000 26.042 24.020 32.993 60.965 47.937 24.910 23.886 25.867 28.853 19.845 0.000 0.000 0.000 0.000 0.000 0.000 0.000 0.000 0.000 0.000 0.000 3.172 4.438 1.872 99.752 100.581 96.158 92.048 91.975 91.906 91.839 91.775 91.713 91.653 91.594 91.537 91.479 91.422 91.363 92.305 95.248 67.209 0.153 0.000 0.000 0.000 4.420 60.369 91.296 82.252 58.242 35.277 4.293 0.000
25.083 27.081 23.103 25.086 40.080 39.080 35.082 31.084 30.088 26.105 47.119 37.129 48.137 39.142 55.146 51.150 44.155 45.163 56.174 62.187 51.183 52.129 44.092 52.057 60.022 32.987 23.953 24.923 24.898 23.881 23.872 25.875 20.875 0.000 29.855 20.853 0.000 0.000 0.000 0.000 0.000 0.000 71.987 69.216 99.851 99.810 94.464 95.225 92.079 92.013 91.944 91.878 91.816 91.755 91.697 91.640 91.584 91.528 91.472 93.414 98.353 67.282 7.246 0.000 0.000 0.000 0.000 0.000 1.290 52.196 87.171 37.160 0.000 0.000 0.000
27.134 0.000 22.145 25.140 25.138 25.139 24.141 25.141 27.134 25.173 37.192 32.204 41.212 52.218 40.221 25.224 26.229 27.237 28.245 33.248 46.235 56.200 62.162 60.122 49.080 25.037 24.993 24.954 24.924 24.902 25.888 48.881 21.876 0.000 25.857 0.000 0.000 0.000 0.000 0.000 0.000 3.744 91.981 94.229 99.877 92.855 92.461 92.171 92.119 92.046 91.979 91.915 91.855 91.796 91.740 91.685 91.632 91.579 93.525 78.469 32.411 0.000 0.000 0.000 0.000 0.000 0.000 0.000 0.000 23.088 85.077 37.067 0.000 0.000 0.000
28.187 0.000 22.194 25.193 25.194 25.198 25.203 26.207 0.000 24.263 28.272 39.283 39.291 47.296 52.298 38.298 23.301 23.311 23.323 25.325 27.310 28.277 29.235 29.189 28.141 27.089 23.029 22.979 23.941 24.917 35.900 49.884 20.873 14.866 16.861 0.000 0.000 0.000 0.000 0.000 0.000 7.790 90.938 99.909 99.892 91.671 92.340 92.215 92.144 92.076 92.011 91.950 91.891 91.836 91.782 91.730 91.679 91.629 96.581 52.525 0.000 0.000 0.000 0.000 0.000 0.000 0.000 0.000 0.000 25.993 85.980 44.966 0.000 0.000 0.000
