results3_8e3_rain/res_3e8f-0047.wd
ncols         241
nrows         181
xllcorner     12693529.787448
yllcorner     3542525.717860
cellsize      155.156523
NODATA_value  -9999.000000
[rows 99 to 131 of 181, columns 0 to 73 of 241]
0.000 0.000 0.000 0.000 0.000 48.086 88.085 90.081 81.074 76.073 0.000 0.000 0.000 0.000 0.000 0.000 0.000 56.026 53.026 0.000 0.000 0.000 0.000 50.958 49.957 0.000 0.000 0.000 0.000 0.000 0.000 0.000 0.000 0.000 5.034 51.031 47.025 46.013 46.995 47.975 60.950 49.923 53.894 45.863 47.830 45.794 46.756 51.717 52.675 50.633 54.589 47.544 47.498 49.452 52.404 66.352 67.307 52.268 38.237 0.000 0.000 0.000 0.000 0.000 16.407 71.407 68.405 55.399 30.393 25.387 69.383 46.380 48.379 48.382
0.000 0.000 0.000 0.000 0.000 49.095 89.094 89.094 0.000 0.000 0.000 0.000 0.000 0.000 0.000 0.000 1.026 67.027 56.027 0.000 0.000 0.000 53.981 52.972 56.967 0.000 0.000 0.000 0.000 57.139 49.139 0.000 0.000 0.000 64.068 74.065 60.059 53.049 47.036 49.018 67.996 52.971 58.944 58.913 49.880 64.844 56.805 57.765 47.722 55.678 55.633 53.587 47.540 48.493 52.444 49.376 11.332 1.300 0.000 0.000 0.000 0.000 0.000 19.398 56.400 68.400 75.397 65.394 41.389 42.385 56.382 47.380 48.380 48.383
0.000 0.000 0.000 0.000 0.000 36.105 85.105 94.106 4.112 0.000 0.000 0.000 0.000 0.000 0.000 0.000 0.000 74.030 55.028 56.023 58.015 55.004 51.991 52.981 50.974 0.000 0.000 0.000 0.000 50.139 50.140 51.140 50.135 50.126 49.107 59.101 68.097 15.091 79.080 69.065 74.046 59.023 3.996 74.966 72.933 71.896 75.857 64.815 47.771 50.725 55.678 55.631 52.583 48.536 37.505 0.000 0.000 0.000 0.000 0.000 0.000 0.000 0.000 29.397 56.396 56.394 67.391 66.389 49.385 49.383 48.380 48.379 48.380 48.382
62.144 65.144 0.000 0.000 0.000 46.115 85.115 90.115 100.118 5.121 0.000 0.000 0.000 0.000 0.000 0.000 0.000 11.037 59.033 56.026 74.018 88.008 62.998 47.989 0.000 0.000 0.000 0.000 0.000 0.000 49.142 50.144 50.140 50.135 50.132 49.137 49.139 48.136 49.129 54.118 66.101 60.079 3.053 75.023 75.989 53.952 60.911 77.868 71.822 58.773 48.725 54.675 55.624 58.565 43.535 0.000 0.000 0.000 0.000 0.000 0.000 0.000 0.000 0.000 7.392 53.389 50.387 50.384 48.382 48.379 48.378 48.377 48.378 47.380
76.145 59.144 59.143 61.140 63.135 82.127 90.124 90.123 90.124 92.125 66.128 5.129 0.000 54.067 61.067 62.064 24.058 19.048 82.041 90.033 85.024 81.012 64.004 0.000 0.000 0.000 0.000 0.000 0.000 0.000 0.000 50.156 49.147 48.144 49.151 50.176 50.185 50.187 50.184 51.175 70.161 65.140 48.114 50.084 61.049 72.011 48.969 60.924 61.875 54.823 74.772 57.723 49.673 0.000 0.000 0.000 0.000 0.000 0.000 0.000 0.000 0.000 0.000 0.000 0.000 53.383 48.382 48.380 48.378 48.376 48.375 46.374 44.375 46.377
91.147 81.146 62.145 66.142 84.139 90.134 90.132 90.130 90.130 85.130 57.130 63.130 0.000 45.069 80.070 88.068 88.063 72.056 87.049 94.042 4.032 0.000 0.000 0.000 0.000 0.000 0.000 0.000 0.000 0.000 0.000 50.178 0.000 0.000 0.000 51.232 50.237 50.243 50.244 51.240 67.227 72.207 49.181 50.149 50.113 68.074 69.031 46.984 54.931 73.871 65.820 43.771 0.000 0.000 0.000 0.000 0.000 0.000 0.000 0.000 0.000 0.000 0.000 0.000 0.000 53.379 48.378 48.377 48.374 47.372 46.371 51.371 52.371 53.373
91.151 91.150 86.149 89.147 90.144 90.141 90.139 90.137 90.135 86.134 61.133 78.133 0.000 0.000 58.078 82.076 90.071 91.065 90.059 95.054 0.000 0.000 0.000 0.000 0.000 0.000 0.000 0.000 0.000 0.000 0.000 50.200 0.000 0.000 52.287 50.283 50.291 50.302 50.311 50.312 67.302 72.281 49.253 50.219 50.181 51.141 72.098 66.051 72.995 62.910 43.865 0.000 0.000 0.000 0.000 0.000 0.000 0.000 0.000 0.000 0.000 0.000 0.000 0.000 51.375 48.376 48.375 48.374 48.371 47.368 49.367 53.366 54.367 54.368
89.156 90.155 90.154 90.153 90.150 90.148 90.146 90.144 90.142 91.140 86.137 93.135 17.133 0.000 46.090 65.086 88.081 90.075 91.070 79.062 0.000 0.000 0.000 0.000 0.000 0.000 0.000 0.000 0.000 0.000 0.000 44.222 49.245 49.269 48.292 50.322 50.342 50.365 50.387 50.395 67.387 72.364 49.331 50.293 50.252 50.211 55.169 78.127 58.089 0.000 0.000 0.000 0.000 0.000 0.000 0.000 0.000 0.000 0.000 0.000 0.000 0.000 0.000 0.000 4.375 55.375 51.374 52.372 50.369 46.363 53.361 54.361 52.362 52.363
86.162 91.161 90.161 90.159 90.158 90.156 90.154 90.151 90.149 90.146 91.142 84.137 68.131 59.121 53.106 80.097 90.091 90.087 95.083 0.000 0.000 0.000 0.000 0.000 0.000 0.000 0.000 0.000 0.000 0.000 0.000 0.000 0.000 0.000 0.000 50.369 50.391 50.429 50.478 50.496 66.486 73.457 50.416 50.370 50.324 50.281 50.241 56.201 9.144 0.000 0.000 0.000 0.000 0.000 0.000 0.000 0.000 0.000 0.000 0.000 0.000 0.000 0.000 0.000 0.000 0.000 0.000 0.000 0.000 55.354 53.355 54.355 51.357 46.358
86.169 91.169 90.168 90.167 90.166 90.164 90.162 90.160 90.157 90.153 91.148 76.142 55.135 54.126 63.115 87.107 90.101 90.097 96.095 1.098 0.000 0.000 0.000 0.000 0.000 0.000 0.000 0.000 0.000 0.000 0.000 0.000 0.000 0.000 0.000 46.396 50.423 47.484 50.599 50.624 69.606 73.563 50.506 50.447 50.394 50.349 50.313 47.290 0.000 0.000 0.000 0.000 0.000 0.000 0.000 0.000 0.000 0.000 0.000 0.000 0.000 47.302 0.000 0.000 0.000 0.000 0.000 0.000 51.340 52.345 54.348 54.350 51.351 47.353
89.177 90.177 90.177 90.176 90.175 90.174 90.172 90.170 90.166 90.162 90.156 87.150 64.142 65.133 82.124 89.116 90.110 90.106 97.103 14.103 0.000 0.000 0.000 0.000 0.000 0.000 0.000 0.000 0.000 0.000 0.000 0.000 0.000 0.000 0.000 0.000 46.423 0.000 49.811 50.797 78.752 65.682 50.598 50.519 50.455 63.407 53.374 48.357 0.000 0.000 0.000 0.000 0.000 0.000 0.000 0.000 0.000 0.000 0.000 0.000 0.000 58.302 43.302 0.000 0.000 0.000 0.000 52.330 55.335 54.339 51.342 47.344 47.346 45.348
90.187 90.187 90.187 90.186 90.186 90.185 90.183 90.181 90.177 90.173 90.167 90.159 92.150 92.140 91.132 90.124 90.118 92.113 81.109 24.105 0.000 0.000 0.000 0.000 0.000 0.000 0.000 0.000 0.000 0.000 0.000 0.000 0.000 0.000 0.000 0.000 0.000 0.000 50.039 50.999 84.924 53.815 50.686 50.577 62.502 71.451 50.420 50.407 49.419 0.000 0.000 0.000 0.000 0.000 0.000 0.000 0.000 0.000 0.000 0.000 0.000 54.302 55.303 42.304 0.000 48.317 50.321 54.326 53.330 51.334 50.337 46.339 54.342 57.343
89.196 88.197 90.197 90.198 90.198 90.197 90.196 90.194 90.191 90.186 90.179 90.170 90.159 90.148 90.139 90.132 91.126 74.121 2.115 0.000 51.129 65.128 11.127 0.000 0.000 0.000 0.000 0.000 0.000 0.000 0.000 0.000 0.000 0.000 0.000 0.000 0.000 0.000 46.307 57.238 80.130 50.969 47.752 50.603 50.524 50.476 50.447 50.433 50.431 47.431 0.000 0.000 0.000 0.000 0.000 0.000 0.000 0.000 0.000 0.000 0.000 49.302 45.303 51.306 46.309 54.314 54.319 53.323 49.327 52.330 47.333 46.335 46.337 39.340
79.206 79.207 88.209 90.210 90.210 90.210 90.210 90.209 90.206 90.202 90.195 91.184 92.168 90.155 90.145 90.139 90.134 12.132 0.000 51.134 61.131 71.129 70.127 63.126 55.125 0.000 0.000 0.000 0.000 0.000 0.000 0.000 0.000 0.000 0.000 51.043 53.992 53.874 50.643 49.516 58.390 46.179 0.000 46.559 50.515 50.482 50.460 50.447 49.443 0.000 0.000 0.000 0.000 0.000 0.000 0.000 51.295 62.295 0.000 0.000 50.300 48.302 48.303 45.305 53.309 54.313 54.317 51.321 54.325 54.328 52.330 47.332 36.333 0.000
61.216 66.218 85.221 91.223 90.225 90.225 90.225 90.225 90.224 90.221 92.215 78.203 74.176 89.158 94.149 91.144 86.141 68.141 71.142 77.137 71.133 72.129 51.127 44.126 0.000 0.000 0.000 0.000 0.000 0.000 0.000 0.000 0.000 0.000 42.094 48.094 51.060 50.986 50.877 50.794 52.736 0.000 0.000 0.000 45.496 50.478 50.463 50.454 50.450 0.000 0.000 0.000 0.000 0.000 0.000 11.294 68.295 50.295 48.296 48.297 48.299 48.301 46.302 51.305 54.308 54.311 50.315 54.320 54.324 53.326 47.328 48.329 38.329 0.000
45.225 60.229 79.235 92.239 93.240 93.240 91.243 90.244 91.244 90.243 91.241 29.238 0.181 48.154 66.150 87.147 94.147 92.148 92.149 78.141 1.136 0.000 0.000 0.000 0.000 0.000 0.000 0.000 0.000 0.000 0.000 0.000 0.000 0.000 0.000 47.181 51.168 49.134 50.086 52.046 53.023 0.000 0.000 0.000 0.000 43.470 50.462 50.457 47.453 0.000 0.000 0.000 0.000 0.000 0.000 0.000 10.295 64.295 47.296 47.297 48.299 47.300 47.302 53.304 54.306 52.310 40.312 0.000 58.324 52.325 52.326 52.327 38.327 0.000
9.231 31.237 64.252 70.258 64.258 66.253 83.261 91.265 87.266 80.268 79.269 14.271 0.000 0.000 0.000 24.149 59.151 85.158 92.163 0.000 0.000 0.000 0.000 0.000 0.000 0.000 0.000 0.000 0.000 38.910 59.910 4.911 0.000 0.000 0.000 47.281 53.298 52.298 61.287 62.282 52.289 0.000 0.000 0.000 0.000 0.000 47.460 48.458 0.000 0.000 0.000 0.000 0.000 0.000 0.000 0.000 0.000 69.296 72.296 52.297 46.298 44.299 54.301 54.302 49.304 0.000 0.000 0.000 0.000 57.324 54.325 54.325 44.326 0.000
0.000 0.000 45.280 54.282 6.282 0.000 55.286 84.288 75.290 71.293 85.298 52.307 12.327 0.000 0.000 0.000 0.000 30.171 61.184 0.000 0.000 0.000 0.000 0.000 0.000 0.000 0.000 0.000 0.000 0.000 43.911 61.911 0.000 0.000 0.000 38.363 52.447 50.472 80.484 73.506 51.562 53.700 0.000 0.000 0.000 0.000 42.459 0.000 0.000 0.000 0.000 0.000 0.000 0.000 0.000 0.000 0.000 0.000 57.297 74.297 59.298 53.299 54.300 49.301 0.000 0.000 0.000 0.000 0.000 49.324 54.324 54.325 49.325 0.000
0.000 0.000 41.308 86.307 43.307 0.000 44.310 76.311 78.313 89.317 91.323 94.333 100.348 39.367 8.377 0.000 0.000 0.000 1.293 0.000 0.000 0.000 0.000 0.000 0.000 0.000 0.000 0.000 0.000 0.000 44.912 59.913 0.000 0.000 0.931 0.000 45.654 53.658 83.671 65.699 53.752 52.838 57.933 0.000 0.000 0.000 0.000 0.000 0.000 0.000 0.000 0.000 0.000 0.000 0.000 0.000 0.000 0.000 0.000 0.000 62.298 52.299 50.299 0.000 0.000 0.000 0.000 0.000 48.322 47.323 49.323 43.324 0.000 0.000
14.359 29.353 63.337 81.332 89.333 58.340 71.334 94.333 91.335 90.339 90.345 90.354 90.365 96.377 99.388 55.399 14.404 0.000 59.383 73.398 66.404 68.406 24.406 0.402 0.000 0.000 0.000 0.000 0.000 0.000 23.914 45.916 51.921 51.926 54.933 13.940 46.858 75.837 77.842 54.867 52.910 52.969 56.028 1.134 0.000 0.000 0.000 0.000 0.000 0.000 0.000 0.000 0.000 0.000 0.000 0.000 0.000 0.000 0.000 0.000 0.000 0.000 0.000 0.000 0.000 0.000 0.000 50.322 45.322 43.322 0.000 0.000 0.000 0.000
87.366 90.363 90.356 88.353 86.353 87.354 89.353 89.354 90.356 91.360 91.365 90.372 83.381 87.390 90.399 94.406 98.410 99.411 91.405 87.407 84.408 79.408 81.407 74.406 30.404 8.403 0.000 0.000 0.000 0.000 0.000 0.000 0.000 0.000 0.000 71.029 60.003 88.990 79.995 67.017 54.052 53.100 53.155 57.220 53.220 0.000 0.000 0.000 0.000 0.000 0.000 0.000 0.000 0.000 0.000 0.000 0.000 0.000 0.000 0.000 0.000 0.000 0.000 0.000 0.000 0.000 0.000 0.000 0.000 0.000 0.000 0.000 0.000 0.000
90.378 85.376 83.373 82.371 76.371 73.372 74.372 74.373 80.376 85.380 85.385 78.391 62.397 77.405 90.411 90.416 90.420 90.420 90.418 90.417 91.415 91.413 94.409 95.407 95.405 95.403 34.402 0.000 0.000 0.000 0.000 0.000 0.000 0.000 0.000 43.146 69.133 74.126 58.133 75.152 63.184 53.225 53.272 56.315 0.000 0.000 0.000 0.000 0.000 0.000 0.000 0.000 0.000 0.000 0.000 0.000 0.000 0.000 0.000 0.000 0.000 0.000 0.000 0.000 0.000 0.000 0.000 0.000 0.000 0.000 0.000 0.000 0.000 0.000
60.392 33.391 55.390 69.389 67.389 47.390 32.391 28.393 48.395 65.399 64.403 57.409 52.414 62.420 83.425 91.430 90.432 90.433 90.431 90.428 90.424 94.418 69.411 57.407 56.405 60.403 63.402 2.401 0.000 0.000 0.000 0.000 0.000 0.000 0.000 41.276 77.259 60.250 52.257 62.277 73.306 57.345 53.392 53.454 59.558 3.609 0.000 0.000 0.000 0.000 0.000 0.000 0.000 0.000 0.000 0.000 0.000 0.000 0.000 0.000 0.000 0.000 0.000 0.000 0.000 0.000 0.000 0.000 0.000 0.000 0.000 0.000 0.000 0.000
50.407 21.407 43.407 58.406 54.407 31.408 17.409 21.411 41.414 55.418 53.422 53.427 54.432 52.437 71.441 88.445 90.447 90.448 90.446 90.442 89.434 52.426 0.000 0.000 0.000 0.000 0.000 0.000 0.000 47.572 67.572 19.573 5.572 1.562 48.512 65.422 82.378 59.358 53.369 51.391 68.420 70.456 56.499 53.551 53.612 56.660 65.706 3.723 0.000 0.000 0.000 0.000 0.000 0.000 0.000 0.000 0.000 0.000 0.000 0.000 0.000 0.000 0.000 0.000 0.000 0.000 0.000 0.000 0.000 0.000 0.000 0.000 0.000 0.000
63.424 59.424 54.424 53.424 54.425 56.426 57.428 60.430 59.433 55.437 54.441 54.445 54.450 53.455 60.459 82.463 91.465 90.466 92.464 64.459 30.446 0.000 0.000 0.000 0.000 0.000 0.000 0.000 0.000 12.572 34.573 37.575 41.579 55.592 52.570 73.524 70.475 44.435 51.472 53.499 55.528 68.561 60.598 55.639 53.680 52.714 69.736 60.740 54.740 0.000 0.000 0.000 0.000 0.000 0.000 0.000 0.000 0.000 0.000 0.000 0.000 0.000 0.000 0.000 0.000 0.000 0.000 0.000 0.000 0.000 0.000 0.000 0.000 12.355
53.441 54.441 54.441 54.442 54.443 54.445 54.447 54.449 54.452 54.456 54.460 54.465 54.469 54.474 52.478 73.482 90.485 92.487 88.487 14.484 0.000 0.000 0.000 0.000 0.000 0.000 0.000 0.000 0.000 0.000 0.000 0.000 0.000 39.651 56.654 82.629 56.563 0.000 39.585 54.606 52.633 56.663 57.695 66.726 55.756 53.778 52.786 48.763 0.000 0.000 0.000 0.000 0.000 0.000 0.000 0.000 0.000 0.000 0.000 0.000 0.000 0.000 0.000 0.000 0.000 0.000 0.000 0.000 0.000 0.000 0.000 0.000 17.528 82.451
54.458 54.459 54.459 54.460 54.462 54.463 54.466 53.468 53.472 54.475 54.480 54.484 54.489 54.494 53.498 61.503 76.507 87.510 75.512 1.514 0.000 0.000 0.000 0.000 0.000 0.000 0.000 0.000 0.000 0.000 0.000 0.000 0.000 16.708 65.766 90.775 0.791 0.000 37.678 55.706 53.736 52.764 60.791 71.817 59.840 53.858 57.867 0.000 0.000 0.000 0.000 0.000 0.000 0.000 0.000 0.000 0.000 0.000 0.000 0.000 0.000 0.000 0.000 0.000 0.000 0.000 0.000 0.000 0.000 0.000 0.000 0.000 74.604 88.550
54.477 54.477 54.478 54.479 54.480 54.482 54.485 58.488 59.491 55.495 54.499 54.504 54.509 54.514 54.520 53.525 56.530 65.535 65.540 6.545 0.000 0.000 0.000 0.000 0.000 0.000 8.615 0.000 0.000 0.000 0.000 0.000 0.000 0.000 69.927 84.927 7.964 0.000 21.742 52.807 53.841 53.866 52.889 57.911 59.931 55.947 57.957 0.000 0.000 0.000 0.000 0.000 0.000 0.000 0.000 0.000 0.000 0.000 0.000 0.000 0.000 0.000 0.000 0.000 0.000 0.000 0.000 0.000 0.000 0.000 0.000 58.829 67.735 67.662
54.495 54.495 54.496 54.497 54.499 54.501 53.504 65.507 70.511 57.515 54.519 54.524 54.530 54.536 54.542 54.548 54.554 53.561 56.568 37.575 0.000 0.000 0.000 0.000 0.000 50.616 71.616 33.615 24.609 23.600 0.000 0.000 0.000 51.188 93.089 67.044 67.029 0.000 0.000 38.940 55.954 53.971 53.988 52.007 68.025 72.043 66.059 0.000 0.000 0.000 0.000 0.000 0.000 0.000 0.000 0.000 0.000 0.000 0.000 0.000 0.000 0.000 0.000 0.000 0.000 0.000 0.000 0.000 0.000 0.000 32.996 83.922 69.845 82.779
54.514 54.514 54.515 54.516 54.518 54.520 53.523 66.527 72.530 56.535 54.540 54.545 54.551 54.557 54.564 54.571 54.579 54.588 54.598 60.612 31.635 0.000 0.000 0.000 0.000 13.616 28.618 50.621 58.613 62.592 36.551 12.491 47.408 85.288 83.196 63.131 45.079 3.079 0.000 39.059 56.065 55.075 58.088 53.103 62.121 85.143 82.176 27.240 0.000 7.377 0.000 0.000 0.000 0.000 0.000 0.000 0.000 0.000 0.000 0.000 0.000 0.000 0.000 0.000 0.000 0.000 0.000 0.000 0.000 0.000 70.071 126.018 108.953 130.862
51.533 52.533 53.534 53.535 54.537 54.540 52.543 67.546 70.550 53.555 54.560 54.566 54.572 54.579 54.586 54.594 54.603 54.614 54.625 54.640 60.659 40.680 0.000 0.000 0.000 0.000 0.000 26.640 57.629 53.606 56.569 60.516 72.446 89.360 73.278 41.204 0.000 0.000 0.000 38.173 55.174 58.178 71.186 57.197 67.213 68.233 87.262 91.304 74.356 24.377 0.000 0.000 0.000 0.000 0.000 0.000 0.000 0.000 0.000 0.000 0.000 0.000 0.000 0.000 0.000 0.000 0.000 0.000 0.000 56.291 66.199 67.126 70.059 89.035
72.552 67.552 62.553 60.555 56.557 52.559 52.562 67.566 70.570 52.575 54.581 54.587 54.593 54.601 54.609 54.617 53.627 52.638 53.650 53.665 53.682 59.701 36.723 13.735 0.000 0.000 0.000 25.670 63.657 57.635 52.603 65.558 88.500 82.428 50.352 0.000 0.000 0.000 0.000 36.285 54.280 59.278 66.281 61.288 66.300 65.315 78.335 72.361 65.386 38.400 0.000 0.000 0.000 0.000 0.000 0.000 0.000 0.000 0.000 0.000 0.000 0.000 0.000 0.000 3.021 0.000 0.000 0.000 33.462 61.385 130.304 94.238 126.123 109.796
92.571 91.571 87.572 82.574 78.576 73.579 68.582 64.586 59.591 53.596 54.601 54.608 54.615 54.622 53.631 55.640 61.650 66.662 65.674 63.688 57.703 52.719 56.735 62.747 26.757 7.757 11.744 45.715 68.695 59.675 55.649 78.615 90.570 46.499 0.000 0.000 0.000 0.000 6.460 40.404 53.382 58.373 74.372 64.376 57.383 50.392 56.404 74.418 71.430 77.436 0.000 0.000 0.000 0.000 0.000 0.000 0.000 0.000 0.000 0.000 0.000 0.000 0.000 0.000 0.228 0.000 0.000 0.000 68.540 59.479 69.411 92.305 68.478 107.934
