results3_8e3_rain/res_3e8f-0179.wd
ncols         241
nrows         181
xllcorner     12693529.787448
yllcorner     3542525.717860
cellsize      155.156523
NODATA_value  -9999.000000
[rows 33 to 65 of 181, columns 146 to 218 of 241]
64.728 63.946 63.672 64.311 30.972 42.643 64.332 58.020 36.602 0.000 0.000 35.994 11.994 16.994 32.996 58.000 45.000 10.998 0.000 0.000 49.903 57.890 15.867 42.840 34.818 35.794 39.755 48.716 66.674 57.643 52.613 47.589 48.569 48.551 47.534 46.517 45.498 53.479 63.459 55.442 55.426 53.410 32.394 46.381 54.372 0.000 24.935 29.906 53.833 51.771 56.713 66.658 59.611 54.589 9.578 0.000 37.528 37.522 44.520 22.522 0.000 0.000 0.000 0.000 0.000 0.000 0.000 0.000 0.000 0.000 0.000 0.000 0.000
64.677 64.425 64.079 64.751 42.431 60.130 62.864 56.674 0.000 0.000 13.994 37.994 0.000 0.000 0.000 42.011 42.007 49.997 12.977 62.952 50.920 37.896 46.871 37.844 35.817 35.789 34.755 36.720 64.685 62.653 62.624 64.599 57.577 59.557 58.538 58.520 58.501 59.483 63.465 61.449 62.434 57.420 34.407 33.397 6.392 0.000 21.878 35.860 43.822 38.768 44.710 57.650 57.614 55.592 13.582 0.000 0.000 42.513 14.511 0.000 0.000 0.000 0.000 0.000 1.422 44.416 43.411 45.406 35.402 38.399 5.397 0.000 0.000
65.155 64.819 64.498 64.179 63.872 64.580 56.320 43.138 0.000 0.000 0.000 5.994 0.000 0.000 0.000 39.026 36.019 49.004 53.984 45.959 54.931 52.903 33.876 34.848 35.819 35.789 47.757 51.724 55.691 48.660 45.632 55.606 29.583 36.561 31.541 31.522 31.504 34.486 60.470 49.454 47.440 49.428 34.417 36.410 16.406 0.000 31.839 88.833 13.827 0.000 0.000 6.618 58.601 57.585 16.575 0.000 0.000 39.506 36.500 38.486 36.474 44.464 50.453 42.441 64.428 71.418 69.410 54.405 34.401 33.398 37.395 7.393 0.000
65.548 65.229 64.910 64.598 65.295 59.999 41.700 32.419 41.419 0.000 0.000 0.000 0.000 0.000 0.000 36.050 35.037 38.018 33.995 44.968 47.940 50.911 39.882 34.852 34.822 34.791 59.760 65.728 47.696 41.666 41.637 42.610 39.586 39.564 39.544 40.525 43.506 40.489 61.473 53.458 51.445 51.434 33.425 47.419 73.415 0.000 23.807 76.804 0.000 0.000 0.000 8.602 58.587 56.573 34.559 39.537 37.520 35.506 35.496 35.484 34.473 41.463 48.454 35.443 53.429 71.416 67.408 47.403 32.399 32.395 37.393 5.392 0.000
65.960 65.633 65.314 65.007 61.713 47.422 36.061 0.000 0.000 0.000 0.000 40.239 3.226 9.206 1.161 35.086 36.062 36.036 35.009 34.980 40.950 33.919 33.888 35.857 34.825 33.794 57.763 54.732 62.701 66.669 65.639 60.612 56.588 58.566 54.546 58.526 58.508 59.491 63.475 61.461 62.449 58.438 33.430 45.425 67.422 0.000 18.779 79.773 0.000 0.000 0.000 0.000 55.571 58.563 37.549 35.532 35.516 35.503 35.492 35.482 34.472 41.463 50.456 6.450 0.000 29.408 72.404 48.400 32.396 32.392 36.390 3.389 0.000
66.368 66.030 65.708 65.404 55.127 36.915 0.000 0.000 0.000 0.000 38.268 41.252 54.233 54.207 42.170 35.122 35.087 36.056 36.024 34.993 33.960 34.927 34.894 34.861 33.829 42.797 61.766 40.736 54.706 31.671 64.637 54.612 53.589 53.567 50.546 55.526 56.508 56.491 63.476 61.462 58.450 58.440 33.433 47.428 66.425 0.000 4.757 72.735 0.000 0.000 0.000 0.000 59.563 58.557 34.544 36.525 35.511 36.499 36.488 36.478 37.469 45.461 25.456 0.000 0.000 30.404 72.401 53.397 40.392 34.389 37.386 4.384 0.000
66.771 66.413 67.082 59.775 47.476 37.195 0.000 0.000 0.000 0.000 35.283 52.268 46.246 35.218 37.184 37.146 35.110 34.075 36.041 35.006 35.971 35.936 35.901 34.866 34.832 54.799 54.768 54.739 54.717 0.000 36.628 34.609 35.588 35.566 36.545 40.525 43.507 41.490 61.475 55.461 49.450 51.440 34.433 46.428 65.426 0.000 0.000 45.675 36.651 0.000 0.000 0.000 53.561 36.559 0.000 31.514 37.502 41.493 48.483 48.474 48.465 50.457 22.451 0.000 14.408 78.403 71.398 73.393 61.388 36.384 37.380 5.378 0.000
67.163 66.770 66.431 52.137 3.807 0.000 0.000 0.000 0.000 13.341 51.315 46.291 36.266 37.237 37.203 37.167 37.131 35.094 34.058 34.020 35.982 34.944 34.906 33.870 35.834 50.800 41.767 50.736 51.706 10.670 10.636 50.610 49.587 49.564 49.543 51.523 51.504 52.487 64.472 60.458 55.447 57.438 33.431 42.427 70.425 0.000 0.000 104.639 73.627 40.608 27.600 0.000 0.000 0.000 0.000 0.000 34.493 43.487 47.479 46.470 49.461 51.451 37.441 42.425 58.412 73.403 71.396 71.390 59.384 36.378 36.373 12.370 0.000
67.527 68.072 59.734 42.537 0.000 0.000 0.000 1.424 1.407 58.368 52.342 36.317 37.289 37.258 37.225 37.189 37.152 37.114 34.075 35.035 34.994 34.952 35.912 34.872 34.834 37.799 42.764 54.732 41.700 53.668 58.637 51.610 60.585 50.561 51.539 54.519 53.500 52.483 62.467 58.453 46.442 45.433 34.426 41.423 70.422 0.000 0.000 95.616 85.609 62.599 31.591 0.000 0.000 7.522 2.519 0.000 5.489 54.483 46.475 40.466 37.456 52.446 39.435 41.423 49.411 70.402 72.394 70.386 56.379 36.372 33.365 37.358 31.348
75.810 73.259 45.894 35.741 0.000 0.000 3.454 36.441 50.423 51.396 45.370 40.344 37.315 37.283 37.249 37.213 36.175 39.135 44.093 40.050 35.005 35.960 34.916 34.873 34.833 34.796 41.761 42.727 40.695 47.664 46.634 41.606 53.581 33.557 41.535 48.514 47.494 41.477 60.461 53.447 33.435 32.425 35.418 37.415 41.419 0.000 0.000 73.599 53.595 90.586 76.575 12.556 13.540 64.526 38.515 36.503 36.491 38.481 49.472 43.462 11.452 64.442 52.431 48.420 46.409 57.399 73.390 65.382 48.374 37.366 33.358 40.349 64.338
0.000 0.000 24.843 42.792 0.000 0.000 38.467 48.459 62.444 46.423 45.400 45.373 38.343 37.311 37.276 37.238 44.199 52.157 53.113 45.067 40.017 34.967 33.918 34.871 38.829 35.791 34.755 33.722 39.689 40.658 39.629 40.601 42.575 35.551 41.528 46.507 48.487 44.469 60.452 54.438 36.425 35.415 35.407 31.402 0.000 0.000 0.000 29.588 48.584 48.577 82.566 97.553 90.539 58.526 44.514 45.502 45.490 48.480 70.469 88.459 97.449 96.438 98.427 97.416 91.406 85.396 77.386 60.377 43.369 34.360 35.351 48.342 67.332
18.861 0.000 0.000 0.000 0.000 9.495 41.489 61.482 53.471 56.454 53.431 43.405 36.375 37.341 37.305 48.266 53.225 49.182 44.137 41.087 44.029 38.972 38.917 34.865 39.822 33.783 34.748 35.714 34.682 34.652 34.622 34.595 33.569 34.544 34.521 38.499 44.478 43.459 61.442 55.427 34.413 35.402 35.392 34.384 9.373 0.000 0.000 33.580 59.577 48.570 50.561 65.550 76.537 86.525 88.512 94.500 97.489 97.478 96.467 92.456 83.445 81.434 83.423 86.413 88.402 89.392 87.382 91.373 83.364 50.355 37.345 56.336 73.327
58.267 17.023 0.000 0.000 6.483 42.502 58.511 51.511 43.503 51.489 55.468 56.441 46.410 35.375 45.336 54.295 44.252 36.209 36.165 38.115 6.040 6.976 5.915 31.851 35.809 37.773 37.738 34.706 34.674 35.643 34.614 34.587 34.560 35.535 34.511 34.489 34.468 37.448 54.430 53.414 35.399 35.387 35.376 36.368 37.362 0.000 0.000 32.575 50.572 51.567 63.559 50.548 30.536 34.523 70.511 94.499 78.487 73.476 76.464 69.453 55.442 44.431 35.420 33.409 34.398 44.387 42.377 37.368 76.358 91.349 69.340 67.331 71.322
0.000 32.779 11.143 5.345 41.465 51.518 58.541 42.548 45.543 43.530 41.509 49.482 54.450 49.412 53.370 42.326 36.280 37.237 37.198 45.169 0.000 0.000 0.000 28.815 37.791 48.760 49.728 44.696 40.664 42.634 38.605 37.577 35.551 34.525 34.501 35.478 34.456 34.436 37.417 46.399 34.384 34.370 35.359 34.350 3.345 0.000 0.000 13.573 11.571 65.566 49.558 34.548 48.535 50.521 96.509 77.497 60.485 42.473 33.462 34.450 35.439 36.427 36.416 36.405 35.393 33.383 32.372 33.362 41.353 78.343 86.334 71.325 70.316
0.000 20.170 43.306 45.428 44.514 59.563 44.588 38.596 40.592 39.578 36.557 35.529 50.494 57.453 60.407 48.358 38.307 35.260 43.221 9.195 0.000 0.000 0.000 31.803 41.780 48.749 49.717 49.685 51.653 59.623 57.594 53.566 51.540 47.514 41.489 36.466 34.443 35.422 34.402 39.383 32.366 33.351 34.338 36.329 57.324 0.000 0.000 0.000 27.573 69.568 29.561 38.550 29.534 68.518 86.506 46.495 34.483 36.471 36.459 36.447 36.436 36.424 33.412 33.400 32.389 33.378 33.367 33.357 49.347 64.338 37.328 97.318 69.309
0.000 20.426 43.481 36.546 55.599 55.633 50.651 41.656 35.650 36.635 37.612 48.582 51.544 43.500 46.448 55.391 56.330 46.274 3.231 0.000 4.955 3.915 36.864 42.813 46.776 45.740 46.707 46.673 44.642 51.611 52.582 52.555 53.528 50.502 49.477 50.453 41.429 36.407 37.385 34.365 35.346 34.329 33.314 35.303 50.297 0.000 0.000 0.000 27.579 71.573 33.566 9.558 0.000 14.511 53.503 35.493 36.481 34.469 34.457 34.445 33.432 32.420 33.408 33.396 32.384 33.372 32.361 31.351 34.341 30.333 26.324 90.310 99.299
0.000 17.627 37.648 47.676 57.703 48.720 48.728 50.727 48.717 39.699 45.674 54.642 43.602 36.553 35.495 41.426 51.350 58.275 22.198 14.098 39.996 39.925 34.864 43.812 48.769 49.731 45.695 45.661 37.628 34.598 34.569 34.542 33.515 31.489 38.464 52.439 51.414 50.391 45.368 36.345 34.324 35.305 34.287 34.273 35.264 0.000 0.000 0.000 42.592 9.579 13.573 0.000 0.000 0.000 32.504 12.492 15.480 32.466 31.454 31.442 32.429 34.416 34.403 34.391 33.378 33.367 31.355 31.344 32.335 20.327 0.000 10.298 93.286
0.000 16.808 40.806 59.809 50.815 47.817 47.814 48.806 47.791 49.770 54.744 43.710 37.668 37.616 37.551 36.469 37.371 43.276 60.190 58.100 37.007 35.923 34.855 35.801 47.756 45.718 56.682 44.646 37.613 35.583 36.555 35.528 40.502 48.476 44.450 38.424 44.399 54.374 51.349 50.325 41.301 34.278 34.257 35.237 33.222 0.000 0.000 42.623 30.616 0.000 0.000 44.533 39.532 38.526 30.516 0.000 0.000 37.462 34.453 34.440 34.426 34.412 34.399 34.386 34.373 34.360 34.348 33.337 34.326 36.315 26.303 0.000 35.271
5.075 29.991 54.957 50.941 39.930 44.920 49.907 44.891 50.872 56.848 48.820 36.786 35.745 37.693 37.624 41.527 42.388 36.267 47.184 43.106 40.007 36.907 33.834 40.780 44.738 46.704 37.671 64.626 52.595 42.567 34.540 40.514 59.488 69.462 62.436 39.410 41.383 44.357 48.331 53.304 51.277 47.251 36.224 33.197 40.166 46.123 0.000 17.629 38.635 0.000 0.000 14.535 34.536 34.529 34.518 39.504 38.487 34.468 33.454 34.439 34.424 34.409 34.394 34.380 34.367 34.354 34.341 34.329 33.316 33.304 34.290 37.274 33.264
17.159 51.124 57.092 42.067 37.045 39.024 41.002 51.979 55.956 66.931 65.902 58.870 47.832 36.787 39.727 6.627 0.000 35.221 41.174 38.133 1.013 34.863 38.792 55.747 54.713 57.688 0.000 29.594 69.574 63.550 49.525 55.499 73.474 73.448 71.422 40.395 46.368 46.340 48.312 36.283 45.254 51.223 50.192 49.159 62.123 71.081 4.037 0.000 28.660 53.685 0.000 0.000 57.549 38.538 38.523 38.506 38.489 39.471 33.454 32.438 36.421 33.404 33.389 33.374 33.360 34.347 33.333 32.320 32.308 32.295 32.281 32.268 31.256
16.278 62.253 48.220 37.189 37.159 37.129 50.099 48.069 65.042 80.016 76.989 73.959 68.927 59.895 50.868 0.000 0.000 0.000 29.159 40.148 0.000 0.000 31.725 49.704 48.677 63.647 35.606 36.580 69.558 74.534 70.510 69.485 72.460 72.434 73.408 52.381 44.353 46.324 46.294 36.263 45.231 39.197 58.162 29.124 68.084 90.040 60.993 30.942 0.000 31.710 0.000 33.601 93.573 46.551 48.530 48.510 44.491 45.472 37.455 32.438 14.419 33.398 33.382 36.367 39.353 49.339 39.325 34.312 35.299 35.285 35.272 35.259 35.247
48.423 52.389 46.348 44.309 39.272 51.235 45.196 58.154 36.128 6.104 57.077 76.050 75.022 75.999 58.983 0.000 0.000 0.000 23.155 46.152 0.000 0.000 28.680 43.666 38.644 65.619 76.590 76.565 72.542 72.519 72.495 73.471 72.447 72.422 72.395 66.368 41.339 43.309 41.277 36.244 47.209 48.172 51.134 8.093 53.050 89.003 58.952 76.891 37.809 23.735 35.684 91.629 79.591 51.562 45.536 47.513 41.492 35.472 33.454 31.441 0.000 39.386 47.375 55.361 62.346 71.332 60.317 40.303 34.290 35.276 35.263 35.250 35.238
59.601 48.531 48.475 44.428 51.385 48.344 51.297 75.222 62.214 45.193 66.167 75.140 74.114 73.094 53.083 0.000 0.000 0.000 0.000 1.152 0.000 0.000 34.648 43.635 54.616 70.594 72.570 72.547 72.525 72.503 72.481 72.458 72.435 72.410 72.384 72.356 58.327 48.296 41.262 34.227 38.189 38.149 43.107 62.064 48.019 82.971 68.920 75.863 82.799 68.739 73.687 82.640 58.601 59.568 45.540 44.515 36.492 33.470 34.450 36.430 50.406 56.386 74.370 73.354 72.339 71.324 71.309 61.295 39.281 34.267 35.254 35.241 35.228
50.734 38.657 40.595 52.542 49.496 49.457 19.428 0.000 54.312 80.288 75.258 74.228 76.201 58.180 44.171 28.194 0.000 0.000 0.000 0.000 0.000 0.000 40.629 57.611 69.590 72.570 72.550 72.529 72.509 72.489 72.468 72.446 72.423 72.399 72.374 72.346 73.317 67.285 59.250 51.211 49.171 52.128 43.083 60.038 38.991 80.943 13.893 34.841 69.787 41.734 32.686 88.643 52.604 56.571 54.541 35.514 33.490 34.467 34.445 42.424 63.402 74.382 71.364 71.348 71.331 68.316 67.301 65.286 64.271 38.257 34.244 34.231 34.218
40.844 37.769 50.705 50.649 45.601 65.560 19.529 28.514 68.435 75.388 74.349 74.315 74.282 50.253 50.227 61.218 0.000 0.000 0.000 0.000 0.000 0.000 0.000 7.588 66.565 78.547 73.529 72.511 72.493 72.475 72.455 72.435 72.414 72.391 72.366 72.339 72.309 73.276 74.240 71.199 71.155 74.108 54.060 60.012 33.964 74.917 10.869 12.821 65.772 35.725 45.681 79.640 60.603 52.569 56.539 33.512 34.486 33.462 35.439 45.418 66.397 67.377 72.358 71.340 66.323 63.307 67.292 72.276 71.262 60.247 41.234 40.220 39.207
36.943 50.870 51.806 39.749 50.698 71.654 64.615 70.578 76.525 74.479 74.437 74.398 71.360 55.322 5.267 1.243 0.000 0.000 0.000 0.000 0.000 0.000 0.000 0.000 11.535 23.523 64.509 73.493 72.478 72.461 72.444 72.425 72.405 72.384 72.360 74.334 73.305 73.272 72.234 74.191 73.142 73.089 63.036 60.985 37.938 49.892 79.846 58.801 66.757 35.713 63.672 57.633 60.598 48.565 42.535 34.507 34.481 34.456 42.433 47.411 48.390 53.370 61.350 59.332 60.315 71.298 71.282 71.266 71.251 72.237 66.223 62.209 60.196
52.034 51.963 40.900 36.842 51.790 70.742 76.699 75.656 74.610 74.566 74.523 75.481 66.439 59.406 0.000 0.000 0.000 0.000 0.000 0.000 0.000 0.000 0.000 0.000 20.518 40.501 67.489 73.476 72.463 72.449 72.433 72.416 72.398 72.379 74.357 74.332 74.305 66.272 71.233 74.188 77.133 75.072 69.009 64.956 52.909 36.865 84.823 67.781 69.739 34.699 80.661 44.624 25.590 42.558 33.528 34.500 33.474 42.449 48.426 47.404 47.382 46.362 39.342 35.324 65.306 71.289 71.272 71.256 71.241 71.226 72.212 72.198 72.185
49.119 40.050 37.987 35.929 52.876 72.827 74.782 74.738 74.694 74.651 74.608 76.562 55.510 53.458 0.000 0.000 0.000 0.000 0.000 0.000 0.000 0.000 0.000 0.000 0.000 54.475 73.469 72.460 72.449 72.437 72.424 72.409 74.393 73.376 73.356 73.334 67.309 45.278 61.240 71.195 22.128 13.058 46.973 53.921 62.878 49.838 70.799 88.760 73.721 40.684 82.647 6.613 18.580 31.549 34.520 34.492 36.466 46.441 44.418 45.395 47.373 50.353 44.333 45.314 61.296 71.278 71.261 71.245 71.230 71.215 71.200 71.186 71.173
40.198 38.132 43.070 48.012 62.959 74.909 74.863 74.819 74.777 74.736 74.695 75.650 62.580 0.000 0.000 0.000 0.000 0.000 2.413 39.413 0.413 18.414 0.000 0.000 0.000 29.454 64.451 71.446 72.437 72.428 72.416 72.404 74.390 72.374 72.358 72.340 56.319 52.293 14.252 16.223 0.000 0.000 31.903 38.877 60.844 46.810 51.774 94.738 77.702 56.667 66.632 16.599 61.568 38.538 34.509 34.482 36.456 45.432 56.408 56.386 58.364 64.343 59.323 70.304 71.285 71.267 71.250 71.234 71.218 71.203 71.188 71.174 71.160
41.274 38.209 45.148 64.091 75.038 74.988 74.942 74.899 74.858 74.821 74.788 80.763 0.000 0.000 0.000 0.000 0.000 0.000 39.413 51.413 38.414 53.414 49.415 0.000 19.430 51.437 58.437 69.433 72.427 72.419 72.410 73.399 72.387 72.375 72.361 68.347 57.334 62.322 0.000 0.000 0.000 15.851 48.858 40.840 58.813 34.783 36.750 84.717 83.683 75.649 61.616 61.585 50.554 45.525 34.498 34.471 34.446 44.421 66.398 73.375 72.353 72.332 64.312 71.293 71.274 71.256 71.239 71.222 71.206 71.190 71.175 71.161 71.147
39.345 37.282 52.222 72.165 76.113 75.064 75.018 74.975 74.936 74.901 74.872 81.852 0.000 0.000 0.000 0.000 0.000 0.000 28.413 48.413 48.414 47.414 50.415 34.418 42.423 50.426 50.426 67.424 73.419 72.413 72.405 72.396 72.386 72.376 73.365 65.355 61.346 55.340 0.000 0.000 0.000 8.845 12.838 40.812 59.785 36.757 32.727 71.696 88.663 85.630 66.599 45.569 44.540 45.512 36.485 33.459 34.434 37.410 48.387 68.364 71.342 71.321 63.301 71.281 71.262 71.244 71.226 71.209 71.193 71.177 71.162 71.148 71.134
38.414 40.351 60.292 76.236 75.184 75.136 75.091 75.049 75.010 74.976 76.946 74.922 0.000 0.000 0.000 0.000 0.000 0.000 14.413 53.413 59.413 64.413 55.414 54.416 48.418 44.419 55.419 69.416 72.412 72.407 75.401 73.393 72.385 72.377 72.369 67.362 59.356 54.353 29.356 0.000 0.000 0.000 0.000 2.785 51.757 37.734 33.707 66.676 97.643 78.611 57.580 48.551 50.524 48.497 43.472 32.447 34.422 33.398 37.375 56.352 71.330 71.309 63.289 71.269 71.249 71.231 71.213 71.196 71.180 71.164 71.149 71.134 71.120
38.479 48.417 68.359 76.304 75.253 75.205 75.160 75.119 75.080 76.046 74.014 61.968 45.968 0.000 0.000 0.000 0.000 0.000 16.413 54.413 63.413 63.412 67.412 69.413 52.413 51.414 66.413 72.411 72.407 72.403 73.398 72.392 72.385 72.379 72.372 70.366 58.362 59.360 53.360 0.000 0.000 0.000 0.000 0.000 37.727 37.713 31.690 76.659 64.622 70.589 40.560 60.533 54.507 47.482 47.457 38.433 33.409 34.386 33.363 45.340 68.318 70.297 64.276 71.256 72.236 71.217 71.200 71.182 71.166 71.150 71.135 71.120 71.106
