results3_8e3_rain/res_3e8f-0134.wd
ncols         241
nrows         181
xllcorner     12693529.787448
yllcorner     3542525.717860
cellsize      155.156523
NODATA_value  -9999.000000
[rows 132 to 164 of 181, columns 0 to 72 of 241]
95.137 100.137 104.137 104.136 106.135 106.134 100.132 91.130 77.128 66.126 65.123 66.120 65.116 64.112 69.107 83.102 94.095 99.088 99.080 96.070 88.058 79.045 70.028 64.006 68.979 70.946 69.909 70.867 68.831 63.799 77.767 100.736 67.710 0.000 0.000 0.000 7.434 59.427 71.421 68.399 70.381 76.370 94.369 80.372 64.378 63.387 63.399 75.412 96.427 37.443 10.463 5.494 0.000 0.000 0.000 0.000 0.000 0.000 0.000 0.000 0.000 0.000 0.000 0.000 26.950 6.874 10.797 51.699 74.556 78.456 78.349 88.435 115.901
73.142 75.141 78.141 84.140 94.139 100.138 105.136 105.134 98.132 84.130 73.127 67.123 71.120 78.115 91.110 106.105 105.098 102.091 102.083 105.073 105.061 101.047 89.031 77.011 68.987 63.960 64.930 63.899 64.869 72.843 94.819 102.799 14.786 0.000 0.000 0.000 17.441 45.448 63.476 72.471 73.457 70.442 71.442 81.445 76.449 69.453 73.458 81.464 94.473 35.484 21.499 27.525 7.552 0.000 0.000 0.000 0.000 0.000 0.000 0.000 0.000 0.000 0.000 0.000 9.027 0.000 58.821 80.742 76.623 85.596 76.659 116.023 104.782
65.146 65.146 65.145 67.145 72.144 76.142 83.141 92.139 100.137 103.134 97.131 95.128 97.124 100.119 99.114 92.109 83.102 81.095 81.087 86.077 92.066 99.053 102.037 101.020 89.999 79.977 74.952 72.928 81.905 97.884 98.867 84.855 17.849 0.000 0.000 0.000 0.000 0.000 46.563 73.553 52.534 40.497 55.514 70.518 85.518 89.517 91.516 92.515 88.517 15.521 2.524 30.554 27.579 15.609 21.628 15.637 0.000 0.000 0.000 0.000 0.000 0.000 43.245 13.194 79.103 101.038 133.893 89.867 84.919 65.877 101.942 106.461 106.369
66.151 66.151 66.150 66.149 65.148 64.147 66.146 71.144 77.141 87.139 97.136 99.132 92.128 82.124 76.119 68.114 64.107 64.100 64.092 66.083 71.072 77.060 84.046 96.031 101.013 102.995 101.975 97.956 100.938 93.922 75.910 67.904 46.907 4.930 0.000 0.000 0.000 0.000 39.661 72.643 15.629 0.000 48.600 73.595 92.589 100.582 86.572 89.563 75.558 33.557 0.000 57.587 26.603 18.620 29.637 29.647 0.729 0.000 0.000 0.000 0.000 30.349 49.296 122.236 151.159 134.041 117.596 116.542 108.213 106.854 106.731 106.601 71.823
66.156 66.156 66.155 66.154 66.153 66.152 66.151 65.149 65.147 68.144 74.141 73.138 69.134 65.129 65.125 65.119 66.113 66.107 66.099 66.090 65.081 64.070 66.057 72.044 79.029 88.014 95.998 91.983 80.969 68.957 64.948 69.944 77.945 53.953 31.959 31.947 17.918 18.866 54.776 75.728 25.712 7.724 67.690 99.674 101.662 80.648 83.630 82.607 70.594 59.594 10.598 38.603 12.625 0.708 13.653 0.690 2.792 0.798 0.000 0.000 0.000 11.405 74.351 80.271 76.258 77.418 75.393 107.181 107.078 106.970 74.169 76.947 78.820
66.161 66.161 66.160 66.160 66.159 66.158 66.156 66.154 66.152 66.150 65.147 65.143 65.139 66.135 66.131 66.126 66.120 66.114 66.107 66.099 66.090 66.080 66.069 65.058 64.045 65.033 69.020 67.008 65.997 69.988 72.981 71.978 69.977 71.978 71.976 68.964 68.941 72.904 47.850 33.781 22.766 40.771 85.761 99.749 79.735 72.718 71.693 51.640 47.619 10.624 0.000 0.000 0.920 2.955 0.000 0.000 6.817 21.804 36.766 6.706 20.628 83.484 90.473 88.546 86.533 87.614 107.374 107.280 88.412 95.204 88.060 93.833 85.676
66.167 66.166 66.166 66.165 66.165 66.163 66.162 66.160 66.158 66.156 66.153 66.149 66.146 66.141 66.137 66.132 66.127 66.122 66.115 65.108 72.100 74.092 66.082 65.073 64.062 65.052 67.042 70.032 73.024 72.017 67.012 68.009 75.007 78.006 74.002 67.994 64.979 73.959 4.938 0.000 7.799 80.832 89.835 76.827 68.813 88.797 34.783 0.000 0.000 0.948 2.014 2.020 2.008 2.999 0.000 0.000 31.854 73.830 102.790 63.730 96.618 104.779 101.743 100.835 107.638 107.554 107.466 100.496 102.374 102.073 100.936 99.869 17.786
66.172 66.172 66.172 66.171 66.170 66.169 66.168 66.167 66.165 66.162 69.159 69.156 67.152 71.148 69.144 66.140 66.135 66.130 65.125 63.119 74.112 82.104 68.096 65.088 67.079 70.071 72.063 71.056 68.049 70.044 75.041 77.038 78.037 78.036 73.034 67.029 76.022 95.013 14.007 0.000 0.000 54.924 77.920 74.910 78.893 98.872 32.859 0.000 2.013 2.011 2.026 2.037 2.026 4.034 0.000 29.968 81.919 97.871 100.807 105.809 102.978 99.971 107.868 107.795 107.719 99.804 100.590 101.465 101.147 101.120 94.053 70.961 0.000
66.179 66.178 66.178 66.177 66.177 66.176 66.175 66.173 66.171 67.169 74.167 74.163 51.160 19.154 40.150 70.147 64.144 67.140 73.135 76.130 76.123 72.117 68.110 69.103 72.096 71.090 70.083 72.078 76.073 76.070 78.068 77.067 68.067 63.067 65.068 78.067 97.066 107.067 29.068 0.000 0.000 30.020 86.012 87.999 94.976 93.941 29.923 0.000 2.015 0.077 1.076 2.075 0.000 8.077 34.068 78.025 99.950 102.971 102.064 102.071 101.166 108.007 107.939 100.006 100.808 101.671 101.459 101.316 101.274 93.209 85.168 0.000 0.000
66.185 66.185 66.184 66.184 66.183 66.182 66.181 66.180 66.179 68.177 77.174 88.172 64.168 1.164 7.155 55.156 81.154 73.150 71.146 71.141 69.136 68.130 70.125 72.119 70.113 66.108 68.103 80.099 82.096 72.095 66.094 63.095 63.097 68.099 82.102 98.105 95.110 79.118 51.132 19.164 13.164 57.123 86.109 68.098 59.072 50.994 15.968 0.305 0.196 21.128 12.121 2.113 0.000 27.130 78.108 100.031 102.232 101.229 101.342 108.199 108.137 108.073 100.066 101.952 101.666 101.541 101.488 101.416 95.342 82.280 72.244 0.000 0.000
66.191 66.191 66.191 66.190 66.190 66.189 66.188 66.187 66.186 68.185 78.183 65.180 21.176 3.178 0.000 23.167 77.164 69.161 71.157 70.153 68.148 71.144 72.139 69.134 66.129 62.125 72.122 86.119 73.118 63.118 64.119 69.122 79.126 90.130 101.136 94.142 72.151 67.163 86.178 93.196 94.204 98.200 73.204 34.212 6.221 0.000 0.459 0.484 0.000 34.134 21.140 1.212 32.239 78.181 100.206 102.401 101.423 108.368 108.314 108.258 100.332 101.132 102.022 101.721 101.707 101.649 101.575 102.486 90.407 61.323 50.284 8.283 2.283
65.198 65.198 66.197 66.197 66.197 66.196 66.196 66.195 66.194 69.193 79.192 50.191 0.000 9.188 47.188 49.181 66.176 68.173 56.169 38.165 76.161 71.157 67.153 66.149 64.145 66.142 82.140 85.138 67.139 70.140 82.143 91.148 100.154 98.160 86.168 72.178 65.189 81.203 85.220 73.239 54.255 52.271 40.293 20.325 9.378 3.489 1.589 21.623 16.633 0.000 0.000 26.314 78.347 101.456 102.482 100.597 108.469 108.420 100.494 101.306 102.185 101.992 101.871 101.848 101.796 101.746 104.677 68.547 48.477 0.000 0.000 0.000 0.000
74.205 72.204 69.204 67.203 64.203 64.203 64.203 64.203 63.202 68.202 80.201 63.201 44.203 52.198 70.195 66.191 63.188 69.184 64.181 51.178 71.174 65.171 64.168 64.164 66.161 80.158 88.156 54.156 46.157 96.161 101.166 96.173 85.180 75.189 67.199 63.211 74.225 86.242 54.261 29.283 12.308 3.336 20.371 19.417 9.477 10.554 13.622 41.654 25.644 0.000 0.000 58.586 100.620 99.746 108.611 108.566 108.518 100.530 102.424 102.150 102.043 102.013 103.970 98.920 100.890 101.863 112.841 0.000 0.000 0.000 0.000 0.000 0.000
75.213 77.212 83.210 84.209 84.210 81.211 82.211 81.211 80.211 80.210 82.210 65.209 69.209 68.207 65.204 68.201 68.198 67.196 72.193 74.190 68.187 62.185 64.182 66.179 80.176 85.174 74.172 68.172 77.174 100.180 83.188 74.197 66.206 64.217 66.228 65.242 79.258 88.277 52.299 28.326 16.357 18.394 21.440 13.495 14.559 20.627 22.688 15.725 0.000 0.000 36.827 78.840 108.734 108.695 108.654 100.763 101.569 102.468 102.177 102.174 103.132 103.087 76.043 53.982 88.980 102.975 107.984 48.041 0.000 0.000 0.000 0.000 0.000
68.221 62.220 15.214 17.214 26.218 73.219 70.219 70.219 70.219 74.219 83.218 64.218 65.217 64.215 67.214 71.211 72.209 70.207 69.205 72.203 73.201 70.199 64.196 81.194 87.191 78.188 84.185 101.185 98.188 80.196 68.209 64.220 66.231 66.243 65.256 70.271 86.289 88.309 80.334 83.363 54.399 16.444 8.499 7.565 19.635 26.708 16.778 13.836 5.860 31.999 80.006 108.806 108.771 100.905 101.715 102.602 102.415 102.301 102.286 103.239 101.199 95.159 20.138 0.000 71.075 106.072 103.078 102.098 0.000 0.000 0.000 0.000 0.000
66.232 58.232 0.000 0.000 8.227 69.228 65.228 65.228 65.228 69.227 83.227 61.226 65.226 69.225 71.223 72.222 69.220 66.218 64.217 66.215 76.214 89.212 84.211 85.209 62.207 56.203 108.197 94.195 61.197 21.208 41.231 69.244 66.255 66.267 68.281 61.297 45.316 35.338 47.364 87.394 63.432 16.482 11.548 6.629 15.709 20.793 14.880 19.954 20.037 58.139 108.858 100.094 103.833 102.738 102.552 102.442 102.419 102.383 103.342 103.305 68.266 44.212 30.210 33.216 84.174 105.159 101.159 92.174 10.208 0.000 0.000 0.000 0.000
66.242 66.244 49.249 0.000 9.237 70.237 66.237 66.237 65.237 66.236 81.236 68.235 71.235 73.234 72.233 67.232 64.231 65.230 65.229 64.228 74.227 97.226 93.226 80.225 73.223 64.219 40.205 29.199 16.198 0.000 22.262 71.269 66.279 68.290 51.305 25.321 10.340 7.363 49.388 66.418 35.453 7.506 10.582 15.693 22.780 18.876 12.993 6.106 9.417 57.377 108.924 102.982 102.744 102.566 102.551 102.516 102.475 102.438 100.404 91.373 24.350 0.000 41.276 100.266 105.244 103.230 97.227 87.232 5.242 0.000 0.000 0.000 0.000
63.251 65.252 62.254 0.000 5.246 70.246 65.246 63.246 65.245 69.245 73.245 72.244 72.244 70.244 64.243 65.242 65.242 66.241 66.241 71.240 89.240 88.241 81.241 90.242 88.243 59.244 0.000 0.000 0.000 0.000 20.287 71.292 66.300 69.311 40.325 2.342 36.362 62.384 82.409 51.435 3.457 0.000 0.000 4.781 14.842 14.940 15.077 9.372 6.218 109.112 109.020 101.888 102.735 102.636 102.602 102.565 102.528 104.493 89.460 72.432 32.410 8.399 56.352 86.326 95.306 104.292 93.285 82.284 4.286 0.000 0.000 0.000 0.000
70.259 68.260 57.260 0.000 56.256 64.255 66.255 70.255 71.254 72.254 70.254 71.254 69.253 65.253 65.253 66.253 66.252 65.252 67.252 90.253 89.253 71.254 84.256 82.258 86.263 84.271 47.290 3.301 12.308 42.311 47.307 67.311 66.318 66.329 61.343 53.360 70.380 69.403 63.429 85.457 33.482 0.000 0.000 8.809 13.867 11.959 13.076 37.250 61.661 109.197 104.216 103.964 103.704 102.691 102.651 102.615 103.579 101.545 56.513 33.485 45.459 46.436 100.406 102.381 82.361 92.347 87.338 60.333 25.332 0.000 0.000 0.000 0.000
71.267 72.267 69.268 57.269 71.266 71.264 71.264 72.263 72.263 73.263 85.263 67.263 65.263 65.263 66.263 66.263 66.263 67.263 81.264 92.265 67.266 71.268 98.270 90.273 78.278 81.286 84.297 68.306 73.313 88.317 81.320 69.325 62.333 62.344 73.358 89.375 76.396 48.420 20.448 75.483 64.532 13.614 16.692 21.778 17.858 8.956 11.032 52.318 104.565 109.276 101.196 103.847 104.776 102.738 102.701 102.664 95.629 85.595 42.563 13.534 22.506 23.480 84.454 126.431 107.411 83.396 75.386 54.380 63.377 16.377 0.000 2.542 6.542
76.274 76.274 72.274 72.275 72.274 73.273 73.272 69.272 66.272 65.272 28.272 18.272 69.272 66.273 66.273 66.273 65.274 68.274 92.275 78.276 63.278 69.280 86.283 103.287 98.292 95.298 93.306 89.313 85.320 84.325 92.331 89.337 83.346 79.357 82.371 86.387 48.408 12.431 11.459 27.494 23.548 8.618 17.683 27.754 23.834 14.942 8.100 51.348 109.423 109.351 104.089 105.933 102.820 102.788 103.749 99.713 83.677 76.643 82.611 88.581 72.552 94.525 109.500 126.477 135.457 119.441 81.430 86.423 61.419 0.000 0.000 0.000 0.000
15.281 16.281 76.281 71.281 71.281 66.281 63.281 65.281 60.281 13.281 13.281 2.282 70.282 66.282 66.283 66.283 66.284 84.285 91.286 64.288 66.290 66.292 69.295 75.299 77.304 77.309 73.315 76.322 92.328 85.334 76.340 79.347 86.355 90.366 93.380 90.396 65.416 30.439 13.464 12.486 0.000 1.629 12.669 21.720 5.777 0.000 21.294 81.536 109.492 101.433 105.158 104.894 102.877 102.835 103.797 98.760 85.724 51.690 58.657 101.626 112.596 144.568 135.543 107.519 95.499 112.482 91.470 85.462 60.458 0.000 0.000 0.000 0.000
2.289 11.288 25.286 80.289 65.289 63.289 65.289 65.290 66.290 13.290 4.290 59.291 67.291 66.292 66.293 66.294 68.294 92.296 77.297 63.299 66.301 66.303 66.306 65.310 65.314 65.319 64.325 71.330 100.336 79.342 10.348 18.355 30.363 81.373 91.386 75.401 80.421 67.445 19.473 16.500 1.550 6.603 19.638 11.679 0.000 0.000 39.451 109.626 109.560 104.316 106.055 101.962 102.922 102.882 102.843 102.805 89.769 52.734 67.701 104.669 100.639 134.610 129.583 98.559 103.537 89.519 70.505 88.497 66.493 0.512 0.000 0.000 0.000
64.298 60.298 0.000 72.298 82.298 83.298 64.298 76.298 83.299 59.299 57.299 67.300 66.301 66.302 66.302 66.303 85.305 89.306 64.307 66.309 65.312 64.314 66.317 66.321 66.325 66.329 65.334 73.339 102.344 83.349 29.355 2.362 53.369 78.378 91.389 70.402 60.420 19.449 12.481 15.511 13.546 21.580 25.601 0.000 0.000 18.376 80.622 109.689 101.574 105.293 105.034 103.012 102.968 102.927 102.888 103.850 94.813 83.778 106.744 131.711 119.679 136.649 133.621 127.595 134.572 100.552 77.536 87.526 95.523 24.531 0.000 0.000 0.000
66.306 65.307 60.309 66.307 65.306 13.306 87.306 79.307 66.307 67.308 67.308 66.309 66.310 66.311 66.312 69.313 92.315 75.316 65.318 66.320 72.322 80.325 66.328 64.331 66.335 65.339 68.343 92.347 100.352 75.357 63.362 51.368 73.374 72.381 33.389 18.399 15.409 0.000 4.492 4.515 5.543 6.569 8.585 0.000 21.450 78.594 100.757 109.751 102.536 103.177 103.098 103.055 103.012 102.971 102.932 103.893 94.856 77.820 73.785 106.751 96.719 110.687 113.657 101.629 103.603 75.580 52.561 66.548 133.542 86.541 21.543 11.543 33.543
66.314 66.314 66.315 66.314 66.314 60.314 76.315 92.315 68.316 65.316 66.317 66.318 66.319 66.321 65.322 88.323 90.324 64.326 66.327 67.329 64.332 26.335 85.338 80.341 67.344 65.348 83.352 102.356 86.360 66.364 66.368 67.373 70.378 74.383 11.388 12.394 0.000 1.474 16.479 0.000 0.000 0.000 0.000 0.000 44.573 101.736 109.868 109.810 102.421 103.253 103.136 103.098 103.055 103.014 102.974 101.935 86.898 88.861 108.825 127.791 126.757 131.724 136.692 123.661 121.631 108.603 57.580 55.564 131.554 95.549 33.545 26.544 91.543
66.321 66.321 66.321 66.322 66.322 66.322 66.323 77.323 92.324 68.325 65.326 66.327 66.329 64.330 72.331 93.333 73.334 65.336 67.337 65.338 7.342 4.345 73.348 74.351 80.354 79.357 87.360 86.364 67.367 65.371 67.374 70.378 75.381 75.384 0.000 0.000 0.000 3.469 27.470 14.467 15.466 14.466 0.000 5.740 52.852 106.957 109.924 101.762 103.473 103.207 103.185 103.139 103.097 103.055 103.015 102.976 88.938 84.901 105.865 106.829 106.794 109.760 109.726 108.692 113.657 86.622 62.593 77.574 92.562 31.555 0.000 0.000 35.543
66.328 68.328 68.328 66.329 66.329 66.330 66.331 66.332 77.333 92.334 68.335 63.336 63.338 80.339 92.341 86.343 63.344 66.346 62.347 8.346 5.352 59.355 66.358 66.361 72.363 89.366 89.369 82.372 75.375 67.378 54.381 24.384 89.386 69.388 0.000 0.000 0.000 2.464 16.465 9.465 23.465 12.465 0.000 5.923 26.001 110.034 109.980 102.630 103.362 103.266 103.223 103.179 103.137 103.096 103.056 104.016 98.978 88.940 83.903 82.867 82.830 82.795 82.759 86.723 60.684 4.634 30.597 86.576 82.563 43.556 5.551 0.000 34.542
67.336 4.335 5.333 66.336 65.337 64.338 64.339 63.340 63.341 76.342 91.344 84.345 91.347 93.349 80.351 64.352 71.354 71.356 59.358 0.000 7.365 70.366 66.368 68.371 92.373 99.375 77.377 68.380 75.382 82.385 70.387 6.389 49.391 67.393 0.000 0.000 0.000 3.459 9.461 6.463 20.464 0.000 0.000 6.053 11.391 110.087 107.883 103.594 103.334 103.309 103.262 103.218 103.176 103.135 103.095 103.056 104.017 102.979 100.941 99.904 99.866 100.830 102.794 76.758 18.721 0.000 15.584 71.570 102.560 93.552 66.547 42.543 59.542
66.344 65.344 0.344 65.345 76.345 80.346 84.347 89.348 92.349 93.350 93.352 93.354 79.356 66.358 82.360 99.362 100.365 100.367 93.371 71.377 6.376 67.377 65.379 74.380 102.382 89.384 66.386 65.388 67.390 70.392 61.394 6.396 26.398 26.399 0.000 0.000 0.000 9.451 4.456 0.000 3.464 0.000 14.031 15.325 6.155 110.138 111.833 107.469 103.389 103.343 103.299 103.256 103.214 103.173 103.134 103.095 103.056 103.018 102.980 102.941 103.902 106.865 78.829 11.793 0.000 0.000 0.000 16.562 72.554 103.547 94.542 70.540 47.541
66.351 68.352 64.355 66.353 81.353 80.354 76.354 72.356 71.357 67.359 88.361 78.363 89.365 80.367 96.369 92.372 85.375 86.378 97.381 103.384 92.386 93.387 85.389 93.390 101.391 74.393 65.394 66.396 66.397 65.399 65.400 67.402 62.404 11.408 71.415 62.422 1.430 3.439 0.000 0.000 0.000 4.921 82.995 80.206 110.232 110.186 105.710 106.537 103.418 103.379 103.335 103.292 103.251 103.211 103.171 103.133 103.095 103.057 103.018 104.978 109.935 78.898 18.863 0.000 0.000 0.000 0.000 0.000 13.546 64.539 99.535 49.533 0.000
68.359 4.359 63.360 66.360 66.360 66.361 65.362 66.363 68.365 66.367 78.369 73.371 82.374 93.376 81.379 66.382 67.385 68.387 69.391 74.393 87.395 97.397 103.399 101.400 90.401 66.402 66.403 66.404 66.405 66.406 67.407 90.408 63.410 3.412 67.417 17.422 11.428 4.434 0.000 0.000 0.000 14.876 103.084 105.289 110.275 104.044 103.748 103.482 103.460 103.412 103.370 103.328 103.287 103.247 103.208 103.170 103.133 103.096 105.059 90.018 43.961 10.929 0.000 0.000 0.000 0.000 0.000 0.000 0.000 35.527 97.526 49.525 0.000
69.365 2.366 63.366 66.367 66.367 66.368 66.369 67.371 5.372 65.375 69.377 80.380 80.382 88.385 93.388 79.391 64.394 64.397 64.400 66.403 68.406 69.407 70.409 70.410 69.410 68.411 64.411 64.412 65.412 66.412 77.413 91.413 62.414 56.415 58.416 0.000 0.000 4.434 0.000 0.000 0.000 18.938 102.054 110.360 110.318 102.901 103.629 103.533 103.489 103.445 103.403 103.362 103.322 103.283 103.245 103.208 103.171 103.136 108.102 64.076 0.000 0.000 0.000 0.000 0.000 0.000 0.000 0.000 0.000 38.517 98.516 57.515 0.000
