results3_8e3_rain/res_3e8f-0068.wd
ncols         241
nrows         181
xllcorner     12693529.787448
yllcorner     3542525.717860
cellsize      155.156523
NODATA_value  -9999.000000
[rows 96 to 127 of 181, columns 0 to 73 of 241]
0.000 0.000 64.487 22.487 0.487 0.000 0.000 62.486 66.486 66.485 62.484 62.483 64.483 0.000 0.000 0.000 0.000 0.000 0.000 0.000 0.000 22.434 22.434 47.434 109.434 83.433 11.433 12.432 20.432 0.000 0.000 126.278 0.000 62.266 86.270 91.271 0.000 0.000 36.125 6.104 61.074 95.038 81.998 58.953 96.905 81.854 53.800 70.743 119.685 46.626 54.565 55.502 55.439 55.375 55.311 55.246 55.183 55.122 55.061 55.997 61.909 29.864 0.000 0.000 0.000 0.937 30.920 18.898 20.774 49.694 54.656 53.631 53.612 53.597
0.000 0.000 44.487 66.487 69.487 10.488 2.488 61.487 58.486 57.485 56.484 57.483 56.483 0.000 0.000 0.000 0.000 0.000 0.000 0.000 0.000 7.434 8.435 96.437 98.437 79.435 2.434 7.433 1.433 0.000 0.000 142.278 131.279 137.280 142.295 145.297 122.293 63.263 81.203 58.165 60.130 95.093 94.053 115.010 139.962 129.912 104.858 63.802 122.744 46.684 54.622 55.559 55.495 55.430 55.364 55.299 55.236 55.178 57.125 40.084 0.000 0.000 0.000 0.000 16.791 59.808 28.834 0.000 31.729 70.696 51.666 53.643 53.625 53.611
0.000 0.000 0.000 39.487 52.488 64.488 77.488 90.488 28.487 8.486 0.000 0.000 0.000 0.000 0.000 0.000 0.000 0.000 61.475 0.000 0.000 0.000 0.000 58.441 60.440 45.438 0.000 0.000 0.000 0.000 0.000 57.278 50.279 0.000 64.332 54.329 54.318 58.294 109.258 56.224 60.189 91.152 92.113 68.070 58.023 58.973 82.919 132.863 108.805 49.744 53.681 54.617 55.552 55.485 55.417 54.348 54.285 55.228 58.178 35.131 0.000 0.000 0.000 0.000 24.774 76.777 50.774 38.739 58.717 77.693 55.670 53.651 53.634 53.621
0.000 0.000 0.000 0.000 0.000 56.490 96.489 98.489 89.488 84.487 0.000 0.000 0.000 0.000 0.000 0.000 0.000 64.475 61.475 0.000 0.000 0.000 0.451 59.447 58.446 0.000 0.000 0.000 0.000 5.524 0.000 0.000 0.000 0.000 11.374 57.368 53.357 52.338 53.312 54.282 67.250 56.215 60.176 52.133 54.087 52.037 52.983 57.927 58.868 56.806 60.742 53.677 53.610 55.541 58.470 72.392 73.327 58.274 44.226 0.000 0.000 0.000 0.000 0.000 21.754 76.752 73.745 60.726 35.708 30.689 74.671 51.655 53.641 53.629
0.000 0.000 0.000 0.000 0.000 57.491 97.491 97.491 0.000 0.000 0.000 0.000 0.000 0.000 0.000 0.000 9.475 75.475 64.475 2.474 0.000 0.000 62.456 61.452 65.451 0.000 0.000 0.000 0.000 63.524 55.524 0.000 0.000 0.000 70.420 80.414 66.404 59.389 53.368 55.343 74.314 59.281 65.243 65.201 56.155 71.105 63.051 63.993 53.933 61.870 61.805 59.738 53.670 54.601 58.528 55.425 17.355 7.315 0.000 0.000 0.000 0.000 0.000 24.731 61.735 73.733 80.726 70.714 46.700 47.685 61.671 52.657 53.645 53.634
2.500 0.000 0.000 0.000 0.000 44.493 93.493 102.493 12.494 0.000 0.000 0.000 0.000 0.000 0.000 0.000 0.000 82.476 63.475 64.473 66.470 63.466 60.461 61.457 59.453 0.000 0.000 0.000 0.000 56.524 56.524 57.523 56.515 56.501 55.473 65.464 74.456 21.446 85.430 75.409 80.382 65.351 10.314 81.273 79.227 78.176 82.121 71.063 54.001 56.936 61.869 61.801 58.731 54.664 43.618 0.000 0.000 0.000 0.000 0.000 0.000 0.000 0.000 34.727 61.723 61.719 72.713 71.704 54.693 54.681 53.669 53.658 53.647 53.638
70.500 73.500 5.500 0.000 0.000 54.495 93.495 98.495 108.495 13.496 0.000 0.000 0.000 0.000 4.483 4.482 2.481 19.478 67.477 64.474 82.471 96.467 71.464 56.460 0.000 0.000 0.000 0.000 0.000 0.000 55.527 56.529 56.522 56.514 56.508 55.512 55.512 54.507 55.496 60.479 72.456 66.426 9.391 81.349 82.303 60.252 67.196 84.136 78.072 65.004 54.935 60.865 61.791 64.705 49.662 0.000 0.000 0.000 0.000 0.000 0.000 0.000 0.000 0.000 12.711 58.708 55.703 55.696 53.687 53.677 53.667 53.658 53.649 52.641
84.501 67.500 67.500 69.500 71.499 90.497 98.497 98.496 98.496 100.497 74.497 13.497 0.000 62.484 69.484 70.483 32.482 27.480 90.478 98.476 93.474 89.469 72.466 0.000 0.000 0.000 0.000 0.000 0.000 0.000 0.000 56.544 55.531 54.526 55.532 56.564 56.573 56.575 56.569 57.557 76.536 71.508 54.473 56.431 67.384 78.332 55.276 67.214 68.146 61.074 81.003 63.933 55.862 0.000 0.000 0.000 0.000 0.000 0.000 0.000 0.000 0.000 0.000 0.000 4.702 58.700 53.695 53.689 53.681 53.673 53.665 51.657 49.649 51.643
99.501 89.501 70.501 74.500 92.499 98.499 98.498 98.498 98.497 93.497 65.497 71.497 0.000 53.484 88.485 96.484 96.483 80.482 95.480 102.479 12.477 0.000 0.000 0.000 0.000 0.000 0.000 0.000 0.000 0.000 0.000 56.573 0.000 0.000 0.000 57.637 56.643 56.649 56.649 57.642 73.625 78.597 55.561 56.518 56.470 74.418 75.361 53.298 61.226 80.142 72.070 50.001 0.000 0.000 0.000 0.000 0.000 0.000 0.000 0.000 0.000 0.000 0.000 0.000 1.695 58.693 53.689 53.683 53.677 52.669 51.662 56.656 57.650 58.644
99.502 99.502 94.501 97.501 98.500 98.500 98.499 98.499 98.499 94.498 69.498 86.498 0.000 0.000 66.487 90.487 98.485 99.484 98.483 103.481 6.480 0.000 0.000 0.000 0.000 0.000 0.000 0.000 0.000 0.000 0.000 56.602 0.000 0.000 58.712 56.704 56.714 56.728 56.738 56.737 73.723 78.695 55.657 56.611 56.561 57.507 78.451 72.391 79.318 69.198 50.134 0.000 0.000 0.000 0.000 0.000 0.000 0.000 0.000 0.000 0.000 0.000 0.000 0.000 56.691 53.689 53.685 53.679 53.672 52.666 54.660 58.654 59.649 59.645
97.503 98.503 98.502 98.502 98.502 98.501 98.501 98.500 98.500 99.499 94.498 101.498 25.496 4.494 54.491 73.489 96.488 98.487 99.485 87.484 1.482 0.000 0.000 0.000 0.000 0.000 0.000 0.000 0.000 0.000 0.000 50.631 55.660 55.689 54.719 56.755 56.781 56.810 56.837 56.847 73.834 78.804 55.760 56.709 56.654 56.600 61.547 84.496 64.456 0.000 0.000 0.000 0.000 0.000 0.000 0.000 0.000 0.000 0.000 0.000 0.000 0.000 0.000 0.000 9.689 60.687 56.683 57.676 55.667 51.662 58.657 59.653 57.649 57.645
94.504 99.504 98.504 98.503 98.503 98.503 98.502 98.502 98.501 98.500 99.499 92.498 76.497 67.495 61.493 88.491 98.490 98.489 103.488 6.487 0.000 0.000 0.000 0.000 0.000 0.000 0.000 0.000 0.000 0.000 0.000 0.000 0.000 0.000 0.000 56.817 56.845 56.894 56.955 56.978 72.964 79.925 56.871 56.810 56.749 56.691 56.639 62.592 15.555 0.000 0.000 0.000 0.000 0.000 0.000 0.000 0.000 0.000 0.000 0.000 0.000 0.000 0.000 0.000 0.000 0.000 0.000 0.000 1.659 60.656 58.654 59.651 56.648 51.645
94.505 99.505 98.505 98.505 98.504 98.504 98.504 98.503 98.502 98.502 99.501 84.500 63.498 62.497 71.495 95.494 98.492 98.491 104.490 9.490 0.489 0.000 0.000 0.000 0.000 0.000 0.000 0.000 0.000 0.000 0.000 0.000 0.000 0.000 0.000 52.852 56.887 53.964 57.113 57.145 76.120 80.063 56.988 56.910 56.839 56.778 56.726 53.679 3.617 0.000 0.000 0.000 0.000 0.000 0.000 0.000 0.000 0.000 0.000 0.000 0.000 52.633 0.000 0.000 0.000 0.000 0.000 0.000 56.653 57.652 59.651 59.649 56.647 52.645
97.507 98.507 98.507 98.506 98.506 98.506 98.505 98.505 98.504 98.503 98.502 95.501 72.500 73.498 90.497 97.495 98.494 98.493 105.493 22.492 0.000 0.000 0.000 0.000 0.000 0.000 0.000 0.000 0.000 0.000 0.000 0.000 0.000 0.000 0.000 0.000 52.887 0.000 56.387 57.368 85.309 72.218 57.108 57.005 56.920 69.855 59.808 54.780 0.000 0.000 0.000 0.000 0.000 0.000 0.000 0.000 0.000 0.000 0.000 0.000 4.633 63.634 48.634 0.000 0.000 0.000 0.000 57.646 60.648 59.648 56.648 52.647 52.646 50.645
98.509 98.509 98.508 98.508 98.508 98.508 98.507 98.507 98.506 98.505 98.504 98.503 100.501 100.500 99.499 98.497 98.496 100.496 89.495 32.495 0.000 0.000 0.000 0.000 0.000 0.000 0.000 0.000 0.000 0.000 0.000 0.000 0.000 0.000 0.000 0.000 0.000 0.000 56.680 57.629 91.532 60.391 57.222 57.081 68.981 77.914 56.871 56.853 55.871 0.000 0.000 0.000 0.000 0.000 0.000 0.000 0.000 0.000 0.000 0.000 0.000 59.634 60.634 47.634 0.000 53.640 55.641 59.643 58.645 56.646 55.646 51.646 59.645 62.645
97.510 96.510 98.511 98.510 98.510 98.510 98.510 98.509 98.509 98.508 98.506 98.505 98.503 98.502 98.500 98.499 99.498 82.498 10.497 1.497 59.498 73.498 19.497 0.000 0.000 0.496 0.000 0.000 0.000 0.000 0.000 0.000 0.000 0.000 0.000 0.000 0.000 0.000 53.025 63.938 86.800 57.591 54.309 57.114 57.011 56.948 56.909 56.891 56.889 53.889 0.000 0.000 0.000 0.000 0.000 0.000 0.000 0.000 0.000 0.000 0.000 54.634 50.634 56.635 51.637 59.639 59.640 58.642 54.643 57.644 52.644 51.644 51.644 44.645
87.512 87.512 96.513 98.513 98.513 98.513 98.512 98.512 98.511 98.510 98.509 99.507 100.505 98.504 98.502 98.501 98.500 20.499 4.499 59.499 69.498 79.498 78.497 71.497 63.497 4.497 0.000 0.000 0.000 0.000 0.000 0.000 0.000 0.000 0.000 57.962 60.898 60.749 57.457 56.297 65.137 52.864 0.000 53.057 57.000 56.957 56.928 56.911 55.905 0.000 0.000 0.000 0.000 0.000 0.000 0.000 56.631 67.631 0.000 0.000 55.633 53.633 53.634 50.635 58.636 59.638 59.639 56.641 59.642 59.643 57.643 52.643 41.643 0.000
69.514 74.515 93.515 99.515 98.515 98.515 98.515 98.515 98.514 98.513 100.512 86.510 82.507 97.505 102.503 99.502 94.502 76.501 79.501 85.500 79.499 80.498 59.498 52.497 0.000 0.000 0.000 0.000 0.000 0.000 0.000 0.000 0.000 0.000 49.026 55.026 57.984 57.892 57.757 57.657 59.589 0.000 0.000 0.000 51.977 56.953 56.934 56.922 56.916 0.000 0.000 0.000 0.000 0.000 0.000 16.631 73.631 55.631 53.631 53.632 53.633 53.633 51.634 56.635 59.636 59.637 55.638 59.640 59.641 58.642 52.642 53.642 43.643 0.000
53.516 68.517 87.518 100.518 101.519 101.518 99.518 98.518 99.518 98.517 99.516 37.514 8.509 56.506 74.504 95.503 102.503 100.504 100.503 86.501 9.500 0.000 0.000 0.000 0.000 0.000 0.000 0.000 0.000 4.051 6.051 0.000 0.000 0.000 0.000 54.133 58.118 56.078 57.023 58.984 59.973 0.000 0.000 0.000 0.000 49.943 56.934 56.926 53.921 0.000 0.000 0.000 0.000 0.000 0.000 0.000 15.631 69.631 52.632 52.632 53.632 52.633 52.633 58.634 59.635 57.637 45.637 0.000 63.641 57.641 57.642 57.642 43.642 0.000
17.517 39.518 72.521 78.522 72.522 74.521 91.522 99.522 95.522 88.521 87.521 22.520 0.000 0.000 0.000 32.504 67.505 93.507 100.508 0.000 0.000 0.000 0.000 0.000 0.000 0.000 0.000 0.000 0.000 46.051 67.051 12.051 0.000 0.000 0.000 54.256 60.277 59.279 68.273 69.284 59.345 4.526 0.000 0.000 0.000 0.000 53.931 54.929 0.000 0.000 0.000 0.000 0.000 0.000 0.000 0.000 0.000 74.631 77.632 57.632 51.632 49.633 59.633 59.634 54.634 0.000 0.000 0.000 4.641 62.641 59.641 59.641 49.641 0.000
0.000 0.000 53.527 62.527 14.527 0.526 63.526 92.526 83.526 79.526 93.526 60.527 20.530 0.000 0.000 0.000 0.000 38.510 69.514 0.000 0.000 0.000 0.000 0.000 0.000 0.000 0.000 0.000 0.000 0.000 51.052 69.052 0.014 0.000 0.000 45.356 59.457 57.488 87.505 80.535 58.598 60.707 6.826 0.000 0.000 0.000 48.931 0.000 0.000 0.000 0.000 0.000 0.000 0.000 0.000 0.000 0.000 0.000 62.632 79.632 64.632 58.632 59.633 54.633 0.000 0.000 0.000 0.000 0.000 54.641 59.641 59.641 54.641 0.000
0.000 0.000 49.532 94.532 51.532 0.531 52.530 84.530 86.530 97.530 99.530 102.531 108.533 47.535 16.536 0.000 0.000 0.000 9.525 4.528 0.000 0.000 0.000 0.000 0.000 0.000 0.000 0.000 0.000 0.000 52.052 67.052 0.000 4.056 8.056 0.000 52.708 60.711 90.723 72.752 60.804 59.877 64.946 0.000 0.000 0.000 0.000 0.000 0.000 0.000 0.000 0.000 0.000 0.000 0.000 0.000 0.000 0.000 0.000 0.632 67.632 57.632 55.632 0.000 0.000 0.000 0.000 0.000 53.640 52.641 54.641 48.641 0.000 0.000
22.543 37.542 71.538 89.537 97.537 66.537 79.535 102.535 99.534 98.534 98.534 98.535 98.536 104.537 107.537 63.537 22.536 4.535 67.531 81.532 74.533 76.534 32.534 8.534 5.534 0.000 0.000 0.000 0.000 0.000 31.052 53.053 59.054 59.055 62.057 21.059 53.955 82.924 84.925 61.948 59.990 60.052 63.134 8.268 3.327 0.000 0.000 0.000 0.000 0.000 0.000 0.000 0.000 0.000 0.000 0.000 0.000 0.000 0.000 0.000 0.000 0.000 1.632 0.000 0.000 0.000 0.000 55.640 50.640 48.640 0.000 0.000 0.000 0.000
95.545 98.544 98.542 96.541 94.541 95.540 97.539 97.539 98.538 99.538 99.538 98.538 91.538 95.539 98.539 102.538 106.538 107.536 99.535 95.534 92.534 87.534 89.534 82.534 38.534 16.533 0.000 0.000 0.000 0.000 0.000 0.000 0.000 0.000 0.000 78.164 67.128 96.107 87.106 74.123 61.157 60.207 60.270 64.343 60.386 0.000 0.000 0.000 0.000 0.000 0.000 0.000 0.000 0.000 0.000 0.000 0.000 0.000 0.000 0.000 0.000 0.000 0.000 0.000 0.000 0.000 0.000 0.000 0.000 0.000 0.000 0.000 0.000 0.000
98.547 93.547 91.546 90.545 84.545 81.544 82.543 82.543 88.542 93.542 93.541 86.541 70.541 85.541 98.541 98.540 98.539 98.538 98.537 98.536 99.536 99.535 102.534 103.534 103.534 103.533 42.533 0.000 0.000 0.000 0.000 0.000 0.000 0.000 0.000 50.307 76.287 81.271 65.268 82.281 70.308 60.348 60.397 63.449 6.487 0.000 0.000 0.000 0.000 0.000 0.000 0.000 0.000 0.000 0.000 0.000 0.000 0.000 0.000 0.000 0.000 0.000 0.000 0.000 0.000 0.000 0.000 0.000 0.000 0.000 0.000 0.000 0.000 0.000
68.551 41.550 63.550 77.549 75.548 55.548 40.547 36.547 56.546 73.545 72.545 65.545 60.544 70.544 91.543 99.542 98.541 98.540 98.539 98.538 98.537 102.536 77.535 65.534 64.534 68.533 71.533 10.533 0.000 0.000 0.000 0.000 0.000 0.000 0.000 48.468 84.443 67.420 59.415 69.424 80.447 64.480 60.522 60.569 66.627 10.725 4.770 0.000 0.000 0.000 0.000 0.000 0.000 0.000 0.000 0.000 0.000 0.000 0.000 0.000 0.000 0.000 0.000 0.000 0.000 0.000 0.000 0.000 0.000 0.000 0.000 0.000 0.000 0.000
58.554 29.554 51.554 66.553 62.553 39.552 25.551 29.551 49.550 63.549 61.549 61.548 62.547 60.547 79.546 96.545 98.544 98.543 98.542 98.540 97.539 60.537 0.000 0.000 0.000 0.000 0.000 0.000 0.000 54.838 74.838 26.837 12.834 8.821 55.771 72.656 89.596 66.553 60.546 58.555 75.576 77.604 63.639 60.680 60.726 63.779 72.815 10.845 5.853 0.000 0.000 0.000 0.000 0.000 0.000 0.000 0.000 0.000 0.000 0.000 0.000 0.000 0.000 0.000 0.000 0.000 0.000 0.000 0.000 0.000 0.000 0.000 0.000 0.000
71.558 67.558 62.558 61.557 62.557 64.556 65.555 68.555 67.554 63.553 62.552 62.552 62.551 61.550 68.549 90.547 99.546 98.545 100.544 72.543 38.541 0.000 0.000 0.000 0.000 0.000 0.000 0.000 0.000 19.838 41.838 44.840 48.844 62.857 59.838 80.787 77.733 51.649 58.661 60.675 62.696 75.722 67.752 62.785 60.818 59.849 76.866 67.868 61.861 0.000 0.000 0.000 0.000 0.000 0.000 0.000 0.000 0.000 0.000 0.000 0.000 0.000 0.000 0.000 0.000 0.000 0.000 0.000 0.000 0.000 0.000 0.000 0.000 16.114
61.563 62.563 62.562 62.562 62.561 62.561 62.560 62.559 62.558 62.557 62.556 62.555 62.554 62.553 60.552 81.550 98.549 100.548 96.547 22.546 0.000 0.000 0.000 0.000 0.000 0.000 0.000 0.000 0.000 0.000 0.000 0.000 0.000 46.928 63.935 89.921 63.902 0.000 46.773 61.790 59.812 63.836 64.862 73.889 62.913 60.931 59.934 55.901 0.000 0.000 0.000 0.000 0.000 0.000 0.000 0.000 0.000 0.000 0.000 0.000 0.000 0.000 0.000 0.000 0.000 0.000 0.000 0.000 0.000 0.000 0.000 0.000 21.285 86.209
62.567 62.567 62.567 62.566 62.566 62.565 62.564 61.564 61.563 62.562 62.560 62.559 62.558 62.556 61.555 69.553 84.552 95.550 83.549 9.548 0.000 0.000 0.000 0.000 0.000 0.000 0.000 0.000 0.000 0.000 0.000 0.000 0.000 23.991 73.054 98.059 8.051 0.000 44.870 62.898 60.925 59.949 67.973 78.995 67.015 61.030 65.036 0.000 0.000 0.000 0.000 0.000 0.000 0.000 0.000 0.000 0.000 0.000 0.000 0.000 0.000 0.000 0.000 0.000 0.000 0.000 0.000 0.000 0.000 0.000 0.000 0.000 78.362 92.307
62.572 62.572 62.572 62.571 62.571 62.570 62.569 66.568 67.567 63.566 62.565 62.563 62.562 62.560 62.558 61.556 64.554 73.553 73.551 14.550 0.000 0.000 0.000 0.000 0.000 0.000 16.163 0.000 0.000 0.000 0.000 0.000 0.000 0.000 77.232 92.211 15.193 0.000 28.938 60.007 61.040 61.063 60.084 65.103 67.121 63.137 65.146 0.000 0.000 0.000 0.000 0.000 0.000 0.000 0.000 0.000 0.000 0.000 0.000 0.000 0.000 0.000 0.000 0.000 0.000 0.000 0.000 0.000 0.000 0.000 0.000 62.586 71.492 71.419
62.577 62.577 62.577 62.576 62.576 62.575 61.574 73.573 78.572 65.571 62.569 62.568 62.566 62.564 62.562 62.560 62.557 61.555 64.553 45.551 0.000 0.000 0.000 0.000 0.000 58.164 79.163 41.161 32.151 31.136 0.000 0.000 0.000 58.564 100.431 74.358 74.318 1.345 0.000 46.152 63.165 61.181 61.197 59.213 75.231 79.249 73.265 0.000 0.000 0.000 0.000 0.000 0.000 0.000 0.000 0.000 0.000 0.000 0.000 0.000 0.000 0.000 0.000 0.000 0.000 0.000 0.000 0.000 0.000 0.000 36.754 87.679 73.602 86.535
