results3_8e3_rain/res_3e8f-0059.wd
ncols         241
nrows         181
xllcorner     12693529.787448
yllcorner     3542525.717860
cellsize      155.156523
NODATA_value  -9999.000000
[rows 132 to 164 of 181, columns 0 to 73 of 241]
89.751 94.751 98.751 98.751 100.751 100.751 94.751 85.751 71.751 60.750 59.750 60.750 59.749 58.749 63.748 77.747 88.746 93.744 93.742 90.739 82.734 73.728 64.718 58.704 63.683 65.657 64.623 65.582 63.547 58.515 72.482 95.449 62.422 0.000 0.000 0.000 2.060 54.052 66.045 63.017 64.994 70.978 88.971 74.970 58.970 57.973 57.978 69.984 90.992 31.998 5.004 0.010 0.000 0.000 0.000 0.000 0.000 0.000 0.000 0.000 0.000 0.000 0.000 0.000 22.611 2.531 6.450 47.347 70.196 74.092 73.980 84.062 111.525 101.871
67.762 69.762 72.762 78.762 88.762 94.762 99.762 99.762 92.761 78.761 67.761 61.761 65.760 72.760 85.759 100.758 99.757 96.755 96.753 99.749 99.744 95.737 83.728 71.715 63.698 58.676 59.650 58.622 59.595 67.570 89.546 97.526 9.513 0.000 0.000 0.000 12.069 40.078 58.112 67.106 68.087 65.065 66.062 76.060 71.056 64.052 68.048 76.045 89.042 30.040 16.033 22.055 2.063 0.000 0.000 0.000 0.000 0.000 0.000 0.000 0.000 0.000 0.000 0.000 4.693 0.000 54.475 76.393 72.268 81.235 72.295 111.653 100.408 101.919
59.773 59.773 59.773 61.773 66.773 70.773 77.773 86.772 94.772 97.772 91.772 89.772 91.771 94.771 93.771 86.770 77.769 75.767 75.765 80.761 86.757 93.750 96.742 95.731 84.717 74.700 69.681 67.660 76.641 92.623 93.608 79.597 12.591 0.000 0.000 0.000 0.000 0.000 41.221 68.208 47.183 35.133 50.152 65.151 80.143 84.132 86.118 87.104 83.092 10.085 0.000 25.070 22.072 10.074 16.074 10.074 0.000 0.000 0.000 0.000 0.000 0.000 38.924 8.870 74.774 96.705 129.553 85.521 80.569 61.521 97.581 102.086 101.988 110.712
60.783 60.784 60.784 60.784 59.784 58.784 60.784 65.784 71.784 81.783 91.783 93.783 86.783 76.783 70.782 62.782 58.781 58.780 58.778 60.775 65.771 71.765 78.758 90.749 95.739 97.726 96.712 92.698 95.685 88.674 70.666 62.662 41.663 0.000 0.000 0.000 0.000 0.000 34.344 67.321 10.305 0.000 43.261 68.250 87.234 95.213 81.188 84.161 70.138 28.124 0.000 52.083 21.080 13.076 24.075 24.074 0.000 0.000 0.000 0.000 0.000 26.035 44.978 117.915 146.833 129.710 113.260 112.201 103.868 102.508 102.376 102.236 67.459 112.372
60.795 60.795 60.795 60.795 60.795 60.795 60.795 59.795 59.795 62.795 68.795 67.795 63.794 59.794 59.794 59.795 60.794 60.794 60.792 60.790 59.787 58.782 60.777 66.770 73.762 82.754 90.744 86.735 75.728 63.722 59.720 64.723 72.735 48.772 26.779 26.763 12.717 13.632 49.490 70.427 20.410 2.428 62.381 94.354 96.329 75.300 78.262 77.213 65.176 54.150 5.124 33.099 7.089 0.000 8.075 0.000 0.000 0.000 0.000 0.000 0.000 7.095 70.037 75.953 71.935 73.091 71.062 102.859 102.749 102.632 69.819 72.593 74.460 76.121
60.806 60.806 60.806 60.806 60.806 60.807 60.807 60.807 60.807 60.807 59.806 59.806 59.806 60.806 60.807 60.808 60.808 60.808 60.807 60.806 60.804 60.801 60.797 59.793 58.787 59.782 63.776 61.772 60.768 64.767 67.768 66.774 64.785 66.800 66.804 63.792 63.757 67.690 42.556 28.488 17.481 35.494 80.480 94.458 74.429 67.395 66.346 46.254 42.201 5.176 0.000 0.000 0.000 0.000 0.000 0.000 2.573 17.546 32.496 2.427 16.337 79.182 86.164 84.231 82.214 83.292 103.065 102.964 84.076 90.863 83.713 89.482 81.321 60.258
60.817 60.818 60.818 60.818 60.818 60.818 60.819 60.819 60.819 60.819 60.818 60.818 60.818 60.818 60.819 60.821 60.823 60.823 60.824 59.823 66.822 68.820 60.818 59.816 58.813 59.810 61.808 64.807 67.807 66.809 61.813 62.821 69.830 72.841 68.846 62.842 59.831 68.814 0.000 0.000 2.534 75.586 84.588 71.567 63.536 83.503 29.476 0.000 0.000 0.000 0.000 0.000 0.000 0.000 0.000 0.000 27.600 69.568 98.519 59.450 92.328 100.480 97.438 96.526 103.349 103.258 103.164 96.167 98.040 97.735 96.593 95.522 13.435 0.000
60.829 60.829 60.829 60.830 60.830 60.830 60.831 60.831 60.831 60.831 63.831 63.830 61.829 65.829 63.832 60.835 60.838 60.840 59.841 57.841 68.841 76.841 62.840 59.839 61.839 64.838 66.839 65.841 62.844 64.849 69.856 71.865 72.876 72.886 67.895 61.902 70.908 89.923 8.973 0.000 0.000 49.729 72.717 69.688 73.645 93.605 27.579 0.000 0.000 0.000 0.000 0.000 0.000 0.000 0.000 25.716 77.662 93.607 96.534 101.528 98.689 95.677 103.597 103.518 103.436 95.487 96.268 97.137 96.815 96.785 89.714 66.619 0.000 0.000
60.841 60.841 60.841 60.842 60.842 60.843 60.843 60.844 60.844 61.844 68.843 68.842 45.840 13.838 34.844 64.850 58.854 61.857 67.859 70.860 70.860 66.861 62.862 63.863 66.864 65.866 64.869 66.873 70.879 70.887 72.896 71.908 62.921 57.934 59.948 72.962 91.977 101.998 24.023 0.000 0.000 24.885 80.864 82.823 89.753 88.691 24.658 0.000 0.000 0.000 0.000 0.000 0.000 3.872 29.839 73.779 95.693 98.705 97.790 97.790 96.881 103.748 103.674 95.700 96.496 97.354 97.138 96.991 96.946 88.877 80.834 0.000 0.000 0.000
60.853 60.853 60.853 60.854 60.854 60.855 60.856 60.857 60.858 62.858 71.857 82.855 58.852 0.000 1.856 49.868 75.873 67.875 65.877 65.879 63.880 62.882 64.884 66.886 64.889 60.893 62.898 74.904 76.913 66.923 60.935 57.950 57.965 62.982 77.000 93.020 90.042 74.067 46.098 14.141 8.134 52.061 81.032 62.987 53.852 45.749 10.703 0.000 0.000 0.000 0.000 0.000 0.000 22.907 73.873 95.783 97.973 96.963 97.070 103.959 103.891 103.820 95.767 97.645 97.354 97.225 97.168 97.093 91.015 77.951 67.913 0.000 0.000 0.000
60.865 60.865 60.865 60.866 60.867 60.868 60.869 60.870 60.872 62.872 72.872 59.870 15.861 0.000 0.000 17.892 71.893 63.895 65.896 64.898 62.900 65.903 66.906 63.909 60.913 56.919 66.925 80.934 67.945 57.958 58.973 63.990 74.009 85.029 96.052 89.076 67.102 62.132 81.162 88.191 89.200 93.193 68.217 29.240 1.285 0.000 0.000 0.000 0.000 0.000 0.000 0.000 28.021 73.951 95.965 98.149 97.166 104.147 104.087 104.024 96.043 96.837 97.720 97.415 97.397 97.334 97.257 98.164 86.082 56.996 45.954 3.954 0.000 0.000
59.877 59.877 60.877 60.878 60.879 60.881 60.882 60.884 60.886 63.888 73.890 44.891 0.000 3.930 41.927 43.916 60.914 62.914 50.915 32.918 70.920 65.923 61.927 60.931 58.937 60.943 76.951 79.962 61.975 64.990 77.009 86.029 95.051 93.075 81.101 67.130 60.161 76.194 80.229 68.261 49.283 47.293 35.403 15.493 4.629 0.000 0.000 17.314 12.314 0.000 0.000 22.108 74.124 97.220 98.238 96.346 104.261 104.205 96.216 97.022 97.894 97.697 97.571 97.543 97.486 97.432 100.360 64.226 44.154 0.000 0.000 0.000 0.000 0.000
68.889 66.889 63.888 61.889 58.891 58.893 58.896 58.898 57.901 62.904 74.908 57.915 38.929 46.934 64.935 60.932 57.931 63.932 58.934 45.937 65.940 59.944 58.948 58.953 60.959 74.966 82.975 48.987 41.002 91.021 96.042 91.066 80.091 70.118 62.148 58.181 69.217 81.256 49.299 24.341 7.377 0.000 15.611 14.702 4.856 6.090 9.238 37.314 21.314 0.000 0.000 54.359 96.388 95.508 104.424 104.371 104.317 96.258 98.143 97.865 97.753 97.718 99.670 94.615 96.580 97.549 108.524 0.000 0.000 0.000 0.000 0.000 0.000 0.000
69.903 71.901 77.899 78.899 78.903 75.906 76.909 75.913 74.916 74.920 76.924 59.930 63.938 62.943 59.945 62.946 62.948 61.949 66.952 68.955 62.959 56.964 58.969 60.974 74.980 79.987 68.996 63.009 72.026 95.048 78.075 69.102 61.130 59.160 61.193 60.229 74.270 83.316 47.368 23.428 11.508 13.643 16.727 8.847 10.003 16.175 18.311 11.391 0.000 0.000 32.589 74.608 104.569 104.523 104.475 96.502 97.301 98.193 97.898 97.890 98.843 98.793 71.745 49.677 84.670 98.660 103.665 43.718 0.000 0.000 0.000 0.000 0.000 0.000
62.917 56.915 9.907 11.907 20.914 67.919 64.923 64.927 64.931 68.935 77.939 58.944 59.950 58.954 61.958 65.961 66.963 64.966 63.970 66.974 67.978 64.983 58.989 75.995 82.001 73.007 79.015 96.026 93.045 75.072 63.106 59.137 61.167 61.198 60.233 65.273 81.319 83.370 75.428 78.496 49.583 11.694 3.809 2.956 15.134 22.297 12.439 9.548 1.708 27.770 75.780 104.656 104.614 96.653 97.457 98.336 98.146 98.027 98.008 98.957 96.911 90.866 15.841 0.000 66.763 101.756 98.757 97.771 0.000 0.000 0.000 0.000 0.000 0.000
60.935 52.935 0.000 0.000 2.929 63.934 59.938 59.942 59.945 63.949 77.953 55.958 59.963 63.967 65.971 66.975 63.979 60.983 58.987 60.992 70.997 84.003 79.009 80.015 57.021 51.025 103.029 89.038 56.055 16.089 36.141 64.173 61.203 61.234 63.269 56.311 40.363 30.418 42.478 82.547 58.633 11.740 6.860 2.071 11.281 16.441 10.601 15.741 15.973 53.982 104.721 95.851 99.585 98.482 98.293 98.179 98.151 98.111 99.065 99.024 63.980 39.920 25.912 28.913 79.863 100.843 96.836 87.839 5.848 0.000 0.000 0.000 0.000 0.000
60.952 60.955 43.963 0.000 3.939 64.949 60.953 60.957 59.960 60.963 75.967 62.972 65.976 67.981 66.986 61.990 58.994 59.999 60.004 59.010 69.016 92.023 88.029 75.036 68.042 59.045 35.038 24.041 11.048 0.000 17.195 66.213 61.237 63.266 46.298 20.338 5.406 2.460 44.518 61.581 30.663 2.775 5.922 11.133 18.392 14.584 8.778 2.164 5.512 53.254 104.801 98.740 98.494 98.313 98.294 98.255 98.210 98.168 96.129 87.093 20.067 0.000 36.977 95.962 100.935 98.916 92.906 82.902 0.875 0.000 0.000 0.000 0.000 0.000
57.967 59.969 56.972 0.000 0.000 64.969 59.971 57.972 59.975 63.977 67.981 66.985 66.990 64.995 59.000 60.005 60.010 61.015 61.021 66.027 84.034 83.042 76.050 85.059 83.067 54.074 0.000 0.000 0.000 0.000 15.231 66.245 61.268 64.295 35.319 0.000 31.461 57.501 77.551 46.597 0.000 0.000 0.000 0.474 10.570 10.727 10.992 5.509 3.679 105.028 104.917 97.651 98.489 98.386 98.348 98.306 98.265 100.224 85.187 68.153 28.126 4.110 52.055 82.024 90.999 99.981 88.971 77.968 0.012 0.000 0.000 0.000 0.000 0.000
64.981 62.982 51.984 0.000 50.997 58.989 60.987 64.988 65.989 66.991 64.994 65.998 64.004 60.009 60.015 61.020 61.025 60.031 62.038 85.044 84.052 66.061 79.070 77.081 81.094 79.110 42.136 0.000 7.237 37.246 42.253 62.270 61.294 61.325 56.365 48.428 65.478 64.530 58.590 80.660 28.746 0.000 0.000 4.501 9.600 7.761 8.975 33.273 57.778 105.127 99.995 99.726 99.463 98.445 98.400 98.359 99.318 97.279 52.241 29.207 41.176 42.147 96.111 98.080 78.056 88.039 83.030 56.031 21.054 0.000 0.000 0.000 0.000 0.000
65.993 66.995 63.999 52.006 66.005 66.003 66.002 67.002 67.003 68.004 80.006 62.010 60.018 60.024 61.030 61.035 61.041 62.047 76.054 87.061 62.069 66.079 93.090 85.102 73.117 76.136 79.162 63.199 68.229 83.248 76.266 64.287 57.315 57.348 68.389 84.440 71.493 43.551 15.619 70.706 59.832 9.019 12.204 17.405 13.569 4.744 6.894 48.229 100.515 105.215 96.974 99.615 100.538 98.495 98.453 98.411 91.370 81.331 38.293 9.258 18.224 19.192 80.160 122.131 103.107 79.088 71.077 50.073 59.078 12.078 0.000 0.000 2.094 23.094
71.003 71.006 67.010 67.014 67.015 68.015 68.015 64.016 61.016 60.016 23.016 13.020 64.033 61.040 61.045 61.050 60.056 63.062 87.069 73.077 58.086 64.096 81.108 98.121 93.137 90.156 88.179 84.205 80.231 79.253 87.275 84.300 78.329 74.363 77.403 81.450 43.503 7.561 6.629 22.715 18.856 4.021 13.189 23.345 19.530 10.720 3.940 47.190 105.379 105.298 99.874 101.705 98.587 98.549 99.505 95.462 79.421 72.381 78.343 84.306 68.271 90.238 105.206 122.176 131.151 115.131 77.116 82.108 57.106 0.000 0.000 0.000 0.000 0.000
10.010 11.018 71.020 66.024 66.027 61.028 58.029 60.030 55.031 8.029 8.023 0.000 65.054 61.057 61.061 61.065 61.071 79.077 86.084 59.092 61.101 61.112 64.124 70.138 72.153 72.171 68.192 71.214 87.236 80.258 71.281 74.307 81.338 85.372 88.410 85.455 60.506 25.563 8.621 7.670 0.000 0.000 8.187 17.255 1.410 0.000 17.134 77.373 105.457 97.236 100.940 100.672 98.648 98.600 99.556 94.513 81.471 47.430 54.391 97.353 108.317 140.282 131.249 103.218 91.191 108.167 87.149 81.137 56.131 0.000 0.000 0.000 0.000 0.000
0.000 6.034 20.030 75.037 60.040 58.041 60.043 60.045 61.047 8.048 0.000 54.079 62.073 61.073 61.076 61.080 63.085 87.091 72.098 58.105 61.115 61.126 61.139 60.153 60.168 60.185 59.203 66.222 95.242 74.261 5.283 13.312 25.345 76.376 86.412 70.454 75.505 62.564 14.624 11.672 0.000 2.053 15.117 7.186 0.000 0.000 35.304 105.610 105.533 100.117 101.843 97.744 98.697 98.651 98.606 98.562 85.519 48.478 63.438 100.399 96.362 130.325 125.290 94.257 99.226 85.199 66.177 84.160 62.151 0.000 0.000 0.000 0.000 0.000
59.062 55.055 0.000 67.053 77.054 78.055 59.057 71.060 78.063 54.069 52.081 62.085 61.085 61.087 61.090 61.094 80.099 84.104 59.110 61.118 60.127 59.139 61.153 61.167 61.182 61.197 60.213 68.230 97.247 78.264 24.278 0.000 48.354 73.376 86.407 65.446 55.494 14.565 7.638 10.724 8.862 16.984 21.038 0.000 0.000 14.282 76.498 105.684 97.394 101.093 100.828 98.798 98.747 98.700 98.654 99.610 90.567 79.525 102.484 127.444 115.405 132.367 129.330 123.294 130.259 96.226 73.198 83.176 91.162 20.157 0.000 0.000 0.000 0.000
61.069 60.068 55.071 61.067 60.067 8.069 82.071 74.074 61.078 62.083 62.090 61.094 61.097 61.100 61.103 64.107 87.112 70.117 60.122 61.129 67.138 75.150 61.166 59.181 61.194 60.208 63.223 87.238 95.253 70.270 58.288 46.312 68.341 67.366 28.396 13.427 10.460 0.000 0.000 0.000 0.932 1.991 4.014 0.000 17.449 74.535 96.652 105.758 98.353 98.981 98.895 98.845 98.796 98.748 98.702 99.657 90.613 73.570 69.529 102.488 92.448 106.408 109.369 97.329 99.289 71.248 48.212 62.185 129.165 82.151 17.136 7.123 29.111 50.103
61.078 61.078 61.079 61.079 61.080 55.082 71.084 87.087 63.091 60.096 61.101 61.105 61.109 61.113 60.117 83.121 85.125 59.129 61.133 62.138 59.145 21.159 80.182 75.195 62.207 60.220 78.232 97.245 81.259 61.274 61.290 62.309 65.330 69.352 6.385 7.406 0.000 0.000 0.000 0.000 0.000 0.000 0.000 0.000 40.631 97.722 105.900 105.829 98.244 99.061 98.937 98.892 98.842 98.794 98.748 97.703 82.658 84.615 104.573 123.531 122.490 127.449 132.408 119.365 117.319 104.266 53.219 51.186 127.163 91.147 29.135 22.121 87.106 120.100
61.087 61.086 61.087 61.090 61.092 61.095 61.097 72.100 87.104 63.108 60.113 61.117 61.121 59.125 67.130 88.134 68.138 60.141 62.144 60.144 2.145 0.000 68.206 69.212 75.221 74.230 82.241 81.252 62.264 60.277 62.290 65.305 70.318 70.329 0.000 0.000 0.000 0.000 0.000 0.000 0.000 0.000 0.000 2.312 49.023 102.984 105.970 97.605 99.293 99.020 98.991 98.937 98.888 98.840 98.793 98.748 84.703 80.659 101.616 102.574 102.532 105.491 105.449 104.406 109.356 82.278 58.212 73.176 88.153 27.140 0.000 0.000 31.095 57.093
61.098 63.092 63.093 61.101 61.105 61.107 61.110 61.113 72.117 87.121 63.125 58.129 58.134 75.138 87.143 81.148 58.152 61.155 57.156 3.151 0.196 54.228 61.224 61.227 67.233 84.241 84.249 77.259 70.269 62.279 49.290 19.301 84.310 64.316 0.000 0.000 0.000 0.000 0.000 0.000 0.000 0.000 0.000 2.637 22.466 106.108 106.039 98.471 99.187 99.083 99.032 98.981 98.932 98.884 98.837 99.792 94.747 84.703 79.659 78.616 78.574 78.532 78.492 82.453 56.420 0.309 26.174 82.154 78.135 39.119 1.097 0.000 30.085 76.086
62.114 0.000 0.091 61.116 60.118 59.120 59.122 58.125 58.129 71.133 86.137 79.142 86.147 88.152 75.156 59.162 66.167 66.172 54.176 0.000 2.233 65.234 61.235 63.238 87.243 94.250 72.257 63.265 70.273 77.282 65.289 1.298 44.306 62.309 0.000 0.000 0.000 0.000 0.000 0.000 0.000 0.000 0.000 2.970 8.356 106.176 103.745 99.429 99.162 99.129 99.074 99.024 98.975 98.927 98.880 98.835 99.790 98.746 96.702 95.658 95.615 96.573 98.533 72.494 14.457 0.000 11.153 67.132 98.112 89.093 62.074 38.066 55.073 58.078
61.131 60.136 0.000 60.131 71.131 75.133 79.135 84.137 87.141 88.145 88.150 88.155 74.160 61.165 77.170 94.176 95.182 95.190 88.200 66.218 1.233 62.240 60.244 69.248 97.253 84.259 61.265 60.272 62.278 65.285 56.290 1.297 21.303 21.305 0.000 0.000 0.000 0.000 0.000 0.000 0.000 0.000 10.762 12.281 4.449 106.239 107.689 103.308 99.220 99.167 99.115 99.065 99.016 98.969 98.923 98.878 98.833 98.789 98.745 98.700 99.655 102.613 74.573 7.533 0.000 0.000 0.000 12.110 68.087 99.067 90.054 66.051 43.065 12.072
61.142 63.142 59.148 61.145 76.144 75.145 71.147 67.149 66.152 62.157 83.162 73.167 84.172 75.178 91.183 87.190 80.197 81.205 92.216 98.228 87.240 88.247 80.253 88.257 96.262 69.267 60.272 61.278 61.283 60.289 60.293 62.298 57.301 6.303 66.304 57.304 0.000 0.000 0.000 0.000 0.000 1.262 79.451 76.673 106.341 106.293 101.569 102.378 99.252 99.205 99.154 99.104 99.056 99.010 98.964 98.920 98.876 98.832 98.788 100.742 105.692 74.651 14.612 0.000 0.000 0.000 0.000 0.000 9.061 60.035 95.022 45.018 0.000 0.000
63.153 0.000 58.157 61.156 61.156 61.157 60.158 61.159 63.160 61.170 73.175 68.180 77.185 88.191 76.196 61.203 62.210 63.219 64.229 69.240 82.249 92.256 98.262 96.267 85.271 61.275 61.280 61.284 61.289 61.293 62.297 85.300 58.302 0.000 62.305 12.304 6.304 0.000 0.000 0.000 0.000 11.036 99.301 101.496 106.384 99.923 99.599 99.326 99.296 99.241 99.191 99.142 99.095 99.050 99.005 98.961 98.918 98.876 100.833 85.787 39.722 6.686 0.000 0.000 0.000 0.000 0.000 0.000 0.000 30.990 92.984 44.980 0.000 0.000
64.165 0.000 58.167 61.167 61.167 61.168 61.170 62.171 0.170 60.186 64.189 75.194 75.198 83.203 88.209 74.215 59.222 59.232 59.243 61.253 63.261 64.267 65.272 65.276 64.280 63.284 59.287 59.291 60.296 61.299 72.301 86.303 57.305 51.306 53.306 0.000 0.000 0.000 0.000 0.000 0.000 15.014 98.128 106.459 106.421 98.771 99.482 99.378 99.327 99.276 99.227 99.179 99.133 99.089 99.045 99.002 98.961 98.920 103.882 59.853 0.000 0.000 0.000 0.000 0.000 0.000 0.000 0.000 0.000 33.950 93.944 52.938 0.000 0.000
