results3_8e3_rain/res_3e8f-0202.wd
ncols         241
nrows         181
xllcorner     12693529.787448
yllcorner     3542525.717860
cellsize      155.156523
NODATA_value  -9999.000000
[rows 66 to 98 of 181, columns 146 to 218 of 241]
38.177 53.115 75.056 76.001 75.951 75.905 75.863 75.824 75.789 78.759 14.741 0.000 2.606 0.000 0.000 0.000 0.000 1.093 48.093 23.093 0.000 30.091 60.090 60.090 60.090 67.089 73.088 73.086 73.083 73.079 73.074 73.069 73.064 73.058 73.053 75.048 60.044 61.042 53.041 0.000 0.000 0.000 0.000 0.000 29.376 36.367 45.347 39.310 17.259 15.228 30.203 51.179 59.155 53.131 48.107 48.083 38.059 35.035 35.011 37.988 58.965 70.942 65.920 54.899 61.879 68.859 72.840 72.822 71.805 71.788 71.772 71.757 71.742
41.238 60.175 78.116 76.061 76.012 75.968 75.927 75.889 80.852 69.822 39.809 36.825 0.000 0.000 0.000 0.000 0.000 19.093 21.093 0.000 0.000 0.000 30.087 61.087 70.087 73.086 73.084 73.083 73.080 77.077 75.073 73.069 73.064 73.060 72.055 64.051 58.048 64.045 54.044 0.000 0.000 0.000 0.000 21.368 35.369 40.364 36.357 0.000 2.212 12.197 32.179 35.159 49.137 58.115 47.092 46.069 44.045 35.021 34.997 33.974 39.950 63.927 70.905 55.884 57.863 59.843 61.824 65.806 69.788 71.771 72.755 71.740 71.725
46.297 67.232 77.170 76.115 76.069 76.028 73.989 72.951 27.909 12.869 43.846 49.842 14.846 0.000 0.000 0.000 0.000 0.000 0.000 0.000 0.000 14.084 43.084 63.084 73.084 73.083 73.082 73.080 73.078 75.075 74.072 73.069 73.065 74.062 64.058 62.054 65.050 60.047 52.045 0.000 0.000 0.000 0.000 39.367 42.366 4.364 3.360 0.000 7.179 40.171 42.157 52.140 55.121 66.100 64.078 52.055 41.032 33.008 34.983 34.959 29.935 43.912 60.890 64.868 69.847 66.826 59.807 64.789 67.771 67.754 65.738 67.723 70.708
51.355 74.286 78.217 79.161 76.120 77.084 72.051 18.018 1.977 42.897 43.865 48.852 56.849 0.000 0.000 0.000 0.000 0.000 0.000 0.000 0.000 26.083 49.083 62.082 74.082 73.081 73.080 73.078 73.076 74.074 73.072 73.069 73.066 70.063 64.060 29.056 2.053 0.000 0.000 0.000 0.000 0.000 0.000 35.367 42.367 0.000 0.000 0.000 57.156 43.149 38.137 66.122 71.105 72.086 76.065 70.042 58.019 37.994 34.969 34.944 32.920 33.896 39.873 40.851 47.829 55.809 62.789 66.771 67.753 68.736 64.720 67.705 68.690
33.415 38.341 48.250 24.192 81.166 78.139 63.113 40.092 10.081 0.000 0.000 0.000 0.000 0.000 0.000 0.000 0.000 0.000 0.000 0.000 0.000 27.082 52.081 55.080 71.080 73.079 73.078 73.077 77.075 76.073 73.071 73.069 74.067 65.065 68.064 0.000 0.000 0.000 0.000 0.000 0.000 0.000 0.000 0.000 29.366 38.366 0.000 0.000 88.139 51.132 33.121 64.108 72.092 72.074 72.054 75.031 74.006 53.981 36.955 34.929 32.904 35.879 36.856 44.833 49.811 38.790 38.771 43.752 48.734 54.717 59.701 63.686 67.672
79.482 58.411 0.000 0.000 85.214 77.191 64.172 46.156 13.145 0.000 0.000 0.000 0.000 0.000 0.000 0.000 0.000 0.000 0.000 0.000 0.000 0.000 13.079 57.079 73.078 73.078 73.077 73.076 75.074 74.073 73.071 73.070 74.068 62.067 72.066 0.000 0.000 0.000 0.000 0.000 0.000 0.000 0.000 0.000 0.000 5.366 13.366 0.000 25.129 41.119 34.108 64.096 72.081 72.065 73.045 73.021 72.995 65.968 41.940 37.914 35.887 32.862 53.837 65.814 71.792 55.771 48.751 44.732 42.715 39.698 39.682 39.667 67.652
55.560 0.000 0.000 82.400 82.284 80.239 71.227 56.214 12.198 0.000 0.000 0.000 0.000 0.000 0.000 0.000 0.000 0.000 0.000 0.000 0.000 0.000 39.077 62.077 74.077 73.076 73.076 74.075 73.074 73.072 73.071 73.070 74.069 67.068 32.067 0.000 0.000 0.000 0.000 0.000 0.000 0.000 0.000 0.000 0.000 0.000 0.000 0.000 0.000 38.107 37.096 55.085 70.073 73.058 67.039 63.014 68.985 59.954 42.925 41.897 50.870 45.844 68.818 72.794 71.771 69.750 69.730 66.712 64.694 61.677 57.661 49.647 69.632
82.607 72.606 78.576 34.517 0.000 1.262 77.285 51.274 12.236 0.000 14.485 0.000 0.000 0.000 0.000 0.000 0.000 0.000 0.000 0.000 0.000 2.076 55.076 67.076 74.076 73.075 73.075 75.074 75.073 73.072 73.071 73.070 72.069 68.069 17.068 0.000 0.000 0.000 0.000 0.000 0.000 0.000 0.000 0.000 0.000 0.000 0.000 0.000 0.068 0.000 26.082 52.076 70.068 71.056 52.039 55.011 56.978 53.939 38.909 35.881 58.853 67.824 71.797 73.772 73.750 74.728 72.708 72.690 73.672 72.656 73.640 73.626 72.612
84.654 76.635 81.605 32.573 0.000 0.000 68.368 16.362 0.000 0.000 46.485 9.486 0.000 0.000 0.000 0.000 0.000 0.000 0.000 0.000 0.000 1.075 58.075 70.075 74.075 73.074 73.074 74.073 74.072 73.072 73.071 74.070 70.070 65.069 15.069 0.000 0.000 0.000 0.000 0.000 0.000 0.000 0.000 0.000 0.000 0.000 0.000 0.000 18.071 20.072 31.074 47.071 69.066 71.059 17.052 0.000 0.000 43.914 37.890 32.864 46.835 65.803 71.774 73.749 73.726 73.705 71.685 71.667 72.650 71.634 71.618 72.604 72.590
76.721 76.676 76.636 74.598 61.565 47.520 40.457 39.442 35.469 38.480 41.485 41.486 13.486 0.000 0.000 0.000 0.000 0.000 19.072 21.072 0.000 11.074 57.074 71.074 73.074 73.073 73.073 73.073 73.072 73.071 73.071 73.070 55.070 50.069 48.069 43.069 7.069 0.000 0.000 0.000 0.000 0.000 0.000 0.000 0.000 0.000 0.000 0.000 22.070 48.071 39.070 43.068 63.065 64.061 37.058 0.000 0.000 0.000 34.871 39.852 38.822 57.777 70.748 71.724 71.701 71.680 71.661 71.643 71.626 71.611 71.596 71.582 71.568
76.762 76.712 76.664 75.619 72.578 74.536 48.499 27.482 65.484 38.487 42.489 18.487 0.000 0.000 0.000 0.000 0.000 0.000 19.072 65.072 14.073 2.073 56.073 70.073 74.073 73.073 75.073 76.072 74.072 73.071 73.071 71.070 64.070 55.069 56.069 55.069 8.069 0.000 0.000 0.000 0.000 0.000 0.000 0.000 0.000 0.000 0.000 0.000 16.070 51.070 43.069 50.067 65.065 60.062 66.061 0.000 0.000 0.000 0.000 0.000 0.000 47.737 70.718 71.696 71.674 71.654 71.635 71.618 71.602 71.587 71.572 71.559 71.546
76.798 76.747 77.689 79.636 76.590 76.549 75.520 76.503 67.497 45.495 17.495 0.000 0.000 0.000 0.000 0.000 0.000 0.000 6.072 58.072 45.072 35.073 51.073 73.073 73.073 73.072 73.072 73.072 73.071 73.071 73.070 73.070 71.070 50.069 54.069 61.069 4.069 0.000 0.000 0.000 0.000 0.000 0.000 0.000 0.000 0.000 0.000 0.000 12.069 63.069 7.068 30.067 53.065 60.063 21.062 0.000 0.000 0.000 0.000 0.000 0.000 1.714 59.691 72.668 71.646 71.625 71.607 71.591 71.576 71.562 71.548 71.535 71.523
79.838 75.788 72.708 74.647 77.596 77.552 79.528 76.513 74.506 61.503 10.501 0.000 0.000 0.000 0.000 0.000 0.000 0.000 0.000 14.072 49.072 41.072 57.072 75.072 73.072 73.072 73.072 73.071 73.071 73.071 73.070 73.070 74.070 63.069 50.069 54.069 60.069 2.069 0.000 0.000 0.000 0.000 0.000 0.000 0.000 0.000 0.000 0.000 0.000 8.069 0.000 0.000 38.064 57.064 0.000 0.000 0.000 0.000 0.000 0.000 0.000 0.000 47.665 68.639 71.615 71.595 71.578 71.564 71.550 71.537 71.524 71.511 71.499
72.884 33.861 0.000 0.000 0.000 69.535 74.526 80.517 76.511 65.508 15.506 0.000 49.511 19.511 0.000 0.000 0.000 0.000 0.000 0.000 41.072 45.072 66.072 74.072 75.072 76.072 73.071 73.071 73.071 73.070 73.070 73.070 73.070 74.069 53.069 35.069 44.069 5.068 0.000 0.000 0.000 0.000 0.000 0.000 0.000 0.000 0.000 0.000 0.000 0.000 0.000 0.000 27.064 60.064 0.000 0.000 0.000 0.000 0.000 0.000 0.000 0.000 0.000 48.609 68.579 71.562 71.548 71.535 71.523 71.511 71.499 71.487 71.475
67.924 24.911 0.000 0.000 44.527 42.527 59.523 78.518 75.513 60.511 41.510 45.511 49.511 15.511 0.000 0.000 0.000 0.000 12.071 0.000 42.072 53.072 73.072 73.071 76.071 76.071 73.071 73.071 73.071 73.070 73.070 73.070 73.069 74.069 70.069 65.069 54.068 34.068 28.068 0.000 0.000 0.000 0.000 0.000 0.000 0.000 0.000 0.000 0.000 0.000 0.000 0.000 29.064 21.064 0.000 0.000 0.000 0.000 0.000 0.000 0.000 0.000 0.000 0.000 53.532 69.524 71.515 71.506 71.496 71.485 71.474 71.463 71.451
73.956 54.948 26.956 0.000 0.000 44.524 44.521 66.517 78.514 56.513 43.512 48.512 26.512 0.000 0.000 0.000 0.000 0.000 41.071 34.071 39.071 56.071 75.071 75.071 76.071 73.071 73.071 73.071 73.070 73.070 73.070 73.070 73.069 73.069 73.069 75.068 64.068 52.068 41.068 42.068 35.067 26.067 31.067 0.000 0.000 0.000 0.000 0.000 0.000 0.000 0.000 0.000 32.064 7.064 0.000 0.000 0.000 0.000 0.000 0.000 0.000 0.000 0.000 0.000 38.492 66.489 70.484 71.477 71.469 71.460 71.450 71.439 71.427
76.979 67.971 20.963 0.000 0.000 0.000 43.518 48.516 75.515 63.513 44.512 47.512 22.512 0.000 0.000 0.000 0.000 0.000 44.071 37.071 40.071 58.071 77.071 76.071 74.071 74.071 73.071 73.070 73.070 73.070 73.070 74.070 74.069 74.069 68.069 59.068 63.068 70.068 63.068 61.067 49.067 36.067 43.067 1.067 0.000 0.000 0.000 0.000 0.000 0.000 0.000 0.000 0.000 0.000 0.000 0.000 0.000 0.000 0.000 0.000 0.000 0.000 0.000 0.000 30.456 61.455 71.453 73.449 73.444 73.437 72.428 71.417 71.404
76.998 51.993 0.000 0.000 0.000 0.000 0.000 50.515 63.514 57.513 56.513 53.512 43.512 21.512 0.000 0.000 0.000 0.000 43.071 36.071 41.071 56.071 68.071 65.071 60.071 62.071 67.071 72.070 74.070 74.070 72.070 62.069 60.069 65.069 54.068 51.068 51.068 62.068 66.068 61.067 47.067 36.067 8.067 0.000 0.000 0.000 0.000 0.000 0.000 0.000 0.000 0.000 0.000 0.000 0.000 0.000 0.000 0.000 0.000 0.000 1.323 0.000 0.000 0.000 18.420 43.423 49.424 51.423 51.420 52.415 61.407 70.396 71.381
76.013 42.009 0.000 0.000 0.000 0.000 0.000 45.514 39.514 38.514 46.513 46.513 46.512 42.512 15.512 0.000 0.000 0.000 48.071 43.071 48.071 58.071 61.071 64.071 22.071 0.000 0.000 13.070 74.070 71.070 60.070 15.069 0.000 0.000 53.068 85.068 78.068 57.068 63.067 57.067 46.067 31.067 34.067 0.000 0.000 0.000 0.000 0.000 0.000 0.000 0.000 0.000 0.000 0.000 0.000 0.000 0.000 0.000 14.323 4.323 22.323 43.328 54.338 53.354 71.381 79.392 80.398 78.399 80.399 67.395 50.389 68.378 71.361
74.024 39.021 0.000 0.000 0.000 0.000 0.000 45.514 41.514 20.514 0.000 0.000 0.512 0.000 0.000 0.000 0.000 0.000 54.071 48.071 43.071 39.071 25.071 0.000 0.000 0.000 0.000 0.000 0.000 0.000 47.069 9.069 0.000 0.000 0.000 48.068 81.068 41.067 42.067 41.067 37.067 40.067 87.067 46.067 0.000 0.000 0.000 0.000 0.000 0.000 0.000 0.000 0.000 0.000 0.000 0.000 13.295 4.295 0.000 0.000 8.318 90.323 86.331 68.343 69.358 66.368 67.374 89.378 82.380 68.379 48.376 57.367 56.345
60.033 41.031 35.034 0.000 0.000 0.000 0.000 0.000 43.514 27.514 0.000 0.000 0.000 0.000 0.000 0.000 0.000 0.000 54.071 54.071 55.071 38.071 13.071 0.000 0.000 0.000 0.000 0.000 0.000 0.000 43.069 20.069 0.000 0.000 0.000 47.067 96.067 60.067 63.067 58.067 43.067 61.067 115.067 112.067 43.067 0.010 0.224 0.000 0.000 0.000 0.000 0.000 0.000 0.000 0.000 0.000 3.295 21.296 11.297 9.301 18.309 93.314 60.321 68.330 59.340 40.348 51.354 94.359 60.362 47.366 54.370 8.369 0.000
44.038 44.037 30.037 0.000 0.000 0.000 0.000 0.000 0.000 0.000 0.000 0.000 0.000 0.000 0.000 0.000 0.000 0.000 57.070 48.070 42.070 40.070 14.071 0.000 0.000 0.000 0.000 0.000 0.000 40.069 33.069 58.069 54.069 0.000 6.067 53.067 59.067 51.067 94.067 83.067 54.067 7.067 71.067 126.067 10.067 0.000 0.000 0.000 0.000 0.000 0.000 0.000 22.294 19.294 14.294 3.294 72.294 110.295 101.295 97.297 44.301 88.305 56.310 45.316 92.323 73.329 93.335 74.341 44.346 52.351 0.000 0.000 0.000
47.042 48.040 40.040 0.000 0.000 0.000 0.000 0.000 0.000 0.000 0.000 0.000 0.000 0.000 0.000 0.000 0.000 0.000 11.070 52.070 42.070 20.070 0.000 0.000 0.000 0.000 0.000 0.000 0.000 42.069 39.069 15.069 0.000 0.000 0.000 27.067 6.067 0.000 7.067 49.067 5.067 0.000 27.067 93.067 48.067 0.062 0.000 0.000 0.000 0.000 0.000 0.000 0.000 4.294 0.000 0.000 28.294 8.293 72.291 76.292 27.293 88.294 65.297 38.301 56.306 106.311 120.317 54.323 42.330 9.340 0.000 0.000 18.150
46.045 47.043 47.042 51.042 43.042 0.000 0.000 0.000 0.000 0.000 0.000 0.000 0.000 0.000 0.000 0.000 0.000 0.000 0.000 42.070 38.070 22.070 0.000 0.000 0.000 0.000 0.000 0.000 43.069 40.069 17.069 0.000 0.000 0.000 0.000 1.067 0.000 0.000 0.000 53.066 2.066 0.000 27.067 0.000 0.000 0.000 0.000 0.000 0.000 0.000 0.000 0.000 0.000 13.294 7.294 9.294 2.294 0.000 48.286 67.285 26.284 90.283 70.283 40.285 89.288 92.293 87.298 95.304 59.311 0.000 0.000 1.117 32.131
48.047 26.044 37.043 46.042 46.042 46.042 45.042 0.000 0.000 0.000 0.000 0.000 0.000 0.000 0.000 0.000 0.000 0.000 0.000 44.070 40.070 24.070 0.000 0.000 0.000 0.000 0.000 0.000 0.000 46.069 18.069 0.000 0.000 0.000 0.000 0.000 0.000 5.066 17.066 40.066 44.066 21.066 0.000 0.000 0.000 0.000 0.000 0.000 0.000 0.000 0.000 0.000 0.000 2.294 0.294 6.294 0.000 0.000 51.281 71.279 31.275 91.270 76.268 90.268 90.270 49.273 42.278 87.285 36.298 0.000 0.091 33.102 41.110
53.050 0.000 0.000 43.042 32.042 0.000 45.042 35.042 0.000 0.000 0.000 0.000 0.000 0.000 0.000 0.000 0.000 0.000 0.000 43.070 40.070 28.070 0.000 0.000 0.000 0.000 0.000 0.000 0.000 0.000 0.000 0.000 0.000 0.000 0.000 0.000 0.000 0.000 56.066 73.066 34.066 0.000 0.000 0.000 0.000 0.000 0.000 0.000 0.000 0.000 0.000 0.000 0.000 0.000 0.000 11.294 0.000 0.000 86.278 72.275 33.268 91.254 88.249 80.249 72.250 58.252 59.256 28.260 0.000 0.000 17.080 36.087 43.092
50.051 0.000 0.000 30.042 22.042 0.000 0.000 0.000 0.000 54.049 50.049 41.049 0.000 0.000 0.000 0.000 0.000 0.000 0.000 47.070 43.070 25.070 0.000 0.000 0.000 0.000 0.000 0.000 0.000 0.000 0.000 0.000 0.000 0.000 0.000 0.000 0.000 0.000 19.066 103.066 69.066 0.064 0.000 0.000 0.000 0.000 0.000 0.000 0.000 0.000 0.000 0.000 0.000 0.000 0.000 0.000 0.000 0.000 18.278 0.000 0.000 65.229 106.228 85.227 84.228 82.230 85.234 33.240 0.000 0.000 21.072 35.074 36.076
66.052 0.000 0.000 0.000 0.000 52.050 39.050 0.000 50.049 44.049 44.049 36.049 0.000 0.000 0.000 0.000 0.000 0.000 0.000 47.070 42.070 30.070 0.000 0.000 0.000 0.000 0.000 0.000 0.000 0.000 0.000 0.000 0.000 0.000 0.000 0.000 0.000 0.000 0.000 47.066 39.066 10.066 0.000 0.000 0.000 0.000 0.000 0.000 0.000 0.000 0.000 0.000 0.000 0.000 0.000 0.000 0.000 0.000 0.000 0.000 0.000 12.205 48.205 49.205 47.205 47.206 44.211 40.225 0.000 0.000 14.063 35.063 33.061
77.052 66.052 48.051 49.051 48.051 42.051 43.050 44.050 42.050 47.049 46.049 37.049 34.049 0.000 0.000 0.000 0.000 0.000 0.000 34.070 0.000 0.000 0.000 0.000 0.000 0.000 0.000 0.000 0.000 0.000 0.000 0.000 0.000 0.000 0.000 0.000 0.000 0.000 0.000 0.064 46.066 9.066 0.000 0.000 0.000 0.000 0.000 0.000 0.000 0.000 0.000 0.000 0.000 0.000 0.000 0.000 0.000 0.000 0.000 0.000 0.000 3.182 36.182 35.182 35.181 51.179 46.177 0.000 0.000 0.000 7.054 48.052 60.048
77.052 71.052 41.051 41.051 41.051 24.051 25.050 29.050 39.050 48.049 45.049 37.049 40.049 29.049 0.000 0.000 0.000 0.000 0.000 0.000 0.000 0.000 0.000 0.000 0.000 0.000 0.000 0.000 0.000 0.000 0.000 0.000 0.000 0.000 0.000 0.000 0.000 0.000 0.000 0.000 3.066 49.066 8.066 0.000 0.000 0.000 0.000 0.000 0.000 0.000 0.000 0.000 0.000 0.000 0.000 0.000 0.000 0.000 0.000 0.000 28.148 31.158 35.161 35.160 37.157 56.152 46.141 29.120 0.000 0.000 43.047 64.043 71.037
77.052 75.052 45.052 42.051 22.051 0.000 0.000 0.000 0.000 39.049 42.049 40.049 33.049 0.000 0.000 0.000 0.000 0.000 0.000 0.000 0.000 0.000 0.000 0.000 0.000 0.000 0.000 0.000 0.000 0.000 0.000 0.000 0.000 0.000 0.000 0.000 0.000 0.000 0.000 0.000 1.066 52.066 14.066 0.000 0.000 0.000 0.000 0.000 0.000 0.000 0.000 0.000 0.000 0.000 0.000 0.000 0.000 0.000 0.000 0.129 39.138 36.141 35.142 31.141 44.136 61.129 45.117 34.099 29.074 29.057 53.045 70.035 71.026
77.052 75.052 28.052 32.051 0.000 0.000 0.000 0.000 0.000 0.000 30.049 43.049 35.049 0.000 0.000 0.000 0.000 0.000 0.000 0.000 0.000 0.000 0.000 0.000 0.000 0.000 0.000 0.000 0.000 0.000 0.000 0.000 0.000 0.000 0.000 0.000 0.000 0.000 0.000 0.000 0.000 1.066 20.066 0.000 0.000 0.000 0.000 0.000 0.000 0.000 0.000 0.000 8.107 16.107 0.000 0.000 0.000 0.000 0.000 33.119 31.125 30.127 35.127 49.124 62.118 52.110 36.099 34.084 36.067 33.052 54.039 72.028 71.017
77.052 51.052 0.000 0.000 0.000 0.000 0.000 0.000 0.000 0.000 0.000 33.049 40.049 38.049 0.000 0.000 0.000 0.000 0.000 0.000 0.000 0.000 0.000 0.000 0.000 0.000 0.000 0.000 0.000 0.000 0.000 0.000 0.000 0.000 0.000 0.000 0.000 0.000 0.000 0.000 0.000 0.000 0.000 0.000 0.000 0.000 0.000 0.000 0.000 0.000 0.000 0.000 0.000 9.107 11.107 0.000 38.108 30.109 28.110 40.113 54.116 59.116 61.114 61.109 47.103 35.095 34.084 34.072 33.058 35.045 58.032 73.020 71.007
