results3_8e3_rain/res_3e8f-0095.wd
ncols         241
nrows         181
xllcorner     12693529.787448
yllcorner     3542525.717860
cellsize      155.156523
NODATA_value  -9999.000000
[rows 132 to 164 of 181, columns 0 to 72 of 241]
93.585 98.585 102.584 102.583 104.582 104.581 98.579 89.577 75.575 64.572 63.569 64.565 63.561 62.556 67.551 81.545 92.538 97.530 97.521 94.510 86.497 77.481 68.462 62.438 67.408 69.371 68.330 69.283 67.243 62.207 76.172 99.138 66.111 0.000 0.000 0.000 5.736 57.728 69.722 66.695 68.673 74.656 92.649 78.647 62.647 61.649 61.654 73.659 94.666 35.671 8.677 3.693 0.000 0.000 0.000 0.000 0.000 0.000 0.000 0.000 0.000 0.000 0.000 0.000 25.467 5.388 9.309 50.207 73.059 76.957 76.846 86.930 114.394
71.590 73.589 76.589 82.588 92.587 98.585 103.584 103.582 96.579 82.576 71.573 65.569 69.565 76.560 89.555 104.548 103.541 100.533 100.524 103.513 103.500 99.484 87.466 75.444 67.417 62.387 63.353 62.318 63.286 71.256 93.230 101.208 13.194 0.000 0.000 0.000 15.744 43.753 61.785 70.778 71.759 68.736 69.732 79.729 74.725 67.721 71.717 79.713 92.710 33.707 19.699 25.709 5.718 0.000 0.000 0.000 0.000 0.000 0.000 0.000 0.000 0.000 0.000 0.000 7.547 0.000 57.333 79.252 75.129 84.099 75.160 114.520 103.277
63.595 63.594 63.594 65.593 70.592 74.590 81.589 90.587 98.584 101.581 95.578 93.574 95.569 98.565 97.559 90.553 81.546 79.538 79.528 84.517 90.505 97.490 100.473 99.453 88.431 78.405 73.378 71.351 80.325 96.302 97.283 83.269 16.263 0.000 0.000 0.000 0.000 0.000 44.887 71.873 50.848 38.799 53.813 68.811 83.803 87.792 89.779 90.766 86.754 13.746 0.724 28.724 25.727 13.730 19.730 13.731 0.000 0.000 0.000 0.000 0.000 0.000 41.773 11.720 77.626 99.558 132.409 88.379 83.428 64.382 100.445 104.956 104.860
64.600 64.600 64.599 64.598 63.597 62.596 64.594 69.592 75.589 85.586 95.583 97.579 90.575 80.570 74.564 66.558 62.551 62.543 62.534 64.524 69.512 75.499 82.483 94.466 99.447 101.426 100.404 96.382 99.362 92.344 74.331 66.323 45.326 3.350 0.000 0.000 0.000 0.000 38.003 70.980 13.961 0.000 46.910 71.899 90.884 98.865 84.843 87.817 73.796 31.782 0.000 55.738 24.735 16.732 27.731 27.731 0.000 0.000 0.000 0.000 0.000 28.882 47.826 120.764 149.684 132.563 116.114 115.056 106.725 105.363 105.235 105.101 70.324
64.605 64.605 64.605 64.604 64.603 64.601 64.600 63.598 63.595 66.592 72.589 71.585 67.580 63.575 63.570 63.564 64.558 64.550 64.542 64.532 63.521 62.509 64.496 70.480 77.464 86.447 94.429 90.412 79.396 67.383 63.373 68.367 76.367 52.374 30.376 30.359 16.321 17.255 53.143 74.081 24.056 6.064 66.017 97.992 99.969 78.943 81.909 80.864 68.829 57.805 8.779 36.754 10.745 0.000 11.731 0.000 1.406 0.000 0.000 0.000 0.000 9.940 72.883 78.800 74.785 75.941 73.913 105.702 105.596 105.483 72.678 75.454 77.324
64.611 64.611 64.611 64.610 64.609 64.607 64.606 64.604 64.601 64.598 63.595 63.591 63.587 64.582 64.576 64.571 64.565 64.558 64.550 64.542 64.532 64.521 64.509 63.496 62.483 63.468 67.454 65.441 64.428 68.418 71.410 70.405 68.402 70.401 70.396 67.380 67.349 71.301 46.233 32.144 21.119 39.120 84.103 98.082 78.058 71.028 69.985 49.901 45.853 8.829 0.000 0.000 0.000 1.672 0.000 0.000 5.406 20.380 35.331 5.263 19.177 82.025 89.009 87.078 85.061 86.140 105.902 105.804 86.930 93.720 86.572 92.343 84.183
64.617 64.617 64.617 64.616 64.615 64.614 64.612 64.610 64.608 64.605 64.602 64.598 64.593 64.588 64.583 64.578 64.573 64.567 64.560 63.552 70.544 72.534 64.524 63.513 62.502 63.490 65.479 68.468 71.458 70.450 65.444 66.440 73.437 76.433 72.427 66.415 63.395 72.368 3.342 0.000 6.156 79.192 88.192 75.176 67.153 87.126 33.104 0.000 0.000 0.000 0.621 0.627 0.649 1.672 0.000 0.000 30.433 72.402 101.353 62.286 95.167 103.321 100.280 99.369 106.176 106.089 105.997 99.019 100.895 100.592 99.451 98.381 16.296
64.624 64.624 64.623 64.623 64.622 64.621 64.619 64.617 64.615 64.613 67.610 67.606 65.601 69.595 67.590 64.586 64.582 64.577 63.571 61.564 72.556 80.548 66.539 63.530 65.521 68.511 70.502 69.494 66.487 68.481 73.477 75.473 76.471 76.468 71.464 65.457 74.447 93.435 12.426 0.000 0.000 53.303 76.295 73.278 77.251 97.220 31.199 0.000 0.614 0.614 0.615 0.609 0.647 2.677 0.000 28.544 80.493 96.439 99.368 104.364 101.527 98.515 106.415 106.339 106.260 98.334 99.118 99.990 99.670 99.641 92.571 69.477 0.000
64.631 64.630 64.630 64.629 64.629 64.628 64.626 64.625 64.623 65.621 72.618 72.614 49.609 17.600 38.596 68.594 62.591 65.587 71.582 74.576 74.570 70.563 66.555 67.548 70.540 69.532 68.525 70.519 74.514 74.510 76.508 75.506 66.506 61.505 63.504 76.503 95.501 105.499 27.501 0.000 0.000 28.421 84.409 86.388 93.354 92.304 28.274 0.000 0.614 0.000 0.000 0.490 0.000 6.687 32.660 76.605 98.522 101.536 100.623 100.624 99.715 106.559 106.488 98.544 99.343 100.204 99.990 99.844 99.800 91.733 83.690 0.000 0.000
64.637 64.637 64.637 64.636 64.636 64.635 64.634 64.633 64.631 66.629 75.627 86.624 62.622 0.000 5.599 53.603 79.602 71.599 69.594 69.589 67.584 66.578 68.571 70.565 68.559 64.553 66.548 78.544 80.540 70.539 64.538 61.539 61.540 66.542 80.545 96.549 93.553 77.561 49.577 17.612 11.607 55.552 84.531 66.513 57.474 49.366 14.320 0.000 0.000 16.764 7.768 0.244 0.000 25.727 76.695 98.608 100.801 99.792 99.900 106.760 106.695 106.628 98.608 100.491 100.203 100.077 100.021 99.947 93.870 80.806 70.769 0.000 0.000
64.645 64.644 64.644 64.644 64.643 64.643 64.642 64.641 64.640 66.638 76.637 63.635 19.631 1.639 0.000 21.617 75.615 67.611 69.607 68.603 66.598 69.593 70.588 67.582 64.577 60.573 70.569 84.567 71.565 61.565 62.567 67.570 77.574 88.579 99.585 92.593 70.603 65.616 84.633 91.652 92.658 96.648 71.651 32.657 4.663 0.000 0.000 0.000 0.000 29.763 16.764 0.000 30.843 76.773 98.789 100.974 99.990 106.937 106.880 106.822 98.880 99.678 100.566 100.264 100.248 100.187 100.111 101.019 88.938 59.851 48.810 6.810 0.810
63.652 63.652 64.651 64.651 64.651 64.650 64.650 64.649 64.649 67.648 77.647 48.646 0.000 7.646 45.644 47.634 64.629 66.625 54.621 36.617 74.612 69.608 65.604 64.600 62.596 64.592 80.590 83.588 65.589 68.591 80.595 89.600 98.607 96.615 84.624 70.636 63.649 79.666 83.686 71.707 52.723 50.733 38.766 18.804 7.857 2.018 0.248 20.318 15.319 0.000 0.000 24.931 76.946 100.043 101.059 99.168 107.044 106.991 99.047 99.857 100.734 100.540 100.417 100.393 100.340 100.288 103.217 67.082 47.010 0.000 0.000 0.000 0.000
72.660 70.659 67.658 65.658 62.658 62.658 62.658 62.658 61.658 66.657 78.657 61.657 42.659 50.655 68.652 64.646 61.642 67.638 62.634 49.631 69.627 63.624 62.620 62.617 64.613 78.610 86.609 52.608 44.610 94.615 99.621 94.629 83.638 73.649 65.661 61.676 72.693 84.714 52.738 27.765 10.796 1.835 18.877 17.934 8.015 9.140 12.262 40.320 24.319 0.000 0.000 57.182 99.208 98.326 107.193 107.145 107.095 99.087 100.978 100.703 100.594 100.563 102.519 97.467 99.437 100.409 111.386 0.000 0.000 0.000 0.000 0.000 0.000
73.668 75.667 81.665 82.664 82.666 79.667 80.667 79.667 78.667 78.666 80.666 63.666 67.666 66.664 63.661 66.657 66.654 65.651 70.648 72.645 66.642 60.639 62.636 64.633 78.630 83.628 72.626 66.626 75.630 98.637 81.646 72.657 64.668 62.681 64.696 63.713 77.734 86.758 50.787 26.821 14.862 16.917 19.970 12.041 13.129 19.231 21.325 14.382 0.000 0.000 35.420 77.427 107.324 107.282 107.239 99.325 100.129 101.026 100.733 100.729 101.686 101.640 74.595 52.531 87.530 101.524 106.534 46.593 0.000 0.000 0.000 0.000 0.000
66.677 60.676 13.670 15.669 24.674 71.675 68.676 68.676 68.676 72.676 81.676 62.675 63.674 62.673 65.671 69.668 70.666 68.664 67.661 70.659 71.657 68.655 62.653 79.650 85.647 76.644 82.642 99.642 96.646 78.655 66.670 62.684 64.697 64.711 63.728 68.747 84.771 86.798 78.830 81.868 52.916 14.976 7.047 6.132 18.227 25.329 15.425 12.502 4.527 30.639 78.610 107.401 107.363 99.470 100.278 101.163 100.975 100.860 100.844 101.797 99.755 93.714 18.692 0.000 69.628 104.625 101.631 100.652 0.000 0.000 0.000 0.000 0.000
64.688 56.688 0.000 0.000 6.685 67.685 63.685 63.685 63.685 67.685 81.685 59.684 63.684 67.683 69.681 70.680 67.678 64.676 62.675 64.673 74.672 87.670 82.669 83.667 60.665 54.661 106.655 92.652 59.656 19.669 39.696 67.711 64.725 64.740 66.757 59.777 43.804 33.833 45.867 85.907 61.957 15.024 10.109 5.214 14.320 19.432 13.547 18.645 18.733 56.795 107.456 98.663 102.400 101.303 101.116 101.006 100.981 100.945 101.903 101.865 66.825 42.769 28.768 31.774 82.730 103.715 99.715 90.731 8.766 0.000 0.000 0.000 0.000
64.700 64.701 47.707 0.000 7.695 68.695 64.695 64.695 63.695 64.695 79.694 66.694 69.694 71.693 70.692 65.691 62.690 63.689 63.688 62.687 72.687 95.686 91.686 78.685 71.684 62.679 38.664 27.658 14.657 0.000 20.733 69.741 64.752 66.766 49.782 23.801 8.834 5.864 47.897 64.936 33.982 6.052 9.152 14.294 21.406 17.532 11.685 4.843 8.180 56.048 107.527 101.551 101.311 101.132 101.117 101.081 101.040 101.002 98.966 89.934 22.911 0.000 39.835 98.825 103.803 101.789 95.785 85.790 3.801 0.000 0.000 0.000 0.000
61.709 63.710 60.712 0.000 3.705 68.705 63.705 61.705 63.705 67.704 71.704 70.704 70.704 68.703 62.703 63.702 63.702 64.702 64.701 69.701 87.701 86.702 79.703 88.704 86.706 57.707 0.000 0.000 0.000 0.000 18.761 69.767 64.777 67.790 38.805 0.835 34.867 60.892 80.923 49.956 1.984 0.000 0.000 3.403 13.480 13.607 13.788 8.155 5.274 107.726 107.629 100.460 101.304 101.205 101.170 101.132 101.094 103.058 88.025 70.996 30.974 6.963 54.914 84.887 93.867 102.853 91.846 80.845 2.847 0.000 0.000 0.000 0.000
68.718 66.718 55.719 0.000 54.716 62.715 64.715 68.715 69.714 70.714 68.714 69.714 67.714 63.714 63.714 64.714 64.714 63.714 65.714 88.715 87.716 69.717 82.720 80.723 84.728 82.737 45.760 1.774 10.783 40.787 45.784 65.789 64.799 64.813 59.833 51.862 68.886 67.914 61.946 83.981 32.013 0.000 0.000 7.434 12.507 10.621 11.768 35.982 60.423 107.815 102.792 102.536 102.275 101.261 101.221 101.184 102.147 100.112 55.080 32.050 44.025 45.001 98.970 100.944 80.924 90.910 85.900 58.896 23.895 0.000 0.000 0.000 0.000
69.726 70.726 67.728 55.730 69.727 69.725 69.725 70.724 70.724 71.724 83.724 65.723 63.724 63.724 64.725 64.725 64.726 65.726 79.727 90.728 65.730 69.732 96.735 88.740 76.746 79.755 82.768 66.779 71.788 86.794 79.798 67.806 60.817 60.832 71.851 87.875 74.901 46.931 18.966 74.011 63.074 12.181 15.284 20.393 16.490 7.605 9.696 50.995 103.246 107.897 99.773 102.421 103.349 101.310 101.272 101.235 94.199 84.164 41.132 12.101 21.073 22.047 83.020 124.996 105.976 81.961 73.950 52.944 61.941 14.941 0.000 1.119 5.119
74.733 74.734 70.735 70.736 70.735 71.735 71.734 67.734 64.734 63.734 26.733 16.731 67.734 64.735 64.736 64.737 63.738 66.738 90.740 76.741 61.743 67.746 84.750 101.754 96.761 93.768 91.778 87.787 83.795 82.803 90.810 87.819 81.831 77.846 80.864 84.887 46.913 10.942 9.977 26.021 22.093 7.184 16.278 26.365 22.459 13.580 6.740 49.985 108.050 107.975 102.668 104.509 101.395 101.362 102.323 98.285 82.249 75.214 81.181 87.150 71.121 93.093 108.067 125.044 134.024 118.008 79.996 84.989 59.985 0.000 0.000 0.000 0.000
13.739 14.742 74.742 69.743 69.744 64.744 61.744 63.744 58.744 11.744 11.745 0.745 68.746 64.747 64.747 64.748 64.749 82.750 89.752 62.754 64.756 64.759 67.763 73.768 75.774 75.781 71.788 74.796 90.804 83.811 74.819 77.829 84.842 88.856 91.874 88.895 63.920 28.948 11.978 11.002 0.000 0.219 11.279 20.329 4.394 0.000 19.917 80.155 108.121 100.018 103.737 103.472 101.454 101.411 102.372 97.334 84.297 50.262 57.229 100.197 111.167 143.138 134.112 106.088 94.067 111.050 90.038 84.030 59.026 0.000 0.000 0.000 0.000
0.753 9.752 23.749 78.752 63.753 61.753 63.753 63.754 64.754 11.755 2.756 57.759 65.758 64.758 64.758 64.759 66.760 90.762 75.764 61.766 64.769 64.772 64.776 63.780 63.786 63.792 62.798 69.805 98.813 77.820 8.827 16.837 28.850 79.864 89.880 73.900 78.924 65.954 17.985 15.008 0.122 5.189 18.231 10.280 0.000 0.000 38.066 108.260 108.191 102.900 104.636 100.542 101.501 101.460 101.420 101.382 88.344 51.309 66.274 103.242 99.211 133.181 128.154 97.129 102.107 88.089 69.075 87.066 65.062 0.000 0.000 0.000 0.000
62.768 58.765 0.000 70.763 80.763 81.763 62.763 74.763 81.764 57.765 55.766 65.767 64.768 64.768 64.769 64.770 83.772 87.773 62.775 64.778 63.780 62.784 64.788 64.792 64.797 64.802 63.808 71.815 100.821 81.828 27.834 0.846 51.859 76.869 89.883 68.900 58.923 17.958 10.999 14.036 12.090 20.146 24.177 0.000 0.000 17.005 79.240 108.327 100.164 103.878 103.618 101.594 101.549 101.507 101.467 102.428 93.390 82.354 105.319 130.285 118.253 135.222 132.194 126.167 133.143 99.123 76.107 86.097 94.095 23.106 0.000 0.000 0.000
64.775 63.775 58.777 64.773 63.772 11.772 85.772 77.773 64.774 65.774 65.776 64.777 64.778 64.779 64.780 67.781 90.783 73.784 63.786 64.789 70.792 78.795 64.799 62.803 64.808 63.813 66.818 90.824 98.830 73.836 61.843 49.853 71.862 70.871 31.882 16.895 13.909 0.000 3.016 3.047 4.089 5.129 7.153 0.000 20.117 77.237 99.378 108.391 101.126 101.764 101.683 101.639 101.595 101.553 101.512 102.473 93.434 76.397 72.362 105.327 95.294 109.262 112.231 100.202 102.176 74.152 51.134 65.121 132.115 85.116 20.119 10.120 32.120
64.782 64.782 64.782 64.781 64.781 58.781 74.781 90.782 66.783 63.784 64.785 64.786 64.788 64.789 63.790 86.792 88.793 62.795 64.797 65.799 62.803 24.806 83.810 78.814 65.818 63.823 81.827 100.833 84.838 64.844 64.850 65.857 68.864 72.871 9.880 10.888 0.000 0.000 15.001 0.000 0.000 0.000 0.000 0.000 43.264 100.395 108.515 108.454 101.013 101.842 101.723 101.684 101.639 101.597 101.556 100.516 85.477 87.440 107.403 126.368 125.333 130.300 135.267 122.235 120.205 107.177 56.154 54.138 130.129 94.124 32.121 25.120 90.120
64.789 64.789 64.789 64.789 64.789 64.790 64.790 75.791 90.792 66.793 63.795 64.796 64.797 62.799 70.801 91.802 71.804 63.806 65.807 63.809 5.813 2.817 71.821 72.824 78.828 77.832 85.837 84.841 65.846 63.851 65.856 68.861 73.866 73.870 0.000 0.000 0.000 1.984 25.987 12.983 13.981 12.981 0.000 4.547 51.598 105.631 108.574 100.359 102.065 101.797 101.774 101.726 101.683 101.640 101.599 101.559 87.520 83.481 104.444 105.407 105.372 108.336 108.302 107.267 112.232 85.197 61.168 76.149 91.137 30.132 0.000 0.000 34.120
64.797 66.796 66.796 64.797 64.798 64.798 64.799 64.800 75.801 90.803 66.804 61.806 61.807 78.809 90.811 84.813 61.815 64.816 60.817 6.817 3.824 57.828 64.831 64.835 70.838 87.842 87.845 80.849 73.853 65.858 52.862 22.866 87.869 67.871 0.000 0.000 0.000 0.978 14.980 7.980 21.980 10.980 0.000 4.787 24.827 108.691 108.633 101.227 101.955 101.858 101.813 101.768 101.724 101.682 101.641 102.600 97.561 87.522 82.484 81.446 81.409 81.373 81.337 85.300 59.260 3.210 29.172 85.152 81.140 42.133 4.129 0.000 33.120
65.804 2.804 3.801 64.805 63.806 62.807 62.808 61.809 61.810 74.812 89.813 82.815 89.817 91.819 78.821 62.823 69.826 69.828 57.829 0.000 5.838 68.840 64.842 66.845 90.848 97.851 75.854 66.858 73.861 80.864 68.868 4.871 47.874 65.875 0.000 0.000 0.000 1.969 7.973 4.977 18.979 0.000 0.000 5.003 10.362 108.747 106.486 102.190 101.928 101.902 101.853 101.809 101.765 101.723 101.681 101.641 102.601 101.562 99.523 98.485 98.446 99.409 101.372 75.335 17.298 0.000 14.160 70.147 101.138 92.131 65.126 41.122 58.121
64.813 63.813 0.000 63.814 74.815 78.816 82.816 87.817 90.819 91.821 91.823 91.825 77.827 64.829 80.831 97.834 98.837 98.839 91.843 69.850 4.850 65.851 63.853 72.855 100.858 87.860 64.863 63.866 65.868 68.871 59.874 4.877 24.879 24.881 0.000 0.000 0.000 7.961 2.967 0.000 1.979 0.000 12.934 14.315 5.619 108.801 110.434 106.067 101.985 101.938 101.892 101.847 101.804 101.762 101.721 101.681 101.641 101.602 101.563 101.523 102.483 105.445 77.408 10.372 0.000 0.000 0.000 15.140 71.132 102.126 93.122 69.120 46.120
64.821 66.822 62.825 64.824 79.823 78.824 74.825 70.826 69.827 65.829 86.832 76.834 87.836 78.839 94.842 90.844 83.847 84.850 95.854 101.858 90.860 91.862 83.863 91.865 99.867 72.869 63.872 64.874 64.876 63.878 63.880 65.883 60.885 9.889 69.897 60.902 0.000 1.948 0.000 0.000 0.000 3.686 81.796 79.018 108.897 108.850 104.313 105.135 102.015 101.975 101.929 101.885 101.842 101.801 101.760 101.721 101.681 101.642 101.603 103.561 108.517 77.479 17.443 0.000 0.000 0.000 0.000 0.000 12.126 63.119 98.116 48.114 0.000
66.829 2.828 61.831 64.831 64.832 64.832 63.833 64.834 66.835 64.838 76.841 71.843 80.846 91.849 79.852 64.855 65.858 66.861 67.864 72.867 85.870 95.872 101.874 99.876 88.877 64.879 64.880 64.882 64.883 64.885 65.887 88.888 61.890 1.894 65.899 15.907 9.920 2.934 0.000 0.000 0.000 13.606 101.816 104.012 108.941 102.652 102.349 102.082 102.058 102.009 101.965 101.922 101.880 101.839 101.799 101.759 101.721 101.683 103.644 88.603 42.544 9.511 0.000 0.000 0.000 0.000 0.000 0.000 0.000 34.110 96.108 48.107 0.000
67.837 0.838 61.839 64.839 64.839 64.840 64.841 65.842 3.841 63.847 67.850 78.853 78.856 86.859 91.862 77.865 62.868 62.871 62.875 64.878 66.881 67.883 68.884 68.886 67.887 66.888 62.889 62.890 63.891 64.892 75.893 89.893 60.895 54.896 56.898 0.000 0.000 2.934 0.000 0.000 0.000 17.627 100.735 109.024 108.983 101.507 102.231 102.134 102.088 102.043 101.999 101.957 101.916 101.876 101.836 101.798 101.760 101.724 106.689 62.662 0.000 0.000 0.000 0.000 0.000 0.000 0.000 0.000 0.000 37.101 97.101 56.100 0.000
