results3_8e3_rain/res_3e8f-0179.wd
ncols         241
nrows         181
xllcorner     12693529.787448
yllcorner     3542525.717860
cellsize      155.156523
NODATA_value  -9999.000000
[rows 0 to 32 of 181, columns 146 to 218 of 241]
0.000 0.000 0.000 0.000 0.000 0.000 0.000 0.000 0.000 0.000 0.000 0.000 0.000 0.000 5.708 16.561 17.325 17.034 16.714 16.382 16.056 15.751 15.479 15.247 15.058 14.911 14.802 14.727 14.679 14.653 14.641 19.637 0.000 0.000 0.000 0.000 0.000 0.000 0.000 0.000 0.000 0.000 0.000 0.000 0.000 0.000 0.000 0.000 0.000 19.369 26.369 0.000 0.000 45.442 50.442 0.000 0.000 0.000 0.000 0.000 0.000 0.000 0.000 0.000 0.000 0.000 0.000 0.000 0.000 0.000 0.000 0.000 0.000
0.000 0.000 0.000 0.000 0.000 0.000 0.000 0.000 0.000 0.000 0.000 0.000 0.000 1.257 16.854 17.651 17.379 17.065 16.725 16.376 16.035 15.718 17.439 16.204 15.016 14.873 14.769 14.699 14.658 14.638 14.634 19.633 0.000 0.000 0.000 0.000 0.000 0.000 0.000 0.000 0.000 0.000 0.000 0.000 0.000 0.000 0.000 0.000 16.369 38.369 14.369 0.000 24.442 57.442 51.442 0.000 0.000 0.000 0.000 0.000 0.000 0.000 0.000 0.000 0.000 0.000 0.000 0.000 36.434 0.000 0.000 0.000 0.000
0.000 0.000 0.000 0.000 0.000 0.000 0.000 0.000 0.000 0.000 0.000 0.000 0.000 20.487 19.140 17.811 17.474 17.120 16.746 16.362 15.989 17.647 17.354 15.115 14.930 14.795 14.702 14.644 14.614 14.607 16.623 10.628 0.000 0.000 0.000 0.000 0.000 0.000 0.000 0.000 0.000 0.000 0.000 0.000 0.000 0.000 0.000 0.000 28.369 0.000 0.000 19.442 50.442 12.442 0.000 0.000 0.000 0.000 0.000 0.000 0.000 0.000 0.000 0.000 5.436 0.000 0.000 0.000 39.434 11.434 0.000 0.000 0.000
0.000 0.000 0.000 0.000 0.000 0.000 0.000 0.000 0.000 0.000 0.000 0.000 3.036 19.898 18.408 17.978 17.586 17.196 16.777 16.338 16.911 16.529 15.214 14.971 14.794 14.674 14.599 14.560 14.548 20.555 0.000 0.000 0.000 0.000 0.000 0.000 0.000 0.000 0.000 0.000 0.000 0.000 0.000 13.370 0.000 0.000 0.000 12.370 72.370 2.369 0.000 25.442 52.442 0.000 0.000 0.000 0.000 0.000 0.000 0.000 0.000 0.000 11.436 17.436 36.436 0.000 0.000 29.434 38.434 39.434 11.434 0.000 0.000
0.000 0.000 0.000 0.000 0.000 0.000 0.000 0.000 0.000 0.000 0.000 8.161 1.342 2.954 18.618 18.106 17.698 17.299 16.828 16.303 16.787 16.344 15.003 14.761 14.602 14.508 14.462 14.449 15.463 16.509 0.000 0.000 0.000 0.000 0.000 0.000 0.000 0.000 0.000 0.000 0.000 0.000 14.370 37.370 32.370 0.000 0.000 28.370 56.370 0.000 0.000 0.000 52.443 7.443 0.000 0.000 0.000 0.000 0.000 0.000 0.000 0.000 51.437 55.436 57.436 0.000 0.000 42.434 37.434 37.434 47.434 0.000 0.000
0.000 0.000 0.000 0.000 0.000 0.000 0.000 0.000 0.000 0.000 10.875 3.480 1.852 1.282 1.403 16.130 17.802 17.473 16.933 18.260 17.589 15.057 14.692 14.468 14.345 14.294 14.290 14.313 20.344 0.000 0.000 0.000 0.000 0.000 0.000 0.000 0.000 0.000 0.000 0.000 0.000 0.000 0.000 17.370 38.370 30.370 28.370 10.370 41.370 14.370 0.000 0.000 37.443 50.443 41.443 39.443 48.443 0.000 0.000 0.000 0.000 0.000 51.437 53.437 58.436 37.436 26.435 43.435 46.434 0.000 0.000 0.000 11.428
0.000 0.000 0.000 0.000 0.000 0.000 0.000 0.000 0.000 0.000 7.271 3.978 3.612 3.117 0.434 0.624 10.906 18.857 18.173 18.215 15.253 14.603 14.242 14.072 14.018 14.033 14.090 14.170 9.257 0.000 0.000 0.000 0.000 0.000 34.380 67.380 1.380 0.000 7.380 48.380 0.000 0.000 0.000 14.370 38.370 51.370 86.370 48.370 49.370 20.370 0.000 0.000 34.443 53.444 38.444 34.444 51.443 0.000 0.000 0.000 0.000 0.000 38.437 44.437 40.436 40.436 44.435 47.435 55.434 0.000 0.000 0.000 34.428
0.000 0.000 0.000 0.000 0.000 0.000 0.000 0.000 0.000 30.509 30.959 7.538 3.154 3.395 3.049 0.790 0.367 5.878 18.685 16.173 14.606 13.860 13.600 13.561 13.620 13.730 14.868 12.019 0.000 0.000 0.000 0.000 0.000 0.000 9.380 55.380 62.380 44.380 36.380 8.380 0.000 0.000 0.000 0.000 0.000 12.371 79.370 58.370 5.370 0.000 0.000 0.000 0.000 46.444 61.444 59.444 61.443 53.443 45.442 48.441 47.441 56.439 60.438 57.437 58.437 58.436 53.435 48.435 45.434 0.000 0.000 0.000 0.000
0.000 0.000 0.000 0.000 0.000 0.000 0.000 0.000 24.614 42.059 43.517 33.029 9.618 2.036 3.053 0.832 2.773 8.045 6.516 16.186 13.137 12.631 12.735 12.954 13.172 14.398 14.633 0.000 0.000 0.000 0.000 0.000 0.000 0.000 0.000 7.380 53.380 63.380 68.380 7.380 0.000 0.000 0.000 0.000 0.000 8.371 51.371 43.371 48.370 15.370 0.000 0.000 30.445 58.445 43.444 37.444 44.444 56.443 44.442 43.442 52.441 61.440 48.439 44.438 47.437 53.436 59.435 61.434 59.433 45.432 36.431 19.430 28.429
0.000 0.000 0.000 0.000 0.000 0.000 0.000 20.735 30.169 45.597 43.020 43.444 35.869 12.301 1.185 4.730 14.260 6.446 2.237 3.023 6.125 10.792 11.756 12.347 12.716 18.057 0.000 0.000 0.000 0.000 0.000 0.000 7.382 5.382 0.000 0.000 20.381 66.381 19.380 0.000 0.000 0.000 0.000 0.000 0.000 47.372 57.371 33.371 49.370 69.370 9.370 0.000 36.445 60.445 39.445 33.444 36.444 49.443 38.443 38.442 40.441 42.440 39.439 40.438 34.437 38.436 44.435 45.434 43.433 52.432 54.431 57.430 65.429
0.000 0.000 0.000 0.000 0.000 0.000 25.854 24.300 47.731 44.140 43.521 42.858 43.112 38.168 20.673 12.390 8.071 0.000 0.044 4.353 2.161 3.332 11.148 11.964 17.287 0.000 0.000 0.000 0.000 0.000 0.000 2.382 44.382 3.382 0.000 0.000 27.381 67.381 6.381 0.000 0.000 0.000 0.000 0.000 42.374 86.373 19.372 22.371 44.370 71.370 11.370 0.000 33.446 58.446 38.445 31.445 34.445 36.444 32.443 31.442 38.442 54.441 37.439 33.438 47.437 43.436 40.435 47.434 47.433 50.432 59.431 63.430 50.429
0.000 0.000 0.000 0.000 0.000 29.894 18.407 46.881 45.315 44.712 44.065 43.356 42.551 42.589 39.393 25.091 4.398 0.327 0.064 46.195 4.512 0.077 0.100 14.075 10.181 0.000 0.000 0.000 0.000 0.000 0.000 2.382 40.382 35.382 44.382 56.382 60.381 50.381 0.000 0.000 5.378 41.377 56.377 61.376 85.375 41.374 0.000 0.000 46.370 34.370 0.000 0.000 36.447 63.447 50.446 34.446 82.445 110.445 59.444 35.443 51.442 98.441 50.440 27.439 92.438 65.437 40.435 47.434 49.433 39.432 48.431 61.430 44.429
0.000 0.000 0.000 0.000 0.000 19.380 41.001 47.500 45.938 45.329 44.670 43.950 43.149 42.241 42.228 41.140 30.320 4.938 50.796 47.856 0.351 0.146 0.051 0.056 0.000 0.000 0.000 0.000 0.000 0.000 5.381 39.382 35.382 40.382 54.382 64.382 48.382 35.381 0.381 0.000 3.378 50.378 49.377 45.376 84.376 44.375 0.000 0.000 25.370 17.370 0.000 29.448 57.448 59.447 53.447 41.447 40.446 73.446 114.445 52.444 45.443 102.442 53.440 27.439 99.438 69.437 32.436 34.434 40.433 31.432 45.431 44.429 32.428
0.000 0.000 0.000 0.000 23.895 34.245 49.718 47.179 46.607 45.994 45.337 44.626 43.851 43.013 42.056 41.318 40.179 52.529 52.202 0.980 0.483 9.594 0.000 0.000 0.000 0.000 0.000 0.000 0.381 55.381 58.381 40.382 39.382 54.382 64.382 50.382 33.382 35.381 35.380 33.380 31.379 43.378 46.377 56.377 96.376 30.376 0.000 0.000 62.369 12.369 0.000 26.449 56.449 56.448 43.448 35.448 31.447 41.447 38.446 78.445 109.444 126.442 107.441 96.440 122.438 116.437 107.436 53.434 33.433 50.432 45.430 34.429 29.428
0.000 0.000 0.000 25.078 34.545 51.988 48.446 47.893 47.315 46.705 46.057 45.364 44.635 43.795 43.252 40.886 52.565 52.561 36.762 19.067 6.229 0.000 0.000 0.000 0.000 0.000 0.000 0.000 41.381 8.381 0.000 19.382 57.382 61.382 53.383 38.383 4.383 0.000 2.380 37.380 33.380 43.379 42.378 65.377 62.376 0.000 0.000 4.369 65.369 11.369 0.000 24.450 54.450 66.449 45.449 51.449 74.449 51.448 33.447 57.446 80.445 114.443 80.442 60.440 108.439 98.437 73.436 42.435 28.433 99.432 67.430 39.429 29.428
0.000 0.000 0.000 30.610 50.218 49.717 49.185 48.632 48.056 47.454 47.818 47.161 45.403 44.982 42.409 52.627 52.575 40.334 41.955 39.578 23.540 4.538 0.000 0.000 0.000 0.000 0.000 43.380 12.380 0.000 0.000 0.000 25.382 57.382 35.383 33.384 39.385 2.385 0.000 38.381 36.380 42.379 43.378 65.377 61.376 0.000 0.000 25.369 72.369 8.369 0.000 26.451 57.451 60.451 41.451 41.450 87.450 122.449 71.448 39.447 55.446 102.444 62.443 29.441 95.439 82.438 40.436 32.435 25.433 106.432 70.430 42.429 43.428
0.000 0.000 31.215 48.535 52.001 50.477 49.943 49.394 48.825 49.231 47.624 46.926 46.588 44.018 53.059 52.775 41.832 42.682 41.684 32.036 12.785 0.000 0.000 0.000 0.000 0.000 0.000 39.380 13.380 0.000 0.000 0.000 0.000 0.000 0.000 38.385 35.386 34.386 36.385 38.383 34.382 42.380 44.378 56.377 52.375 14.372 33.370 66.369 17.369 0.000 0.000 26.451 53.452 59.452 45.452 30.452 32.452 57.451 44.450 26.449 44.447 99.445 55.443 21.442 92.440 77.438 35.436 31.435 27.433 105.432 70.430 42.429 33.427
0.000 30.485 43.895 53.313 51.774 51.248 50.717 50.175 50.614 50.045 48.389 48.102 45.539 53.995 53.475 43.494 44.496 42.377 29.572 0.000 0.000 0.000 0.000 0.000 0.000 0.000 0.000 0.000 13.380 0.000 0.000 0.000 0.000 0.000 0.000 0.000 42.389 52.388 63.387 51.385 40.383 44.381 41.379 46.377 39.374 58.372 76.370 64.368 10.368 0.000 0.000 25.452 51.453 56.453 62.454 60.454 48.454 38.453 51.452 83.450 102.448 123.446 103.444 86.442 120.440 113.438 95.437 55.435 28.433 103.432 75.430 47.429 34.427
27.552 39.074 53.568 53.049 52.535 52.022 51.503 51.971 51.435 49.813 49.565 47.017 55.218 54.584 45.060 46.212 47.155 25.410 0.000 0.000 0.000 0.000 0.000 0.000 0.000 0.000 0.000 0.000 0.000 0.000 0.000 0.000 0.000 0.000 0.000 0.000 40.391 44.391 62.389 21.386 1.384 51.382 42.379 45.377 41.374 29.371 48.369 63.367 50.366 9.365 0.000 0.000 16.454 59.455 61.457 54.457 42.457 51.456 102.454 93.452 74.450 75.448 76.445 76.443 76.441 77.439 79.437 50.435 30.433 102.432 78.430 41.429 35.427
31.030 54.692 54.253 53.780 53.295 52.802 52.299 51.795 51.206 50.992 48.465 56.552 55.877 46.525 47.745 46.738 42.231 1.697 0.000 0.000 0.000 0.000 0.000 0.000 0.000 0.000 0.000 0.000 0.000 0.000 0.000 0.000 0.000 0.000 0.000 0.000 41.395 52.394 36.393 0.000 5.385 48.383 45.381 12.377 2.374 33.370 47.367 62.365 59.365 28.364 0.000 0.000 0.000 0.000 28.462 43.461 27.460 88.459 89.457 38.455 44.452 86.449 57.446 29.443 75.441 65.439 45.437 43.435 34.433 102.432 73.430 30.428 31.427
48.847 56.409 54.973 54.523 54.062 54.590 53.119 52.567 52.392 49.890 57.924 57.235 46.897 49.151 48.148 48.529 17.871 0.000 0.000 0.000 0.000 0.000 0.000 0.000 0.000 0.000 0.000 0.000 0.000 0.000 0.000 0.000 0.000 0.000 0.000 8.403 61.400 59.398 63.395 60.393 56.389 56.385 50.382 9.379 2.373 33.368 46.364 64.362 71.363 34.363 0.000 0.000 0.000 0.000 22.467 35.466 55.464 102.462 65.460 25.458 93.454 94.451 43.447 30.444 51.441 107.439 66.437 34.435 34.433 97.432 115.430 102.428 107.426
58.541 56.124 55.706 55.277 54.836 56.399 53.884 53.756 51.292 59.312 58.615 42.202 46.413 50.475 46.946 24.228 0.000 0.000 0.000 0.000 0.000 0.000 0.000 0.000 0.000 0.000 0.000 0.000 0.000 0.000 0.000 0.000 0.000 0.000 0.000 60.407 59.404 60.401 62.398 61.395 59.391 60.387 53.384 8.381 0.000 34.364 46.360 69.357 42.360 0.000 0.000 0.000 0.000 20.476 50.473 29.471 94.469 88.466 32.464 88.461 101.458 50.452 38.447 41.443 36.440 67.438 106.437 63.435 26.434 97.432 100.430 74.427 16.424
49.218 55.843 56.449 56.039 55.632 55.148 55.063 52.639 60.663 60.011 25.431 30.613 33.500 52.172 35.798 0.000 0.000 0.000 0.000 0.000 0.000 0.000 0.000 49.908 38.908 0.000 0.000 0.000 0.000 0.000 0.000 0.000 0.000 0.000 0.000 37.412 31.409 34.405 38.401 33.397 32.393 31.389 33.386 37.382 31.376 24.364 39.353 18.347 0.000 0.000 0.000 0.000 0.000 22.480 45.478 36.476 37.473 37.470 29.468 50.465 51.463 0.000 0.000 12.441 42.439 35.438 57.437 50.435 32.434 65.432 13.431 0.000 11.422
27.933 43.580 56.204 58.824 56.362 56.309 53.891 61.785 61.266 34.584 0.000 43.949 0.000 55.791 24.296 0.000 0.000 0.000 0.000 0.000 0.000 0.000 0.000 56.909 50.908 0.000 0.000 0.000 0.000 0.000 0.000 0.000 0.000 23.452 0.000 38.420 34.416 34.409 34.404 34.399 34.395 34.391 34.387 36.384 14.381 0.000 9.342 40.330 10.320 0.000 0.000 0.000 23.487 54.485 42.483 41.481 33.478 34.475 34.471 32.468 46.467 6.467 0.000 0.000 13.438 38.437 33.436 46.435 45.435 0.000 0.000 0.000 11.421
19.694 27.338 49.981 54.556 57.515 55.055 62.561 62.215 41.467 17.273 0.000 60.600 58.502 44.916 0.000 0.000 0.000 0.000 0.000 0.000 0.000 0.000 59.915 65.910 36.906 0.000 0.000 0.000 0.000 0.000 0.000 0.000 0.000 40.452 38.446 35.433 34.424 31.413 35.406 35.401 35.396 35.392 35.389 38.386 11.385 0.000 0.000 38.313 38.309 8.304 0.000 0.000 8.490 41.490 34.489 33.487 32.483 32.479 32.475 32.470 33.468 42.468 0.000 0.000 0.000 6.436 39.436 42.435 40.435 0.000 0.000 0.000 35.420
23.477 34.109 38.733 36.633 48.189 62.967 62.813 46.452 25.214 18.717 0.000 40.324 52.991 26.454 0.000 0.000 0.000 0.000 47.958 53.955 45.948 43.934 52.920 45.910 35.902 0.000 0.000 0.000 0.000 0.000 0.000 0.000 0.000 38.458 35.452 34.443 8.434 0.000 40.405 34.402 34.397 34.393 34.389 35.387 9.386 0.000 0.000 39.301 38.300 9.299 0.000 0.000 38.493 34.496 34.495 34.494 33.490 33.483 37.479 0.000 4.468 7.468 0.000 0.000 0.000 0.000 39.435 34.435 34.435 35.435 0.000 7.420 37.420
35.219 48.858 24.575 23.448 63.030 63.028 49.445 36.171 32.507 37.346 0.000 7.382 42.687 0.000 0.000 0.000 0.000 43.965 47.961 49.958 47.955 0.000 0.000 0.000 47.888 31.874 0.000 0.000 0.000 0.000 0.000 0.000 6.480 48.470 45.462 20.454 0.000 0.000 53.408 39.404 35.398 34.393 38.389 15.388 0.000 14.278 52.281 33.288 37.291 9.293 0.000 0.000 0.000 39.504 34.504 38.503 5.501 0.000 0.000 0.000 0.000 0.000 0.000 0.000 0.000 0.000 39.435 34.435 34.435 39.435 0.000 0.000 11.420
55.926 44.510 24.574 20.073 62.993 24.486 30.212 32.439 36.115 54.698 64.149 52.135 0.000 0.000 0.000 0.000 41.972 35.968 41.965 56.961 55.959 0.000 0.000 0.000 0.000 48.861 0.000 0.000 0.000 34.529 0.000 0.000 50.489 49.481 55.471 48.457 13.443 67.429 64.416 62.407 60.399 52.391 33.386 20.387 0.000 28.276 81.276 35.280 36.284 10.288 0.000 0.000 0.000 44.514 30.513 35.512 6.511 0.000 0.000 0.000 0.000 0.000 0.000 0.000 0.000 35.434 37.434 39.434 33.434 38.434 0.000 0.000 8.419
64.512 51.609 33.910 62.585 20.510 22.297 21.464 21.105 30.671 58.205 53.613 24.874 0.000 0.000 40.981 6.979 48.975 40.972 51.968 46.963 25.961 0.000 0.000 0.000 0.000 52.847 28.843 0.000 0.000 30.529 38.529 42.522 44.507 46.495 36.483 33.460 41.442 41.429 61.419 44.409 38.399 36.387 16.377 0.000 4.282 23.273 91.268 47.272 13.275 0.000 0.000 0.000 2.524 57.524 30.522 37.521 9.519 0.000 0.000 0.000 0.000 0.000 0.000 0.000 14.434 37.434 52.434 50.434 43.434 2.434 0.000 0.000 9.419
62.569 60.811 62.154 39.441 27.344 23.487 23.123 21.698 28.285 43.834 39.223 0.000 0.000 0.000 43.983 64.981 59.979 60.975 42.972 0.000 0.000 0.000 0.000 0.000 43.834 34.838 26.838 0.000 0.000 0.000 42.536 46.530 46.520 46.511 30.504 0.000 37.435 38.428 62.421 48.412 42.401 28.382 35.358 50.324 70.291 59.266 83.252 48.265 12.270 0.000 0.000 0.000 0.000 55.535 31.532 32.529 37.527 0.000 0.000 0.000 0.000 0.000 0.000 0.000 0.000 7.434 56.434 53.434 6.434 0.000 0.000 0.000 5.419
60.648 62.094 61.299 60.311 42.456 22.104 22.688 23.303 21.934 24.622 0.000 0.000 0.000 0.000 59.986 49.985 47.983 43.979 0.000 0.000 0.000 0.000 0.000 44.829 35.830 31.832 14.835 0.000 0.000 0.000 42.549 50.543 59.533 58.524 60.518 48.519 0.000 6.426 65.424 49.418 23.410 0.000 38.348 48.325 75.291 37.248 21.210 0.000 0.000 0.000 0.000 0.000 8.559 46.549 33.543 34.537 37.532 10.531 0.000 0.000 0.000 0.000 0.000 0.000 0.000 0.000 13.434 14.434 0.000 0.000 0.000 0.000 6.419
62.100 61.077 63.190 63.353 47.024 23.623 26.251 25.888 23.526 24.099 0.000 39.994 0.000 5.992 53.990 53.990 60.989 0.000 0.000 18.898 6.898 0.000 0.000 39.828 33.826 27.823 0.000 0.000 0.000 0.000 40.568 41.558 43.546 42.535 40.526 32.520 0.000 0.000 67.433 53.424 38.413 1.392 37.361 48.336 72.299 28.226 24.130 7.063 0.000 0.000 0.000 0.000 8.568 53.561 32.552 34.543 34.535 35.530 39.527 11.525 0.000 0.000 0.000 0.000 0.000 0.000 0.000 0.000 0.000 0.000 0.000 0.000 0.000
61.787 63.987 63.178 63.878 37.496 28.142 47.799 41.473 23.184 0.885 0.000 36.994 51.994 56.993 42.994 63.995 55.994 0.000 0.000 32.898 63.899 15.894 0.000 40.830 34.822 31.813 0.000 0.000 48.652 44.631 40.597 42.576 47.558 47.543 45.530 56.516 48.496 8.475 67.450 59.433 59.418 51.400 32.379 50.360 58.344 0.000 27.020 9.996 0.000 0.000 0.000 0.000 18.585 57.574 29.563 31.547 32.534 33.528 38.525 10.524 0.000 0.000 0.000 0.000 0.000 0.000 0.000 0.000 0.000 0.000 0.000 0.000 0.000
