results3_8e3_rain/res_3e8f-0113.wd
ncols         241
nrows         181
xllcorner     12693529.787448
yllcorner     3542525.717860
cellsize      155.156523
NODATA_value  -9999.000000
[rows 66 to 98 of 181, columns 146 to 218 of 241]
28.782 43.718 65.658 66.600 66.546 66.495 66.445 66.395 66.346 69.308 5.284 0.000 0.000 0.000 0.000 0.000 0.000 0.000 36.621 11.621 0.000 18.618 48.615 48.616 48.617 55.618 61.618 61.616 61.613 61.608 61.602 61.595 61.587 61.579 61.571 63.565 48.559 49.556 41.555 0.000 0.000 0.000 0.000 0.000 17.364 24.351 33.325 27.276 5.216 3.143 18.050 38.996 46.953 40.914 35.876 35.841 25.806 22.771 22.738 25.706 46.675 58.645 53.616 42.589 49.562 56.537 60.513 60.491 59.469 59.449 59.430 59.412 59.394
31.839 50.775 68.715 66.659 66.607 66.559 66.510 66.457 71.398 60.354 30.334 27.343 0.000 0.000 0.000 0.000 0.000 7.620 9.620 0.000 0.000 0.000 18.605 49.606 58.606 61.606 61.606 61.604 61.601 65.597 63.592 61.587 61.581 61.575 60.570 52.565 46.561 52.558 42.557 0.000 0.000 0.000 0.000 9.354 23.354 28.347 24.336 0.000 0.000 0.064 19.967 22.945 36.916 45.884 34.852 33.820 31.787 22.754 22.722 21.691 27.660 51.631 58.602 43.575 45.549 47.524 49.500 53.478 57.457 59.436 60.417 59.399 59.382
36.894 57.830 67.768 66.713 66.666 66.623 64.579 63.527 18.434 3.378 34.356 40.351 5.352 0.000 0.000 0.000 0.000 0.000 0.000 0.000 0.000 2.591 31.595 51.596 61.596 61.596 61.595 61.593 61.591 63.588 62.584 61.580 61.575 62.571 52.567 50.564 53.561 48.559 40.558 0.000 0.000 0.000 0.000 27.353 30.353 0.000 0.000 0.000 0.000 27.889 29.908 39.900 42.881 53.857 51.829 39.799 28.768 20.737 22.706 22.675 17.645 31.615 48.587 52.560 57.534 54.509 47.486 52.464 55.443 55.423 53.404 55.386 58.370
41.949 64.881 68.813 69.759 66.720 67.687 62.658 8.636 0.000 33.369 34.360 39.355 47.353 0.000 0.000 0.000 0.000 0.000 0.000 0.000 0.000 14.587 37.587 50.587 62.587 61.586 61.585 61.584 61.582 62.579 61.576 61.573 61.570 58.567 52.565 17.564 0.000 0.000 0.000 0.000 0.000 0.000 0.000 23.353 30.352 0.000 0.000 0.000 44.863 30.870 25.875 53.868 58.853 59.832 63.808 57.780 45.750 25.720 22.689 22.659 20.629 21.599 27.571 28.544 35.518 43.494 50.471 54.449 55.428 56.409 52.390 55.373 56.356
24.004 28.933 38.846 14.791 71.769 68.747 53.731 30.724 0.772 0.000 0.000 0.000 0.000 0.000 0.000 0.000 0.000 0.000 0.000 0.000 0.000 15.584 40.580 43.579 59.578 61.577 61.576 61.575 65.573 64.571 61.569 61.566 62.564 53.562 56.561 0.000 0.000 0.000 0.000 0.000 0.000 0.000 0.000 0.000 17.352 26.351 0.000 0.000 75.856 38.855 20.852 51.844 59.831 59.812 59.789 62.763 61.734 41.703 24.673 22.642 20.612 23.583 24.555 32.528 37.502 26.478 26.455 31.433 36.413 42.394 47.376 51.359 55.343
70.067 49.000 0.000 0.000 75.819 67.801 54.794 36.795 3.814 0.000 0.000 0.000 0.000 0.000 0.000 0.000 0.000 0.000 0.000 0.000 0.000 0.000 1.571 45.570 61.569 61.569 61.568 61.567 63.565 62.564 61.562 61.560 62.558 50.556 60.556 0.000 0.000 0.000 0.000 0.000 0.000 0.000 0.000 0.000 0.000 0.000 0.000 0.000 12.849 28.843 21.836 51.827 59.814 59.797 60.775 60.749 60.719 53.688 29.656 25.625 23.595 20.565 41.537 53.510 59.484 43.460 36.438 32.417 30.397 27.378 27.360 27.344 55.328
46.140 0.000 0.000 72.995 72.886 70.845 61.849 46.847 2.844 0.000 0.000 0.000 0.000 0.000 0.000 0.000 0.000 0.000 0.000 0.000 0.000 0.000 27.561 50.562 62.561 61.561 61.560 62.559 61.558 61.557 61.555 61.553 62.552 55.551 20.550 0.000 0.000 0.000 0.000 0.000 0.000 0.000 0.000 0.000 0.000 0.000 0.000 0.000 0.000 25.832 24.822 42.813 57.801 60.786 54.766 50.739 56.707 47.672 30.639 29.608 38.577 33.547 56.518 60.491 59.466 57.442 57.420 54.399 52.380 49.361 45.344 37.328 57.313
73.187 63.187 69.159 25.104 0.000 0.000 67.909 41.900 2.872 0.000 5.069 0.000 0.000 0.000 0.000 0.000 0.000 0.000 0.000 0.000 0.000 0.000 43.554 55.554 62.554 61.553 61.553 63.552 63.551 61.550 61.549 61.547 60.546 56.545 5.544 0.000 0.000 0.000 0.000 0.000 0.000 0.000 0.000 0.000 0.000 0.000 0.000 0.000 0.000 0.000 13.806 39.801 57.793 58.781 39.764 42.734 44.698 41.655 26.621 23.591 46.560 55.528 59.498 61.471 61.445 62.422 60.400 60.380 61.362 60.344 61.328 61.312 60.298
75.234 67.216 72.187 23.157 0.000 0.000 58.978 6.972 0.000 0.000 37.069 0.037 0.000 0.000 0.000 0.000 0.000 0.000 0.000 0.000 0.000 0.000 46.547 58.547 62.547 61.547 61.546 62.546 62.545 61.544 61.542 62.541 58.540 53.539 3.538 0.000 0.000 0.000 0.000 0.000 0.000 0.000 0.000 0.000 0.000 0.000 0.000 0.000 5.792 7.793 18.796 34.794 56.789 58.782 4.775 0.000 0.000 31.628 25.601 20.574 34.543 53.508 59.477 61.449 61.423 61.401 59.380 59.361 60.343 59.326 59.311 60.296 60.282
67.299 67.255 67.216 65.181 52.150 38.109 31.054 30.039 26.059 29.067 32.070 32.071 4.070 0.000 0.000 0.000 0.000 0.000 7.515 9.515 0.000 0.000 45.540 59.540 61.540 61.540 61.540 61.539 61.539 61.538 61.537 61.536 43.534 38.533 36.531 31.527 0.000 0.000 0.000 0.000 0.000 0.000 0.000 0.000 0.000 0.000 0.000 0.000 9.791 35.792 26.792 30.790 50.786 51.782 24.779 0.000 0.000 0.000 22.581 27.562 26.530 45.486 58.452 59.424 59.400 59.378 59.358 59.340 59.323 59.307 59.293 59.279 59.266
67.337 67.288 67.242 66.200 63.161 65.123 39.088 18.072 56.072 29.073 33.073 9.072 0.000 0.000 0.000 0.000 0.000 0.000 7.515 53.516 2.516 0.000 44.533 58.533 62.534 61.534 63.534 64.534 62.533 61.532 61.531 59.530 52.529 43.527 44.526 43.524 0.000 0.000 0.000 0.000 0.000 0.000 0.000 0.000 0.000 0.000 0.000 0.000 3.791 38.790 30.790 37.787 52.785 47.782 53.781 0.000 0.000 0.000 0.000 0.000 0.000 35.453 58.420 59.396 59.374 59.353 59.335 59.318 59.302 59.288 59.274 59.261 59.249
67.369 67.320 68.265 70.215 67.171 67.133 66.105 67.089 58.082 36.080 8.078 0.000 0.000 0.000 0.000 0.000 0.000 0.000 0.000 46.516 33.517 23.520 39.525 61.527 61.528 61.529 61.529 61.529 61.528 61.528 61.527 61.525 59.524 38.522 42.521 49.519 0.000 0.000 0.000 0.000 0.000 0.000 0.000 0.000 0.000 0.000 0.000 0.000 0.000 50.790 0.000 17.785 40.783 47.782 8.781 0.000 0.000 0.000 0.000 0.000 0.000 0.000 47.382 60.366 59.346 59.327 59.311 59.295 59.281 59.268 59.255 59.243 59.232
70.404 66.357 63.282 65.224 68.177 68.134 70.111 67.097 65.089 52.086 1.084 0.000 0.000 0.000 0.000 0.000 0.000 0.000 0.000 2.516 37.516 29.518 45.521 63.522 61.524 61.524 61.524 61.524 61.524 61.523 61.522 61.521 62.520 51.518 38.516 42.514 48.510 0.000 0.000 0.000 0.000 0.000 0.000 0.000 0.000 0.000 0.000 0.000 0.000 0.000 0.000 0.000 25.782 44.781 0.000 0.000 0.000 0.000 0.000 0.000 0.000 0.000 35.360 56.339 59.318 59.300 59.285 59.272 59.259 59.248 59.236 59.226 59.215
63.444 24.422 0.000 0.000 0.000 60.116 65.107 71.099 67.093 56.089 6.088 0.000 40.088 10.088 0.000 0.000 0.000 0.000 0.000 0.000 29.515 33.516 54.517 62.519 63.520 64.520 61.521 61.520 61.520 61.519 61.518 61.517 61.516 62.514 41.512 23.510 32.507 0.000 0.000 0.000 0.000 0.000 0.000 0.000 0.000 0.000 0.000 0.000 0.000 0.000 0.000 0.000 14.781 47.781 0.000 0.000 0.000 0.000 0.000 0.000 0.000 0.000 0.000 36.312 56.286 59.270 59.258 59.247 59.237 59.227 59.217 59.208 59.198
58.477 15.464 0.000 0.000 35.107 33.108 50.103 69.098 66.094 51.091 32.089 36.089 40.088 6.088 0.000 0.000 0.000 0.000 0.503 0.000 30.512 41.513 61.514 61.515 64.516 64.517 61.517 61.517 61.517 61.516 61.515 61.514 61.512 62.510 58.508 53.505 42.502 22.498 16.495 0.000 0.000 0.000 0.000 0.000 0.000 0.000 0.000 0.000 0.000 0.000 0.000 0.000 16.780 8.780 0.000 0.000 0.000 0.000 0.000 0.000 0.000 0.000 0.000 0.000 41.244 57.238 59.230 59.223 59.215 59.207 59.199 59.190 59.181
64.502 45.494 17.500 0.000 0.000 35.104 35.100 57.097 69.094 47.091 34.090 39.089 17.089 0.000 0.000 0.000 0.000 0.000 29.505 22.506 27.508 44.510 63.511 63.513 64.514 61.514 61.515 61.515 61.514 61.513 61.512 61.511 61.509 61.507 61.505 63.502 52.499 40.496 29.493 30.490 23.488 14.487 19.487 0.000 0.000 0.000 0.000 0.000 0.000 0.000 0.000 0.000 19.780 0.000 0.000 0.000 0.000 0.000 0.000 0.000 0.000 0.000 0.000 0.000 26.209 54.207 58.203 59.198 59.193 59.187 59.181 59.174 59.165
67.520 58.512 11.506 0.000 0.000 0.000 34.097 39.095 66.093 54.091 35.090 38.089 13.089 0.000 0.000 0.000 0.000 0.000 32.504 25.505 28.506 46.508 65.509 64.510 62.511 62.512 61.513 61.512 61.512 61.511 61.510 62.509 62.507 62.505 56.502 47.499 51.497 58.494 51.492 49.489 37.488 24.487 31.487 0.000 0.000 0.000 0.000 0.000 0.000 0.000 0.000 0.000 0.000 0.000 0.000 0.000 0.000 0.000 0.000 0.000 0.000 0.000 0.000 0.000 18.177 49.177 59.176 61.175 61.172 61.169 60.164 59.158 59.150
67.532 42.527 0.000 0.000 0.000 0.000 0.000 41.092 54.092 48.091 47.090 44.089 34.089 12.088 0.000 0.000 0.000 0.000 31.503 24.504 29.505 44.506 56.507 53.508 48.510 50.511 55.512 60.511 62.510 62.509 60.508 50.507 48.506 53.503 42.500 39.497 39.494 50.492 54.490 49.488 35.487 24.486 0.000 0.000 0.000 0.000 0.000 0.000 0.000 0.000 0.000 0.000 0.000 0.000 0.000 0.000 0.000 0.000 0.000 0.000 0.000 0.000 0.000 0.000 6.145 31.149 37.151 39.152 39.153 40.152 49.150 58.145 59.138
66.541 32.537 0.000 0.000 0.000 0.000 0.000 36.091 30.091 29.090 37.090 37.089 37.089 33.088 6.088 0.000 0.000 0.000 36.502 31.502 36.503 46.504 49.505 52.507 10.508 0.000 0.000 1.510 62.509 59.508 48.506 3.507 0.000 0.000 41.497 73.494 66.492 45.490 51.489 45.487 34.486 19.485 22.484 0.000 0.000 0.000 0.000 0.000 0.000 0.000 0.000 0.000 0.000 0.000 0.000 0.000 0.000 0.000 0.000 0.000 10.065 31.065 42.072 41.086 59.110 67.121 68.127 66.131 68.134 55.136 38.137 56.136 59.130
64.546 29.543 0.000 0.000 0.000 0.000 0.000 36.091 32.090 11.090 0.000 0.000 0.000 0.000 0.000 0.000 0.000 0.000 42.500 36.501 31.501 27.502 13.502 0.000 0.000 0.000 0.000 0.000 0.000 0.000 35.502 0.000 0.000 0.000 0.000 36.491 69.490 29.488 30.487 29.486 25.485 28.484 75.483 34.482 0.000 0.000 0.000 0.000 0.000 0.000 0.000 0.000 0.000 0.000 0.000 0.000 0.000 0.000 0.000 0.000 0.000 78.059 74.065 56.075 57.089 54.099 55.106 77.112 70.117 56.122 36.127 45.131 44.130
50.548 31.546 25.546 0.000 0.000 0.000 0.000 0.000 34.090 18.090 0.000 0.000 0.000 0.000 0.000 0.000 0.000 0.000 42.499 42.499 43.499 26.500 1.500 0.000 0.000 0.000 0.000 0.000 0.000 0.000 31.498 8.497 0.000 0.000 0.000 35.489 84.488 48.487 51.486 46.484 31.484 49.483 103.482 100.481 31.481 0.000 0.000 0.000 0.000 0.000 0.000 0.000 0.000 0.000 0.000 0.000 0.000 9.019 0.000 0.000 6.039 81.047 48.054 56.062 47.072 28.080 39.087 82.094 48.101 35.109 42.118 0.000 0.000
34.549 34.546 20.546 0.000 0.000 0.000 0.000 0.000 0.000 0.000 0.000 0.000 0.000 0.000 0.000 0.000 0.000 0.000 45.498 36.498 30.498 28.498 2.499 0.000 0.000 0.000 0.000 0.000 0.000 28.495 21.496 46.496 42.496 0.000 0.000 41.488 47.487 39.486 82.485 71.483 42.483 0.000 59.481 114.481 0.000 0.000 0.000 0.000 0.000 0.000 0.000 0.000 0.000 0.000 0.000 0.000 60.019 98.019 89.021 85.024 32.031 76.037 44.042 33.049 80.055 61.062 81.069 62.075 32.083 40.096 0.000 0.000 0.000
37.548 38.546 30.545 0.000 0.000 0.000 0.000 0.000 0.000 0.000 0.000 0.000 0.000 0.000 0.000 0.000 0.000 0.000 0.000 40.496 30.496 8.496 0.000 0.000 0.000 0.000 0.000 0.000 0.000 30.495 27.495 3.495 0.000 0.000 0.000 15.488 0.000 0.000 0.000 37.478 0.000 0.000 15.480 81.480 36.480 0.000 0.000 0.000 0.000 0.000 0.000 0.000 0.000 0.000 0.000 0.000 16.018 0.000 60.019 64.021 15.024 76.027 53.031 26.035 44.040 94.045 108.051 42.056 30.061 0.000 0.000 0.000 5.968
36.546 37.544 37.543 41.542 33.541 0.000 0.000 0.000 0.000 0.000 0.000 0.000 0.000 0.000 0.000 0.000 0.000 0.000 0.000 30.495 26.495 10.495 0.000 0.000 0.000 0.000 0.000 0.000 31.494 28.494 5.494 0.000 0.000 0.000 0.000 0.000 0.000 0.000 0.000 41.475 0.000 0.000 15.480 0.000 0.000 0.000 0.000 0.000 0.000 0.000 0.000 0.000 0.000 0.000 0.000 0.000 0.000 0.000 36.016 55.016 14.017 78.018 58.019 28.021 77.024 80.028 75.033 83.038 47.044 0.000 0.000 0.000 19.959
38.542 16.543 27.543 36.541 36.541 36.540 35.539 0.000 0.000 0.000 0.000 0.000 0.000 0.000 0.000 0.000 0.000 0.000 0.000 32.493 28.493 12.493 0.000 0.000 0.000 0.000 0.000 0.000 0.000 34.494 6.494 0.000 0.000 0.000 0.000 0.000 0.000 0.000 5.470 28.471 32.470 9.470 0.000 0.000 0.000 0.000 0.000 0.000 0.000 0.000 0.000 0.000 0.000 0.000 0.000 0.000 0.000 0.000 39.013 59.012 19.011 79.008 64.006 78.005 78.007 37.010 30.015 75.021 24.032 0.000 0.000 20.937 28.945
43.537 0.000 0.000 33.541 22.541 0.000 35.539 25.539 0.000 0.000 0.000 0.000 0.000 0.000 0.000 0.000 0.000 0.000 0.000 31.493 28.493 16.493 0.000 0.000 0.000 0.000 0.000 0.000 0.000 0.000 0.000 0.000 0.000 0.000 0.000 0.000 0.000 0.000 44.470 61.470 22.469 0.000 0.000 0.000 0.000 0.000 0.000 0.000 0.000 0.000 0.000 0.000 0.000 0.000 0.000 0.000 0.000 0.000 74.011 60.010 21.006 78.998 75.991 67.989 59.989 45.991 46.995 15.999 0.000 0.000 4.925 23.929 30.934
40.531 0.000 0.000 20.541 12.540 0.000 0.000 0.000 0.000 44.472 40.472 31.471 0.000 0.000 0.000 0.000 0.000 0.000 0.000 35.492 31.492 13.492 0.000 0.000 0.000 0.000 0.000 0.000 0.000 0.000 0.000 0.000 0.000 0.000 0.000 0.000 0.000 0.000 7.469 91.469 57.469 0.000 0.000 0.000 0.000 0.000 0.000 0.000 0.000 0.000 0.000 0.000 0.000 0.000 0.000 0.000 0.000 0.000 6.011 0.000 0.000 52.986 93.974 72.970 71.970 69.972 72.975 20.980 0.000 0.000 8.921 22.922 23.924
56.524 0.000 0.000 0.000 0.000 42.487 29.486 0.000 40.474 34.473 34.472 26.471 0.000 0.000 0.000 0.000 0.000 0.000 0.000 35.491 30.492 18.492 0.000 0.000 0.000 0.000 0.000 0.000 0.000 0.000 0.000 0.000 0.000 0.000 0.000 0.000 0.000 0.000 0.000 35.469 27.468 0.000 0.000 0.000 0.000 0.000 0.000 0.000 0.000 0.000 0.000 0.000 0.000 0.000 0.000 0.000 0.000 0.000 0.000 0.000 0.000 0.000 35.948 36.948 34.949 34.951 31.955 27.968 0.000 0.000 1.917 22.913 20.913
67.515 56.508 38.503 39.498 38.494 32.489 33.485 34.481 32.476 37.473 36.472 27.471 24.470 0.000 0.000 0.000 0.000 0.000 0.000 22.491 0.000 0.000 0.000 0.000 0.000 0.000 0.000 0.000 0.000 0.000 0.000 0.000 0.000 0.000 0.000 0.000 0.000 0.000 0.000 0.000 34.468 0.000 0.000 0.000 0.000 0.000 0.000 0.000 0.000 0.000 0.000 0.000 0.000 0.000 0.000 0.000 0.000 0.000 0.000 0.000 0.000 0.000 23.924 22.925 22.926 38.927 33.927 0.000 0.000 0.000 0.000 35.900 47.902
67.510 61.506 31.502 31.498 31.494 14.489 15.485 19.481 29.477 38.473 35.471 27.470 30.469 19.469 0.000 0.000 0.000 0.000 0.000 0.000 0.000 0.000 0.000 0.000 0.000 0.000 0.000 0.000 0.000 0.000 0.000 0.000 0.000 0.000 0.000 0.000 0.000 0.000 0.000 0.000 0.000 0.000 0.000 0.000 0.000 0.000 0.000 0.000 0.000 0.000 0.000 0.000 0.000 0.000 0.000 0.000 0.000 0.000 0.000 0.000 15.878 18.884 22.898 22.903 24.905 43.904 33.900 16.887 0.000 0.000 30.877 51.885 58.889
67.506 65.504 35.501 32.499 12.497 0.000 0.000 0.000 0.000 29.471 32.470 30.469 23.468 0.000 0.000 0.000 0.000 0.000 0.000 0.000 0.000 0.000 0.000 0.000 0.000 0.000 0.000 0.000 0.000 0.000 0.000 0.000 0.000 0.000 0.000 0.000 0.000 0.000 0.000 0.000 0.000 0.000 0.000 0.000 0.000 0.000 0.000 0.000 0.000 0.000 0.000 0.000 0.000 0.000 0.000 0.000 0.000 0.000 0.000 0.000 26.872 23.876 22.882 18.885 31.886 48.885 32.881 21.874 16.866 16.864 40.869 57.874 58.878
67.503 65.502 18.501 22.500 0.000 0.000 0.000 0.000 0.000 0.000 20.469 33.468 25.467 0.000 0.000 0.000 0.000 0.000 0.000 0.000 0.000 0.000 0.000 0.000 0.000 0.000 0.000 0.000 0.000 0.000 0.000 0.000 0.000 0.000 0.000 0.000 0.000 0.000 0.000 0.000 0.000 0.000 0.000 0.000 0.000 0.000 0.000 0.000 0.000 0.000 0.000 0.000 0.000 0.000 0.000 0.000 0.000 0.000 0.000 20.857 18.862 17.866 22.869 36.870 49.870 39.869 23.866 21.863 23.859 20.859 41.861 59.865 58.868
67.500 41.501 0.000 0.000 0.000 0.000 0.000 0.000 0.000 0.000 0.000 23.466 30.465 28.464 0.000 0.000 0.000 0.000 0.000 0.000 0.000 0.000 0.000 0.000 0.000 0.000 0.000 0.000 0.000 0.000 0.000 0.000 0.000 0.000 0.000 0.000 0.000 0.000 0.000 0.000 0.000 0.000 0.000 0.000 0.000 0.000 0.000 0.000 0.000 0.000 0.000 0.000 0.000 0.000 0.000 0.000 25.845 17.846 15.848 27.852 41.855 46.857 48.857 48.857 34.856 22.855 21.853 21.851 20.850 22.850 45.852 60.855 58.859
