results3_8e3_rain/res_3e8f-0069.wd
ncols         241
nrows         181
xllcorner     12693529.787448
yllcorner     3542525.717860
cellsize      155.156523
NODATA_value  -9999.000000
[rows 96 to 127 of 181, columns 74 to 147 of 241]
53.713 53.705 53.700 52.697 51.699 53.704 56.712 64.724 23.735 0.000 0.000 0.000 0.000 39.300 54.356 55.426 41.505 43.606 69.603 86.605 90.571 90.783 88.838 96.645 96.522 90.496 90.186 90.032 89.924 89.820 89.720 89.622 92.524 77.431 6.342 0.000 0.000 0.000 0.000 0.000 0.000 19.333 26.213 25.094 22.985 50.869 11.694 0.000 0.000 24.588 29.438 29.328 29.241 27.170 22.114 23.070 23.038 23.017 25.008 0.000 29.076 0.000 0.000 0.000 0.000 0.000 0.000 26.052 55.051 55.050 55.049 55.047 55.045 53.042
53.728 53.719 53.714 52.711 51.711 55.713 59.717 63.723 21.728 0.000 0.000 0.000 0.000 19.371 62.442 57.522 63.622 76.711 85.750 89.761 90.812 90.002 96.863 96.757 89.847 90.616 90.268 90.179 90.070 89.968 89.868 93.767 56.655 28.543 0.000 0.000 0.000 0.000 0.000 0.000 21.883 26.633 25.453 27.327 24.231 48.164 0.000 0.000 19.986 26.738 42.531 31.389 28.287 24.211 22.153 22.110 23.079 23.060 23.055 28.071 24.076 15.076 0.000 0.000 0.000 22.040 24.041 23.044 55.045 55.045 55.044 55.042 55.041 53.040
53.739 53.731 53.725 51.721 53.720 59.720 60.721 58.724 45.725 6.725 0.000 0.000 0.000 0.000 15.520 11.597 51.750 82.866 86.922 90.919 91.134 89.295 96.958 89.171 90.945 90.504 90.434 92.317 91.212 90.112 90.018 95.921 18.788 0.000 0.000 0.000 0.000 0.000 3.535 42.410 42.132 29.865 26.638 37.529 32.448 33.393 0.000 0.000 18.233 22.849 33.560 29.408 33.307 27.233 30.178 29.137 26.108 23.090 22.082 22.082 28.082 0.000 0.000 0.000 0.000 19.040 19.039 29.040 55.040 55.040 55.039 55.038 55.038 29.039
53.748 53.740 52.734 52.730 57.727 60.726 57.725 53.725 53.725 47.725 3.725 0.000 0.000 0.000 0.000 0.000 9.916 68.080 93.129 91.176 90.373 97.118 97.043 90.144 90.836 90.678 90.563 91.452 91.348 90.252 94.170 53.112 0.000 0.000 0.000 0.000 0.000 0.000 14.660 40.563 52.371 20.058 1.783 31.702 34.639 32.568 36.485 33.255 30.865 0.463 24.453 28.378 43.299 49.237 52.189 50.154 45.127 38.110 33.100 28.094 6.088 0.000 0.000 0.000 0.000 0.005 18.036 30.036 54.036 55.035 55.034 55.034 53.034 0.000
53.755 52.747 50.742 54.737 59.734 60.731 60.727 54.725 51.725 56.725 56.724 17.724 0.000 13.332 43.306 20.267 0.099 56.417 96.339 91.616 91.653 97.181 89.475 91.257 90.905 90.811 90.693 90.580 90.474 92.379 91.299 27.245 0.000 0.000 0.000 0.000 0.000 0.000 18.882 24.812 35.732 0.000 0.000 26.887 34.838 33.756 37.631 37.417 8.141 0.000 19.402 33.352 38.276 59.227 60.189 60.160 61.138 62.122 60.113 41.108 0.000 0.000 0.000 0.000 0.000 0.000 17.034 30.032 54.032 55.031 55.030 55.030 48.029 8.029
52.760 52.753 55.748 58.743 59.740 34.738 0.000 27.725 63.725 36.725 10.724 2.724 0.000 24.358 74.318 71.232 63.055 81.753 92.855 89.829 97.269 90.773 91.574 91.134 91.062 90.938 90.821 90.703 91.590 89.490 77.402 24.323 0.000 0.000 0.000 0.000 0.000 22.354 29.174 27.070 28.013 1.121 0.000 33.120 51.071 43.988 38.865 13.641 0.000 0.000 2.402 0.000 32.225 57.204 61.181 59.160 59.143 59.129 61.121 34.117 28.118 28.118 34.118 0.000 0.000 0.000 0.000 29.028 54.028 55.027 55.026 55.025 38.025 0.000
51.764 56.758 59.753 59.749 59.745 24.744 0.000 0.000 6.725 0.000 0.000 0.000 0.000 17.424 80.378 86.289 94.153 94.033 91.115 97.642 97.411 90.751 91.458 91.303 91.187 91.069 90.947 90.820 96.692 46.589 14.495 0.000 0.000 0.000 0.000 0.000 13.685 31.534 27.391 27.281 26.211 32.206 0.000 26.404 52.337 51.262 49.200 0.000 0.000 0.000 0.000 0.000 30.195 59.185 63.171 60.157 59.143 57.132 46.125 27.121 23.119 24.119 8.118 0.000 0.000 0.000 0.000 25.024 54.024 55.023 55.022 51.021 18.020 23.016
57.767 59.762 59.757 57.753 63.749 33.747 0.000 0.000 0.000 0.000 0.000 0.000 0.000 28.535 86.479 89.398 93.240 92.431 92.410 97.849 90.158 91.859 91.528 91.436 91.320 91.203 95.079 100.938 55.770 24.679 0.000 0.000 0.000 0.000 0.000 14.957 37.837 31.707 24.575 29.453 33.342 30.230 28.046 41.756 45.610 35.522 43.475 0.000 0.000 0.000 0.000 0.000 36.176 60.171 65.163 64.152 60.141 55.132 24.126 22.122 23.120 30.119 0.000 0.000 0.000 0.000 19.021 23.022 52.021 55.020 55.019 49.018 20.017 19.015
59.770 59.765 58.761 36.757 2.752 21.749 23.749 0.000 0.000 0.000 0.000 0.000 19.821 72.702 86.615 89.501 91.633 92.612 98.211 98.038 91.147 91.844 91.678 91.567 91.454 95.343 57.229 17.083 0.000 34.679 20.679 0.000 0.000 0.000 0.000 23.077 56.998 47.882 42.750 37.613 38.474 36.326 37.153 49.962 43.826 27.741 29.702 0.000 0.000 0.000 0.000 0.000 36.161 64.159 29.157 27.148 59.137 62.129 32.125 23.122 28.120 0.000 0.000 0.000 0.000 0.000 0.000 19.020 37.018 53.017 56.016 49.015 20.014 19.013
59.772 55.768 59.764 41.761 0.000 12.748 42.748 0.000 0.000 0.000 0.000 10.040 71.940 85.840 91.749 91.703 91.823 98.521 98.371 90.497 92.265 91.909 91.815 91.698 91.588 95.487 67.410 0.000 0.000 4.679 7.679 0.000 0.000 0.000 0.000 10.277 42.196 47.072 56.930 52.777 40.616 43.448 52.276 47.115 34.992 26.915 27.891 1.960 2.974 0.000 0.000 0.000 34.149 68.148 0.000 0.000 8.128 55.125 45.122 26.120 5.120 0.000 0.000 0.000 0.000 0.000 0.000 0.000 16.015 42.015 52.014 45.013 21.012 19.011
54.774 53.771 69.766 48.764 0.000 11.748 39.748 0.000 0.000 0.000 4.220 68.141 81.056 90.975 93.841 93.068 91.079 98.659 89.825 91.592 88.144 90.066 91.941 91.825 92.713 86.607 76.514 24.514 0.000 0.000 0.000 0.000 0.000 0.000 0.000 32.559 37.436 37.283 39.119 47.948 50.767 53.574 47.390 34.231 28.111 27.035 26.000 30.002 14.988 0.000 0.000 0.000 23.139 60.136 26.129 15.125 7.124 50.120 56.117 36.116 0.000 0.000 0.000 0.000 0.000 0.000 0.000 0.000 11.013 35.012 40.012 27.011 19.011 19.010
60.776 56.775 0.000 0.000 0.000 2.748 2.748 0.000 0.000 0.000 5.298 84.248 86.180 94.077 93.227 92.230 98.902 98.785 91.792 91.473 91.309 91.187 90.067 90.948 92.831 49.713 0.633 0.000 0.000 0.000 0.000 0.000 2.016 18.700 33.399 43.965 40.707 39.503 36.317 37.131 39.928 51.690 52.479 44.306 33.188 26.113 26.074 28.061 0.000 0.000 0.000 0.000 8.131 50.129 28.125 24.124 24.121 56.116 59.113 42.110 5.107 0.000 38.100 0.000 0.000 0.000 0.000 0.000 14.012 38.010 33.010 19.010 19.009 18.009
62.778 49.778 0.000 0.000 0.000 0.000 11.748 0.000 0.000 0.000 71.427 81.375 93.304 93.282 92.407 99.109 99.009 91.122 92.888 92.533 92.435 92.311 92.190 94.070 43.951 0.000 0.000 0.000 0.000 0.000 0.000 17.539 34.240 46.876 42.534 41.193 40.924 40.705 41.515 39.332 38.124 11.781 30.529 55.328 37.221 25.157 28.121 26.107 14.115 0.000 0.000 0.000 9.127 42.123 20.120 0.000 0.000 12.109 49.108 38.106 47.103 54.101 13.100 0.000 0.000 0.000 0.000 0.000 0.000 29.008 27.008 20.008 22.009 20.009
54.779 53.780 29.782 0.000 0.000 0.000 0.000 0.000 0.000 24.732 84.607 91.521 93.420 93.558 91.659 99.200 91.425 93.199 92.757 92.682 92.556 93.435 94.313 56.192 0.000 0.000 0.000 0.000 0.000 0.000 37.247 47.838 43.431 42.029 41.668 41.351 41.091 40.879 40.705 40.560 49.454 0.000 0.000 23.256 32.213 24.173 33.146 33.131 15.123 0.000 0.000 0.000 0.000 26.115 63.113 31.108 0.000 5.104 50.103 44.102 35.100 35.099 0.000 0.000 0.000 0.000 0.000 0.000 0.000 8.006 19.006 20.006 0.000 0.000
0.780 56.782 54.784 43.786 2.788 0.000 0.000 0.000 15.969 74.858 88.749 94.656 93.612 92.742 99.354 99.281 92.380 93.071 92.913 92.797 93.681 95.559 56.436 0.000 0.000 0.000 0.000 0.000 24.570 35.243 46.656 43.136 42.617 39.143 38.757 38.451 39.209 41.017 40.865 43.749 20.678 0.000 0.000 3.228 28.200 27.176 45.159 41.150 0.000 0.000 0.000 0.000 0.000 10.111 55.107 67.104 24.101 50.100 64.100 56.099 32.098 25.097 0.000 0.000 0.000 0.000 0.000 0.000 0.000 14.004 20.004 24.004 0.000 0.000
0.000 58.784 48.785 55.787 47.790 8.797 0.153 9.180 76.081 84.978 94.887 93.734 93.968 91.966 99.417 91.683 93.469 93.122 93.032 93.917 94.810 48.685 0.000 0.000 0.000 0.000 0.000 37.250 47.897 45.504 43.997 45.432 44.759 50.169 54.767 49.489 42.279 36.115 39.988 45.895 3.830 0.000 0.000 0.000 31.183 32.174 54.164 42.159 0.000 0.000 0.000 0.000 0.000 0.000 50.101 59.100 64.098 60.097 60.097 64.096 48.095 27.093 28.091 0.000 0.000 0.000 0.000 0.000 16.003 21.003 19.003 24.003 0.000 0.000
0.000 26.784 77.785 40.785 0.000 0.000 14.362 74.281 79.192 93.106 93.962 94.197 92.090 99.504 91.953 93.756 93.326 93.262 94.144 91.032 45.959 0.000 0.000 0.000 0.000 0.000 39.933 47.604 45.265 44.880 48.397 22.837 1.172 3.008 19.652 45.458 47.302 48.175 40.079 41.014 1.992 0.000 0.000 0.000 12.177 30.171 37.166 36.163 0.000 0.000 0.000 0.000 0.000 0.000 41.096 54.096 59.095 60.095 61.094 57.094 53.093 38.091 26.089 30.086 36.085 0.000 0.000 0.000 0.000 19.002 20.002 22.002 0.000 0.000
0.000 3.784 78.784 65.785 0.000 0.000 21.448 82.388 90.312 94.204 95.346 95.334 99.842 99.635 92.909 93.619 93.474 93.370 88.260 78.109 29.034 0.000 0.000 0.000 28.791 37.610 49.263 45.966 45.678 49.353 26.875 0.000 0.000 0.000 5.473 43.391 40.295 44.207 50.137 50.090 28.073 0.000 0.000 0.000 0.000 32.167 26.165 33.164 0.000 0.000 0.000 0.000 0.000 3.093 28.093 45.093 59.092 54.092 47.092 49.092 10.091 35.090 44.087 37.085 33.084 0.000 0.000 0.000 0.000 0.000 14.000 19.000 23.999 0.000
0.000 0.000 6.784 55.784 0.000 9.699 75.595 87.514 94.434 94.396 94.524 100.216 100.034 92.211 94.002 93.662 93.584 86.490 52.418 0.000 0.000 0.000 1.328 47.165 40.971 48.777 46.543 46.322 47.127 24.980 0.000 0.000 0.000 0.000 4.378 46.337 40.280 40.221 42.172 46.138 48.122 0.081 0.000 0.000 0.000 13.166 32.164 7.164 0.000 0.000 0.000 0.000 0.000 0.000 24.090 35.090 42.089 34.089 31.089 0.000 0.000 0.000 28.084 32.084 41.083 0.000 0.000 0.000 0.000 0.000 8.000 18.999 19.999 0.000
0.000 0.000 0.000 0.000 9.885 78.803 83.718 94.644 94.519 95.751 95.778 100.386 92.523 94.295 93.856 93.790 83.682 72.590 36.504 0.000 0.000 0.000 41.451 63.314 48.153 39.984 47.809 45.651 48.528 18.461 0.000 0.000 0.000 0.319 35.323 42.301 41.265 41.227 38.192 34.167 36.155 0.000 0.000 0.000 0.000 0.000 39.163 0.000 0.000 0.000 0.000 0.000 0.000 0.000 26.088 25.087 24.087 22.087 28.086 0.000 0.000 0.000 3.083 26.082 44.081 0.000 0.000 0.000 0.000 0.000 0.000 11.999 24.999 37.998
0.000 0.000 0.000 0.000 81.966 80.910 94.840 94.742 95.895 95.920 100.695 100.545 93.481 95.159 92.995 78.873 67.774 41.682 0.000 0.000 0.000 35.790 53.633 53.488 60.342 48.197 38.060 43.945 53.873 56.876 20.034 0.000 0.000 0.000 47.291 41.278 41.255 40.228 36.204 30.185 31.175 0.000 0.000 0.000 0.000 0.000 12.162 20.161 0.000 0.000 0.000 0.000 0.000 4.085 28.086 22.085 23.085 23.084 25.084 8.082 0.000 0.000 0.000 13.080 34.079 12.077 0.000 0.000 0.000 0.000 0.000 6.998 2.998 0.000
0.000 0.000 0.000 21.194 82.104 94.032 94.960 95.931 98.076 100.974 100.837 92.800 94.557 91.202 80.095 68.941 40.858 0.000 0.000 0.000 38.092 58.947 44.803 36.664 50.530 62.402 50.288 53.197 54.141 41.137 47.193 26.264 0.000 7.270 39.273 35.264 42.248 37.228 29.209 28.194 32.186 0.000 0.000 0.000 0.000 0.000 0.000 39.161 0.000 0.000 0.000 0.000 0.000 0.000 10.084 25.083 23.083 23.083 23.082 31.081 0.000 0.000 0.000 0.000 15.077 26.076 32.075 0.000 0.000 0.000 0.000 0.000 0.000 0.000
0.000 0.000 0.000 64.285 90.224 96.160 95.042 95.280 93.328 101.104 93.092 94.850 89.413 78.339 53.213 0.000 0.000 0.000 0.000 38.364 59.237 46.104 34.969 34.836 36.711 47.595 62.494 53.413 38.360 46.336 48.336 22.336 0.000 4.268 64.266 51.258 40.244 34.228 30.211 27.197 28.190 22.189 0.000 0.000 0.000 0.000 0.000 18.161 0.000 0.000 0.000 0.000 0.000 0.000 0.000 27.081 23.081 23.081 23.081 25.080 9.079 0.000 0.000 0.000 0.000 23.074 26.074 0.000 0.000 0.000 0.000 0.000 0.000 0.000
0.000 0.000 67.542 64.435 70.356 85.258 96.413 93.452 101.346 101.228 94.026 89.707 78.555 57.444 0.000 0.000 20.431 0.000 0.000 63.490 46.390 35.263 36.131 35.002 37.882 51.773 60.679 61.603 45.549 41.512 52.480 26.408 0.000 0.000 0.000 8.258 0.000 0.000 0.197 31.191 38.189 39.187 25.186 0.000 0.000 0.000 0.000 0.000 0.000 0.000 0.000 0.000 0.000 0.000 0.000 27.080 26.080 29.080 24.080 21.079 30.079 0.000 0.000 0.000 3.073 37.073 42.073 0.000 0.000 0.000 0.000 0.000 0.000 0.000
0.000 6.743 68.650 65.559 66.477 76.444 92.593 101.571 101.460 93.313 90.073 77.739 51.659 0.000 0.000 37.484 36.431 18.333 2.142 51.717 35.570 36.427 35.290 36.160 51.041 56.936 20.845 11.773 63.719 49.684 27.664 0.000 0.000 0.000 0.000 0.000 0.000 0.000 0.000 49.188 43.187 40.186 36.186 0.000 0.000 0.000 0.000 0.000 0.000 0.000 0.000 0.000 0.000 0.000 15.076 24.077 0.000 0.000 0.000 24.078 28.078 0.000 0.000 0.000 5.072 41.073 10.073 0.000 0.000 0.000 0.000 0.000 0.000 0.000
81.913 69.836 66.755 64.679 65.554 66.788 70.839 101.678 92.556 88.313 77.900 51.855 0.000 0.000 0.000 41.537 39.476 59.360 43.178 35.931 36.746 35.586 38.441 58.308 55.188 36.083 31.994 36.924 64.872 61.841 25.829 0.000 0.000 0.000 0.000 0.000 0.000 0.000 0.000 56.186 56.186 51.185 42.184 0.000 0.000 0.000 0.000 0.000 0.000 0.000 0.000 0.000 0.000 0.000 27.076 29.076 0.000 0.000 0.000 27.077 28.077 0.000 0.000 0.000 0.000 12.072 0.000 0.000 0.000 0.000 0.000 0.000 0.000 0.000
79.989 93.933 85.864 70.765 71.917 63.955 101.880 101.780 71.430 76.110 52.007 0.000 0.000 0.000 0.000 43.650 56.578 54.452 36.280 36.082 35.898 46.731 58.579 47.443 36.321 36.215 36.126 37.055 46.005 63.978 59.982 21.041 0.000 0.000 0.000 0.000 0.000 0.000 0.000 42.185 44.184 56.184 57.183 13.182 0.000 0.000 0.000 0.000 0.000 0.000 0.000 0.000 0.000 19.075 29.075 6.075 0.000 0.000 0.000 28.076 26.076 0.000 0.000 0.000 0.000 0.000 0.000 0.000 0.000 0.000 0.000 0.000 0.000 0.000
93.121 96.046 95.973 90.941 81.089 102.072 101.976 63.552 58.344 0.000 0.000 0.000 0.000 0.000 0.000 54.835 59.736 35.588 37.410 37.218 49.033 57.860 39.704 36.563 36.438 36.329 36.239 36.167 36.115 45.085 65.079 58.101 32.134 23.148 27.151 0.000 0.000 0.000 0.000 0.000 22.183 62.183 62.182 23.181 0.000 0.000 0.000 0.000 0.000 0.000 0.000 0.000 0.000 8.074 7.075 0.000 0.000 0.000 0.000 8.076 35.076 0.000 0.000 0.000 0.000 0.000 0.000 0.000 0.000 0.000 0.000 0.000 0.000 0.000
96.233 96.164 96.043 100.279 91.329 102.167 63.599 66.258 61.038 0.000 0.000 0.000 0.000 0.000 48.322 60.118 36.944 37.755 37.553 45.349 58.154 35.975 36.812 36.667 36.538 36.426 36.334 36.259 36.204 36.168 40.150 41.148 36.155 37.158 44.154 26.154 0.000 0.000 0.000 0.000 0.000 17.182 53.181 16.181 0.000 0.000 0.000 0.000 0.000 0.000 0.000 0.000 0.000 0.000 0.000 0.000 0.000 0.000 0.000 0.000 0.000 0.000 0.000 0.000 0.000 0.000 0.000 0.000 0.000 0.000 0.000 0.000 0.000 0.000
92.343 96.249 97.404 94.442 102.350 102.258 68.169 52.490 0.000 0.000 0.000 0.000 0.000 0.000 65.526 42.373 38.166 37.935 39.699 60.472 40.261 37.072 36.904 36.754 36.621 36.505 36.410 36.333 36.275 36.232 35.204 34.187 37.179 19.176 0.000 0.000 0.000 0.000 0.000 0.000 0.000 0.000 46.180 34.180 1.179 0.000 0.000 0.000 0.000 0.000 0.000 0.000 0.000 0.000 0.000 0.000 0.000 0.000 0.000 0.000 0.000 0.000 0.000 0.000 0.000 0.000 0.000 0.000 0.000 0.000 0.000 0.000 0.000 0.000
71.452 75.424 71.574 102.532 102.441 79.777 60.791 51.442 0.000 0.000 0.000 0.000 0.000 0.000 40.883 36.681 36.413 35.120 47.838 40.577 34.346 35.149 34.978 34.826 34.686 35.565 36.466 36.389 36.329 35.283 33.246 35.217 35.200 32.191 22.189 25.186 27.183 26.181 28.179 0.000 0.000 0.000 0.000 43.179 15.179 0.000 0.000 0.000 0.000 0.000 0.000 0.000 0.000 0.000 0.000 0.000 0.000 0.000 0.000 0.000 0.000 0.000 0.000 0.000 0.000 0.000 0.000 0.000 0.000 0.000 0.000 0.000 0.000 0.000
108.522 73.763 103.814 102.620 62.440 52.979 0.000 66.322 24.473 0.000 0.000 0.000 0.000 84.916 63.442 34.055 41.683 52.297 50.953 46.654 44.398 44.199 44.034 42.884 36.734 32.602 36.502 36.427 36.370 35.324 35.282 39.237 39.211 40.198 50.191 50.187 46.183 39.180 38.178 17.176 0.000 0.000 0.000 2.178 8.178 0.000 0.000 0.000 0.000 0.000 0.000 0.000 0.000 0.000 0.000 0.000 0.000 0.000 0.000 0.000 0.000 0.000 0.000 0.000 0.000 0.000 0.000 0.000 0.000 0.000 0.000 0.000 0.000 0.000
