results3_8e3_rain/res_3e8f-0035.wd
ncols         241
nrows         181
xllcorner     12693529.787448
yllcorner     3542525.717860
cellsize      155.156523
NODATA_value  -9999.000000
[rows 132 to 164 of 181, columns 0 to 74 of 241]
70.570 75.571 79.573 79.576 81.580 81.585 75.591 66.598 52.606 41.615 40.625 41.637 40.651 39.666 44.682 58.701 69.721 74.743 74.768 71.794 63.822 54.853 45.885 39.919 44.952 46.994 46.024 47.045 45.057 40.064 54.067 77.062 44.045 0.000 0.000 0.000 0.000 36.327 48.325 45.314 47.316 53.327 71.342 57.355 41.365 40.371 40.375 52.377 73.375 14.371 0.000 0.000 0.000 0.000 0.000 0.000 0.000 0.000 0.000 0.000 0.000 0.000 0.000 0.000 7.530 0.000 1.932 42.851 65.719 69.621 69.510 79.593 107.054 97.397 97.344
48.600 50.601 53.603 59.606 69.610 75.615 80.621 80.628 73.636 59.645 48.656 42.668 46.681 53.697 66.714 81.732 80.753 77.775 77.799 80.824 80.852 76.881 64.911 52.942 44.974 40.006 41.034 40.057 41.073 49.086 71.095 79.099 0.000 0.000 0.000 0.000 0.000 22.330 40.335 49.335 50.343 47.360 48.386 58.403 53.412 46.416 50.416 58.413 71.406 12.388 0.000 0.000 0.000 0.000 0.000 0.000 0.000 0.000 0.000 0.000 0.000 0.000 0.000 0.000 0.136 0.000 50.006 71.924 67.803 76.773 67.832 107.188 95.943 97.446 102.681
40.630 40.631 40.633 42.636 47.640 51.645 58.651 67.658 75.666 78.675 72.686 70.698 72.711 75.727 74.744 67.763 58.783 56.806 56.829 61.854 67.881 74.908 77.937 76.966 65.995 56.025 51.051 49.075 58.095 74.113 75.129 61.140 0.000 0.000 0.000 0.000 0.000 0.000 23.350 50.352 29.360 17.386 32.440 47.459 62.466 66.465 68.460 69.454 65.449 0.000 0.000 0.000 0.000 0.000 0.000 0.000 0.000 0.000 0.000 0.000 0.000 0.000 34.539 4.491 70.409 92.304 125.119 81.075 76.118 57.068 93.127 97.622 97.517 106.253 95.765
41.660 41.661 41.663 41.666 40.670 39.675 41.681 46.688 52.696 62.705 72.715 74.727 67.740 57.756 51.773 43.793 39.814 39.836 39.859 41.884 46.909 52.936 59.963 71.991 77.019 79.046 78.073 74.097 77.121 70.144 52.167 44.194 23.235 0.000 0.000 0.000 0.000 0.000 16.364 49.364 0.000 0.000 25.529 50.531 69.527 77.519 63.508 66.496 52.489 10.497 0.000 0.000 0.000 0.000 0.000 0.000 0.000 0.000 0.000 0.000 0.000 21.639 40.587 113.527 142.445 125.308 108.839 107.769 99.431 98.077 97.935 97.785 63.011 107.922 99.511
41.690 41.691 41.694 41.697 41.701 41.705 41.711 40.718 40.726 43.734 49.744 48.755 44.768 40.784 40.802 40.822 41.844 41.866 41.889 41.914 40.938 39.964 41.990 48.016 55.043 64.070 72.096 68.123 57.148 45.175 41.203 46.236 54.277 30.330 8.367 8.388 0.000 0.000 31.380 52.377 2.375 0.000 44.618 76.608 78.595 57.578 60.558 59.532 47.516 36.506 0.000 0.000 0.000 0.000 0.000 0.000 0.000 0.000 0.000 0.000 0.000 2.694 65.641 71.559 67.540 68.688 66.651 98.456 98.337 98.212 65.388 68.158 70.022 71.683 21.645
41.720 41.721 41.724 41.727 41.731 41.736 41.742 41.748 41.755 41.763 40.772 40.783 40.795 41.810 41.830 41.851 41.874 41.897 41.920 41.943 41.967 41.992 42.017 41.043 40.069 41.095 45.122 43.149 42.176 46.205 49.236 48.270 46.308 48.348 48.383 45.410 45.435 49.435 24.401 10.388 0.000 17.769 62.718 76.690 56.667 49.643 48.614 28.561 24.538 0.000 0.000 0.000 0.000 0.000 0.000 0.000 0.000 13.230 28.212 0.000 11.891 74.773 81.766 79.836 77.818 78.893 98.678 98.569 79.661 86.444 79.289 85.054 76.888 55.822 0.000
41.750 41.751 41.754 41.757 41.761 41.766 41.772 41.779 41.785 41.793 41.800 41.809 41.819 41.834 41.856 41.880 41.904 41.928 41.951 40.974 47.997 50.021 42.045 41.070 40.095 41.121 43.148 46.175 49.204 48.234 43.266 44.300 51.337 54.374 50.408 44.437 41.460 50.471 0.000 0.000 0.000 57.820 66.797 53.769 45.741 65.714 11.694 0.000 0.000 0.000 0.000 0.000 0.000 0.000 0.000 0.000 23.289 65.248 94.196 55.102 87.938 96.086 93.046 92.135 98.984 98.886 98.784 91.762 93.629 93.321 92.174 91.098 9.007 0.000 0.000
41.780 41.781 41.784 41.787 41.791 41.797 41.803 41.809 41.816 41.823 44.829 44.834 42.840 46.852 44.882 41.910 41.936 41.960 40.983 39.005 50.027 58.050 44.073 41.097 43.122 46.147 48.174 47.202 44.232 46.263 51.295 53.330 54.366 54.403 49.438 43.471 52.499 71.518 0.000 0.000 0.000 31.897 54.881 51.851 55.813 75.780 9.756 0.000 0.000 0.000 0.000 0.000 0.000 0.000 0.000 21.381 73.334 89.275 92.195 97.175 94.316 91.299 99.253 99.167 99.078 91.096 91.873 92.736 92.410 92.376 85.301 62.200 0.000 0.000 0.000
41.810 41.811 41.813 41.817 41.822 41.828 41.834 41.841 41.848 42.854 49.858 49.860 26.857 0.000 15.911 45.942 39.971 42.995 49.017 52.037 52.058 48.079 44.101 45.124 48.148 47.174 46.200 48.228 52.258 52.290 54.324 53.360 44.397 39.434 41.472 54.510 73.547 83.586 5.637 0.000 0.000 6.990 62.979 64.942 71.883 70.837 6.796 0.000 0.000 0.000 0.000 0.000 0.000 0.000 25.485 69.437 91.355 94.365 93.444 93.436 92.518 99.417 99.337 91.323 92.115 92.967 92.746 92.595 92.545 84.473 76.428 0.000 0.000 0.000 0.000
41.839 41.840 41.843 41.847 41.852 41.859 41.866 41.874 41.881 43.888 52.892 63.890 39.873 0.000 0.000 30.976 57.012 49.033 47.052 47.071 45.090 44.109 46.130 48.152 46.175 42.199 44.226 56.254 58.284 48.317 42.352 39.389 39.427 44.467 58.508 74.550 71.596 55.644 27.689 0.000 0.000 34.095 63.105 45.056 35.942 27.889 0.000 0.000 0.000 0.000 0.000 0.000 0.000 18.593 69.538 91.445 93.632 92.622 92.726 99.651 99.575 99.498 91.399 93.269 92.976 92.843 92.781 92.701 86.619 73.551 63.511 0.000 0.000 0.000 0.000
41.869 41.870 41.872 41.876 41.882 41.890 41.899 41.908 41.917 43.925 53.932 40.935 0.000 0.000 0.000 0.000 53.067 45.076 47.089 46.104 44.121 47.139 48.159 45.179 42.201 38.224 48.250 62.278 49.309 39.343 40.379 45.417 55.457 66.499 77.542 70.590 48.642 43.704 62.788 69.935 71.078 75.193 50.290 11.236 0.000 0.000 0.000 0.000 0.000 0.000 0.000 0.000 23.694 69.625 91.633 93.811 92.831 99.862 99.794 99.724 91.688 92.477 93.354 93.045 93.023 92.956 92.874 93.776 81.690 52.598 41.555 0.000 0.000 0.000 0.000
40.899 40.899 41.899 41.903 41.912 41.922 41.933 41.944 41.954 44.965 54.976 25.986 0.000 0.000 23.133 25.130 42.114 44.116 32.125 14.138 52.153 47.169 43.187 42.206 40.226 42.249 58.273 61.301 43.332 46.367 58.405 67.445 76.487 74.530 62.575 48.624 41.680 57.745 61.826 49.939 31.108 29.309 17.627 0.974 0.001 0.000 0.000 12.210 7.210 0.000 0.000 17.776 69.794 92.890 93.908 92.016 99.993 99.928 91.873 92.674 93.539 93.339 93.209 93.177 93.117 93.060 95.983 59.842 39.766 0.000 0.000 0.000 0.000 0.000 0.000
49.930 47.928 44.924 42.928 39.940 39.954 39.967 39.980 38.993 44.006 56.023 39.046 20.094 28.122 46.138 42.144 39.144 45.149 40.158 27.170 47.183 41.199 40.215 40.232 42.251 56.271 64.294 30.321 22.352 72.390 77.431 72.473 61.516 51.559 43.605 39.654 50.709 62.769 30.833 5.887 0.000 0.000 2.172 1.801 0.014 1.074 4.171 32.210 16.210 0.000 0.000 50.024 92.062 91.185 100.183 100.121 100.058 91.924 93.800 93.519 93.404 93.365 95.313 90.254 92.217 93.183 104.157 0.000 0.000 0.000 0.000 0.000 0.000 0.000 0.000
50.964 52.959 58.943 59.946 59.967 56.987 58.004 57.017 56.031 56.045 58.063 41.085 45.113 44.137 41.153 44.164 44.171 43.179 48.189 50.201 44.214 38.228 40.243 42.259 56.275 61.293 50.312 44.336 53.368 76.409 59.457 50.502 42.545 40.587 42.632 41.680 55.734 64.793 28.850 4.890 0.000 1.003 3.996 1.673 4.552 10.949 13.160 6.250 0.000 0.000 28.220 70.276 100.357 100.301 100.243 92.180 92.973 93.858 93.561 93.550 94.499 94.445 67.392 45.319 80.311 94.300 99.305 39.360 0.000 0.000 0.000 0.000 0.000 0.000 0.000
44.004 38.003 0.000 0.000 1.996 49.026 46.043 46.056 46.069 50.083 59.099 40.118 41.139 40.159 43.175 47.188 48.198 46.209 45.219 48.231 49.244 46.257 40.271 57.285 63.299 54.313 60.327 77.346 74.374 56.422 44.486 40.535 42.576 42.615 41.655 46.700 62.755 64.818 56.885 59.936 30.980 0.137 0.000 0.000 9.937 17.107 7.269 4.380 0.000 23.266 71.394 100.466 100.413 92.343 93.140 94.012 93.820 93.699 93.677 94.622 92.572 86.522 11.493 0.000 62.408 97.400 94.402 93.416 0.000 0.000 0.000 0.000 0.000 0.000 0.000
42.046 34.047 0.000 0.000 0.000 45.080 41.087 41.096 41.106 45.118 59.133 37.150 41.168 45.186 47.201 48.215 45.227 42.238 40.250 42.262 52.274 65.287 60.301 61.313 38.325 32.334 84.339 70.348 37.360 0.000 17.530 45.576 42.610 42.643 44.676 37.712 21.769 11.841 23.938 63.988 40.018 0.434 0.542 0.000 6.153 11.273 5.431 10.616 11.103 49.403 100.548 91.552 95.279 94.169 93.978 93.862 93.831 93.789 94.740 94.696 59.648 35.578 21.564 24.563 75.513 96.492 92.486 83.487 1.487 0.000 0.000 0.000 0.000 0.000 0.000
42.087 42.094 25.115 0.000 0.000 46.127 42.131 42.136 41.143 42.153 57.166 44.181 47.198 49.215 48.231 43.245 40.257 41.269 41.281 40.293 50.305 73.318 69.331 56.344 49.354 40.359 16.348 5.347 0.000 0.000 0.000 47.629 42.647 44.672 27.694 1.702 0.000 0.000 26.039 43.063 12.040 0.000 0.821 6.192 13.248 9.401 3.561 0.000 2.090 48.875 100.650 94.442 94.189 94.006 93.984 93.942 93.895 93.851 91.810 82.773 15.747 0.000 32.623 91.613 96.588 94.570 88.561 78.559 0.000 0.000 0.000 0.000 0.000 0.000 0.000
39.122 41.128 38.137 0.000 0.000 46.172 41.173 39.175 41.179 45.186 49.196 48.211 48.230 46.247 40.263 41.276 41.289 42.301 42.313 47.325 65.337 64.350 57.363 66.377 64.390 35.400 0.000 0.000 0.000 0.000 0.000 47.664 42.680 45.704 16.727 0.000 13.010 39.057 59.116 28.187 0.000 0.000 0.000 0.000 5.247 5.524 5.851 2.047 2.287 100.937 100.796 93.362 94.190 94.084 94.043 93.998 93.954 95.912 80.874 63.841 23.819 0.000 47.693 77.677 86.656 95.640 84.631 73.629 0.000 0.000 0.000 0.000 0.000 0.000 0.000
46.153 44.159 33.169 0.000 32.236 40.218 42.214 46.213 47.213 48.215 46.223 47.239 45.263 41.282 41.298 42.311 42.322 41.334 43.345 66.357 65.369 47.382 60.396 58.412 62.429 60.452 23.488 0.000 0.000 18.657 23.670 43.683 42.706 42.738 37.785 29.871 46.964 46.047 40.181 62.382 10.578 0.000 0.000 0.000 3.970 2.596 4.130 28.654 53.210 101.052 95.726 95.436 95.170 94.147 94.100 94.055 95.012 92.971 47.932 24.898 36.869 37.843 91.780 93.745 73.720 83.703 78.694 51.697 16.722 0.000 0.000 0.000 0.000 0.000 0.000
47.178 48.189 45.211 33.245 47.254 47.253 47.252 48.250 48.246 49.241 61.244 43.261 41.302 41.322 42.336 42.347 42.358 43.368 57.378 68.389 43.401 47.414 74.429 66.446 54.466 57.491 60.525 44.573 49.611 64.645 57.670 45.695 38.723 38.759 49.805 65.865 52.928 24.987 0.000 52.584 41.776 1.419 5.686 10.989 7.339 0.111 2.350 43.759 96.093 101.144 92.702 95.331 96.250 94.203 94.157 94.112 87.068 77.026 33.987 4.950 13.915 14.880 75.838 117.803 98.777 74.757 66.745 45.742 54.747 7.747 0.000 0.000 0.000 18.768 60.768
52.192 52.208 48.244 48.270 48.283 49.289 49.291 45.290 42.283 41.258 4.250 0.000 45.361 42.369 42.377 42.385 41.394 44.402 68.412 54.422 39.433 45.446 62.461 79.478 74.498 71.521 69.550 65.583 61.615 60.644 68.673 65.702 59.735 55.771 58.812 62.858 24.897 0.000 0.000 4.594 0.694 0.000 6.788 16.941 13.141 4.145 0.057 42.951 101.321 101.233 95.607 97.425 94.303 94.260 95.212 91.166 75.122 68.080 74.039 80.000 63.963 85.925 100.888 117.854 126.826 110.804 72.788 77.780 52.777 0.000 0.000 0.000 0.000 0.000 9.769
0.000 0.000 52.286 47.309 47.322 42.329 39.334 41.338 36.339 0.000 0.000 0.000 46.415 42.416 42.420 42.425 42.431 60.438 67.445 40.454 42.465 42.477 45.492 51.508 53.527 53.548 49.571 52.597 68.622 61.646 52.675 55.707 62.745 66.778 69.816 66.859 41.905 6.955 0.000 0.000 0.000 0.000 1.705 10.846 0.000 0.000 12.922 73.134 101.408 92.985 96.668 96.396 94.367 94.315 95.267 90.220 77.175 43.131 50.089 93.049 104.010 135.971 126.934 98.900 86.869 103.844 82.824 76.812 51.805 0.000 0.000 0.000 0.000 0.000 14.769
0.000 0.000 1.323 56.359 41.368 39.371 41.381 41.390 42.397 0.000 0.000 35.490 43.468 42.462 42.461 42.464 44.468 68.473 53.479 39.486 42.495 42.507 42.521 41.537 41.554 41.572 40.592 47.612 76.630 55.644 0.000 0.000 6.761 57.782 67.814 51.857 56.911 44.006 0.971 1.115 0.000 0.000 8.162 0.647 0.000 0.000 31.100 101.583 101.495 95.862 97.575 93.471 94.420 94.369 94.319 94.272 81.226 44.181 59.138 96.096 92.056 126.016 120.978 89.941 94.908 80.878 61.854 79.837 57.827 0.000 0.000 0.000 0.000 0.000 13.770
40.550 36.548 0.000 48.423 58.420 59.406 40.429 52.444 59.462 35.502 33.518 43.513 42.506 42.502 42.502 42.503 61.505 65.508 40.512 42.516 41.523 40.535 42.551 42.566 42.582 42.597 41.613 49.629 78.644 59.658 5.673 0.000 29.758 54.775 67.804 46.846 36.878 0.000 0.000 1.444 1.305 9.868 14.015 0.000 0.000 10.097 72.299 101.671 93.156 96.832 96.563 94.529 94.472 94.421 94.371 95.322 86.275 75.230 98.186 123.143 111.101 128.060 125.020 118.980 125.943 91.907 68.877 78.855 86.840 15.834 0.000 0.000 0.000 0.000 14.770
42.554 41.547 36.529 42.493 41.482 0.000 63.488 55.495 42.508 43.527 43.538 42.541 42.541 42.540 42.541 45.542 68.543 51.544 41.544 42.545 48.548 56.561 42.581 40.597 42.610 41.623 44.635 68.647 76.659 51.673 39.689 27.713 49.739 48.757 9.780 0.000 0.000 0.000 0.000 0.000 0.000 0.000 0.000 0.000 13.321 70.369 92.469 101.759 94.111 94.725 94.634 94.578 94.523 94.471 94.420 95.371 86.324 69.278 65.233 98.189 88.146 102.103 105.061 93.018 94.975 66.931 43.893 57.864 124.844 77.829 12.813 2.798 24.785 45.777 82.772
42.564 42.558 42.548 42.537 42.536 36.551 52.540 68.541 44.549 41.560 42.569 42.574 42.576 42.578 41.580 64.582 66.583 40.582 42.578 43.570 40.566 2.580 61.615 56.631 43.641 41.650 59.658 78.666 62.675 42.685 42.697 43.712 46.727 50.737 0.000 0.000 0.000 0.000 0.000 0.000 0.000 0.000 0.000 0.000 36.537 93.590 101.935 101.847 94.007 94.808 94.678 94.627 94.572 94.520 94.469 93.419 78.371 80.324 100.279 119.234 118.190 123.146 128.102 115.057 113.007 99.951 48.900 46.865 122.841 86.825 24.811 17.797 82.781 115.773 134.770
42.582 42.575 42.570 42.571 42.574 42.579 42.579 53.582 68.588 44.596 41.603 42.609 42.614 40.618 48.621 69.624 49.625 41.624 43.617 41.593 0.000 0.000 49.669 50.672 56.675 55.678 63.681 62.686 43.691 41.697 43.704 46.712 51.722 51.727 0.000 0.000 0.000 0.000 0.000 0.000 0.000 0.000 0.000 0.040 45.004 98.883 102.023 93.389 95.047 94.770 94.734 94.674 94.619 94.566 94.515 94.466 80.417 76.370 97.324 98.278 98.233 101.189 101.145 100.100 105.047 77.963 53.892 68.855 83.832 22.819 0.000 0.000 26.768 52.766 74.765
42.608 44.590 44.587 42.603 42.610 42.614 42.617 42.621 53.627 68.633 44.641 39.647 39.653 56.658 68.663 62.667 39.671 42.673 38.673 0.000 0.000 35.746 42.722 42.713 48.709 65.707 65.706 58.705 51.706 43.708 30.711 0.714 65.722 45.724 0.000 0.000 0.000 0.000 0.000 0.000 0.000 0.000 0.000 0.113 18.872 102.203 102.112 94.248 94.945 94.834 94.777 94.720 94.665 94.612 94.561 95.511 90.462 80.415 75.368 74.322 74.277 74.233 74.190 78.150 52.117 0.000 21.851 77.832 73.812 34.799 0.000 0.000 25.756 71.758 49.759
43.652 0.000 0.000 42.647 41.649 40.652 40.655 39.659 39.665 52.672 67.679 60.687 67.694 69.700 56.706 40.713 47.719 47.725 35.731 0.000 0.000 46.771 42.760 44.750 68.742 75.735 53.730 44.725 51.722 58.720 46.720 0.000 25.723 43.723 0.000 0.000 0.000 0.000 0.000 0.000 0.000 0.000 0.000 0.258 5.920 102.291 99.546 95.196 94.923 94.881 94.820 94.763 94.708 94.656 94.605 94.555 95.507 94.459 92.412 91.365 91.319 92.275 94.233 68.193 10.155 0.000 6.830 62.808 93.787 84.767 57.742 33.735 50.744 53.750 11.754
42.698 41.713 0.000 41.689 52.689 56.690 60.693 65.696 68.702 69.710 69.719 69.728 55.736 42.743 58.751 75.759 76.768 76.779 69.796 47.829 0.000 43.808 41.798 50.787 78.775 65.764 42.753 41.744 43.737 46.732 37.729 0.000 2.726 2.724 0.000 0.000 0.000 0.000 0.000 0.000 0.000 0.000 6.647 8.125 3.137 102.368 103.479 99.077 94.980 94.919 94.860 94.804 94.750 94.698 94.648 94.599 94.550 94.503 94.455 94.407 95.360 98.316 70.274 3.233 0.000 0.000 0.000 7.784 63.761 94.739 85.723 61.720 38.736 7.743 0.000
42.730 44.728 40.743 42.732 57.728 56.728 52.730 48.733 47.737 43.750 64.761 54.771 65.779 56.788 72.796 68.805 61.816 62.828 73.844 79.863 68.875 69.855 61.840 69.825 77.809 50.793 41.777 42.763 42.751 41.743 41.737 43.734 38.730 0.000 47.717 38.716 0.000 0.000 0.000 0.000 0.000 0.000 75.305 72.523 102.469 102.424 97.361 98.146 95.011 94.956 94.898 94.843 94.790 94.739 94.689 94.641 94.594 94.547 94.499 96.449 101.397 70.354 10.314 0.000 0.000 0.000 0.000 0.000 4.733 55.706 90.692 40.687 0.000 0.000 6.387
44.764 0.000 39.771 42.767 42.765 42.766 41.767 42.768 44.765 42.791 54.805 49.815 58.824 69.833 57.841 42.851 43.862 44.876 45.891 50.904 63.908 73.898 79.882 77.864 66.844 42.822 42.799 42.779 42.763 42.751 43.743 66.737 39.732 0.000 43.718 0.000 0.000 0.000 0.000 0.000 0.000 6.818 95.113 97.331 102.502 95.733 95.372 95.092 95.052 94.990 94.933 94.879 94.827 94.778 94.730 94.683 94.637 94.592 96.545 81.492 35.426 2.390 0.000 0.000 0.000 0.000 0.000 0.000 0.000 26.658 88.652 40.648 0.000 0.000 0.000
45.800 0.000 39.803 42.801 42.802 42.803 42.806 43.809 0.000 41.846 45.853 56.862 56.871 64.879 69.887 55.895 40.906 40.923 40.942 42.955 44.957 45.947 46.929 46.907 45.882 44.854 40.821 40.793 41.772 42.758 53.748 67.738 38.730 32.725 34.721 0.000 0.000 0.000 0.000 0.000 0.000 10.808 93.942 102.554 102.527 94.564 95.253 95.140 95.080 95.021 94.966 94.913 94.863 94.815 94.769 94.724 94.681 94.639 99.596 55.548 0.000 0.000 0.000 0.000 0.000 0.000 0.000 0.000 0.000 29.617 89.611 48.605 0.000 0.000 0.000
