results3_8e3_rain/res_3e8f-0148.wd
ncols         241
nrows         181
xllcorner     12693529.787448
yllcorner     3542525.717860
cellsize      155.156523
NODATA_value  -9999.000000
[rows 99 to 131 of 181, columns 73 to 145 of 241]
59.092 59.069 59.045 58.020 57.995 62.968 65.941 62.916 58.897 58.888 52.889 8.894 0.000 0.000 0.000 0.000 0.000 14.182 72.150 97.107 95.101 94.259 100.930 100.860 93.965 94.663 94.513 94.406 95.304 95.209 94.122 98.050 56.999 0.000 0.000 0.000 0.000 0.000 0.000 32.109 58.040 69.909 37.722 19.537 49.465 52.393 50.311 54.199 50.967 48.588 18.238 42.993 46.867 61.783 67.722 70.676 68.643 63.619 56.603 51.595 46.590 24.582 0.000 0.000 0.000 0.000 19.060 37.060 49.060 73.060 74.060 74.059 74.059
59.140 59.118 58.095 56.070 60.043 65.015 65.983 65.948 59.922 56.906 61.901 61.900 22.901 0.000 16.824 46.771 23.657 3.454 60.359 100.239 95.489 95.506 100.990 93.277 95.067 94.723 94.638 94.529 94.426 94.328 96.244 95.178 31.138 0.000 0.000 0.000 0.000 0.000 0.498 36.265 42.203 53.130 2.099 0.000 44.602 52.545 51.454 55.321 55.114 25.851 0.000 37.897 51.840 56.777 77.727 78.688 78.658 79.637 80.622 78.613 59.609 0.000 0.000 0.000 0.000 0.000 0.000 36.059 49.058 73.058 74.058 74.057 74.057
59.189 58.169 58.147 61.122 64.094 65.064 40.029 3.971 32.936 68.916 41.907 15.903 7.902 0.000 27.877 77.832 74.745 66.629 85.509 96.660 93.648 101.072 94.558 95.365 94.934 94.870 94.756 94.649 94.541 95.436 93.346 81.279 28.236 1.232 0.000 0.000 0.000 0.764 39.615 46.473 44.379 45.307 18.277 0.000 50.795 68.730 61.639 56.518 31.316 0.000 0.000 20.858 10.819 50.759 75.720 79.690 77.666 77.648 77.635 79.627 52.625 46.630 46.631 52.632 0.000 0.000 0.000 13.058 48.057 73.056 74.056 74.056 74.055
58.241 57.223 62.201 65.176 65.148 65.119 30.098 0.000 0.000 11.913 2.910 0.000 0.000 0.000 20.975 83.935 89.864 97.777 97.736 94.861 101.413 101.203 94.526 95.238 95.091 94.984 94.877 94.769 94.654 100.527 50.426 18.356 2.294 0.107 4.115 7.110 0.000 30.863 48.750 44.634 44.532 43.443 49.362 15.258 44.055 69.941 68.856 66.794 0.000 0.000 0.000 0.000 0.000 48.721 77.705 81.686 78.668 77.654 75.643 64.636 45.633 41.633 42.633 26.632 0.000 0.000 0.000 0.000 44.055 73.055 74.054 74.054 70.054
57.296 63.280 65.259 65.233 63.202 69.167 39.146 0.000 0.000 0.000 0.000 0.000 0.000 0.000 32.114 90.066 93.006 96.882 96.119 96.132 101.602 93.913 95.619 95.295 95.210 95.103 95.000 98.895 104.778 59.594 28.475 3.425 0.000 0.000 0.000 4.104 32.098 54.994 48.888 41.779 46.674 50.572 47.469 45.356 59.224 63.123 53.050 61.010 0.000 0.000 0.000 0.000 0.000 54.699 78.691 83.680 82.668 78.656 73.647 42.641 40.638 41.636 48.635 0.000 0.000 0.000 0.000 38.053 42.053 71.053 74.053 74.053 68.052
64.355 65.342 65.322 64.295 42.260 8.200 27.173 29.173 0.000 0.000 0.000 0.000 0.000 23.418 76.299 90.222 93.126 95.284 96.294 101.934 101.775 94.889 95.591 95.431 95.326 95.221 99.122 61.035 20.970 0.000 38.457 24.443 0.000 0.000 0.000 0.000 40.196 74.126 65.029 59.922 54.811 55.700 53.588 54.475 67.364 61.275 45.213 47.184 0.000 0.000 0.000 0.000 0.000 54.686 82.682 47.676 45.666 77.656 80.649 50.644 41.641 46.638 16.637 0.000 0.000 0.000 0.000 11.053 38.052 56.052 72.052 75.051 68.051
65.421 65.411 61.392 65.365 47.344 0.000 18.172 48.172 0.000 0.000 0.000 0.000 13.633 75.537 89.444 95.365 95.337 95.479 102.219 102.081 94.217 95.993 95.643 95.554 95.440 95.333 99.233 71.151 3.097 0.000 8.452 11.448 0.000 0.000 0.000 0.000 27.365 59.286 64.181 74.067 69.949 57.829 60.708 69.590 64.483 52.399 44.345 45.329 19.376 20.388 0.000 0.000 0.000 52.676 86.674 0.670 0.000 26.652 73.649 63.645 44.642 23.640 0.000 0.000 0.000 0.000 0.000 0.000 11.052 35.051 61.051 71.050 64.050
63.493 60.490 59.470 75.431 54.406 0.000 17.172 45.172 0.000 0.000 0.000 7.800 71.728 84.652 94.582 97.462 96.707 94.738 102.347 93.527 95.302 91.861 93.788 95.666 95.552 96.437 90.326 80.241 28.169 0.000 0.000 0.000 0.000 0.000 0.000 14.810 49.613 54.471 54.342 56.217 65.090 67.960 70.826 64.694 51.579 45.493 44.437 43.412 47.412 32.400 0.000 0.000 0.000 41.668 78.666 44.661 33.656 25.652 68.648 74.646 54.644 0.000 0.000 5.642 0.000 0.000 0.000 0.000 0.000 30.050 54.050 59.049 46.049
57.575 66.585 62.568 3.481 4.443 0.000 8.172 8.172 0.000 0.000 0.000 8.871 87.828 89.772 97.684 96.850 95.872 102.573 102.465 95.487 95.174 95.016 94.898 93.781 94.662 96.538 53.394 4.317 0.000 0.000 0.000 0.000 0.000 18.420 35.264 50.007 60.805 57.643 56.501 53.367 54.234 57.095 68.942 69.780 61.646 50.556 43.499 43.469 45.459 0.000 0.000 0.000 0.000 26.663 68.661 46.658 42.655 42.651 74.648 77.645 60.644 23.643 13.642 56.642 0.000 0.000 0.000 0.000 0.000 33.049 57.049 52.049 38.048
58.666 68.706 55.738 0.000 0.000 0.000 5.172 17.172 1.172 0.000 0.166 74.984 84.945 96.889 96.885 96.029 102.767 102.673 94.799 96.574 96.226 96.133 96.014 95.896 97.778 47.658 0.000 0.000 0.000 0.000 0.000 7.980 33.826 50.575 63.365 59.149 57.959 57.795 57.650 58.517 56.385 55.242 29.067 47.839 72.671 54.585 42.535 45.507 43.497 31.503 0.000 0.000 0.000 27.660 60.657 38.655 0.000 0.000 30.645 67.644 56.643 65.642 72.642 31.642 0.000 0.000 0.000 0.000 0.000 8.048 48.048 46.048 39.048
56.753 60.834 59.939 36.097 0.000 0.000 0.000 3.172 6.172 0.000 28.230 88.136 95.075 96.997 97.157 95.280 102.852 95.087 96.869 96.434 96.366 96.245 97.130 98.013 59.895 0.000 0.000 0.000 0.000 0.000 10.340 53.134 63.923 59.691 58.472 58.267 58.085 57.927 57.789 57.665 57.548 66.423 5.245 0.000 40.612 49.579 41.549 50.528 50.517 32.510 0.000 0.000 0.000 0.000 44.652 81.651 49.649 0.000 23.644 68.643 62.642 53.642 53.641 0.000 0.000 0.000 0.000 0.000 0.000 0.000 27.047 38.047 39.047
68.823 6.938 63.089 61.255 50.455 9.581 0.000 0.000 0.000 19.391 78.325 92.257 98.197 97.182 96.336 102.998 102.929 96.037 96.735 96.583 96.473 97.363 99.247 60.130 0.000 0.000 0.000 0.000 8.976 39.827 50.546 62.293 59.040 58.794 55.566 55.362 55.187 56.039 57.914 57.807 60.719 37.655 0.000 0.000 20.586 45.570 44.553 62.540 58.533 0.000 0.000 0.000 0.000 0.000 28.649 73.648 85.646 42.644 68.643 82.642 74.642 50.641 43.640 15.640 0.000 0.000 0.000 0.000 0.000 0.000 33.046 39.046 43.046
50.861 4.007 65.223 55.378 62.531 54.706 16.006 3.344 12.454 79.457 88.421 98.380 97.267 97.534 95.562 103.058 95.325 97.118 96.778 96.695 97.587 98.485 52.366 0.000 0.000 0.000 0.000 1.418 52.124 62.960 60.723 59.452 61.152 60.878 66.635 71.427 66.263 59.130 53.020 56.931 62.864 20.825 0.000 0.000 16.575 48.564 49.554 71.546 59.541 0.000 0.000 0.000 0.000 0.000 16.646 68.645 77.644 82.643 78.642 78.642 82.641 66.640 45.640 46.639 15.638 8.638 0.000 0.000 0.000 35.045 40.046 38.046 43.045
0.000 0.000 33.417 84.503 47.584 0.000 0.000 17.535 77.562 82.560 96.540 97.450 97.729 95.660 103.141 95.583 97.392 96.969 96.911 97.800 94.695 49.626 0.000 0.000 0.000 0.000 7.767 54.610 62.370 60.167 59.934 63.638 38.240 16.929 19.671 36.448 62.307 64.197 65.106 57.034 57.982 18.954 0.000 0.000 0.000 29.557 47.552 54.548 53.546 2.546 0.000 0.000 0.000 0.000 16.644 59.644 72.643 77.642 78.642 79.641 75.640 71.640 56.639 44.638 48.638 54.638 0.000 0.000 0.000 1.045 38.045 39.045 41.045
0.000 0.000 10.525 85.633 72.719 0.000 0.000 24.698 85.698 93.689 97.641 98.836 98.873 103.458 103.265 96.534 97.249 97.111 97.013 91.910 81.767 32.696 0.000 0.000 7.206 43.109 51.924 63.759 60.580 60.404 64.207 41.928 0.000 0.000 0.000 22.386 60.320 57.244 61.174 67.116 67.076 45.056 0.000 0.000 0.000 11.554 49.551 43.549 50.547 1.546 0.000 0.000 0.000 0.000 21.642 46.642 63.642 77.641 72.641 65.640 67.640 28.639 53.639 62.638 55.637 51.637 0.000 0.000 0.000 0.000 0.000 33.044 38.044
0.000 0.000 0.000 13.786 62.939 2.755 12.880 78.861 90.846 97.828 97.845 98.022 103.809 103.638 95.821 97.620 97.287 97.215 90.126 56.058 0.000 0.000 0.000 15.394 61.302 55.197 63.062 60.924 60.786 61.661 39.564 0.405 0.000 0.000 0.000 21.390 63.345 57.286 57.228 59.181 63.149 65.139 17.164 0.000 0.000 0.000 30.549 49.548 24.548 0.000 0.000 0.000 0.000 0.000 14.641 42.641 53.641 60.640 52.640 49.640 14.640 0.000 2.638 46.637 50.637 59.637 0.000 0.000 0.000 0.000 0.000 27.044 38.044
0.000 0.000 0.000 0.000 0.726 12.998 82.026 87.017 98.005 97.935 99.219 99.291 103.970 96.120 97.900 97.468 97.409 87.307 76.220 40.139 0.000 0.000 0.000 55.486 77.413 62.315 54.202 62.087 59.979 62.889 32.834 0.000 0.000 0.000 17.499 52.441 59.383 58.326 58.273 55.230 51.201 53.187 15.189 0.000 0.000 0.000 11.549 56.548 4.548 0.000 0.000 0.000 0.000 0.000 14.640 44.640 43.640 42.639 40.639 46.639 0.000 0.000 0.000 21.637 44.636 62.636 6.635 0.000 0.000 0.000 0.000 0.000 31.044
0.000 0.000 0.000 0.000 0.000 85.219 84.206 98.186 98.137 99.338 99.410 104.264 104.121 97.074 98.759 96.602 82.488 71.394 45.307 0.000 0.000 0.000 49.780 67.651 67.549 74.447 62.345 52.245 58.155 68.084 71.049 34.092 0.000 0.000 16.558 64.489 58.422 58.361 57.308 53.266 47.237 48.221 14.215 0.000 0.000 0.000 0.000 29.548 37.548 0.000 0.000 0.000 0.000 0.000 22.640 46.639 40.639 41.639 41.638 43.638 26.638 0.000 0.000 0.000 31.636 52.635 30.635 4.635 0.000 0.000 0.000 0.000 26.044
0.000 0.000 0.000 0.000 24.574 85.454 97.395 98.353 99.361 101.546 104.531 104.399 96.380 98.145 94.797 83.698 72.552 44.473 0.000 0.000 0.000 52.030 72.908 58.790 50.683 64.581 76.484 64.393 67.311 68.242 55.187 61.134 39.991 2.307 24.685 56.538 52.453 59.389 54.333 46.289 45.260 49.243 11.237 0.000 0.000 0.000 0.000 16.548 56.547 1.547 0.000 0.000 0.000 0.000 0.000 28.638 43.638 41.638 41.638 41.637 49.637 0.000 0.000 0.000 0.000 33.635 44.634 50.634 0.000 0.000 0.000 0.000 0.000
0.000 0.000 0.000 0.000 67.693 93.627 99.572 98.475 98.743 96.822 104.656 96.663 98.428 92.997 81.929 56.809 0.000 0.000 0.000 0.000 52.273 73.152 60.033 48.919 48.812 50.712 61.618 76.531 67.453 52.385 60.325 62.266 36.202 0.000 21.605 81.525 68.463 57.408 51.346 47.296 44.270 45.257 39.251 3.254 0.000 0.000 0.000 0.000 35.547 7.547 0.000 0.000 0.000 0.000 0.000 8.637 45.637 41.637 41.637 41.637 43.637 27.636 0.000 0.000 0.000 14.634 41.634 44.634 0.000 0.000 0.000 0.000 0.000
0.000 0.000 0.000 71.002 67.879 73.797 88.708 99.880 96.943 104.892 104.777 97.595 93.282 82.135 61.029 0.000 0.000 33.916 0.000 4.522 77.395 60.272 49.153 50.040 48.934 51.835 65.744 74.661 75.587 59.521 55.461 66.403 40.350 0.000 0.000 12.495 25.465 7.436 0.000 17.279 48.270 55.262 56.257 42.257 0.000 0.000 0.000 0.000 0.000 0.000 0.000 0.000 0.000 0.000 0.000 9.637 45.637 44.637 47.637 42.636 39.636 48.636 0.000 0.000 0.000 21.634 55.634 60.634 0.000 0.000 0.000 0.000 0.000
0.000 0.000 10.226 72.124 69.026 69.946 79.921 96.085 105.110 105.002 96.875 93.641 81.311 55.235 0.000 0.000 50.967 49.916 31.813 15.649 65.513 49.387 50.267 49.155 50.049 64.951 70.862 34.782 25.712 77.650 63.595 41.537 2.443 0.000 0.000 0.000 0.000 0.000 0.000 14.272 66.268 60.263 57.260 53.259 8.259 0.000 0.000 0.000 0.000 0.000 0.000 0.000 0.000 0.000 0.000 33.636 42.637 17.637 0.000 17.636 42.636 46.636 0.000 0.000 0.000 23.634 59.634 28.634 0.000 0.000 0.000 0.000 0.000
0.000 85.414 73.329 70.241 68.163 69.041 70.284 74.349 105.215 96.117 91.878 81.468 55.425 0.000 0.000 0.000 55.018 52.968 72.875 56.749 49.620 50.495 49.375 52.262 72.156 69.059 49.972 45.894 50.828 78.773 75.732 39.706 0.000 0.000 0.000 0.000 0.000 0.000 0.000 14.269 73.266 73.263 68.261 59.260 4.260 0.000 0.000 0.000 0.000 0.000 0.000 0.000 0.000 0.000 6.636 45.636 47.636 0.000 0.000 2.636 45.636 46.636 0.000 0.000 0.000 0.000 30.634 0.000 0.000 0.000 0.000 0.000 0.000
1.595 83.500 97.431 89.358 74.261 75.418 67.466 105.412 105.315 75.000 79.677 55.575 0.000 0.000 0.000 0.000 57.118 70.064 67.969 49.851 49.724 49.598 60.476 72.361 61.255 50.158 50.071 49.995 50.932 59.883 77.852 73.850 34.904 0.000 0.000 0.000 0.000 0.000 0.000 0.000 59.264 61.262 73.261 74.260 30.260 0.000 0.000 0.000 0.000 0.000 0.000 0.000 0.000 0.000 37.636 47.636 24.636 0.000 0.000 6.635 46.635 44.635 0.000 0.000 0.000 0.000 0.000 0.000 0.000 0.000 0.000 0.000 0.000
19.675 96.609 99.540 99.470 94.444 84.598 105.600 105.507 67.157 61.936 0.000 0.000 0.000 0.000 0.000 0.000 68.274 73.199 49.089 50.961 50.827 62.696 71.571 53.453 50.345 50.246 50.158 50.083 50.021 49.974 58.945 78.938 71.957 45.988 37.000 41.003 10.004 0.000 0.000 0.000 0.000 39.262 79.261 79.260 40.260 0.000 0.000 0.000 0.000 0.000 0.000 0.000 0.000 0.000 26.636 25.636 0.000 0.000 0.000 0.000 26.635 53.635 0.000 0.000 0.000 0.000 0.000 0.000 0.000 0.000 0.000 0.000 0.000
89.788 99.719 99.657 99.543 103.786 94.844 105.692 67.253 69.934 64.639 0.000 0.000 0.000 0.000 0.000 61.667 73.504 50.369 51.226 51.077 58.929 71.788 49.657 50.536 50.424 50.323 50.234 50.158 50.096 50.048 50.016 54.000 54.999 50.006 51.009 58.006 40.005 0.000 0.000 0.000 0.000 0.000 34.260 70.260 33.260 0.000 0.000 0.000 0.000 0.000 0.000 0.000 0.000 0.000 0.000 0.000 0.000 0.000 0.000 0.000 0.000 5.635 0.000 0.000 0.000 0.000 0.000 0.000 0.000 0.000 0.000 0.000 0.000
95.891 95.830 99.742 100.904 97.951 105.869 105.781 71.907 56.334 1.516 4.515 1.515 0.000 0.000 0.000 78.829 55.708 51.546 51.369 53.191 74.024 53.871 50.733 50.608 50.494 50.389 50.297 50.219 50.156 50.107 50.071 49.047 48.034 51.028 33.026 0.000 0.000 0.000 0.000 0.000 0.000 0.000 0.000 63.259 51.259 18.259 0.000 0.000 0.000 0.000 0.000 0.000 0.000 0.000 0.000 0.000 0.000 0.000 0.000 0.000 0.000 0.000 0.000 0.000 0.000 0.000 0.000 0.000 0.000 0.000 0.000 0.000 0.000
75.005 74.939 78.917 75.074 106.041 105.955 83.428 64.606 55.494 0.000 0.000 1.515 0.000 0.000 0.000 54.113 49.952 49.739 48.511 61.295 54.105 47.940 48.797 48.670 48.553 48.443 49.346 50.266 50.202 50.153 49.114 47.084 49.060 49.046 46.040 36.041 39.041 41.040 40.039 42.038 13.038 0.000 0.000 1.259 60.259 32.259 0.000 0.000 0.000 0.000 0.000 0.000 0.000 0.000 0.000 0.000 0.000 0.000 0.000 0.000 0.000 0.000 0.000 0.000 0.000 0.000 0.000 0.000 0.000 0.000 0.000 0.000 0.000
90.120 112.008 77.255 107.313 106.125 65.993 56.581 0.000 70.821 29.143 0.000 0.000 0.000 0.000 97.950 76.559 47.246 54.949 65.642 64.373 60.162 57.986 57.844 57.722 56.605 50.483 46.377 50.296 50.234 50.187 49.149 49.114 53.077 53.056 54.046 64.043 64.041 60.040 53.039 52.038 31.038 0.000 0.000 0.000 19.259 25.259 0.000 0.000 0.000 0.000 0.000 0.000 0.000 0.000 0.000 0.000 0.000 0.000 0.000 0.000 0.000 0.000 0.000 0.000 0.000 0.000 0.000 0.000 0.000 0.000 0.000 0.000 0.000
138.201 116.798 114.843 106.280 106.204 94.083 0.000 37.806 65.805 139.466 114.978 1.291 45.443 34.892 96.341 55.927 53.525 125.168 115.735 111.394 111.185 109.997 108.873 107.768 106.662 77.509 44.383 50.306 50.253 50.213 50.180 42.147 0.000 0.000 0.000 0.000 0.000 0.000 17.038 69.038 48.037 19.037 0.000 0.000 0.000 0.000 0.000 0.000 0.000 0.000 0.000 0.000 0.000 0.000 0.000 0.000 0.000 0.000 0.000 0.000 0.000 0.000 0.000 0.000 0.000 0.000 0.000 0.000 0.000 0.000 0.000 0.000 0.000
96.370 115.957 106.421 106.352 90.612 0.000 0.000 0.000 9.131 60.935 48.670 0.000 26.816 0.000 55.593 52.286 61.758 117.463 0.000 3.284 0.000 53.945 62.882 123.816 36.766 0.000 54.338 50.294 50.257 51.230 33.213 0.000 0.000 0.000 0.000 0.000 0.000 0.000 0.000 22.037 69.037 25.037 0.000 0.000 0.000 0.000 0.000 0.000 0.000 0.000 0.000 0.000 0.000 0.000 0.000 0.000 0.000 0.000 0.000 0.000 0.000 0.000 0.000 0.000 0.000 0.000 0.000 0.000 0.000 0.000 0.000 0.000 0.000
117.127 115.181 106.485 115.103 116.951 37.239 0.000 16.653 43.653 53.475 30.096 7.142 48.189 93.711 92.153 84.864 0.000 36.463 0.000 15.175 37.065 64.955 109.895 72.849 37.819 0.000 0.000 56.273 50.253 51.237 32.228 0.000 0.000 0.000 0.000 0.000 0.000 0.000 0.000 0.000 16.036 55.036 20.036 0.000 0.000 0.000 0.000 0.000 0.000 0.000 0.000 0.000 0.000 0.000 0.000 0.000 0.000 0.000 0.000 0.000 0.000 0.000 0.000 0.000 0.000 0.000 0.000 0.000 0.000 0.000 0.000 0.000 0.000
115.261 106.602 106.546 95.610 38.375 0.000 0.000 0.000 5.352 32.216 0.000 0.000 41.087 84.790 138.445 74.155 0.000 0.000 0.000 0.000 0.000 78.917 113.892 43.865 40.842 0.000 0.000 0.000 55.244 49.239 47.235 45.235 33.236 0.000 0.000 0.000 0.000 0.000 0.000 0.000 11.036 69.036 27.036 0.000 0.000 0.000 0.000 0.000 0.000 0.000 0.000 0.000 0.000 0.000 0.000 0.000 0.000 0.000 0.000 0.000 0.000 0.000 0.000 0.000 0.000 0.000 0.000 0.000 0.000 0.000 0.000 0.000 0.000
