results3_8e3_rain/res_3e8f-0052.wd
ncols         241
nrows         181
xllcorner     12693529.787448
yllcorner     3542525.717860
cellsize      155.156523
NODATA_value  -9999.000000
[rows 132 to 164 of 181, columns 0 to 73 of 241]
86.996 91.996 95.996 95.997 97.998 97.999 92.000 83.002 69.004 58.006 57.008 58.011 57.013 56.017 61.020 75.023 86.027 91.031 91.035 88.038 80.041 71.043 62.043 56.038 61.029 63.013 61.989 62.959 60.931 55.905 69.878 92.849 59.825 0.000 0.000 0.000 0.000 51.544 63.540 60.514 62.493 68.479 86.475 72.476 56.478 55.482 55.487 67.493 88.501 29.510 2.530 0.000 0.000 0.000 0.000 0.000 0.000 0.000 0.000 0.000 0.000 0.000 0.000 0.000 21.301 1.170 4.984 45.900 68.761 72.661 72.552 82.636 110.100 100.448
65.010 67.010 70.011 76.011 86.012 92.013 97.015 97.017 90.018 76.021 65.023 59.026 63.029 70.032 83.036 98.039 97.043 94.047 94.051 97.054 97.057 93.058 81.057 69.053 61.046 56.034 57.017 55.998 56.978 64.960 86.942 94.926 6.915 0.000 0.000 0.000 9.574 37.575 55.606 64.600 65.583 62.564 63.565 73.565 68.564 61.561 65.558 73.555 86.553 27.553 13.551 19.569 0.000 0.000 0.000 0.000 0.000 0.000 0.000 0.000 0.000 0.000 0.000 0.000 3.341 0.000 53.032 74.955 70.836 79.806 70.868 110.228 98.984 100.495
57.024 57.025 57.025 59.026 64.027 68.028 75.030 84.031 92.033 95.036 89.038 87.041 89.044 92.048 91.051 84.056 75.060 73.064 73.068 78.071 84.074 91.075 94.075 93.072 82.067 72.059 67.049 65.037 74.025 90.014 91.005 76.998 9.995 0.000 0.000 0.000 0.000 0.000 38.710 65.697 44.675 32.631 47.654 62.657 77.652 81.642 83.629 84.615 80.604 7.598 0.000 22.588 19.594 7.594 13.594 7.594 0.000 0.000 0.000 0.000 0.000 0.000 37.514 7.465 73.380 95.293 128.127 84.093 79.141 60.095 96.156 100.662 100.563 109.290
58.039 58.039 58.040 58.041 57.042 56.043 58.045 63.046 69.048 79.051 89.053 91.056 84.060 74.063 68.068 60.072 56.077 56.081 56.086 58.089 63.092 69.094 76.095 88.094 93.092 95.088 94.082 90.076 93.071 86.067 68.066 60.068 39.073 0.000 0.000 0.000 0.000 0.000 31.827 64.805 7.789 0.000 40.763 65.757 84.744 92.725 78.701 81.673 67.651 25.638 0.000 49.601 18.599 10.596 21.594 21.594 0.000 0.000 0.000 0.000 0.000 24.616 43.564 116.504 145.425 128.297 111.840 110.778 102.444 101.090 100.956 100.815 66.037 110.950
58.054 58.054 58.055 58.056 58.057 58.058 58.060 57.062 57.064 60.066 66.069 65.071 61.075 57.079 57.084 57.089 58.094 58.100 58.104 58.109 57.112 56.115 58.117 64.119 71.119 80.118 88.117 84.116 73.116 61.118 57.123 62.134 70.155 46.205 24.224 24.217 10.180 11.102 46.967 67.906 17.887 0.002 59.879 91.865 93.844 72.815 75.776 74.727 62.689 51.664 2.640 30.616 4.607 0.000 5.594 0.000 0.000 0.000 0.000 0.000 0.000 5.671 68.618 74.537 70.522 71.675 69.645 101.446 101.334 101.216 68.399 71.172 73.039 74.700
58.069 58.069 58.070 58.071 58.072 58.073 58.075 58.077 58.079 58.081 57.084 57.087 57.090 58.095 58.100 58.106 58.113 58.119 58.124 58.129 58.134 58.138 58.141 57.144 56.147 57.149 61.152 59.155 58.159 62.166 65.176 64.190 62.210 64.236 64.250 61.247 61.221 65.160 40.031 25.968 14.966 33.044 78.010 91.982 71.950 64.914 63.864 43.769 39.716 2.690 0.000 0.000 0.000 0.000 0.000 0.000 1.192 16.165 31.135 1.041 14.877 77.750 84.741 82.813 80.798 81.876 101.654 101.552 82.658 89.445 82.294 88.063 79.900 58.837
58.084 58.084 58.085 58.086 58.087 58.089 58.091 58.093 58.095 58.097 58.099 58.102 58.105 58.109 58.116 58.124 58.132 58.139 58.145 57.151 64.156 66.161 58.166 57.171 56.175 57.180 59.186 62.193 65.201 64.211 59.225 60.241 67.260 70.280 66.295 60.300 57.296 66.286 0.000 0.000 0.086 73.156 82.134 69.102 61.063 81.026 26.997 0.000 0.000 0.000 0.000 0.000 0.000 0.000 0.000 0.000 26.217 68.182 97.133 58.051 90.904 99.056 96.018 95.108 101.942 101.850 101.754 94.750 96.622 96.317 95.174 94.103 12.015 0.000
58.099 58.099 58.100 58.101 58.103 58.105 58.107 58.109 58.111 58.113 61.115 61.117 59.119 63.122 61.130 58.142 58.152 58.160 57.166 55.173 66.179 74.185 60.191 57.197 59.204 62.212 64.220 63.230 60.241 62.255 67.270 69.289 70.309 70.329 65.348 59.364 68.379 87.402 6.460 0.000 0.000 47.290 70.269 67.229 71.176 91.129 25.102 0.000 0.000 0.000 0.000 0.000 0.000 0.000 0.000 24.318 76.268 92.213 95.137 100.124 97.274 94.261 102.194 102.114 102.030 94.071 94.852 95.720 95.398 95.367 88.296 65.200 0.000 0.000
58.114 58.115 58.116 58.117 58.118 58.121 58.123 58.125 58.128 59.130 66.131 66.132 43.132 11.132 32.142 62.163 56.174 59.182 65.189 68.196 68.202 64.209 60.216 61.224 64.233 63.242 62.253 64.265 68.280 68.296 70.314 69.335 60.358 55.381 57.405 70.429 89.454 99.485 21.518 0.000 0.000 22.447 78.423 80.370 87.281 86.214 22.180 0.000 0.000 0.000 0.000 0.000 0.000 2.466 28.434 72.376 94.292 97.304 96.387 96.383 95.470 102.347 102.272 94.286 95.082 95.939 95.722 95.574 95.529 87.460 79.416 0.000 0.000 0.000
58.130 58.130 58.131 58.132 58.134 58.137 58.139 58.142 58.145 60.147 69.148 80.148 56.145 0.000 0.000 47.195 73.200 65.206 63.212 63.219 61.226 60.234 62.242 64.251 62.261 58.272 60.285 72.299 74.316 64.335 58.357 55.380 55.406 60.433 74.462 90.492 87.526 71.564 43.611 11.677 5.689 49.629 78.605 60.548 51.365 43.268 8.224 0.000 0.000 0.000 0.000 0.000 0.000 21.499 72.466 94.377 96.568 95.558 95.665 102.562 102.493 102.421 94.354 96.230 95.940 95.810 95.752 95.677 89.599 76.534 66.496 0.000 0.000 0.000
58.145 58.145 58.146 58.148 58.150 58.153 58.156 58.160 58.163 60.166 70.168 57.166 13.155 0.000 0.000 15.223 69.225 61.230 63.235 62.242 60.250 63.258 64.267 61.277 58.288 54.300 64.315 78.332 65.351 55.373 56.397 61.424 71.453 82.484 93.517 86.553 64.592 59.636 78.683 85.732 86.761 90.775 65.820 26.851 0.000 0.000 0.000 0.000 0.000 0.000 0.000 0.000 26.611 72.542 94.557 96.741 95.760 102.755 102.693 102.630 94.632 95.425 96.307 96.002 95.983 95.920 95.842 96.748 84.666 55.579 44.537 2.537 0.000 0.000
57.160 57.160 58.161 58.162 58.165 58.169 58.174 58.178 58.183 61.187 71.191 42.195 0.000 1.259 39.258 41.249 58.249 60.253 48.258 30.265 68.273 63.282 59.291 58.302 56.314 58.327 74.343 77.362 59.383 62.408 74.436 83.466 92.498 90.533 78.570 64.610 57.655 73.703 77.755 65.806 46.850 44.892 33.050 13.185 2.559 0.000 0.000 15.422 10.422 0.000 0.000 20.695 72.712 95.809 96.829 94.938 102.873 102.815 94.806 95.611 96.482 96.284 96.158 96.130 96.073 96.018 98.946 62.811 42.738 0.000 0.000 0.000 0.000 0.000
66.176 64.176 61.175 59.176 56.180 56.185 56.191 56.197 55.202 60.208 72.216 55.227 36.250 44.262 62.266 58.267 55.269 61.274 56.280 43.287 63.296 57.305 56.315 56.326 58.339 72.353 80.369 46.389 38.413 88.441 93.473 88.507 77.542 67.579 59.620 55.665 66.714 78.769 46.828 21.888 4.940 0.000 13.304 12.453 2.828 4.159 7.334 35.422 19.422 0.000 0.000 52.944 94.978 94.099 103.042 102.987 102.931 94.849 96.731 96.453 96.342 96.306 98.259 93.203 95.168 96.137 107.112 0.000 0.000 0.000 0.000 0.000 0.000 0.000
67.193 69.191 75.188 76.188 76.193 73.202 74.209 73.216 72.222 72.229 74.237 57.247 61.261 60.271 57.278 60.283 60.288 59.294 64.301 66.309 60.318 54.328 56.338 58.350 72.362 77.376 66.393 60.413 69.439 92.471 75.508 66.546 58.584 56.624 58.667 57.714 71.768 80.829 44.900 20.980 9.082 11.257 14.409 6.631 8.000 14.254 16.421 9.512 0.000 0.000 31.160 73.193 103.194 103.145 103.095 95.094 95.892 96.783 96.488 96.480 97.433 97.383 70.334 48.265 83.259 97.248 102.253 42.307 0.000 0.000 0.000 0.000 0.000 0.000
60.212 54.209 7.198 9.196 18.204 65.220 62.229 62.235 62.242 66.248 75.256 56.265 57.276 56.285 59.293 63.300 64.306 62.313 61.321 64.330 65.340 62.350 56.361 73.373 79.385 70.397 76.412 93.432 90.459 72.497 60.543 56.584 58.624 58.665 57.709 62.758 78.816 80.881 72.963 76.050 47.153 9.280 1.479 0.906 13.288 20.437 10.584 7.693 0.250 26.287 74.343 103.286 103.241 95.247 96.049 96.927 96.737 96.618 96.599 97.547 95.502 89.457 14.431 0.000 65.353 100.345 97.346 96.360 0.000 0.000 0.000 0.000 0.000 0.000
58.235 50.235 0.000 0.000 0.238 61.247 57.251 57.256 57.261 61.267 75.275 53.283 57.292 61.301 63.309 64.317 61.324 58.333 56.341 58.351 68.361 81.372 76.384 77.395 54.407 48.417 100.427 86.443 53.469 13.516 33.583 61.625 58.664 58.703 60.746 53.795 37.855 27.919 40.020 80.103 56.201 9.370 4.616 0.253 9.491 14.624 8.786 13.972 14.461 52.488 103.355 94.446 98.178 97.074 96.885 96.772 96.744 96.703 97.657 97.616 62.572 38.511 24.504 27.504 78.455 99.434 95.427 86.428 4.428 0.000 0.000 0.000 0.000 0.000
58.258 58.261 41.273 0.000 1.267 62.270 58.272 58.276 57.280 58.286 73.293 60.300 63.309 65.317 64.326 59.334 56.343 57.352 57.361 56.371 66.382 89.394 85.406 72.419 65.430 56.438 32.437 21.445 8.457 0.000 14.647 63.671 58.703 60.739 43.777 17.820 2.890 0.034 42.097 59.140 28.180 0.598 3.912 9.243 16.573 12.780 6.960 0.771 4.201 51.766 103.441 97.335 97.088 96.907 96.888 96.848 96.803 96.761 94.722 85.686 18.659 0.000 35.569 94.555 99.528 97.509 91.500 81.497 0.000 0.000 0.000 0.000 0.000 0.000
55.278 57.280 54.284 0.000 0.000 62.293 57.293 55.296 57.299 61.304 65.310 64.317 64.325 62.334 56.343 57.352 57.361 58.371 58.381 63.392 81.403 80.416 73.430 82.444 80.457 51.468 0.000 0.000 0.000 0.000 12.688 63.708 58.738 61.773 32.805 0.000 28.994 55.074 75.133 44.181 0.000 0.000 0.000 0.000 8.779 8.964 9.273 3.992 3.153 103.684 103.565 96.249 97.084 96.981 96.943 96.900 96.859 98.819 83.781 66.747 26.720 2.704 50.649 80.618 89.593 98.575 87.566 76.563 0.000 0.000 0.000 0.000 0.000 0.000
62.296 60.298 49.301 0.000 48.324 56.315 58.313 62.314 63.317 64.321 62.326 63.333 61.342 57.352 57.361 58.370 58.379 57.389 59.400 82.411 81.424 63.438 76.453 74.469 78.487 76.510 39.542 0.000 4.681 34.696 39.710 59.735 58.769 58.811 53.864 45.948 63.019 62.097 56.178 78.271 26.395 0.000 0.000 2.658 7.799 6.022 7.318 31.723 56.275 103.789 98.598 98.323 98.060 97.041 96.997 96.955 97.914 95.874 50.837 27.802 39.771 40.742 94.705 96.675 76.651 86.634 81.625 54.627 19.650 0.000 0.000 0.000 0.000 0.000
63.312 64.315 61.321 49.331 63.333 63.331 63.331 64.332 64.334 65.337 77.341 59.348 57.359 57.369 58.379 58.388 58.397 59.407 73.418 84.430 59.444 63.459 90.475 82.493 70.515 73.541 76.575 60.625 65.667 80.696 73.723 61.754 54.792 54.837 65.893 81.963 69.036 41.117 13.210 68.331 57.519 6.867 10.193 15.497 11.739 3.006 5.280 46.697 99.039 103.878 95.576 98.214 99.137 97.094 97.051 97.008 89.967 79.927 36.889 7.854 16.820 17.788 78.756 120.726 101.702 77.684 69.673 48.670 57.674 10.674 0.000 0.000 0.692 21.693
68.326 68.330 64.335 64.342 64.345 65.346 65.348 61.349 58.351 57.352 20.353 10.360 61.378 58.389 58.397 58.406 57.415 60.425 84.436 70.449 55.463 61.478 78.495 95.515 90.537 87.563 85.595 81.632 77.667 76.699 84.731 81.766 75.807 71.854 74.909 78.974 41.046 5.126 4.215 20.324 16.485 1.889 11.216 21.418 17.699 8.940 2.349 45.751 104.047 103.964 98.478 100.306 97.187 97.148 98.104 94.061 78.019 70.979 76.940 82.903 66.868 88.835 103.802 120.773 129.748 113.727 75.713 80.705 55.703 0.000 0.000 0.000 0.000 0.000
7.335 8.345 68.349 63.355 63.359 58.362 55.364 57.367 52.368 5.368 5.360 0.000 62.405 58.410 58.416 58.424 58.433 76.443 83.454 56.466 58.480 58.496 61.514 67.534 69.556 69.581 65.609 68.640 84.671 77.703 68.736 71.774 78.817 82.863 85.917 82.978 58.048 23.125 6.202 5.265 0.000 0.000 6.186 15.258 0.000 0.000 15.677 75.936 104.129 95.845 99.543 99.274 97.250 97.201 98.156 93.112 80.070 46.029 52.990 95.952 106.915 138.880 129.847 101.816 89.788 106.765 85.747 79.735 54.729 0.000 0.000 0.000 0.000 0.000
0.000 3.367 17.362 72.371 57.376 55.379 57.382 57.385 58.388 5.391 0.000 51.434 59.428 58.430 58.435 58.442 60.450 84.459 69.470 55.482 58.496 58.513 58.531 57.551 57.573 57.596 56.622 63.648 92.676 71.705 2.735 10.777 22.823 73.866 83.916 67.974 73.043 60.124 12.204 9.269 0.000 0.022 13.085 5.172 0.000 0.000 33.889 104.291 104.210 98.725 100.448 96.348 97.301 97.253 97.207 97.163 84.120 47.078 62.037 98.998 94.960 128.924 123.889 92.855 97.825 83.797 64.775 82.759 60.750 0.000 0.000 0.000 0.000 0.000
56.402 52.393 0.000 64.391 74.393 75.396 56.400 68.404 75.409 51.417 49.434 59.441 58.443 58.447 58.452 58.458 77.466 81.475 56.484 58.496 57.511 56.528 58.548 58.568 58.588 58.610 57.633 65.656 94.681 75.705 21.725 0.000 45.832 70.863 83.907 62.960 53.027 12.124 5.222 8.338 6.525 14.711 18.898 0.000 0.000 12.900 75.107 104.371 96.008 99.700 99.434 97.404 97.352 97.304 97.257 98.212 89.168 78.125 101.084 126.044 114.005 130.967 127.929 121.893 128.858 94.825 71.797 81.775 89.762 18.756 0.000 0.000 0.000 0.000
58.411 57.410 52.415 58.410 57.411 5.413 79.417 71.421 58.427 59.435 59.445 58.452 58.457 58.462 58.468 61.475 84.482 67.489 57.498 58.508 64.522 72.541 58.564 56.584 58.603 57.623 60.643 84.664 92.686 67.709 55.735 43.769 65.810 64.847 25.890 10.933 7.979 0.000 0.000 0.000 0.000 0.000 1.897 0.000 16.092 73.164 95.275 104.450 96.967 97.591 97.504 97.452 97.401 97.353 97.305 98.260 89.215 72.172 68.130 101.089 91.048 105.008 107.969 95.929 97.888 69.848 46.812 60.785 127.765 80.751 15.736 5.723 27.710 48.702
58.422 58.422 58.424 58.425 58.427 52.430 68.434 84.439 60.444 57.451 58.459 58.466 58.472 58.478 57.484 80.490 82.497 56.504 58.510 59.517 56.530 18.551 77.582 72.602 59.618 57.635 75.653 94.671 78.691 58.712 58.735 59.763 62.793 66.826 3.872 4.902 0.000 0.000 0.000 0.000 0.000 0.000 0.000 0.000 39.286 96.365 104.605 104.528 96.860 97.672 97.547 97.501 97.449 97.400 97.353 96.307 81.262 83.218 103.175 122.133 121.091 126.050 131.009 117.966 115.920 102.866 51.819 49.786 125.763 89.748 27.735 20.721 85.706 118.699
58.434 58.433 58.434 58.439 58.442 58.446 58.450 69.455 84.461 60.467 57.474 58.481 58.487 56.494 64.500 85.507 65.513 57.518 59.522 57.520 0.000 0.000 65.614 66.622 72.634 71.647 79.662 78.678 59.695 57.713 59.732 62.754 67.775 67.790 0.000 0.000 0.000 0.000 0.000 0.000 0.000 0.000 0.000 1.260 47.701 101.640 104.682 96.229 97.907 97.633 97.602 97.546 97.496 97.447 97.399 97.352 83.307 79.263 100.219 101.176 101.134 104.093 104.051 103.008 107.958 80.878 56.812 71.777 86.755 25.742 0.000 0.000 29.694 55.692
58.448 60.441 60.443 58.453 58.458 58.462 58.466 58.471 69.476 84.483 60.489 55.496 55.503 72.510 84.517 78.524 55.530 58.536 54.539 0.528 0.000 51.643 58.637 58.640 64.648 81.659 81.671 74.684 67.698 59.712 46.728 16.748 81.762 61.770 0.000 0.000 0.000 0.000 0.000 0.000 0.000 0.000 0.000 1.602 21.323 104.835 104.758 97.093 97.803 97.697 97.644 97.592 97.541 97.492 97.444 98.397 93.352 83.307 78.263 77.220 77.177 77.135 77.095 81.056 55.025 0.000 24.773 80.755 76.737 37.724 0.000 0.000 28.684 74.685
59.469 0.000 0.000 58.473 57.476 56.479 56.482 55.487 55.492 68.498 83.505 76.512 83.519 85.526 72.534 56.541 63.549 63.556 51.562 0.000 0.000 62.650 58.650 60.654 84.660 91.669 69.679 60.690 67.700 74.711 62.718 0.000 41.756 59.758 0.000 0.000 0.000 0.000 0.000 0.000 0.000 0.000 0.000 1.968 7.604 104.911 102.376 98.048 97.780 97.744 97.687 97.635 97.584 97.535 97.488 97.441 98.396 97.351 95.306 94.262 94.219 95.177 97.136 71.097 13.061 0.000 9.753 65.733 96.713 87.694 60.671 36.665 53.673 56.678
58.490 57.497 0.000 57.492 68.493 72.495 76.498 81.502 84.507 85.514 85.521 85.528 71.535 58.543 74.551 91.559 92.568 92.578 85.590 63.610 0.000 59.657 57.660 66.665 94.671 81.678 58.687 57.695 59.704 62.712 53.717 0.000 18.748 18.749 0.000 0.000 0.000 0.000 0.000 0.000 0.000 0.000 9.603 11.145 3.996 104.979 106.316 101.929 97.838 97.782 97.729 97.677 97.626 97.578 97.531 97.484 97.439 97.394 97.349 97.304 98.259 101.217 73.176 6.137 0.000 0.000 0.000 10.711 66.689 97.669 88.654 64.651 41.665 10.671
58.504 60.505 56.513 58.509 73.509 72.511 68.513 64.517 63.521 59.529 80.537 70.545 81.552 72.560 88.568 84.577 77.587 78.599 89.612 95.630 84.651 85.662 77.669 85.675 93.681 66.687 57.694 58.702 58.709 57.716 57.722 59.731 54.739 3.742 63.739 54.738 0.000 0.000 0.000 0.000 0.000 0.113 78.230 75.440 105.083 105.035 100.198 100.999 97.871 97.822 97.768 97.716 97.667 97.619 97.572 97.527 97.482 97.438 97.393 99.347 104.297 73.255 13.215 0.000 0.000 0.000 0.000 0.000 7.663 58.638 93.625 43.620 0.000 0.000
60.519 0.000 55.525 58.524 58.524 58.526 57.528 58.530 60.532 58.546 70.554 65.561 74.569 85.576 73.585 58.594 59.604 60.617 61.631 66.647 79.661 89.672 95.679 93.685 82.691 58.696 58.702 58.709 58.715 58.721 59.726 82.731 55.735 0.000 59.738 9.738 3.737 0.000 0.000 0.000 0.000 9.692 98.000 100.201 105.124 98.559 98.223 97.948 97.915 97.857 97.805 97.755 97.706 97.659 97.613 97.569 97.525 97.482 99.439 84.393 38.327 5.291 0.000 0.000 0.000 0.000 0.000 0.000 0.000 29.594 91.589 43.585 0.000 0.000
61.534 0.000 55.538 58.538 58.539 58.541 58.543 59.545 0.000 57.568 61.573 72.579 72.586 80.593 85.601 71.610 56.621 56.634 56.650 58.664 60.676 61.685 62.692 62.696 61.701 60.705 56.710 56.716 57.722 58.727 69.730 83.733 54.735 48.736 50.737 0.000 0.000 0.000 0.000 0.000 0.000 13.671 96.796 105.192 105.158 97.402 98.107 98.000 97.946 97.892 97.841 97.791 97.744 97.698 97.653 97.610 97.568 97.527 102.489 58.458 0.000 0.000 0.000 0.000 0.000 0.000 0.000 0.000 0.000 32.557 92.551 51.545 0.000 0.000
