results3_8e3_rain/res_3e8f-0204.wd
ncols         241
nrows         181
xllcorner     12693529.787448
yllcorner     3542525.717860
cellsize      155.156523
NODATA_value  -9999.000000
[rows 99 to 131 of 181, columns 73 to 145 of 241]
59.985 59.960 59.935 58.909 58.882 63.853 66.825 63.797 59.777 59.767 53.769 9.775 0.000 0.000 0.000 0.000 0.000 14.963 72.929 97.885 95.877 95.033 101.700 101.629 94.727 95.423 95.269 95.159 96.053 95.952 94.861 98.784 57.730 0.000 0.000 0.000 0.000 0.000 0.000 35.043 60.967 72.864 40.734 22.529 52.434 55.348 53.252 57.131 53.951 51.691 21.381 46.141 50.013 64.927 70.864 73.817 71.783 66.758 59.743 54.735 49.732 27.728 0.000 0.000 0.000 0.000 22.089 40.089 52.089 76.089 77.089 77.089 77.089
60.035 60.012 58.988 56.961 60.933 65.903 66.869 66.831 60.804 57.788 62.782 62.781 23.782 0.000 17.594 47.541 24.429 4.229 61.134 101.013 96.262 96.278 101.760 94.040 95.827 95.480 95.392 95.279 95.170 95.067 96.975 95.901 31.853 0.000 0.000 0.000 0.000 0.000 3.351 39.224 45.128 56.040 4.971 0.000 47.552 55.492 54.400 58.275 58.102 28.896 0.000 41.044 54.986 59.922 80.870 81.830 81.800 82.779 83.764 81.755 62.752 0.754 0.766 1.771 0.000 0.000 0.000 39.089 52.089 76.089 77.089 77.089 77.089
60.087 59.066 59.042 62.016 64.987 65.955 40.918 4.856 33.818 69.798 42.789 16.784 8.783 0.000 28.646 78.601 75.515 67.400 86.280 97.431 94.418 101.842 95.322 96.126 95.692 95.626 95.508 95.397 95.283 96.170 94.071 81.991 28.928 1.893 0.000 0.000 0.000 3.580 42.478 49.374 47.280 48.197 21.138 0.000 53.731 71.668 64.581 59.468 34.285 0.000 1.004 24.005 13.965 53.905 78.865 82.834 80.810 80.792 80.779 82.771 55.768 49.771 49.772 55.773 0.000 0.000 0.000 16.089 51.089 76.089 77.089 77.089 77.088
59.142 58.123 63.100 66.073 66.043 66.013 30.991 0.000 0.808 12.797 3.793 0.000 0.000 0.000 21.743 84.703 90.632 98.546 98.504 95.629 102.181 101.972 95.288 95.998 95.848 95.738 95.628 95.515 95.394 101.259 51.148 19.063 2.974 0.535 7.240 10.162 0.000 33.682 51.607 47.514 47.420 46.331 52.247 18.159 46.973 72.867 71.788 69.730 0.000 0.000 44.004 0.000 0.000 51.868 80.851 84.831 81.814 80.799 78.788 67.781 48.777 44.776 45.776 29.774 0.000 0.000 0.000 0.000 47.088 76.088 77.088 77.088 73.088
58.200 64.183 66.161 66.133 64.101 70.063 40.041 0.000 0.000 0.000 0.000 0.000 0.000 0.000 32.881 90.833 93.773 97.649 96.886 96.898 102.368 94.675 96.380 96.054 95.967 95.857 95.750 99.642 105.520 60.326 29.198 4.141 0.000 0.000 0.000 7.084 35.006 57.860 51.755 44.655 49.556 53.458 50.360 48.257 62.135 66.040 55.973 63.935 0.000 0.000 12.004 0.000 0.000 57.847 81.839 86.827 85.815 81.803 76.794 45.788 43.784 44.781 51.780 0.000 0.000 0.000 0.000 41.088 45.088 74.088 77.088 77.088 71.088
65.263 66.249 66.228 65.199 43.162 9.098 28.070 30.070 0.000 0.000 0.000 0.000 0.000 24.183 77.064 90.987 93.891 96.049 97.059 102.697 102.540 95.650 96.351 96.189 96.082 95.975 99.874 61.783 21.716 0.000 39.177 25.162 0.000 0.000 0.000 0.000 43.075 76.995 67.898 62.795 57.691 58.585 56.479 57.373 70.270 64.186 48.129 50.102 0.000 0.000 0.000 0.000 0.000 57.835 85.831 50.823 48.814 80.805 83.798 53.793 44.789 49.785 19.783 0.000 0.000 0.000 0.000 14.088 41.088 59.088 75.088 78.088 71.088
66.332 66.322 62.302 66.273 48.250 0.000 19.070 49.070 0.000 0.000 0.000 0.000 14.397 76.302 90.208 96.130 96.100 96.242 102.981 102.843 94.978 96.753 96.402 96.311 96.196 96.087 99.985 71.902 3.846 0.000 9.172 12.167 0.000 0.000 0.000 0.000 30.224 62.146 67.046 76.938 72.827 60.713 63.598 72.486 67.385 55.306 47.255 48.241 22.287 23.298 0.000 0.000 0.000 55.827 89.825 3.822 0.000 29.803 76.800 66.796 47.793 26.789 0.000 0.000 0.000 0.000 0.000 0.000 14.088 38.088 64.088 74.088 67.088
64.408 61.405 60.384 76.342 55.316 0.000 18.070 46.070 0.000 0.000 0.000 8.565 72.493 85.416 95.345 98.225 97.470 95.500 103.108 94.288 96.062 92.620 94.547 96.423 96.308 97.192 91.079 80.992 28.919 0.000 0.000 0.000 0.000 0.000 0.000 17.630 52.451 57.321 57.201 59.084 67.965 70.842 73.714 67.588 54.479 48.397 47.344 46.321 50.321 35.309 0.000 0.000 0.000 44.822 81.820 47.817 36.811 28.806 71.802 77.799 57.798 0.000 0.000 8.802 0.000 0.000 0.000 0.000 0.000 33.088 57.088 62.088 49.088
58.495 67.504 63.487 4.395 5.355 0.000 9.070 9.070 0.000 0.000 0.000 9.637 88.593 90.535 98.446 97.612 96.633 103.333 103.225 96.246 95.934 95.774 95.656 94.538 95.418 97.293 54.147 5.070 0.000 0.000 0.000 0.000 0.000 21.166 38.033 52.808 63.630 60.484 59.355 56.232 57.108 59.975 71.829 72.673 64.545 53.458 46.405 46.376 48.367 0.000 0.000 0.000 0.000 29.818 71.817 49.814 45.811 45.807 77.803 80.801 63.801 26.801 16.802 59.802 0.000 0.000 0.000 0.000 0.000 36.087 60.087 55.087 41.087
59.590 69.631 56.665 0.000 0.000 0.000 6.070 18.070 2.070 0.000 0.883 75.753 85.708 97.651 97.646 96.789 103.525 103.432 95.558 97.333 96.984 96.891 96.772 96.654 98.534 48.414 0.000 0.000 0.000 0.000 0.000 10.629 36.505 53.299 66.124 61.940 60.776 60.632 60.503 61.381 59.258 58.122 31.952 50.732 75.569 57.487 45.440 48.413 46.403 34.410 0.000 0.000 0.000 30.817 63.815 41.813 0.000 0.000 33.803 70.802 59.802 68.802 75.802 34.802 0.000 0.000 0.000 0.000 0.000 11.087 51.087 49.087 42.087
57.682 61.767 60.877 37.041 0.000 0.000 0.000 4.070 7.070 0.000 28.976 88.894 95.835 97.757 97.917 96.040 103.610 95.846 97.627 97.193 97.124 97.004 97.888 98.770 60.652 0.000 0.000 0.000 0.000 0.000 12.913 55.753 66.588 62.402 61.224 61.054 60.900 60.764 60.643 60.531 60.422 69.302 8.127 0.000 43.513 52.482 44.453 53.434 53.423 35.416 0.000 0.000 0.000 0.000 47.812 84.811 52.809 0.000 26.804 71.803 65.803 56.803 56.803 0.000 0.000 0.000 0.000 0.000 0.000 0.000 30.087 41.087 42.087
69.755 7.877 64.034 62.204 51.405 10.525 0.741 0.000 0.000 20.147 79.079 93.013 98.955 97.940 97.094 103.757 103.687 96.794 97.492 97.341 97.231 98.121 100.005 60.888 0.000 0.000 0.000 0.000 11.413 42.291 53.073 64.881 61.691 61.497 58.315 58.151 58.007 58.882 60.773 60.678 63.597 40.538 0.000 0.000 23.489 48.474 47.458 65.445 61.439 0.000 0.000 0.000 0.000 0.000 31.810 76.809 88.808 45.806 71.805 85.804 77.803 53.803 46.803 18.803 0.000 0.000 0.000 0.000 0.000 0.000 36.087 42.087 46.087
51.796 4.951 66.179 56.338 63.485 55.626 16.868 4.130 13.223 80.216 89.177 99.135 98.023 98.291 96.319 103.816 96.082 97.875 97.535 97.452 98.344 99.243 53.124 0.000 0.000 0.000 0.000 3.671 54.535 65.388 63.205 62.009 63.797 63.581 69.390 74.227 69.096 61.985 55.890 59.811 65.751 23.714 0.000 0.000 19.479 51.469 52.459 74.451 62.447 0.000 0.000 0.000 0.000 0.000 19.808 71.808 80.807 85.806 81.805 81.804 85.804 69.803 48.803 49.803 18.803 11.803 0.000 0.000 0.000 38.087 43.087 41.087 46.087
0.000 0.000 34.394 85.485 48.569 0.000 0.000 18.300 78.322 83.316 97.294 98.204 98.484 96.415 103.900 96.339 98.149 97.725 97.668 98.557 95.452 50.383 0.000 0.000 0.000 0.000 9.943 56.806 64.668 62.520 62.351 66.154 40.906 19.640 22.434 39.273 65.163 67.070 67.991 59.927 60.879 21.854 0.000 0.000 0.000 32.462 50.458 57.454 56.452 5.452 0.000 0.000 0.000 0.000 19.807 62.807 75.806 80.806 81.805 82.805 78.804 74.804 59.803 47.803 51.803 57.803 0.000 0.000 0.000 4.087 41.087 42.087 44.087
0.000 0.000 11.517 86.640 73.737 0.000 0.000 25.447 86.449 94.440 98.393 99.589 99.626 104.215 104.023 97.290 98.005 97.867 97.769 92.667 82.524 33.454 0.000 0.000 9.323 45.239 54.080 65.943 62.811 62.674 66.524 44.351 2.160 0.000 0.000 25.269 63.212 60.143 64.078 70.024 69.987 47.969 0.000 0.000 0.000 14.460 52.457 46.455 53.453 4.453 0.000 0.000 0.000 0.000 24.807 49.806 66.806 80.806 75.805 68.805 70.804 31.804 56.803 65.803 58.803 54.803 0.000 0.000 0.000 0.000 1.087 36.087 41.087
0.000 0.000 0.000 14.821 64.002 3.452 13.593 79.593 91.587 98.574 98.594 98.773 104.562 104.393 96.576 98.374 98.042 97.971 90.882 56.814 0.000 0.000 0.000 17.487 63.406 57.314 65.195 63.076 62.959 63.842 41.721 2.555 0.000 0.000 0.000 24.322 66.273 60.212 60.153 62.105 66.074 68.066 20.096 0.000 0.000 0.000 33.456 52.455 27.454 0.000 0.000 0.000 0.000 0.000 17.806 45.806 56.806 63.805 55.805 52.805 17.805 0.000 5.803 49.803 53.803 62.803 0.000 0.000 0.000 0.000 0.000 30.087 41.087
0.000 0.000 0.000 0.000 1.427 13.676 82.733 87.742 98.741 98.677 99.965 100.040 104.722 96.873 98.653 98.222 98.163 88.062 76.975 40.895 0.000 0.000 0.000 57.568 79.502 64.414 56.312 64.207 62.105 65.013 34.945 0.000 0.000 0.000 20.517 55.424 62.347 61.278 61.218 58.170 54.138 56.124 18.127 0.000 0.000 0.000 14.455 59.455 7.455 0.000 0.000 0.000 0.000 0.000 17.806 47.806 46.806 45.805 43.805 49.805 0.000 0.000 0.000 24.803 47.803 65.803 9.803 0.000 0.000 0.000 0.000 1.087 34.087
0.000 0.000 0.000 0.000 0.000 85.924 84.922 98.912 98.872 100.079 100.155 105.014 104.872 97.826 99.511 97.356 83.242 72.149 46.062 0.000 0.000 0.000 51.832 69.715 69.621 76.527 64.430 54.334 60.242 70.161 73.102 36.100 0.000 0.000 19.609 67.509 61.414 61.335 60.269 56.218 50.184 51.166 17.160 0.000 0.000 0.000 0.000 32.455 40.455 0.000 0.000 0.000 0.000 0.000 25.806 49.805 43.805 44.805 44.805 46.805 29.805 0.000 0.000 0.000 34.803 55.803 33.803 7.803 0.000 0.000 0.000 0.000 29.087
0.000 0.000 0.000 0.000 25.299 86.175 98.119 99.084 100.097 102.287 105.279 105.148 97.131 98.896 95.549 84.450 73.306 45.227 0.000 0.000 0.000 54.061 74.949 60.840 52.739 66.643 78.549 66.457 69.369 70.286 57.203 63.097 41.852 4.328 27.803 59.587 55.466 62.379 57.306 49.250 48.215 52.195 14.187 0.000 0.000 0.000 0.000 19.455 59.455 4.455 0.000 0.000 0.000 0.000 0.000 31.805 46.805 44.805 44.805 44.805 52.805 0.000 0.000 0.000 0.000 36.803 47.803 53.803 0.000 0.000 0.000 0.000 0.000
0.000 0.000 0.000 0.000 68.423 94.355 100.303 99.210 99.481 97.564 105.404 97.412 99.178 93.748 82.681 57.561 0.000 0.000 0.000 0.000 54.286 75.173 62.062 50.955 50.854 52.758 63.665 78.576 69.491 54.409 62.326 64.234 38.132 0.000 24.687 84.572 71.484 60.409 54.326 50.262 47.230 48.213 42.206 6.210 0.000 0.000 0.000 0.000 38.455 10.455 0.000 0.000 0.000 0.000 0.000 11.805 48.805 44.805 44.805 44.805 46.805 30.805 0.000 0.000 0.000 17.803 44.803 47.803 0.000 0.000 0.000 0.000 0.000
0.000 0.000 0.000 71.739 68.614 74.531 89.443 100.618 97.684 105.638 105.523 98.345 94.032 82.886 61.780 0.000 0.000 35.887 0.000 6.517 79.399 62.283 51.172 52.065 50.964 53.868 67.777 76.692 77.611 61.534 57.458 68.381 42.310 0.000 0.000 15.529 28.487 10.448 0.000 20.241 51.230 58.220 59.215 45.214 0.000 0.000 0.000 0.000 0.000 0.000 0.000 0.000 0.000 0.000 0.000 12.805 48.805 47.805 50.805 45.805 42.805 51.805 0.000 0.000 0.000 24.803 58.803 63.803 0.000 0.000 0.000 0.000 0.000
0.000 0.000 10.967 72.863 69.764 70.683 80.659 96.826 105.856 105.748 97.623 94.389 82.060 55.985 0.000 0.000 52.935 51.887 33.791 17.636 67.508 51.389 52.277 51.169 52.068 66.973 72.884 36.802 27.727 79.658 65.592 43.522 4.416 0.000 0.000 0.000 0.000 0.000 0.000 17.233 69.228 63.222 60.219 56.218 11.219 0.000 0.000 0.000 0.000 0.000 0.000 0.000 0.000 0.000 0.000 36.805 45.805 20.805 0.000 20.805 45.805 49.805 0.000 0.000 0.000 26.802 62.802 31.802 0.000 0.000 0.000 0.000 0.000
0.000 86.161 74.072 70.982 68.903 69.781 71.025 75.091 105.959 96.864 92.626 82.216 56.173 0.000 0.000 0.000 56.983 54.936 74.848 58.729 51.608 52.490 51.376 54.268 74.166 71.072 51.985 47.906 52.837 80.778 77.731 41.700 0.000 0.000 0.000 0.000 0.000 0.000 0.000 17.229 76.226 76.223 71.221 62.220 7.219 0.000 0.000 0.000 0.000 0.000 0.000 0.000 0.000 0.000 9.805 48.805 50.805 0.000 0.000 5.805 48.805 49.805 0.000 0.000 0.000 0.000 33.802 0.000 0.000 0.000 0.000 0.000 0.000
2.323 84.251 98.175 90.100 75.002 76.159 68.208 106.156 106.059 75.747 80.425 56.323 0.000 0.000 0.000 0.000 59.077 72.026 69.937 51.825 51.705 51.585 62.470 74.360 63.257 52.163 52.077 52.001 52.937 61.885 79.852 75.848 36.902 0.000 0.000 0.000 0.000 0.000 0.000 0.000 62.224 64.223 76.221 77.220 33.220 0.000 0.000 0.000 0.000 0.000 0.000 0.000 0.000 0.000 40.805 50.805 27.805 0.000 0.000 9.805 49.805 47.805 0.000 0.000 0.000 0.000 0.000 0.000 0.000 0.000 0.000 0.000 0.000
20.395 97.345 100.279 100.211 95.184 85.340 106.344 106.250 67.912 62.683 0.000 0.322 0.000 0.000 0.000 0.000 70.224 75.153 51.049 52.928 52.802 64.677 73.557 55.445 52.341 52.245 52.160 52.085 52.023 51.975 60.945 80.937 73.956 47.986 38.999 43.002 12.003 0.000 0.000 0.000 1.223 42.222 82.221 82.221 43.220 0.000 0.000 0.000 0.000 0.000 0.000 0.000 0.000 0.000 29.805 28.805 0.000 0.000 0.000 0.000 29.805 56.805 0.000 0.000 0.000 0.000 0.000 0.000 0.000 0.000 0.000 0.000 0.000
90.517 100.453 100.394 100.282 104.526 95.585 106.435 68.025 70.707 65.377 0.000 0.000 0.000 0.000 0.000 63.595 75.441 52.313 53.178 53.037 60.897 73.763 51.638 52.522 52.415 52.318 52.231 52.156 52.095 52.047 52.015 55.999 56.998 52.005 53.008 60.005 42.004 0.000 0.000 0.000 0.000 0.000 37.221 73.221 36.221 0.000 0.000 0.000 0.000 0.000 0.000 0.000 0.000 0.000 0.000 0.000 0.000 0.000 0.000 0.000 0.000 8.805 0.000 0.000 0.000 0.000 0.000 0.000 0.000 0.000 0.000 0.000 0.000
96.623 96.564 100.479 101.642 98.691 106.610 106.523 72.702 57.161 2.281 5.280 2.280 0.000 0.000 0.000 80.748 57.633 53.480 53.312 55.144 75.986 55.841 52.709 52.590 52.480 52.379 52.290 52.215 52.153 52.104 52.069 51.045 50.032 53.026 35.025 0.000 0.000 0.000 0.000 0.000 0.000 0.000 0.000 66.221 54.221 21.221 0.000 0.000 0.000 0.000 0.000 0.000 0.000 0.000 0.000 0.000 0.000 0.000 0.000 0.000 0.000 0.000 0.000 0.000 0.000 0.000 0.000 0.000 0.000 0.000 0.000 0.000 0.000
75.738 75.674 79.654 75.812 106.781 106.696 84.201 65.418 56.361 0.000 0.280 2.280 0.000 0.000 0.000 56.017 51.863 51.662 50.446 63.242 56.062 49.905 50.769 50.648 50.536 50.430 51.336 52.259 52.197 52.149 51.111 49.081 51.058 51.045 48.039 38.041 41.042 43.042 42.042 44.041 15.041 0.000 0.000 4.221 63.221 35.221 0.000 0.000 0.000 0.000 0.000 0.000 0.000 0.000 0.000 0.000 0.000 0.000 0.000 0.000 0.000 0.000 0.000 0.000 0.000 0.000 0.000 0.000 0.000 0.000 0.000 0.000 0.000
90.853 112.743 77.991 108.050 106.863 66.743 57.343 0.000 71.784 30.137 0.000 0.000 0.000 0.000 99.817 78.440 49.141 56.859 67.569 66.315 62.115 59.948 59.813 59.697 58.585 52.468 48.366 52.288 52.228 52.182 51.145 51.111 55.075 55.055 56.046 66.043 66.042 62.042 55.042 54.041 33.041 0.000 0.000 0.000 22.221 28.221 0.000 0.000 0.000 0.000 0.000 0.000 0.000 0.000 0.000 0.000 0.000 0.000 0.000 0.000 0.000 0.000 0.000 0.000 0.000 0.000 0.000 0.000 0.000 0.000 0.000 0.000 0.000
138.934 117.532 115.579 107.017 106.942 94.830 0.000 38.833 66.833 140.491 115.955 2.228 47.362 36.778 98.194 57.785 55.401 127.064 117.656 113.334 113.136 111.958 110.840 109.740 108.639 79.493 46.371 52.298 52.246 52.207 52.176 44.144 0.000 0.000 0.000 0.000 0.000 0.000 19.041 71.041 50.041 21.041 0.000 0.000 0.000 0.000 0.000 0.000 0.000 0.000 0.000 0.000 0.000 0.000 0.000 0.000 0.000 0.000 0.000 0.000 0.000 0.000 0.000 0.000 0.000 0.000 0.000 0.000 0.000 0.000 0.000 0.000 0.000
97.103 116.690 107.156 107.088 91.348 0.000 0.000 0.000 10.226 62.039 49.777 0.000 28.589 0.000 57.395 54.105 63.615 119.340 0.000 5.230 0.000 55.909 64.849 125.786 38.738 0.000 56.329 52.286 52.251 53.224 35.208 0.000 0.000 0.000 0.000 0.000 0.000 0.000 0.000 24.041 71.041 27.041 0.000 0.000 0.000 0.000 0.000 0.000 0.000 0.000 0.000 0.000 0.000 0.000 0.000 0.000 0.000 0.000 0.000 0.000 0.000 0.000 0.000 0.000 0.000 0.000 0.000 0.000 0.000 0.000 0.000 0.000 0.000
117.859 115.914 107.219 115.838 117.686 37.974 0.000 17.806 44.806 54.660 31.338 8.577 49.815 95.383 93.886 86.625 0.000 38.340 0.000 17.126 39.022 66.919 111.861 74.817 39.789 0.000 0.000 58.266 52.247 53.232 34.223 0.000 0.000 0.000 0.000 0.000 0.000 0.000 0.000 0.000 18.041 57.041 22.041 0.000 0.000 0.000 0.000 0.000 0.000 0.000 0.000 0.000 0.000 0.000 0.000 0.000 0.000 0.000 0.000 0.000 0.000 0.000 0.000 0.000 0.000 0.000 0.000 0.000 0.000 0.000 0.000 0.000 0.000
115.993 107.335 107.279 96.344 39.109 0.000 0.000 0.000 6.532 33.458 0.000 0.000 42.712 86.448 140.142 75.883 0.000 0.000 0.000 0.000 0.000 80.882 115.859 45.833 42.811 0.000 0.000 0.000 57.239 51.233 49.230 47.231 35.231 0.000 0.000 0.000 0.000 0.000 0.000 0.000 13.041 71.041 29.041 0.000 0.000 0.000 0.000 0.000 0.000 0.000 0.000 0.000 0.000 0.000 0.000 0.000 0.000 0.000 0.000 0.000 0.000 0.000 0.000 0.000 0.000 0.000 0.000 0.000 0.000 0.000 0.000 0.000 0.000
