results3_8e3_rain/res_3e8f-0162.wd
ncols         241
nrows         181
xllcorner     12693529.787448
yllcorner     3542525.717860
cellsize      155.156523
NODATA_value  -9999.000000
[rows 66 to 98 of 181, columns 146 to 218 of 241]
36.603 51.542 73.484 74.430 74.380 74.332 74.286 74.241 74.196 77.161 13.139 0.000 1.023 0.000 0.000 0.000 0.000 0.000 46.384 21.384 0.000 28.382 58.380 58.380 58.380 65.380 71.379 71.378 71.375 71.372 71.367 71.363 71.358 71.352 71.347 73.343 58.339 59.337 51.336 0.000 0.000 0.000 0.000 0.000 27.695 34.686 43.669 37.636 15.595 13.546 28.516 49.491 57.467 51.445 46.422 46.399 36.377 33.354 33.332 36.310 57.289 69.269 64.248 53.229 60.210 67.192 71.175 71.159 70.143 70.128 70.114 70.100 70.087
39.662 58.601 76.543 74.490 74.442 74.396 74.352 74.303 79.249 68.209 38.191 35.200 0.000 0.000 0.000 0.000 0.000 17.383 19.383 0.000 0.000 0.000 28.376 59.376 68.376 71.376 71.375 71.373 71.371 75.368 73.365 71.361 71.357 71.353 70.349 62.345 56.342 62.339 52.338 0.000 0.000 0.000 0.000 19.687 33.688 38.684 34.678 0.000 0.518 10.500 30.486 33.468 47.449 56.428 45.407 44.386 42.364 33.342 33.320 32.298 38.277 62.256 69.236 54.216 56.197 58.179 60.162 64.145 68.129 70.114 71.100 70.086 70.073
44.719 65.657 75.597 74.545 74.500 74.460 72.420 71.372 26.288 11.236 42.214 48.210 13.211 0.000 0.000 0.000 0.000 0.000 0.000 0.000 0.000 12.371 41.372 61.373 71.372 71.372 71.371 71.369 71.367 73.365 72.362 71.359 71.356 72.353 62.350 60.346 63.343 58.340 50.339 0.000 0.000 0.000 0.000 37.686 40.686 2.684 1.681 0.000 5.460 38.467 40.460 50.447 53.431 64.413 62.393 50.373 39.351 31.329 33.307 33.285 28.264 42.243 59.222 63.202 68.183 65.165 58.147 63.131 66.115 66.100 64.086 66.072 69.059
49.776 72.710 76.644 77.592 74.555 75.524 70.497 16.477 0.440 41.232 42.220 47.214 55.213 0.000 0.000 0.000 0.000 0.000 0.000 0.000 0.000 24.370 47.370 60.369 72.369 71.368 71.367 71.366 71.364 72.363 71.360 71.358 71.355 68.353 62.351 27.348 0.345 0.000 0.000 0.000 0.000 0.000 0.000 33.686 40.686 0.000 0.000 0.000 55.448 41.447 36.441 64.430 69.416 70.399 74.381 68.360 56.339 36.317 33.294 33.272 31.250 32.229 38.208 39.188 46.168 54.150 61.132 65.116 66.100 67.085 63.071 66.057 67.044
31.834 36.763 46.677 22.624 79.604 76.583 61.568 38.564 8.590 0.000 0.000 0.000 0.000 0.000 0.000 0.000 0.000 0.000 0.000 0.000 0.000 25.368 50.367 53.366 69.366 71.365 71.364 71.363 75.362 74.360 71.359 71.357 72.355 63.353 66.352 0.000 0.000 0.000 0.000 0.000 0.000 0.000 0.000 0.000 27.686 36.685 0.000 0.000 86.437 49.433 31.426 62.415 70.403 70.387 70.369 73.349 72.328 52.305 35.282 33.259 31.236 34.214 35.193 43.172 48.153 37.134 37.117 42.100 47.084 53.069 58.055 62.041 66.029
77.898 56.830 0.000 0.000 83.653 75.635 62.627 44.624 11.627 0.000 0.000 0.000 0.000 0.000 0.000 0.000 0.000 0.000 0.000 0.000 0.000 0.000 11.364 55.364 71.363 71.363 71.362 71.361 73.360 72.358 71.357 71.355 72.354 60.353 70.352 0.000 0.000 0.000 0.000 0.000 0.000 0.000 0.000 0.000 0.000 3.685 11.685 0.000 23.429 39.422 32.413 62.404 70.392 70.378 71.361 71.340 71.317 64.293 40.269 36.245 34.222 31.199 52.177 64.156 70.136 54.118 47.100 43.083 41.068 38.053 38.039 38.025 66.013
53.974 0.000 0.000 80.830 80.721 78.679 69.681 54.676 10.667 0.000 0.000 0.000 0.000 0.000 0.000 0.000 0.000 0.000 0.000 0.000 0.000 0.000 37.361 60.361 72.361 71.360 71.359 72.359 71.358 71.357 71.355 71.354 72.353 65.352 30.352 0.000 0.000 0.000 0.000 0.000 0.000 0.000 0.000 0.000 0.000 0.000 0.000 0.000 0.000 36.412 35.403 53.394 68.384 71.372 65.355 61.333 67.309 58.281 41.256 40.231 49.207 44.184 67.161 71.139 70.119 68.100 68.082 65.066 63.050 60.035 56.022 48.009 67.996
81.021 71.022 76.994 32.939 0.000 0.000 75.742 49.732 10.699 0.000 12.916 0.000 0.000 0.000 0.000 0.000 0.000 0.000 0.000 0.000 0.000 0.358 53.358 65.358 72.358 71.358 71.357 73.357 73.356 71.355 71.354 71.353 70.352 66.352 15.351 0.000 0.000 0.000 0.000 0.000 0.000 0.000 0.000 0.000 0.000 0.000 0.000 0.000 0.000 0.000 24.391 50.386 68.379 69.369 50.355 53.330 55.302 52.268 37.241 34.217 57.192 66.167 70.143 72.121 72.100 73.081 71.064 71.047 72.032 71.018 72.004 71.991 70.979
83.067 75.050 80.022 30.993 0.000 0.000 66.815 14.808 0.000 0.000 44.916 7.916 0.000 0.000 0.000 0.000 0.000 0.000 0.000 0.000 0.000 0.000 56.356 68.356 72.356 71.356 71.355 72.355 72.354 71.353 71.353 72.352 68.351 63.350 13.350 0.000 0.000 0.000 0.000 0.000 0.000 0.000 0.000 0.000 0.000 0.000 0.000 0.000 16.381 18.382 29.384 45.381 67.377 69.371 15.365 0.000 0.000 42.246 36.225 31.203 45.178 64.150 70.124 72.101 72.080 72.061 70.044 70.028 71.013 69.999 69.986 70.973 70.961
75.130 75.088 75.051 73.017 59.988 45.948 38.893 37.879 33.902 36.912 39.916 39.917 11.917 0.000 0.000 0.000 0.000 0.000 17.348 19.348 0.000 9.354 55.354 69.354 71.354 71.354 71.353 71.353 71.352 71.352 71.351 71.351 53.350 48.349 46.348 41.347 5.347 0.000 0.000 0.000 0.000 0.000 0.000 0.000 0.000 0.000 0.000 0.000 20.380 46.381 37.380 41.379 61.376 62.373 35.370 0.000 0.000 0.000 33.209 38.193 37.167 56.130 69.101 70.078 70.058 70.039 70.023 70.007 69.993 69.979 69.967 69.955 69.943
75.169 75.122 75.078 74.037 71.000 72.963 46.929 25.914 63.915 36.918 40.919 16.918 0.000 0.000 0.000 0.000 0.000 0.000 17.348 63.348 12.348 0.350 54.352 68.352 72.352 71.352 73.352 74.352 72.351 71.351 71.350 69.349 62.349 53.348 54.347 53.347 6.346 0.000 0.000 0.000 0.000 0.000 0.000 0.000 0.000 0.000 0.000 0.000 14.380 49.380 41.379 48.378 63.376 58.374 64.372 0.000 0.000 0.000 0.000 0.000 0.000 46.102 69.074 70.053 70.034 70.016 70.000 69.986 69.972 69.959 69.947 69.935 69.924
75.203 75.155 76.101 78.053 75.011 74.975 73.948 74.933 65.927 43.925 15.925 0.000 0.000 0.000 0.000 0.000 0.000 0.000 4.348 56.348 43.348 33.349 49.350 71.350 71.351 71.351 71.350 71.350 71.350 71.349 71.349 71.348 69.348 48.347 52.346 59.346 2.346 0.000 0.000 0.000 0.000 0.000 0.000 0.000 0.000 0.000 0.000 0.000 10.379 61.379 5.378 28.377 51.375 58.374 19.373 0.000 0.000 0.000 0.000 0.000 0.000 0.075 58.040 71.025 70.008 69.992 69.977 69.963 69.950 69.938 69.927 69.916 69.905
78.239 74.194 71.119 73.063 76.017 75.977 77.954 74.941 72.935 59.931 8.930 0.000 0.000 0.000 0.000 0.000 0.000 0.000 0.000 12.348 47.348 39.348 55.349 73.349 71.349 71.349 71.349 71.349 71.349 71.348 71.348 71.347 72.347 61.346 48.346 52.345 58.345 0.343 0.000 0.000 0.000 0.000 0.000 0.000 0.000 0.000 0.000 0.000 0.000 6.379 0.000 0.000 36.375 55.374 0.000 0.000 0.000 0.000 0.000 0.000 0.000 0.000 46.020 67.001 69.982 69.966 69.952 69.940 69.928 69.917 69.906 69.896 69.886
71.282 32.261 0.000 0.000 0.000 67.961 72.952 78.944 74.939 63.936 13.934 0.000 47.938 17.938 0.000 0.000 0.000 0.000 0.000 0.000 39.347 43.347 64.348 72.348 73.348 74.348 71.348 71.348 71.348 71.347 71.347 71.346 71.346 72.345 51.345 33.344 42.343 3.342 0.000 0.000 0.000 0.000 0.000 0.000 0.000 0.000 0.000 0.000 0.000 0.000 0.000 0.000 25.374 58.374 0.000 0.000 0.000 0.000 0.000 0.000 0.000 0.000 0.000 46.976 66.952 69.937 69.926 69.915 69.905 69.896 69.886 69.876 69.866
66.319 23.306 0.000 0.000 42.953 40.953 57.949 76.944 73.941 58.938 39.937 43.938 47.938 13.938 0.000 0.000 0.000 0.000 10.345 0.000 40.346 51.347 71.347 71.347 74.347 74.347 71.347 71.347 71.347 71.346 71.346 71.346 71.345 72.344 68.344 63.343 52.342 32.342 26.341 0.000 0.000 0.000 0.000 0.000 0.000 0.000 0.000 0.000 0.000 0.000 0.000 0.000 27.374 19.374 0.000 0.000 0.000 0.000 0.000 0.000 0.000 0.000 0.000 0.000 51.912 67.906 69.899 69.891 69.883 69.874 69.865 69.856 69.846
72.347 53.340 25.347 0.000 0.000 42.950 42.947 64.944 76.941 54.939 41.938 46.938 24.938 0.000 0.000 0.000 0.000 0.000 39.345 32.345 37.346 54.346 73.346 73.346 74.347 71.347 71.347 71.346 71.346 71.346 71.345 71.345 71.344 71.344 71.343 73.342 62.342 50.341 39.340 40.339 33.338 24.338 29.338 0.000 0.000 0.000 0.000 0.000 0.000 0.000 0.000 0.000 30.374 5.374 0.000 0.000 0.000 0.000 0.000 0.000 0.000 0.000 0.000 0.000 36.879 64.876 68.872 69.867 69.860 69.853 69.845 69.837 69.827
75.368 66.360 19.354 0.000 0.000 0.000 41.945 46.943 73.941 61.940 42.939 45.939 20.938 0.000 0.000 0.000 0.000 0.000 42.344 35.345 38.345 56.345 75.346 74.346 72.346 72.346 71.346 71.346 71.346 71.345 71.345 72.344 72.344 72.343 66.342 57.342 61.341 68.340 61.339 59.339 47.338 34.338 41.338 0.000 0.000 0.000 0.000 0.000 0.000 0.000 0.000 0.000 0.000 0.000 0.000 0.000 0.000 0.000 0.000 0.000 0.000 0.000 0.000 0.000 28.848 59.848 69.846 71.843 71.839 71.834 70.827 69.818 69.808
75.385 50.379 0.000 0.000 0.000 0.000 0.000 48.941 61.941 55.940 54.939 51.939 41.939 19.938 0.000 0.000 0.000 0.000 41.344 34.344 39.345 54.345 66.345 63.345 58.346 60.346 65.346 70.346 72.345 72.345 70.344 60.344 58.344 63.343 52.342 49.341 49.340 60.340 64.339 59.338 45.338 34.338 6.338 0.000 0.000 0.000 0.000 0.000 0.000 0.000 0.000 0.000 0.000 0.000 0.000 0.000 0.000 0.000 0.000 0.000 0.000 0.000 0.000 0.000 16.818 41.820 47.822 49.821 49.819 50.815 59.809 68.801 69.790
74.397 40.394 0.000 0.000 0.000 0.000 0.000 43.941 37.940 36.940 44.939 44.939 44.939 40.938 13.938 0.000 0.000 0.000 46.344 41.344 46.344 56.344 59.345 62.345 20.345 0.000 0.000 11.345 72.345 69.345 58.344 13.344 0.000 0.000 51.341 83.340 76.339 55.339 61.338 55.338 44.338 29.337 32.337 0.000 0.000 0.000 0.000 0.000 0.000 0.000 0.000 0.000 0.000 0.000 0.000 0.000 0.000 0.000 12.735 2.735 20.735 41.739 52.748 51.762 69.785 77.795 78.799 76.801 78.801 65.799 48.795 66.786 69.773
72.407 37.404 0.000 0.000 0.000 0.000 0.000 43.940 39.940 18.940 0.000 0.000 0.000 0.000 0.000 0.000 0.000 0.000 52.344 46.344 41.344 37.344 23.344 0.000 0.000 0.000 0.000 0.000 0.000 0.000 45.343 7.343 0.000 0.000 0.000 46.339 79.339 39.338 40.338 39.338 35.337 38.337 85.337 44.337 0.000 0.000 0.000 0.000 0.000 0.000 0.000 0.000 0.000 0.000 0.000 0.000 11.710 2.711 0.000 0.000 6.731 88.735 84.742 66.753 67.765 64.774 65.780 87.783 80.785 66.785 46.784 55.777 54.761
58.413 39.412 33.414 0.000 0.000 0.000 0.000 0.000 41.940 25.940 0.000 0.000 0.000 0.000 0.000 0.000 0.000 0.000 52.343 52.343 53.343 36.343 11.343 0.000 0.000 0.000 0.000 0.000 0.000 0.000 41.343 18.343 0.000 0.000 0.000 45.338 94.338 58.338 61.338 56.337 41.337 59.337 113.337 110.337 41.336 0.000 0.000 0.000 0.000 0.000 0.000 0.000 0.000 0.000 0.000 0.000 1.710 19.711 9.712 7.716 16.723 91.728 58.734 66.741 57.750 38.757 49.762 92.767 58.770 45.774 52.778 6.778 0.000
42.417 42.416 28.416 0.000 0.000 0.000 0.000 0.000 0.000 0.000 0.000 0.000 0.000 0.000 0.000 0.000 0.000 0.000 55.343 46.343 40.343 38.343 12.343 0.000 0.000 0.000 0.000 0.000 0.000 38.342 31.343 56.343 52.343 0.000 4.338 51.338 57.338 49.338 92.337 81.337 52.337 5.337 69.337 124.336 8.336 0.000 0.000 0.000 0.000 0.000 0.000 0.000 20.708 17.708 12.709 1.709 70.710 108.710 99.711 95.713 42.716 86.720 54.724 43.729 90.735 71.741 91.746 72.751 42.756 50.760 0.000 0.000 0.000
45.420 46.418 38.417 0.000 0.000 0.000 0.000 0.000 0.000 0.000 0.000 0.000 0.000 0.000 0.000 0.000 0.000 0.000 9.343 50.343 40.343 18.343 0.000 0.000 0.000 0.000 0.000 0.000 0.000 40.342 37.342 13.342 0.000 0.000 0.000 25.338 4.338 0.000 5.336 47.336 3.336 0.000 25.336 91.336 46.336 0.000 0.000 0.000 0.000 0.000 0.000 0.000 0.000 2.708 0.000 0.000 26.709 6.709 70.708 74.708 25.709 86.711 63.713 36.717 54.721 104.726 118.731 52.736 40.742 7.751 0.000 0.000 16.604
44.421 45.420 45.419 49.419 41.418 0.000 0.000 0.000 0.000 0.000 0.000 0.000 0.000 0.000 0.000 0.000 0.000 0.000 0.000 40.342 36.342 20.342 0.000 0.000 0.000 0.000 0.000 0.000 41.342 38.342 15.342 0.000 0.000 0.000 0.000 0.000 0.000 0.000 0.000 51.334 0.334 0.000 25.336 0.000 0.000 0.000 0.000 0.000 0.000 0.000 0.000 0.000 0.000 11.708 5.708 7.707 0.708 0.000 46.703 65.703 24.702 88.701 68.702 38.704 87.707 90.710 85.715 93.720 57.726 0.000 0.000 0.000 30.589
46.422 24.420 35.419 44.419 44.418 44.418 43.418 0.000 0.000 0.000 0.000 0.000 0.000 0.000 0.000 0.000 0.000 0.000 0.000 42.342 38.342 22.342 0.000 0.000 0.000 0.000 0.000 0.000 0.000 44.342 16.342 0.000 0.000 0.000 0.000 0.000 0.000 3.333 15.333 38.333 42.333 19.333 0.000 0.000 0.000 0.000 0.000 0.000 0.000 0.000 0.000 0.000 0.000 0.707 0.000 4.707 0.000 0.000 49.699 69.698 29.695 89.691 74.689 88.689 88.691 47.694 40.698 85.704 34.715 0.000 0.000 31.559 39.569
51.423 0.000 0.000 41.418 30.418 0.000 43.418 33.418 0.000 0.000 0.000 0.000 0.000 0.000 0.000 0.000 0.000 0.000 0.000 41.342 38.342 26.342 0.000 0.000 0.000 0.000 0.000 0.000 0.000 0.000 0.000 0.000 0.000 0.000 0.000 0.000 0.000 0.000 54.333 71.333 32.332 0.000 0.000 0.000 0.000 0.000 0.000 0.000 0.000 0.000 0.000 0.000 0.000 0.000 0.000 9.707 0.000 0.000 84.697 70.695 31.689 89.678 86.674 78.673 70.674 56.677 57.680 26.684 0.000 0.000 15.543 34.549 41.554
48.423 0.000 0.000 28.418 20.418 0.000 0.000 0.000 0.000 52.407 48.407 39.407 0.000 0.000 0.000 0.000 0.000 0.000 0.000 45.342 41.342 23.342 0.000 0.000 0.000 0.000 0.000 0.000 0.000 0.000 0.000 0.000 0.000 0.000 0.000 0.000 0.000 0.000 17.332 101.332 67.332 0.000 0.000 0.000 0.000 0.000 0.000 0.000 0.000 0.000 0.000 0.000 0.000 0.000 0.000 0.000 0.000 0.000 16.697 0.000 0.000 63.657 104.656 83.656 82.656 80.658 83.662 31.667 0.000 0.000 19.538 33.540 34.542
64.421 0.000 0.000 0.000 0.000 50.411 37.411 0.000 48.408 42.407 42.407 34.407 0.000 0.000 0.000 0.000 0.000 0.000 0.000 45.341 40.341 28.341 0.000 0.000 0.000 0.000 0.000 0.000 0.000 0.000 0.000 0.000 0.000 0.000 0.000 0.000 0.000 0.000 0.000 45.332 37.332 8.331 0.000 0.000 0.000 0.000 0.000 0.000 0.000 0.000 0.000 0.000 0.000 0.000 0.000 0.000 0.000 0.000 0.000 0.000 0.000 10.638 46.638 47.637 45.637 45.639 42.642 38.655 0.000 0.000 12.530 33.530 31.530
75.419 64.417 46.416 47.415 46.413 40.412 41.411 42.409 40.408 45.407 44.407 35.406 32.406 0.000 0.000 0.000 0.000 0.000 0.000 32.341 0.000 0.000 0.000 0.000 0.000 0.000 0.000 0.000 0.000 0.000 0.000 0.000 0.000 0.000 0.000 0.000 0.000 0.000 0.000 0.000 44.331 7.331 0.000 0.000 0.000 0.000 0.000 0.000 0.000 0.000 0.000 0.000 0.000 0.000 0.000 0.000 0.000 0.000 0.000 0.000 0.000 1.618 34.618 33.618 33.617 49.616 44.615 0.000 0.000 0.000 5.523 46.521 58.519
75.418 69.417 39.416 39.415 39.413 22.412 23.411 27.409 37.408 46.407 43.407 35.406 38.406 27.406 0.000 0.000 0.000 0.000 0.000 0.000 0.000 0.000 0.000 0.000 0.000 0.000 0.000 0.000 0.000 0.000 0.000 0.000 0.000 0.000 0.000 0.000 0.000 0.000 0.000 0.000 1.331 47.331 6.331 0.000 0.000 0.000 0.000 0.000 0.000 0.000 0.000 0.000 0.000 0.000 0.000 0.000 0.000 0.000 0.000 0.000 26.589 29.597 33.600 33.600 35.598 54.594 44.586 27.569 0.000 0.000 41.516 62.513 69.510
75.417 73.416 43.416 40.415 20.414 0.000 0.000 0.000 0.000 37.407 40.406 38.406 31.406 0.000 0.000 0.000 0.000 0.000 0.000 0.000 0.000 0.000 0.000 0.000 0.000 0.000 0.000 0.000 0.000 0.000 0.000 0.000 0.000 0.000 0.000 0.000 0.000 0.000 0.000 0.000 0.000 50.331 12.331 0.000 0.000 0.000 0.000 0.000 0.000 0.000 0.000 0.000 0.000 0.000 0.000 0.000 0.000 0.000 0.000 0.000 37.581 34.583 33.585 29.584 42.580 59.575 43.566 32.552 27.533 27.521 51.513 68.507 69.501
75.416 73.416 26.415 30.415 0.000 0.000 0.000 0.000 0.000 0.000 28.406 41.406 33.405 0.000 0.000 0.000 0.000 0.000 0.000 0.000 0.000 0.000 0.000 0.000 0.000 0.000 0.000 0.000 0.000 0.000 0.000 0.000 0.000 0.000 0.000 0.000 0.000 0.000 0.000 0.000 0.000 0.000 18.331 0.000 0.000 0.000 0.000 0.000 0.000 0.000 0.000 0.000 6.553 14.553 0.000 0.000 0.000 0.000 0.000 31.565 29.570 28.572 33.572 47.570 60.566 50.560 34.551 32.540 34.527 31.516 52.507 70.500 69.492
75.415 49.415 0.000 0.000 0.000 0.000 0.000 0.000 0.000 0.000 0.000 31.405 38.405 36.405 0.000 0.000 0.000 0.000 0.000 0.000 0.000 0.000 0.000 0.000 0.000 0.000 0.000 0.000 0.000 0.000 0.000 0.000 0.000 0.000 0.000 0.000 0.000 0.000 0.000 0.000 0.000 0.000 0.000 0.000 0.000 0.000 0.000 0.000 0.000 0.000 0.000 0.000 0.000 7.553 9.554 0.000 36.555 28.556 26.557 38.560 52.562 57.562 59.561 59.557 45.553 33.547 32.539 32.530 31.520 33.510 56.501 71.493 69.484
