results3_8e3_rain/res_3e8f-0090.wd
ncols         241
nrows         181
xllcorner     12693529.787448
yllcorner     3542525.717860
cellsize      155.156523
NODATA_value  -9999.000000
[rows 66 to 98 of 181, columns 73 to 145 of 241]
67.975 31.965 0.000 57.173 74.153 73.124 73.097 0.000 44.535 44.519 57.528 53.536 52.516 52.473 51.409 127.318 115.159 0.000 0.000 0.000 48.007 42.952 47.871 50.817 50.772 52.730 53.693 58.652 59.613 60.570 51.511 0.000 0.000 48.834 98.833 80.743 84.595 84.672 82.717 90.646 83.107 83.577 84.307 83.071 82.840 83.627 53.466 0.000 0.000 0.000 0.000 0.000 0.000 0.000 28.013 25.994 25.957 25.905 25.839 25.770 29.695 42.611 39.520 24.422 35.321 44.225 23.135 26.048 31.964 36.882 32.801 26.722 24.644
52.977 58.954 0.000 45.375 69.341 68.315 62.317 15.394 0.000 0.000 50.600 63.672 52.671 51.642 52.601 33.563 0.000 0.000 0.000 0.000 0.000 0.000 58.816 56.793 54.765 37.728 40.690 47.649 48.618 53.587 44.549 0.000 0.000 0.000 59.077 76.981 83.912 83.997 91.091 90.876 83.189 83.869 83.571 83.352 83.133 77.937 35.799 0.000 0.000 32.994 0.000 0.000 0.000 34.052 29.052 26.030 25.992 25.940 25.878 25.809 25.733 25.651 32.564 46.472 47.379 30.287 24.199 25.113 26.029 29.947 28.867 24.788 24.710
54.985 53.922 58.795 56.609 70.522 63.476 64.460 61.472 0.000 0.000 0.000 65.881 60.855 55.822 57.791 4.769 0.000 0.000 0.000 0.000 0.000 0.000 57.785 53.776 44.765 0.000 0.000 45.636 57.623 56.610 0.000 0.000 4.792 61.671 53.414 57.233 64.306 79.361 91.290 82.950 84.494 84.049 83.851 83.625 81.403 64.190 42.995 48.994 46.994 27.994 0.000 0.000 0.000 0.000 43.113 25.083 26.040 29.986 37.923 27.854 25.778 24.698 28.613 43.525 50.436 42.347 28.261 23.176 25.093 25.012 24.931 24.852 23.774
55.022 52.952 56.856 67.744 61.663 54.608 73.575 62.562 14.576 0.000 8.252 58.116 74.047 69.001 68.970 71.953 0.000 0.000 0.000 0.000 3.750 3.754 55.762 46.760 49.755 0.000 0.000 0.000 93.630 120.620 35.620 0.000 60.912 55.810 55.647 55.552 51.632 91.658 91.480 84.004 87.601 84.339 84.122 83.898 75.663 28.426 0.000 50.994 28.994 0.000 0.000 0.000 31.317 30.280 29.203 25.151 29.098 41.040 45.976 43.905 36.829 26.748 35.664 43.578 22.492 28.405 41.321 38.237 34.156 42.075 22.995 24.915 22.838
53.076 59.009 68.931 60.848 52.777 52.719 65.671 73.625 69.591 72.520 74.389 69.284 64.214 66.166 55.136 54.120 0.000 0.000 0.000 4.745 60.747 59.749 47.750 49.748 50.741 54.727 53.718 0.000 4.645 0.000 0.000 7.297 67.136 60.008 54.847 55.937 53.980 91.820 53.640 61.221 75.809 83.621 84.398 82.183 40.923 0.000 0.000 0.000 0.000 0.000 0.000 32.379 26.354 26.320 26.270 27.218 37.163 46.101 45.034 44.961 40.884 36.802 46.718 29.633 24.547 25.463 25.379 35.298 48.217 35.138 23.057 23.977 29.900
59.139 70.078 60.010 52.942 53.878 53.821 55.763 39.676 65.641 63.582 55.498 52.419 51.358 67.314 69.286 56.272 0.000 0.000 0.000 60.744 56.744 53.744 46.743 50.739 50.732 50.722 50.709 9.688 12.661 13.640 15.593 83.458 80.329 69.201 68.157 57.155 92.107 91.970 55.701 62.344 57.112 63.908 82.670 57.514 0.000 0.000 0.000 0.000 0.000 0.000 0.000 32.404 26.399 26.377 26.338 27.289 36.233 46.169 45.099 44.023 40.943 45.859 39.774 23.688 25.602 25.518 25.436 35.357 43.279 22.201 25.121 28.034 46.961
70.208 60.152 53.091 54.030 53.973 54.922 35.884 0.000 22.716 50.668 53.602 53.536 53.484 51.447 75.423 59.411 0.000 0.000 0.000 37.742 54.741 48.740 49.738 50.734 50.728 50.720 50.709 61.693 1.673 5.665 22.682 75.613 85.514 7.404 89.327 79.519 92.227 54.290 67.927 64.565 54.429 51.226 47.861 32.687 0.000 0.000 28.013 0.000 0.000 0.000 0.000 28.433 26.463 26.451 26.417 26.369 27.310 33.243 41.169 41.089 41.005 44.919 22.831 25.743 25.656 24.572 30.491 47.414 30.340 24.268 27.191 8.078 9.009
60.283 53.229 54.173 54.116 54.061 57.011 12.968 10.934 3.839 48.772 53.706 55.638 53.596 52.566 70.547 66.537 0.000 0.000 0.000 0.000 45.737 48.736 50.734 50.731 50.726 50.720 52.712 38.703 0.000 0.000 72.857 75.798 86.712 92.585 86.689 84.724 92.328 75.346 78.045 62.883 55.784 48.707 0.000 0.000 0.000 0.000 26.013 0.000 0.000 0.000 0.000 0.000 29.568 26.548 26.510 26.458 26.396 26.325 26.245 33.160 41.071 28.979 25.887 25.796 25.708 28.623 41.543 41.468 23.400 25.340 28.297 0.000 0.000
53.361 54.309 54.255 54.199 54.144 54.092 58.043 58.995 58.933 54.875 54.812 34.715 51.695 52.675 68.661 67.654 0.000 0.000 0.000 0.000 44.735 50.734 50.732 50.730 50.726 50.722 38.717 0.000 0.000 1.320 78.090 84.014 86.919 86.866 85.943 92.464 84.841 87.555 82.240 67.178 57.116 56.112 56.252 0.000 0.000 0.000 23.014 30.014 23.014 0.000 0.000 0.000 44.694 25.663 26.617 26.559 26.491 27.414 26.328 26.235 26.139 26.041 25.943 25.847 24.756 30.669 45.589 22.516 25.451 25.397 27.359 2.354 0.000
54.443 54.391 54.338 54.282 54.226 54.170 54.118 54.070 54.024 53.984 57.952 0.000 44.793 53.780 69.768 64.765 0.830 0.000 0.000 0.000 49.733 52.733 52.731 52.729 50.727 53.725 0.000 0.000 0.000 70.477 76.347 87.247 87.125 87.231 85.275 92.679 85.982 90.624 86.512 87.443 75.392 63.372 52.392 47.392 49.392 0.000 0.000 29.015 24.014 30.009 30.993 28.952 34.851 44.792 26.735 27.671 36.596 43.512 25.417 26.315 26.209 26.102 25.996 24.895 29.799 48.710 42.629 31.556 24.491 25.436 27.390 42.350 60.288
54.528 54.476 54.422 54.366 54.306 54.244 54.189 57.141 55.111 54.083 58.062 0.000 44.904 53.884 70.865 62.860 2.883 0.000 0.000 0.000 22.733 32.732 31.731 31.729 52.728 37.726 0.000 0.000 0.000 72.661 82.574 87.474 87.426 86.527 93.337 93.027 87.056 87.897 86.752 86.693 87.636 78.591 43.554 0.000 0.000 0.000 0.000 27.017 27.019 24.019 26.019 27.011 25.968 32.919 46.861 29.793 27.712 37.619 25.514 26.399 26.280 26.161 26.046 25.936 33.835 46.743 33.660 45.587 23.523 24.466 29.415 50.367 62.311
54.615 54.564 54.510 54.452 54.388 57.313 59.252 31.196 52.195 55.175 57.150 17.126 48.037 52.985 64.948 62.926 3.919 0.000 0.000 0.000 0.000 0.000 0.000 0.000 33.727 0.000 0.000 0.000 21.100 70.930 87.815 87.689 87.800 85.881 93.618 85.655 91.357 87.049 87.001 86.932 86.870 76.802 37.678 0.000 0.000 0.000 0.000 0.000 30.025 31.032 18.051 26.104 27.092 27.054 30.998 46.927 29.841 26.739 26.620 26.487 26.351 26.217 24.090 29.971 48.862 29.767 28.683 42.610 26.547 24.490 31.439 57.390 62.340
54.704 54.653 54.601 54.546 56.480 32.368 34.310 0.000 14.299 50.271 54.235 58.193 54.131 57.073 62.016 66.978 5.949 0.000 0.000 0.000 0.000 0.000 0.000 0.000 0.000 0.000 0.000 4.391 80.270 82.147 88.036 87.988 87.104 94.123 93.879 86.724 87.436 87.304 87.233 87.167 86.110 66.069 0.000 0.000 0.000 0.000 0.000 0.000 0.000 22.032 0.000 33.262 30.244 26.206 26.150 28.077 44.987 33.875 25.739 26.580 26.420 25.267 30.125 31.994 30.877 27.778 25.695 25.624 25.563 26.510 39.461 61.416 62.371
54.793 54.743 54.695 54.652 59.619 0.000 0.000 20.518 12.432 46.376 55.328 53.279 55.222 67.158 39.065 33.022 0.000 0.000 0.000 0.000 0.000 0.000 0.000 0.000 0.000 0.000 0.000 67.512 72.442 86.352 88.232 88.360 86.452 94.347 86.235 87.907 87.598 87.536 87.459 87.392 79.335 56.296 0.000 0.000 0.000 0.000 0.000 0.000 0.000 0.000 0.000 37.438 32.416 26.375 24.318 27.245 27.154 43.037 35.882 26.675 27.481 25.307 32.149 32.005 28.874 22.774 25.695 25.629 27.573 41.524 60.480 62.440 65.404
55.879 53.830 53.785 53.748 56.724 26.730 23.690 55.604 60.532 54.474 52.422 59.371 69.320 72.274 0.000 0.000 0.000 0.000 0.000 0.000 0.000 0.000 0.000 0.000 0.000 0.000 0.000 69.703 77.638 87.548 88.538 87.575 94.760 94.559 87.272 87.973 87.832 87.752 87.677 87.607 69.542 51.483 0.000 0.000 0.000 0.000 0.000 0.000 0.000 0.000 0.000 35.636 33.608 33.561 30.502 23.432 25.347 26.237 42.075 41.758 38.523 35.330 28.160 27.002 23.840 24.748 25.681 29.625 49.576 61.533 61.495 62.461 61.432
69.961 68.911 67.867 65.830 62.800 63.775 63.735 60.678 61.620 63.566 63.515 69.465 71.412 29.343 0.000 0.000 0.000 0.000 0.000 0.000 0.000 0.000 0.000 0.000 0.000 8.220 16.141 70.959 87.850 88.758 88.707 87.934 94.946 86.759 88.430 88.114 88.047 87.963 87.889 85.818 67.742 38.612 0.000 0.000 0.000 0.000 0.000 0.000 0.000 0.000 0.000 25.863 29.818 32.761 33.699 32.633 29.564 25.491 19.424 0.000 0.000 0.000 0.000 0.000 27.738 25.699 28.655 49.613 62.574 61.538 62.506 65.478 61.455
66.036 67.987 66.944 68.905 70.871 69.837 68.798 66.751 64.703 64.655 65.608 61.562 61.520 0.000 0.000 0.000 0.000 0.000 0.000 0.000 0.000 0.000 0.000 0.000 0.000 57.300 80.244 79.142 88.048 88.937 89.063 87.165 95.120 88.858 88.460 88.333 88.246 88.167 88.096 84.036 63.994 0.000 0.000 0.000 0.000 0.000 0.000 0.000 0.000 0.000 33.301 28.135 25.039 26.964 31.899 33.839 33.784 34.737 25.707 0.000 0.000 0.000 0.000 0.000 28.674 26.656 42.628 63.598 61.568 61.539 61.513 62.490 61.472
54.106 54.058 55.015 61.976 70.940 76.905 64.867 58.827 53.785 51.743 50.700 56.654 35.587 0.000 0.000 0.000 0.000 0.000 0.000 0.000 0.000 0.000 0.000 0.000 0.000 63.435 79.392 87.319 89.234 89.202 88.333 95.428 95.280 90.882 88.685 88.521 88.442 88.362 88.292 83.237 58.204 0.000 0.000 0.000 0.000 0.000 0.000 0.000 0.000 33.607 28.467 28.338 28.239 27.160 24.094 29.040 32.997 33.969 30.959 0.000 0.000 0.000 0.000 31.615 25.628 29.621 57.605 61.583 61.560 61.538 61.517 61.499 61.484
53.171 53.124 57.082 62.044 64.009 66.975 56.940 52.904 53.868 53.831 55.795 33.767 0.000 0.000 0.000 0.000 0.000 0.000 0.000 0.000 0.000 0.000 0.000 0.000 0.000 49.614 78.571 88.506 89.407 89.538 87.648 95.563 88.441 90.111 88.788 88.719 88.628 88.547 88.475 79.416 52.381 0.000 0.000 0.000 0.000 0.000 0.000 0.000 32.876 28.747 28.623 28.512 28.418 28.341 28.278 25.229 24.195 27.181 34.202 34.299 0.000 0.000 0.000 25.602 26.603 44.598 61.586 60.570 60.552 61.535 61.519 61.504 61.492
53.230 53.186 55.146 56.110 54.076 53.045 54.014 52.983 52.951 52.918 57.882 2.853 0.000 0.000 0.000 0.000 0.000 0.000 0.000 0.000 0.000 0.000 0.000 0.000 1.075 57.836 86.773 89.697 89.671 88.803 95.810 95.691 91.445 89.142 88.993 88.901 88.810 88.723 89.643 69.572 57.522 0.000 0.000 32.592 0.000 32.313 34.261 34.162 29.006 28.880 28.768 28.668 28.581 28.508 28.449 28.403 27.373 24.360 33.368 34.396 27.396 0.000 0.000 33.587 25.586 33.580 39.571 42.559 46.545 52.531 58.518 60.507 60.497
54.285 54.243 54.206 54.172 54.142 53.114 53.088 53.063 53.036 52.006 59.964 10.909 0.000 0.000 0.000 0.000 0.000 0.000 0.000 0.000 0.000 0.000 0.000 0.000 42.229 78.084 88.987 89.875 90.016 88.108 95.917 88.908 90.578 89.258 89.180 89.080 88.986 88.894 89.802 61.706 39.614 0.000 0.000 28.592 0.000 27.365 29.308 29.218 29.107 29.000 28.901 28.811 28.731 28.663 28.606 28.563 26.533 28.517 34.515 31.522 0.000 0.000 0.000 32.575 31.572 30.567 29.559 28.549 27.538 31.527 42.517 38.507 40.500
52.335 52.297 52.263 52.232 52.205 52.182 52.161 53.143 55.126 57.105 32.061 0.000 0.000 0.000 0.000 0.000 0.000 0.000 0.000 0.358 9.346 0.000 0.000 12.545 53.411 84.288 90.177 90.163 89.190 96.104 96.015 91.904 89.606 89.454 89.356 89.258 89.161 89.064 84.965 31.835 0.000 0.000 0.000 28.592 34.569 29.475 29.388 29.296 29.203 29.112 29.024 28.943 28.869 28.805 28.751 28.709 25.679 34.661 34.654 30.654 0.000 0.000 0.000 31.565 30.561 31.556 31.549 31.540 31.531 31.522 30.514 30.507 29.501
53.381 53.346 56.315 60.288 63.265 67.246 69.232 72.222 71.220 63.228 1.302 12.436 36.472 4.494 0.000 0.000 0.000 0.000 0.000 40.371 67.345 7.311 0.000 46.680 79.583 89.471 90.368 90.297 89.520 96.179 88.352 90.034 89.713 89.634 89.533 89.434 89.335 90.237 77.159 0.000 0.000 0.000 0.000 8.616 28.640 29.579 31.472 31.376 29.298 29.220 29.143 29.068 28.998 28.937 28.885 25.843 30.813 33.794 34.786 25.787 0.000 0.000 0.000 15.558 36.552 36.547 33.540 30.533 30.525 31.517 32.510 32.504 31.500
55.423 54.392 61.364 70.341 71.321 70.307 69.297 68.295 65.303 59.329 34.391 51.447 69.486 38.516 22.542 0.000 0.000 0.000 11.430 50.398 64.352 3.277 22.130 63.910 88.770 91.656 90.498 90.710 88.685 96.243 90.342 90.054 89.902 89.807 89.710 89.611 89.508 91.390 35.275 0.000 0.000 0.000 0.000 0.000 24.796 30.728 11.546 11.438 28.392 29.330 29.258 29.187 29.119 29.059 28.008 25.967 34.936 34.916 31.909 25.921 31.974 0.000 0.000 0.000 47.544 62.539 55.533 51.525 47.519 43.512 46.506 46.501 29.497
55.461 55.433 58.410 61.389 60.373 58.362 56.356 54.358 52.369 52.393 61.433 63.474 60.510 57.541 61.568 9.592 0.000 0.000 51.463 81.437 32.390 28.315 62.202 86.062 90.938 90.800 90.922 88.878 96.328 88.757 90.468 90.152 90.077 89.980 89.887 89.794 92.694 49.542 0.000 0.000 0.000 0.000 0.000 0.000 27.019 31.993 0.000 0.000 25.502 29.448 29.375 29.301 29.233 29.173 26.122 34.080 35.048 34.025 25.014 29.015 29.028 0.000 0.000 0.000 15.539 45.535 63.526 62.518 62.512 62.506 62.501 56.497 46.494
55.496 55.472 55.451 54.434 54.420 55.411 55.407 55.411 53.422 54.443 59.472 62.506 58.540 53.571 56.597 11.615 0.000 0.000 43.520 53.498 31.456 64.391 79.303 88.197 91.092 91.032 90.135 96.717 96.473 89.753 90.480 90.334 90.243 90.151 90.064 89.985 92.932 0.000 0.000 8.315 17.315 0.000 0.000 28.383 31.269 30.232 37.278 0.000 25.668 29.585 29.493 29.410 29.340 27.279 29.227 35.184 35.149 27.124 28.106 29.097 29.094 0.000 0.000 0.000 0.000 0.000 45.518 61.510 61.504 61.500 61.496 62.493 62.490
55.529 55.508 55.490 55.474 55.462 55.455 55.452 54.455 53.466 57.483 61.508 61.538 56.571 52.605 57.635 10.657 0.000 0.000 39.601 8.580 55.544 79.490 85.418 91.341 91.203 91.423 89.419 96.935 89.184 90.892 90.576 90.503 90.409 90.319 90.232 97.150 81.116 0.000 4.315 54.316 40.315 0.000 0.000 23.497 31.443 30.387 30.324 36.181 33.916 32.732 29.600 29.508 29.436 26.376 34.324 35.279 31.243 26.214 29.191 29.172 31.157 35.169 0.000 0.000 0.000 0.000 0.000 58.499 61.497 61.493 61.490 62.487 60.485
55.561 55.542 55.525 55.511 55.500 55.493 54.491 53.493 55.502 59.517 62.539 58.568 53.603 52.642 55.683 37.720 24.763 25.758 21.701 22.679 62.649 83.606 89.550 91.458 91.613 89.616 97.315 97.134 90.196 90.906 90.757 90.664 90.572 90.484 95.393 38.270 53.265 23.304 54.314 62.316 0.000 0.000 0.000 22.665 31.619 30.549 30.452 40.302 51.083 24.827 34.667 30.586 27.522 29.464 35.412 34.367 25.329 28.298 29.271 29.244 16.194 17.182 0.000 0.000 0.000 0.000 0.000 39.492 60.489 61.486 61.484 65.481 61.479
55.592 55.575 55.559 55.545 55.534 55.527 53.524 53.525 57.532 64.544 65.563 61.591 56.630 54.678 54.733 56.778 56.810 65.812 6.766 40.784 78.769 85.735 91.689 91.675 90.823 97.639 97.482 90.564 91.340 90.999 90.922 90.823 90.732 90.650 98.588 0.000 36.372 38.333 28.322 30.319 0.000 0.000 0.000 25.879 31.821 30.738 36.632 52.492 29.288 0.000 15.657 28.646 26.601 34.547 35.495 31.448 28.408 29.377 29.353 31.337 0.000 0.000 0.000 0.000 0.000 0.000 31.486 12.487 51.483 61.480 61.478 66.475 61.473
55.622 55.605 55.589 55.576 55.565 54.558 53.553 55.552 62.556 39.563 15.577 14.605 11.647 41.707 58.795 53.848 56.888 37.912 0.041 45.924 83.907 89.884 91.797 92.061 90.101 97.784 90.909 91.681 91.245 91.182 91.074 90.976 90.883 91.796 89.722 11.663 11.518 0.000 0.000 0.000 0.000 0.000 25.312 33.152 31.046 29.949 49.847 53.748 0.000 0.000 0.000 24.740 30.690 35.629 35.572 25.521 29.480 29.449 29.427 32.415 0.000 0.000 0.000 0.000 0.000 0.000 10.486 0.000 39.474 61.473 61.472 67.470 61.468
55.651 55.633 55.618 55.604 54.593 53.585 55.579 58.576 66.575 25.577 0.000 0.000 0.000 0.000 40.891 55.931 56.981 43.037 45.108 71.078 88.061 92.012 92.210 90.253 98.039 97.917 91.894 91.585 91.433 91.326 91.224 91.125 91.028 93.931 78.838 7.751 0.000 0.000 0.000 0.000 0.000 0.000 25.473 32.369 31.264 29.165 57.060 17.904 0.000 0.000 31.016 35.885 35.789 35.709 33.641 28.586 29.543 29.511 29.491 31.482 0.000 35.568 0.000 0.000 0.000 0.000 0.000 0.000 32.467 61.467 61.466 61.465 61.463
55.676 55.659 55.644 55.631 54.619 53.609 57.602 61.596 65.593 23.592 0.000 0.000 0.000 0.000 20.948 64.005 59.068 65.148 78.210 87.223 91.214 92.248 91.423 98.254 98.150 91.241 92.012 91.666 91.579 91.472 91.371 91.272 95.172 58.062 29.950 0.000 0.000 0.000 0.000 0.000 0.000 27.954 32.738 31.588 33.476 30.387 54.324 0.000 0.000 26.306 33.147 48.996 37.873 34.775 30.698 28.639 28.594 29.563 29.544 29.540 34.561 30.568 21.568 0.000 0.000 0.000 28.457 30.458 29.461 61.462 61.461 61.461 61.460
55.700 55.683 55.668 55.655 53.643 55.632 61.622 62.614 60.609 47.607 8.612 0.000 0.000 0.000 0.000 17.072 13.139 53.277 84.360 88.389 92.364 92.561 90.708 98.348 90.563 92.338 91.900 91.831 93.716 92.613 91.515 91.422 97.326 20.194 0.000 0.000 0.000 0.000 0.000 9.532 48.419 48.171 35.936 32.770 43.666 38.584 39.525 0.532 0.000 24.464 29.272 40.078 35.931 39.820 33.738 36.677 35.632 32.601 29.582 28.574 28.576 34.576 0.000 0.000 0.000 0.000 25.456 25.456 35.457 61.457 61.457 61.457 61.456
