results3_8e3_rain/res_3e8f-0148.wd
ncols         241
nrows         181
xllcorner     12693529.787448
yllcorner     3542525.717860
cellsize      155.156523
NODATA_value  -9999.000000
[rows 132 to 164 of 181, columns 0 to 72 of 241]
95.604 100.603 104.603 104.602 106.601 106.600 100.598 91.597 77.594 66.592 65.589 66.586 65.582 64.578 69.574 83.568 94.562 99.555 99.547 96.538 88.527 79.514 70.497 64.477 69.451 71.420 70.384 71.344 69.309 64.278 78.247 101.217 68.192 0.000 0.000 0.000 7.944 59.937 71.932 68.911 70.895 76.885 94.885 80.890 64.898 63.909 63.923 75.938 96.956 37.974 10.997 6.031 0.000 0.000 0.000 0.000 0.000 0.000 0.000 0.000 0.000 0.000 2.378 0.378 27.379 7.306 11.234 52.138 74.997 78.899 78.793 88.880 116.347
73.608 75.608 78.607 84.606 94.605 100.604 105.602 105.601 98.598 84.596 73.593 67.590 71.586 78.582 91.577 106.572 105.566 102.558 102.550 105.541 105.530 101.516 89.501 77.482 69.459 64.433 65.404 64.374 65.346 73.320 95.297 103.278 15.265 0.000 0.000 0.000 17.950 45.957 63.984 72.980 73.967 70.954 71.956 81.961 76.967 69.973 73.981 81.991 95.002 36.017 22.035 28.064 8.095 0.000 0.000 0.000 0.000 0.000 0.000 0.000 0.000 0.000 0.000 0.000 9.459 0.000 59.259 81.182 77.064 86.038 77.103 116.468 105.228
65.612 65.612 65.611 67.611 72.610 76.608 83.607 92.605 100.603 103.600 97.597 95.594 97.590 100.586 99.581 92.576 83.570 81.563 81.554 86.545 92.534 99.522 102.507 101.490 90.471 80.449 75.426 73.402 82.380 98.360 99.344 85.332 18.327 0.000 0.000 0.000 0.000 0.000 47.066 74.057 53.040 41.007 56.026 71.032 86.034 90.036 92.038 93.041 89.047 16.055 3.062 31.097 28.126 16.158 22.176 16.185 0.000 0.000 0.000 0.000 0.000 0.000 43.681 13.630 79.538 101.475 134.331 90.307 85.360 66.319 102.386 106.907 106.816
66.617 66.617 66.616 66.615 65.614 64.613 66.612 71.610 77.608 87.605 97.602 99.599 92.595 82.591 76.586 68.581 64.575 64.568 64.560 66.551 71.541 77.529 84.516 96.501 101.484 103.466 102.448 98.429 101.412 94.397 76.385 68.379 47.383 5.405 0.000 0.000 0.000 0.000 40.158 73.142 16.131 0.000 49.108 74.106 93.103 101.099 87.094 90.090 76.089 34.093 0.116 58.135 27.154 19.172 30.185 30.193 1.212 0.000 0.000 0.000 0.000 30.785 49.731 122.672 151.595 134.478 118.035 116.982 108.654 107.295 107.174 107.045 72.268
66.622 66.622 66.621 66.620 66.619 66.618 66.617 65.615 65.613 68.610 74.607 73.604 69.600 65.596 65.592 65.586 66.581 66.574 66.567 66.558 65.549 64.538 66.526 72.513 79.499 88.484 96.469 92.455 81.441 69.430 65.422 70.418 78.419 54.427 32.434 32.424 18.398 19.350 55.267 76.223 26.209 8.223 68.193 100.181 102.172 81.162 84.150 83.133 71.128 60.134 11.144 39.154 13.184 1.212 14.198 1.208 3.231 1.234 0.000 0.000 0.000 11.840 74.787 80.707 76.695 77.856 75.831 107.620 107.518 107.411 74.611 77.390 79.263
66.627 66.627 66.626 66.626 66.625 66.624 66.622 66.620 66.618 66.616 65.613 65.610 65.606 66.602 66.598 66.593 66.587 66.581 66.574 66.567 66.558 66.549 66.538 65.527 64.515 65.503 69.491 67.479 66.469 70.460 73.454 72.450 70.450 72.451 72.450 69.440 69.419 73.385 48.335 34.273 23.261 41.267 86.261 100.252 80.242 73.229 72.209 52.166 48.155 11.172 0.000 0.000 1.335 3.350 0.000 0.000 7.252 22.237 37.200 7.140 21.063 83.919 90.909 88.982 86.969 88.051 107.811 107.718 88.852 95.645 88.501 94.275 86.119
66.633 66.632 66.632 66.631 66.630 66.629 66.628 66.626 66.624 66.622 66.619 66.616 66.612 66.608 66.604 66.599 66.594 66.589 66.583 65.576 72.568 74.560 66.551 65.541 64.531 65.521 67.512 70.502 73.494 72.488 67.483 68.480 75.479 78.478 74.475 68.467 65.454 74.436 5.417 0.000 8.293 81.325 90.330 77.324 69.315 89.303 35.292 0.000 0.000 1.384 2.427 2.431 2.412 3.402 0.000 0.000 32.287 74.263 103.223 64.164 97.052 105.213 102.178 101.271 108.073 107.989 107.902 100.934 102.814 102.514 101.376 100.310 18.229
66.638 66.638 66.638 66.637 66.636 66.635 66.634 66.632 66.630 66.628 69.625 69.622 67.619 71.615 69.611 66.607 66.602 66.597 65.592 63.586 74.579 82.572 68.564 65.556 67.548 70.540 72.532 71.525 68.519 70.514 75.510 77.508 78.507 78.506 73.505 67.501 76.494 95.487 14.481 0.000 0.000 55.411 78.409 75.402 79.389 99.375 33.365 0.000 2.447 2.436 2.449 2.453 2.436 4.444 0.000 30.396 82.349 98.303 101.239 106.243 103.412 100.405 108.301 108.228 108.153 100.241 101.028 101.903 101.585 101.559 94.493 71.402 0.000
66.644 66.644 66.644 66.643 66.642 66.641 66.640 66.639 66.637 67.635 74.632 74.629 51.626 19.622 40.617 70.614 64.611 67.607 73.602 76.596 76.591 72.584 68.578 69.571 72.564 71.557 70.551 72.546 76.542 76.538 78.536 77.536 68.536 63.536 65.536 78.536 97.536 107.536 29.538 0.000 0.000 30.499 86.493 88.484 95.467 94.441 30.429 0.000 2.459 0.486 1.497 2.498 0.000 8.494 34.489 78.451 100.378 103.401 102.496 102.503 101.599 108.437 108.370 100.441 101.244 102.108 101.896 101.754 101.713 93.648 85.607 0.000 0.000
66.650 66.650 66.650 66.649 66.649 66.648 66.647 66.646 66.644 68.642 77.640 88.637 64.633 1.630 7.623 55.623 81.620 73.617 71.612 71.608 69.602 68.597 70.591 72.586 70.580 66.575 68.570 80.566 82.564 72.562 66.561 63.562 63.564 68.566 82.569 98.572 95.576 79.584 51.597 19.627 13.628 57.592 86.581 68.573 59.554 51.492 16.482 0.644 0.559 21.550 12.544 2.544 0.000 27.549 78.530 100.456 102.660 101.659 101.773 108.627 108.567 108.503 100.501 102.387 102.101 101.977 101.924 101.854 95.780 82.718 72.682 0.000 0.000
66.657 66.656 66.656 66.656 66.655 66.654 66.654 66.653 66.651 68.650 78.648 65.645 21.640 3.641 0.000 23.633 77.630 69.627 71.623 70.619 68.615 71.610 72.605 69.600 66.596 62.592 72.588 86.586 73.584 63.584 64.585 69.588 79.591 90.595 101.600 94.607 72.615 67.625 86.639 93.657 94.664 98.662 73.665 34.674 6.683 0.000 0.826 0.841 0.000 34.560 21.570 1.627 32.651 78.599 100.628 102.826 101.851 108.794 108.741 108.686 100.765 101.565 102.456 102.156 102.143 102.085 102.011 102.922 90.845 61.761 50.722 8.722 2.722
65.663 65.663 66.662 66.662 66.662 66.661 66.661 66.660 66.659 69.658 79.657 50.656 0.000 9.652 47.652 49.646 66.642 68.638 56.635 38.631 76.627 71.623 67.619 66.615 64.611 66.608 82.605 85.604 67.604 70.605 82.608 91.612 100.617 98.623 86.631 72.639 65.650 81.663 85.679 73.696 54.711 52.725 40.745 20.774 9.821 3.920 1.971 21.999 17.012 0.000 0.000 26.718 78.761 101.876 102.905 101.023 108.894 108.845 100.925 101.738 102.618 102.426 102.305 102.282 102.231 102.181 105.113 68.983 48.914 0.000 0.000 0.000 0.000
74.670 72.670 69.669 67.668 64.668 64.668 64.668 64.668 63.667 68.666 80.666 63.666 44.667 52.662 70.660 66.656 63.652 69.649 64.646 51.643 71.640 65.636 64.633 64.629 66.626 80.623 88.621 54.621 46.622 96.625 101.630 96.636 85.643 75.651 67.660 63.671 74.683 86.699 54.716 29.736 12.759 3.784 20.815 19.855 9.907 10.970 14.017 42.040 26.026 0.000 0.000 59.000 101.038 100.167 109.034 108.989 108.943 100.960 102.856 102.582 102.475 102.446 104.404 99.354 101.325 102.298 113.276 0.000 0.000 0.000 0.000 0.000 0.000
75.678 77.677 83.675 84.674 84.675 81.676 82.676 81.676 80.675 80.675 82.674 65.674 69.673 68.671 65.669 68.666 68.663 67.660 72.658 74.655 68.652 62.649 64.647 66.644 80.641 85.638 74.636 68.636 77.638 100.643 83.650 74.658 66.667 64.676 66.687 65.700 79.714 88.731 52.752 28.775 16.803 18.836 21.877 13.925 14.980 21.038 23.087 16.118 0.000 0.000 37.244 79.259 109.155 109.116 109.076 101.192 101.999 102.899 102.608 102.606 103.564 103.520 76.476 54.415 89.414 103.409 108.418 48.475 0.000 0.000 0.000 0.000 0.000
68.686 62.685 15.679 17.678 26.682 73.683 70.684 70.684 70.684 74.683 83.683 64.682 65.681 64.680 67.678 71.676 72.673 70.671 69.669 72.667 73.665 70.663 64.660 81.658 87.655 78.652 84.649 101.648 98.651 80.658 68.670 64.680 66.690 66.701 65.713 70.727 86.743 88.761 80.784 83.810 54.842 16.882 8.931 7.989 20.051 27.115 17.175 14.228 6.253 32.401 80.421 109.225 109.191 101.333 102.143 103.031 102.845 102.731 102.717 103.671 101.631 95.591 20.570 0.000 71.509 106.505 103.512 102.531 0.000 0.000 0.000 0.000 0.000
66.696 58.696 0.000 0.000 8.692 69.692 65.692 65.692 65.692 69.692 83.691 61.691 65.690 69.689 71.687 72.686 69.684 66.682 64.681 66.679 76.678 89.676 84.675 85.673 62.670 56.666 108.660 94.658 61.660 21.670 41.691 69.703 66.713 66.724 68.737 61.752 45.768 35.788 47.811 87.839 63.873 16.918 11.976 7.048 16.120 21.195 15.272 20.339 20.421 58.537 109.276 100.521 104.261 103.166 102.981 102.872 102.848 102.813 103.773 103.736 68.698 44.644 30.643 33.649 84.607 105.592 101.593 92.608 10.642 0.000 0.000 0.000 0.000
66.706 66.708 49.713 0.000 9.701 70.701 66.701 66.701 65.701 66.700 81.700 68.699 71.699 73.698 72.697 67.696 64.694 65.693 65.692 64.691 74.690 97.690 93.689 80.688 73.686 64.681 40.668 29.662 16.661 0.000 22.721 71.727 66.736 68.746 51.759 25.774 10.791 7.812 49.835 66.861 35.893 7.940 11.008 16.108 23.187 19.273 13.378 6.477 9.780 57.770 109.341 103.409 103.171 102.994 102.979 102.945 102.905 102.868 100.834 91.803 24.781 0.000 41.708 100.698 105.677 103.663 97.660 87.665 5.675 0.000 0.000 0.000 0.000
63.715 65.716 62.718 0.000 5.710 70.710 65.710 63.710 65.709 69.709 73.709 72.708 72.708 70.707 64.706 65.706 65.705 66.704 66.704 71.703 89.703 88.703 81.704 90.704 88.705 59.706 0.000 0.000 0.000 0.000 20.744 71.748 66.756 69.766 40.779 2.794 36.812 62.832 82.855 51.878 3.898 0.068 0.128 5.190 15.245 15.334 15.457 9.729 6.491 109.526 109.436 102.315 103.162 103.064 103.031 102.993 102.957 104.923 89.890 72.862 32.841 8.831 56.784 86.758 95.738 104.725 93.718 82.718 4.720 0.000 0.000 0.000 0.000
70.723 68.724 57.724 0.000 56.720 64.719 66.719 70.718 71.718 72.718 70.718 71.717 69.717 65.717 65.716 66.716 66.716 65.715 67.715 90.715 89.716 71.717 84.718 82.720 86.724 84.731 47.749 3.760 12.766 42.768 47.764 67.767 66.774 66.783 61.796 53.811 70.830 69.851 63.874 85.899 33.921 0.080 0.144 9.216 14.271 12.356 13.463 37.624 62.026 109.610 104.641 104.390 104.131 103.118 103.079 103.043 104.008 101.974 56.943 33.915 45.890 46.867 100.837 102.813 82.794 92.780 87.771 60.767 25.766 0.000 0.000 0.000 0.000
71.731 72.731 69.732 57.733 71.729 71.728 71.727 72.727 72.727 73.727 85.726 67.726 65.726 65.726 66.726 66.726 66.726 67.726 81.726 92.727 67.728 71.729 98.731 90.735 78.739 81.746 84.756 68.765 73.771 88.774 81.777 69.781 62.788 62.798 73.811 89.826 76.845 48.866 20.892 75.923 64.967 14.042 17.112 22.190 18.265 9.357 11.428 52.710 104.956 109.688 101.621 104.273 105.202 103.165 103.128 103.092 96.057 86.024 42.993 13.964 22.937 23.911 84.886 126.863 107.844 83.829 75.819 54.813 63.811 16.811 0.000 2.980 6.980
76.738 76.738 72.738 72.738 72.737 73.736 73.736 69.736 66.735 65.735 28.735 18.735 69.735 66.736 66.736 66.736 65.736 68.737 92.737 78.738 63.740 69.742 86.744 103.747 98.752 95.758 93.765 89.772 85.778 84.782 92.787 89.792 83.800 79.810 82.823 86.838 48.856 12.878 11.904 27.935 23.983 9.045 18.104 28.169 24.244 15.347 8.504 51.753 109.834 109.763 104.514 106.358 103.246 103.214 104.176 100.140 84.105 77.072 83.040 89.010 72.982 94.956 109.931 126.909 135.890 119.874 81.863 86.857 61.853 0.000 0.000 0.000 0.000
15.745 16.745 76.744 71.745 71.745 66.745 63.744 65.744 60.744 13.744 13.744 2.744 70.745 66.745 66.745 66.746 66.746 84.747 91.748 64.749 66.751 66.753 69.756 75.759 77.763 77.768 73.774 76.780 92.785 85.790 76.796 79.802 86.810 90.819 93.832 90.846 65.865 30.886 13.910 12.930 0.000 2.054 13.089 22.136 6.190 0.000 21.704 81.947 109.902 101.856 105.582 105.319 103.303 103.261 104.224 99.187 86.152 52.118 59.086 102.055 113.026 144.999 135.974 107.951 95.931 112.915 91.903 85.896 60.893 0.000 0.000 0.000 0.000
2.753 11.752 25.749 80.752 65.752 63.753 65.753 65.753 66.753 13.753 4.753 59.754 67.754 66.754 66.755 66.756 68.756 92.757 77.759 63.760 66.762 66.764 66.767 65.770 65.774 65.778 64.783 71.788 100.793 79.798 10.804 18.810 30.817 81.827 91.838 75.852 80.870 67.893 19.919 16.947 1.985 7.027 20.061 12.099 0.000 0.000 39.864 110.034 109.968 104.739 106.479 102.387 103.347 103.308 103.269 103.232 90.197 53.163 68.130 105.098 101.068 135.040 130.014 98.990 103.969 89.952 70.939 88.931 66.929 0.947 0.000 0.000 0.000
64.761 60.761 0.000 72.761 82.761 83.761 64.761 76.761 83.761 59.762 57.762 67.763 66.763 66.764 66.765 66.765 85.766 89.767 64.769 66.770 65.772 64.775 66.777 66.781 66.784 66.788 65.792 73.797 102.801 83.806 29.811 2.817 53.824 78.831 91.841 70.853 60.870 19.896 12.925 15.952 13.982 22.010 26.029 0.073 0.000 18.785 81.034 110.097 101.995 105.717 105.458 103.436 103.393 103.353 103.314 104.277 95.241 84.206 107.172 132.140 120.109 137.080 134.052 128.027 135.004 100.985 77.970 87.960 95.957 24.964 0.000 0.000 0.000
66.769 65.770 60.772 66.770 65.769 13.769 87.769 79.769 66.770 67.770 67.771 66.771 66.772 66.773 66.774 69.775 92.776 75.777 65.779 66.780 72.782 80.785 66.788 64.791 66.794 65.797 68.801 92.805 100.809 75.814 63.818 51.823 73.829 72.835 33.842 18.850 15.860 0.000 4.935 4.956 5.980 7.002 9.015 0.000 21.848 78.999 101.168 110.157 102.957 103.599 103.521 103.478 103.437 103.396 103.357 104.320 95.283 78.247 74.213 107.180 97.148 111.117 114.088 102.061 104.035 76.013 52.995 66.983 133.976 86.976 21.979 11.980 33.981
66.777 66.777 66.778 66.777 66.777 60.777 76.777 92.778 68.778 65.779 66.780 66.780 66.781 66.782 65.783 88.785 90.786 64.787 66.788 67.790 64.792 26.795 85.798 80.800 67.803 65.807 83.810 102.813 86.817 66.821 66.825 67.829 70.833 74.837 11.842 12.846 0.000 1.920 16.924 0.000 0.000 0.000 0.000 0.000 44.964 102.136 110.273 110.216 102.842 103.675 103.558 103.522 103.479 103.439 103.399 102.361 87.324 89.288 109.253 128.219 127.186 132.154 137.123 124.092 122.063 109.036 58.014 55.999 131.990 95.985 33.982 26.981 91.981
66.784 66.784 66.784 66.784 66.784 66.785 66.785 77.786 92.786 68.787 65.788 66.789 66.790 64.791 72.793 93.794 73.795 65.797 67.798 65.799 7.802 4.805 73.807 74.810 80.813 79.815 87.818 86.821 67.824 65.828 67.831 70.834 75.837 75.839 0.000 0.000 0.000 3.916 27.916 14.914 15.913 14.913 0.000 6.097 53.225 107.353 110.328 102.181 103.894 103.629 103.608 103.562 103.520 103.480 103.440 103.402 89.365 85.328 106.292 107.257 107.223 110.189 110.156 109.123 114.089 87.055 63.028 78.009 92.998 31.992 0.000 0.000 35.981
66.791 68.791 68.791 66.791 66.792 66.792 66.793 66.794 77.795 92.796 68.797 63.798 63.799 80.801 92.802 86.804 63.805 66.806 62.807 8.806 5.812 59.815 66.817 66.820 72.822 89.824 89.827 82.829 75.832 67.835 54.837 24.840 89.842 69.843 0.000 0.000 0.000 2.912 16.912 9.912 23.912 12.913 0.000 6.263 26.350 110.436 110.382 103.050 103.783 103.688 103.645 103.602 103.560 103.520 103.480 104.442 99.404 89.367 84.330 83.294 83.259 83.224 83.189 87.154 61.116 5.068 31.032 87.012 83.001 43.994 5.991 0.000 34.982
67.798 4.798 5.796 66.798 65.799 64.800 64.801 63.802 63.803 76.804 91.805 84.807 91.808 93.810 80.811 64.813 71.815 71.817 59.818 0.000 7.824 70.826 66.827 68.829 92.831 99.833 77.835 68.837 75.839 82.842 70.844 6.846 49.848 67.849 0.000 0.000 0.000 3.907 9.909 6.911 20.912 0.000 0.000 6.366 11.696 110.488 108.301 104.014 103.754 103.730 103.684 103.641 103.599 103.559 103.519 103.481 104.443 103.405 101.368 100.331 100.294 101.259 103.223 77.188 19.152 0.000 16.020 72.008 102.999 93.992 66.988 42.984 59.982
66.806 65.806 0.806 65.807 76.807 80.808 84.808 89.809 92.811 93.812 93.813 93.815 79.817 66.819 82.821 99.823 100.825 100.827 93.831 71.836 6.835 67.836 65.837 74.839 102.840 89.842 66.844 65.845 67.847 70.849 61.850 6.852 26.854 26.855 0.000 0.000 0.000 9.900 4.904 0.000 3.912 0.000 14.359 15.625 6.313 110.538 112.251 107.889 103.809 103.764 103.721 103.678 103.637 103.597 103.558 103.519 103.481 103.444 103.406 103.368 104.329 107.293 79.258 12.223 0.000 4.931 0.000 17.001 72.994 103.988 94.984 70.982 47.982
66.813 68.814 64.815 66.814 81.815 80.815 76.816 72.817 71.819 67.820 88.822 78.824 89.826 80.828 96.830 92.832 85.835 86.837 97.840 103.844 92.845 93.846 85.847 93.848 101.850 74.851 65.852 66.853 66.854 65.856 65.857 67.858 62.860 11.864 71.871 62.877 1.883 3.889 0.000 0.000 0.000 5.289 83.353 80.561 110.631 110.585 106.128 106.956 103.838 103.800 103.756 103.714 103.673 103.634 103.595 103.557 103.519 103.482 103.444 105.404 110.362 79.326 19.292 0.000 0.000 1.931 0.931 0.000 13.988 64.982 99.979 49.977 0.000
68.820 4.820 63.821 66.821 66.822 66.822 65.823 66.825 68.826 66.828 78.830 73.832 82.834 93.837 81.839 66.842 67.844 68.847 69.850 74.853 87.854 97.856 103.857 101.858 90.859 66.860 66.860 66.861 66.862 66.863 67.863 90.864 63.866 3.868 67.872 17.877 11.882 4.885 0.000 0.000 0.000 15.256 103.463 105.670 110.675 104.461 104.167 103.901 103.879 103.833 103.790 103.749 103.709 103.670 103.632 103.594 103.557 103.521 105.484 90.444 44.388 11.357 0.000 3.931 1.931 21.931 28.931 0.000 0.000 35.973 97.972 49.971 0.000
69.826 2.827 63.827 66.828 66.828 66.829 66.830 67.832 5.834 65.836 69.838 80.840 80.843 88.845 93.848 79.851 64.854 64.857 64.860 66.862 68.864 69.866 70.867 70.868 69.868 68.869 64.869 64.869 65.869 66.869 77.870 91.870 62.870 56.871 58.872 0.000 0.000 4.885 0.000 0.000 0.000 19.329 102.448 110.759 110.717 103.318 104.047 103.952 103.909 103.865 103.823 103.783 103.744 103.705 103.668 103.631 103.595 103.560 108.527 64.501 0.000 0.000 1.933 0.000 1.931 16.931 23.931 0.000 0.000 38.965 98.964 57.964 0.000
