results3_8e3_rain/res_3e8f-0023.wd
ncols         241
nrows         181
xllcorner     12693529.787448
yllcorner     3542525.717860
cellsize      155.156523
NODATA_value  -9999.000000
[rows 33 to 65 of 181, columns 75 to 149 of 241]
0.000 0.000 0.000 0.000 0.000 0.000 0.000 0.000 0.000 0.000 0.000 0.000 0.000 0.000 0.000 0.000 0.000 0.000 0.000 0.000 0.000 0.000 0.000 0.000 0.000 0.000 0.000 0.000 0.000 0.000 0.000 0.000 0.000 0.000 0.000 0.000 0.000 24.346 47.347 52.349 8.350 0.000 0.000 17.453 31.474 0.000 0.000 21.568 24.586 18.606 19.625 20.643 20.659 20.674 20.685 19.689 25.683 45.665 0.000 0.805 0.000 33.556 50.338 55.072 53.802 54.557 53.235 55.455 50.627 50.227 50.458 52.851 52.196 52.059 52.837
0.000 0.000 0.000 0.000 0.000 0.000 0.000 0.000 0.000 0.000 0.000 0.000 0.000 0.000 0.000 0.000 0.000 0.000 0.000 0.000 0.000 0.000 0.000 0.000 0.000 0.000 0.000 0.000 0.000 0.000 0.000 0.000 0.000 0.000 0.000 0.000 0.000 0.000 0.000 0.000 0.000 0.000 0.000 0.000 13.521 0.000 0.000 11.596 35.625 34.646 24.667 20.688 20.709 20.729 20.748 19.760 41.756 39.710 0.000 23.807 36.535 50.042 54.701 54.393 54.119 53.771 54.968 51.106 50.414 50.910 53.336 52.690 52.560 52.340 53.139
0.000 0.000 0.000 0.000 0.000 0.000 0.000 0.000 0.000 0.000 0.000 0.000 0.000 0.000 0.000 0.000 10.710 42.710 0.000 0.000 0.000 0.000 0.000 0.000 0.000 0.000 0.000 0.000 0.000 0.000 0.000 0.000 0.000 0.000 0.000 0.000 0.000 0.000 0.000 0.000 0.000 0.000 0.000 0.000 5.568 0.000 0.000 0.000 13.671 31.688 31.710 22.734 20.759 20.786 18.817 34.849 43.871 0.000 9.378 34.079 48.758 55.377 55.024 54.712 54.331 56.497 52.601 50.720 51.373 53.820 53.180 53.056 52.837 52.633 52.429
0.000 0.000 0.000 0.000 0.000 0.000 0.000 0.000 0.000 0.000 35.699 0.000 0.000 0.000 0.000 0.000 17.711 68.711 24.711 0.000 0.000 0.000 0.000 0.000 0.000 0.000 0.000 0.000 0.000 0.000 0.000 0.000 0.000 0.000 0.000 0.000 0.000 0.000 0.000 0.000 0.000 0.000 0.000 0.000 8.615 9.645 16.670 2.690 12.702 20.724 33.751 24.779 20.808 17.841 28.884 38.947 28.010 3.966 33.677 51.372 56.041 55.680 55.338 54.921 55.050 54.122 51.139 51.858 54.316 53.679 53.557 53.338 53.130 52.919 52.713
0.000 0.000 0.000 0.000 0.000 0.000 0.000 0.000 0.000 18.699 53.699 42.700 29.701 0.000 0.000 2.712 56.712 64.712 29.712 0.000 0.000 0.000 0.000 7.471 0.000 0.000 0.000 0.000 0.000 0.000 0.000 0.000 0.000 0.000 0.000 0.000 0.000 0.000 0.000 0.000 13.602 0.000 0.000 24.630 39.634 42.652 40.674 26.699 20.725 19.756 33.791 24.824 16.854 30.884 44.934 33.045 21.256 36.211 40.992 53.694 56.349 55.995 55.547 55.636 53.676 51.670 52.372 54.834 54.197 54.076 53.852 53.639 53.420 53.204 52.990
0.000 0.000 0.000 0.000 0.000 0.000 0.000 0.000 0.000 0.000 51.700 34.701 15.702 0.000 0.000 48.712 59.713 66.714 25.714 0.000 0.000 0.000 0.000 45.472 29.473 0.000 0.000 0.000 0.000 0.000 0.000 0.000 0.000 0.000 8.573 20.574 22.574 0.000 0.000 4.598 29.602 8.609 22.617 45.628 48.638 49.654 46.676 33.707 20.742 17.784 34.833 25.873 29.899 47.910 41.922 0.000 19.756 38.632 51.386 57.059 56.697 56.224 56.268 54.275 52.334 52.922 55.379 54.745 54.621 54.393 54.170 53.939 53.710 53.486 53.263
0.000 0.000 0.000 0.000 0.000 0.000 0.000 0.000 0.000 0.000 0.000 2.703 40.705 36.708 24.711 37.713 57.714 68.716 21.717 0.000 0.000 0.000 0.000 7.473 31.474 33.476 0.000 0.000 0.000 0.000 0.000 0.000 0.000 0.000 24.573 25.574 37.576 20.581 9.587 23.594 24.601 20.608 27.616 34.626 32.636 25.651 44.672 10.710 26.753 29.807 19.884 31.938 44.960 41.935 0.000 0.000 31.381 48.174 56.864 57.475 56.985 56.973 53.946 53.179 53.521 55.963 55.328 55.202 54.969 54.737 54.490 54.238 53.995 54.768 47.539
0.000 0.000 0.000 0.000 0.000 0.000 0.000 0.000 0.000 0.000 0.000 0.000 59.707 54.710 44.712 34.714 58.717 66.719 61.721 46.726 1.728 0.000 0.000 0.000 0.000 41.480 25.484 23.487 34.489 29.491 0.000 0.000 0.000 0.000 24.573 23.573 44.576 50.580 39.586 31.592 23.599 20.606 21.614 22.623 21.632 19.641 27.650 0.000 0.000 0.000 24.959 48.034 46.070 0.000 0.000 31.760 45.212 54.830 58.389 57.975 58.778 54.738 54.302 54.198 56.600 55.956 55.821 55.584 55.348 55.092 54.816 54.527 54.265 54.054 39.916
0.000 0.000 0.000 0.000 0.000 0.000 0.000 0.000 0.000 0.000 0.000 0.000 0.000 31.712 6.714 42.717 61.719 66.722 64.725 62.728 51.731 10.734 0.000 0.000 0.000 0.000 36.485 36.488 49.490 47.493 40.498 35.502 0.000 0.000 0.000 28.570 47.574 54.579 46.584 30.590 19.597 20.605 20.613 20.620 20.627 20.634 24.638 0.000 0.000 0.000 0.000 32.169 1.760 1.691 36.720 41.304 52.897 59.445 59.282 57.509 55.806 55.877 54.997 57.316 56.645 56.487 56.236 55.995 55.742 55.468 55.156 54.788 55.484 47.267 30.155
0.000 0.000 0.000 0.000 0.000 0.000 0.000 0.000 0.000 0.000 0.000 0.000 0.000 0.000 63.717 63.720 65.722 65.725 64.729 58.732 52.735 23.737 0.000 0.000 0.000 0.000 0.000 4.489 49.491 43.494 58.500 55.506 34.520 13.534 14.549 23.565 45.572 54.577 45.583 28.588 18.595 23.603 22.612 20.619 20.624 20.628 21.630 13.628 0.000 0.000 0.000 0.000 0.000 39.417 42.162 49.865 60.486 60.551 58.908 60.789 58.202 55.998 58.154 57.422 57.215 56.932 56.673 56.415 56.156 55.884 54.552 62.985 60.615 33.377 23.282
0.000 0.000 0.000 0.000 0.000 20.422 0.000 0.000 38.451 27.453 31.456 6.458 0.000 0.000 0.000 71.724 65.726 62.729 59.733 62.737 53.740 16.742 0.000 0.000 0.000 0.000 0.000 0.000 0.000 0.000 47.501 48.503 0.000 0.000 0.000 27.569 45.572 50.576 40.581 31.587 29.590 0.000 0.000 26.621 20.623 20.625 21.627 27.626 35.625 0.000 0.000 0.000 12.256 44.928 48.660 59.362 61.514 61.145 64.680 63.227 57.386 59.169 58.316 58.022 57.684 57.386 57.103 56.836 56.585 56.358 62.185 0.000 0.000 12.345 30.313
0.000 0.000 0.000 0.000 0.000 40.422 0.000 32.444 34.449 46.454 29.458 14.461 0.000 0.000 0.000 56.726 68.729 65.732 65.737 66.742 60.747 14.751 0.000 0.000 0.000 0.000 0.000 0.000 0.000 0.000 0.000 32.502 0.000 0.000 0.000 33.570 30.571 42.573 0.000 0.000 0.000 0.000 0.000 0.000 30.623 24.623 0.000 17.625 51.624 34.624 0.000 0.000 16.592 50.351 59.179 62.243 61.981 66.292 65.638 58.772 60.283 59.310 58.909 58.496 58.142 57.818 57.519 57.242 56.991 56.778 61.644 4.694 0.000 0.000 0.000
29.342 0.000 0.000 0.000 0.000 51.424 27.430 29.440 35.448 59.455 60.462 55.467 9.473 0.000 0.000 0.000 16.732 70.735 65.741 66.749 63.757 22.763 0.000 0.000 0.000 0.000 0.000 0.000 0.000 0.000 0.000 0.000 0.000 0.000 0.000 0.000 0.000 0.000 0.000 0.000 0.000 0.000 0.000 0.000 0.000 5.622 2.622 0.000 0.000 0.000 0.000 5.508 43.085 60.071 61.749 62.669 67.008 66.735 59.733 61.271 60.294 59.827 59.349 58.939 58.567 58.227 57.913 57.623 57.357 57.121 59.921 43.744 1.216 0.000 0.000
33.343 29.346 0.000 0.000 0.000 43.419 45.427 45.438 57.448 54.458 66.466 65.474 26.479 0.000 0.000 0.000 0.000 72.736 65.744 66.756 63.769 23.781 0.000 0.000 0.000 32.985 44.996 14.005 0.000 0.000 0.000 0.000 0.000 0.000 0.000 0.000 0.000 0.000 0.000 0.000 0.000 0.000 0.000 0.000 0.000 0.000 0.000 0.000 0.000 0.000 3.231 43.824 60.891 61.530 67.672 67.244 60.844 61.439 61.967 61.160 60.694 60.196 59.750 59.339 58.961 58.609 58.283 57.979 57.694 64.427 5.174 0.000 14.465 0.000 0.000
35.344 36.349 28.353 0.000 33.395 28.407 36.423 49.436 53.449 64.463 65.473 64.484 33.491 0.000 0.000 0.000 0.000 71.731 65.743 66.761 61.784 41.812 25.859 26.901 26.939 34.975 55.998 23.014 0.000 0.000 0.000 0.000 0.000 0.000 0.000 0.000 0.000 0.000 0.000 0.000 0.000 0.000 0.000 0.000 0.000 0.000 0.000 0.000 1.092 31.797 41.469 60.551 62.228 68.947 68.408 61.285 63.040 62.409 61.897 61.459 60.986 60.538 60.111 59.709 59.327 58.967 58.631 58.316 65.014 10.720 0.000 0.000 0.528 1.454 2.500
49.346 32.352 36.359 36.370 27.383 20.391 0.000 0.000 0.000 54.471 65.480 63.497 48.511 15.529 0.000 0.000 40.687 61.713 66.737 65.763 66.793 56.826 32.865 29.904 28.942 37.977 56.009 39.040 25.084 26.118 30.143 41.158 5.164 0.000 0.000 0.000 0.000 0.000 0.000 0.000 0.000 0.000 0.000 0.000 0.000 0.000 0.000 0.000 12.253 52.076 60.090 62.810 69.665 69.356 61.895 63.607 62.870 62.535 62.126 61.698 61.273 60.855 60.449 60.057 59.674 59.301 58.960 64.638 11.326 0.000 0.000 0.000 0.156 1.473 0.000
65.350 36.353 30.360 31.369 33.378 33.383 22.382 0.000 0.000 0.000 0.000 70.515 60.527 38.548 30.583 37.619 36.662 38.697 46.730 47.763 34.798 31.834 29.872 29.910 28.947 37.984 53.019 32.056 29.094 34.127 50.153 53.168 38.171 12.170 0.000 0.000 0.000 0.000 0.000 0.000 0.000 0.000 0.000 0.000 0.000 0.000 0.000 2.902 44.759 60.465 63.361 70.036 69.890 62.467 64.165 63.432 63.120 62.731 62.342 61.947 61.550 61.159 60.775 60.395 60.009 59.605 65.268 10.953 0.000 0.000 0.000 0.000 0.000 0.000 0.002
65.350 51.353 0.000 0.000 38.378 34.380 45.382 36.381 0.000 0.000 0.000 58.522 55.534 40.554 31.581 28.613 28.647 31.683 44.722 52.762 55.801 48.842 38.880 31.917 30.954 46.992 50.030 25.069 29.109 29.145 30.175 34.191 13.181 0.000 0.000 0.000 0.000 0.000 0.000 0.000 0.000 0.000 0.000 0.000 0.000 5.776 37.540 45.538 59.128 70.483 70.174 63.328 63.982 64.619 63.990 63.679 63.305 62.939 62.567 62.195 61.824 61.457 61.097 60.740 61.364 67.841 11.554 0.000 0.000 0.000 0.000 0.000 0.000 0.000 12.036
65.350 65.355 52.362 35.369 35.375 35.380 26.384 0.000 0.000 0.000 51.506 48.518 51.533 44.553 45.577 45.603 45.632 48.665 43.716 43.761 45.805 49.853 50.889 48.924 44.961 56.000 54.041 42.083 43.127 43.170 45.211 20.241 0.000 0.000 0.000 0.000 0.000 0.000 0.000 0.000 0.000 0.000 0.000 0.000 40.151 40.903 62.045 62.723 71.482 71.052 65.711 65.490 64.939 64.534 64.215 63.856 63.504 63.150 62.795 62.441 62.092 61.750 61.417 62.104 65.866 0.000 0.000 0.000 0.000 0.000 0.000 0.000 0.000 7.014 3.024
64.351 65.356 62.362 40.369 34.376 35.382 36.390 28.399 0.000 43.477 40.494 41.511 42.529 37.549 41.570 46.592 54.613 39.631 0.000 0.000 0.000 48.876 44.900 44.931 44.966 45.006 45.050 45.097 45.146 45.199 43.257 38.323 11.412 0.000 0.000 33.266 40.393 52.562 22.700 0.000 0.000 0.000 0.000 41.554 52.393 64.436 65.184 72.079 71.819 66.253 65.996 65.324 65.056 64.726 64.386 64.046 63.704 63.362 63.021 62.684 62.353 62.033 62.719 65.393 13.129 0.000 0.000 0.000 0.000 0.000 0.000 0.000 3.000 9.006 0.000
54.353 65.358 65.363 55.369 31.377 34.385 35.395 35.408 41.432 50.460 34.483 31.504 29.523 36.543 51.563 50.582 35.599 15.615 0.000 0.000 0.000 0.000 33.906 28.932 28.968 29.010 29.057 30.108 33.163 34.224 34.294 33.382 34.502 33.691 33.893 43.140 50.351 48.592 55.840 54.088 49.202 47.202 50.027 62.014 65.736 65.649 72.405 72.275 66.778 66.505 65.823 65.560 65.226 64.899 64.568 64.235 63.904 63.573 63.244 62.919 62.606 63.309 64.032 2.762 0.000 0.000 0.000 0.000 0.000 0.000 0.000 0.000 13.996 0.000 0.000
32.355 60.359 64.364 45.370 28.377 27.386 35.396 35.409 34.427 28.451 29.475 35.498 52.518 51.539 34.558 27.575 17.587 0.000 37.757 46.776 42.805 43.842 46.886 49.924 48.964 50.009 53.060 52.115 49.174 51.240 46.316 32.408 36.526 35.676 40.850 59.049 66.280 63.617 57.978 53.220 55.335 62.265 67.510 66.256 72.822 72.537 66.590 68.264 66.928 66.337 66.063 65.728 65.403 65.076 64.750 64.425 64.103 63.782 63.462 64.145 61.842 57.564 9.298 0.000 0.000 0.000 0.000 0.000 0.000 0.000 0.000 0.000 3.994 0.000 0.000
25.357 44.360 55.364 30.369 22.378 29.387 27.395 34.405 35.419 35.440 28.469 45.494 37.515 26.536 29.557 21.574 0.000 46.711 49.739 49.767 51.798 52.834 55.874 59.914 58.955 59.002 59.059 61.120 62.180 60.246 48.321 34.410 36.516 36.641 36.780 39.929 14.104 0.000 78.235 120.502 98.512 64.835 66.686 73.753 73.344 66.956 69.753 67.231 66.856 66.564 66.233 65.908 65.581 65.254 64.931 64.614 64.302 63.991 65.677 60.356 49.053 3.808 0.000 0.000 0.000 0.000 0.000 0.000 0.000 0.000 0.000 0.000 0.000 0.000 0.000
0.000 1.361 36.363 18.366 0.000 24.390 29.393 29.397 35.404 24.421 0.000 29.495 27.511 29.533 30.559 40.590 54.635 51.684 53.721 59.754 69.787 113.823 110.863 110.902 110.942 110.987 112.057 96.124 28.181 31.242 29.313 37.395 36.488 33.591 31.700 13.781 0.000 0.000 0.000 45.915 63.199 68.071 74.359 74.087 66.476 68.245 67.606 67.365 67.059 66.739 66.417 66.089 65.758 65.427 65.106 64.797 65.499 64.205 55.899 44.552 2.338 0.000 0.000 0.000 0.000 0.000 0.000 0.000 0.000 0.000 0.000 0.000 0.000 0.000 0.000
0.000 51.361 29.362 0.000 0.000 0.000 23.390 36.388 28.378 0.000 0.000 37.481 28.501 39.528 52.558 52.592 57.631 60.671 53.707 39.741 30.774 26.809 24.854 27.892 28.922 15.947 0.000 33.141 30.177 29.230 33.296 37.370 34.449 26.535 33.650 14.716 0.000 0.000 41.776 58.687 68.513 74.750 74.581 66.987 68.740 68.097 67.864 67.555 67.246 66.928 66.603 66.272 65.935 65.593 65.268 65.969 61.694 50.429 7.164 0.000 0.000 0.000 0.000 0.000 0.000 0.000 0.000 0.000 0.000 0.000 0.000 0.000 0.000 0.000 0.000
51.215 0.000 0.000 0.000 0.000 0.000 0.000 0.000 32.343 30.356 38.395 35.448 35.486 35.520 52.555 66.589 55.626 35.663 33.697 28.730 30.760 21.784 0.000 33.888 30.910 19.931 0.000 34.121 29.156 30.207 37.269 35.340 33.405 15.452 0.000 0.000 38.563 36.422 53.171 69.086 74.951 67.818 68.432 69.151 68.604 68.366 68.059 67.757 67.444 67.123 66.796 66.464 66.116 66.741 66.405 56.118 40.878 3.653 0.000 0.000 0.000 0.000 0.000 0.000 0.000 0.000 0.000 0.000 0.000 0.000 0.000 0.000 0.000 0.000 0.000
39.255 0.000 0.000 44.637 37.680 31.730 0.000 0.000 50.295 47.332 34.380 35.431 35.475 36.514 57.550 109.586 102.622 49.656 104.690 25.722 29.753 29.783 31.819 29.864 29.899 29.938 31.994 28.068 28.120 37.172 36.235 33.318 28.379 17.415 0.000 0.000 40.704 47.570 69.588 68.499 75.310 68.876 69.509 69.106 68.866 68.571 68.274 67.966 67.650 67.325 66.995 66.670 68.324 63.852 45.492 32.219 34.049 0.005 0.000 0.000 0.000 0.000 0.000 0.000 0.000 0.000 0.000 0.000 0.000 0.000 0.000 0.000 0.000 0.000 0.000
0.000 0.000 0.000 27.595 36.675 33.780 51.924 46.064 51.210 59.298 50.365 35.421 35.468 35.510 34.548 28.584 23.619 28.652 25.685 29.716 29.746 29.778 29.811 29.848 29.886 29.927 28.978 34.036 36.084 37.128 21.181 0.000 21.378 0.000 0.000 0.000 44.951 66.896 70.935 76.419 75.913 68.979 69.672 69.355 69.086 68.798 68.497 68.185 67.865 67.533 67.190 65.897 27.658 0.000 0.000 0.000 0.000 0.000 0.000 0.000 0.000 0.000 0.000 0.000 0.000 0.000 0.000 0.000 0.000 0.000 0.000 0.000 0.000 0.000 0.000
30.799 0.000 32.243 28.474 27.646 45.791 38.929 55.059 64.184 44.285 30.361 28.420 31.469 34.511 35.549 35.584 28.617 27.650 28.681 28.711 29.740 29.770 29.801 34.834 31.868 28.908 29.954 33.015 37.054 26.073 0.000 0.000 0.000 0.000 0.787 120.553 64.291 71.337 69.344 76.853 68.776 71.326 72.843 69.605 69.328 69.038 68.732 68.412 69.093 65.752 53.337 44.068 1.893 0.000 0.000 0.000 0.000 0.000 0.000 0.000 0.000 0.000 0.000 0.000 0.000 0.000 0.000 0.000 0.000 0.000 0.000 0.000 0.000 0.000 0.000
5.471 31.141 28.013 27.414 38.646 42.809 53.944 61.061 27.181 26.299 27.373 29.431 28.477 25.517 33.552 34.585 35.618 34.649 28.679 27.707 26.735 27.762 33.789 92.818 60.848 40.881 23.917 0.000 39.046 47.038 0.000 0.000 0.000 0.000 44.927 55.767 72.646 70.700 77.596 77.242 69.877 70.430 71.124 69.862 69.586 69.293 68.981 69.640 68.341 21.046 0.000 0.000 0.000 0.000 0.000 0.000 0.000 0.000 0.000 0.000 0.000 0.000 0.000 0.000 0.000 0.000 0.000 0.000 0.000 0.000 0.000 0.000 0.000 0.000 0.000
0.000 24.940 28.257 30.522 51.714 62.858 76.976 59.062 0.000 45.358 45.404 29.452 29.494 28.528 26.559 29.588 35.619 33.651 34.680 36.705 34.730 32.754 28.777 23.800 28.824 23.852 0.000 0.000 0.000 32.996 24.986 0.000 0.000 0.000 55.111 71.978 72.059 70.093 77.914 69.587 72.104 73.632 70.398 70.135 69.859 69.567 69.258 66.827 21.584 0.000 0.000 0.000 0.000 0.000 0.000 0.000 0.000 0.000 0.000 0.000 0.000 0.000 0.000 0.000 0.000 0.000 0.000 0.000 0.000 0.000 0.000 0.000 0.000 0.000 0.000
0.000 23.423 29.554 45.704 56.831 104.934 99.042 101.149 107.281 103.371 104.434 29.482 29.518 28.544 28.566 27.589 22.622 32.657 34.683 35.705 33.726 35.746 35.766 36.784 29.797 0.000 0.000 0.000 0.000 33.966 18.975 0.000 0.000 46.589 68.393 72.332 71.326 78.490 78.211 70.648 71.209 71.916 70.674 70.421 70.150 70.859 45.659 0.000 0.000 0.000 0.000 0.000 0.000 0.000 0.000 0.000 0.000 0.000 0.000 0.000 0.000 0.000 0.000 0.000 0.000 0.000 0.000 0.000 0.000 0.000 0.000 0.000 0.000 0.000 0.000
0.000 24.776 41.833 49.908 55.974 27.006 26.111 25.211 22.323 23.414 23.479 29.523 29.551 45.566 45.574 21.581 0.000 19.674 32.691 34.708 32.724 34.741 34.757 35.772 31.783 0.000 0.000 0.000 31.887 16.926 0.000 0.000 47.916 56.778 73.635 72.540 71.729 78.748 70.314 72.850 75.400 71.191 70.959 70.725 69.461 57.060 15.859 0.000 0.000 0.000 0.000 0.000 0.000 0.000 0.000 0.000 0.000 0.000 0.000 0.000 0.000 0.000 0.000 0.000 0.000 0.000 0.000 0.000 0.000 0.000 0.000 0.000 0.000 0.000 0.000
