results3_8e3_rain/res_3e8f-0051.wd
ncols         241
nrows         181
xllcorner     12693529.787448
yllcorner     3542525.717860
cellsize      155.156523
NODATA_value  -9999.000000
[rows 99 to 131 of 181, columns 74 to 147 of 241]
49.825 49.827 48.831 48.837 53.846 56.856 53.868 49.878 49.883 43.883 0.000 0.000 0.000 0.000 0.000 0.000 6.757 64.955 90.027 88.094 87.309 94.089 94.017 87.126 87.821 87.664 87.551 88.443 88.340 87.246 91.166 50.108 0.000 0.000 0.000 0.000 0.000 0.000 6.775 32.613 44.435 12.184 0.000 23.734 26.694 24.637 28.560 25.305 22.753 0.000 16.488 20.429 35.362 41.309 44.268 42.236 37.214 30.198 25.189 20.186 0.000 0.000 0.000 0.000 0.000 0.000 10.550 22.549 46.549 47.548 47.548 47.547 45.547 0.000
49.826 48.828 46.831 50.836 55.843 56.851 56.864 50.874 47.878 52.880 52.879 13.878 0.000 10.290 40.264 17.226 0.000 53.328 93.260 88.549 88.599 94.148 86.453 88.238 87.888 87.796 87.680 87.569 87.464 89.370 88.292 24.239 0.000 0.000 0.000 0.000 0.000 0.000 10.936 16.850 27.768 0.000 0.000 18.929 26.893 25.830 29.737 29.603 0.411 0.000 11.446 25.405 30.340 51.298 52.266 52.241 53.222 54.208 52.199 33.195 0.000 0.000 0.000 0.000 0.000 0.000 9.547 22.545 46.544 47.543 47.543 47.542 40.542 0.539
48.827 48.828 51.830 54.834 55.838 30.842 0.000 23.875 59.877 32.878 6.878 0.000 0.000 21.316 71.276 68.188 60.005 78.692 89.796 86.776 94.230 87.748 88.552 88.114 88.044 87.922 87.806 87.689 88.578 86.480 74.393 21.316 0.000 0.000 0.000 0.000 0.000 14.344 21.184 19.082 20.020 0.000 0.000 25.161 43.120 36.054 30.957 5.780 0.000 0.000 0.000 0.000 24.296 49.278 53.258 51.240 51.224 51.213 53.205 26.201 20.201 20.200 26.200 0.000 0.000 0.000 0.000 21.540 46.539 47.539 47.538 47.537 30.536 0.000
47.825 52.826 55.828 55.831 55.834 20.836 0.000 0.000 2.877 0.000 0.000 0.000 0.000 14.383 77.337 83.246 91.108 90.985 88.070 94.609 94.372 87.727 88.436 88.282 88.168 88.051 87.931 87.805 93.679 43.578 11.485 0.000 0.000 0.000 0.000 0.000 5.634 23.503 19.376 19.275 18.210 24.218 0.000 18.434 44.373 43.308 41.257 0.000 0.000 0.000 0.000 0.000 22.269 51.261 55.249 52.236 51.224 49.214 38.207 19.203 15.201 16.201 0.195 0.000 0.000 0.000 0.000 17.536 46.535 47.534 47.533 43.532 10.530 15.526
53.823 55.824 55.825 53.828 59.831 29.833 0.000 0.000 0.000 0.000 0.000 0.000 0.000 25.496 83.440 86.359 90.200 89.392 89.373 94.820 87.134 88.836 88.506 88.415 88.300 88.184 92.061 97.922 52.756 21.666 0.000 0.000 0.000 0.000 0.000 6.857 29.766 23.658 16.542 21.431 25.329 22.226 20.046 33.768 37.631 27.549 35.505 0.000 0.000 0.000 0.000 0.000 28.251 52.247 57.241 56.232 52.222 47.213 16.206 14.203 15.202 22.201 0.000 0.000 0.000 0.000 11.532 15.532 44.532 47.531 47.529 41.528 12.526 11.524
55.821 55.821 54.822 32.823 0.000 17.831 19.831 0.000 0.000 0.000 0.000 0.000 16.782 69.664 83.579 86.465 88.598 89.579 95.187 95.012 88.124 88.821 88.656 88.546 88.434 92.323 54.209 14.066 0.000 31.665 17.665 0.000 0.000 0.000 0.000 14.949 48.915 39.822 34.704 29.579 30.449 28.310 29.144 41.963 35.833 19.751 21.711 0.000 0.000 0.000 0.000 0.000 28.238 56.236 21.235 19.229 51.220 54.209 24.204 15.201 20.201 0.000 0.000 0.000 0.000 0.000 0.000 11.530 29.528 45.527 48.526 41.525 12.523 11.522
55.817 51.818 55.820 37.821 0.000 8.830 38.830 0.000 0.000 0.000 0.000 6.995 68.900 82.803 88.715 88.670 88.793 95.499 95.348 87.474 89.242 88.886 88.793 88.677 88.567 92.466 64.387 0.000 0.000 1.665 4.665 0.000 0.000 0.000 0.000 2.192 34.124 39.010 48.875 44.731 32.579 35.421 44.259 39.106 26.989 18.912 19.876 0.000 0.000 0.000 0.000 0.000 26.227 60.224 0.000 0.000 0.205 47.200 37.198 18.197 0.000 0.000 0.000 0.000 0.000 0.000 0.000 0.000 8.525 34.524 44.523 37.522 13.521 11.520
50.814 49.815 65.818 44.819 0.000 7.830 35.830 0.000 0.000 0.000 1.206 65.090 78.018 87.941 90.810 90.038 88.052 95.638 86.803 88.569 85.121 87.044 88.919 88.804 89.692 83.586 73.486 21.486 0.000 0.000 0.000 0.000 0.000 0.000 0.000 24.542 29.380 29.218 31.056 39.890 42.717 45.536 39.364 26.215 20.103 19.033 18.007 22.041 7.040 0.000 0.000 0.000 15.218 52.210 18.201 7.198 0.000 42.194 48.192 28.191 0.000 0.000 0.000 0.000 0.000 0.000 0.000 0.000 3.522 27.522 32.521 19.520 11.519 11.519
56.809 52.810 0.000 0.000 0.000 0.000 0.000 0.000 0.000 0.000 2.299 81.224 83.152 91.049 90.199 89.203 95.881 95.765 88.770 88.451 88.287 88.165 87.045 87.928 89.813 46.699 0.000 0.000 0.000 0.000 0.000 0.000 0.000 10.551 25.300 35.897 32.636 31.428 28.241 29.058 31.862 43.642 44.447 36.287 25.177 18.109 18.077 20.075 0.000 0.000 0.000 0.000 0.199 42.199 20.196 16.195 16.192 48.189 51.186 34.185 0.000 0.000 30.168 0.000 0.000 0.000 0.000 0.000 6.521 30.520 25.519 11.518 11.518 10.518
58.805 45.805 0.000 0.000 0.000 0.000 0.000 0.000 0.000 0.000 68.424 78.359 90.282 90.258 89.383 96.087 95.988 88.100 89.866 89.511 89.413 89.289 89.169 91.049 40.931 0.000 0.000 0.000 0.000 0.000 0.000 9.519 26.239 38.803 34.451 33.112 32.840 32.617 33.423 31.238 30.033 3.723 22.493 47.311 29.209 17.149 20.118 18.108 6.114 0.000 0.000 0.000 1.190 34.190 12.188 0.000 0.000 4.184 41.180 30.177 39.171 46.169 5.168 0.000 0.000 0.000 0.000 0.000 0.000 21.517 19.516 12.516 14.517 12.517
50.802 49.802 25.800 0.000 0.000 0.000 0.000 0.000 0.000 21.720 81.596 88.505 90.401 90.537 88.636 96.176 88.403 90.177 89.735 89.660 89.533 90.413 91.292 53.170 0.000 0.000 0.000 0.000 0.000 0.000 29.196 39.800 35.395 33.970 33.589 33.261 32.994 32.777 32.595 32.438 41.310 0.000 0.000 15.255 24.200 16.161 25.138 25.126 7.120 0.000 0.000 0.000 0.000 18.182 55.180 23.175 0.000 0.000 42.173 36.171 27.169 27.167 0.000 0.000 0.000 0.000 0.000 0.000 0.000 0.513 11.513 12.513 0.000 0.000
0.000 52.799 50.798 39.797 0.000 0.000 0.000 0.000 12.956 71.845 85.735 91.640 90.594 89.721 96.328 96.257 89.358 90.049 89.891 89.774 90.659 92.537 53.414 0.000 0.000 0.000 0.000 0.000 16.459 27.151 38.592 35.091 34.572 31.094 30.676 30.350 31.099 32.902 32.744 35.609 12.459 0.000 0.000 0.000 20.173 19.159 37.146 33.139 0.000 0.000 0.000 0.000 0.000 2.178 47.174 59.170 16.167 42.166 56.167 48.167 24.165 17.164 0.000 0.000 0.000 0.000 0.000 0.000 0.000 6.509 12.510 16.511 0.000 0.000
0.000 54.798 44.797 51.796 43.796 4.796 0.000 6.169 73.068 81.965 91.872 90.718 90.950 88.946 96.388 88.662 90.447 90.100 90.010 90.895 91.788 45.663 0.000 0.000 0.000 0.000 0.000 29.096 39.768 37.403 35.931 37.399 36.709 42.157 46.669 41.365 34.150 27.989 31.870 37.795 0.000 0.000 0.000 0.000 23.162 24.156 46.149 34.145 0.000 0.000 0.000 0.000 0.000 0.000 42.168 51.166 56.164 52.164 52.164 56.163 40.162 19.161 20.159 0.000 0.000 0.000 0.000 0.000 8.508 13.508 11.509 16.509 0.000 0.000
0.000 22.797 73.796 36.796 0.000 0.000 11.355 71.271 76.181 90.093 90.948 91.181 89.071 96.471 88.932 90.735 90.304 90.240 91.122 88.011 42.937 0.000 0.000 0.000 0.000 0.000 31.730 39.425 37.113 36.762 40.330 14.864 0.000 0.000 11.480 37.291 39.147 40.034 31.952 32.907 0.000 0.000 0.000 0.000 4.157 22.153 29.149 28.147 0.000 0.000 0.000 0.000 0.000 0.000 33.163 46.162 51.162 52.161 53.161 49.161 45.160 30.159 18.156 22.154 28.153 0.000 0.000 0.000 0.000 11.508 12.507 14.507 0.000 0.000
0.000 0.000 74.796 61.796 0.000 0.000 18.439 79.378 87.300 91.191 92.332 92.318 96.816 96.604 89.889 90.599 90.453 90.349 85.239 75.087 26.012 0.000 0.000 0.000 20.519 29.354 41.035 37.762 37.497 41.201 18.765 0.000 0.000 0.000 0.000 35.172 32.113 36.049 41.999 41.973 19.986 0.000 0.000 0.000 0.000 24.150 18.148 25.147 0.000 0.000 0.000 0.000 0.000 0.000 20.159 37.159 51.159 46.158 39.159 41.159 2.159 27.157 36.155 29.153 25.152 0.000 0.000 0.000 0.000 0.000 6.506 11.506 16.505 0.000
0.000 0.000 2.795 51.795 0.000 6.688 72.584 84.503 91.422 91.383 91.510 97.198 97.013 89.192 90.983 90.642 90.564 83.469 49.397 0.000 0.000 0.000 0.000 38.848 32.684 40.509 38.295 38.092 38.913 16.779 0.000 0.000 0.000 0.000 0.000 38.112 32.085 32.050 34.020 38.002 40.000 0.000 0.000 0.000 0.000 5.148 24.147 0.000 0.000 0.000 0.000 0.000 0.000 0.000 16.156 27.156 34.156 26.156 23.156 0.000 0.000 0.000 20.153 24.151 33.150 0.000 0.000 0.000 0.000 0.000 0.504 11.505 12.504 0.000
0.000 0.000 0.000 0.000 6.874 75.792 80.707 91.633 91.507 92.739 92.765 97.371 89.507 91.277 90.838 90.770 80.662 69.569 33.483 0.000 0.000 0.000 33.165 55.013 39.860 31.704 39.543 37.398 40.285 10.224 0.000 0.000 0.000 0.000 27.071 34.078 33.067 33.047 30.029 26.016 28.011 0.000 0.000 0.000 0.000 0.000 31.146 0.000 0.000 0.000 0.000 0.000 0.000 0.000 18.154 17.154 16.153 14.153 20.153 0.000 0.000 0.000 0.000 18.149 36.149 0.000 0.000 0.000 0.000 0.000 0.000 4.504 17.504 30.504
0.000 0.000 0.000 0.000 78.955 77.899 91.829 91.731 92.884 92.908 97.684 97.532 90.465 92.142 89.977 75.855 64.755 38.662 0.000 0.000 0.000 27.460 45.318 45.178 52.039 39.904 29.778 35.672 45.605 48.609 11.756 0.000 0.000 0.000 39.065 33.064 33.056 32.044 28.032 22.023 23.018 0.000 0.000 0.000 0.000 0.000 4.144 12.143 0.000 0.000 0.000 0.000 0.000 0.000 20.152 14.152 15.151 15.151 17.150 0.139 0.000 0.000 0.000 5.148 26.146 4.145 0.000 0.000 0.000 0.000 0.000 0.000 0.000 0.000
0.000 0.000 0.000 18.184 79.094 91.021 91.949 92.920 95.065 97.966 97.827 89.787 91.542 88.186 77.078 65.923 37.839 0.000 0.000 0.000 29.731 50.602 36.471 28.341 42.216 54.097 41.991 44.907 45.855 32.851 38.903 17.969 0.000 0.000 31.059 27.057 34.051 29.042 21.033 20.025 24.020 0.000 0.000 0.000 0.000 0.000 0.000 31.142 0.000 0.000 0.000 0.000 0.000 0.000 2.151 17.150 15.149 15.149 15.148 23.146 0.000 0.000 0.000 0.000 7.145 18.143 24.143 0.000 0.000 0.000 0.000 0.000 0.000 0.000
0.000 0.000 0.000 61.274 87.213 93.149 92.031 92.270 90.318 98.097 90.081 91.837 86.399 75.324 50.197 0.000 0.000 0.000 0.000 29.970 50.862 37.745 26.623 26.502 28.385 39.278 54.184 45.109 30.059 38.037 40.037 14.036 0.000 0.000 56.056 43.053 32.048 26.041 22.032 19.023 20.019 14.017 0.000 0.000 0.000 0.000 0.000 10.142 0.000 0.000 0.000 0.000 0.000 0.000 0.000 19.148 15.148 15.147 15.146 17.145 1.144 0.000 0.000 0.000 0.000 15.142 18.142 0.000 0.000 0.000 0.000 0.000 0.000 0.000
0.000 0.000 64.533 61.425 67.346 82.248 93.403 90.442 98.342 98.222 91.015 86.695 75.542 54.430 0.000 0.000 12.165 0.000 0.000 55.079 38.001 26.893 27.775 26.658 29.546 43.445 52.357 53.287 37.235 33.201 44.171 18.103 0.000 0.000 0.000 0.005 0.000 0.000 0.000 23.018 30.016 31.015 17.013 0.000 0.000 0.000 0.000 0.000 0.000 0.000 0.000 0.000 0.000 0.000 0.000 19.146 18.146 21.146 16.146 13.144 22.143 0.000 0.000 0.000 0.000 29.141 34.141 0.000 0.000 0.000 0.000 0.000 0.000 0.000
0.000 3.734 65.641 62.549 63.468 73.435 89.583 98.568 98.456 90.304 87.062 74.727 48.647 0.000 0.000 29.200 28.165 10.116 0.000 43.266 27.170 28.051 26.928 27.809 42.698 48.599 12.514 3.446 55.395 41.362 19.343 0.000 0.000 0.000 0.000 0.000 0.000 0.000 0.000 41.015 35.014 32.013 28.012 0.000 0.000 0.000 0.000 0.000 0.000 0.000 0.000 0.000 0.000 0.000 7.143 16.144 0.000 0.000 0.000 16.143 20.143 0.000 0.000 0.000 0.000 33.141 2.141 0.000 0.000 0.000 0.000 0.000 0.000 0.000
78.904 66.827 63.746 61.670 62.545 63.779 67.831 98.675 89.549 85.305 74.891 48.844 0.000 0.000 0.000 33.235 31.181 51.068 34.851 27.549 28.365 27.213 30.077 49.952 46.839 27.739 23.655 28.588 56.538 53.508 17.496 0.000 0.000 0.000 0.000 0.000 0.000 0.000 0.000 48.013 48.012 43.011 34.011 0.000 0.000 0.000 0.000 0.000 0.000 0.000 0.000 0.000 0.000 0.000 19.142 21.143 0.000 0.000 0.000 19.142 20.142 0.000 0.000 0.000 0.000 4.141 0.000 0.000 0.000 0.000 0.000 0.000 0.000 0.000
76.981 90.925 82.856 67.757 68.908 60.947 98.878 98.778 68.426 73.103 48.999 0.000 0.000 0.000 0.000 35.325 48.255 46.124 27.936 27.716 27.526 38.361 50.214 39.083 27.966 27.865 27.779 28.712 37.663 55.636 51.639 12.693 0.000 0.000 0.000 0.000 0.000 0.000 0.000 34.011 36.011 48.010 49.009 5.008 0.000 0.000 0.000 0.000 0.000 0.000 0.000 0.000 0.000 11.140 21.141 0.000 0.000 0.000 0.000 20.141 18.141 0.000 0.000 0.000 0.000 0.000 0.000 0.000 0.000 0.000 0.000 0.000 0.000 0.000
90.114 93.038 92.965 87.933 78.081 99.071 98.974 60.556 55.346 0.000 0.000 0.000 0.000 0.000 0.000 46.486 51.389 27.239 29.053 28.853 40.663 49.491 31.337 28.200 28.079 27.974 27.887 27.817 27.767 36.736 56.729 49.748 23.778 14.789 18.792 0.000 0.000 0.000 0.000 0.000 14.009 54.009 54.008 15.007 0.000 0.000 0.000 0.000 0.000 0.000 0.000 0.000 0.000 0.109 0.000 0.000 0.000 0.000 0.000 0.130 27.141 0.000 0.000 0.000 0.000 0.000 0.000 0.000 0.000 0.000 0.000 0.000 0.000 0.000
93.225 93.156 93.036 97.272 88.323 99.166 60.611 63.273 58.047 0.000 0.000 0.000 0.000 0.000 39.937 51.746 28.576 29.389 29.186 36.979 49.783 27.604 28.444 28.301 28.176 28.067 27.976 27.904 27.850 27.814 31.795 32.792 27.797 28.799 35.795 17.794 0.000 0.000 0.000 0.000 0.000 9.008 45.007 8.007 0.000 0.000 0.000 0.000 0.000 0.000 0.000 0.000 0.000 0.000 0.000 0.000 0.000 0.000 0.000 0.000 0.000 0.000 0.000 0.000 0.000 0.000 0.000 0.000 0.000 0.000 0.000 0.000 0.000 0.000
89.336 93.242 94.397 91.436 99.350 99.257 65.194 49.528 0.000 0.000 0.000 0.000 0.000 0.000 57.129 33.983 29.782 29.556 31.322 52.096 31.887 28.699 28.534 28.386 28.255 28.142 28.048 27.973 27.916 27.874 26.845 25.828 28.819 10.814 0.000 0.000 0.000 0.000 0.000 0.000 0.000 0.000 38.006 26.006 0.000 0.000 0.000 0.000 0.000 0.000 0.000 0.000 0.000 0.000 0.000 0.000 0.000 0.000 0.000 0.000 0.000 0.000 0.000 0.000 0.000 0.000 0.000 0.000 0.000 0.000 0.000 0.000 0.000 0.000
68.446 72.418 68.569 99.532 99.441 76.791 57.829 48.516 0.000 0.000 0.000 0.000 0.000 0.000 32.469 28.274 28.015 26.730 39.453 32.196 25.968 26.773 26.605 26.455 26.318 27.199 28.102 28.026 27.967 26.921 24.885 26.856 26.837 23.826 13.822 16.817 18.811 17.807 19.803 0.000 0.000 0.000 0.000 35.005 7.005 0.000 0.000 0.000 0.000 0.000 0.000 0.000 0.000 0.000 0.000 0.000 0.000 0.000 0.000 0.000 0.000 0.000 0.000 0.000 0.000 0.000 0.000 0.000 0.000 0.000 0.000 0.000 0.000 0.000
105.516 70.757 100.809 99.621 59.441 49.986 0.000 63.469 21.507 0.000 0.000 0.000 0.000 76.453 55.003 25.632 33.273 43.897 42.562 38.269 36.017 35.821 35.659 34.512 28.363 24.234 28.136 28.062 28.005 26.960 26.919 30.874 30.848 31.832 41.824 41.817 37.811 30.806 29.800 8.796 0.000 0.000 0.000 0.000 0.000 0.000 0.000 0.000 0.000 0.000 0.000 0.000 0.000 0.000 0.000 0.000 0.000 0.000 0.000 0.000 0.000 0.000 0.000 0.000 0.000 0.000 0.000 0.000 0.000 0.000 0.000 0.000 0.000 0.000
110.308 108.349 99.786 99.705 87.545 0.000 30.363 58.363 131.547 106.946 0.000 23.878 13.391 74.903 34.458 31.979 103.547 94.024 89.629 89.302 88.009 86.835 85.700 84.569 55.390 22.238 28.145 28.080 28.032 27.994 19.956 0.000 0.000 0.000 0.000 0.000 0.000 0.000 46.796 25.793 0.000 0.000 0.000 0.000 0.000 0.000 0.000 0.000 0.000 0.000 0.000 0.000 0.000 0.000 0.000 0.000 0.000 0.000 0.000 0.000 0.000 0.000 0.000 0.000 0.000 0.000 0.000 0.000 0.000 0.000 0.000 0.000 0.000 0.000
109.471 99.934 99.862 84.115 0.000 0.000 0.000 1.374 52.370 40.346 0.000 5.367 0.000 34.313 30.947 40.279 95.913 0.000 0.000 0.000 31.881 40.811 101.735 14.676 0.000 32.183 28.128 28.083 29.050 11.029 0.000 0.000 0.000 0.000 0.000 0.000 0.000 0.000 0.000 46.786 2.780 0.000 0.000 0.000 0.000 0.000 0.000 0.000 0.000 0.000 0.000 0.000 0.000 0.000 0.000 0.000 0.000 0.000 0.000 0.000 0.000 0.000 0.000 0.000 0.000 0.000 0.000 0.000 0.000 0.000 0.000 0.000 0.000 0.000
108.698 100.002 108.614 110.459 30.747 0.000 7.269 34.269 44.099 21.723 0.000 26.855 72.683 71.089 63.738 0.000 14.912 0.000 0.000 14.824 42.825 87.794 50.754 15.725 0.000 0.000 34.101 28.075 29.055 10.044 0.000 0.000 0.000 0.000 0.000 0.000 0.000 0.000 0.000 0.000 32.774 0.000 0.000 0.000 0.000 0.000 0.000 0.000 0.000 0.000 0.000 0.000 0.000 0.000 0.000 0.000 0.000 0.000 0.000 0.000 0.000 0.000 0.000 0.000 0.000 0.000 0.000 0.000 0.000 0.000 0.000 0.000 0.000 0.000
100.124 100.065 89.125 31.888 0.000 0.000 0.000 0.000 21.036 0.000 0.000 20.517 64.106 117.621 53.179 0.000 0.000 0.000 0.000 0.000 56.800 91.785 21.764 18.744 0.000 0.000 0.000 33.060 27.053 25.047 23.046 11.046 0.000 0.000 0.000 0.000 0.000 0.000 0.000 0.000 46.768 4.766 0.000 0.000 0.000 0.000 0.000 0.000 0.000 0.000 0.000 0.000 0.000 0.000 0.000 0.000 0.000 0.000 0.000 0.000 0.000 0.000 0.000 0.000 0.000 0.000 0.000 0.000 0.000 0.000 0.000 0.000 0.000 0.000
