results3_8e3_rain/res_3e8f-0085.wd
ncols         241
nrows         181
xllcorner     12693529.787448
yllcorner     3542525.717860
cellsize      155.156523
NODATA_value  -9999.000000
[rows 66 to 98 of 181, columns 73 to 145 of 241]
67.620 31.610 0.000 56.829 73.809 72.780 72.754 0.000 44.199 44.182 57.192 53.200 52.180 52.138 51.075 126.985 114.829 0.000 0.000 0.000 47.694 42.640 47.561 50.508 50.464 52.423 53.386 58.346 59.309 60.267 51.208 0.000 0.000 48.547 98.547 80.457 84.308 84.385 82.430 90.361 82.819 83.288 84.018 82.781 82.549 83.336 53.175 0.000 0.000 0.000 0.000 0.000 0.000 0.000 26.753 24.734 24.698 24.646 24.581 24.513 28.438 41.355 38.263 23.164 34.062 42.966 21.876 24.790 30.706 35.624 31.544 25.464 23.387
52.622 58.600 0.000 45.028 68.995 67.969 61.971 15.048 0.000 0.000 50.263 63.334 52.334 51.305 52.265 33.227 0.000 0.000 0.000 0.000 0.000 0.000 58.509 56.486 54.458 37.422 40.384 47.344 48.314 53.283 44.245 0.000 0.000 0.000 58.791 76.695 83.625 83.711 90.806 90.591 82.902 83.581 83.283 83.063 82.843 77.647 35.509 0.000 0.000 32.704 0.000 0.000 0.000 32.791 27.792 24.770 24.732 24.680 24.619 24.550 24.475 24.394 31.306 45.214 46.121 29.029 22.941 23.855 24.772 28.690 27.609 23.530 23.453
54.630 53.568 58.444 56.260 70.174 63.129 64.113 61.125 0.000 0.000 0.000 65.541 60.516 55.483 57.452 4.430 0.000 0.000 0.000 0.000 0.000 0.000 57.479 53.471 44.460 0.000 0.000 45.332 57.320 56.307 0.000 0.000 4.506 61.386 53.129 56.948 64.021 79.076 91.006 82.664 84.207 83.762 83.564 83.337 81.114 63.901 42.705 48.704 46.704 27.704 0.000 0.000 0.000 0.000 41.852 23.823 24.779 28.726 36.664 26.595 24.519 23.439 27.354 42.266 49.177 41.089 27.002 21.918 23.835 23.754 23.674 23.595 22.518
54.667 52.599 56.504 67.394 61.314 54.260 73.227 62.214 14.228 0.000 7.908 57.773 73.705 68.660 68.629 71.612 0.000 0.000 0.000 0.000 3.448 3.451 55.458 46.456 49.452 0.000 0.000 0.000 93.328 120.317 35.317 0.000 60.627 55.524 55.362 55.267 51.347 91.374 91.196 83.719 87.316 84.053 83.835 83.611 75.374 28.138 0.000 50.704 28.704 0.000 0.000 0.000 30.054 29.018 27.942 23.890 27.837 39.780 44.715 42.645 35.569 25.489 34.405 42.319 21.233 27.147 40.062 36.979 32.898 40.817 21.737 23.658 21.581
52.722 58.656 68.579 60.497 52.427 52.370 65.321 73.276 69.242 72.173 74.043 68.939 63.870 65.823 54.793 53.777 0.000 0.000 0.000 4.443 60.445 59.446 47.447 49.445 50.438 54.426 53.418 0.000 4.346 0.000 0.000 7.010 66.850 59.723 54.563 55.652 53.696 91.537 53.357 60.937 75.524 83.335 84.112 81.897 40.635 0.000 0.000 0.000 0.000 0.000 0.000 31.116 25.091 25.058 25.008 25.956 35.901 44.840 43.774 43.701 39.624 35.543 45.459 28.374 23.288 24.204 24.121 34.039 46.959 33.880 21.800 22.720 28.644
58.786 69.725 59.658 52.590 53.527 53.470 55.413 39.327 65.292 63.234 55.151 52.072 51.012 66.969 68.941 55.927 0.000 0.000 0.000 60.442 56.442 53.441 46.441 50.437 50.431 50.422 50.410 9.390 12.364 13.346 15.303 83.170 80.043 68.916 67.873 56.871 91.825 91.688 55.418 62.060 56.828 63.623 82.385 57.228 0.000 0.000 0.000 0.000 0.000 0.000 0.000 31.141 25.137 25.115 25.076 26.027 34.971 44.908 43.838 42.762 39.682 44.599 38.514 22.428 24.343 24.259 24.178 34.098 42.021 20.944 23.864 26.777 45.705
69.855 59.798 52.738 53.678 53.621 54.571 35.533 0.000 22.366 50.319 53.253 53.188 53.137 51.100 75.076 59.064 0.000 0.000 0.000 37.440 54.439 48.438 49.436 50.433 50.428 50.420 50.410 61.398 1.378 5.371 22.392 75.326 85.228 7.120 89.044 79.236 91.944 54.008 67.645 64.282 54.146 50.942 47.576 32.402 0.000 0.000 26.747 0.000 0.000 0.000 0.000 27.170 25.200 25.188 25.154 25.106 26.048 31.981 39.908 39.828 39.744 43.658 21.570 24.483 24.396 23.313 29.232 46.155 29.082 23.011 25.934 6.822 7.754
59.929 52.875 53.819 53.763 53.708 56.659 12.616 10.582 3.488 48.422 53.356 55.289 53.247 52.218 70.198 66.189 0.000 0.000 0.000 0.000 45.436 48.435 50.433 50.430 50.426 50.420 52.414 38.405 0.000 0.000 72.568 75.512 86.427 92.301 86.406 84.441 92.046 75.065 77.763 62.601 55.502 48.425 0.000 0.000 0.000 0.000 24.747 0.000 0.000 0.000 0.000 0.000 28.305 25.284 25.247 25.195 25.133 25.062 24.983 31.898 39.809 27.718 24.626 24.536 24.448 27.363 40.284 40.209 22.142 24.083 27.040 0.000 0.000
53.007 53.955 53.901 53.845 53.791 53.739 57.691 58.643 58.582 54.524 54.462 34.365 51.345 52.326 68.311 67.304 0.000 0.000 0.000 0.000 44.434 50.433 50.431 50.429 50.426 50.422 38.418 0.000 0.000 1.052 77.801 83.729 86.636 86.584 85.662 92.182 84.561 87.274 81.959 66.897 56.834 55.830 55.971 0.000 0.000 0.000 21.747 28.748 21.748 0.000 0.000 0.000 43.430 24.399 25.353 25.296 25.228 26.151 25.065 24.973 24.877 24.779 24.682 24.587 23.495 29.410 44.330 21.257 24.193 24.139 26.103 1.098 0.000
54.088 54.036 53.983 53.927 53.871 53.816 53.765 53.717 53.672 53.631 57.600 0.000 44.442 53.429 69.416 64.412 0.485 0.000 0.000 0.000 49.432 52.432 52.430 52.429 50.427 53.425 0.000 0.000 0.000 70.209 76.068 86.967 86.844 86.950 84.995 92.397 85.703 90.344 86.232 87.163 75.111 63.091 52.112 47.112 49.112 0.000 0.000 27.749 22.748 28.743 29.727 27.686 33.586 43.527 25.471 26.407 35.333 42.248 24.154 25.052 24.947 24.840 24.735 23.634 28.538 47.450 41.369 30.297 23.233 24.178 26.133 41.093 59.033
54.172 54.120 54.067 54.010 53.951 53.890 53.835 56.788 54.757 53.729 57.708 0.000 44.553 53.532 70.514 62.510 2.538 0.000 0.000 0.000 22.432 32.431 31.430 31.428 52.427 37.426 0.000 0.000 0.000 72.388 82.298 87.196 87.148 86.248 93.059 92.747 86.777 87.618 86.473 86.413 87.357 78.311 43.274 0.000 0.000 0.000 0.000 25.751 25.753 22.754 24.753 25.745 24.703 31.654 45.596 28.528 26.448 36.355 24.250 25.136 25.017 24.899 24.784 24.675 32.574 45.482 32.400 44.328 22.264 23.208 28.158 49.110 61.056
54.259 54.207 54.153 54.096 54.032 56.958 58.897 30.842 51.841 54.820 56.795 16.772 47.684 52.633 64.597 62.576 3.571 0.000 0.000 0.000 0.000 0.000 0.000 0.000 33.427 0.000 0.000 0.000 20.826 70.656 87.539 87.412 87.523 85.604 93.340 85.377 91.079 86.771 86.722 86.653 86.591 76.523 37.398 0.000 0.000 0.000 0.000 0.000 28.759 29.766 16.786 24.838 25.827 25.788 29.733 45.662 28.577 25.474 25.356 25.224 25.088 24.955 22.827 28.709 47.601 28.506 27.423 41.350 25.287 23.232 30.182 56.134 61.085
54.347 54.295 54.244 54.189 56.123 32.012 33.955 0.000 13.944 49.916 53.880 57.838 53.777 56.720 61.664 66.627 5.599 0.000 0.000 0.000 0.000 0.000 0.000 0.000 0.000 0.000 0.000 4.117 79.996 81.873 87.762 87.712 86.828 93.847 93.603 86.447 87.158 87.027 86.955 86.889 85.832 65.791 0.000 0.000 0.000 0.000 0.000 0.000 0.000 20.766 0.000 31.996 28.978 24.940 24.884 26.812 43.722 32.611 24.475 25.316 25.156 24.004 28.863 30.732 29.615 26.517 24.434 24.364 24.304 25.251 38.203 60.159 61.116
54.435 54.384 54.337 54.294 59.261 0.000 0.000 20.160 12.074 46.019 54.972 52.923 54.867 66.804 38.713 32.670 0.000 0.000 0.000 0.000 0.000 0.000 0.000 0.000 0.000 0.000 0.000 67.238 72.168 86.078 87.958 88.085 86.177 94.072 85.960 87.631 87.321 87.259 87.181 87.115 79.057 56.018 0.000 0.000 0.000 0.000 0.000 0.000 0.000 0.000 0.000 36.171 31.150 25.109 23.052 25.979 25.888 41.772 34.617 25.411 26.217 24.044 30.886 30.742 27.612 21.512 24.433 24.368 26.313 40.264 59.221 61.182 64.147
55.520 53.470 53.426 53.388 56.365 26.370 23.330 55.245 60.174 54.116 52.065 59.014 68.963 71.918 0.000 0.000 0.000 0.000 0.000 0.000 0.000 0.000 0.000 0.000 0.000 0.000 0.000 69.429 77.364 87.274 88.264 87.301 94.487 94.286 86.997 87.698 87.557 87.476 87.400 87.331 69.265 51.206 0.000 0.000 0.000 0.000 0.000 0.000 0.000 0.000 0.000 34.369 32.341 32.295 29.236 22.165 24.080 24.971 40.809 40.493 37.259 34.067 26.897 25.739 22.578 23.486 24.419 28.363 48.315 60.273 60.235 61.202 60.174
69.600 68.551 67.507 65.470 62.440 63.415 63.375 60.317 61.260 63.207 63.156 69.107 71.054 28.986 0.000 0.000 0.000 0.000 0.000 0.000 0.000 0.000 0.000 0.000 0.000 7.947 15.867 70.685 87.577 88.485 88.434 87.661 94.674 86.485 88.155 87.840 87.772 87.687 87.613 85.542 67.465 38.336 0.000 0.000 0.000 0.000 0.000 0.000 0.000 0.000 0.000 24.595 28.550 31.493 32.431 31.366 28.297 24.224 18.157 0.000 0.000 0.000 0.000 0.000 26.475 24.437 27.393 48.351 61.312 60.277 61.245 64.218 60.195
65.675 67.626 66.582 68.544 70.509 69.476 68.437 66.390 64.342 64.294 65.247 61.202 61.161 0.000 0.000 0.000 0.000 0.000 0.000 0.000 0.000 0.000 0.000 0.000 0.000 57.026 79.970 78.868 87.775 88.664 88.790 86.892 94.848 88.584 88.186 88.059 87.972 87.892 87.821 83.761 63.719 0.000 0.000 0.000 0.000 0.000 0.000 0.000 0.000 0.000 32.033 26.867 23.771 25.696 30.631 32.571 32.516 33.470 24.439 0.000 0.000 0.000 0.000 0.000 27.411 25.393 41.366 62.336 60.306 60.277 60.252 61.229 60.211
53.744 53.696 54.653 61.614 70.578 76.543 64.505 58.465 53.423 51.381 50.338 56.292 35.227 0.000 0.000 0.000 0.000 0.000 0.000 0.000 0.000 0.000 0.000 0.000 0.000 63.161 79.118 87.046 88.961 88.930 88.060 95.157 95.009 90.609 88.412 88.248 88.168 88.088 88.018 82.963 57.929 0.000 0.000 0.000 0.000 0.000 0.000 0.000 0.000 32.338 27.199 27.070 26.970 25.891 22.826 27.771 31.728 32.700 29.691 0.000 0.000 0.000 0.000 30.351 24.365 28.358 56.341 60.320 60.297 60.275 60.255 60.237 60.222
52.807 52.761 56.719 61.681 63.646 66.612 56.577 52.542 53.505 53.467 55.431 33.403 0.000 0.000 0.000 0.000 0.000 0.000 0.000 0.000 0.000 0.000 0.000 0.000 0.000 49.339 78.297 88.233 89.135 89.266 87.376 95.293 88.170 89.838 88.515 88.446 88.355 88.274 88.201 79.142 52.106 0.000 0.000 0.000 0.000 0.000 0.000 0.000 31.607 27.478 27.354 27.243 27.149 27.072 27.009 23.960 22.926 25.912 32.933 33.029 0.000 0.000 0.000 24.338 25.339 43.334 60.322 59.306 59.289 60.272 60.255 60.241 60.230
52.865 52.821 54.782 55.746 53.713 52.682 53.651 52.620 52.587 52.552 57.516 2.487 0.000 0.000 0.000 0.000 0.000 0.000 0.000 0.000 0.000 0.000 0.000 0.000 0.818 57.560 86.499 89.425 89.399 88.532 95.540 95.421 91.173 88.870 88.721 88.628 88.537 88.450 89.370 69.298 57.248 0.000 0.000 31.323 0.000 31.044 32.992 32.892 27.737 27.611 27.499 27.399 27.312 27.239 27.180 27.134 26.103 23.090 32.099 33.126 26.126 0.000 0.000 32.323 24.321 32.316 38.306 41.294 45.281 51.267 57.254 59.243 59.234
53.919 53.878 53.841 53.808 53.778 52.751 52.725 52.699 52.672 51.639 59.595 10.541 0.000 0.000 0.000 0.000 0.000 0.000 0.000 0.000 0.000 0.000 0.000 0.000 41.967 77.815 88.716 89.605 89.746 87.838 95.648 88.638 90.307 88.987 88.908 88.809 88.714 88.621 89.529 61.433 39.340 0.000 0.000 27.323 0.000 26.096 28.039 27.949 27.837 27.730 27.631 27.541 27.461 27.393 27.337 27.293 25.263 27.247 33.245 30.252 0.000 0.000 0.000 31.310 30.307 29.302 28.294 27.284 26.273 30.262 41.252 37.243 39.235
51.968 51.930 51.897 51.867 51.841 51.818 51.798 52.780 54.762 56.737 31.683 0.000 0.000 0.000 0.000 0.000 0.000 0.000 0.000 0.081 9.070 0.000 0.000 12.278 53.145 84.020 89.907 89.893 88.921 95.834 95.746 91.634 89.336 89.183 89.085 88.987 88.889 88.792 84.693 31.563 0.000 0.000 0.000 27.324 33.300 28.206 28.119 28.027 27.934 27.842 27.755 27.673 27.599 27.535 27.481 27.439 24.409 33.391 33.384 29.384 0.000 0.000 0.000 30.300 29.296 30.291 30.284 30.275 30.266 30.257 29.249 29.241 28.235
53.012 52.979 55.949 59.923 62.901 66.883 68.869 71.861 70.859 62.865 0.965 12.117 36.148 4.169 0.000 0.000 0.000 0.000 0.000 40.096 67.070 7.036 0.000 46.411 79.315 89.203 90.099 90.028 89.251 95.911 88.083 89.765 89.444 89.364 89.263 89.164 89.064 89.966 76.887 0.000 0.000 0.000 0.000 7.347 27.371 28.310 30.203 30.107 28.029 27.951 27.873 27.798 27.728 27.666 27.614 24.573 29.542 32.523 33.515 24.516 0.000 0.000 0.000 14.293 35.287 35.281 32.275 29.267 29.259 30.251 31.244 31.238 30.234
55.053 54.023 60.997 69.975 70.957 69.943 68.936 67.936 64.947 58.978 34.055 51.118 69.159 38.189 22.216 0.000 0.000 0.000 11.153 50.122 64.077 3.003 21.858 63.640 88.501 91.388 90.229 90.442 88.416 95.974 90.074 89.785 89.633 89.537 89.440 89.341 89.237 91.119 35.003 0.000 0.000 0.000 0.000 0.000 23.528 29.460 10.277 10.169 27.123 28.060 27.989 27.916 27.849 27.789 26.737 24.696 33.665 33.645 30.638 24.650 30.703 0.000 0.000 0.000 46.278 61.274 54.267 50.259 46.252 42.245 45.240 45.235 28.231
55.090 55.064 58.041 61.022 60.008 57.998 55.995 54.000 52.015 52.045 61.093 63.140 60.180 57.214 61.243 9.268 0.000 0.000 51.185 81.160 32.115 28.041 61.930 85.791 90.669 90.532 90.654 88.610 96.059 88.489 90.200 89.883 89.808 89.711 89.618 89.525 92.424 49.272 0.000 0.000 0.000 0.000 0.000 0.000 25.752 30.726 0.000 0.000 24.233 28.178 28.105 28.031 27.963 27.903 24.851 32.809 33.776 32.753 23.742 27.743 27.756 0.000 0.000 0.000 14.273 44.269 62.259 61.251 61.245 61.239 61.234 55.230 45.227
55.123 55.101 55.082 54.066 54.054 55.047 55.046 55.053 53.069 54.095 59.131 62.170 58.209 53.243 56.273 11.293 0.000 0.000 43.241 53.221 31.180 64.116 79.030 87.927 90.822 90.764 89.868 96.450 96.204 89.486 90.212 90.066 89.975 89.883 89.795 89.716 92.662 0.000 0.000 8.047 17.047 0.000 0.000 27.117 30.003 28.965 36.011 0.000 24.399 28.316 28.223 28.140 28.069 26.008 27.956 33.912 33.877 25.851 26.834 27.824 27.821 0.000 0.000 0.000 0.000 0.000 44.251 60.242 60.237 60.232 60.228 61.224 61.222
55.155 55.136 55.119 55.105 55.095 55.090 55.090 54.097 53.112 57.135 61.166 61.202 56.240 52.278 57.313 10.338 0.000 0.000 39.319 8.301 55.267 79.215 85.146 91.070 90.935 91.156 89.153 96.669 88.918 90.625 90.309 90.236 90.141 90.051 89.963 96.882 80.847 0.000 4.047 54.047 40.047 0.000 0.000 22.232 30.177 29.121 29.058 34.913 32.647 31.463 28.330 28.237 28.165 25.104 33.052 34.007 29.970 24.941 27.918 27.899 29.885 33.897 0.000 0.000 0.000 0.000 0.000 57.231 60.228 60.224 60.221 61.218 59.216
55.186 55.168 55.153 55.140 55.131 55.127 54.127 53.133 55.147 59.167 62.195 58.230 53.272 52.317 55.363 37.407 24.459 25.463 21.414 22.397 62.372 83.331 89.278 91.188 91.344 89.349 97.051 96.869 89.931 90.640 90.490 90.397 90.305 90.216 95.125 38.001 52.997 23.036 54.046 62.048 0.000 0.000 0.000 21.400 30.354 29.283 29.186 39.035 49.815 23.558 33.397 29.315 26.250 28.192 34.140 33.094 24.056 27.025 27.998 27.971 14.921 15.909 0.000 0.000 0.000 0.000 0.000 38.223 59.220 60.217 60.214 64.211 60.209
55.215 55.198 55.184 55.172 55.164 55.159 53.159 53.163 57.174 64.191 65.218 61.253 56.299 54.354 54.417 56.468 56.507 65.516 6.478 40.503 78.492 85.461 91.417 91.406 90.556 97.376 97.219 90.300 91.075 90.733 90.656 90.556 90.465 90.383 98.321 0.000 36.104 38.065 28.054 30.051 0.000 0.000 0.000 24.615 30.556 29.473 35.367 51.226 28.021 0.000 14.386 27.374 25.329 33.275 34.222 30.175 27.135 28.104 28.080 30.064 0.000 0.000 0.000 0.000 0.000 0.000 30.217 11.217 50.212 60.210 60.207 65.205 60.202
55.243 55.226 55.212 55.201 55.192 54.187 53.185 55.187 62.194 39.207 15.231 14.267 11.317 41.384 58.482 53.541 56.587 37.616 0.000 45.644 83.630 89.611 91.527 91.793 89.835 97.522 90.645 91.417 90.981 90.918 90.808 90.711 90.617 91.530 89.455 11.396 11.250 0.000 0.000 0.000 0.000 0.000 24.052 31.890 29.783 28.685 48.583 52.483 0.000 0.000 0.000 23.468 29.417 34.356 34.298 24.248 28.207 28.175 28.153 31.141 0.000 0.000 0.000 0.000 0.000 0.000 9.217 0.000 38.203 60.202 60.201 66.199 60.196
55.268 55.252 55.238 55.227 54.217 53.211 55.207 58.207 66.209 25.213 0.000 0.000 0.000 0.000 40.585 55.628 56.683 42.744 44.822 70.798 87.785 91.740 91.940 89.987 97.777 97.655 91.632 91.322 91.169 91.062 90.959 90.860 90.762 93.665 78.572 7.484 0.000 0.000 0.000 0.000 0.000 0.000 24.214 31.109 30.002 27.902 55.796 16.639 0.000 0.000 29.744 34.613 34.516 34.435 32.367 27.312 28.269 28.237 28.216 30.207 0.000 34.292 0.000 0.000 0.000 0.000 0.000 0.000 31.196 60.195 60.194 60.193 60.191
55.292 55.275 55.262 55.250 54.240 53.233 57.227 61.224 65.222 23.223 0.000 0.000 0.000 0.000 20.645 63.705 58.772 64.856 77.924 86.943 90.939 91.977 91.155 97.994 97.889 90.980 91.750 91.403 91.316 91.208 91.106 91.007 94.906 57.796 29.684 0.000 0.000 0.000 0.000 0.000 0.000 26.701 31.482 30.329 32.215 29.125 53.060 0.000 0.000 25.034 31.876 47.723 36.600 33.501 29.424 27.364 27.319 28.287 28.268 28.265 33.285 29.292 20.292 0.000 0.000 0.000 27.184 29.185 28.189 60.189 60.189 60.188 60.187
55.312 55.297 55.283 55.271 53.261 55.252 61.244 62.238 60.234 47.233 8.236 0.000 0.000 0.000 0.000 16.774 12.843 52.984 84.075 88.111 92.091 92.293 90.443 98.089 90.303 92.077 91.638 91.569 93.453 92.349 91.250 91.157 97.061 19.928 0.000 0.000 0.000 0.000 0.000 8.289 47.174 46.921 34.682 31.512 42.404 37.321 38.261 0.000 0.000 23.193 28.001 38.806 34.658 38.546 32.464 35.402 34.357 31.325 28.306 27.298 27.299 33.299 0.000 0.000 0.000 0.000 24.183 24.183 34.184 60.184 60.184 60.184 60.183
