results3_8e3_rain/res_3e8f-0035.wd
ncols         241
nrows         181
xllcorner     12693529.787448
yllcorner     3542525.717860
cellsize      155.156523
NODATA_value  -9999.000000
[rows 99 to 131 of 181, columns 75 to 149 of 241]
42.395 41.435 41.479 46.526 49.577 46.630 42.671 42.690 36.681 0.000 0.000 0.000 0.000 0.000 0.000 2.950 61.273 86.433 84.580 83.869 90.799 90.726 83.852 84.548 84.393 84.280 85.173 85.070 83.977 87.897 46.841 0.000 0.000 0.000 0.000 0.000 0.000 0.000 24.476 36.350 4.120 0.000 15.754 18.724 16.683 20.631 17.417 15.013 0.000 8.159 12.117 27.070 33.031 36.001 33.978 28.961 21.950 16.943 11.941 0.000 0.000 0.000 0.000 0.000 0.000 0.218 12.247 36.246 37.244 37.243 37.244 35.247 0.000 0.000 0.000
41.382 39.417 43.455 48.495 49.540 49.607 43.652 40.670 45.673 45.672 6.672 0.000 7.022 36.992 13.947 0.000 49.812 89.777 85.113 85.212 90.859 83.186 84.972 84.622 84.531 84.414 84.303 84.198 86.104 85.025 20.972 0.000 0.000 0.000 0.000 0.000 0.000 2.960 8.788 19.697 0.000 0.000 10.951 18.924 17.877 21.795 21.606 0.000 0.000 3.130 17.100 22.054 43.024 44.001 43.982 44.968 45.958 43.952 24.949 0.000 0.000 0.000 0.000 0.000 0.000 0.000 12.196 36.194 37.192 37.191 37.195 30.204 0.000 0.000 0.000
41.368 44.398 47.429 48.459 23.482 0.000 16.658 52.666 25.669 0.000 0.000 0.000 18.053 68.006 64.903 56.685 75.308 86.411 83.413 90.944 84.490 85.295 84.857 84.786 84.663 84.545 84.428 85.315 83.216 71.128 18.050 0.000 0.000 0.000 0.000 0.000 6.253 13.132 11.020 11.954 0.000 0.000 17.175 35.146 28.105 23.067 0.000 0.000 0.000 0.000 0.000 16.023 41.010 44.996 42.983 42.971 42.963 44.957 17.955 11.956 11.956 17.956 0.000 0.000 0.000 0.000 11.148 36.145 37.140 37.137 37.143 20.171 0.000 0.000 0.000
45.352 48.378 48.404 48.430 13.446 0.000 0.000 0.000 0.000 0.000 0.000 0.000 11.130 74.078 79.975 87.817 87.671 84.758 91.353 91.096 84.479 85.188 85.033 84.917 84.799 84.676 84.548 90.419 40.316 8.222 0.000 0.000 0.000 0.000 0.000 0.000 15.374 11.295 11.206 10.145 16.155 0.000 10.429 36.378 35.330 33.300 0.000 0.000 0.000 0.000 0.000 14.005 42.999 46.990 43.981 42.972 40.965 29.960 10.957 6.957 7.956 0.000 0.000 0.000 0.000 0.000 7.107 36.100 37.089 37.078 33.070 0.028 1.632 5.629 0.000
48.336 48.357 46.381 52.413 22.428 0.000 0.000 0.000 0.000 0.000 0.000 0.000 22.259 80.198 83.109 86.941 86.124 86.105 91.581 83.901 85.600 85.268 85.174 85.056 84.938 88.812 94.669 49.498 18.407 0.000 0.000 0.000 0.000 0.000 0.000 21.705 15.574 8.469 13.364 17.265 14.164 11.993 25.734 29.609 19.538 27.504 0.000 0.000 0.000 0.000 0.000 19.994 43.990 48.985 47.979 43.972 38.965 7.961 5.958 6.957 13.957 0.000 0.000 0.000 0.000 1.070 5.076 34.060 37.039 37.018 30.991 1.923 0.482 0.500 0.000
48.319 47.336 25.348 0.000 10.425 12.424 0.000 0.000 0.000 0.000 0.000 13.576 66.449 80.357 83.239 85.368 86.346 91.979 91.789 84.903 85.596 85.428 85.314 85.198 89.084 50.966 10.818 0.000 28.406 14.406 0.000 0.000 0.000 0.000 6.835 40.835 31.751 26.640 21.518 22.388 20.245 21.080 33.906 27.784 11.710 13.674 0.000 0.000 0.000 0.000 0.000 19.985 47.984 12.982 10.977 42.971 45.964 15.960 6.958 11.958 0.000 0.000 0.000 0.000 0.000 0.000 1.050 19.029 34.991 37.968 30.943 1.909 0.688 0.385 0.329
44.304 48.319 30.328 0.000 1.423 31.423 0.000 0.000 0.000 0.000 3.798 65.703 79.605 85.513 85.467 85.590 92.317 92.153 84.272 86.034 85.672 85.574 85.453 85.339 89.234 61.152 0.000 0.000 0.000 1.406 0.000 0.000 0.000 0.000 0.000 26.050 30.953 40.824 36.680 24.522 27.348 36.176 31.024 18.913 10.842 11.810 0.000 0.000 0.000 0.000 0.000 17.979 51.977 0.000 0.000 0.000 38.959 28.958 9.957 0.000 0.000 0.000 0.000 0.000 0.000 0.000 0.000 0.000 23.931 33.921 26.908 2.891 0.756 0.612 0.000
42.289 58.309 37.318 0.000 0.420 28.422 0.000 0.000 0.000 0.000 61.892 74.834 84.760 87.628 86.855 84.868 92.467 83.620 85.379 81.924 83.840 85.709 85.589 86.472 80.360 70.256 18.256 0.000 0.000 0.000 0.000 0.000 0.000 0.000 16.612 21.364 21.186 23.023 31.858 34.672 37.450 31.253 18.104 12.000 10.937 9.912 13.938 0.000 0.000 0.000 0.000 6.974 43.970 9.965 0.000 0.000 33.956 39.955 19.954 0.000 0.000 0.000 0.000 0.000 0.000 0.000 0.000 0.000 16.884 21.879 8.879 0.838 0.792 0.000 0.000
45.268 0.000 0.000 0.000 0.000 0.000 0.000 0.000 0.000 0.000 78.044 79.989 87.889 87.039 86.040 92.731 92.605 85.596 85.271 85.099 84.970 83.845 84.721 86.599 43.480 0.000 0.000 0.000 0.000 0.000 0.000 0.000 2.452 17.181 27.861 24.606 23.403 20.226 21.055 23.857 35.529 36.280 28.138 17.047 9.992 9.966 11.964 0.000 0.000 0.000 0.000 0.000 33.963 11.961 7.959 7.957 39.955 42.952 25.951 0.000 0.000 0.000 0.000 0.000 0.000 0.000 0.000 0.000 19.843 14.834 0.810 0.794 0.000 0.000 0.000
38.254 0.000 0.000 0.000 0.000 0.000 0.000 0.000 0.000 65.397 75.255 87.156 87.123 86.244 92.954 92.846 84.948 86.704 86.341 86.235 86.104 85.977 87.850 37.725 0.000 0.000 0.000 0.000 0.000 0.000 1.410 17.975 30.659 26.341 25.046 24.797 24.594 25.424 23.280 22.173 0.000 14.200 39.121 21.060 9.018 11.995 9.987 0.000 0.000 0.000 0.000 0.000 25.958 3.957 0.000 0.000 0.000 32.948 21.947 30.945 37.944 0.000 0.000 0.000 0.000 0.000 0.000 0.000 10.815 8.789 1.721 3.726 1.722 0.000 0.000
42.244 18.241 0.000 0.000 0.000 0.000 0.000 0.000 18.667 78.540 85.421 87.297 87.422 85.513 93.051 85.269 87.034 86.583 86.500 86.366 87.237 88.108 49.979 0.000 0.000 0.000 0.000 0.000 0.000 20.988 31.663 27.210 25.822 25.477 25.184 24.944 24.751 24.595 24.470 33.382 0.000 0.000 7.086 16.052 8.026 17.010 17.003 0.000 0.000 0.000 0.000 0.000 9.955 46.952 14.948 0.000 0.000 33.945 27.944 18.943 18.943 0.000 0.000 0.000 0.000 0.000 0.000 0.000 0.000 0.601 1.587 0.000 0.000 0.000 0.000
45.240 43.238 32.237 0.000 0.000 0.000 0.000 9.912 68.795 82.677 88.566 87.505 86.623 93.214 93.137 86.232 86.916 86.749 86.624 87.500 89.370 50.239 0.000 0.000 0.000 0.000 0.000 8.070 18.799 30.314 26.871 26.381 22.942 22.562 22.269 23.045 24.870 24.734 27.623 4.502 0.000 0.000 0.000 12.035 11.025 29.016 25.012 0.000 0.000 0.000 0.000 0.000 0.000 38.947 50.945 7.943 33.942 47.943 39.943 15.942 8.942 0.000 0.000 0.000 0.000 0.000 0.000 0.000 0.000 1.422 5.428 0.000 0.000 0.000 0.000
47.237 37.237 44.236 36.235 0.000 0.000 3.138 70.030 78.920 88.818 87.652 87.872 85.856 93.279 85.555 87.332 86.976 86.877 87.755 88.640 42.505 0.000 0.000 0.000 0.000 0.000 20.639 31.341 29.013 27.597 29.125 28.503 34.002 38.561 33.287 26.095 19.953 23.849 29.786 0.000 0.000 0.000 0.000 15.029 16.023 38.018 26.016 0.000 0.000 0.000 0.000 0.000 0.000 33.943 42.943 47.942 43.941 43.941 47.941 31.941 10.940 11.939 0.000 0.000 0.000 0.000 0.000 0.000 0.045 0.191 5.382 0.000 0.000 0.000 0.000
15.236 66.236 29.235 0.000 0.000 8.335 68.245 73.149 87.054 87.900 88.124 86.001 93.368 85.842 87.638 87.198 87.126 87.999 84.879 39.800 0.000 0.000 0.000 0.000 0.000 23.222 30.937 28.643 28.316 31.937 6.531 0.000 0.000 3.392 29.224 31.095 31.996 23.924 24.885 0.000 0.000 0.000 0.000 0.000 14.020 21.019 20.017 0.000 0.000 0.000 0.000 0.000 0.000 24.941 37.941 42.940 43.940 44.940 40.940 36.940 21.939 9.938 13.938 19.937 0.000 0.000 0.000 0.000 0.050 1.322 3.349 0.000 0.000 0.000 0.000
0.000 67.235 54.234 0.000 0.000 15.425 76.359 84.276 88.160 89.293 89.269 93.742 93.511 86.806 87.510 87.356 87.244 82.126 71.962 22.881 0.000 0.000 0.000 11.965 20.810 32.507 29.244 28.977 32.671 10.304 0.000 0.000 0.000 0.000 27.120 24.068 28.011 33.967 33.946 11.958 0.000 0.000 0.000 0.000 16.019 10.018 17.018 0.000 0.000 0.000 0.000 0.000 0.000 11.939 28.939 42.939 37.939 30.939 32.939 0.000 18.938 27.938 20.937 16.937 0.000 0.000 0.000 0.000 0.000 0.000 0.062 0.008 0.000 0.000 0.000
0.000 0.000 44.234 0.000 3.691 69.580 81.493 88.407 88.361 88.481 94.155 93.954 86.130 87.912 87.563 87.476 80.374 46.296 0.000 0.000 0.000 0.000 30.273 24.120 31.957 29.754 29.555 30.351 8.088 0.000 0.000 0.000 0.000 0.000 30.068 24.045 24.014 25.988 29.972 31.971 0.000 0.000 0.000 0.000 0.000 16.018 0.000 0.000 0.000 0.000 0.000 0.000 0.000 7.938 18.938 25.937 17.937 14.937 0.000 0.000 0.000 11.937 15.937 24.937 0.000 0.000 0.000 0.000 0.000 0.000 0.001 0.000 0.000 0.000 0.000
0.000 0.000 0.000 3.889 72.802 77.712 88.632 88.500 89.726 89.745 94.341 86.465 88.226 87.776 87.700 77.583 66.482 30.389 0.000 0.000 0.000 24.567 46.427 31.286 23.144 30.998 28.870 31.784 1.797 0.000 0.000 0.000 0.000 19.035 26.040 25.030 25.013 21.997 17.986 19.982 0.000 0.000 0.000 0.000 0.000 23.018 0.000 0.000 0.000 0.000 0.000 0.000 0.000 9.937 8.936 7.936 5.936 11.936 0.000 0.000 0.000 0.000 9.937 27.937 0.000 0.000 0.000 0.000 0.000 0.000 0.000 0.000 0.000 0.000 0.000
0.000 0.000 0.000 75.976 74.916 88.842 88.739 89.887 89.905 94.678 94.515 87.432 89.099 86.924 72.792 61.683 35.583 0.000 0.000 0.000 18.835 36.707 36.580 43.455 31.335 21.225 27.143 37.119 40.212 3.316 0.000 0.000 0.000 31.029 25.028 25.022 24.011 20.001 13.993 14.989 0.000 0.000 0.000 0.000 0.000 0.000 0.000 0.000 0.000 0.000 0.000 0.000 0.000 11.936 5.935 6.935 6.935 8.935 0.000 0.000 0.000 0.000 0.000 17.937 0.000 0.000 0.000 0.000 0.000 0.000 0.000 0.000 0.000 0.000 0.000
0.000 0.000 15.218 76.123 88.047 88.971 89.937 92.079 94.981 94.832 86.775 88.519 85.152 74.034 62.866 34.775 0.000 0.000 0.000 21.079 41.963 27.847 19.731 33.620 45.515 33.423 36.357 37.338 24.370 30.419 9.470 0.000 0.000 23.025 19.023 26.017 21.010 13.002 11.996 15.993 0.000 0.000 0.000 0.000 0.000 0.000 0.000 0.000 0.000 0.000 0.000 0.000 0.000 0.000 8.934 6.934 6.934 6.933 14.933 0.000 0.000 0.000 0.000 0.000 0.000 0.000 0.000 0.000 0.000 0.000 0.000 0.000 0.000 0.000 0.000
0.000 0.000 58.313 84.250 90.184 89.063 89.297 87.341 95.123 87.088 88.834 83.385 72.300 47.163 0.000 0.000 0.000 0.000 21.290 42.195 29.092 17.986 17.879 19.777 30.682 45.597 36.526 21.506 29.510 31.520 5.522 0.000 0.000 48.022 35.020 24.016 18.009 14.003 10.996 11.994 5.993 0.000 0.000 0.000 0.000 0.000 0.000 0.000 0.000 0.000 0.000 0.000 0.000 0.000 10.933 6.933 6.933 6.933 8.932 0.000 0.000 0.000 0.000 0.000 0.000 0.000 0.000 0.000 0.000 0.000 0.000 0.000 0.000 0.000 0.000
0.000 61.574 58.470 64.391 79.292 90.445 87.480 95.386 95.257 88.030 83.701 72.538 51.416 0.000 0.000 3.339 0.000 0.000 46.386 29.319 18.225 19.124 18.024 20.929 34.841 43.756 44.643 28.649 24.645 35.630 9.576 0.000 0.000 0.000 0.000 0.000 0.000 0.000 14.994 21.993 22.992 8.991 0.000 0.000 0.000 0.000 0.000 0.000 0.000 0.000 0.000 0.000 0.000 0.000 10.932 9.933 12.932 7.932 4.931 13.931 0.000 0.000 0.000 0.000 0.000 0.000 0.000 0.000 0.000 0.000 0.000 0.000 0.000 0.000 0.000
0.851 62.678 59.603 60.524 70.489 86.636 95.629 95.509 87.341 84.088 71.744 45.653 0.000 0.000 20.364 19.340 1.290 0.000 34.550 18.468 19.366 18.262 19.163 34.073 39.996 3.943 0.000 46.802 32.790 10.780 0.000 0.000 0.000 0.000 0.000 0.000 0.000 0.000 32.992 26.991 23.991 19.991 0.000 0.000 0.000 0.000 0.000 0.000 0.000 0.000 0.000 0.000 0.000 0.000 7.932 0.000 0.000 0.000 7.931 11.930 0.000 0.000 0.000 0.000 0.000 0.000 0.000 0.000 0.000 0.000 0.000 0.000 0.000 0.000 0.000
63.966 60.835 58.746 59.616 60.845 64.894 95.745 86.609 82.352 71.928 45.871 0.000 0.000 0.000 24.389 22.341 42.235 26.052 18.795 19.638 18.510 21.396 41.293 38.203 19.129 15.077 20.059 47.968 44.932 8.921 0.000 0.000 0.000 0.000 0.000 0.000 0.000 0.000 39.991 39.991 34.990 25.990 0.000 0.000 0.000 0.000 0.000 0.000 0.000 0.000 0.000 0.000 0.000 10.930 12.931 0.000 0.000 0.000 10.930 11.930 0.000 0.000 0.000 0.000 0.000 0.000 0.000 0.000 0.000 0.000 0.000 0.000 0.000 0.000 0.000
88.047 79.959 64.848 65.992 58.026 95.964 95.856 65.505 70.160 46.046 0.000 0.000 0.000 0.000 26.461 39.400 37.287 19.127 18.940 18.780 29.641 41.519 30.411 19.317 19.239 19.178 20.132 29.079 47.050 43.050 4.099 0.000 0.000 0.000 0.000 0.000 0.000 0.000 25.990 27.990 39.990 40.989 0.000 0.000 0.000 0.000 0.000 0.000 0.000 0.000 0.000 0.000 2.930 12.930 0.000 0.000 0.000 0.000 11.930 9.930 0.000 0.000 0.000 0.000 0.000 0.000 0.000 0.000 0.000 0.000 0.000 0.000 0.000 0.000 0.000
90.159 90.075 85.035 75.177 96.173 96.068 57.688 52.468 0.000 0.000 0.000 0.000 0.000 0.000 37.596 42.513 18.385 20.228 20.059 31.899 40.755 22.627 19.514 19.416 19.333 19.266 19.211 19.166 28.138 48.131 41.149 15.176 6.187 10.190 0.000 0.000 0.000 0.000 0.000 5.989 45.989 45.989 6.989 0.000 0.000 0.000 0.000 0.000 0.000 0.000 0.000 0.000 0.000 0.000 0.000 0.000 0.000 0.000 0.000 18.930 0.000 0.000 0.000 0.000 0.000 0.000 0.000 0.000 0.000 0.000 0.000 0.000 0.000 0.000 0.000
90.279 90.152 94.381 85.427 96.274 57.787 60.463 55.203 0.000 0.000 0.000 0.000 0.000 30.972 42.813 19.671 20.514 20.343 28.169 41.004 18.854 19.721 19.603 19.500 19.413 19.340 19.282 19.236 19.205 23.189 24.188 19.193 20.196 27.193 9.193 0.000 0.000 0.000 0.000 0.000 0.988 36.988 0.000 0.000 0.000 0.000 0.000 0.000 0.000 0.000 0.000 0.000 0.000 0.000 0.000 0.000 0.000 0.000 0.000 0.000 0.000 0.000 0.000 0.000 0.000 0.000 0.000 0.000 0.000 0.000 0.000 0.000 0.000 0.000 0.000
90.369 91.519 88.553 96.470 96.372 62.430 46.824 0.000 0.000 0.000 0.000 0.000 0.000 48.132 25.012 20.845 20.656 22.460 43.270 23.094 19.937 19.799 19.677 19.569 19.477 19.401 19.339 19.292 19.257 18.233 17.220 20.214 2.211 0.000 0.000 0.000 0.000 0.000 0.000 0.000 0.000 29.988 17.987 0.000 0.000 0.000 0.000 0.000 0.000 0.000 0.000 0.000 0.000 0.000 0.000 0.000 0.000 0.000 0.000 0.000 0.000 0.000 0.000 0.000 0.000 0.000 0.000 0.000 0.000 0.000 0.000 0.000 0.000 0.000 0.000
69.550 65.697 96.664 96.567 73.988 55.128 45.979 0.000 0.000 0.000 0.000 0.000 0.000 23.413 19.257 19.043 17.805 30.572 23.356 17.165 18.002 17.861 17.737 17.624 18.526 19.446 19.384 19.335 18.297 16.268 18.245 18.231 15.224 5.224 8.224 10.222 9.222 11.221 0.000 0.000 0.000 0.000 26.987 0.000 0.000 0.000 0.000 0.000 0.000 0.000 0.000 0.000 0.000 0.000 0.000 0.000 0.000 0.000 0.000 0.000 0.000 0.000 0.000 0.000 0.000 0.000 0.000 0.000 0.000 0.000 0.000 0.000 0.000 0.000 0.000
67.895 97.943 96.757 56.589 47.158 0.000 61.264 19.397 0.000 0.000 0.000 0.000 67.178 45.850 16.560 24.264 34.949 33.666 29.420 27.207 27.043 26.908 25.786 19.663 15.556 19.475 19.414 19.368 18.330 18.296 22.260 22.240 23.230 33.226 33.224 29.223 22.221 21.221 0.216 0.000 0.000 0.000 0.000 0.000 0.000 0.000 0.000 0.000 0.000 0.000 0.000 0.000 0.000 0.000 0.000 0.000 0.000 0.000 0.000 0.000 0.000 0.000 0.000 0.000 0.000 0.000 0.000 0.000 0.000 0.000 0.000 0.000 0.000 0.000 0.000
105.492 96.931 96.847 84.688 0.000 28.394 56.394 129.532 104.957 0.000 13.505 3.505 65.505 25.250 22.869 94.506 85.060 80.725 80.449 79.202 78.057 76.943 75.835 46.686 13.560 19.484 19.431 19.391 19.359 11.328 0.000 0.000 0.000 0.000 0.000 0.000 0.000 38.220 17.219 0.000 0.000 0.000 0.000 0.000 0.000 0.000 0.000 0.000 0.000 0.000 0.000 0.000 0.000 0.000 0.000 0.000 0.000 0.000 0.000 0.000 0.000 0.000 0.000 0.000 0.000 0.000 0.000 0.000 0.000 0.000 0.000 0.000 0.000 0.000 0.000
97.088 97.011 81.261 0.000 0.000 0.000 0.135 50.382 38.381 0.000 0.000 0.000 25.089 21.777 31.159 86.833 0.000 0.000 0.000 23.096 32.037 92.974 5.925 0.000 23.516 19.471 19.435 20.407 2.389 0.000 0.000 0.000 0.000 0.000 0.000 0.000 0.000 0.000 38.219 0.000 0.000 0.000 0.000 0.000 0.000 0.000 0.000 0.000 0.000 0.000 0.000 0.000 0.000 0.000 0.000 0.000 0.000 0.000 0.000 0.000 0.000 0.000 0.000 0.000 0.000 0.000 0.000 0.000 0.000 0.000 0.000 0.000 0.000 0.000 0.000
97.159 105.767 107.610 27.898 0.000 5.233 32.233 42.229 19.805 0.000 18.111 63.716 61.985 54.610 0.000 5.832 0.000 0.000 6.049 34.050 79.023 41.990 6.966 0.000 0.000 25.450 19.430 20.414 1.404 0.000 0.000 0.000 0.000 0.000 0.000 0.000 0.000 0.000 0.000 0.000 0.000 0.000 0.000 0.000 0.000 0.000 0.000 0.000 0.000 0.000 0.000 0.000 0.000 0.000 0.000 0.000 0.000 0.000 0.000 0.000 0.000 0.000 0.000 0.000 0.000 0.000 0.000 0.000 0.000 0.000 0.000 0.000 0.000 0.000 0.000
97.226 86.281 29.043 0.000 0.000 0.000 0.000 19.495 0.000 0.000 11.505 55.054 108.526 44.068 0.000 0.000 0.000 0.000 0.000 48.029 83.017 12.999 9.982 0.000 0.000 0.000 24.419 18.414 16.410 14.410 2.409 0.000 0.000 0.000 0.000 0.000 0.000 0.000 0.000 0.000 0.000 0.000 0.000 0.000 0.000 0.000 0.000 0.000 0.000 0.000 0.000 0.000 0.000 0.000 0.000 0.000 0.000 0.000 0.000 0.000 0.000 0.000 0.000 0.000 0.000 0.000 0.000 0.000 0.000 0.000 0.000 0.000 0.000 0.000 0.000
