results3_8e3_rain/res_3e8f-0035.wd
ncols         241
nrows         181
xllcorner     12693529.787448
yllcorner     3542525.717860
cellsize      155.156523
NODATA_value  -9999.000000
[rows 99 to 131 of 181, columns 0 to 74 of 241]
0.000 0.000 0.000 0.000 0.000 34.688 74.687 76.681 67.672 62.671 0.000 0.000 0.000 0.000 0.000 0.000 0.000 42.326 39.326 0.000 0.000 0.000 0.000 37.034 36.027 0.000 0.000 0.000 0.000 0.000 0.000 0.000 0.000 0.000 0.000 42.312 38.315 37.318 38.322 39.326 52.329 41.333 45.337 37.342 39.347 37.351 38.356 43.361 44.366 42.372 46.378 39.385 39.392 41.400 44.409 58.419 59.429 44.440 30.447 0.000 0.000 0.000 0.000 0.000 10.161 65.163 62.169 49.184 24.200 19.219 63.241 40.266 42.293 42.324 42.357
0.000 0.000 0.000 0.000 0.000 35.700 75.699 75.697 0.000 0.000 0.000 0.000 0.000 0.000 0.000 0.000 0.000 53.327 42.328 0.000 0.000 0.000 40.138 39.097 43.076 0.000 0.000 0.000 0.000 48.309 40.309 0.000 0.000 0.000 55.318 65.317 51.319 44.322 38.325 40.329 59.332 44.335 50.338 50.344 41.348 56.352 48.356 49.360 39.365 47.370 47.375 45.381 39.387 40.395 44.402 41.414 3.421 0.000 0.000 0.000 0.000 0.000 0.000 13.174 50.173 62.176 69.183 59.195 35.209 36.226 50.246 41.268 42.292 42.320 42.350
0.000 0.000 0.000 0.000 0.000 22.713 71.712 80.712 0.000 0.000 0.000 0.000 0.000 0.000 0.000 0.000 0.000 60.329 41.331 42.315 44.281 41.237 38.181 39.139 37.107 0.000 0.000 0.000 0.000 41.309 41.310 42.313 41.315 41.317 40.319 50.321 59.323 6.326 70.329 60.332 65.335 50.337 0.000 66.348 64.350 63.353 67.356 56.360 39.363 42.368 47.372 47.377 44.383 40.389 29.393 0.000 0.000 0.000 0.000 0.000 0.000 0.000 0.000 23.177 50.180 50.186 61.193 60.203 43.216 43.230 42.248 42.267 42.289 42.313 41.340
48.778 51.778 0.000 0.000 0.000 32.728 71.727 76.727 86.732 0.000 0.000 0.000 0.000 0.000 0.000 0.000 0.000 0.000 45.356 42.332 60.293 74.251 49.211 34.174 0.000 0.000 0.000 0.000 0.000 0.000 40.312 41.314 41.315 41.318 41.321 40.325 40.328 39.331 40.335 45.337 57.340 51.342 0.000 66.352 67.353 45.355 52.357 69.359 63.362 50.366 40.370 46.374 47.379 50.385 35.389 0.000 0.000 0.000 0.000 0.000 0.000 0.000 0.000 0.000 1.187 47.195 44.201 44.210 42.220 42.233 42.248 42.265 42.284 41.305 40.328
62.779 45.778 45.775 47.769 49.760 68.746 76.740 76.737 76.737 78.738 52.737 0.000 0.000 40.514 47.512 48.503 10.484 5.454 68.405 76.367 71.308 67.265 50.237 0.000 0.000 0.000 0.000 0.000 0.000 0.000 0.000 41.316 40.316 39.319 40.323 41.329 41.334 41.337 41.341 42.344 61.346 56.349 39.354 41.355 52.356 63.357 40.358 52.360 53.362 46.364 66.367 49.371 41.374 0.000 0.000 0.000 0.000 0.000 0.000 0.000 0.000 0.000 0.000 0.000 0.000 47.204 42.208 42.214 42.223 42.234 42.247 40.261 38.278 40.296 46.316
77.783 67.781 48.778 52.773 70.766 76.758 76.751 76.747 76.743 71.741 43.738 49.735 0.000 31.517 66.521 74.513 74.497 58.473 73.445 80.425 0.000 0.000 0.000 0.000 0.000 0.000 0.000 0.000 0.000 0.000 0.000 41.318 0.000 0.000 0.000 42.338 41.341 41.344 41.348 42.351 58.354 63.356 40.358 41.358 41.359 59.359 60.360 38.360 46.362 65.363 57.365 35.367 0.000 0.000 0.000 0.000 0.000 0.000 0.000 0.000 0.000 0.000 0.000 0.000 0.000 47.209 42.212 42.217 42.224 41.233 40.244 45.256 46.271 47.286 48.302
77.789 77.787 72.785 75.780 76.774 76.768 76.761 76.755 76.750 72.744 47.738 64.733 0.000 0.000 44.542 68.533 76.518 77.499 76.479 81.462 0.000 0.000 0.000 0.000 0.000 0.000 0.000 0.000 0.000 0.000 0.000 41.321 0.000 0.000 43.343 41.344 41.348 41.352 41.357 41.360 58.362 63.364 40.364 41.364 41.363 42.362 63.362 57.362 64.362 54.363 35.363 0.000 0.000 0.000 0.000 0.000 0.000 0.000 0.000 0.000 0.000 0.000 0.000 0.000 45.212 42.212 42.214 42.219 42.224 41.231 43.240 47.250 48.262 48.275 48.289
75.797 76.796 76.793 76.789 76.784 76.778 76.772 76.765 76.757 77.749 72.739 79.728 3.714 0.000 32.572 51.560 74.544 76.527 77.509 65.485 0.000 0.000 0.000 0.000 0.000 0.000 0.000 0.000 0.000 0.000 0.000 35.325 40.330 40.336 39.343 41.350 41.355 41.361 41.367 41.371 58.373 63.373 40.372 41.370 41.368 41.366 46.364 69.363 49.362 0.000 0.000 0.000 0.000 0.000 0.000 0.000 0.000 0.000 0.000 0.000 0.000 0.000 0.000 0.000 0.000 49.214 45.216 46.219 44.224 40.228 47.235 48.243 46.253 46.264 43.276
72.808 77.807 76.804 76.801 76.796 76.791 76.784 76.776 76.767 76.756 77.742 70.725 54.702 45.664 39.617 66.591 76.571 76.556 81.546 0.000 0.000 0.000 0.000 0.000 0.000 0.000 0.000 0.000 0.000 0.000 0.000 0.000 0.000 0.000 0.000 41.358 41.362 41.370 41.380 41.385 57.386 64.384 41.381 41.377 41.373 41.370 41.368 47.366 0.358 0.000 0.000 0.000 0.000 0.000 0.000 0.000 0.000 0.000 0.000 0.000 0.000 0.000 0.000 0.000 0.000 0.000 0.000 0.000 0.000 49.223 47.228 48.236 45.244 40.253 49.261
72.820 77.819 76.817 76.814 76.810 76.805 76.798 76.789 76.779 76.766 77.750 62.730 41.705 40.674 49.642 73.616 76.596 76.582 82.573 0.000 0.000 0.000 0.000 0.000 0.000 0.000 0.000 0.000 0.000 0.000 0.000 0.000 0.000 0.000 0.000 37.362 41.367 38.378 41.399 41.404 60.403 64.399 41.392 41.385 41.379 41.374 41.371 38.369 0.000 0.000 0.000 0.000 0.000 0.000 0.000 0.000 0.000 0.000 0.000 0.000 0.000 41.145 0.000 0.000 0.000 0.000 0.000 0.000 45.206 46.214 48.220 48.227 45.235 41.242 51.250
75.835 76.834 76.833 76.830 76.826 76.821 76.814 76.806 76.794 76.780 76.762 73.740 50.715 51.688 68.660 75.636 76.617 76.602 83.593 0.595 0.000 0.000 0.000 0.000 0.000 0.000 0.000 0.000 0.000 0.000 0.000 0.000 0.000 0.000 0.000 0.000 37.366 0.000 40.433 41.431 69.425 56.415 41.403 41.392 41.384 54.377 44.373 39.371 0.000 0.000 0.000 0.000 0.000 0.000 0.000 0.000 0.000 0.000 0.000 0.000 0.000 52.145 37.146 0.000 0.000 0.000 0.000 46.192 49.199 48.206 45.213 41.219 41.225 39.232 43.242
76.851 76.850 76.850 76.848 76.845 76.840 76.834 76.825 76.814 76.799 76.779 76.756 78.729 78.701 77.676 76.653 76.635 78.619 67.604 10.602 0.000 0.000 0.000 0.000 0.000 0.000 0.000 0.000 0.000 0.000 0.000 0.000 0.000 0.000 0.000 0.000 0.000 0.000 40.470 41.464 75.452 44.435 41.415 41.399 53.387 62.379 41.375 41.372 40.371 0.000 0.000 0.000 0.000 0.000 0.000 0.000 0.000 0.000 0.000 0.000 0.000 48.146 49.147 36.149 0.000 42.171 44.176 48.185 47.193 45.199 44.205 40.211 48.216 51.221 0.000
75.868 74.868 76.869 76.868 76.865 76.862 76.857 76.849 76.838 76.822 76.801 76.775 76.744 76.715 76.689 76.667 77.650 60.634 0.000 0.000 37.639 51.638 0.000 0.000 0.000 0.000 0.000 0.000 0.000 0.000 0.000 0.000 0.000 0.000 0.000 0.000 0.000 0.000 36.513 47.502 70.485 41.459 38.425 41.400 41.388 41.380 41.375 41.372 41.370 38.369 0.000 0.000 0.000 0.000 0.000 0.000 0.000 0.000 0.000 0.000 0.000 43.146 39.147 45.151 40.158 48.166 48.173 47.181 43.188 46.194 41.199 40.204 40.208 33.214 0.000
65.886 65.888 74.890 76.890 76.889 76.886 76.883 76.877 76.867 76.852 76.830 77.799 78.760 76.725 76.698 76.678 76.666 0.000 0.000 37.644 47.641 57.638 56.636 49.634 41.633 0.000 0.000 0.000 0.000 0.000 0.000 0.000 0.000 0.000 0.000 40.632 43.624 43.606 40.568 39.548 48.528 36.493 0.000 37.392 41.384 41.378 41.374 41.371 40.370 0.000 0.000 0.000 0.000 0.000 0.000 0.000 45.132 56.133 0.000 0.000 44.142 42.144 42.147 39.151 47.156 48.163 48.170 45.177 48.184 48.189 46.194 41.197 30.199 0.000 0.000
47.903 52.908 71.913 77.915 76.913 76.913 76.913 76.910 76.903 76.890 78.868 64.832 60.773 75.728 80.701 77.683 72.671 54.663 57.657 63.649 57.642 58.638 37.636 30.635 0.000 0.000 0.000 0.000 0.000 0.000 0.000 0.000 0.000 0.000 31.640 37.641 40.636 40.625 40.608 40.595 42.586 0.000 0.000 0.000 36.379 41.375 41.372 41.370 41.370 0.000 0.000 0.000 0.000 0.000 0.000 5.132 62.133 44.133 42.135 42.137 42.140 42.143 40.146 45.150 48.155 48.161 44.167 48.175 48.182 47.186 41.190 42.192 32.194 0.000 0.000
31.915 46.929 65.941 78.943 79.939 79.939 77.946 76.948 77.946 76.938 77.922 15.888 0.000 34.712 52.698 73.682 80.671 78.664 78.658 64.653 0.000 0.000 0.000 0.000 0.000 0.000 0.000 0.000 0.000 0.000 0.000 0.000 0.000 0.000 0.000 36.657 40.655 38.651 39.645 41.639 42.636 0.000 0.000 0.000 0.000 34.372 41.370 41.369 38.369 0.000 0.000 0.000 0.000 0.000 0.000 0.000 4.133 58.134 41.135 41.137 42.139 41.142 41.144 47.148 48.152 46.158 34.162 0.000 52.183 46.185 46.187 46.189 32.189 0.000 0.000
0.000 17.953 50.978 56.980 50.960 52.961 69.984 77.992 73.995 66.995 65.995 0.999 0.000 0.000 0.000 10.675 45.670 71.664 78.661 0.000 0.000 0.000 0.000 0.000 0.000 0.000 0.000 0.000 0.000 27.727 48.728 0.000 0.000 0.000 0.000 36.675 42.679 41.681 50.681 51.682 41.685 0.000 0.000 0.000 0.000 0.000 38.369 39.369 0.000 0.000 0.000 0.000 0.000 0.000 0.000 0.000 0.000 63.134 66.136 46.137 40.139 38.141 48.143 48.145 43.148 0.000 0.000 0.000 0.000 51.184 48.185 48.186 38.187 0.000 0.000
0.000 0.000 32.040 41.042 0.000 0.000 42.039 71.043 62.047 58.054 72.068 39.098 0.000 0.000 0.000 0.000 0.000 16.662 47.661 0.000 0.000 0.000 0.000 0.000 0.000 0.000 0.000 0.000 0.000 0.000 32.730 50.732 0.000 0.000 0.000 27.690 41.706 39.713 69.718 62.725 40.737 42.765 0.000 0.000 0.000 0.000 33.368 0.000 0.000 0.000 0.000 0.000 0.000 0.000 0.000 0.000 0.000 0.000 51.136 68.137 53.138 47.140 48.141 43.143 0.000 0.000 0.000 0.000 0.000 43.183 48.184 48.185 43.185 0.000 0.000
0.000 0.000 28.100 73.106 30.131 0.000 31.091 63.093 65.098 76.107 78.124 81.154 87.201 26.225 0.000 0.000 0.000 0.000 0.000 0.000 0.000 0.000 0.000 0.000 0.000 0.000 0.000 0.000 0.000 0.000 33.733 48.734 0.000 0.000 0.000 0.000 34.744 42.747 72.753 54.762 42.775 41.795 46.815 0.000 0.000 0.000 0.000 0.000 0.000 0.000 0.000 0.000 0.000 0.000 0.000 0.000 0.000 0.000 0.000 0.000 56.138 46.139 44.140 0.000 0.000 0.000 0.000 0.000 42.181 41.182 43.183 37.183 0.000 0.000 0.000
1.195 16.182 50.155 68.151 76.157 45.162 58.144 81.140 78.144 77.154 77.170 77.194 77.224 83.251 86.282 42.301 1.314 0.000 46.348 60.349 53.348 55.347 11.346 0.000 0.000 0.000 0.000 0.000 0.000 0.000 12.735 34.739 40.749 40.760 43.773 2.786 35.779 64.781 66.787 43.796 41.809 41.824 44.836 0.000 0.000 0.000 0.000 0.000 0.000 0.000 0.000 0.000 0.000 0.000 0.000 0.000 0.000 0.000 0.000 0.000 0.000 0.000 0.000 0.000 0.000 0.000 0.000 44.180 39.180 37.181 0.000 0.000 0.000 0.000 0.000
74.211 77.202 77.190 75.186 73.186 74.186 76.182 76.181 77.186 78.195 78.209 77.228 70.250 74.273 77.295 81.313 85.329 86.342 78.348 74.350 71.350 66.348 68.346 61.344 17.342 0.000 0.000 0.000 0.000 0.000 0.000 0.000 0.000 0.000 0.000 59.808 48.808 77.811 68.819 55.829 42.841 41.856 41.872 45.893 41.892 0.000 0.000 0.000 0.000 0.000 0.000 0.000 0.000 0.000 0.000 0.000 0.000 0.000 0.000 0.000 0.000 0.000 0.000 0.000 0.000 0.000 0.000 0.000 0.000 0.000 0.000 0.000 0.000 0.000 0.000
77.229 72.225 70.220 69.217 63.216 60.216 61.216 61.218 67.224 72.233 72.245 65.261 49.278 64.296 77.313 77.328 77.341 77.350 77.355 77.355 78.354 78.351 81.347 82.344 82.342 82.340 21.339 0.000 0.000 0.000 0.000 0.000 0.000 0.000 0.000 31.831 57.833 62.839 46.848 63.860 51.873 41.888 41.903 44.917 0.000 0.000 0.000 0.000 0.000 0.000 0.000 0.000 0.000 0.000 0.000 0.000 0.000 0.000 0.000 0.000 0.000 0.000 0.000 0.000 0.000 0.000 0.000 0.000 0.000 0.000 0.000 0.000 0.000 0.000 0.000
47.252 20.250 42.248 56.247 54.247 34.247 19.249 15.253 35.259 52.267 51.278 44.292 39.306 49.321 70.335 78.347 77.357 77.363 77.365 77.364 77.360 81.355 56.348 44.344 43.341 47.340 50.339 0.000 0.000 0.000 0.000 0.000 0.000 0.000 0.000 29.853 65.856 48.864 40.877 50.891 61.905 45.920 41.937 41.955 47.981 0.000 0.000 0.000 0.000 0.000 0.000 0.000 0.000 0.000 0.000 0.000 0.000 0.000 0.000 0.000 0.000 0.000 0.000 0.000 0.000 0.000 0.000 0.000 0.000 0.000 0.000 0.000 0.000 0.000 76.037
37.277 8.277 30.276 45.276 41.277 18.279 4.282 8.286 28.292 42.301 40.311 40.322 41.335 39.348 58.360 75.370 77.377 77.381 77.381 77.376 76.369 39.361 0.000 0.000 0.000 0.000 0.000 0.000 0.000 35.862 55.863 7.865 0.000 0.000 36.878 53.872 70.875 47.887 41.905 39.922 56.938 58.953 44.969 41.987 42.008 45.033 54.043 0.000 0.000 0.000 0.000 0.000 0.000 0.000 0.000 0.000 0.000 0.000 0.000 0.000 0.000 0.000 0.000 0.000 0.000 0.000 0.000 0.000 0.000 0.000 0.000 0.000 0.000 0.000 74.108
50.305 46.305 41.305 40.306 41.307 43.310 44.313 47.318 46.325 42.333 41.343 41.353 41.365 40.376 47.387 69.396 78.402 77.405 79.402 51.390 17.379 0.000 0.000 0.000 0.000 0.000 0.000 0.000 0.000 0.861 22.864 25.867 29.874 43.883 40.884 61.884 58.888 32.903 39.936 41.956 43.971 56.986 49.002 44.017 42.033 41.047 58.056 49.059 43.058 0.000 0.000 0.000 0.000 0.000 0.000 0.000 0.000 0.000 0.000 0.000 0.000 0.000 0.000 0.000 0.000 0.000 0.000 0.000 0.000 0.000 0.000 0.000 0.000 10.338 87.240
40.333 41.333 41.334 41.335 41.337 41.341 41.345 41.350 41.357 41.365 41.374 41.384 41.395 41.406 39.416 60.426 77.433 79.436 75.433 1.411 0.000 0.000 0.000 0.000 0.000 0.000 0.000 0.000 0.000 0.000 0.000 0.000 0.000 27.891 44.893 70.894 44.890 0.000 27.982 42.994 41.007 45.021 46.035 55.048 44.060 42.070 41.073 37.066 0.000 0.000 0.000 0.000 0.000 0.000 0.000 0.000 0.000 0.000 0.000 0.000 0.000 0.000 0.000 0.000 0.000 0.000 0.000 0.000 0.000 0.000 0.000 0.000 15.516 80.437 90.354
41.362 41.362 41.363 41.365 41.368 41.371 41.376 40.382 40.388 41.397 41.406 41.416 41.426 41.437 40.448 48.458 63.467 74.474 62.477 0.000 0.000 0.000 0.000 0.000 0.000 0.000 0.000 0.000 0.000 0.000 0.000 0.000 0.000 4.898 53.906 78.908 0.000 0.000 26.018 44.031 42.044 41.057 49.069 60.081 48.091 42.099 46.103 0.000 0.000 0.000 0.000 0.000 0.000 0.000 0.000 0.000 0.000 0.000 0.000 0.000 0.000 0.000 0.000 0.000 0.000 0.000 0.000 0.000 0.000 0.000 0.000 0.000 72.596 86.539 86.468
41.391 41.392 41.393 41.395 41.398 41.402 41.407 45.413 46.420 42.428 41.437 41.447 41.458 41.470 41.482 40.493 43.505 52.516 52.525 0.000 0.000 0.000 0.000 0.000 0.000 0.000 0.000 0.000 0.000 0.000 0.000 0.000 0.000 0.000 57.926 72.925 0.000 0.000 10.043 41.068 42.083 42.095 41.106 46.116 48.126 44.134 46.139 0.000 0.000 0.000 0.000 0.000 0.000 0.000 0.000 0.000 0.000 0.000 0.000 0.000 0.000 0.000 0.000 0.000 0.000 0.000 0.000 0.000 0.000 0.000 0.000 56.830 65.732 65.656 65.582
41.420 41.421 41.423 41.425 41.428 41.432 40.438 52.444 57.451 44.460 41.469 41.479 41.491 41.503 41.516 41.530 41.545 40.562 43.583 24.620 0.000 0.000 0.000 0.000 0.000 38.022 59.023 21.025 12.026 11.026 0.000 0.000 0.000 38.960 80.947 54.943 54.945 0.000 0.000 27.118 44.125 42.134 42.144 40.154 56.164 60.173 54.180 0.000 0.000 0.000 0.000 0.000 0.000 0.000 0.000 0.000 0.000 0.000 0.000 0.000 0.000 0.000 0.000 0.000 0.000 0.000 0.000 0.000 0.000 0.000 31.005 81.928 67.847 80.777 102.658
41.450 41.451 41.453 41.455 41.459 41.463 40.468 53.475 59.482 43.491 41.501 41.511 41.523 41.536 41.550 41.566 41.583 41.603 41.627 47.658 18.692 0.000 0.000 0.000 0.000 1.022 16.024 38.027 46.028 50.027 24.027 0.000 34.987 72.974 70.962 50.954 32.949 0.000 0.000 27.163 44.167 43.174 46.183 41.193 50.203 73.215 70.230 15.259 0.000 0.000 0.000 0.000 0.000 0.000 0.000 0.000 0.000 0.000 0.000 0.000 0.000 0.000 0.000 0.000 0.000 0.000 0.000 0.000 0.000 0.000 68.083 124.027 106.960 128.866 107.455
38.480 39.481 40.483 40.485 41.489 41.493 39.499 54.506 57.513 40.522 41.532 41.543 41.556 41.569 41.584 41.601 41.620 41.641 41.666 41.695 47.726 27.759 0.000 0.000 0.000 0.000 0.000 14.031 45.031 41.031 44.027 48.018 60.001 76.987 60.975 28.964 0.000 0.000 0.000 26.204 43.207 46.214 59.222 45.232 55.242 56.254 75.269 79.288 62.312 12.322 0.000 0.000 0.000 0.000 0.000 0.000 0.000 0.000 0.000 0.000 0.000 0.000 0.000 0.000 0.000 0.000 0.000 0.000 0.000 54.314 64.217 65.141 68.070 87.043 106.624
59.510 54.511 49.513 47.516 43.519 39.524 39.530 54.536 57.544 39.553 41.564 41.575 41.588 41.602 41.618 41.635 40.655 39.677 40.702 40.729 40.760 46.793 23.830 0.862 0.000 0.000 0.000 13.037 51.038 45.037 40.034 53.026 76.013 70.000 37.987 0.000 0.000 0.000 0.000 24.243 42.246 47.253 54.262 49.272 54.282 53.292 66.303 60.315 53.327 26.332 0.000 0.000 0.000 0.000 0.000 0.000 0.000 0.000 0.000 0.000 0.000 0.000 0.000 0.000 0.000 0.000 0.000 0.000 31.492 59.411 128.328 92.258 124.139 107.809 105.856
79.540 78.541 74.543 69.546 65.550 60.554 55.560 51.567 46.575 40.584 41.595 41.606 41.620 41.634 40.651 42.669 48.689 53.711 52.735 50.762 44.792 39.824 43.858 49.896 13.924 0.000 0.000 33.042 56.046 47.049 43.047 66.041 78.028 34.013 0.000 0.000 0.000 0.000 0.000 28.279 41.283 46.291 62.301 52.312 45.322 38.331 44.338 62.344 59.349 65.350 0.000 0.000 0.000 0.000 0.000 0.000 0.000 0.000 0.000 0.000 0.000 0.000 0.000 0.000 0.000 0.000 0.000 0.000 66.573 57.510 67.439 90.329 66.499 105.952 97.287
