results3_8e3_rain/res_3e8f-0153.wd
ncols         241
nrows         181
xllcorner     12693529.787448
yllcorner     3542525.717860
cellsize      155.156523
NODATA_value  -9999.000000
[rows 66 to 98 of 181, columns 73 to 145 of 241]
71.173 35.161 0.000 60.295 77.274 76.244 76.216 0.000 47.618 47.602 60.616 56.627 55.607 55.562 54.494 130.395 118.224 0.000 0.000 0.000 50.962 45.900 50.807 53.746 53.695 55.648 56.603 61.550 62.502 63.453 54.410 0.000 0.000 51.691 101.691 83.604 87.467 87.554 85.605 93.525 86.013 86.491 87.230 86.001 85.779 86.574 56.418 0.000 0.000 0.000 0.000 0.000 0.000 0.000 41.039 39.016 38.977 38.925 38.862 38.797 42.727 55.652 52.578 37.505 48.432 57.360 36.290 39.221 45.152 50.084 46.018 39.952 37.888
56.175 62.150 0.068 48.517 72.481 71.453 65.456 18.542 0.000 0.000 53.695 66.775 55.775 54.744 55.701 36.659 0.000 0.000 0.000 0.000 0.000 0.000 61.741 59.715 57.683 40.643 43.597 50.546 51.508 56.474 47.442 0.000 0.000 0.000 61.931 79.839 86.776 86.867 93.953 93.746 86.085 86.773 86.484 86.272 86.061 80.873 38.740 0.000 2.928 35.928 0.000 0.000 0.000 47.118 42.083 39.050 39.008 38.958 38.899 38.836 38.769 38.698 45.627 59.555 60.484 43.413 37.343 38.275 39.207 43.141 42.075 38.010 37.947
58.183 57.115 61.977 59.774 73.680 66.631 67.614 64.628 0.000 0.000 0.000 69.002 63.974 58.939 60.906 7.882 0.000 0.000 0.000 0.000 0.000 0.000 60.701 56.691 47.679 0.000 0.000 48.527 60.509 59.494 0.000 0.000 7.634 64.515 56.263 60.085 67.163 82.222 94.145 85.826 87.380 86.943 86.753 86.535 84.321 67.116 45.928 51.928 49.928 30.928 0.000 0.000 0.000 5.152 56.126 38.091 39.049 42.998 50.942 40.880 38.814 37.745 41.675 56.605 63.534 55.465 41.396 36.328 38.262 38.196 38.131 38.067 37.004
58.224 56.148 60.043 70.922 64.834 57.776 76.741 65.728 17.746 0.000 11.403 61.256 77.181 72.133 72.100 75.082 0.000 0.000 0.000 0.000 6.654 6.659 58.671 49.669 52.663 0.000 0.000 0.000 96.507 123.498 38.494 0.000 63.753 58.651 58.490 58.397 54.479 94.499 94.328 86.873 90.477 87.223 87.014 86.798 78.571 31.344 0.000 53.928 31.928 0.000 0.000 0.000 44.254 43.213 42.178 38.140 42.096 54.046 58.989 56.928 49.862 39.794 48.725 56.655 35.585 41.515 54.447 51.381 47.315 55.251 36.187 38.124 36.060
56.282 62.210 72.125 64.036 55.959 55.897 68.846 76.798 72.763 75.690 77.550 72.438 67.362 69.312 58.280 57.263 0.000 0.000 0.000 7.647 63.650 62.652 50.654 52.650 53.641 57.621 56.608 0.000 7.513 1.500 0.442 10.141 69.975 62.845 57.684 58.775 56.820 94.656 56.490 64.079 78.674 86.494 87.280 85.073 43.822 0.000 0.000 0.000 0.000 0.000 0.000 45.320 39.296 39.267 39.234 40.196 50.151 59.099 58.042 57.979 53.913 49.845 59.775 42.704 37.634 38.565 38.498 48.432 61.368 48.305 36.243 37.180 43.117
62.350 73.284 63.212 56.138 57.070 57.009 58.947 42.855 68.819 66.757 58.668 55.584 54.519 70.473 72.443 59.429 0.000 0.000 0.000 63.645 59.645 56.645 49.643 53.638 53.629 53.614 53.595 12.565 15.528 16.497 18.439 86.297 83.163 72.032 70.987 59.984 94.934 94.801 58.543 65.191 59.967 66.770 85.541 60.391 0.000 0.000 0.000 0.000 0.000 0.000 0.000 45.345 39.342 39.324 39.296 40.258 49.212 59.158 58.099 57.035 53.967 58.896 52.825 36.753 38.683 38.613 38.546 48.481 56.419 35.358 38.299 41.238 60.173
73.424 63.364 56.299 57.235 57.174 58.120 39.080 0.000 25.902 53.851 56.781 56.710 56.656 54.617 78.592 62.579 0.000 0.000 0.000 40.643 57.641 51.639 52.636 53.631 53.622 53.610 53.594 64.571 4.540 8.520 25.523 78.446 88.341 10.228 92.149 82.340 95.050 57.114 70.758 67.401 57.272 54.075 50.725 35.558 0.000 0.000 40.894 0.000 0.000 0.000 0.000 41.373 39.402 39.394 39.367 39.328 40.280 46.224 54.161 54.094 54.023 57.950 35.876 38.802 38.730 37.660 43.593 60.529 43.468 37.411 40.356 21.299 22.222
63.504 56.447 57.388 57.328 57.270 60.217 16.172 14.137 7.035 51.964 56.894 58.822 56.777 55.747 73.727 69.718 0.000 0.000 0.000 0.000 48.636 51.634 53.631 53.627 53.620 53.611 55.599 41.585 0.000 0.000 75.688 78.621 89.529 95.398 89.501 87.538 95.150 78.163 80.866 65.708 58.613 51.539 0.000 0.000 0.000 0.000 38.894 0.000 0.000 0.000 0.000 0.000 42.498 39.481 39.450 39.408 39.356 39.296 39.229 46.157 54.081 42.004 38.926 38.849 38.775 41.704 54.636 54.573 36.514 38.461 41.415 8.382 0.000
56.588 57.534 57.477 57.419 57.361 57.306 61.255 62.204 62.138 58.076 58.009 37.905 54.885 55.865 71.852 70.848 0.000 0.000 0.000 0.000 47.632 53.631 53.629 53.625 53.620 53.614 41.606 0.000 0.000 4.055 80.921 86.824 89.723 89.668 88.746 95.283 87.645 90.361 85.050 69.992 59.931 58.927 59.062 0.000 0.000 0.000 35.895 42.895 35.895 0.000 0.000 0.000 57.611 38.584 39.545 39.497 39.440 40.374 39.301 39.223 39.141 39.058 38.975 38.894 37.817 43.744 58.675 35.612 38.555 38.504 40.461 15.432 0.000
57.676 57.623 57.567 57.509 57.450 57.392 57.337 57.286 57.238 57.194 61.161 0.000 47.991 56.978 72.968 67.974 4.020 0.000 0.000 0.000 52.630 55.629 55.627 55.624 53.621 56.618 0.000 0.000 0.000 73.189 79.116 90.030 89.911 90.019 88.067 95.489 88.778 93.421 89.312 90.246 78.197 66.177 55.197 50.197 52.197 0.000 0.000 41.895 36.894 42.889 43.875 41.838 47.750 57.698 39.650 40.595 49.532 56.460 38.380 39.293 39.203 39.112 39.022 37.936 42.855 61.779 55.710 44.646 37.589 38.538 40.493 55.453 73.410
57.768 57.714 57.658 57.600 57.538 57.475 57.416 60.365 58.332 57.302 61.279 0.000 48.111 57.089 74.068 66.059 6.066 0.000 0.000 0.000 25.629 35.628 34.626 34.624 55.622 40.620 0.000 0.000 0.000 75.395 85.328 90.239 90.198 89.301 96.115 95.819 89.841 90.685 89.542 89.486 90.432 81.388 46.352 0.000 0.000 0.000 0.000 39.897 39.899 36.899 38.898 39.890 38.853 45.810 59.761 42.702 40.634 50.554 38.465 39.367 39.265 39.164 39.066 38.973 46.887 59.808 46.738 58.674 36.617 37.567 42.521 63.477 75.433
57.862 57.808 57.753 57.694 57.628 60.553 62.487 34.425 55.424 58.402 60.375 20.350 51.253 56.197 68.155 66.129 7.118 0.000 0.000 0.000 0.000 0.000 1.625 1.624 36.623 0.000 0.000 0.000 23.834 73.667 90.561 90.443 90.559 88.645 96.383 88.425 94.132 89.827 89.782 89.715 89.656 79.591 40.472 0.000 0.000 0.000 0.000 0.000 42.904 43.910 30.926 38.972 39.962 39.928 43.880 59.820 42.747 39.659 39.557 39.444 39.328 39.214 37.105 43.004 61.912 42.830 41.758 55.695 39.640 37.590 44.545 70.503 75.460
57.957 57.904 57.851 57.795 59.729 35.620 37.554 0.000 17.536 53.507 57.468 61.423 57.355 60.291 65.227 70.185 9.160 0.000 0.000 0.000 0.000 2.624 54.624 61.624 0.000 0.000 0.000 7.119 83.001 84.881 90.776 90.732 89.851 96.867 96.633 89.485 90.201 90.073 90.004 89.941 88.887 68.848 0.000 0.000 0.000 0.000 0.000 0.000 0.000 34.910 0.000 46.109 43.094 39.061 39.013 40.951 57.873 46.778 38.661 39.525 39.388 38.258 43.137 45.025 43.926 40.841 38.770 38.710 38.657 39.610 52.568 74.528 75.490
58.053 58.001 57.952 57.907 62.871 0.861 0.000 23.770 15.679 49.621 58.570 56.516 58.454 70.384 42.278 36.223 1.193 0.000 0.000 0.000 0.000 52.624 58.624 60.624 0.000 0.000 0.000 70.238 75.169 89.081 90.965 91.096 89.191 97.082 88.982 90.659 90.354 90.295 90.221 90.158 82.103 59.065 0.000 0.000 0.000 0.000 0.000 0.000 0.000 0.000 0.000 50.262 45.243 39.208 37.159 40.097 40.018 55.918 48.785 39.608 40.442 38.293 45.158 45.035 41.925 35.839 38.772 38.716 40.667 54.625 73.587 75.553 78.521
59.146 57.094 57.048 57.009 59.982 29.982 26.948 58.862 63.788 57.727 55.673 62.619 72.562 75.511 0.000 0.000 0.000 0.000 0.000 0.000 0.000 20.624 27.624 29.624 0.000 0.000 0.000 72.424 80.360 90.272 91.264 90.302 97.478 97.285 90.012 90.717 90.580 90.503 90.431 90.364 72.302 54.246 0.000 0.000 0.000 0.000 0.000 0.000 0.000 0.000 0.000 48.434 46.409 46.370 43.319 36.258 38.185 39.092 54.952 54.679 51.478 48.313 41.168 40.034 36.898 37.820 38.762 42.714 62.673 74.636 74.603 75.574 74.549
73.234 72.183 71.138 69.098 66.066 67.039 66.999 63.942 64.883 66.828 66.776 72.723 74.665 32.588 0.000 0.000 0.000 0.000 0.000 0.000 0.000 0.000 0.000 0.000 0.000 10.935 18.856 73.675 90.567 91.476 91.426 90.654 97.657 89.485 91.162 90.850 90.787 90.706 90.635 88.567 70.494 41.370 0.000 0.000 0.000 0.000 0.000 0.000 0.000 0.000 0.000 38.630 42.591 45.542 46.489 45.433 42.373 38.311 32.253 0.000 0.000 0.000 0.000 0.000 40.813 38.781 41.743 62.707 75.673 74.642 75.615 78.591 74.571
69.317 71.267 70.221 72.180 74.144 73.109 72.069 70.023 67.975 67.927 68.880 64.832 64.786 0.000 0.000 0.000 0.000 0.000 0.000 0.000 0.000 0.000 0.000 0.000 0.000 60.014 82.957 81.854 90.760 91.649 91.775 89.878 97.824 91.578 91.184 91.062 90.978 90.902 90.834 86.777 66.736 0.000 0.000 0.000 0.000 0.000 0.000 0.000 0.000 0.000 46.009 40.866 37.783 39.719 44.662 46.611 46.564 47.524 38.498 0.000 0.000 0.000 0.000 0.000 41.762 39.746 55.722 76.696 74.670 74.646 74.624 75.604 74.588
57.395 57.345 58.300 65.258 74.220 80.183 68.145 62.106 57.065 55.025 53.985 59.938 38.862 0.000 0.000 0.000 0.000 0.000 0.000 0.000 0.000 0.000 0.000 0.000 0.000 66.150 82.103 90.027 91.941 91.908 91.037 98.120 97.978 93.595 91.402 91.242 91.166 91.090 91.023 85.970 60.938 0.000 0.000 0.000 0.000 0.000 0.000 0.000 0.000 46.272 41.152 41.041 40.955 39.887 36.831 41.785 45.748 46.724 43.716 0.000 0.000 0.000 0.000 44.715 38.725 42.719 70.705 74.686 74.667 74.647 74.630 74.614 74.601
56.468 56.419 60.374 65.333 67.295 70.259 60.224 56.189 57.156 57.124 59.096 37.074 0.000 0.000 0.000 0.000 0.000 0.000 0.000 0.000 0.000 0.000 0.000 0.000 0.000 52.332 81.280 91.209 92.107 92.236 90.345 98.251 91.142 92.817 91.498 91.433 91.346 91.268 91.198 82.142 55.108 0.000 0.000 0.000 0.000 0.000 0.000 0.000 45.504 41.392 41.286 41.191 41.110 41.044 40.990 37.948 36.919 39.908 46.926 47.010 0.000 0.000 0.000 38.705 39.706 57.701 74.691 73.677 73.662 74.647 74.633 74.621 74.611
56.536 56.489 58.445 59.405 57.369 56.334 57.302 56.271 56.244 56.220 61.201 6.189 0.000 0.000 0.000 0.000 0.000 0.000 0.000 0.000 0.000 0.000 0.000 0.000 3.702 60.566 89.477 92.393 92.363 91.493 98.488 98.374 94.139 91.841 91.697 91.608 91.520 91.437 92.360 72.292 60.244 0.000 0.000 45.116 0.000 44.878 46.833 46.748 41.615 41.507 41.411 41.325 41.251 41.189 41.138 41.099 40.073 37.062 46.070 47.094 40.094 0.000 0.000 46.694 38.693 46.688 52.680 55.670 59.658 65.647 71.636 73.626 73.618
57.600 57.554 57.513 57.475 57.439 56.407 56.378 56.351 56.328 55.311 63.298 14.291 0.000 0.000 0.000 0.000 0.000 0.000 0.000 0.000 0.000 0.000 0.000 0.000 44.838 80.755 91.669 92.558 92.698 90.790 98.591 91.591 93.266 91.950 91.876 91.781 91.690 91.601 92.513 64.420 42.332 0.000 0.000 41.116 0.000 39.922 41.873 41.797 41.701 41.610 41.525 41.448 41.380 41.322 41.274 41.237 39.212 41.199 47.197 44.203 0.000 0.000 0.000 45.685 44.683 43.678 42.672 41.663 40.654 44.645 55.637 51.629 53.623
55.660 55.617 55.577 55.541 55.508 55.477 55.450 56.427 58.408 60.396 35.391 2.394 0.000 0.000 0.000 0.000 0.000 0.000 0.000 3.073 12.065 0.000 0.000 15.198 56.056 86.949 92.846 92.835 91.862 98.771 98.686 94.581 92.288 92.139 92.046 91.951 91.858 91.765 87.670 34.545 0.000 0.000 0.000 41.116 47.096 42.016 41.942 41.864 41.784 41.706 41.632 41.562 41.499 41.445 41.399 41.364 38.338 47.323 47.318 43.318 0.000 0.000 0.000 44.678 43.675 44.671 44.665 44.658 44.651 44.644 43.637 43.631 42.626
56.716 56.676 59.638 63.604 66.573 70.544 72.519 75.498 74.483 66.474 4.475 15.493 39.548 7.574 0.000 0.000 0.000 0.000 0.000 43.081 70.056 10.017 0.000 49.339 82.240 92.132 93.031 92.961 92.184 98.845 91.018 92.705 92.388 92.313 92.216 92.121 92.026 92.932 79.856 0.000 0.000 0.000 0.000 21.136 41.156 42.104 44.014 43.932 41.865 41.800 41.733 41.670 41.611 41.559 41.515 38.480 43.454 46.438 47.432 38.433 0.000 0.000 0.000 28.673 49.669 49.665 46.659 43.654 43.648 44.642 45.636 45.631 44.627
58.769 57.732 64.697 73.664 74.635 73.608 72.584 71.564 68.550 62.541 37.542 54.554 72.578 41.600 25.622 1.632 0.000 0.000 14.153 53.114 67.063 5.978 24.816 66.581 91.432 94.316 93.156 93.368 91.344 98.907 93.003 92.718 92.571 92.479 92.386 92.291 92.192 94.079 37.968 0.000 0.000 0.000 0.000 0.000 37.289 43.232 24.077 23.985 40.946 41.893 41.833 41.772 41.715 41.665 40.621 38.587 47.561 47.544 44.539 38.550 44.596 0.000 0.000 0.000 60.663 75.660 68.655 64.649 60.644 56.639 59.635 59.631 42.627
58.819 58.785 61.752 64.722 63.694 61.668 59.645 57.626 55.610 55.601 64.597 66.601 63.612 60.624 64.635 12.641 0.000 0.000 54.192 84.160 35.103 31.015 64.889 88.735 93.602 93.457 93.575 91.530 98.990 91.408 93.123 92.810 92.739 92.646 92.556 92.467 95.371 52.225 0.000 0.000 0.000 0.000 0.000 0.000 39.479 44.457 0.000 0.000 38.041 41.995 41.933 41.871 41.813 41.763 38.720 46.685 47.658 46.639 37.630 41.631 41.642 0.000 0.000 0.000 28.659 58.656 76.650 75.645 75.641 75.637 75.633 69.630 59.627
58.868 58.837 58.806 57.777 57.750 58.725 58.703 58.683 56.666 57.653 62.645 65.643 61.645 56.649 59.654 14.656 0.000 0.000 46.263 56.231 34.173 67.092 81.989 90.869 93.752 93.684 92.782 99.360 99.129 92.398 93.128 92.986 92.899 92.811 92.726 92.651 95.600 0.000 0.000 10.969 19.969 0.000 0.000 40.788 43.691 42.659 49.698 0.000 38.181 42.112 42.034 41.964 41.905 39.854 41.811 47.775 47.746 39.725 40.710 41.702 41.700 0.000 0.000 0.000 0.000 0.000 58.645 74.641 74.637 74.634 74.631 75.628 75.626
58.916 58.887 58.859 58.831 58.805 58.780 58.757 57.737 56.718 60.701 64.688 64.679 59.675 55.675 60.675 13.674 0.000 0.000 42.366 11.326 58.268 82.193 88.103 94.009 93.858 94.068 92.057 99.567 91.817 93.529 93.218 93.149 93.058 92.972 92.888 99.810 83.777 0.000 6.969 56.969 42.969 0.000 0.000 35.885 43.839 42.791 42.738 48.616 46.392 45.237 42.126 42.048 41.988 38.938 46.894 47.858 43.827 38.803 41.784 41.768 43.756 47.766 0.000 0.000 0.000 0.000 0.000 71.635 74.633 74.630 74.628 75.626 73.625
58.965 58.937 58.910 58.884 58.858 58.834 57.810 56.788 58.767 62.746 65.726 61.711 56.703 55.699 58.697 40.690 27.670 28.615 24.508 25.442 65.378 86.307 92.230 94.120 94.259 92.250 99.930 99.757 92.823 93.537 93.392 93.303 93.215 93.130 98.044 40.925 55.921 25.958 56.968 64.970 0.000 0.000 0.000 35.027 43.988 42.928 42.846 52.719 63.534 37.318 47.183 43.115 40.062 42.014 47.971 46.934 37.903 40.877 41.855 41.831 28.788 29.777 0.000 0.000 0.000 0.000 0.000 52.630 73.629 74.627 74.626 78.624 74.623
59.014 58.987 58.961 58.935 58.910 58.886 56.862 56.839 60.816 67.790 68.759 64.737 59.725 57.722 57.724 59.720 59.704 68.668 9.610 43.554 81.496 88.431 94.360 94.326 93.458 100.239 100.089 93.178 93.960 93.623 93.551 93.456 93.369 93.291 101.231 0.000 39.023 40.986 30.976 32.973 0.000 0.000 0.000 38.209 44.159 43.088 48.998 64.879 41.707 0.000 28.175 41.167 39.130 47.086 48.043 44.005 40.972 41.947 41.927 43.914 0.000 0.000 0.000 0.000 0.000 0.000 44.628 25.628 64.626 74.624 74.623 79.622 74.620
59.064 59.037 59.011 58.986 58.961 57.937 56.914 58.891 65.867 42.838 18.783 17.753 14.739 44.739 61.756 56.762 59.758 40.742 2.710 48.669 86.619 92.568 94.456 94.700 92.723 100.377 93.510 94.289 93.859 93.801 93.697 93.604 93.515 94.432 92.360 14.304 14.164 0.000 0.000 0.000 0.000 0.000 37.580 45.442 43.350 42.266 62.179 66.095 0.000 0.000 0.000 37.248 43.206 48.157 48.110 38.069 42.036 42.010 41.993 44.983 0.000 0.000 0.000 0.000 0.000 0.000 23.628 0.000 52.622 74.621 74.620 80.619 74.618
59.113 59.087 59.061 59.036 58.011 56.987 58.965 61.943 69.925 28.911 0.000 0.000 0.000 0.000 43.800 58.813 59.825 45.831 47.819 73.791 90.753 94.679 94.853 92.874 100.620 100.504 94.491 94.187 94.040 93.938 93.842 93.747 93.654 96.562 81.472 10.388 0.000 0.000 0.000 0.000 0.000 0.000 37.718 44.628 43.535 41.448 69.357 30.226 0.000 0.000 43.480 48.370 48.291 48.225 46.171 41.126 42.092 42.066 42.050 44.043 0.000 48.124 0.121 0.000 0.000 0.000 0.000 0.000 45.618 74.618 74.618 74.617 74.616
59.161 59.136 59.111 59.086 58.061 57.037 61.014 64.994 68.978 26.969 0.000 0.000 0.000 0.000 23.832 66.864 61.898 67.939 80.945 89.926 93.888 94.897 94.047 100.826 100.726 93.825 94.602 94.261 94.180 94.078 93.983 93.890 97.794 60.688 32.580 0.000 0.000 0.000 0.000 0.000 0.368 40.123 44.946 43.816 45.714 42.633 66.575 0.000 0.000 38.724 45.590 61.462 50.361 47.282 43.221 41.174 41.138 42.113 42.098 42.097 47.117 43.124 34.124 0.000 0.000 0.000 41.614 43.614 42.615 74.616 74.616 74.615 74.615
59.209 59.185 59.160 59.135 57.110 59.085 65.061 66.039 64.024 51.020 12.035 0.000 0.000 0.000 0.000 19.914 15.964 56.080 87.097 91.079 95.020 95.190 93.315 100.915 93.134 94.915 94.482 94.420 96.310 95.213 94.121 94.034 99.944 22.816 0.000 0.000 0.000 0.000 0.000 21.560 60.475 60.294 48.126 44.977 55.874 50.794 51.736 12.727 0.513 36.858 41.693 52.529 48.409 52.322 46.258 49.210 48.174 45.149 42.134 41.128 41.131 47.132 0.000 0.000 0.000 0.000 38.613 38.613 48.614 74.614 74.614 74.613 74.613
