results3_8e3_rain/res_3e8f-0090.wd
ncols         241
nrows         181
xllcorner     12693529.787448
yllcorner     3542525.717860
cellsize      155.156523
NODATA_value  -9999.000000
[rows 132 to 164 of 181, columns 0 to 72 of 241]
93.359 98.358 102.358 102.357 104.356 104.354 98.353 89.351 75.348 64.346 63.342 64.339 63.335 62.330 67.325 81.319 92.312 97.304 97.295 94.284 86.271 77.256 68.237 62.213 67.182 69.146 68.104 69.057 67.017 61.981 75.946 98.912 65.884 0.000 0.000 0.000 5.506 57.498 69.491 66.464 68.442 74.425 92.418 78.415 62.416 61.418 61.423 73.429 94.435 35.441 8.447 3.462 0.000 0.000 0.000 0.000 0.000 0.000 0.000 0.000 0.000 0.000 0.000 0.000 25.265 5.186 9.106 50.004 72.856 76.753 76.643 86.727 114.190
71.363 73.363 76.363 82.362 92.361 98.359 103.357 103.355 96.353 82.350 71.347 65.343 69.339 76.334 89.329 104.323 103.316 100.308 100.298 103.287 103.274 99.259 87.241 75.218 67.192 62.161 63.128 62.093 63.060 71.031 93.004 100.982 12.968 0.000 0.000 0.000 15.514 43.522 61.555 70.548 71.529 68.506 69.502 79.498 74.495 67.491 71.487 79.483 92.480 33.477 19.468 25.478 5.487 0.000 0.000 0.000 0.000 0.000 0.000 0.000 0.000 0.000 0.000 0.000 7.345 0.000 57.131 79.050 74.926 83.896 74.956 114.316 103.073
63.368 63.368 63.368 65.367 70.366 74.364 81.363 90.360 98.358 101.355 95.352 93.348 95.344 98.339 97.333 90.327 81.320 79.312 79.303 84.292 90.280 97.265 100.248 99.228 88.206 78.180 73.153 71.126 80.100 96.077 97.058 83.044 16.038 0.000 0.000 0.000 0.000 0.000 44.659 71.645 50.619 38.570 53.584 68.582 83.574 87.563 89.550 90.537 86.525 13.518 0.494 28.494 25.497 13.500 19.500 13.501 0.000 0.000 0.000 0.000 0.000 0.000 41.572 11.519 77.424 99.356 132.207 88.177 83.226 64.179 100.242 104.752 104.656
64.374 64.374 64.373 64.372 63.371 62.370 64.368 69.366 75.363 85.361 95.357 97.353 90.349 80.344 74.339 66.333 62.326 62.318 62.309 64.299 69.287 75.274 82.259 94.241 99.222 101.201 100.179 96.158 99.137 92.120 74.106 66.099 45.102 3.126 0.000 0.000 0.000 0.000 37.777 70.753 13.734 0.000 46.682 71.672 90.657 98.638 84.615 87.589 73.567 31.554 0.000 55.508 24.505 16.502 27.501 27.501 0.000 0.000 0.000 0.000 0.000 28.681 47.625 120.563 149.482 132.361 115.912 114.854 106.522 105.160 105.033 104.897 70.120
64.380 64.379 64.379 64.378 64.377 64.376 64.374 63.372 63.369 66.366 72.363 71.359 67.355 63.350 63.345 63.339 64.332 64.325 64.317 64.307 63.297 62.285 64.271 70.256 77.240 86.223 94.205 90.188 79.172 67.159 63.149 68.143 76.144 52.151 30.154 30.136 16.098 17.032 52.918 73.855 23.831 5.839 65.791 97.766 99.743 78.716 81.682 80.636 68.601 57.577 8.551 36.524 10.515 0.000 11.501 0.000 1.208 0.000 0.000 0.000 0.000 9.740 72.683 78.599 74.584 75.740 73.712 105.501 105.394 105.281 72.476 75.251 77.121
64.386 64.385 64.385 64.384 64.383 64.382 64.380 64.378 64.376 64.373 63.370 63.366 63.361 64.356 64.351 64.346 64.340 64.333 64.326 64.317 64.308 64.297 64.285 63.272 62.259 63.244 67.230 65.217 64.205 68.194 71.186 70.182 68.180 70.179 70.174 67.158 67.127 71.079 46.009 31.920 20.894 38.895 83.878 97.857 77.833 70.803 69.759 49.674 45.625 8.601 0.000 0.000 0.000 1.487 0.000 0.000 5.208 20.182 35.133 5.064 18.978 81.825 88.808 86.877 84.860 85.939 105.702 105.604 86.729 93.518 86.370 92.140 83.980
64.392 64.392 64.391 64.390 64.390 64.388 64.387 64.385 64.383 64.380 64.377 64.373 64.368 64.363 64.358 64.353 64.348 64.342 64.336 63.328 70.320 72.310 64.300 63.289 62.278 63.266 65.255 68.245 71.235 70.227 65.221 66.217 73.214 76.211 72.205 66.193 63.173 72.147 3.120 0.000 5.932 78.969 87.968 74.953 66.929 86.902 32.879 0.000 0.000 0.000 0.442 0.447 0.466 1.487 0.000 0.000 30.235 72.203 101.155 62.087 94.968 103.121 100.080 99.168 105.977 105.889 105.797 98.817 100.693 100.390 99.249 98.179 16.094
64.398 64.398 64.398 64.397 64.396 64.395 64.394 64.392 64.390 64.387 67.384 67.380 65.376 69.370 67.365 64.361 64.357 64.352 63.346 61.340 72.332 80.324 66.316 63.307 65.297 68.288 70.279 69.271 66.264 68.259 73.254 75.252 76.249 76.247 71.243 65.236 74.226 93.214 12.205 0.000 0.000 53.081 76.074 73.056 77.029 96.998 30.976 0.000 0.435 0.435 0.436 0.432 0.464 2.490 0.000 28.348 80.295 96.241 99.169 104.165 101.328 98.316 106.217 106.141 106.061 98.134 98.918 99.789 99.468 99.439 92.370 69.275 0.000
64.405 64.405 64.405 64.404 64.403 64.402 64.401 64.400 64.398 65.396 72.393 72.389 49.384 17.375 38.371 68.370 62.367 65.363 71.358 74.352 74.346 70.339 66.332 67.324 70.317 69.310 68.303 70.297 74.292 74.288 76.286 75.285 66.285 61.284 63.284 76.282 95.281 105.280 27.281 0.000 0.000 28.201 84.189 86.168 93.134 92.082 28.053 0.000 0.434 0.000 0.000 0.334 0.000 6.496 32.466 76.409 98.325 101.338 100.425 100.425 99.516 106.362 106.291 98.344 99.143 100.004 99.789 99.643 99.599 91.531 83.489 0.000 0.000
64.412 64.412 64.412 64.411 64.411 64.410 64.409 64.408 64.406 66.404 75.402 86.399 62.397 0.000 5.375 53.379 79.378 71.375 69.371 69.366 67.360 66.354 68.348 70.342 68.336 64.330 66.325 78.321 80.319 70.317 64.317 61.318 61.320 66.322 80.325 96.329 93.334 77.343 49.358 17.395 11.390 55.334 84.313 66.295 57.255 49.146 14.099 0.000 0.000 2.892 0.082 0.107 0.000 25.533 76.500 98.412 100.604 99.594 99.702 106.563 106.499 106.431 98.409 100.292 100.003 99.876 99.820 99.746 93.669 80.605 70.568 0.000 0.000
64.419 64.419 64.419 64.419 64.418 64.418 64.417 64.416 64.415 66.414 76.412 63.410 19.406 1.415 0.000 21.394 75.391 67.388 69.384 68.379 66.375 69.370 70.365 67.360 64.355 60.351 70.347 84.345 71.344 61.344 62.346 67.350 77.354 88.360 99.366 92.375 70.385 65.398 84.415 91.435 92.441 96.431 71.435 32.442 4.447 0.000 0.000 0.000 0.000 15.891 2.892 0.000 30.648 76.578 98.593 100.778 99.793 106.741 106.685 106.626 98.681 99.479 100.366 100.064 100.048 99.987 99.911 100.818 88.737 59.650 48.609 6.609 0.609
63.427 63.427 64.426 64.426 64.426 64.426 64.425 64.425 64.424 67.423 77.422 48.422 0.000 7.423 45.421 47.411 64.405 66.401 54.398 36.394 74.390 69.385 65.381 64.377 62.373 64.370 80.368 83.367 65.368 68.370 80.375 89.380 98.388 96.396 84.406 70.418 63.432 79.450 83.470 71.491 52.507 50.515 38.554 18.592 7.643 1.815 0.078 20.133 15.133 0.000 0.000 24.735 76.750 99.847 100.863 98.971 106.849 106.796 98.849 99.659 100.535 100.341 100.218 100.194 100.140 100.088 103.017 66.881 46.809 0.000 0.000 0.000 0.000
72.435 70.434 67.433 65.433 62.433 62.434 62.434 62.434 61.433 66.433 78.433 61.433 42.436 50.432 68.428 64.423 61.418 67.415 62.411 49.408 69.405 63.401 62.398 62.394 64.391 78.389 86.387 52.387 44.390 94.395 99.402 94.410 83.420 73.431 65.444 61.459 72.477 84.499 52.524 27.551 10.582 1.627 18.672 17.730 7.814 8.949 12.073 40.133 24.133 0.000 0.000 56.986 99.012 98.130 106.999 106.951 106.901 98.889 100.780 100.504 100.396 100.364 102.320 97.268 99.237 100.209 111.187 0.000 0.000 0.000 0.000 0.000 0.000
73.443 75.442 81.440 82.440 82.441 79.442 80.443 79.443 78.443 78.442 80.442 63.442 67.442 66.440 63.438 66.434 66.431 65.428 70.425 72.422 66.420 60.417 62.414 64.411 78.409 83.406 72.405 66.406 75.409 98.417 81.427 72.438 64.450 62.464 64.479 63.497 77.519 86.544 50.574 26.610 14.654 16.715 19.769 11.841 12.932 19.039 21.136 14.195 0.000 0.000 35.225 77.232 107.131 107.089 107.046 99.127 99.931 100.828 100.535 100.531 101.487 101.441 74.396 52.332 87.331 101.325 106.334 46.393 0.000 0.000 0.000 0.000 0.000
66.453 60.451 13.445 15.445 24.449 71.451 68.452 68.452 68.452 72.452 81.452 62.452 63.451 62.450 65.448 69.446 70.443 68.441 67.439 70.437 71.435 68.433 62.431 79.428 85.426 76.423 82.421 99.421 96.426 78.436 66.452 62.466 64.480 64.494 63.511 68.532 84.557 86.585 78.619 81.659 52.709 14.773 6.846 5.934 18.033 25.138 15.237 12.316 4.342 30.451 78.417 107.209 107.171 99.273 100.081 100.966 100.778 100.663 100.646 101.598 99.557 93.515 18.493 0.000 69.429 104.425 101.432 100.452 0.000 0.000 0.000 0.000 0.000
64.464 56.464 0.000 0.000 6.461 67.461 63.461 63.462 63.462 67.462 81.461 59.461 63.461 67.460 69.458 70.457 67.455 64.454 62.452 64.451 74.450 87.449 82.447 83.446 60.443 54.440 106.434 92.432 59.436 19.450 39.478 67.494 64.508 64.523 66.541 59.562 43.590 33.621 45.657 85.699 61.752 14.821 9.910 5.018 14.127 19.243 13.362 18.463 18.552 56.609 107.265 98.466 102.204 101.106 100.919 100.809 100.784 100.747 101.705 101.667 66.627 42.570 28.569 31.575 82.531 103.516 99.516 90.532 8.567 0.000 0.000 0.000 0.000
64.475 64.477 47.482 0.000 7.471 68.471 64.471 64.471 63.471 64.471 79.471 66.471 69.470 71.470 70.469 65.468 62.467 63.467 63.466 62.465 72.465 95.465 91.464 78.464 71.462 62.458 38.443 27.437 14.436 0.000 20.515 69.524 64.536 66.550 49.566 23.585 8.622 5.653 47.688 64.728 33.777 5.850 8.953 14.099 21.215 17.345 11.502 4.666 8.007 55.864 107.337 101.355 101.114 100.936 100.920 100.884 100.842 100.804 98.768 89.736 22.713 0.000 39.637 98.626 103.604 101.590 95.586 85.591 3.602 0.000 0.000 0.000 0.000
61.485 63.486 60.488 0.000 3.482 68.481 63.481 61.481 63.481 67.481 71.481 70.481 70.481 68.480 62.480 63.480 63.480 64.479 64.479 69.479 87.480 86.480 79.482 88.483 86.485 57.487 0.000 0.000 0.000 0.000 18.544 69.550 64.561 67.574 38.588 0.623 34.658 60.682 80.714 49.749 1.778 0.000 0.000 3.211 13.291 13.421 13.608 7.984 5.138 107.537 107.439 100.264 101.108 101.008 100.974 100.935 100.897 102.861 87.827 70.798 30.776 6.765 54.715 84.689 93.668 102.654 91.647 80.646 2.648 0.000 0.000 0.000 0.000
68.494 66.494 55.495 0.000 54.492 62.492 64.491 68.491 69.491 70.491 68.491 69.491 67.491 63.491 63.491 64.491 64.492 63.492 65.492 88.493 87.494 69.496 82.498 80.502 84.507 82.517 45.539 1.555 10.566 40.570 45.567 65.573 64.583 64.598 59.619 51.651 68.676 67.704 61.738 83.774 31.807 0.000 0.000 7.242 12.317 10.434 11.585 35.805 60.250 107.627 102.597 102.340 102.079 101.065 101.025 100.987 101.950 99.915 54.882 31.853 43.827 44.803 98.771 100.746 80.725 90.711 85.701 58.697 23.696 0.000 0.000 0.000 0.000
69.502 70.502 67.504 55.507 69.503 69.502 69.502 70.501 70.501 71.501 83.500 65.500 63.501 63.502 64.503 64.503 64.504 65.504 79.505 90.507 65.509 69.511 96.514 88.519 76.525 79.535 82.548 66.561 71.570 86.577 79.582 67.590 60.601 60.617 71.638 87.664 74.691 46.721 18.758 73.804 62.870 11.980 15.086 20.199 16.299 7.417 9.511 50.811 103.063 107.710 99.577 102.226 103.153 101.114 101.076 101.038 94.002 83.967 40.934 11.904 20.876 21.849 82.822 124.798 105.778 81.762 73.751 52.745 61.742 14.742 0.000 0.916 4.916
74.509 74.510 70.511 70.512 70.512 71.512 71.511 67.511 64.511 63.511 26.510 16.508 67.511 64.513 64.514 64.515 63.516 66.517 90.518 76.520 61.522 67.525 84.529 101.534 96.540 93.549 91.559 87.569 83.578 82.585 90.593 87.603 81.616 77.632 80.651 84.675 46.702 10.733 9.768 25.814 21.889 6.983 16.080 26.169 22.266 13.390 6.552 49.797 107.863 107.788 102.473 104.313 101.200 101.166 102.126 98.089 82.052 75.017 80.984 86.952 70.923 92.895 107.869 124.845 133.825 117.809 79.797 84.790 59.786 0.000 0.000 0.000 0.000
13.514 14.518 74.519 69.520 69.521 64.521 61.521 63.521 58.522 11.522 11.522 0.523 68.524 64.524 64.525 64.526 64.527 82.529 89.531 62.533 64.535 64.539 67.543 73.548 75.554 75.561 71.569 74.578 90.586 83.594 74.603 77.613 84.627 88.642 91.661 88.683 63.709 28.739 11.769 10.794 0.000 0.044 11.082 20.133 4.199 0.000 19.727 79.964 107.935 99.824 103.542 103.277 101.259 101.215 102.176 97.138 84.101 50.065 57.031 99.999 110.969 142.940 133.914 105.889 93.869 110.851 89.839 83.830 58.826 0.000 0.000 0.000 0.000
0.530 9.529 23.525 78.529 63.530 61.530 63.531 63.531 64.532 11.533 2.534 57.538 65.536 64.536 64.537 64.538 66.539 90.541 75.543 61.545 64.548 64.551 64.555 63.560 63.566 63.572 62.580 69.587 98.595 77.602 8.610 16.620 28.635 79.650 89.667 73.688 78.713 65.744 17.776 14.799 0.000 4.988 18.032 10.082 0.000 0.000 37.876 108.075 108.006 102.706 104.442 100.347 101.306 101.264 101.224 101.185 88.148 51.112 66.077 103.044 99.013 132.983 127.956 96.930 101.908 87.890 68.876 86.867 64.863 0.000 0.000 0.000 0.000
62.547 58.543 0.000 70.540 80.540 81.540 62.540 74.541 81.542 57.543 55.544 65.546 64.546 64.547 64.548 64.549 83.550 87.552 62.554 64.557 63.560 62.563 64.567 64.572 64.577 64.583 63.590 71.596 100.603 81.610 27.616 0.630 51.645 76.655 89.670 68.688 58.711 17.748 10.790 13.829 11.885 19.943 23.975 0.000 0.000 16.817 79.050 108.142 99.971 103.684 103.424 101.400 101.354 101.312 101.271 102.232 93.194 82.157 105.122 130.088 118.055 135.025 131.995 125.969 132.944 98.924 75.908 85.898 93.895 22.905 0.000 0.000 0.000
64.553 63.553 58.555 64.551 63.550 11.550 85.550 77.551 64.551 65.552 65.554 64.555 64.556 64.557 64.558 67.560 90.561 73.563 63.565 64.568 70.571 78.575 64.579 62.583 64.588 63.593 66.599 90.605 98.612 73.618 61.626 49.637 71.647 70.657 31.668 16.682 13.696 0.000 2.807 2.840 3.884 4.926 6.951 0.000 19.933 77.050 99.189 108.207 100.932 101.570 101.489 101.444 101.400 101.358 101.317 102.277 93.238 76.201 72.165 105.130 95.096 109.064 112.033 100.004 101.977 73.953 50.934 64.921 131.915 84.915 19.918 9.918 31.918
64.560 64.560 64.560 64.559 64.559 58.559 74.559 90.560 66.561 63.562 64.563 64.565 64.566 64.567 63.569 86.570 88.572 62.574 64.576 65.579 62.582 24.586 83.590 78.594 65.599 63.603 81.609 100.614 84.620 64.626 64.633 65.641 68.648 72.656 9.666 10.674 0.000 0.000 14.792 0.000 0.000 0.000 0.000 0.000 43.083 100.211 108.332 108.270 100.820 101.648 101.529 101.489 101.445 101.402 101.361 100.321 85.282 87.244 107.207 126.171 125.136 130.102 135.069 122.037 120.006 106.978 55.955 53.938 129.928 93.923 31.920 24.919 89.918
64.567 64.567 64.567 64.567 64.567 64.568 64.568 75.569 90.570 66.572 63.573 64.574 64.576 62.578 70.579 91.581 71.583 63.585 65.587 63.589 5.593 2.597 71.601 72.605 78.609 77.613 85.618 84.622 65.628 63.633 65.639 68.644 73.650 73.653 0.000 0.000 0.000 1.775 25.777 12.772 13.770 12.770 0.000 4.385 51.424 105.448 108.392 100.167 101.871 101.603 101.580 101.532 101.488 101.445 101.404 101.363 87.324 83.285 104.248 105.211 105.174 108.139 108.104 107.069 112.033 84.997 60.968 75.948 90.936 29.930 0.000 0.000 33.918
64.575 66.574 66.574 64.575 64.576 64.576 64.577 64.578 75.579 90.581 66.582 61.584 61.586 78.588 90.590 84.592 61.594 64.595 60.597 6.596 3.604 57.608 64.611 64.615 70.619 87.622 87.626 80.631 73.635 65.640 52.644 22.649 87.652 67.655 0.000 0.000 0.000 0.767 14.769 7.769 21.769 10.769 0.000 4.634 24.661 108.510 108.451 101.035 101.762 101.665 101.620 101.574 101.530 101.487 101.446 102.405 97.365 87.326 82.288 81.250 81.212 81.176 81.139 85.102 59.061 3.010 28.972 84.951 80.938 41.931 3.927 0.000 32.918
65.582 2.582 3.580 64.583 63.584 62.585 62.586 61.587 61.589 74.590 89.592 82.594 89.596 91.598 78.600 62.602 69.605 69.607 57.609 0.000 5.618 68.620 64.622 66.625 90.628 97.632 75.635 66.639 73.642 80.646 68.650 4.653 47.656 65.658 0.000 0.000 0.000 1.756 7.761 4.766 18.767 0.000 0.000 4.857 10.214 108.567 106.295 101.997 101.736 101.709 101.660 101.615 101.571 101.528 101.487 101.446 102.406 101.367 99.327 98.288 98.250 99.212 101.175 75.137 17.099 0.000 13.959 69.946 100.935 91.928 64.923 40.919 57.918
64.591 63.591 0.000 63.593 74.593 78.594 82.595 87.596 90.597 91.599 91.601 91.603 77.606 64.608 80.610 97.613 98.616 98.619 91.623 69.630 4.629 65.631 63.633 72.636 100.638 87.641 64.644 63.647 65.650 68.653 59.656 4.659 24.662 24.664 0.000 0.000 0.000 7.748 2.755 0.000 1.767 0.000 12.779 14.171 5.539 108.621 110.243 105.874 101.792 101.745 101.699 101.654 101.610 101.568 101.527 101.486 101.446 101.407 101.367 101.327 102.286 105.248 77.211 10.174 0.000 0.000 0.000 14.938 70.930 101.923 92.918 68.916 45.917
64.599 66.600 62.604 64.602 79.602 78.602 74.603 70.604 69.606 65.608 86.610 76.613 87.615 78.618 94.621 90.623 83.626 84.630 95.633 101.637 90.639 91.641 83.643 91.646 99.648 72.650 63.652 64.655 64.657 63.660 63.662 65.665 60.668 9.672 69.679 60.685 0.000 1.734 0.000 0.000 0.000 3.515 81.630 78.852 108.718 108.671 104.121 104.943 101.823 101.782 101.736 101.692 101.649 101.607 101.566 101.526 101.486 101.447 101.407 103.365 108.320 77.282 17.247 0.000 0.000 0.000 0.000 0.000 11.922 62.915 97.912 47.910 0.000
66.607 2.606 61.609 64.610 64.610 64.611 63.612 64.612 66.614 64.617 76.620 71.622 80.625 91.628 79.631 64.634 65.637 66.640 67.644 72.647 85.650 95.652 101.654 99.656 88.658 64.659 64.661 64.663 64.665 64.666 65.668 88.670 61.672 1.676 65.681 15.690 9.704 2.719 0.000 0.000 0.000 13.430 101.640 103.835 108.762 102.461 102.158 101.890 101.866 101.817 101.772 101.728 101.686 101.645 101.605 101.565 101.526 101.488 103.449 88.407 42.348 9.315 0.000 0.000 0.000 0.000 0.000 0.000 0.000 33.904 95.903 47.902 0.000
67.616 0.616 61.617 64.618 64.618 64.619 64.620 65.620 3.620 63.626 67.629 78.632 78.635 86.638 91.641 77.644 62.647 62.651 62.654 64.658 66.660 67.663 68.664 68.666 67.667 66.668 62.669 62.671 63.672 64.673 75.674 89.675 60.677 54.678 56.680 0.000 0.000 2.719 0.000 0.000 0.000 17.447 100.554 108.844 108.803 101.316 102.040 101.942 101.896 101.851 101.806 101.764 101.722 101.682 101.642 101.604 101.566 101.529 106.494 62.467 0.000 0.000 0.000 0.000 0.000 0.000 0.000 0.000 0.000 36.895 96.894 55.893 0.000
