results3_8e3_rain/res_3e8f-0186.wd
ncols         241
nrows         181
xllcorner     12693529.787448
yllcorner     3542525.717860
cellsize      155.156523
NODATA_value  -9999.000000
[rows 66 to 98 of 181, columns 146 to 218 of 241]
37.779 52.717 74.658 75.604 75.554 75.508 75.465 75.424 75.387 78.356 14.337 0.000 2.207 0.000 0.000 0.000 0.000 0.678 47.678 22.678 0.000 29.676 59.675 59.675 59.675 66.674 72.673 72.671 72.668 72.664 72.660 72.655 72.650 72.644 72.639 74.635 59.631 60.628 52.628 0.000 0.000 0.000 0.000 0.000 28.971 35.962 44.943 38.906 16.857 14.825 29.800 50.776 58.752 52.729 47.705 47.682 37.658 34.635 34.611 37.589 58.566 70.544 65.523 54.502 61.482 68.463 72.445 72.427 71.410 71.394 71.378 71.363 71.349
40.839 59.777 77.718 75.664 75.615 75.571 75.529 75.488 80.447 69.415 39.401 36.416 0.000 0.000 0.000 0.000 0.000 18.678 20.678 0.000 0.000 0.000 29.672 60.672 69.671 72.671 72.670 72.668 72.665 76.662 74.658 72.654 72.650 72.646 71.641 63.637 57.634 63.631 53.630 0.000 0.000 0.000 0.000 20.963 34.964 39.959 35.953 0.000 1.806 11.793 31.776 34.756 48.735 57.713 46.691 45.668 43.645 34.622 34.598 33.575 39.552 63.530 70.508 55.487 57.467 59.448 61.429 65.411 69.394 71.378 72.362 71.347 71.333
45.897 66.833 76.772 75.718 75.672 75.631 73.593 72.552 27.500 12.457 43.435 49.431 14.434 0.000 0.000 0.000 0.000 0.000 0.000 0.000 0.000 13.668 42.669 62.669 72.669 72.668 72.667 72.665 72.663 74.660 73.657 72.654 72.651 73.647 63.643 61.640 64.636 59.633 51.632 0.000 0.000 0.000 0.000 38.962 41.962 3.959 2.956 0.000 6.775 39.767 41.754 51.737 54.719 65.698 63.677 51.655 40.632 32.608 34.585 34.561 29.538 43.515 60.493 64.472 69.451 66.432 59.413 64.395 67.378 67.362 65.346 67.331 70.317
50.955 73.887 77.818 78.764 75.724 76.689 71.658 17.628 1.583 42.478 43.451 48.439 56.436 0.000 0.000 0.000 0.000 0.000 0.000 0.000 0.000 25.667 48.667 61.667 73.666 72.665 72.664 72.663 72.661 73.659 72.656 72.654 72.651 69.648 63.645 28.641 1.639 0.000 0.000 0.000 0.000 0.000 0.000 34.962 41.962 0.000 0.000 0.000 56.752 42.746 37.735 65.720 70.704 71.685 75.664 69.642 57.619 37.595 34.571 34.547 32.523 33.500 39.477 40.456 47.435 55.415 62.396 66.378 67.361 68.344 64.329 67.314 68.300
33.014 37.941 47.851 23.795 80.771 77.745 62.722 39.705 9.704 0.000 0.000 0.000 0.000 0.000 0.000 0.000 0.000 0.000 0.000 0.000 0.000 26.666 51.665 54.665 70.664 72.663 72.662 72.661 76.660 75.658 72.656 72.654 73.652 64.650 67.649 0.000 0.000 0.000 0.000 0.000 0.000 0.000 0.000 0.000 28.962 37.962 0.000 0.000 87.736 50.729 32.719 63.706 71.691 71.673 71.653 74.631 73.607 53.582 36.557 34.532 32.508 35.484 36.461 44.439 49.417 38.397 38.378 43.360 48.343 54.326 59.311 63.296 67.282
79.080 58.010 0.000 0.000 84.818 76.797 63.781 45.768 12.761 0.000 0.000 0.000 0.000 0.000 0.000 0.000 0.000 0.000 0.000 0.000 0.000 0.000 12.663 56.663 72.662 72.662 72.661 72.660 74.658 73.657 72.655 72.654 73.652 61.651 71.650 0.000 0.000 0.000 0.000 0.000 0.000 0.000 0.000 0.000 0.000 4.962 12.962 0.000 24.726 40.717 33.706 63.694 71.680 71.664 72.644 72.622 72.596 65.570 41.543 37.517 35.492 32.467 53.443 65.420 71.399 55.378 48.359 44.341 42.324 39.308 39.292 39.278 67.264
55.158 0.000 0.000 82.002 81.888 79.843 70.836 55.825 11.811 0.000 0.000 0.000 0.000 0.000 0.000 0.000 0.000 0.000 0.000 0.000 0.000 0.000 38.661 61.661 73.661 72.660 72.659 73.658 72.657 72.656 72.655 72.654 73.653 66.652 31.651 0.000 0.000 0.000 0.000 0.000 0.000 0.000 0.000 0.000 0.000 0.000 0.000 0.000 0.000 37.705 36.694 54.684 69.672 72.657 66.639 62.615 68.587 59.557 42.528 41.502 50.475 45.449 68.425 72.401 71.379 69.359 69.339 66.321 64.304 61.288 57.273 49.258 69.245
82.204 72.204 78.174 34.116 0.000 0.870 76.896 50.884 11.848 0.000 14.088 0.000 0.000 0.000 0.000 0.000 0.000 0.000 0.000 0.000 0.000 1.659 54.659 66.659 73.659 72.659 72.658 74.657 74.656 72.656 72.655 72.654 71.653 67.652 16.652 0.000 0.000 0.000 0.000 0.000 0.000 0.000 0.000 0.000 0.000 0.000 0.000 0.000 0.000 0.000 25.680 51.675 69.667 70.655 51.639 54.611 56.580 53.542 38.513 35.486 58.458 67.431 71.405 73.381 73.358 74.338 72.318 72.300 73.283 72.268 73.253 73.238 72.225
84.251 76.233 81.203 32.172 0.000 0.000 67.975 15.969 0.000 0.000 46.088 9.088 0.000 0.000 0.000 0.000 0.000 0.000 0.000 0.000 0.000 0.658 57.658 69.658 73.658 72.657 72.657 73.656 73.656 72.655 72.654 73.653 69.653 64.652 14.652 0.000 0.000 0.000 0.000 0.000 0.000 0.000 0.000 0.000 0.000 0.000 0.000 0.000 17.670 19.671 30.672 46.670 68.665 70.658 16.651 0.000 0.000 43.518 37.494 32.470 46.442 65.411 71.383 73.358 73.336 73.315 71.296 71.278 72.262 71.246 71.232 72.218 72.205
76.317 76.273 76.234 74.197 61.165 47.121 40.061 39.047 35.072 38.083 41.088 41.088 13.088 0.000 0.000 0.000 0.000 0.000 18.655 20.655 0.000 10.656 56.657 70.657 72.657 72.656 72.656 72.656 72.655 72.654 72.654 72.653 54.653 49.652 47.652 42.652 6.651 0.000 0.000 0.000 0.000 0.000 0.000 0.000 0.000 0.000 0.000 0.000 21.669 47.669 38.669 42.667 62.664 63.660 36.657 0.000 0.000 0.000 34.476 39.458 38.429 57.387 70.358 71.333 71.311 71.291 71.272 71.255 71.239 71.224 71.210 71.196 71.183
76.357 76.308 76.261 75.218 72.177 74.138 48.101 27.085 65.086 38.090 42.091 18.090 0.000 0.000 0.000 0.000 0.000 0.000 18.655 64.655 13.655 1.655 55.656 69.656 73.656 72.656 74.655 75.655 73.654 72.654 72.653 70.653 63.652 54.652 55.652 54.651 7.651 0.000 0.000 0.000 0.000 0.000 0.000 0.000 0.000 0.000 0.000 0.000 15.669 50.668 42.668 49.666 64.664 59.661 65.660 0.000 0.000 0.000 0.000 0.000 0.000 47.349 70.328 71.306 71.285 71.265 71.247 71.231 71.216 71.201 71.187 71.174 71.162
76.393 76.342 77.286 79.234 76.189 76.150 75.121 76.105 67.099 45.098 17.097 0.000 0.000 0.000 0.000 0.000 0.000 0.000 5.655 57.655 44.655 34.655 50.655 72.655 72.655 72.655 72.655 72.654 72.654 72.653 72.653 72.653 70.652 49.652 53.652 60.651 3.651 0.000 0.000 0.000 0.000 0.000 0.000 0.000 0.000 0.000 0.000 0.000 11.668 62.668 6.667 29.665 52.663 59.662 20.661 0.000 0.000 0.000 0.000 0.000 0.000 1.325 59.299 72.278 71.257 71.238 71.221 71.206 71.191 71.177 71.164 71.152 71.140
79.431 75.383 72.305 74.245 77.196 77.153 79.129 76.115 74.108 61.105 10.103 0.000 0.000 0.000 0.000 0.000 0.000 0.000 0.000 13.654 48.654 40.654 56.654 74.654 72.654 72.654 72.654 72.654 72.653 72.653 72.653 72.652 73.652 62.652 49.651 53.651 59.651 1.651 0.000 0.000 0.000 0.000 0.000 0.000 0.000 0.000 0.000 0.000 0.000 7.668 0.000 0.000 37.663 56.662 0.000 0.000 0.000 0.000 0.000 0.000 0.000 0.000 47.275 68.251 71.228 71.209 71.193 71.179 71.166 71.153 71.141 71.129 71.117
72.477 33.454 0.000 0.000 0.000 69.136 74.127 80.118 76.113 65.109 15.108 0.000 49.112 19.112 0.000 0.000 0.000 0.000 0.000 0.000 40.654 44.654 65.654 73.654 74.654 75.654 72.654 72.653 72.653 72.653 72.652 72.652 72.652 73.651 52.651 34.651 43.650 4.650 0.000 0.000 0.000 0.000 0.000 0.000 0.000 0.000 0.000 0.000 0.000 0.000 0.000 0.000 26.663 59.662 0.000 0.000 0.000 0.000 0.000 0.000 0.000 0.000 0.000 48.222 68.194 71.177 71.164 71.152 71.140 71.129 71.117 71.106 71.094
67.516 24.503 0.000 0.000 44.128 42.128 59.124 78.119 75.115 60.112 41.111 45.112 49.113 15.112 0.000 0.000 0.000 0.000 11.653 0.000 41.653 52.653 72.654 72.654 75.653 75.653 72.653 72.653 72.653 72.652 72.652 72.652 72.651 73.651 69.651 64.650 53.650 33.650 27.650 0.000 0.000 0.000 0.000 0.000 0.000 0.000 0.000 0.000 0.000 0.000 0.000 0.000 28.663 20.662 0.000 0.000 0.000 0.000 0.000 0.000 0.000 0.000 0.000 0.000 53.148 69.141 71.133 71.124 71.114 71.104 71.094 71.083 71.071
73.547 54.539 26.547 0.000 0.000 44.125 44.122 66.118 78.116 56.114 43.113 48.113 26.113 0.000 0.000 0.000 0.000 0.000 40.653 33.653 38.653 55.653 74.653 74.653 75.653 72.653 72.653 72.653 72.652 72.652 72.652 72.652 72.651 72.651 72.651 74.650 63.650 51.650 40.649 41.649 34.649 25.648 30.648 0.000 0.000 0.000 0.000 0.000 0.000 0.000 0.000 0.000 31.662 6.662 0.000 0.000 0.000 0.000 0.000 0.000 0.000 0.000 0.000 0.000 38.110 66.107 70.102 71.096 71.089 71.080 71.071 71.060 71.049
76.569 67.561 20.554 0.000 0.000 0.000 43.120 48.118 75.116 63.115 44.114 47.113 22.113 0.000 0.000 0.000 0.000 0.000 43.652 36.653 39.653 57.653 76.653 75.653 73.653 73.653 72.653 72.652 72.652 72.652 72.652 73.651 73.651 73.651 67.650 58.650 62.650 69.649 62.649 60.649 48.649 35.648 42.648 0.648 0.000 0.000 0.000 0.000 0.000 0.000 0.000 0.000 0.000 0.000 0.000 0.000 0.000 0.000 0.000 0.000 0.000 0.000 0.000 0.000 30.075 61.075 71.073 73.069 73.064 73.057 72.049 71.038 71.026
76.588 51.582 0.000 0.000 0.000 0.000 0.000 50.116 63.116 57.115 56.114 53.114 43.114 21.114 0.000 0.000 0.000 0.000 42.652 35.652 40.652 55.653 67.653 64.653 59.653 61.653 66.653 71.652 73.652 73.652 71.652 61.651 59.651 64.651 53.650 50.650 50.649 61.649 65.649 60.649 46.648 35.648 7.648 0.000 0.000 0.000 0.000 0.000 0.000 0.000 0.000 0.000 0.000 0.000 0.000 0.000 0.000 0.000 0.000 0.000 0.948 0.000 0.000 0.000 18.041 43.044 49.045 51.044 51.042 52.036 61.029 70.019 71.005
75.602 41.598 0.000 0.000 0.000 0.000 0.000 45.116 39.115 38.115 46.114 46.114 46.114 42.114 15.114 0.000 0.000 0.000 47.652 42.652 47.652 57.652 60.652 63.653 21.653 0.000 0.000 12.652 73.652 70.652 59.651 14.651 0.000 0.000 52.650 84.649 77.649 56.649 62.649 56.648 45.648 30.648 33.648 0.000 0.000 0.000 0.000 0.000 0.000 0.000 0.000 0.000 0.000 0.000 0.000 0.000 0.000 0.000 13.948 3.948 21.948 42.953 53.962 52.978 71.004 79.015 80.020 78.022 80.021 67.018 50.012 68.002 70.985
73.613 38.610 0.000 0.000 0.000 0.000 0.000 45.115 41.115 20.115 0.000 0.000 0.111 0.000 0.000 0.000 0.000 0.000 53.652 47.652 42.652 38.652 24.652 0.000 0.000 0.000 0.000 0.000 0.000 0.000 46.651 8.651 0.000 0.000 0.000 47.649 80.649 40.649 41.648 40.648 36.648 39.648 86.648 45.648 0.000 0.000 0.000 0.000 0.000 0.000 0.000 0.000 0.000 0.000 0.000 0.000 12.921 3.921 0.000 0.000 7.943 89.948 85.956 67.968 68.982 65.991 66.998 89.001 82.003 68.002 48.000 56.991 55.970
59.621 40.619 34.622 0.000 0.000 0.000 0.000 0.000 43.115 27.115 0.000 0.000 0.000 0.000 0.000 0.000 0.000 0.000 53.652 53.652 54.652 37.652 12.652 0.000 0.000 0.000 0.000 0.000 0.000 0.000 42.651 19.651 0.000 0.000 0.000 46.649 95.649 59.648 62.648 57.648 42.648 60.648 114.648 111.648 42.648 0.000 0.000 0.000 0.000 0.000 0.000 0.000 0.000 0.000 0.000 0.000 2.921 20.921 10.923 8.927 17.934 92.940 59.946 67.955 58.964 39.972 50.978 93.983 59.986 46.989 53.994 7.992 0.000
43.626 43.624 29.624 0.000 0.000 0.000 0.000 0.000 0.000 0.000 0.000 0.000 0.000 0.000 0.000 0.000 0.000 0.000 56.652 47.652 41.652 39.652 13.652 0.000 0.000 0.000 0.000 0.000 0.000 39.651 32.651 57.651 53.651 0.000 5.648 52.648 58.648 50.648 93.648 82.648 53.648 6.648 70.648 125.648 9.648 0.000 0.000 0.000 0.000 0.000 0.000 0.000 21.920 18.920 13.920 2.920 71.920 109.921 100.921 96.923 43.927 87.931 55.935 44.941 91.948 72.954 92.960 73.965 43.970 51.975 0.000 0.000 0.000
46.629 47.628 39.627 0.000 0.000 0.000 0.000 0.000 0.000 0.000 0.000 0.000 0.000 0.000 0.000 0.000 0.000 0.000 10.652 51.652 41.652 19.652 0.000 0.000 0.000 0.000 0.000 0.000 0.000 41.651 38.651 14.651 0.000 0.000 0.000 26.648 5.648 0.000 6.648 48.648 4.647 0.000 26.648 92.648 47.648 0.000 0.000 0.000 0.000 0.000 0.000 0.000 0.000 3.920 0.000 0.000 27.920 7.919 71.918 75.918 26.919 87.921 64.923 37.927 55.931 105.937 119.942 53.948 41.955 8.965 0.000 0.000 17.786
45.632 46.630 46.629 50.629 42.629 0.000 0.000 0.000 0.000 0.000 0.000 0.000 0.000 0.000 0.000 0.000 0.000 0.000 0.000 41.652 37.652 21.652 0.000 0.000 0.000 0.000 0.000 0.000 42.651 39.651 16.651 0.000 0.000 0.000 0.000 0.648 0.000 0.000 0.000 52.647 1.647 0.000 26.648 0.000 0.000 0.000 0.000 0.000 0.000 0.000 0.000 0.000 0.000 12.920 6.920 8.920 1.920 0.000 47.912 66.912 25.911 89.910 69.910 39.912 88.915 91.919 86.924 94.930 58.936 0.000 0.000 0.754 31.769
47.634 25.631 36.630 45.629 45.629 45.629 44.629 0.000 0.000 0.000 0.000 0.000 0.000 0.000 0.000 0.000 0.000 0.000 0.000 43.651 39.651 23.651 0.000 0.000 0.000 0.000 0.000 0.000 0.000 45.651 17.651 0.000 0.000 0.000 0.000 0.000 0.000 4.647 16.647 39.647 43.647 20.647 0.000 0.000 0.000 0.000 0.000 0.000 0.000 0.000 0.000 0.000 0.000 1.920 0.000 5.920 0.000 0.000 50.908 70.906 30.902 90.897 75.895 89.895 89.897 48.900 41.905 86.912 35.924 0.000 0.000 32.738 40.747
52.636 0.000 0.000 42.629 31.629 0.000 44.629 34.629 0.000 0.000 0.000 0.000 0.000 0.000 0.000 0.000 0.000 0.000 0.000 42.651 39.651 27.651 0.000 0.000 0.000 0.000 0.000 0.000 0.000 0.000 0.000 0.000 0.000 0.000 0.000 0.000 0.000 0.000 55.647 72.647 33.647 0.000 0.000 0.000 0.000 0.000 0.000 0.000 0.000 0.000 0.000 0.000 0.000 0.000 0.000 10.920 0.000 0.000 85.905 71.902 32.896 90.882 87.878 79.877 71.878 57.881 58.884 27.888 0.000 0.000 16.718 35.725 42.730
49.637 0.000 0.000 29.629 21.629 0.000 0.000 0.000 0.000 53.632 49.632 40.632 0.000 0.000 0.000 0.000 0.000 0.000 0.000 46.651 42.651 24.651 0.000 0.000 0.000 0.000 0.000 0.000 0.000 0.000 0.000 0.000 0.000 0.000 0.000 0.000 0.000 0.000 18.647 102.646 68.646 0.000 0.000 0.000 0.000 0.000 0.000 0.000 0.000 0.000 0.000 0.000 0.000 0.000 0.000 0.000 0.000 0.000 17.905 0.000 0.000 64.858 105.857 84.857 83.857 81.859 84.863 32.869 0.000 0.000 20.711 34.713 35.715
65.637 0.000 0.000 0.000 0.000 51.634 38.634 0.000 49.632 43.632 43.632 35.632 0.000 0.000 0.000 0.000 0.000 0.000 0.000 46.651 41.651 29.651 0.000 0.000 0.000 0.000 0.000 0.000 0.000 0.000 0.000 0.000 0.000 0.000 0.000 0.000 0.000 0.000 0.000 46.646 38.646 9.646 0.000 0.000 0.000 0.000 0.000 0.000 0.000 0.000 0.000 0.000 0.000 0.000 0.000 0.000 0.000 0.000 0.000 0.000 0.000 11.836 47.835 48.835 46.835 46.837 43.841 39.855 0.000 0.000 13.702 34.702 32.701
76.637 65.636 47.636 48.635 47.635 41.634 42.634 43.633 41.632 46.632 45.632 36.632 33.632 0.000 0.000 0.000 0.000 0.000 0.000 33.651 0.000 0.000 0.000 0.000 0.000 0.000 0.000 0.000 0.000 0.000 0.000 0.000 0.000 0.000 0.000 0.000 0.000 0.000 0.000 0.000 45.646 8.646 0.000 0.000 0.000 0.000 0.000 0.000 0.000 0.000 0.000 0.000 0.000 0.000 0.000 0.000 0.000 0.000 0.000 0.000 0.000 2.813 35.814 34.813 34.812 50.811 45.809 0.000 0.000 0.000 6.694 47.692 59.688
76.637 70.636 40.636 40.635 40.635 23.634 24.634 28.633 38.632 47.632 44.632 36.632 39.632 28.632 0.000 0.000 0.000 0.000 0.000 0.000 0.000 0.000 0.000 0.000 0.000 0.000 0.000 0.000 0.000 0.000 0.000 0.000 0.000 0.000 0.000 0.000 0.000 0.000 0.000 0.000 2.646 48.646 7.646 0.000 0.000 0.000 0.000 0.000 0.000 0.000 0.000 0.000 0.000 0.000 0.000 0.000 0.000 0.000 0.000 0.000 27.781 30.790 34.793 34.793 36.790 55.784 45.775 28.755 0.000 0.000 42.687 63.683 70.677
76.636 74.636 44.636 41.635 21.635 0.000 0.000 0.000 0.000 38.632 41.632 39.632 32.631 0.000 0.000 0.000 0.000 0.000 0.000 0.000 0.000 0.000 0.000 0.000 0.000 0.000 0.000 0.000 0.000 0.000 0.000 0.000 0.000 0.000 0.000 0.000 0.000 0.000 0.000 0.000 0.646 51.646 13.646 0.000 0.000 0.000 0.000 0.000 0.000 0.000 0.000 0.000 0.000 0.000 0.000 0.000 0.000 0.000 0.000 0.000 38.771 35.775 34.776 30.774 43.770 60.763 44.752 33.735 28.712 28.695 52.684 69.676 70.667
76.636 74.636 27.636 31.635 0.000 0.000 0.000 0.000 0.000 0.000 29.632 42.631 34.631 0.000 0.000 0.000 0.000 0.000 0.000 0.000 0.000 0.000 0.000 0.000 0.000 0.000 0.000 0.000 0.000 0.000 0.000 0.000 0.000 0.000 0.000 0.000 0.000 0.000 0.000 0.000 0.000 0.646 19.646 0.000 0.000 0.000 0.000 0.000 0.000 0.000 0.000 0.000 7.741 15.741 0.000 0.000 0.000 0.000 0.000 32.753 30.759 29.761 34.761 48.758 61.753 51.745 35.735 33.721 35.705 32.691 53.679 71.668 70.658
76.636 50.636 0.000 0.000 0.000 0.000 0.000 0.000 0.000 0.000 0.000 32.631 39.631 37.631 0.000 0.000 0.000 0.000 0.000 0.000 0.000 0.000 0.000 0.000 0.000 0.000 0.000 0.000 0.000 0.000 0.000 0.000 0.000 0.000 0.000 0.000 0.000 0.000 0.000 0.000 0.000 0.000 0.000 0.000 0.000 0.000 0.000 0.000 0.000 0.000 0.000 0.000 0.000 8.741 10.741 0.000 37.743 29.743 27.745 39.748 53.750 58.750 60.748 60.744 46.738 34.730 33.721 33.709 32.696 34.683 57.672 72.660 70.649
