results3_8e3_rain/res_3e8f-0182.wd
ncols         241
nrows         181
xllcorner     12693529.787448
yllcorner     3542525.717860
cellsize      155.156523
NODATA_value  -9999.000000
[rows 99 to 131 of 181, columns 73 to 145 of 241]
59.784 59.760 59.735 58.709 58.682 63.654 66.626 63.599 59.579 59.569 53.571 9.576 0.000 0.000 0.000 0.000 0.000 14.780 72.747 97.702 95.695 94.851 101.519 101.448 94.549 95.246 95.093 94.984 95.880 95.781 94.691 98.616 57.563 0.000 0.000 0.000 0.000 0.000 0.000 34.471 60.395 72.287 40.153 21.946 51.851 54.765 52.672 56.553 53.362 51.074 20.755 45.512 49.384 64.298 70.235 73.189 71.154 66.130 59.114 54.106 49.102 27.094 0.000 0.000 0.000 0.000 21.505 39.505 51.505 75.504 76.504 76.504 76.504
59.834 59.811 58.787 56.761 60.733 65.703 66.670 66.632 60.605 57.589 62.583 62.582 23.583 0.000 17.412 47.359 24.247 4.047 60.952 100.831 96.080 96.096 101.578 93.861 95.649 95.304 95.216 95.105 94.998 94.897 96.807 95.736 31.690 0.000 0.000 0.000 0.000 0.000 2.772 38.647 44.551 55.462 4.391 0.000 46.969 54.909 53.817 57.691 57.511 28.292 0.000 40.412 54.355 59.292 80.241 81.202 81.172 82.150 83.135 81.127 62.123 0.128 0.142 1.150 0.000 0.000 0.000 38.504 51.504 75.504 76.504 76.504 76.504
59.885 58.864 58.841 61.815 64.786 65.755 40.718 4.656 33.619 69.599 42.590 16.586 8.584 0.000 28.464 78.419 75.333 67.218 86.098 97.249 94.236 101.661 95.142 95.948 95.515 95.449 95.333 95.223 95.111 96.001 93.905 81.829 28.772 1.748 0.000 0.000 0.000 2.996 41.896 48.794 46.700 47.618 20.558 0.000 53.148 71.085 63.998 58.883 33.697 0.000 0.107 23.369 13.333 53.275 78.236 82.205 80.181 80.163 80.150 82.143 55.141 49.147 49.149 55.150 0.000 0.000 0.000 15.504 50.504 75.503 76.503 76.503 76.503
58.939 57.920 62.898 65.871 65.842 65.812 30.790 0.000 0.609 12.597 3.594 0.000 0.000 0.000 21.561 84.521 90.450 98.364 98.323 95.448 101.999 101.791 95.109 95.819 95.671 95.562 95.453 95.342 95.223 101.091 50.983 18.903 2.822 0.428 6.570 9.514 0.000 33.096 51.024 46.932 46.839 45.750 51.666 17.577 46.391 72.285 71.205 69.147 0.000 0.000 26.789 0.000 0.000 51.238 80.221 84.202 81.185 80.171 78.160 67.154 48.151 44.151 45.151 29.151 0.000 0.000 0.000 0.000 46.503 75.503 76.503 76.503 72.502
57.996 63.980 65.958 65.931 63.898 69.862 39.840 0.000 0.000 0.000 0.000 0.000 0.000 0.000 32.699 90.651 93.591 97.468 96.704 96.717 102.187 94.495 96.201 95.876 95.790 95.681 95.575 99.468 105.348 60.157 29.032 3.978 0.000 0.000 0.000 6.459 34.404 57.269 51.170 44.072 48.974 52.877 49.779 47.675 61.553 65.458 55.390 63.352 0.000 0.000 0.000 0.000 0.000 57.218 81.210 86.198 85.186 81.175 76.166 45.160 43.157 44.155 51.154 0.000 0.000 0.000 0.000 40.502 44.502 73.502 76.502 76.502 70.502
65.058 66.045 66.024 64.996 42.959 8.896 27.868 29.868 0.000 0.000 0.000 0.000 0.000 24.001 76.882 90.805 93.709 95.868 96.878 102.516 102.359 95.470 96.172 96.011 95.905 95.798 99.698 61.609 21.542 0.000 39.013 24.998 0.000 0.000 0.000 0.000 42.484 76.407 67.313 62.213 57.109 58.004 55.898 56.791 69.688 63.604 47.547 49.519 0.000 0.000 0.000 0.000 0.000 57.206 85.201 50.194 48.185 80.176 83.170 53.165 44.161 49.159 19.157 0.000 0.000 0.000 0.000 13.502 40.502 58.502 74.502 77.502 70.502
66.127 66.117 62.097 66.069 48.046 0.000 18.868 48.868 0.000 0.000 0.000 0.000 14.215 76.119 90.026 95.948 95.919 96.061 102.800 102.662 94.798 96.573 96.222 96.133 96.018 95.910 99.809 71.726 3.671 0.000 9.008 12.003 0.000 0.000 0.000 0.000 29.639 61.563 66.463 76.356 72.246 60.132 63.017 71.905 66.804 54.724 46.673 47.659 21.705 22.716 0.000 0.000 0.000 55.198 89.195 3.192 0.000 29.175 76.171 66.168 47.165 26.162 0.000 0.000 0.000 0.000 0.000 0.000 13.502 37.502 63.502 73.502 66.501
64.203 61.199 60.178 76.137 55.111 0.000 17.868 45.868 0.000 0.000 0.000 8.382 72.310 85.234 95.163 98.044 97.288 95.318 102.927 94.107 95.882 92.440 94.367 96.245 96.130 97.014 90.903 80.816 28.744 0.000 0.000 0.000 0.000 0.000 0.000 17.054 51.872 56.741 56.621 58.504 67.385 70.261 73.134 67.007 53.897 47.815 46.762 45.739 49.739 34.727 0.000 0.000 0.000 44.192 81.191 47.187 36.182 28.177 71.173 77.171 57.169 0.000 0.000 8.172 0.000 0.000 0.000 0.000 0.000 32.501 56.501 61.501 48.501
58.288 67.297 63.280 4.189 5.150 0.000 8.868 8.868 0.000 0.000 0.000 9.453 88.410 90.353 98.264 97.430 96.451 103.152 103.044 96.066 95.753 95.595 95.477 94.359 95.240 97.115 53.970 4.893 0.000 0.000 0.000 0.000 0.000 20.601 37.465 52.236 63.054 59.907 58.777 55.653 56.528 59.395 71.249 72.093 63.964 52.877 45.823 45.794 47.785 0.000 0.000 0.000 0.000 29.189 71.187 49.185 45.181 45.177 77.174 80.172 63.171 26.172 16.172 59.172 0.000 0.000 0.000 0.000 0.000 35.501 59.501 54.501 40.501
59.382 69.423 56.456 0.000 0.000 0.000 5.868 17.868 1.868 0.000 0.707 75.569 85.525 97.469 97.464 96.607 103.344 103.251 95.377 97.152 96.804 96.711 96.592 96.475 98.356 48.235 0.000 0.000 0.000 0.000 0.000 10.076 35.949 52.737 65.558 61.370 60.202 60.056 59.926 60.803 58.680 57.543 31.373 50.151 74.988 56.906 44.858 47.831 45.821 33.828 0.000 0.000 0.000 30.187 63.185 41.183 0.000 0.000 33.174 70.173 59.172 68.172 75.172 34.172 0.000 0.000 0.000 0.000 0.000 10.501 50.501 48.501 41.501
57.473 61.557 60.665 36.828 0.000 0.000 0.000 3.868 6.868 0.000 28.798 88.713 95.653 97.575 97.735 95.858 103.429 95.665 97.447 97.012 96.944 96.823 97.708 98.591 60.473 0.000 0.000 0.000 0.000 0.000 12.371 55.204 66.033 61.841 60.659 60.485 60.328 60.190 60.067 59.955 59.845 68.724 7.549 0.000 42.932 51.901 43.872 52.852 52.841 34.834 0.000 0.000 0.000 0.000 47.182 84.181 52.179 0.000 26.174 71.173 65.173 56.173 56.172 0.000 0.000 0.000 0.000 0.000 0.000 0.000 29.500 40.500 41.500
69.545 7.665 63.821 61.990 51.190 10.310 0.551 0.000 0.000 19.966 78.899 92.832 98.773 97.758 96.913 103.575 103.506 96.613 97.312 97.161 97.050 97.941 99.825 60.708 0.000 0.000 0.000 0.000 10.895 41.767 52.538 64.337 61.137 60.937 57.751 57.583 57.436 58.309 60.199 60.103 63.021 39.961 0.000 0.000 22.907 47.893 46.876 64.864 60.857 0.000 0.000 0.000 0.000 0.000 31.179 76.179 88.178 45.176 71.174 85.174 77.173 53.173 46.173 18.173 0.000 0.000 0.000 0.000 0.000 0.000 35.500 41.500 45.500
51.585 4.738 65.964 56.122 63.269 55.418 16.674 3.943 13.039 80.034 88.996 98.954 97.842 98.109 96.137 103.634 95.901 97.694 97.354 97.271 98.163 99.063 52.944 0.000 0.000 0.000 0.000 3.164 54.022 64.869 62.676 61.468 63.241 63.019 68.824 73.659 68.524 61.412 55.316 59.236 65.175 23.138 0.000 0.000 18.897 50.887 51.877 73.870 61.865 0.000 0.000 0.000 0.000 0.000 19.178 71.177 80.177 85.176 81.175 81.174 85.173 69.173 48.173 49.173 18.172 11.172 0.000 0.000 0.000 37.500 42.500 40.500 45.500
0.000 0.000 34.174 85.264 48.347 0.000 0.000 18.117 78.140 83.134 97.113 98.023 98.303 96.234 103.718 96.158 97.967 97.544 97.487 98.376 95.272 50.202 0.000 0.000 0.000 0.000 9.447 56.305 64.162 62.009 61.830 65.617 40.339 19.075 21.868 38.703 64.591 66.497 67.417 59.351 60.304 21.278 0.000 0.000 0.000 31.880 49.876 56.872 55.870 4.870 0.000 0.000 0.000 0.000 19.177 62.176 75.176 80.175 81.175 82.174 78.174 74.173 59.173 47.172 51.172 57.172 0.000 0.000 0.000 3.500 40.500 41.500 43.500
0.000 0.000 11.294 86.414 73.508 0.000 0.000 25.267 86.268 94.260 98.212 99.408 99.445 104.033 103.841 97.108 97.824 97.685 97.588 92.486 82.343 33.273 0.000 0.000 8.837 44.751 53.589 65.448 62.313 62.174 66.020 43.832 1.632 0.000 0.000 24.697 62.639 59.569 63.503 69.449 69.411 47.393 0.000 0.000 0.000 13.878 51.875 45.873 52.871 3.871 0.000 0.000 0.000 0.000 24.176 49.176 66.175 80.175 75.174 68.174 70.174 31.173 56.173 65.172 58.172 54.172 0.000 0.000 0.000 0.000 0.500 35.500 40.500
0.000 0.000 0.000 14.589 63.764 3.284 13.420 79.416 91.408 98.394 98.413 98.592 104.381 104.211 96.394 98.193 97.860 97.789 90.701 56.633 0.000 0.000 0.000 17.005 62.923 56.828 64.708 62.586 62.468 63.354 41.242 2.065 0.000 0.000 0.000 23.748 65.699 59.637 59.578 61.530 65.498 67.490 19.520 0.000 0.000 0.000 32.874 51.873 26.872 0.000 0.000 0.000 0.000 0.000 17.175 45.175 56.175 63.175 55.174 52.174 17.174 0.000 5.172 49.172 53.172 62.172 0.000 0.000 0.000 0.000 0.000 29.500 40.500
0.000 0.000 0.000 0.000 1.250 13.509 82.561 87.566 98.562 98.498 99.785 99.859 104.540 96.691 98.471 98.041 97.982 87.881 76.794 40.714 0.000 0.000 0.000 57.088 79.021 63.931 55.827 63.722 61.620 64.530 34.465 0.000 0.000 0.000 19.940 54.848 61.772 60.702 60.642 57.594 53.562 55.548 17.551 0.000 0.000 0.000 13.873 58.873 6.873 0.000 0.000 0.000 0.000 0.000 17.175 47.175 46.175 45.174 43.174 49.174 0.000 0.000 0.000 24.172 47.172 65.172 9.172 0.000 0.000 0.000 0.000 0.499 33.499
0.000 0.000 0.000 0.000 0.000 85.752 84.747 98.736 98.694 99.900 99.975 104.832 104.690 97.644 99.330 97.175 83.060 71.967 45.881 0.000 0.000 0.000 51.356 69.238 69.142 76.047 63.949 53.852 59.761 69.680 72.623 35.623 0.000 0.000 19.032 66.932 60.838 60.759 59.693 55.642 49.608 50.590 16.584 0.000 0.000 0.000 0.000 31.873 39.873 0.000 0.000 0.000 0.000 0.000 25.175 49.174 43.174 44.174 44.174 46.174 29.174 0.000 0.000 0.000 34.172 55.172 33.171 7.171 0.000 0.000 0.000 0.000 28.499
0.000 0.000 0.000 0.000 25.122 85.999 97.942 98.906 99.918 102.108 105.098 104.967 96.949 98.715 95.368 84.269 73.124 45.046 0.000 0.000 0.000 53.589 74.475 60.364 52.263 66.166 78.070 65.978 68.890 69.807 56.726 62.622 41.379 3.858 27.224 59.010 54.889 61.803 56.730 48.674 47.639 51.619 13.611 0.000 0.000 0.000 0.000 18.873 58.873 3.873 0.000 0.000 0.000 0.000 0.000 31.174 46.174 44.174 44.174 44.174 52.174 0.000 0.000 0.000 0.000 36.171 47.171 53.171 0.000 0.000 0.000 0.000 0.000
0.000 0.000 0.000 0.000 68.245 94.178 100.124 99.031 99.302 97.384 105.222 97.231 98.996 93.566 82.499 57.380 0.000 0.000 0.000 0.000 53.817 74.703 61.590 50.482 50.379 52.282 63.189 78.100 69.015 53.933 61.850 63.759 37.658 0.000 24.109 83.994 70.907 59.832 53.749 49.685 46.653 47.636 41.630 5.634 0.000 0.000 0.000 0.000 37.873 9.873 0.000 0.000 0.000 0.000 0.000 11.174 48.174 44.174 44.174 44.174 46.174 30.173 0.000 0.000 0.000 17.171 44.171 47.171 0.000 0.000 0.000 0.000 0.000
0.000 0.000 0.000 71.559 68.434 74.352 89.263 100.438 97.503 105.456 105.342 98.163 93.850 82.704 61.599 0.000 0.000 35.427 0.000 6.052 78.932 61.815 50.702 51.594 50.491 53.394 67.303 76.217 77.136 61.059 56.984 67.907 41.836 0.000 0.000 14.952 27.910 9.871 0.000 19.665 50.653 57.643 58.638 44.638 0.000 0.000 0.000 0.000 0.000 0.000 0.000 0.000 0.000 0.000 0.000 12.174 48.174 47.174 50.174 45.173 42.173 51.173 0.000 0.000 0.000 24.171 58.171 63.171 0.000 0.000 0.000 0.000 0.000
0.000 0.000 10.786 72.683 69.584 70.503 80.479 96.645 105.674 105.566 97.441 94.208 81.879 55.804 0.000 0.000 52.475 51.427 33.329 17.173 67.043 50.922 51.808 50.700 51.597 66.501 72.412 36.329 27.253 79.184 65.119 43.049 3.942 0.000 0.000 0.000 0.000 0.000 0.000 16.656 68.651 62.646 59.642 55.641 10.642 0.000 0.000 0.000 0.000 0.000 0.000 0.000 0.000 0.000 0.000 36.174 45.174 20.174 0.000 20.173 45.173 49.173 0.000 0.000 0.000 26.171 62.171 31.171 0.000 0.000 0.000 0.000 0.000
0.000 85.979 73.890 70.801 68.722 69.600 70.844 74.910 105.778 96.682 92.444 82.034 55.992 0.000 0.000 0.000 56.524 54.476 74.387 58.267 51.144 52.024 50.909 53.800 73.697 70.601 51.514 47.435 52.365 80.305 77.258 41.228 0.000 0.000 0.000 0.000 0.000 0.000 0.000 16.653 75.649 75.646 70.644 61.643 6.643 0.000 0.000 0.000 0.000 0.000 0.000 0.000 0.000 0.000 9.173 48.173 50.173 0.000 0.000 5.173 48.173 49.173 0.000 0.000 0.000 0.000 33.171 0.000 0.000 0.000 0.000 0.000 0.000
2.146 84.068 97.993 89.918 74.820 75.978 68.026 105.975 105.878 75.565 80.243 56.141 0.000 0.000 0.000 0.000 58.620 71.567 69.477 51.364 51.242 51.121 62.004 73.893 62.789 51.694 51.607 51.531 52.465 61.414 79.380 75.376 36.430 0.000 0.000 0.000 0.000 0.000 0.000 0.000 61.648 63.646 75.644 76.644 32.643 0.000 0.000 0.000 0.000 0.000 0.000 0.000 0.000 0.000 40.173 50.173 27.173 0.000 0.000 9.173 49.173 47.173 0.000 0.000 0.000 0.000 0.000 0.000 0.000 0.000 0.000 0.000 0.000
20.216 97.164 100.098 100.029 95.003 85.158 106.162 106.068 67.728 62.501 0.000 0.140 0.000 0.000 0.000 0.000 69.768 74.696 50.591 52.468 52.340 64.214 73.093 54.979 51.874 51.777 51.691 51.615 51.553 51.504 60.474 80.466 73.485 47.516 38.529 42.532 11.533 0.000 0.000 0.000 0.646 41.645 81.644 81.644 42.644 0.000 0.000 0.000 0.000 0.000 0.000 0.000 0.000 0.000 29.173 28.173 0.000 0.000 0.000 0.000 29.173 56.173 0.000 0.000 0.000 0.000 0.000 0.000 0.000 0.000 0.000 0.000 0.000
90.336 100.271 100.213 100.100 104.344 95.404 106.253 67.837 70.519 65.197 0.000 0.000 0.000 0.000 0.000 63.144 74.988 51.858 52.721 52.578 60.437 73.301 51.175 52.057 51.949 51.851 51.763 51.687 51.625 51.577 51.545 55.528 56.527 51.534 52.538 59.534 41.534 0.000 0.000 0.000 0.000 0.000 36.644 72.644 35.644 0.000 0.000 0.000 0.000 0.000 0.000 0.000 0.000 0.000 0.000 0.000 0.000 0.000 0.000 0.000 0.000 8.173 0.000 0.000 0.000 0.000 0.000 0.000 0.000 0.000 0.000 0.000 0.000
96.442 96.383 100.297 101.461 98.509 106.428 106.341 72.509 56.960 2.093 5.093 2.093 0.000 0.000 0.000 80.299 57.183 53.028 52.857 54.687 75.527 55.380 52.247 52.126 52.015 51.913 51.823 51.746 51.684 51.635 51.599 50.575 49.562 52.556 34.554 0.000 0.000 0.000 0.000 0.000 0.000 0.000 0.000 65.644 53.644 20.644 0.000 0.000 0.000 0.000 0.000 0.000 0.000 0.000 0.000 0.000 0.000 0.000 0.000 0.000 0.000 0.000 0.000 0.000 0.000 0.000 0.000 0.000 0.000 0.000 0.000 0.000 0.000
75.556 75.492 79.472 75.630 106.599 106.514 84.012 65.220 56.151 0.000 0.093 2.093 0.000 0.000 0.000 55.572 51.416 51.212 49.994 62.786 55.604 49.445 50.307 50.185 50.071 49.964 50.870 51.791 51.729 51.680 50.642 48.612 50.588 50.575 47.569 37.571 40.571 42.571 41.571 43.571 14.570 0.000 0.000 3.644 62.644 34.643 0.000 0.000 0.000 0.000 0.000 0.000 0.000 0.000 0.000 0.000 0.000 0.000 0.000 0.000 0.000 0.000 0.000 0.000 0.000 0.000 0.000 0.000 0.000 0.000 0.000 0.000 0.000
90.672 112.561 77.809 107.868 106.681 66.559 57.156 0.000 71.553 29.898 0.000 0.000 0.000 0.000 99.379 78.000 48.697 56.412 67.118 65.861 61.658 59.489 59.353 59.234 58.121 52.003 47.900 51.820 51.760 51.714 50.676 50.642 54.605 54.585 55.576 65.573 65.572 61.571 54.571 53.570 32.570 0.000 0.000 0.000 21.643 27.643 0.000 0.000 0.000 0.000 0.000 0.000 0.000 0.000 0.000 0.000 0.000 0.000 0.000 0.000 0.000 0.000 0.000 0.000 0.000 0.000 0.000 0.000 0.000 0.000 0.000 0.000 0.000
138.752 117.350 115.397 106.835 106.760 94.646 0.000 38.587 66.587 140.246 115.723 1.991 46.910 36.334 97.759 57.350 54.962 126.620 117.206 112.880 112.679 111.499 110.380 109.279 108.176 79.028 45.905 51.830 51.778 51.739 51.707 43.675 0.000 0.000 0.000 0.000 0.000 0.000 18.571 70.570 49.570 20.570 0.000 0.000 0.000 0.000 0.000 0.000 0.000 0.000 0.000 0.000 0.000 0.000 0.000 0.000 0.000 0.000 0.000 0.000 0.000 0.000 0.000 0.000 0.000 0.000 0.000 0.000 0.000 0.000 0.000 0.000 0.000
96.921 116.509 106.974 106.906 91.166 0.000 0.000 0.000 9.963 61.775 49.514 0.000 28.172 0.000 56.973 53.679 63.180 118.900 0.000 4.775 0.000 55.449 64.389 125.325 38.276 0.000 55.862 51.818 51.783 52.756 34.740 0.000 0.000 0.000 0.000 0.000 0.000 0.000 0.000 23.570 70.570 26.570 0.000 0.000 0.000 0.000 0.000 0.000 0.000 0.000 0.000 0.000 0.000 0.000 0.000 0.000 0.000 0.000 0.000 0.000 0.000 0.000 0.000 0.000 0.000 0.000 0.000 0.000 0.000 0.000 0.000 0.000 0.000
117.677 115.732 107.038 115.657 117.504 37.792 0.000 17.527 44.527 54.377 31.043 8.238 49.434 94.992 93.481 86.213 0.000 37.900 0.000 16.670 38.564 66.459 111.401 74.356 39.327 0.000 0.000 57.799 51.779 52.764 33.755 0.000 0.000 0.000 0.000 0.000 0.000 0.000 0.000 0.000 17.570 56.570 21.570 0.000 0.000 0.000 0.000 0.000 0.000 0.000 0.000 0.000 0.000 0.000 0.000 0.000 0.000 0.000 0.000 0.000 0.000 0.000 0.000 0.000 0.000 0.000 0.000 0.000 0.000 0.000 0.000 0.000 0.000
115.811 107.153 107.098 96.162 38.928 0.000 0.000 0.000 6.241 33.164 0.000 0.000 42.332 86.061 139.745 75.479 0.000 0.000 0.000 0.000 0.000 80.422 115.398 45.372 42.350 0.000 0.000 0.000 56.771 50.765 48.762 46.762 34.763 0.000 0.000 0.000 0.000 0.000 0.000 0.000 12.570 70.570 28.570 0.000 0.000 0.000 0.000 0.000 0.000 0.000 0.000 0.000 0.000 0.000 0.000 0.000 0.000 0.000 0.000 0.000 0.000 0.000 0.000 0.000 0.000 0.000 0.000 0.000 0.000 0.000 0.000 0.000 0.000
