results3_8e3_rain/res_3e8f-0033.wd
ncols         241
nrows         181
xllcorner     12693529.787448
yllcorner     3542525.717860
cellsize      155.156523
NODATA_value  -9999.000000
[rows 132 to 164 of 181, columns 0 to 74 of 241]
67.971 72.972 76.975 76.978 78.982 78.987 72.994 64.001 50.010 39.020 38.032 39.045 38.059 37.076 42.094 56.114 67.136 72.160 72.186 69.215 61.246 52.280 43.317 37.358 42.397 44.447 43.487 44.521 42.541 37.555 51.565 74.570 41.565 0.000 0.000 0.000 0.000 33.955 45.955 42.953 44.960 50.973 68.989 55.002 39.011 38.017 38.021 50.023 71.022 12.018 0.000 0.000 0.000 0.000 0.000 0.000 0.000 0.000 0.000 0.000 0.000 0.000 0.000 0.000 0.001 0.000 1.555 42.460 65.333 69.235 69.124 79.206 106.667 97.009 96.955
46.001 48.002 51.004 57.007 67.012 73.017 78.024 78.031 71.040 57.050 46.062 40.075 44.090 51.106 64.125 79.145 78.168 75.192 75.218 78.246 78.277 74.309 62.344 50.381 42.418 37.458 38.494 37.525 38.549 46.568 68.582 76.589 0.000 0.000 0.000 0.000 0.000 19.955 37.957 46.962 47.975 44.996 46.021 56.037 51.047 44.051 48.052 56.050 69.045 10.031 0.000 0.000 0.000 0.000 0.000 0.000 0.000 0.000 0.000 0.000 0.000 0.000 0.000 0.000 0.004 0.000 49.636 71.544 67.420 76.389 67.447 106.803 95.556 97.058 102.293
38.031 38.032 38.034 40.037 45.042 49.047 56.054 65.061 73.070 76.080 70.092 68.105 70.120 73.137 72.155 65.176 56.199 54.223 54.249 59.277 65.306 72.337 75.370 74.404 63.439 53.474 48.507 46.537 55.563 71.586 72.605 58.618 0.000 0.000 0.000 0.000 0.000 0.000 20.958 47.965 26.984 15.014 30.063 45.081 60.088 64.089 66.086 67.082 63.078 0.000 0.000 0.000 0.000 0.000 0.000 0.000 0.000 0.000 0.000 0.000 0.000 0.000 34.169 4.122 70.042 91.933 124.746 80.697 75.738 56.686 92.743 97.236 97.130 105.867 95.378
39.060 39.062 39.064 39.067 38.072 37.077 39.084 44.091 50.100 60.110 70.121 72.134 65.149 55.166 49.185 41.206 37.229 37.253 37.279 39.306 44.335 50.365 57.396 69.428 74.460 76.493 75.524 71.554 74.582 67.609 49.635 41.662 20.699 0.000 0.000 0.000 0.000 0.000 13.953 46.955 0.000 0.000 23.136 48.138 67.137 75.131 61.123 64.114 50.109 8.115 0.000 0.000 0.000 0.000 0.000 0.000 0.000 0.000 0.000 0.000 0.000 21.268 40.216 113.157 142.075 124.936 108.466 107.392 99.052 97.697 97.554 97.401 62.628 107.538 99.125
39.090 39.091 39.094 39.097 39.101 39.107 39.114 38.121 38.130 41.139 47.150 46.162 42.177 38.194 38.214 38.236 39.259 39.284 39.309 39.336 38.363 37.392 39.421 45.452 52.483 61.514 69.544 65.574 54.604 42.633 38.664 43.697 51.738 27.790 5.828 5.852 0.000 0.000 28.947 49.949 0.000 0.000 42.207 74.200 76.190 55.178 58.162 57.142 45.129 34.122 0.000 0.000 0.000 0.000 0.000 0.000 0.000 0.000 0.000 0.000 0.000 2.320 65.270 71.188 67.169 68.315 66.278 98.080 97.960 97.833 65.008 67.777 69.641 71.301 21.265
39.120 39.121 39.123 39.127 39.131 39.137 39.144 39.151 39.159 39.168 38.178 38.190 38.204 39.221 39.242 39.265 39.289 39.314 39.340 39.365 39.392 39.419 39.448 38.476 37.506 38.536 42.566 40.596 39.627 43.658 46.691 45.726 43.765 45.807 45.844 42.876 42.912 46.933 21.941 7.944 0.000 15.327 60.287 74.265 54.247 47.229 46.206 26.165 22.146 0.000 0.000 0.000 0.000 0.000 0.000 0.000 0.000 12.865 27.847 0.000 11.524 74.407 81.396 79.465 77.447 78.520 98.304 98.195 79.284 86.066 78.910 84.674 76.508 55.441 0.000
39.149 39.151 39.153 39.157 39.162 39.167 39.174 39.181 39.189 39.198 39.206 39.216 39.228 39.245 39.268 39.294 39.320 39.345 39.370 38.396 45.421 47.447 39.474 38.502 37.530 38.559 40.589 43.619 46.650 45.683 40.716 41.752 48.790 51.828 47.865 41.899 38.929 47.947 0.000 0.000 0.000 55.368 64.350 51.328 43.306 63.285 9.270 0.000 0.000 0.000 0.000 0.000 0.000 0.000 0.000 0.000 22.925 64.883 93.831 54.736 87.572 95.718 92.677 91.765 98.614 98.515 98.412 91.387 93.253 92.944 91.796 90.720 8.628 0.000 0.000
39.179 39.180 39.183 39.187 39.192 39.198 39.205 39.212 39.220 39.227 42.234 42.241 40.249 44.262 42.295 39.324 39.352 39.378 38.402 36.426 47.451 55.475 41.501 38.527 40.555 43.583 45.612 44.642 41.674 43.707 48.741 50.777 51.815 51.853 46.891 40.926 49.958 68.980 0.000 0.000 0.000 29.428 52.416 49.394 53.364 73.337 7.319 0.000 0.000 0.000 0.000 0.000 0.000 0.000 0.000 21.018 72.970 88.911 91.831 96.809 93.949 90.932 98.887 98.800 98.710 90.724 91.499 92.362 92.035 91.999 84.924 61.822 0.000 0.000 0.000
39.208 39.209 39.212 39.216 39.222 39.229 39.236 39.244 39.252 40.259 47.264 47.266 24.265 0.000 13.325 43.357 37.387 40.412 46.436 49.458 49.481 45.504 41.528 42.553 45.579 44.606 43.635 45.665 49.697 49.731 51.766 50.802 41.841 36.880 38.919 51.958 70.997 81.036 3.083 0.000 0.000 4.501 60.495 62.467 69.420 68.383 4.350 0.000 0.000 0.000 0.000 0.000 0.000 0.000 25.123 69.075 90.992 94.001 93.079 93.071 92.152 99.054 98.972 90.953 91.744 92.594 92.373 92.221 92.171 84.098 76.052 0.000 0.000 0.000 0.000
39.237 39.239 39.241 39.246 39.252 39.260 39.269 39.278 39.286 41.293 50.298 61.296 37.280 0.000 0.000 28.392 54.428 46.451 44.471 44.491 42.511 41.533 43.555 45.579 43.604 39.630 41.658 53.688 55.720 45.754 39.790 36.827 36.866 41.907 55.949 71.992 69.038 53.086 25.130 0.000 0.000 31.582 60.596 42.559 33.468 25.425 0.000 0.000 0.000 0.000 0.000 0.000 0.000 18.232 69.177 91.083 93.270 92.258 92.362 99.291 99.214 99.135 91.030 92.900 92.605 92.471 92.408 92.328 86.245 73.176 63.136 0.000 0.000 0.000 0.000
39.267 39.267 39.269 39.274 39.282 39.291 39.302 39.312 39.322 41.331 51.339 38.343 0.000 0.000 0.000 0.000 50.483 42.493 44.507 43.524 41.542 44.562 45.582 42.604 39.628 35.653 45.680 59.709 46.741 36.776 37.813 42.852 52.892 63.934 74.978 68.025 46.078 41.140 60.224 67.371 68.522 72.650 47.750 8.708 0.000 0.000 0.000 0.000 0.000 0.000 0.000 0.000 23.334 69.265 91.272 93.450 92.469 99.506 99.437 99.366 91.322 92.109 92.985 92.676 92.652 92.585 92.502 93.403 81.316 52.224 41.180 0.000 0.000 0.000 0.000
38.296 38.296 39.296 39.301 39.310 39.323 39.336 39.349 39.361 42.372 52.384 23.394 0.000 0.000 20.548 22.545 39.530 41.532 29.543 11.556 49.573 44.590 40.609 39.630 37.652 39.675 55.701 58.729 40.761 43.797 55.835 64.876 73.917 71.960 60.005 46.054 39.109 55.173 59.254 47.369 28.545 26.746 15.046 0.763 0.000 0.000 0.000 11.969 6.968 0.000 0.000 17.418 69.435 92.530 93.548 91.656 99.639 99.573 91.510 92.309 93.173 92.972 92.840 92.808 92.747 92.688 95.611 59.469 39.393 0.000 0.000 0.000 0.000 0.000 0.000
47.327 45.325 42.320 40.324 37.336 37.356 37.373 37.387 36.400 41.415 53.432 36.456 17.505 25.535 43.552 39.558 36.560 42.565 37.575 24.588 44.603 38.619 37.636 37.655 39.675 53.696 61.720 27.747 19.779 69.816 74.857 69.899 58.942 48.984 41.030 37.078 48.132 60.191 28.253 3.306 0.000 0.000 1.828 1.632 0.000 0.848 3.936 31.969 15.969 0.000 0.000 49.666 91.705 90.827 99.833 99.769 99.705 91.562 93.436 93.154 93.038 92.997 94.945 89.885 91.846 92.812 103.785 0.000 0.000 0.000 0.000 0.000 0.000 0.000 0.000
48.362 50.356 56.338 57.339 57.356 54.393 55.412 54.427 53.440 53.455 55.473 38.496 42.525 41.550 38.567 41.578 41.586 40.595 45.606 47.618 41.632 35.647 37.663 39.680 53.697 58.716 47.736 41.761 50.792 73.833 56.880 47.924 39.966 38.008 40.051 39.099 53.151 62.207 26.260 2.298 0.000 0.740 3.735 1.562 4.372 10.728 12.921 6.002 0.000 0.000 27.864 69.920 100.012 99.954 99.894 91.820 92.612 93.496 93.197 93.185 94.133 94.077 67.023 44.950 79.940 93.928 98.933 38.988 0.000 0.000 0.000 0.000 0.000 0.000 0.000
41.403 35.402 0.000 0.000 0.000 46.450 43.458 43.469 43.480 47.494 56.510 37.530 38.552 37.572 40.589 44.602 45.613 43.624 42.636 45.648 46.662 43.676 37.690 54.705 60.720 51.735 57.750 74.769 71.797 53.845 41.906 37.953 39.993 40.031 39.071 44.116 60.167 62.225 54.285 57.328 28.361 0.085 0.000 0.000 9.720 16.872 7.018 4.117 0.000 22.912 71.040 100.124 100.069 91.986 92.781 93.652 93.458 93.337 93.313 94.257 92.206 86.155 11.124 0.000 62.037 97.029 94.030 93.044 0.000 0.000 0.000 0.000 0.000 0.000 0.000
39.446 31.447 0.000 0.000 0.000 42.499 38.503 38.510 38.520 42.531 56.546 34.563 38.581 42.599 44.615 45.630 42.642 39.654 37.666 39.678 49.691 62.705 57.719 58.732 35.744 29.754 81.760 67.770 34.783 0.000 14.947 42.989 40.022 40.053 42.086 35.126 19.179 9.244 21.328 61.370 37.392 0.316 0.420 0.000 5.915 11.023 5.165 10.326 10.762 49.050 100.208 91.197 94.922 93.811 93.618 93.501 93.470 93.426 94.376 94.331 59.282 35.211 21.195 24.193 75.141 96.120 92.113 83.114 1.114 0.000 0.000 0.000 0.000 0.000 0.000
39.488 39.496 22.517 0.000 0.000 43.544 39.546 39.551 38.558 39.567 54.579 41.595 44.612 46.629 45.645 40.659 37.672 38.685 38.697 37.709 47.722 70.735 66.748 53.761 46.772 37.777 13.768 2.768 0.000 0.000 0.000 45.036 40.053 42.076 25.095 0.000 0.000 0.000 23.413 40.435 9.412 0.000 0.645 5.966 13.003 9.140 3.286 0.000 1.899 48.516 100.313 94.087 93.832 93.648 93.625 93.581 93.533 93.488 91.446 82.408 15.381 0.000 32.253 91.242 96.216 94.198 88.189 78.186 0.000 0.000 0.000 0.000 0.000 0.000 0.000
36.525 38.531 35.540 0.000 0.000 43.589 38.589 36.590 38.594 42.600 46.611 45.626 45.644 43.662 37.678 38.692 38.705 39.717 39.728 44.740 62.753 61.766 54.780 63.793 61.806 32.816 0.000 0.000 0.000 0.000 0.000 45.066 40.081 43.103 14.124 0.000 10.379 36.423 56.479 25.543 0.000 0.000 0.000 0.000 4.991 5.249 5.553 1.875 2.155 100.607 100.462 93.008 93.834 93.726 93.684 93.637 93.592 95.549 80.509 63.476 23.453 0.000 47.322 77.305 86.284 95.267 84.257 73.255 0.000 0.000 0.000 0.000 0.000 0.000 0.000
43.557 41.564 30.574 0.000 29.651 37.635 39.630 43.629 44.629 45.631 43.639 44.655 42.679 38.698 38.713 39.727 39.738 38.750 40.761 63.772 62.785 44.798 57.812 55.828 59.845 57.866 20.901 0.000 0.000 16.059 21.070 41.083 40.103 40.132 35.174 27.251 44.336 43.412 37.536 59.718 7.897 0.000 0.000 0.000 3.720 2.313 3.823 28.309 52.839 100.724 95.375 95.082 94.813 93.790 93.741 93.695 94.650 92.607 47.568 24.532 36.501 37.474 91.409 93.373 73.347 83.329 78.319 51.321 16.346 0.000 0.000 0.000 0.000 0.000 0.000
44.582 45.594 42.618 30.656 44.669 44.670 44.669 45.667 45.664 46.657 58.659 40.677 38.718 38.739 39.752 39.764 39.774 40.784 54.794 65.805 40.817 44.830 71.844 63.861 51.880 54.904 57.937 41.981 47.016 62.048 55.071 43.092 36.118 36.150 47.191 63.245 50.301 22.356 0.000 49.897 39.078 1.249 5.519 10.789 7.100 0.005 2.039 43.424 95.743 100.815 92.350 94.977 95.894 93.845 93.797 93.751 86.706 76.663 33.622 4.584 13.548 14.511 75.467 117.431 98.403 74.382 66.370 45.366 54.370 7.370 0.000 0.000 0.000 18.364 60.364
49.597 49.613 45.650 45.683 45.700 46.707 46.710 42.709 39.702 38.675 1.667 0.000 42.780 39.787 39.795 39.803 38.811 41.819 65.828 51.837 36.848 42.861 59.876 76.893 71.912 68.934 66.961 62.992 59.021 58.048 66.073 63.099 57.128 53.159 56.196 60.236 22.270 0.000 0.000 1.896 0.000 0.000 6.612 16.749 12.924 3.924 0.000 42.612 100.992 100.904 95.254 97.070 93.946 93.902 94.853 90.806 74.760 67.716 73.674 79.633 63.594 85.556 100.516 117.481 126.452 110.428 72.411 77.402 52.399 0.000 0.000 0.000 0.000 0.000 9.364
0.000 0.000 49.687 44.725 44.742 39.750 36.756 38.759 33.760 0.000 0.000 0.000 43.835 39.836 39.839 39.844 39.849 57.855 64.862 37.870 39.880 39.892 42.907 48.923 50.941 50.961 46.983 50.006 66.029 59.051 50.075 53.103 60.137 64.165 67.198 64.235 39.274 4.315 0.000 0.000 0.000 0.000 1.526 10.672 0.000 0.000 12.575 72.790 101.079 92.635 96.315 96.041 94.011 93.957 94.907 89.859 76.812 42.767 49.724 92.682 103.641 135.601 126.562 98.526 86.494 103.467 82.446 76.432 51.425 0.000 0.000 0.000 0.000 0.000 14.365
0.000 0.000 0.000 53.791 38.794 36.795 38.805 38.814 39.821 0.000 0.000 32.915 40.891 39.884 39.883 39.884 41.887 65.891 50.895 36.901 39.909 39.921 39.937 38.953 38.970 38.987 38.004 45.022 74.039 53.051 0.000 0.000 4.151 55.169 65.196 49.233 54.278 41.357 0.770 0.989 0.000 0.000 7.942 0.486 0.000 0.000 30.753 101.255 101.166 95.510 97.221 93.116 94.063 94.011 93.960 93.911 80.863 43.817 58.773 95.729 91.687 125.646 120.606 89.567 94.532 80.500 61.474 79.455 57.445 0.000 0.000 0.000 0.000 0.000 13.365
37.985 33.983 0.000 45.855 55.849 56.833 37.856 49.871 56.889 32.930 30.945 40.940 39.931 39.926 39.925 39.925 58.926 62.927 37.929 39.931 38.937 37.949 39.968 39.984 39.999 40.013 39.027 47.040 76.054 57.066 3.080 0.000 27.149 52.163 65.187 44.223 34.250 0.000 0.000 1.297 1.165 9.698 13.820 0.000 0.000 9.750 71.952 101.343 92.807 96.479 96.210 94.173 94.116 94.062 94.011 94.961 85.913 74.866 97.820 122.776 110.732 127.689 124.647 118.606 125.566 91.528 68.495 78.470 86.453 15.445 0.000 0.000 0.000 0.000 14.366
39.988 38.982 33.963 39.925 38.914 0.000 60.917 52.924 39.937 40.956 40.967 39.969 39.968 39.966 39.966 42.966 65.966 48.964 38.962 39.959 45.959 53.969 40.002 38.019 40.030 39.040 42.050 66.060 74.070 49.081 37.094 25.114 47.134 46.149 7.167 0.000 0.000 0.000 0.000 0.000 0.000 0.000 0.000 0.000 12.976 70.023 92.123 101.432 93.760 94.372 94.280 94.222 94.166 94.113 94.061 95.010 85.961 68.914 64.867 97.821 87.777 101.732 104.688 92.643 94.597 66.551 43.509 57.477 124.454 77.436 12.417 2.399 24.383 45.373 82.367
40.000 39.993 39.983 39.971 39.970 33.985 49.972 65.973 41.981 38.991 39.999 40.004 40.006 40.007 39.008 62.008 64.007 38.004 39.997 40.984 37.971 0.002 59.054 54.059 41.064 39.069 57.075 76.081 60.087 40.095 40.103 41.114 44.125 48.132 0.000 0.000 0.000 0.000 0.000 0.000 0.000 0.000 0.000 0.000 36.193 93.245 101.609 101.520 93.656 94.455 94.324 94.272 94.215 94.161 94.109 93.058 78.008 79.960 99.913 118.866 117.821 122.775 127.729 114.682 112.629 99.569 48.514 46.476 122.449 86.430 24.415 17.397 82.378 115.369 134.365
40.018 40.011 40.006 40.006 40.009 40.015 40.014 51.017 66.022 42.030 39.037 40.042 40.046 38.049 46.051 67.052 47.052 39.049 41.040 39.011 0.000 0.000 47.101 48.100 54.099 53.099 61.100 60.102 41.105 39.108 41.112 44.115 49.120 49.124 0.000 0.000 0.000 0.000 0.000 0.000 0.000 0.000 0.000 0.016 44.663 98.540 101.698 93.040 94.695 94.416 94.379 94.318 94.262 94.208 94.155 94.104 80.055 76.006 96.958 97.911 97.865 100.819 100.773 99.725 104.669 77.580 53.503 68.462 83.436 22.421 0.000 0.000 26.362 52.360 74.360
40.045 42.026 42.024 40.041 40.047 40.052 40.054 40.058 51.063 66.070 42.076 37.082 37.088 54.092 66.096 60.099 37.102 40.103 36.102 0.000 0.000 33.176 40.152 40.141 46.134 63.129 63.126 56.124 49.122 41.122 28.123 0.000 63.119 43.120 0.000 0.000 0.000 0.000 0.000 0.000 0.000 0.000 0.000 0.058 18.547 101.881 101.789 93.898 94.593 94.481 94.422 94.364 94.307 94.253 94.201 95.150 90.100 80.051 75.003 73.955 73.909 73.863 73.819 77.777 51.742 0.000 21.456 77.435 73.413 34.398 0.000 0.000 25.349 71.350 49.352
41.093 0.000 0.000 40.087 39.089 38.092 38.094 37.098 37.104 50.111 65.118 58.125 65.131 67.137 54.143 38.148 45.153 45.159 33.164 0.000 0.000 44.202 40.190 42.179 66.168 73.159 51.151 42.145 49.140 56.137 44.136 0.000 23.118 41.118 0.000 0.000 0.000 0.000 0.000 0.000 0.000 0.000 0.000 0.154 5.714 101.971 99.199 94.845 94.570 94.528 94.465 94.407 94.351 94.297 94.245 94.194 95.144 94.095 92.047 90.998 90.951 91.906 93.862 67.821 9.781 0.000 6.432 62.407 93.382 84.359 57.329 33.322 50.334 53.340 11.346
40.141 39.157 0.000 39.131 50.131 54.133 58.135 63.138 66.144 67.152 67.161 67.169 53.177 40.184 56.191 73.198 74.206 74.216 67.232 45.267 0.000 41.240 39.230 48.216 76.203 63.189 40.177 39.166 41.157 44.151 35.148 0.000 0.062 0.024 0.000 0.000 0.000 0.000 0.000 0.000 0.000 0.000 6.255 7.717 3.030 102.049 103.130 98.726 94.628 94.565 94.505 94.447 94.392 94.339 94.288 94.238 94.188 94.139 94.090 94.041 94.992 97.947 69.904 2.862 0.000 0.000 0.000 7.379 63.352 94.326 85.307 61.304 38.323 7.332 0.000
40.175 42.174 38.190 40.177 55.174 54.173 50.175 46.177 45.182 41.195 62.206 52.216 63.224 54.232 70.239 66.247 59.257 60.269 71.284 77.302 66.313 67.290 59.273 67.256 75.238 48.219 39.201 40.185 40.173 39.163 39.158 41.157 36.155 0.000 45.137 36.135 0.000 0.000 0.000 0.000 0.000 0.000 74.927 72.147 102.149 102.105 97.012 97.794 94.658 94.602 94.542 94.486 94.432 94.380 94.329 94.280 94.232 94.184 94.134 96.083 101.030 69.986 9.945 0.000 0.000 0.000 0.000 0.000 4.319 55.286 90.270 40.264 0.000 0.000 2.801
42.212 0.000 37.219 40.215 40.213 40.214 39.215 40.216 42.212 40.240 52.254 47.264 56.273 67.281 55.289 40.297 41.307 42.320 43.334 48.345 61.348 71.335 77.317 75.297 64.274 40.250 40.225 40.203 40.186 40.173 41.165 64.159 37.155 0.000 41.139 0.000 0.000 0.000 0.000 0.000 0.000 6.457 94.748 96.969 102.182 95.386 95.022 94.740 94.699 94.635 94.577 94.522 94.469 94.419 94.370 94.322 94.276 94.229 96.181 81.126 35.060 2.023 0.000 0.000 0.000 0.000 0.000 0.000 0.000 26.230 88.223 40.218 0.000 0.000 0.000
43.250 0.000 37.254 40.252 40.252 40.254 40.257 41.260 0.000 39.299 43.307 54.316 54.324 62.332 67.338 53.345 38.355 38.370 38.388 40.399 42.399 43.386 44.366 44.341 43.313 42.283 38.247 38.218 39.195 40.180 51.170 65.160 36.152 30.146 32.142 0.000 0.000 0.000 0.000 0.000 0.000 10.451 93.587 102.231 102.206 94.215 94.902 94.787 94.726 94.666 94.610 94.556 94.505 94.456 94.409 94.364 94.320 94.277 99.233 55.180 0.000 0.000 0.000 0.000 0.000 0.000 0.000 0.000 0.000 29.181 89.174 48.166 0.000 0.000 0.000
