results3_8e3_rain/res_3e8f-0035.wd
ncols         241
nrows         181
xllcorner     12693529.787448
yllcorner     3542525.717860
cellsize      155.156523
NODATA_value  -9999.000000
[rows 33 to 65 of 181, columns 75 to 149 of 241]
0.000 0.000 0.000 0.000 0.000 0.000 0.000 0.000 0.000 0.000 0.000 0.000 0.000 0.000 0.000 0.000 0.000 0.000 0.000 0.000 0.000 0.000 0.000 0.000 0.000 0.000 0.000 0.000 0.000 0.000 0.000 0.000 0.000 0.000 0.000 0.000 0.000 29.931 52.932 57.933 13.934 0.000 0.000 23.002 37.018 4.008 0.000 27.052 30.061 24.063 25.058 26.045 26.024 25.996 25.963 24.932 30.911 50.907 0.000 4.312 2.076 37.232 53.909 58.572 57.244 57.949 56.581 58.759 53.895 53.493 53.620 55.967 55.268 55.085 55.818
0.000 0.000 0.000 0.000 0.000 0.000 0.000 0.000 0.000 0.000 0.000 0.000 0.000 0.000 0.000 0.000 0.000 0.000 0.000 0.000 0.000 0.000 0.000 0.000 0.000 0.000 0.000 0.000 0.000 0.000 0.000 0.000 0.000 0.000 0.000 0.000 0.000 0.000 4.932 0.000 0.000 0.000 0.000 0.000 19.070 0.000 0.000 17.075 41.098 40.104 30.098 26.083 26.055 26.016 25.968 24.919 46.885 44.896 0.000 27.447 40.174 53.684 58.290 57.924 57.595 57.197 58.348 54.445 53.736 54.127 56.509 55.821 55.649 55.388 56.146
0.000 0.000 0.000 0.000 0.000 0.000 0.000 0.000 0.000 0.000 0.000 0.000 0.000 0.000 0.000 0.000 20.084 52.084 5.084 0.000 0.000 0.000 0.000 0.000 0.000 0.000 0.000 0.000 0.000 0.000 0.000 0.000 0.000 0.000 0.000 0.000 0.000 0.000 0.000 0.000 0.000 0.000 0.000 0.000 11.121 0.000 0.000 0.000 19.154 37.155 37.149 28.132 26.098 26.046 23.975 39.891 48.813 0.000 13.276 37.856 52.469 59.042 58.636 58.269 57.835 59.952 56.013 54.105 54.645 57.047 56.364 56.200 55.942 55.701 55.462
0.000 0.000 0.000 0.000 0.000 0.000 0.000 0.000 0.000 7.075 45.075 0.000 0.000 0.000 0.000 0.000 27.084 78.084 34.084 0.000 0.000 0.000 0.000 0.000 0.000 0.000 0.000 0.000 0.000 0.000 0.000 0.000 0.000 0.000 0.000 0.000 0.000 0.000 0.000 0.000 0.000 0.000 0.000 0.000 14.173 15.199 22.215 8.221 18.210 26.212 39.212 30.198 26.160 23.093 33.995 43.857 32.664 8.262 37.695 55.233 59.804 59.375 58.974 58.502 58.580 57.606 54.590 55.184 57.595 56.914 56.752 56.494 56.250 56.006 55.767
0.000 0.000 0.000 0.000 0.000 0.000 0.000 0.000 0.000 28.075 63.076 52.077 39.077 0.000 0.000 12.085 66.085 74.085 39.085 0.000 0.000 0.000 0.000 13.151 0.000 0.000 0.000 0.000 0.000 0.000 0.000 0.000 0.000 0.000 0.000 0.000 0.000 0.000 0.000 1.197 19.197 0.000 0.000 30.201 45.198 48.210 46.225 32.239 26.253 25.272 39.289 30.287 22.251 36.173 50.055 37.879 25.725 40.425 45.011 57.577 60.136 59.710 59.203 59.237 57.230 55.189 55.751 58.162 57.481 57.317 57.055 56.805 56.554 56.307 56.065
0.000 0.000 0.000 0.000 0.000 0.000 0.000 0.000 0.000 0.000 61.077 44.078 25.078 0.000 8.085 58.086 69.086 76.087 35.087 0.000 0.000 0.000 0.000 51.151 35.151 0.000 0.000 0.000 0.000 0.000 0.000 0.000 0.000 0.000 14.188 26.188 28.188 0.000 0.000 10.197 35.198 14.200 28.203 51.205 54.208 55.219 52.235 39.259 26.290 23.333 40.385 31.410 35.385 53.293 47.174 0.000 23.930 42.705 55.347 60.923 60.484 59.947 59.936 57.896 55.923 56.354 58.757 58.075 57.906 57.637 57.376 57.112 56.854 56.604 56.355
0.000 0.000 0.000 0.000 0.000 0.000 0.000 0.000 0.000 0.000 0.000 12.080 50.081 46.083 34.085 47.087 67.088 78.089 31.089 0.000 0.000 0.000 0.000 13.151 37.152 39.153 0.000 0.000 0.000 0.000 0.000 0.000 0.000 0.000 30.188 31.188 43.189 26.190 15.193 29.195 30.198 26.200 33.203 40.207 38.212 31.221 50.238 16.270 32.315 35.386 25.509 37.583 50.586 47.439 0.000 0.000 35.361 52.117 60.750 61.301 60.756 60.694 57.626 56.838 57.006 59.390 58.704 58.529 58.251 57.979 57.696 57.414 57.147 57.898 50.647
0.000 0.000 0.000 0.000 0.000 0.000 0.000 0.000 0.000 0.000 0.000 2.081 69.082 64.084 54.087 44.088 68.090 76.091 71.093 56.095 11.096 0.000 0.000 0.000 0.000 47.154 31.155 29.156 40.157 35.157 0.000 0.000 0.000 0.000 30.187 29.188 50.189 56.190 45.192 37.195 29.197 26.200 27.203 28.207 27.212 25.218 33.224 0.000 0.000 0.000 30.683 53.825 51.938 0.000 0.000 35.502 49.033 58.663 62.202 61.758 62.527 58.459 58.023 57.731 60.075 59.379 59.192 58.905 58.622 58.326 58.016 57.702 57.421 57.195 43.046
0.000 0.000 0.000 0.000 0.000 0.000 0.000 0.000 0.000 0.000 0.000 0.000 2.084 41.085 16.089 52.091 71.093 76.094 74.095 72.097 61.098 20.098 0.000 0.000 0.000 3.154 42.155 42.156 55.157 53.158 46.160 41.161 0.000 0.000 0.000 34.187 53.188 60.190 52.192 36.194 25.197 26.200 26.203 26.207 26.210 26.214 30.217 0.000 0.000 0.000 0.941 38.098 7.403 5.151 40.272 44.968 56.628 63.200 63.034 61.251 59.539 59.640 58.573 60.837 60.115 59.904 59.600 59.307 59.003 58.686 58.341 57.957 58.641 50.415 33.296
0.000 0.000 0.000 0.000 0.000 0.000 0.000 0.000 0.000 0.000 0.000 0.000 0.000 0.000 73.093 73.094 75.096 75.098 74.099 68.099 62.100 33.100 0.000 0.000 0.000 0.000 0.000 10.157 55.157 49.159 64.161 61.163 40.167 19.172 20.178 29.184 51.187 60.189 51.191 34.193 24.196 29.200 28.204 26.207 26.209 26.211 27.213 19.212 0.000 0.000 0.000 0.000 0.407 42.777 45.696 53.495 64.168 64.253 62.606 64.442 61.953 59.602 61.713 60.935 60.679 60.344 60.029 59.714 59.398 59.073 57.706 66.145 63.771 36.527 26.428
0.000 0.000 0.000 0.000 7.302 30.302 0.000 8.300 48.300 37.300 41.299 16.299 0.000 0.000 9.095 81.098 75.101 72.102 69.103 72.103 63.102 26.102 0.000 0.000 0.000 0.000 0.000 0.000 0.000 0.000 53.162 54.163 5.165 0.000 0.000 33.186 51.187 56.189 46.190 37.193 35.194 0.000 4.205 32.207 26.209 26.210 27.211 33.211 41.210 3.210 0.000 0.000 15.842 48.474 52.252 63.000 65.180 64.813 68.247 66.797 60.996 62.754 61.867 61.531 61.145 60.794 60.454 60.123 59.803 59.503 65.266 0.000 0.000 15.493 33.461
0.000 0.000 0.000 0.000 7.302 50.303 0.000 42.301 44.300 56.300 39.300 24.300 0.000 0.000 0.000 66.102 78.107 75.109 75.108 76.107 70.105 24.104 0.000 0.000 0.000 0.000 0.000 0.000 0.000 0.000 0.000 38.163 0.000 0.000 0.000 39.187 36.187 48.188 5.189 0.000 0.000 0.000 0.000 0.000 36.209 30.209 0.000 23.210 57.210 40.210 0.000 0.000 20.252 53.995 62.831 65.910 65.652 69.915 69.228 62.393 63.890 62.893 62.458 62.005 61.605 61.228 60.869 60.522 60.187 59.869 64.590 7.419 0.000 0.000 0.000
39.309 0.000 0.000 0.000 1.303 61.304 37.304 39.302 45.301 69.301 70.300 65.300 19.301 0.000 0.000 0.000 26.117 80.117 75.115 76.112 73.108 32.105 0.000 0.000 0.000 0.000 0.000 0.000 0.000 0.000 0.000 0.000 0.000 0.000 0.000 0.000 0.000 0.000 0.000 0.000 0.000 0.000 0.000 0.000 0.000 11.209 8.208 0.000 0.000 0.000 0.000 9.314 46.835 63.791 65.453 66.370 70.710 70.396 63.391 64.910 63.909 63.414 62.903 62.455 62.038 61.647 61.272 60.910 60.555 60.196 62.804 46.249 3.363 0.000 0.000
43.310 39.311 0.000 0.000 0.000 53.308 55.306 55.304 67.302 64.302 76.301 75.301 36.301 0.000 0.000 0.000 2.128 82.128 75.124 76.117 73.110 33.104 0.000 0.000 0.000 42.011 54.005 22.999 0.000 0.000 0.000 0.000 0.000 0.000 0.000 0.000 0.000 0.000 0.000 0.000 0.000 0.000 0.000 0.000 0.000 0.000 0.000 0.000 0.000 0.000 7.102 47.683 64.704 65.311 71.461 71.001 64.579 65.149 65.647 64.814 64.321 63.793 63.315 62.867 62.447 62.047 61.664 61.292 60.925 67.557 8.180 0.000 16.429 0.000 0.000
45.311 46.313 38.315 0.000 43.317 38.314 46.308 59.305 63.303 74.302 75.303 74.303 43.303 0.000 0.000 0.000 1.151 81.144 75.135 76.124 71.111 51.098 35.078 36.058 36.038 44.018 65.004 31.994 0.000 0.000 0.000 0.000 0.000 0.000 0.000 0.000 0.000 0.000 0.000 0.000 0.000 0.000 0.000 0.000 0.000 0.000 0.000 0.000 5.016 35.827 45.404 64.447 66.085 72.770 72.208 65.064 66.794 66.135 65.594 65.129 64.627 64.149 63.690 63.253 62.835 62.432 62.044 61.668 68.297 13.927 0.000 0.000 1.617 10.455 12.126
59.313 42.315 46.317 46.320 37.322 30.322 0.000 0.000 5.303 64.303 75.305 73.305 58.304 25.301 0.000 0.000 50.181 71.165 76.148 75.132 76.115 66.098 42.078 39.059 38.038 47.018 65.000 47.981 33.955 34.933 38.917 49.907 13.903 0.000 0.000 0.000 0.000 0.000 0.000 0.000 0.000 0.000 0.000 0.000 0.000 0.000 0.000 0.000 16.182 56.054 64.044 66.734 73.551 73.209 65.723 67.406 66.642 66.279 65.841 65.384 64.930 64.482 64.046 63.622 63.207 62.801 62.414 68.038 14.668 0.000 0.000 0.000 0.717 10.207 3.031
75.315 46.317 40.319 41.322 43.328 43.331 32.336 0.000 0.000 0.000 9.307 80.311 70.307 48.298 40.279 47.252 46.214 48.187 56.163 57.140 44.120 41.100 39.080 39.060 38.039 47.018 61.996 40.974 37.950 42.929 58.912 61.902 46.899 20.899 0.000 0.000 0.000 0.000 0.000 0.000 0.000 0.000 0.000 0.000 0.000 0.000 0.000 6.897 48.802 64.463 67.337 73.991 73.811 66.346 68.013 67.250 66.909 66.491 66.074 65.649 65.223 64.803 64.389 63.980 63.571 63.151 68.772 14.405 0.000 0.000 0.000 0.000 0.000 3.990 13.914
75.318 61.321 0.000 0.000 48.337 44.339 55.342 46.341 0.000 0.000 0.000 68.324 65.317 50.305 41.287 38.264 38.235 41.206 54.176 62.148 65.124 58.102 48.083 41.063 40.041 56.018 58.994 33.969 37.944 37.920 38.900 42.889 21.894 0.000 0.000 0.000 0.000 0.000 0.000 0.000 0.000 0.000 0.000 0.000 0.000 9.923 41.647 49.587 63.164 74.514 74.175 67.288 67.915 68.517 67.856 67.514 67.111 66.716 66.316 65.914 65.513 65.117 64.727 64.341 64.944 71.462 15.117 0.000 0.000 0.000 0.000 0.000 0.000 6.849 25.812
75.322 75.327 62.335 45.341 45.344 45.348 36.351 0.000 2.366 9.366 61.359 58.344 61.332 54.319 55.302 55.281 55.257 58.228 53.185 53.153 55.126 59.103 60.086 58.067 54.045 65.020 62.993 50.965 51.936 51.907 53.880 28.860 0.000 0.000 0.000 0.000 0.000 0.000 0.000 0.000 0.000 0.000 0.000 0.000 44.385 45.088 66.184 66.814 75.549 75.096 69.714 69.463 68.883 68.447 68.096 67.708 67.327 66.944 66.560 66.177 65.798 65.425 65.061 65.712 69.401 2.052 0.000 0.000 0.000 0.000 0.000 0.000 0.000 20.747 16.730
74.326 75.331 72.338 50.344 44.350 45.357 46.364 38.374 0.000 53.374 50.369 51.360 52.349 47.337 51.321 56.303 64.282 49.265 0.000 0.000 0.074 58.097 54.092 54.075 54.052 54.025 53.995 53.962 53.929 53.893 51.855 46.812 19.755 0.000 0.000 40.200 47.117 59.004 28.909 0.000 0.000 0.000 0.000 45.914 56.674 68.656 69.355 76.204 75.913 70.301 70.013 69.310 69.012 68.653 68.283 67.913 67.543 67.172 66.803 66.437 66.077 65.725 66.380 69.046 16.724 0.000 0.000 0.000 0.000 0.000 0.000 0.000 16.629 22.662 7.662
64.329 75.335 75.341 65.349 41.357 44.366 45.375 45.384 51.391 60.387 44.383 41.378 39.370 46.358 61.344 60.326 45.306 25.285 0.000 0.000 0.000 0.000 43.110 38.090 38.063 38.032 37.998 38.962 41.923 42.882 42.835 41.777 42.699 41.577 41.445 50.284 57.146 54.988 61.814 59.584 54.342 52.066 54.665 66.452 70.048 69.895 76.594 76.431 70.874 70.566 69.853 69.559 69.196 68.839 68.479 68.118 67.758 67.400 67.043 66.691 66.349 67.016 67.690 6.368 0.000 0.000 0.000 0.000 0.000 0.000 0.000 0.000 27.598 13.609 2.610
42.333 70.338 74.344 55.352 38.363 37.375 45.387 45.396 44.402 38.401 39.399 45.398 62.393 61.384 44.370 37.354 27.329 0.000 47.289 56.270 52.240 53.200 56.148 59.112 58.079 59.043 62.004 60.964 57.922 59.877 54.825 40.763 44.686 43.587 48.475 66.345 73.197 69.987 63.775 58.594 60.394 67.079 72.122 70.703 77.083 76.769 70.759 72.404 71.033 70.410 70.105 69.739 69.385 69.029 68.674 68.323 67.973 67.625 67.278 67.935 65.612 61.302 12.996 0.000 0.000 0.000 0.000 0.000 0.000 0.000 0.000 13.534 17.556 11.567 9.570
35.337 54.341 65.346 40.354 32.368 39.387 37.401 44.413 45.419 45.416 38.413 55.425 47.422 36.413 39.400 31.389 0.000 56.334 59.308 59.282 61.250 62.212 65.171 69.133 68.097 68.058 68.013 69.968 70.924 68.878 56.826 42.766 44.695 44.613 44.521 47.424 21.310 0.000 83.705 125.644 103.423 69.554 71.239 78.040 77.615 71.160 73.925 71.375 70.968 70.646 70.285 69.931 69.574 69.218 68.868 68.524 68.187 67.851 69.508 64.160 52.863 7.582 0.000 0.000 0.000 0.000 0.000 0.000 0.000 0.000 11.498 24.512 13.526 13.534 9.536
0.000 11.343 46.346 28.349 0.000 34.403 39.419 39.435 45.448 34.432 0.000 39.466 37.459 39.446 40.430 50.413 64.395 61.360 63.329 69.299 79.266 123.230 120.189 120.153 120.118 120.080 121.021 104.971 36.930 39.886 37.836 45.779 44.716 41.647 39.574 21.521 0.000 0.000 0.000 50.731 67.919 72.670 78.681 78.391 70.713 72.450 71.782 71.512 71.178 70.829 70.478 70.121 69.762 69.403 69.054 68.720 69.401 68.085 59.742 48.333 6.098 0.000 0.000 0.000 0.000 0.000 0.000 0.000 0.000 2.474 23.484 15.493 3.501 5.506 17.508
0.000 61.343 39.344 0.000 0.000 0.000 33.439 46.460 38.505 0.000 0.000 47.515 38.501 49.482 62.461 62.438 67.413 70.382 63.351 49.319 40.287 36.252 34.204 37.171 38.144 25.123 0.000 41.966 38.939 37.899 41.852 45.799 42.744 34.685 41.608 22.564 0.000 0.000 46.291 63.272 73.071 79.104 78.919 71.252 72.975 72.304 72.043 71.707 71.371 71.026 70.674 70.316 69.950 69.578 69.225 69.902 65.612 54.344 11.043 0.000 0.000 0.000 0.000 0.000 0.000 0.000 0.000 0.000 0.000 20.465 19.470 5.477 2.480 15.483 15.483
66.904 0.000 0.000 0.000 0.000 0.000 0.000 0.000 42.609 40.637 48.624 45.578 45.548 45.522 62.495 76.467 65.437 45.405 43.372 38.341 40.311 31.287 0.000 43.185 40.164 29.145 0.000 42.988 37.960 38.921 45.875 43.822 41.776 23.743 0.000 0.000 42.957 40.829 57.614 73.544 79.327 72.120 72.715 73.409 72.837 72.574 72.242 71.914 71.575 71.229 70.876 70.518 70.144 70.735 70.365 60.050 44.800 7.638 0.000 0.000 0.000 0.000 0.000 0.000 0.000 0.000 0.000 0.000 9.447 21.452 9.456 1.459 15.461 16.462 4.462
54.914 0.000 0.000 55.932 48.930 42.925 0.000 0.000 60.686 57.679 44.658 45.625 45.593 46.562 67.530 119.497 112.463 59.428 114.394 35.361 39.329 39.298 41.265 39.218 39.184 39.149 41.102 37.038 36.994 45.952 44.903 41.840 36.795 25.769 0.000 0.000 45.084 51.955 73.982 72.894 79.680 73.169 73.783 73.360 73.098 72.780 72.460 72.128 71.787 71.438 71.083 70.737 72.373 67.853 49.451 36.134 37.901 3.769 0.000 0.000 0.000 0.000 0.000 0.000 0.000 0.000 4.442 9.441 23.442 17.443 7.443 16.442 16.443 5.444 1.445
0.000 0.000 0.000 38.935 47.933 44.921 62.891 56.843 61.770 69.734 60.704 45.672 45.638 45.603 44.567 38.529 33.490 38.452 35.415 39.380 39.346 39.313 39.279 39.241 39.204 39.165 38.119 43.067 45.026 45.990 29.946 0.000 29.794 0.000 0.000 0.000 49.312 71.255 75.289 80.733 80.249 73.263 73.939 73.605 73.317 73.009 72.687 72.353 72.009 71.652 71.283 69.972 31.760 0.000 0.000 0.000 0.000 0.000 0.000 0.000 0.000 0.491 0.000 0.000 0.000 0.000 6.444 22.440 16.437 7.435 17.432 13.430 4.427 2.425 0.418
45.247 0.000 43.924 39.941 38.945 56.934 49.909 65.869 74.819 54.784 40.753 38.720 41.685 44.647 45.606 45.562 38.518 37.475 38.434 38.398 39.363 39.330 39.297 44.262 41.227 38.188 39.144 42.088 46.052 35.036 0.000 0.000 0.000 0.000 5.037 124.921 68.635 75.673 73.673 81.152 73.063 75.602 77.105 73.853 73.559 73.251 72.926 72.586 73.244 69.877 57.423 48.110 5.935 0.000 0.000 0.000 0.000 0.000 0.000 0.000 2.498 2.498 2.497 3.488 3.476 4.463 18.449 18.440 2.433 5.427 7.422 4.417 2.412 7.405 12.395
19.390 43.747 39.907 38.961 49.974 53.964 64.941 71.907 37.852 36.830 37.804 39.772 38.735 35.694 43.647 44.597 45.544 44.495 38.451 37.414 36.379 37.348 43.317 102.285 70.253 50.218 33.181 0.000 48.059 56.066 0.000 0.000 0.000 0.000 49.156 60.063 76.956 75.010 81.873 81.528 74.156 74.700 75.383 74.109 73.818 73.510 73.181 73.822 72.504 25.191 0.000 0.000 0.000 0.000 0.000 0.000 0.000 0.000 0.000 0.000 9.499 5.501 2.506 3.493 1.479 13.464 20.451 4.439 5.429 13.420 11.412 5.405 2.399 9.391 28.384
0.000 36.946 39.996 42.023 63.025 74.007 87.984 69.965 0.000 55.882 55.860 39.830 39.791 38.746 36.693 39.634 45.568 43.509 44.463 46.426 44.394 42.365 38.337 33.310 38.283 33.250 0.000 0.000 0.000 42.105 34.114 0.000 0.000 0.000 59.367 76.256 76.349 74.386 82.185 73.864 76.377 77.897 74.655 74.381 74.094 73.790 73.467 71.016 25.760 0.000 0.000 0.000 0.000 0.000 0.000 0.000 0.000 0.000 0.000 8.686 0.000 0.000 10.534 0.511 11.484 23.469 11.453 6.438 11.424 15.413 8.403 3.394 1.384 16.376 36.370
0.000 35.094 41.107 57.111 68.095 116.057 110.025 112.005 117.997 113.955 114.927 39.895 39.855 38.805 38.747 37.677 32.585 42.512 44.467 45.434 43.406 45.381 45.357 46.334 39.318 0.000 0.000 0.000 0.000 43.134 28.124 0.000 0.000 50.848 72.655 76.602 75.602 82.749 82.475 74.921 75.477 76.179 74.930 74.668 74.389 75.088 49.880 0.000 0.000 0.000 0.000 0.000 0.000 0.000 0.000 0.000 20.845 9.834 0.000 3.687 3.657 4.615 4.566 7.536 20.501 17.475 12.454 13.435 11.419 9.405 5.392 2.381 4.370 24.362 40.356
0.000 36.230 53.229 61.220 67.189 38.100 37.053 36.035 33.030 34.017 33.998 39.969 39.928 55.874 55.811 31.744 0.000 29.485 42.459 44.437 42.417 44.397 44.375 45.354 41.338 0.000 0.000 0.000 41.215 26.175 0.000 0.000 52.169 61.034 77.896 76.806 75.998 83.002 74.583 77.119 79.665 75.452 75.215 74.974 73.704 61.293 20.086 0.000 0.000 0.000 0.000 0.000 6.953 1.943 1.923 1.894 5.858 17.824 20.775 6.719 1.672 3.623 5.581 20.545 19.509 5.478 14.453 15.431 14.412 7.396 3.382 2.370 12.357 32.348 40.340
