results3_8e3_rain/res_3e8f-0155.wd
ncols         241
nrows         181
xllcorner     12693529.787448
yllcorner     3542525.717860
cellsize      155.156523
NODATA_value  -9999.000000
[rows 66 to 98 of 181, columns 73 to 145 of 241]
71.228 35.216 0.000 60.351 77.329 76.299 76.271 0.000 47.673 47.657 60.670 56.681 55.662 55.616 54.548 130.449 118.278 0.000 0.000 0.000 51.014 45.952 50.859 53.798 53.747 55.700 56.654 61.601 62.552 63.503 54.461 0.000 0.000 51.743 101.743 83.656 87.519 87.606 85.658 93.577 86.066 86.544 87.283 86.055 85.832 86.627 56.472 0.000 0.000 0.000 0.000 0.000 0.000 0.000 41.233 39.210 39.171 39.119 39.055 38.989 42.919 55.845 52.770 37.697 48.624 57.553 36.483 39.414 45.345 50.277 46.210 40.144 38.080
56.230 62.205 0.103 48.572 72.536 71.508 65.512 18.598 0.000 0.000 53.750 66.829 55.830 54.799 55.755 36.714 0.000 0.000 0.000 0.000 0.000 0.000 61.793 59.767 57.734 40.694 43.648 50.596 51.558 56.524 47.493 0.000 0.000 0.000 61.984 79.891 86.828 86.920 94.005 93.799 86.138 86.826 86.537 86.326 86.114 80.926 38.793 0.000 2.981 35.981 0.000 0.000 0.000 47.312 42.277 39.244 39.202 39.151 39.093 39.029 38.962 38.891 45.819 59.748 60.676 43.606 37.536 38.468 39.400 43.333 42.268 38.203 38.139
58.239 57.170 62.033 59.829 73.735 66.686 67.669 64.684 0.000 0.000 0.000 69.056 64.029 58.994 60.960 7.937 0.000 0.000 0.000 0.000 0.000 0.000 60.752 56.742 47.730 0.000 0.000 48.578 60.559 59.544 0.000 0.000 7.687 64.567 56.315 60.138 67.215 82.275 94.198 85.878 87.433 86.996 86.806 86.588 84.374 67.170 45.981 51.981 49.981 30.981 0.000 0.000 0.000 5.347 56.321 38.285 39.243 43.192 51.135 41.073 39.007 37.939 41.868 56.798 63.727 55.658 41.589 36.521 38.455 38.389 38.324 38.260 37.196
58.280 56.203 60.099 70.977 64.890 57.831 76.796 65.784 17.801 0.000 11.458 61.311 77.236 72.188 72.155 75.137 0.000 0.000 0.000 0.000 6.706 6.710 58.722 49.720 52.714 0.000 0.000 0.000 96.557 123.548 38.543 0.000 63.806 58.703 58.542 58.449 54.531 94.552 94.380 86.925 90.530 87.276 87.066 86.851 78.624 31.397 0.000 53.981 31.981 0.000 0.000 0.000 44.449 43.408 42.373 38.335 42.290 54.240 59.183 57.121 50.056 39.988 48.918 56.848 35.778 41.709 54.641 51.574 47.508 55.444 36.380 38.316 36.253
56.338 62.265 72.181 64.092 56.015 55.953 68.901 76.853 72.819 75.745 77.605 72.493 67.418 69.367 58.335 57.318 0.000 0.000 0.000 7.699 63.701 62.703 50.705 52.702 53.692 57.672 56.659 0.000 7.563 1.550 0.492 10.194 70.027 62.897 57.736 58.827 56.872 94.708 56.542 64.132 78.727 86.547 87.332 85.125 43.875 0.000 0.000 0.000 0.000 0.000 0.000 45.515 39.491 39.462 39.429 40.390 50.345 59.293 58.236 58.173 54.107 50.038 59.968 42.898 37.828 38.759 38.691 48.625 61.561 48.498 36.436 37.373 43.310
62.406 73.339 63.267 56.194 57.125 57.064 59.003 42.910 68.875 66.812 58.723 55.639 54.574 70.528 72.498 59.484 0.000 0.000 0.000 63.696 59.696 56.696 49.695 53.690 53.680 53.665 53.646 12.616 15.579 16.548 18.491 86.349 83.215 72.084 71.039 60.036 94.986 94.853 58.595 65.243 60.019 66.822 85.594 60.443 0.000 0.000 0.000 0.000 0.000 0.000 0.000 45.540 39.537 39.519 39.491 40.452 49.406 59.353 58.293 57.229 54.161 59.091 53.019 36.947 38.877 38.807 38.740 48.675 56.612 35.552 38.492 41.431 60.367
73.480 63.419 56.355 57.290 57.229 58.175 39.135 0.000 25.957 53.906 56.836 56.766 56.711 54.672 78.647 62.635 0.000 0.000 0.000 40.694 57.692 51.690 52.687 53.682 53.674 53.661 53.645 64.622 4.591 8.571 25.575 78.497 88.392 10.280 92.201 82.392 95.102 57.166 70.810 67.453 57.324 54.128 50.777 35.610 0.000 0.000 41.091 0.000 0.000 0.000 0.000 41.568 39.597 39.589 39.562 39.523 40.475 46.418 54.356 54.288 54.217 58.144 36.070 38.996 38.924 37.854 43.787 60.723 43.662 37.604 40.550 21.493 22.415
63.560 56.503 57.444 57.384 57.326 60.273 16.228 14.193 7.091 52.020 56.949 58.877 56.832 55.802 73.782 69.773 0.000 0.000 0.000 0.000 48.687 51.686 53.683 53.678 53.671 53.662 55.650 41.636 0.000 0.000 75.740 78.672 89.580 95.450 89.553 87.590 95.202 78.215 80.918 65.759 58.664 51.591 0.000 0.000 0.000 0.000 39.091 0.000 0.000 0.000 0.000 0.000 42.693 39.677 39.646 39.603 39.551 39.491 39.424 46.351 54.276 42.198 39.120 39.044 38.969 41.898 54.830 54.767 36.708 38.655 41.609 8.576 0.000
56.644 57.590 57.533 57.475 57.417 57.362 61.311 62.260 62.194 58.132 58.065 37.961 54.940 55.921 71.908 70.903 0.000 0.000 0.000 0.000 47.684 53.682 53.680 53.676 53.671 53.665 41.658 0.000 0.000 4.106 80.972 86.875 89.774 89.720 88.798 95.335 87.696 90.413 85.102 70.043 59.983 58.979 59.114 0.000 0.000 0.000 36.091 43.091 36.091 0.000 0.000 0.000 57.806 38.780 39.741 39.692 39.635 40.569 39.497 39.418 39.336 39.253 39.170 39.089 38.011 43.938 58.870 35.807 38.749 38.698 40.655 15.626 0.000
57.732 57.679 57.623 57.565 57.506 57.448 57.393 57.342 57.293 57.250 61.216 0.000 48.047 57.034 73.023 68.029 4.075 0.000 0.000 0.000 52.681 55.680 55.678 55.676 53.673 56.670 0.000 0.000 0.000 73.240 79.168 90.082 89.963 90.071 88.119 95.541 88.829 93.473 89.364 90.298 78.248 66.229 55.249 50.249 52.249 0.000 0.000 42.092 37.091 43.086 44.071 42.035 47.946 57.894 39.846 40.791 49.728 56.656 38.575 39.488 39.398 39.307 39.217 38.131 43.049 61.974 55.904 44.841 37.784 38.733 40.688 55.647 73.605
57.824 57.770 57.714 57.656 57.594 57.531 57.472 60.421 58.388 57.357 61.335 0.000 48.167 57.144 74.123 66.115 6.121 0.000 0.000 0.000 25.680 35.679 34.677 34.675 55.673 40.672 0.000 0.000 0.000 75.446 85.379 90.291 90.249 89.352 96.166 95.871 89.893 90.736 89.594 89.537 90.483 81.440 46.404 0.000 0.000 0.000 0.000 40.093 40.095 37.095 39.094 40.086 39.049 46.006 59.957 42.898 40.830 50.750 38.660 39.562 39.461 39.359 39.261 39.168 47.082 60.003 46.932 58.869 36.812 37.761 42.715 63.672 75.627
57.918 57.864 57.809 57.750 57.685 60.609 62.543 34.481 55.480 58.458 60.431 20.406 51.309 56.253 68.211 66.185 7.174 0.000 0.000 0.000 0.000 0.000 1.676 1.675 36.674 0.000 0.000 0.000 23.885 73.718 90.612 90.494 90.610 88.696 96.434 88.476 94.183 89.879 89.833 89.767 89.708 79.642 40.523 0.000 0.000 0.000 0.000 0.000 43.100 44.106 31.123 39.168 40.158 40.125 44.077 60.016 42.943 39.855 39.753 39.640 39.523 39.409 37.300 43.199 62.107 43.025 41.953 55.890 39.835 37.785 44.740 70.698 75.655
58.013 57.960 57.907 57.851 59.785 35.678 37.611 0.000 17.592 53.562 57.524 61.478 57.411 60.346 65.283 70.240 9.216 0.000 0.000 0.000 0.000 2.676 54.676 61.676 0.000 0.000 0.000 7.170 83.052 84.932 90.826 90.783 89.902 96.917 96.684 89.536 90.252 90.124 90.056 89.992 88.938 68.899 0.000 0.000 0.000 0.000 0.000 0.000 0.000 35.106 0.000 46.306 43.290 39.257 39.209 41.147 58.070 46.974 38.857 39.721 39.584 38.453 43.332 45.221 44.121 41.036 38.965 38.905 38.852 39.805 52.763 74.723 75.685
58.109 58.057 58.008 57.963 62.927 0.916 0.000 23.826 15.734 49.676 58.625 56.572 58.510 70.439 42.333 36.278 1.248 0.000 0.000 0.000 0.000 52.676 58.676 60.676 0.000 0.000 0.000 70.288 75.220 89.132 91.015 91.146 89.242 97.132 89.033 90.710 90.405 90.346 90.273 90.209 82.154 59.117 0.000 0.000 0.000 0.000 0.000 0.000 0.000 0.000 0.000 50.459 45.440 39.405 37.356 40.293 40.215 56.115 48.981 39.804 40.637 38.488 45.354 45.231 42.120 36.035 38.967 38.911 40.863 54.820 73.782 75.748 78.716
59.202 57.150 57.104 57.064 60.037 30.036 27.003 58.917 63.843 57.783 55.728 62.674 72.618 75.567 0.000 0.000 0.000 0.000 0.000 0.000 0.000 20.676 27.676 29.676 0.000 0.000 0.000 72.475 80.411 90.322 91.314 90.353 97.528 97.336 90.063 90.768 90.631 90.554 90.482 90.415 72.353 54.297 0.000 0.000 0.000 0.000 0.000 0.000 0.000 0.000 0.000 48.631 46.607 46.567 43.516 36.456 38.382 39.288 55.149 54.875 51.674 48.509 41.364 40.229 37.093 38.015 38.958 42.910 62.868 74.831 74.798 75.769 74.744
73.290 72.239 71.193 69.154 66.121 67.094 67.054 63.997 64.939 66.884 66.832 72.778 74.720 32.644 0.000 0.000 0.000 0.000 0.000 0.000 0.000 0.000 0.000 0.000 0.000 10.985 18.906 73.726 90.618 91.527 91.476 90.705 97.707 89.536 91.212 90.901 90.837 90.757 90.686 88.618 70.545 41.421 0.000 0.000 0.000 0.000 0.000 0.000 0.000 0.000 0.000 38.828 42.789 45.740 46.687 45.630 42.571 38.508 32.451 0.000 0.000 0.000 0.000 0.000 41.009 38.976 41.939 62.902 75.869 74.838 75.810 78.786 74.766
69.373 71.322 70.277 72.236 74.199 73.164 72.124 70.078 68.030 67.983 68.936 64.887 64.842 0.000 0.000 0.000 0.000 0.000 0.000 0.000 0.000 0.000 0.000 0.000 0.000 60.064 83.007 81.904 90.811 91.699 91.826 89.928 97.874 91.629 91.235 91.112 91.029 90.953 90.885 86.828 66.787 0.000 0.000 0.000 0.000 0.000 0.000 0.000 0.000 0.000 46.207 41.064 37.980 39.916 44.860 46.809 46.762 47.722 38.695 0.000 0.000 0.000 0.000 0.000 41.957 39.942 55.918 76.892 74.866 74.842 74.819 75.800 74.784
57.451 57.401 58.355 65.314 74.276 80.239 68.201 62.161 57.121 55.081 54.041 59.994 38.918 0.000 0.000 0.000 0.000 0.000 0.000 0.000 0.000 0.000 0.000 0.000 0.000 66.200 82.153 90.077 91.991 91.958 91.087 98.170 98.028 93.646 91.453 91.293 91.217 91.140 91.074 86.021 60.989 0.000 0.000 0.000 0.000 0.000 0.000 0.000 0.000 46.471 41.350 41.239 41.153 40.085 37.029 41.983 45.946 46.922 43.914 0.000 0.000 0.000 0.000 44.911 38.921 42.915 70.900 74.882 74.862 74.843 74.825 74.810 74.797
56.524 56.475 60.430 65.389 67.351 70.315 60.279 56.245 57.211 57.180 59.152 37.130 0.000 0.000 0.000 0.000 0.000 0.000 0.000 0.000 0.000 0.000 0.000 0.000 0.000 52.382 81.330 91.259 92.157 92.287 90.396 98.301 91.192 92.867 91.548 91.483 91.396 91.318 91.249 82.192 55.158 0.000 0.000 0.000 0.000 0.000 0.000 0.000 45.702 41.591 41.485 41.389 41.309 41.243 41.189 38.147 37.118 40.106 47.124 47.209 0.000 0.000 0.000 38.901 39.902 57.897 74.887 73.873 73.858 74.843 74.829 74.817 74.807
56.592 56.545 58.501 59.461 57.424 56.390 57.357 56.327 56.299 56.275 61.256 6.245 0.000 0.000 0.000 0.000 0.000 0.000 0.000 0.000 0.000 0.000 0.000 0.000 3.752 60.616 89.527 92.443 92.413 91.543 98.538 98.424 94.190 91.891 91.747 91.658 91.571 91.488 92.410 72.342 60.294 0.000 0.000 45.314 0.000 45.076 47.032 46.947 41.814 41.706 41.610 41.524 41.450 41.387 41.337 41.298 40.272 37.261 46.269 47.293 40.293 0.000 0.000 46.890 38.889 46.884 52.876 55.866 59.854 65.843 71.832 73.822 73.814
57.656 57.610 57.569 57.530 57.495 56.463 56.433 56.407 56.384 55.366 63.354 14.348 0.000 0.000 0.000 0.000 0.000 0.000 0.000 0.000 0.000 0.000 0.000 0.000 44.888 80.804 91.719 92.608 92.748 90.840 98.641 91.641 93.316 92.000 91.926 91.831 91.740 91.652 92.563 64.471 42.383 0.000 0.000 41.314 0.000 40.121 42.072 41.995 41.900 41.809 41.724 41.647 41.579 41.521 41.473 41.436 39.411 41.398 47.396 44.402 0.000 0.000 0.000 45.881 44.879 43.874 42.868 41.860 40.851 44.842 55.833 51.825 53.819
55.716 55.673 55.633 55.597 55.563 55.533 55.506 56.482 58.464 60.451 35.445 2.448 0.000 0.000 0.000 0.000 0.000 0.000 0.000 3.123 12.115 0.000 0.000 15.248 56.106 86.999 92.896 92.885 91.912 98.821 98.736 94.631 92.338 92.189 92.096 92.001 91.908 91.815 87.720 34.595 0.000 0.000 0.000 41.315 47.295 42.215 42.140 42.062 41.983 41.905 41.831 41.761 41.699 41.644 41.598 41.563 38.537 47.522 47.517 43.517 0.000 0.000 0.000 44.874 43.871 44.867 44.861 44.855 44.847 44.840 43.833 43.827 42.822
56.772 56.732 59.694 63.660 66.628 70.600 72.575 75.554 74.538 66.528 4.529 15.547 39.602 7.628 0.000 0.000 0.000 0.000 0.000 43.131 70.106 10.067 0.000 49.389 82.290 92.181 93.081 93.011 92.234 98.895 91.068 92.755 92.438 92.363 92.266 92.171 92.076 92.982 79.906 0.000 0.000 0.000 0.000 21.335 41.355 42.303 44.212 44.131 42.064 41.999 41.933 41.869 41.810 41.758 41.714 38.679 43.654 46.638 47.632 38.633 0.000 0.000 0.000 28.869 49.865 49.861 46.856 43.850 43.844 44.838 45.833 45.828 44.824
58.825 57.788 64.753 73.720 74.690 73.663 72.640 71.620 68.605 62.596 37.596 54.608 72.632 41.653 25.676 1.685 0.000 0.000 14.203 53.164 67.113 6.028 24.865 66.630 91.482 94.366 93.206 93.418 91.394 98.957 93.053 92.768 92.621 92.529 92.435 92.341 92.242 94.129 38.018 0.000 0.000 0.000 0.000 0.000 37.487 43.430 24.275 24.184 41.145 42.092 42.032 41.971 41.915 41.864 40.821 38.786 47.760 47.744 44.739 38.750 44.796 0.000 0.000 0.000 60.859 75.856 68.851 64.846 60.841 56.836 59.831 59.827 42.824
58.876 58.841 61.809 64.778 63.750 61.724 59.701 57.681 55.666 55.655 64.652 66.656 63.666 60.678 64.689 12.695 0.000 0.000 54.242 84.210 35.153 31.065 64.938 88.784 93.651 93.507 93.625 91.579 99.040 91.457 93.172 92.860 92.789 92.695 92.606 92.517 95.421 52.275 0.000 0.000 0.000 0.000 0.000 0.000 39.677 44.655 0.000 0.000 38.240 42.194 42.132 42.070 42.013 41.963 38.920 46.885 47.858 46.839 37.830 41.831 41.843 0.000 0.000 0.000 28.856 58.853 76.847 75.842 75.838 75.833 75.830 69.827 59.824
58.924 58.893 58.862 57.833 57.806 58.781 58.758 58.738 56.721 57.708 62.700 65.697 61.699 56.703 59.707 14.709 0.000 0.000 46.313 56.281 34.223 67.142 82.038 90.919 93.802 93.733 92.831 99.410 99.178 92.448 93.177 93.036 92.948 92.860 92.776 92.700 95.649 0.000 0.000 11.019 20.019 0.000 0.000 40.986 43.889 42.857 49.896 0.000 38.380 42.311 42.233 42.164 42.105 40.054 42.011 47.975 47.946 39.925 40.911 41.903 41.901 0.000 0.000 0.000 0.000 0.000 58.842 74.837 74.834 74.831 74.828 75.825 75.823
58.972 58.943 58.915 58.887 58.861 58.836 58.813 57.792 56.773 60.756 64.742 64.733 59.729 55.728 60.728 13.726 0.000 0.000 42.416 11.376 58.318 82.243 88.152 94.058 93.908 94.118 92.107 99.617 91.867 93.579 93.267 93.198 93.107 93.021 92.937 99.860 83.826 0.000 7.018 57.019 43.019 0.000 0.000 36.082 44.036 42.989 42.936 48.814 46.591 45.436 42.325 42.248 42.189 39.138 47.095 48.058 44.028 39.004 41.985 41.969 43.956 47.967 0.000 0.000 0.000 0.000 0.000 71.832 74.830 74.828 74.825 75.823 73.822
59.021 58.994 58.967 58.940 58.914 58.889 57.866 56.844 58.822 62.801 65.781 61.765 56.756 55.752 58.750 40.742 27.721 28.666 24.558 25.492 65.428 86.357 92.280 94.170 94.308 92.299 99.979 99.806 92.872 93.586 93.441 93.352 93.264 93.179 98.093 40.974 55.970 26.007 57.017 65.019 0.000 0.000 0.000 35.225 44.186 43.126 43.043 52.917 63.732 37.517 47.383 43.316 40.263 42.215 48.172 47.135 38.103 41.078 42.056 42.032 28.989 29.978 0.000 0.000 0.000 0.000 0.000 52.828 73.826 74.825 74.823 78.821 74.820
59.071 59.044 59.017 58.991 58.966 58.942 56.918 56.895 60.871 67.845 68.814 64.791 59.779 57.775 57.776 59.772 59.755 68.718 9.660 43.604 81.546 88.481 94.410 94.376 93.508 100.288 100.138 93.227 94.009 93.672 93.599 93.505 93.418 93.340 101.280 0.000 39.073 41.035 31.025 33.022 0.000 0.000 0.000 38.407 44.356 43.285 49.195 65.077 41.905 0.000 28.376 41.368 39.332 47.287 48.244 44.206 41.174 42.148 42.128 44.115 0.000 0.000 0.000 0.000 0.000 0.000 44.825 25.825 64.823 74.822 74.820 79.819 74.818
59.121 59.094 59.068 59.042 59.017 57.993 56.970 58.947 65.923 42.893 18.838 17.807 14.793 44.792 61.808 56.813 59.809 40.792 2.760 48.719 86.668 92.617 94.506 94.749 92.772 100.426 93.559 94.337 93.907 93.849 93.745 93.653 93.564 94.480 92.409 14.353 14.213 0.000 0.000 0.000 0.000 0.000 37.777 45.639 43.547 42.463 62.376 66.292 0.000 0.000 0.000 37.450 43.408 48.359 48.311 38.271 42.237 42.212 42.194 45.185 0.000 0.000 0.000 0.000 0.000 0.000 23.825 0.000 52.819 74.819 74.818 80.817 74.816
59.170 59.144 59.118 59.093 58.068 57.044 59.021 61.999 69.981 28.966 0.000 0.000 0.000 0.000 43.852 58.864 59.876 45.882 47.870 73.841 90.802 94.728 94.902 92.923 100.669 100.553 94.540 94.236 94.089 93.987 93.890 93.796 93.703 96.610 81.521 10.437 0.000 0.000 0.000 0.000 0.000 0.000 37.915 44.825 43.732 41.644 69.553 30.422 0.000 0.000 43.684 48.573 48.493 48.427 46.373 41.328 42.293 42.268 42.252 44.245 0.000 48.327 0.326 0.000 0.000 0.000 0.000 0.000 45.816 74.816 74.816 74.815 74.814
59.219 59.193 59.168 59.142 58.117 57.093 61.070 65.050 69.034 27.025 0.000 0.000 0.000 0.000 23.884 66.915 61.949 67.989 80.995 89.976 93.938 94.946 94.096 100.874 100.775 93.873 94.650 94.309 94.228 94.126 94.031 93.938 97.842 60.736 32.629 0.000 0.000 0.000 0.000 0.000 0.548 40.323 45.144 44.013 45.910 42.828 66.770 0.000 0.000 38.930 45.794 61.666 50.564 47.485 43.423 41.376 41.340 42.315 42.301 42.299 47.320 43.327 34.327 0.000 0.000 0.000 41.812 43.812 42.813 74.814 74.813 74.813 74.813
59.267 59.242 59.217 59.192 57.167 59.141 65.117 66.096 64.080 51.076 12.092 0.000 0.000 0.000 0.000 19.965 16.015 56.130 87.147 91.128 95.069 95.240 93.364 100.964 93.183 94.963 94.531 94.468 96.358 95.261 94.169 94.082 99.992 22.864 0.000 0.000 0.000 0.000 0.000 21.752 60.666 60.490 48.325 45.174 56.069 50.988 51.928 12.914 0.695 37.066 41.897 52.732 48.612 52.525 46.460 49.412 48.376 45.351 42.336 41.331 41.333 47.334 0.000 0.000 0.000 0.000 38.811 38.811 48.812 74.812 74.812 74.811 74.811
