results3_8e3_rain/res_3e8f-0155.wd
ncols         241
nrows         181
xllcorner     12693529.787448
yllcorner     3542525.717860
cellsize      155.156523
NODATA_value  -9999.000000
[rows 99 to 131 of 181, columns 73 to 145 of 241]
59.315 59.291 59.267 58.242 58.216 63.189 66.161 63.135 59.116 59.106 53.108 9.113 0.000 0.000 0.000 0.000 0.000 14.369 72.337 97.293 95.287 94.445 101.115 101.044 94.148 94.846 94.696 94.588 95.486 95.390 94.303 98.230 57.179 0.000 0.000 0.000 0.000 0.000 0.000 32.838 58.768 70.647 38.490 20.289 50.204 53.127 51.041 54.928 51.705 49.341 18.997 43.753 47.627 62.543 68.481 71.436 69.402 64.378 57.363 52.354 47.350 25.342 0.000 0.000 0.000 0.000 19.811 37.810 49.810 73.810 74.810 74.810 74.810
59.363 59.342 58.318 56.293 60.265 65.236 66.204 66.168 60.141 57.125 62.119 62.118 23.120 0.000 17.007 46.955 23.841 3.640 60.545 100.424 95.674 95.691 101.174 93.460 95.250 94.906 94.820 94.711 94.607 94.509 96.423 95.356 31.315 0.000 0.000 0.000 0.000 0.000 1.181 36.993 42.921 53.841 2.790 0.000 45.332 53.273 52.182 56.051 55.850 26.595 0.000 38.657 52.600 57.537 78.487 79.448 79.418 80.397 81.382 79.373 60.369 0.000 0.000 0.000 0.000 0.000 0.000 36.809 49.809 73.809 74.809 74.808 74.808
59.414 58.393 58.371 61.345 64.317 65.287 40.251 4.192 33.156 69.135 42.126 16.122 8.121 0.000 28.060 78.015 74.929 66.813 85.693 96.844 93.832 101.256 94.741 95.548 95.116 95.053 94.938 94.830 94.722 95.615 93.524 81.455 28.410 1.400 0.000 0.000 0.000 1.439 40.313 47.181 45.084 46.003 18.949 0.000 51.517 69.453 62.364 57.244 32.047 0.000 0.000 21.618 11.579 51.520 76.480 80.450 78.426 78.408 78.395 80.388 53.385 47.391 47.393 53.393 0.000 0.000 0.000 13.809 48.808 73.807 74.807 74.807 74.807
58.466 57.448 62.426 65.400 65.372 65.343 30.321 0.000 0.144 12.132 3.129 0.000 0.000 0.000 21.158 84.118 90.047 97.960 97.919 95.044 101.597 101.387 94.709 95.420 95.273 95.166 95.059 94.950 94.834 100.706 50.604 18.532 2.466 0.200 4.842 7.826 0.000 31.539 49.441 45.332 45.232 44.140 50.054 15.960 44.767 70.658 69.575 67.515 0.000 0.000 0.000 0.000 0.000 49.482 78.465 82.446 79.429 78.415 76.404 65.397 46.394 42.394 43.394 27.394 0.000 0.000 0.000 0.000 44.806 73.806 74.806 74.806 70.805
57.522 63.506 65.485 65.459 63.427 69.391 39.370 0.000 0.000 0.000 0.000 0.000 0.000 0.000 32.296 90.249 93.189 97.065 96.302 96.315 101.785 94.095 95.801 95.477 95.392 95.285 95.181 99.076 104.958 59.773 28.653 3.602 0.000 0.000 0.000 4.809 32.793 55.682 49.580 42.475 47.371 51.269 48.168 46.060 59.933 63.835 53.765 61.726 0.000 0.000 0.000 0.000 0.000 55.460 79.452 84.441 83.429 79.417 74.409 43.403 41.399 42.398 49.397 0.000 0.000 0.000 0.000 38.805 42.805 71.805 74.805 74.804 68.804
64.583 65.570 65.549 64.522 42.486 8.425 27.397 29.397 0.000 0.000 0.000 0.000 0.000 23.600 76.481 90.404 93.308 95.466 96.476 102.116 101.958 95.071 95.773 95.613 95.508 95.403 99.303 61.215 21.150 0.000 38.634 24.620 0.000 0.000 0.000 0.000 40.888 74.817 65.721 60.616 55.508 56.398 54.288 55.178 68.071 61.985 45.925 47.897 0.000 0.000 0.000 0.000 0.000 55.447 83.443 48.436 46.427 78.417 81.411 51.406 42.403 47.400 17.398 0.000 0.000 0.000 0.000 11.804 38.804 56.804 72.804 75.803 68.803
65.650 65.640 61.621 65.594 47.572 0.000 18.397 48.397 0.000 0.000 0.000 0.000 13.814 75.719 89.626 95.547 95.518 95.660 102.401 102.263 94.399 96.175 95.824 95.735 95.622 95.514 99.414 71.332 3.277 0.000 8.630 11.625 0.000 0.000 0.000 0.000 28.053 59.975 64.873 74.761 70.646 58.528 61.409 70.293 65.189 53.107 45.054 46.039 20.086 21.097 0.000 0.000 0.000 53.438 87.436 1.432 0.000 27.415 74.411 64.408 45.405 24.403 0.000 0.000 0.000 0.000 0.000 0.000 11.804 35.803 61.803 71.803 64.802
63.724 60.720 59.700 75.660 54.635 0.000 17.397 45.397 0.000 0.000 0.000 7.981 71.909 84.833 94.763 97.644 96.888 94.919 102.528 93.709 95.483 92.042 93.970 95.847 95.733 96.618 90.507 80.422 28.350 0.000 0.000 0.000 0.000 0.000 0.000 15.489 50.297 55.159 55.033 56.910 65.786 68.659 71.527 65.397 52.284 46.200 45.145 44.121 48.121 33.109 0.000 0.000 0.000 42.431 79.429 45.426 34.420 26.415 69.412 75.409 55.407 0.000 0.000 6.406 0.000 0.000 0.000 0.000 0.000 30.802 54.802 59.802 46.802
57.807 66.817 62.800 3.711 4.673 0.000 8.397 8.397 0.000 0.000 0.000 9.052 88.009 89.953 97.864 97.031 96.053 102.754 102.646 95.668 95.355 95.197 95.079 93.962 94.843 96.719 53.575 4.498 0.000 0.000 0.000 0.000 0.000 19.078 35.929 50.681 61.486 58.329 57.191 54.061 54.931 57.794 69.643 70.483 62.351 51.262 44.207 44.177 46.167 0.000 0.000 0.000 0.000 27.427 69.425 47.422 43.419 43.415 75.411 78.409 61.408 24.407 14.407 57.406 0.000 0.000 0.000 0.000 0.000 33.801 57.801 52.801 38.801
58.899 68.940 55.973 0.000 0.000 0.000 5.397 17.397 1.397 0.000 0.328 75.166 85.125 97.070 97.065 96.209 102.947 102.853 94.980 96.755 96.406 96.313 96.195 96.077 97.959 47.839 0.000 0.000 0.000 0.000 0.000 8.611 34.465 51.228 64.028 59.821 58.638 58.481 58.341 59.211 57.083 55.942 29.768 48.542 73.376 55.291 43.242 46.215 44.204 32.211 0.000 0.000 0.000 28.424 61.421 39.420 0.000 0.000 31.409 68.408 57.407 66.407 73.406 32.406 0.000 0.000 0.000 0.000 0.000 8.801 48.801 46.800 39.800
56.989 61.071 60.178 36.338 0.000 0.000 0.000 3.397 6.397 0.000 28.407 88.316 95.255 97.177 97.337 95.460 103.032 95.268 97.049 96.615 96.546 96.426 97.311 98.194 60.076 0.000 0.000 0.000 0.000 0.000 10.950 53.756 64.558 60.339 59.133 58.938 58.765 58.614 58.481 58.361 58.246 67.123 5.945 0.000 41.318 50.286 42.256 51.236 51.224 33.218 0.000 0.000 0.000 0.000 45.417 82.416 50.413 0.000 24.408 69.408 63.407 54.406 54.406 0.000 0.000 0.000 0.000 0.000 0.000 0.000 27.800 38.800 39.800
69.059 7.177 63.330 61.498 50.699 9.823 0.154 0.000 0.000 19.570 78.504 92.436 98.376 97.361 96.516 103.178 103.109 96.217 96.915 96.764 96.653 97.544 99.428 60.311 0.000 0.000 0.000 0.000 9.553 40.410 51.144 62.906 59.670 59.439 56.225 56.034 55.869 56.729 58.609 58.506 61.419 38.357 0.000 0.000 21.292 46.277 45.260 63.247 59.240 0.000 0.000 0.000 0.000 0.000 29.414 74.413 86.411 43.409 69.408 83.407 75.407 51.406 44.405 16.405 0.000 0.000 0.000 0.000 0.000 0.000 33.799 39.799 43.799
51.098 4.248 65.467 55.624 62.777 54.945 16.236 3.528 12.635 79.636 88.599 98.558 97.446 97.713 95.741 103.237 95.505 97.298 96.958 96.875 97.767 98.666 52.547 0.000 0.000 0.000 0.000 1.931 52.697 63.533 61.309 60.056 61.778 61.521 67.296 72.103 66.950 59.824 53.719 57.634 63.568 21.530 0.000 0.000 17.281 49.271 50.261 72.253 60.249 0.000 0.000 0.000 0.000 0.000 17.411 69.411 78.410 83.409 79.408 79.407 83.406 67.406 46.405 47.404 16.404 9.404 0.000 0.000 0.000 35.799 40.799 38.799 43.799
0.000 0.000 33.668 84.756 47.838 0.000 0.000 17.714 77.741 82.737 96.718 97.628 97.908 95.838 103.321 95.762 97.572 97.148 97.091 97.980 94.875 49.806 0.000 0.000 0.000 0.000 8.260 55.106 62.903 60.717 60.502 64.231 38.863 17.573 20.334 37.133 63.002 64.898 65.811 57.741 58.691 19.664 0.000 0.000 0.000 30.264 48.260 55.255 54.253 3.253 0.000 0.000 0.000 0.000 17.409 60.409 73.408 78.408 79.407 80.406 76.406 72.405 57.405 45.404 49.404 55.403 0.000 0.000 0.000 1.798 38.798 39.798 41.798
0.000 0.000 10.780 85.893 72.982 0.000 0.000 24.874 85.875 93.866 97.818 99.014 99.051 103.637 103.444 96.713 97.429 97.290 97.192 92.090 81.947 32.876 0.000 0.000 7.684 43.591 52.413 64.256 61.093 60.931 64.750 42.503 0.352 0.000 0.000 23.092 61.029 57.955 61.886 67.829 67.790 45.771 0.000 0.000 0.000 12.261 50.258 44.256 51.255 2.254 0.000 0.000 0.000 0.000 22.408 47.408 64.407 78.407 73.406 66.406 68.405 29.405 54.404 63.404 56.403 52.403 0.000 0.000 0.000 0.000 0.000 33.798 38.798
0.000 0.000 0.000 14.053 63.214 2.924 13.049 79.033 91.020 98.003 98.021 98.199 103.987 103.817 96.000 97.798 97.465 97.394 90.305 56.238 0.000 0.000 0.000 15.866 61.778 55.675 63.545 61.413 61.283 62.163 40.065 0.873 0.000 0.000 0.000 22.114 64.067 58.006 57.948 59.900 63.868 65.859 17.886 0.000 0.000 0.000 31.257 50.256 25.255 0.000 0.000 0.000 0.000 0.000 15.407 43.407 54.406 61.406 53.406 50.405 15.405 0.000 3.404 47.403 51.403 60.403 0.000 0.000 0.000 0.000 0.000 27.798 38.797
0.000 0.000 0.000 0.000 0.880 13.152 82.190 87.186 98.177 98.109 99.394 99.467 104.147 96.298 98.078 97.647 97.587 87.486 76.399 40.318 0.000 0.000 0.000 55.955 77.884 62.789 54.679 62.567 60.462 63.373 33.315 0.000 0.000 0.000 18.254 53.183 60.118 59.056 59.000 55.955 51.925 53.911 15.913 0.000 0.000 0.000 12.256 57.256 5.255 0.000 0.000 0.000 0.000 0.000 15.406 45.406 44.406 43.405 41.405 47.405 0.000 0.000 0.000 22.403 45.402 63.402 7.401 0.000 0.000 0.000 0.000 0.000 31.797
0.000 0.000 0.000 0.000 0.000 85.382 84.372 98.355 98.309 99.512 99.585 104.441 104.298 97.251 98.937 96.781 82.666 71.573 45.486 0.000 0.000 0.000 50.241 68.115 68.015 74.916 62.815 52.716 58.625 68.551 71.509 34.535 0.000 0.000 17.325 65.245 59.167 59.099 58.041 53.996 47.965 48.948 14.942 0.000 0.000 0.000 0.000 30.255 38.255 0.000 0.000 0.000 0.000 0.000 23.405 47.405 41.405 42.405 42.404 44.404 27.404 0.000 0.000 0.000 32.402 53.401 31.401 5.401 0.000 0.000 0.000 0.000 26.797
0.000 0.000 0.000 0.000 24.742 85.621 97.563 98.524 99.533 101.720 104.707 104.576 96.557 98.322 94.975 83.875 72.730 44.651 0.000 0.000 0.000 52.486 73.366 59.251 51.145 65.045 76.948 64.856 67.772 68.698 55.633 61.561 40.380 2.745 25.477 57.305 53.206 60.133 55.070 47.022 45.990 49.973 11.965 0.000 0.000 0.000 0.000 17.255 57.255 2.255 0.000 0.000 0.000 0.000 0.000 29.404 44.404 42.404 42.404 42.404 50.403 0.000 0.000 0.000 0.000 34.401 45.401 51.401 0.000 0.000 0.000 0.000 0.000
0.000 0.000 0.000 0.000 67.864 93.797 99.743 98.647 98.916 96.996 104.832 96.839 98.605 93.174 82.106 56.987 0.000 0.000 0.000 0.000 52.725 73.605 60.488 49.376 49.270 51.170 62.076 76.989 67.908 52.835 60.766 62.695 36.617 0.000 22.384 82.291 69.218 58.156 52.086 48.031 45.003 45.988 39.982 3.985 0.000 0.000 0.000 0.000 36.255 8.255 0.000 0.000 0.000 0.000 0.000 9.404 46.404 42.403 42.403 42.403 44.403 28.403 0.000 0.000 0.000 15.400 42.400 45.400 0.000 0.000 0.000 0.000 0.000
0.000 0.000 0.000 71.174 68.051 73.969 88.880 100.053 97.117 105.067 104.952 97.772 93.459 82.312 61.206 0.000 0.000 34.358 0.000 4.969 77.844 60.722 49.605 50.494 49.389 52.290 66.199 75.114 76.038 59.967 55.902 66.837 40.776 0.000 0.000 13.256 26.221 8.189 0.000 18.012 49.002 55.993 56.989 42.988 0.000 0.000 0.000 0.000 0.000 0.000 0.000 0.000 0.000 0.000 0.000 10.403 46.403 45.403 48.403 43.403 40.403 49.402 0.000 0.000 0.000 22.400 56.400 61.400 0.000 0.000 0.000 0.000 0.000
0.000 0.000 10.400 72.297 69.199 70.118 80.094 96.259 105.285 105.177 97.051 93.817 81.487 55.412 0.000 0.000 51.408 50.358 32.256 16.094 65.960 49.835 50.717 49.606 50.501 65.404 71.314 35.233 26.160 78.095 64.036 41.974 2.875 0.000 0.000 0.000 0.000 0.000 0.000 15.004 67.000 60.995 57.992 53.991 8.991 0.000 0.000 0.000 0.000 0.000 0.000 0.000 0.000 0.000 0.000 34.403 43.403 18.403 0.000 18.402 43.402 47.402 0.000 0.000 0.000 24.400 60.400 29.400 0.000 0.000 0.000 0.000 0.000
0.000 85.590 73.503 70.415 68.337 69.215 70.458 74.523 105.390 96.293 92.054 81.644 55.601 0.000 0.000 0.000 55.458 53.409 73.317 57.192 50.065 50.942 49.823 52.711 72.606 69.509 50.421 46.343 51.275 79.218 76.174 40.147 0.000 0.000 0.000 0.000 0.000 0.000 0.000 15.001 73.998 73.995 68.993 59.992 4.992 0.000 0.000 0.000 0.000 0.000 0.000 0.000 0.000 0.000 7.402 46.402 48.403 0.000 0.000 3.402 46.402 47.402 0.000 0.000 0.000 0.000 31.400 0.000 0.000 0.000 0.000 0.000 0.000
1.766 83.676 97.606 89.532 74.434 75.592 67.640 105.587 105.490 75.175 79.853 55.751 0.000 0.000 0.000 0.000 57.557 70.503 68.410 50.293 50.168 50.043 60.922 72.809 61.703 50.606 50.518 50.442 51.378 60.328 78.296 74.293 35.347 0.000 0.000 0.000 0.000 0.000 0.000 0.000 59.996 61.995 73.993 74.992 30.992 0.000 0.000 0.000 0.000 0.000 0.000 0.000 0.000 0.000 38.402 48.402 25.402 0.000 0.000 7.402 47.402 45.402 0.000 0.000 0.000 0.000 0.000 0.000 0.000 0.000 0.000 0.000 0.000
19.843 96.781 99.713 99.644 94.617 84.772 105.775 105.681 67.334 62.111 0.000 0.000 0.000 0.000 0.000 0.000 68.711 73.636 49.528 51.401 51.270 63.139 72.015 53.898 50.791 50.692 50.605 50.529 50.467 50.419 59.390 79.382 72.401 46.432 37.445 41.448 10.449 0.000 0.000 0.000 0.000 39.994 79.993 79.992 40.992 0.000 0.000 0.000 0.000 0.000 0.000 0.000 0.000 0.000 27.402 26.402 0.000 0.000 0.000 0.000 27.402 54.402 0.000 0.000 0.000 0.000 0.000 0.000 0.000 0.000 0.000 0.000 0.000
89.958 99.890 99.829 99.716 103.959 95.018 105.866 67.434 70.115 64.812 0.000 0.000 0.000 0.000 0.000 62.099 73.938 50.804 51.663 51.516 59.370 72.230 50.100 50.980 50.869 50.769 50.680 50.604 50.541 50.493 50.461 54.444 55.443 50.450 51.454 58.450 40.449 0.000 0.000 0.000 0.000 0.000 34.992 70.992 33.992 0.000 0.000 0.000 0.000 0.000 0.000 0.000 0.000 0.000 0.000 0.000 0.000 0.000 0.000 0.000 0.000 6.402 0.000 0.000 0.000 0.000 0.000 0.000 0.000 0.000 0.000 0.000 0.000
96.062 96.002 99.914 101.077 98.124 106.042 105.955 72.093 56.527 1.693 4.693 1.693 0.000 0.000 0.000 79.260 56.140 51.980 51.804 53.629 74.463 54.312 51.175 51.051 50.937 50.834 50.742 50.664 50.601 50.552 50.516 49.492 48.478 51.472 33.470 0.000 0.000 0.000 0.000 0.000 0.000 0.000 0.000 63.992 51.992 18.991 0.000 0.000 0.000 0.000 0.000 0.000 0.000 0.000 0.000 0.000 0.000 0.000 0.000 0.000 0.000 0.000 0.000 0.000 0.000 0.000 0.000 0.000 0.000 0.000 0.000 0.000 0.000
75.176 75.111 79.090 75.247 106.214 106.129 83.609 64.795 55.695 0.000 0.000 1.693 0.000 0.000 0.000 54.541 50.380 50.171 48.945 61.731 54.543 48.380 49.238 49.112 48.996 48.886 49.790 50.710 50.647 50.597 49.559 47.528 49.505 49.491 46.484 36.486 39.486 41.485 40.484 42.484 13.484 0.000 0.000 1.992 60.991 32.991 0.000 0.000 0.000 0.000 0.000 0.000 0.000 0.000 0.000 0.000 0.000 0.000 0.000 0.000 0.000 0.000 0.000 0.000 0.000 0.000 0.000 0.000 0.000 0.000 0.000 0.000 0.000
90.291 112.180 77.427 107.485 106.298 66.169 56.760 0.000 71.042 29.370 0.000 0.000 0.000 0.000 98.369 76.981 47.671 55.377 66.074 64.808 60.600 58.425 58.285 58.163 57.047 50.927 46.821 50.740 50.679 50.632 49.593 49.559 53.521 53.501 54.491 64.488 64.486 60.485 53.484 52.484 31.484 0.000 0.000 0.000 19.991 25.991 0.000 0.000 0.000 0.000 0.000 0.000 0.000 0.000 0.000 0.000 0.000 0.000 0.000 0.000 0.000 0.000 0.000 0.000 0.000 0.000 0.000 0.000 0.000 0.000 0.000 0.000 0.000
138.372 116.969 115.016 106.453 106.377 94.258 0.000 38.040 66.040 139.700 115.202 1.490 45.874 35.315 96.757 56.345 53.946 125.593 116.165 111.829 111.621 110.436 109.313 108.209 107.104 77.952 44.826 50.750 50.697 50.657 50.625 42.592 0.000 0.000 0.000 0.000 0.000 0.000 17.484 69.483 48.483 19.483 0.000 0.000 0.000 0.000 0.000 0.000 0.000 0.000 0.000 0.000 0.000 0.000 0.000 0.000 0.000 0.000 0.000 0.000 0.000 0.000 0.000 0.000 0.000 0.000 0.000 0.000 0.000 0.000 0.000 0.000 0.000
96.541 116.128 106.593 106.524 90.784 0.000 0.000 0.000 9.380 61.186 48.922 0.000 27.215 0.000 55.999 52.695 62.175 117.884 0.000 3.720 0.000 54.384 63.322 124.257 37.207 0.000 54.782 50.738 50.702 51.675 33.657 0.000 0.000 0.000 0.000 0.000 0.000 0.000 0.000 22.483 69.483 25.483 0.000 0.000 0.000 0.000 0.000 0.000 0.000 0.000 0.000 0.000 0.000 0.000 0.000 0.000 0.000 0.000 0.000 0.000 0.000 0.000 0.000 0.000 0.000 0.000 0.000 0.000 0.000 0.000 0.000 0.000 0.000
117.298 115.352 106.657 115.275 117.123 37.411 0.000 16.912 43.912 53.744 30.378 7.467 48.557 94.089 92.544 85.261 0.000 36.884 0.000 15.612 37.503 65.395 110.334 73.289 38.259 0.000 0.000 56.718 50.697 51.682 32.673 0.000 0.000 0.000 0.000 0.000 0.000 0.000 0.000 0.000 16.482 55.482 20.482 0.000 0.000 0.000 0.000 0.000 0.000 0.000 0.000 0.000 0.000 0.000 0.000 0.000 0.000 0.000 0.000 0.000 0.000 0.000 0.000 0.000 0.000 0.000 0.000 0.000 0.000 0.000 0.000 0.000 0.000
115.432 106.773 106.717 95.781 38.547 0.000 0.000 0.000 5.614 32.499 0.000 0.000 41.455 85.166 138.828 74.545 0.000 0.000 0.000 0.000 0.000 79.357 114.332 44.305 41.282 0.000 0.000 0.000 55.689 49.683 47.679 45.680 33.680 0.000 0.000 0.000 0.000 0.000 0.000 0.000 11.482 69.482 27.482 0.000 0.000 0.000 0.000 0.000 0.000 0.000 0.000 0.000 0.000 0.000 0.000 0.000 0.000 0.000 0.000 0.000 0.000 0.000 0.000 0.000 0.000 0.000 0.000 0.000 0.000 0.000 0.000 0.000 0.000
