results3_8e3_rain/res_3e8f-0162.wd
ncols         241
nrows         181
xllcorner     12693529.787448
yllcorner     3542525.717860
cellsize      155.156523
NODATA_value  -9999.000000
[rows 99 to 131 of 181, columns 0 to 72 of 241]
0.000 0.000 0.000 0.000 0.000 60.868 100.868 102.868 93.868 88.868 0.000 0.000 0.000 0.000 0.000 2.865 1.865 68.865 65.865 0.000 0.000 1.865 4.864 63.864 62.864 3.864 0.000 0.000 0.000 10.756 0.000 0.000 0.000 0.000 16.616 62.612 58.603 57.586 58.562 59.536 72.507 61.476 65.441 57.403 59.362 57.317 58.270 63.220 64.167 62.113 66.057 59.000 58.942 60.882 63.819 77.750 78.691 63.643 49.600 0.000 0.000 0.000 0.000 0.000 27.657 82.652 79.641 66.623 41.600 36.576 80.553 57.531 59.508
0.000 0.000 0.000 0.000 0.000 61.868 101.868 101.868 0.000 0.000 0.000 0.000 0.000 0.000 0.000 1.865 13.865 79.865 68.865 6.865 3.865 3.865 66.865 65.864 69.864 0.864 0.000 0.000 0.000 68.756 60.756 0.000 0.000 0.000 75.659 85.653 71.644 64.631 58.612 60.590 79.564 64.534 70.500 70.463 61.422 76.377 68.329 69.278 59.225 67.169 67.112 65.054 58.996 59.937 63.874 60.780 22.717 12.680 0.000 0.000 0.000 0.000 0.000 30.673 67.668 79.662 86.654 76.643 52.627 53.610 67.593 58.574 59.555
6.870 0.000 0.000 0.000 0.000 48.869 97.868 106.868 16.869 0.000 0.000 0.000 0.000 0.000 0.000 0.866 2.866 86.865 67.865 68.865 70.865 67.865 64.865 65.865 63.864 1.864 0.000 0.000 0.000 61.756 61.756 62.755 61.747 61.733 60.707 70.697 79.690 26.680 90.666 80.647 85.624 70.596 15.563 86.526 84.485 83.440 87.391 76.339 59.284 62.226 67.167 67.108 64.050 59.998 48.958 0.000 0.000 0.000 0.000 0.000 0.000 0.000 0.000 40.679 67.678 67.676 78.672 77.665 60.656 60.645 59.633 59.619 59.603
74.870 77.870 9.870 0.000 0.000 58.869 97.869 102.869 112.869 17.869 0.000 0.000 0.000 0.000 8.866 8.866 6.866 23.866 71.865 68.865 86.865 100.865 75.865 60.865 0.000 0.000 0.000 0.000 0.000 0.000 60.758 61.760 61.753 61.745 61.738 60.740 60.739 59.734 60.725 65.709 77.689 71.662 14.630 86.593 87.552 65.507 72.457 89.404 83.346 70.285 60.223 66.160 67.098 70.047 55.003 0.000 0.000 0.000 0.000 0.000 0.000 0.000 0.000 2.685 18.691 64.692 61.692 61.690 59.687 59.682 59.675 59.665 59.653
88.870 71.870 71.870 73.870 75.870 94.869 102.869 102.869 102.869 104.869 78.868 17.868 0.867 66.867 73.866 74.866 36.866 31.866 94.866 102.865 97.865 93.865 76.865 0.865 0.000 0.000 0.000 0.000 0.000 0.000 0.000 61.775 60.761 59.755 60.759 61.785 61.793 61.793 61.788 62.777 81.759 76.734 59.702 61.665 72.624 83.577 60.527 72.472 73.411 66.346 86.280 69.213 61.134 2.090 0.000 0.000 0.000 0.000 0.000 0.000 0.000 0.000 0.000 0.000 10.708 64.710 59.713 59.716 59.719 59.720 59.719 57.714 55.706
103.870 93.870 74.870 78.870 96.870 102.869 102.869 102.869 102.869 97.869 69.868 75.868 3.868 57.867 92.867 100.866 100.866 84.866 99.866 106.866 16.866 0.000 0.000 0.000 0.000 0.000 0.000 0.000 0.000 0.000 0.000 61.805 0.000 0.000 0.000 62.848 61.853 61.858 61.859 62.852 78.836 83.812 60.780 61.742 61.699 79.652 80.602 58.546 66.481 85.405 77.340 55.276 0.000 0.000 0.000 0.000 0.000 0.000 0.000 0.000 0.000 0.000 0.000 0.000 7.723 64.727 59.733 59.743 59.753 58.761 57.766 62.767 63.764
103.870 103.870 98.870 101.870 102.870 102.870 102.869 102.869 102.869 98.869 73.869 90.868 0.000 0.000 70.867 94.867 102.866 103.866 102.866 107.866 10.866 0.000 0.000 0.000 0.000 0.000 0.000 0.000 0.000 0.000 0.000 61.834 0.866 0.890 63.909 61.906 61.915 61.927 61.936 61.936 78.923 83.898 60.864 61.824 61.779 62.732 83.682 77.628 84.562 74.455 55.397 0.000 0.000 0.000 0.000 0.000 0.000 0.000 0.000 0.000 0.000 0.000 0.000 0.000 62.735 59.741 59.751 59.768 59.790 58.806 60.816 64.823 65.826
101.871 102.870 102.870 102.870 102.870 102.870 102.870 102.869 102.869 103.869 98.869 105.868 29.868 8.868 58.867 77.867 100.866 102.866 103.866 91.866 5.866 0.000 0.000 0.000 0.000 0.000 0.000 0.000 0.000 0.000 0.000 55.854 60.873 60.895 59.918 61.951 61.974 61.999 62.023 62.031 79.020 83.993 60.955 61.909 61.861 61.813 66.766 89.721 69.686 0.000 0.000 0.000 0.000 0.000 0.000 0.000 0.000 0.000 0.000 0.000 0.000 0.000 0.000 0.000 15.742 66.749 62.761 63.788 61.834 57.856 64.870 65.883 63.893
98.871 103.871 102.871 102.871 102.870 102.870 102.870 102.870 102.869 102.869 103.869 96.868 80.868 71.868 65.867 92.867 102.867 102.866 107.866 10.866 0.000 0.000 0.000 0.000 0.000 0.000 0.000 0.000 0.000 0.000 0.000 0.000 0.000 0.000 0.000 62.006 62.030 62.073 62.127 62.146 78.134 85.100 62.052 61.998 61.944 61.894 61.847 67.806 20.773 0.000 0.000 0.000 0.000 0.000 0.000 0.000 0.000 0.000 0.000 0.000 0.000 0.000 0.000 0.000 0.000 3.753 1.757 0.000 7.903 66.913 64.927 65.945 62.964
98.871 103.871 102.871 102.871 102.871 102.871 102.870 102.870 102.870 102.869 103.869 88.869 67.868 66.868 75.867 99.867 102.867 102.866 108.866 13.866 4.866 0.000 0.000 0.000 0.000 0.000 0.000 0.000 0.000 0.000 0.000 0.000 0.000 0.000 0.000 58.036 62.067 59.135 62.265 62.293 81.271 85.220 62.155 62.086 62.024 61.970 61.924 58.882 8.828 0.000 0.000 0.000 0.000 0.000 0.000 0.000 0.000 0.000 0.000 0.000 0.000 59.047 0.000 0.000 0.000 0.000 0.000 0.989 62.961 63.966 65.981 66.005 63.036
101.871 102.871 102.871 102.871 102.871 102.871 102.871 102.870 102.870 102.870 102.869 99.869 76.868 77.868 94.867 101.867 102.867 102.866 109.866 26.866 0.000 0.000 0.000 0.000 0.000 0.000 0.000 0.000 0.000 0.000 0.000 0.000 0.000 0.000 0.000 0.000 58.067 0.000 61.506 62.488 90.437 77.356 62.260 62.169 62.095 75.038 64.996 59.972 0.000 0.000 0.000 0.000 0.000 0.000 0.000 0.000 0.000 0.000 0.000 0.000 11.047 70.048 55.047 0.000 0.000 0.000 1.027 64.015 67.004 66.009 63.027 59.057 59.102
102.872 102.872 102.872 102.872 102.872 102.871 102.871 102.871 102.870 102.870 102.869 102.869 104.868 104.868 103.867 102.867 102.867 104.866 93.866 36.866 0.000 0.000 0.000 0.000 0.000 0.000 0.000 0.000 0.000 0.000 0.000 0.000 0.000 0.000 0.000 0.000 0.000 0.000 61.765 62.718 96.631 65.507 62.359 62.236 74.149 83.090 62.052 62.037 61.053 0.000 0.000 0.000 0.000 0.000 0.000 0.000 0.000 0.000 0.000 0.000 0.000 66.048 67.047 54.047 1.045 60.042 62.038 66.032 65.031 63.039 62.059 58.094 66.149
101.872 100.872 102.872 102.872 102.872 102.872 102.872 102.871 102.871 102.870 102.870 102.869 102.869 102.868 102.867 102.867 103.866 86.866 14.866 5.865 63.865 77.865 23.865 0.000 0.000 4.865 0.000 0.000 0.000 0.000 0.000 0.000 0.000 0.000 0.000 3.830 3.807 0.648 58.070 68.987 91.864 62.681 59.435 62.265 62.175 62.120 62.086 62.070 62.069 59.069 0.000 0.000 0.000 0.000 0.000 0.000 0.000 0.000 0.000 0.000 0.044 61.048 57.048 63.047 58.047 66.046 66.044 65.044 61.048 64.058 59.078 58.110 58.165
91.873 91.873 100.873 102.873 102.873 102.872 102.872 102.872 102.871 102.871 102.870 103.870 104.869 102.868 102.867 102.867 102.866 24.866 8.865 63.865 73.865 83.865 82.865 75.865 67.865 8.865 0.000 0.000 0.000 0.000 0.000 0.000 0.000 0.000 3.870 62.852 65.804 65.678 62.433 61.295 70.156 57.919 0.000 58.216 62.166 62.128 62.103 62.088 61.083 0.000 0.000 0.000 0.000 0.000 0.000 0.000 63.048 74.048 0.000 0.000 62.048 60.048 60.048 57.048 65.048 66.049 66.050 63.052 66.058 66.068 64.083 59.103 48.124
73.873 78.873 97.873 103.873 102.873 102.873 102.873 102.872 102.872 102.871 104.871 90.870 86.869 101.868 106.867 103.867 98.866 80.865 83.865 89.865 83.865 84.865 63.865 56.865 2.865 0.000 0.000 0.000 0.000 0.000 0.000 0.000 0.822 0.000 53.888 59.906 62.877 62.803 62.690 62.605 64.547 0.000 0.000 0.000 57.145 62.125 62.108 62.098 62.093 0.090 0.000 0.000 0.000 0.000 0.000 23.048 80.048 62.048 60.048 60.048 60.048 60.048 58.049 63.049 66.050 66.051 62.053 66.058 66.064 65.073 59.084 60.096 50.105
57.874 72.874 91.874 104.874 105.874 105.874 103.874 102.873 103.873 102.872 103.871 41.870 12.869 60.868 78.867 99.866 106.866 104.865 104.864 90.865 13.865 0.000 0.000 0.000 0.000 0.000 0.000 0.000 0.000 8.822 10.822 0.822 0.822 0.822 0.000 59.006 62.996 60.965 61.920 63.888 64.879 0.000 0.000 0.000 0.000 55.116 62.108 62.102 59.097 0.000 0.000 0.000 0.000 0.000 0.000 0.000 22.048 76.048 59.048 59.048 60.048 59.049 59.049 65.049 66.050 64.052 52.055 5.061 70.069 64.076 64.083 64.090 50.095
21.874 43.874 76.875 82.875 76.875 78.875 95.874 103.874 99.873 92.873 91.872 26.872 0.000 0.000 0.000 36.866 71.865 97.864 104.863 1.864 0.000 0.000 0.000 0.000 0.000 0.000 0.000 0.000 0.000 50.822 71.822 16.822 1.822 0.822 0.000 59.117 65.137 64.141 73.137 74.149 64.203 9.360 0.000 0.000 0.000 0.000 59.106 60.104 0.000 0.000 0.000 0.000 0.000 0.000 0.000 0.000 0.000 81.048 84.048 64.048 58.048 56.049 66.049 66.049 61.050 0.000 0.000 0.000 11.074 69.079 66.083 66.088 56.090
0.000 0.000 57.877 66.877 18.876 4.876 67.875 96.875 87.874 83.873 97.873 64.872 24.872 0.000 0.000 0.000 0.000 42.863 73.861 0.000 0.000 0.000 0.000 0.000 0.000 0.000 0.000 0.000 0.000 0.000 55.822 73.822 4.822 0.000 0.000 50.206 64.296 62.324 92.340 85.367 63.422 65.518 11.622 0.000 0.000 0.000 54.106 0.000 0.000 0.000 0.000 0.000 0.000 0.000 0.000 0.000 0.000 0.000 69.048 86.048 71.048 65.049 66.049 61.049 0.000 0.000 0.000 0.000 0.000 61.082 66.084 66.086 61.088
0.000 0.000 53.878 98.878 55.878 4.877 56.876 88.876 90.875 101.874 103.873 106.872 112.871 51.870 20.869 0.000 0.000 0.000 13.858 8.856 0.000 1.844 0.000 0.000 0.000 0.000 0.000 0.000 0.000 0.000 56.822 71.822 1.822 8.823 12.823 0.000 57.515 65.519 95.530 77.556 65.602 64.666 69.726 0.000 0.000 0.000 0.000 0.000 0.000 0.000 0.000 0.000 0.000 0.000 0.000 0.000 0.000 0.000 0.000 7.048 74.048 64.049 62.049 0.000 0.000 0.000 0.000 0.081 60.083 59.083 61.084 55.085 0.000
26.882 41.882 75.880 93.880 101.879 70.878 83.878 106.877 103.876 102.875 102.874 102.873 102.871 108.870 111.868 67.865 26.863 8.860 71.857 85.854 78.849 80.844 36.839 12.834 9.831 0.000 0.000 0.000 0.000 0.000 35.822 57.822 63.822 63.823 66.823 25.823 58.732 87.705 89.706 66.726 64.764 64.819 67.891 13.008 8.060 0.000 0.000 0.000 0.000 0.000 0.000 0.000 0.000 0.000 0.000 0.000 0.000 0.000 0.000 0.000 0.041 0.043 8.049 0.000 0.000 0.000 0.000 62.083 57.083 55.083 0.000 0.000 0.000
99.883 102.883 102.882 100.881 98.880 99.880 101.879 101.878 102.877 103.876 103.875 102.873 95.872 99.870 102.868 106.865 110.863 111.860 103.857 99.853 96.849 91.844 93.838 86.833 42.827 20.822 0.000 0.000 0.000 0.000 0.000 0.000 0.000 0.000 0.000 82.915 71.883 100.865 91.864 78.879 65.909 64.953 65.010 69.074 65.112 0.000 0.000 0.000 0.000 0.000 0.000 0.000 0.000 0.000 0.000 0.000 0.000 0.000 0.000 0.000 0.000 0.000 0.000 0.000 0.000 0.000 0.000 0.000 0.000 0.000 0.000 0.000 0.000
102.884 97.884 95.883 94.883 88.882 85.881 86.880 86.879 92.878 97.877 97.875 90.874 74.872 89.870 102.868 102.866 102.863 102.860 102.857 102.853 103.849 103.844 106.838 107.831 107.824 107.816 46.807 0.000 0.000 0.000 0.000 0.000 0.000 0.000 0.000 55.039 81.021 86.007 70.005 87.016 75.041 65.076 65.120 68.167 11.201 0.000 0.475 0.484 0.000 0.000 0.000 0.000 0.000 0.000 0.000 0.000 0.000 0.000 0.000 0.000 0.000 0.000 0.000 0.000 0.000 0.000 0.000 0.000 0.000 0.000 0.000 0.000 0.000
72.885 45.885 67.885 81.884 79.883 59.883 44.882 40.880 60.879 77.878 76.876 69.875 64.873 74.871 95.869 103.866 102.864 102.861 102.858 102.854 102.850 106.845 81.838 69.830 68.822 72.812 75.798 14.774 3.750 0.442 0.281 0.000 0.000 0.000 0.000 53.180 89.157 72.137 64.132 74.141 85.161 69.191 65.228 65.272 71.325 15.417 9.466 1.493 0.511 6.511 4.511 0.000 0.000 0.000 0.000 0.000 0.000 0.000 0.000 0.000 0.000 0.000 0.000 0.000 0.000 0.000 0.000 0.000 0.000 0.000 0.000 0.000 0.000
62.887 33.887 55.886 70.886 66.885 43.884 29.883 33.882 53.881 67.879 65.878 65.876 66.874 64.872 83.869 100.867 102.864 102.862 102.859 102.856 101.853 64.849 0.000 0.000 0.000 0.000 0.000 0.000 0.000 59.563 79.553 31.540 17.524 13.502 60.450 77.343 94.289 71.251 65.245 63.254 80.272 82.298 68.330 65.367 65.410 68.460 77.495 15.517 10.529 0.000 19.511 0.000 0.000 0.000 0.000 0.000 0.000 0.000 0.000 0.000 0.000 0.000 0.000 0.000 0.000 0.000 0.000 0.000 0.000 0.000 0.000 0.000 0.000
75.889 71.889 66.888 65.888 66.887 68.886 69.885 72.884 71.882 67.881 66.879 66.877 66.875 65.873 72.870 94.868 103.865 102.863 104.860 76.858 42.855 0.000 0.000 0.000 0.000 0.000 0.000 0.000 0.000 24.557 46.550 49.541 53.532 67.531 64.505 85.455 82.406 56.334 63.344 65.357 67.375 80.399 72.426 67.456 65.488 64.517 81.537 72.544 66.544 0.000 0.000 0.000 0.000 0.000 0.000 0.000 0.000 0.000 0.000 0.000 0.000 0.000 0.000 0.000 0.000 0.000 0.000 0.000 0.000 0.000 0.000 0.000 0.000
65.891 66.891 66.890 66.890 66.889 66.888 66.887 66.886 66.884 66.882 66.880 66.878 66.876 66.874 64.871 85.869 102.866 104.864 100.862 26.860 0.000 0.000 0.000 0.000 0.000 0.000 0.000 0.000 0.000 0.000 0.000 0.000 0.000 51.586 68.583 94.565 68.546 0.000 51.440 66.454 64.474 68.496 69.520 78.544 67.567 65.585 64.591 60.580 1.562 0.000 0.000 0.000 0.000 0.000 0.000 0.000 0.000 0.000 0.000 0.000 0.000 0.000 0.000 0.000 0.000 0.000 0.000 0.000 0.000 0.000 0.000 0.000 25.173
66.893 66.893 66.893 66.892 66.891 66.890 66.889 65.888 65.886 66.884 66.882 66.880 66.878 66.875 65.872 73.870 88.867 99.865 87.862 13.861 0.000 0.000 0.000 0.000 0.000 0.000 0.000 0.000 0.000 0.000 0.000 0.000 0.000 28.643 77.678 102.675 12.667 0.000 49.522 67.546 65.569 64.592 72.613 83.634 71.652 65.664 69.661 2.620 0.000 0.000 0.000 0.000 0.000 0.000 0.000 0.000 0.000 0.000 0.000 0.000 0.000 0.000 0.000 0.000 0.000 0.000 0.000 0.000 0.000 0.000 0.000 0.000 82.251
66.896 66.896 66.895 66.895 66.894 66.893 66.891 70.890 71.888 67.886 66.884 66.882 66.879 66.876 66.874 65.871 68.868 77.865 77.862 18.861 0.000 0.000 0.000 0.000 0.000 0.000 20.511 0.000 0.000 0.000 0.000 0.000 0.000 0.839 81.809 96.792 19.781 0.000 33.580 64.638 65.667 65.688 64.707 69.726 71.744 67.759 69.767 0.000 0.000 0.000 0.000 0.000 0.000 0.000 0.000 0.000 0.000 0.000 0.000 0.000 0.000 0.000 0.000 0.000 0.000 0.000 0.000 0.000 0.000 0.000 0.000 66.473 75.382
66.899 66.898 66.898 66.897 66.896 66.895 65.894 77.892 82.891 69.889 66.886 66.884 66.881 66.878 66.875 66.871 66.868 65.865 68.862 49.859 0.000 0.000 0.000 0.000 0.000 62.511 83.511 45.509 36.500 35.489 0.000 0.000 0.000 63.030 104.948 78.902 78.883 5.904 0.000 50.759 67.771 65.786 65.802 63.820 79.839 83.860 77.883 0.993 0.000 0.000 0.000 0.000 0.000 0.000 0.000 0.000 0.000 0.000 0.000 0.000 0.000 0.000 0.000 0.000 0.000 0.000 0.000 0.000 0.000 0.000 40.637 91.565 77.490
66.902 66.901 66.901 66.900 66.899 66.898 65.897 78.895 84.893 68.891 66.889 66.886 66.883 66.880 66.876 66.873 66.868 66.864 66.860 72.855 43.849 0.000 0.000 0.000 2.512 25.512 40.513 62.515 70.503 74.477 48.428 24.361 59.270 97.143 95.053 74.984 56.946 14.925 0.000 50.868 67.874 66.883 69.896 64.912 73.932 96.958 93.999 39.076 3.131 19.157 0.000 0.000 0.000 0.000 0.000 0.000 0.000 0.000 0.000 0.000 0.000 0.000 11.080 72.083 0.000 0.000 0.000 0.000 0.000 0.000 77.709 133.658 116.596
63.905 64.905 65.904 65.903 66.902 66.901 64.900 79.898 82.896 65.894 66.891 66.888 66.885 66.882 66.878 66.874 66.869 66.864 66.858 66.852 72.844 52.833 3.825 0.000 0.000 0.000 0.000 38.535 69.520 65.490 68.445 72.384 84.308 101.218 85.135 53.037 2.992 0.000 0.000 49.971 66.972 69.977 82.986 68.999 79.018 80.043 99.077 103.122 86.160 36.183 0.000 0.000 0.000 0.000 0.000 0.000 0.000 0.000 0.000 0.000 1.071 33.076 71.080 0.126 0.000 0.000 0.000 0.000 0.000 63.922 73.832 74.763 77.698
84.908 79.908 74.908 72.907 68.906 64.905 64.903 79.901 82.899 64.897 66.894 66.891 66.888 66.884 66.880 66.876 65.870 64.865 65.858 65.850 65.841 71.830 48.818 25.803 0.785 0.000 0.000 37.571 75.550 69.519 64.477 77.424 100.359 94.285 62.234 0.000 0.000 0.000 0.000 48.073 66.068 71.067 78.072 73.082 78.097 77.118 90.144 84.175 77.205 50.231 5.262 0.000 0.000 0.000 0.000 0.000 0.000 0.000 0.000 0.000 33.072 36.076 39.082 0.092 10.614 0.000 0.000 7.086 41.086 69.011 137.934 101.870 133.758
104.912 103.912 99.911 94.911 90.910 85.908 80.907 76.905 71.903 65.900 66.898 66.895 66.891 66.887 65.883 67.878 73.872 78.866 77.858 75.850 69.840 64.828 68.813 74.794 38.766 19.730 23.687 57.628 80.592 71.558 67.520 90.476 102.420 58.329 3.281 0.000 0.000 11.256 18.235 52.179 65.159 70.151 86.153 76.160 69.172 62.188 68.207 86.230 83.253 89.274 8.293 0.000 0.000 0.000 0.000 0.000 0.000 0.000 0.000 0.000 0.000 0.000 0.000 0.000 7.636 0.000 0.000 0.000 76.162 67.102 77.036 99.932 76.108
