results3_8e3_rain/res_3e8f-0113.wd
ncols         241
nrows         181
xllcorner     12693529.787448
yllcorner     3542525.717860
cellsize      155.156523
NODATA_value  -9999.000000
[rows 33 to 65 of 181, columns 73 to 145 of 241]
0.000 0.000 0.000 0.000 0.000 0.000 0.000 0.000 0.000 0.000 0.000 0.000 0.000 0.000 0.000 0.000 0.000 0.000 0.000 0.000 0.000 0.000 0.000 0.000 0.000 0.000 0.000 0.000 0.000 0.000 0.000 0.000 0.000 0.000 0.000 0.000 0.000 0.000 0.000 37.182 60.183 65.185 21.187 0.000 0.000 30.262 44.289 11.270 2.271 34.293 37.308 31.308 32.291 33.258 33.210 33.144 33.060 31.956 37.820 57.612 4.188 12.127 9.473 44.690 61.172 65.705 64.268 64.878 63.423 65.521 60.587 60.173 60.163
0.000 0.000 0.000 0.000 0.000 0.000 0.000 0.000 0.000 0.000 0.000 0.000 0.000 0.000 0.000 0.000 0.000 0.000 0.000 0.000 0.000 0.000 0.000 0.000 0.000 0.000 0.000 0.000 0.000 0.000 0.000 0.000 0.000 0.000 0.000 0.000 0.000 0.000 0.000 0.000 12.184 7.184 0.000 0.000 0.000 0.000 26.375 0.000 0.000 24.332 48.371 47.376 37.361 33.328 33.276 33.203 33.112 32.005 53.884 51.748 0.000 35.008 47.600 61.057 65.557 65.088 64.666 64.181 65.250 61.275 60.545 60.795 63.104
0.000 0.000 0.000 0.000 0.000 0.000 0.000 0.000 0.000 0.000 0.000 0.000 0.000 0.000 0.000 0.000 0.000 0.000 32.842 64.842 17.842 0.000 0.000 0.000 0.000 0.000 0.000 0.000 0.000 0.000 0.000 0.000 0.000 0.000 0.000 0.000 0.000 0.000 0.000 0.000 0.000 0.000 0.000 0.000 0.000 0.000 18.461 0.000 0.000 0.000 26.469 44.464 44.449 35.416 33.361 33.282 31.181 47.066 55.964 0.000 20.688 45.297 59.863 66.383 65.903 65.457 64.944 66.984 62.976 61.045 61.436 63.766 63.017
0.000 0.000 0.000 0.000 0.000 0.000 0.000 0.000 0.000 0.000 0.000 19.843 57.843 0.000 0.000 0.000 0.000 0.000 39.842 90.842 46.842 0.000 0.000 0.000 0.000 0.000 0.000 0.000 0.000 0.000 0.000 0.000 0.000 0.000 0.000 0.000 0.000 0.000 0.000 0.000 0.000 0.000 0.000 0.000 0.000 0.000 21.547 22.586 29.604 15.604 25.571 33.564 46.555 37.527 33.471 30.382 41.263 51.115 39.941 15.608 45.080 62.627 67.174 66.703 66.247 65.713 65.724 64.689 61.660 62.094 64.434 63.688 63.460
0.000 0.000 0.000 0.000 0.000 0.000 0.000 0.000 0.000 0.000 0.000 40.843 75.843 64.843 51.843 6.843 0.843 24.843 78.842 86.842 51.842 0.000 0.000 0.000 0.000 20.616 0.000 0.000 0.000 0.000 0.000 0.000 0.000 0.000 0.000 0.000 0.000 4.623 0.000 0.000 0.000 8.624 26.624 0.000 0.000 37.605 52.594 55.607 53.623 39.636 33.647 32.666 46.679 37.667 29.614 43.513 57.373 45.189 33.079 47.803 52.397 64.958 67.497 67.039 66.490 66.473 64.418 62.387 62.775 65.117 64.373 64.145 63.820
0.000 0.000 0.000 0.000 0.000 0.000 0.000 0.000 0.000 0.000 0.000 11.843 73.843 56.843 37.844 0.000 20.843 70.843 81.843 88.842 47.842 0.000 0.000 0.000 0.000 58.616 42.616 0.000 0.000 0.000 0.000 0.000 0.000 0.000 0.000 0.000 21.623 33.623 35.623 0.000 0.000 17.624 42.624 21.623 35.621 58.617 61.616 62.626 59.644 46.671 33.714 30.774 47.828 38.846 42.806 60.682 54.527 0.000 31.383 50.127 62.747 68.307 67.849 67.288 67.242 65.171 63.244 63.484 65.821 65.080 64.851 64.520 64.197
0.000 0.000 0.000 0.000 0.000 0.000 0.000 0.000 0.000 0.000 0.000 0.000 0.000 24.844 62.844 58.844 46.844 59.843 79.843 90.842 43.841 0.000 0.000 0.000 0.000 20.616 44.616 46.616 0.000 0.000 0.000 0.000 0.000 0.000 0.000 0.000 37.623 38.623 50.623 33.623 22.624 36.624 37.624 33.624 40.624 47.624 45.628 38.638 57.656 23.691 39.764 42.887 33.014 45.085 58.082 54.882 0.000 6.373 42.944 59.572 68.160 68.690 68.131 68.051 64.970 64.274 64.231 66.553 65.813 65.583 65.249 64.918 64.573
0.000 0.000 0.000 0.000 0.000 0.000 0.000 0.000 0.000 0.000 0.000 0.000 0.000 14.844 81.844 76.844 66.844 56.844 80.843 88.842 83.840 68.837 23.835 0.000 0.000 0.000 0.616 54.616 38.616 36.617 47.617 42.617 5.617 0.000 0.000 1.623 37.623 36.623 57.623 63.624 52.624 44.624 36.625 33.626 34.627 35.628 34.633 32.640 40.653 1.672 0.000 2.095 38.258 61.396 59.555 0.000 5.139 42.804 56.444 66.071 69.597 69.147 69.912 65.849 65.555 65.039 67.324 66.581 66.345 66.010 65.676 65.324 64.952
0.000 0.000 0.000 0.000 0.000 0.000 0.000 0.000 0.000 0.000 0.000 0.000 0.000 0.000 14.844 53.845 28.846 64.846 83.845 88.843 86.840 84.836 73.833 32.830 0.000 0.000 0.000 10.616 49.616 49.617 62.617 60.617 53.617 48.618 0.000 0.000 4.622 41.623 60.623 67.624 59.624 43.625 32.626 33.627 33.628 33.630 33.634 33.639 37.643 0.000 0.000 0.000 8.471 45.685 15.188 12.560 47.475 52.255 63.977 70.569 70.408 68.633 66.943 67.223 65.942 68.155 67.394 67.143 66.799 66.465 66.117 65.750 65.342
0.000 0.000 0.000 0.000 0.000 0.000 0.000 0.000 0.000 0.000 0.000 0.000 0.000 0.000 0.000 0.000 85.848 85.848 87.847 87.844 86.840 80.835 74.830 45.828 0.000 0.000 0.000 0.000 0.000 17.617 62.617 56.617 71.618 68.618 47.619 26.620 27.622 36.623 58.623 67.624 58.624 41.625 31.626 36.627 35.629 33.631 33.634 33.637 34.639 26.638 0.000 0.000 0.000 0.000 6.953 50.017 52.942 60.788 71.499 71.601 69.952 71.807 69.494 67.002 69.079 68.274 67.986 67.620 67.274 66.928 66.580 66.216 64.791
0.000 0.000 0.000 0.000 0.000 0.000 20.763 43.760 0.000 21.706 61.696 50.684 54.674 29.668 0.000 0.000 21.850 93.851 87.851 84.848 81.841 84.834 75.826 38.822 0.000 0.000 0.000 0.000 0.000 0.000 0.000 6.617 60.618 61.618 12.618 0.000 3.622 40.623 58.623 63.624 53.624 44.625 42.626 4.628 11.629 39.632 33.634 33.636 34.637 40.637 48.637 10.637 0.000 0.000 22.654 55.612 59.504 70.308 72.516 72.146 75.452 74.013 68.382 70.144 69.245 68.890 68.481 68.107 67.744 67.394 67.057 66.745 72.503
0.000 0.000 0.000 0.000 0.000 0.000 20.766 63.758 5.739 55.716 57.698 69.682 52.670 37.661 0.000 0.000 9.852 78.854 90.859 87.854 87.844 88.832 82.820 36.812 0.000 0.000 0.000 0.000 0.000 0.000 0.000 0.000 0.000 45.618 4.618 0.000 0.000 46.623 43.623 55.624 12.624 0.000 0.000 0.000 0.000 5.633 43.634 37.635 0.636 30.637 64.637 47.637 0.637 0.000 27.405 61.244 70.144 73.261 73.015 77.213 76.470 69.773 71.292 70.297 69.855 69.388 68.971 68.578 68.203 67.846 67.508 67.204 71.974
19.014 63.012 53.009 0.000 0.000 0.000 14.776 74.765 50.745 52.720 58.698 82.678 83.661 78.647 32.634 0.000 0.000 0.000 38.876 92.866 87.850 88.829 85.808 44.794 0.000 0.000 0.000 0.000 0.000 0.000 0.000 0.000 0.000 3.618 0.000 0.000 0.000 0.000 0.000 0.000 0.000 0.000 0.000 0.000 0.000 0.000 0.000 18.635 15.635 0.000 0.000 0.000 0.000 16.817 54.232 71.183 72.856 73.786 78.145 77.760 70.821 72.342 71.340 70.842 70.323 69.863 69.434 69.030 68.646 68.277 67.926 67.591 70.264
19.015 75.011 57.007 53.002 0.000 0.000 1.798 66.783 68.754 68.723 80.694 77.670 89.649 88.632 49.621 0.000 0.000 0.000 14.902 94.886 87.859 88.826 85.791 45.762 0.000 0.000 6.370 54.336 66.298 35.272 0.000 0.000 0.000 0.000 0.000 0.000 0.000 0.000 0.000 0.000 0.000 0.000 0.000 0.000 0.000 0.000 0.000 0.000 3.635 0.000 0.000 0.000 14.785 55.290 72.247 72.827 79.048 78.538 72.117 72.663 73.137 72.289 71.786 71.250 70.761 70.303 69.873 69.463 69.071 68.693 68.327 74.969 15.616
83.017 80.012 59.006 59.997 51.985 0.000 56.836 51.815 59.764 72.725 76.686 87.659 88.634 87.613 56.596 0.000 0.000 0.000 13.945 93.917 87.875 88.825 83.769 63.701 47.595 48.498 48.404 56.339 77.286 44.247 0.000 0.000 0.000 0.000 0.000 0.000 0.000 0.000 0.000 0.000 0.000 0.000 0.000 0.000 0.000 0.000 0.000 0.000 0.000 0.000 12.884 43.659 53.163 72.146 73.734 80.410 79.810 72.674 74.377 73.692 73.127 72.643 72.126 71.634 71.164 70.717 70.290 69.880 69.483 69.097 75.718 21.344 0.000
80.020 75.015 73.007 55.994 59.973 59.940 50.895 43.875 0.000 0.000 18.667 77.647 88.615 86.588 71.554 38.508 0.000 1.140 63.015 83.962 88.899 87.830 88.757 78.678 54.587 51.496 50.409 59.331 77.259 60.183 46.079 46.997 50.936 61.899 25.884 0.000 0.000 0.000 0.000 0.000 0.000 0.000 0.000 0.000 0.000 0.000 0.000 0.000 0.000 0.000 24.086 63.924 71.867 74.512 81.296 80.898 73.409 75.061 74.265 73.875 73.411 72.933 72.459 71.994 71.544 71.110 70.690 70.282 69.884 75.493 22.106 0.000 0.000
69.025 21.020 89.013 60.000 53.975 54.951 56.928 56.916 45.924 0.000 0.000 0.000 22.593 93.568 83.526 61.461 53.355 60.235 59.109 61.016 68.927 69.840 56.753 53.666 51.578 51.490 50.403 59.318 74.235 53.148 50.057 54.976 70.913 73.876 58.869 32.869 0.000 0.000 0.000 0.000 0.000 0.000 0.000 0.000 0.000 0.000 0.000 0.000 0.000 14.934 56.775 72.382 75.219 81.857 81.615 74.116 75.744 74.945 74.571 74.124 73.679 73.230 72.782 72.340 71.909 71.488 71.078 70.675 76.279 21.886 0.000 0.000 0.000
15.032 88.029 89.024 75.018 0.000 1.963 61.948 57.937 68.933 59.933 0.000 0.000 1.596 81.566 78.520 63.456 54.370 51.272 51.169 54.067 66.955 74.849 77.747 70.657 60.570 53.483 52.395 68.305 71.213 46.119 50.024 49.936 50.864 54.824 33.846 0.000 0.000 0.000 4.433 0.000 0.000 0.000 0.000 0.000 0.000 0.000 0.000 18.167 49.835 57.688 71.199 82.517 82.127 75.187 75.774 76.328 75.625 75.247 74.809 74.383 73.953 73.524 73.097 72.677 72.263 71.857 72.457 79.063 22.671 0.000 0.000 0.000 0.000
93.040 89.039 89.037 89.030 76.017 58.989 58.967 58.949 49.937 0.000 15.685 22.670 74.628 71.584 74.533 67.471 68.397 68.315 68.226 71.128 65.979 65.853 67.730 71.644 72.562 70.478 66.388 77.294 75.194 63.090 63.984 63.880 65.783 40.710 0.000 0.000 0.000 0.000 5.433 0.000 0.000 0.000 0.000 0.000 0.000 5.031 52.818 53.388 74.402 74.958 83.607 83.118 77.684 77.391 76.769 76.291 75.900 75.474 75.058 74.642 74.227 73.815 73.408 73.006 72.609 73.219 76.832 9.447 0.000 0.000 0.000 0.000 0.000
92.048 88.053 88.054 89.047 86.032 64.008 57.982 58.956 59.930 51.899 0.787 66.697 63.657 64.610 65.558 60.498 64.432 69.363 77.295 62.239 0.000 0.000 12.678 70.626 66.556 66.478 66.387 66.287 66.179 66.064 65.943 65.816 63.679 58.523 31.315 0.000 6.971 50.744 57.433 69.112 38.861 0.000 0.000 0.000 0.000 54.221 65.030 76.960 77.597 84.352 84.013 78.346 78.012 77.267 76.927 76.526 76.117 75.710 75.304 74.900 74.499 74.102 73.712 73.329 73.951 76.576 24.204 0.000 0.000 0.000 0.000 0.000 0.000
78.055 78.070 78.078 89.073 89.056 79.030 54.997 57.963 58.929 58.886 64.824 73.750 57.694 54.642 52.589 59.531 74.471 73.410 58.351 38.295 0.000 0.000 0.000 0.000 55.560 50.490 50.396 50.288 50.170 51.044 53.909 54.762 54.594 53.388 54.107 52.671 52.198 60.828 67.444 65.042 71.611 69.037 63.505 60.982 63.357 74.925 78.425 78.214 84.846 84.630 78.996 78.640 77.881 77.543 77.138 76.740 76.341 75.944 75.549 75.156 74.766 74.383 74.010 74.647 75.288 13.932 0.000 0.000 0.000 0.000 0.000 0.000 0.000
0.000 44.092 56.115 84.111 88.091 69.057 52.013 50.972 58.934 58.894 57.844 51.786 52.727 58.676 75.624 74.568 57.510 50.456 40.403 0.000 60.024 68.967 64.880 65.769 68.633 71.526 70.418 71.300 74.170 73.032 69.887 71.728 66.547 52.329 56.055 54.707 59.321 76.925 83.472 80.002 73.502 67.993 69.516 75.968 80.811 79.219 85.452 85.097 78.999 80.602 79.178 78.508 78.158 77.749 77.353 76.957 76.564 76.175 75.791 75.409 75.028 75.653 73.299 68.959 20.624 0.000 0.000 0.000 0.000 0.000 0.000 0.000 0.000
0.000 0.000 49.180 68.165 79.139 54.093 46.028 52.976 50.943 57.912 58.874 58.821 51.753 68.711 60.662 49.606 52.547 44.499 0.000 69.163 72.081 71.998 73.903 74.795 77.676 81.563 80.450 80.325 80.178 82.027 82.877 80.718 68.537 54.326 56.076 55.783 55.454 58.082 31.515 3.992 93.401 134.938 112.458 78.386 79.898 86.442 85.994 79.457 82.178 79.585 79.134 78.766 78.361 77.965 77.566 77.171 76.782 76.402 76.031 75.661 77.283 71.901 60.575 15.267 0.000 0.000 0.000 0.000 0.000 0.000 0.000 0.000 38.037
1.489 0.000 4.259 25.232 60.206 42.149 0.000 47.963 52.950 52.936 58.919 47.870 0.000 52.754 50.708 52.646 53.575 63.494 77.384 74.245 76.138 82.040 91.940 135.831 132.713 132.601 132.494 132.373 133.190 117.019 48.879 51.728 49.557 57.361 56.140 52.894 50.631 32.431 0.000 0.000 2.111 59.774 76.814 81.418 87.144 86.822 79.067 80.760 80.051 79.739 79.361 78.970 78.576 78.178 77.778 77.378 76.991 76.622 77.269 75.920 67.543 56.092 13.834 0.000 0.000 0.000 0.000 0.000 0.000 0.000 0.000 29.191 50.121
75.481 23.441 12.364 75.300 53.303 0.000 0.000 0.000 46.956 59.963 51.998 0.000 4.923 60.842 51.770 62.694 75.611 75.519 80.412 83.296 76.187 62.084 52.984 48.879 46.742 49.635 50.550 37.484 0.000 53.981 50.891 49.760 53.601 57.421 54.230 46.023 52.745 33.581 0.000 0.000 55.057 72.086 81.827 87.637 87.417 79.660 81.340 80.628 80.327 79.950 79.573 79.187 78.793 78.394 77.987 77.574 77.182 77.824 73.503 62.208 18.875 0.000 0.000 0.000 0.000 0.000 0.000 0.000 0.000 0.000 0.000 47.262 46.206
85.498 93.480 81.455 0.000 10.403 4.503 0.000 0.000 0.000 0.000 56.110 54.094 62.005 58.920 58.836 58.750 75.657 89.558 78.450 58.339 56.230 51.127 53.033 43.959 0.000 55.648 52.587 41.528 0.000 55.033 49.945 50.819 57.666 55.492 53.336 35.223 0.000 0.328 51.621 49.497 66.306 82.234 87.912 80.607 81.170 81.824 81.213 80.912 80.541 80.174 79.796 79.410 79.017 78.619 78.203 78.749 78.338 67.989 52.713 15.533 0.000 0.000 0.000 0.000 0.000 0.000 0.000 0.000 22.650 21.604 36.519 48.388 36.302
75.525 79.524 69.522 0.000 0.000 69.604 62.631 56.624 0.540 8.342 74.239 71.167 58.083 58.996 58.906 59.812 80.711 132.604 125.492 72.379 127.268 48.161 52.061 51.964 53.854 51.722 51.620 51.514 53.365 49.172 49.038 57.906 56.750 53.547 48.398 37.310 0.000 0.000 53.730 60.600 82.626 81.525 88.273 81.656 82.238 81.782 81.486 81.132 80.775 80.406 80.027 79.639 79.245 78.861 80.457 75.880 57.434 44.082 45.825 11.679 0.000 0.000 0.000 0.000 0.000 0.000 0.000 0.000 31.696 36.643 50.565 44.471 34.387
71.554 66.570 10.586 0.000 0.736 52.677 61.664 58.628 76.553 70.435 75.336 83.251 74.165 59.075 58.981 58.880 57.771 51.656 46.536 51.417 48.300 52.190 52.085 51.983 51.877 51.766 51.659 51.544 50.408 55.254 57.127 58.017 41.883 0.000 41.398 0.000 0.000 0.000 57.942 79.879 83.899 89.281 88.812 81.752 82.400 82.036 81.716 81.375 81.018 80.648 80.268 79.873 79.465 78.121 39.886 0.000 0.000 0.000 0.000 0.000 0.000 0.000 0.000 28.168 23.135 22.082 21.011 24.918 33.795 49.709 43.627 34.543 44.463
63.580 54.614 59.667 4.758 57.785 53.754 52.720 70.669 63.597 79.508 88.420 68.336 54.250 52.160 55.062 57.955 58.838 58.712 51.581 50.451 51.328 51.213 52.106 52.005 51.905 56.805 53.704 50.596 51.470 54.308 58.200 47.150 0.000 0.000 0.000 0.000 13.663 133.544 77.254 84.282 82.265 89.694 81.583 84.096 85.574 82.294 81.971 81.632 81.275 80.901 81.524 78.120 65.619 56.273 14.080 0.000 0.000 0.000 0.000 0.000 0.000 0.000 30.252 30.201 30.155 31.100 31.032 31.950 45.857 45.772 29.690 32.611 34.534
38.595 39.640 33.710 57.823 53.852 52.834 63.792 67.732 78.660 85.580 51.501 50.422 51.340 53.251 52.152 49.040 56.914 57.773 58.624 57.478 51.346 50.229 49.123 50.025 55.933 114.845 82.757 62.665 45.567 0.000 60.216 68.232 0.000 0.000 0.000 0.000 57.785 68.687 85.571 83.612 90.417 90.069 82.677 83.201 83.862 82.562 82.245 81.908 81.549 82.156 80.808 33.464 0.000 0.000 0.000 0.000 0.000 0.000 0.000 0.000 0.000 0.000 37.303 33.230 30.185 31.132 29.067 40.992 47.911 31.830 32.752 40.676 38.602
0.000 0.000 0.000 50.971 53.967 55.938 76.884 87.808 101.728 83.653 12.582 69.512 69.437 53.353 53.255 52.140 50.004 52.844 58.662 56.491 57.350 59.233 57.131 55.040 50.958 45.884 50.815 45.740 0.000 0.000 0.000 54.331 46.356 0.000 0.000 0.368 68.003 84.884 84.965 82.985 90.734 82.411 84.907 86.408 83.145 82.848 82.538 82.207 81.856 79.366 34.087 0.000 0.000 0.000 0.000 0.000 0.000 0.000 0.000 0.000 0.000 36.495 6.427 0.000 38.224 28.176 39.112 51.040 38.964 33.888 38.812 42.738 35.667
0.000 0.000 0.000 49.123 55.107 71.067 81.996 129.888 123.793 125.720 131.661 127.606 128.543 53.468 53.375 52.260 52.116 50.938 45.691 55.473 57.332 58.222 56.127 58.046 57.976 58.918 51.878 0.000 0.000 0.000 0.000 55.405 40.381 0.000 0.000 59.501 81.300 85.236 84.222 91.311 91.030 83.474 84.016 84.701 83.433 83.151 82.850 83.526 58.301 0.000 0.000 0.000 0.000 0.000 0.000 0.000 0.000 0.000 48.779 37.734 27.662 31.562 31.484 32.417 32.312 35.236 48.165 45.092 40.018 40.944 38.871 36.799 32.729
15.312 0.000 0.000 50.291 67.271 75.228 81.145 51.956 50.835 49.774 46.738 47.707 47.663 53.601 53.519 69.409 69.264 45.101 0.000 42.378 55.282 57.195 55.111 57.040 56.981 57.933 53.901 0.000 0.000 0.000 53.603 38.504 0.000 0.000 60.852 69.704 86.552 85.448 84.624 91.573 83.161 85.683 88.214 83.986 83.732 83.475 82.185 69.745 28.523 0.000 0.000 0.000 0.000 0.000 35.006 29.988 29.953 29.900 33.825 45.761 48.689 34.608 29.531 31.455 33.370 48.293 47.219 33.146 42.073 43.000 41.929 34.858 30.790
