results3_8e3_rain/res_3e8f-0059.wd
ncols         241
nrows         181
xllcorner     12693529.787448
yllcorner     3542525.717860
cellsize      155.156523
NODATA_value  -9999.000000
[rows 99 to 131 of 181, columns 0 to 73 of 241]
0.000 0.000 0.000 0.000 0.000 54.523 94.522 96.521 87.518 82.517 0.000 0.000 0.000 0.000 0.000 0.000 0.000 62.460 59.460 0.000 0.000 0.000 0.000 57.378 56.376 0.000 0.000 0.000 0.000 3.817 0.000 0.000 0.000 0.000 9.673 55.668 51.657 50.639 51.614 52.585 65.554 54.520 58.482 50.440 52.395 50.346 51.294 56.240 57.182 55.123 59.062 51.999 51.934 53.869 56.800 70.726 71.663 56.613 42.567 0.000 0.000 0.000 0.000 0.000 20.170 75.170 72.165 59.151 34.136 29.121 73.106 50.092 52.081 52.072
0.000 0.000 0.000 0.000 0.000 55.526 95.526 95.525 0.000 0.000 0.000 0.000 0.000 0.000 0.000 0.000 7.461 73.461 62.460 0.456 0.000 0.000 60.406 59.395 63.389 0.000 0.000 0.000 0.000 61.818 53.818 0.000 0.000 0.000 68.718 78.713 64.703 57.689 51.669 53.645 72.616 57.584 63.547 63.506 54.461 69.412 61.360 62.304 52.246 60.185 60.122 58.058 51.992 52.926 56.856 53.758 15.691 5.652 0.000 0.000 0.000 0.000 0.000 23.152 60.155 72.154 79.149 69.139 45.128 46.116 60.104 51.093 52.084 52.076
0.543 0.000 0.000 0.000 0.000 42.529 91.529 100.530 10.531 0.000 0.000 0.000 0.000 0.000 0.000 0.000 0.000 80.463 61.461 62.455 64.446 61.434 58.418 59.407 57.398 0.000 0.000 0.000 0.000 54.818 54.818 55.817 54.810 54.796 53.770 63.761 72.754 19.744 83.729 73.708 78.683 63.652 8.617 79.576 77.531 76.482 80.429 69.372 52.312 55.249 60.185 60.119 57.052 52.987 41.942 0.000 0.000 0.000 0.000 0.000 0.000 0.000 0.000 33.149 60.146 60.142 71.137 70.130 53.121 53.111 52.101 52.092 52.084 52.078
68.545 71.544 3.544 0.000 0.000 52.533 91.533 96.533 106.533 11.534 0.000 0.000 0.000 0.000 2.491 2.490 0.481 17.469 65.465 62.458 80.450 94.438 69.427 54.417 0.000 0.000 0.000 0.000 0.000 0.000 53.821 54.823 54.817 54.809 54.804 53.808 53.809 52.804 53.794 58.777 70.755 64.726 7.691 79.651 80.606 58.556 65.502 82.443 76.381 63.315 53.249 59.180 60.109 63.027 47.984 0.000 0.000 0.000 0.000 0.000 0.000 0.000 0.000 0.000 11.136 57.133 54.128 54.122 52.114 52.106 52.098 52.091 52.084 51.078
82.545 65.545 65.544 67.543 69.541 88.538 96.536 96.535 96.535 98.535 72.535 11.535 0.000 60.494 67.493 68.491 30.486 25.477 88.471 96.465 91.456 87.443 70.435 0.000 0.000 0.000 0.000 0.000 0.000 0.000 0.000 54.838 53.825 52.820 53.827 54.859 54.869 54.870 54.865 55.853 74.833 69.806 52.772 54.731 65.685 76.634 53.579 65.519 66.453 59.383 79.314 62.246 54.177 0.000 0.000 0.000 0.000 0.000 0.000 0.000 0.000 0.000 0.000 0.000 3.131 57.125 52.121 52.115 52.109 52.102 52.095 50.089 48.083 50.078
97.546 87.546 68.545 72.544 90.542 96.540 96.539 96.538 96.537 91.537 63.536 69.536 0.000 51.495 86.496 94.494 94.490 78.484 93.479 100.473 10.468 0.000 0.000 0.000 0.000 0.000 0.000 0.000 0.000 0.000 0.000 54.866 0.000 0.000 0.000 55.931 54.937 54.943 54.944 55.937 71.920 76.893 53.858 54.816 54.769 72.718 73.662 51.601 59.530 78.449 70.379 48.312 0.000 0.000 0.000 0.000 0.000 0.000 0.000 0.000 0.000 0.000 0.000 0.000 0.115 57.117 52.114 52.110 52.104 51.097 50.091 55.086 56.081 57.077
97.548 97.547 92.547 95.546 96.545 96.543 96.542 96.540 96.539 92.538 67.537 84.535 0.000 0.000 64.503 88.500 96.496 97.491 96.487 101.482 4.475 0.000 0.000 0.000 0.000 0.000 0.000 0.000 0.000 0.000 0.000 54.895 0.000 0.000 57.004 54.997 55.007 55.020 55.031 55.030 72.016 76.989 53.952 54.907 54.858 55.806 76.751 70.691 77.619 67.503 48.441 0.000 0.000 0.000 0.000 0.000 0.000 0.000 0.000 0.000 0.000 0.000 0.000 0.000 55.111 52.112 52.110 52.105 52.099 51.093 53.087 57.083 58.079 58.075
95.550 96.549 96.549 96.548 96.547 96.546 96.544 96.543 96.541 97.540 92.537 99.535 23.529 2.523 52.513 71.507 94.503 96.499 97.495 85.493 0.000 0.000 0.000 0.000 0.000 0.000 0.000 0.000 0.000 0.000 0.000 48.923 53.952 53.981 53.011 55.047 55.072 55.101 55.128 55.138 72.126 77.096 54.053 55.003 54.950 54.896 59.844 82.794 62.753 0.000 0.000 0.000 0.000 0.000 0.000 0.000 0.000 0.000 0.000 0.000 0.000 0.000 0.000 0.000 8.110 59.110 55.107 56.103 54.096 50.087 57.082 58.079 56.076 56.074
92.552 97.552 96.552 96.551 96.550 96.549 96.548 96.546 96.544 96.542 97.539 90.536 74.531 65.526 59.519 86.514 96.510 96.506 101.503 4.502 0.000 0.000 0.000 0.000 0.000 0.000 0.000 0.000 0.000 0.000 0.000 0.000 0.000 0.000 0.000 55.108 55.135 55.183 55.244 55.267 71.254 78.216 55.162 55.102 55.042 54.986 54.934 60.888 13.847 0.000 0.000 0.000 0.000 0.000 0.000 0.000 0.000 0.000 0.000 0.000 0.000 0.000 0.000 0.000 0.000 0.000 0.000 0.000 0.068 59.077 57.076 58.074 55.073 50.071
92.555 97.555 96.555 96.554 96.553 96.552 96.551 96.549 96.548 96.545 97.542 82.539 61.535 60.530 69.525 93.520 96.516 96.513 102.511 7.509 0.000 0.000 0.000 0.000 0.000 0.000 0.000 0.000 0.000 0.000 0.000 0.000 0.000 0.000 0.000 51.142 55.177 52.253 55.400 55.431 74.407 78.351 55.277 55.201 55.131 55.071 55.021 51.976 1.915 0.000 0.000 0.000 0.000 0.000 0.000 0.000 0.000 0.000 0.000 0.000 0.000 51.040 0.000 0.000 0.000 0.000 0.000 0.000 55.066 56.069 58.070 58.070 55.070 51.069
95.559 96.559 96.558 96.558 96.557 96.556 96.555 96.554 96.552 96.549 96.546 93.543 70.539 71.534 88.530 95.526 96.523 96.520 103.517 20.515 0.000 0.000 0.000 0.000 0.000 0.000 0.000 0.000 0.000 0.000 0.000 0.000 0.000 0.000 0.000 0.000 51.176 0.000 54.670 55.651 83.594 70.503 55.395 55.294 55.210 68.146 58.101 53.074 0.000 0.000 0.000 0.000 0.000 0.000 0.000 0.000 0.000 0.000 0.000 0.000 3.040 62.041 47.041 0.000 0.000 0.000 0.000 56.059 59.062 58.065 55.066 51.066 51.067 49.067
96.563 96.563 96.563 96.562 96.562 96.561 96.560 96.558 96.556 96.554 96.551 96.547 98.543 98.539 97.535 96.532 96.529 98.526 87.523 30.519 0.000 0.000 0.000 0.000 0.000 0.000 0.000 0.000 0.000 0.000 0.000 0.000 0.000 0.000 0.000 0.000 0.000 0.000 54.959 55.909 89.813 58.674 55.508 55.368 67.271 76.204 55.162 55.145 54.162 0.000 0.000 0.000 0.000 0.000 0.000 0.000 0.000 0.000 0.000 0.000 0.000 58.041 59.041 46.042 0.000 52.050 54.053 58.056 57.059 55.061 54.062 50.063 58.064 61.064
95.567 94.567 96.567 96.567 96.567 96.566 96.565 96.564 96.562 96.559 96.556 96.552 96.548 96.544 96.540 96.537 97.535 80.533 8.532 0.000 57.540 71.540 17.540 0.000 0.000 0.000 0.000 0.000 0.000 0.000 0.000 0.000 0.000 0.000 0.000 0.000 0.000 0.000 51.299 62.213 85.077 55.871 52.593 55.402 55.300 55.237 55.200 55.181 55.179 52.179 0.000 0.000 0.000 0.000 0.000 0.000 0.000 0.000 0.000 0.000 0.000 53.041 49.042 55.043 50.045 58.049 58.051 57.054 53.056 56.058 51.060 50.061 50.062 43.063
85.571 85.571 94.572 96.572 96.572 96.572 96.571 96.570 96.568 96.566 96.563 97.558 98.553 96.549 96.545 96.542 96.540 18.539 2.539 57.541 67.541 77.540 76.540 69.539 61.539 2.538 0.000 0.000 0.000 0.000 0.000 0.000 0.000 0.000 0.000 56.224 59.161 59.013 55.725 54.568 63.410 51.140 0.000 51.345 55.289 55.246 55.218 55.201 54.195 0.000 0.000 0.000 0.000 0.000 0.000 0.000 55.036 66.036 0.000 0.000 54.040 52.040 52.041 49.043 57.045 58.047 58.050 55.053 58.055 58.057 56.058 51.059 40.059 0.000
67.575 72.576 91.577 97.578 96.578 96.578 96.577 96.577 96.575 96.573 98.570 84.565 80.559 95.553 100.549 97.547 92.546 74.545 77.545 83.544 77.542 78.541 57.540 50.539 0.000 0.000 0.000 0.000 0.000 0.000 0.000 0.000 0.000 0.000 47.287 53.287 56.245 56.154 56.021 55.922 57.855 0.000 0.000 0.000 50.265 55.242 55.223 55.211 55.206 0.000 0.000 0.000 0.000 0.000 0.000 15.036 72.036 54.037 52.037 52.038 52.039 52.040 50.041 55.042 58.044 58.046 54.049 58.052 58.054 57.055 51.056 52.057 42.057 0.000
51.579 66.581 85.583 98.585 99.585 99.584 97.584 96.584 97.584 96.582 97.580 35.575 6.563 54.556 72.551 93.550 100.550 98.552 98.552 84.546 7.544 0.000 0.000 0.000 0.000 0.000 0.000 0.000 0.000 2.295 4.295 0.000 0.000 0.000 0.000 52.393 56.378 54.338 55.284 57.245 58.233 0.000 0.000 0.000 0.000 48.232 55.223 55.215 52.210 0.000 0.000 0.000 0.000 0.000 0.000 0.000 14.036 68.037 51.037 51.038 52.039 51.040 51.041 57.042 58.043 56.046 44.047 0.000 62.054 56.055 56.055 56.056 42.056 0.000
15.582 37.584 70.591 76.593 70.593 72.590 89.592 97.593 93.593 86.592 85.592 20.591 0.000 0.000 0.000 30.552 65.554 91.560 98.564 0.000 0.000 0.000 0.000 0.000 0.000 0.000 0.000 0.000 0.000 44.295 65.295 10.296 0.000 0.000 0.000 52.514 58.536 57.537 66.531 67.541 57.599 2.796 0.000 0.000 0.000 0.000 52.220 53.218 0.000 0.000 0.000 0.000 0.000 0.000 0.000 0.000 0.000 73.037 76.037 56.038 50.038 48.039 58.040 58.041 53.042 0.000 0.000 0.000 3.054 61.054 58.055 58.055 48.055 0.000
0.000 0.000 51.603 60.603 12.603 0.000 61.603 90.603 81.603 77.603 91.604 58.607 18.615 0.000 0.000 0.000 0.000 36.570 67.581 0.000 0.000 0.000 0.000 0.000 0.000 0.000 0.000 0.000 0.000 0.000 49.296 67.296 0.000 0.000 0.000 43.614 57.714 55.744 85.761 78.791 56.854 58.966 5.083 0.000 0.000 0.000 47.220 0.000 0.000 0.000 0.000 0.000 0.000 0.000 0.000 0.000 0.000 0.000 61.037 78.038 63.038 57.039 58.039 53.040 0.000 0.000 0.000 0.000 0.000 53.054 58.054 58.054 53.055 0.000
0.000 0.000 47.615 92.614 49.614 0.000 50.613 82.613 84.613 95.613 97.615 100.618 106.623 45.630 14.633 0.000 0.000 0.000 7.608 2.618 0.000 0.000 0.000 0.000 0.000 0.000 0.000 0.000 0.000 0.000 50.297 65.297 0.000 2.303 6.304 0.000 50.962 58.965 88.978 71.007 59.059 58.132 63.200 0.000 0.000 0.000 0.000 0.000 0.000 0.000 0.000 0.000 0.000 0.000 0.000 0.000 0.000 0.000 0.000 0.000 66.038 56.039 54.039 0.000 0.000 0.000 0.000 0.000 52.053 51.053 53.054 47.054 0.000 0.000
20.638 35.635 69.628 87.626 95.625 64.627 77.624 100.622 97.622 96.623 96.624 96.626 96.630 102.633 105.636 61.638 20.637 2.634 65.626 79.627 72.632 74.634 30.635 6.635 3.635 0.000 0.000 0.000 0.000 0.000 29.297 51.298 57.300 57.303 60.305 19.308 52.206 81.177 83.178 60.201 58.243 58.305 61.384 6.510 1.585 0.000 0.000 0.000 0.000 0.000 0.000 0.000 0.000 0.000 0.000 0.000 0.000 0.000 0.000 0.000 0.000 0.000 0.004 0.000 0.000 0.000 0.000 54.053 49.053 47.053 0.000 0.000 0.000 0.000
93.641 96.640 96.637 94.635 92.634 93.634 95.632 95.631 96.631 97.632 97.633 96.634 89.636 93.639 96.640 100.641 104.640 105.638 97.635 93.634 90.635 85.636 87.636 80.635 36.635 14.634 0.000 0.000 0.000 0.000 0.000 0.000 0.000 0.000 0.000 76.414 65.379 94.358 85.357 72.375 59.409 58.459 58.522 62.596 58.650 0.000 0.000 0.000 0.000 0.000 0.000 0.000 0.000 0.000 0.000 0.000 0.000 0.000 0.000 0.000 0.000 0.000 0.000 0.000 0.000 0.000 0.000 0.000 0.000 0.000 0.000 0.000 0.000 0.000
96.647 91.646 89.644 88.643 82.642 79.641 80.641 80.640 86.640 91.640 91.641 84.642 68.643 83.645 96.645 96.646 96.645 96.643 96.641 96.640 97.639 97.638 100.637 101.636 101.635 101.634 40.634 0.000 0.000 0.000 0.000 0.000 0.000 0.000 0.000 48.555 74.536 79.520 63.518 80.532 68.560 58.600 58.650 61.703 4.744 0.000 0.000 0.000 0.000 0.000 0.000 0.000 0.000 0.000 0.000 0.000 0.000 0.000 0.000 0.000 0.000 0.000 0.000 0.000 0.000 0.000 0.000 0.000 0.000 0.000 0.000 0.000 0.000 0.000
66.653 39.652 61.652 75.651 73.650 53.649 38.649 34.649 54.649 71.649 70.649 63.650 58.651 68.651 89.652 97.651 96.651 96.649 96.648 96.646 96.644 100.641 75.638 63.636 62.635 66.634 69.634 8.634 0.000 0.000 0.000 0.000 0.000 0.000 0.000 46.716 82.691 65.669 57.664 67.675 78.698 62.732 58.773 58.822 64.880 8.978 3.022 0.000 0.000 0.000 0.000 0.000 0.000 0.000 0.000 0.000 0.000 0.000 0.000 0.000 0.000 0.000 0.000 0.000 0.000 0.000 0.000 0.000 0.000 0.000 0.000 0.000 0.000 0.000
56.660 27.660 49.659 64.659 60.658 37.658 23.657 27.657 47.657 61.657 59.657 59.658 60.658 58.658 77.658 94.658 96.657 96.656 96.654 96.652 95.648 58.645 0.000 0.000 0.000 0.000 0.000 0.000 0.000 53.080 73.080 25.079 11.076 7.064 54.015 70.901 87.843 64.801 58.795 56.805 73.826 75.855 61.891 58.932 58.978 62.030 71.067 9.097 4.104 0.000 0.000 0.000 0.000 0.000 0.000 0.000 0.000 0.000 0.000 0.000 0.000 0.000 0.000 0.000 0.000 0.000 0.000 0.000 0.000 0.000 0.000 0.000 0.000 0.000
69.668 65.668 60.667 59.667 60.666 62.666 63.666 66.666 65.665 61.665 60.666 60.666 60.666 59.666 66.666 88.665 97.665 96.664 98.662 70.659 36.654 0.000 0.000 0.000 0.000 0.000 0.000 0.000 0.000 18.080 40.080 43.082 47.086 61.100 58.081 79.031 75.978 49.896 56.910 58.925 60.946 73.973 66.003 61.036 59.069 58.100 75.118 66.119 60.111 0.000 0.000 0.000 0.000 0.000 0.000 0.000 0.000 0.000 0.000 0.000 0.000 0.000 0.000 0.000 0.000 0.000 0.000 0.000 0.000 0.000 0.000 0.000 0.000 14.853
59.676 60.676 60.676 60.675 60.675 60.675 60.674 60.674 60.674 60.674 60.674 60.674 60.674 60.674 58.674 79.673 96.673 98.672 94.671 20.670 0.000 0.000 0.000 0.000 0.000 0.000 0.000 0.000 0.000 0.000 0.000 0.000 0.000 45.170 62.177 88.163 62.145 0.000 45.023 60.039 58.062 62.087 63.113 72.140 61.164 59.182 58.185 54.152 0.000 0.000 0.000 0.000 0.000 0.000 0.000 0.000 0.000 0.000 0.000 0.000 0.000 0.000 0.000 0.000 0.000 0.000 0.000 0.000 0.000 0.000 0.000 0.000 20.025 84.948
60.684 60.684 60.684 60.684 60.684 60.683 60.683 59.683 59.683 60.683 60.683 60.683 60.682 60.682 59.682 67.682 82.681 93.680 81.680 7.679 0.000 0.000 0.000 0.000 0.000 0.000 0.000 0.000 0.000 0.000 0.000 0.000 0.000 22.233 71.295 96.300 6.292 0.000 43.119 61.148 59.175 58.200 66.223 77.245 65.265 59.280 63.287 0.000 0.000 0.000 0.000 0.000 0.000 0.000 0.000 0.000 0.000 0.000 0.000 0.000 0.000 0.000 0.000 0.000 0.000 0.000 0.000 0.000 0.000 0.000 0.000 0.000 77.101 91.047
60.693 60.693 60.693 60.693 60.693 60.692 60.692 64.692 65.692 61.692 60.692 60.691 60.691 60.691 60.691 59.690 62.690 71.689 71.689 12.689 0.000 0.000 0.000 0.000 0.000 0.000 14.395 0.000 0.000 0.000 0.000 0.000 0.000 0.000 75.472 90.450 13.432 0.000 27.188 58.257 59.290 59.314 58.335 63.354 65.372 61.387 63.397 0.000 0.000 0.000 0.000 0.000 0.000 0.000 0.000 0.000 0.000 0.000 0.000 0.000 0.000 0.000 0.000 0.000 0.000 0.000 0.000 0.000 0.000 0.000 0.000 61.326 70.233 70.159
60.702 60.702 60.702 60.702 60.702 60.702 59.701 71.701 76.701 63.701 60.701 60.700 60.700 60.700 60.699 60.699 60.699 59.698 62.698 43.698 0.000 0.000 0.000 0.000 0.000 56.396 77.396 39.393 30.383 29.370 0.000 0.000 0.000 56.802 98.670 72.597 72.555 0.000 0.000 44.402 61.416 59.431 59.447 57.464 73.482 77.500 71.516 0.000 0.000 0.000 0.000 0.000 0.000 0.000 0.000 0.000 0.000 0.000 0.000 0.000 0.000 0.000 0.000 0.000 0.000 0.000 0.000 0.000 0.000 0.000 35.495 86.420 72.342 85.276
60.712 60.711 60.711 60.711 60.711 60.711 59.711 72.711 78.711 62.710 60.710 60.710 60.709 60.709 60.709 60.708 60.708 60.707 60.707 66.708 37.712 0.000 0.000 0.000 0.000 19.397 34.398 56.401 64.387 68.356 42.295 18.212 53.098 90.935 88.809 68.714 50.634 8.634 0.000 44.534 61.540 60.549 63.560 58.574 67.591 90.615 87.651 32.725 0.000 12.886 0.000 0.000 0.000 0.000 0.000 0.000 0.000 0.000 0.000 0.000 0.000 0.000 0.000 0.000 0.000 0.000 0.000 0.000 0.000 0.000 72.570 128.516 111.451 133.359
57.721 58.721 59.721 59.721 60.721 60.721 58.721 73.720 76.720 59.720 60.720 60.719 60.719 60.719 60.718 60.717 60.717 60.716 60.716 60.716 66.716 46.717 0.000 0.000 0.000 0.000 0.000 32.427 63.408 59.373 62.318 66.243 78.147 95.030 78.918 46.816 0.000 0.000 0.000 43.661 60.661 63.663 76.669 62.680 72.695 73.717 92.749 96.799 79.859 29.886 0.000 0.000 0.000 0.000 0.000 0.000 0.000 0.000 0.000 0.000 0.000 0.000 0.000 0.000 0.000 0.000 0.000 0.000 0.000 58.794 68.699 69.625 72.556 91.531
78.731 73.731 68.731 66.731 62.731 58.731 58.730 73.730 76.730 58.730 60.730 60.729 60.729 60.728 60.728 60.727 59.726 58.725 59.724 59.722 59.721 65.717 42.712 19.705 0.000 0.000 0.000 31.470 69.447 63.410 58.360 71.297 94.217 88.119 56.019 0.000 0.000 0.000 0.000 41.788 59.780 64.775 71.775 66.781 71.792 70.808 83.831 77.862 70.894 43.913 0.000 0.000 0.000 0.000 0.000 0.000 0.000 0.000 0.000 0.000 0.000 0.000 0.000 0.000 5.611 0.000 0.000 1.969 35.969 63.889 132.806 96.738 128.621 112.292
98.741 97.741 93.741 88.741 84.741 79.741 74.741 70.740 65.740 59.740 60.740 60.739 60.739 60.738 59.738 61.737 67.736 72.734 71.733 69.730 63.726 58.721 62.712 68.699 32.676 13.645 17.602 51.538 74.498 65.460 61.417 84.367 96.304 52.212 0.000 0.000 0.000 5.025 11.998 45.925 58.895 63.881 79.876 69.877 62.883 55.893 61.906 79.924 76.942 82.958 1.981 0.000 0.000 0.000 0.000 0.000 0.000 0.000 0.000 0.000 0.000 0.000 0.000 0.000 2.611 0.000 0.000 0.000 71.049 61.985 71.913 94.804 70.975 110.430
