results3_8e3_rain/res_3e8f-0090.wd
ncols         241
nrows         181
xllcorner     12693529.787448
yllcorner     3542525.717860
cellsize      155.156523
NODATA_value  -9999.000000
[rows 66 to 98 of 181, columns 146 to 218 of 241]
22.568 37.494 59.424 60.357 60.294 60.233 60.174 60.115 60.058 63.012 0.000 0.000 0.000 0.000 0.000 0.000 0.000 0.000 28.123 3.123 0.000 10.120 40.116 40.116 40.117 47.118 53.117 53.113 53.106 53.098 53.087 53.074 53.061 53.048 53.035 55.023 40.014 41.009 33.007 0.000 0.000 0.000 0.000 0.000 7.657 14.639 23.607 17.564 0.000 0.000 7.879 28.829 36.767 30.705 25.644 25.585 15.529 12.474 12.421 15.371 36.322 48.276 43.232 32.191 39.152 46.116 50.081 50.049 49.019 48.991 48.966 48.941 48.919
25.634 44.560 62.490 60.425 60.366 60.310 60.255 60.196 65.134 54.072 24.070 21.070 0.000 0.000 0.000 0.000 0.000 0.000 1.122 0.000 0.000 0.000 10.107 41.106 50.106 53.105 53.103 53.099 53.094 57.086 55.078 53.068 53.058 53.047 52.037 44.028 38.020 44.014 34.011 0.000 0.000 0.000 0.000 0.000 13.645 18.635 14.621 0.000 0.000 0.000 9.773 12.748 26.708 35.660 24.609 23.557 21.505 12.454 12.404 11.355 17.308 41.263 48.221 33.180 35.142 37.106 39.072 43.040 47.011 48.983 49.958 48.934 48.911
30.698 51.624 61.552 60.489 60.435 60.386 58.338 57.283 12.208 0.000 28.070 34.069 0.000 0.000 0.000 0.000 0.000 0.000 0.000 0.000 0.000 0.000 23.097 43.096 53.095 53.094 53.091 53.088 53.083 55.077 54.070 53.063 53.055 54.047 44.039 42.031 45.022 40.017 32.014 0.000 0.000 0.000 0.000 17.643 20.643 0.000 0.000 0.000 0.000 17.667 19.693 29.684 32.657 43.619 41.576 29.530 18.481 10.433 12.385 12.338 7.293 21.249 38.207 42.167 47.130 44.094 37.061 42.030 45.001 44.973 42.948 44.924 47.902
35.761 58.683 62.606 63.544 60.499 61.461 56.430 2.410 0.000 27.069 28.069 33.069 41.069 0.000 0.000 0.000 0.000 0.000 0.000 0.000 0.000 6.087 29.089 42.087 54.085 53.083 53.081 53.078 53.074 54.069 53.064 53.058 53.052 50.046 44.041 9.036 0.000 0.000 0.000 0.000 0.000 0.000 0.000 13.642 20.642 0.000 0.000 0.000 34.632 20.642 15.647 43.638 48.616 49.584 53.546 47.504 35.458 15.412 12.366 12.320 10.275 11.233 17.191 18.152 25.115 33.081 40.048 44.017 44.989 45.962 41.937 44.914 45.892
17.826 22.743 32.643 8.581 65.557 62.530 47.509 24.497 0.000 0.000 0.000 0.000 0.000 0.000 0.000 0.000 0.000 0.000 0.000 0.000 0.000 7.086 32.084 35.078 51.076 53.074 53.072 53.069 57.066 56.062 53.058 53.053 54.049 45.045 48.043 0.000 0.000 0.000 0.000 0.000 0.000 0.000 0.000 0.000 7.642 16.641 0.000 0.000 65.622 28.621 10.617 41.605 49.584 49.556 49.521 52.481 51.437 31.392 14.346 12.301 10.257 13.215 14.174 22.136 27.100 16.065 16.033 21.003 25.976 31.949 36.925 40.902 44.881
63.899 42.821 0.000 0.000 69.617 61.594 48.581 30.572 0.000 0.000 0.000 0.000 0.000 0.000 0.000 0.000 0.000 0.000 0.000 0.000 0.000 0.000 0.000 37.067 53.066 53.065 53.063 53.061 55.058 54.055 53.052 53.049 54.046 42.044 52.043 0.000 0.000 0.000 0.000 0.000 0.000 0.000 0.000 0.000 0.000 0.000 0.000 0.000 2.613 18.605 11.595 41.581 49.561 49.535 50.501 50.462 50.418 43.372 19.326 15.281 13.238 10.196 31.156 43.118 49.082 33.048 26.017 21.988 19.961 16.935 16.912 16.890 44.869
39.989 0.000 0.000 66.835 66.700 64.647 55.649 40.638 0.000 0.000 0.000 0.000 0.000 0.000 0.000 0.000 0.000 0.000 0.000 0.000 0.000 0.000 19.051 42.056 54.057 53.056 53.055 54.054 53.051 53.049 53.046 53.044 54.042 47.041 12.042 0.000 0.000 0.000 0.000 0.000 0.000 0.000 0.000 0.000 0.000 0.000 0.000 0.000 0.000 15.590 14.576 32.563 47.545 50.521 44.488 40.447 46.401 37.351 20.305 19.260 28.217 23.175 46.135 50.097 49.062 47.029 46.999 43.971 41.944 38.920 34.897 26.876 46.856
67.059 57.067 63.037 18.971 0.000 0.000 61.729 35.694 0.000 0.000 0.000 0.000 0.000 0.000 0.000 0.000 0.000 0.000 0.000 0.000 0.000 0.000 35.047 47.048 54.049 53.049 53.048 55.047 55.045 53.043 53.041 53.039 52.038 48.036 0.000 0.000 0.000 0.000 0.000 0.000 0.000 0.000 0.000 0.000 0.000 0.000 0.000 0.000 0.000 0.000 3.558 29.550 47.537 48.516 29.481 32.439 34.389 31.328 16.281 13.239 36.196 45.153 49.112 51.075 51.040 52.008 49.979 49.952 50.927 49.903 50.881 50.861 49.841
69.122 61.104 66.074 17.041 0.000 0.000 52.844 0.850 0.000 0.000 30.993 0.000 0.000 0.000 0.000 0.000 0.000 0.000 0.000 0.000 0.000 0.000 38.042 50.042 54.043 53.042 53.042 54.041 54.040 53.038 53.036 54.034 50.033 45.031 0.000 0.000 0.000 0.000 0.000 0.000 0.000 0.000 0.000 0.000 0.000 0.000 0.000 0.000 0.000 0.000 8.547 24.542 46.535 48.528 0.000 0.000 0.000 21.291 15.254 10.217 24.175 43.129 49.087 51.050 51.016 50.985 48.957 48.931 49.907 48.885 48.864 49.845 49.826
61.203 61.154 61.113 59.077 46.053 32.014 24.957 23.971 19.986 22.991 25.993 25.994 0.000 0.000 0.000 0.000 0.000 0.000 0.000 1.017 0.000 0.000 37.036 51.036 53.037 53.037 53.036 53.035 53.034 53.033 53.031 53.030 35.028 30.025 28.021 23.019 0.000 0.000 0.000 0.000 0.000 0.000 0.000 0.000 0.000 0.000 0.000 0.000 0.000 25.539 16.541 20.538 40.535 41.531 14.531 0.000 0.000 0.000 12.228 17.201 16.159 35.101 48.057 49.021 48.989 48.960 48.934 48.910 48.887 48.866 48.846 48.828 48.810
61.249 61.196 61.147 60.104 57.067 59.032 33.001 11.994 49.994 22.995 26.995 2.994 0.000 0.000 0.000 0.000 0.000 0.000 0.000 45.017 0.000 0.000 36.030 50.031 54.031 53.031 55.031 56.030 54.030 53.028 53.027 51.025 44.023 35.021 36.019 35.017 0.000 0.000 0.000 0.000 0.000 0.000 0.000 0.000 0.000 0.000 0.000 0.000 0.000 28.539 20.538 27.536 42.534 37.532 43.531 0.000 0.000 0.000 0.000 0.000 0.000 25.060 48.020 48.988 48.960 48.933 48.909 48.886 48.865 48.846 48.827 48.810 48.793
61.287 61.233 62.175 64.124 61.081 61.045 60.020 61.008 52.003 30.001 1.998 0.000 0.000 0.000 0.000 0.000 0.000 0.000 0.000 38.018 25.018 15.020 31.024 53.026 53.027 53.027 53.027 53.026 53.025 53.024 53.023 53.021 51.020 30.018 34.016 41.014 0.000 0.000 0.000 0.000 0.000 0.000 0.000 0.000 0.000 0.000 0.000 0.000 0.000 40.538 0.000 7.534 30.533 37.532 0.000 0.000 0.000 0.000 0.000 0.000 0.000 0.000 36.973 49.953 48.928 48.904 48.882 48.862 48.842 48.824 48.808 48.791 48.776
64.326 60.276 57.195 59.136 62.088 62.048 64.027 61.016 59.010 46.007 0.000 0.000 0.000 0.000 0.000 0.000 0.000 0.000 0.000 0.000 29.017 21.019 37.020 55.022 53.022 53.023 53.023 53.022 53.022 53.021 53.019 53.018 54.016 43.014 30.012 34.010 40.008 0.000 0.000 0.000 0.000 0.000 0.000 0.000 0.000 0.000 0.000 0.000 0.000 0.000 0.000 0.000 15.531 34.531 0.000 0.000 0.000 0.000 0.000 0.000 0.000 0.000 24.947 45.922 48.897 48.874 48.854 48.836 48.819 48.803 48.787 48.773 48.759
57.372 18.348 0.000 0.000 0.000 54.033 59.025 65.018 61.013 50.011 0.000 0.000 34.010 4.010 0.000 0.000 0.000 0.000 0.000 0.000 21.016 25.016 46.017 54.018 55.019 56.019 53.019 53.019 53.018 53.017 53.016 53.015 53.013 54.011 33.009 15.007 24.006 0.000 0.000 0.000 0.000 0.000 0.000 0.000 0.000 0.000 0.000 0.000 0.000 0.000 0.000 0.000 4.531 37.531 0.000 0.000 0.000 0.000 0.000 0.000 0.000 0.000 0.000 25.892 45.862 48.842 48.825 48.809 48.795 48.781 48.767 48.754 48.741
52.409 9.395 0.000 0.000 29.025 27.025 44.022 63.017 60.014 45.012 26.011 30.011 34.010 0.000 0.000 0.000 0.000 0.000 0.000 0.000 22.013 33.014 53.015 53.016 56.016 56.017 53.017 53.016 53.016 53.015 53.014 53.012 53.011 54.009 50.007 45.004 34.002 13.998 7.996 0.000 0.000 0.000 0.000 0.000 0.000 0.000 0.000 0.000 0.000 0.000 0.000 0.000 6.530 0.000 0.000 0.000 0.000 0.000 0.000 0.000 0.000 0.000 0.000 0.000 30.818 46.807 48.794 48.782 48.770 48.758 48.747 48.735 48.723
58.438 39.430 11.436 0.000 0.000 29.022 29.019 51.016 63.014 41.012 28.011 33.011 11.010 0.000 0.000 0.000 0.000 0.000 21.008 14.008 19.010 36.012 55.013 55.013 56.014 53.015 53.015 53.014 53.014 53.013 53.011 53.010 53.008 53.006 53.004 55.002 43.999 31.997 20.994 21.992 14.990 5.990 10.989 0.000 0.000 0.000 0.000 0.000 0.000 0.000 0.000 0.000 9.530 0.000 0.000 0.000 0.000 0.000 0.000 0.000 0.000 0.000 0.000 0.000 15.785 43.775 47.764 48.754 48.745 48.736 48.727 48.717 48.706
61.458 52.449 5.443 0.000 0.000 0.000 28.017 33.015 60.013 48.012 29.011 32.011 7.010 0.000 0.000 0.000 0.000 0.000 24.007 17.007 20.009 38.010 57.011 56.012 54.012 54.013 53.013 53.013 53.012 53.011 53.010 54.008 54.007 54.005 48.002 39.000 42.997 49.995 42.993 40.991 28.990 15.989 22.989 0.000 0.000 0.000 0.000 0.000 0.000 0.000 0.000 0.000 0.000 0.000 0.000 0.000 0.000 0.000 0.000 0.000 0.000 0.000 0.000 0.000 7.764 38.742 48.733 50.727 50.721 50.715 49.708 48.700 48.690
61.473 36.467 0.000 0.000 0.000 0.000 0.000 35.013 48.012 42.012 41.011 38.011 28.010 6.010 0.000 0.000 0.000 0.000 23.006 16.006 21.007 36.008 48.009 45.010 40.011 42.012 47.012 52.012 54.011 54.010 52.008 42.007 40.006 45.003 34.000 30.998 30.995 41.994 45.992 40.990 26.989 15.989 0.000 0.000 0.000 0.000 0.000 0.000 0.000 0.000 0.000 0.000 0.000 0.000 0.000 0.000 0.000 0.000 0.000 0.000 0.000 0.000 0.000 0.000 0.000 20.698 26.699 28.699 28.698 29.695 38.692 47.686 48.677
60.484 26.479 0.000 0.000 0.000 0.000 0.000 30.012 24.012 23.011 31.011 31.010 31.010 27.010 0.000 0.000 0.000 0.000 28.005 23.005 28.006 38.006 41.008 44.009 2.010 0.000 0.000 0.000 54.010 51.009 40.007 0.000 0.000 0.000 32.998 64.995 57.994 36.992 42.991 36.989 25.988 10.987 13.986 0.000 0.000 0.000 0.000 0.000 0.000 0.000 0.000 0.000 0.000 0.000 0.000 0.000 0.000 0.000 0.000 0.000 0.000 20.588 31.593 30.604 48.623 56.654 57.666 55.672 57.675 44.677 27.677 45.675 48.668
58.491 23.487 0.000 0.000 0.000 0.000 0.000 30.012 26.011 5.011 0.000 0.000 0.000 0.000 0.000 0.000 0.000 0.000 34.003 28.004 23.004 19.005 5.006 0.000 0.000 0.000 0.000 0.000 0.000 0.000 27.005 0.000 0.000 0.000 0.000 27.993 60.992 20.991 21.989 20.988 16.987 19.987 66.986 25.985 0.000 0.000 0.000 0.000 0.000 0.000 0.000 0.000 0.000 0.000 0.000 0.000 0.000 0.000 0.000 0.000 0.000 67.583 63.588 45.597 46.611 43.628 44.640 66.649 59.655 45.661 25.666 34.670 33.669
44.495 25.492 19.492 0.000 0.000 0.000 0.000 0.000 28.011 12.011 0.000 0.000 0.000 0.000 0.000 0.000 0.000 0.000 34.002 34.002 35.002 18.003 0.000 0.000 0.000 0.000 0.000 0.000 0.000 0.000 23.002 0.000 0.000 0.000 0.000 26.991 75.990 39.990 42.988 37.987 22.987 40.986 94.985 91.985 22.984 0.000 0.000 0.000 0.000 0.000 0.000 0.000 0.000 0.000 0.000 0.000 0.000 0.000 0.000 0.000 0.000 70.573 37.578 45.586 36.597 17.608 28.618 71.627 37.636 24.646 31.656 0.000 0.000
28.496 28.494 14.493 0.000 0.000 0.000 0.000 0.000 0.000 0.000 0.000 0.000 0.000 0.000 0.000 0.000 0.000 0.000 37.001 28.001 22.001 20.002 0.000 0.000 0.000 0.000 0.000 0.000 0.000 19.999 13.000 38.000 33.999 0.000 0.000 32.990 38.990 30.989 73.988 62.986 33.986 0.000 50.984 105.984 0.000 0.000 0.000 0.000 0.000 0.000 0.000 0.000 0.000 0.000 0.000 0.000 49.539 87.540 78.541 74.543 21.549 65.559 33.566 22.573 69.581 50.590 70.598 51.607 21.616 29.631 0.000 0.000 0.000
31.496 32.494 24.493 0.000 0.000 0.000 0.000 0.000 0.000 0.000 0.000 0.000 0.000 0.000 0.000 0.000 0.000 0.000 0.000 31.999 21.999 0.000 0.000 0.000 0.000 0.000 0.000 0.000 0.000 21.999 18.999 0.000 0.000 0.000 0.000 6.990 0.000 0.000 0.000 28.983 0.000 0.000 6.984 72.984 27.983 0.000 0.000 0.000 0.000 0.000 0.000 0.000 0.000 0.000 0.000 0.000 5.539 0.000 49.539 53.541 4.544 65.549 42.554 15.559 33.565 83.572 97.579 31.586 19.591 0.000 0.000 0.000 0.000
30.495 31.493 31.492 35.491 27.490 0.000 0.000 0.000 0.000 0.000 0.000 0.000 0.000 0.000 0.000 0.000 0.000 0.000 0.000 21.997 17.997 1.996 0.000 0.000 0.000 0.000 0.000 0.000 22.998 19.998 0.000 0.000 0.000 0.000 0.000 0.000 0.000 0.000 0.000 32.980 0.000 0.000 6.983 0.000 0.000 0.000 0.000 0.000 0.000 0.000 0.000 0.000 0.000 0.000 0.000 0.000 0.000 0.000 25.537 44.537 3.538 67.540 47.542 17.544 66.548 69.554 64.560 72.566 36.572 0.000 0.000 0.000 9.476
32.492 10.492 21.492 30.491 30.490 30.489 29.489 0.000 0.000 0.000 0.000 0.000 0.000 0.000 0.000 0.000 0.000 0.000 0.000 23.996 19.996 3.995 0.000 0.000 0.000 0.000 0.000 0.000 0.000 25.998 0.000 0.000 0.000 0.000 0.000 0.000 0.000 0.000 0.000 19.978 23.977 0.976 0.000 0.000 0.000 0.000 0.000 0.000 0.000 0.000 0.000 0.000 0.000 0.000 0.000 0.000 0.000 0.000 28.534 48.534 8.532 68.530 53.529 67.529 67.531 26.535 19.540 64.547 13.560 0.000 0.000 10.459 18.466
37.489 0.000 0.000 27.490 16.490 0.000 29.488 19.488 0.000 0.000 0.000 0.000 0.000 0.000 0.000 0.000 0.000 0.000 0.000 22.995 19.995 7.995 0.000 0.000 0.000 0.000 0.000 0.000 0.000 0.000 0.000 0.000 0.000 0.000 0.000 0.000 0.000 0.000 35.976 52.976 13.976 0.000 0.000 0.000 0.000 0.000 0.000 0.000 0.000 0.000 0.000 0.000 0.000 0.000 0.000 0.000 0.000 0.000 63.533 49.531 10.528 68.520 65.514 57.512 49.513 35.516 36.520 5.524 0.000 0.000 0.000 13.452 20.456
34.484 0.000 0.000 14.490 6.490 0.000 0.000 0.000 0.000 38.431 34.430 25.430 0.000 0.000 0.000 0.000 0.000 0.000 0.000 26.994 22.994 4.994 0.000 0.000 0.000 0.000 0.000 0.000 0.000 0.000 0.000 0.000 0.000 0.000 0.000 0.000 0.000 0.000 0.000 82.976 48.975 0.000 0.000 0.000 0.000 0.000 0.000 0.000 0.000 0.000 0.000 0.000 0.000 0.000 0.000 0.000 0.000 0.000 0.000 0.000 0.000 42.508 83.496 62.493 61.493 59.495 62.499 10.505 0.000 0.000 0.000 12.443 13.445
50.477 0.000 0.000 0.000 0.000 36.444 23.443 0.000 34.433 28.431 28.430 20.430 0.000 0.000 0.000 0.000 0.000 0.000 0.000 26.994 21.994 9.994 0.000 0.000 0.000 0.000 0.000 0.000 0.000 0.000 0.000 0.000 0.000 0.000 0.000 0.000 0.000 0.000 0.000 26.975 18.975 0.000 0.000 0.000 0.000 0.000 0.000 0.000 0.000 0.000 0.000 0.000 0.000 0.000 0.000 0.000 0.000 0.000 0.000 0.000 0.000 0.000 25.471 26.470 24.471 24.473 21.478 17.491 0.000 0.000 0.000 12.432 10.433
61.469 50.463 32.458 33.454 32.450 26.446 27.442 28.438 26.434 31.432 30.430 21.429 18.428 0.000 0.000 0.000 0.000 0.000 0.000 13.994 0.000 0.000 0.000 0.000 0.000 0.000 0.000 0.000 0.000 0.000 0.000 0.000 0.000 0.000 0.000 0.000 0.000 0.000 0.000 0.000 25.975 0.000 0.000 0.000 0.000 0.000 0.000 0.000 0.000 0.000 0.000 0.000 0.000 0.000 0.000 0.000 0.000 0.000 0.000 0.000 0.000 0.000 13.446 12.447 12.448 28.449 23.449 0.000 0.000 0.000 0.000 25.419 37.421
61.465 55.461 25.458 25.454 25.451 8.446 9.442 13.438 23.435 32.431 29.430 21.429 24.428 13.428 0.000 0.000 0.000 0.000 0.000 0.000 0.000 0.000 0.000 0.000 0.000 0.000 0.000 0.000 0.000 0.000 0.000 0.000 0.000 0.000 0.000 0.000 0.000 0.000 0.000 0.000 0.000 0.000 0.000 0.000 0.000 0.000 0.000 0.000 0.000 0.000 0.000 0.000 0.000 0.000 0.000 0.000 0.000 0.000 0.000 0.000 5.398 8.405 12.419 12.425 14.427 33.426 23.421 6.408 0.000 0.000 20.397 41.405 48.409
61.462 59.459 29.457 26.455 6.453 0.000 0.000 0.000 0.000 23.430 26.429 24.428 17.427 0.000 0.000 0.000 0.000 0.000 0.000 0.000 0.000 0.000 0.000 0.000 0.000 0.000 0.000 0.000 0.000 0.000 0.000 0.000 0.000 0.000 0.000 0.000 0.000 0.000 0.000 0.000 0.000 0.000 0.000 0.000 0.000 0.000 0.000 0.000 0.000 0.000 0.000 0.000 0.000 0.000 0.000 0.000 0.000 0.000 0.000 0.000 16.392 13.396 12.403 8.406 21.407 38.406 22.402 11.395 6.386 6.384 30.389 47.394 48.398
61.459 59.458 12.457 16.456 0.000 0.000 0.000 0.000 0.000 0.000 14.427 27.427 19.426 0.000 0.000 0.000 0.000 0.000 0.000 0.000 0.000 0.000 0.000 0.000 0.000 0.000 0.000 0.000 0.000 0.000 0.000 0.000 0.000 0.000 0.000 0.000 0.000 0.000 0.000 0.000 0.000 0.000 0.000 0.000 0.000 0.000 0.000 0.000 0.000 0.000 0.000 0.000 0.000 0.000 0.000 0.000 0.000 0.000 0.000 10.377 8.383 7.386 12.389 26.391 39.391 29.390 13.387 11.383 13.379 10.379 31.381 49.384 48.388
61.456 35.457 0.000 0.000 0.000 0.000 0.000 0.000 0.000 0.000 0.000 17.425 24.424 22.423 0.000 0.000 0.000 0.000 0.000 0.000 0.000 0.000 0.000 0.000 0.000 0.000 0.000 0.000 0.000 0.000 0.000 0.000 0.000 0.000 0.000 0.000 0.000 0.000 0.000 0.000 0.000 0.000 0.000 0.000 0.000 0.000 0.000 0.000 0.000 0.000 0.000 0.000 0.000 0.000 0.000 0.000 15.365 7.366 5.368 17.372 31.375 36.377 38.378 38.378 24.377 12.375 11.373 11.371 10.370 12.370 35.372 50.375 48.379
