results3_8e3_rain/res_3e8f-0155.wd
ncols         241
nrows         181
xllcorner     12693529.787448
yllcorner     3542525.717860
cellsize      155.156523
NODATA_value  -9999.000000
[rows 0 to 32 of 181, columns 146 to 218 of 241]
0.000 0.000 0.000 0.000 0.000 0.000 0.000 0.000 0.000 0.000 0.000 0.000 0.000 0.000 5.470 16.330 17.101 16.820 16.509 16.185 15.868 15.570 15.305 15.078 14.894 14.750 14.644 14.570 14.523 14.498 14.486 19.482 0.000 0.000 0.000 0.000 0.000 0.000 0.000 0.000 0.000 0.000 0.000 0.000 0.000 0.000 0.000 0.000 0.000 17.668 24.668 0.000 0.000 43.498 48.498 0.000 0.000 0.000 0.000 0.000 0.000 0.000 0.000 0.000 0.000 0.000 0.000 0.000 0.000 0.000 0.000 0.000 0.000
0.000 0.000 0.000 0.000 0.000 0.000 0.000 0.000 0.000 0.000 0.000 0.000 0.000 1.026 16.611 17.418 17.155 16.850 16.520 16.180 15.847 15.538 17.266 16.036 14.853 14.713 14.611 14.543 14.502 14.483 14.479 19.478 0.000 0.000 0.000 0.000 0.000 0.000 0.000 0.000 0.000 0.000 0.000 0.000 0.000 0.000 0.000 0.000 14.669 36.668 12.668 0.000 22.498 55.498 49.498 0.000 0.000 0.000 0.000 0.000 0.000 0.000 0.000 0.000 0.000 0.000 0.000 0.000 34.479 0.000 0.000 0.000 0.000
0.000 0.000 0.000 0.000 0.000 0.000 0.000 0.000 0.000 0.000 0.000 0.000 0.000 20.245 18.897 17.576 17.249 16.905 16.542 16.168 15.803 17.470 17.183 14.949 14.769 14.636 14.545 14.489 14.460 14.453 16.469 10.473 0.000 0.000 0.000 0.000 0.000 0.000 0.000 0.000 0.000 0.000 0.000 0.000 0.000 0.000 0.000 0.000 26.669 0.000 0.000 17.499 48.499 10.498 0.000 0.000 0.000 0.000 0.000 0.000 0.000 0.000 0.000 0.000 3.484 0.000 0.000 0.000 37.479 9.479 0.000 0.000 0.000
0.000 0.000 0.000 0.000 0.000 0.000 0.000 0.000 0.000 0.000 0.000 0.000 2.894 19.639 18.158 17.740 17.360 16.981 16.574 16.146 16.728 16.355 15.047 14.809 14.636 14.519 14.445 14.407 14.395 20.402 0.000 0.000 0.000 0.000 0.000 0.000 0.000 0.000 0.000 0.000 0.000 0.000 0.000 11.670 0.000 0.000 0.000 10.670 70.670 0.669 0.000 23.499 50.499 0.000 0.000 0.000 0.000 0.000 0.000 0.000 0.000 0.000 9.485 15.485 34.484 0.000 0.000 27.479 36.479 37.479 9.479 0.000 0.000
0.000 0.000 0.000 0.000 0.000 0.000 0.000 0.000 0.000 0.000 0.000 8.118 1.315 2.815 18.358 17.864 17.471 17.085 16.627 16.114 16.608 16.175 14.841 14.604 14.448 14.356 14.311 14.299 15.312 16.357 0.000 0.000 0.000 0.000 0.000 0.000 0.000 0.000 0.000 0.000 0.000 0.000 12.670 35.670 30.670 0.000 0.000 26.670 54.670 0.000 0.000 0.000 50.500 5.501 0.000 0.000 0.000 0.000 0.000 0.000 0.000 0.000 49.485 53.485 55.484 0.000 0.000 40.480 35.480 35.479 45.479 0.000 0.000
0.000 0.000 0.000 0.000 0.000 0.000 0.000 0.000 0.000 0.000 10.816 3.430 1.810 1.254 1.347 15.887 17.575 17.260 16.735 18.075 17.417 14.895 14.537 14.317 14.197 14.147 14.143 14.166 20.196 0.000 0.000 0.000 0.000 0.000 0.000 0.000 0.000 0.000 0.000 0.000 0.000 0.000 0.000 15.671 36.671 28.671 26.671 8.671 39.671 12.671 0.000 0.000 35.501 48.501 39.501 37.502 46.501 0.000 0.000 0.000 0.000 0.000 49.485 51.485 56.484 35.483 24.482 41.480 44.480 0.000 0.000 0.000 9.464
0.000 0.000 0.000 0.000 0.000 0.000 0.000 0.000 0.000 0.000 7.202 3.918 3.559 3.068 0.409 0.596 10.682 18.646 17.977 18.034 15.089 14.451 14.097 13.930 13.877 13.892 13.948 14.026 9.111 0.000 0.000 0.000 0.000 0.000 32.684 65.684 0.000 0.000 5.684 46.684 0.000 0.000 0.000 12.671 36.671 49.671 84.671 46.671 47.671 18.671 0.000 0.000 32.501 51.502 36.502 32.502 49.501 0.000 0.000 0.000 0.000 0.000 36.487 42.486 38.484 38.483 42.482 45.481 53.480 0.000 0.000 0.000 32.464
0.000 0.000 0.000 0.000 0.000 0.000 0.000 0.000 0.000 30.407 30.871 7.464 3.085 3.332 2.998 0.765 0.353 5.667 18.491 15.996 14.454 13.723 13.468 13.431 13.488 13.595 14.730 11.878 0.000 0.000 0.000 0.000 0.000 0.000 7.684 53.684 60.684 42.684 34.684 6.684 0.000 0.000 0.000 0.000 0.000 10.672 77.672 56.672 3.672 0.000 0.000 0.000 0.000 44.503 59.503 57.502 59.501 51.500 43.499 46.497 45.495 54.492 58.489 55.487 56.485 56.483 51.482 46.480 43.479 0.000 0.000 0.000 0.000
0.000 0.000 0.000 0.000 0.000 0.000 0.000 0.000 24.485 41.943 43.413 32.938 9.539 1.963 2.998 0.803 2.685 7.817 6.326 16.004 13.010 12.518 12.621 12.836 13.050 14.271 14.500 0.000 0.000 0.000 0.000 0.000 0.000 0.000 0.000 5.684 51.685 61.685 66.685 5.684 0.000 0.000 0.000 0.000 0.000 6.673 49.673 41.672 46.672 13.672 0.000 0.000 28.505 56.504 41.504 35.503 42.502 54.501 42.499 41.497 50.495 59.493 46.490 42.488 45.486 51.484 57.482 59.480 57.478 43.475 34.472 17.469 26.467
0.000 0.000 0.000 0.000 0.000 0.000 0.000 20.581 30.027 45.466 42.900 43.335 35.770 12.213 1.124 4.650 14.160 6.384 2.191 2.969 6.065 10.716 11.664 12.244 12.604 17.937 0.000 0.000 0.000 0.000 0.000 0.000 5.687 3.687 0.000 0.000 18.685 64.685 17.685 0.000 0.000 0.000 0.000 0.000 0.000 45.674 55.673 31.673 47.672 67.672 7.672 0.000 34.506 58.505 37.505 31.504 34.503 47.502 36.500 36.498 38.496 40.493 37.491 38.489 32.486 36.484 42.482 43.479 41.477 50.474 52.472 55.469 63.467
0.000 0.000 0.000 0.000 0.000 0.000 25.679 24.135 47.576 43.995 43.385 42.732 42.993 38.055 20.556 12.280 7.944 0.000 0.031 4.305 2.161 3.274 11.075 11.870 17.185 0.000 0.000 0.000 0.000 0.000 0.000 0.686 42.687 1.687 0.000 0.000 25.686 65.686 4.685 0.000 0.000 0.000 0.000 0.000 40.678 84.676 17.674 20.673 42.673 69.672 9.672 0.000 31.507 56.507 36.506 29.505 32.504 34.503 30.501 29.499 36.497 52.494 35.492 31.489 45.487 41.484 38.482 45.479 45.477 48.474 57.471 61.469 48.467
0.000 0.000 0.000 0.000 0.000 29.701 18.222 46.704 45.148 44.554 43.915 43.214 42.416 42.459 39.268 24.977 4.304 0.250 0.045 46.035 4.454 0.067 0.086 13.978 10.081 0.000 0.000 0.000 0.000 0.000 0.000 0.687 38.687 33.687 42.687 54.687 58.687 48.686 0.000 0.000 3.684 39.684 54.683 59.682 83.680 39.679 0.000 0.000 44.672 32.672 0.000 0.000 34.509 61.509 48.508 32.507 80.506 108.505 57.503 33.501 49.498 96.496 48.493 25.490 90.488 63.485 38.482 45.479 47.477 37.474 46.471 59.468 42.466
0.000 0.000 0.000 0.000 0.000 19.179 40.806 47.312 45.757 45.156 44.506 43.793 42.998 42.096 42.090 41.009 30.201 4.849 50.644 47.710 0.302 0.126 0.044 0.048 0.000 0.000 0.000 0.000 0.000 0.000 3.687 37.687 33.687 38.687 52.688 62.688 46.687 33.687 0.000 0.000 1.685 48.684 47.683 43.682 82.681 42.680 0.000 0.000 23.672 15.672 0.000 27.513 55.512 57.511 51.510 39.509 38.508 71.507 112.505 50.502 43.500 100.497 51.494 25.491 97.488 67.485 30.482 32.480 38.477 29.474 43.471 42.468 30.465
0.000 0.000 0.000 0.000 23.670 34.030 49.510 46.979 46.414 45.809 45.158 44.455 43.685 42.853 41.901 41.166 40.029 52.384 52.055 0.882 0.417 9.529 0.000 0.000 0.000 0.000 0.000 0.000 0.000 53.686 56.686 38.687 37.687 52.688 62.688 48.688 31.688 33.688 33.687 31.687 29.686 41.685 44.684 54.683 94.682 28.681 0.000 0.000 60.673 10.673 0.000 24.514 54.514 54.513 41.513 33.512 29.511 39.509 36.507 76.505 107.502 124.499 105.496 94.493 120.489 114.486 105.483 51.480 31.477 48.474 43.470 32.468 27.465
0.000 0.000 0.000 24.835 34.310 51.761 48.226 47.681 47.110 46.506 45.865 45.179 44.455 43.621 43.082 40.723 52.416 52.414 36.603 18.927 6.095 0.000 0.000 0.000 0.000 0.000 0.000 0.000 39.685 6.685 0.000 17.687 55.688 59.688 51.689 36.690 2.690 0.000 0.688 35.688 31.687 41.686 40.685 63.684 60.683 0.000 0.000 2.673 63.673 9.673 0.000 22.516 52.516 64.516 43.516 49.515 72.514 49.512 31.510 55.507 78.504 112.501 78.498 58.494 106.490 96.487 71.483 40.480 26.477 97.473 65.470 37.467 27.464
0.000 0.000 0.000 30.360 49.973 49.479 48.953 48.407 47.838 47.242 47.613 46.962 45.210 44.794 42.227 52.467 52.422 40.164 41.789 39.426 23.393 4.391 0.000 0.000 0.000 0.000 0.000 41.684 10.684 0.000 0.000 0.000 23.688 55.689 33.690 31.691 37.693 0.695 0.000 36.690 34.689 40.688 41.686 63.685 59.683 0.000 0.000 23.673 70.673 6.673 0.000 24.519 55.519 58.519 39.519 39.518 85.517 120.516 69.513 37.510 53.507 100.503 60.499 27.496 93.492 80.488 38.484 30.480 23.477 104.473 68.470 40.467 41.464
0.000 0.000 30.943 48.272 51.745 50.228 49.700 49.157 48.594 49.007 47.406 46.714 46.382 43.819 52.875 52.604 41.652 42.501 41.512 31.877 12.632 0.000 0.000 0.000 0.000 0.000 0.000 37.684 11.684 0.000 0.000 0.000 0.000 0.000 0.000 36.694 33.696 32.697 34.696 36.693 32.691 40.689 42.687 54.685 50.682 12.679 31.676 64.674 15.673 0.000 0.000 24.521 51.521 57.522 43.523 28.523 30.522 55.520 42.517 24.514 42.510 97.506 53.501 19.497 90.493 75.489 33.485 29.481 25.477 103.473 68.470 40.466 31.463
0.000 30.195 43.614 53.039 51.507 50.987 50.462 49.926 50.372 49.809 48.158 47.878 45.320 53.785 53.278 43.293 44.299 42.184 29.390 0.000 0.000 0.000 0.000 0.000 0.000 0.000 0.000 0.000 11.684 0.000 0.000 0.000 0.000 0.000 0.000 0.000 40.700 50.700 61.699 49.696 38.692 42.691 39.689 44.686 37.682 56.679 74.676 62.674 8.673 0.000 0.000 23.522 49.524 54.525 60.528 58.528 46.527 36.525 49.522 81.518 100.514 121.509 101.504 84.499 118.494 111.489 93.485 53.481 26.477 101.473 73.469 45.466 32.462
27.249 38.777 53.277 52.765 52.257 51.750 51.237 51.711 51.180 49.564 49.321 46.780 54.985 54.362 44.843 46.003 46.950 25.196 0.000 0.000 0.000 0.000 0.000 0.000 0.000 0.000 0.000 0.000 0.000 0.000 0.000 0.000 0.000 0.000 0.000 0.000 38.705 42.704 60.702 19.699 0.000 49.693 40.691 43.687 39.682 27.677 46.674 61.672 48.671 7.670 0.000 0.000 14.526 57.528 59.534 52.535 40.534 49.531 100.528 91.523 72.518 73.512 74.506 74.500 74.495 75.490 77.485 48.481 28.477 100.473 76.469 39.465 33.462
30.721 54.387 53.953 53.486 53.006 52.519 52.021 51.523 50.939 50.731 48.209 56.300 55.634 46.290 47.520 46.524 42.030 1.516 0.000 0.000 0.000 0.000 0.000 0.000 0.000 0.000 0.000 0.000 0.000 0.000 0.000 0.000 0.000 0.000 0.000 0.000 39.710 50.709 34.708 0.000 3.701 46.697 43.694 10.691 0.683 31.674 45.672 60.670 57.670 26.669 0.000 0.000 0.000 0.000 26.545 41.544 25.542 86.539 87.534 36.529 42.522 84.515 55.508 27.501 73.495 63.490 43.486 41.481 32.477 100.473 71.469 28.465 29.462
48.528 56.095 54.663 54.219 53.763 54.296 52.830 52.283 52.114 49.616 57.653 56.973 46.645 48.908 47.915 48.306 17.659 0.000 0.000 0.000 0.000 0.000 0.000 0.000 0.000 0.000 0.000 0.000 0.000 0.000 0.000 0.000 0.000 0.000 0.000 6.721 59.717 57.714 61.712 58.709 54.704 54.700 48.697 7.694 0.683 31.672 44.669 62.667 69.668 32.668 0.000 0.000 0.000 0.000 20.557 33.555 53.551 100.547 63.542 23.535 91.528 92.519 41.510 28.502 49.495 105.490 64.486 32.481 32.477 95.473 113.469 100.464 105.458
58.213 55.801 55.387 54.963 54.527 56.094 53.584 53.460 51.001 59.022 58.334 41.934 46.154 50.224 46.703 23.995 0.000 0.000 0.000 0.000 0.000 0.000 0.000 0.000 0.000 0.000 0.000 0.000 0.000 0.000 0.000 0.000 0.000 0.000 0.000 58.726 57.723 58.719 60.716 59.712 57.707 58.703 51.700 6.697 0.000 32.670 44.665 67.662 40.665 0.000 0.000 0.000 0.000 18.580 48.572 27.567 92.562 86.556 30.550 86.544 99.535 48.521 36.511 39.501 34.494 65.489 104.485 61.482 24.478 95.474 98.469 72.463 14.456
48.882 55.511 56.121 55.716 55.312 54.832 54.752 52.331 60.356 59.712 25.150 30.339 33.236 51.914 35.544 0.000 0.000 0.000 0.000 0.000 0.000 0.000 0.000 48.300 37.300 0.000 0.000 0.000 0.000 0.000 0.000 0.000 0.000 0.000 0.000 35.733 29.730 32.725 36.720 31.715 30.710 29.706 31.702 35.697 29.689 22.673 37.659 16.653 0.000 0.000 0.000 0.000 0.000 20.589 43.584 34.579 35.573 35.566 27.560 48.553 49.549 0.000 0.000 10.496 40.492 33.488 55.485 48.482 30.479 63.475 11.472 0.000 9.450
27.588 43.239 55.866 58.490 56.033 55.982 53.568 61.462 60.950 34.264 0.000 43.668 0.000 55.525 24.036 0.000 0.000 0.000 0.000 0.000 0.000 0.000 0.000 55.301 49.300 0.000 0.000 0.000 0.000 0.000 0.000 0.000 0.000 21.782 0.000 36.743 32.738 32.730 32.724 32.718 32.713 32.708 32.704 34.700 12.696 0.000 7.648 38.636 8.625 0.000 0.000 0.000 21.607 52.601 40.597 39.591 31.585 32.577 32.569 30.562 44.558 4.559 0.000 0.000 11.489 36.486 31.484 44.482 43.480 0.000 0.000 0.000 9.447
19.340 26.988 49.635 54.213 57.175 54.719 62.225 61.885 41.134 16.943 0.000 60.311 58.214 44.636 0.000 0.000 0.000 0.000 0.000 0.000 0.000 0.000 58.308 64.302 35.298 0.000 0.000 0.000 0.000 0.000 0.000 0.000 0.000 38.782 36.775 33.759 32.748 29.735 33.727 33.721 33.716 33.711 33.707 36.703 9.701 0.000 0.000 36.618 36.614 6.609 0.000 0.000 6.614 39.613 32.611 31.606 30.598 30.587 30.577 30.567 31.561 40.560 0.000 0.000 0.000 4.485 37.483 40.482 38.481 0.000 0.000 0.000 33.445
23.114 33.750 38.377 36.280 47.840 62.619 62.470 46.107 24.873 18.378 0.000 40.026 52.698 26.167 0.000 0.000 0.000 0.000 46.356 52.352 44.344 42.329 51.313 44.303 34.293 0.000 0.000 0.000 0.000 0.000 0.000 0.000 0.000 36.790 33.783 32.772 6.760 0.000 38.727 32.723 32.718 32.712 32.708 33.705 7.703 0.000 0.000 37.605 36.604 7.603 0.000 0.000 36.620 32.627 32.627 32.623 31.614 31.596 35.586 0.000 2.561 5.560 0.000 0.000 0.000 0.000 37.481 32.481 32.481 33.480 0.000 5.444 35.444
34.848 48.491 24.211 23.087 62.677 62.676 49.089 35.819 32.158 37.000 0.000 7.071 42.385 0.000 0.000 0.000 0.000 42.364 46.360 48.356 46.353 0.000 0.000 0.000 46.278 30.264 0.000 0.000 0.000 0.000 0.000 0.000 4.816 46.804 43.794 18.785 0.000 0.000 51.732 37.727 33.720 32.713 36.708 13.707 0.000 12.583 50.585 31.592 35.595 7.597 0.000 0.000 0.000 37.648 32.647 36.644 3.641 0.000 0.000 0.000 0.000 0.000 0.000 0.000 0.000 0.000 37.480 32.480 32.480 37.480 0.000 0.000 9.444
55.547 44.135 24.202 19.705 62.635 24.120 29.849 32.080 35.760 54.348 63.805 51.803 0.000 0.000 0.000 0.000 40.372 34.368 40.364 55.360 54.357 0.000 0.000 0.000 0.000 47.249 0.000 0.000 0.000 32.874 0.000 0.000 48.827 47.818 53.806 46.790 11.774 65.759 62.742 60.732 58.722 50.713 31.706 18.706 0.000 26.580 79.581 33.584 34.588 8.592 0.000 0.000 0.000 42.669 28.668 33.666 4.665 0.000 0.000 0.000 0.000 0.000 0.000 0.000 0.000 33.480 35.480 37.480 31.480 36.480 0.000 0.000 6.443
64.126 51.226 33.530 62.206 20.133 21.923 21.095 20.739 30.309 57.848 53.262 24.533 0.000 0.000 39.383 5.381 47.376 39.372 50.367 45.362 24.360 0.000 0.000 0.000 0.000 51.234 27.230 0.000 0.000 28.874 36.874 40.866 42.848 44.835 34.820 31.794 39.773 39.759 59.747 42.736 36.724 34.709 14.696 0.000 2.588 21.578 89.573 45.576 11.579 0.000 0.000 0.000 0.692 55.692 28.691 35.689 7.687 0.000 0.000 0.000 0.000 0.000 0.000 0.000 12.479 35.479 50.479 48.480 41.480 0.479 0.000 0.000 7.443
62.176 60.421 61.753 39.053 26.960 23.107 22.747 21.325 27.916 43.468 38.865 0.000 0.000 0.000 42.385 63.383 58.380 59.376 41.371 0.000 0.000 0.000 0.000 0.000 42.220 33.224 25.225 0.000 0.000 0.000 40.882 44.876 44.864 44.853 28.845 0.000 35.766 36.759 60.751 46.742 40.728 26.704 33.674 48.636 68.599 57.571 81.556 46.569 10.574 0.000 0.000 0.000 0.000 53.717 29.713 30.710 35.709 0.000 0.000 0.000 0.000 0.000 0.000 0.000 0.000 5.479 54.479 51.479 4.479 0.000 0.000 0.000 3.442
60.249 61.687 60.900 59.917 42.066 21.718 22.306 22.924 21.556 24.243 0.000 0.000 0.000 0.000 58.389 48.387 46.385 42.380 0.000 0.000 0.000 0.000 0.000 43.216 34.216 30.218 13.222 0.000 0.000 0.000 40.897 48.890 57.880 56.870 58.863 46.864 0.000 4.758 63.757 47.751 21.744 0.000 36.660 46.636 73.599 35.552 19.511 0.000 0.000 0.000 0.000 0.000 6.761 44.745 31.736 32.730 35.728 8.734 0.000 0.000 0.000 0.000 0.000 0.000 0.000 0.000 11.479 12.479 0.000 0.000 0.000 0.000 4.442
61.690 60.670 62.786 62.953 46.628 23.231 25.863 25.503 23.143 23.705 0.000 38.397 0.000 4.395 52.394 52.393 59.392 0.000 0.000 17.295 5.295 0.000 0.000 38.215 32.212 26.209 0.000 0.000 0.000 0.000 38.920 39.908 41.895 40.882 38.872 30.866 0.000 0.000 65.769 51.761 36.753 0.000 35.669 46.648 70.609 26.528 22.424 5.352 0.000 0.000 0.000 0.000 6.777 51.767 30.756 32.746 32.740 33.740 37.743 9.744 0.000 0.000 0.000 0.000 0.000 0.000 0.000 0.000 0.000 0.000 0.000 0.000 0.000
61.373 63.575 62.769 63.472 37.094 27.744 47.406 41.085 22.807 0.558 0.000 35.397 50.397 55.397 41.397 62.399 54.399 0.000 0.000 31.295 62.295 14.290 0.000 39.217 33.208 30.198 0.000 0.000 47.016 42.992 38.953 40.929 45.909 45.893 43.877 54.862 46.841 6.817 65.789 57.771 57.755 49.732 30.701 48.679 56.661 0.000 25.305 8.279 0.000 0.000 0.000 0.000 16.802 55.790 27.776 29.756 30.747 31.745 36.744 8.744 0.000 0.000 0.000 0.000 0.000 0.000 0.000 0.000 0.000 0.000 0.000 0.000 0.000
