results3_8e3_rain/res_3e8f-0109.wd
ncols         241
nrows         181
xllcorner     12693529.787448
yllcorner     3542525.717860
cellsize      155.156523
NODATA_value  -9999.000000
[rows 66 to 98 of 181, columns 146 to 218 of 241]
27.688 42.623 64.562 65.504 65.449 65.396 65.345 65.294 65.245 68.205 4.181 0.000 0.000 0.000 0.000 0.000 0.000 0.000 35.206 10.207 0.000 17.204 47.201 47.201 47.203 54.204 60.203 60.202 60.198 60.193 60.187 60.179 60.171 60.163 60.155 62.149 47.143 48.140 40.139 0.000 0.000 0.000 0.000 0.000 15.768 22.755 31.729 25.683 3.631 1.536 16.380 37.334 45.292 39.252 34.213 34.174 24.137 21.101 21.065 24.030 44.997 56.964 51.933 40.903 47.875 54.848 58.822 58.798 57.775 57.753 57.732 57.712 57.693
30.745 49.680 67.619 65.562 65.510 65.461 65.411 65.357 70.297 59.253 29.232 26.240 0.000 0.000 0.000 0.000 0.000 6.206 8.206 0.000 0.000 0.000 17.191 48.191 57.191 60.191 60.190 60.189 60.185 64.181 62.176 60.170 60.164 60.158 59.153 51.148 45.144 51.142 41.140 0.000 0.000 0.000 0.000 7.757 21.758 26.751 22.740 0.000 0.000 0.000 18.299 21.279 35.251 44.219 33.185 32.151 30.116 21.081 21.047 20.013 25.980 49.948 56.918 41.888 43.860 45.833 47.808 51.784 55.761 57.739 58.718 57.699 57.680
35.800 56.735 66.672 65.617 65.569 65.525 63.481 62.427 17.334 2.277 33.254 39.249 4.250 0.000 0.000 0.000 0.000 0.000 0.000 0.000 0.000 1.177 30.181 50.181 60.181 60.180 60.179 60.177 60.174 62.171 61.167 60.162 60.158 61.154 51.150 49.148 52.145 47.142 39.141 0.000 0.000 0.000 0.000 25.757 28.757 0.000 0.000 0.000 0.000 26.219 28.239 38.232 41.213 52.188 50.159 38.128 27.096 19.062 21.029 20.996 15.963 29.932 46.901 50.872 55.844 52.818 45.792 50.768 53.746 53.724 51.704 53.685 56.667
40.854 63.786 67.718 68.664 65.624 66.591 61.561 7.538 0.000 32.267 33.258 38.253 46.251 0.000 0.000 0.000 0.000 0.000 0.000 0.000 0.000 13.173 36.174 49.172 61.171 60.169 60.168 60.166 60.164 61.161 60.158 60.155 60.152 57.149 51.147 16.147 0.000 0.000 0.000 0.000 0.000 0.000 0.000 21.756 28.756 0.000 0.000 0.000 43.192 29.200 24.204 52.198 57.183 58.162 62.136 56.107 44.076 24.043 21.011 20.978 18.946 19.914 25.884 26.855 33.827 41.801 48.776 52.752 53.730 54.709 50.689 53.670 54.652
22.909 27.837 37.750 13.696 70.674 67.652 52.635 29.625 0.000 0.000 0.000 0.000 0.000 0.000 0.000 0.000 0.000 0.000 0.000 0.000 0.000 14.171 39.169 42.163 58.160 60.159 60.158 60.156 64.155 63.152 60.150 60.147 61.145 52.143 55.142 0.000 0.000 0.000 0.000 0.000 0.000 0.000 0.000 0.000 15.755 24.755 0.000 0.000 74.185 37.184 19.181 50.173 58.159 58.140 58.116 61.089 60.058 40.025 22.993 20.960 18.928 21.896 22.866 30.837 35.809 24.783 24.759 29.735 34.713 40.693 45.673 49.655 53.637
68.971 47.904 0.000 0.000 74.726 66.708 53.701 35.703 2.730 0.000 0.000 0.000 0.000 0.000 0.000 0.000 0.000 0.000 0.000 0.000 0.000 0.000 0.146 44.150 60.150 60.149 60.148 60.147 62.146 61.144 60.142 60.140 61.138 49.137 59.136 0.000 0.000 0.000 0.000 0.000 0.000 0.000 0.000 0.000 0.000 0.000 0.000 0.000 11.178 27.172 20.164 50.155 58.141 58.124 59.101 59.073 59.042 52.008 27.975 23.942 21.909 18.877 39.847 51.818 57.790 41.764 34.740 30.717 28.696 25.676 25.657 25.639 53.622
45.045 0.000 0.000 71.905 71.795 69.753 60.758 45.757 1.757 0.000 0.000 0.000 0.000 0.000 0.000 0.000 0.000 0.000 0.000 0.000 0.000 0.000 26.133 49.138 61.140 60.140 60.140 61.139 60.138 60.136 60.135 60.133 61.132 54.131 19.130 0.000 0.000 0.000 0.000 0.000 0.000 0.000 0.000 0.000 0.000 0.000 0.000 0.000 0.000 24.160 23.149 41.140 56.128 59.112 53.091 49.062 55.029 45.991 28.956 27.923 36.890 31.858 54.827 58.797 57.770 55.744 55.720 52.698 50.677 47.658 43.639 35.622 55.606
72.098 62.100 68.073 24.016 0.000 0.000 66.820 40.811 1.784 0.000 3.982 0.000 0.000 0.000 0.000 0.000 0.000 0.000 0.000 0.000 0.000 0.000 42.128 54.130 61.131 60.131 60.131 62.131 62.130 60.129 60.128 60.126 59.125 55.124 4.123 0.000 0.000 0.000 0.000 0.000 0.000 0.000 0.000 0.000 0.000 0.000 0.000 0.000 0.000 0.000 12.133 38.128 56.119 57.107 38.088 41.056 43.019 39.973 24.937 21.904 44.871 53.837 57.805 59.776 59.748 60.723 58.700 58.678 59.658 58.639 59.621 59.605 58.589
74.149 66.131 71.102 22.071 0.000 0.000 57.890 5.885 0.000 0.000 35.982 0.000 0.000 0.000 0.000 0.000 0.000 0.000 0.000 0.000 0.000 0.000 45.122 57.123 61.123 60.124 60.124 61.123 61.123 60.122 60.121 61.120 57.118 52.117 2.116 0.000 0.000 0.000 0.000 0.000 0.000 0.000 0.000 0.000 0.000 0.000 0.000 0.000 4.118 6.119 17.122 33.120 55.115 57.107 3.100 0.000 0.000 29.944 23.915 18.886 32.853 51.816 57.782 59.752 59.725 59.700 57.678 57.657 58.638 57.620 57.603 58.587 58.572
66.218 66.172 66.132 64.096 51.065 37.023 29.967 28.952 24.972 27.980 30.983 30.983 2.983 0.000 0.000 0.000 0.000 0.000 6.090 8.090 0.000 0.000 44.115 58.116 60.116 60.117 60.117 60.117 60.116 60.115 60.114 60.113 42.112 37.110 35.108 30.104 0.000 0.000 0.000 0.000 0.000 0.000 0.000 0.000 0.000 0.000 0.000 0.000 8.117 34.118 25.118 29.116 49.112 50.108 23.105 0.000 0.000 0.000 20.894 25.873 24.839 43.791 56.755 57.725 57.699 57.675 57.654 57.634 57.616 57.599 57.583 57.568 57.554
66.257 66.207 66.159 65.116 62.076 64.037 38.002 16.986 54.985 27.986 31.985 7.984 0.000 0.000 0.000 0.000 0.000 0.000 6.090 52.090 1.091 0.000 43.108 57.109 61.110 60.111 62.111 63.111 61.110 60.110 60.109 58.107 51.106 42.104 43.103 42.101 0.000 0.000 0.000 0.000 0.000 0.000 0.000 0.000 0.000 0.000 0.000 0.000 2.117 37.116 29.116 36.113 51.110 46.108 52.106 0.000 0.000 0.000 0.000 0.000 0.000 33.756 56.721 57.695 57.671 57.649 57.629 57.611 57.594 57.578 57.563 57.549 57.536
66.290 66.239 67.182 69.131 66.087 66.048 65.020 66.003 56.996 34.993 6.989 0.000 0.000 0.000 0.000 0.000 0.000 0.000 0.000 45.091 32.092 22.095 38.100 60.103 60.104 60.105 60.105 60.105 60.105 60.104 60.103 60.102 58.101 37.099 41.097 48.096 0.000 0.000 0.000 0.000 0.000 0.000 0.000 0.000 0.000 0.000 0.000 0.000 0.000 49.116 0.000 16.111 39.109 46.107 7.107 0.000 0.000 0.000 0.000 0.000 0.000 0.000 45.680 58.662 57.641 57.621 57.603 57.586 57.571 57.557 57.543 57.530 57.518
69.324 65.276 62.200 64.141 67.092 67.049 69.026 66.011 64.004 51.000 0.000 0.000 0.000 0.000 0.000 0.000 0.000 0.000 0.000 1.091 36.091 28.093 44.096 62.098 60.099 60.100 60.100 60.100 60.100 60.099 60.098 60.097 61.096 50.094 37.092 41.089 47.086 0.000 0.000 0.000 0.000 0.000 0.000 0.000 0.000 0.000 0.000 0.000 0.000 0.000 0.000 0.000 24.107 43.107 0.000 0.000 0.000 0.000 0.000 0.000 0.000 0.000 33.656 54.633 57.611 57.592 57.575 57.561 57.547 57.535 57.523 57.511 57.499
62.365 23.342 0.000 0.000 0.000 59.031 64.022 70.013 66.007 55.004 5.004 0.000 39.003 9.003 0.000 0.000 0.000 0.000 0.000 0.000 28.089 32.091 53.092 61.094 62.095 63.096 60.096 60.096 60.096 60.095 60.094 60.093 60.091 61.089 40.087 22.085 31.082 0.000 0.000 0.000 0.000 0.000 0.000 0.000 0.000 0.000 0.000 0.000 0.000 0.000 0.000 0.000 13.106 46.106 0.000 0.000 0.000 0.000 0.000 0.000 0.000 0.000 0.000 34.605 54.577 57.560 57.546 57.535 57.524 57.513 57.502 57.492 57.481
57.398 14.385 0.000 0.000 34.022 32.022 49.018 68.013 65.009 50.006 31.005 35.004 39.003 5.003 0.000 0.000 0.000 0.000 0.000 0.000 29.087 40.088 60.089 60.090 63.091 63.092 60.093 60.093 60.092 60.092 60.090 60.089 60.087 61.085 57.083 52.080 41.077 21.072 15.069 0.000 0.000 0.000 0.000 0.000 0.000 0.000 0.000 0.000 0.000 0.000 0.000 0.000 15.105 7.106 0.000 0.000 0.000 0.000 0.000 0.000 0.000 0.000 0.000 0.000 39.532 55.525 57.516 57.508 57.500 57.491 57.482 57.473 57.463
63.423 44.415 16.421 0.000 0.000 34.018 34.015 56.011 68.008 46.006 33.005 38.004 16.004 0.000 0.000 0.000 0.000 0.000 28.079 21.080 26.083 43.085 62.086 62.087 63.089 60.089 60.090 60.090 60.089 60.089 60.087 60.086 60.084 60.082 60.080 62.077 51.074 39.070 28.067 29.064 22.062 13.061 18.060 0.000 0.000 0.000 0.000 0.000 0.000 0.000 0.000 0.000 18.105 0.000 0.000 0.000 0.000 0.000 0.000 0.000 0.000 0.000 0.000 0.000 24.494 52.491 56.487 57.482 57.476 57.470 57.463 57.455 57.446
66.440 57.432 10.426 0.000 0.000 0.000 33.012 38.009 65.007 53.006 34.005 37.004 12.004 0.000 0.000 0.000 0.000 0.000 31.079 24.079 27.081 45.082 64.084 63.085 61.086 61.087 60.088 60.088 60.087 60.086 60.085 61.084 61.082 61.080 55.077 46.074 50.071 57.068 50.065 48.063 36.061 23.060 30.060 0.000 0.000 0.000 0.000 0.000 0.000 0.000 0.000 0.000 0.000 0.000 0.000 0.000 0.000 0.000 0.000 0.000 0.000 0.000 0.000 0.000 16.459 47.459 57.458 59.457 59.454 59.450 58.445 57.438 57.430
66.453 41.447 0.000 0.000 0.000 0.000 0.000 40.007 53.006 47.005 46.005 43.004 33.003 11.003 0.000 0.000 0.000 0.000 30.077 23.078 28.079 43.080 55.082 52.083 47.085 49.086 54.087 59.086 61.085 61.084 59.083 49.082 47.081 52.078 41.074 38.071 38.068 49.066 53.064 48.062 34.060 23.059 0.000 0.000 0.000 0.000 0.000 0.000 0.000 0.000 0.000 0.000 0.000 0.000 0.000 0.000 0.000 0.000 0.000 0.000 0.000 0.000 0.000 0.000 4.425 29.429 35.431 37.433 37.433 38.432 47.429 56.424 57.416
65.461 31.457 0.000 0.000 0.000 0.000 0.000 35.006 29.005 28.005 36.004 36.004 36.003 32.003 5.003 0.000 0.000 0.000 35.076 30.076 35.077 45.078 48.080 51.082 9.083 0.000 0.000 0.048 61.084 58.083 47.081 2.081 0.000 0.000 40.071 72.068 65.066 44.064 50.062 44.060 33.059 18.058 21.056 0.000 0.000 0.000 0.000 0.000 0.000 0.000 0.000 0.000 0.000 0.000 0.000 0.000 0.000 0.000 0.000 0.000 8.339 29.339 40.346 39.361 57.388 65.399 66.406 64.410 66.413 53.415 36.416 54.414 57.408
63.466 28.463 0.000 0.000 0.000 0.000 0.000 35.005 31.005 10.005 0.000 0.000 0.000 0.000 0.000 0.000 0.000 0.000 41.074 35.074 30.075 26.076 12.077 0.000 0.000 0.000 0.000 0.000 0.000 0.000 34.076 0.000 0.000 0.000 0.000 35.064 68.063 28.062 29.060 28.059 24.058 27.057 74.056 33.055 0.000 0.000 0.000 0.000 0.000 0.000 0.000 0.000 0.000 0.000 0.000 0.000 0.000 0.000 0.000 0.000 0.000 76.333 72.339 54.350 55.365 52.376 53.383 75.390 68.395 54.400 34.405 43.409 42.408
49.468 30.465 24.465 0.000 0.000 0.000 0.000 0.000 33.005 17.005 0.000 0.000 0.000 0.000 0.000 0.000 0.000 0.000 41.073 41.072 42.072 25.073 0.043 0.000 0.000 0.000 0.000 0.000 0.000 0.000 30.072 7.071 0.000 0.000 0.000 34.062 83.062 47.060 50.059 45.057 30.057 48.056 102.055 99.054 30.054 0.000 0.000 0.000 0.000 0.000 0.000 0.000 0.000 0.000 0.000 0.000 0.000 7.290 0.000 0.000 4.311 79.320 46.328 54.336 45.346 26.355 37.363 80.370 46.377 33.386 40.395 0.000 0.000
33.468 33.466 19.465 0.000 0.000 0.000 0.000 0.000 0.000 0.000 0.000 0.000 0.000 0.000 0.000 0.000 0.000 0.000 44.071 35.071 29.070 27.070 1.069 0.000 0.000 0.000 0.000 0.000 0.000 27.069 20.070 45.070 41.069 0.000 0.000 40.061 46.061 38.060 81.058 70.055 41.056 0.000 58.054 113.053 0.000 0.000 0.000 0.000 0.000 0.000 0.000 0.000 0.000 0.000 0.000 0.000 58.290 96.290 87.292 83.295 30.303 74.309 42.315 31.322 78.329 59.336 79.343 60.350 30.358 38.372 0.000 0.000 0.000
36.467 37.465 29.464 0.000 0.000 0.000 0.000 0.000 0.000 0.000 0.000 0.000 0.000 0.000 0.000 0.000 0.000 0.000 0.000 39.069 29.069 7.069 0.000 0.000 0.000 0.000 0.000 0.000 0.000 29.068 26.069 2.069 0.000 0.000 0.000 14.061 0.000 0.000 0.000 36.051 0.000 0.000 14.053 80.053 35.053 0.000 0.000 0.000 0.000 0.000 0.000 0.000 0.000 0.000 0.000 0.000 14.289 0.000 58.290 62.292 13.295 74.299 51.302 24.307 42.312 92.318 106.324 40.330 28.335 0.000 0.000 0.000 4.231
35.464 36.463 36.462 40.460 32.460 0.000 0.000 0.000 0.000 0.000 0.000 0.000 0.000 0.000 0.000 0.000 0.000 0.000 0.000 29.067 25.067 9.067 0.000 0.000 0.000 0.000 0.000 0.000 30.067 27.068 4.068 0.000 0.000 0.000 0.000 0.000 0.000 0.000 0.000 40.047 0.000 0.000 14.053 0.000 0.000 0.000 0.000 0.000 0.000 0.000 0.000 0.000 0.000 0.000 0.000 0.000 0.000 0.000 34.287 53.287 12.288 76.288 56.289 26.292 75.295 78.299 73.305 81.310 45.316 0.000 0.000 0.000 18.222
37.461 15.461 26.461 35.460 35.459 35.458 34.458 0.000 0.000 0.000 0.000 0.000 0.000 0.000 0.000 0.000 0.000 0.000 0.000 31.066 27.066 11.066 0.000 0.000 0.000 0.000 0.000 0.000 0.000 33.067 5.067 0.000 0.000 0.000 0.000 0.000 0.000 0.000 4.042 27.043 31.042 8.041 0.000 0.000 0.000 0.000 0.000 0.000 0.000 0.000 0.000 0.000 0.000 0.000 0.000 0.000 0.000 0.000 37.284 57.283 17.281 77.278 62.276 76.276 76.277 35.280 28.285 73.292 22.304 0.000 0.000 19.199 27.207
42.455 0.000 0.000 32.459 21.459 0.000 34.457 24.457 0.000 0.000 0.000 0.000 0.000 0.000 0.000 0.000 0.000 0.000 0.000 30.065 27.065 15.065 0.000 0.000 0.000 0.000 0.000 0.000 0.000 0.000 0.000 0.000 0.000 0.000 0.000 0.000 0.000 0.000 43.041 60.041 21.041 0.000 0.000 0.000 0.000 0.000 0.000 0.000 0.000 0.000 0.000 0.000 0.000 0.000 0.000 0.000 0.000 0.000 72.281 58.280 19.276 77.267 74.260 66.258 58.258 44.260 45.264 14.268 0.000 0.000 3.188 22.192 29.196
39.448 0.000 0.000 19.459 11.459 0.000 0.000 0.000 0.000 43.385 39.385 30.384 0.000 0.000 0.000 0.000 0.000 0.000 0.000 34.064 30.064 12.064 0.000 0.000 0.000 0.000 0.000 0.000 0.000 0.000 0.000 0.000 0.000 0.000 0.000 0.000 0.000 0.000 6.041 90.041 56.041 0.000 0.000 0.000 0.000 0.000 0.000 0.000 0.000 0.000 0.000 0.000 0.000 0.000 0.000 0.000 0.000 0.000 4.281 0.000 0.000 51.254 92.242 71.238 70.237 68.239 71.243 19.249 0.000 0.000 7.185 21.183 22.185
55.440 0.000 0.000 0.000 0.000 41.401 28.400 0.000 39.387 33.386 33.385 25.384 0.000 0.000 0.000 0.000 0.000 0.000 0.000 34.064 29.064 17.064 0.000 0.000 0.000 0.000 0.000 0.000 0.000 0.000 0.000 0.000 0.000 0.000 0.000 0.000 0.000 0.000 0.000 34.040 26.040 0.000 0.000 0.000 0.000 0.000 0.000 0.000 0.000 0.000 0.000 0.000 0.000 0.000 0.000 0.000 0.000 0.000 0.000 0.000 0.000 0.000 34.215 35.214 33.215 33.217 30.222 26.235 0.000 0.000 0.170 21.171 19.173
66.431 55.423 37.418 38.413 37.408 31.403 32.399 33.394 31.389 36.386 35.385 26.383 23.383 0.000 0.000 0.000 0.000 0.000 0.000 21.063 0.000 0.000 0.000 0.000 0.000 0.000 0.000 0.000 0.000 0.000 0.000 0.000 0.000 0.000 0.000 0.000 0.000 0.000 0.000 0.000 33.040 0.000 0.000 0.000 0.000 0.000 0.000 0.000 0.000 0.000 0.000 0.000 0.000 0.000 0.000 0.000 0.000 0.000 0.000 0.000 0.000 0.000 22.188 21.190 21.191 37.191 32.192 0.000 0.000 0.000 0.000 34.158 46.160
66.425 60.421 30.417 30.413 30.409 13.403 14.399 18.394 28.390 37.386 34.384 26.383 29.382 18.382 0.000 0.000 0.000 0.000 0.000 0.000 0.000 0.000 0.000 0.000 0.000 0.000 0.000 0.000 0.000 0.000 0.000 0.000 0.000 0.000 0.000 0.000 0.000 0.000 0.000 0.000 0.000 0.000 0.000 0.000 0.000 0.000 0.000 0.000 0.000 0.000 0.000 0.000 0.000 0.000 0.000 0.000 0.000 0.000 0.000 0.000 14.139 17.145 21.161 21.166 23.168 42.167 32.162 15.148 0.000 0.000 29.135 50.143 57.147
66.421 64.419 34.416 31.414 11.411 0.000 0.000 0.000 0.000 28.384 31.383 29.382 22.381 0.000 0.000 0.000 0.000 0.000 0.000 0.000 0.000 0.000 0.000 0.000 0.000 0.000 0.000 0.000 0.000 0.000 0.000 0.000 0.000 0.000 0.000 0.000 0.000 0.000 0.000 0.000 0.000 0.000 0.000 0.000 0.000 0.000 0.000 0.000 0.000 0.000 0.000 0.000 0.000 0.000 0.000 0.000 0.000 0.000 0.000 0.000 25.133 22.137 21.144 17.147 30.148 47.147 31.142 20.134 15.125 15.123 39.127 56.132 57.136
66.418 64.417 17.416 21.415 0.000 0.000 0.000 0.000 0.000 0.000 19.381 32.380 24.380 0.000 0.000 0.000 0.000 0.000 0.000 0.000 0.000 0.000 0.000 0.000 0.000 0.000 0.000 0.000 0.000 0.000 0.000 0.000 0.000 0.000 0.000 0.000 0.000 0.000 0.000 0.000 0.000 0.000 0.000 0.000 0.000 0.000 0.000 0.000 0.000 0.000 0.000 0.000 0.000 0.000 0.000 0.000 0.000 0.000 0.000 19.117 17.123 16.126 21.130 35.131 48.131 38.130 22.126 20.122 22.118 19.117 40.119 58.122 57.126
66.414 40.416 0.000 0.000 0.000 0.000 0.000 0.000 0.000 0.000 0.000 22.379 29.378 27.376 0.000 0.000 0.000 0.000 0.000 0.000 0.000 0.000 0.000 0.000 0.000 0.000 0.000 0.000 0.000 0.000 0.000 0.000 0.000 0.000 0.000 0.000 0.000 0.000 0.000 0.000 0.000 0.000 0.000 0.000 0.000 0.000 0.000 0.000 0.000 0.000 0.000 0.000 0.000 0.000 0.000 0.000 24.104 16.105 14.108 26.112 40.115 45.117 47.118 47.117 33.116 21.114 20.112 20.110 19.108 21.108 44.110 59.112 57.116
