results3_8e3_rain/res_3e8f-0186.wd
ncols         241
nrows         181
xllcorner     12693529.787448
yllcorner     3542525.717860
cellsize      155.156523
NODATA_value  -9999.000000
[rows 0 to 32 of 181, columns 146 to 218 of 241]
0.000 0.000 0.000 0.000 0.000 0.000 0.000 0.000 0.000 0.000 0.000 0.000 0.000 0.000 5.747 16.599 17.361 17.069 16.747 16.414 16.086 15.780 15.507 15.274 15.085 14.937 14.828 14.752 14.704 14.678 14.666 19.662 0.000 0.000 0.000 0.000 0.000 0.000 0.000 0.000 0.000 0.000 0.000 0.000 0.000 0.000 0.000 0.000 0.000 19.638 26.638 0.000 0.000 45.751 50.751 0.000 0.000 0.000 0.000 0.000 0.000 0.000 0.000 0.000 0.000 0.000 0.000 0.000 0.000 0.000 0.000 0.000 0.000
0.000 0.000 0.000 0.000 0.000 0.000 0.000 0.000 0.000 0.000 0.000 0.000 0.000 1.295 16.894 17.689 17.415 17.100 16.758 16.408 16.065 15.747 17.467 16.231 15.043 14.899 14.795 14.725 14.683 14.663 14.659 19.658 0.000 0.000 0.000 0.000 0.000 0.000 0.000 0.000 0.000 0.000 0.000 0.000 0.000 0.000 0.000 0.000 16.638 38.638 14.638 0.000 24.751 57.751 51.751 0.000 0.000 0.000 0.000 0.000 0.000 0.000 0.000 0.000 0.000 0.000 0.000 0.000 36.745 0.000 0.000 0.000 0.000
0.000 0.000 0.000 0.000 0.000 0.000 0.000 0.000 0.000 0.000 0.000 0.000 0.000 20.526 19.180 17.849 17.511 17.155 16.779 16.394 16.019 17.676 17.381 15.142 14.956 14.820 14.727 14.669 14.639 14.632 16.648 10.653 0.000 0.000 0.000 0.000 0.000 0.000 0.000 0.000 0.000 0.000 0.000 0.000 0.000 0.000 0.000 0.000 28.638 0.000 0.000 19.751 50.751 12.751 0.000 0.000 0.000 0.000 0.000 0.000 0.000 0.000 0.000 0.000 5.746 0.000 0.000 0.000 39.745 11.745 0.000 0.000 0.000
0.000 0.000 0.000 0.000 0.000 0.000 0.000 0.000 0.000 0.000 0.000 0.000 3.060 19.940 18.449 18.017 17.623 17.231 16.810 16.370 16.941 16.557 15.241 14.997 14.820 14.699 14.624 14.585 14.573 20.579 0.000 0.000 0.000 0.000 0.000 0.000 0.000 0.000 0.000 0.000 0.000 0.000 0.000 13.639 0.000 0.000 0.000 12.639 72.638 2.638 0.000 25.751 52.751 0.000 0.000 0.000 0.000 0.000 0.000 0.000 0.000 0.000 11.746 17.746 36.746 0.000 0.000 29.745 38.745 39.745 11.745 0.000 0.000
0.000 0.000 0.000 0.000 0.000 0.000 0.000 0.000 0.000 0.000 0.000 8.167 1.346 2.978 18.660 18.146 17.735 17.334 16.861 16.334 16.816 16.372 15.029 14.786 14.627 14.533 14.486 14.474 15.487 16.533 0.000 0.000 0.000 0.000 0.000 0.000 0.000 0.000 0.000 0.000 0.000 0.000 14.639 37.639 32.639 0.000 0.000 28.639 56.639 0.000 0.000 0.000 52.751 7.752 0.000 0.000 0.000 0.000 0.000 0.000 0.000 0.000 51.747 55.746 57.746 0.000 0.000 42.745 37.745 37.745 47.745 0.000 0.000
0.000 0.000 0.000 0.000 0.000 0.000 0.000 0.000 0.000 0.000 10.885 3.488 1.858 1.287 1.412 16.170 17.839 17.508 16.966 18.291 17.617 15.084 14.717 14.492 14.369 14.318 14.314 14.337 20.368 0.000 0.000 0.000 0.000 0.000 0.000 0.000 0.000 0.000 0.000 0.000 0.000 0.000 0.000 17.639 38.639 30.639 28.639 10.639 41.639 14.639 0.000 0.000 37.752 50.752 41.752 39.752 48.752 0.000 0.000 0.000 0.000 0.000 51.747 53.747 58.746 37.746 26.745 43.745 46.745 0.000 0.000 0.000 11.740
0.000 0.000 0.000 0.000 0.000 0.000 0.000 0.000 0.000 0.000 7.281 3.988 3.620 3.125 0.438 0.629 10.943 18.892 18.205 18.244 15.280 14.628 14.265 14.095 14.040 14.056 14.113 14.193 9.281 0.000 0.000 0.000 0.000 0.000 34.649 67.649 1.649 0.000 7.649 48.649 0.000 0.000 0.000 14.639 38.639 51.639 86.639 48.639 49.639 20.639 0.000 0.000 34.752 53.752 38.752 34.752 51.752 0.000 0.000 0.000 0.000 0.000 38.747 44.747 40.746 40.746 44.746 47.745 55.745 0.000 0.000 0.000 34.740
0.000 0.000 0.000 0.000 0.000 0.000 0.000 0.000 0.000 30.525 30.972 7.550 3.165 3.404 3.058 0.794 0.369 5.914 18.717 16.201 14.630 13.882 13.621 13.583 13.641 13.751 14.890 12.042 0.000 0.000 0.000 0.000 0.000 0.000 9.649 55.649 62.649 44.649 36.649 8.649 0.000 0.000 0.000 0.000 0.000 12.639 79.639 58.639 5.639 0.000 0.000 0.000 0.000 46.752 61.752 59.752 61.752 53.751 45.751 48.750 47.750 56.749 60.748 57.747 58.747 58.746 53.746 48.745 45.745 0.000 0.000 0.000 0.000
0.000 0.000 0.000 0.000 0.000 0.000 0.000 0.000 24.635 42.078 43.533 33.044 9.630 2.047 3.062 0.837 2.787 8.084 6.550 16.214 13.157 12.649 12.753 12.973 13.192 14.418 14.654 0.000 0.000 0.000 0.000 0.000 0.000 0.000 0.000 7.649 53.649 63.649 68.649 7.649 0.000 0.000 0.000 0.000 0.000 8.640 51.639 43.639 48.639 15.639 0.000 0.000 30.753 58.753 43.752 37.752 44.752 56.752 44.751 43.750 52.750 61.749 48.748 44.747 47.747 53.746 59.745 61.745 59.744 45.743 36.742 19.742 28.741
0.000 0.000 0.000 0.000 0.000 0.000 0.000 20.759 30.192 45.618 43.039 43.461 35.884 12.315 1.195 4.742 14.276 6.457 2.244 3.032 6.135 10.804 11.770 12.364 12.734 18.076 0.000 0.000 0.000 0.000 0.000 0.000 7.650 5.650 0.000 0.000 20.649 66.649 19.649 0.000 0.000 0.000 0.000 0.000 0.000 47.640 57.640 33.639 49.639 69.639 9.639 0.000 36.753 60.753 39.753 33.753 36.752 49.752 38.751 38.751 40.750 42.749 39.748 40.748 34.747 38.746 44.745 45.745 43.744 52.743 54.742 57.742 65.741
0.000 0.000 0.000 0.000 0.000 0.000 25.882 24.326 47.756 44.163 43.542 42.878 43.130 38.186 20.691 12.408 8.092 0.000 0.047 4.361 2.161 3.342 11.160 11.979 17.303 0.000 0.000 0.000 0.000 0.000 0.000 2.650 44.650 3.650 0.000 0.000 27.649 67.649 6.649 0.000 0.000 0.000 0.000 0.000 42.642 86.641 19.640 22.639 44.639 71.639 11.639 0.000 33.754 58.754 38.753 31.753 34.753 36.752 32.752 31.751 38.750 54.750 37.749 33.748 47.747 43.746 40.746 47.745 47.744 50.743 59.742 63.741 50.741
0.000 0.000 0.000 0.000 0.000 29.925 18.437 46.909 45.342 44.738 44.089 43.379 42.573 42.609 39.412 25.110 4.413 0.339 0.067 46.220 4.522 0.079 0.103 14.091 10.197 0.000 0.000 0.000 0.000 0.000 0.000 2.650 40.650 35.650 44.650 56.650 60.649 50.649 0.000 0.000 5.646 41.645 56.645 61.644 85.643 41.643 0.000 0.000 46.638 34.638 0.000 0.000 36.754 63.754 50.754 34.754 82.753 110.753 59.752 35.752 51.751 98.750 50.749 27.748 92.747 65.747 40.746 47.745 49.744 39.743 48.742 61.741 44.740
0.000 0.000 0.000 0.000 0.000 19.412 41.033 47.530 45.966 45.356 44.696 43.975 43.173 42.264 42.251 41.161 30.339 4.952 50.821 47.879 0.359 0.149 0.052 0.058 0.000 0.000 0.000 0.000 0.000 0.000 5.650 39.650 35.650 40.650 54.650 64.650 48.650 35.649 0.649 0.000 3.646 50.646 49.645 45.644 84.644 44.643 0.000 0.000 25.638 17.638 0.000 29.755 57.755 59.755 53.755 41.754 40.754 73.753 114.753 52.752 45.751 102.750 53.750 27.749 99.748 69.747 32.746 34.745 40.744 31.743 45.742 44.741 32.740
0.000 0.000 0.000 0.000 23.931 34.280 49.751 47.211 46.637 46.024 45.365 44.654 43.877 43.039 42.080 41.343 40.202 52.552 52.226 0.996 0.494 9.604 0.000 0.000 0.000 0.000 0.000 0.000 0.649 55.649 58.650 40.650 39.650 54.650 64.650 50.650 33.650 35.649 35.648 33.648 31.647 43.646 46.645 56.645 96.644 30.644 0.000 0.000 62.638 12.638 0.000 26.756 56.756 56.756 43.755 35.755 31.755 41.754 38.754 78.753 109.752 126.751 107.750 96.749 122.748 116.747 107.746 53.745 33.744 50.743 45.742 34.741 29.740
0.000 0.000 0.000 25.116 34.582 52.025 48.481 47.927 47.348 46.736 46.087 45.394 44.663 43.823 43.279 40.912 52.589 52.585 36.787 19.090 6.250 0.000 0.000 0.000 0.000 0.000 0.000 0.000 41.649 8.649 0.000 19.650 57.650 61.650 53.651 38.651 4.651 0.000 2.648 37.648 33.647 43.646 42.646 65.645 62.644 0.000 0.000 4.637 65.637 11.637 0.000 24.757 54.756 66.756 45.756 51.756 74.756 51.755 33.754 57.754 80.753 114.752 80.751 60.749 108.748 98.747 73.746 42.745 28.744 99.743 67.742 39.741 29.740
0.000 0.000 0.000 30.650 50.258 49.755 49.221 48.668 48.091 47.487 47.851 47.192 45.434 45.012 42.438 52.652 52.599 40.360 41.981 39.602 23.563 4.561 0.000 0.000 0.000 0.000 0.000 43.649 12.649 0.000 0.000 0.000 25.650 57.651 35.651 33.652 39.652 2.653 0.000 38.649 36.648 42.647 43.646 65.645 61.644 0.000 0.000 25.637 72.637 8.637 0.000 26.757 57.757 60.757 41.757 41.757 87.757 122.756 71.756 39.755 55.754 102.752 62.751 29.750 95.749 82.747 40.746 32.745 25.744 106.743 70.742 42.741 43.740
0.000 0.000 31.259 48.577 52.042 50.517 49.982 49.431 48.861 49.267 47.659 46.960 46.621 44.050 53.088 52.802 41.861 42.711 41.711 32.061 12.809 0.000 0.000 0.000 0.000 0.000 0.000 39.649 13.649 0.000 0.000 0.000 0.000 0.000 0.000 38.653 35.654 34.654 36.653 38.651 34.649 42.648 44.646 56.644 52.643 14.640 33.638 66.637 17.637 0.000 0.000 26.758 53.758 59.758 45.759 30.759 32.758 57.758 44.757 26.756 44.755 99.753 55.752 21.750 92.749 77.748 35.746 31.745 27.744 105.743 70.742 42.741 33.740
0.000 30.531 43.940 53.357 51.817 51.289 50.758 50.215 50.653 50.083 48.425 48.138 45.574 54.028 53.507 43.526 44.527 42.408 29.601 0.000 0.000 0.000 0.000 0.000 0.000 0.000 0.000 0.000 13.649 0.000 0.000 0.000 0.000 0.000 0.000 0.000 42.656 52.655 63.654 51.652 40.650 44.648 41.646 46.644 39.642 58.640 76.638 64.636 10.636 0.000 0.000 25.758 51.759 56.759 62.760 60.760 48.760 38.759 51.758 83.757 102.756 123.754 103.752 86.751 120.749 113.748 95.747 55.745 28.744 103.743 75.742 47.740 34.739
27.601 39.122 53.614 53.094 52.579 52.065 51.546 52.013 51.475 49.852 49.603 47.055 55.255 54.620 45.094 46.246 47.188 25.444 0.000 0.000 0.000 0.000 0.000 0.000 0.000 0.000 0.000 0.000 0.000 0.000 0.000 0.000 0.000 0.000 0.000 0.000 40.658 44.658 62.656 21.653 1.651 51.649 42.647 45.644 41.642 29.639 48.636 63.635 50.634 9.633 0.000 0.000 16.760 59.760 61.762 54.762 42.762 51.761 102.760 93.759 74.757 75.755 76.753 76.751 76.750 77.748 79.747 50.745 30.744 102.743 78.742 41.740 35.739
31.080 54.740 54.301 53.827 53.341 52.847 52.343 51.838 51.249 51.034 48.505 56.593 55.916 46.562 47.781 46.773 42.262 1.726 0.000 0.000 0.000 0.000 0.000 0.000 0.000 0.000 0.000 0.000 0.000 0.000 0.000 0.000 0.000 0.000 0.000 0.000 41.662 52.661 36.660 0.000 5.652 48.650 45.648 12.645 2.641 33.637 47.635 62.633 59.632 28.632 0.000 0.000 0.000 0.000 28.766 43.765 27.765 88.764 89.762 38.760 44.758 86.756 57.754 29.752 75.750 65.748 45.747 43.745 34.744 102.743 73.742 30.740 31.739
48.898 56.459 55.022 54.571 54.110 54.637 53.165 52.612 52.437 49.934 57.967 57.277 46.937 49.190 48.185 48.565 17.905 0.000 0.000 0.000 0.000 0.000 0.000 0.000 0.000 0.000 0.000 0.000 0.000 0.000 0.000 0.000 0.000 0.000 0.000 8.670 61.667 59.664 63.662 60.659 56.655 56.652 50.649 9.646 2.641 33.635 46.632 64.630 71.630 34.631 0.000 0.000 0.000 0.000 22.770 35.769 55.768 102.766 65.765 25.763 93.760 94.757 43.754 30.752 51.750 107.748 66.747 34.745 34.744 97.743 115.741 102.740 107.738
58.593 56.176 55.756 55.327 54.886 56.448 53.932 53.803 51.338 59.358 58.660 42.245 46.454 50.515 46.984 24.265 0.000 0.000 0.000 0.000 0.000 0.000 0.000 0.000 0.000 0.000 0.000 0.000 0.000 0.000 0.000 0.000 0.000 0.000 0.000 60.673 59.670 60.668 62.664 61.661 59.657 60.654 53.651 8.648 0.000 34.631 46.627 69.625 42.627 0.000 0.000 0.000 0.000 20.777 50.774 29.773 94.771 88.769 32.767 88.765 101.763 50.758 38.755 41.752 36.750 67.748 106.747 63.745 26.744 97.743 100.742 74.740 16.737
49.272 55.896 56.501 56.091 55.683 55.198 55.113 52.688 60.712 60.059 25.476 30.656 33.542 52.214 35.838 0.000 0.000 0.000 0.000 0.000 0.000 0.000 0.000 50.162 39.162 0.000 0.000 0.000 0.000 0.000 0.000 0.000 0.000 0.000 0.000 37.678 31.675 34.671 38.667 33.663 32.659 31.656 33.652 37.648 31.643 24.632 39.621 18.615 0.000 0.000 0.000 0.000 0.000 22.779 45.778 36.776 37.774 37.772 29.770 50.768 51.767 0.000 0.000 12.750 42.749 35.748 57.747 50.746 32.745 65.743 13.742 0.000 11.736
27.988 43.634 56.257 58.877 56.415 56.361 53.943 61.836 61.316 34.635 0.000 43.994 0.000 55.834 24.337 0.000 0.000 0.000 0.000 0.000 0.000 0.000 0.000 57.163 51.162 0.000 0.000 0.000 0.000 0.000 0.000 0.000 0.000 23.716 0.000 38.686 34.681 34.675 34.670 34.665 34.661 34.657 34.654 36.651 14.648 0.000 9.609 40.598 10.588 0.000 0.000 0.000 23.785 54.784 42.782 41.780 33.778 34.776 34.773 32.771 46.770 6.770 0.000 0.000 13.748 38.747 33.746 46.746 45.745 0.000 0.000 0.000 11.735
19.751 27.394 50.036 54.611 57.569 55.109 62.615 62.268 41.520 17.326 0.000 60.646 58.548 44.961 0.000 0.000 0.000 0.000 0.000 0.000 0.000 0.000 60.169 66.164 37.160 0.000 0.000 0.000 0.000 0.000 0.000 0.000 0.000 40.716 38.710 35.698 34.689 31.678 35.671 35.666 35.662 35.658 35.655 38.653 11.651 0.000 0.000 38.581 38.577 8.572 0.000 0.000 8.787 41.787 34.786 33.785 32.782 32.779 32.776 32.772 33.771 42.770 0.000 0.000 0.000 6.746 39.746 42.746 40.745 0.000 0.000 0.000 35.734
23.534 34.166 38.789 36.689 48.245 63.022 62.867 46.507 25.269 18.771 0.000 40.371 53.038 26.499 0.000 0.000 0.000 0.000 48.211 54.208 46.201 44.187 53.173 46.164 36.156 0.000 0.000 0.000 0.000 0.000 0.000 0.000 0.000 38.722 35.716 34.708 8.698 0.000 40.671 34.667 34.663 34.659 34.656 35.653 9.652 0.000 0.000 39.568 38.568 9.567 0.000 0.000 38.790 34.792 34.792 34.790 33.787 33.782 37.779 0.000 4.771 7.770 0.000 0.000 0.000 0.000 39.745 34.745 34.745 35.745 0.000 7.734 37.734
35.278 48.917 24.633 23.506 63.087 63.084 49.502 36.227 32.563 37.402 0.000 7.431 42.735 0.000 0.000 0.000 0.000 44.218 48.214 50.211 48.208 0.000 0.000 0.000 48.142 32.129 0.000 0.000 0.000 0.000 0.000 0.000 6.743 48.734 45.725 20.718 0.000 0.000 53.673 39.669 35.664 34.658 38.655 15.654 0.000 14.547 52.549 33.556 37.559 9.561 0.000 0.000 0.000 39.798 34.798 38.797 5.796 0.000 0.000 0.000 0.000 0.000 0.000 0.000 0.000 0.000 39.745 34.745 34.745 39.745 0.000 0.000 11.734
55.986 44.570 24.634 20.132 63.050 24.544 30.270 32.496 36.171 54.754 64.204 52.188 0.000 0.000 0.000 0.000 42.224 36.221 42.217 57.214 56.212 0.000 0.000 0.000 0.000 49.115 0.000 0.000 0.000 34.790 0.000 0.000 50.752 49.744 55.734 48.721 13.706 67.693 64.680 62.672 60.664 52.657 33.652 20.653 0.000 28.544 81.544 35.548 36.552 10.556 0.000 0.000 0.000 44.806 30.805 35.804 6.803 0.000 0.000 0.000 0.000 0.000 0.000 0.000 0.000 35.745 37.745 39.745 33.745 38.745 0.000 0.000 8.733
64.574 51.670 33.971 62.645 20.570 22.356 21.523 21.163 30.729 58.262 53.669 24.928 0.000 0.000 41.233 7.232 49.228 41.224 52.221 47.216 26.214 0.000 0.000 0.000 0.000 53.102 29.097 0.000 0.000 30.790 38.790 42.784 44.769 46.758 36.745 33.724 41.706 41.693 61.683 44.674 38.664 36.653 16.643 0.000 4.550 23.541 91.537 47.540 13.543 0.000 0.000 0.000 2.813 57.813 30.812 37.811 9.809 0.000 0.000 0.000 0.000 0.000 0.000 0.000 14.745 37.745 52.745 50.745 43.745 2.745 0.000 0.000 9.733
62.631 60.874 62.217 39.503 27.406 23.548 23.183 21.757 28.344 43.892 39.281 0.000 0.000 0.000 44.235 65.234 60.231 61.228 43.224 0.000 0.000 0.000 0.000 0.000 44.089 35.093 27.093 0.000 0.000 0.000 42.797 46.792 46.782 46.773 30.766 0.000 37.699 38.692 62.685 48.676 42.665 28.647 35.624 50.592 70.558 59.534 83.521 48.533 12.538 0.000 0.000 0.000 0.000 55.823 31.820 32.817 37.815 0.000 0.000 0.000 0.000 0.000 0.000 0.000 0.000 7.745 56.745 53.745 6.745 0.000 0.000 0.000 5.733
60.712 62.159 61.362 60.374 42.518 22.165 22.749 23.364 21.994 24.683 0.000 0.000 0.000 0.000 60.238 50.237 48.235 44.232 0.000 0.000 0.000 0.000 0.000 45.084 36.085 32.086 15.090 0.000 0.000 0.000 42.810 50.804 59.795 58.786 60.780 48.781 0.000 6.690 65.688 49.681 23.674 0.000 38.615 48.592 75.558 37.516 21.479 0.000 0.000 0.000 0.000 0.000 8.843 46.835 33.828 34.822 37.818 10.815 0.000 0.000 0.000 0.000 0.000 0.000 0.000 0.000 13.745 14.745 0.000 0.000 0.000 0.000 6.733
62.165 61.142 63.254 63.417 47.087 23.685 26.313 25.949 23.587 24.163 0.000 40.246 0.000 6.244 54.242 54.242 61.241 0.000 0.000 19.153 7.152 0.000 0.000 40.083 34.081 28.078 0.000 0.000 0.000 0.000 40.828 41.819 43.807 42.796 40.787 32.782 0.000 0.000 67.696 53.687 38.675 1.656 37.629 48.603 72.566 28.494 24.399 7.333 0.000 0.000 0.000 0.000 8.851 53.845 32.836 34.827 34.819 35.813 39.808 11.807 0.000 0.000 0.000 0.000 0.000 0.000 0.000 0.000 0.000 0.000 0.000 0.000 0.000
61.853 64.052 63.243 63.942 37.560 28.205 47.861 41.534 23.243 0.939 0.000 37.246 52.246 57.245 43.246 64.247 56.246 0.000 0.000 33.153 64.152 16.148 0.000 41.085 35.077 32.068 0.000 0.000 48.911 44.889 40.856 42.836 47.819 47.804 45.791 56.777 48.758 8.737 67.712 59.696 59.681 51.664 32.644 50.626 58.610 0.000 27.291 10.268 0.000 0.000 0.000 0.000 18.866 57.856 29.845 31.830 32.817 33.810 38.806 10.805 0.000 0.000 0.000 0.000 0.000 0.000 0.000 0.000 0.000 0.000 0.000 0.000 0.000
