results3_8e3_rain/res_3e8f-0085.wd
ncols         241
nrows         181
xllcorner     12693529.787448
yllcorner     3542525.717860
cellsize      155.156523
NODATA_value  -9999.000000
[rows 99 to 131 of 181, columns 73 to 145 of 241]
55.330 55.316 55.303 54.291 54.281 59.271 62.261 59.250 55.243 55.240 49.239 5.240 0.000 0.000 0.000 0.000 0.000 11.162 69.283 94.307 92.339 91.524 98.248 98.174 91.275 91.968 91.810 91.696 92.587 92.484 91.390 95.309 54.251 0.000 0.000 0.000 0.000 0.000 0.000 19.405 45.312 57.128 24.814 6.632 36.570 39.494 37.402 41.274 37.998 35.545 5.129 29.841 33.680 48.563 54.482 57.424 55.382 50.352 43.332 38.321 33.315 11.307 0.000 0.000 0.000 0.000 5.182 23.181 35.181 59.180 60.180 60.179 60.179
55.347 55.334 54.322 52.310 56.299 61.289 62.277 62.258 56.248 53.243 58.241 58.241 19.241 0.000 14.385 44.351 21.291 0.958 57.592 97.499 92.767 92.796 98.311 90.603 92.386 92.035 91.943 91.826 91.715 91.610 93.516 92.438 28.384 0.000 0.000 0.000 0.000 0.000 0.000 23.612 29.543 40.465 0.000 0.000 31.748 39.684 38.579 42.423 42.175 12.860 0.000 24.749 38.658 43.545 64.477 65.429 65.394 66.368 67.350 65.339 46.334 0.000 0.000 0.000 0.000 0.000 0.000 22.179 35.177 59.176 60.176 60.175 60.174
55.363 54.351 54.339 57.328 60.318 61.309 36.302 0.270 29.246 65.244 38.242 12.241 4.241 0.000 25.419 75.378 72.292 64.135 82.878 93.990 90.965 98.398 91.897 92.700 92.261 92.191 92.069 91.953 91.836 92.725 90.627 78.542 25.463 0.000 0.000 0.000 0.000 0.000 27.065 33.889 31.783 32.723 5.763 0.000 37.991 55.915 48.809 43.663 18.419 0.000 0.000 7.749 0.000 37.481 62.453 66.423 64.397 64.376 64.361 66.351 39.347 33.350 33.351 39.351 0.000 0.000 0.000 0.000 34.173 59.173 60.172 60.171 60.170
54.379 53.368 58.357 61.346 61.335 61.326 26.321 0.000 0.000 8.244 0.000 0.000 0.000 0.000 18.494 81.449 87.365 95.243 95.143 92.235 98.765 98.538 91.874 92.581 92.428 92.314 92.198 92.078 91.953 97.826 47.725 15.641 0.000 0.000 0.000 0.000 0.000 18.394 36.242 32.096 31.977 30.882 36.803 2.669 31.309 57.178 56.077 54.003 0.000 0.000 0.000 0.000 0.000 35.445 64.432 68.414 65.395 64.379 62.367 51.358 32.354 28.353 29.352 13.352 0.000 0.000 0.000 0.000 30.170 59.169 60.168 60.168 56.166
53.394 59.385 61.374 61.363 59.352 65.341 35.334 0.000 0.000 0.000 0.000 0.000 0.000 0.000 29.613 87.559 90.483 94.334 93.537 93.523 98.968 91.277 92.979 92.650 92.559 92.445 92.331 96.210 102.071 56.901 25.805 0.768 0.000 0.000 0.000 0.000 19.670 42.546 36.413 29.276 34.147 38.024 34.900 32.747 46.547 50.411 40.319 48.268 0.000 0.000 0.000 0.000 0.000 41.422 65.415 70.405 69.392 65.379 60.368 29.361 27.357 28.355 35.354 0.000 0.000 0.000 0.000 24.167 28.167 57.166 60.165 60.164 54.163
60.411 61.402 61.392 60.380 38.367 4.350 23.342 25.342 0.000 0.000 0.000 0.000 0.000 20.904 73.785 87.700 90.591 92.729 93.715 99.323 99.153 92.263 92.961 92.797 92.687 92.577 96.469 58.360 18.222 0.000 35.798 21.793 0.000 0.000 0.000 0.000 27.794 61.708 52.586 47.450 42.310 43.169 41.025 41.873 54.720 48.600 32.520 34.482 0.000 0.000 0.000 0.000 0.000 41.406 69.403 34.399 32.389 64.375 67.367 37.361 28.358 33.356 3.355 0.000 0.000 0.000 0.000 0.000 24.165 42.163 58.163 61.162 54.161
61.428 61.422 57.412 61.398 43.388 0.000 14.341 44.341 0.000 0.000 0.000 0.000 11.123 73.023 86.925 92.837 92.795 92.921 99.628 99.480 91.609 93.378 93.023 92.931 92.815 92.707 96.609 68.539 0.525 0.000 5.796 8.794 0.000 0.000 0.000 0.000 15.004 46.907 51.774 61.628 57.475 45.317 48.157 57.001 51.860 39.750 31.680 32.659 6.715 7.729 0.000 0.000 0.000 39.393 73.391 0.000 0.000 13.368 60.364 50.360 31.357 10.356 0.000 0.000 0.000 0.000 0.000 0.000 0.000 21.160 47.160 57.159 50.158
59.448 56.445 55.436 71.411 50.400 0.000 13.341 41.341 0.000 0.000 0.000 5.299 69.223 82.140 92.061 94.931 94.162 92.177 99.764 90.933 92.701 89.255 91.178 93.053 92.938 93.826 87.722 77.650 25.639 0.000 0.000 0.000 0.000 0.000 0.000 2.646 37.312 42.141 41.976 43.812 52.645 55.469 58.285 52.114 38.969 32.860 31.790 30.758 34.757 19.743 0.000 0.000 0.000 28.382 65.379 31.371 20.367 12.364 55.360 61.357 41.355 0.000 0.000 0.000 0.000 0.000 0.000 0.000 0.000 16.158 40.158 45.157 32.156
53.470 62.475 58.477 0.000 0.399 0.000 4.341 4.341 0.000 0.000 0.000 6.376 85.328 87.263 95.164 94.317 93.325 100.004 99.889 92.899 92.581 92.418 92.296 91.177 92.057 93.936 50.805 1.732 0.000 0.000 0.000 0.000 0.000 6.428 23.226 37.893 48.591 45.368 44.177 41.000 41.823 44.628 56.402 57.202 49.041 37.932 30.863 30.826 32.813 0.000 0.000 0.000 0.000 13.374 55.371 33.368 29.365 29.362 61.357 64.354 47.351 10.348 0.344 43.343 0.000 0.000 0.000 0.000 0.000 19.157 43.156 38.155 24.155
54.492 64.506 51.520 0.000 0.000 0.000 1.341 13.341 0.000 0.000 0.000 72.501 82.453 94.385 94.368 93.498 100.208 100.109 92.225 93.994 93.640 93.542 93.419 93.299 95.178 45.057 0.000 0.000 0.000 0.000 0.000 0.000 21.899 38.629 51.358 47.064 45.791 45.562 45.365 46.189 44.018 42.819 16.491 35.252 60.062 41.963 29.904 32.870 30.857 18.865 0.000 0.000 0.000 14.370 47.365 25.363 0.000 0.000 17.351 54.350 43.348 52.346 59.344 18.344 0.000 0.000 0.000 0.000 0.000 0.000 34.154 32.153 25.153
52.511 56.539 55.577 31.625 0.000 0.000 0.000 0.000 0.000 0.000 25.791 85.674 92.595 94.500 94.644 92.750 100.298 92.526 94.301 93.861 93.787 93.661 94.542 95.420 57.299 0.000 0.000 0.000 0.000 0.000 0.000 41.522 52.168 47.832 46.514 46.214 45.948 45.722 45.533 45.374 45.240 54.142 0.000 0.000 27.993 36.955 28.919 37.894 37.881 19.873 0.000 0.000 0.000 0.000 31.357 68.355 36.351 0.000 10.347 55.347 49.345 40.344 40.343 0.000 0.000 0.000 0.000 0.000 0.000 0.000 13.152 24.152 25.152
64.520 2.561 58.624 56.674 45.735 4.778 0.000 0.000 0.000 17.007 75.909 89.811 95.727 94.691 93.827 100.452 100.379 93.480 94.172 94.016 93.900 94.785 96.664 57.542 0.000 0.000 0.000 0.000 0.000 28.713 39.409 50.876 47.421 47.016 43.652 43.331 43.064 43.847 45.672 45.532 48.427 25.365 0.000 0.000 7.962 32.944 31.924 49.908 45.899 0.000 0.000 0.000 0.000 0.000 15.351 60.350 72.348 29.345 55.345 69.344 61.343 37.342 30.340 2.338 0.000 0.000 0.000 0.000 0.000 0.000 19.150 25.150 29.150
46.508 0.000 60.683 50.711 57.754 49.822 10.932 0.952 10.172 77.106 86.023 95.946 94.803 95.046 93.052 100.514 92.781 94.567 94.222 94.133 95.019 95.914 49.789 0.000 0.000 0.000 0.000 0.000 41.358 52.018 49.638 48.151 49.626 49.157 54.748 59.395 54.131 46.930 40.775 44.656 50.572 8.528 0.000 0.000 3.949 35.936 36.924 58.914 46.909 0.000 0.000 0.000 0.000 0.000 3.347 55.346 64.345 69.343 65.342 65.342 69.341 53.340 32.338 33.337 2.335 0.000 0.000 0.000 0.000 21.149 26.149 24.149 29.149
0.000 0.000 28.716 79.731 42.750 0.000 0.000 15.331 75.281 80.218 94.150 95.021 95.267 93.169 100.601 93.048 94.852 94.423 94.360 95.244 92.133 47.061 0.000 0.000 0.000 0.000 0.000 44.020 51.698 49.363 48.975 52.463 26.776 5.240 7.786 24.371 50.135 51.968 52.841 44.745 45.679 6.645 0.000 0.000 0.000 16.929 34.922 41.916 40.913 0.000 0.000 0.000 0.000 0.000 3.344 46.343 59.342 64.341 65.340 66.340 62.339 58.338 43.337 31.335 35.334 41.333 0.000 0.000 0.000 0.000 24.148 25.147 27.147
0.000 0.000 5.732 80.749 67.763 0.000 0.000 22.449 83.404 91.344 95.251 96.407 96.407 100.935 100.731 94.003 94.714 94.570 94.467 89.359 79.209 30.135 0.000 0.000 0.000 32.867 41.686 53.343 50.050 49.763 53.435 30.949 0.000 0.000 0.000 10.167 48.071 44.967 48.875 54.803 54.754 32.729 0.000 0.000 0.000 0.000 36.918 30.916 37.914 0.000 0.000 0.000 0.000 0.000 8.341 33.340 50.340 64.339 59.338 52.338 54.338 15.337 40.336 49.334 42.333 38.332 0.000 0.000 0.000 0.000 0.000 19.146 24.146
0.000 0.000 0.000 8.770 57.791 0.549 10.710 76.613 88.542 95.475 95.449 95.588 101.304 101.124 93.302 95.095 94.756 94.680 87.586 53.515 0.000 0.000 0.000 5.363 51.260 45.048 52.849 50.616 50.396 51.202 29.055 0.000 0.000 0.000 0.000 9.059 51.015 44.953 44.891 46.840 50.804 52.788 4.802 0.000 0.000 0.000 17.916 36.915 11.915 0.000 0.000 0.000 0.000 0.000 1.338 29.338 40.338 47.337 39.337 36.336 1.337 0.000 0.000 33.332 37.331 46.331 0.000 0.000 0.000 0.000 0.000 13.145 24.145
0.000 0.000 0.000 0.000 0.000 10.893 79.824 84.748 95.683 95.568 96.811 96.847 101.472 93.612 95.385 94.948 94.883 84.776 73.685 37.600 0.000 0.000 0.000 45.466 67.369 52.215 44.048 51.875 49.718 52.595 22.528 0.000 0.000 0.000 4.983 39.997 46.976 45.938 45.897 42.861 38.834 40.819 2.816 0.000 0.000 0.000 0.000 43.914 0.000 0.000 0.000 0.000 0.000 0.000 1.336 31.336 30.336 29.335 27.335 33.334 0.000 0.000 0.000 8.331 31.330 49.329 0.000 0.000 0.000 0.000 0.000 0.000 17.144
0.000 0.000 0.000 0.000 0.000 82.996 81.944 95.881 95.790 96.952 96.986 101.778 101.629 94.569 96.248 94.086 79.966 68.867 42.776 0.000 0.000 0.000 39.827 57.667 57.535 64.395 52.253 42.118 48.004 57.932 60.935 24.090 0.000 0.000 3.970 51.969 45.953 45.928 44.899 40.872 34.851 35.838 1.826 0.000 0.000 0.000 0.000 16.913 24.912 0.000 0.000 0.000 0.000 0.000 9.335 33.335 27.334 28.333 28.333 30.332 13.331 0.000 0.000 0.000 18.328 39.327 17.326 0.000 0.000 0.000 0.000 0.000 12.144
0.000 0.000 0.000 0.000 22.245 83.150 95.078 96.011 96.987 99.140 102.055 101.919 93.886 95.644 92.290 81.185 70.033 41.950 0.000 0.000 0.000 42.133 62.986 48.842 40.707 54.577 66.452 54.340 57.250 58.195 45.190 51.244 30.314 0.000 11.959 43.954 39.941 46.922 41.900 33.878 32.863 36.854 0.000 0.000 0.000 0.000 0.000 3.912 43.912 0.000 0.000 0.000 0.000 0.000 0.000 15.333 30.332 28.332 28.331 28.331 36.330 0.000 0.000 0.000 0.000 20.325 31.325 37.324 0.000 0.000 0.000 0.000 0.000
0.000 0.000 0.000 0.000 65.341 91.279 97.216 96.101 96.344 94.397 102.184 94.177 95.936 90.499 79.427 54.302 0.000 0.000 0.000 0.000 42.412 63.281 50.144 39.007 38.876 40.753 51.639 66.540 57.461 42.408 50.384 52.384 26.384 0.000 8.953 68.948 55.936 44.919 38.899 34.879 31.867 32.861 26.861 0.000 0.000 0.000 0.000 0.000 22.912 0.000 0.000 0.000 0.000 0.000 0.000 0.000 32.331 28.330 28.330 28.330 30.329 14.328 0.000 0.000 0.000 1.324 28.324 31.324 0.000 0.000 0.000 0.000 0.000
0.000 0.000 0.000 68.608 65.497 71.418 86.321 97.479 94.522 102.426 102.308 95.111 90.793 79.641 58.531 0.000 0.000 24.346 0.000 0.000 67.543 50.434 39.301 40.167 39.038 41.919 55.812 64.720 65.646 49.592 45.556 56.525 30.454 0.000 0.000 0.000 12.936 0.000 0.000 4.870 35.866 42.863 43.862 29.861 0.000 0.000 0.000 0.000 0.000 0.000 0.000 0.000 0.000 0.000 0.000 0.000 32.329 31.329 34.329 29.329 26.328 35.328 0.000 0.000 0.000 8.323 42.323 47.323 0.000 0.000 0.000 0.000 0.000
0.000 0.000 7.813 69.718 66.626 67.544 77.512 93.664 102.650 102.539 94.396 91.157 78.824 52.745 0.000 0.000 41.406 40.346 22.228 6.047 55.784 39.610 40.459 39.320 40.191 55.074 60.970 24.882 15.810 67.758 53.723 31.704 0.000 0.000 0.000 0.000 0.000 0.000 0.000 1.867 53.865 47.863 44.862 40.861 0.000 0.000 0.000 0.000 0.000 0.000 0.000 0.000 0.000 0.000 0.000 20.327 29.328 4.328 0.000 4.328 29.328 33.327 0.000 0.000 0.000 10.323 46.323 15.323 0.000 0.000 0.000 0.000 0.000
0.000 82.984 70.907 67.825 65.749 66.625 67.860 71.914 102.756 93.639 89.397 78.984 52.939 0.000 0.000 0.000 45.466 43.405 63.290 47.129 39.937 40.764 39.607 42.464 62.333 59.216 40.113 36.026 40.957 68.906 65.876 29.864 0.000 0.000 0.000 0.000 0.000 0.000 0.000 1.865 60.863 60.862 55.861 46.860 0.000 0.000 0.000 0.000 0.000 0.000 0.000 0.000 0.000 0.000 0.000 32.327 34.327 0.000 0.000 0.000 32.327 33.327 0.000 0.000 0.000 0.000 17.323 0.000 0.000 0.000 0.000 0.000 0.000
0.000 81.062 95.006 86.936 71.838 72.990 65.030 102.958 102.859 72.515 77.194 53.091 0.000 0.000 0.000 0.000 47.588 60.519 58.399 40.244 40.070 39.900 50.741 62.595 51.462 40.343 40.240 40.153 41.085 50.036 68.009 64.013 25.070 0.000 0.000 0.000 0.000 0.000 0.000 0.000 46.862 48.861 60.860 61.860 17.859 0.000 0.000 0.000 0.000 0.000 0.000 0.000 0.000 0.000 24.326 34.326 11.326 0.000 0.000 0.000 33.326 31.326 0.000 0.000 0.000 0.000 0.000 0.000 0.000 0.000 0.000 0.000 0.000
17.290 94.195 97.120 97.047 92.015 82.164 103.150 103.054 64.640 59.432 0.000 0.000 0.000 0.000 0.000 0.000 58.778 63.683 39.543 41.377 41.200 53.027 61.863 43.712 40.576 40.455 40.350 40.262 40.193 40.142 49.113 69.107 62.128 36.161 27.174 31.177 0.173 0.000 0.000 0.000 0.000 26.860 66.859 66.859 27.858 0.000 0.000 0.000 0.000 0.000 0.000 0.000 0.000 0.000 13.326 12.326 0.000 0.000 0.000 0.000 13.326 40.326 0.000 0.000 0.000 0.000 0.000 0.000 0.000 0.000 0.000 0.000 0.000
87.386 97.307 97.238 97.118 101.355 92.406 103.244 64.691 67.352 62.129 0.000 0.000 0.000 0.000 0.000 52.265 64.063 40.893 41.712 41.521 49.328 62.143 39.972 40.816 40.676 40.551 40.444 40.354 40.282 40.228 40.193 44.175 45.174 40.181 41.184 48.180 30.180 0.000 0.000 0.000 0.000 0.000 21.859 57.858 20.858 0.000 0.000 0.000 0.000 0.000 0.000 0.000 0.000 0.000 0.000 0.000 0.000 0.000 0.000 0.000 0.000 0.000 0.000 0.000 0.000 0.000 0.000 0.000 0.000 0.000 0.000 0.000 0.000
93.484 93.418 97.323 98.479 95.519 103.427 103.335 69.268 53.598 0.000 0.000 0.000 0.000 0.000 0.000 69.467 46.316 42.115 41.892 43.666 64.448 44.246 41.065 40.904 40.760 40.631 40.520 40.427 40.353 40.297 40.255 39.228 38.212 41.204 23.201 0.000 0.000 0.000 0.000 0.000 0.000 0.000 0.000 50.857 38.857 5.857 0.000 0.000 0.000 0.000 0.000 0.000 0.000 0.000 0.000 0.000 0.000 0.000 0.000 0.000 0.000 0.000 0.000 0.000 0.000 0.000 0.000 0.000 0.000 0.000 0.000 0.000 0.000
72.597 72.527 76.499 72.650 103.608 103.518 80.868 61.898 52.572 0.000 0.000 0.000 0.000 0.000 0.000 44.819 40.621 40.359 39.076 51.802 44.552 38.329 39.139 38.975 38.829 38.694 39.577 40.482 40.407 40.349 39.305 37.269 39.241 39.224 36.215 26.214 29.212 31.209 30.206 32.204 3.203 0.000 0.000 0.000 47.856 19.856 0.000 0.000 0.000 0.000 0.000 0.000 0.000 0.000 0.000 0.000 0.000 0.000 0.000 0.000 0.000 0.000 0.000 0.000 0.000 0.000 0.000 0.000 0.000 0.000 0.000 0.000 0.000
87.712 109.596 74.838 104.890 103.696 63.521 54.065 0.000 67.498 25.666 0.000 0.000 0.000 0.000 88.838 67.369 37.989 45.626 56.249 54.916 50.627 48.379 48.188 48.030 46.885 40.740 36.613 40.517 40.444 40.389 39.344 39.304 43.260 43.235 44.222 54.216 54.212 50.209 43.205 42.203 21.202 0.000 0.000 0.000 6.856 12.856 0.000 0.000 0.000 0.000 0.000 0.000 0.000 0.000 0.000 0.000 0.000 0.000 0.000 0.000 0.000 0.000 0.000 0.000 0.000 0.000 0.000 0.000 0.000 0.000 0.000 0.000 0.000
135.795 114.387 112.428 103.860 103.780 91.625 0.000 34.234 62.234 135.836 111.351 0.000 36.443 25.875 87.307 46.831 44.341 115.905 106.380 101.986 101.662 100.374 99.203 98.070 96.943 67.767 34.618 40.528 40.465 40.418 40.380 32.342 0.000 0.000 0.000 0.000 0.000 0.000 7.203 59.202 38.201 9.199 0.000 0.000 0.000 0.000 0.000 0.000 0.000 0.000 0.000 0.000 0.000 0.000 0.000 0.000 0.000 0.000 0.000 0.000 0.000 0.000 0.000 0.000 0.000 0.000 0.000 0.000 0.000 0.000 0.000 0.000 0.000
93.967 113.549 104.008 103.935 88.193 0.000 0.000 0.000 5.368 57.094 44.866 0.000 18.011 0.000 46.685 43.308 52.640 108.272 0.000 0.000 0.000 44.250 53.181 114.106 27.049 0.000 44.565 40.513 40.470 41.437 23.417 0.000 0.000 0.000 0.000 0.000 0.000 0.000 0.000 12.200 59.199 15.198 0.000 0.000 0.000 0.000 0.000 0.000 0.000 0.000 0.000 0.000 0.000 0.000 0.000 0.000 0.000 0.000 0.000 0.000 0.000 0.000 0.000 0.000 0.000 0.000 0.000 0.000 0.000 0.000 0.000 0.000 0.000
114.726 112.776 104.076 112.691 114.537 34.825 0.000 12.777 39.777 49.306 26.153 2.783 39.579 85.120 83.439 76.074 0.000 27.272 0.000 5.195 27.195 55.195 100.165 63.126 28.097 0.000 0.000 46.488 40.463 41.445 22.434 0.000 0.000 0.000 0.000 0.000 0.000 0.000 0.000 0.000 6.197 45.197 10.196 0.000 0.000 0.000 0.000 0.000 0.000 0.000 0.000 0.000 0.000 0.000 0.000 0.000 0.000 0.000 0.000 0.000 0.000 0.000 0.000 0.000 0.000 0.000 0.000 0.000 0.000 0.000 0.000 0.000 0.000
112.863 104.198 104.139 93.201 35.965 0.000 0.000 0.000 1.337 27.200 0.000 0.000 32.740 76.342 129.878 65.476 0.000 0.000 0.000 0.000 0.000 69.171 104.157 34.136 31.116 0.000 0.000 0.000 45.452 39.445 37.440 35.440 23.440 0.000 0.000 0.000 0.000 0.000 0.000 0.000 1.196 59.195 17.195 0.000 0.000 0.000 0.000 0.000 0.000 0.000 0.000 0.000 0.000 0.000 0.000 0.000 0.000 0.000 0.000 0.000 0.000 0.000 0.000 0.000 0.000 0.000 0.000 0.000 0.000 0.000 0.000 0.000 0.000
