results3_8e3_rain/res_3e8f-0147.wd
ncols         241
nrows         181
xllcorner     12693529.787448
yllcorner     3542525.717860
cellsize      155.156523
NODATA_value  -9999.000000
[rows 132 to 164 of 181, columns 0 to 72 of 241]
95.576 100.575 104.575 104.574 106.573 106.572 100.570 91.569 77.566 66.564 65.561 66.558 65.554 64.550 69.546 83.540 94.534 99.527 99.519 96.510 88.499 79.485 70.469 64.449 69.423 71.391 70.355 71.315 69.280 64.249 78.218 101.188 68.163 0.000 0.000 0.000 7.913 59.907 71.901 68.880 70.864 76.855 94.854 80.859 64.867 63.878 63.892 75.907 96.924 37.943 10.965 5.999 0.000 0.000 0.000 0.000 0.000 0.000 0.000 0.000 0.000 0.000 2.352 0.352 27.353 7.280 11.207 52.111 74.970 78.872 78.765 88.852 116.319
73.580 75.580 78.579 84.578 94.577 100.576 105.575 105.573 98.570 84.568 73.565 67.562 71.558 78.554 91.549 106.544 105.537 102.530 102.522 105.513 105.501 101.488 89.472 77.453 69.431 64.404 65.376 64.345 65.317 73.291 95.268 103.249 15.237 0.000 0.000 0.000 17.920 45.927 63.953 72.949 73.937 70.923 71.926 81.931 76.936 69.942 73.950 81.960 94.971 35.985 22.004 28.033 8.064 0.000 0.000 0.000 0.000 0.000 0.000 0.000 0.000 0.000 0.000 0.000 9.432 0.000 59.232 81.155 77.037 86.011 77.075 116.440 105.200
65.584 65.584 65.584 67.583 72.582 76.580 83.579 92.577 100.575 103.572 97.569 95.566 97.562 100.558 99.553 92.548 83.542 81.535 81.526 86.517 92.506 99.494 102.479 101.462 90.442 80.420 75.397 73.374 82.351 98.332 99.315 85.303 18.298 0.000 0.000 0.000 0.000 0.000 47.036 74.027 53.010 40.976 55.995 71.001 86.004 90.005 92.007 93.010 89.016 16.023 3.031 31.065 28.094 16.126 22.144 16.153 0.000 0.000 0.000 0.000 0.000 0.000 43.653 13.603 79.511 101.448 134.304 90.279 85.333 66.292 102.358 106.879 106.788
66.589 66.589 66.588 66.587 65.586 64.585 66.584 71.582 77.580 87.577 97.574 99.571 92.567 82.563 76.558 68.553 64.547 64.540 64.532 66.523 71.513 77.501 84.488 96.473 101.456 103.438 102.419 98.401 101.383 94.368 76.357 68.351 47.354 5.376 0.000 0.000 0.000 0.000 40.129 73.112 16.101 0.000 49.078 74.075 93.072 101.068 87.063 90.058 76.058 34.061 0.085 58.103 27.122 19.140 30.153 30.162 1.182 0.000 0.000 0.000 0.000 30.757 49.704 122.645 151.568 134.451 118.007 116.954 108.626 107.268 107.146 107.018 72.240
66.594 66.594 66.593 66.592 66.591 66.590 66.589 65.587 65.585 68.582 74.579 73.576 69.572 65.568 65.563 65.558 66.552 66.546 66.539 66.530 65.521 64.510 66.498 72.485 79.471 88.456 96.441 92.426 81.413 69.401 65.393 70.389 78.391 54.399 32.405 32.395 18.369 19.321 55.237 76.193 26.180 8.194 68.163 100.151 102.142 81.132 84.119 83.102 71.097 60.102 11.112 39.122 13.151 1.181 14.166 1.177 3.202 1.206 0.000 0.000 0.000 11.813 74.759 80.679 76.668 77.828 75.804 107.593 107.491 107.383 74.583 77.362 79.236
66.599 66.599 66.598 66.598 66.597 66.596 66.594 66.592 66.590 66.588 65.585 65.582 65.578 66.574 66.569 66.565 66.559 66.553 66.546 66.538 66.530 66.520 66.510 65.499 64.487 65.475 69.462 67.451 66.440 70.432 73.425 72.422 70.422 72.423 72.421 69.411 69.390 73.356 48.306 34.244 23.231 41.238 86.231 100.222 80.212 73.199 72.179 52.135 48.124 11.140 0.000 0.000 1.309 3.324 0.000 0.000 7.224 22.210 37.172 7.113 21.035 83.892 90.882 88.955 86.942 88.024 107.784 107.690 88.825 95.617 88.473 94.248 86.091
66.604 66.604 66.604 66.603 66.602 66.601 66.600 66.598 66.596 66.594 66.591 66.588 66.584 66.580 66.576 66.571 66.566 66.561 66.555 65.548 72.540 74.532 66.523 65.513 64.503 65.493 67.483 70.474 73.466 72.459 67.455 68.452 75.450 78.449 74.447 68.439 65.426 74.407 5.388 0.000 8.263 81.296 90.300 77.295 69.285 89.272 35.262 0.000 0.000 1.356 2.400 2.404 2.386 3.376 0.000 0.000 32.260 74.235 103.195 64.136 97.025 105.186 102.151 101.243 108.045 107.962 107.875 100.907 102.786 102.486 101.349 100.282 18.201
66.610 66.610 66.610 66.609 66.608 66.607 66.606 66.604 66.602 66.600 69.597 69.594 67.591 71.587 69.583 66.579 66.574 66.569 65.564 63.558 74.551 82.544 68.536 65.528 67.520 70.511 72.504 71.496 68.490 70.486 75.482 77.480 78.479 78.478 73.476 67.472 76.466 95.458 14.452 0.000 0.000 55.382 78.379 75.372 79.360 99.344 33.335 0.000 2.419 2.408 2.421 2.427 2.410 4.418 0.000 30.369 82.322 98.275 101.211 106.215 103.385 100.378 108.273 108.201 108.126 100.213 101.000 101.875 101.558 101.532 94.465 71.374 0.000
66.616 66.616 66.616 66.615 66.614 66.613 66.612 66.611 66.609 67.607 74.604 74.601 51.598 19.593 40.589 70.586 64.583 67.579 73.574 76.568 76.562 72.556 68.549 69.543 72.536 71.529 70.523 72.518 76.513 76.510 78.508 77.507 68.507 63.508 65.508 78.508 97.507 107.508 29.509 0.000 0.000 30.470 86.464 88.454 95.437 94.411 30.399 0.000 2.430 0.459 1.471 2.471 0.000 8.467 34.463 78.424 100.351 103.374 102.469 102.476 101.572 108.410 108.343 100.414 101.216 102.080 101.869 101.726 101.685 93.620 85.579 0.000 0.000
66.622 66.622 66.622 66.621 66.621 66.620 66.619 66.618 66.616 68.614 77.612 88.609 64.605 1.602 7.595 55.594 81.592 73.588 71.584 71.579 69.574 68.569 70.563 72.557 70.552 66.547 68.542 80.538 82.535 72.534 66.533 63.534 63.535 68.538 82.540 98.544 95.548 79.555 51.569 19.599 13.600 57.564 86.552 68.544 59.525 51.462 16.451 0.620 0.533 21.523 12.518 2.516 0.000 27.522 78.503 100.429 102.633 101.632 101.746 108.600 108.540 108.476 100.473 102.360 102.074 101.950 101.897 101.826 95.752 82.691 72.655 0.000 0.000
66.629 66.628 66.628 66.628 66.627 66.626 66.626 66.625 66.623 68.622 78.620 65.617 21.612 3.613 0.000 23.605 77.602 69.599 71.595 70.591 68.586 71.582 72.577 69.572 66.568 62.564 72.560 86.558 73.556 63.556 64.557 69.559 79.563 90.567 101.572 94.578 72.587 67.597 86.611 93.629 94.636 98.634 73.637 34.646 6.655 0.000 0.803 0.818 0.000 34.533 21.543 1.601 32.625 78.572 100.602 102.800 101.824 108.767 108.714 108.659 100.737 101.538 102.429 102.129 102.115 102.057 101.984 102.895 90.817 61.734 50.694 8.694 2.694
65.635 65.635 66.634 66.634 66.634 66.633 66.633 66.632 66.631 69.630 79.629 50.628 0.000 9.624 47.624 49.618 66.614 68.610 56.606 38.603 76.599 71.595 67.591 66.587 64.583 66.580 82.577 85.576 67.576 70.577 82.580 91.584 100.589 98.595 86.603 72.612 65.622 81.635 85.651 73.668 54.683 52.698 40.717 20.746 9.794 3.894 1.948 21.976 16.989 0.000 0.000 26.692 78.735 101.849 102.878 100.996 108.868 108.818 100.898 101.711 102.590 102.398 102.277 102.255 102.203 102.154 105.085 68.956 48.886 0.000 0.000 0.000 0.000
74.642 72.642 69.641 67.640 64.640 64.640 64.640 64.640 63.639 68.638 80.638 63.638 44.639 52.634 70.632 66.628 63.624 69.621 64.618 51.615 71.611 65.608 64.605 64.601 66.598 80.595 88.593 54.593 46.594 96.597 101.602 96.608 85.615 75.623 67.632 63.643 74.656 86.671 54.689 29.709 12.731 3.757 20.788 19.829 9.880 10.945 13.993 42.016 26.003 0.000 0.000 58.974 101.011 100.141 109.007 108.962 108.916 100.933 102.828 102.554 102.448 102.418 104.376 99.326 101.297 102.270 113.248 0.000 0.000 0.000 0.000 0.000 0.000
75.650 77.649 83.647 84.646 84.647 81.648 82.648 81.648 80.647 80.647 82.646 65.646 69.645 68.643 65.641 68.638 68.635 67.632 72.630 74.627 68.624 62.621 64.619 66.616 80.613 85.610 74.608 68.608 77.610 100.615 83.622 74.630 66.639 64.649 66.659 65.672 79.687 88.704 52.724 28.748 16.776 18.809 21.850 13.899 14.955 21.013 23.063 16.093 0.000 0.000 37.218 79.233 109.128 109.090 109.050 101.165 101.972 102.872 102.581 102.578 103.537 103.492 76.449 54.388 89.387 103.381 108.390 48.447 0.000 0.000 0.000 0.000 0.000
68.658 62.656 15.651 17.650 26.654 73.655 70.656 70.656 70.656 74.655 83.655 64.654 65.653 64.652 67.650 71.648 72.645 70.643 69.641 72.639 73.637 70.635 64.632 81.630 87.627 78.624 84.621 101.620 98.623 80.630 68.642 64.652 66.663 66.673 65.685 70.699 86.715 88.734 80.756 83.783 54.815 16.855 8.905 7.963 20.026 27.090 17.150 14.204 6.228 32.375 80.395 109.199 109.165 101.306 102.116 103.004 102.817 102.704 102.689 103.643 101.603 95.564 20.543 0.000 71.481 106.478 103.484 102.504 0.000 0.000 0.000 0.000 0.000
66.668 58.668 0.000 0.000 8.664 69.664 65.664 65.664 65.664 69.664 83.663 61.662 65.662 69.660 71.659 72.658 69.656 66.654 64.653 66.651 76.650 89.648 84.646 85.645 62.642 56.638 108.632 94.630 61.632 21.642 41.663 69.675 66.686 66.697 68.709 61.724 45.741 35.761 47.784 87.812 63.846 16.891 11.950 7.023 16.095 21.170 15.248 20.316 20.397 58.512 109.250 100.494 104.234 103.139 102.954 102.844 102.821 102.786 103.745 103.709 68.670 44.616 30.615 33.621 84.579 105.564 101.565 92.580 10.614 0.000 0.000 0.000 0.000
66.678 66.680 49.685 0.000 9.673 70.673 66.673 66.673 65.673 66.672 81.672 68.671 71.671 73.670 72.669 67.668 64.666 65.665 65.664 64.663 74.662 97.662 93.661 80.660 73.658 64.653 40.640 29.634 16.633 0.000 22.693 71.699 66.708 68.719 51.731 25.747 10.764 7.784 49.808 66.834 35.866 7.913 10.982 16.083 23.162 19.248 13.354 6.454 9.757 57.745 109.315 103.383 103.144 102.967 102.952 102.917 102.878 102.841 100.806 91.776 24.753 0.000 41.680 100.670 105.649 103.636 97.632 87.637 5.647 0.000 0.000 0.000 0.000
63.687 65.688 62.690 0.000 5.682 70.682 65.682 63.682 65.681 69.681 73.681 72.680 72.680 70.679 64.678 65.678 65.677 66.676 66.676 71.675 89.675 88.675 81.676 90.676 88.677 59.678 0.000 0.000 0.000 0.000 20.717 71.721 66.728 69.739 40.751 2.767 36.784 62.805 82.828 51.851 3.871 0.054 0.108 5.165 15.220 15.310 15.434 9.707 6.474 109.500 109.410 102.288 103.135 103.037 103.004 102.966 102.930 104.895 89.863 72.835 32.813 8.803 56.756 86.730 95.711 104.697 93.690 82.689 4.691 0.000 0.000 0.000 0.000
70.695 68.696 57.696 0.000 56.692 64.691 66.691 70.690 71.690 72.690 70.689 71.689 69.689 65.689 65.688 66.688 66.688 65.687 67.687 90.687 89.688 71.689 84.690 82.692 86.696 84.703 47.721 3.732 12.739 42.741 47.736 67.739 66.746 66.756 61.769 53.784 70.802 69.823 63.847 85.872 33.895 0.065 0.124 9.191 14.246 12.331 13.439 37.601 62.003 109.584 104.615 104.363 104.104 103.091 103.052 103.016 103.981 101.947 56.916 33.887 45.862 46.840 100.810 102.785 82.766 92.752 87.743 60.739 25.738 0.000 0.000 0.000 0.000
71.703 72.703 69.703 57.705 71.701 71.700 71.699 72.699 72.699 73.699 85.698 67.698 65.698 65.698 66.698 66.698 66.698 67.698 81.698 92.699 67.700 71.701 98.704 90.707 78.711 81.718 84.728 68.737 73.743 88.747 81.749 69.753 62.761 62.771 73.783 89.799 76.817 48.839 20.865 75.896 64.941 14.015 17.086 22.165 18.240 9.332 11.403 52.686 104.932 109.662 101.594 104.246 105.175 103.138 103.101 103.065 96.030 85.997 42.965 13.936 22.909 23.884 84.858 126.835 107.816 83.801 75.791 54.785 63.783 16.783 0.000 2.950 6.950
76.710 76.710 72.710 72.710 72.709 73.708 73.708 69.708 66.707 65.707 28.707 18.707 69.707 66.708 66.708 66.708 65.708 68.709 92.709 78.710 63.712 69.714 86.716 103.720 98.724 95.730 93.737 89.744 85.750 84.755 92.759 89.765 83.773 79.783 82.795 86.810 48.829 12.851 11.877 27.908 23.956 9.019 18.078 28.143 24.219 15.322 8.479 51.728 109.808 109.737 104.487 106.331 103.219 103.187 104.149 100.113 84.078 77.044 83.013 88.983 72.955 94.928 109.903 126.881 135.861 119.846 81.835 86.828 61.825 0.000 0.000 0.000 0.000
15.717 16.717 76.716 71.717 71.717 66.716 63.716 65.716 60.716 13.716 13.716 2.716 70.717 66.717 66.717 66.718 66.718 84.719 91.720 64.721 66.723 66.725 69.728 75.731 77.736 77.741 73.746 76.752 92.758 85.763 76.768 79.774 86.782 90.792 93.804 90.819 65.837 30.859 13.883 12.904 0.000 2.028 13.063 22.111 6.164 0.000 21.678 81.921 109.876 101.830 105.555 105.292 103.276 103.234 104.196 99.160 86.124 52.091 59.058 102.028 112.999 144.971 135.946 107.923 95.903 112.887 91.875 85.867 60.864 0.000 0.000 0.000 0.000
2.724 11.724 25.721 80.724 65.724 63.725 65.725 65.725 66.725 13.725 4.725 59.726 67.726 66.726 66.727 66.728 68.728 92.729 77.731 63.732 66.734 66.736 66.739 65.742 65.746 65.751 64.756 71.761 100.766 79.771 10.776 18.782 30.790 81.799 91.810 75.824 80.842 67.866 19.892 16.920 1.959 7.001 20.035 12.073 0.000 0.000 39.838 110.008 109.943 104.712 106.452 102.360 103.320 103.281 103.242 103.205 90.169 53.135 68.102 105.071 101.041 135.012 129.986 98.962 103.941 89.924 70.910 88.902 66.900 0.918 0.000 0.000 0.000
64.733 60.733 0.000 72.733 82.733 83.733 64.733 76.733 83.733 59.734 57.734 67.735 66.735 66.736 66.737 66.737 85.738 89.739 64.741 66.742 65.744 64.747 66.750 66.753 66.756 66.760 65.765 73.769 102.774 83.778 29.784 2.789 53.796 78.804 91.814 70.826 60.842 19.869 12.898 15.926 13.955 21.983 26.002 0.049 0.000 18.759 81.008 110.071 101.968 105.690 105.431 103.410 103.366 103.326 103.287 104.249 95.213 84.178 107.145 132.112 120.081 137.052 134.024 127.999 134.976 100.956 77.941 87.931 95.928 24.934 0.000 0.000 0.000
66.741 65.742 60.744 66.742 65.741 13.741 87.741 79.741 66.742 67.742 67.743 66.743 66.744 66.745 66.746 69.747 92.748 75.749 65.751 66.752 72.755 80.757 66.760 64.763 66.766 65.770 68.773 92.777 100.781 75.786 63.790 51.795 73.801 72.807 33.814 18.823 15.833 0.000 4.908 4.929 5.953 6.975 8.989 0.000 21.823 78.974 101.142 110.132 102.931 103.573 103.494 103.452 103.410 103.369 103.330 104.292 95.256 78.220 74.186 107.152 97.120 111.089 114.060 102.032 104.007 75.984 52.966 66.953 133.947 86.947 21.950 11.950 33.951
66.749 66.749 66.750 66.749 66.749 60.749 76.749 92.750 68.750 65.751 66.752 66.752 66.753 66.754 65.755 88.757 90.758 64.759 66.760 67.762 64.764 26.767 85.770 80.773 67.776 65.779 83.782 102.786 86.789 66.793 66.797 67.801 70.805 74.809 11.814 12.818 0.000 1.893 16.897 0.000 0.000 0.000 0.000 0.000 44.939 102.110 110.247 110.191 102.815 103.649 103.532 103.495 103.452 103.412 103.372 102.334 87.297 89.261 109.226 128.191 127.158 132.126 137.094 124.064 122.035 109.008 57.985 55.970 131.960 95.955 33.952 26.951 91.951
66.756 66.756 66.756 66.756 66.756 66.757 66.757 77.758 92.758 68.759 65.760 66.761 66.762 64.764 72.765 93.766 73.767 65.769 67.770 65.771 7.774 4.777 73.780 74.782 80.785 79.788 87.791 86.794 67.797 65.800 67.803 70.806 75.809 75.811 0.000 0.000 0.000 3.889 27.889 14.887 15.886 14.886 0.000 6.075 53.202 107.329 110.303 102.155 103.868 103.602 103.581 103.535 103.494 103.453 103.413 103.375 89.337 85.301 106.265 107.229 107.195 110.161 110.128 109.095 114.061 87.026 62.999 77.980 92.968 31.962 0.000 0.000 35.951
66.763 68.763 68.763 66.763 66.764 66.764 66.765 66.766 77.767 92.768 68.769 63.770 63.771 80.773 92.774 86.776 63.777 66.778 62.779 8.778 5.784 59.787 66.789 66.792 72.794 89.797 89.799 82.802 75.804 67.807 54.809 24.812 89.814 69.816 0.000 0.000 0.000 2.884 16.885 9.885 23.885 12.885 0.000 6.242 26.328 110.411 110.357 103.023 103.756 103.661 103.619 103.575 103.534 103.493 103.453 104.415 99.377 89.340 84.303 83.267 83.231 83.196 83.161 87.126 61.087 5.039 31.002 86.983 82.971 43.964 5.960 0.000 34.951
67.770 4.770 5.768 66.770 65.771 64.772 64.773 63.774 63.775 76.776 91.777 84.779 91.780 93.782 80.783 64.785 71.787 71.789 59.790 0.000 7.796 70.798 66.800 68.801 92.803 99.805 77.807 68.810 75.812 82.814 70.816 6.818 49.820 67.821 0.000 0.000 0.000 3.880 9.881 6.884 20.884 0.000 0.000 6.347 11.677 110.463 108.275 103.987 103.728 103.703 103.657 103.614 103.572 103.532 103.492 103.454 104.416 103.378 101.341 100.304 100.267 101.231 103.195 77.160 19.123 0.000 15.990 71.978 102.968 93.961 66.957 42.953 59.952
66.778 65.778 0.778 65.779 76.779 80.780 84.781 89.782 92.783 93.784 93.786 93.787 79.789 66.791 82.793 99.795 100.797 100.800 93.803 71.809 6.808 67.808 65.810 74.811 102.813 89.814 66.816 65.817 67.819 70.821 61.823 6.824 26.826 26.828 0.000 0.000 0.000 9.873 4.877 0.000 3.884 0.000 14.338 15.606 6.303 110.513 112.225 107.862 103.782 103.738 103.694 103.651 103.610 103.570 103.530 103.492 103.454 103.416 103.378 103.340 104.301 107.265 79.230 12.195 0.000 4.894 0.000 16.970 72.963 103.957 94.953 70.950 47.951
66.785 68.786 64.788 66.786 81.787 80.787 76.788 72.789 71.791 67.792 88.794 78.796 89.798 80.800 96.802 92.804 85.807 86.810 97.812 103.816 92.817 93.818 85.819 93.821 101.822 74.823 65.824 66.825 66.827 65.828 65.829 67.831 62.833 11.836 71.843 62.849 1.855 3.862 0.000 0.000 0.000 5.266 83.330 80.539 110.606 110.560 106.102 106.930 103.812 103.773 103.729 103.687 103.647 103.607 103.568 103.530 103.492 103.455 103.417 105.377 110.334 79.298 19.264 0.000 0.000 1.894 0.894 0.000 13.956 64.950 99.947 49.945 0.000
68.792 4.792 63.793 66.793 66.794 66.794 65.795 66.797 68.798 66.800 78.802 73.804 82.806 93.809 81.811 66.814 67.817 68.819 69.822 74.825 87.826 97.828 103.829 101.830 90.831 66.832 66.833 66.833 66.834 66.835 67.836 90.837 63.838 3.841 67.844 17.849 11.854 4.858 0.000 0.000 0.000 15.232 103.439 105.646 110.650 104.435 104.141 103.875 103.853 103.806 103.764 103.722 103.682 103.643 103.605 103.567 103.530 103.494 105.457 90.417 44.360 11.329 0.000 3.894 1.894 21.894 28.894 0.000 0.000 35.940 97.939 49.938 0.000
69.798 2.799 63.799 66.800 66.800 66.801 66.802 67.804 5.806 65.808 69.810 80.812 80.815 88.817 93.820 79.823 64.826 64.829 64.832 66.834 68.836 69.838 70.839 70.840 69.840 68.841 64.841 64.841 65.842 66.842 77.842 91.842 62.843 56.844 58.845 0.000 0.000 4.858 0.000 0.000 0.000 19.305 102.423 110.734 110.692 103.292 104.021 103.925 103.882 103.839 103.797 103.756 103.717 103.678 103.641 103.604 103.568 103.533 108.500 64.474 0.000 0.000 1.896 0.000 1.894 16.894 23.894 0.000 0.000 38.932 98.931 57.930 0.000
