results3_8e3_rain/res_3e8f-0136.wd
ncols         241
nrows         181
xllcorner     12693529.787448
yllcorner     3542525.717860
cellsize      155.156523
NODATA_value  -9999.000000
[rows 66 to 98 of 181, columns 73 to 145 of 241]
70.525 34.514 0.000 59.659 76.638 75.608 75.581 0.000 46.988 46.972 59.985 55.995 54.975 54.930 53.863 129.766 117.596 0.000 0.000 0.000 50.356 45.296 50.206 53.146 53.097 55.052 56.010 60.961 61.917 62.869 53.816 0.000 0.000 51.101 101.101 83.013 86.872 86.956 85.006 92.928 85.411 85.888 86.625 85.396 85.172 85.966 55.809 0.000 0.000 0.000 0.000 0.000 0.000 0.000 38.839 36.816 36.778 36.727 36.665 36.601 40.533 53.460 50.387 35.313 46.238 55.165 34.093 37.023 42.954 47.886 43.819 37.753 35.689
55.527 61.503 0.000 47.877 71.842 70.814 64.817 17.902 0.000 0.000 53.063 66.141 55.141 54.111 55.068 36.027 0.000 0.000 0.000 0.000 0.000 0.000 61.142 59.117 57.086 40.048 43.005 49.957 50.921 55.888 46.852 0.000 0.000 0.000 61.340 79.247 86.182 86.272 93.359 93.151 85.485 86.172 85.881 85.669 85.456 80.267 38.133 0.000 2.322 35.322 0.000 0.000 0.000 44.916 39.882 36.849 36.808 36.759 36.701 36.639 36.573 36.503 43.432 57.360 58.287 41.216 35.145 36.076 37.008 40.941 39.875 35.810 35.746
57.536 56.468 61.332 59.131 73.038 65.989 66.973 63.986 0.000 0.000 0.000 68.365 63.338 58.304 60.270 7.247 0.000 0.000 0.000 0.000 0.000 0.000 60.104 56.094 47.082 0.000 0.000 47.940 59.924 58.910 0.000 0.000 7.043 63.924 55.671 59.493 66.570 81.628 93.552 85.229 86.782 86.344 86.152 85.933 83.718 66.512 45.322 51.322 49.322 30.322 0.000 0.000 0.000 2.950 53.924 35.890 36.848 40.798 48.742 38.681 36.616 35.548 39.478 54.407 61.336 53.266 39.196 34.128 36.061 35.995 35.930 35.866 34.802
57.576 55.500 59.397 70.277 64.190 57.132 76.098 65.085 17.102 0.000 10.762 60.617 76.543 71.495 71.463 74.445 0.000 0.000 0.000 0.000 6.059 6.063 58.075 49.073 52.067 0.000 0.000 0.000 95.924 122.917 37.917 0.000 63.161 58.059 57.898 57.805 53.887 93.908 93.736 86.277 89.881 86.625 86.414 86.198 77.969 30.740 0.000 53.322 31.322 0.000 0.000 0.000 42.051 41.010 39.976 35.938 39.894 51.844 56.788 54.727 47.662 37.595 46.525 54.455 33.384 39.315 52.246 49.179 45.113 53.048 33.984 35.921 33.857
55.633 61.561 71.477 63.389 55.313 55.252 68.201 76.153 72.119 75.046 76.907 71.797 66.722 68.672 57.640 56.624 0.000 0.000 0.000 7.052 63.055 62.057 50.059 52.055 53.046 57.027 56.015 0.000 6.931 0.919 0.000 9.544 69.382 62.254 57.094 58.184 56.229 94.066 55.897 63.485 78.079 85.898 86.682 84.474 43.221 0.000 0.000 0.000 0.000 0.000 0.000 43.116 37.092 37.063 37.031 37.992 47.948 56.896 55.839 55.777 51.712 47.643 57.573 40.503 35.432 36.363 36.295 46.229 59.164 46.101 34.039 34.976 40.913
61.700 72.634 62.563 55.490 56.422 56.361 58.301 42.209 68.174 66.112 58.024 54.941 53.876 69.831 71.802 58.787 0.000 0.000 0.000 63.050 59.050 56.050 49.049 53.044 53.035 53.021 53.003 11.975 14.941 15.909 17.850 85.706 82.573 71.442 70.398 59.395 94.345 94.212 57.951 64.599 59.373 66.175 84.945 59.793 0.000 0.000 0.000 0.000 0.000 0.000 0.000 43.140 37.137 37.120 37.092 38.054 47.008 56.955 55.896 54.831 51.764 56.693 50.622 34.550 36.479 36.409 36.342 46.277 54.214 33.153 36.093 39.032 57.968
72.773 62.713 55.649 56.585 56.524 57.471 38.431 0.000 25.255 53.205 56.135 56.066 56.012 53.973 77.948 61.936 0.000 0.000 0.000 40.048 57.046 51.045 52.042 53.037 53.029 53.017 53.002 63.980 3.951 7.932 24.935 77.857 87.752 9.640 91.561 81.752 94.461 56.526 70.168 66.811 56.680 53.483 50.130 34.962 0.000 0.000 38.685 0.000 0.000 0.000 0.000 39.168 37.196 37.188 37.162 37.123 38.075 44.019 51.957 51.889 51.818 55.745 33.671 36.597 36.525 35.454 41.387 58.322 41.261 35.204 38.149 19.092 20.015
62.852 55.796 56.737 56.677 56.619 59.567 15.522 13.487 6.387 51.317 56.247 58.176 56.132 55.102 73.082 69.073 0.000 0.000 0.000 0.000 48.041 51.040 53.037 53.033 53.027 53.018 55.007 40.994 0.000 0.000 75.103 78.035 88.942 94.812 88.915 86.951 94.561 77.576 80.278 65.119 58.023 50.949 0.000 0.000 0.000 0.000 36.686 0.000 0.000 0.000 0.000 0.000 40.292 37.276 37.245 37.202 37.150 37.090 37.023 43.951 51.875 39.798 36.720 36.643 36.568 39.497 52.429 52.365 34.306 36.252 39.206 6.173 0.000
55.936 56.881 56.824 56.766 56.709 56.654 60.603 61.553 61.489 57.428 57.361 37.258 54.238 55.219 71.206 70.202 0.000 0.000 0.000 0.000 47.038 53.037 53.035 53.031 53.027 53.021 41.014 0.000 0.000 3.473 80.338 86.240 89.139 89.084 88.161 94.695 87.059 89.776 84.464 69.405 59.344 58.340 58.476 0.000 0.000 0.000 33.686 40.686 33.686 0.000 0.000 0.000 55.404 36.378 37.339 37.291 37.234 38.168 37.095 37.017 36.935 36.851 36.768 36.687 35.609 41.535 56.466 33.403 36.345 36.294 38.251 13.221 0.000
57.023 56.969 56.913 56.855 56.796 56.738 56.684 56.634 56.586 56.544 60.511 0.000 47.344 56.331 72.320 67.326 3.371 0.000 0.000 0.000 52.036 55.035 55.033 55.031 53.028 56.025 0.000 0.000 0.000 72.608 78.535 89.449 89.329 89.437 87.484 94.902 88.194 92.837 88.728 89.661 77.611 65.592 54.612 49.612 51.612 0.000 0.000 39.687 34.686 40.681 41.667 39.631 45.543 55.492 37.443 38.389 47.325 54.253 36.173 37.086 36.995 36.904 36.814 35.727 40.645 59.569 53.499 42.435 35.378 36.326 38.281 53.241 71.197
57.113 57.060 57.004 56.945 56.883 56.818 56.760 59.711 57.680 56.651 60.629 0.000 47.463 56.440 73.419 65.410 5.416 0.000 0.000 0.000 25.035 35.034 34.032 34.030 55.028 40.027 0.000 0.000 0.000 74.815 84.748 89.659 89.617 88.721 95.534 95.235 89.259 90.102 88.959 88.902 89.847 80.804 45.768 0.000 0.000 0.000 0.000 37.688 37.690 34.691 36.690 37.682 36.645 43.603 57.553 40.495 38.427 48.347 36.257 37.159 37.057 36.955 36.857 36.763 44.676 57.597 44.526 56.462 34.405 35.353 40.307 61.263 73.218
57.207 57.154 57.098 57.038 56.971 59.892 61.828 33.770 54.771 57.750 59.724 19.700 50.604 55.548 67.506 65.480 6.466 0.000 0.000 0.000 0.000 0.000 1.031 1.030 36.029 0.000 0.000 0.000 23.258 73.090 89.983 89.864 89.980 88.066 95.804 87.845 93.551 89.246 89.200 89.133 89.074 79.008 39.888 0.000 0.000 0.000 0.000 0.000 40.696 41.701 28.718 36.764 37.754 37.721 41.673 57.612 40.539 37.451 37.349 37.236 37.119 37.004 34.895 40.793 59.700 40.617 39.545 53.482 37.426 35.376 42.330 68.287 73.245
57.302 57.249 57.196 57.139 59.070 34.952 36.890 0.000 16.885 52.855 56.817 60.772 56.705 59.642 64.579 69.536 8.503 0.000 0.000 0.000 0.000 2.030 54.030 61.030 0.000 0.000 0.000 6.545 82.426 84.306 90.200 90.156 89.274 96.291 96.056 88.907 89.622 89.493 89.424 89.360 88.306 68.266 0.000 0.000 0.000 0.000 0.000 0.000 0.000 32.701 0.000 43.901 40.886 36.853 36.805 38.743 55.665 44.570 36.453 37.316 37.178 36.047 40.925 42.813 41.712 38.627 36.555 36.494 36.441 37.394 50.351 72.312 73.273
57.397 57.346 57.297 57.253 62.219 0.233 0.000 23.120 15.028 48.969 57.918 55.865 57.804 69.734 41.631 35.581 0.546 0.000 0.000 0.000 0.000 52.030 58.030 60.030 0.000 0.000 0.000 69.664 74.595 88.507 90.390 90.521 88.616 96.508 88.406 90.082 89.776 89.717 89.643 89.578 81.523 58.485 0.000 0.000 0.000 0.000 0.000 0.000 0.000 0.000 0.000 48.054 43.036 37.000 34.951 37.889 37.810 53.710 46.576 37.398 38.231 36.082 42.946 42.822 39.710 33.624 36.556 36.499 38.450 52.407 71.369 73.334 76.303
58.490 56.439 56.394 56.356 59.332 29.340 26.301 58.212 63.137 57.076 55.021 61.967 71.911 74.860 0.000 0.000 0.000 0.000 0.000 0.000 0.000 20.030 27.030 29.030 0.000 0.000 0.000 71.852 79.788 89.699 90.691 89.729 96.907 96.713 89.437 90.142 90.004 89.927 89.854 89.786 71.723 53.667 0.000 0.000 0.000 0.000 0.000 0.000 0.000 0.000 0.000 46.226 44.202 44.162 41.111 34.050 35.977 36.883 52.743 52.470 49.267 46.102 38.956 37.820 34.682 35.603 36.544 40.496 60.454 72.416 72.383 73.354 72.329
72.578 71.528 70.483 68.445 65.415 66.391 66.350 63.291 64.231 66.176 66.123 72.070 74.012 31.936 0.000 0.000 0.000 0.000 0.000 0.000 0.000 0.000 0.000 0.000 0.000 10.365 18.286 73.105 89.996 90.905 90.854 90.082 97.087 88.913 90.588 90.276 90.211 90.130 90.059 87.991 69.917 40.792 0.000 0.000 0.000 0.000 0.000 0.000 0.000 0.000 0.000 36.423 40.383 43.334 44.281 43.225 40.165 36.102 30.045 0.000 0.000 0.000 0.000 0.000 38.594 36.561 39.523 60.486 73.452 72.421 73.394 76.370 72.350
68.661 70.611 69.566 71.527 73.492 72.458 71.418 69.371 67.322 67.273 68.226 64.177 64.132 0.000 0.000 0.000 0.000 0.000 0.000 0.000 0.000 0.000 0.000 0.000 0.000 59.445 82.388 81.285 90.191 91.078 91.205 89.307 97.255 91.006 90.612 90.488 90.405 90.328 90.259 86.202 66.161 0.000 0.000 0.000 0.000 0.000 0.000 0.000 0.000 0.000 43.802 38.658 35.575 37.511 42.455 44.403 44.356 45.316 36.289 0.000 0.000 0.000 0.000 0.000 39.540 37.524 53.501 74.474 72.448 72.423 72.401 73.381 72.365
56.738 56.689 57.644 64.604 73.567 79.531 67.493 61.453 56.411 54.370 53.329 59.282 38.207 0.000 0.000 0.000 0.000 0.000 0.000 0.000 0.000 0.000 0.000 0.000 0.000 65.582 81.535 89.459 91.372 91.339 90.468 97.553 97.410 93.025 90.831 90.670 90.594 90.516 90.449 85.396 60.364 0.000 0.000 0.000 0.000 0.000 0.000 0.000 0.000 44.066 38.946 38.834 38.748 37.680 34.624 39.577 43.540 44.516 41.508 0.000 0.000 0.000 0.000 42.491 36.502 40.496 68.481 72.463 72.443 72.423 72.405 72.390 72.377
55.810 55.762 59.718 64.678 66.641 69.606 59.570 55.535 56.501 56.468 58.438 36.414 0.000 0.000 0.000 0.000 0.000 0.000 0.000 0.000 0.000 0.000 0.000 0.000 0.000 51.765 80.712 90.642 91.540 91.669 89.778 97.684 90.573 92.247 90.928 90.862 90.774 90.696 90.626 81.569 54.535 0.000 0.000 0.000 0.000 0.000 0.000 0.000 43.299 39.187 39.080 38.984 38.903 38.837 38.783 35.741 34.711 37.700 44.718 44.802 0.000 0.000 0.000 36.480 37.481 55.476 72.466 71.452 71.437 72.422 72.408 72.395 72.385
55.877 55.831 57.789 58.750 56.714 55.680 56.648 55.618 55.589 55.563 60.540 5.522 0.000 0.000 0.000 0.000 0.000 0.000 0.000 0.000 0.000 0.000 0.000 0.000 3.136 60.000 88.911 91.826 91.796 90.926 97.923 97.808 93.572 91.273 91.128 91.038 90.950 90.867 91.789 71.720 59.672 0.000 0.000 42.914 0.000 42.675 44.630 44.544 39.411 39.302 39.205 39.119 39.045 38.982 38.931 38.892 37.865 34.855 43.862 44.886 37.886 0.000 0.000 44.468 36.466 44.462 50.454 53.443 57.431 63.420 69.408 71.398 71.390
56.940 56.896 56.855 56.818 56.784 55.753 55.724 55.698 55.675 54.655 62.637 13.612 0.000 0.000 0.000 0.000 0.000 0.000 0.000 0.000 0.000 0.000 0.000 0.000 44.272 80.189 91.103 91.993 92.133 90.225 98.027 91.025 92.699 91.383 91.308 91.212 91.121 91.032 91.943 63.850 41.761 0.000 0.000 38.915 0.000 37.720 39.670 39.593 39.497 39.405 39.320 39.242 39.174 39.115 39.067 39.030 37.004 38.991 44.990 41.995 0.000 0.000 0.000 43.457 42.455 41.451 40.444 39.436 38.426 42.417 53.408 49.400 51.394
55.000 54.958 54.919 54.884 54.852 54.823 54.797 55.775 57.758 59.746 34.742 1.748 0.000 0.000 0.000 0.000 0.000 0.000 0.000 2.503 11.495 0.000 0.000 14.633 55.491 86.385 92.282 92.271 91.298 98.208 98.122 94.016 91.722 91.573 91.479 91.384 91.290 91.197 87.101 33.975 0.000 0.000 0.000 38.915 44.895 39.814 39.739 39.660 39.580 39.502 39.427 39.357 39.294 39.238 39.193 39.156 36.131 45.116 45.110 41.110 0.000 0.000 0.000 42.449 41.447 42.442 42.436 42.429 42.421 42.414 41.407 41.400 40.395
56.055 56.016 58.979 62.946 65.916 69.890 71.867 74.848 73.835 65.830 3.838 14.874 38.926 6.951 0.000 0.000 0.000 0.000 0.000 42.511 69.487 9.448 0.000 48.775 81.676 91.567 92.467 92.398 91.621 98.282 90.455 92.141 91.824 91.748 91.650 91.555 91.459 92.364 79.288 0.000 0.000 0.000 0.000 18.935 38.956 39.903 41.812 41.729 39.662 39.596 39.529 39.465 39.405 39.353 39.308 36.273 41.247 44.231 45.224 36.225 0.000 0.000 0.000 26.444 47.440 47.435 44.429 41.423 41.417 42.410 43.404 43.399 42.395
58.107 57.070 64.037 73.006 73.978 72.953 71.932 70.915 67.904 61.900 36.907 53.926 71.954 40.976 24.999 1.012 0.000 0.000 13.582 52.544 66.493 5.410 24.249 66.016 90.868 93.752 92.594 92.806 90.782 98.344 92.441 92.156 92.008 91.916 91.822 91.727 91.626 93.513 37.401 0.000 0.000 0.000 0.000 0.000 35.089 41.032 21.875 21.782 38.743 39.690 39.629 39.567 39.510 39.459 38.415 36.380 45.353 45.337 42.331 36.342 42.388 0.000 0.000 0.000 58.432 73.429 66.424 62.418 58.412 54.407 57.402 57.397 40.394
58.156 58.122 61.091 64.062 63.036 61.013 58.992 56.976 54.965 54.960 63.962 65.972 62.987 60.001 64.015 12.025 0.000 0.000 53.620 83.589 34.533 30.447 64.322 88.170 93.038 92.895 93.013 90.968 98.427 90.847 92.562 92.249 92.177 92.083 91.993 91.904 94.807 51.660 0.000 0.000 0.000 0.000 0.000 0.000 37.281 42.259 0.000 0.000 35.838 39.792 39.729 39.666 39.608 39.557 36.514 44.478 45.450 44.432 35.422 39.423 39.434 0.000 0.000 0.000 26.429 56.425 74.418 73.412 73.407 73.402 73.398 67.395 57.392
58.203 58.172 58.144 57.117 57.092 58.069 58.049 58.033 56.020 57.012 62.009 65.012 61.019 56.028 59.036 14.041 0.000 0.000 45.689 55.658 33.603 66.525 81.423 90.305 93.190 93.122 92.221 98.800 98.566 91.839 92.568 92.426 92.338 92.250 92.165 92.089 95.037 0.000 0.000 10.410 19.410 0.000 0.000 38.593 41.496 40.463 47.503 0.000 35.980 39.910 39.831 39.760 39.700 37.649 39.605 45.568 45.539 37.517 38.502 39.494 39.492 0.000 0.000 0.000 0.000 0.000 56.412 72.406 72.402 72.398 72.395 73.392 73.390
58.249 58.221 58.194 58.169 58.145 58.123 58.103 57.085 56.071 60.059 64.052 64.049 59.050 55.055 60.060 13.062 0.000 0.000 41.789 10.753 57.697 81.625 87.537 93.446 93.297 93.508 91.498 99.009 91.260 92.972 92.660 92.590 92.499 92.412 92.328 99.249 83.216 0.000 6.409 56.410 42.410 0.000 0.000 33.691 41.645 40.597 40.543 46.420 44.193 43.036 39.923 39.845 39.784 36.732 44.688 45.651 41.620 36.596 39.576 39.560 41.548 45.558 0.000 0.000 0.000 0.000 0.000 69.398 72.396 72.393 72.390 73.388 71.386
58.295 58.269 58.244 58.219 58.196 58.174 57.154 56.135 58.118 62.103 65.089 61.081 56.078 55.081 58.086 40.085 27.074 28.026 23.926 24.866 64.807 85.740 91.666 93.558 93.699 91.691 99.375 99.200 92.267 92.981 92.835 92.746 92.657 92.572 97.485 40.365 55.361 25.399 56.409 64.410 0.000 0.000 0.000 32.835 41.796 40.735 40.652 50.524 61.337 35.118 44.981 40.912 37.857 39.809 45.765 44.727 35.695 38.669 39.647 39.623 26.580 27.569 0.000 0.000 0.000 0.000 0.000 50.392 71.390 72.388 72.386 76.384 72.382
58.343 58.317 58.292 58.268 58.245 58.224 56.203 56.184 60.165 67.144 68.121 64.106 59.102 57.106 57.116 59.120 59.111 68.079 9.021 42.977 80.926 87.865 93.797 93.766 92.900 99.686 99.535 92.624 93.405 93.068 92.995 92.900 92.813 92.734 100.674 0.000 38.464 40.426 30.416 32.413 0.000 0.000 0.000 36.018 41.968 40.897 46.807 62.687 39.512 0.000 25.972 38.963 36.926 44.881 45.837 41.798 38.765 39.739 39.719 41.705 0.000 0.000 0.000 0.000 0.000 0.000 42.388 23.389 62.386 72.384 72.382 77.380 72.378
58.390 58.365 58.340 58.317 58.294 57.272 56.252 58.232 65.213 42.188 18.144 17.122 14.116 44.125 61.154 56.166 59.169 40.159 2.134 48.097 86.051 92.004 93.896 94.141 92.167 99.825 92.958 93.736 93.306 93.247 93.143 93.050 92.960 93.876 91.804 13.747 13.606 0.000 0.000 0.000 0.000 0.000 35.389 43.252 41.161 40.078 59.991 63.906 0.000 0.000 0.000 35.044 41.002 45.951 45.903 35.862 39.828 39.802 39.784 42.774 0.000 0.000 0.000 0.000 0.000 0.000 21.388 0.000 50.380 72.379 72.378 78.376 72.375
58.436 58.411 58.387 58.364 57.341 56.320 58.299 61.281 69.265 28.253 0.000 0.000 0.000 0.000 43.206 58.223 59.241 45.255 47.255 73.225 90.189 94.118 94.294 92.319 100.070 99.953 93.940 93.636 93.489 93.387 93.289 93.195 93.101 96.008 80.918 9.832 0.000 0.000 0.000 0.000 0.000 0.000 35.527 42.438 41.348 39.263 67.173 28.039 0.000 0.000 41.277 46.167 46.086 46.020 43.964 38.919 39.884 39.858 39.841 41.834 0.000 45.913 0.000 0.000 0.000 0.000 0.000 0.000 43.375 72.374 72.374 72.373 72.372
58.482 58.458 58.434 58.411 57.388 56.366 60.345 64.327 68.314 26.306 0.000 0.000 0.000 0.000 23.242 66.278 61.317 67.364 80.378 89.362 93.328 94.339 93.492 100.277 100.177 93.275 94.052 93.711 93.630 93.528 93.432 93.339 97.242 60.135 32.026 0.000 0.000 0.000 0.000 0.000 0.000 37.936 42.753 41.625 43.530 40.454 64.400 0.000 0.000 36.522 43.388 59.259 48.157 45.077 41.014 38.966 38.930 39.904 39.889 39.887 44.907 40.913 31.913 0.000 0.000 0.000 39.367 41.368 40.370 72.370 72.370 72.370 72.369
58.526 58.503 58.480 58.457 56.434 58.411 64.389 65.369 63.356 50.352 11.366 0.000 0.000 0.000 0.000 19.331 15.384 55.505 86.531 90.518 94.462 94.635 92.762 100.367 92.586 94.367 93.934 93.872 95.762 94.665 93.573 93.486 99.394 22.265 0.000 0.000 0.000 0.000 0.000 19.423 58.328 58.120 45.924 42.782 53.692 48.622 49.572 10.576 0.000 34.657 39.493 50.326 46.205 50.116 44.051 47.002 45.965 42.940 39.924 38.918 38.920 44.921 0.000 0.000 0.000 0.000 36.366 36.366 46.367 72.367 72.367 72.367 72.366
