results3_8e3_rain/res_3e8f-0051.wd
ncols         241
nrows         181
xllcorner     12693529.787448
yllcorner     3542525.717860
cellsize      155.156523
NODATA_value  -9999.000000
[rows 99 to 131 of 181, columns 0 to 73 of 241]
0.000 0.000 0.000 0.000 0.000 51.066 91.065 93.062 84.056 79.053 0.000 0.000 0.000 0.000 0.000 0.000 0.000 59.033 56.032 0.000 0.000 0.000 0.000 53.979 52.978 0.000 0.000 0.000 0.000 1.107 0.000 0.000 0.000 0.000 6.981 52.977 48.968 47.952 48.931 49.906 62.878 51.848 55.815 47.778 49.738 47.695 48.649 53.601 54.551 52.499 56.445 49.391 49.335 51.278 54.218 68.154 69.100 54.057 40.017 0.000 0.000 0.000 0.000 0.000 17.886 72.886 69.882 56.872 31.862 26.852 70.842 47.834 49.828 49.825
0.000 0.000 0.000 0.000 0.000 52.072 92.072 92.071 0.000 0.000 0.000 0.000 0.000 0.000 0.000 0.000 4.033 70.034 59.033 0.000 0.000 0.000 56.997 55.990 59.986 0.000 0.000 0.000 0.000 59.107 51.108 0.000 0.000 0.000 66.022 76.017 62.009 54.997 48.980 50.959 69.934 54.905 60.873 60.837 51.797 66.754 58.707 59.658 49.607 57.553 57.498 55.442 49.385 50.327 54.267 51.182 13.124 3.090 0.000 0.000 0.000 0.000 0.000 20.872 57.875 69.874 76.870 66.863 42.856 43.848 57.840 48.834 49.830 49.827
0.000 0.000 0.000 0.000 0.000 39.079 88.079 97.080 7.084 0.000 0.000 0.000 0.000 0.000 0.000 0.000 0.000 77.036 58.034 59.030 61.024 58.016 55.005 55.998 53.992 0.000 0.000 0.000 0.000 52.108 52.109 53.108 52.102 52.090 51.067 61.060 70.055 17.046 81.033 71.016 75.994 60.967 5.935 76.899 74.859 73.815 77.768 66.718 49.665 52.609 57.553 57.495 54.437 50.380 39.342 0.000 0.000 0.000 0.000 0.000 0.000 0.000 0.000 30.870 57.868 57.865 68.861 67.856 50.850 50.843 49.838 49.833 49.829 49.827
65.105 68.105 0.056 0.000 0.000 49.086 88.086 93.087 103.089 8.091 0.000 0.000 0.000 0.000 0.000 0.000 0.000 14.040 62.037 59.033 77.026 91.019 66.011 51.004 0.000 0.000 0.000 0.000 0.000 0.000 51.111 52.114 52.108 52.102 52.098 51.103 51.104 50.101 51.092 56.078 68.058 62.033 5.002 76.966 77.926 55.881 62.833 79.781 73.725 60.667 50.609 56.549 57.487 60.415 45.378 0.000 0.000 0.000 0.000 0.000 0.000 0.000 0.000 0.000 8.861 54.857 51.853 51.849 49.844 49.839 49.834 49.830 49.828 48.826
79.106 62.106 62.105 64.103 66.100 85.095 93.093 93.092 93.093 95.095 69.097 8.098 0.000 57.062 64.062 65.060 27.055 22.048 85.043 93.038 88.031 84.022 67.016 0.000 0.000 0.000 0.000 0.000 0.000 0.000 0.000 52.127 51.116 50.112 51.119 52.149 52.158 52.160 52.156 53.146 72.129 67.105 50.074 52.038 62.997 73.951 50.901 62.847 63.788 56.726 76.666 59.606 51.546 0.000 0.000 0.000 0.000 0.000 0.000 0.000 0.000 0.000 0.000 0.000 0.855 54.850 49.847 49.843 49.839 49.835 49.831 47.827 45.825 47.824
94.108 84.107 65.106 69.105 87.103 93.100 93.098 93.097 93.097 88.098 60.098 66.099 0.000 48.063 83.064 91.062 91.059 75.054 90.050 97.045 7.039 0.000 0.000 0.000 0.000 0.000 0.000 0.000 0.000 0.000 0.000 52.153 0.000 0.000 0.000 53.214 52.220 52.226 52.228 53.222 69.207 74.184 51.152 52.115 52.072 70.026 70.975 48.919 56.855 75.783 67.722 45.664 0.000 0.000 0.000 0.000 0.000 0.000 0.000 0.000 0.000 0.000 0.000 0.000 0.000 54.843 49.842 49.838 49.834 48.830 47.826 52.824 53.822 54.821
94.110 94.110 89.109 92.108 93.106 93.104 93.103 93.102 93.102 89.101 64.101 81.101 0.000 0.000 61.069 85.068 93.064 94.061 93.057 98.053 1.045 0.000 0.000 0.000 0.000 0.000 0.000 0.000 0.000 0.000 0.000 52.179 0.000 0.000 54.280 52.274 52.283 52.296 52.306 52.307 69.295 74.271 51.237 52.197 52.152 53.105 74.054 67.998 74.932 64.830 45.776 0.000 0.000 0.000 0.000 0.000 0.000 0.000 0.000 0.000 0.000 0.000 0.000 0.000 52.838 49.839 49.838 49.835 49.830 48.825 50.822 54.819 55.818 55.817
92.114 93.113 93.113 93.112 93.111 93.109 93.108 93.107 93.106 94.105 89.104 96.103 20.103 0.000 49.077 68.074 91.071 93.068 94.064 82.061 0.000 0.000 0.000 0.000 0.000 0.000 0.000 0.000 0.000 0.000 0.000 46.205 51.232 51.259 50.286 52.320 52.343 52.370 52.395 52.404 69.394 74.368 51.329 52.284 52.236 52.187 57.138 80.089 60.043 0.000 0.000 0.000 0.000 0.000 0.000 0.000 0.000 0.000 0.000 0.000 0.000 0.000 0.000 0.000 5.838 56.837 52.836 53.833 51.827 47.819 54.816 55.814 53.813 53.813
89.118 94.118 93.117 93.116 93.116 93.114 93.113 93.112 93.111 93.110 94.108 87.106 71.103 62.097 56.088 83.083 93.079 93.075 98.073 1.071 0.000 0.000 0.000 0.000 0.000 0.000 0.000 0.000 0.000 0.000 0.000 0.000 0.000 0.000 0.000 52.375 52.400 52.445 52.501 52.522 68.511 75.476 52.428 52.374 52.321 52.270 52.223 58.175 11.109 0.000 0.000 0.000 0.000 0.000 0.000 0.000 0.000 0.000 0.000 0.000 0.000 0.000 0.000 0.000 0.000 0.000 0.000 0.000 0.000 56.809 54.809 55.808 52.808 47.809
89.123 94.123 93.122 93.122 93.121 93.120 93.119 93.118 93.117 93.115 94.112 79.110 58.106 57.101 66.095 90.090 93.086 93.083 99.081 4.080 0.000 0.000 0.000 0.000 0.000 0.000 0.000 0.000 0.000 0.000 0.000 0.000 0.000 0.000 0.000 48.407 52.438 49.508 52.642 52.672 71.650 75.600 52.533 52.465 52.403 52.350 52.309 49.281 0.000 0.000 0.000 0.000 0.000 0.000 0.000 0.000 0.000 0.000 0.000 0.000 0.000 48.758 0.000 0.000 0.000 0.000 0.000 0.000 52.794 53.800 55.802 55.803 52.804 48.804
92.128 93.128 93.128 93.128 93.127 93.127 93.126 93.125 93.123 93.121 93.118 90.115 67.111 68.106 85.101 92.097 93.093 93.090 100.087 17.085 0.000 0.000 0.000 0.000 0.000 0.000 0.000 0.000 0.000 0.000 0.000 0.000 0.000 0.000 0.000 0.000 48.438 0.000 51.889 52.872 80.820 67.739 52.641 52.550 52.475 65.419 55.381 50.361 0.000 0.000 0.000 0.000 0.000 0.000 0.000 0.000 0.000 0.000 0.000 0.000 0.757 59.758 44.759 0.000 0.000 0.000 0.000 53.785 56.789 55.793 52.796 48.798 48.799 46.800
93.135 93.135 93.135 93.135 93.134 93.134 93.133 93.132 93.130 93.128 93.125 93.121 95.117 95.112 94.108 93.104 93.100 95.096 84.092 27.088 0.000 0.000 0.000 0.000 0.000 0.000 0.000 0.000 0.000 0.000 0.000 0.000 0.000 0.000 0.000 0.000 0.000 0.000 52.153 53.107 87.020 55.894 52.743 52.618 64.530 73.471 52.435 52.420 51.435 0.000 0.000 0.000 0.000 0.000 0.000 0.000 0.000 0.000 0.000 0.000 0.000 55.759 56.760 43.761 0.000 49.773 51.776 55.781 54.785 52.789 51.791 47.793 55.795 58.796
92.141 91.141 93.142 93.142 93.142 93.142 93.141 93.140 93.139 93.136 93.133 93.129 93.124 93.119 93.114 93.111 94.107 77.104 5.098 0.000 54.122 68.121 14.120 0.000 0.000 0.000 0.000 0.000 0.000 0.000 0.000 0.000 0.000 0.000 0.000 0.000 0.000 0.000 48.464 59.385 82.260 53.073 49.821 52.648 52.556 52.501 52.467 52.451 52.449 49.449 0.000 0.000 0.000 0.000 0.000 0.000 0.000 0.000 0.000 0.000 0.000 50.759 46.760 52.762 47.766 55.770 55.774 54.778 50.782 53.785 48.787 47.789 47.791 40.793
82.148 82.149 91.150 93.150 93.151 93.151 93.151 93.150 93.149 93.146 93.143 94.138 95.131 93.126 93.121 93.118 93.116 15.115 0.000 54.124 64.123 74.121 73.120 66.119 58.119 0.000 0.000 0.000 0.000 0.000 0.000 0.000 0.000 0.000 0.000 53.317 56.258 56.121 52.855 51.708 60.562 48.317 0.000 48.597 52.546 52.508 52.483 52.468 51.463 0.000 0.000 0.000 0.000 0.000 0.000 0.000 52.752 63.752 0.000 0.000 51.757 49.758 49.760 46.762 54.765 55.769 55.772 52.776 55.780 55.782 53.784 48.786 37.787 0.000
64.155 69.156 88.158 94.159 93.160 93.160 93.161 93.161 93.160 93.158 95.154 81.148 77.139 92.131 97.126 94.124 89.123 71.125 74.128 80.126 74.124 75.122 54.120 47.120 0.000 0.000 0.000 0.000 0.000 0.000 0.000 0.000 0.000 0.000 44.376 50.377 53.337 53.252 53.126 53.030 54.963 0.000 0.000 0.000 47.525 52.504 52.487 52.477 52.472 0.000 0.000 0.000 0.000 0.000 0.000 12.752 69.752 51.753 49.754 49.755 49.756 49.758 47.759 52.761 55.764 55.767 51.771 55.775 55.779 54.781 48.782 49.783 39.784 0.000
48.160 63.163 82.167 95.170 96.171 96.170 94.172 93.173 94.173 93.171 94.168 32.162 3.145 51.135 69.130 90.129 97.130 95.133 95.135 81.129 4.126 0.000 0.000 0.000 0.000 0.000 0.000 0.000 0.000 0.000 1.320 0.000 0.000 0.000 0.000 49.476 53.462 51.423 52.368 54.323 55.298 0.000 0.000 0.000 0.000 45.495 52.486 52.480 49.476 0.000 0.000 0.000 0.000 0.000 0.000 0.000 11.752 65.753 48.754 48.755 49.756 48.757 48.758 54.760 55.763 53.766 41.768 0.000 59.779 53.780 53.781 53.782 39.782 0.000
12.164 34.168 67.179 73.182 67.183 69.179 86.184 94.186 90.187 83.187 82.187 17.187 0.000 0.000 0.000 27.131 62.135 88.143 95.149 0.000 0.000 0.000 0.000 0.000 0.000 0.000 0.000 0.000 0.000 41.320 62.321 7.321 0.000 0.000 0.000 49.591 55.611 54.611 63.600 64.596 54.608 0.042 0.000 0.000 0.000 0.000 49.484 50.482 0.000 0.000 0.000 0.000 0.000 0.000 0.000 0.000 0.000 70.753 73.754 53.754 47.755 45.756 55.758 55.759 50.761 0.000 0.000 0.000 0.779 58.779 55.780 55.780 45.781 0.000
0.000 0.000 48.198 57.199 9.199 0.000 58.201 87.201 78.202 74.204 88.206 55.211 15.224 0.000 0.000 0.000 0.000 33.156 64.170 0.000 0.000 0.000 0.000 0.000 0.000 0.000 0.000 0.000 0.000 0.000 46.321 64.322 0.000 0.000 0.000 40.686 54.781 52.810 82.825 75.855 53.929 56.120 2.214 0.000 0.000 0.000 44.483 0.000 0.000 0.000 0.000 0.000 0.000 0.000 0.000 0.000 0.000 0.000 58.754 75.754 60.755 54.756 55.757 50.758 0.000 0.000 0.000 0.000 0.000 50.779 55.779 55.779 50.780 0.000
0.000 0.000 44.217 89.216 46.216 0.000 47.217 79.217 81.218 92.220 94.223 97.229 103.238 42.250 11.256 0.000 0.000 0.000 4.205 0.000 0.000 0.000 0.000 0.000 0.000 0.000 0.000 0.000 0.000 0.000 47.323 62.323 0.000 0.000 3.338 0.000 48.018 56.022 86.037 68.071 56.134 55.231 60.298 0.000 0.000 0.000 0.000 0.000 0.000 0.000 0.000 0.000 0.000 0.000 0.000 0.000 0.000 0.000 0.000 0.000 63.755 53.756 51.756 0.000 0.000 0.000 0.000 0.000 49.777 48.778 50.778 44.779 0.000 0.000
17.252 32.248 66.237 84.233 92.233 61.238 74.233 97.232 94.233 93.235 93.238 93.243 93.249 99.257 102.263 58.269 17.271 0.000 62.241 76.255 69.261 71.263 27.264 3.263 0.257 0.000 0.000 0.000 0.000 0.000 26.324 48.325 54.329 54.334 57.339 16.345 49.250 78.225 80.230 57.257 55.306 55.374 58.446 3.540 0.000 0.000 0.000 0.000 0.000 0.000 0.000 0.000 0.000 0.000 0.000 0.000 0.000 0.000 0.000 0.000 0.000 0.000 0.000 0.000 0.000 0.000 0.000 51.777 46.777 44.777 0.000 0.000 0.000 0.000
90.257 93.255 93.250 91.248 89.247 90.248 92.246 92.246 93.247 94.249 94.252 93.256 86.260 90.265 93.270 97.273 101.274 102.272 94.263 90.264 87.266 82.266 84.265 77.264 33.263 11.262 0.000 0.000 0.000 0.000 0.000 0.000 0.000 0.000 0.000 73.445 62.414 91.397 82.401 69.422 56.461 55.512 55.571 59.634 55.686 0.000 0.000 0.000 0.000 0.000 0.000 0.000 0.000 0.000 0.000 0.000 0.000 0.000 0.000 0.000 0.000 0.000 0.000 0.000 0.000 0.000 0.000 0.000 0.000 0.000 0.000 0.000 0.000 0.000
93.265 88.264 86.262 85.260 79.260 76.260 77.259 77.260 83.261 88.262 88.265 81.268 65.272 80.275 93.278 93.280 93.281 93.279 93.275 93.273 94.272 94.269 97.267 98.265 98.263 98.262 37.261 0.000 0.000 0.000 0.000 0.000 0.000 0.000 0.000 45.578 71.563 76.551 60.554 77.571 65.602 55.644 55.692 58.741 1.772 0.000 0.000 0.000 0.000 0.000 0.000 0.000 0.000 0.000 0.000 0.000 0.000 0.000 0.000 0.000 0.000 0.000 0.000 0.000 0.000 0.000 0.000 0.000 0.000 0.000 0.000 0.000 0.000 0.000
63.275 36.274 58.273 72.273 70.272 50.272 35.272 31.273 51.274 68.276 67.278 60.280 55.283 65.286 86.288 94.290 93.290 93.288 93.286 93.283 93.279 97.274 72.269 60.265 59.263 63.262 66.261 5.261 0.000 0.000 0.000 0.000 0.000 0.000 0.000 43.728 79.707 62.691 54.692 64.707 75.734 59.770 55.813 55.865 61.936 6.005 0.061 0.000 0.000 0.000 0.000 0.000 0.000 0.000 0.000 0.000 0.000 0.000 0.000 0.000 0.000 0.000 0.000 0.000 0.000 0.000 0.000 0.000 0.000 0.000 0.000 0.000 0.000 0.000
53.286 24.286 46.285 61.285 57.285 34.285 20.286 24.286 44.287 58.289 56.291 56.293 57.296 55.298 74.300 91.301 93.301 93.300 93.297 93.293 92.287 55.280 0.000 0.000 0.000 0.000 0.000 0.000 0.000 50.055 70.056 22.056 8.054 4.043 51.000 67.898 84.848 61.815 55.816 53.831 70.856 72.888 58.926 55.971 56.022 59.075 68.131 6.152 1.159 0.000 0.000 0.000 0.000 0.000 0.000 0.000 0.000 0.000 0.000 0.000 0.000 0.000 0.000 0.000 0.000 0.000 0.000 0.000 0.000 0.000 0.000 0.000 0.000 0.000
66.298 62.298 57.298 56.298 57.298 59.298 60.299 63.300 62.301 58.302 57.304 57.306 57.308 56.310 63.312 85.313 94.313 93.313 95.311 67.307 33.297 0.000 0.000 0.000 0.000 0.000 0.000 0.000 0.000 15.056 37.056 40.058 44.062 58.076 55.060 76.016 72.972 46.904 53.927 55.947 57.972 71.001 63.034 58.070 56.107 55.141 72.166 63.170 57.166 0.000 0.000 0.000 0.000 0.000 0.000 0.000 0.000 0.000 0.000 0.000 0.000 0.000 0.000 0.000 0.000 0.000 0.000 0.000 0.000 0.000 0.000 0.000 0.000 13.209
56.310 57.310 57.310 57.311 57.311 57.311 57.312 57.313 57.315 57.316 57.318 57.320 57.322 57.324 55.326 76.327 93.328 95.328 91.327 17.326 0.000 0.000 0.000 0.000 0.000 0.000 0.000 0.000 0.000 0.000 0.000 0.000 0.000 42.140 59.147 85.135 59.120 0.000 42.040 57.059 55.083 59.110 60.139 69.168 58.196 56.217 55.224 51.197 0.000 0.000 0.000 0.000 0.000 0.000 0.000 0.000 0.000 0.000 0.000 0.000 0.000 0.000 0.000 0.000 0.000 0.000 0.000 0.000 0.000 0.000 0.000 0.000 18.381 83.305
57.323 57.323 57.323 57.324 57.324 57.325 57.326 56.327 56.328 57.330 57.332 57.334 57.336 57.338 56.340 64.342 79.343 90.344 78.345 4.345 0.000 0.000 0.000 0.000 0.000 0.000 0.000 0.000 0.000 0.000 0.000 0.000 0.000 19.197 68.254 93.259 3.252 0.000 40.136 58.164 56.192 55.219 63.244 74.268 62.290 56.308 60.316 0.000 0.000 0.000 0.000 0.000 0.000 0.000 0.000 0.000 0.000 0.000 0.000 0.000 0.000 0.000 0.000 0.000 0.000 0.000 0.000 0.000 0.000 0.000 0.000 0.000 75.457 89.403
57.336 57.337 57.337 57.337 57.338 57.339 57.340 61.341 62.343 58.344 57.346 57.348 57.350 57.353 57.355 56.357 59.359 68.361 68.363 9.364 0.000 0.000 0.000 0.000 0.000 0.000 11.246 0.000 0.000 0.000 0.000 0.000 0.000 0.000 72.414 87.395 10.378 0.000 24.203 55.270 56.304 56.329 55.351 60.371 62.391 58.407 60.417 0.000 0.000 0.000 0.000 0.000 0.000 0.000 0.000 0.000 0.000 0.000 0.000 0.000 0.000 0.000 0.000 0.000 0.000 0.000 0.000 0.000 0.000 0.000 0.000 59.682 68.589 68.516
57.350 57.350 57.351 57.351 57.352 57.353 56.354 68.355 73.357 60.359 57.361 57.363 57.365 57.368 57.371 57.373 57.376 56.379 59.382 40.385 0.000 0.000 0.000 0.000 0.000 53.246 74.246 36.245 27.236 26.225 0.000 0.000 0.000 53.714 95.594 69.528 69.489 0.000 0.000 41.411 58.425 56.441 56.458 54.476 70.495 74.513 68.529 0.000 0.000 0.000 0.000 0.000 0.000 0.000 0.000 0.000 0.000 0.000 0.000 0.000 0.000 0.000 0.000 0.000 0.000 0.000 0.000 0.000 0.000 0.000 33.850 84.775 70.698 83.632
57.364 57.364 57.365 57.365 57.366 57.367 56.368 69.370 75.372 59.374 57.376 57.378 57.381 57.384 57.387 57.390 57.393 57.397 57.403 63.410 34.424 0.000 0.000 0.000 0.000 16.247 31.248 53.252 61.240 65.213 39.160 15.085 49.982 87.834 85.720 65.634 47.561 5.560 0.000 41.539 58.545 57.554 60.566 55.581 64.599 87.622 84.658 29.728 0.000 9.879 0.000 0.000 0.000 0.000 0.000 0.000 0.000 0.000 0.000 0.000 0.000 0.000 0.000 0.000 0.000 0.000 0.000 0.000 0.000 0.000 70.925 126.871 109.806 131.715
54.378 55.379 56.379 56.380 57.381 57.382 55.383 70.385 73.386 56.389 57.391 57.393 57.396 57.399 57.403 57.406 57.410 57.415 57.421 57.428 63.438 43.449 0.000 0.000 0.000 0.000 0.000 29.275 60.260 56.229 59.181 63.115 75.027 91.921 75.820 43.726 0.000 0.000 0.000 40.660 57.661 60.664 73.671 59.682 69.698 70.720 89.751 93.798 76.855 26.879 0.000 0.000 0.000 0.000 0.000 0.000 0.000 0.000 0.000 0.000 0.000 0.000 0.000 0.000 0.000 0.000 0.000 0.000 0.000 57.146 67.053 67.980 70.912 89.888
75.393 70.393 65.394 63.394 59.395 55.396 55.398 70.400 73.402 55.404 57.406 57.409 57.412 57.415 57.419 57.423 56.427 55.432 56.438 56.445 56.452 62.460 39.469 16.471 0.000 0.000 0.000 28.314 66.295 60.264 55.221 68.165 91.092 85.003 52.911 0.000 0.000 0.000 0.000 38.782 56.775 61.771 68.773 63.780 68.791 67.808 80.830 74.859 67.888 40.904 0.000 0.000 0.000 0.000 0.000 0.000 0.000 0.000 0.000 0.000 0.000 0.000 0.000 0.000 4.105 0.000 0.000 0.315 34.318 62.240 131.159 95.092 126.976 110.649
95.408 94.408 90.408 85.409 81.410 76.411 71.413 67.415 62.417 56.419 57.422 57.425 57.428 57.432 56.436 58.440 64.444 69.449 68.455 66.460 60.466 55.471 59.475 65.474 29.467 10.451 14.422 48.373 71.342 62.311 58.275 81.231 93.175 49.089 0.000 0.000 0.000 2.005 8.981 42.912 55.885 60.873 76.871 66.873 59.880 52.890 58.904 76.920 73.936 79.946 0.000 0.000 0.000 0.000 0.000 0.000 0.000 0.000 0.000 0.000 0.000 0.000 0.000 0.000 1.105 0.000 0.000 0.000 69.397 60.335 70.265 93.159 69.331 108.787
