results3_8e3_rain/res_3e8f-0160.wd
ncols         241
nrows         181
xllcorner     12693529.787448
yllcorner     3542525.717860
cellsize      155.156523
NODATA_value  -9999.000000
[rows 66 to 98 of 181, columns 73 to 145 of 241]
71.349 35.337 0.000 60.473 77.451 76.421 76.393 0.000 47.793 47.778 60.791 56.802 55.782 55.737 54.668 130.569 118.398 0.000 0.000 0.000 51.130 46.068 50.974 53.913 53.861 55.814 56.768 61.713 62.664 63.615 54.575 0.000 0.000 51.859 101.859 83.772 87.636 87.723 85.775 93.695 86.184 86.663 87.401 86.174 85.951 86.746 56.591 0.000 0.000 0.000 0.000 0.000 0.000 0.000 41.670 39.646 39.607 39.554 39.490 39.423 43.352 56.277 53.202 38.129 49.058 57.987 36.917 39.848 45.779 50.710 46.643 40.577 38.512
56.351 62.325 0.190 48.696 72.659 71.630 65.634 18.720 0.000 0.000 53.871 66.950 55.951 54.920 55.876 36.834 0.000 0.000 0.000 0.000 0.000 0.000 61.908 59.881 57.849 40.808 43.761 50.708 51.670 56.636 47.606 0.000 0.000 0.000 62.100 80.008 86.944 87.036 94.122 93.916 86.256 86.944 86.655 86.444 86.233 81.045 38.912 0.000 3.100 36.100 0.000 0.000 0.000 47.749 42.714 39.680 39.638 39.587 39.528 39.464 39.396 39.325 46.253 60.181 61.110 44.040 37.971 38.902 39.834 43.767 42.701 38.635 38.571
58.360 57.292 62.155 59.952 73.858 66.809 67.792 64.806 0.000 0.000 0.000 69.178 64.150 59.115 61.081 8.058 0.000 0.000 0.000 0.000 0.000 0.000 60.867 56.857 47.845 0.000 0.000 48.690 60.671 59.655 0.000 0.000 7.803 64.684 56.431 60.254 67.331 82.391 94.314 85.995 87.550 87.114 86.924 86.707 84.493 67.288 46.100 52.100 50.100 31.100 0.000 0.000 0.000 5.784 56.758 38.722 39.679 43.629 51.571 41.509 39.442 38.373 42.303 57.232 64.162 56.092 42.024 36.956 38.889 38.823 38.758 38.693 37.629
58.402 56.326 60.221 71.100 65.012 57.954 76.919 65.906 17.924 0.000 11.580 61.433 77.358 72.310 72.276 75.258 0.000 0.000 0.000 0.000 6.820 6.824 58.836 49.834 52.828 0.000 0.000 0.000 96.668 123.659 38.652 0.000 63.922 58.819 58.658 58.565 54.648 94.668 94.496 87.042 90.647 87.393 87.184 86.969 78.742 31.515 0.000 54.100 32.100 0.000 0.000 0.000 44.887 43.846 42.811 38.772 42.728 54.677 59.619 57.557 50.492 40.423 49.353 57.283 36.213 42.144 55.076 52.009 47.943 55.878 36.814 38.750 36.686
56.461 62.388 72.303 64.214 56.138 56.076 69.024 76.976 72.941 75.868 77.727 72.615 67.539 69.489 58.456 57.440 0.000 0.000 0.000 7.813 63.815 62.817 50.820 52.816 53.806 57.786 56.773 0.000 7.674 1.662 0.603 10.313 70.144 63.014 57.852 58.943 56.988 94.824 56.658 64.248 78.844 86.664 87.450 85.243 43.993 0.000 0.000 0.000 0.000 0.000 0.000 45.954 39.929 39.900 39.867 40.828 50.783 59.731 58.673 58.610 54.543 50.474 60.404 43.334 38.263 39.194 39.127 49.060 61.996 48.933 36.870 37.807 43.743
62.528 73.462 63.390 56.317 57.248 57.187 59.126 43.033 68.997 66.935 58.845 55.761 54.696 70.650 72.620 59.606 0.000 0.000 0.000 63.810 59.810 56.810 49.809 53.804 53.794 53.779 53.760 12.729 15.692 16.661 18.605 86.465 83.331 72.200 71.155 60.152 95.101 94.969 58.711 65.360 60.135 66.939 85.711 60.560 0.000 0.000 0.000 0.000 0.000 0.000 0.000 45.979 39.976 39.958 39.929 40.891 49.844 59.791 58.731 57.666 54.598 59.527 53.455 37.384 39.313 39.243 39.176 49.111 57.048 35.987 38.927 41.866 60.801
73.603 63.542 56.478 57.414 57.352 58.299 39.258 0.000 26.080 54.029 56.959 56.888 56.833 54.794 78.769 62.757 0.000 0.000 0.000 40.808 57.806 51.804 52.802 53.796 53.788 53.775 53.758 64.735 4.704 8.685 25.689 78.612 88.508 10.395 92.316 82.507 95.218 57.282 70.926 67.569 57.440 54.244 50.894 35.727 0.000 0.000 41.534 0.000 0.000 0.000 0.000 42.008 40.036 40.028 40.001 39.962 40.913 46.857 54.794 54.726 54.655 58.581 36.507 39.433 39.361 38.290 44.223 61.159 44.098 38.040 40.985 21.928 22.849
63.683 56.626 57.567 57.507 57.449 60.396 16.351 14.316 7.214 52.142 57.072 59.000 56.955 55.924 73.905 69.896 0.000 0.000 0.000 0.000 48.801 51.800 53.797 53.792 53.785 53.776 55.764 41.749 0.000 0.000 75.854 78.787 89.695 95.565 89.668 87.705 95.317 78.330 81.033 65.875 58.780 51.706 0.000 0.000 0.000 0.000 39.534 0.000 0.000 0.000 0.000 0.000 43.133 40.117 40.085 40.043 39.990 39.930 39.862 46.790 54.714 42.636 39.558 39.481 39.406 42.335 55.267 55.203 37.144 39.091 42.045 9.012 0.000
56.768 57.713 57.656 57.598 57.541 57.486 61.434 62.383 62.317 58.255 58.187 38.083 55.063 56.043 72.030 71.026 0.000 0.000 0.000 0.000 47.798 53.796 53.794 53.790 53.785 53.779 41.771 0.000 0.000 4.220 81.086 86.990 89.889 89.835 88.912 95.451 87.811 90.528 85.217 70.159 60.099 59.095 59.229 0.000 0.000 0.000 36.534 43.534 36.534 0.000 0.000 0.000 58.247 39.220 40.181 40.133 40.075 41.009 39.936 39.857 39.775 39.691 39.608 39.527 38.449 44.376 59.307 36.244 39.186 39.134 41.091 16.062 0.000
57.856 57.802 57.746 57.689 57.630 57.572 57.517 57.465 57.417 57.373 61.339 0.000 48.169 57.156 73.146 68.152 4.198 0.000 0.000 0.000 52.795 55.794 55.792 55.790 53.786 56.784 0.000 0.000 0.000 73.354 79.282 90.196 90.077 90.185 88.233 95.656 88.944 93.587 89.479 90.413 78.363 66.344 55.364 50.364 52.364 0.000 0.000 42.535 37.534 43.528 44.514 42.477 48.388 58.336 40.287 41.232 50.168 57.096 39.015 39.928 39.837 39.746 39.656 38.569 43.488 62.412 56.342 45.278 38.221 39.170 41.124 56.084 74.041
57.947 57.894 57.838 57.780 57.719 57.655 57.596 60.545 58.511 57.481 61.458 0.000 48.289 57.267 74.246 66.237 6.244 0.000 0.000 0.000 25.794 35.793 34.791 34.789 55.787 40.786 0.000 0.000 0.000 75.559 85.493 90.404 90.363 89.466 96.280 95.985 90.007 90.850 89.708 89.652 90.598 81.554 46.519 0.000 0.000 0.000 0.000 40.536 40.538 37.538 39.537 40.529 39.491 46.448 60.398 43.340 41.271 51.191 39.101 40.002 39.900 39.799 39.700 39.607 47.520 60.441 47.370 59.307 37.250 38.199 43.152 64.109 76.064
58.041 57.988 57.933 57.874 57.809 60.735 62.668 34.605 55.603 58.581 60.553 20.529 51.431 56.375 68.333 66.308 7.297 0.000 0.000 0.000 0.000 0.000 1.790 1.789 36.788 0.000 0.000 0.000 23.998 73.831 90.725 90.607 90.724 88.809 96.548 88.590 94.297 89.993 89.948 89.881 89.822 79.757 40.638 0.000 0.000 0.000 0.000 0.000 43.543 44.549 31.565 39.611 40.601 40.567 44.519 60.458 43.385 40.296 40.194 40.081 39.964 39.849 37.740 43.638 62.545 43.463 42.392 56.329 40.273 38.223 45.178 71.135 76.092
58.137 58.084 58.031 57.975 59.910 35.806 37.737 0.000 17.715 53.685 57.647 61.601 57.533 60.469 65.405 70.363 9.340 0.000 0.000 0.000 0.000 2.790 54.790 61.790 0.000 0.000 0.000 7.283 83.164 85.045 90.939 90.896 90.015 97.030 96.797 89.650 90.366 90.238 90.170 90.106 89.052 69.013 0.000 0.000 0.000 0.000 0.000 0.000 0.000 35.549 0.000 46.749 43.734 39.701 39.652 41.590 58.512 47.416 39.299 40.162 40.024 38.893 43.772 45.660 44.560 41.475 39.404 39.343 39.290 40.243 53.201 75.161 76.123
58.232 58.180 58.131 58.086 63.050 1.038 0.000 23.948 15.857 49.799 58.748 56.694 58.632 70.561 42.455 36.399 1.370 0.000 0.000 0.000 0.000 52.790 58.790 60.790 0.000 0.000 0.000 70.401 75.332 89.245 91.128 91.259 89.355 97.245 89.146 90.823 90.518 90.460 90.386 90.322 82.268 59.230 0.000 0.000 0.000 0.000 0.000 0.000 0.000 0.000 0.000 50.903 45.884 39.849 37.800 40.737 40.658 56.558 49.424 40.245 41.078 38.929 45.794 45.671 42.559 36.474 39.406 39.350 41.302 55.259 74.221 76.186 79.154
59.325 57.274 57.227 57.187 60.159 30.156 27.124 59.039 63.965 57.905 55.851 62.796 72.740 75.689 0.000 0.000 0.000 0.000 0.000 0.000 0.000 20.790 27.790 29.790 0.000 0.000 0.000 72.587 80.523 90.435 91.427 90.465 97.641 97.448 90.176 90.881 90.744 90.668 90.595 90.529 72.466 54.410 0.000 0.000 0.000 0.000 0.000 0.000 0.000 0.000 0.000 49.076 47.052 47.012 43.961 36.900 38.827 39.732 55.592 55.317 52.115 48.949 41.804 40.669 37.533 38.455 39.397 43.349 63.307 75.270 75.237 76.208 75.183
73.414 72.362 71.316 69.276 66.243 67.215 67.176 64.119 65.061 67.006 66.954 72.901 74.843 32.766 0.000 0.000 0.000 0.000 0.000 0.000 0.000 0.000 0.000 0.000 0.000 11.097 19.018 73.838 90.730 91.639 91.589 90.817 97.819 89.648 91.325 91.014 90.950 90.870 90.799 88.732 70.658 41.534 0.000 0.000 0.000 0.000 0.000 0.000 0.000 0.000 0.000 39.274 43.234 46.185 47.132 46.076 43.016 38.953 32.895 0.000 0.000 0.000 0.000 0.000 41.449 39.416 42.378 63.342 76.308 75.277 76.250 79.226 75.206
69.497 71.446 70.400 72.359 74.321 73.286 72.246 70.200 68.152 68.105 69.058 65.010 64.964 0.000 0.000 0.000 0.000 0.000 0.000 0.000 0.000 0.000 0.000 0.000 0.000 60.176 83.119 82.016 90.923 91.811 91.938 90.040 97.986 91.741 91.347 91.225 91.142 91.066 90.998 86.941 66.900 0.000 0.000 0.000 0.000 0.000 0.000 0.000 0.000 0.000 46.654 41.510 38.427 40.363 45.306 47.255 47.208 48.168 39.141 0.000 0.000 0.000 0.000 0.000 42.398 40.382 56.358 77.332 75.306 75.281 75.259 76.240 75.223
57.575 57.524 58.479 65.437 74.398 80.361 68.323 62.283 57.243 55.203 54.163 60.116 39.040 0.000 0.000 0.000 0.000 0.000 0.000 0.000 0.000 0.000 0.000 0.000 0.000 66.311 82.265 90.189 92.102 92.070 91.199 98.281 98.140 93.758 91.565 91.405 91.329 91.253 91.186 86.133 61.101 0.000 0.000 0.000 0.000 0.000 0.000 0.000 0.000 46.919 41.798 41.687 41.601 40.532 37.476 42.430 46.393 47.369 44.361 0.000 0.000 0.000 0.000 45.352 39.362 43.356 71.341 75.322 75.303 75.283 75.266 75.250 75.237
56.647 56.598 60.553 65.512 67.474 70.437 60.402 56.367 57.333 57.302 59.274 37.253 0.000 0.000 0.000 0.000 0.000 0.000 0.000 0.000 0.000 0.000 0.000 0.000 0.000 52.493 81.441 91.371 92.269 92.398 90.507 98.412 91.304 92.979 91.660 91.595 91.508 91.431 91.361 82.305 55.271 0.000 0.000 0.000 0.000 0.000 0.000 0.000 46.151 42.039 41.933 41.837 41.757 41.690 41.637 38.594 37.565 40.554 47.572 47.657 0.000 0.000 0.000 39.342 40.343 58.338 75.327 74.314 74.299 75.284 75.270 75.258 75.248
56.716 56.668 58.625 59.584 57.547 56.512 57.480 56.449 56.422 56.398 61.379 6.367 0.000 0.000 0.000 0.000 0.000 0.000 0.000 0.000 0.000 0.000 0.000 0.000 3.863 60.728 89.638 92.554 92.524 91.654 98.649 98.535 94.301 92.003 91.858 91.770 91.682 91.600 92.523 72.454 60.407 0.000 0.000 45.762 0.000 45.525 47.480 47.396 42.262 42.154 42.058 41.972 41.898 41.836 41.785 41.746 40.720 37.710 46.718 47.742 40.742 0.000 0.000 47.331 39.330 47.325 53.317 56.307 60.295 66.284 72.273 74.263 74.255
57.780 57.734 57.692 57.654 57.618 56.586 56.556 56.529 56.506 55.488 63.476 14.471 0.000 0.000 0.000 0.000 0.000 0.000 0.000 0.000 0.000 0.000 0.000 0.000 44.999 80.915 91.830 92.719 92.860 90.951 98.752 91.752 93.427 92.112 92.037 91.942 91.852 91.763 92.675 64.583 42.495 0.000 0.000 41.763 0.000 40.570 42.521 42.444 42.349 42.258 42.173 42.096 42.028 41.970 41.922 41.885 39.860 41.847 47.846 44.852 0.000 0.000 0.000 46.322 45.320 44.316 43.309 42.301 41.292 45.283 56.274 52.266 54.260
55.840 55.797 55.757 55.720 55.686 55.656 55.628 56.605 58.586 60.573 35.567 2.568 0.000 0.000 0.000 0.000 0.000 0.000 0.000 3.234 12.225 0.000 0.000 15.358 56.217 87.110 93.007 92.996 92.023 98.932 98.846 94.742 92.449 92.300 92.207 92.113 92.020 91.927 87.832 34.707 0.000 0.000 0.000 41.763 47.743 42.663 42.589 42.511 42.432 42.354 42.280 42.211 42.148 42.094 42.048 42.013 38.988 47.973 47.967 43.968 0.000 0.000 0.000 45.315 44.313 45.308 45.303 45.296 45.289 45.282 44.275 44.269 43.264
56.896 56.856 59.818 63.783 66.752 70.723 72.697 75.676 74.660 66.650 4.650 15.667 39.723 7.748 0.000 0.000 0.000 0.000 0.000 43.242 70.217 10.178 0.000 49.500 82.401 92.292 93.192 93.122 92.345 99.005 91.178 92.865 92.549 92.474 92.377 92.282 92.187 93.093 80.018 0.000 0.000 0.000 0.000 21.783 41.803 42.751 44.661 44.579 42.513 42.448 42.382 42.319 42.260 42.208 42.165 39.130 44.105 47.089 48.083 39.084 0.000 0.000 0.000 29.311 50.307 50.303 47.298 44.292 44.286 45.280 46.274 46.270 45.265
58.950 57.912 64.877 73.844 74.814 73.786 72.762 71.742 68.727 62.718 37.717 54.728 72.753 41.773 25.795 1.804 0.000 0.000 14.314 53.275 67.224 6.138 24.976 66.741 91.592 94.476 93.317 93.528 91.504 99.067 93.163 92.878 92.731 92.639 92.546 92.452 92.352 94.240 38.129 0.000 0.000 0.000 0.000 0.000 37.935 43.878 24.724 24.632 41.594 42.542 42.482 42.422 42.365 42.315 41.272 39.238 48.212 48.196 45.191 39.202 45.249 0.000 0.000 0.000 61.301 76.298 69.293 65.288 61.283 57.278 60.274 60.270 43.266
59.000 58.965 61.933 64.902 63.873 61.847 59.823 57.803 55.788 55.777 64.773 66.776 63.786 60.797 64.808 12.813 0.000 0.000 54.353 84.321 35.264 31.176 65.049 88.895 93.762 93.617 93.735 91.690 99.150 91.567 93.282 92.970 92.899 92.805 92.716 92.627 95.531 52.385 0.000 0.000 0.000 0.000 0.000 0.000 40.124 45.102 0.000 0.000 38.689 42.644 42.583 42.521 42.465 42.415 39.372 47.337 48.310 47.292 38.283 42.284 42.296 0.000 0.000 0.000 29.298 59.295 77.289 76.284 76.280 76.276 76.272 70.269 60.267
59.049 59.017 58.987 57.957 57.930 58.904 58.881 58.860 56.843 57.830 62.821 65.817 61.818 56.822 59.826 14.828 0.000 0.000 46.424 56.392 34.334 67.253 82.149 91.029 93.912 93.843 92.941 99.520 99.289 92.558 93.287 93.145 93.058 92.970 92.886 92.810 95.759 0.000 0.000 11.128 20.128 0.000 0.000 41.431 44.335 43.303 50.343 0.000 38.830 42.761 42.684 42.616 42.557 40.507 42.464 48.428 48.400 40.378 41.364 42.356 42.354 0.000 0.000 0.000 0.000 0.000 59.285 75.280 75.277 75.274 75.271 76.268 76.266
59.097 59.068 59.039 59.011 58.985 58.960 58.936 57.914 56.895 60.877 64.863 64.854 59.849 55.847 60.846 13.844 0.000 0.000 42.527 11.488 58.429 82.353 88.263 94.169 94.018 94.227 92.216 99.727 91.976 93.688 93.376 93.308 93.217 93.131 93.047 99.969 83.936 0.000 7.127 57.128 43.128 0.000 0.000 36.528 44.482 43.434 43.382 49.261 47.039 45.886 42.776 42.701 42.642 39.592 47.549 48.512 44.482 39.458 42.439 42.423 44.410 48.421 0.000 0.000 0.000 0.000 0.000 72.275 75.273 75.271 75.269 76.267 74.265
59.146 59.119 59.091 59.064 59.038 59.013 57.989 56.966 58.944 62.922 65.901 61.885 56.875 55.870 58.867 40.858 27.835 28.779 24.671 25.603 65.539 86.468 92.390 94.280 94.418 92.409 100.088 99.915 92.981 93.695 93.550 93.461 93.373 93.288 98.202 41.083 56.079 26.117 57.127 65.129 0.000 0.000 0.000 35.670 44.631 43.571 43.489 53.363 64.180 37.967 47.835 43.769 40.717 42.670 48.627 47.590 38.558 41.533 42.510 42.487 29.443 30.432 0.000 0.000 0.000 0.000 0.000 53.271 74.270 75.268 75.267 79.265 75.264
59.196 59.169 59.142 59.116 59.090 59.066 57.042 57.018 60.994 67.966 68.934 64.911 59.898 57.892 57.892 59.887 59.869 68.831 9.772 43.715 81.657 88.591 94.520 94.486 93.617 100.397 100.247 93.335 94.117 93.781 93.708 93.613 93.527 93.448 101.389 0.000 39.182 41.144 31.134 33.131 0.000 0.000 0.000 38.851 44.800 43.729 49.640 65.522 42.351 0.000 28.829 41.823 39.787 47.743 48.700 44.662 41.629 42.603 42.584 44.571 0.000 0.000 0.000 0.000 0.000 0.000 45.269 26.269 65.267 75.266 75.264 80.263 75.262
59.246 59.219 59.193 59.167 59.142 58.117 57.093 59.070 66.046 43.015 18.959 17.927 14.911 44.909 61.924 56.928 59.923 40.905 2.872 48.830 86.779 92.727 94.616 94.858 92.882 100.535 93.668 94.446 94.015 93.957 93.853 93.760 93.671 94.589 92.517 14.461 14.321 0.000 0.000 0.000 0.000 0.000 38.221 46.083 43.991 42.906 62.818 66.735 0.000 0.000 0.000 37.907 43.866 48.816 48.768 38.727 42.694 42.668 42.651 45.641 0.000 0.000 0.000 0.000 0.000 0.000 24.269 0.000 53.264 75.263 75.262 81.261 75.260
59.296 59.269 59.243 59.218 58.193 57.168 59.145 62.123 70.104 29.089 0.000 0.000 0.000 0.000 43.966 58.978 59.989 45.994 47.981 73.952 90.913 94.838 95.011 93.033 100.778 100.662 94.648 94.343 94.196 94.094 93.997 93.903 93.810 96.718 81.629 10.545 0.000 0.000 0.000 0.000 0.000 0.000 38.360 45.268 44.174 42.085 69.993 30.864 0.000 0.000 44.146 49.034 48.952 48.886 46.831 41.786 42.751 42.725 42.709 44.703 0.000 48.785 0.785 0.000 0.000 0.000 0.000 0.000 46.261 75.261 75.260 75.260 75.259
59.345 59.319 59.293 59.268 58.243 57.218 61.195 65.174 69.158 27.149 0.000 0.000 0.000 0.000 23.998 67.029 62.061 68.101 81.106 90.086 94.048 95.055 94.205 100.983 100.884 93.981 94.758 94.417 94.335 94.233 94.137 94.044 97.949 60.843 32.736 0.000 0.000 0.000 0.000 0.000 0.966 40.774 45.590 44.457 46.351 43.267 67.206 0.000 0.000 39.400 46.259 62.128 51.024 47.944 43.882 41.834 41.798 42.773 42.759 42.757 47.778 43.785 34.785 0.000 0.000 0.000 42.257 44.257 43.258 75.259 75.259 75.258 75.258
59.393 59.368 59.343 59.318 57.292 59.267 65.242 66.220 64.205 51.200 12.216 0.000 0.000 0.000 0.000 20.078 16.127 56.241 87.258 91.238 95.179 95.349 93.473 101.072 93.290 95.071 94.638 94.575 96.465 95.367 94.275 94.188 100.097 22.970 0.000 0.000 0.000 0.000 0.000 22.181 61.094 60.930 48.770 45.617 56.509 51.424 52.359 13.333 1.119 37.541 42.363 53.195 49.073 52.985 46.920 49.871 48.835 45.810 42.795 41.789 41.792 47.793 0.000 0.000 0.000 0.000 39.257 39.257 49.257 75.257 75.257 75.257 75.257
