results3_8e3_rain/res_3e8f-0153.wd
ncols         241
nrows         181
xllcorner     12693529.787448
yllcorner     3542525.717860
cellsize      155.156523
NODATA_value  -9999.000000
[rows 132 to 164 of 181, columns 0 to 72 of 241]
95.731 100.730 104.730 104.729 106.728 106.727 100.725 91.723 77.721 66.719 65.716 66.713 65.709 64.705 69.700 83.695 94.689 99.682 99.674 96.665 88.654 79.641 70.625 64.605 69.579 71.549 70.513 71.473 69.439 64.408 78.377 101.348 68.323 0.000 0.000 0.000 8.080 60.073 72.068 69.047 71.031 77.022 95.022 81.028 65.036 64.047 64.061 76.077 97.095 38.114 11.137 6.171 0.000 0.000 0.000 0.000 0.000 0.000 0.000 0.000 0.000 0.000 2.494 0.494 27.494 7.424 11.354 52.260 75.121 79.023 78.917 89.005 116.472
73.735 75.735 78.734 84.733 94.732 100.731 105.729 105.728 98.725 84.723 73.720 67.717 71.713 78.709 91.704 106.699 105.693 102.686 102.677 105.668 105.657 101.644 89.628 77.610 69.587 64.562 65.533 64.503 65.475 73.450 95.427 103.408 15.396 0.000 0.000 0.000 18.086 46.093 64.119 73.116 74.103 71.090 72.093 82.098 77.104 70.111 74.120 82.130 95.142 36.157 22.175 28.205 8.236 0.000 0.000 0.000 0.000 0.000 0.000 0.000 0.000 0.000 0.000 0.000 9.577 0.000 59.381 81.304 77.187 86.162 77.227 116.592 105.353
65.739 65.739 65.739 67.738 72.737 76.735 83.734 92.732 100.730 103.727 97.724 95.721 97.717 100.713 99.708 92.703 83.697 81.690 81.682 86.672 92.662 99.649 102.635 101.618 90.599 80.577 75.554 73.531 82.509 98.489 99.473 85.461 18.456 0.000 0.000 0.000 0.000 0.000 47.201 74.192 53.176 41.143 56.162 71.169 86.172 90.174 92.177 93.181 89.187 16.195 3.203 31.238 28.267 16.299 22.315 16.324 0.000 0.000 0.000 0.000 0.000 0.000 43.802 13.751 79.659 101.597 134.453 90.429 85.484 66.443 102.510 107.032 106.941
66.744 66.744 66.743 66.742 65.741 64.740 66.739 71.737 77.735 87.732 97.729 99.726 92.722 82.718 76.713 68.708 64.702 64.695 64.687 66.678 71.668 77.657 84.644 96.629 101.612 103.595 102.576 98.558 101.541 94.526 76.514 68.509 47.512 5.534 0.000 0.000 0.000 0.000 40.292 73.276 16.265 0.000 49.244 74.242 93.239 101.236 87.232 90.229 76.230 34.234 0.255 58.276 27.296 19.313 30.324 30.332 1.345 0.000 0.000 0.000 0.000 30.907 49.853 122.794 151.717 134.601 118.157 117.105 108.777 107.420 107.298 107.170 72.393
66.749 66.749 66.748 66.747 66.747 66.745 66.744 65.742 65.740 68.737 74.734 73.731 69.727 65.723 65.719 65.714 66.708 66.701 66.694 66.686 65.676 64.666 66.654 72.641 79.627 88.613 96.598 92.583 81.570 69.559 65.550 70.547 78.548 54.556 32.563 32.553 18.527 19.480 55.399 76.356 26.343 8.357 68.328 100.316 102.308 81.299 84.288 83.273 71.269 60.276 11.285 39.296 13.326 1.349 14.336 1.342 3.359 1.360 0.000 0.000 0.000 11.962 74.909 80.829 76.817 77.978 75.954 107.744 107.642 107.534 74.735 77.515 79.388
66.754 66.754 66.753 66.753 66.752 66.751 66.749 66.747 66.745 66.743 65.740 65.737 65.733 66.729 66.725 66.720 66.714 66.708 66.702 66.694 66.686 66.676 66.666 65.655 64.643 65.631 69.619 67.607 66.597 70.588 73.582 72.579 70.578 72.580 72.579 69.569 69.549 73.515 48.466 34.405 23.394 41.401 86.394 100.386 80.377 73.365 72.347 52.306 48.297 11.317 0.000 0.000 1.455 3.466 0.000 0.000 7.377 22.362 37.323 7.263 21.186 84.042 91.031 89.105 87.092 88.174 107.934 107.841 88.976 95.769 88.625 94.400 86.243
66.760 66.759 66.759 66.758 66.757 66.756 66.755 66.753 66.751 66.749 66.746 66.743 66.739 66.736 66.731 66.727 66.722 66.716 66.710 65.703 72.696 74.687 66.678 65.669 64.659 65.649 67.640 70.630 73.622 72.616 67.611 68.608 75.607 78.606 74.603 68.596 65.583 74.565 5.547 0.000 8.426 81.458 90.462 77.458 69.449 89.438 35.429 0.000 0.000 1.509 2.546 2.549 2.528 3.519 0.000 0.000 32.411 74.387 103.346 64.287 97.175 105.336 102.301 101.393 108.195 108.112 108.025 101.058 102.937 102.637 101.500 100.434 18.353
66.765 66.765 66.765 66.764 66.763 66.762 66.761 66.759 66.757 66.755 69.753 69.749 67.746 71.742 69.738 66.734 66.730 66.725 65.719 63.713 74.706 82.699 68.692 65.684 67.675 70.667 72.660 71.653 68.646 70.642 75.638 77.636 78.635 78.634 73.632 67.629 76.622 95.615 14.609 0.000 0.000 55.542 78.540 75.534 79.523 99.509 33.501 0.000 2.573 2.559 2.571 2.574 2.555 4.562 0.000 30.518 82.472 98.426 101.362 106.365 103.535 100.528 108.422 108.350 108.275 100.364 101.151 102.026 101.709 101.683 94.617 71.526 0.000
66.771 66.771 66.771 66.770 66.769 66.768 66.767 66.766 66.764 67.762 74.759 74.756 51.753 19.749 40.745 70.742 64.738 67.734 73.729 76.724 76.718 72.712 68.705 69.698 72.691 71.685 70.679 72.674 76.669 76.666 78.664 77.663 68.663 63.663 65.664 78.663 97.663 107.663 29.665 0.000 0.000 30.628 86.622 88.614 95.599 94.575 30.566 0.000 2.588 0.609 1.618 2.619 0.000 8.613 34.609 78.572 100.500 103.523 102.618 102.626 101.722 108.558 108.492 100.564 101.366 102.231 102.020 101.877 101.836 93.771 85.731 0.000 0.000
66.777 66.777 66.777 66.776 66.776 66.775 66.774 66.773 66.771 68.769 77.767 88.764 64.760 1.757 7.751 55.750 81.747 73.744 71.740 71.735 69.730 68.724 70.719 72.713 70.707 66.702 68.698 80.694 82.691 72.689 66.689 63.689 63.691 68.693 82.695 98.699 95.703 79.710 51.723 19.753 13.754 57.719 86.708 68.701 59.683 51.626 16.621 0.753 0.675 21.669 12.664 2.666 0.000 27.668 78.650 100.577 102.782 101.781 101.895 108.748 108.687 108.624 100.623 102.510 102.224 102.100 102.047 101.977 95.903 82.842 72.806 0.000 0.000
66.784 66.784 66.783 66.783 66.782 66.782 66.781 66.780 66.779 68.777 78.775 65.772 21.766 3.767 0.000 23.760 77.758 69.754 71.750 70.746 68.742 71.737 72.732 69.728 66.723 62.719 72.715 86.713 73.711 63.711 64.712 69.714 79.718 90.722 101.727 94.733 72.741 67.751 86.765 93.782 94.789 98.787 73.790 34.798 6.807 0.000 0.933 0.946 0.000 34.680 21.692 1.745 32.768 78.717 100.748 102.947 101.972 108.914 108.861 108.806 100.887 101.687 102.579 102.279 102.266 102.208 102.135 103.046 90.968 61.885 50.845 8.845 2.845
65.790 65.790 66.790 66.789 66.789 66.788 66.788 66.787 66.786 69.785 79.784 50.783 0.000 9.779 47.779 49.773 66.769 68.765 56.762 38.758 76.754 71.750 67.746 66.742 64.738 66.735 82.732 85.731 67.731 70.732 82.735 91.739 100.744 98.750 86.757 72.765 65.776 81.788 85.803 73.820 54.835 52.849 40.867 20.895 9.940 4.034 2.078 22.104 17.119 0.000 0.000 26.832 78.878 101.994 103.025 101.144 109.014 108.965 101.047 101.860 102.740 102.548 102.427 102.405 102.354 102.304 105.236 69.106 49.037 0.000 0.000 0.000 0.000
74.797 72.797 69.796 67.795 64.795 64.796 64.795 64.795 63.794 68.794 80.793 63.793 44.794 52.789 70.787 66.783 63.780 69.776 64.773 51.770 71.767 65.763 64.760 64.756 66.753 80.750 88.748 54.747 46.748 96.751 101.756 96.762 85.769 75.776 67.785 63.796 74.808 86.823 54.840 29.860 12.881 3.906 20.936 19.974 10.023 11.084 14.127 42.148 26.133 0.000 0.000 59.117 101.155 100.286 109.153 109.108 109.062 101.082 102.977 102.704 102.597 102.568 104.526 99.477 101.448 102.421 113.400 0.000 0.000 0.000 0.000 0.000 0.000
75.805 77.804 83.802 84.801 84.802 81.803 82.803 81.803 80.802 80.802 82.801 65.801 69.800 68.798 65.796 68.793 68.790 67.787 72.785 74.782 68.779 62.776 64.773 66.771 80.768 85.765 74.763 68.762 77.764 100.769 83.776 74.784 66.793 64.802 66.812 65.825 79.839 88.855 52.875 28.898 16.925 18.957 21.996 14.043 15.095 21.151 23.197 16.227 0.000 0.000 37.362 79.377 109.273 109.235 109.195 101.313 102.121 103.021 102.730 102.728 103.687 103.642 76.599 54.538 89.538 103.532 108.541 48.598 0.000 0.000 0.000 0.000 0.000
68.813 62.812 15.806 17.806 26.809 73.811 70.811 70.811 70.811 74.810 83.810 64.809 65.808 64.807 67.805 71.803 72.800 70.798 69.796 72.794 73.792 70.790 64.787 81.785 87.782 78.779 84.776 101.775 98.778 80.785 68.796 64.806 66.816 66.826 65.838 70.851 86.867 88.885 80.906 83.932 54.963 17.001 9.049 8.105 20.165 27.227 17.285 14.337 6.362 32.513 80.538 109.343 109.309 101.454 102.264 103.152 102.966 102.853 102.839 103.793 101.753 95.714 20.693 0.000 71.632 106.629 103.636 102.655 0.000 0.000 0.000 0.000 0.000
66.823 58.823 0.000 0.000 8.819 69.819 65.819 65.819 65.819 69.819 83.818 61.818 65.817 69.815 71.814 72.813 69.811 66.809 64.808 66.806 76.805 89.803 84.801 85.799 62.797 56.792 108.787 94.784 61.786 21.796 41.816 69.828 66.838 66.849 68.861 61.876 45.892 35.911 47.934 87.960 63.993 17.037 12.094 7.164 16.233 21.306 15.381 20.446 20.528 58.649 109.394 100.642 104.381 103.287 103.102 102.993 102.970 102.935 103.895 103.859 68.820 44.767 30.766 33.773 84.730 105.716 101.717 92.732 10.766 0.000 0.000 0.000 0.000
66.834 66.835 49.840 0.000 9.828 70.828 66.828 66.828 65.828 66.827 81.827 68.826 71.826 73.825 72.824 67.823 64.821 65.820 65.819 64.818 74.817 97.816 93.816 80.815 73.813 64.808 40.794 29.789 16.787 0.000 22.846 71.852 66.860 68.871 51.883 25.898 10.915 7.935 49.957 66.983 36.014 8.059 11.126 16.222 23.298 19.382 13.485 6.580 9.881 57.880 109.459 103.530 103.292 103.115 103.100 103.066 103.026 102.990 100.956 91.926 24.903 0.000 41.832 100.822 105.800 103.787 97.784 87.789 5.800 0.000 0.000 0.000 0.000
63.842 65.843 62.845 0.000 5.837 70.837 65.837 63.837 65.836 69.836 73.836 72.835 72.835 70.834 64.833 65.833 65.832 66.831 66.831 71.830 89.830 88.830 81.830 90.831 88.831 59.832 0.000 0.000 0.000 0.000 20.869 71.873 66.881 69.890 40.903 2.918 36.935 62.955 82.977 52.000 4.019 0.149 0.224 5.301 15.356 15.443 15.563 9.828 6.567 109.642 109.553 102.435 103.283 103.185 103.152 103.115 103.079 105.044 90.013 72.985 32.964 8.954 56.907 86.882 95.862 104.849 93.843 82.842 4.844 0.000 0.000 0.000 0.000
70.850 68.851 57.851 0.000 56.847 64.846 66.846 70.845 71.845 72.845 70.845 71.844 69.844 65.843 65.843 66.843 66.842 65.842 67.842 90.842 89.842 71.843 84.844 82.847 86.850 84.857 47.875 3.886 12.892 42.893 47.889 67.892 66.898 66.908 61.920 53.935 70.953 69.973 63.996 86.021 34.043 0.168 0.244 9.328 14.382 12.465 13.570 37.728 62.128 109.726 104.761 104.511 104.251 103.239 103.200 103.165 104.130 102.096 57.065 34.037 46.013 46.991 100.961 102.937 82.918 92.904 87.896 60.892 25.891 0.000 0.000 0.000 0.000
71.858 72.858 69.859 57.860 71.857 71.855 71.855 72.854 72.854 73.854 85.853 67.853 65.853 65.853 66.853 66.853 66.853 67.853 81.853 92.854 67.855 71.856 98.858 90.861 78.865 81.872 84.882 68.890 73.896 88.900 81.902 69.906 62.913 62.922 73.934 89.949 76.967 48.989 21.014 76.044 65.087 14.160 17.228 22.304 18.377 9.468 11.538 52.820 105.066 109.804 101.741 104.393 105.323 103.286 103.250 103.214 96.179 86.146 43.115 14.086 23.060 24.035 85.009 126.987 107.968 83.954 75.944 54.939 63.936 16.936 0.000 3.113 7.113
76.865 76.865 72.865 72.865 72.864 73.864 73.863 69.863 66.863 65.862 28.862 18.862 69.862 66.862 66.863 66.863 65.863 68.863 92.864 78.865 63.866 69.868 86.870 103.874 98.878 95.884 93.891 89.897 85.903 84.907 92.912 89.917 83.925 79.934 82.946 86.961 48.979 13.000 12.025 28.056 24.102 9.164 18.220 28.284 24.358 15.460 8.617 51.866 109.949 109.878 104.634 106.478 103.367 103.335 104.298 100.262 84.227 77.194 83.163 89.133 73.106 95.080 110.055 127.033 136.014 119.999 81.989 86.982 61.979 0.000 0.000 0.000 0.000
15.872 16.872 76.871 71.872 71.872 66.872 63.871 65.871 60.871 13.871 13.871 2.871 70.872 66.872 66.872 66.873 66.873 84.874 91.875 64.876 66.878 66.880 69.882 75.885 77.889 77.894 73.900 76.905 92.911 85.916 76.921 79.927 86.934 90.944 93.955 90.970 65.987 31.009 14.031 13.052 0.000 2.172 13.206 22.252 6.305 0.000 21.819 82.063 110.017 101.975 105.702 105.439 103.423 103.382 104.345 99.308 86.274 52.240 59.208 102.178 113.150 145.123 136.098 108.076 96.056 113.041 92.029 86.022 61.019 0.052 0.000 0.000 0.000
2.880 11.879 25.876 80.879 65.880 63.880 65.880 65.880 66.880 13.880 4.880 59.880 67.881 66.881 66.882 66.882 68.883 92.884 77.885 63.887 66.888 66.891 66.893 65.896 65.900 65.904 64.909 71.914 100.919 79.924 10.929 18.935 30.942 81.951 91.961 75.975 80.992 68.015 20.040 17.068 2.105 7.146 20.179 12.215 0.000 0.000 39.980 110.148 110.084 104.858 106.598 102.507 103.468 103.429 103.391 103.354 90.319 53.285 68.252 105.221 101.192 135.164 130.138 99.115 104.095 90.078 71.065 89.058 67.057 1.074 0.000 0.000 0.000
64.888 60.888 0.000 72.888 82.888 83.888 64.888 76.888 83.888 59.889 57.889 67.889 66.890 66.891 66.891 66.892 85.893 89.894 64.895 66.897 65.899 64.901 66.904 66.907 66.910 66.914 65.918 73.922 102.927 83.931 29.936 2.942 53.948 78.956 91.965 70.977 60.993 20.018 13.047 16.073 14.102 22.129 26.148 0.187 0.000 18.900 81.150 110.211 102.114 105.836 105.578 103.556 103.513 103.473 103.435 104.398 95.362 84.328 107.295 132.263 120.232 137.204 134.177 128.152 135.129 101.111 78.096 88.087 96.085 25.091 0.000 0.000 0.000
66.896 65.897 60.900 66.897 65.896 13.896 87.896 79.896 66.897 67.897 67.898 66.898 66.899 66.900 66.901 69.902 92.903 75.904 65.905 66.907 72.909 80.911 66.914 64.917 66.920 65.923 68.927 92.931 100.935 75.939 63.943 51.948 73.953 72.959 33.966 18.974 15.983 0.000 5.057 5.077 6.100 7.121 9.134 0.000 21.960 79.113 101.284 110.272 103.076 103.719 103.641 103.598 103.557 103.517 103.478 104.441 95.405 78.370 74.336 107.303 97.271 111.241 114.213 102.186 104.161 76.139 53.122 67.110 134.105 87.105 22.109 12.111 34.112
66.904 66.904 66.905 66.904 66.904 60.904 76.904 92.905 68.905 65.906 66.906 66.907 66.908 66.909 65.910 88.911 90.912 64.914 66.915 67.916 64.919 26.921 85.924 80.926 67.929 65.932 83.936 102.939 86.942 66.946 66.950 67.954 70.957 74.962 11.966 12.970 0.000 2.042 17.046 0.000 0.076 0.000 0.000 0.000 45.074 102.248 110.387 110.330 102.961 103.795 103.678 103.641 103.599 103.559 103.520 102.483 87.446 89.410 109.375 128.342 127.309 132.278 137.247 124.217 122.189 109.163 58.142 56.127 132.119 96.115 34.112 27.112 92.113
66.911 66.911 66.911 66.911 66.912 66.912 66.912 77.913 92.913 68.914 65.915 66.916 66.917 64.918 72.919 93.921 73.922 65.923 67.924 65.925 7.928 4.931 73.934 74.936 80.939 79.941 87.944 86.947 67.950 65.953 67.956 70.959 75.962 75.964 0.000 0.000 0.000 4.039 28.039 15.037 16.036 15.036 0.000 6.198 53.330 107.465 110.442 102.299 104.013 103.748 103.727 103.682 103.641 103.600 103.561 103.523 89.486 85.450 106.414 107.380 107.346 110.313 110.280 109.248 114.215 87.182 63.156 78.138 93.128 32.123 0.000 0.000 36.114
66.918 68.918 68.918 66.918 66.919 66.919 66.920 66.921 77.922 92.922 68.924 63.925 63.926 80.927 92.929 86.930 63.932 66.933 62.933 8.932 5.938 59.941 66.943 66.946 72.948 89.950 89.953 82.955 75.957 67.960 54.962 24.965 89.967 69.968 0.000 0.000 0.000 3.035 17.035 10.036 24.036 13.036 0.000 6.359 26.448 110.549 110.496 103.168 103.902 103.807 103.765 103.722 103.680 103.640 103.601 104.563 99.525 89.489 84.453 83.417 83.382 83.348 83.313 87.279 61.241 5.195 31.161 87.143 83.132 44.126 6.124 0.000 35.115
67.925 4.925 5.924 66.926 65.926 64.927 64.928 63.929 63.930 76.931 91.932 84.933 91.935 93.936 80.938 64.940 71.942 71.943 59.945 0.000 7.950 70.952 66.954 68.955 92.957 99.959 77.961 68.963 75.965 82.967 70.969 6.971 49.973 67.974 0.000 0.000 0.000 4.030 10.032 7.034 21.035 0.000 0.000 6.455 11.782 110.601 108.419 104.132 103.873 103.849 103.803 103.760 103.719 103.679 103.640 103.602 104.564 103.527 101.490 100.454 100.417 101.382 103.347 77.312 19.277 0.000 16.150 72.139 103.131 94.125 67.122 43.118 60.116
66.933 65.933 0.933 65.934 76.934 80.935 84.935 89.936 92.938 93.939 93.940 93.942 79.944 66.945 82.947 99.949 100.952 100.954 93.957 71.963 6.962 67.962 65.963 74.965 102.966 89.968 66.969 65.971 67.973 70.974 61.976 6.977 26.979 26.981 0.000 0.000 0.000 10.024 5.028 0.000 4.035 0.000 14.451 15.710 6.358 110.651 112.369 108.007 103.928 103.883 103.840 103.798 103.757 103.717 103.678 103.640 103.602 103.565 103.528 103.490 104.452 107.416 79.381 12.347 0.000 5.085 0.000 17.133 73.127 104.123 95.119 71.117 48.116
66.940 68.940 64.942 66.941 81.941 80.942 76.943 72.944 71.945 67.947 88.949 78.950 89.952 80.954 96.957 92.959 85.961 86.964 97.967 103.970 92.971 93.972 85.973 93.974 101.976 74.977 65.978 66.979 66.980 65.981 65.982 67.984 62.986 11.989 71.996 63.002 2.007 4.014 0.000 0.000 0.000 5.393 83.453 80.661 110.743 110.698 106.246 107.075 103.957 103.919 103.875 103.834 103.793 103.754 103.715 103.677 103.640 103.603 103.566 105.526 110.484 79.448 19.415 0.000 0.000 2.085 1.085 0.000 14.123 65.118 100.116 50.114 0.000
68.947 4.947 63.948 66.948 66.948 66.949 65.950 66.951 68.953 66.955 78.957 73.959 82.961 93.963 81.966 66.968 67.971 68.974 69.976 74.979 87.981 97.982 103.983 101.984 90.985 66.986 66.986 66.987 66.988 66.988 67.989 90.990 63.991 3.994 67.997 18.002 12.006 5.010 0.000 0.000 0.000 15.363 103.569 105.778 110.787 104.578 104.285 104.019 103.998 103.951 103.909 103.868 103.828 103.790 103.752 103.714 103.678 103.642 105.605 90.566 44.510 11.479 0.000 4.085 2.086 22.085 29.085 0.000 0.000 36.112 98.111 50.110 0.000
69.953 2.953 63.954 66.954 66.955 66.956 66.957 67.959 5.960 65.962 69.965 80.967 80.969 88.972 93.975 79.978 64.980 64.983 64.986 66.989 68.990 69.992 70.993 70.994 69.994 68.994 64.994 64.995 65.995 66.995 77.995 91.995 62.996 56.997 58.998 0.000 0.000 5.010 0.000 0.000 0.000 19.440 102.559 110.872 110.830 103.436 104.165 104.070 104.027 103.984 103.942 103.902 103.863 103.825 103.788 103.751 103.715 103.681 108.648 64.622 0.000 0.000 2.086 0.085 2.086 17.086 24.086 0.000 0.000 39.107 99.106 58.106 0.000
