results3_8e3_rain/res_3e8f-0092.wd
ncols         241
nrows         181
xllcorner     12693529.787448
yllcorner     3542525.717860
cellsize      155.156523
NODATA_value  -9999.000000
[rows 33 to 65 of 181, columns 146 to 218 of 241]
61.230 60.462 60.209 60.870 27.557 39.257 60.976 54.699 33.334 0.000 0.000 18.972 0.000 0.000 15.991 41.006 28.008 0.000 0.000 0.000 32.620 40.593 0.000 25.237 17.186 18.108 21.975 30.837 48.684 39.572 34.466 29.379 30.306 30.241 29.181 28.122 27.053 34.951 44.840 36.767 36.698 34.618 13.527 27.443 35.343 0.000 3.876 8.056 31.666 29.332 34.012 43.688 36.338 30.886 0.000 0.000 13.022 13.223 20.110 0.000 0.000 0.000 0.000 0.000 0.000 0.000 0.000 0.000 0.000 0.000 0.000 0.000 0.000
61.120 60.883 60.556 61.250 38.954 56.679 59.440 53.271 0.000 0.000 0.000 20.972 0.000 0.000 0.000 25.046 25.038 33.028 0.000 45.720 33.648 20.567 29.445 20.306 18.204 18.100 16.979 18.852 46.722 44.607 44.501 46.409 39.328 41.255 40.186 40.118 40.044 40.961 44.876 42.803 43.736 38.672 15.612 14.570 0.000 0.000 0.494 13.848 21.611 16.319 22.015 34.715 34.441 32.249 0.000 0.000 0.000 18.790 0.000 0.000 0.000 0.000 0.000 0.000 0.000 22.303 21.321 23.340 13.355 16.363 0.000 0.000 0.000
61.536 61.216 60.914 60.616 60.331 61.066 52.835 39.674 0.000 0.000 0.000 0.000 0.000 0.000 0.000 22.095 19.070 32.019 36.922 28.792 37.686 35.580 16.462 17.338 18.223 18.109 29.990 33.869 37.747 30.631 27.524 37.428 11.342 18.264 13.190 13.119 13.046 15.972 41.899 30.833 28.773 30.721 15.678 17.654 0.000 0.000 9.873 66.861 0.000 0.000 0.000 0.000 35.464 34.419 0.000 0.000 0.000 16.359 13.637 15.802 13.915 22.000 28.072 20.144 42.216 49.284 47.321 32.345 12.361 11.372 15.380 0.000 0.000
61.865 61.563 61.262 60.969 61.687 56.420 38.158 28.916 37.916 0.000 0.000 0.000 0.000 0.000 0.000 19.168 18.127 21.055 16.957 27.840 30.724 33.606 22.485 17.362 17.242 17.123 42.005 47.885 29.766 23.648 23.537 24.437 21.349 21.268 21.193 22.121 25.050 21.982 42.916 34.856 32.804 32.760 14.728 28.713 54.728 0.000 1.868 54.863 0.000 0.000 0.000 0.000 35.531 33.546 11.630 16.683 14.698 12.649 12.749 12.856 11.944 19.013 26.073 13.145 31.219 49.297 45.335 25.358 10.373 10.383 15.389 0.000 0.000
62.208 61.902 61.603 61.311 58.028 43.767 32.463 0.000 0.000 0.000 0.000 24.072 0.000 0.000 0.000 18.284 19.214 19.119 18.009 17.888 23.763 16.637 16.510 18.383 17.259 16.138 40.020 36.903 44.784 48.658 47.537 42.436 38.347 40.267 36.193 40.121 40.053 40.988 44.928 42.873 43.826 39.787 14.759 26.745 48.743 0.000 0.000 57.861 0.000 0.000 0.000 0.000 32.582 35.606 14.662 12.721 12.763 12.791 12.856 12.928 11.991 19.037 28.061 0.000 0.000 7.350 50.365 26.380 10.391 10.399 14.404 0.000 0.000
62.545 62.236 61.937 61.643 51.348 33.159 0.000 0.000 0.000 0.000 22.119 25.072 37.984 37.858 25.691 18.470 18.327 19.199 19.071 17.939 16.805 17.669 17.534 17.401 16.273 25.150 44.033 22.922 36.810 13.662 46.519 36.421 35.338 35.262 32.189 37.119 38.053 37.991 44.934 42.883 39.839 39.804 14.778 28.763 47.757 0.000 0.000 50.860 0.000 0.000 0.000 0.000 36.611 35.633 11.690 13.777 12.842 13.897 13.955 14.010 15.055 23.083 3.073 0.000 0.000 8.388 50.395 31.404 18.413 12.419 15.423 0.000 0.000
62.873 62.559 63.267 55.974 43.563 33.361 0.000 0.000 0.000 0.000 19.166 36.114 30.022 18.898 20.747 20.577 18.424 17.280 19.138 17.994 18.847 18.701 18.556 17.415 17.282 37.156 37.042 36.943 36.872 0.000 18.455 16.391 17.323 17.252 18.182 22.114 25.049 22.989 42.934 36.885 30.844 32.811 15.786 27.771 46.765 0.000 0.000 23.858 14.858 0.000 0.000 0.000 30.618 13.625 0.000 8.854 14.931 19.002 26.057 26.101 26.138 28.167 0.239 0.000 0.000 56.419 49.424 51.430 39.437 14.443 15.446 0.000 0.000
63.182 62.859 62.598 48.424 0.269 0.000 0.000 0.000 0.000 0.000 35.265 30.196 20.093 20.966 20.822 20.666 20.513 18.360 17.207 17.050 18.890 17.731 17.574 16.423 18.282 33.152 24.035 32.935 33.864 0.000 0.000 32.366 31.311 31.243 31.173 33.105 33.041 33.982 45.928 41.881 36.841 38.809 14.786 23.772 51.766 0.000 0.000 82.858 51.857 18.856 5.856 0.000 0.000 0.000 0.000 0.000 12.027 21.123 25.169 24.200 27.228 29.279 15.365 20.415 36.440 51.445 49.451 49.457 37.463 14.468 14.473 0.000 0.000
63.452 64.097 55.842 38.707 0.000 0.000 0.000 0.000 0.000 42.583 36.433 20.312 21.187 21.052 20.907 20.755 20.600 20.442 17.279 18.110 17.934 17.758 18.585 17.422 17.272 20.135 25.012 36.898 23.786 35.639 40.513 33.397 42.312 32.235 33.162 36.093 35.029 33.969 43.916 39.869 27.830 26.799 15.777 22.765 51.762 0.000 0.000 73.859 63.858 40.857 9.855 0.000 0.000 0.000 0.000 0.000 0.000 32.295 24.298 18.302 15.295 30.357 17.406 19.440 27.461 48.471 50.478 48.483 34.489 14.496 11.505 15.526 9.536
71.647 69.236 41.965 31.854 0.000 0.000 0.000 21.026 34.921 35.732 29.573 24.431 21.292 21.148 21.000 20.847 19.690 22.528 27.358 23.175 17.979 18.781 17.589 17.407 17.248 17.106 23.979 24.859 22.742 29.618 28.502 23.396 35.305 15.223 23.148 30.077 29.011 22.951 41.897 34.850 14.810 13.779 16.758 18.749 22.755 0.000 0.000 51.860 31.859 68.857 54.854 0.000 0.000 42.727 16.698 14.650 14.578 16.465 27.426 21.415 0.000 42.446 30.463 26.480 24.492 35.500 51.506 43.510 26.515 15.520 11.527 18.537 42.545
0.000 0.000 20.928 38.891 0.000 0.000 23.241 33.131 47.006 30.852 29.698 29.548 22.400 21.250 21.098 20.943 27.786 35.623 36.450 28.255 23.025 17.799 16.580 17.372 21.205 18.064 16.937 15.819 21.704 22.591 21.482 22.382 24.290 17.206 23.128 28.056 29.989 25.928 41.872 35.824 17.783 16.751 16.728 12.717 0.000 0.000 0.000 7.863 26.862 26.859 60.850 75.829 68.798 36.756 22.718 23.674 23.620 26.560 48.526 66.517 75.541 74.520 76.519 75.524 69.529 63.533 55.535 38.538 21.540 12.542 13.546 26.551 45.556
12.727 0.000 0.000 0.000 0.000 0.000 26.350 46.251 38.120 40.971 37.818 27.664 20.510 21.355 21.199 32.043 36.886 32.728 27.563 24.370 27.068 21.810 21.562 17.296 22.136 16.007 16.888 17.775 16.666 16.558 16.455 16.358 15.267 16.182 16.103 20.029 25.961 24.898 42.841 36.790 15.747 16.712 16.687 15.674 0.000 0.000 0.000 11.867 37.868 26.868 28.858 43.838 54.811 64.779 66.746 72.709 75.668 75.629 74.601 70.588 61.585 59.575 61.569 64.568 66.567 67.567 65.566 69.565 61.564 28.564 15.565 34.566 51.567
51.398 8.225 0.000 0.000 0.000 27.749 43.559 36.404 28.252 36.096 39.938 40.780 30.620 19.460 29.300 38.142 27.988 19.841 19.704 21.594 0.000 0.000 0.000 14.115 18.037 19.938 19.834 16.729 16.624 17.522 16.423 16.328 16.238 17.153 16.073 15.998 15.928 18.863 35.803 34.749 16.702 16.664 16.635 17.618 18.618 0.000 0.000 10.871 28.875 29.886 41.876 28.855 8.830 12.804 48.777 72.747 56.716 51.687 54.664 47.647 33.636 22.625 13.617 11.610 12.606 22.601 20.597 15.593 54.589 69.585 47.583 45.581 49.580
0.000 22.052 0.010 0.000 27.161 36.938 43.735 27.555 30.387 28.223 26.060 33.896 38.732 33.566 37.400 26.238 20.084 20.944 20.820 28.707 0.000 0.000 0.000 11.013 19.958 30.876 31.781 26.682 22.581 24.482 20.386 19.293 17.204 16.119 16.039 16.962 15.890 15.822 18.759 27.702 15.650 15.606 16.570 15.546 0.000 0.000 0.000 0.000 0.000 43.927 27.906 12.876 26.850 28.829 74.813 55.788 38.762 20.739 11.719 12.702 13.688 14.674 14.662 14.652 13.644 11.636 10.629 11.621 19.614 56.606 64.600 49.597 48.594
0.000 7.879 30.249 31.800 30.385 45.108 29.886 23.694 25.518 24.348 21.182 20.015 34.845 41.672 44.497 32.325 22.165 19.031 26.926 0.000 0.000 0.000 0.000 13.964 23.908 30.827 31.734 31.636 33.537 41.440 39.346 35.254 33.166 29.081 23.000 17.922 15.848 16.777 15.710 20.648 13.591 14.540 15.494 17.450 38.393 0.000 0.000 0.000 6.052 47.988 7.944 16.895 7.865 46.850 64.857 24.829 12.804 14.789 14.772 14.755 14.738 14.722 11.706 11.693 10.681 11.671 11.660 11.650 27.639 42.625 15.615 75.611 47.611
0.000 7.336 30.069 22.766 41.470 41.222 36.009 26.818 20.641 21.471 22.304 33.136 35.962 27.781 30.591 39.399 40.221 30.090 0.000 0.000 0.000 0.000 19.055 24.972 28.883 27.789 28.691 28.591 26.492 33.396 34.303 34.213 35.125 32.040 30.958 31.879 22.802 17.728 18.657 15.590 16.526 15.468 14.415 16.369 31.335 0.000 0.000 0.000 6.116 50.030 11.987 0.000 0.000 0.000 31.938 13.868 14.837 12.839 12.827 12.809 11.788 10.768 11.749 11.733 10.718 11.705 10.693 9.681 12.666 8.639 4.626 68.623 77.633
0.000 4.061 23.924 33.725 43.508 34.301 34.109 35.929 33.758 24.592 30.428 39.262 28.087 20.899 19.689 25.458 35.230 42.019 5.825 0.000 22.544 22.360 17.138 25.986 30.865 31.755 27.649 27.545 19.445 16.349 16.257 16.168 15.082 12.997 19.914 33.833 32.754 31.676 26.601 17.527 15.457 16.391 15.330 15.278 16.243 0.000 0.000 0.000 21.267 0.000 0.000 0.000 0.000 0.000 11.088 0.000 0.000 10.904 9.888 9.864 10.838 12.813 12.790 12.771 11.753 11.738 9.725 9.715 10.707 0.000 0.000 0.000 71.662
0.000 2.924 26.840 45.702 36.537 33.366 33.197 34.031 32.870 34.711 39.555 28.396 22.227 22.037 21.807 20.515 21.223 26.931 43.630 41.199 19.729 18.398 17.150 17.971 29.834 27.718 38.608 26.494 19.392 17.299 18.209 17.122 22.037 29.952 25.869 19.786 25.704 35.623 32.542 31.463 22.385 15.309 15.235 16.168 14.117 0.000 0.000 21.418 9.418 0.000 0.000 23.357 18.358 17.320 9.239 0.000 0.000 15.986 12.958 12.923 12.887 12.856 12.829 12.806 12.787 12.770 12.756 11.746 12.741 14.749 4.750 0.000 13.688
0.000 15.872 40.810 36.704 25.573 30.430 35.281 30.130 35.979 41.828 33.684 21.540 20.389 22.216 21.987 25.573 26.216 19.853 30.566 26.238 22.774 19.355 16.093 22.915 26.782 28.674 19.571 46.431 34.333 24.244 16.159 22.074 40.990 50.907 43.823 20.738 22.654 25.568 29.483 34.396 32.310 28.224 17.135 14.043 20.940 26.810 0.000 0.000 17.570 0.000 0.000 0.000 13.396 13.363 13.310 18.273 17.203 13.096 12.034 12.983 12.933 12.894 12.864 12.839 12.818 12.799 12.784 12.771 11.762 11.758 12.751 15.737 11.715
2.917 36.883 42.822 27.733 22.622 24.499 26.367 37.230 41.088 51.939 50.813 43.692 32.571 21.452 24.351 0.000 0.000 18.698 24.544 21.414 0.000 17.154 20.953 37.814 36.704 39.626 0.000 11.326 51.264 45.188 31.108 37.026 54.944 54.861 52.777 21.692 27.604 27.515 29.424 17.331 26.236 32.140 31.040 29.928 42.792 51.679 0.000 0.000 7.722 32.874 0.000 0.000 36.469 17.424 17.366 17.308 17.239 18.162 12.100 11.043 14.966 11.924 11.895 11.870 11.847 12.826 11.808 10.793 10.780 10.769 10.758 10.745 9.730
1.951 47.922 33.863 22.782 22.685 22.576 35.458 33.334 50.204 65.026 61.936 58.844 53.753 44.670 35.615 0.000 0.000 0.000 12.496 23.461 0.000 0.000 13.751 31.683 30.596 45.500 17.366 18.284 51.210 56.135 52.058 50.979 53.899 53.818 54.734 33.647 25.557 27.464 27.367 17.267 26.165 20.062 38.958 9.836 48.623 70.435 41.155 10.976 0.000 11.027 0.000 12.700 72.586 25.500 27.424 27.352 23.282 24.215 16.160 11.123 0.000 11.941 11.922 14.898 17.873 27.851 17.830 12.812 13.796 13.782 13.768 13.754 13.741
34.033 37.989 31.926 29.849 24.760 36.662 30.556 43.444 21.368 0.000 42.061 60.997 59.924 60.862 43.824 0.000 0.000 0.000 6.484 29.472 0.000 0.000 10.617 25.572 20.498 47.411 58.315 58.232 54.157 54.083 54.009 54.934 53.856 53.776 53.693 47.605 22.513 24.416 22.313 17.205 28.094 28.984 31.893 0.000 33.427 69.284 39.055 56.796 17.469 3.180 15.010 70.814 58.675 30.567 24.476 26.396 20.322 14.257 12.202 10.166 0.000 17.977 25.954 33.926 40.899 49.873 38.850 18.829 12.811 13.794 13.778 13.763 13.750
45.142 34.074 34.004 29.927 36.845 33.757 36.658 60.519 47.456 30.396 51.251 60.159 59.086 58.029 37.994 0.000 0.000 0.000 0.000 0.000 0.000 0.000 16.529 25.488 36.414 52.332 54.250 54.174 54.103 54.033 53.963 53.891 53.816 53.739 53.656 53.569 39.475 29.374 22.265 15.147 19.022 18.887 23.738 42.528 28.376 63.218 48.986 55.685 62.433 48.213 53.036 61.871 37.733 38.618 24.519 23.432 15.356 12.287 13.227 15.173 29.112 35.037 52.991 51.954 50.922 49.894 49.868 39.845 17.824 12.805 13.788 13.772 13.757
36.235 24.161 26.088 38.012 34.936 34.861 4.801 0.000 39.542 65.481 60.387 59.303 61.232 43.173 29.131 13.155 0.000 0.000 0.000 0.000 0.000 0.000 22.483 39.437 51.339 54.254 54.180 54.112 54.047 53.983 53.918 53.851 53.780 53.705 53.625 53.539 54.444 48.340 40.225 32.098 29.959 32.806 23.643 40.471 19.329 61.228 0.000 14.524 49.364 21.204 12.050 67.902 31.769 35.652 33.549 14.460 12.381 13.310 13.246 21.186 42.127 53.068 50.019 49.979 49.943 46.912 45.884 43.859 42.836 16.815 12.796 12.779 12.763
26.325 23.249 36.174 36.099 31.024 50.952 4.885 13.821 53.689 60.598 59.513 59.435 59.366 35.299 35.203 46.179 0.000 0.000 0.000 0.000 0.000 0.000 0.000 0.000 48.252 60.165 55.103 54.047 53.991 53.935 53.876 53.814 53.748 53.678 53.601 53.517 53.423 54.318 55.197 52.062 51.909 54.736 34.555 40.385 14.241 55.138 0.000 0.000 45.296 15.189 25.057 58.920 39.790 31.671 35.567 12.477 13.398 12.326 14.261 24.200 45.142 46.088 51.040 49.998 44.960 41.927 45.897 50.870 49.846 38.824 19.803 18.785 17.768
22.416 36.337 37.260 25.185 36.110 57.037 49.965 55.888 61.795 59.710 59.631 59.559 56.498 40.455 0.000 0.000 0.000 0.000 0.000 0.000 0.000 0.000 0.000 0.000 0.000 5.051 46.021 54.981 53.937 53.888 53.837 53.781 53.721 53.656 53.585 55.506 54.415 54.309 53.185 55.044 53.878 53.675 43.458 41.274 18.111 29.944 59.700 38.507 46.335 15.200 43.069 36.932 39.799 27.675 21.573 13.485 13.407 13.336 21.271 26.211 27.155 32.102 40.055 38.012 38.974 49.939 49.908 49.880 49.854 50.831 44.809 40.789 38.771
37.504 37.423 26.346 22.270 37.196 56.122 62.049 60.974 59.894 59.816 59.742 60.673 51.611 44.568 0.000 0.000 0.000 0.000 0.000 0.000 0.000 0.000 0.000 0.000 1.966 21.966 48.949 54.921 53.886 53.846 53.801 53.753 53.699 53.641 55.577 55.505 55.422 47.320 52.191 55.050 57.885 55.629 49.327 45.143 32.987 16.828 64.650 47.485 49.337 14.208 60.087 23.939 4.799 21.658 12.564 13.483 12.409 21.341 27.277 26.218 26.163 25.112 18.065 14.023 43.984 49.948 49.916 49.887 49.860 49.836 50.813 50.793 50.774
34.587 25.507 23.429 21.354 38.280 58.208 60.135 60.063 59.990 59.919 59.849 61.780 40.707 38.637 0.000 0.000 0.000 0.000 0.000 0.000 0.000 0.000 0.000 0.000 0.000 35.899 54.888 53.868 53.841 53.808 53.771 53.729 55.683 54.633 54.578 54.517 48.447 26.357 42.210 52.081 2.983 0.000 27.078 33.985 42.864 29.730 50.588 68.448 53.319 20.209 62.133 0.000 0.000 10.597 13.541 13.473 15.406 25.341 23.280 24.222 26.168 29.118 23.072 24.030 39.990 49.955 49.922 49.892 49.865 49.839 49.816 49.795 49.775
25.667 23.588 28.511 33.437 48.364 60.293 60.222 60.153 60.085 60.020 59.956 60.891 47.799 0.000 0.000 0.000 0.000 0.000 0.000 20.705 0.000 0.000 0.000 0.000 0.000 10.843 45.837 52.823 53.802 53.776 53.744 53.709 55.671 53.629 53.585 53.538 37.492 33.453 0.000 0.000 0.000 0.000 11.924 18.854 40.755 26.642 31.522 74.400 57.283 36.178 46.102 0.000 40.639 17.591 13.530 13.465 15.400 24.338 35.278 35.222 37.170 43.121 38.075 49.033 49.994 49.958 49.925 49.895 49.867 49.841 49.817 49.795 49.775
26.744 23.666 30.591 49.517 60.446 60.377 60.309 60.242 60.178 60.118 60.066 66.029 0.000 0.000 0.000 0.000 0.000 0.000 20.705 32.705 19.706 34.708 30.709 0.000 0.765 32.794 39.793 50.784 53.769 53.748 53.722 54.694 53.662 53.628 53.593 49.559 38.529 43.509 0.000 0.000 0.000 0.000 28.838 20.753 38.660 14.562 16.458 64.348 63.234 55.118 40.995 40.827 29.687 24.598 13.525 13.457 13.392 23.331 45.274 52.219 51.168 51.120 43.076 50.034 49.995 49.959 49.926 49.896 49.867 49.841 49.817 49.795 49.774
24.819 22.742 37.668 57.597 61.527 60.459 60.393 60.329 60.267 60.209 60.160 67.130 0.000 0.000 0.000 0.000 0.000 0.000 9.705 29.705 29.706 28.708 31.711 15.720 23.734 31.754 31.758 48.753 54.741 53.725 53.704 53.681 53.655 53.629 54.602 46.577 42.557 36.546 0.000 0.000 0.000 0.000 0.000 20.661 39.569 16.489 12.401 51.300 68.187 65.065 45.935 24.800 23.683 24.591 15.514 12.445 13.382 16.322 27.266 47.214 50.164 50.117 42.073 50.032 49.994 49.958 49.925 49.894 49.866 49.839 49.815 49.792 49.772
23.892 25.816 45.744 61.674 60.606 60.540 60.476 60.414 60.352 60.292 62.234 60.202 0.000 0.000 0.000 0.000 0.000 0.000 0.000 34.705 40.705 45.706 36.708 35.714 29.721 25.730 36.732 50.728 53.719 53.705 56.689 54.670 53.650 53.629 53.609 48.591 40.577 35.571 10.577 0.000 0.000 0.000 0.000 0.000 31.468 17.424 13.355 46.265 77.150 58.019 36.878 27.757 29.654 27.568 22.495 11.428 13.367 12.310 16.256 35.205 50.157 50.111 42.068 50.028 49.990 49.955 49.922 49.891 49.863 49.836 49.812 49.789 49.768
23.962 33.888 53.817 61.748 60.683 60.620 60.558 60.498 60.437 61.373 59.283 47.243 31.242 0.000 0.000 0.000 0.000 0.000 0.000 35.704 44.704 44.703 48.703 50.705 33.709 32.712 47.712 53.708 53.700 53.690 54.677 53.662 53.646 53.629 53.614 51.600 39.590 40.584 34.584 0.000 0.000 0.000 0.000 0.000 17.411 17.383 11.332 56.255 44.130 49.984 19.803 39.694 33.609 26.535 26.468 17.407 12.350 13.295 12.243 24.194 47.147 49.103 43.061 50.021 50.984 49.949 49.917 49.886 49.858 49.831 49.807 49.784 49.763
