results3_8e3_rain/res_3e8f-0139.wd
ncols         241
nrows         181
xllcorner     12693529.787448
yllcorner     3542525.717860
cellsize      155.156523
NODATA_value  -9999.000000
[rows 99 to 131 of 181, columns 73 to 145 of 241]
58.718 58.696 58.673 57.649 57.624 62.599 65.573 62.549 58.531 58.522 52.524 8.529 0.000 0.000 0.000 0.000 0.000 13.865 71.844 96.804 94.800 93.959 100.633 100.562 93.667 94.366 94.215 94.108 95.007 94.911 93.824 97.752 56.701 0.000 0.000 0.000 0.000 0.000 0.000 30.958 56.884 68.739 36.502 18.341 48.285 51.220 49.140 53.029 49.794 47.409 17.055 41.806 45.678 60.592 66.530 69.484 67.450 62.425 55.409 50.401 45.396 23.388 0.000 0.000 0.000 0.000 17.842 35.841 47.841 71.841 72.841 72.840 72.840
58.764 58.743 57.721 55.697 59.671 64.644 65.614 65.580 59.555 56.540 61.535 61.534 22.535 0.000 16.534 46.481 23.368 3.167 60.063 99.940 95.191 95.207 100.692 92.980 94.770 94.426 94.341 94.232 94.129 94.032 95.947 94.881 30.841 0.000 0.000 0.000 0.000 0.000 0.000 35.124 41.066 52.000 0.991 0.000 43.436 51.380 50.290 54.155 53.944 24.677 0.000 36.708 50.650 55.586 76.535 77.495 77.465 78.443 79.428 77.419 58.415 0.000 0.000 0.000 0.000 0.000 0.000 34.839 47.839 71.839 72.838 72.838 72.838
58.811 57.792 57.770 60.746 63.720 64.691 39.658 3.602 32.569 68.549 41.541 15.537 7.536 0.000 27.587 77.542 74.455 66.338 85.215 96.364 93.351 100.775 94.262 95.069 94.637 94.574 94.460 94.353 94.245 95.140 93.051 80.984 27.940 0.940 0.000 0.000 0.000 0.000 38.493 45.348 43.258 44.199 17.207 0.000 49.643 67.576 60.483 55.359 30.151 0.000 0.000 19.668 9.629 49.568 74.528 78.497 76.472 76.454 76.441 78.432 51.430 45.434 45.436 51.436 0.000 0.000 0.000 11.838 46.837 71.836 72.836 72.836 72.835
57.861 56.843 61.822 64.798 64.771 64.744 29.724 0.000 0.000 11.546 2.544 0.000 0.000 0.000 20.685 83.644 89.573 97.485 97.442 94.566 101.118 100.906 94.231 94.942 94.795 94.688 94.582 94.473 94.358 100.232 50.132 18.064 2.005 0.000 2.990 5.990 0.000 29.763 47.638 43.518 43.417 42.333 48.258 14.136 42.917 68.797 67.708 65.645 0.000 0.000 0.000 0.000 0.000 47.528 76.511 80.492 77.474 76.459 74.448 63.441 44.437 40.437 41.437 25.437 0.000 0.000 0.000 0.000 42.835 71.834 72.834 72.833 68.833
56.913 62.898 64.878 64.853 62.823 68.789 38.769 0.000 0.000 0.000 0.000 0.000 0.000 0.000 31.824 89.776 92.715 96.591 95.826 95.838 101.308 93.618 95.324 95.000 94.915 94.808 94.704 98.600 104.483 59.299 28.181 3.132 0.000 0.000 0.000 2.990 30.990 53.889 47.779 40.667 45.560 49.459 46.355 44.234 58.093 61.985 51.909 59.867 0.000 0.000 0.000 0.000 0.000 53.505 77.497 82.486 81.473 77.461 72.452 41.445 39.442 40.440 47.439 0.000 0.000 0.000 0.000 36.832 40.833 69.833 72.832 72.832 66.831
63.970 64.958 64.939 63.913 41.879 7.821 26.795 28.795 0.000 0.000 0.000 0.000 0.000 23.129 76.009 89.931 92.835 94.993 96.002 101.642 101.482 94.595 95.297 95.137 95.031 94.926 98.827 60.740 20.675 0.000 38.163 24.150 0.000 0.000 0.000 0.000 39.093 73.022 63.922 58.811 53.699 54.585 52.471 53.352 66.236 60.142 44.077 46.047 0.000 0.000 0.000 0.000 0.000 53.491 81.487 46.482 44.472 76.460 79.453 49.448 40.444 45.442 15.441 0.000 0.000 0.000 0.000 9.832 36.831 54.831 70.831 73.830 66.829
65.033 65.024 61.006 64.980 46.959 0.000 17.795 47.795 0.000 0.000 0.000 0.000 13.344 75.248 89.155 95.076 95.046 95.188 101.928 101.789 93.925 95.700 95.349 95.260 95.146 95.039 98.938 70.857 2.802 0.000 8.159 11.154 0.000 0.000 0.000 0.000 26.266 58.184 63.076 72.958 68.837 56.714 59.590 68.467 63.356 51.269 43.212 44.196 18.244 19.256 0.000 0.000 0.000 51.480 85.479 0.000 0.000 25.455 72.452 62.448 43.446 22.444 0.000 0.000 0.000 0.000 0.000 0.000 9.831 33.830 59.829 69.829 62.828
63.103 60.099 59.081 75.042 54.019 0.000 16.795 44.795 0.000 0.000 0.000 7.511 71.440 84.364 94.293 97.173 96.417 94.447 102.056 93.236 95.010 91.568 93.495 95.373 95.258 96.143 90.032 79.946 27.874 0.000 0.000 0.000 0.000 0.000 0.000 13.727 48.521 53.373 53.239 55.109 63.978 66.845 69.707 63.571 50.453 44.364 43.307 42.281 46.281 31.268 0.000 0.000 0.000 40.472 77.469 43.462 32.458 24.454 67.451 73.448 53.446 0.000 0.000 4.442 0.000 0.000 0.000 0.000 0.000 28.828 52.828 57.828 44.827
57.181 66.190 62.175 3.091 4.055 0.000 7.794 7.794 0.000 0.000 0.000 8.583 87.540 89.484 97.395 96.561 95.582 102.283 102.175 95.195 94.883 94.724 94.605 93.488 94.369 96.244 53.100 4.023 0.000 0.000 0.000 0.000 0.000 17.372 34.205 48.932 59.719 56.548 55.399 52.259 53.122 55.979 67.823 68.658 60.521 49.428 42.370 42.340 44.329 0.000 0.000 0.000 0.000 25.466 67.463 45.460 41.457 41.454 73.449 76.447 59.445 22.444 12.443 55.442 0.000 0.000 0.000 0.000 0.000 31.827 55.827 50.826 36.826
58.268 68.306 55.337 0.000 0.000 0.000 4.794 16.794 0.794 0.000 0.000 74.697 84.657 96.602 96.597 95.740 102.477 102.384 94.509 96.283 95.934 95.841 95.722 95.604 97.485 47.364 0.000 0.000 0.000 0.000 0.000 6.978 32.810 49.538 62.311 58.079 56.875 56.700 56.548 57.409 55.272 54.126 27.948 46.717 71.545 53.458 41.407 44.378 42.367 30.374 0.000 0.000 0.000 26.462 59.459 37.457 0.000 0.000 29.446 66.445 55.444 64.443 71.442 30.442 0.000 0.000 0.000 0.000 0.000 6.826 46.826 44.826 37.825
56.352 60.429 59.531 35.682 0.000 0.000 0.000 2.794 5.794 0.000 27.946 87.851 94.789 96.710 96.870 94.992 102.563 94.798 96.579 96.144 96.075 95.954 96.839 97.721 59.603 0.000 0.000 0.000 0.000 0.000 9.371 52.146 62.915 58.661 57.422 57.198 57.001 56.831 56.685 56.555 56.433 65.305 4.126 0.000 39.485 48.451 40.421 49.400 49.388 31.381 0.000 0.000 0.000 0.000 43.453 80.452 48.449 0.000 22.444 67.444 61.443 52.442 52.441 0.000 0.000 0.000 0.000 0.000 0.000 0.000 25.825 36.825 37.825
68.418 6.529 62.673 60.834 50.031 9.156 0.000 0.000 0.000 19.108 78.042 91.972 97.912 96.896 96.049 102.710 102.640 95.748 96.445 96.294 96.183 97.073 98.956 59.839 0.000 0.000 0.000 0.000 8.060 38.903 49.597 61.320 58.041 57.769 54.517 54.291 54.099 54.939 56.805 56.692 59.599 36.534 0.000 0.000 19.458 44.443 43.425 61.411 57.404 0.000 0.000 0.000 0.000 0.000 27.449 72.448 84.446 41.444 67.443 81.443 73.442 49.441 42.440 14.439 0.000 0.000 0.000 0.000 0.000 0.000 31.824 37.824 41.824
50.455 3.595 64.800 54.950 62.101 54.282 15.588 3.060 12.172 79.175 88.138 98.096 96.982 97.248 95.275 102.770 95.037 96.829 96.489 96.405 97.297 98.195 52.076 0.000 0.000 0.000 0.000 0.633 51.218 62.051 59.794 58.494 60.163 59.857 65.585 70.350 65.167 58.022 51.904 55.810 61.739 19.698 0.000 0.000 15.447 47.436 48.425 70.417 58.413 0.000 0.000 0.000 0.000 0.000 15.446 67.445 76.444 81.443 77.442 77.441 81.441 65.440 44.439 45.438 14.437 7.437 0.000 0.000 0.000 33.823 38.823 36.823 41.823
0.000 0.000 32.983 84.065 47.143 0.000 0.000 17.254 77.282 82.278 96.258 97.166 97.445 95.374 102.853 95.296 97.105 96.681 96.623 97.511 94.406 49.336 0.000 0.000 0.000 0.000 6.979 53.814 61.521 59.292 59.032 62.702 37.258 15.911 18.617 35.356 61.197 63.077 63.980 55.904 56.849 17.820 0.000 0.000 0.000 28.428 46.424 53.419 52.417 1.417 0.000 0.000 0.000 0.000 15.444 58.443 71.443 76.442 77.441 78.441 74.440 70.439 55.438 43.438 47.437 53.437 0.000 0.000 0.000 0.000 36.822 37.822 39.822
0.000 0.000 10.083 85.184 72.264 0.000 0.000 24.421 85.420 93.410 97.360 98.554 98.589 103.172 102.978 96.247 96.962 96.823 96.725 91.622 81.478 32.407 0.000 0.000 6.442 42.340 51.143 62.965 59.760 59.562 63.342 41.022 0.000 0.000 0.000 21.259 59.189 56.108 60.035 65.976 65.934 43.914 0.000 0.000 0.000 10.425 48.422 42.420 49.419 0.417 0.000 0.000 0.000 0.000 20.442 45.442 62.441 76.441 71.440 64.440 66.439 27.439 52.438 61.437 54.436 50.436 0.000 0.000 0.000 0.000 0.000 31.821 36.821
0.000 0.000 0.000 13.324 62.464 2.485 12.615 78.589 90.571 97.550 97.565 97.740 103.524 103.353 95.536 97.333 97.000 96.928 89.839 55.771 0.000 0.000 0.000 14.642 60.545 54.433 62.290 60.142 59.991 60.855 38.752 0.000 0.000 0.000 0.000 20.233 62.190 56.133 56.077 58.030 61.999 63.988 16.009 0.000 0.000 0.000 29.421 48.420 23.419 0.000 0.000 0.000 0.000 0.000 13.440 41.440 52.440 59.439 51.439 48.439 13.439 0.000 1.437 45.436 49.436 58.435 0.000 0.000 0.000 0.000 0.000 25.821 36.821
0.000 0.000 0.000 0.000 0.498 12.755 81.765 86.748 97.731 97.658 98.939 99.009 103.686 95.835 97.614 97.183 97.122 87.020 75.933 39.852 0.000 0.000 0.000 54.739 76.662 61.560 53.441 61.321 59.207 62.115 32.060 0.000 0.000 0.000 16.287 51.251 58.206 57.156 57.109 54.070 50.042 52.029 14.030 0.000 0.000 0.000 10.420 55.419 3.419 0.000 0.000 0.000 0.000 0.000 13.439 43.439 42.439 41.438 39.438 45.438 0.000 0.000 0.000 20.435 43.435 61.434 5.434 0.000 0.000 0.000 0.000 0.000 29.820
0.000 0.000 0.000 0.000 0.000 84.962 83.942 97.916 97.863 99.061 99.130 103.981 103.838 96.789 98.474 96.317 82.202 71.108 45.020 0.000 0.000 0.000 49.046 66.912 66.806 73.701 61.595 51.493 57.403 67.336 70.314 33.383 0.000 0.000 15.324 63.277 57.226 57.178 56.134 52.097 46.072 47.057 13.052 0.000 0.000 0.000 0.000 28.419 36.419 0.000 0.000 0.000 0.000 0.000 21.438 45.438 39.438 40.437 40.437 42.437 25.436 0.000 0.000 0.000 30.434 51.434 29.433 3.433 0.000 0.000 0.000 0.000 24.820
0.000 0.000 0.000 0.000 24.305 85.188 97.126 98.082 99.086 101.269 104.249 104.117 96.097 97.861 94.512 83.413 72.266 44.187 0.000 0.000 0.000 51.306 72.180 58.058 49.948 63.844 75.745 63.654 66.575 67.514 54.475 60.453 39.372 1.670 23.408 55.306 51.244 58.195 53.150 45.114 44.090 48.076 10.070 0.000 0.000 0.000 0.000 15.419 55.418 0.418 0.000 0.000 0.000 0.000 0.000 27.437 42.437 40.436 40.436 40.436 48.435 0.000 0.000 0.000 0.000 32.433 43.433 49.432 0.000 0.000 0.000 0.000 0.000
0.000 0.000 0.000 0.000 67.423 93.356 99.300 98.202 98.467 96.544 104.375 96.380 98.145 92.713 81.645 56.525 0.000 0.000 0.000 0.000 51.557 72.432 59.310 48.193 48.083 49.982 60.888 75.803 66.729 51.669 59.621 61.580 35.535 0.000 20.351 80.295 67.249 56.208 50.159 46.119 43.098 44.086 38.082 2.084 0.000 0.000 0.000 0.000 34.418 6.418 0.000 0.000 0.000 0.000 0.000 7.436 44.436 40.436 40.435 40.435 42.435 26.434 0.000 0.000 0.000 13.432 40.432 43.432 0.000 0.000 0.000 0.000 0.000
0.000 0.000 0.000 70.727 67.606 73.524 88.433 99.605 96.666 104.611 104.496 97.313 92.999 81.852 60.746 0.000 0.000 33.216 0.000 3.813 76.682 59.556 48.434 49.319 48.212 51.112 65.021 73.940 74.870 58.811 54.761 65.712 39.653 0.000 0.000 11.272 24.250 6.229 0.000 16.105 47.097 54.090 55.086 41.086 0.000 0.000 0.000 0.000 0.000 0.000 0.000 0.000 0.000 0.000 0.000 8.435 44.435 43.435 46.435 41.435 38.434 47.434 0.000 0.000 0.000 20.432 54.432 59.432 0.000 0.000 0.000 0.000 0.000
0.000 0.000 9.950 71.848 68.751 69.670 79.645 95.808 104.830 104.722 96.594 93.359 81.029 54.953 0.000 0.000 50.268 49.216 31.111 14.943 64.803 48.675 49.553 48.438 49.332 64.234 70.145 34.067 25.000 76.945 62.898 40.855 1.763 0.000 0.000 0.000 0.000 0.000 0.000 13.098 65.095 59.091 56.088 52.087 7.088 0.000 0.000 0.000 0.000 0.000 0.000 0.000 0.000 0.000 0.000 32.435 41.435 16.435 0.000 16.434 41.434 45.434 0.000 0.000 0.000 22.432 58.432 27.432 0.000 0.000 0.000 0.000 0.000
0.000 85.135 73.051 69.964 67.887 68.765 70.007 74.071 104.935 95.836 91.597 81.186 55.143 0.000 0.000 0.000 54.320 52.269 72.174 56.045 48.914 49.786 48.664 51.550 71.443 68.346 49.259 45.183 50.120 78.069 75.033 39.013 0.000 0.000 0.000 0.000 0.000 0.000 0.000 13.096 72.093 72.091 67.089 58.088 3.088 0.000 0.000 0.000 0.000 0.000 0.000 0.000 0.000 0.000 5.434 44.434 46.434 0.000 0.000 1.433 44.433 45.433 0.000 0.000 0.000 0.000 29.432 0.000 0.000 0.000 0.000 0.000 0.000
1.323 83.219 97.153 89.081 73.984 75.141 67.188 105.133 105.036 74.719 79.396 55.294 0.000 0.000 0.000 0.000 56.423 69.367 67.271 49.150 49.021 48.892 59.769 71.653 60.545 49.448 49.361 49.287 50.225 59.179 77.152 73.152 34.204 0.000 0.000 0.000 0.000 0.000 0.000 0.000 58.092 60.090 72.089 73.088 29.088 0.000 0.000 0.000 0.000 0.000 0.000 0.000 0.000 0.000 36.434 46.434 23.434 0.000 0.000 5.433 45.433 43.433 0.000 0.000 0.000 0.000 0.000 0.000 0.000 0.000 0.000 0.000 0.000
19.407 96.334 99.264 99.194 94.167 84.321 105.322 105.228 66.874 61.656 0.000 0.000 0.000 0.000 0.000 0.000 67.581 72.505 48.393 50.263 50.127 61.993 70.866 52.747 49.638 49.539 49.451 49.377 49.316 49.271 58.244 78.238 71.256 45.286 36.299 40.302 9.302 0.000 0.000 0.000 0.000 38.089 78.088 78.088 39.088 0.000 0.000 0.000 0.000 0.000 0.000 0.000 0.000 0.000 25.434 24.434 0.000 0.000 0.000 0.000 25.433 52.433 0.000 0.000 0.000 0.000 0.000 0.000 0.000 0.000 0.000 0.000 0.000
89.516 99.445 99.381 99.267 103.509 94.566 105.414 66.965 69.646 64.363 0.000 0.000 0.000 0.000 0.000 60.982 72.817 49.678 50.533 50.381 58.231 71.088 48.955 49.832 49.720 49.618 49.529 49.453 49.392 49.345 49.314 53.299 54.298 49.304 50.308 57.304 39.303 0.000 0.000 0.000 0.000 0.000 33.088 69.088 32.087 0.000 0.000 0.000 0.000 0.000 0.000 0.000 0.000 0.000 0.000 0.000 0.000 0.000 0.000 0.000 0.000 4.433 0.000 0.000 0.000 0.000 0.000 0.000 0.000 0.000 0.000 0.000 0.000
95.618 95.556 99.467 100.628 97.674 105.591 105.503 71.611 56.026 1.234 4.234 1.234 0.000 0.000 0.000 78.148 55.024 50.860 50.679 52.498 73.329 53.173 50.033 49.906 49.791 49.686 49.593 49.515 49.452 49.404 49.369 48.345 47.332 50.326 32.324 0.000 0.000 0.000 0.000 0.000 0.000 0.000 0.000 62.087 50.087 17.086 0.000 0.000 0.000 0.000 0.000 0.000 0.000 0.000 0.000 0.000 0.000 0.000 0.000 0.000 0.000 0.000 0.000 0.000 0.000 0.000 0.000 0.000 0.000 0.000 0.000 0.000 0.000
74.731 74.665 78.642 74.798 105.765 105.678 83.139 64.304 55.173 0.000 0.000 1.234 0.000 0.000 0.000 53.437 49.273 49.057 47.825 60.605 53.412 47.244 48.098 47.970 47.851 47.740 48.643 49.562 49.499 49.450 48.411 46.381 48.358 48.344 45.337 35.338 38.338 40.337 39.336 41.335 12.334 0.000 0.000 0.075 59.086 31.086 0.000 0.000 0.000 0.000 0.000 0.000 0.000 0.000 0.000 0.000 0.000 0.000 0.000 0.000 0.000 0.000 0.000 0.000 0.000 0.000 0.000 0.000 0.000 0.000 0.000 0.000 0.000
89.847 111.734 76.980 107.037 105.848 65.713 56.297 0.000 70.467 28.777 0.000 0.000 0.000 0.000 97.287 75.891 46.573 54.271 64.958 63.685 59.470 57.291 57.147 57.023 55.905 49.782 45.675 49.593 49.532 49.484 48.446 48.412 52.374 52.354 53.344 63.340 63.338 59.337 52.335 51.335 30.334 0.000 0.000 0.000 18.086 24.086 0.000 0.000 0.000 0.000 0.000 0.000 0.000 0.000 0.000 0.000 0.000 0.000 0.000 0.000 0.000 0.000 0.000 0.000 0.000 0.000 0.000 0.000 0.000 0.000 0.000 0.000 0.000
137.927 116.524 114.569 106.005 105.929 93.804 0.000 37.430 65.430 139.089 114.616 0.989 44.766 34.224 95.682 55.267 52.858 124.494 115.053 110.706 110.493 109.302 108.176 107.070 105.963 76.808 43.681 49.604 49.550 49.510 49.478 41.445 0.000 0.000 0.000 0.000 0.000 0.000 16.335 68.334 47.333 18.333 0.000 0.000 0.000 0.000 0.000 0.000 0.000 0.000 0.000 0.000 0.000 0.000 0.000 0.000 0.000 0.000 0.000 0.000 0.000 0.000 0.000 0.000 0.000 0.000 0.000 0.000 0.000 0.000 0.000 0.000 0.000
96.097 115.683 106.146 106.077 90.336 0.000 0.000 0.000 8.734 60.533 48.265 0.000 26.186 0.000 54.951 51.638 61.097 116.796 0.000 2.595 0.000 53.249 62.186 123.119 36.068 0.000 53.636 49.591 49.555 50.527 32.510 0.000 0.000 0.000 0.000 0.000 0.000 0.000 0.000 21.333 68.333 24.333 0.000 0.000 0.000 0.000 0.000 0.000 0.000 0.000 0.000 0.000 0.000 0.000 0.000 0.000 0.000 0.000 0.000 0.000 0.000 0.000 0.000 0.000 0.000 0.000 0.000 0.000 0.000 0.000 0.000 0.000 0.000
116.854 114.907 106.211 114.829 116.676 36.964 0.000 16.239 43.239 53.045 29.646 6.626 47.607 93.112 91.534 84.236 0.000 35.796 0.000 14.483 36.372 64.260 109.198 72.152 37.121 0.000 0.000 55.571 49.550 50.535 31.525 0.000 0.000 0.000 0.000 0.000 0.000 0.000 0.000 0.000 15.332 54.332 19.332 0.000 0.000 0.000 0.000 0.000 0.000 0.000 0.000 0.000 0.000 0.000 0.000 0.000 0.000 0.000 0.000 0.000 0.000 0.000 0.000 0.000 0.000 0.000 0.000 0.000 0.000 0.000 0.000 0.000 0.000
114.988 106.328 106.272 95.336 38.100 0.000 0.000 0.000 4.938 31.764 0.000 0.000 40.503 84.195 137.837 73.536 0.000 0.000 0.000 0.000 0.000 78.221 113.196 43.169 40.145 0.000 0.000 0.000 54.541 48.536 46.532 44.532 32.532 0.000 0.000 0.000 0.000 0.000 0.000 0.000 10.332 68.331 26.331 0.000 0.000 0.000 0.000 0.000 0.000 0.000 0.000 0.000 0.000 0.000 0.000 0.000 0.000 0.000 0.000 0.000 0.000 0.000 0.000 0.000 0.000 0.000 0.000 0.000 0.000 0.000 0.000 0.000 0.000
