results3_8e3_rain/res_3e8f-0162.wd
ncols         241
nrows         181
xllcorner     12693529.787448
yllcorner     3542525.717860
cellsize      155.156523
NODATA_value  -9999.000000
[rows 33 to 65 of 181, columns 146 to 218 of 241]
64.471 63.690 63.418 64.058 30.722 42.396 64.087 57.779 36.366 0.000 0.000 35.010 11.010 16.011 32.013 57.018 44.017 10.016 0.000 0.000 48.916 56.902 14.877 41.848 33.825 34.799 38.757 47.716 65.670 56.636 51.604 46.578 47.556 47.537 46.519 45.501 44.481 52.460 62.439 54.421 54.404 52.385 31.366 45.351 53.341 0.000 23.878 28.848 52.770 50.703 55.640 65.580 58.527 53.502 8.490 0.000 36.437 36.435 43.434 21.434 0.000 0.000 0.000 0.000 0.000 0.000 0.000 0.000 0.000 0.000 0.000 0.000 0.000
64.416 64.165 63.821 64.495 42.177 59.878 62.614 56.426 0.000 0.000 13.009 37.009 0.000 0.000 0.000 41.029 41.025 49.015 11.995 61.969 49.935 36.909 45.882 36.853 34.825 34.794 33.758 35.720 63.682 61.647 61.616 63.589 56.565 58.544 57.524 57.504 57.485 58.465 62.446 60.428 61.412 56.396 33.381 32.370 5.364 0.000 20.820 34.800 42.759 37.700 43.638 56.572 56.533 54.510 12.499 0.000 0.000 41.433 13.432 0.000 0.000 0.000 0.000 0.000 0.370 43.364 42.361 44.357 34.354 37.351 4.350 0.000 0.000
64.889 64.555 64.236 63.919 63.613 64.324 56.067 42.886 0.000 0.000 0.000 5.009 0.000 0.000 0.000 38.045 35.038 48.024 53.002 44.976 53.946 51.917 32.888 33.857 34.826 34.794 46.760 50.724 54.689 47.656 44.625 54.597 28.572 35.549 30.528 30.508 30.488 33.469 59.451 48.434 46.419 48.405 33.393 35.385 15.380 0.000 30.781 87.774 12.766 0.000 0.000 5.540 57.522 56.506 15.496 0.000 0.000 38.433 35.429 37.421 35.413 43.405 49.397 41.388 63.377 70.367 68.361 53.357 33.353 32.351 36.349 6.347 0.000
65.278 64.960 64.643 64.333 65.033 59.740 41.443 32.164 41.164 0.000 0.000 0.000 0.000 0.000 0.000 35.069 34.058 37.039 33.015 43.987 46.957 49.926 38.894 33.862 33.830 33.797 58.763 64.729 46.695 40.662 40.630 41.602 38.576 38.553 38.531 39.510 42.491 39.472 60.455 52.439 50.425 50.412 32.402 46.395 72.391 0.000 22.750 75.747 0.000 0.000 0.000 7.525 57.510 55.497 33.484 38.466 36.451 34.438 34.429 34.421 33.413 40.405 47.398 34.390 52.378 70.366 66.360 46.355 31.352 31.349 36.347 4.346 0.000
65.684 65.360 65.043 64.738 61.446 47.158 35.800 0.000 0.000 0.000 0.000 39.305 2.294 8.280 0.221 34.104 35.085 35.060 34.031 34.000 39.968 32.935 32.901 34.868 33.834 32.800 56.767 53.733 61.700 65.665 64.633 59.605 55.579 57.555 53.533 57.512 57.493 58.474 62.458 60.442 61.429 57.418 32.409 44.402 66.399 0.000 17.723 78.717 0.000 0.000 0.000 0.000 54.496 57.488 36.477 34.462 34.449 34.438 34.428 34.420 33.413 40.406 49.400 5.395 0.000 28.360 71.357 47.353 31.350 31.347 35.344 2.343 0.000
66.087 65.752 65.432 65.131 54.856 36.646 0.000 0.000 0.000 0.000 37.332 40.316 53.296 53.268 41.220 34.157 34.118 35.083 35.050 34.015 32.980 33.945 33.909 33.873 32.838 41.804 60.770 39.738 53.706 30.668 63.632 53.604 52.579 52.556 49.534 54.513 55.493 55.475 62.459 60.444 57.431 57.420 32.412 46.407 65.404 0.000 3.702 71.681 0.000 0.000 0.000 0.000 58.489 57.484 33.473 35.457 34.446 35.436 35.427 35.419 36.412 44.406 24.401 0.000 0.000 29.357 71.354 52.351 39.347 33.344 36.341 3.340 0.000
66.485 66.130 66.801 59.497 47.200 36.923 0.000 0.000 0.000 0.000 34.348 51.332 45.308 34.276 36.234 36.187 34.146 33.107 35.069 34.031 34.993 34.954 34.916 33.879 33.842 53.806 53.772 53.741 53.718 0.000 35.622 33.602 34.579 34.555 35.533 39.512 42.492 40.474 60.458 54.444 48.431 50.421 33.413 45.408 64.406 0.000 0.000 44.623 35.600 0.000 0.000 0.000 52.487 35.485 0.000 30.449 36.441 40.433 47.425 47.417 47.410 49.403 21.398 0.000 13.361 77.357 70.353 72.348 60.344 35.340 36.337 4.335 0.000
66.871 66.482 66.146 51.856 3.531 0.000 0.000 0.000 0.000 12.406 50.380 45.355 35.327 36.293 36.255 36.212 36.170 34.129 33.088 33.047 35.006 33.964 33.923 32.883 34.844 49.807 40.772 49.738 50.706 9.667 9.631 49.604 48.578 48.554 48.531 50.510 50.490 51.472 63.456 59.441 54.429 56.419 32.412 41.407 69.405 0.000 0.000 103.589 72.577 39.560 26.551 0.000 0.000 0.000 0.000 0.000 33.435 42.430 46.423 45.415 48.407 50.399 36.390 41.377 57.366 72.358 70.352 70.346 58.340 35.335 35.331 11.328 0.000
67.228 67.779 59.445 42.251 0.000 0.000 0.000 0.524 0.500 57.433 51.410 35.382 36.351 36.317 36.278 36.237 36.195 36.152 33.108 34.064 34.019 33.974 34.929 33.886 33.845 36.806 41.770 53.734 40.700 52.665 57.632 50.603 59.576 49.551 50.528 53.506 52.486 51.468 61.451 57.437 45.424 44.414 33.407 40.403 69.403 0.000 0.000 94.567 84.560 61.550 30.543 0.000 0.000 6.476 1.472 0.000 4.435 53.430 45.422 39.414 36.405 51.396 38.387 40.376 48.366 69.357 71.350 69.343 55.337 35.330 32.324 36.318 30.309
75.505 72.963 45.603 35.452 0.000 0.000 2.560 35.546 49.520 50.476 44.444 39.413 36.380 36.343 36.304 36.263 35.220 38.175 43.129 39.081 34.032 34.982 33.934 33.887 33.844 33.804 40.766 41.730 39.695 46.661 45.629 40.600 52.573 32.547 40.523 47.501 46.481 40.462 59.445 52.430 32.417 31.407 34.400 36.397 40.400 0.000 0.000 72.551 52.547 89.539 75.528 11.509 12.494 63.479 37.468 35.454 35.441 37.431 48.422 42.413 10.403 63.394 51.384 47.374 45.364 56.356 72.347 64.340 47.333 36.325 32.318 39.310 63.300
0.000 0.000 24.553 42.503 0.000 0.000 37.574 47.562 61.540 45.509 44.478 44.446 37.411 36.373 36.333 36.290 43.246 51.200 52.151 44.100 39.045 33.990 32.936 33.886 37.840 34.798 33.760 32.724 38.689 39.656 38.624 39.595 41.567 34.541 40.517 45.495 47.474 43.454 59.437 53.421 35.408 34.397 34.389 30.384 0.000 0.000 0.000 28.540 47.537 47.530 81.520 96.506 89.493 57.479 43.467 44.454 44.442 47.431 69.421 87.411 96.402 95.392 97.382 96.372 90.362 84.353 76.345 59.336 42.329 33.321 34.313 47.304 66.295
18.431 0.000 0.000 0.000 0.000 8.614 40.600 60.587 52.568 55.543 52.513 42.481 35.445 36.406 36.364 47.320 52.274 48.227 43.177 40.122 43.058 37.996 37.936 33.879 38.832 32.790 33.752 34.716 33.681 33.649 33.617 33.588 32.560 33.534 33.509 37.486 43.465 42.445 60.427 54.411 33.396 34.384 34.375 33.366 8.355 0.000 0.000 32.533 58.530 47.524 49.515 64.504 75.491 85.479 87.466 93.454 96.443 96.431 95.421 91.410 82.400 80.390 82.380 85.370 87.360 88.351 86.342 90.333 82.324 49.316 36.308 55.299 72.291
57.791 16.424 0.000 0.000 5.621 41.628 57.627 50.618 42.602 50.580 54.552 55.519 45.482 34.442 44.398 53.351 43.304 35.256 35.207 37.153 5.070 6.000 4.933 30.864 34.818 36.779 36.742 33.706 33.672 34.640 33.609 33.579 33.552 34.525 33.500 33.476 33.454 36.434 53.415 52.398 34.383 34.370 34.359 35.350 36.344 0.000 0.000 31.529 49.526 50.521 62.513 49.502 29.490 33.478 69.466 93.454 77.442 72.431 75.420 68.409 54.399 43.388 34.378 32.367 33.357 43.348 41.338 36.329 75.320 90.312 68.303 66.295 70.287
0.000 32.058 10.361 4.524 40.614 50.649 57.660 41.657 44.644 42.623 40.595 48.562 53.523 48.480 52.434 41.384 35.334 36.286 36.244 44.212 0.000 0.000 0.000 27.824 36.798 47.765 48.730 43.696 39.662 41.630 37.599 36.569 34.541 33.515 33.489 34.465 33.442 33.421 36.401 45.383 33.367 33.353 34.341 33.332 2.327 0.000 0.000 12.527 10.526 64.521 48.513 33.503 47.490 49.477 95.465 76.453 59.442 41.430 32.419 33.408 34.397 35.386 35.375 35.365 34.354 32.344 31.335 32.325 40.316 77.307 85.299 70.290 69.282
0.000 19.389 42.500 44.597 43.662 58.695 43.708 37.706 39.693 38.672 35.644 34.610 49.569 56.523 59.472 47.418 37.363 34.311 42.269 8.241 0.000 0.000 0.000 30.810 40.785 47.753 48.718 48.684 50.650 58.618 56.588 52.558 50.530 46.503 40.477 35.453 33.429 34.407 33.386 38.367 31.349 32.333 33.320 35.311 56.306 0.000 0.000 0.000 26.528 68.524 28.516 37.506 28.490 67.475 85.464 45.453 33.441 35.430 35.418 35.407 35.395 35.384 32.373 32.362 31.351 32.341 32.331 32.321 48.312 63.303 36.294 96.284 68.276
0.000 19.610 42.654 35.703 54.741 54.763 49.770 40.765 34.751 35.729 36.700 47.664 50.621 42.571 45.514 54.452 55.387 45.326 2.280 0.000 3.976 2.931 35.876 41.821 45.780 44.743 45.706 45.671 43.638 50.606 51.575 51.546 52.518 49.490 48.464 49.439 40.415 35.392 36.369 33.348 34.329 33.311 32.296 34.285 49.279 0.000 0.000 0.000 26.536 70.529 32.522 8.514 0.000 13.469 52.462 34.452 35.441 33.429 33.417 33.406 32.394 31.382 32.370 32.359 31.347 32.337 31.326 30.316 33.307 29.299 25.290 89.277 98.268
0.000 16.787 36.801 46.821 56.837 47.845 47.844 49.834 47.817 38.793 44.762 53.724 42.679 35.625 34.562 40.489 50.408 57.327 21.245 13.135 39.022 38.941 33.875 42.818 47.772 48.731 44.694 44.657 36.623 33.591 33.561 33.532 32.504 30.477 37.451 51.425 50.400 49.375 44.351 35.329 33.307 34.287 33.269 33.254 34.246 0.000 0.000 0.000 41.550 8.536 12.529 0.000 0.000 0.000 31.465 11.453 14.441 31.428 30.417 30.405 31.392 33.380 33.367 33.355 32.344 32.332 30.321 30.311 31.302 19.295 0.000 9.267 92.256
0.000 15.949 39.944 58.942 49.941 46.936 46.926 47.910 46.890 48.863 53.831 42.793 36.746 36.690 36.620 35.533 36.430 42.330 59.238 57.140 36.033 34.938 33.864 34.805 46.758 44.718 55.680 43.641 36.607 34.575 35.546 34.518 39.490 47.463 43.436 37.410 43.384 53.358 50.333 49.308 40.284 33.260 33.238 34.218 32.203 0.000 0.000 41.584 29.577 0.000 0.000 43.501 38.500 37.493 29.481 0.000 0.000 36.427 33.417 33.405 33.391 33.378 33.364 33.352 33.339 33.327 33.316 32.305 33.295 35.285 25.274 0.000 34.244
4.194 29.116 54.083 50.063 39.048 44.032 49.014 43.992 49.968 55.940 47.907 35.869 34.823 36.768 36.695 40.593 41.449 35.323 46.237 42.152 39.034 35.915 32.837 39.781 43.737 45.701 36.667 63.620 51.587 41.558 33.530 39.502 58.475 68.448 61.421 38.394 40.368 43.341 47.314 52.286 50.259 46.232 35.205 32.177 39.147 45.103 0.000 16.591 37.598 0.000 0.000 13.503 33.505 33.498 33.486 38.472 37.455 33.435 32.420 33.405 33.390 33.375 33.361 33.348 33.335 33.322 33.310 33.299 32.287 32.276 33.263 36.248 32.238
16.273 50.239 56.207 41.180 36.155 38.131 40.105 51.078 55.050 66.020 64.988 57.952 46.911 35.862 38.799 5.696 0.000 34.278 40.233 37.198 0.109 33.852 37.788 54.744 53.709 56.683 0.000 28.585 68.565 62.539 48.513 54.487 72.460 72.434 70.407 39.379 45.352 45.323 47.294 35.265 44.235 50.204 49.173 48.139 61.102 70.060 3.016 0.000 27.626 52.654 0.000 0.000 56.519 37.508 37.492 37.476 37.458 38.439 32.422 31.406 35.389 32.372 32.357 32.343 32.330 33.317 32.304 31.292 31.280 31.268 31.255 31.242 30.231
15.385 61.360 47.328 36.295 36.263 36.231 49.197 47.164 64.134 79.104 76.073 73.040 68.006 58.972 49.943 0.000 0.000 0.000 28.220 39.211 0.000 0.000 30.719 48.698 47.670 62.640 34.596 35.570 68.546 73.522 69.497 68.472 71.446 71.419 72.392 51.365 43.336 45.307 45.276 35.244 44.212 38.178 57.142 28.105 67.064 89.019 59.971 29.920 0.000 30.682 0.000 32.573 92.544 45.521 47.500 47.480 43.461 44.442 36.424 31.407 13.388 32.368 32.352 35.338 38.324 48.311 38.298 33.285 34.272 34.260 34.247 34.235 34.224
47.522 51.489 45.449 43.409 38.370 50.332 44.291 57.246 35.217 5.190 56.160 75.130 74.101 75.075 58.059 0.000 0.000 0.000 22.217 45.214 0.000 0.000 27.672 42.658 37.636 64.609 75.579 75.553 71.529 71.505 71.481 72.457 71.432 71.406 71.379 65.351 40.322 42.291 40.259 35.225 46.190 47.153 50.114 7.073 52.029 87.982 57.930 75.869 36.785 22.710 34.658 90.602 78.563 50.533 44.508 46.485 40.463 34.443 32.425 30.412 0.000 38.358 46.346 54.333 61.319 70.305 59.291 39.278 33.265 34.252 34.240 34.228 34.216
58.693 47.624 47.569 43.522 50.478 47.436 50.388 74.311 61.300 44.277 65.249 74.220 73.192 72.170 52.158 0.000 0.000 0.000 0.000 0.212 0.000 0.000 33.639 42.625 53.605 69.583 71.558 71.534 71.512 71.489 71.466 71.443 71.418 71.393 71.366 71.338 57.309 47.277 40.243 33.207 37.169 37.129 42.087 61.044 46.998 81.950 67.898 74.840 81.776 67.714 72.662 81.614 57.574 58.541 44.513 43.487 35.464 32.442 33.422 35.403 49.379 55.359 73.343 72.328 71.313 70.298 70.284 60.270 38.257 33.244 34.231 34.219 34.208
49.820 37.745 39.683 51.631 48.584 48.544 18.515 0.000 53.394 79.369 74.338 73.307 75.278 57.256 43.245 27.265 0.000 0.000 0.000 0.000 0.000 0.000 39.619 56.600 68.578 71.557 71.536 71.515 71.494 71.473 71.451 71.429 71.406 71.382 71.356 71.328 72.298 66.265 58.230 50.192 48.151 51.108 42.063 59.017 37.970 79.922 12.872 33.818 68.764 40.710 31.662 87.617 51.579 55.545 53.515 34.488 32.463 33.440 33.418 41.397 62.376 73.357 70.339 70.322 70.307 67.292 66.277 64.263 63.249 37.236 33.223 33.211 33.199
39.925 36.852 49.788 49.733 44.685 64.643 18.611 27.593 67.514 74.466 73.427 73.392 73.359 49.329 49.302 60.284 0.000 0.000 0.000 0.000 0.000 0.000 0.000 6.576 65.552 77.532 72.514 71.495 71.477 71.457 71.438 71.417 71.395 71.372 71.347 71.320 71.290 72.257 73.220 70.179 70.135 73.088 53.039 58.991 32.944 73.896 9.848 11.799 64.750 34.702 44.657 78.616 59.578 51.544 55.514 32.486 33.460 32.437 34.414 44.392 65.372 66.352 71.334 70.316 65.300 62.284 66.269 71.255 70.241 59.227 40.214 39.201 38.189
36.020 49.949 50.885 38.829 49.778 70.733 63.693 69.655 75.602 73.555 73.513 73.474 70.436 54.399 4.349 0.320 0.000 0.000 0.000 0.000 0.000 0.000 0.000 0.000 10.520 22.507 63.492 72.476 71.460 71.443 71.425 71.406 71.386 71.364 71.340 73.314 72.285 72.251 71.213 73.170 72.122 72.069 62.016 59.965 36.917 48.871 78.825 57.779 65.734 34.691 62.649 56.610 59.574 47.541 41.510 33.482 33.456 33.432 41.409 46.387 47.366 52.346 60.327 58.310 59.293 70.277 70.261 70.246 70.232 71.218 65.205 61.192 59.180
51.108 51.039 39.976 35.918 50.866 69.819 75.774 74.731 73.684 73.640 73.597 74.555 65.514 58.482 0.000 0.000 0.000 0.000 0.000 0.000 0.000 0.000 0.000 0.000 19.501 39.483 66.470 72.457 71.444 71.429 71.413 71.396 71.378 71.358 73.336 73.311 73.284 65.251 70.212 73.167 76.112 74.052 67.989 63.936 51.889 35.845 83.802 66.760 68.718 33.677 79.638 43.601 24.567 41.534 32.504 33.476 32.450 41.426 47.403 46.380 46.359 45.339 38.320 34.302 64.285 70.268 70.253 70.237 70.223 70.209 71.195 71.182 71.170
48.190 39.123 37.060 35.003 51.950 71.901 73.854 73.810 73.765 73.722 73.679 75.634 54.583 52.532 0.000 0.000 0.000 0.000 0.000 0.000 0.000 0.000 0.000 0.000 0.000 53.454 72.448 71.439 71.429 71.416 71.403 71.388 73.372 72.354 72.334 72.312 66.287 44.257 60.218 70.174 21.108 12.037 45.953 52.901 61.858 48.818 69.779 87.739 72.700 39.662 81.626 5.590 17.557 30.526 33.497 33.469 35.443 45.418 43.395 44.373 46.352 49.332 43.312 44.294 60.276 70.259 70.243 70.228 70.213 70.199 70.185 70.172 70.159
39.267 37.202 42.140 47.083 62.030 73.980 73.933 73.888 73.845 73.804 73.764 74.719 61.651 0.000 0.000 0.000 0.000 0.000 1.384 38.384 0.000 17.385 0.000 0.000 0.000 28.432 63.429 70.423 71.415 71.405 71.394 71.381 73.367 71.352 71.335 71.317 55.296 51.270 13.230 15.202 0.000 0.000 30.883 37.858 59.825 45.791 50.755 93.719 76.682 55.646 65.611 15.578 60.546 37.516 33.487 33.460 35.434 44.410 55.387 55.364 57.343 63.323 58.303 69.285 70.267 70.250 70.234 70.218 70.203 70.188 70.174 70.161 70.148
40.340 37.276 44.216 63.159 74.106 74.056 74.009 73.965 73.924 73.886 73.853 79.829 0.000 0.000 0.000 0.000 0.000 0.000 38.384 50.384 37.385 52.385 48.386 0.000 18.404 50.412 57.413 68.410 71.404 71.396 71.386 72.376 71.364 71.351 71.338 67.324 56.310 61.299 0.000 0.000 0.000 14.833 47.839 39.821 57.794 33.764 35.732 83.698 82.664 74.629 60.596 60.564 49.533 44.504 33.476 33.450 33.424 43.400 65.377 72.355 71.334 71.313 63.294 70.275 70.257 70.240 70.223 70.207 70.192 70.177 70.163 70.150 70.137
38.410 36.347 51.288 71.232 75.179 74.129 74.082 74.039 73.999 73.963 73.933 80.914 0.000 0.000 0.000 0.000 0.000 0.000 27.384 47.384 47.384 46.385 49.387 33.390 41.396 49.400 49.401 66.399 72.394 71.388 71.380 71.371 71.361 71.351 72.341 64.331 60.322 54.316 0.000 0.000 0.000 7.826 11.820 39.794 58.767 35.740 31.710 70.678 87.645 84.612 65.579 44.548 43.519 44.491 35.464 32.438 33.414 36.390 47.367 67.345 70.324 70.303 62.283 70.265 70.246 70.229 70.212 70.196 70.181 70.166 70.152 70.138 70.125
37.477 39.415 59.357 75.301 74.249 74.200 74.153 74.109 74.069 74.033 76.003 73.980 0.000 0.000 0.000 0.000 0.000 0.000 13.384 52.384 58.384 63.384 54.385 53.387 47.390 43.392 54.392 68.390 71.386 71.381 74.375 72.368 71.360 71.352 71.344 66.336 58.330 53.327 28.330 0.000 0.000 0.000 0.000 1.767 50.741 36.717 32.691 65.660 96.627 77.593 56.561 47.531 49.503 47.476 42.450 31.426 33.402 32.379 36.356 55.334 70.313 70.292 62.272 70.253 70.235 70.217 70.200 70.184 70.169 70.154 70.139 70.126 70.113
37.541 47.480 67.422 75.367 74.316 74.267 74.221 74.176 74.135 75.099 73.066 61.023 45.023 0.000 0.000 0.000 0.000 0.000 15.384 53.384 62.384 62.383 66.383 68.384 51.385 50.386 65.385 71.383 71.380 71.376 72.371 71.365 71.359 71.352 71.346 69.340 57.336 58.333 52.333 0.000 0.000 0.000 0.000 0.000 36.711 36.698 30.676 75.646 63.610 69.572 39.540 59.512 53.486 46.461 46.436 37.413 32.389 33.367 32.344 44.323 67.301 69.281 63.261 70.242 71.223 70.205 70.188 70.172 70.156 70.141 70.127 70.113 70.100
