results3_8e3_rain/res_3e8f-0092.wd
ncols         241
nrows         181
xllcorner     12693529.787448
yllcorner     3542525.717860
cellsize      155.156523
NODATA_value  -9999.000000
[rows 66 to 98 of 181, columns 146 to 218 of 241]
23.031 37.957 59.887 60.821 60.758 60.698 60.640 60.581 60.525 63.479 0.000 0.000 0.000 0.000 0.000 0.000 0.000 0.000 28.703 3.703 0.000 10.700 40.696 40.696 40.697 47.697 53.696 53.692 53.686 53.677 53.667 53.655 53.642 53.629 53.617 55.606 40.598 41.592 33.590 0.000 0.000 0.000 0.000 0.000 8.382 15.365 24.335 18.295 0.000 0.000 8.656 29.609 37.552 31.494 26.437 26.382 16.329 13.278 13.228 16.181 37.136 49.093 44.052 33.013 39.976 46.942 50.910 50.879 49.851 49.825 49.801 49.778 49.757
26.097 45.023 62.954 60.889 60.830 60.775 60.721 60.664 65.601 54.539 24.538 21.537 0.000 0.000 0.000 0.000 0.000 0.000 1.702 0.000 0.000 0.000 10.686 41.686 50.686 53.685 53.682 53.679 53.673 57.666 55.658 53.648 53.639 53.629 52.619 44.610 38.602 44.597 34.595 0.000 0.000 0.000 0.000 0.367 14.370 19.361 15.348 0.000 0.000 0.000 10.557 13.534 27.496 36.452 25.404 24.355 22.307 13.259 13.212 12.166 18.122 42.080 49.040 34.002 35.966 37.932 39.901 43.871 47.843 49.817 50.793 49.771 49.750
31.161 52.086 62.015 60.953 60.899 60.851 58.805 57.754 12.678 0.000 28.537 34.537 0.000 0.000 0.000 0.000 0.000 0.000 0.000 0.000 0.000 0.000 23.677 43.676 53.675 53.673 53.671 53.667 53.663 55.657 54.650 53.643 53.635 54.628 44.621 42.613 45.605 40.600 32.597 0.000 0.000 0.000 0.000 18.368 21.369 0.000 0.000 0.000 0.000 18.458 20.482 30.473 33.448 44.413 42.373 30.329 19.284 11.239 13.194 13.150 8.108 22.066 39.027 42.990 47.955 44.921 37.890 42.861 45.834 45.808 43.784 45.762 48.741
36.223 59.146 63.069 64.007 60.963 61.925 56.893 2.869 0.000 27.536 28.537 33.537 41.536 0.000 0.000 0.000 0.000 0.000 0.000 0.000 0.000 6.667 29.669 42.667 54.665 53.663 53.661 53.658 53.654 54.649 53.644 53.638 53.633 50.627 44.622 9.618 0.000 0.000 0.000 0.000 0.000 0.000 0.000 14.368 21.368 0.000 0.000 0.000 35.424 21.434 16.439 44.430 49.410 50.380 54.345 48.305 36.263 16.219 13.176 13.133 11.091 12.051 18.013 18.976 25.941 33.909 40.878 44.849 45.822 46.797 42.774 45.752 46.732
18.288 23.206 33.106 9.045 66.021 62.995 47.974 24.960 0.000 0.000 0.000 0.000 0.000 0.000 0.000 0.000 0.000 0.000 0.000 0.000 0.000 7.665 32.664 35.658 51.656 53.654 53.652 53.649 57.646 56.642 53.638 53.634 54.630 45.626 48.624 0.000 0.000 0.000 0.000 0.000 0.000 0.000 0.000 0.000 8.367 17.367 0.000 0.000 66.415 29.415 11.411 42.399 50.380 50.354 50.321 53.283 52.242 32.200 15.157 13.115 11.074 14.034 14.996 22.960 27.926 16.894 16.864 21.836 26.810 32.785 37.762 41.741 45.721
64.360 43.283 0.000 0.000 70.081 62.059 49.047 31.039 0.000 0.000 0.000 0.000 0.000 0.000 0.000 0.000 0.000 0.000 0.000 0.000 0.000 0.000 0.000 37.646 53.646 53.645 53.643 53.641 55.638 54.635 53.632 53.629 54.626 42.624 52.623 0.000 0.000 0.000 0.000 0.000 0.000 0.000 0.000 0.000 0.000 0.000 0.000 0.000 3.407 19.399 12.390 42.377 50.358 50.334 51.302 51.265 51.224 44.181 20.138 16.096 14.056 11.016 31.979 43.943 49.909 33.878 26.849 22.821 20.796 17.772 17.750 17.729 45.710
40.449 0.000 0.000 67.296 67.163 65.112 56.116 41.109 0.000 0.000 0.000 0.000 0.000 0.000 0.000 0.000 0.000 0.000 0.000 0.000 0.000 0.000 19.631 42.636 54.637 53.636 53.635 54.634 53.632 53.629 53.627 53.624 54.622 47.621 12.622 0.000 0.000 0.000 0.000 0.000 0.000 0.000 0.000 0.000 0.000 0.000 0.000 0.000 0.000 16.386 15.372 33.360 48.343 51.321 45.289 41.252 47.209 38.162 21.118 20.077 29.036 23.997 46.959 50.924 49.891 47.860 47.832 44.805 42.780 39.757 35.736 27.716 47.697
67.518 57.524 63.495 19.429 0.000 0.000 62.197 36.172 0.000 0.000 0.000 0.000 0.000 0.000 0.000 0.000 0.000 0.000 0.000 0.000 0.000 0.000 35.627 47.628 54.629 53.629 53.628 55.627 55.625 53.623 53.621 53.620 52.618 48.617 0.000 0.000 0.000 0.000 0.000 0.000 0.000 0.000 0.000 0.000 0.000 0.000 0.000 0.000 0.000 0.000 4.355 30.347 48.335 49.316 30.283 33.244 35.198 32.140 17.096 14.056 37.016 45.976 49.938 51.903 51.870 52.841 50.813 50.787 51.764 50.742 51.721 51.702 50.684
69.580 61.561 66.530 17.497 0.000 0.000 53.302 1.303 0.000 0.000 31.437 0.000 0.000 0.000 0.000 0.000 0.000 0.000 0.000 0.000 0.000 0.000 38.622 50.622 54.623 53.622 53.622 54.621 54.620 53.618 53.616 54.615 50.613 45.612 0.000 0.000 0.000 0.000 0.000 0.000 0.000 0.000 0.000 0.000 0.000 0.000 0.000 0.000 0.000 0.000 9.344 25.340 47.334 49.327 0.000 0.000 0.000 22.105 16.071 11.036 24.997 43.954 49.914 51.879 51.848 51.819 49.793 49.768 50.746 49.725 49.705 50.687 50.669
61.660 61.611 61.569 59.532 46.505 32.464 25.406 24.410 20.428 23.435 26.437 26.438 0.000 0.000 0.000 0.000 0.000 0.000 0.000 1.597 0.000 0.000 37.616 51.616 53.617 53.617 53.616 53.615 53.614 53.613 53.612 53.610 35.608 30.605 28.601 23.599 0.000 0.000 0.000 0.000 0.000 0.000 0.000 0.000 0.000 0.000 0.000 0.000 0.332 26.337 17.339 21.336 41.333 42.330 15.330 0.000 0.000 0.000 13.046 18.021 16.982 35.928 48.886 49.852 49.822 49.795 49.770 49.748 49.726 49.707 49.688 49.671 49.654
61.706 61.652 61.602 60.557 57.519 59.482 33.448 12.438 50.438 23.439 27.439 3.438 0.000 0.000 0.000 0.000 0.000 0.000 0.000 45.597 0.000 0.000 36.610 50.611 54.611 53.611 55.611 56.611 54.610 53.608 53.607 51.605 44.604 35.601 36.599 35.598 0.000 0.000 0.000 0.000 0.000 0.000 0.000 0.000 0.000 0.000 0.000 0.000 0.000 29.336 21.336 28.334 43.332 38.331 44.330 0.000 0.000 0.000 0.000 0.000 0.000 25.889 48.851 49.821 49.795 49.770 49.747 49.726 49.706 49.688 49.670 49.654 49.639
61.744 61.689 62.630 64.577 61.533 61.495 60.468 61.454 52.448 30.446 2.442 0.000 0.000 0.000 0.000 0.000 0.000 0.000 0.000 38.598 25.598 15.600 31.604 53.606 53.607 53.607 53.607 53.606 53.605 53.604 53.603 53.601 51.600 30.598 34.596 41.595 0.000 0.000 0.000 0.000 0.000 0.000 0.000 0.000 0.000 0.000 0.000 0.000 0.000 41.336 0.000 8.333 31.331 38.330 0.000 0.000 0.000 0.000 0.000 0.000 0.000 0.000 37.807 50.788 49.765 49.743 49.722 49.702 49.685 49.668 49.652 49.637 49.622
64.784 60.732 57.650 59.589 62.540 62.498 64.475 61.462 59.455 46.452 0.000 0.000 0.000 0.000 0.000 0.000 0.000 0.000 0.000 0.000 29.597 21.599 37.600 55.602 53.602 53.603 53.603 53.602 53.602 53.601 53.599 53.598 54.596 43.595 30.593 34.591 40.588 0.000 0.000 0.000 0.000 0.000 0.000 0.000 0.000 0.000 0.000 0.000 0.000 0.000 0.000 0.000 16.330 35.330 0.000 0.000 0.000 0.000 0.000 0.000 0.000 0.000 25.783 46.759 49.735 49.714 49.696 49.678 49.662 49.647 49.633 49.619 49.606
57.830 18.805 0.000 0.000 0.000 54.481 59.472 65.464 61.459 50.457 0.456 0.000 34.456 4.456 0.000 0.000 0.000 0.000 0.000 0.000 21.596 25.596 46.597 54.598 55.599 56.599 53.599 53.599 53.598 53.598 53.596 53.595 53.593 54.591 33.590 15.588 24.586 0.000 0.000 0.000 0.000 0.000 0.000 0.000 0.000 0.000 0.000 0.000 0.000 0.000 0.000 0.000 5.329 38.329 0.000 0.000 0.000 0.000 0.000 0.000 0.000 0.000 0.000 26.731 46.703 49.684 49.668 49.653 49.640 49.627 49.614 49.601 49.589
52.868 9.854 0.000 0.000 29.473 27.473 44.469 63.464 60.460 45.458 26.458 30.457 34.456 0.455 0.000 0.000 0.000 0.000 0.000 0.000 22.593 33.594 53.595 53.596 56.596 56.597 53.597 53.596 53.596 53.595 53.594 53.592 53.591 54.589 50.587 45.585 34.582 14.578 8.576 0.000 0.000 0.000 0.000 0.000 0.000 0.000 0.000 0.000 0.000 0.000 0.000 0.000 7.329 0.000 0.000 0.000 0.000 0.000 0.000 0.000 0.000 0.000 0.000 0.000 31.662 47.651 49.639 49.628 49.617 49.606 49.595 49.584 49.572
58.897 39.888 11.895 0.000 0.000 29.470 29.466 51.463 63.460 41.459 28.458 33.457 11.457 0.000 0.000 0.000 0.000 0.000 21.587 14.588 19.590 36.592 55.593 55.593 56.594 53.595 53.595 53.594 53.594 53.593 53.592 53.590 53.589 53.587 53.584 55.582 44.580 32.577 21.575 22.572 15.571 6.570 11.570 0.000 0.000 0.000 0.000 0.000 0.000 0.000 0.000 0.000 10.328 0.000 0.000 0.000 0.000 0.000 0.000 0.000 0.000 0.000 0.000 0.000 16.631 44.621 48.611 49.602 49.593 49.585 49.576 49.567 49.556
61.917 52.909 5.902 0.000 0.000 0.000 28.464 33.462 60.460 48.459 29.458 32.457 7.457 0.000 0.000 0.000 0.000 0.000 24.587 17.587 20.588 38.590 57.591 56.592 54.592 54.593 53.593 53.593 53.592 53.591 53.590 54.589 54.587 54.585 48.582 39.580 43.578 50.575 43.573 41.572 29.570 16.570 23.569 0.000 0.000 0.000 0.000 0.000 0.000 0.000 0.000 0.000 0.000 0.000 0.000 0.000 0.000 0.000 0.000 0.000 0.000 0.000 0.000 0.000 8.611 39.590 49.582 51.576 51.571 51.565 50.559 49.551 49.542
61.933 36.927 0.000 0.000 0.000 0.000 0.000 35.460 48.459 42.458 41.457 38.457 28.457 6.456 0.000 0.000 0.000 0.000 23.586 16.586 21.587 36.588 48.589 45.590 40.591 42.592 47.592 52.592 54.591 54.590 52.588 42.588 40.586 45.584 34.580 31.578 31.576 42.574 46.572 41.571 27.570 16.569 0.000 0.000 0.000 0.000 0.000 0.000 0.000 0.000 0.000 0.000 0.000 0.000 0.000 0.000 0.000 0.000 0.000 0.000 0.000 0.000 0.000 0.000 0.000 21.549 27.550 29.550 29.549 30.546 39.543 48.538 49.529
60.944 26.939 0.000 0.000 0.000 0.000 0.000 30.459 24.458 23.458 31.457 31.457 31.457 27.456 0.455 0.000 0.000 0.000 28.585 23.585 28.585 38.586 41.588 44.589 2.590 0.000 0.000 0.000 54.590 51.589 40.587 0.000 0.000 0.000 33.578 65.576 58.574 37.572 43.571 37.570 26.569 11.568 14.567 0.000 0.000 0.000 0.000 0.000 0.000 0.000 0.000 0.000 0.000 0.000 0.000 0.000 0.000 0.000 0.000 0.000 0.442 21.445 32.451 31.461 49.479 57.508 58.519 56.525 58.528 45.529 28.530 46.528 49.521
58.951 23.948 0.000 0.000 0.000 0.000 0.000 30.458 26.458 5.458 0.000 0.000 0.000 0.000 0.000 0.000 0.000 0.000 34.583 28.583 23.584 19.585 5.586 0.000 0.000 0.000 0.000 0.000 0.000 0.000 27.584 0.000 0.000 0.000 0.000 28.573 61.572 21.571 22.570 21.569 17.568 20.567 67.566 26.565 0.000 0.000 0.000 0.000 0.000 0.000 0.000 0.000 0.000 0.000 0.000 0.000 0.000 0.000 0.000 0.000 0.000 68.441 64.446 46.454 47.468 44.484 45.495 67.503 60.509 46.514 26.519 35.523 34.522
44.955 25.953 19.953 0.000 0.000 0.000 0.000 0.000 28.458 12.458 0.000 0.000 0.000 0.000 0.000 0.000 0.000 0.000 34.582 34.582 35.582 18.583 0.000 0.000 0.000 0.000 0.000 0.000 0.000 0.000 23.582 0.580 0.000 0.000 0.000 27.571 76.571 40.570 43.569 38.568 23.567 41.566 95.565 92.565 23.565 0.000 0.000 0.000 0.000 0.000 0.000 0.000 0.000 0.000 0.000 0.000 0.000 0.000 0.000 0.000 0.000 71.432 38.437 46.444 37.454 18.465 29.474 72.483 38.491 25.500 32.509 0.000 0.000
28.957 28.955 14.954 0.000 0.000 0.000 0.000 0.000 0.000 0.000 0.000 0.000 0.000 0.000 0.000 0.000 0.000 0.000 37.581 28.581 22.581 20.581 0.000 0.000 0.000 0.000 0.000 0.000 0.000 20.579 13.580 38.579 34.579 0.000 0.000 33.570 39.570 31.569 74.568 63.566 34.567 0.000 51.565 106.564 0.000 0.000 0.000 0.000 0.000 0.000 0.000 0.000 0.000 0.000 0.000 0.000 50.400 88.401 79.402 75.404 22.409 66.419 34.425 23.432 70.439 51.447 71.455 52.463 22.472 30.486 0.000 0.000 0.000
31.957 32.955 24.954 0.000 0.000 0.000 0.000 0.000 0.000 0.000 0.000 0.000 0.000 0.000 0.000 0.000 0.000 0.000 0.000 32.579 22.579 0.578 0.000 0.000 0.000 0.000 0.000 0.000 0.000 22.579 19.579 0.000 0.000 0.000 0.000 7.570 0.000 0.000 0.000 29.563 0.000 0.000 7.564 73.564 28.564 0.000 0.000 0.000 0.000 0.000 0.000 0.000 0.000 0.000 0.000 0.000 6.400 0.000 50.400 54.402 5.405 66.409 43.414 16.419 34.424 84.431 98.437 32.444 20.449 0.000 0.000 0.000 0.000
30.956 31.955 31.953 35.952 27.952 0.000 0.000 0.000 0.000 0.000 0.000 0.000 0.000 0.000 0.000 0.000 0.000 0.000 0.000 22.577 18.577 2.576 0.000 0.000 0.000 0.000 0.000 0.000 23.578 20.578 0.000 0.000 0.000 0.000 0.000 0.000 0.000 0.000 0.000 33.561 0.000 0.000 7.564 0.000 0.000 0.000 0.000 0.000 0.000 0.000 0.000 0.000 0.000 0.000 0.000 0.000 0.000 0.000 26.398 45.398 4.399 68.401 48.402 18.405 67.409 70.414 65.419 73.425 37.431 0.000 0.000 0.000 10.341
32.954 10.954 21.953 30.952 30.951 30.951 29.950 0.000 0.000 0.000 0.000 0.000 0.000 0.000 0.000 0.000 0.000 0.000 0.000 24.576 20.576 4.576 0.000 0.000 0.000 0.000 0.000 0.000 0.000 26.578 0.000 0.000 0.000 0.000 0.000 0.000 0.000 0.000 0.000 20.558 24.557 1.557 0.000 0.000 0.000 0.000 0.000 0.000 0.000 0.000 0.000 0.000 0.000 0.000 0.000 0.000 0.000 0.000 29.396 49.395 9.394 69.392 54.390 68.391 68.393 27.396 20.401 65.408 14.419 0.000 0.000 11.325 19.331
37.951 0.000 0.000 27.951 16.951 0.000 29.950 19.949 0.000 0.000 0.000 0.000 0.000 0.000 0.000 0.000 0.000 0.000 0.000 23.575 20.575 8.575 0.000 0.000 0.000 0.000 0.000 0.000 0.000 0.000 0.000 0.000 0.000 0.000 0.000 0.000 0.000 0.000 36.556 53.557 14.556 0.000 0.000 0.000 0.000 0.000 0.000 0.000 0.000 0.000 0.000 0.000 0.000 0.000 0.000 0.000 0.000 0.000 64.394 50.393 11.389 69.382 66.377 58.375 50.376 36.378 37.382 6.386 0.000 0.000 0.000 14.319 21.322
34.946 0.000 0.000 14.951 6.951 0.000 0.000 0.000 0.000 38.896 34.895 25.895 0.000 0.000 0.000 0.000 0.000 0.000 0.000 27.574 23.574 5.574 0.000 0.000 0.000 0.000 0.000 0.000 0.000 0.000 0.000 0.000 0.000 0.000 0.000 0.000 0.000 0.000 0.000 83.556 49.556 0.000 0.000 0.000 0.000 0.000 0.000 0.000 0.000 0.000 0.000 0.000 0.000 0.000 0.000 0.000 0.000 0.000 0.000 0.000 0.000 43.371 84.360 63.357 62.357 60.359 63.363 11.368 0.000 0.000 0.000 13.310 14.312
50.940 0.000 0.000 0.000 0.000 36.909 23.908 0.000 34.897 28.896 28.895 20.895 0.000 0.000 0.000 0.000 0.000 0.000 0.000 27.574 22.574 10.574 0.000 0.000 0.000 0.000 0.000 0.000 0.000 0.000 0.000 0.000 0.000 0.000 0.000 0.000 0.000 0.000 0.000 27.556 19.556 0.000 0.000 0.000 0.000 0.000 0.000 0.000 0.000 0.000 0.000 0.000 0.000 0.000 0.000 0.000 0.000 0.000 0.000 0.000 0.000 0.000 26.336 27.336 25.337 25.339 22.343 18.355 0.000 0.000 0.000 13.299 11.301
61.932 50.926 32.922 33.918 32.914 26.910 27.907 28.903 26.899 31.897 30.895 21.894 18.893 0.000 0.000 0.000 0.000 0.000 0.000 14.574 0.000 0.000 0.000 0.000 0.000 0.000 0.000 0.000 0.000 0.000 0.000 0.000 0.000 0.000 0.000 0.000 0.000 0.000 0.000 0.000 26.555 0.000 0.000 0.000 0.000 0.000 0.000 0.000 0.000 0.000 0.000 0.000 0.000 0.000 0.000 0.000 0.000 0.000 0.000 0.000 0.000 0.000 14.313 13.314 13.315 29.316 24.316 0.000 0.000 0.000 0.000 26.288 38.290
61.928 55.925 25.921 25.918 25.915 8.910 9.907 13.903 23.899 32.896 29.895 21.894 24.893 13.893 0.000 0.000 0.000 0.000 0.000 0.000 0.000 0.000 0.000 0.000 0.000 0.000 0.000 0.000 0.000 0.000 0.000 0.000 0.000 0.000 0.000 0.000 0.000 0.000 0.000 0.000 0.000 0.000 0.000 0.000 0.000 0.000 0.000 0.000 0.000 0.000 0.000 0.000 0.000 0.000 0.000 0.000 0.000 0.000 0.000 0.000 6.268 9.274 13.288 13.293 15.295 34.294 24.290 7.277 0.000 0.000 21.267 42.274 49.278
61.925 59.923 29.921 26.919 6.917 0.000 0.000 0.000 0.000 23.895 26.894 24.893 17.892 0.000 0.000 0.000 0.000 0.000 0.000 0.000 0.000 0.000 0.000 0.000 0.000 0.000 0.000 0.000 0.000 0.000 0.000 0.000 0.000 0.000 0.000 0.000 0.000 0.000 0.000 0.000 0.000 0.000 0.000 0.000 0.000 0.000 0.000 0.000 0.000 0.000 0.000 0.000 0.000 0.000 0.000 0.000 0.000 0.000 0.000 0.000 17.263 14.267 13.273 9.276 22.277 39.276 23.272 12.265 7.257 7.255 31.259 48.264 49.268
61.922 59.922 12.921 16.920 0.000 0.000 0.000 0.000 0.000 0.000 14.893 27.892 19.891 0.000 0.000 0.000 0.000 0.000 0.000 0.000 0.000 0.000 0.000 0.000 0.000 0.000 0.000 0.000 0.000 0.000 0.000 0.000 0.000 0.000 0.000 0.000 0.000 0.000 0.000 0.000 0.000 0.000 0.000 0.000 0.000 0.000 0.000 0.000 0.000 0.000 0.000 0.000 0.000 0.000 0.000 0.000 0.000 0.000 0.000 11.249 9.254 8.257 13.260 27.262 40.262 30.261 14.258 12.254 14.251 11.250 32.252 50.255 49.259
61.920 35.920 0.000 0.000 0.000 0.000 0.000 0.000 0.000 0.000 0.000 17.890 24.889 22.888 0.000 0.000 0.000 0.000 0.000 0.000 0.000 0.000 0.000 0.000 0.000 0.000 0.000 0.000 0.000 0.000 0.000 0.000 0.000 0.000 0.000 0.000 0.000 0.000 0.000 0.000 0.000 0.000 0.000 0.000 0.000 0.000 0.000 0.000 0.000 0.000 0.000 0.000 0.000 0.000 0.000 0.000 16.237 8.238 6.240 18.244 32.247 37.249 39.249 39.249 25.248 13.247 12.245 12.243 11.242 13.242 36.244 51.247 49.250
