results3_8e3_rain/res_3e8f-0059.wd
ncols         241
nrows         181
xllcorner     12693529.787448
yllcorner     3542525.717860
cellsize      155.156523
NODATA_value  -9999.000000
[rows 33 to 65 of 181, columns 148 to 221 of 241]
58.024 58.712 25.425 37.150 58.894 52.641 31.307 0.000 0.000 9.214 0.000 0.000 6.232 31.246 18.248 0.000 0.000 0.000 22.877 30.852 0.000 15.528 7.480 8.406 12.293 21.178 39.053 29.963 24.880 19.812 20.754 20.703 19.659 18.618 17.574 25.519 35.474 27.446 27.423 25.403 4.389 18.382 26.384 0.000 0.000 0.000 0.000 0.000 0.000 0.000 0.000 0.000 0.000 0.000 0.000 0.000 0.000 0.000 0.000 0.000 0.000 0.000 0.000 0.000 0.000 0.000 0.000 0.000 0.000 0.000 0.000 0.000 0.000 0.000
58.347 59.065 36.793 54.541 57.322 51.167 0.000 0.000 0.000 11.214 0.000 0.000 0.000 15.283 15.275 23.265 0.000 35.971 23.903 10.827 19.714 10.587 8.494 8.400 7.295 9.187 37.079 34.984 34.899 36.825 29.757 31.698 30.647 30.601 30.555 31.508 35.468 33.436 34.411 29.391 6.376 5.369 0.000 0.000 0.000 0.000 0.000 0.000 0.000 0.000 0.000 0.000 0.000 0.000 0.000 0.000 0.000 0.000 0.000 0.000 0.000 0.000 0.000 0.000 0.000 0.000 0.000 0.000 0.000 0.000 0.000 0.000 0.000 0.000
58.680 58.404 58.142 58.898 50.685 37.537 0.000 0.000 0.000 0.000 0.000 0.000 0.000 12.328 9.304 22.255 27.162 19.038 27.938 25.839 6.728 7.614 8.509 8.406 20.301 24.195 28.092 20.996 17.908 27.833 1.753 8.683 3.632 3.583 3.536 6.492 32.453 21.420 19.394 21.372 6.357 8.347 0.000 0.000 0.000 0.000 0.000 0.000 0.000 0.000 0.000 0.000 0.000 0.000 0.000 0.000 0.000 0.000 0.000 0.000 0.000 0.000 0.000 0.000 0.000 0.000 0.000 0.000 0.000 0.000 0.000 0.000 0.000 0.000
59.003 58.732 59.471 54.225 35.984 26.760 35.760 0.000 0.000 0.000 0.000 0.000 0.000 9.398 8.358 11.289 7.194 18.083 20.972 23.861 12.747 7.632 7.521 7.413 32.307 38.202 20.099 13.998 13.904 14.820 11.742 11.674 11.616 12.563 15.515 12.471 33.432 25.399 23.371 23.349 5.331 19.317 45.299 0.000 0.000 0.000 0.000 0.000 0.000 0.000 0.000 0.000 0.000 0.000 0.000 0.000 0.000 0.000 0.000 0.000 0.000 0.000 0.000 0.000 0.000 0.000 0.000 0.000 0.000 0.000 0.000 0.000 0.000 0.000
59.319 59.048 55.787 41.546 30.265 0.000 0.000 0.000 0.000 14.268 0.000 0.000 0.000 8.508 9.441 9.349 8.243 8.127 14.008 6.887 6.766 8.647 7.531 6.419 30.312 27.208 35.104 38.995 37.890 32.800 28.722 30.654 26.594 30.539 30.490 31.445 35.406 33.372 34.344 30.321 5.303 17.290 39.281 0.000 0.000 0.000 0.000 0.000 0.000 0.000 0.000 0.000 0.000 0.000 0.000 0.000 0.000 0.000 0.000 0.000 0.000 0.000 0.000 0.000 0.000 0.000 0.000 0.000 0.000 0.000 0.000 0.000 0.000 0.000
59.629 59.355 49.082 30.907 0.000 0.000 0.000 0.000 12.314 15.269 28.183 28.061 15.900 8.686 8.548 9.425 9.301 8.174 7.044 7.914 7.785 7.658 6.537 15.422 34.314 13.213 27.114 3.990 36.859 26.768 25.693 25.627 22.566 27.511 28.460 28.415 35.374 33.340 30.311 30.288 5.271 19.260 38.253 0.000 0.000 0.000 0.000 0.000 0.000 0.000 0.000 0.000 0.000 0.000 0.000 0.000 0.000 0.000 0.000 0.000 0.000 0.000 0.000 0.000 0.000 0.000 0.000 0.000 0.000 0.000 0.000 0.000 0.000 0.000
60.934 53.662 41.279 31.093 0.000 0.000 0.000 0.000 9.360 26.309 20.220 9.099 10.953 10.788 8.640 7.501 9.363 8.223 9.082 8.940 8.800 7.665 7.537 27.417 27.309 27.216 27.151 0.000 8.790 6.721 7.657 7.594 8.534 12.477 15.426 13.379 33.337 27.302 21.273 23.250 6.234 18.224 37.220 0.000 0.000 0.000 0.000 0.000 0.000 0.000 0.000 0.000 0.000 0.000 0.000 0.000 0.000 0.000 0.000 0.000 0.000 0.000 0.000 0.000 0.000 0.000 0.000 0.000 0.000 0.000 0.000 0.000 0.000 0.000
60.240 46.081 0.000 0.000 0.000 0.000 0.000 0.000 25.457 20.389 10.288 11.165 11.024 10.874 10.724 8.576 7.427 7.275 9.120 7.964 7.812 6.665 8.528 23.401 14.288 23.191 24.123 0.000 0.000 22.668 21.619 21.558 21.497 23.440 23.386 24.338 36.295 32.258 27.228 29.206 5.191 14.183 42.182 0.000 0.000 0.000 0.000 0.000 0.000 0.000 0.000 0.000 0.000 0.000 0.000 0.000 0.000 0.000 0.000 0.000 0.000 0.000 0.000 0.000 0.000 0.000 0.000 0.000 0.000 0.000 0.000 0.000 0.000 0.000
53.464 36.340 0.000 0.000 0.000 0.000 0.000 32.769 26.622 10.502 11.379 11.247 11.106 10.958 10.807 10.653 7.495 8.330 8.159 7.986 8.817 7.656 7.508 10.373 15.251 27.139 14.027 25.878 30.760 23.665 32.592 22.523 23.459 26.398 25.342 24.291 34.246 30.208 18.177 17.153 6.140 13.137 42.143 0.000 0.000 0.000 0.000 0.000 0.000 0.000 0.000 0.000 0.000 0.000 0.000 0.000 0.000 0.000 0.000 0.000 0.000 0.000 0.000 0.000 0.000 0.000 0.000 0.000 0.000 0.000 0.000 0.000 0.000 0.000
39.577 29.476 0.000 0.000 0.000 11.212 25.106 25.917 19.759 14.618 11.480 11.340 11.195 11.046 9.893 12.735 17.570 13.391 8.199 9.005 7.815 7.635 7.474 7.332 14.205 15.086 12.969 19.847 18.738 13.642 25.560 5.485 13.416 20.352 19.293 13.239 32.191 25.150 5.117 4.092 7.078 9.080 13.112 0.000 0.000 0.000 0.000 0.000 0.000 0.000 0.000 0.000 0.000 0.000 0.000 0.000 0.000 0.000 0.000 0.000 0.000 0.000 0.000 0.000 0.000 0.000 0.000 0.000 0.000 0.000 0.000 0.000 0.000 0.000
18.543 36.509 0.000 0.000 13.430 23.317 37.190 21.034 19.880 19.731 12.584 11.437 11.288 11.137 17.984 25.826 26.657 18.467 13.242 8.019 6.803 7.594 11.423 8.278 7.149 6.031 11.916 12.805 11.701 12.606 14.520 7.441 13.368 18.301 20.238 16.181 32.130 26.086 8.049 7.020 7.002 2.995 0.000 0.000 0.000 0.000 0.000 0.000 0.000 0.000 0.000 0.000 0.000 0.000 0.000 0.000 0.000 0.074 9.225 8.226 10.224 9.223 3.221 0.000 0.000 0.000 0.000 0.000 0.000 0.000 0.000 0.000 0.000 0.000
0.000 0.000 0.000 0.000 16.542 36.439 28.303 31.151 27.996 17.841 10.688 11.536 11.384 22.232 27.080 22.927 17.766 14.578 17.282 12.028 11.783 7.517 12.344 6.207 7.085 7.971 6.861 6.755 6.655 6.560 5.473 6.392 6.316 10.245 16.179 15.118 33.063 27.014 5.972 6.938 6.914 5.902 0.000 0.000 0.000 0.000 0.000 0.000 0.000 0.000 0.000 0.000 0.000 2.876 5.878 5.881 4.884 0.897 0.073 0.097 0.053 0.040 0.214 1.219 0.001 0.020 0.001 0.000 0.000 0.000 0.000 0.000 0.000 0.000
0.000 0.000 0.000 17.961 33.758 26.592 18.432 26.271 30.110 30.951 20.793 9.635 19.479 28.326 18.178 10.036 9.903 11.795 0.000 0.000 0.000 4.349 8.230 10.120 10.013 6.907 6.803 7.701 6.602 6.509 6.421 7.337 6.258 6.184 6.114 9.049 25.989 24.935 6.887 6.846 6.816 7.797 8.797 0.000 0.000 0.000 0.000 0.000 0.000 0.000 0.000 0.000 0.000 2.875 0.017 0.020 0.031 0.033 0.050 0.091 0.000 0.000 0.000 0.022 0.001 0.001 0.001 1.384 0.000 0.000 0.000 0.000 0.000 0.000
0.000 0.000 17.420 27.164 33.937 17.741 20.562 18.391 16.224 24.060 28.896 23.734 27.572 16.416 10.269 11.136 11.016 18.905 0.000 0.000 0.000 1.164 10.106 21.032 21.940 16.842 12.742 14.642 10.545 9.452 7.363 6.278 6.197 7.119 6.046 5.976 8.910 17.850 5.794 5.745 6.704 5.675 0.000 0.000 0.000 0.000 0.000 0.000 0.000 0.000 0.000 0.000 0.592 0.011 0.017 0.025 0.000 0.000 0.000 0.187 0.452 0.516 0.050 0.034 0.000 0.003 0.001 0.020 1.068 0.000 0.000 0.000 0.000 0.000
20.864 22.214 20.676 35.340 20.085 13.873 15.684 14.507 11.336 10.168 25.000 31.830 34.661 22.497 12.347 9.223 17.119 0.000 0.000 0.000 0.000 4.069 14.034 20.963 21.875 21.779 23.680 31.581 29.485 25.392 23.302 19.215 13.132 8.051 5.973 6.898 5.827 10.759 3.696 4.637 5.581 7.524 28.438 0.000 0.000 0.000 0.000 0.000 0.000 0.000 0.000 0.000 0.000 0.000 0.000 0.058 0.173 0.222 0.254 0.280 0.129 0.163 0.000 0.160 0.122 0.026 0.026 0.027 0.000 0.000 0.000 0.000 0.000 0.000
20.517 13.101 31.729 31.434 26.192 16.983 10.794 11.617 12.446 23.276 26.105 17.928 20.745 29.563 30.400 20.289 0.000 0.000 0.000 0.000 9.154 15.077 18.998 17.911 18.817 18.718 16.618 23.519 24.422 24.329 25.238 22.150 21.063 21.979 12.897 7.817 8.740 5.665 6.593 5.525 4.460 6.401 21.353 0.000 0.000 0.000 0.000 0.000 0.000 0.000 0.000 0.000 0.000 0.000 0.201 0.027 0.005 0.000 0.000 0.000 0.380 0.373 0.000 0.240 0.000 0.000 0.000 0.000 0.000 0.000 0.000 0.000 0.000 0.000
14.135 23.945 33.707 24.476 24.266 26.072 23.892 14.721 20.554 29.388 18.215 11.031 9.828 15.609 25.402 32.245 0.000 0.000 12.620 12.444 7.232 16.087 20.971 21.867 17.765 17.659 9.554 6.454 6.357 6.263 5.172 3.082 9.994 23.906 22.820 21.735 16.651 7.568 5.488 6.409 5.334 5.267 6.219 0.000 0.000 0.000 0.000 0.000 0.000 0.000 0.000 0.000 0.000 0.000 0.000 0.042 0.000 0.000 0.000 1.540 1.498 1.460 0.366 0.286 0.000 0.000 0.000 0.000 0.000 0.000 0.000 0.000 0.000 0.000
16.943 35.837 26.677 23.500 23.322 24.149 22.982 24.821 29.663 18.505 12.338 12.152 11.929 10.645 11.354 17.044 33.635 31.242 9.796 8.481 7.242 8.067 19.933 17.820 28.715 16.601 9.487 7.385 8.289 7.196 12.104 20.013 15.923 9.832 15.741 25.650 22.560 21.469 12.380 5.291 5.201 6.113 4.038 0.000 0.000 0.000 0.000 0.000 0.000 12.461 7.461 6.454 0.000 0.000 0.000 5.115 2.021 1.846 1.714 1.579 1.504 1.440 1.338 1.240 1.217 0.193 1.162 3.160 0.000 0.000 0.000 0.000 0.000 0.000
30.857 26.783 15.665 20.524 25.373 20.220 26.068 31.917 23.773 11.630 10.481 12.312 12.089 15.687 16.327 9.941 20.619 16.294 12.844 9.441 6.188 13.008 16.873 18.767 9.675 36.542 24.409 14.310 6.217 12.127 31.036 40.945 33.852 10.759 12.663 15.567 19.469 24.370 22.272 18.172 7.068 3.945 10.783 16.595 0.000 0.000 0.000 0.000 0.000 0.000 2.469 2.446 2.399 7.341 6.276 2.199 1.082 1.823 1.706 1.588 1.503 1.427 1.326 1.179 1.196 1.194 0.162 0.106 0.234 3.210 0.000 0.000 0.000 0.000
32.840 17.774 12.676 14.557 16.426 27.291 31.152 42.007 40.881 33.762 22.643 11.527 14.429 0.000 0.000 8.773 14.606 11.472 0.000 7.250 11.061 27.905 26.785 29.701 0.000 1.366 41.299 35.227 21.144 27.058 44.969 44.877 42.784 11.687 17.587 17.484 19.378 7.271 16.164 22.059 20.953 19.817 32.553 41.407 0.000 0.000 0.000 0.000 0.000 0.000 25.499 6.463 6.409 6.348 6.286 7.230 1.176 0.100 3.691 0.529 0.410 0.241 0.124 0.480 0.054 0.000 0.000 0.000 0.000 0.000 0.000 0.000 0.000 0.000
23.862 12.797 12.709 12.603 25.485 23.365 40.242 55.077 51.984 48.894 43.804 34.724 25.671 0.000 0.000 0.000 2.561 13.516 0.000 0.000 3.900 21.766 20.659 35.551 7.398 8.302 41.231 46.156 42.076 40.991 43.904 43.813 44.718 23.618 15.514 17.404 17.290 7.172 16.055 9.948 28.868 0.000 38.207 60.073 30.826 0.646 0.000 0.000 0.000 1.686 61.566 14.498 16.427 16.356 12.288 13.229 5.187 0.155 0.000 0.205 0.113 0.136 0.097 0.708 0.029 0.000 0.000 0.000 0.000 0.000 0.000 0.000 0.000 0.000
21.912 19.844 14.761 26.662 20.545 33.443 11.373 0.000 32.085 51.024 49.955 50.895 33.859 0.000 0.000 0.000 0.000 19.516 0.000 0.000 0.683 15.601 10.536 37.447 48.340 48.248 44.168 44.090 44.011 44.929 43.843 43.753 43.657 37.555 12.446 14.329 12.204 7.073 17.938 18.808 21.705 0.000 22.994 58.851 28.600 46.245 7.019 0.000 3.928 59.785 47.643 19.537 13.445 15.361 9.283 3.211 1.035 0.000 0.000 0.114 0.136 2.210 9.178 18.159 7.106 0.000 0.000 0.000 0.000 0.000 0.000 0.000 0.000 0.000
23.973 19.906 26.830 23.737 26.590 50.489 37.435 20.376 41.247 50.164 49.096 48.043 28.012 0.000 0.000 0.000 0.000 0.000 0.000 0.000 6.484 15.490 26.438 42.360 44.269 44.182 44.103 44.026 43.949 43.870 43.786 43.698 43.602 43.499 29.386 19.262 12.126 4.977 8.816 8.641 13.438 32.132 17.925 52.739 38.478 45.095 51.794 37.431 42.071 50.840 26.685 27.561 13.455 12.361 4.270 0.945 0.962 0.427 0.449 3.395 21.315 20.227 19.163 18.111 18.055 7.999 0.000 0.000 0.000 0.000 0.000 0.000 0.000 0.000
16.039 27.976 24.916 24.868 0.000 0.000 29.501 55.447 50.364 49.289 51.224 33.170 19.133 3.154 0.000 0.000 0.000 0.000 0.000 0.000 12.461 29.439 41.365 44.287 44.192 44.109 44.034 43.963 43.891 43.815 43.736 43.650 43.556 43.453 44.337 38.207 30.060 21.894 19.707 22.501 13.275 30.032 8.835 50.702 0.000 3.862 38.630 10.427 1.106 56.820 20.696 24.568 22.455 3.356 1.081 1.419 0.671 0.580 10.577 21.438 18.321 18.221 18.137 15.068 14.005 11.945 10.886 0.000 0.000 0.000 0.000 0.000 0.000 0.000
26.105 26.045 20.990 40.950 0.000 3.719 43.623 50.547 49.472 49.403 49.341 25.281 25.196 36.175 0.000 0.000 0.000 0.000 0.000 0.000 0.000 0.000 38.297 50.229 45.105 44.028 43.963 43.900 43.835 43.766 43.691 43.610 43.520 43.419 43.303 44.170 45.014 41.831 41.618 44.382 24.130 29.888 3.680 44.533 0.000 0.000 34.437 4.292 14.081 47.879 28.712 20.560 24.439 1.209 1.812 0.394 0.329 0.492 13.595 14.461 19.310 18.199 13.100 10.022 13.955 18.891 17.829 6.765 0.000 0.000 0.000 0.000 0.000 0.000
27.170 15.109 26.050 46.993 39.928 45.815 51.724 49.646 49.575 49.511 46.456 30.417 0.000 0.000 0.000 0.000 0.000 0.000 0.000 0.000 0.000 0.000 0.000 0.000 35.970 44.936 43.891 43.840 43.783 43.721 43.654 43.579 43.495 45.399 44.288 44.155 42.994 44.799 43.554 43.277 32.976 30.708 7.466 19.216 48.849 27.583 35.389 4.223 32.059 25.904 28.713 16.521 10.363 1.982 1.676 0.628 0.601 1.284 0.738 0.925 8.263 6.168 7.043 17.966 17.902 17.839 17.775 18.703 12.613 8.545 6.502 0.000 0.000 0.000
16.234 12.171 27.109 46.045 51.975 50.891 49.812 49.739 49.671 50.609 41.554 34.516 0.000 0.000 0.000 0.000 0.000 0.000 0.000 0.000 0.000 0.000 0.000 11.843 38.869 44.855 43.825 43.784 43.737 43.683 43.624 43.557 45.482 45.396 45.294 37.169 42.008 44.816 47.522 45.196 38.789 34.503 22.259 6.017 53.749 36.511 38.314 3.152 49.029 12.966 0.000 10.450 1.136 1.749 0.329 0.686 2.895 1.420 0.848 0.000 0.000 0.000 11.941 17.901 17.848 17.791 17.729 17.663 18.591 18.524 18.460 19.378 18.306 15.238
13.297 11.232 28.169 48.104 50.036 49.964 49.893 49.826 49.763 51.701 30.637 28.576 0.000 0.000 0.000 0.000 0.000 0.000 0.000 0.000 0.000 0.000 0.000 25.818 44.806 43.792 43.769 43.737 43.697 43.652 45.601 44.543 44.479 44.407 38.324 16.219 32.054 41.935 0.000 0.000 16.482 23.254 32.052 18.842 39.618 57.398 42.203 9.042 50.937 0.000 0.000 0.000 1.391 1.199 0.847 2.871 0.276 0.110 0.308 0.300 0.000 0.000 7.881 17.848 17.802 17.749 17.691 17.629 17.565 17.501 17.437 17.369 17.304 17.242
18.358 23.294 38.230 50.166 50.101 50.035 49.971 49.910 49.853 50.795 37.716 0.000 0.000 0.000 0.000 0.000 0.000 10.610 0.000 0.000 0.000 0.000 0.000 0.751 35.746 42.738 43.721 43.696 43.664 43.627 45.584 43.537 43.485 43.431 27.376 23.330 0.000 0.000 0.000 0.000 1.133 7.981 29.853 15.683 20.482 63.261 46.057 24.877 34.741 0.000 28.626 5.552 1.360 1.026 0.789 1.247 3.487 3.287 5.156 11.051 5.965 16.900 17.855 17.812 17.764 17.713 17.658 17.600 17.541 17.481 17.421 17.360 17.301 17.244
20.419 39.355 50.292 50.229 50.166 50.105 50.046 49.991 49.945 55.912 0.000 0.000 0.000 0.000 0.000 0.000 10.610 22.610 9.611 24.612 20.613 0.000 0.000 22.677 29.694 40.693 43.682 43.663 43.637 44.607 43.572 43.534 43.494 39.455 28.420 33.396 0.000 0.000 0.000 0.000 17.847 9.802 27.695 3.555 5.369 53.105 51.889 43.668 29.409 29.003 17.700 12.541 1.333 1.032 0.357 0.363 13.370 20.215 19.107 19.019 10.944 17.882 17.830 17.781 17.732 17.682 17.629 17.575 17.519 17.463 17.407 17.351 17.296 17.244
27.480 47.416 51.354 50.292 50.232 50.173 50.117 50.065 50.022 56.996 0.000 0.000 0.000 0.000 0.000 0.000 0.000 19.610 19.611 18.612 21.614 5.620 13.630 21.649 21.659 38.659 44.651 43.636 43.616 43.591 43.563 43.534 44.504 36.475 32.452 26.438 0.000 0.000 0.000 0.000 0.000 9.686 28.569 5.472 1.272 39.901 56.726 53.498 34.223 12.902 11.628 12.436 3.299 0.144 0.191 0.092 0.078 15.098 18.039 17.975 9.913 17.856 17.803 17.753 17.704 17.655 17.604 17.553 17.500 17.447 17.395 17.342 17.291 17.241
35.539 51.476 50.415 50.354 50.295 50.238 50.183 50.131 52.082 50.055 0.000 0.000 0.000 0.000 0.000 0.000 0.000 24.610 30.611 35.611 26.612 25.616 19.622 15.630 26.634 40.633 43.626 43.615 46.598 44.579 43.557 43.534 43.511 38.490 30.474 25.466 0.476 0.000 0.000 0.000 0.000 0.000 20.425 6.352 2.175 34.808 65.617 46.376 25.082 15.753 17.477 15.274 10.146 0.000 0.190 0.000 0.000 3.038 17.980 17.929 9.879 17.828 17.775 17.726 17.678 17.630 17.582 17.533 17.483 17.433 17.383 17.334 17.286 17.239
43.597 51.535 50.475 50.416 50.358 50.301 50.247 51.193 49.121 37.088 21.088 0.000 0.000 0.000 0.000 0.000 0.000 25.610 34.610 34.610 38.609 40.609 23.611 22.614 37.616 43.613 43.607 43.598 44.585 43.569 43.552 43.534 43.517 41.501 29.490 30.484 24.488 0.000 0.000 0.000 0.000 0.000 6.353 6.281 0.159 44.755 32.559 38.304 7.979 27.550 21.252 14.038 13.864 4.661 0.000 0.214 0.000 0.026 14.916 16.886 10.847 17.803 18.745 17.699 17.654 17.608 17.562 17.516 17.468 17.421 17.374 17.327 17.281 17.236
