results3_8e3_rain/res_3e8f-0134.wd
ncols         241
nrows         181
xllcorner     12693529.787448
yllcorner     3542525.717860
cellsize      155.156523
NODATA_value  -9999.000000
[rows 33 to 65 of 181, columns 73 to 145 of 241]
0.000 0.000 0.000 0.000 0.000 0.000 0.000 0.000 0.000 0.000 0.000 0.000 0.000 0.000 0.000 0.000 0.000 0.000 0.000 0.000 0.000 0.000 0.000 0.000 0.000 0.000 0.000 0.000 0.000 0.000 0.000 0.000 0.000 0.000 0.000 0.000 0.000 0.000 0.000 38.262 61.263 66.265 22.267 0.000 0.000 31.346 45.375 12.354 3.356 35.378 38.394 32.394 33.376 34.342 34.292 34.223 34.136 33.025 38.879 58.650 5.185 13.339 10.646 45.834 62.303 66.830 65.391 65.995 64.536 66.628 61.689 61.288 61.279
0.000 0.000 0.000 0.000 0.000 0.000 0.000 0.000 0.000 0.000 0.000 0.000 0.000 0.000 0.000 0.000 0.000 0.000 0.000 0.000 0.000 0.000 0.000 0.000 0.000 0.000 0.000 0.000 0.000 0.000 0.000 0.000 0.000 0.000 0.000 0.000 0.000 0.000 0.000 0.000 13.263 8.264 0.000 0.000 0.000 0.000 27.466 0.000 0.000 25.419 49.461 48.465 38.450 34.415 34.362 34.287 34.194 33.082 54.954 52.802 0.000 36.186 48.765 62.207 66.697 66.223 65.796 65.307 66.371 62.394 61.678 61.932 64.238
0.000 0.000 0.000 0.000 0.000 0.000 0.000 0.000 0.000 0.000 0.000 0.000 0.000 0.000 0.000 0.000 0.000 0.000 33.903 65.903 18.903 0.000 0.000 0.000 0.000 0.000 0.000 0.000 0.000 0.000 0.000 0.000 0.000 0.000 0.000 0.000 0.000 0.000 0.000 0.000 0.000 0.000 0.000 0.000 0.000 0.000 19.557 0.000 0.000 0.000 27.563 45.558 45.542 36.508 34.452 34.371 32.270 48.155 57.053 0.000 21.838 46.455 61.020 67.534 67.049 66.599 66.082 68.118 64.108 62.197 62.593 64.922 64.170
0.000 0.000 0.000 0.000 0.000 0.000 0.000 0.000 0.000 0.000 0.000 20.904 58.904 0.000 0.000 0.000 0.000 0.000 40.903 91.903 47.903 0.000 0.000 0.000 0.000 0.000 0.000 0.000 0.000 0.000 0.000 0.000 0.000 0.000 0.000 0.000 0.000 0.000 0.000 0.000 0.000 0.000 0.000 0.000 0.000 0.000 22.648 23.689 30.708 16.707 26.671 34.662 47.652 38.623 34.566 31.477 42.359 52.214 41.050 16.734 46.222 63.777 68.326 67.854 67.397 66.861 66.869 65.833 62.828 63.272 65.612 64.865 64.635
0.000 0.000 0.000 0.000 0.000 0.000 0.000 0.000 0.000 0.000 0.000 41.904 76.904 65.904 52.904 7.904 1.904 25.903 79.903 87.903 52.902 0.000 0.000 0.000 0.000 21.723 0.723 0.000 0.000 0.000 0.000 0.000 0.000 0.000 0.000 0.000 0.000 5.730 0.000 0.000 0.000 9.730 27.730 0.000 0.000 38.710 53.698 56.712 54.728 40.741 34.751 33.769 47.779 38.765 30.713 44.612 58.474 46.295 34.197 48.932 53.537 66.105 68.649 68.192 67.644 67.627 65.572 63.571 63.970 66.315 65.574 65.346 65.017
0.000 0.000 0.000 0.000 0.000 0.000 0.000 0.000 0.000 0.000 0.000 12.904 74.904 57.904 38.904 0.904 21.904 71.904 82.903 89.903 48.902 0.000 0.000 0.000 0.000 59.723 43.723 0.000 0.000 0.000 0.000 0.000 0.000 0.000 0.000 0.000 22.730 34.730 36.730 0.000 0.000 18.730 43.730 22.729 36.727 59.722 62.721 63.732 60.751 47.779 34.823 31.884 48.931 39.947 43.907 61.785 55.629 0.000 32.511 51.260 63.888 69.454 69.001 68.444 68.401 66.333 64.442 64.693 67.037 66.302 66.077 65.746 65.419
0.000 0.000 0.000 0.000 0.000 0.000 0.000 0.000 0.000 0.000 0.000 0.000 0.000 25.904 63.905 59.905 47.904 60.904 80.903 91.902 44.902 0.000 0.000 0.000 0.000 21.723 45.723 47.723 0.000 0.000 0.000 0.000 0.000 0.000 0.000 0.000 38.729 39.730 51.730 34.730 23.730 37.731 38.731 34.730 41.730 48.730 46.734 39.744 58.764 24.801 40.879 44.013 34.115 46.184 59.185 55.990 0.000 7.504 44.076 60.709 69.302 69.839 69.286 69.211 66.136 65.482 65.451 67.783 67.054 66.833 66.505 66.174 65.823
0.000 0.000 0.000 0.000 0.000 0.000 0.000 0.000 0.000 0.000 0.000 0.000 0.000 15.905 82.905 77.905 67.905 57.905 81.904 89.902 84.900 69.897 24.895 0.000 0.000 0.000 1.723 55.723 39.724 37.724 48.724 43.724 6.724 0.000 0.000 2.729 38.729 37.730 58.730 64.730 53.731 45.731 37.731 34.732 35.733 36.735 35.739 33.747 41.761 2.781 0.000 3.173 39.333 62.488 60.658 0.308 6.265 43.933 57.577 67.209 70.741 70.297 71.069 67.016 66.771 66.263 68.561 67.834 67.613 67.290 66.966 66.616 66.235
0.000 0.000 0.000 0.000 0.000 0.000 0.000 0.000 0.000 0.000 0.000 0.000 0.000 0.000 15.905 54.906 29.906 65.906 84.905 89.903 87.900 85.896 74.892 33.889 0.000 0.000 0.000 11.723 50.724 50.724 63.724 61.724 54.725 49.725 0.000 0.000 5.729 42.730 61.730 68.730 60.731 44.731 33.732 34.733 34.735 34.737 34.741 34.746 38.751 0.000 0.000 0.000 9.556 46.779 16.292 13.666 48.595 53.382 65.110 71.707 71.553 69.786 68.106 68.437 67.165 69.393 68.651 68.419 68.095 67.780 67.449 67.088 66.670
0.000 0.000 0.000 0.000 0.000 0.000 0.000 0.000 0.000 0.000 0.000 0.000 0.000 0.000 0.000 0.907 86.908 86.908 88.907 88.905 87.900 81.895 75.890 46.886 0.000 0.000 0.000 0.000 0.000 18.724 63.724 57.724 72.725 69.725 48.726 27.727 28.729 37.729 59.730 68.730 59.731 42.732 32.733 37.734 36.736 34.738 34.741 34.744 35.746 27.745 0.000 0.000 0.000 0.000 8.066 51.132 54.065 61.916 72.632 72.738 71.094 72.969 70.691 68.216 70.311 69.526 69.261 68.919 68.600 68.282 67.961 67.618 66.188
0.000 0.000 0.000 0.000 0.000 0.000 21.832 44.829 0.000 22.774 62.764 51.752 55.742 30.736 0.000 0.000 22.911 94.911 88.912 85.908 82.901 85.893 76.885 39.880 0.000 0.000 0.000 0.000 0.000 0.000 0.000 7.725 61.725 62.725 13.725 0.000 4.729 41.730 59.730 64.730 54.731 45.732 43.733 5.734 12.736 40.739 34.741 34.743 35.744 41.744 49.744 11.744 0.000 0.000 23.773 56.733 60.629 71.437 73.649 73.280 76.575 75.145 69.578 71.362 70.486 70.154 69.771 69.427 69.098 68.786 68.495 68.235 74.040
0.000 0.000 0.000 0.000 0.000 0.000 21.834 64.826 6.808 56.784 58.766 70.751 53.738 38.730 0.000 0.000 10.913 79.915 91.920 88.915 88.904 89.891 83.878 37.869 0.000 0.000 0.000 0.000 0.000 0.000 0.000 0.000 0.000 46.725 5.725 0.000 0.729 47.730 44.730 56.730 13.731 0.000 0.000 0.000 0.000 6.740 44.741 38.742 1.743 31.744 65.744 48.744 1.744 0.000 28.528 62.369 71.272 74.392 74.148 78.334 77.590 70.952 72.494 71.521 71.103 70.661 70.274 69.913 69.579 69.271 68.999 68.787 73.697
20.103 64.099 54.096 0.000 0.000 0.000 15.845 75.834 51.813 53.789 59.766 83.746 84.729 79.715 33.702 0.000 0.000 0.000 39.939 93.928 88.910 89.887 86.866 45.850 0.000 0.000 0.000 0.000 0.000 0.000 0.000 0.000 0.000 4.725 0.000 0.000 0.000 0.000 0.000 0.000 0.000 0.000 0.000 0.000 0.000 0.000 0.000 19.742 16.743 0.000 0.000 0.000 0.000 17.941 55.357 72.310 73.986 74.918 79.273 78.884 71.989 73.530 72.548 72.072 71.577 71.143 70.744 70.375 70.033 69.720 69.442 69.217 72.077
20.103 76.098 58.092 54.086 0.000 0.000 2.867 67.852 69.822 69.792 81.763 78.739 90.718 89.701 50.689 0.000 0.000 0.000 15.968 95.950 88.920 89.884 86.847 46.816 0.000 0.000 7.403 55.367 67.328 36.302 0.000 0.000 0.000 0.000 0.000 0.000 0.000 0.000 0.000 0.000 0.000 0.000 0.000 0.000 0.000 0.000 0.000 0.000 4.743 0.000 0.000 0.000 15.907 56.413 73.373 73.954 80.182 79.672 73.271 73.826 74.315 73.483 73.000 72.484 72.018 71.586 71.185 70.810 70.460 70.133 69.832 76.561 17.319
84.105 81.099 60.090 61.079 53.065 0.031 57.904 52.883 60.833 73.793 77.755 88.728 89.703 88.681 57.663 0.000 0.000 0.000 15.015 94.982 88.935 89.882 84.822 64.751 48.639 49.537 49.439 57.371 78.316 45.276 0.000 0.000 0.000 0.000 0.000 0.000 0.000 0.000 0.000 0.000 0.000 0.000 0.000 0.000 0.000 0.000 0.000 0.000 0.000 0.000 14.000 44.776 54.283 73.269 74.858 81.530 80.935 73.823 75.536 74.861 74.310 73.841 73.341 72.870 72.421 71.999 71.599 71.221 70.862 70.520 77.193 22.877 0.000
81.109 76.101 74.091 57.075 61.051 61.012 51.963 44.942 0.000 0.000 19.735 78.716 89.685 87.656 72.620 39.571 0.000 2.190 64.096 85.028 89.958 88.885 89.809 79.725 55.630 52.535 51.443 60.363 78.287 61.209 47.101 48.016 51.953 62.915 26.899 0.000 0.000 0.000 0.000 0.000 0.000 0.000 0.000 0.000 0.000 0.000 0.000 0.000 0.000 0.000 25.200 65.040 72.986 75.633 82.411 82.015 74.551 76.213 75.427 75.047 74.597 74.133 73.676 73.229 72.799 72.388 71.993 71.614 71.247 76.892 23.542 0.000 0.000
70.116 22.107 90.096 61.080 55.051 56.022 57.995 57.981 46.987 0.000 0.000 0.000 23.664 94.637 84.592 62.522 54.407 61.273 60.168 62.076 69.984 70.893 57.802 54.712 52.620 52.528 51.437 60.349 75.262 54.173 51.078 55.994 71.929 74.891 59.884 33.884 0.000 0.000 0.000 0.000 0.000 0.000 0.000 0.000 0.000 0.000 0.000 0.000 0.000 16.042 57.887 73.497 76.336 82.974 82.731 75.251 76.889 76.098 75.734 75.298 74.865 74.430 73.997 73.573 73.160 72.759 72.371 71.993 77.623 23.257 0.000 0.000 0.000
16.123 89.115 90.106 76.097 0.000 3.030 63.014 58.999 69.993 60.993 0.000 0.000 2.670 82.638 79.587 64.517 55.426 52.324 52.224 55.124 68.010 75.900 78.795 71.701 61.610 54.520 53.428 69.334 72.239 47.142 51.044 50.953 51.879 55.838 34.861 0.000 0.000 0.000 5.423 0.000 0.000 0.000 0.000 0.000 0.000 0.000 0.000 19.264 50.935 58.792 72.306 83.633 83.246 76.311 76.903 77.465 76.770 76.400 75.972 75.557 75.139 74.722 74.310 73.904 73.507 73.119 73.739 80.364 23.993 0.000 0.000 0.000 0.000
94.131 90.125 90.117 90.105 77.087 60.055 60.030 60.009 50.994 0.000 16.809 23.770 75.709 72.658 75.601 68.534 69.456 69.371 69.283 72.184 67.032 66.903 68.777 72.686 73.601 71.513 67.420 78.322 76.219 64.112 65.002 64.895 66.795 41.720 0.000 0.000 0.000 0.000 6.423 0.000 0.000 0.000 0.000 0.000 0.000 6.121 53.910 54.482 75.500 76.058 84.708 84.225 78.802 78.515 77.899 77.428 77.045 76.627 76.221 75.815 75.411 75.011 74.616 74.228 73.846 74.471 78.100 10.732 0.000 0.000 0.000 0.000 0.000
93.139 89.136 89.131 90.120 87.101 65.073 59.044 60.013 60.979 52.928 1.850 67.792 64.738 65.683 66.626 61.562 65.493 70.422 78.353 63.296 0.000 0.000 13.722 71.667 67.593 67.512 67.418 67.314 67.202 67.084 66.959 66.828 64.688 59.528 32.315 0.000 7.956 51.730 58.423 70.108 39.864 0.000 0.000 0.000 0.283 55.310 66.120 78.052 78.692 85.447 85.110 79.457 79.129 78.390 78.057 77.663 77.261 76.863 76.466 76.071 75.680 75.295 74.916 74.545 75.179 77.818 25.459 0.000 0.000 0.000 0.000 0.000 0.000
79.145 79.150 79.152 90.143 90.123 80.093 56.058 59.021 59.981 59.934 65.877 74.822 58.767 55.712 53.656 60.595 75.533 74.470 59.410 39.353 0.000 0.000 0.000 0.000 56.594 51.522 51.425 51.314 51.192 52.062 54.923 55.772 55.599 54.389 55.102 53.658 53.181 61.811 68.431 66.038 72.620 70.068 64.551 62.039 64.422 76.004 79.511 79.304 85.939 85.723 80.099 79.749 78.996 78.666 78.267 77.876 77.485 77.095 76.708 76.324 75.944 75.571 75.208 75.855 76.508 15.163 0.000 0.000 0.000 0.000 0.000 0.000 0.000
0.000 45.167 57.185 85.177 89.155 70.119 53.074 52.030 59.991 59.950 58.904 52.852 53.795 59.744 76.689 75.631 58.572 51.516 41.463 0.000 61.067 70.008 65.919 66.806 69.667 72.558 71.447 72.326 75.191 74.049 70.899 72.736 67.549 53.326 57.045 55.691 60.300 77.903 84.453 80.991 74.512 69.028 70.567 77.028 81.878 80.295 86.543 86.191 80.092 81.699 80.281 79.616 79.272 78.870 78.481 78.091 77.705 77.324 76.948 76.574 76.202 76.836 74.491 70.160 21.834 0.000 0.000 0.000 0.000 0.000 0.000 0.000 0.000
0.000 0.000 50.241 69.227 80.200 55.154 47.088 54.036 52.002 58.972 59.936 59.885 52.819 69.777 61.727 50.669 53.609 45.559 0.000 70.209 73.125 73.040 74.943 75.832 78.710 82.595 81.478 81.350 81.198 83.042 83.888 81.724 69.537 55.319 57.062 56.761 56.424 59.047 32.487 4.961 94.404 135.989 113.520 79.451 80.967 87.520 87.077 80.544 83.270 80.682 80.235 79.873 79.474 79.084 78.692 78.303 77.921 77.549 77.184 76.822 78.453 73.079 61.761 16.461 0.000 0.000 0.000 0.000 0.000 0.000 0.000 0.000 42.534
2.505 0.000 5.312 26.289 61.264 43.209 0.000 49.024 54.011 53.999 59.984 48.935 0.000 53.819 51.772 53.708 54.635 64.552 78.437 75.294 77.184 83.083 92.980 136.869 133.747 133.633 133.522 133.398 134.210 118.033 49.889 52.733 50.556 58.353 57.124 53.867 51.589 33.375 0.000 0.000 3.171 60.878 77.893 82.490 88.216 87.896 80.148 81.845 81.141 80.834 80.462 80.076 79.688 79.295 78.901 78.509 78.128 77.765 78.419 77.077 68.708 57.267 15.014 0.000 0.000 0.000 0.000 0.000 0.000 0.000 0.000 33.712 54.628
76.502 24.472 13.406 76.352 54.360 0.000 0.000 0.000 48.019 61.028 53.066 0.000 5.992 61.909 52.835 63.757 76.671 76.576 81.465 84.345 77.234 63.128 54.025 49.917 47.777 50.667 51.579 38.511 0.000 54.993 51.900 50.764 54.599 58.413 55.213 46.993 53.691 34.489 0.000 0.467 56.137 73.171 82.905 88.708 88.488 80.735 82.419 81.712 81.416 81.043 80.671 80.290 79.903 79.510 79.109 78.702 78.317 78.965 74.650 63.360 20.034 0.000 0.000 0.000 0.000 0.000 0.000 0.000 0.000 0.000 1.898 51.795 50.719
86.521 94.509 82.489 0.000 11.464 5.567 0.629 0.000 0.000 0.000 57.185 55.168 63.076 59.988 59.902 59.813 76.718 90.615 79.504 59.389 57.277 52.171 54.074 44.998 0.000 56.679 53.616 42.556 0.000 56.045 50.955 51.824 58.665 56.485 54.322 36.203 0.000 1.064 52.761 50.599 67.391 83.313 88.983 81.674 82.240 82.897 82.291 81.993 81.628 81.265 80.892 80.511 80.124 79.731 79.322 79.875 79.471 69.128 53.856 16.680 0.000 0.000 0.000 0.000 0.000 0.000 0.000 0.237 27.135 26.084 40.987 52.890 40.809
76.548 80.552 70.553 0.000 0.000 70.663 63.678 57.659 1.594 9.447 75.322 72.243 59.155 60.065 59.972 60.875 81.772 133.662 126.546 73.429 128.315 49.206 53.102 53.003 54.889 52.754 52.649 52.540 54.386 50.188 50.049 58.913 57.752 54.541 49.386 38.294 0.000 0.021 54.835 61.692 83.706 82.598 89.341 82.721 83.306 82.853 82.561 82.211 81.859 81.495 81.121 80.737 80.349 79.970 81.573 77.004 58.565 45.220 46.966 12.823 0.000 0.000 0.000 0.000 0.000 0.000 0.000 0.293 36.184 41.130 55.051 48.968 38.891
72.578 67.598 11.618 0.000 1.786 53.744 62.720 59.681 77.614 71.514 76.414 84.326 75.237 60.145 60.048 59.944 58.832 52.714 47.591 52.467 49.348 53.234 53.126 53.021 52.912 52.798 52.688 52.570 51.431 56.272 58.141 59.027 42.890 0.000 42.386 0.000 0.000 0.003 59.025 80.957 84.970 90.335 89.872 82.815 83.465 83.105 82.789 82.452 82.100 81.734 81.359 80.969 80.566 79.228 40.996 0.000 0.000 0.000 0.000 0.000 0.000 0.000 0.000 32.657 27.624 26.571 25.500 29.406 38.285 54.200 48.120 39.042 48.968
64.605 55.644 60.702 5.800 58.826 54.810 53.779 71.730 64.663 80.581 89.495 69.410 55.322 53.230 56.129 59.020 59.900 59.770 52.635 51.502 52.375 52.257 53.147 53.043 52.940 57.837 54.734 51.623 52.493 55.327 59.217 48.165 0.000 0.000 0.000 0.000 14.726 134.607 78.322 85.348 83.327 90.744 82.638 85.155 86.636 83.360 83.041 82.706 82.353 81.984 82.612 79.213 66.719 57.378 15.187 0.000 0.000 0.000 0.000 0.000 0.000 0.000 34.739 34.689 34.644 35.590 35.522 36.440 50.349 50.266 34.187 37.112 39.040
39.621 40.671 34.748 58.871 54.905 53.893 64.855 68.798 79.728 86.652 52.575 51.496 52.413 54.322 53.221 50.106 57.977 58.833 59.679 58.529 52.393 51.272 50.163 51.063 56.968 115.877 83.787 63.693 46.593 0.000 61.234 69.251 0.000 0.000 0.000 0.000 58.847 69.746 86.629 84.667 91.458 91.115 83.730 84.257 84.921 83.625 83.311 82.979 82.624 83.236 81.892 34.553 0.000 0.000 0.000 0.000 0.000 0.000 0.000 0.000 0.000 0.000 41.789 37.717 34.674 35.622 33.557 45.484 52.405 36.327 37.251 45.179 43.109
0.000 0.000 0.000 52.030 55.029 57.003 77.951 88.877 102.799 84.725 13.656 70.586 70.511 54.425 54.325 53.208 51.068 53.905 59.718 57.542 58.397 60.276 58.171 56.077 51.993 46.916 51.846 46.769 0.000 0.000 0.000 55.353 47.379 0.000 0.000 1.325 69.068 85.936 86.015 84.033 91.771 83.457 85.956 87.460 84.201 83.908 83.601 83.274 82.927 80.444 35.168 0.000 0.000 0.000 0.000 0.000 0.000 0.000 0.000 0.000 0.000 40.977 10.911 0.000 42.713 32.666 43.603 55.533 43.459 38.385 43.313 47.243 40.175
0.000 0.000 0.000 50.192 56.177 72.138 83.068 130.961 124.866 126.795 132.737 128.682 129.619 54.543 54.448 53.330 53.183 52.001 46.747 56.522 58.377 59.264 57.166 59.082 59.010 59.950 52.909 0.000 0.000 0.000 0.000 56.430 41.404 0.000 0.000 60.498 82.330 86.274 85.261 92.342 92.064 84.517 85.062 85.750 84.485 84.207 83.909 84.589 59.367 0.000 0.000 0.000 0.000 0.000 0.000 0.000 0.000 0.000 53.256 42.212 32.141 36.043 35.967 36.902 36.799 39.726 52.656 49.586 44.514 45.443 43.373 41.304 37.238
16.429 0.000 0.000 51.368 68.349 76.306 82.223 53.031 51.910 50.850 47.816 48.785 48.741 54.679 54.595 70.483 70.334 46.167 0.000 43.424 56.326 58.236 56.148 58.075 58.014 58.965 54.931 0.000 0.000 0.718 54.635 39.533 0.000 0.000 61.865 70.716 87.575 86.477 85.656 92.600 84.196 86.723 89.257 85.031 84.781 84.526 83.240 70.805 29.586 0.000 0.000 0.000 0.000 0.000 39.488 34.468 34.431 34.376 38.301 50.238 53.167 39.088 34.013 35.939 37.857 52.782 51.710 37.639 46.569 47.500 46.431 39.364 35.299
