results3_8e3_rain/res_3e8f-0155.wd
ncols         241
nrows         181
xllcorner     12693529.787448
yllcorner     3542525.717860
cellsize      155.156523
NODATA_value  -9999.000000
[rows 33 to 65 of 181, columns 73 to 145 of 241]
0.000 0.000 0.000 0.000 0.000 0.000 0.000 0.000 0.000 0.000 0.000 0.000 0.000 0.000 0.000 0.000 0.000 0.000 0.000 0.000 0.000 0.000 0.000 0.000 0.000 0.000 0.000 0.000 0.000 0.000 0.000 0.000 0.000 0.000 0.000 0.000 0.000 0.000 0.000 39.118 62.119 67.121 23.124 0.000 0.000 32.201 46.230 13.209 4.210 36.232 39.248 33.246 34.228 35.193 35.141 35.070 34.980 33.867 39.717 59.484 6.010 14.144 11.437 46.610 63.073 67.601 66.161 66.764 65.301 67.390 62.447 62.053 62.044
0.000 0.000 0.000 0.000 0.000 0.000 0.000 0.000 0.000 0.000 0.000 0.000 0.000 0.000 0.000 0.000 0.000 0.000 0.000 0.000 0.000 0.000 0.000 0.000 0.000 0.000 0.000 0.000 0.000 0.000 0.000 0.000 0.000 0.000 0.000 0.000 0.000 0.000 0.000 0.000 14.120 9.121 0.000 0.000 0.000 0.000 28.321 0.000 0.000 26.273 50.314 49.318 39.302 35.267 35.211 35.135 35.038 33.922 55.791 53.638 0.000 36.986 49.558 62.992 67.477 67.000 66.572 66.081 67.143 63.163 62.457 62.710 65.014
0.000 0.000 0.000 0.000 0.000 0.000 0.000 0.000 0.000 0.000 0.000 0.000 0.000 0.000 0.000 0.000 0.000 0.000 34.666 66.666 19.666 0.000 0.000 0.000 0.000 0.000 0.000 0.000 0.000 0.000 0.000 0.000 0.000 0.000 0.000 0.000 0.000 0.000 0.000 0.000 0.000 0.000 0.000 0.000 0.000 0.000 20.412 0.000 0.000 0.000 28.417 46.412 46.395 37.360 35.302 35.220 33.114 48.993 57.887 0.000 22.643 47.256 61.816 68.324 67.836 67.383 66.865 68.899 64.887 62.988 63.386 65.713 64.959
0.000 0.000 0.000 0.000 0.000 0.000 0.000 0.000 0.000 0.000 0.000 21.668 59.668 0.000 0.000 0.000 0.000 0.000 41.666 92.666 48.666 0.000 0.000 0.000 0.000 0.000 0.000 0.000 0.000 0.000 0.000 0.000 0.000 0.000 0.000 0.000 0.000 0.000 0.000 0.000 0.000 0.000 0.000 0.000 0.000 0.000 23.504 24.545 31.563 17.561 27.525 35.517 48.506 39.476 35.419 32.328 43.204 53.051 41.877 17.550 47.029 64.580 69.125 68.650 68.189 67.651 67.658 66.621 63.631 64.078 66.417 65.670 65.437
0.000 0.000 0.000 0.000 0.000 0.000 0.000 0.000 0.000 0.000 0.000 42.668 77.668 66.668 53.668 8.668 2.667 26.667 80.666 88.666 53.666 0.000 0.000 0.000 0.000 22.584 1.584 0.000 0.000 0.000 0.000 0.000 0.000 0.000 0.000 0.000 0.000 6.588 0.000 0.000 0.000 10.588 28.588 0.000 0.000 39.566 54.554 57.567 55.583 41.596 35.606 34.624 48.634 39.621 31.570 45.468 59.323 47.131 35.018 49.745 54.344 66.909 69.450 68.991 68.441 68.423 66.368 64.385 64.788 67.134 66.394 66.164 65.833
0.000 0.000 0.000 0.000 0.000 0.000 0.000 0.000 0.000 0.000 0.000 13.668 75.668 58.668 39.668 1.668 22.668 72.667 83.667 90.666 49.666 0.000 0.000 0.000 0.000 60.584 44.584 0.000 0.000 0.000 0.000 0.000 0.000 0.000 0.000 0.000 23.588 35.588 37.588 0.000 0.000 19.588 44.588 23.587 37.584 60.579 63.578 64.588 61.606 48.634 35.678 32.739 49.787 40.805 44.770 62.653 56.488 0.000 33.320 52.068 64.694 70.259 69.804 69.246 69.202 67.136 65.266 65.522 67.869 67.137 66.913 66.581 66.250
0.000 0.000 0.000 0.000 0.000 0.000 0.000 0.000 0.000 0.000 0.000 0.000 0.000 26.668 64.668 60.668 48.668 61.668 81.667 92.666 45.665 0.000 0.000 0.000 0.000 22.584 46.584 48.585 0.000 0.000 0.000 0.000 0.000 0.000 0.000 0.000 39.588 40.588 52.588 35.589 24.589 38.588 39.588 35.588 42.587 49.587 47.590 40.600 59.620 25.656 41.733 44.866 34.969 47.041 60.053 56.886 0.006 8.297 44.875 61.511 70.106 70.643 70.091 70.016 66.943 66.316 66.288 68.624 67.901 67.684 67.358 67.026 66.671
0.000 0.000 0.000 0.000 0.000 0.000 0.000 0.000 0.000 0.000 0.000 0.000 0.000 16.668 83.669 78.669 68.669 58.668 82.667 90.665 85.663 70.660 25.657 0.000 0.000 0.000 2.585 56.585 40.585 38.585 49.585 44.585 7.585 0.000 0.000 3.588 39.588 38.588 59.588 65.589 54.589 46.589 38.589 35.590 36.590 37.592 36.596 34.604 42.617 3.636 0.000 4.025 40.183 63.338 61.513 0.955 7.036 44.719 58.371 68.007 71.542 71.101 71.875 67.826 67.609 67.104 69.409 68.689 68.477 68.161 67.841 67.490 67.104
0.000 0.000 0.000 0.000 0.000 0.000 0.000 0.000 0.000 0.000 0.000 0.000 0.000 0.000 16.669 55.669 30.670 66.669 85.668 90.666 88.663 86.658 75.655 34.652 0.000 0.000 0.000 12.585 51.585 51.585 64.585 62.585 55.585 50.586 0.000 0.000 6.588 43.588 62.589 69.589 61.589 45.589 34.590 35.591 35.592 35.594 35.598 35.602 39.607 0.000 0.000 0.000 10.399 47.615 17.107 14.437 49.374 54.169 65.902 72.503 72.352 70.589 68.915 69.276 68.006 70.242 69.510 69.289 68.976 68.672 68.348 67.991 67.565
0.000 0.000 0.000 0.000 0.000 0.000 0.000 0.000 0.000 0.000 0.000 0.000 0.000 0.000 0.000 1.670 87.671 87.671 89.671 89.668 88.663 82.657 76.652 47.648 0.000 0.000 0.000 0.000 0.000 19.585 64.585 58.585 73.585 70.586 49.586 28.587 29.588 38.588 60.589 69.589 60.589 43.590 33.591 38.592 37.593 35.595 35.598 35.601 36.603 28.602 0.000 0.000 0.000 0.000 8.864 51.918 54.850 62.704 73.423 73.532 71.891 73.776 71.520 69.053 71.157 70.384 70.131 69.803 69.499 69.196 68.891 68.559 67.125
0.000 0.000 0.000 0.000 0.000 0.000 22.621 45.618 0.000 23.561 63.551 52.539 56.528 31.522 0.000 0.000 23.674 95.675 89.675 86.671 83.664 86.655 77.647 40.642 0.000 0.000 0.000 0.000 0.000 0.000 0.000 8.585 62.586 63.586 14.586 0.000 5.588 42.588 60.589 65.589 55.589 46.590 44.591 6.592 13.594 41.596 35.598 35.600 36.601 42.601 50.601 12.601 0.000 0.000 24.566 57.523 61.418 72.227 74.441 74.072 77.357 75.932 70.404 72.201 71.338 71.019 70.651 70.323 70.014 69.725 69.460 69.230 75.062
0.000 0.000 0.000 0.000 0.000 0.000 22.624 65.615 7.596 57.572 59.553 71.537 54.524 39.515 0.000 0.000 11.676 80.678 92.683 89.678 89.667 90.652 84.639 38.630 0.000 0.000 0.000 0.000 0.000 0.000 0.000 0.000 0.000 47.586 6.586 0.000 1.588 48.588 45.589 57.589 14.589 0.000 0.000 0.000 0.000 7.597 45.598 39.599 2.600 32.601 66.601 49.601 2.601 0.000 29.320 63.160 72.063 75.184 74.939 79.116 78.371 71.768 73.324 72.364 71.959 71.532 71.161 70.820 70.509 70.229 69.995 69.838 74.832
20.899 64.893 54.889 0.000 0.000 0.000 16.635 76.623 52.602 54.576 60.553 84.532 85.515 80.500 34.486 0.000 0.000 0.000 40.702 94.691 89.672 90.649 87.626 46.610 0.000 0.000 0.000 0.000 0.000 0.000 0.000 0.000 0.000 5.586 0.000 0.000 0.000 0.000 0.000 0.000 0.000 0.000 0.000 0.000 0.000 0.000 0.000 20.600 17.600 0.000 0.000 0.000 0.000 18.732 56.148 73.101 74.778 75.711 80.061 79.668 72.800 74.352 73.382 72.919 72.437 72.019 71.637 71.288 70.971 70.689 70.454 70.294 73.265
20.899 76.893 58.885 54.875 0.000 0.000 3.658 68.641 70.611 70.579 82.549 79.524 91.503 90.485 51.472 0.000 0.000 0.000 16.732 96.713 89.682 90.645 87.607 47.575 0.000 0.000 8.148 56.111 68.071 37.044 0.000 0.000 0.000 0.000 0.000 0.000 0.000 0.000 0.000 0.000 0.000 0.000 0.000 0.000 0.000 0.000 0.000 0.000 5.600 0.000 0.000 0.000 16.696 57.204 74.164 74.746 80.975 80.465 74.076 74.635 75.132 74.309 73.837 73.333 72.881 72.463 72.079 71.725 71.398 71.101 70.839 77.619 18.442
84.902 81.893 60.881 61.866 53.845 0.790 58.698 53.672 61.621 74.580 78.541 89.513 90.487 89.464 58.446 0.000 0.000 0.000 15.781 95.746 89.698 90.642 85.581 65.507 49.392 50.287 50.185 58.115 79.058 46.017 0.000 0.000 0.000 0.000 0.000 0.000 0.000 0.000 0.000 0.000 0.000 0.000 0.000 0.000 0.000 0.000 0.000 0.000 0.000 0.000 14.787 45.564 55.072 74.058 75.648 82.316 81.723 74.625 76.343 75.675 75.130 74.670 74.181 73.720 73.285 72.876 72.493 72.133 71.795 71.479 78.182 23.900 0.000
81.907 76.896 74.882 57.863 61.835 61.797 52.751 45.728 0.000 0.000 20.520 79.500 90.469 88.439 73.402 40.350 0.000 2.953 64.865 85.793 90.721 89.646 90.566 80.480 56.382 53.283 52.189 61.106 79.029 61.949 47.838 48.750 52.686 63.646 27.631 0.000 0.000 0.000 0.000 0.000 0.000 0.000 0.000 0.000 0.000 0.000 0.000 0.000 0.000 0.000 25.987 65.827 73.774 76.422 83.196 82.800 75.350 77.017 76.237 75.863 75.419 74.964 74.516 74.080 73.662 73.263 72.883 72.520 72.172 77.836 24.509 0.000 0.000
70.914 22.902 90.888 61.869 55.837 56.807 58.779 58.763 47.765 0.000 0.000 0.484 24.450 95.420 85.372 63.298 55.179 62.040 60.934 62.841 70.747 71.653 58.559 55.466 53.371 53.276 52.183 61.092 76.003 54.911 51.814 56.728 72.662 75.623 60.615 34.615 0.000 0.000 0.000 0.000 0.000 0.000 0.000 0.000 0.000 0.000 0.000 0.000 0.000 16.826 58.672 74.283 77.124 83.760 83.516 76.047 77.689 76.904 76.545 76.115 75.689 75.261 74.837 74.422 74.020 73.631 73.255 72.891 78.536 24.186 0.000 0.000 0.000
16.922 89.911 90.899 76.887 0.000 3.814 63.796 59.778 70.767 61.759 0.000 0.499 3.456 83.421 80.366 65.293 56.198 53.093 52.992 55.889 68.773 76.660 79.552 72.455 62.361 55.268 54.173 70.077 72.979 47.879 51.778 51.685 52.610 56.568 35.591 0.000 0.000 0.000 6.143 0.000 0.000 0.000 0.000 0.000 0.000 0.000 0.000 20.047 51.717 59.575 73.090 84.420 84.035 77.102 77.696 78.262 77.572 77.207 76.784 76.374 75.963 75.553 75.149 74.752 74.364 73.986 74.616 81.254 24.895 0.000 0.000 0.000 0.000
94.930 90.920 90.909 90.894 77.873 60.839 60.812 60.787 51.767 0.722 17.604 24.557 76.494 73.440 76.380 69.310 70.229 70.141 70.051 72.950 67.795 67.663 69.533 73.440 74.351 72.260 68.164 79.063 76.957 64.847 65.736 65.625 67.524 42.447 0.000 0.000 0.000 0.000 7.143 0.000 0.000 0.000 0.000 0.000 0.000 6.913 54.697 55.266 76.282 76.840 85.486 85.007 79.590 79.306 78.693 78.226 77.847 77.434 77.032 76.632 76.234 75.841 75.453 75.072 74.699 75.332 78.971 11.612 0.000 0.000 0.000 0.000 0.000
93.938 89.931 89.922 90.908 87.886 65.857 59.825 60.792 61.756 53.704 2.637 68.581 65.522 66.464 67.404 62.337 66.266 71.193 79.122 64.065 0.000 0.000 14.477 72.421 68.343 68.258 68.161 68.054 67.940 67.818 67.691 67.557 65.413 60.251 33.034 0.000 8.669 52.446 59.143 70.834 40.594 0.000 0.000 0.000 0.906 56.107 66.905 78.834 79.472 86.222 85.887 80.241 79.917 79.181 78.851 78.461 78.063 77.669 77.277 76.888 76.502 76.122 75.750 75.385 76.027 78.673 26.322 0.000 0.000 0.000 0.000 0.000 0.000
79.944 79.943 79.942 90.930 90.908 80.876 56.839 59.801 60.761 60.714 66.661 75.606 59.549 56.492 54.433 61.370 76.305 75.241 60.180 40.122 0.000 0.000 0.000 0.445 57.342 52.267 52.167 52.053 51.929 52.795 55.653 56.498 56.322 55.108 55.817 54.369 53.892 62.525 69.151 66.764 73.354 70.809 65.297 62.785 65.164 76.774 80.288 80.082 86.715 86.499 80.880 80.533 79.783 79.456 79.060 78.673 78.286 77.900 77.518 77.139 76.764 76.396 76.040 76.692 77.351 16.012 0.000 0.000 0.000 0.000 0.000 0.000 0.000
0.000 45.957 57.971 85.962 89.938 70.901 53.855 52.811 60.772 60.731 59.686 53.633 54.576 60.522 77.465 76.405 59.344 52.287 42.233 0.000 61.817 70.757 66.665 67.549 70.412 73.301 72.188 73.064 75.926 74.780 71.627 73.460 68.270 54.042 57.757 56.398 61.005 78.611 85.170 81.718 75.249 69.773 71.316 77.780 82.632 81.059 87.318 86.968 80.868 82.476 81.062 80.400 80.059 79.659 79.274 78.888 78.506 78.129 77.757 77.387 77.020 77.659 75.320 70.993 22.672 0.000 0.000 0.000 0.000 0.000 0.000 0.000 0.000
0.000 0.000 51.023 70.009 80.982 55.936 47.870 54.817 52.784 59.753 60.718 60.666 53.599 70.554 62.502 51.442 54.379 46.328 0.000 70.964 73.877 73.790 75.690 76.577 79.454 83.337 82.219 82.088 81.933 83.773 84.615 82.446 70.255 56.033 57.770 57.462 57.120 59.744 33.201 5.689 95.148 136.741 114.274 80.207 81.724 88.286 87.847 81.316 84.044 81.459 81.015 80.656 80.260 79.873 79.484 79.099 78.721 78.352 77.992 77.634 79.269 73.900 62.586 17.290 0.000 0.000 0.000 0.000 0.000 0.000 0.000 0.000 45.230
3.261 0.000 6.090 27.068 62.045 43.990 0.000 49.805 54.792 54.780 60.765 49.716 0.000 54.594 52.546 54.480 55.404 65.318 79.199 76.051 77.937 83.834 93.728 137.615 134.492 134.375 134.262 134.136 134.944 118.763 50.614 53.455 51.272 59.064 57.827 54.561 52.270 34.043 0.000 0.000 3.929 61.640 78.653 83.249 88.979 88.660 80.916 82.616 81.915 81.610 81.240 80.857 80.472 80.083 79.693 79.304 78.926 78.567 79.225 77.887 69.521 58.086 15.836 0.000 0.000 0.000 0.000 0.000 0.000 0.000 1.522 36.447 57.338
77.261 25.237 14.178 77.129 55.140 0.000 0.000 0.000 48.801 61.810 53.848 0.000 6.768 62.683 53.608 64.527 77.439 77.341 82.227 85.103 77.988 63.880 54.774 50.664 48.522 51.409 52.319 39.250 0.000 55.720 52.625 51.485 55.316 59.123 55.915 47.684 54.356 35.114 0.000 1.210 56.917 73.941 83.669 89.472 89.251 81.501 83.187 82.482 82.188 81.819 81.449 81.071 80.686 80.297 79.899 79.496 79.114 79.766 75.454 64.167 20.844 0.000 0.000 0.000 0.000 0.000 0.000 0.000 0.000 0.000 4.587 54.517 53.431
87.281 95.272 83.255 0.227 12.245 6.351 1.394 0.401 0.000 0.000 57.968 55.948 63.853 60.763 60.675 60.583 77.485 91.379 80.265 60.147 58.032 52.924 54.824 45.746 0.000 57.420 54.356 43.295 0.000 56.773 51.680 52.546 59.382 57.196 55.027 36.903 0.000 1.613 53.588 51.382 68.168 84.083 89.748 82.436 83.002 83.662 83.057 82.762 82.399 82.039 81.669 81.290 80.906 80.517 80.111 80.668 80.267 69.927 54.658 17.483 0.000 0.000 0.000 0.000 0.000 0.000 0.000 2.943 29.899 28.818 43.694 55.604 43.521
77.308 81.314 71.317 0.000 0.000 71.432 64.433 58.408 2.348 10.247 76.109 73.024 59.932 60.840 60.745 61.645 82.539 134.426 127.308 74.188 129.070 49.958 53.852 53.750 55.634 53.496 53.390 53.278 55.121 50.919 50.777 59.637 58.471 55.253 50.092 38.997 0.000 0.374 55.638 62.476 84.480 83.366 90.104 83.482 84.068 83.617 83.326 82.979 82.629 82.267 81.896 81.516 81.131 80.754 82.360 77.796 59.361 46.018 47.767 13.625 0.000 0.000 0.000 0.000 0.000 0.000 0.000 2.986 38.936 43.861 57.769 51.684 41.604
73.339 68.361 12.382 0.000 2.553 54.512 63.483 60.442 78.380 72.295 77.195 85.105 76.014 60.919 60.820 60.713 59.599 53.478 48.352 53.226 50.103 53.987 53.876 53.768 53.657 53.540 53.428 53.308 52.166 57.004 58.871 59.754 43.613 0.000 43.092 0.000 0.000 0.307 59.811 81.733 85.740 91.090 90.631 83.574 84.226 83.867 83.553 83.218 82.868 82.506 82.133 81.746 81.346 80.010 41.780 0.000 0.000 0.000 0.000 0.000 0.000 0.000 0.000 35.377 30.340 29.280 28.196 32.080 40.999 56.920 50.838 41.758 51.682
65.366 56.407 61.468 6.567 59.593 55.579 54.547 72.498 65.434 81.358 90.273 70.187 56.098 54.004 56.902 59.790 60.667 60.535 53.396 52.260 53.130 53.009 53.897 53.790 53.685 58.580 55.474 52.361 53.230 56.061 59.949 48.896 0.000 0.000 0.000 0.000 15.493 135.373 79.092 86.116 84.090 91.496 83.394 85.912 87.395 84.121 83.804 83.471 83.121 82.754 83.384 79.988 67.498 58.159 15.969 0.000 0.000 0.000 0.000 0.000 0.000 0.000 37.459 37.413 37.365 38.303 38.228 39.141 53.060 52.981 36.904 39.828 41.756
40.382 41.435 35.514 59.640 55.675 54.664 65.626 69.569 80.502 87.428 53.352 52.273 53.189 55.097 53.993 50.877 58.744 59.597 60.440 59.286 53.148 52.024 50.912 51.809 57.712 116.619 84.528 64.432 47.331 0.000 61.967 69.985 0.000 0.000 0.000 0.000 59.614 70.510 87.392 85.427 92.205 91.864 84.483 85.013 85.678 84.384 84.072 83.742 83.389 84.004 82.663 35.325 0.000 0.000 0.000 0.000 0.000 0.000 0.000 0.000 0.000 0.000 44.504 40.453 37.402 38.341 36.271 48.194 55.118 39.043 39.968 47.896 45.826
0.000 0.000 0.000 52.804 55.803 57.777 78.725 89.652 103.574 85.502 14.433 71.363 71.287 55.200 55.099 53.979 51.837 54.670 60.479 58.299 59.151 61.027 58.919 56.823 52.736 47.658 52.586 47.509 0.000 0.000 0.000 56.092 48.119 0.000 0.000 2.046 69.840 86.696 86.771 84.787 92.516 84.206 86.708 88.214 84.956 84.665 84.360 84.035 83.691 81.210 35.936 0.000 0.000 0.000 0.000 0.000 0.000 0.000 0.000 0.000 0.000 43.675 13.602 1.530 45.448 35.389 46.320 58.248 46.175 41.103 46.031 49.961 42.893
0.000 0.000 0.000 50.970 56.955 72.916 83.846 131.737 125.643 127.572 133.514 129.459 130.396 55.319 55.223 54.103 53.953 52.767 47.508 57.278 59.130 60.013 57.913 59.826 59.752 60.690 53.648 0.000 0.000 0.000 0.000 57.173 42.146 0.000 0.000 61.208 83.072 87.022 86.010 93.082 92.807 85.265 85.812 86.501 85.238 84.962 84.666 85.348 60.128 0.000 0.000 0.000 0.000 0.000 0.000 0.000 0.000 0.000 55.973 44.926 34.852 38.748 38.667 39.596 39.515 42.444 55.374 52.303 47.232 48.162 46.092 44.024 39.957
17.228 0.000 0.000 52.150 69.130 77.087 83.003 53.810 52.688 51.628 48.594 49.563 49.519 55.456 55.371 71.257 71.106 46.937 0.000 44.177 57.076 58.984 56.894 58.818 58.755 59.703 55.669 0.000 0.511 1.458 55.388 40.280 0.000 0.000 62.592 71.441 88.310 87.218 86.399 93.339 84.941 87.469 90.005 85.781 85.532 85.279 83.995 71.563 30.345 0.000 0.000 0.000 0.000 0.000 42.213 37.192 37.153 37.097 41.020 52.954 55.881 41.798 36.720 38.646 40.571 55.499 54.429 40.359 49.289 50.220 49.152 42.085 38.020
