results3_8e3_rain/res_3e8f-0138.wd
ncols         241
nrows         181
xllcorner     12693529.787448
yllcorner     3542525.717860
cellsize      155.156523
NODATA_value  -9999.000000
[rows 66 to 98 of 181, columns 73 to 145 of 241]
70.617 34.606 0.000 59.749 76.728 75.698 75.671 0.000 47.078 47.062 60.075 56.085 55.065 55.020 53.953 129.855 117.686 0.000 0.000 0.000 50.443 45.383 50.292 53.232 53.183 55.138 56.095 61.046 62.002 62.953 53.901 0.000 0.000 51.184 101.184 83.096 86.956 87.041 85.091 93.012 85.496 85.973 86.711 85.481 85.258 86.052 55.895 0.000 0.000 0.000 0.000 0.000 0.000 0.000 39.154 37.131 37.093 37.042 36.980 36.916 40.848 53.776 50.702 35.628 46.553 55.480 34.408 37.339 43.270 48.202 44.135 38.070 36.006
55.619 61.595 0.000 47.968 71.933 70.905 64.908 17.993 0.000 0.000 53.153 66.231 55.232 54.201 55.158 36.117 0.000 0.000 0.000 0.000 0.000 0.000 61.228 59.203 57.172 40.133 43.090 50.042 51.006 55.972 46.937 0.000 0.000 0.000 61.423 79.331 86.266 86.356 93.442 93.235 85.570 86.257 85.966 85.754 85.541 80.352 38.218 0.000 2.407 35.407 0.000 0.000 0.000 45.231 40.197 37.164 37.123 37.074 37.016 36.954 36.888 36.819 43.747 57.675 58.603 41.531 35.461 36.392 37.324 41.257 40.191 36.127 36.063
57.628 56.560 61.423 59.222 73.129 66.080 67.064 64.078 0.000 0.000 0.000 68.456 63.429 58.394 60.361 7.338 0.000 0.000 0.000 0.000 0.000 0.000 60.189 56.179 47.168 0.000 0.000 48.025 60.008 58.994 0.000 0.000 7.126 64.007 55.755 59.577 66.653 81.712 93.636 85.313 86.866 86.428 86.237 86.018 83.803 66.597 45.408 51.407 49.407 30.407 0.000 0.000 0.000 3.265 54.239 36.205 37.163 41.113 49.057 38.996 36.931 35.863 39.793 54.723 61.652 53.581 39.512 34.444 36.377 36.311 36.246 36.182 35.119
57.668 55.592 59.488 70.368 64.282 57.224 76.189 65.176 17.193 0.000 10.853 60.708 76.634 71.586 71.553 74.535 0.000 0.000 0.000 0.000 6.144 6.149 58.160 49.158 52.152 0.000 0.000 0.000 96.008 123.001 38.001 0.000 63.244 58.142 57.982 57.889 53.971 93.992 93.819 86.361 89.965 86.709 86.499 86.282 78.054 30.826 0.000 53.407 31.407 0.000 0.000 0.000 42.366 41.325 40.291 36.253 40.210 52.160 57.104 55.043 47.978 37.910 46.841 54.770 33.700 39.630 52.562 49.495 45.429 53.365 34.301 36.238 34.174
55.726 61.654 71.570 63.481 55.405 55.344 68.293 76.245 72.210 75.138 76.998 71.888 66.813 68.763 57.731 56.715 0.000 0.000 0.000 7.137 63.140 62.142 50.144 52.141 53.131 57.112 56.100 0.000 7.014 1.003 0.000 9.627 69.465 62.337 57.177 58.267 56.312 94.149 55.981 63.569 78.163 85.982 86.766 84.558 43.306 0.000 0.000 0.000 0.000 0.000 0.000 43.431 37.407 37.378 37.346 38.308 48.263 57.212 56.155 56.093 52.027 47.959 57.889 40.818 35.748 36.679 36.611 46.545 59.480 46.417 34.355 35.293 41.230
61.792 72.727 62.655 55.582 56.514 56.453 58.393 42.301 68.266 66.204 58.115 55.032 53.968 69.922 71.893 58.879 0.000 0.000 0.000 63.135 59.135 56.135 49.134 53.129 53.120 53.106 53.088 12.059 15.025 15.993 17.933 85.789 82.656 71.525 70.481 59.478 94.428 94.295 58.035 64.682 59.457 66.259 85.029 59.878 0.000 0.000 0.000 0.000 0.000 0.000 0.000 43.455 37.452 37.435 37.407 38.369 47.323 57.270 56.211 55.147 52.079 57.009 50.938 34.866 36.795 36.726 36.658 46.593 54.530 33.469 36.410 39.349 58.285
72.866 62.806 55.742 56.677 56.617 57.563 38.523 0.000 25.347 53.297 56.227 56.158 56.103 54.065 78.040 62.028 0.000 0.000 0.000 40.133 57.131 51.130 52.127 53.122 53.114 53.102 53.087 64.065 4.035 8.016 25.019 77.940 87.835 9.722 91.644 81.835 94.544 56.609 70.251 66.894 56.763 53.566 50.214 35.046 0.000 0.000 39.000 0.000 0.000 0.000 0.000 39.483 37.511 37.503 37.477 37.438 38.390 44.334 52.272 52.205 52.134 56.061 33.987 36.913 36.841 35.770 41.703 58.639 41.578 35.521 38.466 19.409 20.332
62.945 55.888 56.829 56.769 56.712 59.659 15.615 13.580 6.479 51.409 56.339 58.268 56.224 55.193 73.174 69.165 0.000 0.000 0.000 0.000 48.126 51.125 53.122 53.118 53.111 53.103 55.091 41.078 0.000 0.000 75.185 78.118 89.025 94.895 88.997 87.034 94.644 77.659 80.361 65.202 58.106 51.032 0.000 0.000 0.000 0.000 37.000 0.000 0.000 0.000 0.000 0.000 40.607 37.590 37.560 37.517 37.465 37.405 37.338 44.267 52.191 40.113 37.036 36.959 36.884 39.813 52.745 52.681 34.623 36.569 39.523 6.490 0.000
56.028 56.974 56.917 56.859 56.802 56.747 60.696 61.646 61.581 57.520 57.453 37.350 54.330 55.311 71.298 70.294 0.000 0.000 0.000 0.000 47.123 53.122 53.120 53.116 53.111 53.106 41.099 0.000 0.000 3.555 80.420 86.322 89.221 89.166 88.244 94.778 87.142 89.858 84.546 69.487 59.427 58.423 58.559 0.000 0.000 0.000 34.000 41.001 34.000 0.000 0.000 0.000 55.719 36.692 37.654 37.606 37.548 38.483 37.410 37.332 37.250 37.167 37.084 37.003 35.925 41.852 56.783 33.720 36.662 36.611 38.568 13.539 0.000
57.116 57.062 57.006 56.948 56.889 56.831 56.777 56.726 56.679 56.636 60.604 0.000 47.436 56.423 72.413 67.418 3.463 0.000 0.000 0.000 52.121 55.120 55.118 55.115 53.113 56.110 0.000 0.000 0.000 72.690 78.617 89.531 89.411 89.519 87.566 94.985 88.276 92.919 88.810 89.743 77.694 65.674 54.694 49.694 51.694 0.000 0.000 40.001 35.000 40.996 41.981 39.945 45.857 55.806 37.758 38.703 47.640 54.568 36.488 37.401 37.311 37.219 37.130 36.043 40.962 59.886 53.816 42.752 35.695 36.644 38.598 53.558 71.514
57.207 57.153 57.097 57.038 56.976 56.912 56.853 59.804 57.773 56.743 60.721 0.000 47.555 56.533 73.512 65.502 5.508 0.000 0.000 0.000 25.120 35.119 34.117 34.115 55.113 40.112 0.000 0.000 0.000 74.897 84.830 89.741 89.699 88.802 95.615 95.318 89.341 90.184 89.041 88.985 89.930 80.886 45.850 0.000 0.000 0.000 0.000 38.003 38.004 35.005 37.004 37.997 36.960 43.917 57.868 40.810 38.741 48.662 36.572 37.474 37.372 37.271 37.173 37.079 44.993 57.914 44.842 56.779 34.722 35.671 40.624 61.581 73.536
57.300 57.247 57.191 57.132 57.064 59.986 61.922 33.863 54.864 57.843 59.817 19.793 50.697 55.641 67.599 65.572 6.559 0.000 0.000 0.000 0.000 0.000 1.116 1.115 36.114 0.000 0.000 0.000 23.339 73.171 90.064 89.946 90.062 88.147 95.885 87.927 93.633 89.328 89.282 89.215 89.156 79.090 39.970 0.000 0.000 0.000 0.000 0.000 41.010 42.016 29.032 37.078 38.068 38.035 41.987 57.927 40.853 37.766 37.664 37.551 37.434 37.320 35.210 41.109 60.016 40.934 39.862 53.799 37.743 35.693 42.648 68.605 73.562
57.396 57.343 57.289 57.233 59.164 35.046 36.984 0.000 16.978 52.948 56.910 60.865 56.798 59.734 64.671 69.628 8.597 0.000 0.000 0.000 0.000 2.115 54.115 61.115 0.000 0.000 0.000 6.626 82.507 84.387 90.281 90.237 89.356 96.372 96.137 88.988 89.703 89.575 89.506 89.442 88.388 68.348 0.000 0.000 0.000 0.000 0.000 0.000 0.000 33.016 0.000 44.215 41.200 37.167 37.119 39.057 55.980 44.884 36.767 37.631 37.494 36.363 41.241 43.129 42.029 38.944 36.872 36.811 36.758 37.711 50.669 72.629 73.591
57.491 57.439 57.390 57.346 62.312 0.318 0.000 23.213 15.120 49.062 58.011 55.958 57.897 69.827 41.723 35.672 0.638 0.000 0.000 0.000 0.000 52.115 58.115 60.115 0.000 0.000 0.000 69.745 74.676 88.588 90.471 90.602 88.697 96.588 88.487 90.163 89.857 89.799 89.724 89.660 81.605 58.567 0.000 0.000 0.000 0.000 0.000 0.000 0.000 0.000 0.000 48.368 43.349 37.314 35.265 38.202 38.124 54.024 46.890 37.713 38.547 36.397 43.262 43.139 40.027 33.941 36.873 36.816 38.768 52.725 71.687 73.652 76.621
58.584 56.533 56.487 56.449 59.425 29.432 26.393 58.305 63.230 57.169 55.114 62.060 72.004 74.953 0.000 0.000 0.000 0.000 0.000 0.000 0.000 20.115 27.115 29.115 0.000 0.000 0.000 71.933 79.868 89.780 90.771 89.810 96.987 96.794 89.518 90.223 90.085 90.008 89.935 89.868 71.805 53.748 0.000 0.000 0.000 0.000 0.000 0.000 0.000 0.000 0.000 46.539 44.515 44.475 41.425 34.364 36.291 37.197 53.058 52.784 49.583 46.417 39.272 38.136 34.999 35.920 36.862 40.813 60.771 72.734 72.701 73.672 72.647
72.672 71.622 70.577 68.539 65.508 66.483 66.443 63.384 64.324 66.269 66.216 72.163 74.105 32.029 0.000 0.000 0.000 0.000 0.000 0.000 0.000 0.000 0.000 0.000 0.000 10.446 18.366 73.185 90.077 90.985 90.935 90.163 97.167 88.993 90.669 90.357 90.292 90.212 90.140 88.072 69.998 40.873 0.000 0.000 0.000 0.000 0.000 0.000 0.000 0.000 0.000 36.736 40.696 43.647 44.594 43.538 40.478 36.416 30.359 0.000 0.000 0.000 0.000 0.000 38.912 36.879 39.841 60.804 73.770 72.739 73.712 76.688 72.668
68.754 70.705 69.660 71.620 73.585 72.551 71.511 69.464 67.415 67.367 68.319 64.271 64.226 0.000 0.000 0.000 0.000 0.000 0.000 0.000 0.000 0.000 0.000 0.000 0.000 59.525 82.468 81.365 90.271 91.159 91.285 89.388 97.335 91.087 90.693 90.569 90.485 90.409 90.340 86.283 66.242 0.000 0.000 0.000 0.000 0.000 0.000 0.000 0.000 0.000 44.114 38.971 35.888 37.824 42.767 44.716 44.669 45.629 36.603 0.000 0.000 0.000 0.000 0.000 39.858 37.842 53.819 74.792 72.766 72.742 72.719 73.700 72.683
56.832 56.783 57.738 64.698 73.660 79.624 67.586 61.546 56.505 54.464 53.423 59.375 38.300 0.000 0.000 0.000 0.000 0.000 0.000 0.000 0.000 0.000 0.000 0.000 0.000 65.662 81.615 89.539 91.452 91.419 90.548 97.633 97.490 93.105 90.911 90.751 90.674 90.597 90.530 85.477 60.445 0.000 0.000 0.000 0.000 0.000 0.000 0.000 0.000 44.378 39.257 39.146 39.060 37.992 34.936 39.889 43.853 44.828 41.820 0.000 0.000 0.000 0.000 42.809 36.820 40.814 68.799 72.781 72.761 72.742 72.724 72.708 72.695
55.904 55.856 59.812 64.772 66.735 69.699 59.664 55.629 56.595 56.562 58.532 36.508 0.000 0.000 0.000 0.000 0.000 0.000 0.000 0.000 0.000 0.000 0.000 0.000 0.000 51.845 80.792 90.722 91.619 91.749 89.857 97.764 90.653 92.327 91.008 90.942 90.855 90.776 90.706 81.650 54.616 0.000 0.000 0.000 0.000 0.000 0.000 0.000 43.610 39.498 39.392 39.296 39.215 39.149 39.095 36.053 35.024 38.012 45.030 45.114 0.000 0.000 0.000 36.798 37.799 55.794 72.784 71.770 71.755 72.740 72.726 72.714 72.704
55.971 55.925 57.882 58.843 56.807 55.774 56.742 55.711 55.683 55.657 60.635 5.617 0.000 0.000 0.000 0.000 0.000 0.000 0.000 0.000 0.000 0.000 0.000 0.000 3.216 60.080 88.990 91.906 91.876 91.006 98.003 97.888 93.652 91.353 91.208 91.118 91.030 90.947 91.869 71.800 59.752 0.000 0.000 43.224 0.000 42.985 44.940 44.855 39.721 39.613 39.517 39.431 39.356 39.294 39.243 39.204 38.177 35.167 44.174 45.198 38.198 0.000 0.000 44.786 36.785 44.780 50.772 53.762 57.750 63.738 69.727 71.717 71.709
57.035 56.990 56.950 56.912 56.878 55.846 55.817 55.791 55.769 54.749 62.732 13.709 0.000 0.000 0.000 0.000 0.000 0.000 0.000 0.000 0.000 0.000 0.000 0.000 44.352 80.269 91.183 92.073 92.213 90.304 98.106 91.105 92.779 91.463 91.388 91.292 91.201 91.112 92.023 63.930 41.841 0.000 0.000 39.224 0.000 38.030 39.981 39.903 39.808 39.716 39.631 39.554 39.485 39.427 39.379 39.341 37.316 39.303 45.301 42.307 0.000 0.000 0.000 43.776 42.774 41.769 40.763 39.754 38.745 42.736 53.727 49.719 51.713
55.094 55.052 55.013 54.978 54.946 54.916 54.891 55.868 57.851 59.839 34.835 1.840 0.000 0.000 0.000 0.000 0.000 0.000 0.000 2.584 11.576 0.000 0.000 14.713 55.571 86.464 92.361 92.350 91.378 98.287 98.201 94.096 91.802 91.653 91.559 91.464 91.370 91.277 87.181 34.055 0.000 0.000 0.000 39.224 45.204 40.124 40.049 39.971 39.891 39.813 39.738 39.668 39.605 39.550 39.504 39.468 36.442 45.427 45.421 41.422 0.000 0.000 0.000 42.768 41.765 42.761 42.755 42.748 42.740 42.733 41.726 41.719 40.714
56.150 56.110 59.074 63.040 66.010 69.983 71.960 74.941 73.927 65.922 3.929 14.962 39.015 7.040 0.000 0.000 0.000 0.000 0.000 42.592 69.568 9.529 0.000 48.854 81.755 91.647 92.547 92.477 91.701 98.361 90.534 92.221 91.904 91.828 91.730 91.635 91.539 92.444 79.368 0.000 0.000 0.000 0.000 19.245 39.265 40.213 42.121 42.039 39.972 39.906 39.839 39.775 39.716 39.663 39.619 36.584 41.558 44.542 45.536 36.537 0.000 0.000 0.000 26.763 47.758 47.754 44.748 41.742 41.736 42.729 43.724 43.718 42.714
58.202 57.165 64.131 73.100 74.072 73.047 72.025 71.008 67.996 61.992 36.997 54.016 72.043 41.065 25.088 1.101 0.000 0.000 13.663 52.625 66.574 5.490 24.329 66.095 90.948 93.832 92.673 92.885 90.861 98.423 92.520 92.235 92.087 91.995 91.901 91.806 91.706 93.592 37.480 0.000 0.000 0.000 0.000 0.000 35.399 41.341 22.185 22.092 39.053 40.000 39.939 39.878 39.820 39.769 38.726 36.691 45.664 45.648 42.642 36.653 42.699 0.000 0.000 0.000 58.751 73.748 66.743 62.737 58.731 54.726 57.721 57.717 40.714
58.251 58.217 61.186 64.157 63.130 61.106 59.086 57.069 55.057 55.051 64.053 66.062 63.076 60.090 64.104 12.113 0.000 0.000 53.701 83.670 34.614 30.528 64.402 88.249 93.118 92.974 93.093 91.047 98.506 90.926 92.641 92.328 92.256 92.163 92.073 91.983 94.886 51.739 0.000 0.000 0.000 0.000 0.000 0.000 37.590 42.567 0.000 0.000 36.148 40.102 40.039 39.976 39.919 39.868 36.824 44.789 45.761 44.742 35.733 39.734 39.745 0.000 0.000 0.000 26.748 56.744 74.737 73.731 73.726 73.722 73.718 67.715 57.712
58.298 58.268 58.239 57.211 57.186 58.163 58.143 58.126 56.113 57.104 62.100 65.102 61.109 56.117 59.124 14.129 0.000 0.000 45.771 55.740 33.684 66.605 81.503 90.385 93.269 93.201 92.300 98.879 98.645 91.918 92.647 92.505 92.417 92.329 92.244 92.168 95.116 0.000 0.000 10.489 19.489 0.000 0.000 38.901 41.804 40.772 47.811 0.000 36.290 40.219 40.140 40.070 40.010 37.959 39.915 45.879 45.849 37.828 38.813 39.805 39.803 0.000 0.000 0.000 0.000 0.000 56.731 72.725 72.721 72.718 72.714 73.712 73.710
58.344 58.317 58.290 58.264 58.239 58.217 58.197 57.179 56.163 60.151 64.143 64.139 59.140 55.143 60.147 13.149 0.000 0.000 41.871 10.834 57.778 81.705 87.617 93.525 93.376 93.587 91.577 99.088 91.338 93.050 92.738 92.669 92.578 92.491 92.407 99.328 83.295 0.000 6.488 56.489 42.489 0.000 0.000 33.998 41.952 40.904 40.851 46.728 44.502 43.345 40.232 40.154 40.093 37.042 44.998 45.961 41.931 36.906 39.887 39.871 41.858 45.869 0.000 0.000 0.000 0.000 0.000 69.718 72.716 72.713 72.710 73.708 71.706
58.391 58.365 58.339 58.314 58.291 58.269 57.248 56.229 58.211 62.195 65.180 61.171 56.168 55.169 58.173 40.172 27.159 28.110 24.009 24.947 64.888 85.820 91.745 93.637 93.778 91.770 99.453 99.278 92.345 93.059 92.914 92.825 92.736 92.651 97.564 40.444 55.440 25.478 56.487 64.489 0.000 0.000 0.000 33.142 42.103 41.043 40.960 50.832 61.645 35.427 45.290 41.221 38.167 40.119 46.075 45.037 36.006 38.979 39.957 39.933 26.890 27.879 0.000 0.000 0.000 0.000 0.000 50.712 71.710 72.708 72.706 76.704 72.703
58.439 58.413 58.388 58.364 58.341 58.319 56.298 56.278 60.258 67.237 68.212 64.197 59.191 57.194 57.203 59.205 59.195 68.163 9.106 43.059 81.006 87.945 93.877 93.845 92.979 99.764 99.613 92.702 93.483 93.147 93.074 92.979 92.891 92.812 100.753 0.000 38.543 40.505 30.495 32.492 0.000 0.000 0.000 36.325 42.275 41.204 47.114 62.994 39.820 0.000 26.281 39.273 37.235 45.190 46.147 42.108 39.075 40.049 40.029 42.016 0.000 0.000 0.000 0.000 0.000 0.000 42.709 23.709 62.706 72.704 72.702 77.700 72.699
58.486 58.461 58.437 58.413 58.390 57.368 56.347 58.327 65.307 42.282 18.235 17.212 14.205 44.213 61.239 56.251 59.253 40.242 2.216 48.178 86.132 92.083 93.975 94.220 92.245 99.903 93.036 93.814 93.384 93.325 93.221 93.128 93.038 93.955 91.882 13.826 13.685 0.000 0.000 0.000 0.000 0.000 35.695 43.558 41.468 40.384 60.297 64.212 0.000 0.000 0.000 35.353 41.311 46.261 46.213 36.172 40.138 40.112 40.094 43.085 0.000 0.000 0.000 0.000 0.000 0.000 21.708 0.000 50.700 72.699 72.698 78.697 72.695
58.533 58.508 58.484 58.461 57.438 56.416 58.395 61.376 69.360 28.348 0.000 0.000 0.000 0.000 43.291 58.307 59.324 45.336 47.334 73.305 90.268 94.197 94.373 92.397 100.147 100.031 94.017 93.713 93.567 93.465 93.368 93.273 93.179 96.086 80.996 9.911 0.000 0.000 0.000 0.000 0.000 0.000 35.832 42.744 41.654 39.569 67.479 28.346 0.000 0.000 41.585 46.475 46.395 46.329 44.274 39.229 40.193 40.168 40.151 42.144 0.000 46.224 0.000 0.000 0.000 0.000 0.000 0.000 43.695 72.695 72.694 72.693 72.692
58.579 58.555 58.531 58.508 57.485 56.462 60.441 64.423 68.409 26.401 0.000 0.000 0.000 0.000 23.326 66.362 61.399 67.445 80.458 89.442 93.407 94.417 93.570 100.354 100.254 93.353 94.130 93.789 93.708 93.606 93.510 93.417 97.321 60.214 32.105 0.000 0.000 0.000 0.000 0.000 0.000 38.240 43.058 41.931 43.835 40.758 64.704 0.000 0.000 36.830 43.696 59.568 48.466 45.386 41.324 39.276 39.240 40.214 40.199 40.197 45.217 41.224 32.224 0.000 0.000 0.000 39.688 41.689 40.691 72.691 72.691 72.691 72.690
58.625 58.601 58.578 58.554 56.531 58.508 64.485 65.466 63.452 50.448 11.462 0.000 0.000 0.000 0.000 19.414 15.467 55.587 86.611 90.597 94.541 94.713 92.840 100.444 92.663 94.444 94.012 93.949 95.840 94.743 93.651 93.564 99.473 22.343 0.000 0.000 0.000 0.000 0.000 19.721 58.628 58.423 46.230 43.087 53.996 48.926 49.876 10.879 0.000 34.964 39.800 50.634 46.513 50.426 44.360 47.311 46.275 43.250 40.234 39.228 39.230 45.231 0.000 0.000 0.000 0.000 36.687 36.687 46.688 72.688 72.688 72.688 72.687
