results3_8e3_rain/res_3e8f-0147.wd
ncols         241
nrows         181
xllcorner     12693529.787448
yllcorner     3542525.717860
cellsize      155.156523
NODATA_value  -9999.000000
[rows 33 to 65 of 181, columns 146 to 218 of 241]
64.071 63.292 63.022 63.666 30.332 42.010 63.705 57.402 35.997 0.000 0.000 33.496 9.497 14.498 30.500 55.506 42.506 8.505 0.000 0.000 47.392 55.376 13.348 40.314 32.287 33.258 37.211 46.163 64.111 55.072 50.036 45.007 45.982 45.960 44.939 43.919 42.897 50.873 60.849 52.829 52.809 50.788 29.766 43.748 51.737 0.000 22.219 27.184 51.096 49.018 53.945 63.873 56.808 51.778 6.763 0.000 34.705 34.709 41.709 19.707 0.000 0.000 0.000 0.000 0.000 0.000 0.000 0.000 0.000 0.000 0.000 0.000 0.000
64.010 63.760 63.419 64.096 41.781 59.485 62.225 56.039 0.000 0.000 11.496 35.496 0.000 0.000 0.000 39.520 39.515 47.504 10.482 60.452 48.414 35.384 44.353 35.320 33.287 33.252 32.211 34.168 62.124 60.086 60.050 62.019 54.992 56.968 55.945 55.923 55.901 56.879 60.857 58.838 59.819 54.801 31.784 30.771 3.764 0.000 19.155 33.132 41.084 36.015 41.942 54.867 54.820 52.794 10.781 0.000 0.000 39.719 11.719 0.000 0.000 0.000 0.000 0.000 0.000 41.697 40.694 42.692 32.690 35.688 2.687 0.000 0.000
64.476 64.144 63.827 63.513 63.210 63.925 55.670 42.492 0.000 0.000 0.000 3.496 0.000 0.000 0.000 36.539 33.531 46.515 51.491 43.461 52.426 50.393 31.359 32.325 33.290 33.253 45.214 49.173 53.133 46.095 43.060 53.029 27.000 33.975 28.951 28.928 28.906 31.884 57.864 46.845 44.828 46.812 31.799 33.789 13.783 0.000 29.115 86.106 11.095 0.000 0.000 3.832 55.813 54.796 13.785 0.000 0.000 36.729 33.728 35.729 33.727 41.723 47.719 39.713 61.706 68.699 66.695 51.692 31.689 30.688 34.686 4.686 0.000
64.858 64.543 64.228 63.921 64.623 59.333 41.040 31.766 40.766 0.000 0.000 0.000 0.000 0.000 0.000 33.567 32.554 35.533 31.505 42.473 45.439 48.403 37.367 32.331 32.294 32.256 57.217 63.179 45.140 39.102 39.067 40.035 37.006 36.979 36.955 37.932 40.910 37.889 58.869 50.851 48.835 48.821 30.810 44.802 70.798 0.000 21.084 74.080 0.000 0.000 0.000 5.818 55.803 53.791 31.779 36.766 34.754 32.741 32.735 32.732 31.728 38.724 45.720 32.714 50.706 68.699 64.694 44.691 29.688 29.687 34.685 2.685 0.000
65.258 64.936 64.622 64.318 61.028 46.743 35.391 0.000 0.000 0.000 0.000 37.856 0.834 6.807 0.000 32.608 33.586 33.557 32.524 32.489 38.452 31.414 31.376 33.337 32.299 31.260 55.222 52.184 60.146 64.107 63.070 58.038 54.009 55.983 51.958 55.934 55.912 56.892 60.873 58.856 59.841 55.828 30.818 42.811 64.807 0.000 16.058 77.051 0.000 0.000 0.000 0.000 52.791 55.785 34.776 32.765 32.755 32.746 32.740 32.735 31.730 38.726 47.722 3.718 0.000 26.695 69.693 45.690 29.687 29.685 33.683 0.682 0.000
65.653 65.322 65.004 64.704 54.427 36.219 0.000 0.000 0.000 0.000 35.880 38.863 51.837 51.799 39.744 32.670 32.624 33.585 33.546 32.506 31.466 32.425 32.384 32.344 31.303 40.264 59.226 38.189 52.153 29.110 62.069 52.038 51.010 50.984 47.959 52.936 53.914 53.894 60.875 58.859 55.844 55.832 30.823 44.817 63.814 0.000 2.037 70.016 0.000 0.000 0.000 0.000 56.786 55.782 31.774 33.763 32.756 33.749 33.743 33.737 34.732 42.728 22.725 0.000 0.000 27.694 69.691 50.688 37.685 31.683 34.680 1.678 0.000
66.044 65.693 66.369 59.066 46.757 36.488 0.000 0.000 0.000 0.000 32.898 49.879 43.849 32.810 34.761 34.706 32.657 31.612 33.568 32.525 33.481 33.436 33.393 32.350 32.308 52.267 52.229 52.194 52.167 0.000 34.058 32.036 33.010 32.984 33.959 37.935 40.914 38.894 58.875 52.859 46.845 48.834 31.826 43.820 62.817 0.000 0.000 42.961 33.939 0.000 0.000 0.000 50.784 33.783 0.000 28.760 34.756 38.751 45.745 45.739 45.734 47.729 19.725 0.000 11.699 75.695 68.691 70.687 58.683 33.680 34.677 2.675 0.000
66.421 66.039 65.712 51.435 3.145 0.000 0.000 0.000 0.000 10.965 48.935 43.905 33.871 34.831 34.785 34.735 34.686 32.638 31.591 31.543 33.495 32.448 32.401 31.355 33.311 48.268 39.228 48.190 49.154 8.110 8.069 48.038 47.010 46.983 46.958 48.934 48.912 49.892 61.874 57.858 52.844 54.833 30.825 39.820 67.818 0.000 0.000 101.928 70.917 37.900 24.892 0.000 0.000 0.000 0.000 0.000 31.757 40.753 44.747 43.741 46.735 48.729 34.722 39.712 55.703 70.697 68.691 68.686 56.681 33.677 33.673 9.670 0.000
66.769 67.331 59.005 41.818 0.000 0.000 0.000 0.000 0.000 55.996 49.970 33.937 34.900 34.858 34.812 34.764 34.714 34.664 31.613 32.562 32.510 32.458 33.407 32.358 32.312 35.267 40.226 52.186 39.147 51.108 56.071 49.038 58.008 47.980 48.955 51.930 50.908 49.888 59.870 55.854 43.840 42.830 31.822 38.818 67.816 0.000 0.000 92.907 82.900 59.891 28.884 0.000 0.000 4.820 0.000 0.000 2.763 51.757 43.751 37.743 34.736 49.729 36.721 38.713 46.704 67.697 69.691 67.685 53.679 33.674 30.668 34.663 28.655
75.037 72.509 45.159 35.013 0.000 0.000 1.168 34.145 48.111 49.053 43.012 37.973 34.932 34.889 34.842 34.793 33.743 36.691 41.637 37.582 32.525 33.468 32.413 32.360 32.310 32.264 39.221 40.180 38.142 45.104 44.068 39.035 51.005 30.976 38.950 45.925 44.903 38.882 57.864 50.848 30.834 29.823 32.815 34.812 38.814 0.000 0.000 70.892 50.887 87.879 73.869 9.850 10.835 61.820 35.806 33.791 33.774 35.763 46.754 40.746 8.737 61.729 49.721 45.713 43.705 54.697 70.690 62.683 45.677 34.670 30.664 37.657 61.648
0.000 0.000 24.110 42.062 0.000 0.000 36.190 46.168 60.135 44.093 43.052 43.011 35.968 34.923 34.875 34.825 41.773 49.719 50.663 42.603 37.540 32.477 31.415 32.357 36.305 33.258 32.214 31.174 37.135 38.098 37.063 38.030 39.999 32.970 38.943 43.919 45.896 41.875 57.856 51.839 33.825 32.813 32.805 28.800 0.000 0.000 0.000 26.882 45.878 45.871 79.861 94.848 87.834 55.820 41.806 42.793 42.779 45.767 67.757 85.748 94.739 93.730 95.721 94.713 88.704 82.696 74.689 57.681 40.674 31.667 32.660 45.653 64.644
17.768 0.000 0.000 0.000 0.000 7.251 39.225 59.200 51.169 54.132 51.093 41.051 34.007 34.959 34.910 45.858 50.804 46.749 41.692 38.628 41.555 36.484 36.415 32.350 37.295 31.248 32.205 33.165 32.126 32.090 32.055 32.022 30.991 31.962 31.935 35.910 41.886 40.865 58.845 52.828 31.813 32.801 32.791 31.784 6.777 0.000 0.000 30.875 56.872 45.866 47.857 62.846 73.833 83.820 85.807 91.795 94.782 94.771 93.760 89.750 80.740 78.731 80.722 83.713 85.704 86.696 84.687 88.680 80.672 47.664 34.657 53.649 70.642
57.056 15.502 0.000 0.000 4.289 40.277 56.260 49.237 41.209 49.174 53.136 54.094 44.048 32.999 42.947 51.893 41.838 33.783 33.726 35.663 3.569 4.488 3.411 29.331 33.279 35.235 35.193 32.154 32.116 33.080 32.045 32.013 31.982 32.953 31.925 31.900 31.875 34.853 51.833 50.814 32.798 32.785 32.775 33.769 34.769 0.000 0.000 29.871 47.869 48.864 60.856 47.845 27.833 31.821 67.808 91.796 75.784 70.773 73.762 66.752 52.741 41.732 32.722 30.713 31.703 41.695 39.686 34.678 73.670 88.662 66.654 64.646 68.639
0.000 30.948 9.155 3.258 39.301 49.308 56.299 40.280 43.254 41.221 39.183 47.140 52.092 47.041 50.986 39.929 33.872 34.817 34.767 42.731 0.000 0.000 0.000 26.284 35.255 46.218 47.180 42.141 38.104 40.069 36.034 35.002 32.971 31.942 31.914 32.888 31.863 31.840 34.818 43.799 31.782 31.767 32.755 31.747 0.742 0.000 0.000 10.870 8.869 62.865 46.857 31.847 45.834 47.821 93.809 74.797 57.786 39.775 30.764 31.753 32.743 33.732 33.722 33.712 32.703 30.693 29.684 30.676 38.667 75.659 83.651 68.643 67.636
0.000 18.186 41.259 43.317 42.348 57.357 42.349 36.332 38.306 37.273 34.234 33.190 48.141 55.086 58.028 45.966 35.905 32.847 40.793 6.762 0.000 0.000 0.000 29.265 39.239 46.204 47.166 47.128 49.091 57.056 55.022 50.989 48.959 44.929 38.901 33.874 31.849 32.825 31.802 36.781 29.762 30.745 31.731 33.718 54.704 0.000 0.000 0.000 24.873 66.868 26.861 35.850 26.835 65.820 83.810 43.799 31.788 33.777 33.766 33.755 33.744 33.733 30.722 30.712 29.702 30.692 30.683 30.674 46.665 61.657 34.648 94.639 66.632
0.000 18.352 41.378 34.404 53.419 53.420 48.410 39.391 33.364 34.331 35.292 46.246 49.195 41.137 44.072 53.003 53.933 43.875 0.805 0.000 2.481 1.416 34.324 40.273 44.232 43.192 44.152 44.114 42.077 49.041 50.008 49.976 50.945 47.915 46.887 47.860 38.833 33.808 34.784 31.762 32.741 31.722 30.705 32.691 47.682 0.000 0.000 0.000 24.882 68.875 30.867 6.859 0.000 11.816 50.811 32.801 33.789 31.778 31.767 31.756 30.745 29.733 30.722 30.711 29.700 30.690 29.680 28.671 31.663 27.655 23.645 87.634 96.626
0.000 15.492 35.497 45.503 55.503 46.495 46.480 48.458 46.430 37.395 43.355 52.308 41.255 34.193 33.121 39.040 48.950 55.858 19.752 11.636 37.515 37.421 32.336 41.273 46.223 47.179 43.138 43.098 35.060 32.025 31.992 31.961 30.930 28.901 35.872 49.844 48.817 47.791 42.765 33.741 31.718 32.696 31.677 31.660 32.650 0.000 0.000 0.000 39.899 6.883 10.875 0.000 0.000 0.000 29.818 9.803 12.791 29.780 28.770 28.758 29.746 31.734 31.722 31.710 30.699 30.688 28.678 28.668 29.660 17.654 0.000 7.625 90.617
0.000 14.627 38.617 57.607 48.595 45.578 45.557 46.531 45.501 47.465 52.425 41.378 35.324 35.259 35.181 34.085 34.970 40.857 57.750 55.641 34.523 33.415 32.328 33.261 45.208 43.164 54.122 42.080 35.042 33.008 33.976 32.945 37.914 45.885 41.856 35.828 41.800 51.772 48.745 47.719 38.693 31.668 31.645 32.624 30.608 0.000 0.000 39.939 27.931 0.000 0.000 41.865 36.863 35.855 27.841 0.000 0.000 34.783 31.773 31.760 31.747 31.734 31.721 31.709 31.697 31.686 31.675 30.665 31.655 33.646 23.637 0.000 32.608
2.841 27.771 52.737 48.713 37.690 42.666 47.639 42.610 48.577 54.541 46.500 34.455 33.403 35.340 35.259 39.148 39.989 33.848 44.750 40.655 37.522 34.388 31.298 38.235 42.186 44.146 35.108 62.056 50.020 39.988 31.958 37.928 56.898 66.869 59.840 36.811 38.782 41.754 45.725 50.696 48.668 44.639 33.611 30.582 37.551 43.508 0.000 14.947 35.955 0.000 0.000 11.867 31.869 31.862 31.849 36.835 35.817 31.795 30.779 31.764 31.749 31.734 31.720 31.707 31.695 31.683 31.671 31.660 30.650 30.639 31.628 34.614 30.604
14.911 48.879 54.847 39.817 34.788 36.757 38.725 49.691 53.656 64.620 63.581 56.539 45.492 34.438 37.369 4.258 0.000 32.798 38.747 35.708 0.000 32.315 36.243 53.193 52.154 55.126 0.000 27.017 66.995 60.968 46.939 52.910 70.882 70.853 68.824 37.795 43.765 43.735 45.705 33.674 42.642 48.610 47.577 46.542 59.505 68.466 1.414 0.000 25.988 51.020 0.000 0.000 54.885 35.873 35.857 35.840 35.821 36.802 30.784 29.767 33.750 30.733 30.718 30.705 30.692 31.679 30.667 29.656 29.645 29.633 29.622 29.610 28.600
14.012 59.988 45.956 34.921 34.886 34.850 47.812 45.773 62.737 77.702 74.666 71.628 66.589 57.551 48.520 0.000 0.000 0.000 26.733 37.722 0.000 0.000 29.166 47.142 46.111 61.077 33.029 34.001 66.975 71.948 67.921 66.893 69.865 69.837 70.808 49.779 41.748 43.717 43.685 33.652 42.617 36.582 55.544 26.505 65.463 87.414 58.355 28.304 0.000 29.053 0.000 30.944 90.913 43.889 45.868 45.847 41.826 42.806 34.788 29.771 11.750 30.731 30.716 33.702 36.689 46.676 36.663 31.651 32.639 32.628 32.616 32.605 32.595
46.137 50.106 44.066 42.026 36.986 48.945 42.900 55.851 33.818 3.786 54.753 73.719 72.686 73.657 56.639 0.000 0.000 0.000 20.729 43.726 0.000 0.000 26.113 41.097 36.073 63.043 74.010 73.981 69.955 69.929 69.903 70.877 69.850 69.822 69.793 63.764 38.733 40.700 38.667 33.631 44.594 45.555 48.514 5.471 50.425 86.374 56.317 74.252 35.165 21.086 33.033 88.975 76.935 48.904 42.877 44.853 38.830 32.810 30.792 28.778 0.000 36.723 44.712 52.699 59.685 68.672 57.659 37.646 31.634 32.622 32.610 32.599 32.589
57.295 46.231 46.178 42.131 49.087 46.042 48.993 72.914 59.898 42.871 63.840 72.808 71.778 70.754 50.741 0.000 0.000 0.000 0.000 0.000 0.000 0.000 32.076 41.061 52.039 68.013 69.986 69.960 69.935 69.911 69.886 69.861 69.834 69.808 69.779 69.750 55.719 45.685 38.650 31.612 35.572 35.530 40.487 59.441 45.393 80.341 66.285 73.224 80.157 66.093 71.039 79.989 55.947 56.913 42.884 41.857 33.833 30.811 31.791 33.771 47.748 53.728 71.711 70.696 69.682 68.668 68.654 58.641 36.628 31.616 32.604 32.593 32.582
48.414 36.344 38.285 50.233 47.187 47.146 17.115 0.000 51.988 77.961 72.928 71.894 73.864 55.840 41.829 25.848 0.000 0.000 0.000 0.000 0.000 0.000 38.054 55.032 67.008 69.985 69.961 69.938 69.915 69.892 69.869 69.845 69.821 69.795 69.767 69.738 70.706 64.672 56.636 48.596 46.553 49.508 40.461 57.413 36.364 78.312 11.259 32.203 67.146 39.090 30.039 85.994 49.953 53.918 51.887 32.859 30.834 31.811 31.789 39.768 60.747 71.727 68.709 68.693 68.678 65.663 64.649 62.635 61.623 35.610 31.598 31.586 31.575
38.516 35.446 48.384 48.330 43.282 63.240 17.206 26.185 66.105 73.056 72.016 71.979 71.945 47.914 47.886 58.867 0.000 0.000 0.000 0.000 0.000 0.000 0.000 5.005 63.978 75.956 70.936 69.916 69.895 69.875 69.853 69.831 69.808 69.783 69.757 69.728 69.697 70.663 71.624 68.582 68.536 71.487 51.437 57.386 31.336 72.286 8.235 10.184 63.132 33.082 43.036 76.993 57.954 49.919 53.888 30.859 31.833 30.809 32.786 42.765 63.744 64.724 69.706 68.689 63.673 60.658 64.643 69.630 68.616 57.603 38.591 37.579 36.568
34.608 48.539 49.477 37.421 48.371 69.326 62.285 68.245 74.191 72.143 72.100 72.060 69.022 52.984 2.935 0.000 0.000 0.000 0.000 0.000 0.000 0.000 0.000 0.000 8.942 20.927 61.911 70.893 69.876 69.857 69.838 69.818 69.797 69.774 69.749 71.721 70.691 70.656 69.617 71.573 70.522 70.468 60.412 58.360 35.309 47.261 77.212 56.165 64.117 33.072 61.029 54.988 57.951 45.917 39.886 31.857 31.830 31.806 39.783 44.761 45.740 50.720 58.702 56.684 57.668 68.652 68.637 68.623 68.610 69.597 63.584 59.572 57.561
49.693 49.625 38.564 34.507 49.455 68.408 74.363 73.318 72.271 72.226 72.182 73.140 64.099 57.067 0.000 0.000 0.000 0.000 0.000 0.000 0.000 0.000 0.000 0.000 17.921 37.900 64.886 70.872 69.857 69.841 69.825 69.806 69.787 69.766 71.743 71.718 71.689 63.655 68.616 71.569 74.512 72.450 66.385 62.330 50.281 34.234 82.189 65.145 67.101 32.059 78.018 41.980 22.945 39.912 30.881 31.852 30.826 39.801 45.778 44.756 44.735 43.715 36.697 32.679 62.662 68.646 68.631 68.616 68.602 68.589 69.576 69.564 69.553
46.772 37.706 35.645 33.588 50.535 70.486 72.440 72.395 72.350 72.306 72.263 74.218 53.167 51.117 0.000 0.000 0.000 0.000 0.000 0.000 0.000 0.000 0.000 0.000 0.000 51.867 70.860 69.851 69.839 69.826 69.812 69.796 71.779 70.761 70.740 70.718 64.692 42.660 58.621 68.575 19.508 10.436 44.349 51.295 60.250 47.207 68.165 86.124 71.084 38.044 80.006 3.970 15.936 28.904 31.874 31.846 33.820 43.795 41.772 42.750 44.729 47.709 41.690 42.672 58.655 68.639 68.624 68.609 68.595 68.581 68.569 68.556 68.544
37.846 35.782 40.722 45.665 60.612 72.563 72.516 72.471 72.428 72.387 72.346 73.302 60.234 0.000 0.000 0.000 0.000 0.000 0.000 36.782 0.000 15.783 0.000 0.000 0.000 26.841 61.838 68.832 69.823 69.813 69.801 69.788 71.773 69.757 69.740 69.721 53.700 49.673 11.633 13.604 0.000 0.000 29.279 36.252 58.217 44.179 49.141 92.103 75.065 54.028 63.992 13.958 58.925 35.895 31.866 31.838 33.813 42.788 53.765 53.743 55.722 61.702 56.683 67.665 68.648 68.632 68.616 68.601 68.587 68.573 68.560 68.548 68.536
38.917 35.854 42.795 61.739 72.686 72.636 72.589 72.545 72.504 72.466 72.433 78.409 0.000 0.000 0.000 0.000 0.000 0.000 36.781 48.782 35.782 50.783 46.784 0.000 16.807 48.817 55.819 66.816 69.810 69.801 69.792 70.780 69.768 69.755 69.741 65.727 54.713 59.701 0.000 0.000 0.000 13.231 46.237 38.218 56.185 32.151 34.117 82.082 81.047 73.011 58.977 58.944 47.913 42.883 31.856 31.829 31.804 41.780 63.757 70.735 69.714 69.695 61.676 68.657 68.640 68.623 68.608 68.593 68.578 68.564 68.551 68.539 68.527
36.985 34.923 49.865 69.809 73.757 72.707 72.661 72.617 72.577 72.541 72.511 79.492 0.000 0.000 0.000 0.000 0.000 0.000 25.781 45.782 45.782 44.783 47.785 31.789 39.797 47.803 47.804 64.802 70.798 69.791 69.783 69.774 69.764 69.754 70.743 62.733 58.723 52.718 0.000 0.000 0.000 6.226 10.220 38.197 57.155 34.124 30.094 69.061 86.028 82.993 63.960 42.929 41.899 42.871 33.844 30.819 31.794 34.771 45.748 65.727 68.706 68.686 60.667 68.649 68.631 68.615 68.599 68.584 68.569 68.555 68.542 68.529 68.517
36.050 37.989 57.931 73.876 72.825 72.776 72.729 72.685 72.645 72.609 74.579 72.557 0.000 0.000 0.000 0.000 0.000 0.000 11.781 50.781 56.782 61.782 52.783 51.786 45.790 41.793 52.793 66.792 69.788 69.783 72.777 70.769 69.761 69.753 69.745 64.737 56.731 51.728 26.731 0.000 0.000 0.000 0.000 0.163 49.113 35.096 31.072 64.043 95.009 75.975 54.942 45.912 47.884 45.857 40.831 29.807 31.783 30.761 34.738 53.717 68.697 68.677 60.658 68.639 68.622 68.605 68.589 68.574 68.559 68.545 68.532 68.519 68.507
36.112 46.052 65.995 73.941 72.890 72.841 72.795 72.750 72.709 73.672 71.640 59.598 43.598 0.000 0.000 0.000 0.000 0.000 13.781 51.781 60.781 60.781 64.781 66.782 49.783 48.785 63.785 69.783 69.780 69.776 70.771 69.765 69.759 69.752 69.746 67.740 55.736 56.733 50.733 0.000 0.000 0.000 0.000 0.000 35.088 35.076 29.056 74.028 61.993 67.954 37.921 57.893 51.867 44.842 44.818 35.795 30.772 31.750 30.728 42.707 65.687 67.667 61.648 68.630 69.612 68.595 68.579 68.564 68.549 68.535 68.522 68.509 68.497
