results3_8e3_rain/res_3e8f-0033.wd
ncols         241
nrows         181
xllcorner     12693529.787448
yllcorner     3542525.717860
cellsize      155.156523
NODATA_value  -9999.000000
[rows 99 to 131 of 181, columns 0 to 74 of 241]
0.000 0.000 0.000 0.000 0.000 32.114 72.112 74.105 65.094 60.093 0.000 0.000 0.000 0.000 0.000 0.000 0.000 40.019 37.018 0.000 0.000 0.000 0.000 34.969 33.967 0.000 0.000 0.000 0.000 0.000 0.000 0.000 0.000 0.000 0.000 40.577 36.581 35.586 36.592 37.600 50.608 39.617 43.628 35.638 37.648 35.658 36.669 41.680 42.692 40.704 44.718 37.731 37.746 39.762 42.778 56.797 57.814 42.835 28.846 0.000 0.000 0.000 0.000 0.000 8.766 63.768 60.776 47.795 22.814 17.838 61.864 38.893 40.925 40.961 40.999
0.000 0.000 0.000 0.000 0.000 33.127 73.126 73.124 0.000 0.000 0.000 0.000 0.000 0.000 0.000 0.000 0.000 51.020 40.020 0.000 0.000 0.000 37.985 36.978 40.975 0.000 0.000 0.000 0.000 46.556 38.556 0.000 0.000 0.000 53.572 63.575 49.579 42.584 36.589 38.596 57.603 42.611 48.624 48.634 39.643 54.652 46.661 47.672 37.683 45.695 45.708 43.721 37.735 38.749 42.765 39.787 1.800 0.000 0.000 0.000 0.000 0.000 0.000 11.781 48.779 60.784 67.793 57.807 33.825 34.845 48.868 39.894 40.923 40.954 40.988
0.000 0.000 0.000 0.000 0.000 20.143 69.143 78.142 0.000 0.000 0.000 0.000 0.000 0.000 0.000 0.000 0.000 58.022 39.024 40.022 42.015 39.005 35.994 36.986 34.980 0.000 0.000 0.000 0.000 39.556 39.557 40.559 39.562 39.565 38.570 48.574 57.577 4.582 68.587 58.592 63.597 48.602 0.000 64.632 62.638 61.645 65.654 54.664 37.675 40.686 45.698 45.710 42.724 38.737 27.746 0.000 0.000 0.000 0.000 0.000 0.000 0.000 0.000 21.783 48.786 48.796 59.806 58.818 41.832 41.850 40.870 40.893 40.919 40.946 39.976
46.209 49.209 0.000 0.000 0.000 30.161 69.160 74.161 84.169 0.000 0.000 0.000 0.000 0.000 0.000 0.000 0.000 0.000 43.035 40.029 58.019 72.009 47.000 31.992 0.000 0.000 0.000 0.000 0.000 0.000 38.558 39.560 39.562 39.565 39.569 38.572 38.576 37.580 38.585 43.589 55.594 49.597 0.000 64.626 65.631 43.638 50.646 67.656 61.666 48.677 38.688 44.700 45.713 48.729 33.737 0.000 0.000 0.000 0.000 0.000 0.000 0.000 0.000 0.000 0.000 45.811 42.816 42.825 40.838 40.853 40.870 40.890 40.912 39.936 38.962
60.211 43.210 43.207 45.202 47.194 66.180 74.175 74.175 74.178 76.182 50.184 0.000 0.000 38.087 45.087 46.084 8.078 3.068 66.052 74.040 69.023 65.012 48.005 0.000 0.000 0.000 0.000 0.000 0.000 0.000 0.000 39.560 38.562 37.565 38.568 39.572 39.575 39.579 39.583 40.587 59.592 54.597 37.604 39.615 50.623 61.630 38.639 50.648 51.658 44.668 64.679 47.690 39.701 0.000 0.000 0.000 0.000 0.000 0.000 0.000 0.000 0.000 0.000 0.000 0.000 45.820 40.824 40.831 40.841 40.854 40.869 38.886 36.905 38.925 44.947
75.215 65.213 46.211 50.206 68.200 74.193 74.188 74.186 74.186 69.186 41.187 47.187 0.000 29.089 64.091 72.089 72.083 56.075 71.065 78.059 0.000 0.000 0.000 0.000 0.000 0.000 0.000 0.000 0.000 0.000 0.000 39.560 0.000 0.000 0.000 40.573 39.575 39.578 39.582 40.586 56.590 61.595 38.601 39.609 39.616 57.623 58.631 36.639 44.649 63.660 55.670 33.679 0.000 0.000 0.000 0.000 0.000 0.000 0.000 0.000 0.000 0.000 0.000 0.000 0.000 45.825 40.829 40.834 40.843 39.853 38.865 43.880 44.896 45.913 46.932
75.221 75.219 70.217 73.214 74.209 74.204 74.200 74.196 74.194 70.192 45.190 62.189 0.000 0.000 42.101 66.097 74.092 75.084 74.077 79.071 0.000 0.000 0.000 0.000 0.000 0.000 0.000 0.000 0.000 0.000 0.000 39.560 0.000 0.000 41.570 39.572 39.575 39.578 39.581 39.585 56.589 61.593 38.598 39.604 39.610 40.616 61.623 55.631 62.641 52.654 33.661 0.000 0.000 0.000 0.000 0.000 0.000 0.000 0.000 0.000 0.000 0.000 0.000 0.000 43.828 40.829 40.831 40.836 40.843 39.850 41.860 45.872 46.886 46.901 46.917
73.229 74.228 74.226 74.223 74.219 74.215 74.211 74.207 74.203 75.199 70.195 77.190 1.183 0.000 30.115 49.110 72.103 74.096 75.089 63.079 0.000 0.000 0.000 0.000 0.000 0.000 0.000 0.000 0.000 0.000 0.000 33.561 38.563 38.566 37.569 39.572 39.575 39.578 39.581 39.584 56.587 61.591 38.595 39.599 39.604 39.609 44.614 67.620 47.630 0.000 0.000 0.000 0.000 0.000 0.000 0.000 0.000 0.000 0.000 0.000 0.000 0.000 0.000 0.000 0.000 47.830 43.832 44.837 42.842 38.847 45.854 46.864 44.875 44.888 41.901
70.239 75.238 74.237 74.234 74.231 74.228 74.223 74.219 74.214 74.207 75.200 68.191 52.179 43.160 37.137 64.124 74.115 74.108 79.103 0.000 0.000 0.000 0.000 0.000 0.000 0.000 0.000 0.000 0.000 0.000 0.000 0.000 0.000 0.000 0.000 39.574 39.575 39.578 39.581 39.584 55.587 62.589 39.592 39.595 39.598 39.602 39.605 45.608 0.000 0.000 0.000 0.000 0.000 0.000 0.000 0.000 0.000 0.000 0.000 0.000 0.000 0.000 0.000 0.000 0.000 0.000 0.000 0.000 0.000 47.841 45.847 46.855 43.865 38.875 47.885
70.251 75.251 74.250 74.248 74.245 74.242 74.237 74.232 74.226 74.218 75.209 60.197 39.183 38.167 47.149 71.136 74.126 74.119 80.115 0.000 0.000 0.000 0.000 0.000 0.000 0.000 0.000 0.000 0.000 0.000 0.000 0.000 0.000 0.000 0.000 35.574 39.575 36.578 39.582 39.585 58.587 62.588 39.590 39.592 39.594 39.596 39.597 36.598 0.000 0.000 0.000 0.000 0.000 0.000 0.000 0.000 0.000 0.000 0.000 0.000 0.000 39.749 0.000 0.000 0.000 0.000 0.000 0.000 43.821 44.830 46.837 46.845 43.854 39.862 49.871
73.265 74.265 74.264 74.263 74.261 74.258 74.253 74.248 74.241 74.232 74.220 71.207 48.191 49.175 66.159 73.146 74.135 74.128 81.123 0.000 0.000 0.000 0.000 0.000 0.000 0.000 0.000 0.000 0.000 0.000 0.000 0.000 0.000 0.000 0.000 0.000 35.574 0.000 38.586 39.587 67.588 54.588 39.589 39.589 39.590 52.590 42.591 37.591 0.000 0.000 0.000 0.000 0.000 0.000 0.000 0.000 0.000 0.000 0.000 0.000 0.000 50.749 35.750 0.000 0.000 0.000 0.000 44.804 47.812 46.820 43.828 39.835 39.843 37.851 41.862
74.281 74.281 74.281 74.280 74.278 74.276 74.272 74.267 74.259 74.249 74.235 74.219 76.201 76.184 75.167 74.154 74.143 76.135 65.128 8.127 0.000 0.000 0.000 0.000 0.000 0.000 0.000 0.000 0.000 0.000 0.000 0.000 0.000 0.000 0.000 0.000 0.000 0.000 38.590 39.590 73.590 42.589 39.588 39.587 51.586 60.586 39.586 39.585 38.582 0.000 0.000 0.000 0.000 0.000 0.000 0.000 0.000 0.000 0.000 0.000 0.000 46.750 47.751 34.753 0.000 40.779 42.786 46.796 45.805 43.812 42.819 38.826 46.832 49.837 0.000
73.297 72.298 74.299 74.299 74.298 74.296 74.293 74.289 74.281 74.270 74.254 74.235 74.213 74.192 74.174 74.160 75.150 58.142 0.000 0.000 35.112 49.111 0.000 0.000 0.000 0.000 0.000 0.000 0.000 0.000 0.000 0.000 0.000 0.000 0.000 0.000 0.000 0.000 34.595 45.595 68.593 39.591 36.588 39.585 39.584 39.583 39.582 39.581 39.580 36.579 0.000 0.000 0.000 0.000 0.000 0.000 0.000 0.000 0.000 0.000 0.000 41.750 37.752 43.756 38.764 46.774 46.782 45.791 41.799 44.806 39.812 38.818 38.823 31.830 0.000
63.314 63.316 72.319 74.320 74.320 74.319 74.318 74.314 74.308 74.296 74.278 75.254 76.224 74.198 74.178 74.164 74.155 0.000 0.000 35.118 45.114 55.111 54.108 47.106 39.105 0.000 0.000 0.000 0.000 0.000 0.000 0.000 0.000 0.000 0.000 38.607 41.607 41.605 38.602 37.600 46.598 34.594 0.000 35.583 39.581 39.580 39.579 39.579 38.578 0.000 0.000 0.000 0.000 0.000 0.000 0.000 43.734 54.735 0.000 0.000 42.745 40.748 40.751 37.756 45.762 46.770 46.778 43.787 46.795 46.801 44.806 39.810 28.813 0.000 0.000
45.330 50.335 69.341 75.343 74.343 74.344 74.346 74.345 74.340 74.330 76.311 62.278 58.233 73.199 78.179 75.164 70.153 52.143 55.134 61.124 55.116 56.111 35.108 28.107 0.000 0.000 0.000 0.000 0.000 0.000 0.000 0.000 0.000 0.000 29.608 35.608 38.609 38.608 38.607 38.607 40.607 0.000 0.000 0.000 34.579 39.578 39.577 39.577 39.577 0.000 0.000 0.000 0.000 0.000 0.000 3.734 60.734 42.735 40.737 40.740 40.743 40.746 38.750 43.754 46.760 46.767 42.775 46.784 46.792 45.797 39.801 40.804 30.806 0.000 0.000
29.342 44.355 63.367 76.370 77.367 77.369 75.377 74.380 75.380 74.373 75.357 13.317 0.000 32.186 50.175 71.160 78.151 76.142 76.136 62.129 0.000 0.000 0.000 0.000 0.000 0.000 0.000 0.000 0.000 0.000 0.000 0.000 0.000 0.000 0.000 34.611 38.612 36.613 37.614 39.614 40.615 0.000 0.000 0.000 0.000 32.577 39.576 39.576 36.576 0.000 0.000 0.000 0.000 0.000 0.000 0.000 2.735 56.736 39.738 39.740 40.742 39.745 39.748 45.752 46.757 44.764 32.769 0.000 50.794 44.796 44.798 44.800 30.801 0.000 0.000
0.000 15.378 48.402 54.405 48.387 50.389 67.413 75.422 71.426 64.427 63.428 0.000 0.000 0.000 0.000 8.154 43.148 69.142 76.138 0.000 0.000 0.000 0.000 0.000 0.000 0.000 0.000 0.000 0.000 0.000 0.000 0.000 0.000 0.000 0.000 34.614 40.616 39.618 48.620 49.623 39.625 0.000 0.000 0.000 0.000 0.000 36.574 37.575 0.000 0.000 0.000 0.000 0.000 0.000 0.000 0.000 0.000 61.737 64.738 44.739 38.741 36.744 46.746 46.749 41.753 0.000 0.000 0.000 0.000 49.795 46.796 46.797 36.798 0.000 0.000
0.000 0.000 29.460 38.462 0.000 0.000 39.465 68.469 59.475 55.484 69.501 36.542 0.000 0.000 0.000 0.000 0.000 14.140 45.138 0.000 0.000 0.000 0.000 0.000 0.000 0.000 0.000 0.000 0.000 0.000 0.000 0.000 0.000 0.000 0.000 25.616 39.620 37.623 67.628 60.633 38.639 40.648 0.000 0.000 0.000 0.000 31.574 0.000 0.000 0.000 0.000 0.000 0.000 0.000 0.000 0.000 0.000 0.000 49.738 66.739 51.741 45.743 46.745 41.747 0.000 0.000 0.000 0.000 0.000 41.793 46.794 46.795 41.796 0.000 0.000
0.000 0.000 25.517 70.523 27.547 0.000 28.514 60.516 62.522 73.533 75.552 78.583 84.623 23.644 0.000 0.000 0.000 0.000 0.000 0.000 0.000 0.000 0.000 0.000 0.000 0.000 0.000 0.000 0.000 0.000 0.000 0.000 0.000 0.000 0.000 0.000 32.624 40.629 70.636 52.642 40.650 39.658 44.666 0.000 0.000 0.000 0.000 0.000 0.000 0.000 0.000 0.000 0.000 0.000 0.000 0.000 0.000 0.000 0.000 0.000 54.741 44.742 42.743 0.000 0.000 0.000 0.000 0.000 40.791 39.792 41.793 35.794 0.000 0.000 0.000
0.000 13.592 47.569 65.566 73.573 42.578 55.562 78.560 75.566 74.576 74.593 74.616 74.643 80.667 83.694 39.708 0.000 0.000 43.753 57.753 50.752 52.750 8.748 0.000 0.000 0.000 0.000 0.000 0.000 0.000 0.000 0.000 1.913 1.926 4.952 0.240 33.624 62.635 64.644 41.652 39.661 39.669 42.675 0.000 0.000 0.000 0.000 0.000 0.000 0.000 0.000 0.000 0.000 0.000 0.000 0.000 0.000 0.000 0.000 0.000 0.000 0.000 0.000 0.000 0.000 0.000 0.000 42.789 37.790 35.791 0.000 0.000 0.000 0.000 0.000
71.628 74.615 74.604 72.600 70.600 71.601 73.598 73.599 74.604 75.614 75.629 74.647 67.667 71.687 74.707 78.724 82.742 83.751 75.755 71.755 68.753 63.751 65.748 58.745 14.743 0.000 0.000 0.000 0.000 0.000 0.000 0.000 0.000 0.000 0.000 57.623 46.633 75.643 66.653 53.663 40.673 39.683 39.692 43.702 39.701 0.000 0.000 0.000 0.000 0.000 0.000 0.000 0.000 0.000 0.000 0.000 0.000 0.000 0.000 0.000 0.000 0.000 0.000 0.000 0.000 0.000 0.000 0.000 0.000 0.000 0.000 0.000 0.000 0.000 0.000
74.643 69.638 67.632 66.629 60.629 57.630 58.630 58.633 64.639 69.649 69.661 62.676 46.693 61.709 74.725 74.739 74.751 74.758 74.761 74.760 75.757 75.753 78.749 79.745 79.742 79.740 18.739 0.000 0.000 0.000 0.000 0.000 0.000 0.000 0.000 29.634 55.641 60.652 44.664 61.676 49.687 39.697 39.707 42.715 0.000 0.000 0.000 0.000 0.000 0.000 0.000 0.000 0.000 0.000 0.000 0.000 0.000 0.000 0.000 0.000 0.000 0.000 0.000 0.000 0.000 0.000 0.000 0.000 0.000 0.000 0.000 0.000 0.000 0.000 0.000
44.664 17.662 39.659 53.658 51.658 31.659 16.661 12.666 32.673 49.681 48.692 41.705 36.719 46.733 67.746 75.758 74.766 74.771 74.771 74.768 74.763 78.757 53.750 41.745 40.742 44.740 47.739 0.000 0.000 0.000 0.000 0.000 0.000 0.000 0.000 27.639 63.647 46.660 38.675 48.689 59.702 43.714 39.725 39.736 45.752 0.000 0.000 0.000 0.000 0.000 0.000 0.000 0.000 0.000 0.000 0.000 0.000 0.000 0.000 0.000 0.000 0.000 0.000 0.000 0.000 0.000 0.000 0.000 0.000 0.000 0.000 0.000 0.000 0.000 75.638
34.688 5.687 27.686 42.686 38.687 15.689 1.693 5.698 25.704 39.713 37.723 37.735 38.747 36.759 55.770 72.780 74.787 74.790 74.787 74.778 73.770 36.763 0.000 0.000 0.000 0.000 0.000 0.000 0.000 33.599 53.600 5.601 0.000 0.000 34.629 51.637 68.650 45.668 39.689 37.706 54.720 56.732 42.743 39.755 39.768 42.783 51.790 0.000 0.000 0.000 0.000 0.000 0.000 0.000 0.000 0.000 0.000 0.000 0.000 0.000 0.000 0.000 0.000 0.000 0.000 0.000 0.000 0.000 0.000 0.000 0.000 0.000 0.000 0.000 73.708
47.713 43.713 38.714 37.715 38.716 40.719 41.724 44.729 43.736 39.744 38.754 38.764 38.775 37.787 44.797 66.806 75.813 74.815 76.810 48.788 14.779 0.000 0.000 0.000 0.000 0.000 0.000 0.000 0.000 0.000 20.601 23.603 27.608 41.613 38.622 59.631 56.647 30.674 37.707 39.726 41.739 54.751 46.763 41.773 39.784 38.793 55.798 46.800 40.799 0.000 0.000 0.000 0.000 0.000 0.000 0.000 0.000 0.000 0.000 0.000 0.000 0.000 0.000 0.000 0.000 0.000 0.000 0.000 0.000 0.000 0.000 0.000 0.000 9.939 86.840
37.740 38.741 38.741 38.743 38.745 38.749 38.754 38.759 38.766 38.775 38.784 38.794 38.805 38.816 36.827 57.836 74.844 76.848 72.849 0.000 0.000 0.000 0.000 0.000 0.000 0.000 0.000 0.000 0.000 0.000 0.000 0.000 0.000 25.611 42.614 68.621 42.633 0.000 25.741 40.751 38.762 42.773 43.783 52.792 41.801 39.807 38.810 34.804 0.000 0.000 0.000 0.000 0.000 0.000 0.000 0.000 0.000 0.000 0.000 0.000 0.000 0.000 0.000 0.000 0.000 0.000 0.000 0.000 0.000 0.000 0.000 0.000 15.119 80.039 89.955
38.768 38.769 38.770 38.772 38.775 38.779 38.784 37.790 37.797 38.805 38.815 38.825 38.836 38.847 37.859 45.869 60.879 71.887 59.891 0.000 0.000 0.000 0.000 0.000 0.000 0.000 0.000 0.000 0.000 0.000 0.000 0.000 0.000 2.607 51.604 76.605 0.000 0.000 23.767 41.776 39.786 38.796 46.805 57.814 45.821 39.827 43.830 0.000 0.000 0.000 0.000 0.000 0.000 0.000 0.000 0.000 0.000 0.000 0.000 0.000 0.000 0.000 0.000 0.000 0.000 0.000 0.000 0.000 0.000 0.000 0.000 0.000 72.199 86.142 86.070
38.796 38.797 38.798 38.801 38.804 38.808 38.814 42.820 43.827 39.836 38.846 38.856 38.868 38.880 38.892 37.905 40.917 49.929 49.939 0.000 0.000 0.000 0.000 0.000 0.000 0.000 0.000 0.000 0.000 0.000 0.000 0.000 0.000 0.000 55.591 70.592 0.000 0.000 7.783 38.801 39.812 39.821 38.829 43.837 45.844 41.850 43.854 0.000 0.000 0.000 0.000 0.000 0.000 0.000 0.000 0.000 0.000 0.000 0.000 0.000 0.000 0.000 0.000 0.000 0.000 0.000 0.000 0.000 0.000 0.000 0.000 56.436 65.337 65.260 65.186
38.825 38.826 38.827 38.830 38.833 38.838 37.844 49.850 54.858 41.867 38.877 38.888 38.900 38.913 38.926 38.941 38.957 37.975 40.998 22.035 0.000 0.000 0.000 0.000 0.000 35.530 56.531 18.532 9.534 8.536 0.000 0.000 0.000 36.572 78.578 52.580 52.577 0.000 0.000 24.835 41.840 39.847 39.854 37.862 53.870 57.876 51.882 0.000 0.000 0.000 0.000 0.000 0.000 0.000 0.000 0.000 0.000 0.000 0.000 0.000 0.000 0.000 0.000 0.000 0.000 0.000 0.000 0.000 0.000 0.000 30.613 81.534 67.453 80.383 102.262
38.854 38.855 38.857 38.859 38.863 38.868 37.874 50.881 56.889 40.898 38.908 38.920 38.932 38.946 38.961 38.977 38.996 39.017 39.042 45.074 16.109 0.000 0.000 0.000 0.000 0.000 13.532 35.533 43.535 47.538 21.542 0.000 32.563 70.567 68.571 48.574 30.575 0.000 0.000 24.864 41.867 40.873 43.880 38.888 47.896 70.905 67.917 12.937 0.000 0.000 0.000 0.000 0.000 0.000 0.000 0.000 0.000 0.000 0.000 0.000 0.000 0.000 0.000 0.000 0.000 0.000 0.000 0.000 0.000 0.000 67.692 123.635 106.567 128.472 107.060
35.883 36.884 37.886 37.889 38.893 38.898 36.904 51.911 54.919 37.929 38.939 38.951 38.964 38.979 38.995 39.013 39.033 39.056 39.082 39.112 45.145 25.179 0.000 0.000 0.000 0.000 0.000 11.535 42.537 38.541 41.546 45.553 57.559 74.563 58.567 26.570 0.000 0.000 0.000 23.890 40.893 43.899 56.907 42.915 52.924 53.933 72.944 76.958 59.975 9.982 0.000 0.000 0.000 0.000 0.000 0.000 0.000 0.000 0.000 0.000 0.000 0.000 0.000 0.000 0.000 0.000 0.000 0.000 0.000 53.925 63.827 64.750 67.679 86.651 106.231
56.912 51.913 46.915 44.918 40.922 36.927 36.934 51.941 54.950 36.959 38.970 38.983 38.997 39.012 39.029 39.048 38.069 37.092 38.118 38.148 38.180 44.214 21.251 0.000 0.000 0.000 0.000 10.534 48.539 42.544 37.550 50.555 73.559 67.561 35.563 0.000 0.000 0.000 0.000 21.914 39.918 44.925 51.933 46.942 51.951 50.960 63.968 57.978 50.986 23.990 0.000 0.000 0.000 0.000 0.000 0.000 0.000 0.000 0.000 0.000 0.000 0.000 0.000 0.000 0.000 0.000 0.000 0.000 31.104 59.023 127.938 91.869 123.749 107.418 105.464
76.942 75.943 71.945 66.948 62.952 57.957 52.964 48.971 43.980 37.990 39.001 39.014 39.028 39.044 38.062 40.081 46.103 51.127 50.153 48.182 42.214 37.249 41.288 47.337 11.367 0.000 0.000 30.531 53.539 44.548 40.556 63.560 75.561 31.561 0.000 0.000 0.000 0.000 0.000 25.936 38.941 43.950 59.960 49.971 42.980 35.987 41.994 59.999 57.002 63.003 0.000 0.000 0.000 0.000 0.000 0.000 0.000 0.000 0.000 0.000 0.000 0.000 0.000 0.000 0.000 0.000 0.000 0.000 66.186 57.122 67.051 89.941 66.110 105.562 96.897
