results3_8e3_rain/res_3e8f-0136.wd
ncols         241
nrows         181
xllcorner     12693529.787448
yllcorner     3542525.717860
cellsize      155.156523
NODATA_value  -9999.000000
[rows 66 to 98 of 181, columns 146 to 218 of 241]
33.627 48.567 70.510 71.456 71.406 71.358 71.312 71.265 71.220 74.184 10.162 0.000 0.000 0.000 0.000 0.000 0.000 0.000 42.908 17.909 0.000 24.907 54.905 54.905 54.906 61.906 67.906 67.905 67.903 67.899 67.895 67.890 67.885 67.880 67.875 69.871 54.867 55.865 47.864 0.000 0.000 0.000 0.000 0.000 24.157 31.149 40.132 34.100 12.059 10.005 24.972 45.947 53.923 47.899 42.876 42.854 32.832 29.810 29.788 32.767 53.747 65.727 60.708 49.690 56.673 63.656 67.641 67.626 66.611 66.598 66.585 66.573 66.561
36.684 55.624 73.567 71.514 71.466 71.420 71.375 71.326 76.270 65.229 35.210 32.218 0.000 0.000 0.000 0.000 0.000 13.908 15.908 0.000 0.000 0.000 24.898 55.898 64.899 67.899 67.898 67.897 67.895 71.892 69.889 67.885 67.881 67.877 66.874 58.871 52.868 58.866 48.865 0.000 0.000 0.000 0.000 16.150 30.151 35.146 31.139 0.000 0.000 6.955 26.941 29.923 43.904 52.883 41.863 40.841 38.820 29.799 29.778 28.757 34.737 58.717 65.699 50.681 52.663 54.647 56.631 60.616 64.602 66.588 67.576 66.564 66.552
41.739 62.678 72.619 71.567 71.523 71.483 69.443 68.394 23.305 8.252 39.231 45.226 10.227 0.000 0.000 0.000 0.000 0.000 0.000 0.000 0.000 8.888 37.891 57.892 67.892 67.892 67.891 67.890 67.888 69.886 68.884 67.881 67.878 68.875 58.873 56.871 59.868 54.867 46.866 0.000 0.000 0.000 0.000 34.149 37.149 0.000 0.000 0.000 1.909 34.919 36.914 46.902 49.886 60.868 58.849 46.829 35.809 27.788 29.767 29.747 24.727 38.707 55.688 59.670 64.653 61.636 54.621 59.606 62.592 62.579 60.566 62.554 65.543
46.794 69.729 73.664 74.613 71.576 72.545 67.520 13.501 0.000 38.243 39.234 44.230 52.228 0.000 0.000 0.000 0.000 0.000 0.000 0.000 0.000 20.886 43.886 56.886 68.886 67.886 67.885 67.884 67.882 68.881 67.879 67.876 67.874 64.872 58.871 23.871 0.000 0.000 0.000 0.000 0.000 0.000 0.000 30.149 37.148 0.000 0.000 0.000 51.899 37.899 32.894 60.884 65.870 66.855 70.837 64.818 52.798 32.777 29.756 29.736 27.716 28.696 34.677 35.659 42.642 50.625 57.610 61.595 62.581 63.568 59.556 62.544 63.533
28.850 33.780 43.696 19.644 76.624 73.603 58.590 35.589 5.620 0.000 0.000 0.000 0.000 0.000 0.000 0.000 0.000 0.000 0.000 0.000 0.000 21.884 46.881 49.881 65.880 67.880 67.879 67.878 71.877 70.875 67.874 67.872 68.871 59.869 62.868 0.000 0.000 0.000 0.000 0.000 0.000 0.000 0.000 0.000 24.147 33.146 0.000 0.000 82.888 45.885 27.879 58.869 66.857 66.843 66.826 69.808 68.788 48.767 31.746 29.725 27.705 30.685 31.666 39.648 44.630 33.614 33.598 38.584 43.570 49.557 54.545 58.533 62.522
74.912 53.846 0.000 0.000 80.671 72.654 59.647 41.645 8.651 0.000 0.000 0.000 0.000 0.000 0.000 0.000 0.000 0.000 0.000 0.000 0.000 0.000 7.876 51.875 67.875 67.874 67.874 67.873 69.872 68.871 67.869 67.868 68.867 56.866 66.865 0.000 0.000 0.000 0.000 0.000 0.000 0.000 0.000 0.000 0.000 0.039 0.221 0.000 19.881 35.875 28.867 58.858 66.847 66.834 67.818 67.799 67.778 60.757 36.735 32.714 30.693 27.673 48.654 60.635 66.618 50.601 43.586 39.572 37.558 34.545 34.533 34.522 62.511
50.985 0.000 0.000 77.841 77.736 75.696 66.699 51.694 7.687 0.000 0.000 0.000 0.000 0.000 0.000 0.000 0.000 0.000 0.000 0.000 0.000 0.000 33.870 56.870 68.870 67.869 67.869 68.868 67.867 67.866 67.865 67.864 68.863 61.862 26.862 0.000 0.000 0.000 0.000 0.000 0.000 0.000 0.000 0.000 0.000 0.000 0.000 0.000 0.000 32.865 31.856 49.848 64.839 67.827 61.812 57.793 63.771 54.746 37.724 36.702 45.681 40.660 63.641 67.622 66.605 64.588 64.573 61.559 59.546 56.533 52.522 44.511 64.500
78.027 68.027 74.000 29.946 0.000 0.000 72.757 46.747 7.717 0.000 9.918 0.000 0.000 0.000 0.000 0.000 0.000 0.000 0.000 0.000 0.000 0.000 49.865 61.865 68.865 67.864 67.864 69.863 69.863 67.862 67.861 67.860 66.859 62.858 11.858 0.000 0.000 0.000 0.000 0.000 0.000 0.000 0.000 0.000 0.000 0.000 0.000 0.000 0.000 0.000 20.844 46.840 64.833 65.824 46.812 49.790 51.765 48.735 33.711 30.690 53.669 62.647 66.627 68.608 68.590 69.574 67.559 67.545 68.533 67.521 68.509 68.499 67.488
80.071 72.054 77.026 27.998 0.000 0.000 63.825 11.819 0.000 0.000 41.918 4.919 0.000 0.000 0.000 0.000 0.000 0.000 0.000 0.000 0.000 0.000 52.860 64.860 68.860 67.860 67.860 68.859 68.859 67.858 67.857 68.856 64.855 59.854 9.854 0.000 0.000 0.000 0.000 0.000 0.000 0.000 0.000 0.000 0.000 0.000 0.000 0.000 12.833 14.834 25.836 41.835 63.831 65.825 11.820 0.000 0.000 38.716 32.697 27.679 41.657 60.633 66.611 68.592 68.575 68.559 66.545 66.531 67.519 66.507 66.496 67.486 67.476
72.132 72.090 72.054 70.021 56.992 42.952 35.899 34.886 30.906 33.915 36.918 36.919 8.919 0.000 0.000 0.000 0.000 0.000 13.840 15.840 0.000 5.855 51.856 65.856 67.856 67.856 67.856 67.855 67.855 67.854 67.853 67.852 49.851 44.850 42.849 37.846 1.846 0.000 0.000 0.000 0.000 0.000 0.000 0.000 0.000 0.000 0.000 0.000 16.832 42.833 33.833 37.832 57.829 58.826 31.824 0.000 0.000 0.000 29.684 34.670 33.648 52.618 65.594 66.575 66.558 66.543 66.529 66.516 66.504 66.493 66.483 66.473 66.464
72.168 72.123 72.079 71.039 68.002 69.966 43.933 22.918 60.919 33.921 37.921 13.920 0.000 0.000 0.000 0.000 0.000 0.000 13.840 59.840 8.841 0.000 50.851 64.851 68.852 67.852 69.852 70.852 68.851 67.851 67.850 65.849 58.848 49.847 50.846 49.845 2.845 0.000 0.000 0.000 0.000 0.000 0.000 0.000 0.000 0.000 0.000 0.000 10.832 45.832 37.831 44.830 59.828 54.826 60.825 0.000 0.000 0.000 0.000 0.000 0.000 42.595 65.572 66.555 66.539 66.525 66.512 66.500 66.489 66.479 66.470 66.460 66.451
72.200 72.154 73.101 75.054 72.013 71.977 70.950 71.935 62.929 40.927 12.927 0.000 0.000 0.000 0.000 0.000 0.000 0.000 0.840 52.840 39.841 29.843 45.846 67.848 67.848 67.848 67.849 67.848 67.848 67.847 67.847 67.846 65.845 44.844 48.843 55.842 0.000 0.000 0.000 0.000 0.000 0.000 0.000 0.000 0.000 0.000 0.000 0.000 6.831 57.831 1.830 24.829 47.828 54.826 15.826 0.000 0.000 0.000 0.000 0.000 0.000 0.000 54.545 67.534 66.520 66.507 66.495 66.484 66.474 66.465 66.456 66.447 66.439
75.235 71.190 68.118 70.063 73.018 72.978 74.956 71.943 69.936 56.933 5.931 0.000 0.000 0.000 0.000 0.000 0.000 0.000 0.000 8.840 43.841 35.842 51.843 69.844 67.845 67.845 67.846 67.845 67.845 67.844 67.844 67.843 68.842 57.841 44.839 48.838 54.835 0.000 0.000 0.000 0.000 0.000 0.000 0.000 0.000 0.000 0.000 0.000 0.000 2.831 0.000 0.000 32.826 51.826 0.000 0.000 0.000 0.000 0.000 0.000 0.000 0.000 42.530 63.515 66.500 66.487 66.476 66.467 66.458 66.450 66.441 66.433 66.426
68.275 29.254 0.000 0.000 0.000 64.962 69.953 75.945 71.940 60.936 10.935 0.000 44.937 14.937 0.000 0.000 0.000 0.000 0.000 0.000 35.839 39.840 60.841 68.842 69.843 70.843 67.843 67.843 67.843 67.842 67.841 67.840 67.839 68.838 47.836 29.835 38.833 0.000 0.000 0.000 0.000 0.000 0.000 0.000 0.000 0.000 0.000 0.000 0.000 0.000 0.000 0.000 21.826 54.826 0.000 0.000 0.000 0.000 0.000 0.000 0.000 0.000 0.000 43.496 63.477 66.466 66.457 66.449 66.442 66.435 66.427 66.420 66.413
63.309 20.297 0.000 0.000 39.954 37.954 54.950 73.945 70.941 55.938 36.937 40.937 44.937 10.937 0.000 0.000 0.000 0.000 6.833 0.000 36.838 47.838 67.839 67.840 70.840 70.841 67.841 67.841 67.840 67.840 67.839 67.838 67.837 68.835 64.834 59.832 48.830 28.827 22.825 0.000 0.000 0.000 0.000 0.000 0.000 0.000 0.000 0.000 0.000 0.000 0.000 0.000 23.825 15.825 0.000 0.000 0.000 0.000 0.000 0.000 0.000 0.000 0.000 0.000 48.447 64.443 66.437 66.431 66.426 66.420 66.414 66.407 66.400
69.335 50.328 22.333 0.000 0.000 39.950 39.947 61.944 73.941 51.939 38.938 43.937 21.937 0.000 0.000 0.000 0.000 0.000 35.833 28.834 33.836 50.837 69.837 69.838 70.839 67.839 67.839 67.839 67.839 67.838 67.837 67.836 67.835 67.833 67.832 69.830 58.828 46.825 35.824 36.821 29.820 20.819 25.819 0.000 0.000 0.000 0.000 0.000 0.000 0.000 0.000 0.000 26.825 1.825 0.000 0.000 0.000 0.000 0.000 0.000 0.000 0.000 0.000 0.000 33.422 61.420 65.417 66.414 66.410 66.405 66.400 66.394 66.388
72.353 63.346 16.339 0.000 0.000 0.000 38.945 43.942 70.941 58.939 39.938 42.938 17.937 0.000 0.000 0.000 0.000 0.000 38.833 31.833 34.834 52.835 71.836 70.837 68.837 68.838 67.838 67.838 67.837 67.837 67.836 68.835 68.834 68.832 62.830 53.828 57.826 64.824 57.822 55.821 43.820 30.819 37.818 0.000 0.000 0.000 0.000 0.000 0.000 0.000 0.000 0.000 0.000 0.000 0.000 0.000 0.000 0.000 0.000 0.000 0.000 0.000 0.000 0.000 25.399 56.399 66.398 68.397 68.395 68.392 67.388 66.383 66.376
72.367 47.362 0.000 0.000 0.000 0.000 0.000 45.941 58.940 52.939 51.938 48.938 38.937 16.937 0.000 0.000 0.000 0.000 37.832 30.833 35.833 50.834 62.835 59.836 54.836 56.837 61.837 66.837 68.836 68.836 66.835 56.834 54.833 59.831 48.828 45.826 45.824 56.823 60.821 55.820 41.819 30.818 2.818 0.000 0.000 0.000 0.000 0.000 0.000 0.000 0.000 0.000 0.000 0.000 0.000 0.000 0.000 0.000 0.000 0.000 0.000 0.000 0.000 0.000 13.376 38.379 44.380 46.381 46.380 47.379 56.377 65.373 66.367
71.378 37.374 0.000 0.000 0.000 0.000 0.000 40.940 34.939 33.939 41.938 41.938 41.937 37.937 10.937 0.000 0.000 0.000 42.831 37.832 42.832 52.833 55.833 58.835 16.835 0.000 0.000 7.836 68.836 65.835 54.834 9.833 0.000 0.000 47.826 79.824 72.823 51.821 57.820 51.819 40.818 25.818 28.817 0.000 0.000 0.000 0.000 0.000 0.000 0.000 0.000 0.000 0.000 0.000 0.000 0.000 0.000 0.000 0.000 0.000 17.312 38.315 49.322 48.333 66.351 74.359 75.363 73.366 75.367 62.368 45.368 63.365 66.360
69.385 34.382 0.000 0.000 0.000 0.000 0.000 40.939 36.939 15.939 0.000 0.000 0.000 0.000 0.000 0.000 0.000 0.000 48.831 42.831 37.831 33.831 19.832 0.000 0.000 0.000 0.000 0.000 0.000 0.000 41.832 3.832 0.000 0.000 0.000 42.822 75.821 35.820 36.819 35.818 31.817 34.817 81.816 40.816 0.000 0.000 0.000 0.000 0.000 0.000 0.000 0.000 0.000 0.000 0.000 0.000 0.000 0.000 0.000 0.000 3.309 85.312 81.318 63.326 64.336 61.344 62.349 84.352 77.355 63.358 43.360 52.361 51.360
55.389 36.387 30.388 0.000 0.000 0.000 0.000 0.000 38.939 22.939 0.000 0.000 0.000 0.000 0.000 0.000 0.000 0.000 48.830 48.830 49.830 32.830 7.830 0.000 0.000 0.000 0.000 0.000 0.000 0.000 37.831 14.831 0.000 0.000 0.000 41.820 90.820 54.819 57.818 52.817 37.817 55.816 109.816 106.816 37.815 0.000 0.000 0.000 0.000 0.000 0.000 0.000 0.000 0.000 0.000 0.000 0.000 16.294 6.295 4.298 13.303 88.307 55.312 63.318 54.324 35.330 46.335 89.340 55.344 42.348 49.356 3.358 0.000
39.391 39.389 25.389 0.000 0.000 0.000 0.000 0.000 0.000 0.000 0.000 0.000 0.000 0.000 0.000 0.000 0.000 0.000 51.829 42.829 36.829 34.829 8.830 0.000 0.000 0.000 0.000 0.000 0.000 34.829 27.830 52.830 48.830 0.000 0.818 47.819 53.819 45.818 88.817 77.816 48.816 1.816 65.815 120.815 4.815 0.000 0.000 0.000 0.000 0.000 0.000 0.000 0.000 0.000 0.000 0.000 67.293 105.293 96.294 92.295 39.298 83.301 51.304 40.309 87.313 68.318 88.323 69.327 39.332 47.336 0.000 0.000 0.000
42.392 43.390 35.389 0.000 0.000 0.000 0.000 0.000 0.000 0.000 0.000 0.000 0.000 0.000 0.000 0.000 0.000 0.000 5.828 46.828 36.828 14.828 0.000 0.000 0.000 0.000 0.000 0.000 0.000 36.829 33.829 9.829 0.000 0.000 0.000 21.819 0.818 0.000 1.815 43.813 0.000 0.000 21.815 87.815 42.815 0.000 0.000 0.000 0.000 0.000 0.000 0.000 0.000 0.000 0.000 0.000 23.292 3.292 67.291 71.292 22.293 83.294 60.296 33.299 51.302 101.306 115.311 49.315 37.321 4.328 0.000 0.000 13.228
41.392 42.390 42.389 46.389 38.388 0.000 0.000 0.000 0.000 0.000 0.000 0.000 0.000 0.000 0.000 0.000 0.000 0.000 0.000 36.827 32.827 16.827 0.000 0.000 0.000 0.000 0.000 0.000 37.828 34.829 11.829 0.000 0.000 0.000 0.000 0.000 0.000 0.000 0.000 47.810 0.000 0.000 21.815 0.000 0.000 0.000 0.000 0.000 0.000 0.000 0.000 0.000 0.000 0.000 0.000 0.000 0.000 0.000 43.288 62.288 21.288 85.287 65.288 35.289 84.291 87.294 82.298 90.303 54.307 0.000 0.000 0.000 27.221
43.391 21.390 32.389 41.388 41.388 41.387 40.387 0.000 0.000 0.000 0.000 0.000 0.000 0.000 0.000 0.000 0.000 0.000 0.000 38.826 34.826 18.826 0.000 0.000 0.000 0.000 0.000 0.000 0.000 40.828 12.828 0.000 0.000 0.000 0.000 0.000 0.000 0.000 11.806 34.806 38.805 15.805 0.000 0.000 0.000 0.000 0.000 0.000 0.000 0.000 0.000 0.000 0.000 0.000 0.000 0.000 0.000 0.000 46.285 66.284 26.283 86.280 71.278 85.278 85.280 44.282 37.285 82.290 31.299 0.000 0.000 28.204 36.210
48.389 0.000 0.000 38.388 27.388 0.000 40.387 30.387 0.000 0.000 0.000 0.000 0.000 0.000 0.000 0.000 0.000 0.000 0.000 37.826 34.826 22.826 0.000 0.000 0.000 0.000 0.000 0.000 0.000 0.000 0.000 0.000 0.000 0.000 0.000 0.000 0.000 0.000 50.805 67.805 28.805 0.000 0.000 0.000 0.000 0.000 0.000 0.000 0.000 0.000 0.000 0.000 0.000 0.000 0.000 0.000 0.000 0.000 81.284 67.282 28.279 86.271 83.268 75.267 67.267 53.269 54.271 23.274 0.000 0.000 12.194 31.198 38.202
45.385 0.000 0.000 25.388 17.388 0.000 0.000 0.000 0.000 49.349 45.349 36.349 0.000 0.000 0.000 0.000 0.000 0.000 0.000 41.825 37.825 19.826 0.000 0.000 0.000 0.000 0.000 0.000 0.000 0.000 0.000 0.000 0.000 0.000 0.000 0.000 0.000 0.000 13.805 97.804 63.804 0.000 0.000 0.000 0.000 0.000 0.000 0.000 0.000 0.000 0.000 0.000 0.000 0.000 0.000 0.000 0.000 0.000 13.283 0.000 0.000 60.259 101.255 80.253 79.253 77.254 80.257 28.261 0.000 0.000 16.190 30.192 31.194
61.381 0.000 0.000 0.000 0.000 47.359 34.358 0.000 45.350 39.350 39.349 31.348 0.000 0.000 0.000 0.000 0.000 0.000 0.000 41.825 36.825 24.825 0.000 0.000 0.000 0.000 0.000 0.000 0.000 0.000 0.000 0.000 0.000 0.000 0.000 0.000 0.000 0.000 0.000 41.804 33.803 4.802 0.000 0.000 0.000 0.000 0.000 0.000 0.000 0.000 0.000 0.000 0.000 0.000 0.000 0.000 0.000 0.000 0.000 0.000 0.000 7.250 43.241 44.239 42.238 42.239 39.242 35.251 0.000 0.000 9.184 30.185 28.187
72.376 61.371 43.368 44.365 43.363 37.359 38.357 39.354 37.352 42.350 41.349 32.348 29.348 0.000 0.000 0.000 0.000 0.000 0.000 28.825 0.000 0.000 0.000 0.000 0.000 0.000 0.000 0.000 0.000 0.000 0.000 0.000 0.000 0.000 0.000 0.000 0.000 0.000 0.000 0.000 40.802 3.802 0.000 0.000 0.000 0.000 0.000 0.000 0.000 0.000 0.000 0.000 0.000 0.000 0.000 0.000 0.000 0.000 0.000 0.000 0.000 0.000 31.222 30.222 30.222 46.221 41.221 0.000 0.000 0.000 2.178 43.179 55.179
72.373 66.370 36.368 36.365 36.363 19.360 20.357 24.354 34.352 43.350 40.348 32.348 35.347 24.347 0.000 0.000 0.000 0.000 0.000 0.000 0.000 0.000 0.000 0.000 0.000 0.000 0.000 0.000 0.000 0.000 0.000 0.000 0.000 0.000 0.000 0.000 0.000 0.000 0.000 0.000 0.000 43.801 2.801 0.000 0.000 0.000 0.000 0.000 0.000 0.000 0.000 0.000 0.000 0.000 0.000 0.000 0.000 0.000 0.000 0.000 23.187 26.192 30.202 30.205 32.206 51.204 41.200 24.189 0.000 0.000 38.172 59.172 66.172
72.370 70.369 40.367 37.366 17.364 0.000 0.000 0.000 0.000 34.349 37.348 35.347 28.347 0.000 0.000 0.000 0.000 0.000 0.000 0.000 0.000 0.000 0.000 0.000 0.000 0.000 0.000 0.000 0.000 0.000 0.000 0.000 0.000 0.000 0.000 0.000 0.000 0.000 0.000 0.000 0.000 46.801 8.800 0.000 0.000 0.000 0.000 0.000 0.000 0.000 0.000 0.000 0.000 0.000 0.000 0.000 0.000 0.000 0.000 0.000 34.183 31.186 30.190 26.192 39.192 56.190 40.186 29.178 24.169 24.165 48.166 65.166 66.165
72.368 70.368 23.367 27.367 0.000 0.000 0.000 0.000 0.000 0.000 25.347 38.346 30.346 0.000 0.000 0.000 0.000 0.000 0.000 0.000 0.000 0.000 0.000 0.000 0.000 0.000 0.000 0.000 0.000 0.000 0.000 0.000 0.000 0.000 0.000 0.000 0.000 0.000 0.000 0.000 0.000 0.000 14.800 0.000 0.000 0.000 0.000 0.000 0.000 0.000 0.000 0.000 3.161 11.161 0.000 0.000 0.000 0.000 0.000 28.173 26.176 25.179 30.180 44.181 57.180 47.178 31.174 29.170 31.165 28.161 49.160 67.159 66.159
72.366 46.367 0.000 0.000 0.000 0.000 0.000 0.000 0.000 0.000 0.000 28.345 35.345 33.344 0.000 0.000 0.000 0.000 0.000 0.000 0.000 0.000 0.000 0.000 0.000 0.000 0.000 0.000 0.000 0.000 0.000 0.000 0.000 0.000 0.000 0.000 0.000 0.000 0.000 0.000 0.000 0.000 0.000 0.000 0.000 0.000 0.000 0.000 0.000 0.000 0.000 0.000 0.000 4.161 6.162 0.000 33.164 25.165 23.166 35.169 49.171 54.172 56.172 56.171 42.170 30.168 29.165 29.161 28.158 30.156 53.154 68.153 66.152
