results3_8e3_rain/res_3e8f-0047.wd
ncols         241
nrows         181
xllcorner     12693529.787448
yllcorner     3542525.717860
cellsize      155.156523
NODATA_value  -9999.000000
[rows 33 to 65 of 181, columns 148 to 221 of 241]
56.615 57.324 24.058 35.804 57.566 51.332 30.019 0.000 0.000 4.322 0.000 0.000 1.325 26.327 13.324 0.000 0.000 0.000 17.836 25.806 0.000 10.365 2.308 3.190 7.073 15.950 33.826 24.738 19.657 14.594 15.540 15.496 14.461 13.427 12.390 20.339 30.290 22.269 22.261 20.258 0.000 0.077 0.095 0.000 0.000 0.000 0.000 0.000 0.000 0.000 0.000 0.000 0.000 0.000 0.000 0.000 0.000 0.000 0.000 0.000 0.000 0.000 0.000 0.000 0.000 0.000 0.000 0.000 0.000 0.000 0.000 0.000 0.000 0.000
56.928 57.666 35.411 53.176 55.972 49.827 0.000 0.000 0.000 6.322 0.000 0.000 0.000 10.336 10.322 18.297 0.000 30.942 18.866 5.776 14.621 5.441 3.324 3.211 2.081 3.950 31.850 29.761 29.682 31.616 24.551 26.498 25.461 25.423 25.383 26.336 30.300 28.279 29.267 24.259 1.249 0.092 0.000 0.000 0.000 0.000 0.000 0.000 0.000 0.000 0.000 0.000 0.000 0.000 0.000 0.000 0.000 0.000 0.000 0.000 0.000 0.000 0.000 0.000 0.000 0.000 0.000 0.000 0.000 0.000 0.000 0.000 0.000 0.000
57.252 56.993 56.747 57.518 49.318 36.178 0.000 0.000 0.000 0.000 0.000 0.000 0.000 7.358 4.330 17.272 22.162 14.018 22.910 20.810 1.650 2.455 3.338 3.211 15.079 18.965 22.865 15.773 12.693 22.638 0.000 3.485 0.000 0.000 0.000 1.315 27.295 16.280 14.268 16.259 1.243 3.221 0.000 0.000 0.000 0.000 0.000 0.000 0.000 0.000 0.000 0.000 0.000 0.000 0.000 0.000 0.000 0.000 0.000 0.000 0.000 0.000 0.000 0.000 0.000 0.000 0.000 0.000 0.000 0.000 0.000 0.000 0.000 0.000
57.566 57.311 58.064 52.831 34.602 25.390 34.390 0.000 0.000 0.000 0.000 0.000 0.000 4.409 3.368 6.299 2.197 13.059 15.947 18.818 7.673 2.504 2.373 2.216 27.061 32.965 14.871 8.773 8.680 9.605 6.528 6.471 6.417 7.374 10.340 7.313 28.293 20.277 18.266 18.260 0.237 14.211 40.206 0.000 0.000 0.000 0.000 0.000 0.000 0.000 0.000 0.000 0.000 0.000 0.000 0.000 0.000 0.000 0.000 0.000 0.000 0.000 0.000 0.000 0.000 0.000 0.000 0.000 0.000 0.000 0.000 0.000 0.000 0.000
57.875 57.618 54.369 40.139 28.871 0.000 0.000 0.000 0.000 9.173 0.000 0.000 0.000 3.500 4.436 4.346 3.238 3.117 9.000 1.841 1.698 3.523 2.408 1.202 25.036 21.964 29.881 33.768 32.649 27.574 23.509 25.454 21.406 25.366 25.332 26.306 30.286 28.271 29.260 25.254 0.230 12.204 34.202 0.000 0.000 0.000 0.000 0.000 0.000 0.000 0.000 0.000 0.000 0.000 0.000 0.000 0.000 0.000 0.000 0.000 0.000 0.000 0.000 0.000 0.000 0.000 0.000 0.000 0.000 0.000 0.000 0.000 0.000 0.000
58.179 57.917 47.655 29.487 0.000 0.000 0.000 0.000 7.214 10.173 23.097 22.988 10.844 3.654 3.529 4.413 4.290 3.171 2.025 2.849 2.720 2.580 1.381 10.134 29.045 7.973 21.922 0.000 31.575 21.533 20.479 20.431 17.388 22.350 23.318 23.293 30.273 28.259 25.250 25.244 0.221 14.197 33.196 0.000 0.000 0.000 0.000 0.000 0.000 0.000 0.000 0.000 0.000 0.000 0.000 0.000 0.000 0.000 0.000 0.000 0.000 0.000 0.000 0.000 0.000 0.000 0.000 0.000 0.000 0.000 0.000 0.000 0.000 0.000
59.479 52.217 39.846 29.666 0.000 0.000 0.000 0.000 4.255 21.210 15.130 4.022 5.891 5.744 3.613 2.485 4.340 3.201 4.047 3.893 3.748 2.568 2.331 22.140 22.039 21.961 21.913 0.000 3.543 1.492 2.442 2.404 3.364 7.327 10.297 8.273 28.255 22.243 16.236 18.229 1.210 13.192 32.189 0.000 0.000 0.000 0.000 0.000 0.000 0.000 0.000 0.000 0.000 0.000 0.000 0.000 0.000 0.000 0.000 0.000 0.000 0.000 0.000 0.000 0.000 0.000 0.000 0.000 0.000 0.000 0.000 0.000 0.000 0.000
58.781 44.626 0.000 0.000 0.000 0.000 0.000 0.000 20.341 15.280 5.190 6.080 5.954 5.820 5.687 3.556 2.408 2.248 4.070 2.927 2.789 1.558 3.266 18.123 9.009 17.918 18.855 0.000 0.000 17.440 16.414 16.378 16.335 18.299 18.270 19.248 31.232 27.223 22.221 24.217 0.195 9.179 37.179 0.000 0.000 0.000 0.000 0.000 0.000 0.000 0.000 0.000 0.000 0.000 0.000 0.000 0.000 0.000 0.000 0.000 0.000 0.000 0.000 0.000 0.000 0.000 0.000 0.000 0.000 0.000 0.000 0.000 0.000 0.000
52.003 34.881 0.000 0.000 0.000 0.000 0.000 27.619 21.488 5.381 6.271 6.153 6.026 5.893 5.758 5.622 2.470 3.287 3.122 2.956 3.781 2.535 2.267 5.078 9.954 21.848 8.735 20.591 25.497 18.436 27.397 17.358 18.301 21.265 20.237 19.216 29.202 25.196 13.206 12.203 1.168 8.166 37.168 0.000 0.000 0.000 0.000 0.000 0.000 0.000 0.000 0.000 0.000 0.000 0.000 0.000 0.000 0.000 0.000 0.000 0.000 0.000 0.000 0.000 0.000 0.000 0.000 0.000 0.000 0.000 0.000 0.000 0.000 0.000
38.115 28.015 0.000 0.000 0.000 6.012 19.919 20.751 14.610 9.484 6.361 6.234 6.104 5.969 4.831 7.687 12.531 8.357 3.177 3.996 2.784 2.498 2.218 2.039 8.883 9.786 7.644 14.541 13.464 8.411 20.378 0.322 8.247 15.221 14.197 8.177 27.163 20.155 0.161 0.000 2.128 4.151 8.160 0.000 0.000 0.000 0.000 0.000 0.000 0.000 0.000 0.000 0.000 0.000 0.000 0.000 0.000 0.000 0.000 0.000 0.000 0.000 0.000 0.000 0.000 0.000 0.000 0.000 0.000 0.000 0.000 0.000 0.000 0.000
17.082 35.048 0.000 0.000 8.205 18.106 31.993 15.855 14.718 14.584 7.453 6.320 6.186 6.049 12.910 20.765 21.609 13.434 8.233 3.051 1.794 2.424 6.046 2.971 1.778 0.636 6.516 7.463 6.409 7.364 9.331 2.254 8.215 13.176 15.153 11.132 27.117 21.105 3.085 2.076 2.087 0.000 0.000 0.000 0.000 0.000 0.000 0.000 0.000 0.000 0.000 0.000 0.000 0.000 0.000 0.000 0.000 0.000 0.000 0.000 0.000 0.000 0.000 0.000 0.000 0.000 0.000 0.000 0.000 0.000 0.000 0.000 0.000 0.000
0.000 0.000 0.000 0.000 11.304 31.213 23.094 25.959 22.821 12.683 5.546 6.408 6.270 17.132 21.994 17.854 12.707 9.535 12.269 7.040 6.800 2.425 6.828 0.589 1.170 2.100 1.131 1.118 1.122 1.119 0.167 1.093 1.097 5.116 11.107 10.082 28.069 22.062 1.058 2.056 2.056 1.041 0.000 0.000 0.000 0.000 0.000 0.000 0.000 0.000 0.000 0.000 0.000 0.000 0.000 0.000 0.000 0.000 0.000 0.000 0.000 0.000 0.000 0.000 0.000 0.000 0.000 0.000 0.000 0.000 0.000 0.000 0.000 0.000
0.000 0.000 0.000 12.668 28.493 21.349 13.209 21.067 24.925 25.782 15.640 4.497 14.355 23.215 13.080 4.950 4.830 6.732 0.000 0.000 0.000 0.000 1.628 1.943 1.901 0.513 0.546 1.076 0.577 0.606 0.578 1.802 0.850 0.874 0.950 4.022 21.015 20.015 2.027 2.036 2.032 3.025 4.025 0.000 0.000 0.000 0.000 0.000 0.000 0.000 0.000 0.000 0.000 0.000 0.000 0.000 0.000 0.000 0.000 0.000 0.000 0.000 0.000 0.000 0.000 0.000 0.000 0.000 0.000 0.000 0.000 0.000 0.000 0.000
0.000 0.000 12.060 21.844 28.651 12.482 15.327 13.176 11.028 18.881 23.733 18.585 22.437 11.294 5.159 6.038 5.930 13.831 0.000 0.000 0.000 0.000 1.528 11.971 12.867 7.731 3.669 5.655 1.647 0.865 0.402 0.352 0.379 1.033 0.663 0.789 3.953 12.956 1.003 1.017 2.011 0.992 0.000 0.000 0.000 0.000 0.000 0.000 0.000 0.000 0.000 0.000 0.000 0.000 0.000 0.000 0.000 0.000 0.000 0.000 0.000 0.000 0.000 0.000 0.000 0.000 0.000 0.000 0.000 0.000 0.000 0.000 0.000 0.000
15.246 16.716 15.276 29.998 14.784 8.603 10.438 9.283 6.131 4.980 19.828 26.672 29.516 17.364 7.225 4.112 12.021 0.000 0.000 0.000 0.000 0.000 4.792 11.767 12.697 12.622 14.580 22.528 20.411 16.261 14.098 9.942 3.825 0.634 0.228 0.901 0.582 5.884 0.000 0.001 0.960 2.901 23.887 0.000 0.000 0.000 0.000 0.000 0.000 0.000 0.000 0.000 0.000 0.000 0.000 0.000 0.000 0.000 0.000 0.000 0.000 0.000 0.000 0.000 0.000 0.000 0.000 0.000 0.000 0.000 0.000 0.000 0.000 0.000
14.938 7.626 26.329 26.087 20.884 11.706 5.542 6.386 7.234 18.081 20.924 12.761 15.591 24.420 25.267 15.163 0.000 0.000 0.000 0.000 1.365 5.831 9.699 8.609 9.534 9.481 7.505 14.467 15.370 15.233 16.071 12.884 11.640 12.232 3.028 0.437 0.834 0.357 1.302 0.317 0.000 1.878 16.874 0.000 0.000 0.000 0.000 0.000 0.000 0.000 0.000 0.000 0.000 0.000 0.000 0.000 0.000 0.000 0.000 0.000 0.000 0.000 0.000 0.000 0.000 0.000 0.000 0.000 0.000 0.000 0.000 0.000 0.000 0.000
8.668 18.520 28.329 19.138 18.960 20.794 18.637 9.486 15.337 24.186 13.028 5.857 4.667 10.459 20.261 27.109 0.000 0.000 7.461 7.266 1.280 6.822 11.566 12.440 8.353 8.263 0.326 0.000 0.000 0.000 0.000 0.000 0.314 13.980 12.725 11.500 6.409 0.235 0.133 1.332 0.532 0.756 1.857 0.000 0.000 0.000 0.000 0.000 0.000 0.000 0.000 0.000 0.000 0.000 0.000 0.000 0.000 0.000 0.000 0.000 0.000 0.000 0.000 0.000 0.000 0.000 0.000 0.000 0.000 0.000 0.000 0.000 0.000 0.000
11.546 30.459 21.327 18.177 18.024 18.874 17.728 19.584 24.442 13.298 7.145 6.971 6.760 5.488 6.208 11.905 28.498 26.104 4.656 3.339 1.530 0.732 10.303 8.233 19.179 6.954 0.128 0.000 0.000 0.000 0.991 8.982 4.981 0.000 5.454 15.339 12.231 11.074 1.959 0.134 0.368 1.623 0.000 0.000 0.000 0.000 0.000 0.000 0.000 0.000 0.000 0.000 0.000 0.000 0.000 0.000 0.000 0.000 0.000 0.000 0.000 0.000 0.000 0.000 0.000 0.000 0.000 0.000 0.000 0.000 0.000 0.000 0.000 0.000
25.510 21.445 10.342 15.219 20.086 14.951 20.815 26.680 18.550 6.420 5.282 7.124 6.912 10.527 11.179 4.803 15.485 11.158 7.721 4.350 0.547 3.049 7.050 9.012 0.035 26.422 13.892 3.672 0.000 1.055 20.006 29.983 22.971 0.055 2.210 5.172 9.104 13.988 11.787 7.672 0.207 0.000 0.000 5.942 0.000 0.000 0.000 0.000 0.000 0.000 0.000 0.000 0.000 0.000 0.000 0.000 0.000 0.000 0.000 0.000 0.000 0.000 0.000 0.000 0.000 0.000 0.000 0.000 0.000 0.000 0.000 0.000 0.000 0.000
27.535 12.468 7.378 9.269 11.151 22.028 25.902 36.770 35.657 28.549 17.440 6.331 9.238 0.000 0.000 3.643 9.483 6.320 0.000 1.541 2.240 17.930 16.837 19.756 0.000 0.000 30.582 24.455 10.251 16.111 34.022 33.975 31.952 0.955 7.028 7.039 9.027 0.000 5.618 11.543 10.343 9.178 22.015 30.945 0.000 0.000 0.000 0.000 0.000 0.000 17.044 0.000 0.000 0.000 0.000 0.000 0.000 0.000 0.000 0.000 0.000 0.000 0.000 0.000 0.000 0.000 0.000 0.000 0.000 0.000 0.000 0.000 0.000 0.000
18.583 7.516 7.431 7.331 20.220 18.108 34.995 49.842 46.761 43.679 38.597 29.523 20.472 0.000 0.000 0.000 0.000 8.320 0.000 0.000 0.000 11.604 10.615 25.422 0.000 0.000 30.403 35.315 31.190 30.081 32.999 32.944 33.911 12.894 4.928 6.931 6.941 0.000 5.525 0.000 18.302 0.000 27.926 49.880 20.823 0.000 0.000 0.000 0.000 0.000 53.047 6.040 8.032 8.025 4.020 5.017 0.000 0.000 0.000 0.000 0.000 0.000 0.000 0.000 0.000 0.000 0.000 0.000 0.000 0.000 0.000 0.000 0.000 0.000
16.654 14.583 9.501 21.403 15.289 28.191 6.126 0.000 26.866 45.810 44.746 45.690 28.656 0.000 0.000 0.000 0.000 14.320 0.000 0.000 0.000 5.270 0.307 26.896 37.600 37.416 33.314 33.217 33.116 34.025 32.951 32.895 32.856 26.830 1.824 3.817 1.819 0.000 7.435 8.348 11.263 0.000 12.885 48.829 18.768 36.697 0.000 0.000 0.000 51.084 39.059 11.044 5.034 7.028 1.020 0.000 0.000 0.000 0.000 0.000 0.000 0.000 0.000 0.000 0.000 0.000 0.000 0.000 0.000 0.000 0.000 0.000 0.000 0.000
18.732 14.662 21.586 18.493 21.341 45.242 32.193 15.146 36.026 44.950 43.887 42.836 22.805 0.000 0.000 0.000 0.000 0.000 0.000 0.000 0.000 4.936 15.751 31.664 33.489 33.337 33.222 33.124 33.035 32.955 32.888 32.833 32.788 32.750 18.712 8.696 1.686 0.000 0.000 0.000 3.142 22.039 7.902 42.786 28.726 35.628 42.463 28.355 33.231 42.111 18.066 19.046 5.035 4.030 0.000 0.000 0.000 0.000 0.000 0.000 0.000 0.000 0.000 0.000 0.000 0.000 0.000 0.000 0.000 0.000 0.000 0.000 0.000 0.000
10.812 22.749 19.688 19.640 0.000 0.000 24.260 50.218 45.144 44.076 46.015 27.964 13.923 0.000 0.000 0.000 0.000 0.000 0.000 0.000 1.787 18.790 30.648 33.522 33.359 33.223 33.115 33.024 32.946 32.876 32.816 32.763 32.717 32.673 33.628 27.573 19.475 11.356 9.263 12.186 3.126 20.075 0.000 40.690 0.000 0.000 29.410 1.381 0.000 48.065 12.051 16.040 14.034 0.000 0.000 0.000 0.000 0.000 0.000 0.000 0.000 0.000 0.000 0.000 0.000 0.000 0.000 0.000 0.000 0.000 0.000 0.000 0.000 0.000
20.892 20.832 15.778 35.740 0.000 0.000 38.369 45.321 44.257 44.194 44.136 20.079 20.001 31.001 0.000 0.000 0.000 0.000 0.000 0.000 0.000 0.000 27.533 39.419 34.206 33.083 32.992 32.916 32.850 32.791 32.738 32.690 32.645 32.602 32.554 33.498 34.422 31.334 31.249 34.171 14.106 20.063 0.000 34.597 0.000 0.000 25.381 0.000 5.025 39.037 20.036 12.033 16.031 0.000 0.000 0.000 0.000 0.000 0.000 0.000 0.000 0.000 0.000 0.000 0.000 0.000 0.000 0.000 0.000 0.000 0.000 0.000 0.000 0.000
21.969 9.909 20.853 41.803 34.756 40.667 46.525 44.440 44.370 44.307 41.254 25.217 0.000 0.000 0.000 0.000 0.000 0.000 0.000 0.000 0.000 0.000 0.000 0.000 24.964 33.914 32.857 32.802 32.750 32.702 32.657 32.615 32.576 34.536 33.493 33.444 32.384 34.312 33.230 33.146 23.065 21.010 0.000 9.506 39.418 18.370 26.354 0.000 23.017 17.023 20.028 8.028 2.028 0.000 0.000 0.000 0.000 0.000 0.000 0.000 0.000 0.000 0.000 0.000 0.000 0.000 0.000 0.000 0.000 0.000 0.000 0.000 0.000 0.000
11.043 6.981 21.921 40.862 46.800 45.720 44.625 44.545 44.475 45.412 36.357 29.318 0.000 0.000 0.000 0.000 0.000 0.000 0.000 0.000 0.000 0.000 0.000 0.698 27.775 33.755 32.722 32.686 32.648 32.611 32.576 32.542 34.509 34.475 34.441 26.403 31.359 34.303 37.217 35.120 29.001 24.906 12.787 0.000 44.381 27.340 29.314 0.000 40.005 4.013 0.000 2.025 0.000 0.000 0.000 0.000 0.000 0.000 0.000 0.000 0.000 0.000 0.000 0.000 0.000 0.000 0.000 0.000 0.000 0.000 0.000 0.000 0.000 0.000
8.115 6.051 22.988 42.926 44.860 44.788 44.711 44.639 44.573 46.509 25.443 23.380 0.000 0.000 0.000 0.000 0.000 0.000 0.000 0.000 0.000 0.000 0.000 14.628 33.620 32.611 32.594 32.573 32.548 32.522 34.496 33.470 33.444 33.419 27.394 5.371 21.351 31.326 0.000 0.000 6.914 13.829 22.670 9.510 30.388 48.300 33.249 0.077 41.990 0.000 0.000 0.000 0.000 0.000 0.000 0.000 0.000 0.000 0.000 0.000 0.000 0.000 0.000 0.000 0.000 0.000 0.000 0.000 0.000 0.000 0.000 0.000 0.000 0.000
13.185 18.120 33.056 44.992 44.927 44.860 44.792 44.728 44.668 45.608 32.525 0.000 0.000 0.000 0.000 0.000 0.000 0.000 0.000 0.000 0.000 0.000 0.000 0.000 24.471 31.476 32.474 32.466 32.452 32.436 34.418 32.400 32.382 32.364 16.349 12.337 0.000 0.000 0.000 0.000 0.000 0.000 20.558 6.476 11.362 54.225 37.140 16.033 25.977 0.000 20.750 0.000 0.000 0.000 0.000 0.000 0.000 0.000 0.000 0.000 0.000 0.000 0.000 0.000 0.000 0.000 0.000 0.000 0.000 0.000 0.000 0.000 0.000 0.000
15.254 34.188 45.124 45.060 44.996 44.932 44.871 44.813 44.764 50.730 0.000 0.000 0.000 0.000 0.000 0.000 0.000 10.942 0.000 12.952 8.953 0.000 0.000 11.239 18.318 29.351 32.363 32.366 32.362 33.354 32.344 32.332 32.321 28.310 17.301 22.295 0.000 0.000 0.000 0.000 0.933 0.238 18.530 0.000 0.000 44.101 43.054 34.984 20.911 20.816 9.753 4.722 0.000 0.000 0.000 0.000 0.000 0.000 0.000 0.000 0.000 0.000 0.000 0.000 0.000 0.000 0.000 0.000 0.000 0.000 0.000 0.000 0.000 0.000
22.321 42.255 46.191 45.128 45.065 45.004 44.944 44.890 44.845 51.818 0.000 0.000 0.000 0.000 0.000 0.000 0.000 7.945 7.948 6.953 9.957 0.000 2.105 10.163 10.215 27.247 33.266 32.274 32.277 32.276 32.272 32.268 33.263 25.258 21.253 15.250 0.000 0.000 0.000 0.000 0.000 0.393 19.517 0.000 0.000 31.026 47.996 44.941 25.869 4.786 3.726 4.693 0.000 0.000 0.000 0.000 0.000 0.000 0.000 0.000 0.000 0.000 0.000 0.000 0.000 0.000 0.000 0.000 0.000 0.000 0.000 0.000 0.000 0.000
30.386 46.321 45.258 45.195 45.134 45.073 45.014 44.958 46.908 44.880 0.000 0.000 0.000 0.000 0.000 0.000 0.000 12.946 18.949 23.956 14.968 13.998 8.050 4.095 15.133 29.161 32.180 32.192 35.199 33.203 32.205 32.206 32.207 27.207 19.206 14.204 0.000 0.000 0.000 0.000 0.000 0.000 11.515 0.000 0.000 25.985 56.963 37.920 16.841 7.737 9.676 7.634 2.592 0.000 0.000 0.000 0.000 0.000 0.000 0.000 0.000 0.000 0.000 0.000 0.000 0.000 0.000 0.000 0.000 0.000 0.000 0.000 0.000 0.000
38.450 46.386 45.324 45.263 45.201 45.139 45.079 46.022 43.948 31.914 15.913 0.000 0.000 0.000 0.000 0.000 0.000 13.947 22.950 22.956 26.964 28.978 12.005 11.035 26.063 32.086 32.103 32.117 33.127 32.134 32.141 32.147 32.153 30.159 18.162 19.159 13.142 0.000 0.000 0.000 0.000 0.000 0.000 0.000 0.000 35.969 23.955 29.936 0.000 19.647 13.611 6.578 6.553 0.000 0.000 0.000 0.000 0.000 0.000 0.000 0.000 0.000 0.000 0.000 0.000 0.000 0.000 0.000 0.000 0.000 0.000 0.000 0.000 0.000
