results3_8e3_rain/res_3e8f-0136.wd
ncols         241
nrows         181
xllcorner     12693529.787448
yllcorner     3542525.717860
cellsize      155.156523
NODATA_value  -9999.000000
[rows 0 to 32 of 181, columns 146 to 218 of 241]
0.000 0.000 0.000 0.000 0.000 0.000 0.000 0.000 0.000 0.000 0.000 0.000 0.000 0.000 5.106 15.974 16.758 16.491 16.193 15.883 15.578 15.291 15.035 14.817 14.639 14.500 14.398 14.327 14.281 14.257 14.246 19.242 0.000 0.000 0.000 0.000 0.000 0.000 0.000 0.000 0.000 0.000 0.000 0.000 0.000 0.000 0.000 0.000 0.000 14.798 21.798 0.000 0.000 40.048 45.048 0.000 0.000 0.000 0.000 0.000 0.000 0.000 0.000 0.000 0.000 0.000 0.000 0.000 0.000 0.000 0.000 0.000 0.000
0.000 0.000 0.000 0.000 0.000 0.000 0.000 0.000 0.000 0.000 0.000 0.000 0.000 0.676 16.237 17.059 16.810 16.520 16.205 15.879 15.559 15.261 16.998 15.777 14.600 14.464 14.366 14.301 14.261 14.243 14.239 19.238 0.000 0.000 0.000 0.000 0.000 0.000 0.000 0.000 0.000 0.000 0.000 0.000 0.000 0.000 0.000 0.000 11.799 33.798 9.798 0.000 19.049 52.048 46.048 0.000 0.000 0.000 0.000 0.000 0.000 0.000 0.000 0.000 0.000 0.000 0.000 0.000 31.008 0.000 0.000 0.000 0.000
0.000 0.000 0.000 0.000 0.000 0.000 0.000 0.000 0.000 0.000 0.000 0.000 0.000 19.867 18.523 17.214 16.903 16.576 16.228 15.868 15.517 17.196 16.919 14.693 14.518 14.391 14.303 14.248 14.220 14.214 16.229 10.233 0.000 0.000 0.000 0.000 0.000 0.000 0.000 0.000 0.000 0.000 0.000 0.000 0.000 0.000 0.000 0.000 23.799 0.000 0.000 14.049 45.049 7.049 0.000 0.000 0.000 0.000 0.000 0.000 0.000 0.000 0.000 0.000 0.000 0.000 0.000 0.000 34.008 6.008 0.000 0.000 0.000
0.000 0.000 0.000 0.000 0.000 0.000 0.000 0.000 0.000 0.000 0.000 0.000 2.687 19.236 17.772 17.373 17.013 16.652 16.262 15.850 16.446 16.086 14.788 14.558 14.391 14.277 14.206 14.169 14.158 20.164 0.000 0.000 0.000 0.000 0.000 0.000 0.000 0.000 0.000 0.000 0.000 0.000 0.000 8.801 0.000 0.000 0.000 7.801 67.800 0.000 0.000 20.050 47.050 0.000 0.000 0.000 0.000 0.000 0.000 0.000 0.000 0.000 6.020 12.020 31.020 0.000 0.000 24.009 33.009 34.009 6.008 0.000 0.000
0.000 0.000 0.000 0.000 0.000 0.000 0.000 0.000 0.000 0.000 0.000 8.049 1.271 2.612 17.957 17.492 17.123 16.757 16.318 15.823 16.333 15.913 14.589 14.360 14.209 14.120 14.076 14.065 15.077 16.121 0.000 0.000 0.000 0.000 0.000 0.000 0.000 0.000 0.000 0.000 0.000 0.000 9.801 32.802 27.802 0.000 0.000 23.801 51.801 0.000 0.000 0.000 47.052 2.053 0.000 0.000 0.000 0.000 0.000 0.000 0.000 0.000 46.021 50.020 52.020 0.000 0.000 37.010 32.009 32.009 42.008 0.000 0.000
0.000 0.000 0.000 0.000 0.000 0.000 0.000 0.000 0.000 0.000 10.720 3.350 1.743 1.209 1.261 15.514 17.229 16.937 16.431 17.790 17.150 14.643 14.296 14.083 13.967 13.918 13.914 13.936 19.965 0.000 0.000 0.000 0.000 0.000 0.000 0.000 0.000 0.000 0.000 0.000 0.000 0.000 0.000 12.802 33.802 25.803 23.803 5.802 36.802 9.802 0.000 0.000 32.054 45.054 36.055 34.055 43.055 0.000 0.000 0.000 0.000 0.000 46.022 48.021 53.019 32.017 21.014 38.011 41.010 0.000 0.000 0.000 5.978
0.000 0.000 0.000 0.000 0.000 0.000 0.000 0.000 0.000 0.000 7.091 3.821 3.473 2.988 0.369 0.553 10.343 18.329 17.680 17.755 14.833 14.213 13.870 13.709 13.657 13.672 13.725 13.801 8.883 0.000 0.000 0.000 0.000 0.000 29.820 62.820 0.000 0.000 2.820 43.820 0.000 0.000 0.000 9.802 33.803 46.803 81.803 43.803 44.803 15.802 0.000 0.000 29.055 48.056 33.056 29.056 46.055 0.000 0.000 0.000 0.000 0.000 33.024 39.022 35.020 35.017 39.014 42.012 50.010 0.000 0.000 0.000 28.978
0.000 0.000 0.000 0.000 0.000 0.000 0.000 0.000 0.000 30.244 30.731 7.343 2.974 3.233 2.916 0.724 0.332 5.355 18.206 15.718 14.215 13.507 13.261 13.226 13.282 13.385 14.516 11.658 0.000 0.000 0.000 0.000 0.000 0.000 4.820 50.820 57.820 39.820 31.820 3.820 0.000 0.000 0.000 0.000 0.000 7.805 74.805 53.805 0.804 0.000 0.000 0.000 0.000 41.058 56.058 54.057 56.055 48.053 40.049 43.045 42.041 51.035 55.029 52.025 53.021 53.017 48.014 43.011 40.009 0.000 0.000 0.000 0.000
0.000 0.000 0.000 0.000 0.000 0.000 0.000 0.000 24.278 41.756 43.246 32.790 9.412 1.845 2.909 0.757 2.551 7.489 6.071 15.695 12.804 12.337 12.442 12.652 12.858 14.072 14.294 0.000 0.000 0.000 0.000 0.000 0.000 0.000 0.000 2.820 48.821 58.821 63.821 2.820 0.000 0.000 0.000 0.000 0.000 3.807 46.806 38.806 43.806 10.806 0.000 0.000 25.063 53.061 38.060 32.058 39.056 51.054 39.050 38.046 47.042 56.037 43.031 39.027 42.022 48.018 54.014 56.010 54.005 39.999 30.993 13.989 22.984
0.000 0.000 0.000 0.000 0.000 0.000 0.000 20.336 29.800 45.257 42.708 43.160 35.611 12.069 1.027 4.523 14.004 6.291 2.125 2.884 5.968 10.594 11.519 12.080 12.428 17.750 0.000 0.000 0.000 0.000 0.000 0.000 2.825 0.825 0.000 0.000 15.822 61.822 14.821 0.000 0.000 0.000 0.000 0.000 0.000 42.809 52.808 28.807 44.807 64.807 4.807 0.000 31.065 55.064 34.062 28.061 31.058 44.056 33.052 33.048 35.043 37.038 34.033 35.028 29.023 33.019 39.014 40.009 38.004 46.998 48.993 51.988 59.984
0.000 0.000 0.000 0.000 0.000 0.000 25.400 23.872 47.329 43.764 43.169 42.530 42.803 37.873 20.369 12.106 7.743 0.000 0.013 4.229 2.161 3.182 10.958 11.722 17.025 0.000 0.000 0.000 0.000 0.000 0.000 0.000 39.826 0.000 0.000 0.000 22.823 62.823 1.822 0.000 0.000 0.000 0.000 0.000 37.816 81.813 14.810 17.808 39.807 66.807 6.807 0.000 28.068 53.067 33.066 26.064 29.061 31.058 27.055 26.050 33.046 49.041 32.035 28.030 42.025 38.020 35.014 42.009 42.003 44.998 53.992 57.987 44.983
0.000 0.000 0.000 0.000 0.000 29.393 17.927 46.423 44.881 44.300 43.675 42.987 42.200 42.252 39.068 24.793 4.155 0.129 0.019 45.782 4.362 0.050 0.064 13.824 9.925 0.000 0.000 0.000 0.000 0.000 0.000 0.000 35.826 30.826 39.826 51.826 55.825 45.824 0.000 0.000 0.824 36.825 51.824 56.822 80.819 36.817 0.000 0.000 41.808 29.807 0.000 0.000 31.072 58.071 45.069 29.067 77.065 105.062 54.058 30.053 46.049 93.043 45.038 22.032 87.026 60.021 35.015 42.009 44.003 33.997 42.992 55.986 38.981
0.000 0.000 0.000 0.000 0.000 18.858 40.494 47.012 45.470 44.882 44.243 43.542 42.758 41.865 41.868 40.801 30.009 4.707 50.399 47.479 0.225 0.094 0.033 0.036 0.000 0.000 0.000 0.000 0.000 0.000 0.825 34.826 30.826 35.827 49.827 59.827 43.826 30.826 0.000 0.000 0.000 45.826 44.825 40.823 79.821 39.820 0.000 0.000 20.808 12.808 0.000 24.080 52.077 54.076 48.074 36.072 35.069 68.066 109.062 47.057 40.052 97.046 48.040 22.034 94.028 64.022 27.016 29.009 35.003 25.997 39.991 38.985 26.980
0.000 0.000 0.000 0.000 23.312 33.687 49.179 46.660 46.106 45.513 44.874 44.181 43.421 42.598 41.654 40.923 39.790 52.148 51.816 0.728 0.313 9.423 0.000 0.000 0.000 0.000 0.000 0.000 0.000 50.823 53.825 35.826 34.827 49.828 59.828 45.828 28.827 30.827 30.829 28.831 26.830 38.828 41.827 51.825 91.823 25.822 0.000 0.000 57.809 7.809 0.000 21.083 51.082 51.081 38.079 30.077 26.075 36.071 33.067 73.062 104.056 121.050 102.044 91.037 117.030 111.023 102.016 48.010 28.003 44.997 39.991 28.984 23.979
0.000 0.000 0.000 24.449 33.936 51.400 47.877 47.342 46.782 46.190 45.559 44.883 44.169 43.343 42.810 40.462 52.175 52.175 36.348 18.697 5.873 0.000 0.000 0.000 0.000 0.000 0.000 0.000 36.821 3.822 0.000 14.827 52.828 56.829 48.830 33.831 0.000 0.000 0.000 32.833 28.832 38.830 37.828 60.827 57.825 0.000 0.000 0.000 60.810 6.810 0.000 19.087 49.087 61.086 40.085 46.084 69.081 46.077 28.073 52.067 75.061 109.054 75.047 55.040 103.032 93.025 68.018 37.010 23.003 93.997 61.990 33.984 23.978
0.000 0.000 0.000 29.962 49.584 49.100 48.585 48.050 47.491 46.906 47.287 46.645 44.903 44.494 41.937 52.212 52.177 39.893 41.522 39.178 23.154 4.152 0.000 0.000 0.000 0.000 0.000 38.820 7.820 0.000 0.000 0.000 20.829 52.830 30.832 28.836 34.840 0.000 0.000 33.836 31.835 37.833 38.831 60.828 56.827 0.000 0.000 20.813 67.811 3.810 0.000 21.091 52.092 55.092 36.092 36.091 82.089 117.085 66.080 34.074 50.067 97.059 57.051 24.043 90.035 77.027 35.019 27.011 20.004 100.996 64.989 36.983 37.976
0.000 0.000 30.510 47.853 51.337 49.831 49.313 48.780 48.228 48.651 47.060 46.377 46.054 43.501 52.582 52.332 41.364 42.212 41.237 31.620 12.384 0.000 0.000 0.000 0.000 0.000 0.000 34.820 8.820 0.000 0.000 0.000 0.000 0.000 0.000 33.840 30.845 29.848 31.846 33.842 29.838 37.835 39.833 51.830 47.826 9.821 28.817 61.814 12.813 0.000 0.000 21.096 48.097 54.099 40.100 25.100 27.098 52.094 39.088 21.081 39.073 94.064 50.055 16.046 87.037 72.028 30.020 26.012 22.004 99.996 64.989 36.982 27.975
0.000 29.736 43.166 52.604 51.082 50.572 50.057 49.531 49.986 49.433 47.791 47.520 44.973 53.451 52.964 42.974 43.987 41.876 29.098 0.000 0.000 0.000 0.000 0.000 0.000 0.000 0.000 0.000 8.820 0.000 0.000 0.000 0.000 0.000 0.000 0.000 37.852 47.852 58.850 46.846 35.841 39.838 36.836 41.832 34.826 53.821 71.817 59.814 5.813 0.000 0.000 20.099 46.102 51.106 57.110 55.111 43.109 33.105 46.098 78.090 97.080 118.070 98.060 81.049 115.039 108.030 90.021 50.012 23.004 97.996 69.988 41.981 28.973
26.768 38.305 52.815 52.313 51.815 51.318 50.814 51.297 50.775 49.168 48.934 46.402 54.615 54.010 44.498 45.668 46.624 24.856 0.000 0.000 0.000 0.000 0.000 0.000 0.000 0.000 0.000 0.000 0.000 0.000 0.000 0.000 0.000 0.000 0.000 0.000 35.859 39.858 57.856 16.850 0.000 46.842 37.840 40.835 36.827 24.819 43.815 58.813 45.811 4.810 0.000 0.000 11.107 54.112 56.124 49.126 37.123 46.118 97.110 88.100 69.089 70.077 71.064 71.052 71.041 72.031 74.022 45.013 25.004 96.996 72.988 35.980 29.972
30.230 53.902 53.477 53.018 52.548 52.070 51.581 51.090 50.516 50.316 47.802 55.898 55.248 45.918 47.162 46.182 41.709 1.232 0.000 0.000 0.000 0.000 0.000 0.000 0.000 0.000 0.000 0.000 0.000 0.000 0.000 0.000 0.000 0.000 0.000 0.000 36.868 47.866 31.864 0.000 0.856 43.849 40.846 7.844 0.000 28.814 42.812 57.810 54.810 23.809 0.000 0.000 0.000 0.000 23.148 38.146 22.141 83.133 84.123 33.112 39.098 81.083 52.068 24.055 70.042 60.032 40.022 38.013 29.005 96.996 67.987 24.979 25.972
48.021 55.596 54.173 53.736 53.288 53.829 52.372 51.832 51.671 49.182 57.222 56.556 46.245 48.522 47.544 47.950 17.321 0.000 0.000 0.000 0.000 0.000 0.000 0.000 0.000 0.000 0.000 0.000 0.000 0.000 0.000 0.000 0.000 0.000 0.000 3.884 56.878 54.874 58.871 55.869 51.863 51.856 45.852 4.849 0.000 28.812 41.809 59.807 66.807 29.808 0.000 0.000 0.000 0.000 17.175 30.169 50.160 97.150 60.139 20.125 88.110 89.090 38.072 25.056 46.042 102.031 61.022 29.013 29.005 91.996 109.987 96.976 101.965
57.692 55.288 54.881 54.465 54.036 55.611 53.107 52.991 50.539 58.563 57.889 41.508 45.743 49.826 46.317 23.624 0.000 0.000 0.000 0.000 0.000 0.000 0.000 0.000 0.000 0.000 0.000 0.000 0.000 0.000 0.000 0.000 0.000 0.000 0.000 55.890 54.886 55.882 57.877 56.872 54.867 55.861 48.856 3.853 0.000 29.812 41.806 64.802 37.805 0.000 0.000 0.000 0.000 15.226 45.207 24.194 89.182 83.170 27.156 83.142 96.125 45.096 33.074 36.053 31.040 62.030 101.021 58.013 21.006 91.997 94.988 68.975 10.960
48.348 54.984 55.600 55.202 54.805 54.331 54.257 51.843 59.868 59.239 24.702 29.904 32.818 51.503 35.141 0.000 0.000 0.000 0.000 0.000 0.000 0.000 0.000 45.638 34.638 0.000 0.000 0.000 0.000 0.000 0.000 0.000 0.000 0.000 0.000 32.900 26.896 29.889 33.883 28.877 27.871 26.865 28.859 32.853 26.841 19.818 34.800 13.792 0.000 0.000 0.000 0.000 0.000 17.244 40.233 31.220 32.205 32.190 24.175 45.162 46.152 0.000 0.000 7.044 37.035 30.027 52.020 45.014 27.007 59.999 7.994 0.000 5.949
27.041 42.698 55.331 57.961 55.509 55.464 53.056 60.949 60.450 33.756 0.000 43.221 0.000 55.102 23.622 0.000 0.000 0.000 0.000 0.000 0.000 0.000 0.000 52.639 46.637 0.000 0.000 0.000 0.000 0.000 0.000 0.000 0.000 18.967 0.000 33.915 29.907 29.897 29.889 29.882 29.876 29.869 29.864 31.858 9.853 0.000 4.786 35.772 5.760 0.000 0.000 0.000 18.289 49.275 37.262 36.247 28.228 29.209 29.192 27.178 41.169 1.172 0.000 0.000 8.030 33.024 28.018 41.014 40.011 0.000 0.000 0.000 5.943
18.779 26.433 49.085 53.669 56.636 54.184 61.691 61.361 40.607 16.418 0.000 59.852 57.758 44.191 0.000 0.000 0.000 0.000 0.000 0.000 0.000 0.000 55.648 61.641 32.636 0.000 0.000 0.000 0.000 0.000 0.000 0.000 0.000 35.967 33.957 30.937 29.921 26.904 30.894 30.887 30.880 30.873 30.868 33.863 6.859 0.000 0.000 33.752 33.747 3.741 0.000 0.000 3.304 36.303 29.295 28.278 27.251 27.227 27.208 27.188 28.177 37.175 0.000 0.000 0.000 1.019 34.015 37.013 35.011 0.000 0.000 0.000 29.939
22.538 33.180 37.813 35.721 47.286 62.067 61.926 45.561 24.332 17.839 0.000 39.554 52.232 25.711 0.000 0.000 0.000 0.000 43.711 49.706 41.696 39.675 48.655 41.642 31.629 0.000 0.000 0.000 0.000 0.000 0.000 0.000 0.000 33.978 30.968 29.954 3.937 0.000 35.896 29.891 29.884 29.877 29.871 30.867 4.863 0.000 0.000 34.737 33.736 4.735 0.000 0.000 33.321 29.338 29.335 29.318 28.272 28.241 32.224 0.000 0.000 2.175 0.000 0.000 0.000 0.000 34.012 29.011 29.011 30.010 0.000 1.937 31.937
34.259 47.907 23.633 22.513 62.118 62.118 48.525 35.260 31.605 36.451 0.000 6.578 41.905 0.000 0.000 0.000 0.000 39.721 43.716 45.711 43.707 0.000 0.000 0.000 43.610 27.591 0.000 0.000 0.000 0.000 0.000 0.000 2.013 43.998 40.984 15.972 0.000 0.000 48.904 34.897 30.888 29.879 33.873 10.870 0.000 9.711 47.714 28.723 32.726 4.728 0.000 0.000 0.000 34.392 29.391 33.388 0.396 0.000 0.000 0.000 0.000 0.000 0.000 0.000 0.000 0.000 34.010 29.010 29.010 34.010 0.000 0.000 5.936
54.946 43.539 23.611 19.119 62.069 23.539 29.273 31.511 35.196 53.791 63.259 51.276 0.000 0.000 0.000 0.000 37.732 31.727 37.721 52.716 51.713 0.000 0.000 0.000 0.000 44.573 0.000 0.000 0.000 30.089 0.000 0.000 46.028 45.016 51.000 43.979 8.959 62.939 59.918 57.905 55.892 47.880 28.871 15.871 0.000 23.708 76.709 30.713 31.717 5.722 0.000 0.000 0.000 39.448 25.449 30.455 1.482 0.000 0.000 0.000 0.000 0.000 0.000 0.000 0.000 30.008 32.009 34.009 28.009 33.009 0.000 0.000 2.936
63.513 50.618 32.926 61.606 19.533 21.330 20.508 20.158 29.735 57.282 52.707 23.992 0.000 0.000 36.747 2.744 44.738 36.732 47.726 42.719 21.716 0.000 0.000 0.000 0.000 48.554 24.549 0.000 0.000 26.089 34.089 38.079 40.056 42.038 32.019 28.986 36.959 36.941 56.926 39.912 33.896 31.878 11.862 0.000 0.000 18.705 86.700 42.705 8.708 0.000 0.000 0.000 0.000 52.503 25.503 32.508 4.519 0.000 0.000 0.000 0.000 0.000 0.000 0.000 9.008 32.008 47.008 45.008 38.009 0.000 0.000 0.000 3.936
61.553 59.800 61.115 38.434 26.349 22.503 22.148 20.732 27.329 42.888 38.298 0.000 0.000 0.000 39.750 60.748 55.744 56.738 38.732 0.000 0.000 0.000 0.000 0.000 39.537 30.542 22.543 0.000 0.000 0.000 38.101 42.092 42.077 42.063 26.053 0.000 32.950 33.941 57.932 43.920 37.903 23.873 30.837 45.792 65.748 54.705 78.684 43.697 7.702 0.000 0.000 0.000 0.000 50.557 26.553 27.553 32.557 0.000 0.000 0.000 0.000 0.000 0.000 0.000 0.000 2.008 51.008 48.008 1.008 0.000 0.000 0.000 0.000
59.616 61.037 60.265 59.289 41.444 21.102 21.697 22.320 20.956 23.645 0.000 0.000 0.000 0.000 55.755 45.754 43.750 39.744 0.000 0.000 0.000 0.000 0.000 40.531 31.532 27.534 10.538 0.000 0.000 0.000 38.120 46.111 55.098 54.085 56.076 44.079 0.000 1.941 60.941 44.933 18.925 0.000 33.821 43.792 70.746 32.685 16.633 0.000 0.000 0.000 0.000 0.000 3.642 41.614 28.601 29.596 32.599 5.618 0.000 0.000 0.000 0.000 0.000 0.000 0.000 0.000 8.008 9.008 0.000 0.000 0.000 0.000 0.000
61.038 60.022 62.143 62.315 45.996 22.605 25.243 24.890 22.533 23.090 0.000 35.767 0.000 1.764 49.762 49.761 56.761 0.000 0.000 14.636 2.636 0.000 0.000 35.530 29.527 23.523 0.000 0.000 0.000 0.000 36.150 37.135 39.118 38.102 36.089 28.082 0.000 0.000 62.958 48.948 33.938 0.000 32.835 43.808 67.759 23.658 19.529 2.440 0.000 0.000 0.000 0.000 3.671 48.656 27.641 29.629 29.628 30.636 34.648 6.653 0.000 0.000 0.000 0.000 0.000 0.000 0.000 0.000 0.000 0.000 0.000 0.000 0.000
60.713 62.918 62.117 62.824 36.452 27.107 46.776 40.463 22.196 0.097 0.000 32.767 47.767 52.767 38.768 59.770 51.770 0.000 0.000 28.636 59.636 11.630 0.000 36.533 30.521 27.509 0.000 0.000 44.275 40.243 36.193 38.162 43.137 43.116 41.097 52.077 44.051 4.021 62.985 54.962 54.942 46.915 27.875 45.847 53.825 0.000 22.384 5.352 0.000 0.000 0.000 0.000 13.715 52.697 24.678 26.651 27.646 28.651 33.656 5.657 0.000 0.000 0.000 0.000 0.000 0.000 0.000 0.000 0.000 0.000 0.000 0.000 0.000
