results3_8e3_rain/res_3e8f-0033.wd
ncols         241
nrows         181
xllcorner     12693529.787448
yllcorner     3542525.717860
cellsize      155.156523
NODATA_value  -9999.000000
[rows 66 to 98 of 181, columns 75 to 149 of 241]
0.000 42.997 59.991 58.983 58.975 0.000 30.717 30.722 43.746 39.763 38.761 38.742 37.705 113.647 101.582 0.000 0.000 0.000 35.181 30.169 35.156 38.142 38.126 40.107 41.090 46.073 47.058 48.043 39.025 0.000 0.000 40.799 90.799 72.721 76.590 76.685 74.752 82.729 75.194 75.680 76.427 75.209 74.996 75.800 45.652 0.000 0.000 0.000 0.000 0.000 0.000 0.000 5.506 3.494 3.471 3.437 3.395 3.353 7.304 20.251 17.195 2.136 13.086 22.045 0.987 3.933 9.903 14.874 10.848 4.825 2.813 0.800 15.787 37.782 38.777
0.000 31.142 55.124 54.112 48.113 1.189 0.000 0.000 36.797 49.848 38.857 37.844 38.809 19.728 0.000 0.000 0.000 0.000 0.000 0.000 46.160 44.152 42.139 25.112 28.091 35.071 36.059 41.048 32.036 0.000 0.000 0.000 51.015 68.938 75.890 75.998 83.145 82.945 75.264 75.957 75.676 75.473 75.270 70.089 27.961 0.000 0.000 25.139 0.000 0.000 0.000 11.527 6.527 3.513 3.487 3.452 3.411 3.365 3.316 3.262 10.206 24.148 25.089 8.034 1.981 2.932 3.889 7.855 6.821 2.789 2.776 3.761 22.759 40.753 38.746
44.427 42.306 56.253 49.229 50.227 47.256 0.000 0.000 0.000 51.976 46.974 41.968 43.961 0.000 0.000 0.000 0.000 0.000 0.000 0.000 45.172 41.170 32.166 0.000 0.000 33.064 45.058 44.053 0.000 0.000 0.000 53.488 45.308 49.167 56.269 71.352 83.330 74.993 76.552 76.123 75.940 75.729 73.522 56.324 35.142 41.140 39.140 20.139 0.000 0.000 0.000 0.000 20.564 2.543 3.512 7.474 15.431 5.383 3.331 2.277 6.220 21.161 28.090 20.019 5.975 0.917 2.866 2.836 2.792 2.732 1.742 8.738 29.734 39.726 38.715
42.471 53.403 47.354 40.324 59.311 48.312 0.342 0.000 0.000 44.106 60.096 55.093 55.106 58.164 0.000 0.000 0.000 0.000 0.000 0.000 43.188 34.188 37.190 0.000 0.000 0.000 81.055 108.053 23.053 0.000 52.813 47.670 47.534 47.471 43.582 83.668 83.505 76.036 79.646 76.398 76.195 75.986 67.766 20.545 0.000 43.140 21.140 0.000 0.000 0.000 8.701 7.675 6.622 2.584 6.545 18.502 23.455 21.404 14.350 4.293 13.236 21.186 0.103 5.977 18.942 15.895 11.859 19.833 0.711 2.605 0.549 13.717 36.712 40.704 41.690
54.528 46.479 38.437 38.404 51.380 59.368 55.377 58.368 60.329 55.246 50.214 52.202 41.206 40.222 0.000 0.000 0.000 0.000 48.210 47.209 35.204 37.206 38.216 42.239 41.256 0.000 0.000 0.000 0.000 0.000 58.957 51.845 46.720 47.846 45.924 83.815 45.644 53.238 67.839 75.665 76.456 74.254 33.010 0.000 0.000 0.000 0.000 0.000 0.000 9.745 3.727 3.702 3.665 4.625 14.582 23.535 22.483 22.428 18.370 14.311 24.245 7.164 2.037 2.969 2.921 12.876 25.841 12.823 0.495 0.850 4.863 0.000 0.484 10.687 0.000
45.588 38.549 39.512 39.476 41.438 25.402 51.400 49.397 41.375 38.336 37.310 53.297 55.295 42.298 0.000 0.000 0.000 48.212 44.212 41.212 34.213 38.218 38.229 38.247 38.272 0.542 4.282 5.372 7.462 75.413 72.215 60.996 60.016 49.056 84.069 83.949 47.695 54.348 49.128 55.936 74.713 49.565 0.000 0.000 0.000 0.000 0.000 0.000 0.000 9.763 3.760 3.742 3.711 4.670 13.624 23.571 22.514 21.455 18.394 23.334 17.270 1.133 3.006 2.951 2.898 12.849 20.806 0.000 0.615 2.849 21.750 38.541 17.573 0.000 0.000
38.650 39.618 39.587 40.552 21.494 0.000 8.423 36.448 39.437 39.413 39.394 37.383 61.378 45.377 0.000 0.000 0.000 25.213 42.214 36.216 37.219 38.224 38.234 38.249 38.270 49.296 0.000 0.000 14.602 67.562 77.487 0.000 81.190 71.426 84.171 46.259 59.908 56.555 46.430 43.238 39.893 24.729 0.000 0.000 0.559 0.000 0.000 0.000 0.000 5.785 3.807 3.796 3.765 3.722 4.671 10.613 18.549 18.483 18.417 22.362 0.257 3.061 3.000 1.931 7.870 24.816 7.728 1.002 2.605 0.000 0.000 14.302 0.000 0.000 44.494
39.713 39.688 39.665 42.649 0.000 0.000 0.000 34.533 39.513 41.485 39.472 38.463 56.458 52.456 0.000 0.000 0.000 0.000 33.217 36.219 38.222 38.227 38.235 38.247 40.261 26.278 0.000 0.000 64.783 67.745 78.688 84.617 78.633 76.652 84.255 67.307 70.014 54.859 47.767 40.695 0.000 0.000 0.000 0.000 0.101 0.000 0.000 0.000 0.000 0.000 6.889 3.869 3.832 3.783 3.725 3.659 3.587 10.510 18.428 6.339 3.221 3.095 2.992 5.905 18.845 18.816 0.495 1.141 3.522 0.000 0.000 41.065 30.962 36.920 0.000
39.776 39.755 39.738 39.732 43.751 44.742 44.709 40.640 40.599 20.543 37.545 38.540 54.535 53.532 0.000 0.000 0.000 0.000 32.219 38.221 38.223 38.228 38.234 38.241 26.251 0.000 0.000 0.000 70.001 75.949 78.874 78.836 77.892 84.364 76.784 79.507 74.198 59.142 49.084 48.080 48.214 0.000 0.000 0.000 0.087 7.224 0.223 0.000 0.000 0.000 21.990 2.959 3.912 3.854 3.787 4.712 3.631 3.543 3.448 3.344 3.228 3.107 1.966 7.854 22.789 0.000 1.397 1.080 2.304 0.000 0.000 42.934 34.902 39.882 0.000
39.838 39.819 39.802 39.788 39.781 39.767 39.746 39.718 43.700 0.000 30.625 39.619 55.611 50.607 0.000 0.000 0.000 0.000 37.220 40.222 40.224 40.227 38.231 41.234 0.000 0.000 0.000 62.423 68.272 79.177 79.063 79.176 77.216 84.572 77.920 82.568 78.461 79.396 67.348 55.329 44.349 39.348 41.348 0.000 0.000 6.226 1.228 7.228 8.226 6.206 12.123 22.064 4.002 4.933 13.857 20.772 2.680 3.582 3.476 3.363 3.241 2.089 6.921 25.797 19.668 8.506 0.938 1.016 1.683 15.876 33.823 34.837 34.833 34.825 32.810
39.902 39.883 39.862 39.838 39.818 42.800 40.789 39.787 43.784 0.000 30.712 39.699 56.685 48.678 0.000 0.000 0.000 0.000 10.221 20.222 19.224 19.227 40.229 25.232 0.000 0.000 0.000 64.575 74.488 79.393 79.352 78.456 85.255 84.936 78.988 79.833 78.692 78.636 79.582 70.539 35.503 0.000 0.000 0.000 0.000 4.228 4.230 1.233 3.244 4.269 3.231 10.174 24.101 7.020 4.934 14.840 2.737 3.628 3.513 3.389 3.234 3.063 10.904 23.744 10.581 22.446 0.199 0.231 2.826 23.784 35.758 34.760 34.770 34.778 33.783
39.969 39.951 39.924 42.885 44.855 16.826 37.824 40.858 42.864 2.869 33.813 38.779 50.754 48.741 0.000 0.000 0.000 0.000 0.000 0.000 0.000 0.000 21.229 0.000 0.000 0.000 12.955 62.814 79.712 79.595 79.714 77.802 85.539 77.577 83.283 78.978 78.932 78.866 78.807 68.741 29.622 0.000 0.000 0.000 0.000 0.000 7.230 8.231 0.000 3.393 4.361 4.298 8.207 24.113 7.020 3.917 3.801 3.680 3.559 3.447 1.251 7.027 25.886 6.696 5.465 19.261 3.031 0.432 4.709 30.679 35.665 34.677 34.712 35.737 37.751
40.042 40.029 42.000 17.925 19.889 0.000 0.000 35.957 39.948 43.930 39.891 42.852 47.812 52.792 0.000 0.000 0.000 0.000 0.000 0.000 0.000 0.000 0.000 0.000 0.000 0.000 72.097 74.015 79.922 79.884 79.007 86.044 85.802 78.641 79.354 79.225 79.155 79.092 78.038 57.998 0.000 0.000 0.000 0.000 0.000 0.000 0.000 0.000 0.000 10.550 7.520 3.453 3.315 5.205 22.115 11.007 2.872 3.731 3.595 2.451 7.252 9.085 7.918 4.689 2.255 1.909 1.418 1.000 12.596 34.559 35.550 37.573 33.664 30.710 32.731
40.121 40.122 45.122 0.000 0.000 6.334 0.000 32.065 41.042 39.011 40.972 52.924 24.853 18.822 0.000 0.000 0.000 0.000 0.000 0.000 0.000 0.000 0.000 0.000 0.000 59.455 64.321 78.226 80.113 80.248 78.350 86.264 78.142 79.815 79.508 79.448 79.373 79.309 71.254 48.216 0.000 0.000 0.000 0.000 0.000 0.000 0.000 0.000 0.000 14.738 9.716 3.679 1.599 4.277 4.229 20.124 12.947 3.778 4.623 2.464 9.282 9.144 6.012 0.000 1.570 1.172 1.503 14.476 33.439 35.414 38.403 30.404 0.000 0.000 0.000
39.202 39.217 42.245 12.316 9.343 41.335 46.291 40.197 38.145 45.102 55.060 58.022 0.000 0.000 0.000 0.000 0.000 0.000 0.000 0.000 0.000 0.000 0.000 0.000 0.000 61.589 69.511 79.419 80.412 79.456 86.668 86.472 79.172 79.874 79.735 79.657 79.583 79.516 61.453 43.396 0.000 0.000 0.000 0.000 0.000 0.000 0.000 0.000 0.000 12.949 10.927 10.913 7.933 0.813 2.513 3.312 19.016 18.810 15.635 12.472 5.317 4.198 0.707 0.502 0.791 2.378 22.310 34.292 34.272 35.256 34.246 25.239 0.000 0.000 0.000
53.278 51.299 48.327 49.361 49.378 46.372 47.341 49.288 49.239 55.192 57.145 15.083 0.000 0.000 0.000 0.000 0.000 0.000 0.000 0.000 0.000 0.000 0.000 0.107 7.939 62.803 79.705 80.619 80.574 79.808 86.848 78.648 80.320 80.007 79.941 79.860 79.787 77.719 59.645 30.521 0.000 0.000 0.000 0.000 0.000 0.000 0.000 0.000 0.000 3.188 7.129 10.116 11.094 10.086 6.972 2.920 0.000 0.000 0.000 0.000 0.000 0.000 2.192 0.297 1.209 22.102 35.113 34.110 35.103 38.095 34.086 31.067 12.003 0.000 0.000
52.352 54.376 56.401 55.425 54.438 52.434 50.413 50.376 51.331 47.284 47.244 0.000 0.000 0.000 0.000 0.000 0.000 0.000 0.000 0.000 0.000 0.000 0.000 49.168 72.074 70.977 79.892 80.787 80.921 79.033 87.015 80.739 80.342 80.218 80.133 80.056 79.987 75.929 55.888 0.000 0.000 0.000 0.000 0.000 0.000 0.000 0.000 0.000 10.639 5.479 2.404 4.327 9.241 11.233 11.199 12.226 3.343 0.000 0.000 0.000 0.000 0.000 3.128 0.563 14.854 35.908 33.930 33.935 33.935 34.936 33.939 33.941 24.941 0.000 0.000
40.424 47.451 56.477 62.500 50.514 44.515 39.501 37.472 36.427 42.367 21.305 0.000 0.000 0.000 0.000 0.000 0.000 0.000 0.000 0.000 0.000 0.000 0.000 55.264 71.213 79.143 81.066 81.043 80.182 87.306 87.167 82.755 80.560 80.398 80.321 80.243 80.176 75.123 50.090 0.000 0.000 0.000 0.000 0.000 0.000 0.000 0.000 10.927 5.799 5.687 5.618 4.547 1.499 6.407 10.363 11.406 8.460 0.000 0.000 0.000 0.000 0.070 0.024 1.668 29.709 33.748 33.766 33.765 33.767 33.777 33.794 33.820 8.880 0.000 0.000
42.496 47.528 49.558 52.584 42.604 38.612 39.606 39.583 41.539 19.453 0.000 0.000 0.000 0.000 0.000 0.000 0.000 0.000 0.000 0.000 0.000 0.000 0.000 41.410 70.371 80.315 81.227 81.369 79.491 87.433 80.302 81.974 80.655 80.589 80.501 80.422 80.352 71.295 44.261 0.000 0.000 0.000 0.000 0.000 0.000 0.000 10.172 6.054 5.945 5.850 5.780 5.728 5.715 2.658 1.621 4.576 11.630 11.710 0.000 0.000 0.000 0.000 0.016 16.483 33.560 32.611 32.621 33.594 33.593 33.612 33.641 32.665 0.000 0.000 0.000
40.569 41.607 39.643 38.677 39.705 38.723 38.728 38.716 43.694 0.000 0.000 0.000 0.000 0.000 0.000 0.000 0.000 0.000 0.000 0.000 0.000 0.000 0.000 49.594 78.550 81.490 81.478 80.624 87.660 87.551 83.298 80.998 80.853 80.763 80.675 80.592 81.514 61.445 49.397 0.000 0.000 9.845 0.000 9.585 11.532 11.435 6.289 6.174 6.075 5.990 5.922 5.871 5.838 5.809 4.810 1.786 10.774 11.791 4.790 0.000 0.000 4.057 0.000 5.337 11.439 14.516 18.512 24.400 30.399 32.438 32.495 30.534 0.000 0.000 0.000
39.642 39.686 39.732 38.776 38.816 38.849 38.866 37.860 45.827 0.000 0.000 0.000 0.000 0.000 0.000 0.000 0.000 0.000 0.000 0.000 0.000 0.000 33.959 69.823 80.745 81.652 81.811 79.922 87.756 80.749 82.423 81.107 81.032 80.936 80.845 80.756 81.667 53.574 31.485 0.000 0.000 5.845 0.000 4.639 6.576 6.483 6.377 6.279 6.190 6.113 6.047 5.995 5.957 5.929 3.916 5.911 11.890 8.888 0.000 0.000 0.000 3.058 2.103 1.577 0.865 0.235 0.000 3.068 14.166 10.247 12.366 16.445 0.000 0.000 0.000
37.714 37.766 37.822 37.879 37.936 38.990 41.029 43.031 17.929 0.000 0.000 0.000 0.000 0.000 0.000 0.000 0.000 0.000 0.629 0.000 0.000 4.191 45.095 76.000 81.915 81.925 80.973 87.920 87.843 83.739 81.445 81.297 81.203 81.107 81.013 80.920 76.824 23.699 0.000 0.000 0.000 5.845 11.846 6.757 6.648 6.546 6.457 6.374 6.295 6.223 6.160 6.107 6.065 6.034 3.013 11.999 11.987 7.983 0.000 0.000 0.000 2.014 0.629 1.179 1.205 1.612 1.908 2.253 1.436 1.509 0.792 0.170 0.058 0.000 0.000
41.784 45.844 48.910 52.982 55.061 58.145 57.231 49.305 0.000 0.000 23.589 0.000 0.000 0.000 0.000 0.000 0.000 31.626 58.631 0.000 0.000 38.288 71.230 81.157 82.088 82.048 81.295 87.983 80.175 81.864 81.547 81.471 81.373 81.278 81.181 82.087 69.011 0.000 0.000 0.000 0.000 0.000 5.936 6.894 8.713 8.597 6.531 6.464 6.394 6.325 6.262 6.208 6.163 3.129 8.104 11.087 12.076 3.074 0.000 0.000 0.000 0.000 0.629 0.875 0.560 0.174 0.297 0.990 1.018 1.022 0.883 0.839 1.739 0.000 0.000
46.849 55.917 56.993 56.080 55.180 54.298 51.446 45.655 21.041 38.346 56.590 25.767 9.863 0.000 0.000 0.000 2.604 41.622 55.636 0.000 13.535 55.444 80.377 83.319 82.206 82.456 80.458 88.034 82.162 81.879 81.731 81.639 81.544 81.449 81.348 83.234 27.123 0.000 0.000 0.000 0.000 0.000 2.198 8.172 0.000 0.000 5.606 6.559 6.492 6.421 6.355 6.298 5.251 3.214 12.186 12.167 9.158 3.162 9.194 0.000 0.000 0.000 0.775 10.429 3.072 0.494 0.515 0.657 1.249 1.216 0.000 0.000 0.587 0.292 1.632
43.907 46.981 46.066 44.165 42.281 40.423 38.600 38.828 48.122 50.407 47.657 44.850 48.958 0.000 0.000 0.000 42.588 72.621 23.655 19.669 53.626 77.575 82.527 82.452 82.626 80.624 88.100 80.567 82.286 81.973 81.902 81.807 81.716 81.625 84.527 41.381 0.000 0.000 0.000 0.000 0.000 0.000 4.459 9.424 0.000 0.000 2.729 6.674 6.593 6.512 6.440 6.380 3.330 11.291 12.261 11.239 2.226 6.222 6.227 0.000 0.000 0.000 0.000 0.000 10.046 8.611 8.420 8.358 8.395 2.450 0.000 0.000 0.000 0.000 0.000
40.958 40.036 40.126 41.232 41.359 41.513 39.703 40.937 46.213 49.504 45.782 41.017 44.163 0.000 0.000 0.000 34.538 44.618 22.696 55.727 70.724 79.704 82.675 82.682 81.840 88.497 88.240 81.564 82.296 82.154 82.065 81.975 81.888 81.809 84.755 0.000 0.000 0.092 9.106 0.000 0.000 5.669 8.652 7.641 14.687 0.000 2.916 6.814 6.695 6.594 6.514 4.450 6.399 12.358 12.326 4.302 5.285 6.273 6.264 0.000 0.000 0.000 0.000 0.000 0.000 7.348 7.247 7.162 7.096 7.972 7.837 0.000 0.000 0.000 0.000
41.000 41.078 41.170 41.279 41.409 40.568 39.763 44.003 48.291 48.613 43.952 40.275 45.514 0.000 0.000 0.000 30.408 0.000 46.785 70.818 76.839 82.849 82.793 83.084 81.138 88.722 80.990 82.704 82.392 82.322 82.229 82.139 82.051 88.968 72.930 0.000 0.000 46.107 32.107 0.000 0.000 0.800 8.838 7.802 7.733 13.561 11.244 9.970 6.778 6.656 6.572 3.508 11.457 12.416 8.384 3.359 6.340 6.322 8.293 12.293 0.000 0.000 0.000 0.000 0.000 4.203 7.076 6.963 6.875 7.787 5.720 0.000 0.000 0.000 0.000
41.031 41.108 41.199 41.305 40.432 39.587 41.778 46.021 49.334 45.706 41.137 40.616 44.104 26.805 14.319 15.755 12.278 13.671 53.840 74.923 80.973 82.977 83.217 81.299 89.111 88.927 82.005 82.719 82.573 82.483 82.392 82.303 87.210 30.081 45.067 15.099 46.107 54.108 0.000 0.000 0.000 0.319 9.070 7.997 7.882 17.707 28.481 2.075 11.792 7.681 4.609 6.552 12.505 11.466 2.435 5.411 6.393 6.382 0.000 0.000 0.000 0.000 0.000 0.000 0.000 0.000 5.907 6.756 6.669 10.601 6.552 0.000 0.000 0.000 0.000
41.051 41.126 41.211 41.311 39.429 39.569 43.742 50.970 52.319 48.741 44.276 42.947 43.483 45.991 46.398 55.669 0.000 31.896 69.981 77.062 83.125 83.212 82.450 89.438 89.280 82.372 83.152 82.814 82.739 82.643 82.553 82.470 90.404 0.000 28.158 30.123 20.114 22.111 0.000 0.000 0.000 3.557 9.369 8.235 14.091 29.903 6.692 0.000 0.000 5.668 3.632 11.587 12.545 8.508 5.478 6.456 6.440 8.431 0.000 0.000 0.000 0.000 0.000 0.000 0.000 0.000 0.000 6.503 6.463 11.413 6.354 6.254 0.000 0.000 0.000
41.063 41.132 41.211 40.301 39.403 41.519 48.651 25.800 2.220 1.544 0.166 30.414 47.890 43.279 46.614 27.854 0.000 37.035 75.125 81.226 83.257 83.628 81.760 89.584 82.716 83.492 83.060 83.000 82.894 82.799 82.708 83.620 81.534 3.408 3.283 0.000 0.000 0.000 0.000 0.000 2.908 10.758 8.613 7.484 27.344 31.123 0.000 0.000 0.000 1.693 7.663 12.621 12.580 2.544 6.515 6.494 6.479 9.472 0.000 0.000 0.000 0.000 0.000 0.000 0.000 0.000 0.000 6.306 6.285 12.253 6.213 6.171 0.005 0.000 0.000
41.066 41.129 40.200 39.278 41.364 44.454 52.542 11.611 0.000 0.000 0.000 0.000 30.383 45.621 46.926 33.279 35.776 62.084 79.269 83.374 83.703 81.867 89.840 89.718 83.705 83.400 83.251 83.146 83.047 82.951 82.858 85.770 70.702 0.000 0.000 0.000 0.000 0.000 0.000 0.000 3.059 9.954 8.842 6.746 34.676 0.000 0.000 0.000 7.859 12.778 12.707 12.653 10.609 5.573 6.545 6.525 6.512 8.506 0.000 12.544 0.000 0.000 0.000 0.000 0.000 0.000 0.000 6.146 6.135 6.116 6.092 6.063 4.021 0.000 0.000
41.062 41.119 40.182 39.250 43.321 47.391 51.453 9.492 0.000 0.000 0.000 0.000 10.639 53.896 49.189 55.561 68.965 78.260 82.457 83.653 82.963 90.054 89.951 83.054 83.829 83.485 83.400 83.295 83.196 83.101 87.005 49.901 21.802 0.000 0.000 0.000 0.000 0.000 0.000 5.520 10.314 9.157 11.054 7.981 31.938 0.000 0.000 3.111 9.941 25.819 14.735 11.675 7.630 5.595 5.568 6.549 6.537 6.534 11.542 7.544 0.000 0.000 0.000 0.000 0.000 0.000 0.000 6.015 6.010 6.001 5.992 5.987 3.996 0.000 0.000
41.053 41.104 39.159 41.218 47.279 48.338 46.386 33.413 0.000 0.000 0.000 0.000 0.000 7.134 3.373 43.811 75.263 79.534 83.690 84.035 82.309 90.148 82.381 84.158 83.722 83.655 85.541 84.439 83.342 83.251 89.158 12.029 0.000 0.000 0.000 0.000 0.000 0.000 25.903 25.726 13.522 10.305 21.238 16.188 17.156 0.000 0.000 1.870 5.974 16.823 12.740 16.683 10.640 13.608 12.584 9.566 6.555 5.550 5.549 11.547 0.000 0.000 0.000 0.000 0.000 0.000 0.000 5.907 5.905 5.904 5.906 5.914 0.000 0.000 0.000
