results3_8e3_rain/res_3e8f-0204.wd
ncols         241
nrows         181
xllcorner     12693529.787448
yllcorner     3542525.717860
cellsize      155.156523
NODATA_value  -9999.000000
[rows 132 to 164 of 181, columns 0 to 72 of 241]
96.328 101.328 105.327 105.327 107.326 107.324 101.323 92.321 78.319 67.316 66.313 67.310 66.306 65.302 70.298 84.293 95.287 100.281 100.273 97.265 89.255 80.243 71.228 65.210 70.187 72.158 71.125 72.087 70.055 65.025 78.996 101.968 68.944 0.000 0.000 0.000 8.727 60.721 72.716 69.697 71.682 77.675 95.676 81.682 65.691 64.703 64.717 76.734 97.752 38.772 11.795 6.829 0.000 0.000 0.000 0.000 0.000 0.000 0.000 0.000 0.000 0.113 3.113 1.113 28.113 8.038 11.962 52.866 75.725 79.628 79.522 89.610 117.077
74.333 76.333 79.332 85.331 95.330 101.329 106.327 106.325 99.323 85.321 74.318 68.315 72.311 79.307 92.302 107.297 106.291 103.285 103.277 106.269 106.258 102.246 90.232 78.215 70.195 65.171 66.144 65.115 66.089 74.065 96.044 104.025 16.014 0.000 0.000 0.000 18.734 46.740 64.765 73.761 74.750 71.739 72.743 82.750 77.757 70.765 74.775 82.786 95.800 36.816 22.835 28.863 8.893 0.000 0.000 0.000 0.000 0.000 0.000 0.000 0.000 0.000 0.000 0.000 10.188 0.000 59.986 81.909 77.791 86.766 77.831 117.197 105.957
66.338 66.337 66.337 68.336 73.335 77.334 84.332 93.330 101.328 104.326 98.323 96.319 98.316 101.312 100.307 93.302 84.296 82.290 82.282 87.274 93.264 100.252 103.239 102.224 91.206 81.186 76.164 74.142 83.121 99.103 100.088 86.077 19.072 0.000 0.000 0.000 0.000 0.000 47.841 74.833 53.819 41.789 56.809 71.817 86.821 90.826 92.830 93.837 89.845 16.856 3.866 31.896 28.923 16.951 22.963 16.968 0.000 0.000 0.000 0.000 0.000 0.000 44.403 14.353 80.263 102.199 135.056 91.032 86.086 67.046 103.113 107.637 107.546
67.343 67.342 67.342 67.341 66.340 65.339 67.337 72.336 78.333 88.331 98.328 100.325 93.321 83.317 77.313 69.308 65.302 65.296 65.288 67.280 72.271 78.260 85.248 97.234 102.219 104.202 103.185 99.168 102.152 95.138 77.127 69.122 48.125 6.146 0.000 0.000 0.000 0.000 40.926 73.912 16.902 0.000 49.887 74.886 93.886 101.886 87.885 90.885 76.889 34.896 0.911 58.931 27.951 19.967 30.971 30.973 1.975 0.000 0.000 0.000 0.000 31.505 50.453 123.394 152.318 135.202 118.758 117.706 109.378 108.019 107.900 107.773 72.995
67.348 67.348 67.347 67.347 67.346 67.344 67.343 66.341 66.339 69.337 75.334 74.331 70.327 66.323 66.319 66.314 67.308 67.302 67.295 67.288 66.279 65.269 67.258 73.246 80.233 89.220 97.206 93.192 82.180 70.169 66.161 71.158 79.160 55.168 33.174 33.166 19.143 20.100 56.025 76.986 26.976 8.991 68.965 100.956 102.951 81.946 84.938 83.928 71.929 60.939 11.940 39.952 13.985 1.995 14.981 1.977 3.977 1.972 0.000 0.000 0.000 12.560 75.507 81.427 77.416 78.577 76.553 108.340 108.239 108.133 75.335 78.116 79.990
67.354 67.353 67.353 67.352 67.351 67.350 67.349 67.347 67.345 67.343 66.340 66.337 66.333 67.329 67.325 67.321 67.315 67.310 67.303 67.296 67.288 67.280 67.270 66.260 65.249 66.237 70.226 68.215 67.206 71.197 74.192 73.189 71.189 73.190 73.190 70.181 70.163 74.132 49.088 35.032 24.023 42.032 87.027 101.022 81.016 74.008 72.995 52.961 48.960 11.990 0.074 0.000 2.046 4.046 0.000 0.000 7.985 22.967 37.923 7.861 21.782 84.638 91.628 89.702 87.689 88.771 108.528 108.436 89.574 96.367 89.225 95.000 86.844
67.360 67.359 67.359 67.358 67.357 67.356 67.355 67.353 67.351 67.349 67.346 67.343 67.340 67.336 67.332 67.328 67.323 67.318 67.312 66.306 73.299 75.291 67.282 66.274 65.264 66.255 68.246 71.237 74.230 73.224 68.219 69.217 76.216 79.215 75.213 69.206 66.194 75.178 6.161 0.000 9.054 82.084 91.091 78.089 70.084 90.077 36.071 0.000 0.000 2.105 3.133 3.132 3.102 4.097 0.000 0.000 33.012 74.986 103.944 64.883 97.770 105.931 102.896 101.988 108.786 108.704 108.618 101.654 103.535 103.236 102.099 101.034 18.953
67.366 67.365 67.365 67.364 67.364 67.363 67.361 67.360 67.358 67.356 70.353 70.350 68.347 72.343 70.339 67.335 67.331 67.327 66.321 64.316 75.309 83.303 69.295 66.288 68.280 71.272 73.265 72.258 69.253 71.248 76.245 78.243 79.242 79.241 74.240 68.236 77.231 96.224 15.218 0.000 0.000 56.162 79.162 76.158 80.152 100.145 34.141 0.000 3.180 3.157 3.164 3.160 3.135 5.142 0.000 31.110 83.067 99.021 101.957 106.960 104.129 101.121 109.010 108.939 108.865 100.958 101.746 102.623 102.306 102.281 95.215 72.125 0.000
67.372 67.372 67.371 67.371 67.370 67.369 67.368 67.367 67.365 68.363 75.360 75.357 52.354 20.350 41.346 71.343 65.340 68.336 74.331 77.326 77.321 73.315 69.309 70.302 73.296 72.290 71.284 73.279 77.275 77.271 79.269 78.269 69.268 64.269 66.269 79.269 98.268 108.268 30.270 0.000 0.000 31.239 87.236 89.231 96.222 95.209 31.208 0.000 3.204 1.205 2.207 3.209 0.000 9.195 35.195 79.161 101.091 104.116 103.211 103.218 102.314 109.144 109.079 101.157 101.960 102.826 102.615 102.473 102.433 94.368 86.328 0.000 0.000
67.378 67.378 67.378 67.377 67.377 67.376 67.375 67.374 67.372 69.370 78.368 89.365 65.361 2.358 8.352 56.352 82.349 74.346 72.342 72.337 70.332 69.327 71.322 73.317 71.311 67.306 69.302 81.298 83.295 73.293 67.293 64.293 64.294 69.296 83.299 99.301 96.305 80.312 52.323 20.350 14.351 58.321 87.312 69.307 60.297 52.260 17.275 1.321 1.256 22.247 13.248 3.260 0.000 28.250 79.234 101.163 103.370 102.371 102.485 109.331 109.271 109.209 101.215 103.103 102.818 102.695 102.643 102.573 96.500 83.439 73.403 0.000 0.000
67.385 67.385 67.384 67.384 67.383 67.383 67.382 67.381 67.380 69.378 79.376 66.373 22.368 4.369 0.000 24.362 78.360 70.357 72.353 71.349 69.345 72.340 73.335 70.331 67.326 63.322 73.319 87.316 74.315 64.314 65.315 70.317 80.320 91.323 102.328 95.333 73.340 68.349 87.361 94.376 95.383 99.380 74.383 35.389 7.397 0.000 1.468 1.474 0.000 35.263 22.278 2.324 33.345 79.297 101.331 103.532 102.558 109.494 109.442 109.388 101.476 102.278 103.171 102.872 102.859 102.802 102.730 103.642 91.564 62.482 51.442 9.442 3.442
66.392 66.391 67.391 67.391 67.390 67.390 67.390 67.389 67.388 70.387 80.386 51.385 0.000 10.381 48.382 50.375 67.371 69.368 57.364 39.361 77.357 72.353 68.349 67.345 65.341 67.338 83.335 86.334 68.333 71.334 83.337 92.340 101.344 99.350 87.356 73.363 66.372 82.383 86.397 74.411 55.424 53.435 41.450 21.471 10.505 4.574 2.594 22.609 17.627 0.000 0.000 27.392 79.451 102.573 103.606 101.727 109.592 109.544 101.634 102.449 103.330 103.139 103.020 102.999 102.948 102.899 105.832 69.702 49.633 0.000 0.000 0.000 0.000
75.399 73.398 70.398 68.397 65.397 65.397 65.397 65.397 64.396 69.395 81.395 64.395 45.396 53.391 71.389 67.385 64.382 70.379 65.376 52.372 72.369 66.366 65.362 65.359 67.356 81.353 89.351 55.350 47.350 97.353 102.357 97.362 86.368 76.375 68.383 64.392 75.403 87.416 55.431 30.447 13.465 4.486 21.510 20.540 10.578 11.623 14.651 42.663 26.645 0.000 0.000 59.686 101.730 100.864 109.727 109.684 109.639 101.668 103.566 103.293 103.188 103.160 105.119 100.070 102.042 103.016 113.995 0.000 0.000 0.000 0.000 0.000 0.000
76.407 78.406 84.404 85.403 85.404 82.405 83.405 82.405 81.404 81.404 83.403 66.403 70.402 69.400 66.398 69.395 69.392 68.390 73.387 75.384 69.382 63.379 65.376 67.373 81.370 86.367 75.365 69.364 78.366 101.370 84.376 75.383 67.391 65.399 67.408 66.419 80.431 89.446 53.463 29.483 17.505 19.532 22.564 14.602 15.644 21.688 23.724 16.748 0.000 0.000 37.929 79.949 109.845 109.808 109.769 101.898 102.706 103.608 103.319 103.317 104.277 104.234 77.192 55.132 90.133 104.128 109.138 49.196 0.000 0.000 0.000 0.000 0.000
69.415 63.414 16.409 18.408 27.412 74.413 71.413 71.413 71.413 75.412 84.412 65.411 66.410 65.409 68.407 72.405 73.403 71.401 70.398 73.396 74.394 71.392 65.389 82.387 88.384 79.381 85.377 102.376 99.378 81.384 69.395 65.404 67.413 67.422 66.432 71.444 87.458 89.474 81.493 84.515 55.541 17.574 9.613 8.659 20.709 27.760 17.810 14.858 6.887 33.054 81.099 109.913 109.880 102.036 102.848 103.738 103.552 103.440 103.427 104.383 102.344 96.306 21.286 0.000 72.228 107.226 104.233 103.253 0.000 0.000 0.000 0.000 0.000
67.425 59.425 0.000 0.420 9.421 70.422 66.422 66.422 66.422 70.421 84.421 62.420 66.419 70.418 72.417 73.415 70.413 67.412 65.410 67.408 77.407 90.405 85.403 86.401 63.398 57.394 109.388 95.385 62.387 22.395 42.414 70.425 67.434 67.444 69.455 62.467 46.482 36.499 48.519 88.542 64.571 17.608 12.655 7.713 16.772 21.834 15.899 20.958 21.041 59.184 109.962 101.222 104.963 103.871 103.686 103.578 103.557 103.523 104.484 104.449 69.412 45.359 31.360 34.368 85.327 106.313 102.315 93.331 11.365 0.000 0.000 0.000 0.000
67.436 67.437 50.441 0.431 10.431 71.431 67.431 67.431 66.430 67.430 82.429 69.429 72.428 74.427 73.426 68.425 65.424 66.423 66.421 65.420 75.419 98.418 94.417 81.416 74.414 65.409 41.396 30.390 17.388 0.000 23.442 72.448 67.455 69.464 52.475 26.488 11.504 8.521 50.542 67.565 36.593 8.632 11.688 16.765 23.831 19.904 13.994 7.074 10.366 58.409 110.025 104.111 103.874 103.698 103.685 103.651 103.613 103.578 101.545 92.516 25.494 0.000 42.427 101.418 106.398 104.386 98.383 88.389 6.400 0.000 0.000 0.000 0.000
64.445 66.445 63.447 0.000 6.440 71.440 66.440 64.439 66.439 70.439 74.438 73.438 73.437 71.437 65.436 66.435 66.434 67.434 67.433 72.432 90.432 89.432 82.432 91.432 89.432 60.433 0.000 0.000 0.000 0.000 21.465 72.468 67.475 70.483 41.494 3.507 37.523 63.541 83.561 52.583 4.604 0.674 0.744 5.830 15.883 15.962 16.066 10.303 6.928 110.204 110.117 103.016 103.865 103.767 103.736 103.700 103.666 105.633 90.602 73.576 33.556 9.548 57.503 87.479 96.461 105.448 94.443 83.443 5.446 0.000 0.000 0.000 0.000
71.453 69.453 58.454 0.000 57.450 65.449 67.449 71.448 72.448 73.448 71.447 72.447 70.447 66.446 66.446 67.445 67.445 66.444 68.444 91.444 90.444 72.445 85.446 83.448 87.451 85.457 48.474 4.484 13.489 43.490 48.485 68.486 67.492 67.500 62.511 54.524 71.540 70.558 64.579 86.602 34.625 0.700 0.769 9.856 14.910 12.988 14.083 38.227 62.616 110.286 105.339 105.091 104.833 103.822 103.784 103.750 104.717 102.685 57.655 34.629 46.606 47.585 101.557 103.535 83.517 93.505 88.497 61.494 26.494 0.000 0.000 0.000 0.000
72.461 73.461 70.462 58.463 72.460 72.458 72.458 73.457 73.457 74.457 86.456 68.456 66.456 66.456 67.455 67.455 67.455 68.455 82.455 93.456 68.456 72.457 99.459 91.462 79.466 82.472 85.481 69.489 74.494 89.496 82.497 70.500 63.506 63.514 74.525 90.538 77.554 49.573 21.595 76.622 65.660 14.719 17.778 22.844 18.912 9.998 12.065 53.344 105.592 110.363 102.319 104.973 105.904 103.868 103.833 103.799 96.766 86.734 43.705 14.678 23.653 24.630 85.606 127.585 108.568 84.556 76.547 55.543 64.541 17.541 0.000 3.750 7.750
77.468 77.468 73.468 73.469 73.468 74.467 74.466 70.466 67.466 66.466 29.465 19.465 70.465 67.465 67.465 67.465 66.465 69.466 93.466 79.467 64.468 70.470 87.472 104.474 99.478 96.484 94.490 90.496 86.500 85.504 93.507 90.512 84.518 80.526 83.536 87.549 49.565 13.584 12.606 28.632 24.672 9.724 18.773 28.829 24.898 15.997 9.157 52.410 110.506 110.436 105.211 107.058 103.947 103.917 104.881 100.847 84.814 77.782 83.753 89.725 73.699 95.675 110.652 127.632 136.615 120.602 82.593 87.589 62.587 0.000 0.000 0.000 0.000
16.475 17.475 77.475 72.475 72.475 67.475 64.475 66.475 61.474 14.474 14.474 3.474 71.475 67.475 67.475 67.475 67.476 85.476 92.477 65.478 67.479 67.481 70.483 76.486 78.490 78.494 74.499 77.504 93.508 86.512 77.516 80.521 87.527 91.535 94.545 91.558 66.573 31.591 14.611 13.629 0.000 2.732 13.761 22.802 6.850 0.000 22.370 82.617 110.573 102.550 106.280 106.018 104.004 103.964 104.928 99.893 86.860 52.828 59.798 102.770 113.743 145.718 136.696 108.675 96.658 113.645 92.636 86.631 61.631 0.658 0.000 0.000 0.000
3.483 12.483 26.480 81.482 66.483 64.483 66.483 66.483 67.483 14.483 5.483 60.484 68.484 67.484 67.485 67.485 69.486 93.486 78.487 64.489 67.490 67.492 67.494 66.497 66.500 66.504 65.508 72.512 101.516 80.520 11.525 19.530 31.535 82.543 92.552 76.563 81.578 68.598 20.620 17.643 2.676 7.711 20.739 12.767 0.000 0.000 40.537 110.702 110.638 105.433 107.175 103.085 104.048 104.010 103.973 103.938 90.905 53.873 68.842 105.813 101.786 135.760 130.737 99.716 104.698 90.684 71.674 89.669 67.670 1.684 0.000 0.000 0.000
65.492 61.492 0.000 73.492 83.492 84.492 65.492 77.492 84.492 60.492 58.492 68.493 67.493 67.494 67.494 67.495 86.496 90.496 65.498 67.499 66.501 65.503 67.505 67.507 67.510 67.514 66.517 74.521 103.525 84.528 30.532 3.537 54.542 79.548 92.556 71.565 61.579 20.601 13.627 16.649 14.673 22.697 26.715 0.742 0.000 19.453 81.708 110.763 102.686 106.411 106.154 104.134 104.092 104.054 104.018 104.982 95.948 84.915 107.884 132.854 120.826 137.800 134.775 128.753 135.734 101.718 78.706 88.700 96.699 25.703 0.000 0.000 0.000
67.500 66.501 61.504 67.501 66.500 14.500 88.500 80.500 67.500 68.501 68.501 67.502 67.502 67.503 67.504 70.504 93.505 76.506 66.507 67.509 73.511 81.513 67.515 65.518 67.520 66.523 69.526 93.530 101.533 76.536 64.540 52.544 74.548 73.552 34.557 19.564 16.571 0.000 5.637 5.652 6.670 7.690 9.702 0.000 22.499 79.662 101.841 110.823 103.648 104.293 104.217 104.176 104.136 104.097 104.060 105.025 95.990 78.957 74.925 107.894 97.865 111.837 114.811 102.787 104.766 76.748 53.734 67.725 134.722 87.724 22.734 12.741 34.745
67.508 67.508 67.509 67.508 67.508 61.508 77.508 93.508 69.509 66.509 67.510 67.511 67.511 67.512 66.513 89.514 91.515 65.516 67.517 68.519 65.521 27.523 86.525 81.527 68.530 66.533 84.535 103.538 87.541 67.544 67.547 68.550 71.553 75.556 12.558 13.561 0.000 2.631 17.632 0.000 0.651 0.000 0.000 0.000 45.603 102.790 110.935 110.880 103.532 104.368 104.253 104.218 104.178 104.139 104.102 103.066 88.031 89.997 109.964 128.933 127.903 132.873 137.846 124.819 122.795 109.773 58.756 56.745 132.740 96.738 34.738 27.742 92.747
67.515 67.515 67.516 67.516 67.516 67.516 67.516 78.516 93.517 69.518 66.519 67.519 67.520 65.521 73.523 94.524 74.525 66.526 68.527 66.527 8.530 5.533 74.535 75.537 81.539 80.542 88.544 87.546 68.549 66.551 68.554 71.556 76.558 76.560 0.000 0.000 0.000 4.629 28.630 15.630 16.631 15.631 0.000 6.681 53.837 108.001 110.989 102.868 104.585 104.321 104.302 104.258 104.218 104.179 104.142 104.106 90.070 86.036 107.003 107.970 107.939 110.908 110.879 109.850 114.821 87.794 63.773 78.760 93.753 32.751 0.000 0.000 36.752
67.522 69.523 69.523 67.523 67.523 67.523 67.524 67.525 78.525 93.526 69.527 64.528 64.529 81.531 93.532 87.533 64.534 67.536 63.536 9.534 6.540 60.543 67.545 67.547 73.549 90.551 90.553 83.555 76.557 68.559 55.561 25.563 90.564 70.565 0.000 0.000 0.000 3.626 17.627 10.628 24.630 13.630 0.000 6.820 26.920 111.094 111.042 103.737 104.473 104.379 104.339 104.297 104.257 104.219 104.181 105.144 100.109 90.074 85.040 84.006 83.974 83.942 83.911 87.880 61.847 5.807 31.781 87.769 83.763 44.761 6.764 0.000 35.756
68.530 5.530 6.529 67.530 66.531 65.531 65.532 64.532 64.533 77.534 92.536 85.537 92.538 94.540 81.541 65.543 72.544 72.546 60.547 0.000 8.553 71.554 67.555 69.557 93.558 100.560 78.562 69.563 76.565 83.567 71.568 7.570 50.571 68.572 0.000 0.000 0.000 4.623 10.625 7.627 21.628 0.000 0.000 6.879 12.196 111.144 108.986 104.701 104.443 104.421 104.376 104.335 104.295 104.257 104.219 104.182 105.147 104.111 102.076 101.042 101.008 101.975 103.943 77.911 19.879 0.000 16.776 72.771 103.768 94.767 67.767 43.766 60.761
67.537 66.537 1.537 66.537 77.538 81.539 85.539 90.540 93.541 94.543 94.544 94.545 80.547 67.549 83.551 100.552 101.555 101.557 94.560 72.565 7.564 68.564 66.565 75.567 103.568 90.569 67.570 66.572 68.573 71.574 62.575 7.577 27.578 27.579 0.000 0.000 0.000 10.618 5.621 0.000 4.628 0.000 14.894 16.116 6.572 111.193 112.936 108.576 104.497 104.454 104.412 104.371 104.332 104.293 104.256 104.220 104.184 104.148 104.113 104.077 105.041 108.007 79.975 12.943 0.000 5.817 0.000 17.771 73.771 104.771 95.771 71.770 48.764
67.544 69.544 65.544 67.545 82.545 81.546 77.547 73.548 72.549 68.551 89.552 79.554 90.556 81.558 97.560 93.562 86.564 87.567 98.570 104.573 93.574 94.574 86.575 94.576 102.577 75.578 66.579 67.580 67.581 66.582 66.583 68.584 63.585 12.588 72.595 63.600 2.604 4.610 0.000 0.000 0.000 5.892 83.937 81.141 111.285 111.239 106.812 107.643 104.526 104.489 104.447 104.406 104.367 104.329 104.292 104.256 104.220 104.185 104.149 106.112 111.072 80.038 20.007 0.000 0.000 2.817 1.817 0.000 14.774 65.777 100.777 50.777 0.000
69.550 5.551 64.551 67.551 67.552 67.553 66.554 67.555 69.557 67.558 79.560 74.562 83.564 94.567 82.569 67.571 68.574 69.577 70.579 75.582 88.583 98.584 104.585 102.586 91.587 67.588 67.588 67.588 67.589 67.589 68.590 91.590 64.591 4.593 68.596 18.600 12.604 5.607 0.000 0.000 0.000 15.876 104.082 106.294 111.328 105.142 104.852 104.587 104.566 104.521 104.480 104.440 104.402 104.364 104.328 104.292 104.257 104.222 106.188 91.150 45.097 12.068 0.000 4.817 2.817 22.817 29.817 0.000 0.000 36.784 98.784 50.784 0.000
70.557 3.557 64.557 67.558 67.559 67.560 67.561 68.563 6.564 66.566 70.568 81.570 81.573 89.575 94.578 80.581 65.584 65.586 65.589 67.591 69.593 70.595 71.596 71.596 70.597 69.597 65.597 65.597 66.597 67.597 78.597 92.596 63.597 57.597 59.598 0.000 0.000 5.607 0.000 0.000 0.000 19.970 103.092 111.413 111.371 104.000 104.731 104.636 104.595 104.552 104.512 104.473 104.435 104.398 104.362 104.327 104.293 104.260 109.229 65.204 0.000 0.000 2.819 0.818 2.817 17.817 24.816 0.000 0.000 39.791 99.791 58.791 0.000
