results3_8e3_rain/res_3e8f-0038.wd
ncols         241
nrows         181
xllcorner     12693529.787448
yllcorner     3542525.717860
cellsize      155.156523
NODATA_value  -9999.000000
[rows 99 to 131 of 181, columns 75 to 149 of 241]
44.240 43.272 43.307 48.345 51.386 48.430 44.464 44.479 38.472 0.000 0.000 0.000 0.000 0.000 0.000 3.686 62.000 87.152 85.283 84.556 91.449 91.377 84.499 85.195 85.040 84.928 85.821 85.718 84.626 88.546 47.490 0.000 0.000 0.000 0.000 0.000 0.000 0.495 26.203 38.083 5.872 0.000 17.505 20.468 18.410 22.312 19.051 16.578 0.000 10.511 14.458 29.399 35.352 38.315 36.287 31.266 24.250 19.241 14.236 0.000 0.000 0.000 0.000 0.000 0.000 5.311 17.310 41.309 42.309 42.308 42.307 40.307 0.000 0.000 0.000
43.231 41.258 45.288 50.320 51.357 51.411 45.447 42.462 47.465 47.463 8.463 0.000 7.659 37.630 14.587 0.000 50.506 90.468 85.796 85.884 91.509 83.831 85.617 85.268 85.176 85.060 84.950 84.845 86.752 85.673 21.620 0.000 0.000 0.000 0.000 0.000 0.000 4.635 10.483 21.400 0.000 0.000 12.674 20.642 19.581 23.477 23.264 0.000 0.000 5.472 19.434 24.372 45.333 46.304 46.281 47.262 48.248 46.239 27.233 0.000 0.000 0.000 0.000 0.000 0.000 4.306 17.301 41.299 42.297 42.296 42.295 35.294 0.000 0.000 0.000
43.220 46.243 49.268 50.291 25.310 0.000 18.453 54.459 27.462 1.462 0.000 0.000 18.689 68.644 65.544 57.335 75.973 87.079 84.077 91.592 85.132 85.937 85.499 85.429 85.306 85.190 85.073 85.961 83.862 71.775 18.698 0.000 0.000 0.000 0.000 0.000 7.913 14.799 12.696 13.635 0.000 0.000 18.877 36.844 29.796 24.750 0.000 0.000 0.000 0.000 0.000 18.321 43.305 47.287 45.270 45.255 45.242 47.233 20.226 14.219 14.216 20.216 0.000 0.000 0.000 0.000 16.290 41.288 42.287 42.285 42.283 25.281 0.000 0.000 0.000
47.207 50.227 50.248 50.269 15.282 0.000 0.000 0.000 0.000 0.000 0.000 0.000 11.763 74.712 80.613 88.461 88.321 85.408 91.992 91.741 85.118 85.827 85.673 85.558 85.440 85.319 85.192 91.064 40.962 8.868 0.000 0.000 0.000 0.000 0.000 0.000 17.027 12.952 12.868 11.808 17.813 0.000 12.113 38.061 37.011 34.978 0.000 0.000 0.000 0.000 0.000 16.288 45.280 49.270 46.258 45.246 43.234 32.225 13.219 9.216 10.215 0.000 0.000 0.000 0.000 0.000 12.280 41.279 42.277 42.274 38.271 5.267 10.257 14.253 0.000
50.194 50.211 48.229 54.255 24.266 0.000 0.000 0.000 0.000 0.000 0.000 0.000 22.888 80.829 83.742 87.577 86.763 86.745 92.216 84.535 86.236 85.904 85.812 85.695 85.578 89.453 95.311 50.142 19.052 0.000 0.000 0.000 0.000 0.000 0.405 23.343 17.217 10.115 15.015 18.918 15.819 13.650 27.401 31.279 21.209 29.174 0.000 0.000 0.000 0.000 0.000 22.262 46.259 51.255 50.247 46.236 41.223 10.215 8.211 9.211 16.212 0.000 0.000 0.000 0.000 6.272 10.273 39.271 42.268 42.266 36.262 7.258 6.252 7.249 0.000
50.181 49.194 27.203 0.000 12.264 14.263 0.000 0.000 0.000 0.000 0.000 14.195 67.071 80.982 83.866 85.997 86.977 92.606 92.420 85.534 86.229 86.061 85.949 85.835 89.722 51.605 11.458 0.000 29.051 15.051 0.000 0.000 0.000 0.000 8.460 42.465 33.384 28.278 23.159 24.032 21.893 22.732 35.563 29.444 13.371 15.336 0.000 0.000 0.000 0.000 0.000 22.240 50.240 15.245 13.240 45.228 48.210 18.201 9.199 14.204 0.000 0.000 0.000 0.000 0.000 0.000 6.268 24.265 40.261 43.258 36.255 7.251 6.247 6.242 8.236
46.168 50.180 32.187 0.000 3.262 33.262 0.000 0.000 0.000 0.000 4.410 66.318 80.222 86.133 86.088 86.213 92.936 92.776 84.898 86.661 86.302 86.205 86.086 85.973 89.869 61.789 0.000 0.000 0.000 2.051 0.000 0.000 0.000 0.000 0.000 27.673 32.578 42.453 38.313 26.159 28.990 37.822 32.674 20.565 12.496 13.464 0.000 0.000 0.000 0.000 0.000 20.219 54.215 0.000 0.000 0.000 41.186 31.182 12.179 0.000 0.000 0.000 0.000 0.000 0.000 0.000 0.000 3.259 29.254 39.251 32.248 8.245 6.242 6.239 5.234
44.156 60.172 39.179 0.000 2.262 30.262 0.000 0.000 0.000 0.000 62.502 75.445 85.373 88.243 87.472 85.486 93.083 84.240 86.001 82.548 84.467 86.338 86.219 87.104 80.994 70.891 18.891 0.000 0.000 0.000 0.000 0.000 0.000 0.000 18.223 22.978 22.802 24.643 33.482 36.301 39.086 32.893 19.748 13.647 12.584 11.560 15.582 0.578 0.000 0.000 0.000 9.203 46.188 12.170 1.163 0.000 36.167 42.162 22.158 0.000 0.000 0.000 0.000 0.000 0.000 0.000 0.000 0.000 22.246 27.244 14.243 6.241 6.239 3.237 13.234
47.138 0.000 0.000 0.000 0.000 0.000 0.000 0.000 0.000 0.000 78.650 80.596 88.498 87.649 86.652 93.341 93.218 86.214 85.890 85.721 85.594 84.470 85.348 87.229 44.111 0.000 0.000 0.000 0.000 0.000 0.000 0.000 4.017 18.805 29.469 26.212 25.010 21.837 22.670 25.478 37.160 37.918 29.779 18.690 11.635 11.609 13.606 0.000 0.000 0.000 0.000 0.000 36.162 14.157 10.157 10.155 42.154 45.140 28.134 0.000 0.000 0.000 0.000 0.000 0.000 0.000 0.000 1.238 25.240 20.238 6.238 6.238 5.237 7.237 0.000
40.126 0.000 0.000 0.000 0.000 0.000 0.000 0.000 0.000 65.995 75.855 87.758 87.727 86.850 93.559 93.454 85.559 87.318 86.958 86.854 86.725 86.600 88.476 38.352 0.000 0.000 0.000 0.000 0.000 0.000 2.883 19.595 32.229 27.929 26.638 26.392 26.191 27.024 24.884 23.780 0.000 15.839 40.760 22.700 10.659 13.635 11.627 0.000 0.000 0.000 0.000 0.000 28.143 6.138 0.000 0.000 0.000 35.111 24.104 33.086 40.078 0.000 0.000 0.000 0.000 0.000 0.000 0.000 16.236 14.233 7.233 9.235 7.236 0.000 0.000
44.118 20.115 0.000 0.000 0.000 0.000 0.000 0.000 19.258 79.134 86.017 87.896 88.022 86.115 93.654 85.875 87.643 87.194 87.113 86.982 87.856 88.729 50.602 0.000 0.000 0.000 0.000 0.000 0.000 22.448 33.109 28.744 27.375 27.046 26.762 26.527 26.338 26.185 26.064 34.979 0.000 0.000 8.725 17.690 9.664 18.648 18.640 0.637 0.000 0.000 0.000 0.000 12.129 49.115 17.101 0.000 0.000 36.091 30.086 21.077 21.071 0.000 0.000 0.000 0.000 0.000 0.000 0.000 0.000 6.226 7.226 0.000 0.000 0.000 0.000
47.114 45.113 34.112 0.000 0.000 0.000 0.000 10.497 69.382 83.267 89.158 88.100 87.220 93.814 93.739 86.836 87.522 87.358 87.235 88.114 89.986 50.857 0.000 0.000 0.000 0.000 0.000 9.537 20.270 31.787 28.353 27.899 24.483 24.119 23.837 24.618 26.448 26.315 29.208 6.093 0.000 0.000 0.000 13.672 12.662 30.652 26.648 0.000 0.000 0.000 0.000 0.000 0.000 41.094 53.087 10.077 36.074 50.075 42.072 18.065 11.058 0.000 0.000 0.000 0.000 0.000 0.000 0.000 1.216 7.220 11.220 0.000 0.000 0.000 0.000
49.112 39.111 46.111 38.110 0.000 0.000 3.718 70.613 79.505 89.405 88.241 88.464 86.450 93.877 86.154 87.933 87.579 87.483 88.363 89.250 43.118 0.000 0.000 0.000 0.000 0.000 22.092 32.805 30.486 29.077 30.616 30.017 35.537 40.113 34.848 27.661 21.522 25.421 31.359 0.000 0.000 0.000 0.000 16.665 17.658 39.653 27.650 0.000 0.000 0.000 0.000 0.000 0.000 36.080 45.077 50.072 46.068 46.066 50.061 34.052 13.040 14.024 0.000 0.000 0.000 0.000 0.000 3.213 8.214 6.215 11.215 0.000 0.000 0.000 0.000
17.111 68.110 31.110 0.000 0.000 8.911 68.824 73.729 87.636 88.485 88.710 86.590 93.964 86.435 88.234 87.797 87.726 88.603 85.485 40.407 0.000 0.000 0.000 0.000 0.000 24.649 32.380 30.104 29.794 33.421 8.018 0.000 0.000 4.946 30.781 32.656 33.558 25.488 26.450 0.000 0.000 0.000 0.000 0.000 15.654 22.652 21.651 0.000 0.000 0.000 0.000 0.000 0.000 27.070 40.068 45.066 46.063 47.060 43.055 39.044 24.026 12.009 15.991 21.982 0.000 0.000 0.000 0.000 6.213 7.212 9.212 0.000 0.000 0.000 0.000
0.000 69.110 56.109 0.000 0.000 15.999 76.935 84.853 88.739 89.874 89.852 94.330 94.104 87.398 88.103 87.952 87.842 82.726 72.566 23.486 0.000 0.000 0.000 13.348 22.202 33.918 30.675 30.436 34.167 11.794 0.000 0.000 0.000 0.000 28.675 25.624 29.568 35.525 35.502 13.512 0.000 0.000 0.000 0.000 17.652 11.651 18.651 0.000 0.000 0.000 0.000 0.000 0.000 14.063 31.062 45.060 40.058 33.056 35.055 0.000 21.010 29.996 22.982 18.974 0.000 0.000 0.000 0.000 0.000 1.210 6.208 11.206 0.000 0.000 0.000
0.000 0.000 46.109 0.000 4.260 70.152 82.066 88.981 88.937 89.059 94.735 94.539 86.716 88.500 88.154 88.070 80.970 46.893 0.000 0.000 0.000 0.000 31.641 25.495 33.340 31.149 30.967 31.800 9.645 0.000 0.000 0.000 0.000 0.000 31.620 25.597 25.567 27.540 31.524 33.521 0.000 0.000 0.000 0.000 0.000 17.650 0.000 0.000 0.000 0.000 0.000 0.000 0.000 10.057 21.056 28.055 20.054 17.053 0.000 0.000 0.000 13.981 17.968 26.958 0.000 0.000 0.000 0.000 0.000 0.000 6.206 7.205 0.000 0.000 0.000
0.000 0.000 0.000 4.454 73.369 78.280 89.202 89.072 90.299 90.320 94.918 87.045 88.809 88.362 88.288 78.174 67.076 30.984 0.000 0.000 0.000 25.925 47.788 32.652 24.513 32.370 30.243 33.152 3.133 0.000 0.000 0.000 0.000 20.581 27.588 26.579 26.562 23.545 19.534 21.529 0.000 0.000 0.000 0.000 0.000 24.649 0.000 0.000 0.000 0.000 0.000 0.000 0.000 12.053 11.051 10.050 8.049 14.049 0.000 0.000 0.000 0.000 11.950 29.933 0.000 0.000 0.000 0.000 0.000 0.000 0.000 12.204 25.203 0.000 0.000
0.000 0.000 0.000 76.540 75.481 89.408 89.306 90.455 90.475 95.249 95.088 88.010 89.680 87.508 73.378 62.272 36.174 0.000 0.000 0.000 20.187 38.061 37.936 44.812 32.691 22.577 28.484 38.432 41.449 4.572 0.000 0.000 0.000 32.575 26.574 26.568 25.557 21.546 15.537 16.532 0.000 0.000 0.000 0.000 0.000 0.000 0.000 0.000 0.000 0.000 0.000 0.000 0.000 14.050 8.047 9.046 9.045 11.045 0.000 0.000 0.000 0.000 0.000 19.891 0.000 0.000 0.000 0.000 0.000 0.000 0.000 0.000 0.000 0.000 0.000
0.000 0.000 15.778 76.684 88.609 89.535 90.502 92.644 95.546 95.400 87.347 89.094 85.730 74.615 63.451 35.361 0.000 0.000 0.000 22.430 43.314 29.198 21.082 34.969 46.861 34.763 37.685 38.645 25.648 31.695 10.752 0.000 0.000 24.569 20.567 27.562 22.553 14.544 13.536 17.532 0.000 0.000 0.000 0.000 0.000 0.000 0.000 0.000 0.000 0.000 0.000 0.000 0.000 0.000 11.043 9.042 9.042 9.040 17.038 0.000 0.000 0.000 0.000 0.365 1.120 6.883 0.000 0.000 0.000 0.000 0.000 0.000 0.000 0.000 0.000
0.000 0.000 58.872 84.809 90.743 89.623 89.858 87.903 95.685 87.655 89.404 83.958 72.875 47.741 0.000 0.000 0.000 0.000 22.642 43.546 30.442 19.334 19.227 21.122 32.023 46.930 37.849 22.814 30.805 32.809 6.810 0.000 0.000 49.566 36.564 25.559 19.551 15.543 12.533 13.528 7.524 0.000 0.000 0.000 0.000 0.000 0.000 0.000 0.000 0.000 0.000 0.000 0.000 0.000 13.039 9.039 9.039 9.038 11.036 0.000 0.000 0.000 0.000 0.000 0.000 0.372 0.000 0.000 0.000 0.000 0.000 0.000 0.000 0.000 0.000
0.000 62.132 59.027 64.948 79.849 91.002 88.038 95.942 95.816 88.595 84.268 73.108 51.989 0.000 0.000 4.692 0.000 0.000 47.738 30.670 19.575 20.471 19.368 22.270 36.178 45.087 45.965 29.960 25.947 36.927 10.868 0.000 0.000 0.000 0.000 0.000 0.000 0.000 16.525 23.523 24.521 10.518 0.000 0.000 0.000 0.000 0.000 0.000 0.000 0.000 0.000 0.000 0.000 0.000 13.037 12.038 15.037 10.036 7.034 16.032 0.000 0.000 0.000 0.000 2.409 7.435 0.000 0.000 0.000 0.000 0.000 0.000 0.000 0.000 0.000
1.382 63.238 60.157 61.077 71.043 87.190 96.181 96.063 87.899 84.650 72.308 46.220 0.000 0.000 21.723 20.693 2.650 0.000 35.904 19.820 20.716 19.609 20.506 35.412 41.332 5.275 0.000 48.114 34.097 12.085 0.000 0.000 0.000 0.000 0.000 0.000 0.000 0.000 34.520 28.519 25.518 21.517 0.000 0.000 0.000 0.000 0.000 0.000 0.000 0.000 0.000 0.000 0.000 1.031 10.033 0.000 0.000 0.000 10.031 14.031 0.000 0.000 0.000 0.000 6.395 0.000 0.000 0.000 0.000 0.000 0.000 0.000 0.000 0.000 0.000
64.494 61.378 59.293 60.164 61.395 65.445 96.294 87.162 82.908 72.486 46.432 0.000 0.000 0.000 25.754 23.706 43.608 27.418 20.154 20.992 19.861 22.743 42.636 39.541 20.463 16.407 21.382 49.284 46.244 10.231 0.000 0.000 0.000 0.000 0.000 0.000 0.000 0.000 41.517 41.516 36.515 27.514 0.000 0.000 0.000 0.000 0.000 0.000 0.000 0.000 0.000 0.000 0.000 13.030 15.031 0.000 0.000 0.000 13.029 14.029 0.000 0.000 0.000 0.000 0.000 0.000 0.000 0.000 0.000 0.000 0.000 0.000 0.000 0.000 0.000
88.580 80.498 65.391 66.537 58.572 96.509 96.403 66.052 70.713 46.602 0.000 0.000 0.000 0.000 27.833 40.771 38.657 20.493 20.301 20.135 30.992 42.865 31.753 20.655 20.573 20.507 21.455 30.398 48.365 44.364 5.413 0.000 0.000 0.000 0.000 0.000 0.000 0.000 27.515 29.514 41.513 42.512 0.000 0.000 0.000 0.000 0.000 0.000 0.000 0.000 0.000 0.000 5.028 15.029 0.000 0.000 0.000 0.000 14.029 12.028 0.000 0.000 0.000 0.000 0.000 0.000 0.000 0.000 0.000 0.000 0.000 0.000 0.000 0.000 0.000
90.693 90.612 85.574 75.718 96.713 96.611 58.222 53.005 0.000 0.000 0.000 0.000 0.000 0.000 38.974 43.889 19.758 21.597 21.422 33.257 42.108 23.974 20.857 20.754 20.667 20.594 20.535 20.486 29.455 49.447 42.463 16.490 7.500 11.503 0.000 0.000 0.000 0.000 0.000 7.512 47.511 47.510 8.508 0.000 0.000 0.000 0.000 0.000 0.000 0.000 0.000 0.000 0.000 0.000 0.000 0.000 0.000 0.000 0.000 21.028 0.000 0.000 0.000 0.000 0.000 0.000 0.000 0.000 0.000 0.000 0.000 0.000 0.000 0.000 0.000
90.813 90.688 94.918 85.965 96.812 58.310 60.983 55.731 0.000 0.000 0.000 0.000 0.000 32.366 44.200 21.053 21.891 21.714 29.534 42.363 20.207 21.069 20.946 20.838 20.746 20.669 20.606 20.557 20.523 24.505 25.502 20.507 21.509 28.505 10.505 0.000 0.000 0.000 0.000 0.000 2.509 38.508 1.507 0.000 0.000 0.000 0.000 0.000 0.000 0.000 0.000 0.000 0.000 0.000 0.000 0.000 0.000 0.000 0.000 0.000 0.000 0.000 0.000 0.000 0.000 0.000 0.000 0.000 0.000 0.000 0.000 0.000 0.000 0.000 0.000
90.901 92.052 89.088 97.005 96.909 62.939 47.319 0.000 0.000 0.000 0.000 0.000 0.000 49.532 26.407 22.234 22.038 23.834 44.637 24.454 21.291 21.147 21.020 20.907 20.810 20.729 20.664 20.613 20.576 19.550 18.535 21.527 3.524 0.000 0.000 0.000 0.000 0.000 0.000 0.000 0.000 31.507 19.506 0.000 0.000 0.000 0.000 0.000 0.000 0.000 0.000 0.000 0.000 0.000 0.000 0.000 0.000 0.000 0.000 0.000 0.000 0.000 0.000 0.000 0.000 0.000 0.000 0.000 0.000 0.000 0.000 0.000 0.000 0.000 0.000
70.081 66.229 97.195 97.100 74.505 55.621 46.434 0.000 0.000 0.000 0.000 0.000 0.000 24.824 20.662 20.439 19.192 31.950 24.726 18.526 19.356 19.210 19.080 18.961 19.858 20.774 20.708 20.656 19.616 17.585 19.560 19.544 16.536 6.534 9.532 11.530 10.528 12.527 0.000 0.000 0.000 0.000 28.505 0.500 0.000 0.000 0.000 0.000 0.000 0.000 0.000 0.000 0.000 0.000 0.000 0.000 0.000 0.000 0.000 0.000 0.000 0.000 0.000 0.000 0.000 0.000 0.000 0.000 0.000 0.000 0.000 0.000 0.000 0.000 0.000
68.424 98.473 97.287 57.116 47.680 0.000 61.641 19.740 0.000 0.000 0.000 0.000 68.621 47.280 17.978 25.670 36.341 35.047 30.790 28.569 28.398 28.257 27.129 21.000 16.888 20.803 20.738 20.689 19.649 19.614 23.575 23.553 24.542 34.536 34.532 30.530 23.528 22.526 1.525 0.000 0.000 0.000 0.000 0.000 0.000 0.000 0.000 0.000 0.000 0.000 0.000 0.000 0.000 0.000 0.000 0.000 0.000 0.000 0.000 0.000 0.000 0.000 0.000 0.000 0.000 0.000 0.000 0.000 0.000 0.000 0.000 0.000 0.000 0.000 0.000
106.019 97.458 97.375 85.216 0.000 28.727 56.727 129.841 105.245 0.000 14.961 4.962 66.963 26.697 24.300 95.922 86.457 82.108 81.820 80.563 79.411 78.292 77.179 48.023 14.891 20.810 20.754 20.712 20.679 12.646 0.000 0.000 0.000 0.000 0.000 0.000 0.000 39.525 18.524 0.000 0.000 0.000 0.000 0.000 0.000 0.000 0.000 0.000 0.000 0.000 0.000 0.000 0.000 0.000 0.000 0.000 0.000 0.000 0.000 0.000 0.000 0.000 0.000 0.000 0.000 0.000 0.000 0.000 0.000 0.000 0.000 0.000 0.000 0.000 0.000
97.612 97.537 81.787 0.000 0.000 0.000 0.294 50.652 38.650 0.000 0.000 0.000 26.572 23.246 32.602 88.261 0.000 0.000 0.000 24.451 33.390 94.323 7.272 0.000 24.842 20.795 20.755 21.726 3.708 0.000 0.000 0.000 0.000 0.000 0.000 0.000 0.000 0.000 39.524 0.000 0.000 0.000 0.000 0.000 0.000 0.000 0.000 0.000 0.000 0.000 0.000 0.000 0.000 0.000 0.000 0.000 0.000 0.000 0.000 0.000 0.000 0.000 0.000 0.000 0.000 0.000 0.000 0.000 0.000 0.000 0.000 0.000 0.000 0.000 0.000
97.682 106.291 108.135 28.423 0.000 5.469 32.469 42.454 20.052 0.000 19.681 65.269 63.506 56.115 0.000 7.261 0.000 0.000 7.401 35.401 80.374 43.340 8.314 0.000 0.000 26.771 20.747 21.730 2.720 0.000 0.000 0.000 0.000 0.000 0.000 0.000 0.000 0.000 0.000 0.000 0.000 0.000 0.000 0.000 0.000 0.000 0.000 0.000 0.000 0.000 0.000 0.000 0.000 0.000 0.000 0.000 0.000 0.000 0.000 0.000 0.000 0.000 0.000 0.000 0.000 0.000 0.000 0.000 0.000 0.000 0.000 0.000 0.000 0.000 0.000
97.748 86.804 29.567 0.000 0.000 0.000 0.000 19.642 0.000 0.000 13.093 56.621 110.070 45.592 0.000 0.000 0.000 0.000 0.000 49.380 84.367 14.348 11.331 0.000 0.000 0.000 25.734 19.727 17.723 15.721 3.721 0.000 0.000 0.000 0.000 0.000 0.000 0.000 0.000 0.000 0.000 0.000 0.000 0.000 0.000 0.000 0.000 0.000 0.000 0.000 0.000 0.000 0.000 0.000 0.000 0.000 0.000 0.000 0.000 0.000 0.000 0.000 0.000 0.000 0.000 0.000 0.000 0.000 0.000 0.000 0.000 0.000 0.000 0.000 0.000
