results3_8e3_rain/res_3e8f-0139.wd
ncols         241
nrows         181
xllcorner     12693529.787448
yllcorner     3542525.717860
cellsize      155.156523
NODATA_value  -9999.000000
[rows 99 to 131 of 181, columns 0 to 72 of 241]
0.000 0.000 0.000 0.000 0.000 60.273 100.273 102.272 93.272 88.272 0.000 0.000 0.000 0.000 0.000 2.270 1.270 68.270 65.270 0.000 0.000 1.269 4.268 63.268 62.267 3.267 0.000 0.000 0.000 10.009 0.000 0.000 0.000 0.000 15.872 61.869 57.859 56.842 57.819 58.792 71.763 60.732 64.697 56.659 58.617 56.573 57.525 62.474 63.421 61.367 65.310 58.252 58.193 60.133 63.069 77.000 77.940 62.893 48.849 0.000 0.000 0.000 0.000 0.000 26.883 81.879 78.868 65.851 40.828 35.805 79.783 56.761 58.740
0.000 0.000 0.000 0.000 0.000 61.273 101.273 101.273 0.000 0.000 0.000 0.000 0.000 0.000 0.000 1.270 13.270 79.270 68.270 6.270 3.269 3.269 66.268 65.268 69.268 0.267 0.000 0.000 0.000 68.009 60.009 0.000 0.000 0.000 74.915 84.910 70.901 63.887 57.869 59.847 78.820 63.790 69.757 69.719 60.678 75.633 67.585 68.534 58.480 66.423 66.366 64.307 58.247 59.188 63.123 60.030 21.967 11.930 0.000 0.000 0.000 0.000 0.000 29.897 66.892 78.888 85.880 75.868 51.853 52.837 66.819 57.802 58.783
6.276 0.000 0.000 0.000 0.000 48.274 97.274 106.274 16.274 0.000 0.000 0.000 0.000 0.000 0.000 0.271 2.271 86.271 67.270 68.270 70.270 67.269 64.269 65.268 63.268 1.268 0.000 0.000 0.000 61.009 61.009 62.008 61.001 60.988 59.962 69.954 78.947 25.938 89.924 79.905 84.881 69.853 14.820 85.783 83.742 82.697 86.648 75.595 58.540 61.482 66.422 66.362 63.302 59.247 48.206 0.000 0.000 0.000 0.000 0.000 0.000 0.000 0.000 39.902 66.902 66.899 77.895 76.888 59.879 59.869 58.857 58.843 58.828
74.276 77.276 9.276 0.000 0.000 58.274 97.274 102.274 112.274 17.274 0.000 0.000 0.000 0.000 8.272 8.272 6.271 23.271 71.271 68.270 86.270 100.269 75.269 60.269 0.000 0.000 0.000 0.000 0.000 0.000 60.011 61.013 61.007 60.999 60.994 59.997 59.997 58.993 59.983 64.968 76.947 70.920 13.888 85.851 86.810 64.764 71.714 88.660 82.603 69.542 59.480 65.416 66.352 69.292 54.249 0.000 0.000 0.000 0.000 0.000 0.000 0.000 0.000 1.907 17.913 63.914 60.913 60.911 58.907 58.902 58.895 58.886 58.875
88.276 71.276 71.276 73.276 75.275 94.275 102.275 102.274 102.274 104.274 78.274 17.274 0.273 66.272 73.272 74.272 36.272 31.271 94.271 102.271 97.270 93.270 76.269 0.269 0.000 0.000 0.000 0.000 0.000 0.000 0.000 61.027 60.015 59.010 60.015 61.043 61.052 61.052 61.048 62.036 81.018 75.993 58.961 60.924 71.882 82.836 59.785 71.730 72.669 65.603 85.538 68.472 60.399 1.348 0.000 0.000 0.000 0.000 0.000 0.000 0.000 0.000 0.000 0.000 9.928 63.929 58.932 58.935 58.937 58.938 58.936 56.932 54.924
103.276 93.276 74.276 78.276 96.275 102.275 102.275 102.275 102.275 97.275 69.274 75.274 3.273 57.273 92.272 100.272 100.272 84.272 99.271 106.271 16.271 0.000 0.000 0.000 0.000 0.000 0.000 0.000 0.000 0.000 0.000 61.053 0.000 0.000 0.000 62.108 61.114 61.118 61.119 62.112 78.096 83.072 60.040 61.002 60.959 78.911 79.860 57.804 65.739 84.664 76.598 54.535 0.000 0.000 0.000 0.000 0.000 0.000 0.000 0.000 0.000 0.000 0.000 0.000 6.942 63.945 58.950 58.959 58.969 57.976 56.980 61.980 62.978
103.276 103.276 98.276 101.276 102.276 102.276 102.275 102.275 102.275 98.275 73.275 90.274 0.000 0.000 70.273 94.273 102.272 103.272 102.272 107.272 10.271 0.000 0.000 0.000 0.000 0.000 0.000 0.000 0.000 0.000 0.000 61.079 0.126 0.153 63.174 61.168 61.176 61.188 61.197 61.197 78.184 83.159 60.125 61.084 61.039 61.991 82.941 76.887 83.821 73.714 54.656 0.000 0.000 0.000 0.000 0.000 0.000 0.000 0.000 0.000 0.000 0.000 0.000 0.000 61.952 58.957 58.967 58.982 59.003 58.017 60.026 64.033 65.035
101.276 102.276 102.276 102.276 102.276 102.276 102.276 102.276 102.275 103.275 98.275 105.275 29.274 8.274 58.273 77.273 100.273 102.272 103.272 91.272 5.272 0.000 0.000 0.000 0.000 0.000 0.000 0.000 0.000 0.000 0.000 55.104 60.129 60.155 59.181 61.213 61.236 61.261 61.285 61.294 78.283 83.255 60.216 61.171 61.122 61.074 66.026 88.981 68.945 0.000 0.000 0.000 0.000 0.000 0.000 0.000 0.000 0.000 0.000 0.000 0.000 0.000 0.000 0.000 14.958 65.965 61.977 63.000 61.043 57.063 64.077 65.088 63.098
98.277 103.277 102.277 102.277 102.276 102.276 102.276 102.276 102.276 102.275 103.275 96.275 80.275 71.274 65.274 92.273 102.273 102.273 107.273 10.272 0.000 0.000 0.000 0.000 0.000 0.000 0.000 0.000 0.000 0.000 0.000 0.000 0.000 0.000 0.000 61.268 61.292 61.335 61.390 61.410 77.398 84.363 61.315 61.260 61.206 61.155 61.108 67.067 20.034 0.000 0.000 0.000 0.000 0.000 0.000 0.000 0.000 0.000 0.000 0.000 0.000 0.000 0.000 0.000 0.000 2.966 0.971 0.000 7.105 66.116 64.129 65.146 62.164
98.277 103.277 102.277 102.277 102.277 102.277 102.277 102.276 102.276 102.276 103.276 88.275 67.275 66.274 75.274 99.274 102.273 102.273 108.273 13.273 4.273 0.000 0.000 0.000 0.000 0.000 0.000 0.000 0.000 0.000 0.000 0.000 0.000 0.000 0.000 57.299 61.330 58.398 61.529 61.557 80.536 84.485 61.418 61.350 61.286 61.232 61.186 58.144 8.089 0.000 0.000 0.000 0.000 0.000 0.000 0.000 0.000 0.000 0.000 0.000 0.000 58.244 0.000 0.000 0.000 0.000 0.000 0.189 62.157 63.165 65.179 65.202 62.232
101.278 102.278 102.278 102.278 102.277 102.277 102.277 102.277 102.277 102.276 102.276 99.276 76.275 77.275 94.274 101.274 102.274 102.274 109.273 26.273 0.000 0.000 0.000 0.000 0.000 0.000 0.000 0.000 0.000 0.000 0.000 0.000 0.000 0.000 0.000 0.000 57.330 0.000 60.772 61.755 89.703 76.622 61.525 61.433 61.358 74.301 64.259 59.234 0.000 0.000 0.000 0.000 0.000 0.000 0.000 0.000 0.000 0.000 0.000 0.000 10.244 69.244 54.244 0.000 0.000 0.000 0.226 63.216 66.202 65.206 62.222 58.250 58.293
102.278 102.278 102.278 102.278 102.278 102.278 102.278 102.277 102.277 102.277 102.276 102.276 104.276 104.275 103.275 102.274 102.274 104.274 93.274 36.274 0.000 0.000 0.000 0.000 0.000 0.000 0.000 0.000 0.000 0.000 0.000 0.000 0.000 0.000 0.000 0.000 0.000 0.000 61.032 61.987 95.901 64.775 61.626 61.501 73.413 82.353 61.315 61.299 60.316 0.000 0.000 0.000 0.000 0.000 0.000 0.000 0.000 0.000 0.000 0.000 0.000 65.244 66.244 53.244 0.242 59.240 61.237 65.230 64.228 62.235 61.253 57.285 65.337
101.279 100.279 102.279 102.279 102.279 102.279 102.278 102.278 102.278 102.277 102.277 102.277 102.276 102.276 102.275 102.275 103.274 86.274 14.274 5.274 63.274 77.274 23.274 0.000 0.000 4.273 0.000 0.000 0.000 0.000 0.000 0.000 0.000 0.000 0.000 3.146 3.130 0.055 57.337 68.259 91.137 61.952 58.703 61.531 61.439 61.384 61.350 61.333 61.332 58.332 0.000 0.000 0.000 0.000 0.000 0.000 0.000 0.000 0.000 0.000 0.000 60.244 56.244 62.244 57.244 65.243 65.242 64.241 60.244 63.253 58.271 57.300 57.351
91.279 91.279 100.279 102.279 102.279 102.279 102.279 102.279 102.278 102.278 102.278 103.277 104.276 102.276 102.275 102.275 102.275 24.274 8.274 63.274 73.274 83.274 82.274 75.274 67.274 8.273 0.000 0.000 0.000 0.000 0.000 0.000 0.000 0.000 3.180 62.163 65.113 64.978 61.719 60.577 69.436 57.194 0.000 57.481 61.430 61.392 61.366 61.352 60.346 0.000 0.000 0.000 0.000 0.000 0.000 0.000 62.243 73.243 0.000 0.000 61.244 59.244 59.244 56.244 64.245 65.245 65.246 62.248 65.253 65.262 63.276 58.294 47.314
73.280 78.280 97.280 103.280 102.280 102.280 102.280 102.280 102.279 102.279 104.278 90.278 86.277 101.276 106.276 103.275 98.275 80.275 83.274 89.274 83.274 84.274 63.274 56.274 2.274 0.000 0.000 0.000 0.000 0.000 0.000 0.000 0.120 0.000 53.197 59.213 62.182 62.102 61.983 61.895 63.835 0.000 0.000 0.000 56.409 61.388 61.372 61.361 61.356 0.000 0.000 0.000 0.000 0.000 0.000 22.243 79.243 61.244 59.244 59.244 59.244 59.244 57.244 62.245 65.246 65.247 61.249 65.253 65.259 64.267 58.276 59.287 49.296
57.280 72.281 91.281 104.281 105.281 105.281 103.281 102.280 103.280 102.280 103.279 41.279 12.277 60.276 78.276 99.275 106.275 104.275 104.275 90.274 13.274 0.000 0.000 0.000 0.000 0.000 0.000 0.000 0.000 8.128 10.128 0.125 0.123 0.122 0.000 58.312 62.300 60.266 61.218 63.184 64.174 0.000 0.000 0.000 0.000 54.380 61.371 61.365 58.361 0.000 0.000 0.000 0.000 0.000 0.000 0.000 21.244 75.244 58.244 58.244 59.244 58.244 58.245 64.245 65.246 63.248 51.251 4.255 69.263 63.269 63.276 63.282 49.287
21.281 43.281 76.282 82.282 76.282 78.282 95.282 103.281 99.281 92.281 91.280 26.280 0.000 0.000 0.000 36.275 71.275 97.275 104.275 1.275 0.000 0.000 0.000 0.000 0.000 0.000 0.000 0.000 0.000 50.128 71.128 16.128 1.128 0.124 0.000 58.421 64.441 63.443 72.438 73.448 63.502 8.662 0.000 0.000 0.000 0.000 58.369 59.367 0.000 0.000 0.000 0.000 0.000 0.000 0.000 0.000 0.000 80.244 83.244 63.244 57.244 55.244 65.244 65.245 60.245 0.000 0.000 0.000 10.267 68.272 65.276 65.280 55.282
0.000 0.000 57.284 66.284 18.284 4.283 67.283 96.283 87.282 83.282 97.281 64.281 24.281 0.000 0.000 0.000 0.000 42.275 73.275 0.000 0.000 0.000 0.000 0.000 0.000 0.000 0.000 0.000 0.000 0.000 55.128 73.128 4.128 0.000 0.000 49.510 63.600 61.627 91.643 84.670 62.726 64.822 10.928 0.000 0.000 0.000 53.369 0.000 0.000 0.000 0.000 0.000 0.000 0.000 0.000 0.000 0.000 0.000 68.244 85.244 70.244 64.244 65.244 60.245 0.000 0.000 0.000 0.000 0.000 60.274 65.276 65.278 60.280
0.000 0.000 53.286 98.285 55.285 4.285 56.284 88.284 90.283 101.283 103.282 106.282 112.282 51.282 20.281 0.000 0.000 0.000 13.276 8.276 0.000 1.275 0.000 0.000 0.000 0.000 0.000 0.000 0.000 0.000 56.128 71.128 1.129 8.129 12.129 0.000 56.821 64.824 94.836 76.862 64.908 63.973 69.034 0.000 0.000 0.000 0.000 0.000 0.000 0.000 0.000 0.000 0.000 0.000 0.000 0.000 0.000 0.000 0.000 6.244 73.244 63.244 61.244 0.000 0.000 0.000 0.000 0.000 59.275 58.275 60.276 54.277 0.000
26.290 41.289 75.288 93.287 101.286 70.286 83.285 106.285 103.284 102.284 102.283 102.283 102.282 108.282 111.281 67.280 26.279 8.278 71.277 85.276 78.275 80.275 36.274 12.273 9.273 0.000 0.000 0.000 0.000 0.000 35.128 57.128 63.129 63.129 66.130 25.130 58.039 87.012 89.014 66.034 64.072 64.128 67.201 12.320 7.373 0.000 0.000 0.000 0.000 0.000 0.000 0.000 0.000 0.000 0.000 0.000 0.000 0.000 0.000 0.000 0.000 0.000 7.244 0.000 0.000 0.000 0.000 61.275 56.275 54.275 0.000 0.000 0.000
99.290 102.290 102.289 100.288 98.288 99.287 101.287 101.286 102.285 103.285 103.284 102.283 95.283 99.282 102.281 106.280 110.279 111.278 103.277 99.276 96.275 91.275 93.274 86.273 42.272 20.272 0.000 0.000 0.000 0.000 0.000 0.000 0.000 0.000 0.000 82.223 71.191 100.173 91.173 78.188 65.220 64.264 64.322 68.387 64.425 0.000 0.000 0.000 0.000 0.000 0.000 0.000 0.000 0.000 0.000 0.000 0.000 0.000 0.000 0.000 0.000 0.000 0.000 0.000 0.000 0.000 0.000 0.000 0.000 0.000 0.000 0.000 0.000
102.291 97.291 95.290 94.290 88.289 85.289 86.288 86.287 92.287 97.286 97.285 90.284 74.283 89.282 102.281 102.280 102.279 102.278 102.277 102.276 103.275 103.275 106.274 107.273 107.272 107.271 46.270 0.000 0.000 0.000 0.000 0.000 0.000 0.000 0.000 54.347 80.330 85.317 69.315 86.328 74.353 64.389 64.434 67.481 10.516 0.000 0.000 0.000 0.000 0.000 0.000 0.000 0.000 0.000 0.000 0.000 0.000 0.000 0.000 0.000 0.000 0.000 0.000 0.000 0.000 0.000 0.000 0.000 0.000 0.000 0.000 0.000 0.000
72.293 45.292 67.292 81.291 79.291 59.290 44.289 40.289 60.288 77.287 76.286 69.285 64.284 74.283 95.281 103.280 102.279 102.278 102.277 102.276 102.276 106.275 81.274 69.273 68.272 72.270 75.269 14.266 3.263 0.119 0.050 0.000 0.000 0.000 0.000 52.488 88.466 71.448 63.444 73.454 84.475 68.506 64.544 64.588 70.641 14.733 8.778 0.812 0.000 0.000 0.000 0.000 0.000 0.000 0.000 0.000 0.000 0.000 0.000 0.000 0.000 0.000 0.000 0.000 0.000 0.000 0.000 0.000 0.000 0.000 0.000 0.000 0.000
62.294 33.294 55.294 70.293 66.293 43.292 29.291 33.290 53.289 67.288 65.287 65.286 66.284 64.283 83.282 100.280 102.279 102.278 102.277 102.276 101.276 64.275 0.000 0.000 0.000 0.000 0.000 0.000 0.000 58.816 78.815 30.813 16.808 12.795 59.752 76.651 93.600 70.563 64.559 62.569 79.588 81.615 67.648 64.685 64.728 67.779 76.815 14.843 9.854 0.000 0.000 0.000 0.000 0.000 0.000 0.000 0.000 0.000 0.000 0.000 0.000 0.000 0.000 0.000 0.000 0.000 0.000 0.000 0.000 0.000 0.000 0.000 0.000
75.296 71.296 66.295 65.295 66.294 68.294 69.293 72.292 71.291 67.289 66.288 66.287 66.285 65.284 72.282 94.281 103.279 102.278 104.277 76.276 42.276 0.000 0.000 0.000 0.000 0.000 0.000 0.000 0.000 23.816 45.815 48.815 52.816 66.827 63.808 84.764 81.718 55.647 62.660 64.674 66.694 79.718 71.746 66.777 64.809 63.839 80.859 71.869 65.865 0.000 0.000 0.000 0.000 0.000 0.000 0.000 0.000 0.000 0.000 0.000 0.000 0.000 0.000 0.000 0.000 0.000 0.000 0.000 0.000 0.000 0.000 0.000 0.000
65.298 66.298 66.297 66.297 66.296 66.295 66.294 66.293 66.292 66.291 66.289 66.288 66.286 66.284 64.282 85.281 102.279 104.277 100.276 26.275 0.000 0.000 0.000 0.000 0.000 0.000 0.000 0.000 0.000 0.000 0.000 0.000 0.000 50.886 67.891 93.879 67.863 0.000 50.760 65.775 63.795 67.818 68.843 77.867 66.891 64.909 63.916 59.908 0.887 0.000 0.000 0.000 0.000 0.000 0.000 0.000 0.000 0.000 0.000 0.000 0.000 0.000 0.000 0.000 0.000 0.000 0.000 0.000 0.000 0.000 0.000 0.000 24.594
66.300 66.300 66.300 66.299 66.298 66.298 66.296 65.295 65.294 66.292 66.291 66.289 66.287 66.285 65.283 73.281 88.278 99.277 87.275 13.274 0.000 0.000 0.000 0.000 0.000 0.000 0.000 0.000 0.000 0.000 0.000 0.000 0.000 27.941 76.992 101.996 11.991 0.000 48.844 66.869 64.894 63.917 71.938 82.959 70.978 64.989 68.986 1.947 0.000 0.000 0.000 0.000 0.000 0.000 0.000 0.000 0.000 0.000 0.000 0.000 0.000 0.000 0.000 0.000 0.000 0.000 0.000 0.000 0.000 0.000 0.000 0.000 81.671
66.303 66.302 66.302 66.301 66.301 66.300 66.299 70.297 71.296 67.294 66.292 66.290 66.288 66.286 66.283 65.281 68.278 77.275 77.273 18.272 0.000 0.000 0.000 0.000 0.000 0.000 19.895 0.000 0.000 0.000 0.000 0.000 0.000 0.248 81.139 96.124 19.113 0.000 32.904 63.964 64.994 65.016 64.035 69.054 71.072 67.085 69.093 0.000 0.000 0.000 0.000 0.000 0.000 0.000 0.000 0.000 0.000 0.000 0.000 0.000 0.000 0.000 0.000 0.000 0.000 0.000 0.000 0.000 0.000 0.000 0.000 65.893 74.802
66.305 66.305 66.305 66.304 66.303 66.302 65.301 77.300 82.298 69.296 66.294 66.292 66.289 66.287 66.284 66.281 66.277 65.274 68.271 49.268 0.000 0.000 0.000 0.000 0.000 61.896 82.895 44.893 35.884 34.872 0.000 0.000 0.000 62.403 104.300 78.247 78.226 5.249 0.000 50.090 67.102 65.117 65.133 63.150 79.169 83.188 77.206 0.348 0.000 0.000 0.000 0.000 0.000 0.000 0.000 0.000 0.000 0.000 0.000 0.000 0.000 0.000 0.000 0.000 0.000 0.000 0.000 0.000 0.000 0.000 40.057 90.985 76.910
66.308 66.308 66.307 66.307 66.306 66.305 65.304 78.302 84.300 68.298 66.296 66.294 66.291 66.288 66.284 66.281 66.277 66.272 66.268 72.263 43.256 0.000 0.000 0.000 1.896 24.896 39.897 61.899 69.887 73.860 47.808 23.739 58.644 96.512 94.412 74.336 56.294 14.271 0.000 50.203 67.208 66.218 69.230 64.245 73.265 96.292 93.334 38.422 2.474 18.499 0.000 0.000 0.000 0.000 0.000 0.000 0.000 0.000 0.000 0.000 0.000 0.000 0.000 0.201 0.000 0.000 0.000 0.000 0.000 0.000 77.130 133.078 116.016
63.311 64.311 65.311 65.310 66.309 66.308 64.306 79.305 82.303 65.301 66.298 66.296 66.293 66.289 66.285 66.281 66.277 66.271 66.265 66.258 72.249 52.238 3.229 0.000 0.000 0.000 0.000 37.921 68.905 64.874 67.826 71.763 83.683 100.588 84.499 52.393 2.344 0.000 0.000 49.310 66.311 69.315 82.324 68.336 78.354 79.380 98.415 102.464 85.501 35.523 0.000 0.000 0.000 0.000 0.000 0.000 0.000 0.000 0.000 0.000 0.000 0.000 0.707 0.007 0.000 0.000 0.000 0.000 0.000 63.345 73.254 74.184 77.118
84.315 79.314 74.314 72.313 68.312 64.311 64.310 79.308 82.306 64.304 66.301 66.298 66.295 66.291 66.287 66.282 65.277 64.271 65.264 65.256 65.246 71.234 48.221 25.208 0.186 0.000 0.000 36.959 74.937 68.904 63.860 76.804 99.736 93.658 61.603 0.000 0.000 0.000 0.000 47.416 65.410 70.409 77.413 72.422 77.437 76.457 89.484 83.515 76.544 49.570 4.600 0.000 0.000 0.000 0.000 0.000 0.000 0.000 0.000 0.000 0.000 0.000 0.015 0.010 10.118 0.000 0.000 6.512 40.512 68.435 137.357 101.292 133.179
104.318 103.318 99.317 94.317 90.316 85.315 80.313 76.311 71.309 65.307 66.304 66.301 66.298 66.294 65.289 67.284 73.278 78.272 77.264 75.255 69.244 64.231 68.215 74.194 38.162 19.125 23.080 57.019 79.980 70.944 66.905 89.859 101.800 57.704 2.654 0.000 0.000 10.608 17.587 51.528 64.505 69.496 85.497 75.503 68.513 61.529 67.548 85.569 82.591 88.612 7.630 0.000 0.000 0.000 0.000 0.000 0.000 0.000 0.000 0.000 0.000 0.000 0.000 0.000 7.119 0.000 0.000 0.000 75.588 66.527 76.459 99.355 75.529
