results3_8e3_rain/res_3e8f-0180.wd
ncols         241
nrows         181
xllcorner     12693529.787448
yllcorner     3542525.717860
cellsize      155.156523
NODATA_value  -9999.000000
[rows 66 to 98 of 181, columns 73 to 145 of 241]
71.654 35.641 0.000 60.789 77.766 76.735 76.706 0.000 48.103 48.087 61.100 57.111 56.091 56.045 54.976 130.876 118.703 0.000 0.000 0.000 51.426 46.363 51.268 54.205 54.153 56.105 57.057 62.000 62.948 63.900 54.866 0.000 0.000 52.157 102.157 84.070 87.935 88.024 86.077 93.996 86.488 86.967 87.706 86.479 86.258 87.053 56.899 0.000 0.000 0.000 0.000 0.000 0.000 0.000 42.826 40.802 40.762 40.708 40.642 40.574 44.502 57.425 54.349 39.274 50.202 59.130 38.059 40.987 46.917 51.847 47.778 41.710 39.644
56.657 62.628 0.465 49.014 72.974 71.945 65.948 19.034 0.000 0.000 54.180 67.259 56.259 55.228 56.184 37.142 0.000 0.000 0.000 0.000 0.000 0.000 62.200 60.174 58.140 41.098 44.050 50.995 51.955 56.922 47.894 0.000 0.000 0.000 62.398 80.306 87.244 87.336 94.422 94.216 86.559 87.248 86.959 86.749 86.539 81.351 39.219 0.000 3.406 36.406 0.000 0.000 0.000 48.907 43.872 40.837 40.794 40.742 40.682 40.616 40.546 40.474 47.401 61.328 62.255 45.184 39.113 40.043 40.974 44.905 43.837 39.770 39.705
58.669 57.600 62.466 60.267 74.172 67.123 68.106 65.120 0.000 0.000 0.000 69.487 64.460 59.424 61.390 8.367 0.000 0.000 0.000 0.000 0.000 0.000 61.159 57.149 48.136 0.000 0.000 48.975 60.956 59.940 0.000 0.000 8.103 64.983 56.730 60.553 67.630 82.691 94.614 86.297 87.852 87.417 87.228 87.011 84.797 67.594 46.406 52.406 50.406 31.406 0.000 0.000 0.000 6.943 57.916 39.880 40.836 44.784 52.726 42.662 40.594 39.524 43.452 58.380 65.308 57.238 43.167 38.098 40.030 39.962 39.896 39.829 38.764
58.712 56.636 60.533 71.413 65.326 58.268 77.233 66.220 18.237 0.000 11.891 61.743 77.668 72.620 72.586 75.568 0.000 0.000 0.000 0.000 7.111 7.116 59.128 50.126 53.120 0.000 0.000 0.000 96.952 123.942 38.929 0.000 64.222 59.119 58.957 58.864 54.946 94.966 94.795 87.343 90.949 87.695 87.487 87.272 79.046 31.820 0.000 54.406 32.406 0.000 0.000 0.000 46.048 45.005 43.970 39.931 43.885 55.833 60.775 58.712 51.645 41.575 50.504 58.432 37.361 43.290 56.221 53.152 49.085 57.019 37.953 39.888 37.822
56.772 62.700 72.616 64.528 56.451 56.390 69.338 77.290 73.254 76.180 78.039 72.926 67.850 69.799 58.767 57.750 0.000 0.000 0.000 8.104 64.106 63.109 51.111 53.107 54.097 58.076 57.063 0.000 7.959 1.945 0.889 10.619 70.445 63.313 58.151 59.241 57.286 95.122 56.958 64.548 79.144 86.965 87.752 85.545 44.296 0.000 0.000 0.000 0.000 0.000 0.000 47.116 41.091 41.061 41.027 41.988 51.941 60.888 59.829 59.765 55.698 51.627 61.556 44.484 39.412 40.342 40.273 50.205 63.139 50.075 38.011 38.946 44.880
62.841 73.775 63.703 56.630 57.562 57.501 59.440 43.347 69.310 67.248 59.158 56.073 55.007 70.961 72.931 59.916 0.000 0.000 0.000 64.102 60.102 57.101 50.100 54.095 54.085 54.069 54.050 13.018 15.980 16.949 18.897 86.763 83.630 72.498 71.453 60.449 95.399 95.266 59.010 65.659 60.435 67.239 86.012 60.862 0.000 0.000 0.000 0.000 0.000 0.000 0.000 47.142 41.138 41.120 41.091 42.052 51.004 60.950 59.889 58.823 55.753 60.681 54.608 38.535 40.463 40.392 40.323 50.257 58.193 37.130 40.069 43.006 61.939
73.916 63.856 56.792 57.727 57.667 58.613 39.573 0.000 26.393 54.342 57.271 57.200 57.145 55.105 79.080 63.068 0.000 0.000 0.000 41.099 58.097 52.095 53.093 54.087 54.078 54.066 54.048 65.025 4.993 8.975 25.982 78.908 88.804 10.692 92.613 82.804 95.515 57.579 71.223 67.867 57.738 54.543 51.194 36.028 0.000 0.000 42.706 0.000 0.000 0.000 0.000 43.170 41.199 41.191 41.164 41.124 42.074 48.017 55.953 55.884 55.811 59.737 37.661 40.586 40.512 39.441 45.372 62.306 45.244 39.185 42.128 23.070 23.989
63.997 56.940 57.881 57.821 57.764 60.711 16.666 14.631 7.528 52.456 57.385 59.312 57.267 56.236 74.216 70.207 0.000 0.000 0.000 0.000 49.092 52.091 54.088 54.083 54.076 54.066 56.054 42.039 0.000 0.000 76.148 79.082 89.990 95.861 89.964 88.001 95.614 78.627 81.330 66.172 59.078 52.004 0.000 0.000 0.000 0.000 40.706 0.000 0.000 0.000 0.000 0.000 44.298 41.281 41.249 41.206 41.153 41.091 41.023 47.949 55.872 43.793 40.713 40.635 40.559 43.486 56.417 56.352 38.292 40.237 43.190 10.156 0.000
57.082 58.027 57.971 57.913 57.856 57.801 61.749 62.698 62.631 58.569 58.500 38.396 55.375 56.355 72.342 71.338 0.000 0.000 0.000 0.000 48.089 54.087 54.085 54.081 54.076 54.070 42.062 0.000 0.000 4.513 81.380 87.283 90.183 90.129 89.207 95.748 88.107 90.824 85.513 70.455 60.395 59.391 59.525 0.000 0.000 0.000 37.706 44.706 37.706 0.000 0.000 0.000 59.414 40.386 41.347 41.298 41.239 42.172 41.098 41.018 40.934 40.849 40.764 40.682 39.603 45.528 60.458 37.394 40.335 40.282 42.238 17.208 0.000
58.170 58.117 58.061 58.004 57.946 57.888 57.833 57.781 57.731 57.687 61.653 0.000 48.482 57.468 73.458 68.464 4.511 0.000 0.000 0.000 53.087 56.085 56.083 56.081 54.077 57.074 0.000 0.000 0.000 73.646 79.574 90.489 90.370 90.479 88.527 95.952 89.238 93.882 89.774 90.708 78.659 66.640 55.659 50.659 52.659 0.000 0.000 43.706 38.705 44.700 45.685 43.647 49.557 59.504 41.454 42.398 51.334 58.260 40.178 41.090 40.998 40.905 40.813 39.726 44.642 63.565 57.494 46.429 39.371 40.318 42.272 57.230 75.185
58.262 58.209 58.153 58.096 58.035 57.973 57.913 60.860 58.826 57.794 61.771 0.000 48.601 57.579 74.558 66.550 6.557 0.000 0.000 0.000 26.085 36.084 35.082 35.080 56.078 41.076 0.000 0.000 0.000 75.851 85.785 90.696 90.655 89.759 96.573 96.280 90.301 91.144 90.003 89.947 90.892 81.849 46.814 0.000 0.000 0.000 0.000 41.708 41.709 38.709 40.708 41.700 40.662 47.618 61.567 44.508 42.438 52.357 40.265 41.166 41.062 40.959 40.859 40.764 48.676 61.596 48.524 60.459 38.401 39.349 44.301 65.256 77.209
58.356 58.303 58.248 58.190 58.127 61.055 62.987 34.922 55.917 58.894 60.866 20.841 51.744 56.687 68.646 66.621 7.611 0.000 0.000 0.000 0.000 0.000 2.081 2.080 37.079 0.000 0.000 0.000 24.288 74.122 91.016 90.898 91.015 89.101 96.840 88.882 94.590 90.286 90.241 90.175 90.116 80.051 40.932 0.000 0.000 0.000 0.000 0.000 44.715 45.720 32.737 40.783 41.773 41.739 45.690 61.628 44.553 41.464 41.360 41.245 41.126 41.010 38.899 44.796 63.702 44.619 43.546 57.482 41.425 39.374 46.328 72.283 77.239
58.452 58.399 58.346 58.291 60.228 36.132 38.059 0.000 18.028 53.998 57.959 61.913 57.845 60.780 65.717 70.675 9.656 0.000 0.000 0.000 0.000 3.081 55.081 62.081 0.000 0.000 0.000 7.572 83.454 85.335 91.230 91.187 90.306 97.321 97.089 89.942 90.658 90.531 90.462 90.399 89.345 69.306 0.000 0.000 0.000 0.000 0.000 0.000 0.000 36.720 0.000 47.923 44.908 40.874 40.825 42.762 59.683 48.586 40.467 41.328 41.188 40.056 44.932 46.819 45.718 42.632 40.560 40.498 40.444 41.395 54.352 76.311 77.271
58.547 58.495 58.445 58.399 63.362 1.348 0.000 24.258 16.168 50.110 59.059 57.006 58.944 70.873 42.766 36.708 1.682 0.000 0.000 0.000 0.000 53.081 59.081 61.081 0.000 0.000 0.000 70.690 75.621 89.534 91.418 91.549 89.645 97.534 89.437 91.114 90.810 90.752 90.678 90.615 82.560 59.523 0.000 0.000 0.000 0.000 0.000 0.000 0.000 0.000 0.000 52.079 47.060 41.024 38.974 41.911 41.831 57.729 50.593 41.413 42.243 40.092 46.955 46.830 43.718 37.631 40.563 40.505 42.456 56.412 75.373 77.338 80.305
59.640 57.588 57.540 57.499 60.469 30.460 27.431 59.349 64.276 58.216 56.162 63.108 73.052 76.001 0.000 0.000 0.000 0.000 0.000 0.000 0.000 21.081 28.081 30.081 0.000 0.000 0.000 72.875 80.812 90.724 91.716 90.754 97.929 97.737 90.466 91.172 91.035 90.959 90.887 90.820 72.758 54.702 0.000 0.000 0.000 0.000 0.000 0.000 0.000 0.000 0.000 50.254 48.229 48.189 45.138 38.076 40.002 40.906 56.764 56.486 53.281 50.113 42.966 41.829 38.692 39.613 40.554 44.505 64.463 76.425 76.391 77.361 76.335
73.728 72.676 71.629 69.588 66.553 67.524 67.485 64.429 65.371 67.317 67.265 73.212 75.154 33.077 0.000 0.000 0.000 0.000 0.000 0.000 0.000 0.000 0.000 0.000 0.000 11.384 19.305 74.125 91.018 91.927 91.877 91.105 98.107 89.937 91.614 91.304 91.240 91.160 91.089 89.022 70.949 41.825 0.000 0.000 0.000 0.000 0.000 0.000 0.000 0.000 0.000 40.454 44.414 47.365 48.311 47.254 44.194 40.130 34.072 0.000 0.000 0.000 0.000 0.000 42.608 40.574 43.536 64.499 77.465 76.433 77.405 80.380 76.360
69.811 71.760 70.713 72.671 74.632 73.596 72.556 70.511 68.463 68.416 69.369 65.321 65.275 0.000 0.000 0.000 0.000 0.000 0.000 0.000 0.000 0.000 0.000 0.000 0.000 60.462 83.406 82.303 91.210 92.098 92.226 90.328 98.273 92.029 91.636 91.514 91.431 91.355 91.287 87.231 67.190 0.000 0.000 0.000 0.000 0.000 0.000 0.000 0.000 0.000 47.838 42.693 39.609 41.545 46.488 48.436 48.389 49.348 40.321 0.000 0.000 0.000 0.000 0.000 43.557 41.541 57.517 78.490 76.464 76.439 76.416 77.396 76.379
57.889 57.838 58.792 65.749 74.710 80.672 68.634 62.594 57.554 55.514 54.474 60.427 39.351 0.000 0.000 0.000 0.000 0.000 0.000 0.000 0.000 0.000 0.000 0.000 0.000 66.598 82.551 90.475 92.389 92.356 91.486 98.567 98.426 94.045 91.853 91.693 91.618 91.541 91.475 86.422 61.391 0.000 0.000 0.000 0.000 0.000 0.000 0.000 0.000 48.105 42.984 42.871 42.785 41.717 38.660 43.613 47.576 48.552 45.544 0.000 0.000 0.000 0.000 46.512 40.522 44.515 72.500 76.481 76.461 76.442 76.424 76.408 76.395
56.962 56.912 60.867 65.825 67.786 70.749 60.713 56.678 57.644 57.613 59.585 37.563 0.000 0.000 0.000 0.000 0.000 0.000 0.000 0.000 0.000 0.000 0.000 0.000 0.000 52.779 81.727 91.657 92.555 92.684 90.794 98.697 91.590 93.266 91.947 91.883 91.796 91.719 91.649 82.593 55.560 0.000 0.000 0.000 0.000 0.000 0.000 0.000 47.338 43.226 43.120 43.024 42.943 42.877 42.823 39.781 38.752 41.741 48.759 48.846 0.000 0.000 0.000 40.503 41.503 59.498 76.487 75.474 75.459 76.443 76.429 76.417 76.406
57.030 56.982 58.938 59.897 57.860 56.824 57.791 56.761 56.733 56.708 61.689 6.678 0.000 0.000 0.000 0.000 0.000 0.000 0.000 0.000 0.000 0.000 0.000 0.000 4.148 61.013 89.924 92.840 92.810 91.940 98.934 98.820 94.587 92.289 92.145 92.056 91.970 91.887 92.810 72.742 60.695 0.000 0.000 46.946 0.000 46.711 48.667 48.583 43.450 43.342 43.246 43.160 43.086 43.024 42.974 42.935 41.909 38.899 47.907 48.932 41.932 0.000 0.000 48.492 40.491 48.486 54.478 57.468 61.456 67.444 73.433 75.423 75.415
58.095 58.049 58.006 57.967 57.931 56.898 56.867 56.840 56.817 55.799 63.786 14.781 0.000 0.000 0.000 0.000 0.000 0.000 0.000 0.000 0.000 0.000 0.000 0.000 45.283 81.200 92.115 93.004 93.145 91.236 99.037 92.037 93.712 92.397 92.323 92.228 92.138 92.050 92.962 64.870 42.782 0.000 0.000 42.946 0.000 41.755 43.707 43.631 43.537 43.446 43.362 43.285 43.218 43.160 43.113 43.076 41.051 43.038 49.038 46.044 0.000 0.000 0.000 47.484 46.482 45.477 44.471 43.463 42.454 46.444 57.436 53.428 55.422
56.155 56.111 56.071 56.034 55.999 55.968 55.940 56.916 58.897 60.883 35.877 2.878 0.000 0.000 0.000 0.000 0.000 0.000 0.000 3.518 12.510 0.000 0.000 15.643 56.501 87.395 93.291 93.280 92.308 99.216 99.131 95.027 92.733 92.585 92.492 92.398 92.305 92.213 88.118 34.994 0.000 0.000 0.000 42.946 48.926 43.848 43.775 43.698 43.620 43.544 43.470 43.402 43.340 43.286 43.241 43.206 40.181 49.166 49.161 45.162 0.000 0.000 0.000 46.477 45.475 46.471 46.465 46.459 46.451 46.444 45.437 45.431 44.426
57.212 57.171 60.133 64.097 67.065 71.035 73.009 75.987 74.970 66.960 4.960 15.976 40.030 8.054 0.000 0.000 0.000 0.000 0.000 43.527 70.502 10.462 0.000 49.784 82.685 92.576 93.476 93.406 92.629 99.290 91.462 93.149 92.833 92.758 92.661 92.567 92.472 93.378 80.303 0.000 0.000 0.000 0.000 22.965 42.985 43.934 45.846 45.766 43.702 43.638 43.574 43.511 43.453 43.402 43.359 40.325 45.300 48.285 49.279 40.281 0.000 0.000 0.000 30.473 51.469 51.466 48.461 45.455 45.449 46.444 47.438 47.433 46.429
59.266 58.227 65.191 74.158 75.127 74.099 73.075 72.054 69.037 63.028 38.026 55.036 73.059 42.079 26.099 2.108 0.000 0.000 14.599 53.560 67.508 6.423 25.260 67.025 91.876 94.760 93.600 93.812 91.788 99.351 93.446 93.161 93.014 92.922 92.829 92.736 92.636 94.524 38.414 0.000 0.000 0.000 0.000 0.000 39.115 45.059 25.908 25.820 42.784 43.734 43.675 43.616 43.561 43.511 42.469 40.435 49.410 49.394 46.389 40.401 46.449 0.000 0.000 0.000 62.464 77.461 70.457 66.452 62.447 58.443 61.438 61.434 44.431
59.316 59.281 62.248 65.216 64.187 62.160 60.136 58.115 56.098 56.087 65.081 67.083 64.092 61.102 65.112 13.116 0.000 0.000 54.638 84.606 35.548 31.460 65.333 89.178 94.045 93.900 94.018 91.973 99.434 91.849 93.564 93.251 93.181 93.088 92.999 92.910 95.814 52.669 0.000 0.000 0.000 0.000 0.000 0.000 41.300 46.278 0.000 0.000 39.882 43.837 43.777 43.717 43.662 43.613 40.571 48.537 49.510 48.492 39.483 43.485 43.497 0.000 0.000 0.000 30.461 60.459 78.454 77.449 77.445 77.442 77.438 71.435 61.432
59.365 59.333 59.302 58.272 58.244 59.218 59.194 59.172 57.154 58.139 63.129 66.124 62.124 57.126 60.129 15.130 0.000 0.000 46.709 56.677 34.619 67.537 82.432 91.313 94.195 94.126 93.224 99.803 99.572 92.839 93.568 93.426 93.339 93.251 93.167 93.092 96.041 0.000 0.000 11.407 20.407 0.000 0.000 42.603 45.508 44.476 51.511 0.411 40.024 43.954 43.880 43.813 43.757 41.707 43.665 49.630 49.602 41.581 42.567 43.559 43.557 0.000 0.000 0.000 0.000 0.000 60.450 76.446 76.443 76.440 76.438 77.435 77.433
59.414 59.385 59.355 59.327 59.299 59.273 59.249 58.227 57.206 61.187 65.171 65.160 60.153 56.150 61.147 14.144 0.000 0.000 42.813 11.773 58.713 82.637 88.546 94.451 94.300 94.510 92.498 100.008 92.256 93.968 93.656 93.587 93.496 93.411 93.327 100.250 84.217 0.000 7.407 57.407 43.407 0.000 0.000 37.698 45.653 44.606 44.554 50.438 48.226 47.078 43.973 43.901 43.844 40.795 48.753 49.717 45.687 40.663 43.644 43.628 45.615 49.626 0.000 0.000 0.000 0.000 0.000 73.442 76.441 76.439 76.437 77.435 75.434
59.464 59.436 59.407 59.380 59.353 59.328 58.303 57.279 59.256 63.232 66.209 62.191 57.179 56.172 59.166 41.155 28.128 29.069 24.958 25.889 65.824 86.752 92.673 94.562 94.700 92.690 100.369 100.197 93.260 93.974 93.829 93.740 93.652 93.567 98.481 41.363 56.359 26.396 57.406 65.408 0.000 0.000 0.000 36.838 45.799 44.740 44.660 54.538 65.363 39.158 49.035 44.972 41.922 43.876 49.834 48.797 39.766 42.740 43.718 43.694 30.649 31.637 0.000 0.000 0.000 0.000 0.000 54.440 75.439 76.437 76.436 80.435 76.434
59.514 59.487 59.459 59.432 59.406 59.381 57.356 57.331 61.305 68.277 69.243 65.217 60.201 58.193 58.190 60.182 60.161 69.121 10.060 44.001 81.941 88.875 94.802 94.768 93.898 100.677 100.527 93.614 94.395 94.058 93.985 93.890 93.804 93.725 101.667 0.000 39.461 41.423 31.413 33.411 0.000 0.000 0.000 40.018 45.967 44.895 50.807 66.693 43.528 0.000 30.035 43.032 40.997 48.953 49.910 45.872 42.839 43.813 43.793 45.780 0.000 0.000 0.000 0.000 0.000 0.000 46.438 27.438 66.437 76.436 76.435 81.434 76.433
59.565 59.538 59.511 59.484 59.458 58.433 57.408 59.384 66.359 43.326 19.267 18.233 15.214 45.209 62.220 57.221 60.214 41.194 3.159 49.115 87.063 93.010 94.898 95.140 93.162 100.814 93.945 94.723 94.292 94.233 94.129 94.036 93.947 94.864 92.793 14.738 14.599 0.000 0.000 0.000 0.000 0.000 39.391 47.248 45.154 44.067 63.981 67.899 0.000 0.000 0.238 39.124 45.081 50.030 49.982 39.940 43.907 43.881 43.863 46.853 0.000 0.000 0.000 0.000 0.000 0.000 25.438 0.000 54.435 76.434 76.434 82.433 76.432
59.615 59.588 59.562 59.535 58.510 57.485 59.461 62.438 70.418 29.403 0.000 0.000 0.000 0.000 44.259 59.269 60.279 46.282 48.267 74.236 91.196 95.120 95.293 93.313 101.056 100.940 94.924 94.619 94.471 94.369 94.271 94.176 94.084 96.992 81.904 10.821 0.000 0.000 0.000 0.000 0.000 0.796 39.533 46.432 45.332 43.240 71.148 32.024 0.000 0.000 45.375 50.257 50.172 50.103 48.047 43.001 43.966 43.940 43.924 45.917 0.000 50.004 2.004 0.000 0.000 0.000 0.000 0.000 47.433 76.433 76.433 76.432 76.432
59.664 59.638 59.612 59.586 58.560 57.535 61.511 65.490 69.474 27.464 0.000 0.000 0.000 0.000 24.289 67.318 62.349 68.387 81.391 90.370 94.330 95.337 94.486 101.261 101.162 94.257 95.033 94.691 94.609 94.505 94.409 94.315 98.220 61.116 33.010 0.000 0.000 0.000 0.000 0.000 2.087 41.945 46.752 45.613 47.503 44.414 68.349 0.000 0.000 40.655 47.498 63.357 52.248 49.165 45.101 43.052 43.015 43.990 43.975 43.974 48.997 45.004 36.004 0.000 0.000 0.000 43.431 45.431 44.432 76.432 76.432 76.432 76.431
59.714 59.688 59.663 59.637 57.611 59.585 65.559 66.537 64.521 51.517 12.533 0.000 0.000 0.000 0.000 20.366 16.414 56.526 87.541 91.520 95.460 95.629 93.752 101.350 93.567 95.346 94.912 94.848 96.736 95.638 94.544 94.456 100.366 23.241 0.000 0.000 0.000 0.000 0.000 23.305 62.206 62.072 49.919 46.766 57.653 52.562 53.484 14.422 2.245 38.812 43.604 54.425 50.298 54.207 48.140 51.091 50.054 47.029 44.013 43.008 43.011 49.012 0.000 0.000 0.000 0.000 40.431 40.431 50.431 76.431 76.431 76.431 76.431
