results3_8e3_rain/res_3e8f-0092.wd
ncols         241
nrows         181
xllcorner     12693529.787448
yllcorner     3542525.717860
cellsize      155.156523
NODATA_value  -9999.000000
[rows 132 to 164 of 181, columns 0 to 72 of 241]
93.453 98.453 102.452 102.451 104.450 104.449 98.447 89.445 75.443 64.440 63.437 64.433 63.429 62.424 67.419 81.413 92.406 97.398 97.389 94.378 86.365 77.350 68.331 62.307 67.276 69.240 68.198 69.151 67.111 62.075 76.040 99.006 65.979 0.000 0.000 0.000 5.602 57.594 69.587 66.560 68.538 74.521 92.514 78.512 62.512 61.514 61.519 73.524 94.531 35.537 8.543 3.558 0.000 0.000 0.000 0.000 0.000 0.000 0.000 0.000 0.000 0.000 0.000 0.000 25.349 5.270 9.190 50.088 72.940 76.838 76.727 86.811 114.274
71.458 73.457 76.457 82.456 92.455 98.454 103.452 103.450 96.447 82.444 71.441 65.437 69.433 76.428 89.423 104.417 103.410 100.402 100.392 103.381 103.368 99.353 87.334 75.312 67.286 62.255 63.222 62.187 63.154 71.125 93.098 101.076 13.062 0.000 0.000 0.000 15.610 43.618 61.651 70.644 71.625 68.602 69.597 79.594 74.590 67.586 71.582 79.579 92.576 33.572 19.564 25.574 5.583 0.000 0.000 0.000 0.000 0.000 0.000 0.000 0.000 0.000 0.000 0.000 7.429 0.000 57.215 79.134 75.011 83.980 75.041 114.401 103.158
63.463 63.462 63.462 65.461 70.460 74.459 81.457 90.455 98.452 101.449 95.446 93.442 95.438 98.433 97.427 90.421 81.414 79.406 79.397 84.386 90.374 97.359 100.342 99.322 88.299 78.274 73.247 71.220 80.194 96.171 97.152 83.138 16.132 0.000 0.000 0.000 0.000 0.000 44.754 71.740 50.715 38.665 53.679 68.677 83.669 87.658 89.646 90.632 86.621 13.613 0.589 28.590 25.592 13.595 19.596 13.596 0.000 0.000 0.000 0.000 0.000 0.000 41.656 11.603 77.508 99.440 132.290 88.261 83.310 64.264 100.326 104.837 104.741
64.468 64.468 64.467 64.466 63.465 62.464 64.462 69.460 75.458 85.455 95.451 97.447 90.443 80.438 74.433 66.427 62.420 62.412 62.403 64.393 69.381 75.368 82.352 94.335 99.315 101.295 100.273 96.251 99.231 92.213 74.200 66.192 45.195 3.219 0.000 0.000 0.000 0.000 37.871 70.847 13.829 0.000 46.777 71.766 90.751 98.732 84.709 87.684 73.662 31.649 0.000 55.604 24.601 16.598 27.597 27.596 0.000 0.000 0.000 0.000 0.000 28.765 47.709 120.647 149.566 132.445 115.996 114.938 106.606 105.244 105.117 104.982 70.205
64.474 64.473 64.473 64.472 64.471 64.470 64.468 63.466 63.463 66.460 72.457 71.453 67.449 63.444 63.439 63.433 64.426 64.419 64.411 64.401 63.390 62.378 64.365 70.350 77.333 86.316 94.298 90.281 79.265 67.252 63.242 68.236 76.237 52.243 30.246 30.229 16.191 17.125 53.012 73.949 23.925 5.933 65.885 97.860 99.837 78.810 81.776 80.731 68.696 57.672 8.646 36.620 10.610 0.000 11.597 0.000 1.290 0.000 0.000 0.000 0.000 9.823 72.766 78.683 74.667 75.824 73.796 105.585 105.478 105.365 72.560 75.336 77.205
64.480 64.479 64.479 64.478 64.477 64.476 64.474 64.472 64.470 64.467 63.464 63.460 63.455 64.450 64.445 64.440 64.434 64.427 64.419 64.411 64.401 64.390 64.378 63.366 62.352 63.338 67.324 65.310 64.298 68.287 71.279 70.274 68.272 70.271 70.266 67.250 67.219 71.171 46.102 32.013 20.988 38.988 83.971 97.951 77.927 70.896 69.853 49.768 45.720 8.696 0.000 0.000 0.000 1.564 0.000 0.000 5.291 20.264 35.215 5.147 19.061 81.908 88.891 86.960 84.943 86.022 105.785 105.687 86.812 93.602 86.454 92.224 84.064
64.486 64.486 64.485 64.484 64.484 64.482 64.481 64.479 64.477 64.474 64.471 64.467 64.462 64.457 64.452 64.447 64.442 64.436 64.429 63.421 70.413 72.403 64.393 63.382 62.371 63.360 65.348 68.338 71.328 70.320 65.314 66.310 73.307 76.304 72.298 66.285 63.265 72.239 3.213 0.000 6.025 79.062 88.061 75.046 67.022 86.995 32.973 0.000 0.000 0.000 0.515 0.521 0.542 1.564 0.000 0.000 30.317 72.286 101.237 62.170 95.050 103.204 100.163 99.252 106.060 105.972 105.880 98.901 100.777 100.474 99.333 98.263 16.178
64.492 64.492 64.492 64.491 64.490 64.489 64.488 64.486 64.484 64.481 67.478 67.474 65.469 69.463 67.459 64.455 64.451 64.446 63.440 61.433 72.426 80.418 66.409 63.400 65.390 68.381 70.372 69.364 66.357 68.351 73.347 75.344 76.342 76.339 71.335 65.328 74.318 93.306 12.297 0.000 0.000 53.174 76.166 73.148 77.122 97.090 31.069 0.000 0.508 0.508 0.509 0.504 0.539 2.568 0.000 28.430 80.377 96.324 99.252 104.248 101.410 98.398 106.299 106.223 106.144 98.217 99.001 99.873 99.552 99.523 92.453 69.359 0.000
64.499 64.499 64.499 64.498 64.497 64.496 64.495 64.494 64.492 65.489 72.487 72.483 49.478 17.469 38.465 68.463 62.460 65.456 71.451 74.446 74.439 70.432 66.425 67.417 70.410 69.402 68.396 70.390 74.385 74.381 76.378 75.377 66.377 61.376 63.376 76.374 95.372 105.371 27.372 0.000 0.000 28.293 84.281 86.260 93.225 92.174 28.145 0.000 0.508 0.000 0.000 0.392 0.000 6.576 32.547 76.490 98.406 101.420 100.507 100.508 99.599 106.444 106.373 98.427 99.226 100.087 99.873 99.727 99.683 91.615 83.573 0.000 0.000
64.506 64.506 64.506 64.505 64.504 64.504 64.503 64.502 64.500 66.498 75.496 86.493 62.490 0.000 5.469 53.472 79.471 71.468 69.464 69.459 67.453 66.447 68.441 70.435 68.429 64.423 66.418 78.414 80.411 70.409 64.409 61.410 61.411 66.414 80.417 96.420 93.425 77.434 49.449 17.485 11.480 55.425 84.404 66.385 57.346 49.237 14.191 0.000 0.000 8.120 0.168 0.131 0.000 25.613 76.581 98.493 100.686 99.676 99.784 106.645 106.580 106.513 98.492 100.375 100.086 99.960 99.904 99.830 93.753 80.688 70.651 0.000 0.000
64.513 64.513 64.513 64.512 64.512 64.511 64.511 64.510 64.509 66.507 76.506 63.504 19.500 1.508 0.000 21.487 75.484 67.481 69.477 68.472 66.468 69.463 70.458 67.452 64.448 60.443 70.440 84.437 71.436 61.436 62.438 67.441 77.446 88.451 99.458 92.466 70.476 65.489 84.506 91.526 92.531 96.521 71.525 32.532 4.537 0.000 0.000 0.000 0.000 21.119 8.120 0.000 30.729 76.659 98.674 100.859 99.875 106.823 106.766 106.707 98.764 99.561 100.449 100.147 100.131 100.070 99.994 100.901 88.820 59.734 48.692 6.692 0.692
63.521 63.520 64.520 64.520 64.519 64.519 64.519 64.518 64.518 67.517 77.516 48.515 0.000 7.516 45.514 47.504 64.498 66.494 54.490 36.487 74.482 69.478 65.474 64.470 62.466 64.463 80.460 83.459 65.460 68.462 80.466 89.472 98.479 96.487 84.497 70.509 63.523 79.540 83.560 71.581 52.597 50.605 38.642 18.680 7.732 1.899 0.146 20.210 15.211 0.000 0.000 24.816 76.831 99.928 100.944 99.053 106.930 106.877 98.931 99.741 100.618 100.424 100.301 100.276 100.223 100.171 103.100 66.965 46.892 0.000 0.000 0.000 0.000
72.528 70.528 67.527 65.527 62.527 62.527 62.527 62.527 61.527 66.526 78.526 61.526 42.529 50.525 68.521 64.516 61.511 67.508 62.504 49.501 69.497 63.494 62.490 62.487 64.484 78.481 86.479 52.479 44.482 94.486 99.493 94.501 83.511 73.521 65.534 61.549 72.567 84.588 52.613 27.640 10.671 1.714 18.757 17.815 7.897 9.029 12.152 40.211 24.211 0.000 0.000 57.068 99.093 98.211 107.080 107.032 106.982 98.971 100.862 100.587 100.478 100.447 102.403 97.351 99.320 100.292 111.270 0.000 0.000 0.000 0.000 0.000 0.000
73.537 75.536 81.534 82.533 82.535 79.536 80.536 79.536 78.536 78.536 80.536 63.536 67.536 66.533 63.531 66.527 66.524 65.521 70.518 72.515 66.512 60.509 62.507 64.504 78.501 83.499 72.497 66.498 75.501 98.508 81.518 72.529 64.541 62.554 64.569 63.587 77.608 86.633 50.662 26.697 14.741 16.799 19.853 11.924 13.013 19.119 21.215 14.272 0.000 0.000 35.306 77.313 107.211 107.170 107.126 99.209 100.013 100.910 100.618 100.613 101.570 101.524 74.479 52.415 87.414 101.408 106.417 46.476 0.000 0.000 0.000 0.000 0.000
66.546 60.545 13.539 15.538 24.543 71.545 68.545 68.545 68.545 72.545 81.545 62.545 63.544 62.543 65.541 69.538 70.536 68.534 67.531 70.529 71.527 68.525 62.523 79.521 85.518 76.515 82.513 99.513 96.517 78.527 66.543 62.557 64.570 64.585 63.601 68.621 84.646 86.674 78.707 81.746 52.795 14.857 6.930 6.017 18.114 25.217 15.315 12.394 4.419 30.529 78.497 107.289 107.251 99.355 100.163 101.048 100.860 100.745 100.729 101.681 99.639 93.598 18.576 0.000 69.512 104.508 101.515 100.535 0.000 0.000 0.000 0.000 0.000
64.557 56.557 0.000 0.000 6.554 67.554 63.555 63.555 63.555 67.555 81.554 59.554 63.554 67.553 69.551 70.550 67.548 64.546 62.545 64.544 74.542 87.541 82.540 83.538 60.536 54.532 106.526 92.524 59.528 19.541 39.568 67.584 64.598 64.613 66.631 59.651 43.679 33.710 45.744 85.785 61.837 14.905 9.992 5.099 14.207 19.321 13.439 18.539 18.627 56.686 107.345 98.548 102.285 101.188 101.001 100.891 100.866 100.829 101.787 101.749 66.709 42.653 28.652 31.658 82.614 103.598 99.599 90.614 8.650 0.000 0.000 0.000 0.000
64.569 64.570 47.576 0.000 7.564 68.565 64.565 64.565 63.565 64.564 79.564 66.564 69.563 71.563 70.562 65.561 62.560 63.559 63.558 62.558 72.557 95.557 91.557 78.556 71.555 62.550 38.535 27.529 14.528 0.000 20.606 69.614 64.626 66.640 49.656 23.675 8.710 5.741 47.775 64.814 33.862 5.934 9.036 14.180 21.295 17.422 11.578 4.739 8.079 55.940 107.416 101.437 101.196 101.017 101.002 100.966 100.924 100.886 98.851 89.819 22.795 0.000 39.719 98.709 103.686 101.672 95.669 85.674 3.685 0.000 0.000 0.000 0.000
61.578 63.579 60.581 0.000 3.575 68.575 63.575 61.574 63.574 67.574 71.574 70.574 70.573 68.573 62.573 63.573 63.572 64.572 64.572 69.572 87.572 86.573 79.574 88.575 86.577 57.578 0.000 0.000 0.000 0.000 18.634 69.640 64.651 67.664 38.678 0.711 34.745 60.770 80.801 49.835 1.863 0.000 0.000 3.291 13.370 13.498 13.683 8.055 5.195 107.615 107.518 100.345 101.189 101.090 101.055 101.016 100.979 102.943 87.910 70.880 30.858 6.847 54.798 84.771 93.751 102.736 91.729 80.728 2.731 0.000 0.000 0.000 0.000
68.587 66.588 55.589 0.000 54.585 62.585 64.585 68.584 69.584 70.584 68.584 69.583 67.584 63.584 63.584 64.584 64.584 63.584 65.585 88.586 87.587 69.588 82.591 80.594 84.599 82.609 45.631 1.646 10.656 40.660 45.657 65.663 64.673 64.688 59.708 51.739 68.763 67.791 61.824 83.860 31.893 0.000 0.000 7.322 12.396 10.512 11.661 35.879 60.322 107.705 102.678 102.421 102.161 101.147 101.106 101.069 102.032 99.997 54.964 31.935 43.909 44.885 98.854 100.828 80.808 90.793 85.784 58.780 23.778 0.000 0.000 0.000 0.000
69.595 70.596 67.597 55.600 69.596 69.595 69.595 70.594 70.594 71.594 83.593 65.593 63.594 63.595 64.595 64.596 64.596 65.597 79.598 90.599 65.601 69.603 96.606 88.611 76.617 79.627 82.640 66.652 71.661 86.667 79.672 67.680 60.691 60.707 71.726 87.752 74.778 46.808 18.844 73.890 62.955 12.063 15.169 20.280 16.378 7.495 9.588 50.888 103.139 107.788 99.658 102.307 103.235 101.196 101.158 101.120 94.084 84.049 41.016 11.986 20.958 21.931 82.904 124.880 105.860 81.845 73.834 52.828 61.825 14.825 0.000 1.000 5.000
74.602 74.603 70.604 70.606 70.605 71.605 71.604 67.604 64.604 63.604 26.603 16.601 67.604 64.606 64.606 64.607 63.608 66.609 90.610 76.612 61.614 67.617 84.621 101.626 96.632 93.640 91.650 87.660 83.668 82.676 90.683 87.693 81.705 77.721 80.740 84.763 46.789 10.820 9.855 25.900 21.974 7.067 16.162 26.251 22.346 13.469 6.630 49.875 107.941 107.866 102.554 104.395 101.281 101.247 102.208 98.170 82.134 75.099 81.066 87.035 71.005 92.978 107.951 124.928 133.908 117.892 79.880 84.872 59.869 0.000 0.000 0.000 0.000
13.608 14.611 74.612 69.613 69.614 64.614 61.614 63.614 58.614 11.615 11.615 0.616 68.616 64.617 64.618 64.619 64.620 82.621 89.623 62.625 64.627 64.631 67.635 73.639 75.645 75.652 71.660 74.669 90.677 83.685 74.693 77.703 84.716 88.731 91.750 88.771 63.797 28.826 11.856 10.881 0.000 0.112 11.164 20.215 4.280 0.000 19.806 80.044 108.013 99.904 103.623 103.358 101.340 101.297 102.258 97.219 84.182 50.147 57.113 100.081 111.051 143.023 133.996 105.972 93.951 110.934 89.922 83.913 58.909 0.000 0.000 0.000 0.000
0.623 9.622 23.618 78.622 63.623 61.623 63.624 63.624 64.624 11.625 2.627 57.630 65.628 64.628 64.629 64.630 66.631 90.633 75.635 61.637 64.640 64.643 64.647 63.652 63.657 63.664 62.671 69.678 98.685 77.693 8.701 16.710 28.725 79.739 89.756 73.776 78.801 65.831 17.862 14.886 0.033 5.072 18.115 10.165 0.000 0.000 37.955 108.152 108.083 102.787 104.522 100.428 101.387 101.346 101.306 101.267 88.230 51.194 66.159 103.126 99.095 133.066 128.038 97.013 101.991 87.973 68.959 86.950 64.946 0.000 0.000 0.000 0.000
62.639 58.635 0.000 70.633 80.633 81.633 62.633 74.634 81.634 57.635 55.637 65.638 64.638 64.639 64.640 64.641 83.642 87.644 62.646 64.649 63.652 62.655 64.659 64.664 64.669 64.674 63.681 71.687 100.694 81.701 27.707 0.720 51.734 76.744 89.758 68.776 58.799 17.836 10.877 13.915 11.971 20.028 24.059 0.000 0.000 16.895 79.129 108.219 100.051 103.765 103.505 101.481 101.435 101.393 101.352 102.313 93.275 82.239 105.204 130.170 118.138 135.107 132.078 126.051 133.027 99.007 75.991 85.981 93.978 22.989 0.000 0.000 0.000
64.645 63.645 58.647 64.644 63.642 11.642 85.643 77.643 64.644 65.645 65.646 64.647 64.648 64.649 64.651 67.652 90.653 73.655 63.657 64.660 70.663 78.666 64.670 62.675 64.680 63.685 66.690 90.696 98.702 73.709 61.717 49.727 71.736 70.746 31.757 16.770 13.785 0.000 2.894 2.926 3.969 5.011 7.035 0.000 20.010 77.128 99.268 108.283 101.013 101.650 101.570 101.525 101.481 101.439 101.398 102.358 93.320 76.283 72.247 105.212 95.178 109.146 112.115 100.086 102.060 74.036 51.017 65.004 131.998 84.999 20.002 10.002 32.002
64.653 64.653 64.653 64.652 64.651 58.651 74.652 90.653 66.653 63.654 64.656 64.657 64.658 64.660 63.661 86.663 88.664 62.666 64.668 65.671 62.674 24.678 83.681 78.686 65.690 63.695 81.700 100.705 84.711 64.717 64.723 65.731 68.738 72.746 9.755 10.763 0.000 0.000 14.879 0.000 0.000 0.000 0.000 0.000 43.158 100.287 108.408 108.346 100.900 101.728 101.609 101.570 101.526 101.483 101.442 100.402 85.363 87.325 107.288 126.253 125.218 130.184 135.151 122.120 120.089 107.061 56.038 54.021 130.012 94.007 32.004 25.003 90.002
64.660 64.660 64.660 64.660 64.660 64.660 64.661 75.662 90.663 66.664 63.665 64.667 64.668 62.670 70.671 91.673 71.675 63.677 65.678 63.680 5.685 2.688 71.692 72.696 78.700 77.704 85.709 84.713 65.718 63.724 65.729 68.735 73.740 73.743 0.000 0.000 0.000 1.862 25.864 12.860 13.858 12.857 0.000 4.453 51.496 105.524 108.467 100.247 101.952 101.684 101.661 101.613 101.569 101.526 101.485 101.445 87.405 83.367 104.329 105.292 105.256 108.221 108.186 107.152 112.116 85.080 61.051 76.032 91.020 30.014 0.000 0.000 34.002
64.667 66.667 66.666 64.667 64.668 64.669 64.670 64.671 75.672 90.673 66.675 61.676 61.678 78.680 90.682 84.684 61.686 64.688 60.689 6.688 3.695 57.700 64.703 64.707 70.710 87.714 87.718 80.722 73.726 65.730 52.735 22.739 87.743 67.745 0.000 0.000 0.000 0.854 14.857 7.857 21.857 10.857 0.000 4.698 24.730 108.585 108.526 101.115 101.843 101.745 101.700 101.655 101.611 101.568 101.527 102.486 97.447 87.408 82.369 81.332 81.294 81.258 81.221 85.184 59.144 3.093 29.056 85.035 81.022 42.015 4.011 0.000 33.002
65.675 2.674 3.672 64.675 63.677 62.678 62.678 61.680 61.681 74.682 89.684 82.686 89.688 91.690 78.692 62.694 69.697 69.699 57.701 0.000 5.709 68.711 64.714 66.717 90.720 97.723 75.726 66.730 73.733 80.737 68.741 4.744 47.747 65.749 0.000 0.000 0.000 1.845 7.849 4.854 18.855 0.000 0.000 4.918 10.276 108.641 106.374 102.077 101.816 101.789 101.740 101.695 101.652 101.609 101.568 101.527 102.487 101.448 99.409 98.370 98.332 99.294 101.257 75.220 17.182 0.000 14.043 70.030 101.020 92.013 65.008 41.004 58.002
64.683 63.683 0.000 63.685 74.685 78.686 82.687 87.688 90.690 91.691 91.693 91.696 77.698 64.700 80.702 97.705 98.708 98.711 91.715 69.722 4.721 65.723 63.725 72.727 100.730 87.732 64.735 63.738 65.741 68.744 59.747 4.750 24.752 24.754 0.000 0.000 0.000 7.837 2.843 0.000 1.855 0.000 12.844 14.231 5.572 108.695 110.322 105.954 101.872 101.825 101.779 101.734 101.691 101.649 101.608 101.567 101.527 101.488 101.448 101.408 102.368 105.330 77.293 10.256 0.000 0.000 0.000 15.022 71.014 102.008 93.003 69.001 46.002
64.692 66.692 62.696 64.694 79.694 78.695 74.696 70.697 69.698 65.700 86.703 76.705 87.707 78.710 94.713 90.715 83.718 84.722 95.725 101.729 90.731 91.733 83.735 91.737 99.739 72.741 63.744 64.746 64.748 63.751 63.753 65.755 60.758 9.762 69.770 60.775 0.000 1.822 0.000 0.000 0.000 3.586 81.699 78.921 108.792 108.745 104.201 105.023 101.903 101.862 101.816 101.772 101.729 101.688 101.647 101.607 101.567 101.528 101.488 103.447 108.402 77.364 17.329 0.000 0.000 0.000 0.000 0.000 12.007 63.000 97.997 47.995 0.000
66.699 2.699 61.701 64.702 64.702 64.703 63.704 64.705 66.706 64.709 76.712 71.714 80.717 91.720 79.723 64.726 65.729 66.732 67.736 72.739 85.741 95.744 101.745 99.747 88.749 64.751 64.752 64.754 64.756 64.757 65.759 88.761 61.763 1.767 65.772 15.780 9.794 2.808 0.000 0.000 0.000 13.503 101.713 103.909 108.836 102.540 102.237 101.970 101.946 101.897 101.852 101.809 101.766 101.725 101.685 101.646 101.607 101.569 103.530 88.489 42.429 9.397 0.000 0.000 0.000 0.000 0.000 0.000 0.000 33.990 95.989 47.988 0.000
67.708 0.709 61.710 64.710 64.710 64.711 64.712 65.713 3.712 63.718 67.721 78.724 78.727 86.730 91.733 77.736 62.739 62.743 62.746 64.749 66.752 67.754 68.756 68.758 67.759 66.760 62.761 62.762 63.763 64.764 75.765 89.766 60.767 54.769 56.771 0.000 0.000 2.808 0.000 0.000 0.000 17.522 100.630 108.919 108.878 101.395 102.119 102.021 101.976 101.931 101.887 101.844 101.803 101.762 101.723 101.684 101.647 101.610 106.576 62.548 0.000 0.000 0.000 0.000 0.000 0.000 0.000 0.000 0.000 36.981 96.980 55.979 0.000
