results3_8e3_rain/res_3e8f-0162.wd
ncols         241
nrows         181
xllcorner     12693529.787448
yllcorner     3542525.717860
cellsize      155.156523
NODATA_value  -9999.000000
[rows 66 to 98 of 181, columns 73 to 145 of 241]
71.391 35.379 0.000 60.516 77.494 76.463 76.436 0.000 47.835 47.820 60.833 56.844 55.824 55.779 54.710 130.611 118.439 0.000 0.000 0.000 51.171 46.108 51.014 53.953 53.901 55.853 56.807 61.752 62.702 63.653 54.615 0.000 0.000 51.900 101.900 83.813 87.676 87.764 85.817 93.736 86.225 86.704 87.443 86.215 85.993 86.788 56.633 0.000 0.000 0.000 0.000 0.000 0.000 0.000 41.826 39.802 39.762 39.709 39.645 39.578 43.507 56.431 53.357 38.284 49.212 58.142 37.072 40.002 45.933 50.865 46.797 40.731 38.666
56.393 62.367 0.225 48.739 72.702 71.673 65.676 18.763 0.000 0.000 53.913 66.992 55.993 54.962 55.918 36.876 0.000 0.000 0.000 0.000 0.000 0.000 61.947 59.921 57.889 40.848 43.801 50.748 51.709 56.675 47.645 0.000 0.000 0.000 62.140 80.048 86.985 87.077 94.163 93.957 86.297 86.986 86.697 86.486 86.275 81.087 38.954 0.000 3.142 36.142 0.000 0.000 0.000 47.905 42.870 39.836 39.794 39.743 39.683 39.619 39.551 39.479 46.407 60.336 61.265 44.195 38.125 39.057 39.989 43.921 42.855 38.789 38.725
58.403 57.334 62.198 59.995 73.901 66.851 67.835 64.849 0.000 0.000 0.000 69.220 64.193 59.157 61.123 8.100 0.000 0.000 0.000 0.000 0.000 0.000 60.907 56.897 47.884 0.000 0.000 48.729 60.710 59.694 0.000 0.000 7.844 64.725 56.472 60.295 67.372 82.432 94.355 86.036 87.591 87.155 86.966 86.748 84.534 67.330 46.142 52.142 50.142 31.142 0.000 0.000 0.000 5.940 56.914 38.878 39.835 43.784 51.727 41.664 39.597 38.528 42.458 57.387 64.317 56.247 42.178 37.111 39.044 38.977 38.912 38.847 37.783
58.444 56.368 60.264 71.143 65.055 57.997 76.962 65.949 17.966 0.000 11.622 61.475 77.400 72.352 72.318 75.300 0.000 0.000 0.000 0.000 6.860 6.864 58.876 49.874 52.868 0.000 0.000 0.000 96.707 123.698 38.690 0.000 63.963 58.860 58.699 58.606 54.688 94.708 94.537 87.083 90.688 87.434 87.225 87.010 78.784 31.557 0.000 54.142 32.142 0.000 0.000 0.000 45.044 44.002 42.967 38.928 42.884 54.832 59.775 57.713 50.647 40.578 49.508 57.438 36.368 42.299 55.231 52.164 48.098 56.033 36.968 38.904 36.840
56.503 62.431 72.346 64.257 56.181 56.118 69.067 77.019 72.984 75.910 77.769 72.657 67.582 69.531 58.499 57.482 0.000 0.000 0.000 7.853 63.855 62.857 50.859 52.856 53.846 57.825 56.812 0.000 7.713 1.700 0.642 10.354 70.185 63.054 57.893 58.983 57.029 94.865 56.699 64.289 78.885 86.705 87.491 85.284 44.034 0.000 0.000 0.000 0.000 0.000 0.000 46.111 40.086 40.057 40.023 40.985 50.939 59.887 58.829 58.766 54.699 50.630 60.560 43.489 38.419 39.349 39.282 49.215 62.151 49.088 37.025 37.962 43.898
62.571 73.505 63.433 56.359 57.291 57.230 59.168 43.076 69.040 66.977 58.888 55.804 54.738 70.692 72.662 59.648 0.000 0.000 0.000 63.850 59.850 56.850 49.848 53.843 53.834 53.818 53.799 12.768 15.731 16.700 18.645 86.506 83.372 72.241 71.195 60.192 95.142 95.009 58.752 65.400 60.176 66.980 85.752 60.601 0.000 0.000 0.000 0.000 0.000 0.000 0.000 46.136 40.132 40.115 40.086 41.048 50.001 59.947 58.887 57.822 54.754 59.683 53.611 37.539 39.468 39.399 39.331 49.266 57.203 36.142 39.082 42.020 60.955
73.646 63.585 56.521 57.456 57.395 58.341 39.301 0.000 26.123 54.072 57.001 56.931 56.876 54.836 78.811 62.799 0.000 0.000 0.000 40.848 57.846 51.844 52.841 53.836 53.827 53.815 53.798 64.775 4.743 8.724 25.729 78.653 88.548 10.435 92.357 82.548 95.258 57.323 70.966 67.610 57.481 54.285 50.935 35.768 0.000 0.000 41.692 0.000 0.000 0.000 0.000 42.164 40.193 40.185 40.158 40.119 41.070 47.013 54.950 54.882 54.811 58.737 36.663 39.589 39.516 38.446 44.378 61.314 44.253 38.195 41.140 22.083 23.004
63.726 56.669 57.610 57.550 57.492 60.439 16.394 14.359 7.257 52.185 57.115 59.042 56.997 55.967 73.947 69.938 0.000 0.000 0.000 0.000 48.841 51.839 53.837 53.832 53.825 53.815 55.803 41.789 0.000 0.000 75.894 78.827 89.735 95.606 89.708 87.746 95.358 78.371 81.074 65.916 58.821 51.747 0.000 0.000 0.000 0.000 39.692 0.000 0.000 0.000 0.000 0.000 43.290 40.274 40.242 40.199 40.147 40.086 40.019 46.946 54.870 42.792 39.714 39.637 39.562 42.491 55.423 55.359 37.300 39.246 42.200 9.167 0.000
56.810 57.756 57.699 57.641 57.584 57.529 61.477 62.426 62.360 58.298 58.230 38.126 55.105 56.086 72.072 71.068 0.000 0.000 0.000 0.000 47.837 53.836 53.834 53.830 53.825 53.819 41.811 0.000 0.000 4.260 81.126 87.030 89.929 89.875 88.953 95.491 87.852 90.568 85.257 70.199 60.139 59.135 59.270 0.000 0.000 0.000 36.692 43.692 36.692 0.000 0.000 0.000 58.404 39.377 40.339 40.290 40.232 41.166 40.093 40.014 39.931 39.847 39.764 39.683 38.605 44.531 59.463 36.399 39.341 39.290 41.247 16.218 0.000
57.899 57.845 57.789 57.732 57.673 57.615 57.560 57.508 57.460 57.416 61.382 0.000 48.212 57.199 73.189 68.194 4.241 0.000 0.000 0.000 52.835 55.834 55.832 55.829 53.826 56.823 0.000 0.000 0.000 73.394 79.321 90.236 90.117 90.225 88.274 95.696 88.984 93.628 89.519 90.453 78.404 66.384 55.404 50.404 52.404 0.000 0.000 42.693 37.692 43.686 44.672 42.635 48.545 58.493 40.444 41.389 50.326 57.253 39.172 40.085 39.994 39.902 39.812 38.726 43.644 62.568 56.498 45.434 38.376 39.325 41.280 56.239 74.196
57.990 57.937 57.881 57.823 57.762 57.699 57.640 60.588 58.554 57.523 61.501 0.000 48.332 57.309 74.288 66.280 6.287 0.000 0.000 0.000 25.834 35.833 34.831 34.829 55.827 40.825 0.000 0.000 0.000 75.599 85.533 90.444 90.403 89.506 96.320 96.025 90.047 90.891 89.749 89.692 90.638 81.595 46.559 0.000 0.000 0.000 0.000 40.694 40.696 37.696 39.695 40.687 39.649 46.606 60.556 43.498 41.428 51.348 39.258 40.159 40.057 39.956 39.857 39.763 47.677 60.598 47.526 59.463 37.406 38.354 43.308 64.264 76.219
58.084 58.031 57.976 57.918 57.853 60.778 62.712 34.648 55.646 58.623 60.596 20.571 51.474 56.418 68.376 66.351 7.340 0.000 0.000 0.000 0.000 0.000 1.830 1.829 36.828 0.000 0.000 0.000 24.037 73.871 90.765 90.647 90.763 88.849 96.588 88.630 94.337 90.033 89.988 89.921 89.862 79.797 40.678 0.000 0.000 0.000 0.000 0.000 43.701 44.707 31.724 39.769 40.759 40.725 44.677 60.616 43.542 40.454 40.352 40.238 40.121 40.006 37.896 43.795 62.702 43.620 42.548 56.485 40.429 38.379 45.334 71.291 76.248
58.180 58.127 58.074 58.018 59.953 35.850 37.781 0.000 17.758 53.728 57.689 61.643 57.576 60.511 65.448 70.406 9.383 0.000 0.000 0.000 0.000 2.830 54.830 61.829 0.000 0.000 0.000 7.322 83.204 85.084 90.979 90.936 90.055 97.070 96.837 89.690 90.406 90.278 90.210 90.146 89.092 69.053 0.000 0.000 0.000 0.000 0.000 0.000 0.000 35.707 0.000 46.908 43.892 39.859 39.811 41.748 58.670 47.574 39.457 40.320 40.182 39.050 43.929 45.817 44.717 41.632 39.560 39.499 39.446 40.399 53.357 75.317 76.279
58.275 58.223 58.174 58.129 63.093 1.080 0.000 23.990 15.899 49.841 58.790 56.737 58.675 70.604 42.498 36.441 1.413 0.000 0.000 0.000 0.000 52.829 58.829 60.829 0.000 0.000 0.000 70.440 75.372 89.284 91.168 91.299 89.394 97.284 89.186 90.863 90.558 90.500 90.426 90.362 82.308 59.270 0.000 0.000 0.000 0.000 0.000 0.000 0.000 0.000 0.000 51.062 46.043 40.008 37.958 40.895 40.817 56.716 49.581 40.403 41.236 39.086 45.951 45.827 42.716 36.631 39.563 39.506 41.458 55.415 74.377 76.342 79.310
59.368 57.317 57.270 57.230 60.201 30.197 27.166 59.081 64.008 57.948 55.893 62.839 72.783 75.732 0.000 0.000 0.000 0.000 0.000 0.000 0.000 20.829 27.829 29.829 0.000 0.000 0.000 72.626 80.562 90.474 91.466 90.505 97.680 97.488 90.215 90.921 90.784 90.707 90.635 90.569 72.506 54.450 0.000 0.000 0.000 0.000 0.000 0.000 0.000 0.000 0.000 49.235 47.211 47.171 44.120 37.059 38.985 39.891 55.750 55.475 52.272 49.106 41.961 40.826 37.690 38.612 39.554 43.506 63.464 75.426 75.393 76.364 75.339
73.457 72.405 71.359 69.319 66.285 67.257 67.218 64.161 65.103 67.049 66.996 72.943 74.885 32.808 0.000 0.000 0.000 0.000 0.000 0.000 0.000 0.000 0.000 0.000 0.000 11.136 19.057 73.877 90.769 91.678 91.628 90.856 97.859 89.688 91.364 91.053 90.990 90.909 90.838 88.771 70.698 41.574 0.000 0.000 0.000 0.000 0.000 0.000 0.000 0.000 0.000 39.433 43.394 46.344 47.291 46.235 43.175 39.112 33.054 0.000 0.000 0.000 0.000 0.000 41.606 39.573 42.535 63.498 76.465 75.434 76.406 79.382 75.362
69.540 71.489 70.443 72.401 74.364 73.328 72.289 70.243 68.195 68.147 69.100 65.052 65.007 0.000 0.000 0.000 0.000 0.000 0.000 0.000 0.000 0.000 0.000 0.000 0.000 60.215 83.158 82.055 90.962 91.850 91.977 90.080 98.025 91.780 91.387 91.264 91.181 91.105 91.037 86.980 66.940 0.000 0.000 0.000 0.000 0.000 0.000 0.000 0.000 0.000 46.814 41.670 38.587 40.522 45.466 47.414 47.367 48.327 39.301 0.000 0.000 0.000 0.000 0.000 42.554 40.539 56.515 77.489 75.463 75.438 75.416 76.396 75.380
57.618 57.567 58.521 65.480 74.441 80.404 68.366 62.326 57.286 55.246 54.205 60.159 39.083 0.000 0.000 0.000 0.000 0.000 0.000 0.000 0.000 0.000 0.000 0.000 0.000 66.350 82.304 90.228 92.142 92.109 91.238 98.320 98.179 93.797 91.604 91.444 91.368 91.292 91.226 86.173 61.141 0.000 0.000 0.000 0.000 0.000 0.000 0.000 0.000 47.079 41.958 41.846 41.760 40.692 37.636 42.589 46.553 47.529 44.521 0.000 0.000 0.000 0.000 45.509 39.519 43.512 71.498 75.479 75.459 75.440 75.422 75.407 75.394
56.690 56.641 60.596 65.555 67.516 70.480 60.444 56.409 57.376 57.345 59.317 37.295 0.000 0.000 0.000 0.000 0.000 0.000 0.000 0.000 0.000 0.000 0.000 0.000 0.000 52.532 81.480 91.410 92.308 92.437 90.546 98.451 91.343 93.018 91.699 91.634 91.548 91.470 91.400 82.344 55.310 0.000 0.000 0.000 0.000 0.000 0.000 0.000 46.311 42.199 42.093 41.997 41.917 41.850 41.797 38.755 37.726 40.714 47.733 47.818 0.000 0.000 0.000 39.499 40.500 58.495 75.484 74.471 74.456 75.441 75.427 75.414 75.404
56.759 56.711 58.667 59.627 57.590 56.555 57.522 56.492 56.464 56.440 61.421 6.410 0.000 0.000 0.000 0.000 0.000 0.000 0.000 0.000 0.000 0.000 0.000 0.000 3.902 60.766 89.677 92.593 92.563 91.693 98.688 98.574 94.340 92.042 91.898 91.809 91.722 91.639 92.562 72.493 60.446 0.000 0.000 45.922 0.000 45.685 47.641 47.556 42.423 42.315 42.219 42.133 42.059 41.996 41.946 41.907 40.881 37.870 46.878 47.903 40.903 0.000 0.000 47.488 39.487 47.482 53.474 56.464 60.452 66.441 72.430 74.420 74.412
57.823 57.777 57.735 57.697 57.661 56.628 56.598 56.572 56.549 55.531 63.518 14.513 0.000 0.000 0.000 0.000 0.000 0.000 0.000 0.000 0.000 0.000 0.000 0.000 45.037 80.954 91.869 92.758 92.898 90.990 98.791 91.791 93.466 92.151 92.076 91.981 91.891 91.803 92.714 64.622 42.534 0.000 0.000 41.923 0.000 40.730 42.681 42.604 42.509 42.418 42.333 42.257 42.189 42.131 42.083 42.046 40.021 42.008 48.007 45.013 0.000 0.000 0.000 46.479 45.477 44.473 43.466 42.458 41.449 45.440 56.431 52.424 54.417
55.883 55.840 55.800 55.763 55.729 55.698 55.671 56.647 58.628 60.615 35.609 2.611 0.000 0.000 0.000 0.000 0.000 0.000 0.000 3.273 12.264 0.000 0.000 15.397 56.255 87.149 93.046 93.034 92.062 98.971 98.885 94.781 92.487 92.339 92.246 92.152 92.059 91.966 87.871 34.746 0.000 0.000 0.000 41.923 47.903 42.823 42.749 42.671 42.592 42.515 42.441 42.371 42.309 42.255 42.209 42.174 39.149 48.134 48.128 44.129 0.000 0.000 0.000 45.472 44.470 45.466 45.460 45.453 45.446 45.439 44.432 44.426 43.421
56.940 56.899 59.861 63.826 66.794 70.765 72.740 75.719 74.702 66.693 4.693 15.710 39.765 7.790 0.000 0.000 0.000 0.000 0.000 43.281 70.256 10.217 0.000 49.539 82.439 92.331 93.230 93.160 92.384 99.044 91.217 92.904 92.588 92.513 92.415 92.321 92.226 93.132 80.057 0.000 0.000 0.000 0.000 21.943 41.963 42.911 44.821 44.740 42.674 42.609 42.543 42.480 42.421 42.370 42.326 39.291 44.266 47.250 48.244 39.246 0.000 0.000 0.000 29.468 50.464 50.460 47.455 44.449 44.443 45.437 46.432 46.427 45.423
58.993 57.955 64.920 73.887 74.857 73.829 72.805 71.785 68.769 62.760 37.760 54.770 72.794 41.815 25.837 1.846 0.000 0.000 14.353 53.314 67.262 6.177 25.015 66.780 91.631 94.515 93.355 93.567 91.543 99.106 93.202 92.917 92.770 92.678 92.585 92.491 92.391 94.279 38.168 0.000 0.000 0.000 0.000 0.000 38.094 44.038 24.884 24.793 41.755 42.703 42.643 42.583 42.527 42.477 41.434 39.399 48.374 48.358 45.353 39.364 45.411 0.000 0.000 0.000 61.458 76.455 69.451 65.446 61.441 57.436 60.431 60.427 43.424
59.043 59.009 61.976 64.945 63.916 61.890 59.866 57.846 55.830 55.819 64.815 66.818 63.828 60.839 64.849 12.855 0.000 0.000 54.392 84.360 35.302 31.215 65.088 88.933 93.800 93.656 93.774 91.728 99.189 91.606 93.321 93.008 92.937 92.844 92.755 92.666 95.570 52.424 0.000 0.000 0.000 0.000 0.000 0.000 40.283 45.261 0.000 0.000 38.850 42.804 42.744 42.683 42.626 42.576 39.534 47.499 48.472 47.454 38.445 42.446 42.458 0.000 0.000 0.000 29.455 59.452 77.447 76.442 76.438 76.434 76.430 70.427 60.424
59.092 59.060 59.030 58.000 57.973 58.947 58.924 58.903 56.886 57.872 62.863 65.859 61.860 56.864 59.867 14.869 0.000 0.000 46.463 56.431 34.373 67.292 82.188 91.068 93.951 93.882 92.980 99.559 99.328 92.596 93.325 93.184 93.096 93.008 92.924 92.849 95.798 0.000 0.000 11.166 20.166 0.000 0.000 41.590 44.494 43.463 50.502 0.000 38.990 42.922 42.845 42.777 42.719 40.669 42.626 48.590 48.562 40.541 41.526 42.519 42.516 0.000 0.000 0.000 0.000 0.000 59.442 75.438 75.434 75.431 75.429 76.426 76.424
59.140 59.111 59.082 59.054 59.028 59.002 58.979 57.957 56.937 60.920 64.905 64.895 59.890 55.888 60.887 13.885 0.000 0.000 42.566 11.527 58.467 82.392 88.301 94.207 94.057 94.266 92.255 99.765 92.014 93.726 93.415 93.346 93.255 93.169 93.085 100.007 83.974 0.000 7.166 57.166 43.166 0.000 0.000 36.686 44.641 43.593 43.541 49.421 47.199 46.047 42.938 42.863 42.804 39.754 47.711 48.675 44.645 39.621 42.601 42.586 44.573 48.584 0.000 0.000 0.000 0.000 0.000 72.433 75.431 75.429 75.427 76.425 74.423
59.190 59.162 59.134 59.107 59.081 59.056 58.032 57.009 58.987 62.965 65.943 61.927 56.917 55.911 58.908 40.899 27.875 28.819 24.710 25.642 65.578 86.507 92.429 94.318 94.457 92.447 100.127 99.954 93.019 93.733 93.588 93.499 93.411 93.327 98.240 41.122 56.118 26.155 57.165 65.167 0.000 0.000 0.000 35.828 44.789 43.729 43.648 53.522 64.340 38.128 47.997 43.931 40.879 42.832 48.790 47.753 38.721 41.696 42.673 42.650 29.606 30.595 0.000 0.000 0.000 0.000 0.000 53.429 74.428 75.426 75.425 79.423 75.422
59.240 59.212 59.186 59.159 59.133 59.109 57.084 57.061 61.036 68.009 68.977 64.953 59.939 57.933 57.933 59.927 59.909 68.871 9.812 43.754 81.695 88.630 94.558 94.524 93.655 100.435 100.286 93.373 94.155 93.819 93.746 93.651 93.564 93.486 101.427 0.000 39.220 41.182 31.172 33.170 0.000 0.000 0.000 39.009 44.958 43.887 49.798 65.681 42.510 0.000 28.992 41.986 39.950 47.906 48.863 44.825 41.793 42.767 42.747 44.734 0.000 0.000 0.000 0.000 0.000 0.000 45.427 26.427 65.425 75.424 75.423 80.422 75.420
59.290 59.263 59.236 59.210 59.185 58.160 57.136 59.113 66.088 43.058 19.001 17.969 14.953 44.950 61.964 56.968 59.962 40.944 2.911 48.869 86.818 92.766 94.654 94.897 92.920 100.573 93.706 94.483 94.053 93.995 93.891 93.798 93.709 94.626 92.555 14.499 14.359 0.000 0.000 0.000 0.000 0.000 38.379 46.241 44.148 43.063 62.976 66.893 0.000 0.000 0.000 38.072 44.030 48.980 48.932 38.891 42.858 42.832 42.814 45.805 0.000 0.000 0.000 0.000 0.000 0.000 24.427 0.000 53.422 75.422 75.421 81.420 75.419
59.339 59.313 59.287 59.261 58.236 57.211 59.188 62.166 70.147 29.132 0.000 0.000 0.000 0.000 44.006 59.018 60.028 46.033 48.020 73.991 90.951 94.877 95.050 93.071 100.816 100.700 94.685 94.381 94.234 94.132 94.035 93.940 93.848 96.755 81.666 10.583 0.000 0.000 0.000 0.000 0.000 0.000 38.518 45.426 44.331 42.242 70.150 31.021 0.000 0.000 44.313 49.199 49.117 49.050 46.995 41.950 42.915 42.889 42.873 44.867 0.000 48.950 0.950 0.000 0.000 0.000 0.000 0.000 46.419 75.419 75.419 75.418 75.418
59.388 59.362 59.337 59.311 58.286 57.261 61.238 65.217 69.201 27.192 0.000 0.000 0.000 0.000 24.037 67.068 62.100 68.140 81.145 90.125 94.086 95.094 94.244 101.021 100.922 94.019 94.796 94.454 94.373 94.270 94.175 94.081 97.986 60.880 32.773 0.000 0.000 0.000 0.000 0.000 1.118 40.936 45.749 44.614 46.508 43.423 67.362 0.000 0.000 39.569 46.427 62.294 51.190 48.109 44.047 41.999 41.963 42.938 42.923 42.922 47.943 43.950 34.950 0.000 0.000 0.000 42.416 44.416 43.417 75.417 75.417 75.417 75.416
59.437 59.412 59.387 59.361 57.336 59.310 65.285 66.264 64.248 51.244 12.260 0.000 0.000 0.000 0.000 20.117 16.166 56.280 87.296 91.276 95.217 95.387 93.511 101.110 93.328 95.108 94.675 94.612 96.502 95.404 94.312 94.225 100.134 23.007 0.000 0.000 0.000 0.000 0.000 22.335 61.246 61.087 48.927 45.774 56.665 51.579 52.512 13.482 1.273 37.712 42.531 53.361 49.239 53.150 47.085 50.036 49.000 45.975 42.960 41.954 41.957 47.958 0.000 0.000 0.000 0.000 39.415 39.416 49.416 75.416 75.416 75.416 75.415
