results3_8e3_rain/res_3e8f-0017.wd
ncols         241
nrows         181
xllcorner     12693529.787448
yllcorner     3542525.717860
cellsize      155.156523
NODATA_value  -9999.000000
[rows 34 to 67 of 181, columns 75 to 149 of 241]
0.000 0.000 0.000 0.000 0.000 0.000 0.000 0.000 0.000 0.000 0.000 0.000 0.000 0.000 0.000 0.000 0.000 0.000 0.000 0.000 0.000 0.000 0.000 0.000 0.000 0.000 0.000 0.000 0.000 0.000 0.000 0.000 0.000 0.000 0.000 0.000 0.000 0.000 0.000 0.000 0.000 0.000 0.000 0.000 7.688 0.000 0.000 6.048 30.102 29.148 19.198 15.257 15.324 15.399 15.476 14.540 36.553 34.440 0.000 20.347 33.135 46.732 51.451 51.193 50.963 50.654 51.886 48.053 47.351 47.927 50.383 49.764 49.663 49.471 50.298
0.000 0.000 0.000 0.000 0.000 0.000 0.000 0.000 0.000 0.000 0.000 0.000 0.000 0.000 0.000 0.000 7.096 39.096 0.000 0.000 0.000 0.000 0.000 0.000 0.000 0.000 0.000 0.000 0.000 0.000 0.000 0.000 0.000 0.000 0.000 0.000 0.000 0.000 0.000 0.000 0.000 0.000 0.000 0.000 0.041 0.000 0.000 0.000 8.182 26.214 26.263 17.328 15.410 15.511 13.633 29.766 38.866 0.000 5.760 30.560 45.326 52.026 51.739 51.482 51.147 53.355 49.494 47.613 48.349 50.826 50.211 50.114 49.921 49.743 49.566
0.000 0.000 0.000 0.000 0.000 0.000 0.000 0.000 0.000 0.000 32.081 0.000 0.000 0.000 0.000 0.000 14.097 65.097 21.097 0.000 0.000 0.000 0.000 0.000 0.000 0.000 0.000 0.000 0.000 0.000 0.000 0.000 0.000 0.000 0.000 0.000 0.000 0.000 0.000 0.000 0.000 0.000 0.000 0.000 3.148 4.157 11.168 0.000 7.230 15.262 28.314 19.384 15.477 12.603 23.780 34.025 23.280 0.181 29.960 47.809 52.582 52.304 52.029 51.668 51.846 50.957 47.984 48.794 51.282 50.670 50.574 50.379 50.196 50.010 49.827
0.000 0.000 0.000 0.000 0.000 0.000 0.000 0.000 0.000 15.081 50.082 39.083 26.084 0.000 0.000 0.000 53.098 61.098 26.098 0.000 0.000 0.000 0.000 1.815 0.000 0.000 0.000 0.000 0.000 0.000 0.000 0.000 0.000 0.000 0.000 0.000 0.000 0.000 0.000 0.000 8.066 0.000 0.000 19.127 34.141 37.157 35.179 21.215 15.249 14.291 28.347 19.418 11.512 25.645 39.858 28.277 16.947 32.380 37.310 50.135 52.887 52.609 52.225 52.369 50.453 48.465 49.269 51.761 51.150 51.054 50.855 50.665 50.470 50.276 50.084
0.000 0.000 0.000 0.000 0.000 0.000 0.000 0.000 0.000 0.000 48.082 31.084 12.086 0.000 0.000 45.099 56.099 63.100 22.100 0.000 0.000 0.000 0.000 39.816 23.817 0.000 0.000 0.000 0.000 0.000 0.000 0.000 0.000 0.000 3.004 15.005 17.006 0.000 0.000 0.000 24.067 3.077 17.093 40.114 43.132 44.152 41.179 28.217 15.259 12.308 29.366 20.431 24.509 42.608 36.733 0.000 15.851 34.891 47.764 53.533 53.250 52.843 52.944 50.997 49.075 49.781 52.271 51.662 51.564 51.360 51.160 50.951 50.744 50.541 50.337
0.000 0.000 0.000 0.000 0.000 0.000 0.000 0.000 0.000 0.000 0.000 0.000 37.091 33.095 21.097 34.099 54.101 65.102 18.103 0.000 0.000 0.000 0.000 1.817 25.819 27.824 0.000 0.000 0.000 0.000 0.000 0.000 0.000 0.000 19.003 20.005 32.009 15.018 4.028 18.042 19.058 15.072 22.088 29.105 27.122 20.142 39.168 5.216 21.263 24.317 14.380 26.432 39.486 36.547 0.000 0.000 27.718 44.567 53.324 53.999 53.566 53.606 50.620 49.867 50.347 52.821 52.212 52.111 51.902 51.694 51.468 51.237 51.014 51.806 44.594
0.000 0.000 0.000 0.000 0.000 0.000 0.000 0.000 0.000 0.000 0.000 0.000 56.093 51.096 41.099 31.101 55.103 63.105 58.108 43.112 0.000 0.000 0.000 0.000 0.000 35.831 19.838 17.844 28.849 23.853 0.000 0.000 0.000 0.000 19.003 18.004 39.008 45.017 34.027 26.039 18.053 15.068 16.083 17.098 16.112 14.125 22.137 0.000 0.000 0.000 19.405 42.431 40.458 0.000 0.000 28.359 41.732 51.349 54.934 54.556 55.396 51.383 50.943 50.994 53.428 52.810 52.700 52.486 52.273 52.039 51.784 51.514 51.270 51.074 36.946
0.000 0.000 0.000 0.000 0.000 0.000 0.000 0.000 0.000 0.000 0.000 0.000 0.000 28.098 3.101 39.103 58.106 63.109 61.112 59.116 48.121 7.123 0.000 0.000 0.000 0.000 30.841 30.845 43.852 41.858 34.866 29.873 0.000 0.000 0.000 22.999 42.006 49.014 41.025 25.036 14.049 15.064 15.078 15.092 15.103 15.112 19.118 0.000 0.000 0.000 0.000 26.430 0.000 0.000 33.474 37.983 49.525 56.060 55.906 54.147 52.454 52.492 51.772 54.122 53.474 53.339 53.111 52.893 52.660 52.407 52.115 51.767 52.480 44.276 27.170
0.000 0.000 0.000 0.000 0.000 0.000 0.000 0.000 0.000 0.000 0.000 0.000 0.000 0.000 60.103 60.107 62.110 62.113 61.116 55.120 49.124 20.126 0.000 0.000 0.000 0.000 0.000 0.000 43.856 37.861 52.870 49.881 28.906 7.933 8.960 17.989 40.002 49.011 40.022 23.033 13.045 18.061 17.076 15.089 15.097 15.103 16.105 8.101 0.000 0.000 0.000 0.000 0.000 36.352 38.964 46.598 57.184 57.240 55.608 57.552 54.847 52.767 54.946 54.232 54.045 53.783 53.545 53.308 53.069 52.816 51.503 59.958 57.606 30.380 20.290
0.000 0.000 0.000 0.000 0.000 16.793 0.000 0.000 34.823 23.826 27.829 2.831 0.000 0.000 0.000 68.111 62.113 59.117 56.121 59.125 50.129 13.132 0.000 0.000 0.000 0.000 0.000 0.000 0.000 0.000 41.872 42.875 0.000 0.000 0.000 21.996 40.002 45.009 35.020 26.029 24.036 0.000 0.000 21.092 15.095 15.098 16.100 22.098 30.096 0.000 0.000 0.000 9.029 41.741 45.444 56.117 58.255 57.895 61.562 60.092 54.176 55.961 55.116 54.837 54.515 54.236 53.973 53.726 53.494 53.284 59.122 0.000 0.000 9.349 27.319
0.000 0.000 0.000 0.000 0.000 36.794 0.000 28.816 30.821 42.826 25.830 10.833 0.000 0.000 0.000 53.113 65.117 62.120 62.126 63.131 57.137 11.141 0.000 0.000 0.000 0.000 0.000 0.000 0.000 0.000 0.000 26.874 0.000 0.000 0.000 27.998 25.001 37.005 0.000 0.000 0.000 0.000 0.000 0.000 25.095 19.096 0.000 12.096 46.095 29.094 0.000 0.000 13.325 47.112 55.945 59.006 58.751 63.152 62.513 55.582 57.081 56.109 55.715 55.312 54.973 54.666 54.386 54.130 53.899 53.704 58.580 1.699 0.000 0.000 0.000
25.713 0.000 0.000 0.000 0.000 47.795 23.802 25.811 31.820 55.827 56.834 51.839 5.845 0.000 0.000 0.000 13.120 67.124 62.130 63.139 60.147 19.154 0.000 0.000 0.000 0.000 0.000 0.000 0.000 0.000 0.000 0.000 0.000 0.000 0.000 0.000 0.000 0.000 0.000 0.000 0.000 0.000 0.000 0.000 0.000 0.012 0.000 0.000 0.000 0.000 0.000 2.273 39.755 56.801 58.506 59.437 63.825 63.575 56.538 58.072 57.093 56.627 56.155 55.754 55.395 55.071 54.777 54.508 54.267 54.055 56.857 40.799 0.000 0.000 0.000
29.714 25.716 0.000 0.000 0.000 39.790 41.799 41.809 53.820 50.830 62.839 61.846 22.852 0.000 0.000 0.000 0.000 69.125 62.133 63.146 60.161 20.174 0.000 0.000 0.000 29.395 41.407 10.417 0.000 0.000 0.000 0.000 0.000 0.000 0.000 0.000 0.000 0.000 0.000 0.000 0.000 0.000 0.000 0.000 0.000 0.000 0.000 0.000 0.000 0.000 0.268 40.538 57.610 58.272 64.450 64.029 57.632 58.232 58.761 57.956 57.490 56.993 56.553 56.150 55.784 55.448 55.141 54.860 54.607 61.391 2.166 0.000 0.000 0.000 0.000
31.715 32.719 24.724 0.000 29.766 24.778 32.795 45.808 49.821 60.835 61.845 60.856 29.864 0.000 0.000 0.000 0.000 68.118 62.132 63.152 58.176 38.207 22.258 23.303 23.345 31.384 52.410 19.428 0.000 0.000 0.000 0.000 0.000 0.000 0.000 0.000 0.000 0.000 0.000 0.000 0.000 0.000 0.000 0.000 0.000 0.000 0.000 0.000 0.000 28.627 38.382 57.346 58.994 65.754 65.209 58.068 59.825 59.197 58.687 58.250 57.777 57.330 56.908 56.512 56.142 55.797 55.479 55.186 61.911 7.651 0.000 0.000 0.000 0.000 0.000
45.717 28.722 32.730 32.741 23.754 16.762 0.000 0.000 0.000 50.843 61.853 59.870 44.884 11.903 0.000 0.000 37.071 58.099 63.125 62.154 63.186 53.222 29.265 26.307 25.348 34.387 52.422 35.457 21.504 22.542 26.570 37.586 1.593 0.000 0.000 0.000 0.000 0.000 0.000 0.000 0.000 0.000 0.000 0.000 0.000 0.000 0.000 0.000 9.020 48.870 56.912 59.609 66.467 66.162 58.679 60.389 59.655 59.322 58.913 58.485 58.059 57.640 57.237 56.849 56.476 56.118 55.794 61.492 8.201 0.000 0.000 0.000 0.000 0.000 0.000
61.720 32.724 26.731 27.740 29.749 29.753 18.752 0.000 0.000 0.000 0.000 66.888 56.900 34.922 26.959 33.998 33.045 35.082 43.117 44.153 31.191 28.231 26.272 26.313 25.354 34.394 49.433 28.473 25.515 30.553 46.581 49.598 34.601 8.600 0.000 0.000 0.000 0.000 0.000 0.000 0.000 0.000 0.000 0.000 0.000 0.000 0.000 0.156 41.448 57.225 60.146 66.818 66.684 59.249 60.947 60.216 59.904 59.516 59.127 58.730 58.331 57.937 57.550 57.171 56.794 56.407 62.087 7.789 0.000 0.000 0.000 0.000 0.000 0.000 0.000
61.721 47.723 0.000 0.000 34.748 30.751 41.752 32.751 0.000 0.000 0.000 54.894 51.907 36.928 27.957 24.990 25.028 28.066 41.109 49.152 52.195 45.239 35.280 28.321 27.361 43.403 46.445 21.488 25.532 25.572 26.605 30.623 9.612 0.000 0.000 0.000 0.000 0.000 0.000 0.000 0.000 0.000 0.000 0.000 0.000 2.611 34.383 42.418 55.919 67.244 66.938 60.104 60.761 61.400 60.773 60.463 60.090 59.724 59.351 58.975 58.599 58.226 57.858 57.492 58.124 64.629 8.358 0.000 0.000 0.000 0.000 0.000 0.000 0.000 0.000
61.721 61.726 48.732 31.739 31.746 31.751 22.754 0.000 0.000 0.000 47.876 44.889 47.905 40.926 41.951 41.980 42.011 45.047 40.102 40.151 42.198 46.251 47.290 45.328 41.368 52.411 50.456 38.503 39.552 39.600 41.645 16.679 0.000 0.000 0.000 0.000 0.000 0.000 0.000 0.000 0.000 0.000 0.000 0.000 36.950 37.721 58.866 59.560 68.272 67.833 62.488 62.269 61.720 61.318 61.000 60.642 60.291 59.936 59.579 59.222 58.865 58.512 58.162 58.815 62.581 0.000 0.000 0.000 0.000 0.000 0.000 0.000 0.000 0.000 0.000
60.722 61.727 58.733 36.739 30.746 31.752 32.759 24.768 0.000 39.846 36.864 37.881 38.900 33.920 37.943 42.967 50.990 36.009 0.000 0.000 0.000 45.275 41.301 41.334 41.373 41.418 41.466 41.518 41.573 41.632 39.696 34.770 7.870 0.000 0.000 29.823 36.965 49.154 19.310 0.000 0.000 0.000 0.000 38.321 49.174 61.228 61.979 68.864 68.609 63.031 62.775 62.104 61.839 61.512 61.174 60.835 60.494 60.152 59.809 59.468 59.129 58.796 59.464 62.028 9.804 0.000 0.000 0.000 0.000 0.000 0.000 0.000 0.000 0.000 0.000
50.723 61.728 61.734 51.740 27.747 30.755 31.764 31.778 37.801 46.829 30.852 27.873 25.893 32.914 47.935 46.955 31.974 11.991 0.000 0.000 0.000 0.000 30.305 25.334 25.374 25.421 25.473 26.530 29.591 30.659 30.738 29.835 30.970 30.180 30.406 39.682 46.918 45.188 52.466 50.750 45.891 43.914 46.758 58.767 62.503 62.422 69.169 69.050 63.554 63.282 62.603 62.343 62.012 61.687 61.359 61.029 60.698 60.368 60.039 59.711 59.386 60.080 60.870 0.000 0.000 0.000 0.000 0.000 0.000 0.000 0.000 0.000 0.000 0.000 0.000
28.725 56.729 60.734 41.740 24.747 23.756 31.765 31.778 30.796 24.819 25.843 31.865 48.886 47.907 30.927 23.945 13.959 0.000 34.135 43.157 39.189 40.231 43.282 46.324 45.369 46.419 49.476 48.538 45.604 47.676 42.761 28.864 32.995 32.164 37.357 55.580 62.838 60.214 54.617 49.890 52.029 58.979 64.241 63.002 69.562 69.281 63.355 65.034 63.702 63.115 62.845 62.513 62.192 61.869 61.546 61.223 60.903 60.583 60.268 60.952 58.627 54.266 6.068 0.000 0.000 0.000 0.000 0.000 0.000 0.000 0.000 0.000 0.000 0.000 0.000
21.727 40.730 51.735 26.740 18.748 25.756 23.764 30.773 31.787 31.808 24.837 41.860 33.880 22.901 25.923 17.941 0.000 43.084 46.115 46.146 48.181 49.222 52.267 56.312 55.358 55.411 55.475 57.542 58.609 56.683 44.767 30.866 32.984 33.124 33.279 36.445 10.642 0.000 74.898 117.187 95.215 61.554 63.419 70.509 70.097 63.717 66.519 64.001 63.630 63.343 63.016 62.695 62.372 62.050 61.732 61.418 61.106 60.796 62.498 57.204 45.902 0.703 0.000 0.000 0.000 0.000 0.000 0.000 0.000 0.000 0.000 0.000 0.000 0.000 0.000
0.000 0.000 32.735 14.737 0.000 20.759 25.761 25.765 31.771 20.789 0.000 25.857 23.873 25.896 26.923 36.954 51.001 48.054 50.095 56.131 66.168 110.209 107.254 107.298 107.342 107.393 108.471 92.547 24.610 27.679 25.758 33.849 32.953 30.068 28.190 10.281 0.000 0.000 0.000 42.622 59.915 64.795 71.108 70.841 63.234 65.006 64.372 64.135 63.834 63.519 63.201 62.878 62.553 62.229 61.915 61.610 62.308 60.997 52.725 41.464 0.000 0.000 0.000 0.000 0.000 0.000 0.000 0.000 0.000 0.000 0.000 0.000 0.000 0.000 0.000
0.000 47.733 25.734 0.000 0.000 0.000 19.758 32.756 24.745 0.000 0.000 33.840 24.860 35.887 48.918 48.954 53.995 57.038 50.078 36.116 27.153 23.192 21.244 24.286 25.320 12.347 0.000 29.564 26.605 25.665 29.738 33.821 30.910 23.006 30.134 11.207 0.000 0.000 38.503 55.409 65.236 71.479 71.321 63.740 65.498 64.859 64.630 64.325 64.021 63.708 63.388 63.063 62.732 62.401 62.088 62.800 58.519 47.159 3.942 0.000 0.000 0.000 0.000 0.000 0.000 0.000 0.000 0.000 0.000 0.000 0.000 0.000 0.000 0.000 0.000
16.281 0.000 0.000 0.000 0.000 0.000 0.000 0.000 28.707 26.717 34.752 31.803 31.841 31.875 48.910 62.947 51.987 32.027 30.065 25.102 27.136 18.163 0.000 30.281 27.305 16.329 0.000 30.542 25.581 26.638 33.708 31.788 29.860 11.912 0.000 0.000 35.298 33.156 49.902 65.815 71.663 64.560 65.179 65.903 65.360 65.127 64.825 64.528 64.220 63.905 63.583 63.254 62.912 63.553 63.238 52.984 37.809 0.616 0.000 0.000 0.000 0.000 0.000 0.000 0.000 0.000 0.000 0.000 0.000 0.000 0.000 0.000 0.000 0.000 0.000
4.317 0.000 0.000 41.129 34.160 28.197 0.000 0.000 46.661 43.692 30.735 31.782 31.824 32.863 53.901 105.940 98.979 46.017 101.055 22.091 26.126 26.161 28.201 26.252 26.292 26.336 28.399 24.482 24.540 33.599 32.669 29.762 24.831 13.871 0.000 0.000 37.440 44.306 66.323 65.234 72.023 65.620 66.257 65.859 65.623 65.332 65.040 64.738 64.427 64.109 63.784 63.459 65.108 60.663 42.329 29.087 30.948 0.000 0.000 0.000 0.000 0.000 0.000 0.000 0.000 0.000 0.000 0.000 0.000 0.000 0.000 0.000 0.000 0.000 0.000
0.000 0.000 0.000 24.097 33.156 30.235 48.347 42.461 47.583 55.657 46.715 31.766 31.811 31.853 30.893 24.932 19.971 25.009 22.047 26.083 26.118 26.154 26.192 26.234 26.276 26.323 25.380 30.446 32.500 33.549 17.609 0.000 17.830 0.000 0.000 0.000 41.687 63.634 67.675 73.167 72.649 65.726 66.421 66.108 65.842 65.559 65.263 64.957 64.644 64.320 63.986 62.691 24.399 0.000 0.000 0.000 0.000 0.000 0.000 0.000 0.000 0.000 0.000 0.000 0.000 0.000 0.000 0.000 0.000 0.000 0.000 0.000 0.000 0.000 0.000
8.452 0.000 28.844 25.007 24.132 42.240 35.347 51.452 60.555 40.638 26.703 24.756 27.803 30.845 31.886 31.925 24.965 24.003 25.040 25.075 26.110 26.144 26.180 31.217 28.257 25.301 26.354 29.422 33.467 22.488 0.000 0.000 0.000 0.000 0.000 117.281 61.028 68.077 66.087 73.608 65.523 68.074 69.593 66.358 66.084 65.798 65.497 65.183 65.871 62.542 50.149 40.919 0.000 0.000 0.000 0.000 0.000 0.000 0.000 0.000 0.000 0.000 0.000 0.000 0.000 0.000 0.000 0.000 0.000 0.000 0.000 0.000 0.000 0.000 0.000
1.670 28.087 24.680 23.958 35.124 39.246 50.350 57.445 23.546 22.640 23.702 25.753 24.798 21.840 29.880 30.919 31.960 30.999 25.036 24.070 23.102 24.134 30.166 89.198 57.233 37.271 20.312 0.000 35.457 43.449 0.000 0.000 0.000 0.000 41.685 52.510 69.388 67.444 74.357 74.000 66.626 67.179 67.874 66.615 66.341 66.052 65.744 66.409 65.116 17.828 0.000 0.000 0.000 0.000 0.000 0.000 0.000 0.000 0.000 0.000 0.000 0.000 0.000 0.000 0.000 0.000 0.000 0.000 0.000 0.000 0.000 0.000 0.000 0.000 0.000
0.000 21.616 24.833 27.019 48.160 59.271 73.364 55.432 0.000 41.673 41.713 25.757 25.799 24.837 22.874 25.913 31.956 29.998 31.034 33.066 31.096 29.124 25.152 20.179 25.206 20.238 0.000 0.000 0.000 29.401 21.389 0.000 0.000 0.000 51.860 68.723 68.803 66.839 74.676 66.335 68.852 70.380 67.148 66.886 66.613 66.324 66.019 63.594 18.355 0.000 0.000 0.000 0.000 0.000 0.000 0.000 0.000 0.000 0.000 0.000 0.000 0.000 0.000 0.000 0.000 0.000 0.000 0.000 0.000 0.000 0.000 0.000 0.000 0.000 0.000
0.000 19.926 26.019 42.128 53.226 101.314 95.403 97.487 103.589 99.667 100.721 25.765 25.802 24.836 24.868 23.904 18.955 29.004 31.038 32.066 30.092 32.116 32.139 33.160 26.175 0.000 0.000 0.000 0.000 30.367 15.378 0.000 0.000 43.332 65.138 69.076 68.072 75.252 74.973 67.396 67.956 68.664 67.422 67.171 66.902 67.613 42.415 0.000 0.000 0.000 0.000 0.000 0.000 0.000 0.000 0.000 0.000 0.000 0.000 0.000 0.000 0.000 0.000 0.000 0.000 0.000 0.000 0.000 0.000 0.000 0.000 0.000 0.000 0.000 0.000
0.000 21.145 38.187 46.247 52.305 23.355 22.447 21.527 18.613 19.685 19.739 25.780 25.811 41.836 41.858 17.881 0.000 16.026 29.048 31.069 29.090 31.110 31.129 32.147 28.159 0.000 0.000 0.000 28.278 13.322 0.000 0.000 44.657 53.520 70.379 69.284 68.474 75.510 67.061 69.596 72.146 67.938 67.706 67.473 66.212 53.813 12.614 0.000 0.000 0.000 0.000 0.000 0.000 0.000 0.000 0.000 0.000 0.000 0.000 0.000 0.000 0.000 0.000 0.000 0.000 0.000 0.000 0.000 0.000 0.000 0.000 0.000 0.000 0.000 0.000
0.000 29.323 46.340 45.367 45.392 0.000 17.503 17.561 30.652 26.721 25.770 25.805 24.827 100.840 88.849 0.000 0.000 0.000 23.060 18.072 23.089 26.105 26.121 28.140 29.156 34.173 35.189 36.208 27.234 0.000 0.000 33.793 83.794 65.715 69.582 69.675 67.742 75.746 68.184 68.670 69.420 68.205 67.996 68.804 38.659 0.000 0.000 0.000 0.000 0.000 0.000 0.000 0.000 0.000 0.000 0.000 0.000 0.000 0.000 0.000 0.000 0.000 0.000 0.000 0.000 0.000 0.000 0.000 0.000 0.000 0.000 0.000 0.000 0.000 0.000
0.000 17.484 41.482 40.491 34.504 0.000 0.000 0.000 23.715 36.778 25.816 24.842 25.855 6.847 0.000 0.000 0.000 0.000 0.000 0.000 34.091 32.099 30.112 13.135 16.155 23.174 24.187 29.201 20.217 0.000 0.000 0.000 44.013 61.934 68.884 68.991 76.163 75.963 68.255 68.949 68.669 68.468 68.268 63.089 20.963 0.000 0.000 18.133 0.000 0.000 0.000 0.000 0.000 0.000 0.000 0.000 0.000 0.000 0.000 0.000 0.000 0.000 0.000 0.000 0.000 0.000 0.000 0.000 0.000 0.000 0.000 0.000 0.000 0.000 0.000
