results3_8e3_rain/res_3e8f-0180.wd
ncols         241
nrows         181
xllcorner     12693529.787448
yllcorner     3542525.717860
cellsize      155.156523
NODATA_value  -9999.000000
[rows 99 to 131 of 181, columns 0 to 72 of 241]
0.000 0.000 0.000 0.000 0.000 61.095 101.095 103.094 94.094 89.094 0.000 0.000 0.000 0.000 0.000 3.092 2.092 69.092 66.092 0.000 0.000 2.091 5.091 64.091 63.091 4.091 0.000 0.000 0.000 11.037 0.000 0.000 0.000 0.000 16.895 62.891 58.881 57.864 58.841 59.814 72.785 61.754 65.719 57.681 59.640 57.596 58.548 63.498 64.445 62.391 66.335 59.278 59.220 61.160 64.097 78.028 78.969 63.921 49.878 0.000 0.000 0.000 0.000 0.000 27.936 82.931 79.920 66.902 41.879 36.855 80.832 57.809 59.786
0.000 0.000 0.000 0.000 0.000 62.095 102.095 102.095 0.000 0.000 0.000 0.000 0.000 0.000 0.000 2.092 14.092 80.092 69.092 7.091 4.091 4.091 67.091 66.091 70.091 1.091 0.000 0.000 0.000 69.037 61.037 0.000 0.000 0.001 75.937 85.932 71.923 64.909 58.890 60.868 79.842 64.812 70.778 70.741 61.700 76.655 68.607 69.556 59.503 67.447 67.390 65.332 59.274 60.216 64.152 61.058 22.995 12.958 0.000 0.000 0.000 0.000 0.000 30.953 67.947 79.942 86.934 76.922 52.906 53.889 67.872 58.853 59.833
7.096 0.096 0.000 0.000 0.000 49.095 98.095 107.095 17.095 0.000 0.000 0.000 0.000 0.000 0.000 1.092 3.092 87.092 68.092 69.092 71.091 68.091 65.091 66.091 64.091 2.091 0.000 0.000 0.000 62.037 62.037 63.035 62.027 62.012 60.986 70.976 79.969 26.959 90.944 80.925 85.902 70.874 15.841 86.804 84.763 83.718 87.670 76.617 59.562 62.505 67.445 67.386 64.328 60.276 49.236 0.000 0.000 0.000 0.000 0.000 0.000 0.000 0.000 40.959 67.958 67.956 78.952 77.945 60.936 60.925 59.912 59.898 59.882
75.096 78.096 10.096 0.000 0.000 59.095 98.095 103.095 113.095 18.095 0.000 0.000 0.000 0.000 9.092 9.092 7.092 24.092 72.092 69.092 87.091 101.091 76.091 61.091 0.091 0.000 0.000 0.000 0.000 0.000 61.039 62.041 62.033 62.024 62.017 61.018 61.018 60.013 61.003 65.987 77.967 71.940 14.908 86.871 87.830 65.785 72.735 89.682 83.624 70.563 60.501 66.439 67.376 70.325 55.281 0.000 0.000 0.000 0.000 0.000 0.000 0.000 0.000 2.965 18.971 64.972 61.972 61.970 59.967 59.962 59.955 59.945 59.933
89.096 72.096 72.096 74.096 76.096 95.095 103.095 103.095 103.095 105.095 79.094 18.094 1.093 67.093 74.092 75.092 37.092 32.092 95.092 103.092 98.092 94.091 77.091 1.091 0.000 0.000 0.000 0.000 0.000 0.000 0.000 62.057 61.042 60.035 61.038 62.063 62.071 62.072 62.066 63.055 82.037 77.012 59.980 61.943 72.901 83.855 60.805 72.750 73.689 66.624 86.558 69.491 61.412 2.369 0.000 0.000 0.000 0.000 0.000 0.000 0.000 0.000 0.000 0.000 10.989 64.990 59.993 59.997 60.000 60.001 59.999 57.995 55.987
104.096 94.096 75.096 79.096 97.096 103.095 103.095 103.095 103.095 98.095 70.094 76.094 4.093 58.093 93.093 101.092 101.092 85.092 100.092 107.092 17.092 0.000 0.000 0.000 0.000 0.000 0.000 0.000 0.000 0.000 0.000 62.088 0.000 0.000 0.000 63.126 62.131 62.136 62.136 63.130 79.114 84.090 61.058 62.020 61.977 79.930 80.880 58.823 66.759 85.683 77.618 55.554 0.000 0.000 0.000 0.000 0.000 0.000 0.000 0.000 0.000 0.000 0.000 0.000 8.004 65.008 60.014 60.024 60.035 59.043 58.047 63.048 64.045
104.096 104.096 99.096 102.096 103.096 103.096 103.095 103.095 103.095 99.095 74.094 91.094 0.000 0.000 71.093 95.092 103.092 104.092 103.092 108.092 11.092 0.000 0.000 0.000 0.000 0.000 0.000 0.000 0.000 0.000 0.000 62.118 1.147 1.168 64.184 62.183 62.192 62.205 62.214 62.213 79.200 84.176 61.142 62.101 62.057 63.009 83.959 77.905 84.840 74.733 55.675 0.000 0.000 0.000 0.000 0.000 0.000 0.000 0.000 0.000 0.000 0.000 0.000 0.000 63.016 60.022 60.032 60.049 60.072 59.088 61.098 65.105 66.108
102.096 103.096 103.096 103.096 103.096 103.096 103.096 103.095 103.095 104.095 99.094 106.094 30.094 9.093 59.093 78.092 101.092 103.092 104.092 92.092 6.092 0.000 0.000 0.000 0.000 0.000 0.000 0.000 0.000 0.000 0.000 56.136 61.153 61.173 60.195 62.228 62.251 62.277 62.301 62.309 79.298 84.271 61.232 62.187 62.139 62.091 67.043 89.999 69.963 0.000 0.000 0.000 0.000 0.000 0.000 0.000 0.000 0.000 0.000 0.000 0.000 0.000 0.000 0.000 16.024 67.031 63.043 64.070 62.117 58.139 65.153 66.166 64.175
99.097 104.097 103.097 103.096 103.096 103.096 103.096 103.096 103.095 103.095 104.094 97.094 81.094 72.093 66.093 93.092 103.092 103.092 108.092 11.092 0.000 0.000 0.000 0.000 0.000 0.000 0.000 0.000 0.000 0.000 0.000 0.000 0.000 0.000 0.000 62.283 62.307 62.350 62.404 62.424 78.412 85.377 62.329 62.275 62.221 62.171 62.125 68.084 21.051 0.000 0.000 0.000 0.000 0.000 0.000 0.000 0.000 0.000 0.000 0.000 0.000 0.000 0.000 0.000 0.000 4.035 2.039 0.000 8.187 67.197 65.211 66.228 63.248
99.097 104.097 103.097 103.097 103.097 103.096 103.096 103.096 103.095 103.095 104.095 89.094 68.094 67.093 76.093 100.092 103.092 103.092 109.091 14.091 5.091 0.000 0.000 0.000 0.000 0.000 0.000 0.000 0.000 0.000 0.000 0.000 0.000 0.000 0.000 58.313 62.344 59.412 62.542 62.570 81.548 85.497 62.431 62.363 62.301 62.247 62.201 59.160 9.105 0.000 0.000 0.000 0.000 0.000 0.000 0.000 0.000 0.000 0.000 0.000 0.000 59.331 0.000 0.000 0.000 0.000 0.000 1.273 63.247 64.251 66.266 66.289 63.321
102.097 103.097 103.097 103.097 103.097 103.097 103.096 103.096 103.096 103.095 103.095 100.094 77.094 78.093 95.093 102.092 103.092 103.091 110.091 27.091 0.000 0.000 0.000 0.000 0.000 0.000 0.000 0.000 0.000 0.000 0.000 0.000 0.000 0.000 0.000 0.000 58.344 0.000 61.783 62.765 90.713 77.632 62.536 62.446 62.372 75.315 65.274 60.249 0.000 0.000 0.000 0.000 0.000 0.000 0.000 0.000 0.000 0.000 0.000 0.000 11.331 70.331 55.331 0.000 0.000 0.000 1.309 64.298 67.288 66.293 63.311 59.342 59.387
103.098 103.098 103.098 103.097 103.097 103.097 103.097 103.096 103.096 103.095 103.095 103.094 105.094 105.093 104.093 103.092 103.092 105.091 94.091 37.091 0.000 0.000 0.000 0.000 0.000 0.000 0.000 0.000 0.000 0.000 0.000 0.000 0.000 0.000 0.000 0.000 0.000 0.000 62.042 62.994 96.907 65.783 62.636 62.512 74.426 83.367 62.329 62.314 61.330 0.000 0.000 0.000 0.000 0.000 0.000 0.000 0.000 0.000 0.000 0.000 0.000 66.331 67.331 54.330 1.329 60.326 62.320 66.315 65.315 63.324 62.344 58.379 66.435
102.098 101.098 103.098 103.098 103.098 103.097 103.097 103.097 103.096 103.096 103.095 103.094 103.094 103.093 103.092 103.092 104.091 87.091 15.090 6.090 64.090 78.090 24.089 0.000 0.000 5.089 0.000 0.000 0.000 0.000 0.000 0.000 0.000 0.000 0.000 4.081 4.055 0.897 58.350 69.262 92.138 62.956 59.711 62.542 62.452 62.397 62.363 62.347 62.346 59.346 0.000 0.000 0.000 0.000 0.000 0.000 0.000 0.000 0.000 0.000 0.332 61.331 57.331 63.331 58.330 66.329 66.328 65.328 61.332 64.343 59.363 58.395 58.451
92.099 92.099 101.099 103.098 103.098 103.098 103.098 103.097 103.097 103.096 103.095 104.095 105.094 103.093 103.092 103.091 103.091 25.090 9.090 64.090 74.089 84.089 83.089 76.089 68.089 9.089 0.000 0.000 0.000 0.000 0.000 0.000 0.000 0.000 4.126 63.107 66.059 65.938 62.702 61.566 70.428 58.192 0.000 58.492 62.443 62.405 62.380 62.365 61.360 0.000 0.000 0.000 0.000 0.000 0.000 0.000 63.332 74.332 0.000 0.000 62.332 60.332 60.332 57.332 65.332 66.332 66.333 63.336 66.342 66.353 64.368 59.389 48.410
74.099 79.099 98.099 104.099 103.099 103.099 103.098 103.098 103.097 103.097 105.096 91.095 87.094 102.093 107.092 104.091 99.090 81.090 84.089 90.089 84.089 85.089 64.089 57.089 3.089 0.089 0.000 0.000 0.000 0.000 0.000 0.084 1.085 0.000 54.145 60.163 63.136 63.064 62.956 62.873 64.815 0.000 0.000 0.000 57.422 62.401 62.385 62.375 62.370 0.370 0.000 0.000 0.000 0.000 0.000 23.332 80.332 62.332 60.332 60.332 60.332 60.332 58.332 63.333 66.333 66.335 62.337 66.342 66.349 65.358 59.369 60.381 50.390
58.099 73.100 92.100 105.100 106.100 106.099 104.099 103.098 104.098 103.097 104.096 42.095 13.094 61.093 79.092 100.091 107.090 105.089 105.088 91.088 14.089 0.000 0.000 0.000 0.000 0.000 0.000 0.000 0.000 9.085 11.085 1.085 1.085 1.085 0.000 59.266 63.257 61.227 62.184 64.153 65.145 0.000 0.000 0.000 0.000 55.393 62.385 62.379 59.374 0.000 0.000 0.000 0.000 0.000 0.000 0.000 22.332 76.332 59.332 59.332 60.332 59.332 59.333 65.333 66.334 64.336 52.339 5.345 70.353 64.361 64.368 64.375 50.380
22.100 44.100 77.101 83.101 77.101 79.100 96.100 104.099 100.098 93.098 92.097 27.096 0.000 0.000 0.000 37.090 72.089 98.087 105.087 2.087 0.000 0.000 0.000 0.000 0.000 0.000 0.000 0.000 0.000 51.085 72.085 17.085 2.085 1.085 0.000 59.377 65.398 64.403 73.400 74.412 64.466 9.623 0.000 0.000 0.000 0.000 59.383 60.381 0.000 0.000 0.000 0.000 0.000 0.000 0.000 0.000 0.000 81.332 84.332 64.332 58.332 56.332 66.333 66.333 61.333 0.000 0.000 0.000 11.358 69.363 66.368 66.372 56.375
0.000 0.000 58.102 67.102 19.102 5.101 68.101 97.100 88.099 84.098 98.097 65.096 25.096 0.000 0.000 0.000 0.000 43.085 74.083 0.000 0.000 0.000 0.000 0.000 0.000 0.000 0.000 0.000 0.000 0.000 56.085 74.085 5.085 0.000 0.000 50.467 64.557 62.585 92.602 85.629 63.685 65.780 11.883 0.000 0.000 0.000 54.383 0.000 0.000 0.000 0.000 0.000 0.000 0.000 0.000 0.000 0.000 0.000 69.332 86.332 71.332 65.332 66.333 61.333 0.000 0.000 0.000 0.000 0.000 61.366 66.369 66.371 61.373
0.000 0.000 54.104 99.104 56.103 5.102 57.102 89.101 91.100 102.099 104.098 107.097 113.095 52.093 21.092 0.000 0.000 0.000 14.078 9.074 0.065 2.056 0.000 0.000 0.000 0.000 0.000 0.000 0.000 0.000 57.085 72.085 2.085 9.085 13.085 0.000 57.777 65.780 95.792 77.818 65.864 64.927 69.987 0.000 0.000 0.000 0.000 0.000 0.000 0.000 0.000 0.000 0.000 0.000 0.000 0.000 0.000 0.000 0.000 7.332 74.332 64.332 62.332 0.000 0.000 0.000 0.000 0.367 60.368 59.368 61.369 55.370 0.000
27.108 42.107 76.106 94.105 102.104 71.104 84.103 107.102 104.101 103.100 103.098 103.097 103.095 109.093 112.091 68.087 27.083 9.080 72.076 86.071 79.064 81.056 37.049 13.042 10.037 0.000 0.000 0.000 0.000 0.000 36.085 58.085 64.085 64.085 67.085 26.085 58.994 87.967 89.968 66.988 65.025 65.079 68.151 13.268 8.319 0.000 0.000 0.000 0.000 0.000 0.000 0.000 0.000 0.000 0.000 0.000 0.000 0.000 0.000 0.000 0.332 0.332 8.332 0.000 0.000 0.000 0.000 62.367 57.368 55.368 0.000 0.000 0.000
100.109 103.108 103.107 101.107 99.106 100.105 102.104 102.103 103.102 104.100 104.099 103.097 96.095 100.093 103.090 107.087 111.084 112.080 104.075 100.070 97.064 92.056 94.048 87.040 43.033 21.024 0.000 0.000 0.000 0.000 0.000 0.000 0.000 0.000 0.000 83.177 72.145 101.126 92.125 79.140 66.170 65.213 65.269 69.333 65.371 0.000 0.000 0.000 0.000 0.000 0.000 0.000 0.000 0.000 0.000 0.000 0.000 0.000 0.000 0.000 0.000 0.000 0.000 0.000 0.000 0.000 0.000 0.000 0.000 0.000 0.000 0.000 0.000
103.110 98.109 96.109 95.108 89.107 86.106 87.105 87.104 93.103 98.101 98.100 91.098 75.096 90.093 103.091 103.087 103.084 103.080 103.076 103.071 104.064 104.057 107.048 108.038 108.028 108.016 47.002 0.000 0.000 0.000 0.000 0.000 0.000 0.000 0.000 55.301 81.283 86.268 70.265 87.276 75.300 65.336 65.379 68.425 11.460 0.000 0.734 0.742 0.000 0.000 0.000 0.000 0.000 0.000 0.000 0.000 0.000 0.000 0.000 0.000 0.000 0.000 0.000 0.000 0.000 0.000 0.000 0.000 0.000 0.000 0.000 0.000 0.000
73.111 46.111 68.110 82.110 80.109 60.108 45.107 41.106 61.104 78.103 77.101 70.099 65.097 75.094 96.091 104.088 103.085 103.081 103.077 103.072 103.066 107.059 82.048 70.037 69.025 73.010 75.989 14.954 3.919 0.578 0.406 0.000 0.000 0.000 0.000 53.443 89.419 72.398 64.392 74.400 85.420 69.449 65.486 65.530 71.583 15.675 9.726 1.750 0.766 6.766 4.766 0.000 0.000 0.000 0.000 0.000 0.000 0.000 0.000 0.000 0.000 0.000 0.000 0.000 0.000 0.000 0.000 0.000 0.000 0.000 0.000 0.000 0.000
63.113 34.113 56.112 71.112 67.111 44.110 30.109 34.107 54.106 68.104 66.102 66.100 67.098 65.095 84.092 101.089 103.086 103.083 103.079 103.075 102.070 65.064 0.000 0.000 0.000 0.000 0.000 0.000 0.000 59.858 79.844 31.824 17.803 13.775 60.719 77.608 94.552 71.512 65.505 63.512 80.530 82.556 68.587 65.624 65.667 68.716 77.751 15.771 10.783 0.000 19.766 0.000 0.000 0.000 0.000 0.000 0.000 0.000 0.000 0.000 0.000 0.000 0.000 0.000 0.000 0.000 0.000 0.000 0.000 0.000 0.000 0.000 0.000
76.115 72.115 67.114 66.113 67.113 69.112 70.110 73.109 72.107 68.106 67.104 67.101 67.099 66.096 73.094 95.091 104.087 103.084 105.081 77.078 43.074 0.000 0.000 0.000 0.000 0.000 0.000 0.000 0.000 24.849 46.839 49.825 53.811 67.804 64.773 85.719 82.668 56.594 63.603 65.615 67.633 80.656 72.683 67.712 65.744 64.773 81.792 72.799 66.800 0.000 0.000 0.000 0.000 0.000 0.000 0.000 0.000 0.000 0.000 0.000 0.000 0.000 0.000 0.000 0.000 0.000 0.000 0.000 0.000 0.000 0.000 0.000 0.000
66.117 67.117 67.116 67.116 67.115 67.114 67.112 67.111 67.109 67.107 67.105 67.103 67.100 67.098 65.095 86.092 103.089 105.086 101.084 27.082 0.000 0.000 0.000 0.000 0.000 0.000 0.000 0.000 0.000 0.000 0.000 0.000 0.000 51.856 68.850 94.828 68.808 0.000 51.697 66.711 64.730 68.752 69.775 78.800 67.822 65.840 64.845 60.834 1.817 0.000 0.000 0.000 0.000 0.000 0.000 0.000 0.000 0.000 0.000 0.000 0.000 0.000 0.000 0.000 0.000 0.000 0.000 0.000 0.000 0.000 0.000 0.000 25.398
67.119 67.119 67.119 67.118 67.117 67.116 67.115 66.113 66.111 67.109 67.107 67.105 67.102 67.099 66.096 74.093 89.090 100.088 88.085 14.084 0.000 0.000 0.000 0.000 0.000 0.000 0.000 0.000 0.000 0.000 0.000 0.000 0.000 28.915 77.941 102.936 12.926 0.000 49.778 67.801 65.824 64.846 72.868 83.888 71.907 65.918 69.915 2.874 0.000 0.000 0.000 0.000 0.000 0.000 0.000 0.000 0.000 0.000 0.000 0.000 0.000 0.000 0.000 0.000 0.000 0.000 0.000 0.000 0.000 0.000 0.000 0.000 82.477
67.122 67.122 67.121 67.121 67.120 67.119 67.117 71.116 72.114 68.112 67.109 67.107 67.104 67.101 67.098 66.095 69.092 78.089 78.086 19.085 0.000 0.000 0.000 0.000 0.000 0.000 20.746 0.000 0.000 0.000 0.000 0.000 0.000 1.088 82.065 97.047 20.036 0.000 33.835 64.892 65.920 65.941 64.961 69.979 71.997 68.012 70.022 0.000 0.000 0.000 0.000 0.000 0.000 0.000 0.000 0.000 0.000 0.000 0.000 0.000 0.000 0.000 0.000 0.000 0.000 0.000 0.000 0.000 0.000 0.000 0.000 66.699 75.608
67.125 67.125 67.124 67.123 67.123 67.121 66.120 78.118 83.116 70.114 67.112 67.109 67.106 67.103 67.100 67.096 67.093 66.089 69.086 50.084 0.000 0.000 0.000 0.000 0.000 62.746 83.746 45.743 36.735 35.724 0.000 0.000 0.000 63.267 105.195 79.152 79.134 6.154 0.000 51.011 68.023 66.038 66.054 64.072 80.091 84.112 78.137 1.238 0.000 0.000 0.000 0.000 0.000 0.000 0.000 0.000 0.000 0.000 0.000 0.000 0.000 0.000 0.000 0.000 0.000 0.000 0.000 0.000 0.000 0.000 40.862 91.790 77.716
67.128 67.128 67.127 67.127 67.126 67.124 66.123 79.121 85.119 69.117 67.114 67.112 67.109 67.105 67.102 67.098 67.094 67.089 67.085 73.081 44.075 0.000 0.000 0.000 2.747 25.747 40.747 62.750 70.738 74.713 48.664 24.598 59.509 97.383 95.297 75.232 57.195 15.175 0.000 51.118 68.124 67.134 70.146 65.162 74.182 97.208 94.247 39.320 3.376 19.402 0.000 0.000 0.000 0.000 0.000 0.000 0.000 21.885 51.887 55.890 0.000 0.000 64.925 125.928 0.000 0.000 0.000 0.000 0.000 0.000 77.934 133.883 116.822
64.131 65.131 66.131 66.130 67.129 67.128 65.126 80.124 83.122 66.120 67.117 67.114 67.111 67.108 67.104 67.099 67.095 67.090 67.084 67.078 73.070 53.060 4.053 0.000 0.000 0.000 0.000 38.770 69.754 65.725 68.681 72.621 84.546 101.458 85.378 53.283 3.239 0.000 0.000 50.220 67.221 70.226 83.235 69.248 79.267 80.291 99.324 103.368 86.406 36.428 0.000 0.000 0.000 0.000 0.000 0.000 0.000 0.000 12.890 40.895 54.903 86.913 124.924 47.934 0.000 0.000 0.000 0.000 0.000 64.145 74.056 74.987 77.923
85.135 80.135 75.134 73.133 69.132 65.131 65.130 80.128 83.126 65.123 67.121 67.118 67.114 67.110 67.106 67.102 66.096 65.091 66.084 66.077 66.068 72.057 49.045 26.030 1.013 0.000 0.000 37.805 75.784 69.753 64.712 77.661 100.597 94.524 62.474 0.000 0.000 0.000 0.000 48.320 66.315 71.314 78.320 73.330 78.345 77.365 90.391 84.421 77.451 50.477 5.508 0.000 0.000 0.000 0.000 0.000 0.000 0.000 0.000 8.898 86.904 89.914 92.927 0.176 10.786 0.000 0.000 7.309 41.309 69.234 138.157 102.095 133.983
105.139 104.139 100.138 95.137 91.136 86.135 81.133 77.132 72.129 66.127 67.124 67.121 67.117 67.114 66.109 68.104 74.099 79.092 78.085 76.077 70.067 65.055 69.041 75.022 38.996 19.961 23.919 57.861 80.825 71.792 67.755 90.712 102.657 58.567 3.521 0.000 0.000 11.500 18.479 52.425 65.404 70.397 86.399 76.406 69.418 62.434 68.454 86.476 83.499 89.521 8.540 0.000 0.000 0.000 0.000 0.000 0.000 0.000 0.000 0.000 0.000 0.000 0.000 0.000 7.822 0.000 0.000 0.000 76.383 67.324 77.259 100.156 76.333
