results3_8e3_rain/res_3e8f-0183.wd
ncols         241
nrows         181
xllcorner     12693529.787448
yllcorner     3542525.717860
cellsize      155.156523
NODATA_value  -9999.000000
[rows 99 to 131 of 181, columns 73 to 145 of 241]
59.794 59.770 59.745 58.719 58.692 63.664 66.635 63.608 59.588 59.579 53.580 9.586 0.000 0.000 0.000 0.000 0.000 14.788 72.755 97.711 95.703 94.860 101.528 101.457 94.557 95.254 95.102 94.992 95.888 95.789 94.700 98.624 57.571 0.000 0.000 0.000 0.000 0.000 0.000 34.502 60.426 72.319 40.184 21.978 51.882 54.797 52.703 56.584 53.394 51.108 20.788 45.546 49.417 64.331 70.269 73.222 71.188 66.164 59.148 54.140 49.136 27.128 0.000 0.000 0.000 0.000 21.539 39.539 51.539 75.539 76.539 76.539 76.539
59.844 59.821 58.797 56.771 60.743 65.713 66.679 66.642 60.615 57.599 62.593 62.592 23.593 0.000 17.420 47.368 24.255 4.055 60.961 100.839 96.089 96.105 101.587 93.870 95.658 95.312 95.225 95.113 95.006 94.905 96.815 95.744 31.698 0.000 0.000 0.000 0.000 0.000 2.803 38.678 44.582 55.493 4.422 0.000 47.001 54.941 53.849 57.723 57.543 28.325 0.000 40.445 54.389 59.326 80.275 81.235 81.206 82.184 83.169 81.161 62.157 0.162 0.176 1.183 0.000 0.000 0.000 38.539 51.539 75.538 76.538 76.538 76.538
59.895 58.874 58.851 61.825 64.796 65.764 40.727 4.666 33.629 69.609 42.600 16.595 8.594 0.000 28.473 78.428 75.342 67.227 86.107 97.258 94.245 101.669 95.151 95.956 95.523 95.458 95.341 95.231 95.119 96.009 93.913 81.837 28.780 1.755 0.000 0.000 0.000 3.028 41.928 48.825 46.732 47.649 20.590 0.000 53.180 71.117 64.029 58.915 33.729 0.000 0.138 23.402 13.366 53.308 78.269 82.239 80.215 80.197 80.184 82.177 55.175 49.181 49.183 55.184 0.000 0.000 0.000 15.538 50.538 75.538 76.538 76.538 76.538
58.949 57.930 62.908 65.881 65.852 65.822 30.800 0.000 0.618 12.607 3.604 0.000 0.000 0.000 21.570 84.530 90.459 98.372 98.331 95.456 102.008 101.799 95.118 95.828 95.679 95.570 95.462 95.350 95.231 101.099 50.991 18.911 2.829 0.433 6.605 9.549 0.000 33.128 51.055 46.964 46.871 45.781 51.698 17.609 46.422 72.316 71.236 69.178 0.000 0.000 33.905 0.000 0.000 51.271 80.255 84.236 81.219 80.205 78.194 67.187 48.184 44.185 45.185 29.184 0.000 0.000 0.000 0.000 46.538 75.537 76.537 76.537 72.537
58.006 63.990 65.968 65.941 63.908 69.872 39.850 0.000 0.000 0.000 0.000 0.000 0.000 0.000 32.707 90.660 93.600 97.476 96.713 96.725 102.195 94.504 96.209 95.884 95.798 95.689 95.583 99.477 105.356 60.165 29.040 3.986 0.000 0.000 0.000 6.493 34.436 57.301 51.201 44.104 49.006 52.908 49.810 47.707 61.585 65.490 55.422 63.384 0.000 0.000 1.901 0.000 0.000 57.251 81.243 86.232 85.220 81.208 76.200 45.194 43.191 44.189 51.188 0.000 0.000 0.000 0.000 40.537 44.537 73.537 76.537 76.537 70.537
65.069 66.055 66.034 65.006 42.969 8.906 27.878 29.878 0.000 0.000 0.000 0.000 0.000 24.009 76.891 90.814 93.718 95.876 96.886 102.525 102.367 95.479 96.180 96.019 95.913 95.807 99.706 61.617 21.551 0.000 39.020 25.006 0.000 0.000 0.000 0.000 42.515 76.439 67.345 62.244 57.141 58.035 55.929 56.823 69.720 63.636 47.578 49.551 0.000 0.000 0.000 0.000 0.000 57.239 85.235 50.228 48.219 80.210 83.203 53.199 44.195 49.193 19.190 0.000 0.000 0.000 0.000 13.537 40.537 58.537 74.537 77.536 70.536
66.137 66.127 62.107 66.079 48.056 0.000 18.878 48.878 0.000 0.000 0.000 0.000 14.223 76.128 90.035 95.956 95.927 96.069 102.808 102.671 94.807 96.582 96.231 96.141 96.027 95.919 99.818 71.735 3.679 0.000 9.015 12.010 0.000 0.000 0.000 0.000 29.671 61.594 66.495 76.388 72.277 60.163 63.049 71.936 66.835 54.755 46.704 47.690 21.736 22.747 0.000 0.000 0.000 55.232 89.229 3.226 0.000 29.209 76.205 66.202 47.199 26.196 0.000 0.000 0.000 0.000 0.000 0.000 13.537 37.536 63.536 73.536 66.536
64.213 61.209 60.188 76.147 55.121 0.000 17.878 45.878 0.000 0.000 0.000 8.390 72.319 85.242 95.172 98.052 97.297 95.327 102.935 94.116 95.890 92.449 94.376 96.253 96.138 97.023 90.911 80.825 28.752 0.000 0.000 0.000 0.000 0.000 0.000 17.085 51.903 56.772 56.653 58.535 67.416 70.293 73.165 67.039 53.929 47.847 46.794 45.770 49.770 34.759 0.000 0.000 0.000 44.226 81.224 47.221 36.216 28.211 71.207 77.204 57.203 0.000 0.000 8.206 0.000 0.000 0.000 0.000 0.000 32.536 56.536 61.536 48.536
58.298 67.308 63.290 4.199 5.160 0.000 8.878 8.878 0.000 0.000 0.000 9.462 88.418 90.361 98.272 97.439 96.460 103.160 103.052 96.074 95.762 95.603 95.485 94.368 95.248 97.123 53.979 4.902 0.000 0.000 0.000 0.000 0.000 20.631 37.496 52.267 63.085 59.938 58.808 55.684 56.560 59.427 71.280 72.124 63.995 52.909 45.854 45.826 47.816 0.000 0.000 0.000 0.000 29.223 71.221 49.219 45.215 45.211 77.208 80.206 63.205 26.206 16.206 59.206 0.000 0.000 0.000 0.000 0.000 35.536 59.536 54.536 40.536
59.392 69.433 56.466 0.000 0.000 0.000 5.878 17.878 1.878 0.000 0.715 75.577 85.534 97.477 97.473 96.616 103.352 103.259 95.386 97.161 96.813 96.720 96.601 96.483 98.364 48.244 0.000 0.000 0.000 0.000 0.000 10.106 35.979 52.767 65.588 61.401 60.233 60.088 59.957 60.835 58.711 57.575 31.404 50.183 75.020 56.937 44.890 47.863 45.853 33.859 0.000 0.000 0.000 30.221 63.219 41.217 0.000 0.000 33.207 70.207 59.206 68.206 75.206 34.206 0.000 0.000 0.000 0.000 0.000 10.536 50.535 48.535 41.535
57.483 61.567 60.676 36.838 0.000 0.000 0.000 3.878 6.878 0.000 28.807 88.721 95.662 97.584 97.743 95.866 103.437 95.673 97.455 97.021 96.952 96.832 97.717 98.600 60.482 0.000 0.000 0.000 0.000 0.000 12.400 55.233 66.063 61.872 60.689 60.516 60.359 60.222 60.099 59.986 59.876 68.756 7.580 0.000 42.964 51.932 43.903 52.884 52.873 34.866 0.000 0.000 0.000 0.000 47.216 84.215 52.213 0.000 26.208 71.207 65.207 56.207 56.206 0.000 0.000 0.000 0.000 0.000 0.000 0.000 29.535 40.535 41.535
69.555 7.676 63.832 62.001 51.200 10.320 0.560 0.000 0.000 19.975 78.907 92.840 98.782 97.767 96.921 103.583 103.514 96.622 97.320 97.169 97.059 97.949 99.834 60.717 0.000 0.000 0.000 0.000 10.922 41.795 52.566 64.366 61.166 60.967 57.781 57.613 57.467 58.340 60.230 60.134 63.052 39.993 0.000 0.000 22.939 47.924 46.908 64.895 60.888 0.000 0.000 0.000 0.000 0.000 31.213 76.213 88.212 45.210 71.208 85.208 77.207 53.207 46.207 18.207 0.000 0.000 0.000 0.000 0.000 0.000 35.535 41.535 45.535
51.596 4.748 65.974 56.132 63.280 55.428 16.684 3.952 13.048 80.043 89.004 98.962 97.850 98.118 96.146 103.643 95.909 97.702 97.363 97.280 98.172 99.071 52.952 0.000 0.000 0.000 0.000 3.190 54.049 64.896 62.704 61.496 63.270 63.049 68.854 73.689 68.555 61.443 55.347 59.267 65.206 23.169 0.000 0.000 18.929 50.918 51.909 73.901 61.897 0.000 0.000 0.000 0.000 0.000 19.212 71.211 80.211 85.210 81.209 81.208 85.207 69.207 48.207 49.207 18.206 11.206 0.000 0.000 0.000 37.535 42.535 40.535 45.535
0.000 0.000 34.185 85.275 48.358 0.000 0.000 18.125 78.148 83.143 97.122 98.031 98.311 96.242 103.727 96.167 97.976 97.553 97.496 98.385 95.280 50.211 0.000 0.000 0.000 0.000 9.473 56.332 64.189 62.036 61.858 65.646 40.369 19.106 21.898 38.734 64.622 66.528 67.448 59.383 60.335 21.310 0.000 0.000 0.000 31.912 49.908 56.904 55.901 4.902 0.000 0.000 0.000 0.000 19.211 62.210 75.210 80.209 81.209 82.208 78.208 74.207 59.207 47.207 51.206 57.206 0.000 0.000 0.000 3.535 40.535 41.535 43.534
0.000 0.000 11.305 86.425 73.519 0.000 0.000 25.275 86.277 94.268 98.220 99.416 99.454 104.041 103.849 97.117 97.832 97.694 97.597 92.494 82.352 33.281 0.000 0.000 8.862 44.777 53.614 65.474 62.339 62.200 66.046 43.859 1.660 0.000 0.000 24.728 62.670 59.601 63.535 69.480 69.442 47.425 0.000 0.000 0.000 13.909 51.907 45.905 52.903 3.902 0.000 0.000 0.000 0.000 24.210 49.210 66.209 80.209 75.208 68.208 70.208 31.207 56.207 65.206 58.206 54.206 0.000 0.000 0.000 0.000 0.534 35.534 40.534
0.000 0.000 0.000 14.600 63.775 3.292 13.428 79.424 91.417 98.402 98.422 98.600 104.389 104.220 96.403 98.201 97.869 97.798 90.709 56.642 0.000 0.000 0.000 17.030 62.948 56.853 64.733 62.612 62.494 63.379 41.267 2.091 0.000 0.000 0.000 23.779 65.731 59.669 59.610 61.561 65.530 67.522 19.552 0.000 0.000 0.000 32.905 51.905 26.904 0.000 0.000 0.000 0.000 0.000 17.209 45.209 56.209 63.209 55.208 52.208 17.208 0.000 5.206 49.206 53.206 62.206 0.000 0.000 0.000 0.000 0.000 29.534 40.534
0.000 0.000 0.000 0.000 1.258 13.517 82.569 87.574 98.571 98.506 99.793 99.868 104.549 96.700 98.480 98.050 97.990 87.889 76.803 40.722 0.000 0.000 0.000 57.113 79.046 63.956 55.852 63.747 61.645 64.555 34.490 0.000 0.000 0.000 19.972 54.880 61.804 60.734 60.674 57.626 53.594 55.580 17.582 0.000 0.000 0.000 13.905 58.905 6.904 0.000 0.000 0.000 0.000 0.000 17.209 47.209 46.209 45.208 43.208 49.208 0.000 0.000 0.000 24.206 47.206 65.206 9.206 0.000 0.000 0.000 0.000 0.534 33.534
0.000 0.000 0.000 0.000 0.000 85.760 84.755 98.744 98.702 99.908 99.983 104.841 104.699 97.653 99.338 97.183 83.069 71.976 45.889 0.000 0.000 0.000 51.381 69.262 69.167 76.072 63.974 53.877 59.786 69.705 72.648 35.647 0.000 0.000 19.064 66.964 60.870 60.791 59.725 55.674 49.640 50.621 16.615 0.000 0.000 0.000 0.000 31.904 39.904 0.000 0.000 0.000 0.000 0.000 25.209 49.208 43.208 44.208 44.208 46.208 29.208 0.000 0.000 0.000 34.206 55.206 33.206 7.205 0.000 0.000 0.000 0.000 28.534
0.000 0.000 0.000 0.000 25.130 86.007 97.951 98.914 99.927 102.116 105.106 104.975 96.958 98.723 95.376 84.278 73.133 45.054 0.000 0.000 0.000 53.613 74.499 60.389 52.287 66.190 78.095 66.003 68.915 69.832 56.750 62.646 41.403 3.881 27.257 59.042 54.921 61.835 56.762 48.706 47.670 51.651 13.643 0.000 0.000 0.000 0.000 18.904 58.904 3.904 0.000 0.000 0.000 0.000 0.000 31.208 46.208 44.208 44.208 44.208 52.208 0.000 0.000 0.000 0.000 36.205 47.205 53.205 0.000 0.000 0.000 0.000 0.000
0.000 0.000 0.000 0.000 68.253 94.186 100.133 99.039 99.310 97.392 105.231 97.239 99.005 93.574 82.508 57.388 0.000 0.000 0.000 0.000 53.841 74.727 61.615 50.506 50.404 52.306 63.213 78.124 69.039 53.957 61.875 63.783 37.682 0.000 24.142 84.027 70.939 59.864 53.781 49.717 46.685 47.668 41.662 5.666 0.000 0.000 0.000 0.000 37.904 9.904 0.000 0.000 0.000 0.000 0.000 11.208 48.208 44.208 44.208 44.208 46.208 30.207 0.000 0.000 0.000 17.205 44.205 47.205 0.000 0.000 0.000 0.000 0.000
0.000 0.000 0.000 71.567 68.443 74.360 89.272 100.447 97.512 105.465 105.350 98.171 93.859 82.713 61.607 0.000 0.000 35.450 0.000 6.076 78.956 61.839 50.726 51.618 50.515 53.419 67.327 76.241 77.160 61.084 57.008 67.931 41.860 0.000 0.000 14.984 27.942 9.903 0.000 19.697 50.685 57.675 58.670 44.670 0.000 0.000 0.000 0.000 0.000 0.000 0.000 0.000 0.000 0.000 0.000 12.208 48.208 47.208 50.208 45.208 42.207 51.207 0.000 0.000 0.000 24.205 58.205 63.205 0.000 0.000 0.000 0.000 0.000
0.000 0.000 10.795 72.691 69.592 70.511 80.487 96.654 105.682 105.575 97.450 94.216 81.887 55.812 0.000 0.000 52.499 51.450 33.353 17.196 67.066 50.946 51.832 50.724 51.621 66.525 72.436 36.353 27.278 79.208 65.143 43.073 3.966 0.000 0.000 0.000 0.000 0.000 0.000 16.688 68.683 62.678 59.674 55.673 10.674 0.000 0.000 0.000 0.000 0.000 0.000 0.000 0.000 0.000 0.000 36.208 45.208 20.208 0.000 20.207 45.207 49.207 0.000 0.000 0.000 26.205 62.205 31.205 0.000 0.000 0.000 0.000 0.000
0.000 85.988 73.899 70.809 68.731 69.609 70.853 74.918 105.786 96.691 92.453 82.043 56.000 0.000 0.000 0.000 56.547 54.500 74.411 58.291 51.168 52.048 50.933 53.824 73.721 70.625 51.538 47.459 52.389 80.329 77.282 41.252 0.000 0.000 0.000 0.000 0.000 0.000 0.000 16.685 75.681 75.678 70.676 61.675 6.675 0.000 0.000 0.000 0.000 0.000 0.000 0.000 0.000 0.000 9.207 48.208 50.208 0.000 0.000 5.207 48.207 49.207 0.000 0.000 0.000 0.000 33.205 0.000 0.000 0.000 0.000 0.000 0.000
2.154 84.077 98.001 89.927 74.829 75.986 68.035 105.983 105.886 75.573 80.251 56.150 0.000 0.000 0.000 0.000 58.643 71.591 69.501 51.387 51.266 51.145 62.028 73.917 62.813 51.718 51.631 51.555 52.490 61.438 79.405 75.400 36.455 0.000 0.000 0.000 0.000 0.000 0.000 0.000 61.679 63.678 75.676 76.675 32.675 0.000 0.000 0.000 0.000 0.000 0.000 0.000 0.000 0.000 40.207 50.207 27.207 0.000 0.000 9.207 49.207 47.207 0.000 0.000 0.000 0.000 0.000 0.000 0.000 0.000 0.000 0.000 0.000
20.224 97.172 100.106 100.037 95.011 85.167 106.170 106.077 67.737 62.510 0.000 0.149 0.000 0.000 0.000 0.000 69.791 74.719 50.614 52.492 52.364 64.238 73.117 55.003 51.898 51.801 51.715 51.639 51.577 51.528 60.498 80.490 73.509 47.540 38.553 42.556 11.557 0.000 0.000 0.000 0.678 41.677 81.676 81.676 42.675 0.000 0.000 0.000 0.000 0.000 0.000 0.000 0.000 0.000 29.207 28.207 0.000 0.000 0.000 0.000 29.207 56.207 0.000 0.000 0.000 0.000 0.000 0.000 0.000 0.000 0.000 0.000 0.000
90.344 100.280 100.221 100.109 104.353 95.412 106.261 67.845 70.528 65.206 0.000 0.000 0.000 0.000 0.000 63.167 75.011 51.882 52.745 52.602 60.460 73.325 51.198 52.081 51.973 51.875 51.787 51.712 51.649 51.601 51.569 55.552 56.551 51.558 52.562 59.559 41.558 0.000 0.000 0.000 0.000 0.000 36.676 72.676 35.675 0.000 0.000 0.000 0.000 0.000 0.000 0.000 0.000 0.000 0.000 0.000 0.000 0.000 0.000 0.000 0.000 8.207 0.000 0.000 0.000 0.000 0.000 0.000 0.000 0.000 0.000 0.000 0.000
96.450 96.391 100.305 101.469 98.517 106.436 106.349 72.518 56.969 2.102 5.102 2.102 0.000 0.000 0.000 80.322 57.206 53.051 52.881 54.711 75.551 55.404 52.271 52.150 52.039 51.937 51.847 51.770 51.708 51.659 51.623 50.599 49.586 52.580 34.578 0.000 0.000 0.000 0.000 0.000 0.000 0.000 0.000 65.675 53.675 20.675 0.000 0.000 0.000 0.000 0.000 0.000 0.000 0.000 0.000 0.000 0.000 0.000 0.000 0.000 0.000 0.000 0.000 0.000 0.000 0.000 0.000 0.000 0.000 0.000 0.000 0.000 0.000
75.564 75.501 79.480 75.638 106.607 106.522 84.021 65.229 56.161 0.000 0.101 2.102 0.000 0.000 0.000 55.594 51.439 51.235 50.017 62.810 55.628 49.469 50.331 50.208 50.095 49.988 50.893 51.815 51.753 51.704 50.666 48.636 50.612 50.599 47.593 37.595 40.595 42.595 41.595 43.595 14.595 0.000 0.000 3.675 62.675 34.675 0.000 0.000 0.000 0.000 0.000 0.000 0.000 0.000 0.000 0.000 0.000 0.000 0.000 0.000 0.000 0.000 0.000 0.000 0.000 0.000 0.000 0.000 0.000 0.000 0.000 0.000 0.000
90.680 112.569 77.817 107.877 106.690 66.567 57.165 0.000 71.564 29.910 0.000 0.000 0.000 0.000 99.402 78.022 48.720 56.435 67.141 65.884 61.682 59.512 59.376 59.258 58.145 52.027 47.923 51.844 51.784 51.738 50.700 50.666 54.629 54.609 55.600 65.597 65.596 61.595 54.595 53.595 32.595 0.000 0.000 0.000 21.675 27.675 0.000 0.000 0.000 0.000 0.000 0.000 0.000 0.000 0.000 0.000 0.000 0.000 0.000 0.000 0.000 0.000 0.000 0.000 0.000 0.000 0.000 0.000 0.000 0.000 0.000 0.000 0.000
138.760 117.358 115.405 106.844 106.769 94.655 0.000 38.599 66.599 140.258 115.734 2.002 46.933 36.357 97.781 57.372 54.984 126.643 117.229 112.903 112.703 111.523 110.403 109.302 108.200 79.052 45.929 51.854 51.802 51.763 51.731 43.699 0.000 0.000 0.000 0.000 0.000 0.000 18.595 70.595 49.594 20.594 0.000 0.000 0.000 0.000 0.000 0.000 0.000 0.000 0.000 0.000 0.000 0.000 0.000 0.000 0.000 0.000 0.000 0.000 0.000 0.000 0.000 0.000 0.000 0.000 0.000 0.000 0.000 0.000 0.000 0.000 0.000
96.929 116.517 106.982 106.914 91.174 0.000 0.000 0.000 9.976 61.788 49.527 0.000 28.193 0.000 56.994 53.701 63.203 118.923 0.000 4.798 0.000 55.472 64.412 125.349 38.300 0.000 55.886 51.842 51.807 52.780 34.764 0.000 0.000 0.000 0.000 0.000 0.000 0.000 0.000 23.594 70.594 26.594 0.000 0.000 0.000 0.000 0.000 0.000 0.000 0.000 0.000 0.000 0.000 0.000 0.000 0.000 0.000 0.000 0.000 0.000 0.000 0.000 0.000 0.000 0.000 0.000 0.000 0.000 0.000 0.000 0.000 0.000 0.000
117.686 115.740 107.046 115.665 117.513 37.801 0.000 17.541 44.541 54.391 31.058 8.255 49.453 95.011 93.501 86.234 0.000 37.923 0.000 16.693 38.588 66.483 111.424 74.380 39.351 0.000 0.000 57.823 51.803 52.788 33.779 0.000 0.000 0.000 0.000 0.000 0.000 0.000 0.000 0.000 17.594 56.594 21.594 0.000 0.000 0.000 0.000 0.000 0.000 0.000 0.000 0.000 0.000 0.000 0.000 0.000 0.000 0.000 0.000 0.000 0.000 0.000 0.000 0.000 0.000 0.000 0.000 0.000 0.000 0.000 0.000 0.000 0.000
115.819 107.162 107.106 96.171 38.936 0.000 0.000 0.000 6.256 33.179 0.000 0.000 42.352 86.080 139.765 75.499 0.000 0.000 0.000 0.000 0.000 80.446 115.422 45.396 42.374 0.000 0.000 0.000 56.795 50.789 48.786 46.786 34.787 0.000 0.000 0.000 0.000 0.000 0.000 0.000 12.594 70.594 28.594 0.000 0.000 0.000 0.000 0.000 0.000 0.000 0.000 0.000 0.000 0.000 0.000 0.000 0.000 0.000 0.000 0.000 0.000 0.000 0.000 0.000 0.000 0.000 0.000 0.000 0.000 0.000 0.000 0.000 0.000
