results3_8e3_rain/res_3e8f-0087.wd
ncols         241
nrows         181
xllcorner     12693529.787448
yllcorner     3542525.717860
cellsize      155.156523
NODATA_value  -9999.000000
[rows 33 to 65 of 181, columns 146 to 218 of 241]
60.946 60.180 59.929 60.593 27.282 38.985 60.707 54.433 33.072 0.000 0.000 17.682 0.000 0.000 14.701 39.717 26.719 0.000 0.000 0.000 31.321 39.294 0.000 23.932 15.881 16.803 20.669 29.532 47.382 38.272 33.169 28.085 29.013 28.951 27.894 26.837 25.773 33.682 43.587 35.525 35.468 33.404 12.334 26.271 34.198 0.000 2.505 5.405 29.099 26.833 31.577 41.317 34.032 28.644 0.000 0.000 10.874 11.067 17.958 0.000 0.000 0.000 0.000 0.000 0.000 0.000 0.000 0.000 0.000 0.000 0.000 0.000 0.000
60.832 60.597 60.272 60.968 38.675 56.403 59.166 52.998 0.000 0.000 0.000 19.682 0.000 0.000 0.000 23.758 23.750 31.740 0.000 44.423 32.350 19.266 28.142 19.001 16.898 16.794 15.673 17.546 45.418 43.304 43.200 45.110 38.030 39.959 38.893 38.829 38.761 39.685 43.611 41.548 42.492 37.439 14.391 13.358 0.000 0.000 0.000 11.251 19.058 13.824 19.582 32.344 32.133 29.975 0.000 0.000 0.000 16.612 0.000 0.000 0.000 0.000 0.000 0.000 0.000 20.097 19.116 21.136 11.151 14.159 0.000 0.000 0.000
61.243 60.925 60.625 60.329 60.047 60.784 52.555 39.396 0.000 0.000 0.000 0.000 0.000 0.000 0.000 20.808 17.782 30.730 35.631 27.497 36.388 34.280 15.159 16.033 16.917 16.802 28.682 32.561 36.440 29.325 26.219 36.124 10.039 16.963 11.892 11.824 11.756 14.688 40.623 29.565 27.513 29.468 14.433 16.412 0.000 0.000 7.290 64.290 0.000 0.000 0.000 0.000 33.182 32.148 0.000 0.000 0.000 14.159 11.429 13.592 11.704 19.788 25.861 17.934 40.008 47.078 45.116 30.141 10.157 9.168 13.177 0.000 0.000
61.567 61.266 60.968 60.677 61.398 56.133 37.875 28.636 37.636 0.000 0.000 0.000 0.000 0.000 0.000 17.884 16.841 19.767 15.666 26.546 29.426 32.306 21.182 16.056 15.934 15.814 40.694 46.575 28.455 22.338 22.227 23.128 20.040 19.961 19.888 20.819 23.753 20.689 41.629 33.575 31.528 31.489 13.460 27.445 53.450 0.000 0.000 52.330 0.000 0.000 0.000 0.000 33.265 31.288 9.385 14.448 12.473 10.435 10.537 10.643 9.731 16.801 23.860 10.935 29.011 47.091 43.130 23.154 8.170 8.180 13.186 0.000 0.000
61.905 61.601 61.304 61.014 57.734 43.476 32.176 0.000 0.000 0.000 0.000 22.818 0.000 0.000 0.000 17.003 17.931 17.833 16.719 16.594 22.466 15.336 15.206 17.076 15.949 14.826 38.707 35.589 43.470 47.344 46.223 41.121 37.033 38.954 34.881 38.812 38.746 39.685 43.629 41.578 42.535 38.500 13.474 25.459 47.455 0.000 0.000 55.370 0.000 0.000 0.000 0.000 30.326 33.354 12.419 10.487 10.537 10.572 10.640 10.714 9.778 16.823 25.844 0.000 0.000 5.145 48.161 24.176 8.188 8.196 12.201 0.000 0.000
62.235 61.929 61.633 61.341 51.049 32.862 0.000 0.000 0.000 0.000 20.866 23.818 36.726 36.596 24.424 17.194 17.047 17.915 17.783 16.646 15.508 16.368 16.229 16.093 14.961 23.836 42.717 21.604 35.492 12.345 45.200 35.100 34.017 33.941 30.869 35.801 36.737 36.677 43.623 41.575 38.534 38.501 13.477 27.462 46.456 0.000 0.000 48.411 0.000 0.000 0.000 0.000 34.359 33.384 9.449 11.544 10.616 11.677 11.738 11.795 12.842 20.872 0.858 0.000 0.000 6.185 48.192 29.202 16.211 10.217 13.221 0.000 0.000
62.557 62.246 62.958 55.668 43.259 33.061 0.000 0.000 0.000 0.000 17.915 34.861 28.766 17.637 19.481 19.305 17.147 15.998 17.851 16.701 17.550 17.399 17.249 16.105 15.967 35.839 35.721 35.620 35.549 0.000 17.132 15.064 15.994 15.923 16.853 20.786 23.723 21.664 41.611 35.564 29.525 31.494 14.471 26.457 45.451 0.000 0.000 21.453 12.469 0.000 0.000 0.000 28.367 11.376 0.000 6.625 12.707 16.782 23.839 23.886 23.925 25.956 0.000 0.000 0.000 54.217 47.222 49.229 37.236 12.241 13.245 0.000 0.000
62.859 62.541 62.284 48.114 0.051 0.000 0.000 0.000 0.000 0.000 34.018 28.946 18.839 19.708 19.558 19.397 19.238 17.080 15.921 15.759 17.593 16.428 16.266 15.110 16.964 31.830 22.710 31.607 32.534 0.000 0.000 31.029 29.973 29.905 29.835 31.768 31.704 32.646 44.593 40.547 35.508 37.478 13.457 22.444 50.440 0.000 0.000 80.478 49.486 16.498 3.503 0.000 0.000 0.000 0.000 0.000 9.805 18.903 22.952 21.986 25.017 27.071 13.162 18.213 34.239 49.244 47.250 47.256 35.262 12.268 12.273 0.000 0.000
63.122 63.774 55.523 38.391 0.000 0.000 0.000 0.000 0.000 41.348 35.193 19.066 19.936 19.796 19.646 19.488 19.327 19.163 15.994 16.819 16.637 16.454 17.275 16.106 15.950 18.809 23.681 35.563 22.447 34.293 39.164 32.050 40.966 30.888 31.815 34.745 33.681 32.622 42.568 38.522 26.484 25.454 14.434 21.424 50.424 0.000 0.000 71.496 61.500 38.505 7.508 0.000 0.000 0.000 0.000 0.000 0.000 30.075 22.081 16.088 13.085 28.150 15.203 17.239 25.260 46.271 48.278 46.283 32.289 12.296 9.306 13.327 7.337
71.310 68.909 41.644 31.535 0.000 0.000 0.000 19.811 33.702 34.504 28.338 23.190 20.045 19.896 19.741 19.583 18.420 21.252 26.075 21.886 16.682 17.476 16.276 16.088 15.921 15.774 22.642 23.518 21.396 28.269 27.150 22.043 33.951 13.867 21.790 28.719 27.652 21.592 40.537 33.490 13.450 12.420 15.400 17.394 21.409 0.000 0.000 49.510 29.512 66.515 52.517 0.000 0.000 40.471 14.450 12.411 12.347 14.242 25.208 19.201 0.000 40.243 28.261 24.279 22.293 33.301 49.307 41.312 24.316 13.321 9.329 16.339 40.347
0.000 0.000 20.607 38.571 0.000 0.000 22.036 31.921 45.790 29.628 28.467 28.311 21.156 20.000 19.842 19.681 26.517 34.349 35.169 26.967 21.729 16.493 15.265 16.048 19.873 16.726 15.595 14.472 20.353 21.235 20.124 21.020 22.927 15.841 21.761 26.687 28.619 24.556 40.499 34.450 16.408 15.376 15.354 11.343 0.000 0.000 0.000 5.521 24.524 24.527 58.529 73.528 66.517 34.492 20.468 21.435 21.390 24.338 46.310 64.306 73.335 72.317 74.318 73.324 67.331 61.335 53.338 36.340 19.342 10.345 11.349 24.353 43.358
12.248 0.000 0.000 0.000 0.000 0.000 25.152 45.047 36.909 39.753 36.591 26.430 19.269 20.108 19.946 30.783 35.621 31.457 26.285 23.085 25.772 20.503 20.245 15.965 20.797 14.662 15.539 16.421 15.307 15.196 15.090 14.989 13.895 14.808 14.726 18.650 24.579 23.514 41.455 35.402 14.357 15.321 15.296 14.282 0.000 0.000 0.000 9.531 35.535 24.542 26.543 41.539 52.530 62.515 64.496 70.471 73.440 73.409 72.388 68.380 59.381 57.374 59.371 62.370 64.371 65.371 63.370 67.369 59.368 26.368 13.368 32.369 49.370
50.865 7.552 0.000 0.000 0.000 26.573 42.372 35.207 27.046 34.882 38.716 39.550 29.383 18.216 28.050 36.885 26.725 18.573 18.431 20.316 0.000 0.000 0.000 12.771 16.690 18.587 18.478 15.368 15.259 16.153 15.050 14.951 14.858 15.770 14.686 14.608 14.535 17.466 34.404 33.347 15.298 15.256 15.226 16.208 17.207 0.000 0.000 8.538 26.545 27.561 39.562 26.557 6.549 10.541 46.530 70.513 54.492 49.471 52.455 45.443 31.436 20.428 11.421 9.416 10.411 20.407 18.403 13.399 52.394 67.390 45.387 43.385 47.383
0.000 21.239 0.000 0.000 26.014 35.774 42.556 26.364 29.186 27.012 24.841 32.670 37.498 32.325 36.152 24.982 18.822 19.678 19.550 27.433 0.000 0.000 0.000 9.659 18.603 29.517 30.418 25.314 21.209 23.106 19.005 17.908 15.815 14.726 14.642 15.561 14.485 14.413 17.347 26.285 14.230 14.182 15.143 14.116 0.000 0.000 0.000 0.000 0.000 41.597 25.588 10.577 24.570 26.569 72.572 53.560 36.543 18.529 9.516 10.503 11.492 12.481 12.470 12.461 11.452 9.444 8.437 9.429 17.420 54.412 62.405 47.401 46.398
0.000 6.927 29.216 30.712 29.255 43.953 28.714 22.508 24.321 23.142 19.966 18.791 33.614 40.433 43.250 31.071 20.905 17.766 25.658 0.000 0.000 0.000 0.000 12.604 22.546 29.461 30.364 30.261 32.158 40.057 37.957 33.861 31.769 27.679 21.593 16.511 14.431 15.356 14.284 19.217 12.155 13.099 14.048 15.998 36.929 0.000 0.000 0.000 3.685 45.642 5.617 14.593 5.586 44.594 62.628 22.610 10.593 12.587 12.577 12.563 12.548 12.533 9.519 9.505 8.493 9.482 9.471 9.460 25.447 40.431 13.421 73.416 45.415
0.000 6.325 29.009 21.666 40.339 40.069 34.839 25.635 19.447 20.267 21.091 31.914 34.733 26.544 29.346 38.145 38.960 28.824 0.000 0.000 0.000 0.000 17.692 23.608 27.516 26.417 27.314 27.210 25.106 32.005 32.907 32.811 33.719 30.629 29.542 30.457 21.374 16.295 17.218 14.144 15.075 14.010 12.951 14.900 29.860 0.000 0.000 0.000 3.728 47.671 9.644 0.000 0.000 0.000 29.738 11.661 12.634 10.648 10.641 10.625 9.605 8.585 9.566 9.549 8.533 9.519 8.506 7.493 10.477 6.446 2.432 66.428 75.437
0.000 3.010 22.830 32.605 42.368 33.144 32.938 34.746 32.565 23.390 29.217 38.043 26.860 19.663 18.445 24.205 33.967 40.747 4.542 0.000 21.200 21.008 15.777 24.619 29.492 30.378 26.267 26.157 18.051 14.951 14.853 14.759 13.667 11.577 18.488 32.401 31.315 30.230 25.148 16.068 13.990 14.917 13.848 13.790 14.751 0.000 0.000 0.000 18.828 0.000 0.000 0.000 0.000 0.000 8.925 0.000 0.000 8.730 7.715 7.690 8.663 10.636 10.612 10.591 9.572 9.556 7.541 7.529 8.521 0.000 0.000 0.000 69.467
0.000 1.781 25.695 44.557 35.384 32.202 32.022 32.847 31.677 33.510 38.345 27.179 21.003 20.804 20.565 19.262 19.958 25.653 42.338 39.886 18.393 17.047 15.787 16.600 28.457 26.335 37.220 25.099 17.992 15.893 16.798 15.705 20.613 28.523 24.433 18.343 24.254 34.165 31.076 29.989 20.902 13.818 13.736 14.661 12.603 0.000 0.000 18.929 6.929 0.000 0.000 21.255 16.255 15.209 7.112 0.000 0.000 13.829 10.798 10.760 10.720 10.686 10.656 10.631 10.610 10.591 10.575 9.562 10.557 12.564 2.564 0.000 11.494
0.000 14.697 39.645 35.543 24.409 29.259 34.102 28.944 34.785 40.627 32.476 20.325 19.167 20.987 20.749 24.320 24.949 18.570 29.270 24.926 21.440 18.000 14.725 21.538 25.399 27.286 18.178 45.029 32.925 22.831 14.740 20.649 39.559 49.469 42.378 19.286 21.193 24.099 28.004 32.908 30.812 26.716 15.618 12.514 19.398 25.249 0.000 0.000 15.031 0.000 0.000 0.000 11.301 11.262 11.202 16.163 15.082 10.959 9.888 10.830 10.773 10.730 10.696 10.669 10.644 10.623 10.605 10.590 9.579 9.573 10.564 13.547 9.522
1.707 35.696 41.646 26.561 21.449 23.322 25.184 36.041 39.893 50.738 49.605 42.479 31.353 20.229 23.124 0.000 0.000 17.408 23.246 20.111 0.000 15.788 19.576 36.430 35.315 38.232 0.000 9.914 49.848 43.767 29.681 35.594 53.505 53.415 51.324 20.230 26.133 26.034 27.933 15.829 24.723 30.616 29.504 28.379 41.228 50.100 0.000 0.000 5.133 30.236 0.000 0.000 34.387 15.336 15.270 15.204 15.125 16.038 9.966 8.901 12.813 9.764 9.731 9.703 9.676 10.653 9.632 8.613 8.598 8.585 8.571 8.555 7.538
0.768 46.735 32.683 21.605 21.507 21.395 34.273 32.144 49.009 63.825 60.729 57.633 52.537 43.452 34.394 0.000 0.000 0.000 11.197 22.160 0.000 0.000 12.361 30.290 29.198 44.096 15.953 16.866 49.787 54.707 50.624 49.540 52.453 52.364 53.272 32.176 24.076 25.972 25.864 15.752 24.637 18.521 37.405 8.272 47.032 68.825 39.518 9.326 0.000 8.339 0.000 10.649 70.523 23.427 25.340 25.258 21.178 22.101 14.037 8.994 0.000 9.784 9.762 12.735 15.706 25.680 15.656 10.635 11.615 11.598 11.581 11.565 11.549
32.885 36.816 30.748 28.669 23.578 35.478 29.368 42.253 20.174 0.000 40.854 59.788 58.712 59.647 42.607 0.000 0.000 0.000 5.184 28.172 0.000 0.000 9.219 24.170 19.092 46.000 56.897 56.809 52.729 52.650 52.570 53.488 52.404 52.316 52.224 46.127 21.024 22.915 20.799 15.677 26.551 27.426 30.323 0.000 31.805 67.649 37.403 55.134 15.836 1.296 12.956 68.776 56.629 28.509 22.405 24.312 18.227 12.151 10.088 8.045 0.000 15.827 23.800 31.767 38.735 47.705 36.678 16.654 10.631 11.611 11.592 11.574 11.557
43.972 32.898 32.824 28.745 35.660 32.569 35.468 59.327 46.259 29.194 50.045 58.951 57.876 56.816 36.781 0.000 0.000 0.000 0.000 0.000 0.000 0.000 15.125 24.080 35.002 50.914 52.827 52.745 52.669 52.593 52.517 52.439 52.358 52.272 52.181 52.084 37.979 27.865 20.741 13.607 17.463 17.309 22.139 40.900 26.733 61.562 47.312 53.972 60.678 46.352 51.073 59.871 35.709 36.574 22.459 21.358 13.268 10.188 11.118 13.054 26.984 32.896 50.843 49.800 48.762 47.729 47.698 37.671 15.646 10.623 11.602 11.582 11.564
35.056 22.980 24.905 36.827 33.748 33.672 3.610 0.000 38.342 64.278 59.182 58.096 60.023 41.962 27.920 11.944 0.000 0.000 0.000 0.000 0.000 0.000 21.075 38.025 49.921 52.829 52.750 52.677 52.607 52.538 52.467 52.394 52.316 52.234 52.145 52.049 52.943 46.825 38.693 30.547 28.386 31.210 22.023 38.827 17.667 59.555 0.000 12.763 47.554 19.331 10.115 65.926 29.762 33.621 31.499 12.393 10.300 11.216 11.141 19.071 40.002 50.932 47.875 47.827 47.786 44.749 43.716 41.686 40.658 14.633 10.610 10.589 10.570
25.140 22.064 34.987 34.910 29.834 49.760 3.690 12.623 52.489 59.396 58.308 58.229 58.158 34.090 33.993 44.968 0.000 0.000 0.000 0.000 0.000 0.000 0.000 0.000 46.827 58.733 53.667 52.606 52.546 52.484 52.420 52.353 52.280 52.203 52.118 52.024 51.918 52.798 53.660 50.503 50.323 53.123 32.915 38.720 12.554 53.435 0.000 0.000 43.444 13.303 23.129 56.955 37.794 29.649 33.524 10.416 11.321 10.236 12.159 22.088 43.020 43.956 48.899 47.849 42.805 39.766 43.730 48.698 47.669 36.642 17.618 16.595 15.575
21.227 35.148 36.070 23.994 34.918 55.843 48.768 54.690 60.594 58.507 58.427 58.353 55.291 39.247 0.000 0.000 0.000 0.000 0.000 0.000 0.000 0.000 0.000 0.000 0.000 3.609 44.577 53.535 52.486 52.434 52.377 52.316 52.250 52.178 52.099 54.011 52.909 52.789 51.647 53.481 52.279 52.045 41.795 39.583 16.394 28.197 57.905 36.675 44.474 13.309 41.144 34.973 37.809 25.656 19.532 11.427 11.333 11.249 19.172 24.101 25.034 29.973 37.916 35.866 36.820 47.779 47.742 47.708 47.678 48.649 42.623 38.600 36.578
36.312 36.231 25.153 21.076 36.001 54.926 60.851 59.773 58.692 58.613 58.538 59.468 50.405 43.361 0.000 0.000 0.000 0.000 0.000 0.000 0.000 0.000 0.000 0.000 0.516 20.518 47.500 53.469 52.431 52.387 52.338 52.285 52.226 52.162 54.091 54.011 53.917 45.803 50.659 53.494 56.269 53.984 47.637 43.424 31.241 15.054 62.843 45.647 47.470 12.314 58.166 21.984 2.815 19.635 10.522 11.425 10.337 19.256 25.180 24.110 24.045 22.984 15.928 11.878 41.831 47.789 47.751 47.716 47.684 47.654 48.627 48.602 48.580
33.392 24.312 22.234 20.158 37.083 57.009 58.935 58.862 58.787 58.715 58.644 60.574 39.501 37.431 0.000 0.000 0.000 0.000 0.000 0.000 0.000 0.000 0.000 0.000 0.000 34.446 53.434 52.412 52.382 52.346 52.304 52.258 54.208 53.152 53.092 53.024 46.947 24.849 40.691 50.566 1.438 0.000 25.344 32.235 41.093 27.935 48.766 66.599 51.445 18.313 60.220 0.000 0.000 8.563 11.496 11.415 13.334 23.256 21.183 22.114 24.050 26.991 20.936 21.885 37.839 47.796 47.757 47.721 47.688 47.657 47.629 47.604 47.580
24.470 22.391 27.314 32.239 47.165 59.092 59.021 58.950 58.881 58.815 58.751 59.685 46.593 0.000 0.000 0.000 0.000 0.000 0.000 19.231 0.000 0.000 0.000 0.000 0.000 9.386 44.378 51.362 52.339 52.310 52.276 52.237 54.194 52.148 52.099 52.048 35.997 31.954 0.000 0.000 0.000 0.000 10.161 17.079 38.962 24.829 29.685 72.540 55.399 34.273 44.181 0.000 38.616 15.557 11.484 11.406 13.328 22.253 33.182 33.115 35.052 40.994 35.939 46.889 47.842 47.799 47.760 47.723 47.690 47.659 47.630 47.603 47.579
25.546 22.468 29.392 48.318 59.246 59.175 59.105 59.038 58.973 58.912 58.859 64.822 0.000 0.000 0.000 0.000 0.000 0.000 19.231 31.231 18.232 33.233 29.235 0.000 0.000 31.334 38.331 49.320 52.303 52.280 52.252 53.220 52.185 52.148 52.109 48.072 37.039 42.016 0.000 0.000 0.000 0.000 27.060 18.959 36.848 12.732 14.608 62.476 61.339 53.199 39.051 38.846 27.675 22.567 11.478 11.396 11.319 21.246 43.176 50.111 49.050 48.993 40.939 47.889 47.843 47.800 47.760 47.723 47.689 47.658 47.628 47.601 47.576
23.620 21.543 36.468 56.396 60.325 59.256 59.188 59.123 59.060 59.002 58.952 65.923 0.000 0.000 0.000 0.000 0.000 0.000 8.231 28.231 28.232 27.234 30.237 14.246 22.260 30.286 30.291 47.285 53.272 52.254 52.232 52.206 52.178 52.148 53.119 45.092 41.070 35.057 0.000 0.000 0.000 0.000 0.000 18.849 37.740 14.644 10.538 49.418 66.282 63.134 43.976 22.813 21.671 22.559 13.466 10.383 11.306 14.235 25.168 45.104 48.044 47.988 39.936 47.886 47.840 47.798 47.758 47.721 47.687 47.655 47.625 47.598 47.572
22.692 24.617 44.543 60.472 59.403 59.335 59.270 59.206 59.143 59.083 61.025 58.994 0.000 0.000 0.000 0.000 0.000 0.000 0.000 33.230 39.231 44.232 35.234 34.240 28.248 24.259 35.262 49.257 52.248 52.233 55.215 53.195 52.172 52.149 52.127 47.107 39.092 34.085 9.092 0.000 0.000 0.000 0.000 0.000 29.619 15.566 11.484 44.375 75.237 56.079 34.908 25.761 27.636 25.532 20.443 9.363 11.289 10.220 14.155 33.094 48.036 47.981 39.929 47.881 47.835 47.793 47.753 47.716 47.682 47.650 47.620 47.593 47.567
22.762 32.688 52.616 60.546 59.479 59.414 59.350 59.287 59.225 60.161 58.073 46.033 30.033 0.000 0.000 0.000 0.000 0.000 0.000 34.230 43.230 43.229 47.229 49.232 32.236 31.239 46.240 52.236 52.228 52.216 53.202 52.185 52.168 52.150 52.132 50.117 38.106 39.100 33.099 0.000 0.000 0.000 0.000 0.000 15.550 15.517 9.456 54.363 42.212 48.036 17.817 37.685 31.581 24.492 24.411 15.337 10.268 11.202 10.140 22.080 45.024 46.971 40.920 47.872 48.827 47.785 47.746 47.709 47.675 47.643 47.614 47.586 47.560
