results3_8e3_rain/res_3e8f-0069.wd
ncols         241
nrows         181
xllcorner     12693529.787448
yllcorner     3542525.717860
cellsize      155.156523
NODATA_value  -9999.000000
[rows 96 to 127 of 181, columns 0 to 73 of 241]
0.000 0.000 64.631 22.631 0.631 0.000 0.000 62.630 66.629 66.629 62.628 62.627 64.627 0.000 0.000 0.000 0.000 0.000 0.000 0.000 0.000 22.598 22.597 47.598 109.598 83.597 11.597 12.596 20.596 0.000 0.000 126.412 0.000 62.400 86.404 91.405 0.000 0.000 36.259 6.237 61.207 95.171 82.131 59.087 97.039 81.987 53.933 70.877 119.819 46.759 54.698 55.635 55.572 55.508 55.443 55.379 55.315 55.254 55.193 56.128 62.040 29.995 0.000 0.000 0.000 1.066 31.050 19.027 20.903 49.823 54.785 53.759 53.740 53.725
0.000 0.000 44.631 66.631 69.631 10.631 2.631 61.631 58.630 57.629 56.628 57.627 56.627 0.000 0.000 0.000 0.000 0.000 0.000 0.000 0.000 7.598 8.598 96.599 98.599 79.598 2.597 7.597 1.596 0.000 0.000 142.412 131.413 137.414 142.429 145.431 122.427 63.397 81.337 58.299 60.264 95.227 94.187 115.143 140.096 130.045 104.992 63.936 122.877 46.817 54.755 55.692 55.628 55.562 55.496 55.431 55.368 55.310 57.257 40.216 0.000 0.000 0.000 0.000 16.925 59.943 28.966 0.000 31.859 70.825 51.796 53.772 53.754 53.739
0.000 0.000 0.000 39.631 52.631 64.632 77.632 90.631 28.631 8.630 0.000 0.000 0.000 0.000 0.000 0.000 0.000 0.000 61.623 0.000 0.000 0.000 0.000 58.602 60.601 45.600 0.000 0.000 0.000 0.000 0.000 57.413 50.413 0.000 64.467 54.463 54.452 58.428 109.392 56.357 60.323 91.286 92.246 68.203 58.156 59.106 83.053 132.997 108.938 49.877 53.814 54.750 55.684 55.617 55.549 54.480 54.417 55.361 58.309 35.263 0.000 0.000 0.000 0.000 24.907 76.910 50.906 38.871 58.848 77.823 55.800 53.780 53.763 53.750
0.000 0.000 0.000 0.000 0.000 56.633 96.633 98.633 89.631 84.631 0.000 0.000 0.000 0.000 0.000 0.000 0.000 64.624 61.623 0.000 0.000 0.000 0.608 59.605 58.605 0.000 0.000 0.000 0.000 5.658 0.000 0.000 0.000 0.000 11.508 57.503 53.491 52.472 53.446 54.416 67.384 56.348 60.310 52.267 54.221 52.170 53.117 58.060 59.001 56.939 60.875 53.810 53.743 55.674 58.602 72.525 73.459 58.406 44.358 0.000 0.000 0.000 0.000 0.000 21.886 76.885 73.877 60.858 35.839 30.820 74.801 51.785 53.770 53.758
0.000 0.000 0.000 0.000 0.000 57.635 97.635 97.635 0.000 0.000 0.000 0.000 0.000 0.000 0.000 0.000 9.624 75.624 64.624 2.623 0.000 0.000 62.611 61.609 65.608 0.000 0.000 0.000 0.000 63.659 55.659 0.000 0.000 0.000 70.555 80.548 66.538 59.523 53.502 55.477 74.448 59.414 65.377 65.335 56.288 71.238 63.184 64.127 54.066 62.003 61.938 59.871 53.803 54.734 58.661 55.558 17.488 7.447 0.000 0.000 0.000 0.000 0.000 24.863 61.868 73.865 80.858 70.846 46.831 47.816 61.801 52.787 53.775 53.764
2.643 0.000 0.000 0.000 0.000 44.637 93.637 102.637 12.638 0.000 0.000 0.000 0.000 0.000 0.000 0.000 0.000 82.625 63.624 64.623 66.621 63.618 60.614 61.611 59.609 0.000 0.000 0.000 0.000 56.659 56.659 57.657 56.650 56.635 55.607 65.598 74.591 21.580 85.564 75.543 80.516 65.485 10.448 81.407 79.360 78.310 82.255 71.197 54.134 57.069 62.003 61.934 58.864 54.797 43.751 0.000 0.000 0.000 0.000 0.000 0.000 0.000 0.000 34.859 61.855 61.851 72.845 71.836 54.824 54.812 53.800 53.788 53.778 53.768
70.644 73.643 5.643 0.000 0.000 54.639 93.638 98.639 108.639 13.640 0.000 0.000 0.000 0.000 4.630 4.629 2.628 19.626 67.625 64.623 82.621 96.619 71.616 56.614 0.000 0.000 0.000 0.000 0.000 0.000 55.661 56.663 56.657 56.648 56.642 55.646 55.646 54.641 55.631 60.614 72.590 66.561 9.525 81.483 82.437 60.386 67.330 84.270 78.206 65.138 55.069 60.998 61.924 64.838 49.795 0.000 0.000 0.000 0.000 0.000 0.000 0.000 0.000 0.000 12.843 58.840 55.835 55.827 53.818 53.808 53.798 53.788 53.779 52.771
84.644 67.644 67.643 69.643 71.642 90.641 98.640 98.640 98.640 100.640 74.641 13.641 0.000 62.631 69.630 70.630 32.629 27.628 90.626 98.625 93.623 89.620 72.618 0.000 0.000 0.000 0.000 0.000 0.000 0.000 0.000 56.678 55.665 54.660 55.667 56.698 56.708 56.709 56.703 57.691 76.671 71.642 54.607 56.565 67.518 78.466 55.410 67.348 68.280 61.207 81.136 64.066 55.995 0.000 0.000 0.000 0.000 0.000 0.000 0.000 0.000 0.000 0.000 0.000 4.834 58.832 53.827 53.821 53.813 53.805 53.796 51.788 49.781 51.774
99.644 89.644 70.644 74.643 92.643 98.642 98.641 98.641 98.641 93.641 65.641 71.641 0.000 53.631 88.631 96.631 96.630 80.629 95.628 102.627 12.626 0.000 0.000 0.000 0.000 0.000 0.000 0.000 0.000 0.000 0.000 56.707 0.000 0.000 0.000 57.771 56.778 56.783 56.784 57.776 73.759 78.731 55.695 56.653 56.604 74.552 75.495 53.432 61.360 80.275 72.203 50.135 0.000 0.000 0.000 0.000 0.000 0.000 0.000 0.000 0.000 0.000 0.000 0.000 1.827 58.825 53.821 53.815 53.808 52.801 51.794 56.787 57.781 58.775
99.645 99.645 94.645 97.644 98.644 98.643 98.643 98.642 98.642 94.642 69.642 86.641 0.000 0.000 66.633 90.633 98.632 99.631 98.630 103.629 6.628 0.000 0.000 0.000 0.000 0.000 0.000 0.000 0.000 0.000 0.000 56.736 0.000 0.000 58.846 56.839 56.848 56.862 56.872 56.872 73.857 78.829 55.791 56.745 56.695 57.641 78.585 72.525 79.451 69.331 50.267 0.000 0.000 0.000 0.000 0.000 0.000 0.000 0.000 0.000 0.000 0.000 0.000 0.000 56.823 53.821 53.817 53.811 53.804 52.798 54.792 58.786 59.781 59.776
97.646 98.646 98.646 98.645 98.645 98.644 98.644 98.644 98.643 99.643 94.642 101.642 25.640 4.639 54.636 73.635 96.634 98.633 99.632 87.631 1.629 0.000 0.000 0.000 0.000 0.000 0.000 0.000 0.000 0.000 0.000 50.765 55.794 55.824 54.853 56.890 56.915 56.944 56.972 56.981 73.969 78.938 55.894 56.843 56.789 56.734 61.681 84.631 64.590 0.000 0.000 0.000 0.000 0.000 0.000 0.000 0.000 0.000 0.000 0.000 0.000 0.000 0.000 0.000 9.821 60.819 56.815 57.808 55.799 51.794 58.789 59.785 57.781 57.777
94.647 99.647 98.647 98.646 98.646 98.646 98.645 98.645 98.644 98.644 99.643 92.642 76.641 67.640 61.638 88.637 98.636 98.635 103.634 6.633 0.000 0.000 0.000 0.000 0.000 0.000 0.000 0.000 0.000 0.000 0.000 0.000 0.000 0.000 0.000 56.952 56.979 57.028 57.090 57.112 73.099 80.060 57.005 56.944 56.883 56.825 56.773 62.726 15.689 0.000 0.000 0.000 0.000 0.000 0.000 0.000 0.000 0.000 0.000 0.000 0.000 0.000 0.000 0.000 0.000 0.000 0.000 0.000 1.791 60.789 58.786 59.784 56.781 51.778
94.648 99.648 98.648 98.648 98.648 98.647 98.647 98.646 98.646 98.645 99.644 84.643 63.642 62.641 71.640 95.638 98.637 98.637 104.636 9.636 0.635 0.000 0.000 0.000 0.000 0.000 0.000 0.000 0.000 0.000 0.000 0.000 0.000 0.000 0.000 52.986 57.021 54.099 57.247 57.279 76.255 80.197 57.122 57.045 56.973 56.912 56.860 53.813 3.751 0.000 0.000 0.000 0.000 0.000 0.000 0.000 0.000 0.000 0.000 0.000 0.000 52.767 0.000 0.000 0.000 0.000 0.000 0.000 56.786 57.785 59.784 59.782 56.780 52.779
97.650 98.650 98.650 98.649 98.649 98.649 98.649 98.648 98.648 98.647 98.646 95.645 72.644 73.642 90.641 97.640 98.639 98.638 105.638 22.638 0.000 0.000 0.000 0.000 0.000 0.000 0.000 0.000 0.000 0.000 0.000 0.000 0.000 0.000 0.000 0.000 53.021 0.000 56.521 57.502 85.444 72.352 57.242 57.139 57.054 69.989 59.942 54.914 0.000 0.000 0.000 0.000 0.000 0.000 0.000 0.000 0.000 0.000 0.000 0.000 4.767 63.767 48.768 0.000 0.000 0.000 0.000 57.779 60.781 59.782 56.781 52.780 52.780 50.779
98.651 98.651 98.651 98.651 98.651 98.651 98.651 98.650 98.649 98.649 98.648 98.647 100.645 100.644 99.643 98.642 98.641 100.640 89.640 32.639 0.000 0.000 0.000 0.000 0.000 0.000 0.000 0.000 0.000 0.000 0.000 0.000 0.000 0.000 0.000 0.000 0.000 0.000 56.815 57.764 91.667 60.525 57.357 57.215 69.116 78.048 57.005 56.987 56.005 0.000 0.000 0.000 0.000 0.000 0.000 0.000 0.000 0.000 0.000 0.000 0.000 59.768 60.768 47.768 0.000 53.773 55.775 59.777 58.778 56.779 55.779 51.779 59.779 62.779
97.653 96.653 98.653 98.653 98.653 98.653 98.653 98.652 98.652 98.651 98.650 98.648 98.647 98.646 98.644 98.643 99.643 82.642 10.641 1.641 59.642 73.642 19.641 0.000 0.000 0.640 0.000 0.000 0.000 0.000 0.000 0.000 0.000 0.000 0.000 0.000 0.000 0.000 53.160 64.072 86.934 57.725 54.444 57.249 57.145 57.082 57.044 57.025 57.023 54.023 0.000 0.000 0.000 0.000 0.000 0.000 0.000 0.000 0.000 0.000 0.000 54.768 50.768 56.769 51.770 59.772 59.774 58.775 54.777 57.777 52.778 51.778 51.778 44.778
87.655 87.655 96.655 98.655 98.655 98.655 98.655 98.655 98.654 98.653 98.652 99.651 100.649 98.647 98.646 98.645 98.644 20.644 4.643 59.643 69.642 79.642 78.641 71.641 63.641 4.641 0.000 0.000 0.000 0.000 0.000 0.000 0.000 0.000 0.000 58.097 61.033 60.884 57.592 56.432 65.272 52.999 0.000 53.192 57.135 57.092 57.062 57.046 56.040 0.000 0.000 0.000 0.000 0.000 0.000 0.000 56.765 67.765 0.000 0.000 55.767 53.767 53.768 50.769 58.770 59.771 59.773 56.774 59.776 59.776 57.777 52.777 41.777 0.000
69.657 74.657 93.658 99.658 98.658 98.658 98.658 98.657 98.657 98.656 100.655 86.653 82.651 97.649 102.647 99.646 94.646 76.645 79.645 85.644 79.643 80.642 59.642 52.641 0.000 0.000 0.000 0.000 0.000 0.000 0.000 0.000 0.000 0.000 49.161 55.161 58.118 58.027 57.892 57.791 59.724 0.000 0.000 0.000 52.111 57.087 57.068 57.056 57.051 0.000 0.000 0.000 0.000 0.000 0.000 16.765 73.765 55.765 53.765 53.766 53.767 53.767 51.768 56.769 59.770 59.771 55.772 59.774 59.775 58.776 52.776 53.776 43.776 0.000
53.658 68.659 87.660 100.661 101.661 101.661 99.661 98.661 99.660 98.660 99.659 37.657 8.652 56.650 74.648 95.647 102.647 100.647 100.647 86.645 9.644 0.000 0.000 0.000 0.000 0.000 0.000 0.000 0.000 4.186 6.186 0.000 0.000 0.000 0.000 54.268 58.253 56.213 57.158 59.119 60.107 0.000 0.000 0.000 0.000 50.078 57.068 57.061 54.056 0.000 0.000 0.000 0.000 0.000 0.000 0.000 15.765 69.765 52.765 52.766 53.766 52.767 52.767 58.768 59.769 57.770 45.771 0.000 63.775 57.775 57.775 57.775 43.776 0.000
17.659 39.661 72.663 78.664 72.664 74.663 91.664 99.664 95.664 88.663 87.663 22.663 0.000 0.000 0.000 32.648 67.648 93.650 100.651 0.000 0.000 0.000 0.000 0.000 0.000 0.000 0.000 0.000 0.000 46.186 67.186 12.186 0.000 0.000 0.000 54.390 60.412 59.414 68.407 69.419 59.480 4.660 0.000 0.000 0.000 0.000 54.065 55.063 0.000 0.000 0.000 0.000 0.000 0.000 0.000 0.000 0.000 74.765 77.766 57.766 51.766 49.767 59.767 59.768 54.768 0.000 0.000 0.000 4.775 62.775 59.775 59.775 49.775 0.000
0.000 0.000 53.669 62.669 14.669 0.668 63.668 92.668 83.668 79.668 93.668 60.669 20.671 0.000 0.000 0.000 0.000 38.653 69.657 0.000 0.000 0.000 0.000 0.000 0.000 0.000 0.000 0.000 0.000 0.000 51.187 69.187 0.182 0.000 0.000 45.491 59.592 57.623 87.639 80.669 58.732 60.841 6.961 0.000 0.000 0.000 49.065 0.000 0.000 0.000 0.000 0.000 0.000 0.000 0.000 0.000 0.000 0.000 62.766 79.766 64.766 58.766 59.767 54.767 0.000 0.000 0.000 0.000 0.000 54.775 59.775 59.775 54.775 0.000
0.000 0.000 49.674 94.673 51.673 0.673 52.672 84.672 86.672 97.672 99.672 102.673 108.674 47.676 16.677 0.000 0.000 0.000 9.666 4.669 0.000 0.000 0.000 0.000 0.000 0.000 0.000 0.000 0.000 0.000 52.187 67.187 0.000 4.191 8.191 0.000 52.842 60.845 90.858 72.887 60.939 60.012 65.080 0.000 0.000 0.000 0.000 0.000 0.000 0.000 0.000 0.000 0.000 0.000 0.000 0.000 0.000 0.000 0.000 0.766 67.766 57.766 55.766 0.000 0.000 0.000 0.000 0.000 53.774 52.774 54.774 48.775 0.000 0.000
22.684 37.683 71.680 89.678 97.678 66.678 79.677 102.676 99.675 98.675 98.675 98.676 98.677 104.678 107.678 63.678 22.677 4.676 67.672 81.673 74.674 76.674 32.674 8.674 5.674 0.000 0.000 0.000 0.000 0.000 31.187 53.188 59.189 59.190 62.192 21.193 54.089 83.059 85.060 62.082 60.125 60.187 63.269 8.403 3.461 0.000 0.000 0.000 0.000 0.000 0.000 0.000 0.000 0.000 0.000 0.000 0.000 0.000 0.000 0.000 0.000 0.000 1.766 0.000 0.000 0.000 0.000 55.774 50.774 48.774 0.000 0.000 0.000 0.000
95.686 98.685 98.683 96.682 94.682 95.681 97.680 97.680 98.679 99.679 99.679 98.679 91.679 95.679 98.679 102.679 106.678 107.677 99.676 95.675 92.675 87.675 89.675 82.674 38.674 16.674 0.000 0.000 0.000 0.000 0.000 0.000 0.000 0.000 0.000 78.299 67.263 96.242 87.240 74.257 61.292 60.341 60.405 64.478 60.520 0.000 0.000 0.000 0.000 0.000 0.000 0.000 0.000 0.000 0.000 0.000 0.000 0.000 0.000 0.000 0.000 0.000 0.000 0.000 0.000 0.000 0.000 0.000 0.000 0.000 0.000 0.000 0.000 0.000
98.688 93.688 91.687 90.686 84.685 81.685 82.684 82.683 88.683 93.682 93.682 86.682 70.682 85.682 98.681 98.681 98.680 98.679 98.678 98.677 99.676 99.676 102.675 103.675 103.674 103.674 42.674 0.000 0.000 0.000 0.000 0.000 0.000 0.000 0.000 50.441 76.422 81.405 65.402 82.415 70.443 60.483 60.532 63.584 6.622 0.000 0.000 0.000 0.000 0.000 0.000 0.000 0.000 0.000 0.000 0.000 0.000 0.000 0.000 0.000 0.000 0.000 0.000 0.000 0.000 0.000 0.000 0.000 0.000 0.000 0.000 0.000 0.000 0.000
68.691 41.691 63.690 77.690 75.689 55.689 40.688 36.687 56.687 73.686 72.686 65.685 60.685 70.684 91.683 99.683 98.682 98.681 98.680 98.679 98.678 102.677 77.675 65.675 64.674 68.674 71.674 10.674 0.000 0.000 0.000 0.000 0.000 0.000 0.000 48.603 84.578 67.555 59.549 69.559 80.582 64.615 60.656 60.704 66.761 10.859 4.904 0.000 0.000 0.000 0.000 0.000 0.000 0.000 0.000 0.000 0.000 0.000 0.000 0.000 0.000 0.000 0.000 0.000 0.000 0.000 0.000 0.000 0.000 0.000 0.000 0.000 0.000 0.000
58.695 29.695 51.694 66.694 62.693 39.692 25.692 29.691 49.690 63.690 61.689 61.688 62.688 60.687 79.686 96.685 98.684 98.683 98.682 98.681 97.679 60.678 0.000 0.000 0.000 0.000 0.000 0.000 0.000 54.973 74.972 26.972 12.968 8.955 55.906 72.790 89.731 66.687 60.680 58.690 75.710 77.739 63.774 60.814 60.860 63.913 72.949 10.980 5.987 0.000 0.000 0.000 0.000 0.000 0.000 0.000 0.000 0.000 0.000 0.000 0.000 0.000 0.000 0.000 0.000 0.000 0.000 0.000 0.000 0.000 0.000 0.000 0.000 0.000
71.699 67.699 62.698 61.698 62.697 64.696 65.696 68.695 67.694 63.693 62.693 62.692 62.691 61.690 68.689 90.687 99.686 98.685 100.684 72.683 38.681 0.000 0.000 0.000 0.000 0.000 0.000 0.000 0.000 19.973 41.973 44.974 48.978 62.992 59.972 80.921 77.868 51.784 58.795 60.810 62.831 75.857 67.886 62.919 60.952 59.983 77.001 68.002 61.995 0.000 0.000 0.000 0.000 0.000 0.000 0.000 0.000 0.000 0.000 0.000 0.000 0.000 0.000 0.000 0.000 0.000 0.000 0.000 0.000 0.000 0.000 0.000 0.000 16.217
61.703 62.703 62.702 62.702 62.701 62.701 62.700 62.699 62.698 62.697 62.696 62.695 62.694 62.693 60.691 81.690 98.689 100.687 96.686 22.685 0.000 0.000 0.000 0.000 0.000 0.000 0.000 0.000 0.000 0.000 0.000 0.000 0.000 47.062 64.070 90.055 64.036 0.000 46.908 61.924 59.946 63.971 64.997 74.023 63.047 61.065 60.068 56.035 0.000 0.000 0.000 0.000 0.000 0.000 0.000 0.000 0.000 0.000 0.000 0.000 0.000 0.000 0.000 0.000 0.000 0.000 0.000 0.000 0.000 0.000 0.000 0.000 21.388 86.312
62.707 62.707 62.707 62.706 62.706 62.705 62.704 61.703 61.702 62.701 62.700 62.699 62.697 62.696 61.694 69.693 84.691 95.690 83.688 9.688 0.000 0.000 0.000 0.000 0.000 0.000 0.000 0.000 0.000 0.000 0.000 0.000 0.000 24.126 73.189 98.194 8.186 0.000 45.004 63.032 61.059 60.083 68.107 79.129 67.149 61.164 65.170 0.000 0.000 0.000 0.000 0.000 0.000 0.000 0.000 0.000 0.000 0.000 0.000 0.000 0.000 0.000 0.000 0.000 0.000 0.000 0.000 0.000 0.000 0.000 0.000 0.000 78.465 92.410
62.712 62.712 62.712 62.711 62.710 62.710 62.709 66.708 67.707 63.706 62.704 62.703 62.701 62.699 62.697 61.695 64.694 73.692 73.690 14.689 0.000 0.000 0.000 0.000 0.000 0.000 16.297 0.000 0.000 0.000 0.000 0.000 0.000 0.000 77.366 92.345 15.328 0.000 29.072 60.141 61.174 61.197 60.218 65.237 67.255 63.270 65.280 0.000 0.000 0.000 0.000 0.000 0.000 0.000 0.000 0.000 0.000 0.000 0.000 0.000 0.000 0.000 0.000 0.000 0.000 0.000 0.000 0.000 0.000 0.000 0.000 62.689 71.595 71.522
62.717 62.717 62.716 62.716 62.715 62.715 61.714 73.713 78.711 65.710 62.709 62.707 62.705 62.703 62.701 62.698 62.696 61.694 64.691 45.690 0.000 0.000 0.000 0.000 0.000 58.298 79.297 41.295 32.284 31.270 0.000 0.000 0.000 58.698 100.565 74.493 74.453 1.478 0.000 46.286 63.299 61.314 61.330 59.347 75.365 79.383 73.399 0.000 0.000 0.000 0.000 0.000 0.000 0.000 0.000 0.000 0.000 0.000 0.000 0.000 0.000 0.000 0.000 0.000 0.000 0.000 0.000 0.000 0.000 0.000 36.857 87.782 73.705 86.638
