results3_8e3_rain/res_3e8f-0180.wd
ncols         241
nrows         181
xllcorner     12693529.787448
yllcorner     3542525.717860
cellsize      155.156523
NODATA_value  -9999.000000
[rows 66 to 98 of 181, columns 146 to 218 of 241]
37.580 52.518 74.460 75.406 75.356 75.309 75.265 75.224 75.185 78.154 14.134 0.000 2.006 0.000 0.000 0.000 0.000 0.455 47.455 22.455 0.000 29.454 59.452 59.452 59.452 66.452 72.451 72.449 72.446 72.442 72.438 72.433 72.428 72.422 72.417 74.412 59.409 60.406 52.405 0.000 0.000 0.000 0.000 0.000 28.752 35.743 44.724 38.688 16.640 14.605 29.579 50.555 58.532 52.508 47.485 47.462 37.438 34.415 34.392 37.369 58.347 70.325 65.304 54.284 61.264 68.245 72.227 72.209 71.193 71.177 71.161 71.146 71.132
40.640 59.578 77.519 75.465 75.417 75.372 75.330 75.288 80.244 69.211 39.195 36.210 0.000 0.000 0.000 0.000 0.000 18.455 20.455 0.000 0.000 0.000 29.449 60.449 69.449 72.448 72.447 72.445 72.443 76.439 74.436 72.432 72.428 72.423 71.419 63.415 57.412 63.409 53.408 0.000 0.000 0.000 0.000 20.744 34.745 39.740 35.734 0.000 1.583 11.571 31.554 34.535 48.514 57.493 46.471 45.448 43.425 34.402 34.379 33.356 39.333 63.311 70.290 55.269 57.249 59.230 61.212 65.194 69.177 71.161 72.146 71.131 71.117
45.699 66.635 76.573 75.520 75.474 75.433 73.394 72.352 27.294 12.250 43.228 49.224 14.226 0.000 0.000 0.000 0.000 0.000 0.000 0.000 0.000 13.445 42.446 62.446 72.446 72.445 72.444 72.442 72.440 74.437 73.435 72.431 72.428 73.424 63.421 61.417 64.414 59.411 51.409 0.000 0.000 0.000 0.000 38.743 41.742 3.740 2.737 0.000 6.550 39.544 41.531 51.516 54.497 65.478 63.457 51.435 40.412 32.389 34.365 34.342 29.319 43.297 60.275 64.254 69.234 66.214 59.196 64.178 67.161 67.145 65.130 67.115 70.101
50.756 73.688 77.620 78.566 75.527 76.493 71.462 17.433 1.386 42.266 43.242 48.231 56.229 0.000 0.000 0.000 0.000 0.000 0.000 0.000 0.000 25.444 48.444 61.444 73.443 72.442 72.441 72.440 72.438 73.436 72.434 72.431 72.428 69.426 63.423 28.419 1.416 0.000 0.000 0.000 0.000 0.000 0.000 34.743 41.743 0.000 0.000 0.000 56.528 42.523 37.512 65.499 70.482 71.464 75.444 69.422 57.399 37.376 34.352 34.328 32.305 33.282 39.259 40.238 47.217 55.198 62.179 66.161 67.144 68.128 64.113 67.098 68.084
32.815 37.742 47.653 23.598 80.574 77.549 62.527 39.513 9.517 0.000 0.000 0.000 0.000 0.000 0.000 0.000 0.000 0.000 0.000 0.000 0.000 26.443 51.442 54.441 70.441 72.440 72.439 72.438 76.436 75.435 72.433 72.431 73.429 64.427 67.426 0.000 0.000 0.000 0.000 0.000 0.000 0.000 0.000 0.000 28.742 37.742 0.000 0.000 87.513 50.507 32.497 63.484 71.469 71.452 71.433 74.411 73.387 53.363 36.338 34.314 32.289 35.266 36.243 44.221 49.200 38.180 38.162 43.144 48.127 54.111 59.095 63.081 67.067
78.881 57.811 0.000 0.000 84.622 76.601 63.586 45.575 12.570 0.000 0.000 0.000 0.000 0.000 0.000 0.000 0.000 0.000 0.000 0.000 0.000 0.000 12.439 56.439 72.439 72.438 72.437 72.436 74.435 73.434 72.432 72.430 73.429 61.428 71.427 0.000 0.000 0.000 0.000 0.000 0.000 0.000 0.000 0.000 0.000 4.742 12.742 0.000 24.504 40.494 33.484 63.472 71.459 71.443 72.424 72.402 72.377 65.350 41.324 37.299 35.274 32.249 53.226 65.203 71.182 55.162 48.143 44.125 42.108 39.092 39.077 39.063 67.049
54.958 0.000 0.000 81.804 81.691 79.646 70.641 55.631 11.619 0.000 0.000 0.000 0.000 0.000 0.000 0.000 0.000 0.000 0.000 0.000 0.000 0.000 38.437 61.437 73.437 72.436 72.436 73.435 72.434 72.433 72.431 72.430 73.429 66.428 31.428 0.000 0.000 0.000 0.000 0.000 0.000 0.000 0.000 0.000 0.000 0.000 0.000 0.000 0.000 37.483 36.472 54.462 69.451 72.437 66.419 62.395 68.367 59.338 42.310 41.284 50.258 45.232 68.208 72.185 71.163 69.143 69.124 66.106 64.089 61.073 57.058 49.044 69.030
82.005 72.005 77.975 33.918 0.000 0.675 76.702 50.690 11.655 0.000 13.891 0.000 0.000 0.000 0.000 0.000 0.000 0.000 0.000 0.000 0.000 1.435 54.435 66.435 73.435 72.435 72.434 74.433 74.433 72.432 72.431 72.430 71.429 67.428 16.428 0.000 0.000 0.000 0.000 0.000 0.000 0.000 0.000 0.000 0.000 0.000 0.000 0.000 0.000 0.000 25.459 51.454 69.446 70.434 51.419 54.391 56.361 53.323 38.294 35.268 58.241 67.214 71.188 73.164 73.142 74.122 72.103 72.085 73.069 72.053 73.038 73.024 72.011
84.052 76.033 81.004 31.973 0.000 0.000 67.780 15.774 0.000 0.000 45.891 8.891 0.000 0.000 0.000 0.000 0.000 0.000 0.000 0.000 0.000 0.434 57.434 69.434 73.434 72.433 72.433 73.432 73.432 72.431 72.430 73.429 69.429 64.428 14.428 0.000 0.000 0.000 0.000 0.000 0.000 0.000 0.000 0.000 0.000 0.000 0.000 0.000 17.449 19.449 30.451 46.449 68.443 70.437 16.431 0.000 0.000 43.300 37.276 32.253 46.225 65.194 71.167 73.142 73.120 73.100 71.081 71.064 72.047 71.032 71.018 72.004 71.991
76.117 76.073 76.035 73.998 60.967 46.924 39.865 38.850 34.875 37.886 40.891 40.891 12.891 0.000 0.000 0.000 0.000 0.000 18.430 20.430 0.000 10.432 56.432 70.433 72.432 72.432 72.432 72.431 72.431 72.430 72.430 72.429 54.428 49.428 47.428 42.427 6.427 0.000 0.000 0.000 0.000 0.000 0.000 0.000 0.000 0.000 0.000 0.000 21.448 47.448 38.448 42.446 62.443 63.439 36.436 0.000 0.000 0.000 34.259 39.241 38.213 57.171 70.142 71.118 71.096 71.076 71.058 71.041 71.025 71.011 70.997 70.983 70.971
76.157 76.109 76.062 75.019 71.979 73.940 47.904 26.888 64.889 37.893 41.894 17.893 0.000 0.000 0.000 0.000 0.000 0.000 18.430 64.430 13.430 1.431 55.431 69.431 73.431 72.431 74.431 75.431 73.430 72.430 72.429 70.429 63.428 54.428 55.427 54.427 7.427 0.000 0.000 0.000 0.000 0.000 0.000 0.000 0.000 0.000 0.000 0.000 15.447 50.447 42.446 49.445 64.442 59.440 65.439 0.000 0.000 0.000 0.000 0.000 0.000 47.136 70.113 71.091 71.070 71.051 71.033 71.017 71.002 70.988 70.975 70.962 70.950
76.192 76.142 77.086 79.036 75.991 75.952 74.924 75.908 66.902 44.901 16.900 0.000 0.000 0.000 0.000 0.000 0.000 0.000 5.430 57.430 44.430 34.430 50.430 72.431 72.431 72.430 72.430 72.430 72.429 72.429 72.429 72.428 70.428 49.427 53.427 60.427 3.426 0.000 0.000 0.000 0.000 0.000 0.000 0.000 0.000 0.000 0.000 0.000 11.447 62.446 6.446 29.444 52.442 59.441 20.440 0.000 0.000 0.000 0.000 0.000 0.000 1.110 59.083 72.063 71.043 71.024 71.008 70.992 70.978 70.965 70.952 70.940 70.928
79.231 75.183 72.105 74.046 76.997 76.955 78.931 75.918 73.911 60.907 9.906 0.000 0.000 0.000 0.000 0.000 0.000 0.000 0.000 13.430 48.430 40.430 56.430 74.430 72.430 72.430 72.429 72.429 72.429 72.429 72.428 72.428 73.427 62.427 49.427 53.426 59.426 1.426 0.000 0.000 0.000 0.000 0.000 0.000 0.000 0.000 0.000 0.000 0.000 7.446 0.000 0.000 37.442 56.441 0.000 0.000 0.000 0.000 0.000 0.000 0.000 0.000 47.059 68.036 71.014 70.996 70.980 70.966 70.953 70.941 70.929 70.917 70.906
72.276 33.253 0.000 0.000 0.000 68.938 73.929 79.921 75.915 64.912 14.911 0.000 48.915 18.915 0.000 0.000 0.000 0.000 0.000 0.000 40.429 44.429 65.429 73.429 74.429 75.429 72.429 72.429 72.428 72.428 72.428 72.427 72.427 73.427 52.426 34.426 43.425 4.425 0.000 0.000 0.000 0.000 0.000 0.000 0.000 0.000 0.000 0.000 0.000 0.000 0.000 0.000 26.441 59.441 0.000 0.000 0.000 0.000 0.000 0.000 0.000 0.000 0.000 48.008 67.981 70.964 70.951 70.939 70.928 70.917 70.906 70.895 70.884
67.314 24.302 0.000 0.000 43.931 41.931 58.926 77.921 74.917 59.915 40.914 44.915 48.915 14.915 0.000 0.000 0.000 0.000 11.427 0.000 41.429 52.429 72.429 72.429 75.429 75.429 72.428 72.428 72.428 72.428 72.427 72.427 72.427 73.426 69.426 64.425 53.425 33.425 27.424 0.000 0.000 0.000 0.000 0.000 0.000 0.000 0.000 0.000 0.000 0.000 0.000 0.000 28.441 20.441 0.000 0.000 0.000 0.000 0.000 0.000 0.000 0.000 0.000 0.000 52.936 68.929 70.921 70.912 70.903 70.893 70.883 70.872 70.861
73.345 54.338 26.345 0.000 0.000 43.927 43.924 65.921 77.918 55.916 42.916 47.915 25.915 0.000 0.000 0.000 0.000 0.000 40.427 33.428 38.428 55.428 74.428 74.428 75.428 72.428 72.428 72.428 72.428 72.427 72.427 72.427 72.426 72.426 72.425 74.425 63.425 51.424 40.424 41.423 34.423 25.423 30.423 0.000 0.000 0.000 0.000 0.000 0.000 0.000 0.000 0.000 31.441 6.441 0.000 0.000 0.000 0.000 0.000 0.000 0.000 0.000 0.000 0.000 37.899 65.896 69.891 70.885 70.878 70.870 70.861 70.850 70.839
76.367 67.359 20.352 0.000 0.000 0.000 42.922 47.920 74.918 62.917 43.916 46.916 21.916 0.000 0.000 0.000 0.000 0.000 43.427 36.427 39.428 57.428 76.428 75.428 73.428 73.428 72.428 72.428 72.427 72.427 72.427 73.426 73.426 73.426 67.425 58.425 62.424 69.424 62.424 60.423 48.423 35.423 42.423 0.422 0.000 0.000 0.000 0.000 0.000 0.000 0.000 0.000 0.000 0.000 0.000 0.000 0.000 0.000 0.000 0.000 0.000 0.000 0.000 0.000 29.865 60.864 70.862 72.859 72.854 72.848 71.839 70.829 70.817
76.385 51.380 0.000 0.000 0.000 0.000 0.000 49.919 62.918 56.917 55.917 52.916 42.916 20.916 0.000 0.000 0.000 0.000 42.427 35.427 40.427 55.427 67.428 64.428 59.428 61.428 66.428 71.427 73.427 73.427 71.427 61.426 59.426 64.425 53.425 50.424 50.424 61.424 65.423 60.423 46.423 35.423 7.423 0.000 0.000 0.000 0.000 0.000 0.000 0.000 0.000 0.000 0.000 0.000 0.000 0.000 0.000 0.000 0.000 0.000 0.740 0.000 0.000 0.000 17.831 42.834 48.835 50.835 50.832 51.827 60.820 69.810 70.796
75.399 41.395 0.000 0.000 0.000 0.000 0.000 44.918 38.918 37.917 45.917 45.916 45.916 41.916 14.916 0.000 0.000 0.000 47.427 42.427 47.427 57.427 60.427 63.428 21.428 0.000 0.000 12.427 73.427 70.427 59.426 14.426 0.000 0.000 52.424 84.424 77.424 56.423 62.423 56.423 45.423 30.422 33.422 0.000 0.000 0.000 0.000 0.000 0.000 0.000 0.000 0.000 0.000 0.000 0.000 0.000 0.000 0.000 13.740 3.740 21.740 42.745 53.754 52.769 70.795 78.806 79.810 77.812 79.812 66.809 49.803 67.793 70.777
73.410 38.407 0.000 0.000 0.000 0.000 0.000 44.918 40.918 19.917 0.000 0.000 0.000 0.000 0.000 0.000 0.000 0.000 53.427 47.427 42.427 38.427 24.427 0.000 0.000 0.000 0.000 0.000 0.000 0.000 46.426 8.426 0.000 0.000 0.000 47.423 80.423 40.423 41.423 40.423 36.422 39.422 86.422 45.422 0.000 0.000 0.000 0.000 0.000 0.000 0.000 0.000 0.000 0.000 0.000 0.000 12.714 3.714 0.000 0.000 7.735 89.740 85.748 67.759 68.773 65.783 66.789 88.792 81.794 67.794 47.791 56.783 55.763
59.417 40.416 34.418 0.000 0.000 0.000 0.000 0.000 42.918 26.918 0.000 0.000 0.000 0.000 0.000 0.000 0.000 0.000 53.427 53.427 54.427 37.427 12.427 0.000 0.000 0.000 0.000 0.000 0.000 0.000 42.426 19.426 0.000 0.000 0.000 46.423 95.423 59.423 62.422 57.422 42.422 60.422 114.422 111.422 42.422 0.000 0.000 0.000 0.000 0.000 0.000 0.000 0.000 0.000 0.000 0.000 2.713 20.714 10.716 8.719 17.726 92.732 59.739 67.747 58.756 39.764 50.770 93.774 59.778 46.781 53.785 7.784 0.000
43.423 43.421 29.421 0.000 0.000 0.000 0.000 0.000 0.000 0.000 0.000 0.000 0.000 0.000 0.000 0.000 0.000 0.000 56.427 47.427 41.427 39.427 13.427 0.000 0.000 0.000 0.000 0.000 0.000 39.425 32.426 57.426 53.426 0.000 5.423 52.423 58.423 50.423 93.422 82.422 53.422 6.422 70.422 125.422 9.422 0.000 0.000 0.000 0.000 0.000 0.000 0.000 21.712 18.712 13.712 2.713 71.713 109.713 100.714 96.716 43.719 87.723 55.728 44.733 91.740 72.746 92.752 73.757 43.762 51.767 0.000 0.000 0.000
46.426 47.424 39.423 0.000 0.000 0.000 0.000 0.000 0.000 0.000 0.000 0.000 0.000 0.000 0.000 0.000 0.000 0.000 10.426 51.426 41.426 19.426 0.000 0.000 0.000 0.000 0.000 0.000 0.000 41.425 38.425 14.425 0.000 0.000 0.000 26.423 5.423 0.000 6.422 48.422 4.422 0.000 26.422 92.422 47.422 0.000 0.000 0.000 0.000 0.000 0.000 0.000 0.000 3.712 0.000 0.000 27.712 7.712 71.710 75.710 26.712 87.713 64.716 37.719 55.724 105.729 119.735 53.740 41.747 8.757 0.000 0.000 17.585
45.428 46.426 46.425 50.426 42.425 0.000 0.000 0.000 0.000 0.000 0.000 0.000 0.000 0.000 0.000 0.000 0.000 0.000 0.000 41.426 37.426 21.426 0.000 0.000 0.000 0.000 0.000 0.000 42.425 39.425 16.425 0.000 0.000 0.000 0.000 0.422 0.000 0.000 0.000 52.421 1.421 0.000 26.422 0.000 0.000 0.000 0.000 0.000 0.000 0.000 0.000 0.000 0.000 12.712 6.712 8.712 1.712 0.000 47.705 66.704 25.703 89.702 69.703 39.705 88.708 91.712 86.717 94.723 58.729 0.000 0.000 0.552 31.568
47.430 25.428 36.426 45.426 45.426 45.425 44.425 0.000 0.000 0.000 0.000 0.000 0.000 0.000 0.000 0.000 0.000 0.000 0.000 43.426 39.426 23.426 0.000 0.000 0.000 0.000 0.000 0.000 0.000 45.425 17.425 0.000 0.000 0.000 0.000 0.000 0.000 4.420 16.420 39.421 43.421 20.421 0.000 0.000 0.000 0.000 0.000 0.000 0.000 0.000 0.000 0.000 0.000 1.712 0.000 5.712 0.000 0.000 50.701 70.699 30.695 90.690 75.688 89.688 89.690 48.694 41.698 86.705 35.717 0.000 0.000 32.536 40.546
52.432 0.000 0.000 42.426 31.426 0.000 44.425 34.425 0.000 0.000 0.000 0.000 0.000 0.000 0.000 0.000 0.000 0.000 0.000 42.426 39.426 27.426 0.000 0.000 0.000 0.000 0.000 0.000 0.000 0.000 0.000 0.000 0.000 0.000 0.000 0.000 0.000 0.000 55.420 72.420 33.420 0.000 0.000 0.000 0.000 0.000 0.000 0.000 0.000 0.000 0.000 0.000 0.000 0.000 0.000 10.712 0.000 0.000 85.698 71.695 32.689 90.676 87.671 79.671 71.672 57.674 58.678 27.682 0.000 0.000 16.517 35.523 42.529
49.433 0.000 0.000 29.426 21.425 0.000 0.000 0.000 0.000 53.426 49.426 40.426 0.000 0.000 0.000 0.000 0.000 0.000 0.000 46.426 42.426 24.426 0.000 0.000 0.000 0.000 0.000 0.000 0.000 0.000 0.000 0.000 0.000 0.000 0.000 0.000 0.000 0.000 18.420 102.420 68.420 0.000 0.000 0.000 0.000 0.000 0.000 0.000 0.000 0.000 0.000 0.000 0.000 0.000 0.000 0.000 0.000 0.000 17.698 0.000 0.000 64.652 105.651 84.651 83.652 81.654 84.658 32.663 0.000 0.000 20.510 34.512 35.514
65.433 0.000 0.000 0.000 0.000 51.429 38.428 0.000 49.427 43.426 43.426 35.426 0.000 0.000 0.000 0.000 0.000 0.000 0.000 46.426 41.426 29.426 0.000 0.000 0.000 0.000 0.000 0.000 0.000 0.000 0.000 0.000 0.000 0.000 0.000 0.000 0.000 0.000 0.000 46.420 38.420 9.420 0.000 0.000 0.000 0.000 0.000 0.000 0.000 0.000 0.000 0.000 0.000 0.000 0.000 0.000 0.000 0.000 0.000 0.000 0.000 11.630 47.630 48.630 46.630 46.631 43.636 39.649 0.000 0.000 13.502 34.502 32.501
76.432 65.431 47.431 48.430 47.429 41.429 42.428 43.428 41.427 46.426 45.426 36.426 33.426 0.000 0.000 0.000 0.000 0.000 0.000 33.426 0.000 0.000 0.000 0.000 0.000 0.000 0.000 0.000 0.000 0.000 0.000 0.000 0.000 0.000 0.000 0.000 0.000 0.000 0.000 0.000 45.420 8.420 0.000 0.000 0.000 0.000 0.000 0.000 0.000 0.000 0.000 0.000 0.000 0.000 0.000 0.000 0.000 0.000 0.000 0.000 0.000 2.609 35.609 34.609 34.608 50.606 45.604 0.000 0.000 0.000 6.493 47.492 59.489
76.432 70.431 40.431 40.430 40.430 23.429 24.428 28.428 38.427 47.426 44.426 36.426 39.426 28.426 0.000 0.000 0.000 0.000 0.000 0.000 0.000 0.000 0.000 0.000 0.000 0.000 0.000 0.000 0.000 0.000 0.000 0.000 0.000 0.000 0.000 0.000 0.000 0.000 0.000 0.000 2.420 48.419 7.419 0.000 0.000 0.000 0.000 0.000 0.000 0.000 0.000 0.000 0.000 0.000 0.000 0.000 0.000 0.000 0.000 0.000 27.577 30.586 34.589 34.588 36.586 55.581 45.571 28.552 0.000 0.000 42.487 63.483 70.478
76.431 74.431 44.431 41.430 21.430 0.000 0.000 0.000 0.000 38.426 41.426 39.426 32.426 0.000 0.000 0.000 0.000 0.000 0.000 0.000 0.000 0.000 0.000 0.000 0.000 0.000 0.000 0.000 0.000 0.000 0.000 0.000 0.000 0.000 0.000 0.000 0.000 0.000 0.000 0.000 0.419 51.419 13.419 0.000 0.000 0.000 0.000 0.000 0.000 0.000 0.000 0.000 0.000 0.000 0.000 0.000 0.000 0.000 0.000 0.000 38.568 35.571 34.572 30.570 43.566 60.559 44.549 33.532 28.510 28.495 52.484 69.476 70.468
76.431 74.431 27.431 31.430 0.000 0.000 0.000 0.000 0.000 0.000 29.426 42.426 34.425 0.000 0.000 0.000 0.000 0.000 0.000 0.000 0.000 0.000 0.000 0.000 0.000 0.000 0.000 0.000 0.000 0.000 0.000 0.000 0.000 0.000 0.000 0.000 0.000 0.000 0.000 0.000 0.000 0.419 19.419 0.000 0.000 0.000 0.000 0.000 0.000 0.000 0.000 0.000 7.538 15.538 0.000 0.000 0.000 0.000 0.000 32.550 30.555 29.557 34.557 48.554 61.550 51.542 35.532 33.519 35.503 32.490 53.478 71.468 70.459
76.431 50.431 0.000 0.000 0.000 0.000 0.000 0.000 0.000 0.000 0.000 32.425 39.425 37.425 0.000 0.000 0.000 0.000 0.000 0.000 0.000 0.000 0.000 0.000 0.000 0.000 0.000 0.000 0.000 0.000 0.000 0.000 0.000 0.000 0.000 0.000 0.000 0.000 0.000 0.000 0.000 0.000 0.000 0.000 0.000 0.000 0.000 0.000 0.000 0.000 0.000 0.000 0.000 8.538 10.538 0.000 37.539 29.540 27.541 39.545 53.547 58.547 60.545 60.541 46.535 34.528 33.519 33.507 32.495 34.483 57.472 72.461 70.450
