results3_8e3_rain/res_3e8f-0158.wd
ncols         241
nrows         181
xllcorner     12693529.787448
yllcorner     3542525.717860
cellsize      155.156523
NODATA_value  -9999.000000
[rows 66 to 98 of 181, columns 146 to 218 of 241]
36.285 51.224 73.167 74.113 74.063 74.015 73.968 73.922 73.877 76.840 12.818 0.000 0.704 0.000 0.000 0.000 0.000 0.000 46.035 21.035 0.000 28.034 58.032 58.032 58.032 65.032 71.031 71.030 71.027 71.024 71.020 71.015 71.010 71.005 71.000 72.995 57.992 58.989 50.989 0.000 0.000 0.000 0.000 0.000 27.346 34.338 43.321 37.289 15.249 13.197 28.166 49.141 57.118 51.095 46.072 46.050 36.028 33.005 32.984 35.962 56.941 68.921 63.901 52.882 59.863 66.846 70.829 70.813 69.797 69.782 69.768 69.755 69.742
39.344 58.283 76.225 74.173 74.124 74.079 74.034 73.984 78.928 67.887 37.868 34.876 0.000 0.000 0.000 0.000 0.000 17.035 19.035 0.000 0.000 0.000 28.028 59.028 68.028 71.027 71.027 71.025 71.023 75.020 73.017 71.013 71.009 71.005 70.001 61.997 55.994 61.992 51.991 0.000 0.000 0.000 0.000 19.338 33.339 38.335 34.329 0.000 0.179 10.149 30.135 33.118 47.099 56.079 45.058 44.036 42.015 32.993 32.971 31.950 37.929 61.908 68.888 53.869 55.851 57.833 59.816 63.799 67.784 69.769 70.755 69.741 69.729
44.401 65.339 75.279 74.227 74.183 74.143 72.103 71.053 25.965 10.911 41.889 47.885 12.886 0.000 0.000 0.000 0.000 0.000 0.000 0.000 0.000 12.022 41.024 61.024 71.024 71.023 71.022 71.021 71.019 73.017 72.014 71.011 71.008 72.005 62.002 59.999 62.995 57.993 49.992 0.000 0.000 0.000 0.000 37.338 40.337 2.335 1.332 0.000 5.105 38.114 40.109 50.097 53.081 64.063 62.044 50.023 39.002 30.981 32.959 32.937 27.916 41.895 58.875 62.856 67.837 64.819 57.802 62.786 65.770 65.755 63.741 65.728 68.715
49.457 72.391 76.326 77.275 74.238 75.207 70.181 16.162 0.158 40.903 41.894 46.889 54.888 0.000 0.000 0.000 0.000 0.000 0.000 0.000 0.000 24.021 47.021 60.021 72.020 71.020 71.019 71.017 71.016 72.014 71.012 71.009 71.007 68.005 62.003 27.000 0.000 0.000 0.000 0.000 0.000 0.000 0.000 33.337 40.337 0.000 0.000 0.000 55.095 41.095 36.089 64.079 69.065 70.049 74.031 68.011 55.990 35.969 32.947 32.925 30.903 31.882 37.861 38.842 45.823 53.805 60.787 64.771 65.755 66.741 62.727 65.713 66.701
31.515 36.444 46.359 22.307 79.287 76.267 61.253 38.252 8.282 0.000 0.000 0.000 0.000 0.000 0.000 0.000 0.000 0.000 0.000 0.000 0.000 25.019 50.018 53.017 69.017 71.016 71.015 71.014 75.013 74.011 71.010 71.008 72.006 63.004 66.003 0.000 0.000 0.000 0.000 0.000 0.000 0.000 0.000 0.000 27.337 36.337 0.000 0.000 86.084 49.081 31.074 62.065 70.052 70.037 70.020 73.000 71.979 51.957 34.934 32.912 30.890 33.868 34.847 42.827 47.808 36.789 36.772 41.756 46.740 52.726 57.712 61.698 65.686
77.579 56.511 0.000 0.000 83.337 75.320 62.312 44.310 11.315 0.000 0.000 0.000 0.000 0.000 0.000 0.000 0.000 0.000 0.000 0.000 0.000 0.000 11.015 55.014 71.014 71.013 71.013 71.012 73.010 72.009 71.008 71.006 72.005 60.004 70.003 0.000 0.000 0.000 0.000 0.000 0.000 0.000 0.000 0.000 0.000 3.336 11.336 0.000 23.077 39.070 32.062 62.053 70.042 70.028 71.011 70.991 70.969 63.945 39.922 35.898 33.876 30.853 51.832 63.811 69.792 53.773 46.756 42.740 40.724 37.710 37.696 37.683 65.671
53.655 0.000 0.000 80.512 80.404 78.363 69.366 54.362 10.354 0.000 0.000 0.000 0.000 0.000 0.000 0.000 0.000 0.000 0.000 0.000 0.000 0.000 37.012 60.011 72.011 71.011 71.010 72.009 71.008 71.007 71.006 71.005 72.004 65.003 30.003 0.000 0.000 0.000 0.000 0.000 0.000 0.000 0.000 0.000 0.000 0.000 0.000 0.000 0.000 36.061 35.052 53.044 68.034 71.022 65.006 60.985 66.960 57.934 40.909 39.885 48.861 43.838 66.816 70.795 69.775 67.756 67.739 64.723 62.707 59.693 55.680 47.667 67.655
80.701 70.702 76.674 32.620 0.000 0.000 75.427 49.416 10.385 0.000 12.597 0.000 0.000 0.000 0.000 0.000 0.000 0.000 0.000 0.000 0.000 0.000 53.009 65.009 72.008 71.008 71.007 73.007 73.006 71.005 71.004 71.003 70.002 66.002 15.001 0.000 0.000 0.000 0.000 0.000 0.000 0.000 0.000 0.000 0.000 0.000 0.000 0.000 0.000 0.000 24.040 50.036 68.029 69.019 50.005 52.981 54.954 51.920 36.895 33.871 56.847 65.822 69.799 71.777 71.757 72.738 70.721 70.705 71.690 70.676 71.663 71.650 70.638
82.746 74.729 79.702 30.673 0.000 0.000 66.498 14.492 0.000 0.000 44.597 7.598 0.000 0.000 0.000 0.000 0.000 0.000 0.000 0.000 0.000 0.000 56.006 68.006 72.006 71.006 71.005 72.005 72.004 71.003 71.003 72.002 68.001 63.000 13.000 0.000 0.000 0.000 0.000 0.000 0.000 0.000 0.000 0.000 0.000 0.000 0.000 0.000 16.031 18.031 29.033 45.031 67.027 69.021 15.015 0.000 0.000 41.899 35.879 30.857 44.833 63.805 69.780 71.757 71.737 71.719 69.702 69.686 70.671 69.658 69.645 70.633 70.621
74.809 74.768 74.731 72.698 59.669 45.629 38.575 37.561 33.584 36.593 39.597 39.598 11.598 0.000 0.000 0.000 0.000 0.000 16.996 18.996 0.000 9.004 55.004 69.004 71.004 71.004 71.003 71.003 71.002 71.002 71.001 71.000 53.000 47.999 45.998 40.997 4.996 0.000 0.000 0.000 0.000 0.000 0.000 0.000 0.000 0.000 0.000 0.000 20.030 46.030 37.030 41.028 61.026 62.022 35.020 0.000 0.000 0.000 32.863 37.847 36.822 55.786 68.758 69.735 69.715 69.698 69.681 69.666 69.652 69.639 69.627 69.615 69.604
74.847 74.802 74.758 73.717 70.680 72.644 46.611 25.596 63.597 36.599 40.600 16.599 0.000 0.000 0.000 0.000 0.000 0.000 16.996 62.996 11.997 0.000 54.002 68.002 72.002 71.002 73.001 74.001 72.001 71.000 71.000 68.999 61.998 52.998 53.997 52.996 5.996 0.000 0.000 0.000 0.000 0.000 0.000 0.000 0.000 0.000 0.000 0.000 14.029 49.029 41.029 48.027 63.025 58.023 64.022 0.000 0.000 0.000 0.000 0.000 0.000 45.759 68.731 69.711 69.692 69.675 69.660 69.645 69.632 69.620 69.608 69.597 69.586
74.881 74.834 75.781 77.733 74.691 74.655 73.629 74.614 65.608 43.606 15.606 0.000 0.000 0.000 0.000 0.000 0.000 0.000 3.996 55.996 42.997 32.998 48.999 71.000 71.000 71.000 71.000 71.000 70.999 70.999 70.998 70.998 68.997 47.996 51.996 58.995 1.995 0.000 0.000 0.000 0.000 0.000 0.000 0.000 0.000 0.000 0.000 0.000 10.029 61.029 5.028 28.027 51.025 58.024 19.023 0.000 0.000 0.000 0.000 0.000 0.000 0.000 57.698 70.684 69.667 69.651 69.637 69.624 69.611 69.600 69.588 69.578 69.567
77.917 73.872 70.798 72.743 75.697 75.657 77.635 74.622 72.616 59.612 8.611 0.000 0.000 0.000 0.000 0.000 0.000 0.000 0.000 11.996 46.997 38.997 54.998 72.998 70.998 70.999 70.998 70.998 70.998 70.998 70.997 70.996 71.996 60.995 47.995 51.994 57.994 0.000 0.000 0.000 0.000 0.000 0.000 0.000 0.000 0.000 0.000 0.000 0.000 6.029 0.000 0.000 36.024 55.024 0.000 0.000 0.000 0.000 0.000 0.000 0.000 0.000 45.679 66.660 69.642 69.626 69.613 69.601 69.590 69.579 69.569 69.559 69.549
70.960 31.938 0.000 0.000 0.000 67.641 72.633 78.625 74.620 63.616 13.615 0.000 47.618 17.618 0.000 0.000 0.000 0.000 0.000 0.000 38.996 42.996 63.997 71.997 72.997 73.997 70.997 70.997 70.997 70.996 70.996 70.995 70.995 71.994 50.993 32.993 41.992 2.991 0.000 0.000 0.000 0.000 0.000 0.000 0.000 0.000 0.000 0.000 0.000 0.000 0.000 0.000 25.024 58.024 0.000 0.000 0.000 0.000 0.000 0.000 0.000 0.000 0.000 46.637 66.613 69.599 69.588 69.578 69.568 69.559 69.549 69.539 69.530
65.996 22.983 0.000 0.000 42.634 40.634 57.630 76.625 73.621 58.619 39.618 43.618 47.618 13.618 0.000 0.000 0.000 0.000 9.993 0.000 39.995 50.995 70.996 70.996 73.996 73.996 70.996 70.996 70.996 70.995 70.995 70.994 70.994 71.993 67.992 62.992 51.991 31.990 25.989 0.000 0.000 0.000 0.000 0.000 0.000 0.000 0.000 0.000 0.000 0.000 0.000 0.000 27.024 19.024 0.000 0.000 0.000 0.000 0.000 0.000 0.000 0.000 0.000 0.000 51.574 67.568 69.561 69.554 69.546 69.538 69.529 69.520 69.511
72.024 53.017 25.023 0.000 0.000 42.631 42.628 64.624 76.622 54.620 41.619 46.619 24.619 0.000 0.000 0.000 0.000 0.000 38.993 31.993 36.994 53.995 72.995 72.995 73.995 70.996 70.996 70.995 70.995 70.995 70.994 70.994 70.993 70.992 70.992 72.991 61.990 49.989 38.988 39.987 32.986 23.986 28.986 0.000 0.000 0.000 0.000 0.000 0.000 0.000 0.000 0.000 30.024 5.024 0.000 0.000 0.000 0.000 0.000 0.000 0.000 0.000 0.000 0.000 36.542 64.539 68.535 69.530 69.525 69.518 69.510 69.502 69.492
75.044 66.036 19.030 0.000 0.000 0.000 41.625 46.623 73.622 61.620 42.620 45.619 20.619 0.000 0.000 0.000 0.000 0.000 41.993 34.993 37.994 55.994 74.994 73.995 71.995 71.995 70.995 70.995 70.994 70.994 70.994 71.993 71.993 71.992 65.991 56.990 60.989 67.988 60.988 58.987 46.986 33.986 40.986 0.000 0.000 0.000 0.000 0.000 0.000 0.000 0.000 0.000 0.000 0.000 0.000 0.000 0.000 0.000 0.000 0.000 0.000 0.000 0.000 0.000 28.512 59.512 69.511 71.508 71.504 71.499 70.492 69.484 69.474
75.060 50.055 0.000 0.000 0.000 0.000 0.000 48.622 61.621 55.620 54.620 51.619 41.619 19.619 0.000 0.000 0.000 0.000 40.993 33.993 38.993 53.993 65.994 62.994 57.994 59.995 64.995 69.994 71.994 71.994 69.993 59.993 57.992 62.991 51.990 48.989 48.988 59.988 63.987 58.986 44.986 33.986 5.985 0.000 0.000 0.000 0.000 0.000 0.000 0.000 0.000 0.000 0.000 0.000 0.000 0.000 0.000 0.000 0.000 0.000 0.000 0.000 0.000 0.000 16.483 41.486 47.487 49.487 49.485 50.481 59.476 68.468 69.457
74.073 40.069 0.000 0.000 0.000 0.000 0.000 43.621 37.621 36.620 44.620 44.619 44.619 40.619 13.619 0.000 0.000 0.000 45.992 40.992 45.992 55.993 58.993 61.994 19.994 0.000 0.000 10.994 71.994 68.993 57.993 12.992 0.000 0.000 50.989 82.988 75.988 54.987 60.986 54.986 43.986 28.985 31.985 0.000 0.000 0.000 0.000 0.000 0.000 0.000 0.000 0.000 0.000 0.000 0.000 0.000 0.000 0.000 12.402 2.402 20.403 41.407 52.415 51.429 69.451 77.461 78.465 76.467 78.467 65.466 48.462 66.454 69.442
72.082 37.079 0.000 0.000 0.000 0.000 0.000 43.621 39.621 18.620 0.000 0.000 0.000 0.000 0.000 0.000 0.000 0.000 51.992 45.992 40.992 36.992 22.992 0.000 0.000 0.000 0.000 0.000 0.000 0.000 44.992 6.992 0.000 0.000 0.000 45.987 78.987 38.986 39.986 38.985 34.985 37.985 84.985 43.984 0.000 0.000 0.000 0.000 0.000 0.000 0.000 0.000 0.000 0.000 0.000 0.000 11.379 2.379 0.000 0.000 6.399 88.403 84.410 66.420 67.432 64.441 65.446 87.450 80.452 66.452 46.451 55.446 54.431
58.088 39.086 33.088 0.000 0.000 0.000 0.000 0.000 41.621 25.620 0.000 0.000 0.000 0.000 0.000 0.000 0.000 0.000 51.991 51.991 52.992 35.992 10.992 0.000 0.000 0.000 0.000 0.000 0.000 0.000 40.991 17.991 0.000 0.000 0.000 44.986 93.986 57.986 60.985 55.985 40.985 58.985 112.984 109.984 40.984 0.000 0.000 0.000 0.000 0.000 0.000 0.000 0.000 0.000 0.000 0.000 1.378 19.379 9.381 7.384 16.391 91.396 58.402 66.409 57.417 38.424 49.430 92.434 58.438 45.441 52.446 6.446 0.000
42.092 42.090 28.090 0.000 0.000 0.000 0.000 0.000 0.000 0.000 0.000 0.000 0.000 0.000 0.000 0.000 0.000 0.000 54.991 45.991 39.991 37.991 11.991 0.000 0.000 0.000 0.000 0.000 0.000 37.991 30.991 55.991 51.991 0.000 3.986 50.986 56.986 48.985 91.985 80.984 51.984 4.984 68.984 123.984 7.984 0.000 0.000 0.000 0.000 0.000 0.000 0.000 20.375 17.375 12.376 1.377 70.378 108.378 99.379 95.381 42.384 86.388 54.392 43.397 90.403 71.409 91.414 72.419 42.424 50.428 0.000 0.000 0.000
45.094 46.092 38.092 0.000 0.000 0.000 0.000 0.000 0.000 0.000 0.000 0.000 0.000 0.000 0.000 0.000 0.000 0.000 8.991 49.991 39.991 17.991 0.000 0.000 0.000 0.000 0.000 0.000 0.000 39.991 36.991 12.991 0.000 0.000 0.000 24.986 3.986 0.000 4.984 46.984 2.984 0.000 24.984 90.984 45.984 0.000 0.000 0.000 0.000 0.000 0.000 0.000 0.000 2.375 0.000 0.000 26.377 6.377 70.376 74.377 25.378 86.379 63.382 36.385 54.389 104.394 118.399 52.404 40.410 7.419 0.000 0.000 16.274
44.095 45.094 45.093 49.092 41.092 0.000 0.000 0.000 0.000 0.000 0.000 0.000 0.000 0.000 0.000 0.000 0.000 0.000 0.000 39.990 35.990 19.990 0.000 0.000 0.000 0.000 0.000 0.000 40.990 37.990 14.990 0.000 0.000 0.000 0.000 0.000 0.000 0.000 0.000 50.982 0.000 0.000 24.984 0.000 0.000 0.000 0.000 0.000 0.000 0.000 0.000 0.000 0.000 11.374 5.374 7.374 0.375 0.000 46.372 65.372 24.371 88.370 68.371 38.372 87.375 90.379 85.383 93.389 57.394 0.000 0.000 0.000 30.260
46.096 24.094 35.093 44.092 44.092 44.092 43.092 0.000 0.000 0.000 0.000 0.000 0.000 0.000 0.000 0.000 0.000 0.000 0.000 41.990 37.990 21.990 0.000 0.000 0.000 0.000 0.000 0.000 0.000 43.990 15.990 0.000 0.000 0.000 0.000 0.000 0.000 2.980 14.980 37.980 41.980 18.980 0.000 0.000 0.000 0.000 0.000 0.000 0.000 0.000 0.000 0.000 0.000 0.373 0.000 4.374 0.000 0.000 49.368 69.367 29.364 89.360 74.358 88.358 88.360 47.363 40.367 85.373 34.384 0.000 0.000 31.232 39.242
51.096 0.000 0.000 41.092 30.092 0.000 43.092 33.091 0.000 0.000 0.000 0.000 0.000 0.000 0.000 0.000 0.000 0.000 0.000 40.990 37.990 25.990 0.000 0.000 0.000 0.000 0.000 0.000 0.000 0.000 0.000 0.000 0.000 0.000 0.000 0.000 0.000 0.000 53.979 70.979 31.979 0.000 0.000 0.000 0.000 0.000 0.000 0.000 0.000 0.000 0.000 0.000 0.000 0.000 0.000 9.374 0.000 0.000 84.366 70.364 31.359 89.348 86.344 78.343 70.344 56.346 57.349 26.353 0.000 0.000 15.217 34.223 41.228
48.095 0.000 0.000 28.092 20.092 0.000 0.000 0.000 0.000 52.077 48.077 39.077 0.000 0.000 0.000 0.000 0.000 0.000 0.000 44.990 40.990 22.990 0.000 0.000 0.000 0.000 0.000 0.000 0.000 0.000 0.000 0.000 0.000 0.000 0.000 0.000 0.000 0.000 16.979 100.979 66.979 0.000 0.000 0.000 0.000 0.000 0.000 0.000 0.000 0.000 0.000 0.000 0.000 0.000 0.000 0.000 0.000 0.000 16.366 0.000 0.000 63.329 104.327 83.326 82.326 80.328 83.332 31.336 0.000 0.000 19.212 33.214 34.216
64.094 0.000 0.000 0.000 0.000 50.082 37.082 0.000 48.078 42.077 42.077 34.077 0.000 0.000 0.000 0.000 0.000 0.000 0.000 44.989 39.989 27.989 0.000 0.000 0.000 0.000 0.000 0.000 0.000 0.000 0.000 0.000 0.000 0.000 0.000 0.000 0.000 0.000 0.000 44.979 36.978 7.978 0.000 0.000 0.000 0.000 0.000 0.000 0.000 0.000 0.000 0.000 0.000 0.000 0.000 0.000 0.000 0.000 0.000 0.000 0.000 10.312 46.309 47.308 45.308 45.309 42.313 38.324 0.000 0.000 12.205 33.205 31.205
75.091 64.089 46.087 47.086 46.084 40.083 41.081 42.080 40.079 45.078 44.077 35.077 32.076 0.000 0.000 0.000 0.000 0.000 0.000 31.989 0.000 0.000 0.000 0.000 0.000 0.000 0.000 0.000 0.000 0.000 0.000 0.000 0.000 0.000 0.000 0.000 0.000 0.000 0.000 0.000 43.978 6.978 0.000 0.000 0.000 0.000 0.000 0.000 0.000 0.000 0.000 0.000 0.000 0.000 0.000 0.000 0.000 0.000 0.000 0.000 0.000 1.289 34.289 33.289 33.288 49.287 44.285 0.000 0.000 0.000 5.197 46.196 58.195
75.090 69.088 39.087 39.086 39.085 22.083 23.081 27.080 37.079 46.077 43.077 35.076 38.076 27.076 0.000 0.000 0.000 0.000 0.000 0.000 0.000 0.000 0.000 0.000 0.000 0.000 0.000 0.000 0.000 0.000 0.000 0.000 0.000 0.000 0.000 0.000 0.000 0.000 0.000 0.000 0.978 46.978 5.977 0.000 0.000 0.000 0.000 0.000 0.000 0.000 0.000 0.000 0.000 0.000 0.000 0.000 0.000 0.000 0.000 0.000 26.257 29.265 33.270 33.270 35.269 54.265 44.257 27.241 0.000 0.000 41.191 62.189 69.185
75.089 73.088 43.087 40.086 20.085 0.000 0.000 0.000 0.000 37.077 40.076 38.076 31.076 0.000 0.000 0.000 0.000 0.000 0.000 0.000 0.000 0.000 0.000 0.000 0.000 0.000 0.000 0.000 0.000 0.000 0.000 0.000 0.000 0.000 0.000 0.000 0.000 0.000 0.000 0.000 0.000 49.977 11.977 0.000 0.000 0.000 0.000 0.000 0.000 0.000 0.000 0.000 0.000 0.000 0.000 0.000 0.000 0.000 0.000 0.000 37.250 34.253 33.255 29.254 42.251 59.246 43.238 32.225 27.207 27.195 51.188 68.182 69.177
75.088 73.087 26.087 30.087 0.000 0.000 0.000 0.000 0.000 0.000 28.076 41.076 33.075 0.000 0.000 0.000 0.000 0.000 0.000 0.000 0.000 0.000 0.000 0.000 0.000 0.000 0.000 0.000 0.000 0.000 0.000 0.000 0.000 0.000 0.000 0.000 0.000 0.000 0.000 0.000 0.000 0.000 17.977 0.000 0.000 0.000 0.000 0.000 0.000 0.000 0.000 0.000 6.224 14.224 0.000 0.000 0.000 0.000 0.000 31.235 29.240 28.242 33.242 47.240 60.237 50.231 34.223 32.213 34.201 31.191 52.182 70.175 69.169
75.087 49.087 0.000 0.000 0.000 0.000 0.000 0.000 0.000 0.000 0.000 31.075 38.075 36.074 0.000 0.000 0.000 0.000 0.000 0.000 0.000 0.000 0.000 0.000 0.000 0.000 0.000 0.000 0.000 0.000 0.000 0.000 0.000 0.000 0.000 0.000 0.000 0.000 0.000 0.000 0.000 0.000 0.000 0.000 0.000 0.000 0.000 0.000 0.000 0.000 0.000 0.000 0.000 7.224 9.224 0.000 36.226 28.227 26.228 38.231 52.233 57.233 59.232 59.229 45.224 33.219 32.211 32.203 31.193 33.184 56.176 71.168 69.161
