results3_8e3_rain/res_3e8f-0069.wd
ncols         241
nrows         181
xllcorner     12693529.787448
yllcorner     3542525.717860
cellsize      155.156523
NODATA_value  -9999.000000
[rows 128 to 159 of 181, columns 0 to 73 of 241]
62.722 62.722 62.722 62.721 62.721 62.720 61.719 74.718 80.716 64.715 62.713 62.711 62.709 62.707 62.704 62.702 62.699 62.695 62.692 68.689 39.685 0.000 0.000 0.000 0.000 21.299 36.300 58.303 66.288 70.257 44.194 20.110 54.995 92.830 90.704 70.607 52.521 10.502 0.000 46.417 63.422 62.431 65.442 60.456 69.474 92.497 89.534 34.608 0.000 14.772 0.000 0.000 0.000 0.000 0.000 0.000 0.000 0.000 0.000 0.000 0.000 0.000 0.000 0.000 0.000 0.000 0.000 0.000 0.000 0.000 73.932 129.878 112.813 134.721
59.728 60.728 61.727 61.727 62.726 62.725 60.724 75.723 78.722 61.720 62.718 62.716 62.714 62.711 62.708 62.705 62.701 62.697 62.693 62.688 68.682 48.676 0.000 0.000 0.000 0.000 0.000 34.328 65.309 61.273 64.217 68.141 80.044 96.926 80.813 48.710 0.000 0.000 0.000 45.543 62.543 65.545 78.551 64.562 74.577 75.599 94.632 98.682 81.744 31.772 0.000 0.000 0.000 0.000 0.000 0.000 0.000 0.000 0.000 0.000 0.000 0.000 0.000 0.000 0.000 0.000 0.000 0.000 0.000 60.154 70.060 70.987 73.918 92.893
80.733 75.733 70.733 68.732 64.732 60.731 60.730 75.729 78.727 60.725 62.723 62.721 62.719 62.716 62.713 62.709 61.705 60.700 61.695 61.688 61.680 67.670 44.655 21.643 0.000 0.000 0.000 33.373 71.348 65.310 60.259 73.194 96.113 90.015 57.914 0.000 0.000 0.000 0.000 43.669 61.661 66.656 73.656 68.662 73.673 72.690 85.714 79.745 72.778 45.800 0.831 0.000 0.000 0.000 0.000 0.000 0.000 0.000 0.000 0.000 0.000 0.000 0.000 0.000 6.968 0.000 0.000 3.328 37.329 65.249 134.167 98.099 129.982 113.653
100.740 99.739 95.739 90.738 86.738 81.737 76.736 72.734 67.733 61.731 62.729 62.727 62.724 62.721 61.717 63.713 69.709 74.704 73.697 71.689 65.680 60.668 64.652 70.632 34.599 15.561 19.512 53.443 76.400 67.359 63.315 86.263 98.200 54.108 0.000 0.000 0.000 6.904 13.878 47.805 60.775 65.761 81.756 71.758 64.763 57.773 63.788 81.805 78.824 84.841 3.860 0.000 0.000 0.000 0.000 0.000 0.000 0.000 0.000 0.000 0.000 0.000 0.000 0.000 3.968 0.000 0.000 0.000 72.408 63.344 73.273 96.165 72.336 111.791
91.746 96.746 100.745 100.745 102.744 102.743 96.742 87.741 73.739 62.737 61.735 62.733 61.730 60.727 65.723 79.719 90.714 95.708 95.701 92.693 84.683 75.670 66.654 60.633 65.605 67.572 66.532 67.487 65.448 60.413 74.378 97.344 64.317 0.000 0.000 0.000 3.940 55.931 67.924 64.897 66.873 72.857 90.850 76.849 60.850 59.853 59.858 71.865 92.872 33.880 6.888 1.903 0.000 0.000 0.000 0.000 0.000 0.000 0.000 0.000 0.000 0.000 0.000 0.000 23.968 3.888 7.807 48.704 71.555 75.451 75.339 85.422 112.885 103.232
69.753 71.752 74.752 80.751 90.751 96.750 101.749 101.747 94.746 80.744 69.741 63.739 67.736 74.733 87.729 102.725 101.720 98.714 98.707 101.698 101.688 97.675 85.660 73.641 65.617 60.589 61.558 60.525 61.494 69.466 91.440 99.419 11.405 0.000 0.000 0.000 13.948 41.957 59.991 68.984 69.965 66.943 67.939 77.937 72.934 65.931 69.927 77.924 90.921 31.918 17.908 23.919 3.929 0.000 0.000 0.000 0.000 0.000 0.000 0.000 0.000 0.000 0.000 0.000 6.048 0.000 55.832 77.750 73.626 82.594 73.654 113.013 101.768 103.280
61.759 61.759 61.759 63.758 68.758 72.757 79.756 88.754 96.753 99.751 93.748 91.746 93.743 96.740 95.736 88.732 79.727 77.721 77.714 82.706 88.696 95.684 98.670 97.653 86.633 76.610 71.586 69.561 78.537 94.516 95.498 81.486 14.481 0.000 0.000 0.000 0.000 0.000 43.099 70.085 49.060 37.010 52.028 67.027 82.020 86.009 87.995 88.982 84.970 11.963 0.000 26.936 23.939 11.942 17.942 11.943 0.000 0.000 0.000 0.000 0.000 0.000 40.278 10.225 76.129 98.060 130.909 86.878 81.926 62.879 98.940 103.447 103.350 112.072
62.767 62.767 62.766 62.766 61.765 60.764 62.763 67.761 73.760 83.758 93.756 95.753 88.750 78.747 72.743 64.739 60.735 60.729 60.723 62.715 67.706 73.695 80.683 92.668 97.651 99.633 98.614 94.595 97.578 90.563 72.551 64.546 43.551 1.583 0.000 0.000 0.000 0.000 36.220 69.197 12.180 0.000 45.134 70.123 89.108 97.089 83.065 86.038 72.015 30.001 0.000 53.951 22.948 14.944 25.943 25.943 0.000 0.000 0.000 0.000 0.000 27.389 46.332 119.269 148.188 131.065 114.616 113.557 105.224 103.863 103.733 103.595 68.818 113.731
62.774 62.774 62.774 62.773 62.773 62.772 62.771 61.769 61.768 64.766 70.763 69.761 65.758 61.755 61.752 61.748 62.744 62.739 62.733 62.726 61.718 60.708 62.697 68.685 75.672 84.658 92.643 88.629 77.616 65.605 61.598 66.596 74.601 50.614 28.621 28.606 14.565 15.491 51.366 72.303 22.283 4.297 64.250 96.225 98.202 77.174 80.137 79.089 67.052 56.025 6.997 34.969 8.958 0.000 9.943 0.000 0.000 0.000 0.000 0.000 0.000 8.448 71.391 77.306 73.290 74.445 72.417 104.209 104.100 103.986 71.176 73.951 75.819 77.480
62.782 62.782 62.781 62.781 62.780 62.780 62.779 62.777 62.776 62.774 61.771 61.769 61.766 62.763 62.760 62.757 62.753 62.749 62.744 62.738 62.731 62.723 62.714 61.704 60.693 61.682 65.671 63.661 62.652 66.645 69.641 68.639 66.642 68.646 68.645 65.631 65.599 69.543 44.447 30.367 19.351 37.359 82.345 96.325 76.300 69.268 68.221 48.129 44.077 7.051 0.000 0.000 0.000 0.211 0.000 0.000 3.923 18.896 33.846 3.776 17.689 80.534 87.517 85.585 83.567 84.645 104.413 104.314 85.432 92.220 85.071 90.840 82.679 61.617
62.790 62.790 62.790 62.789 62.789 62.788 62.787 62.786 62.784 62.782 62.780 62.777 62.774 62.771 62.769 62.766 62.764 62.760 62.756 61.751 68.745 70.738 62.731 61.723 60.715 61.707 63.699 66.692 69.686 68.682 63.680 64.680 71.681 74.683 70.681 64.673 61.657 70.636 1.625 0.000 4.397 77.442 86.445 73.430 65.405 85.376 31.352 0.000 0.000 0.000 0.000 0.000 0.000 0.214 0.000 0.000 28.950 70.918 99.868 60.800 93.679 101.831 98.790 97.878 104.693 104.604 104.510 97.522 99.396 99.092 97.951 96.880 14.794 0.000
62.798 62.798 62.798 62.798 62.797 62.796 62.796 62.795 62.793 62.791 65.789 65.786 63.783 67.779 65.778 62.777 62.775 62.772 61.769 59.765 70.760 78.755 64.749 61.743 63.737 66.731 68.726 67.721 64.718 66.717 71.717 73.718 74.721 74.723 69.725 63.723 72.720 91.718 10.730 0.000 0.000 51.569 74.562 71.544 75.515 95.481 29.458 0.000 0.000 0.000 0.000 0.000 0.000 1.219 0.000 27.065 79.011 94.956 97.883 102.878 100.040 97.028 104.938 104.860 104.779 96.841 97.623 98.494 98.172 98.142 91.072 67.976 0.000 0.000
62.807 62.807 62.806 62.806 62.806 62.805 62.805 62.804 62.803 63.801 70.799 70.796 47.792 15.786 36.786 66.787 60.787 63.786 69.783 72.780 72.776 68.772 64.767 65.763 68.759 67.755 66.752 68.750 72.749 72.750 74.752 73.756 64.761 59.766 61.771 74.775 93.780 103.787 25.797 0.000 0.000 26.703 82.691 84.669 91.630 90.574 26.541 0.000 0.000 0.000 0.000 0.000 0.000 5.220 31.187 75.127 97.041 100.054 99.139 99.139 98.230 105.085 105.013 97.053 97.851 98.710 98.495 98.348 98.303 90.235 82.192 0.000 0.000 0.000
62.815 62.815 62.815 62.815 62.815 62.815 62.814 62.814 62.813 64.811 73.809 84.807 60.803 0.000 3.793 51.800 77.801 69.800 67.798 67.795 65.792 64.789 66.786 68.783 66.780 62.778 64.777 76.777 78.779 68.782 62.786 59.793 59.800 64.808 78.817 94.827 91.839 75.854 47.875 15.914 9.909 53.849 82.830 64.811 55.763 47.643 12.592 0.000 0.000 0.000 0.000 0.000 0.000 24.254 75.221 97.131 99.321 98.311 98.418 105.292 105.226 105.157 97.119 99.000 98.710 98.582 98.525 98.451 92.373 79.308 69.271 0.000 0.000 0.000
62.824 62.824 62.824 62.824 62.824 62.824 62.824 62.824 62.823 64.823 74.821 61.818 17.810 0.000 0.000 19.818 73.817 65.815 67.813 66.811 64.809 67.807 68.805 65.803 62.801 58.801 68.801 82.803 69.807 59.812 60.819 65.828 75.838 86.850 97.863 90.877 68.894 63.913 82.935 89.958 90.963 94.954 69.969 30.983 2.991 0.000 0.000 0.000 0.000 0.000 0.000 0.000 29.369 75.298 97.313 99.496 98.512 105.475 105.417 105.356 97.394 98.190 99.075 98.772 98.754 98.693 98.616 99.522 87.441 58.354 47.312 5.312 0.000 0.000
61.833 61.833 62.833 62.833 62.833 62.834 62.834 62.834 62.834 65.834 75.834 46.834 0.000 5.854 43.849 45.838 62.834 64.831 52.829 34.827 72.826 67.824 63.823 62.822 60.822 62.822 78.824 81.828 63.833 66.841 78.851 87.863 96.876 94.890 82.907 68.926 61.947 77.970 81.996 70.019 51.034 49.034 37.111 17.160 6.204 0.513 0.000 18.856 13.856 0.000 0.000 23.457 75.471 98.567 99.583 97.692 105.587 105.532 97.565 98.373 99.247 99.051 98.927 98.901 98.846 98.792 101.721 65.585 45.513 0.000 0.000 0.000 0.000 0.000
70.842 68.842 65.841 63.842 60.842 60.844 60.844 60.845 59.846 64.847 76.848 59.851 40.858 48.859 66.856 62.852 59.848 65.846 60.844 47.843 67.842 61.841 60.841 60.841 62.841 76.842 84.845 50.850 42.857 92.868 97.881 92.895 81.911 71.929 63.949 59.971 70.997 83.026 51.057 26.090 9.118 0.238 17.281 16.342 6.448 7.653 10.788 38.856 22.856 0.000 0.000 55.709 97.735 96.852 105.743 105.693 105.641 97.606 99.494 99.217 99.107 99.074 101.028 95.975 97.942 98.913 109.889 0.000 0.000 0.000 0.000 0.000 0.000 0.000
71.852 73.851 79.849 80.850 80.852 77.854 78.855 77.856 76.857 76.858 78.860 61.862 65.865 64.866 61.866 64.864 64.862 63.860 68.860 70.859 64.859 58.859 60.859 62.859 76.860 81.861 70.864 64.870 73.879 96.892 79.909 70.927 62.946 60.966 62.988 62.014 76.044 85.079 49.118 25.165 13.228 15.334 18.392 10.478 11.593 17.736 19.855 12.925 0.000 0.000 33.953 75.958 105.882 105.838 105.792 97.847 98.649 99.543 99.249 99.243 100.198 100.150 73.103 51.038 86.034 100.027 105.034 45.091 0.000 0.000 0.000 0.000 0.000 0.000
64.863 58.862 11.855 13.855 22.862 69.864 66.866 66.867 66.868 70.870 79.871 60.873 61.875 60.876 63.876 67.876 68.875 66.875 65.875 68.875 69.875 66.876 60.877 77.877 83.878 74.879 80.881 97.886 94.896 76.913 64.937 60.958 62.978 63.000 62.025 67.053 83.088 85.126 77.171 80.226 51.295 13.385 5.476 4.585 16.710 23.845 13.968 11.067 3.113 29.193 77.152 105.964 105.924 97.996 98.802 99.683 99.494 99.378 99.360 100.310 98.267 92.224 17.201 0.000 68.130 103.125 100.130 99.149 0.000 0.000 0.000 0.000 0.000 0.000
62.876 54.876 0.000 0.000 4.875 65.876 61.877 61.878 61.880 65.881 79.882 57.884 61.885 65.887 67.887 68.888 65.888 62.889 60.889 62.890 72.892 85.893 80.894 81.896 58.896 52.896 104.894 90.897 57.906 17.929 37.966 65.989 63.010 63.032 65.057 58.087 42.126 32.168 44.215 84.271 60.342 13.433 8.543 3.676 12.818 17.964 12.110 17.234 17.335 55.370 106.024 97.192 100.927 99.827 99.639 99.527 99.500 99.462 100.418 100.379 65.337 41.278 27.275 30.278 81.232 102.215 98.213 89.224 7.253 0.000 0.000 0.000 0.000 0.000
62.889 62.891 45.897 0.000 5.888 66.888 62.889 62.890 61.891 62.892 77.893 64.895 67.896 69.898 68.899 63.900 60.901 61.903 61.904 60.906 70.908 93.910 89.912 76.915 69.916 60.914 36.903 25.901 12.904 0.000 19.011 68.024 63.041 65.061 48.083 22.111 7.163 4.205 46.250 63.301 32.369 4.463 7.588 12.758 19.921 16.082 10.272 3.475 6.815 54.641 106.100 100.080 99.837 99.657 99.640 99.602 99.559 99.519 97.482 88.448 21.423 0.000 38.341 97.329 102.304 100.288 94.282 84.282 2.282 0.000 0.000 0.000 0.000 0.000
59.900 61.902 58.904 0.000 1.900 66.900 61.900 59.901 61.902 65.903 69.904 68.906 68.908 66.909 60.911 61.913 61.915 62.917 62.919 67.921 85.924 84.927 77.931 86.935 84.939 55.942 0.000 0.000 0.000 0.000 17.044 68.053 63.068 66.087 37.105 0.000 33.210 59.239 79.278 48.314 0.373 0.000 0.000 1.940 12.026 12.174 12.398 6.827 4.311 106.312 106.209 98.990 99.831 99.730 99.694 99.653 99.614 101.576 86.540 69.509 29.485 5.471 53.420 83.391 92.368 101.353 90.344 79.342 1.345 0.000 0.000 0.000 0.000 0.000
66.910 64.911 53.913 0.000 52.912 60.912 62.912 66.912 67.913 68.914 66.915 67.916 65.919 61.921 61.923 62.926 62.928 61.930 63.933 86.936 85.940 67.944 80.949 78.955 82.962 80.973 43.994 0.027 9.062 39.066 44.067 64.076 63.093 63.115 58.144 50.191 67.227 66.265 60.309 82.361 30.422 0.000 0.000 5.963 11.049 9.185 10.362 34.613 59.081 106.407 101.328 101.065 100.803 99.787 99.745 99.706 100.667 98.630 53.595 30.563 42.535 43.509 97.475 99.448 79.426 89.410 84.400 57.398 22.406 0.000 0.000 0.000 0.000 0.000
67.919 68.921 65.923 53.927 67.924 67.923 67.923 68.924 68.924 69.925 81.925 63.926 61.930 61.933 62.936 62.938 62.941 63.944 77.947 88.951 63.955 67.960 94.966 86.973 74.983 77.995 81.014 65.039 70.058 85.070 78.080 66.094 59.112 59.136 70.166 86.203 73.241 45.284 17.334 72.397 61.487 10.624 13.757 18.900 15.020 6.159 8.272 49.586 101.845 106.492 98.308 100.953 101.878 99.838 99.797 99.758 92.719 82.682 39.647 10.614 19.584 20.555 81.525 123.499 104.477 80.460 72.449 51.444 60.444 13.443 0.000 0.000 3.555 24.555
72.927 72.929 68.932 68.934 68.934 69.934 69.934 65.935 62.935 61.935 24.935 14.934 65.942 62.946 62.948 62.951 61.954 64.957 88.961 74.965 59.969 65.975 82.982 99.990 94.999 92.012 90.028 86.045 82.062 81.076 89.090 86.106 80.126 76.150 79.179 83.214 45.252 9.295 8.345 24.406 20.507 5.626 14.749 24.860 20.976 12.125 5.302 48.554 106.650 106.573 101.206 103.042 99.926 99.890 100.848 96.808 80.770 73.732 79.697 85.663 69.631 91.601 106.572 123.546 132.523 116.505 78.492 83.485 58.481 0.000 0.000 0.000 0.000 0.000
11.933 12.939 72.940 67.943 67.944 62.945 59.945 61.946 56.947 9.947 9.945 0.000 66.958 62.959 62.961 62.964 62.967 80.970 87.974 60.978 62.983 62.989 65.996 72.004 74.014 74.025 70.039 73.053 89.068 82.082 73.097 76.115 83.136 87.160 90.188 87.221 62.258 27.300 10.343 9.378 0.000 0.000 9.751 18.815 2.895 0.000 18.477 78.717 106.725 98.562 102.274 102.007 99.986 99.940 100.899 95.858 82.819 48.781 55.744 98.710 109.677 141.645 132.616 104.589 92.565 109.546 88.531 82.521 57.516 0.000 0.000 0.000 0.000 0.000
0.000 7.952 21.948 76.953 61.955 59.956 61.957 61.958 62.959 9.961 0.965 55.975 63.972 62.972 62.974 62.976 64.979 88.983 73.987 59.991 62.996 63.002 63.009 62.017 62.027 62.037 61.049 68.062 97.075 76.088 7.102 15.120 27.144 78.166 88.192 72.223 77.260 64.305 16.350 13.384 0.000 3.637 16.691 8.753 0.000 0.000 36.630 106.871 106.798 101.444 103.175 99.078 100.034 99.990 99.948 99.906 86.866 49.828 64.791 101.755 97.721 131.688 126.657 95.629 100.603 86.581 67.564 85.552 63.546 0.000 0.000 0.000 0.000 0.000
60.975 56.969 0.000 68.966 78.966 79.967 60.968 72.969 79.971 55.974 53.980 63.982 62.983 62.984 62.986 62.988 81.991 85.995 60.999 63.003 62.009 61.015 63.022 63.030 63.038 63.048 62.058 70.070 99.081 80.092 26.102 0.000 50.153 75.169 88.191 67.219 57.255 16.309 9.368 12.424 10.508 18.583 22.622 0.000 0.000 15.586 77.810 106.941 98.714 102.421 102.158 100.131 100.083 100.038 99.995 100.953 91.913 80.874 103.836 128.799 116.763 133.729 130.697 124.666 131.637 97.612 74.592 84.577 92.570 21.574 0.000 0.000 0.000 0.000
62.981 61.980 56.982 62.978 61.977 9.978 83.979 75.980 62.983 63.985 63.989 62.991 62.993 62.995 62.997 66.000 89.003 72.007 62.011 63.015 69.020 77.026 63.033 61.041 63.049 62.058 65.067 89.077 97.088 72.099 60.111 48.129 70.147 69.164 30.185 15.207 12.231 0.000 1.398 1.440 2.517 3.564 5.593 0.000 18.729 75.829 97.956 107.010 99.675 100.308 100.225 100.177 100.130 100.085 100.042 100.999 91.958 74.918 70.879 103.841 93.805 107.769 110.734 98.701 100.669 72.639 49.614 63.595 130.584 83.578 18.573 8.568 30.563 51.559
62.988 62.988 62.988 62.988 62.988 56.988 72.990 88.991 64.993 61.996 62.999 63.001 63.004 63.006 62.009 85.012 87.015 61.018 63.022 64.026 61.031 23.036 82.045 77.052 64.060 62.068 80.076 99.085 83.094 63.104 63.115 64.128 67.142 71.157 8.178 9.192 0.000 0.000 13.391 0.000 0.000 0.000 0.000 0.000 41.896 99.003 107.143 107.077 99.564 100.387 100.265 100.223 100.176 100.131 100.087 99.044 84.002 85.962 105.922 124.883 123.845 128.808 133.771 120.734 118.697 105.661 54.630 52.607 128.591 92.582 30.574 23.568 88.561 121.558
62.996 62.996 62.996 62.996 62.997 62.998 63.000 74.002 89.004 65.006 62.009 63.011 63.014 61.017 69.020 90.023 70.026 62.029 64.033 62.037 4.042 1.050 70.058 71.063 77.070 76.077 84.084 83.092 64.100 62.109 64.118 67.127 72.136 72.143 0.000 0.000 0.000 0.385 24.386 11.384 12.383 11.383 0.000 3.363 50.266 104.253 107.207 98.918 100.614 100.344 100.318 100.267 100.220 100.175 100.131 100.088 86.046 82.005 102.964 103.924 103.885 106.846 106.807 105.768 110.726 83.678 59.637 74.610 89.593 28.583 0.000 0.000 32.556 58.555
63.004 65.002 65.003 63.005 63.007 63.008 63.010 63.012 74.014 89.016 65.019 60.022 60.025 77.028 89.031 83.034 60.037 63.041 59.044 5.045 2.056 56.064 63.069 63.074 69.079 86.085 86.092 79.098 72.105 64.112 51.120 21.127 86.133 66.137 0.000 0.000 0.000 0.000 13.383 6.383 20.383 9.383 0.000 3.648 23.562 107.334 107.271 99.785 100.507 100.406 100.358 100.310 100.263 100.218 100.174 101.131 96.088 86.047 81.005 79.965 79.924 79.884 79.845 83.804 57.761 1.687 27.631 83.605 79.587 40.574 2.563 0.000 31.552 77.552
