results3_8e3_rain/res_3e8f-0017.wd
ncols         241
nrows         181
xllcorner     12693529.787448
yllcorner     3542525.717860
cellsize      155.156523
NODATA_value  -9999.000000
[rows 102 to 135 of 181, columns 0 to 74 of 241]
17.589 20.588 0.000 0.000 0.000 1.523 40.501 45.500 55.515 0.000 0.000 0.000 0.000 0.000 0.000 0.000 0.000 0.000 14.219 11.211 29.193 43.176 18.160 3.147 0.000 0.000 0.000 0.000 0.000 0.000 19.120 20.121 20.132 20.145 20.158 19.164 19.171 18.175 19.232 24.270 36.305 30.333 0.000 45.591 46.640 24.708 31.787 48.872 42.964 30.059 20.155 26.252 27.354 30.471 15.530 0.000 0.000 0.000 0.000 0.000 0.000 0.000 0.000 0.000 0.000 32.442 29.452 29.470 27.493 27.521 27.550 27.582 27.617 26.653 25.692
31.592 14.590 14.587 16.579 18.567 37.547 45.532 45.528 45.533 47.542 21.545 0.000 0.000 9.355 16.358 17.358 0.000 0.000 37.249 45.235 40.203 36.182 19.170 0.000 0.000 0.000 0.000 0.000 0.000 0.000 0.000 20.109 19.125 18.135 19.136 20.116 20.115 20.124 20.151 21.182 40.217 35.255 18.304 20.431 31.515 42.595 19.678 31.769 32.866 25.967 46.064 29.159 21.256 0.000 0.000 0.000 0.000 0.000 0.000 0.000 0.000 0.000 0.000 0.000 0.000 32.462 27.469 27.483 27.502 27.525 27.550 25.577 23.607 25.638 31.671
46.598 36.596 17.593 21.586 39.577 45.565 45.555 45.550 45.549 40.550 12.551 18.552 0.000 0.340 35.364 43.360 43.349 27.328 42.294 49.279 0.000 0.000 0.000 0.000 0.000 0.000 0.000 0.000 0.000 0.000 0.000 20.081 0.000 0.000 0.000 21.050 20.050 20.055 20.069 21.092 37.125 42.168 19.228 20.314 20.396 38.478 39.565 17.660 25.767 44.880 36.975 15.066 0.000 0.000 0.000 0.000 0.000 0.000 0.000 0.000 0.000 0.000 0.000 0.000 0.000 32.475 27.481 27.492 27.508 26.527 25.548 30.571 31.596 32.623 33.650
46.608 46.607 41.603 44.598 45.591 45.583 45.575 45.569 45.564 41.561 16.558 33.556 0.000 0.000 13.377 37.373 45.361 46.344 45.324 50.309 0.000 0.000 0.000 0.000 0.000 0.000 0.000 0.000 0.000 0.000 0.000 20.055 0.000 0.000 21.975 19.985 19.982 19.978 19.980 19.994 37.023 42.067 19.127 20.201 20.279 21.359 42.444 36.541 43.662 33.811 14.892 0.000 0.000 0.000 0.000 0.000 0.000 0.000 0.000 0.000 0.000 0.000 0.000 0.000 30.482 27.483 27.488 27.498 27.511 26.527 28.544 32.564 33.585 33.607 33.630
44.622 45.621 45.618 45.614 45.609 45.602 45.595 45.588 45.581 46.574 41.566 48.560 0.000 0.000 1.406 20.395 43.382 45.366 46.349 34.328 0.000 0.000 0.000 0.000 0.000 0.000 0.000 0.000 0.000 0.000 0.000 14.031 19.008 18.986 17.965 19.936 19.917 19.897 19.879 19.881 36.907 41.952 19.014 20.085 20.160 20.236 25.313 48.400 28.530 0.000 0.000 0.000 0.000 0.000 0.000 0.000 0.000 0.000 0.000 0.000 0.000 0.000 0.000 0.000 0.000 34.487 30.492 31.500 29.512 25.526 32.540 33.555 31.573 31.591 28.610
41.640 46.639 45.637 45.634 45.630 45.624 45.618 45.610 45.601 45.590 46.576 39.559 23.532 14.499 8.457 35.426 45.406 45.391 50.381 0.000 0.000 0.000 0.000 0.000 0.000 0.000 0.000 0.000 0.000 0.000 0.000 0.000 0.000 0.000 0.000 19.878 19.855 19.813 19.760 19.747 35.772 42.823 19.892 19.968 20.043 20.112 20.172 26.217 0.000 0.000 0.000 0.000 0.000 0.000 0.000 0.000 0.000 0.000 0.000 0.000 0.000 0.000 0.000 0.000 0.000 0.000 0.000 0.000 0.000 34.525 32.534 33.546 30.560 25.575 34.588
41.660 46.660 45.659 45.657 45.654 45.650 45.644 45.636 45.625 45.610 46.592 31.569 10.541 9.510 18.477 42.449 45.428 45.413 51.404 0.000 0.000 0.000 0.000 0.000 0.000 0.000 0.000 0.000 0.000 0.000 0.000 0.000 0.000 0.000 0.000 15.845 19.813 16.742 19.602 19.578 38.611 42.678 19.764 19.852 19.932 19.999 20.050 17.079 0.000 0.000 0.000 0.000 0.000 0.000 0.000 0.000 0.000 0.000 0.000 0.000 0.000 26.430 0.000 0.000 0.000 0.000 0.000 0.000 30.507 31.516 33.525 33.536 30.548 26.560 36.571
44.683 45.683 45.684 45.684 45.683 45.680 45.674 45.666 45.654 45.637 45.614 42.587 19.556 20.524 37.494 44.467 45.446 45.431 52.422 0.000 0.000 0.000 0.000 0.000 0.000 0.000 0.000 0.000 0.000 0.000 0.000 0.000 0.000 0.000 0.000 0.000 15.812 0.000 18.329 19.352 47.417 34.517 19.634 19.745 19.836 32.904 22.950 17.972 0.000 0.000 0.000 0.000 0.000 0.000 0.000 0.000 0.000 0.000 0.000 0.000 0.000 37.431 22.431 0.000 0.000 0.000 0.000 31.490 34.498 33.507 30.516 26.526 26.536 24.546 28.560
45.708 45.709 45.712 45.714 45.715 45.714 45.710 45.703 45.690 45.670 45.643 45.610 47.575 47.540 46.509 45.482 45.461 47.445 36.433 0.000 0.000 0.000 0.000 0.000 0.000 0.000 0.000 0.000 0.000 0.000 0.000 0.000 0.000 0.000 0.000 0.000 0.000 0.000 18.033 19.087 53.190 22.338 19.513 19.660 31.763 40.833 19.874 19.889 18.865 0.000 0.000 0.000 0.000 0.000 0.000 0.000 0.000 0.000 0.000 0.000 0.000 33.431 34.433 21.435 0.000 27.463 29.470 33.481 32.491 30.499 29.507 25.515 33.523 36.530 0.000
44.733 43.737 45.742 45.747 45.751 45.752 45.752 45.747 45.735 45.714 45.681 45.639 45.595 45.554 45.521 45.494 46.474 29.459 0.000 0.000 6.401 20.399 0.000 0.000 0.000 0.000 0.000 0.000 0.000 0.000 0.000 0.000 0.000 0.000 0.000 0.000 0.000 0.000 13.684 24.776 47.919 19.133 16.422 19.621 19.726 19.790 19.828 19.844 19.843 16.842 0.000 0.000 0.000 0.000 0.000 0.000 0.000 0.000 0.000 0.000 0.000 28.431 24.434 30.438 25.447 33.457 33.466 32.476 28.485 31.492 26.499 25.506 25.512 18.521 0.000
34.757 34.764 43.775 45.784 45.791 45.796 45.800 45.800 45.791 45.770 45.731 46.670 47.613 45.565 45.528 45.501 45.484 0.000 0.000 6.414 16.406 26.400 25.395 18.391 10.388 0.000 0.000 0.000 0.000 0.000 0.000 0.000 0.000 0.000 0.000 16.719 19.786 19.942 17.245 16.413 25.579 13.856 0.000 15.676 19.732 19.775 19.803 19.818 18.823 0.000 0.000 0.000 0.000 0.000 0.000 0.000 30.416 41.416 0.000 0.000 29.427 27.430 27.433 24.438 32.445 33.454 33.462 30.472 33.480 33.487 31.493 26.497 15.501 0.000 0.000
16.775 21.791 40.811 46.826 45.834 45.843 45.855 45.863 45.863 45.848 47.806 33.700 29.625 44.565 49.529 46.501 41.479 23.459 26.442 32.424 26.410 27.401 6.397 0.000 0.000 0.000 0.000 0.000 0.000 0.000 0.000 0.000 0.000 0.000 7.651 13.653 16.699 16.797 16.942 17.053 19.131 0.000 0.000 0.000 14.753 19.776 19.793 19.804 19.810 0.000 0.000 0.000 0.000 0.000 0.000 0.000 47.416 29.417 27.419 27.422 27.425 27.428 25.432 30.436 33.443 33.450 29.458 33.469 33.478 32.483 26.488 27.491 17.493 0.000 0.000
0.793 15.818 34.853 47.876 48.879 48.891 46.915 45.937 46.950 45.954 46.948 0.000 0.000 3.543 21.523 42.499 49.474 47.458 47.445 33.433 0.000 0.000 0.000 0.000 0.000 0.000 0.000 0.000 0.000 0.000 0.000 0.000 0.000 0.000 0.000 12.543 16.561 14.608 15.674 17.729 18.761 0.000 0.000 0.000 0.000 12.782 19.791 19.798 16.803 0.000 0.000 0.000 0.000 0.000 0.000 0.000 0.000 43.418 26.419 26.421 27.424 26.427 26.430 32.434 33.440 31.447 19.452 0.000 37.479 31.482 31.484 31.486 17.487 0.000 0.000
0.000 0.000 19.910 25.948 19.918 21.928 38.979 47.022 43.050 36.071 35.086 0.000 0.000 0.000 0.000 0.000 14.464 40.456 47.448 0.000 0.000 0.000 0.000 0.000 0.000 0.000 0.000 0.000 0.000 0.000 0.000 0.000 0.000 0.000 0.000 12.417 18.397 17.400 26.417 27.429 17.424 0.000 0.000 0.000 0.000 0.000 16.791 17.793 0.000 0.000 0.000 0.000 0.000 0.000 0.000 0.000 0.000 48.419 51.420 31.421 25.423 23.425 33.428 33.431 28.435 0.000 0.000 0.000 0.000 36.481 33.482 33.483 23.484 0.000 0.000
0.000 0.000 1.004 10.090 0.000 0.000 11.052 40.123 31.161 27.195 41.241 8.331 0.000 0.000 0.000 0.000 0.000 0.000 16.446 0.000 0.000 0.000 0.000 0.000 0.000 0.000 0.000 0.000 0.000 0.000 0.000 0.000 0.000 0.000 0.000 3.313 17.210 15.180 45.169 38.146 16.084 17.918 0.000 0.000 0.000 0.000 11.789 0.000 0.000 0.000 0.000 0.000 0.000 0.000 0.000 0.000 0.000 0.000 36.420 53.421 38.423 32.424 33.426 28.428 0.000 0.000 0.000 0.000 0.000 28.479 33.480 33.481 28.482 0.000 0.000
0.000 0.000 0.000 42.257 0.000 0.000 0.278 32.260 34.278 45.309 47.356 50.423 56.498 0.000 0.000 0.000 0.000 0.000 0.000 0.000 0.000 0.000 0.000 0.000 0.000 0.000 0.000 0.000 0.000 0.000 0.000 0.000 0.000 0.000 0.000 0.000 9.951 17.943 47.932 29.906 17.850 16.753 21.648 0.000 0.000 0.000 0.000 0.000 0.000 0.000 0.000 0.000 0.000 0.000 0.000 0.000 0.000 0.000 0.000 0.000 41.423 31.424 29.424 0.000 0.000 0.000 0.000 0.000 27.476 26.477 28.479 22.479 0.000 0.000 0.000
0.000 0.000 19.479 37.426 45.463 14.461 27.433 50.381 47.383 46.409 46.452 46.508 46.576 52.661 55.715 11.745 0.000 0.000 15.845 29.845 22.844 24.842 0.000 0.000 0.000 0.000 0.000 0.000 0.000 0.000 0.000 0.000 0.000 0.000 0.000 0.000 10.701 39.712 41.713 18.696 16.657 16.599 19.544 0.000 0.000 0.000 0.000 0.000 0.000 0.000 0.000 0.000 0.000 0.000 0.000 0.000 0.000 0.000 0.000 0.000 0.000 0.000 0.000 0.000 0.000 0.000 0.000 29.474 24.475 22.476 0.000 0.000 0.000 0.000 0.000
43.607 46.579 46.535 44.508 42.503 43.489 45.466 45.450 46.464 47.496 47.536 46.584 39.638 43.694 46.740 50.777 54.815 55.837 47.846 43.848 40.846 35.843 37.838 30.835 0.000 0.000 0.000 0.000 0.000 0.000 0.000 0.000 0.000 0.000 0.000 34.317 23.441 52.492 43.512 30.509 17.485 16.443 16.387 20.300 16.299 0.000 0.000 0.000 0.000 0.000 0.000 0.000 0.000 0.000 0.000 0.000 0.000 0.000 0.000 0.000 0.000 0.000 0.000 0.000 0.000 0.000 0.000 0.000 0.000 0.000 0.000 0.000 0.000 0.000 0.000
46.638 41.597 39.575 38.568 32.556 29.529 30.495 30.491 36.531 41.575 41.616 34.657 18.699 33.740 46.777 46.808 46.835 46.851 46.858 46.857 47.852 47.846 50.839 51.834 51.829 51.826 0.000 0.000 0.000 0.000 0.000 0.000 0.000 0.000 0.000 6.196 32.254 37.305 21.336 38.345 26.332 16.303 16.261 19.217 0.000 0.000 0.000 0.000 0.000 0.000 0.000 0.000 0.000 0.000 0.000 0.000 0.000 0.000 0.000 0.000 0.000 0.000 0.000 0.000 0.000 0.000 0.000 0.000 0.000 0.000 0.000 0.000 0.000 0.000 0.000
16.711 0.000 11.603 25.634 23.626 3.576 0.000 0.000 4.594 21.660 20.697 13.730 8.762 18.793 39.822 47.847 46.866 46.877 46.879 46.872 46.861 50.852 25.841 13.834 12.829 16.826 19.824 0.000 0.000 0.000 0.000 0.000 0.000 0.000 0.000 4.017 40.076 23.141 15.184 25.202 36.198 20.177 16.140 16.090 22.012 0.000 0.000 0.000 0.000 0.000 0.000 0.000 0.000 0.000 0.000 0.000 0.000 0.000 0.000 0.000 0.000 0.000 0.000 0.000 0.000 0.000 0.000 0.000 0.000 0.000 0.000 0.000 0.000 0.000 69.690
6.787 0.000 0.000 14.740 10.740 0.000 0.000 0.000 0.000 11.774 9.786 9.805 10.827 8.851 27.874 44.893 46.907 46.913 46.910 46.893 45.871 8.860 0.000 0.000 0.000 0.000 0.000 0.000 0.000 0.000 0.000 0.000 0.000 0.000 10.629 27.780 44.895 21.998 16.060 14.084 31.083 33.066 19.035 15.992 15.935 18.868 27.837 0.000 0.000 0.000 0.000 0.000 0.000 0.000 0.000 0.000 0.000 0.000 0.000 0.000 0.000 0.000 0.000 0.000 0.000 0.000 0.000 0.000 0.000 0.000 0.000 0.000 0.000 0.000 67.767
19.864 15.891 10.887 9.849 10.855 12.912 13.938 16.943 15.926 11.878 10.871 10.879 10.894 9.912 16.930 38.946 47.958 46.962 48.955 20.923 0.000 0.000 0.000 0.000 0.000 0.000 0.000 0.000 0.000 0.000 0.000 0.000 3.439 17.440 14.479 35.581 32.726 6.899 13.974 15.991 17.987 30.970 22.944 17.910 15.871 14.832 31.808 22.793 16.792 0.000 0.000 0.000 0.000 0.000 0.000 0.000 0.000 0.000 0.000 0.000 0.000 0.000 0.000 0.000 0.000 0.000 0.000 0.000 0.000 0.000 0.000 0.000 0.000 4.022 80.913
9.917 10.924 10.923 10.915 10.922 10.945 10.961 10.966 10.960 10.945 10.941 10.947 10.959 10.974 8.991 30.006 47.018 49.025 45.026 0.000 0.000 0.000 0.000 0.000 0.000 0.000 0.000 0.000 0.000 0.000 0.000 0.000 0.000 1.359 18.269 44.340 18.532 0.000 1.947 16.922 14.905 18.885 19.862 28.835 17.807 15.783 14.771 10.782 0.000 0.000 0.000 0.000 0.000 0.000 0.000 0.000 0.000 0.000 0.000 0.000 0.000 0.000 0.000 0.000 0.000 0.000 0.000 0.000 0.000 0.000 0.000 0.000 9.220 74.132 84.040
10.965 10.967 10.968 10.969 10.975 10.987 10.997 10.003 10.003 11.001 11.003 11.011 11.023 11.038 10.054 18.070 33.085 44.095 32.101 0.000 0.000 0.000 0.000 0.000 0.000 0.000 0.000 0.000 0.000 0.000 0.000 0.000 0.000 0.000 26.954 51.979 0.000 0.000 0.000 17.846 15.827 14.806 22.784 33.762 21.741 15.724 19.714 0.000 0.000 0.000 0.000 0.000 0.000 0.000 0.000 0.000 0.000 0.000 0.000 0.000 0.000 0.000 0.000 0.000 0.000 0.000 0.000 0.000 0.000 0.000 0.000 0.000 66.309 80.246 80.168
11.012 11.013 11.015 11.018 11.024 11.032 11.040 15.047 16.052 12.056 11.063 11.073 11.086 11.102 11.120 10.139 13.157 22.173 22.183 0.000 0.000 0.000 0.000 0.000 0.000 0.000 0.000 0.000 0.000 0.000 0.000 0.000 0.000 0.000 30.615 45.644 0.000 0.000 0.000 14.791 15.752 15.728 14.708 19.689 21.672 17.658 19.650 0.000 0.000 0.000 0.000 0.000 0.000 0.000 0.000 0.000 0.000 0.000 0.000 0.000 0.000 0.000 0.000 0.000 0.000 0.000 0.000 0.000 0.000 0.000 0.000 50.569 59.461 59.377 59.296
11.059 11.061 11.063 11.067 11.072 11.079 10.087 22.095 27.102 14.110 11.120 11.133 11.148 11.167 11.187 11.210 11.233 10.257 13.277 0.000 0.000 0.000 0.000 0.000 0.000 0.000 0.000 0.000 0.000 0.000 0.000 0.000 0.000 11.041 53.250 27.339 27.285 0.000 0.000 0.687 17.663 15.649 15.633 13.617 29.601 33.587 27.578 0.000 0.000 0.000 0.000 0.000 0.000 0.000 0.000 0.000 0.000 0.000 0.000 0.000 0.000 0.000 0.000 0.000 0.000 0.000 0.000 0.000 0.000 0.000 24.763 75.677 61.589 74.512 96.386
11.108 11.109 11.112 11.116 11.121 11.128 10.136 23.144 29.154 13.164 11.177 11.192 11.210 11.231 11.255 11.281 11.312 11.348 11.393 17.469 0.000 0.000 0.000 0.000 0.000 0.000 0.000 8.957 16.958 20.973 0.000 0.000 6.648 44.833 43.007 23.180 5.231 0.000 0.000 0.632 17.584 16.574 19.561 14.545 23.529 46.513 43.500 0.000 0.000 0.000 0.000 0.000 0.000 0.000 0.000 0.000 0.000 0.000 0.000 0.000 0.000 0.000 0.000 0.000 0.000 0.000 0.000 0.000 0.000 0.000 61.849 117.788 100.714 122.614 101.197
8.157 9.158 10.161 10.165 11.171 11.178 9.186 24.195 27.206 10.218 11.233 11.250 11.270 11.294 11.321 11.351 11.387 11.429 11.481 11.547 17.618 0.000 0.000 0.000 0.000 0.000 0.000 0.000 15.947 11.990 15.092 19.243 31.465 48.637 32.768 1.016 0.000 0.000 0.000 0.000 16.511 19.503 32.491 18.476 28.459 29.438 48.410 52.353 35.329 0.000 0.000 0.000 0.000 0.000 0.000 0.000 0.000 0.000 0.000 0.000 0.000 0.000 0.000 0.000 0.000 0.000 0.000 0.000 0.000 48.102 57.996 58.914 61.837 80.805 100.382
29.206 24.208 19.211 17.215 13.221 9.228 9.236 24.247 27.258 9.272 11.288 11.307 11.329 11.355 11.384 11.418 10.458 9.504 10.558 10.621 10.692 16.767 0.000 0.000 0.000 0.000 0.000 0.000 21.894 15.949 11.045 24.174 47.333 41.485 9.626 0.000 0.000 0.000 0.000 0.000 15.445 20.439 27.427 22.411 27.393 26.373 39.350 33.322 26.307 0.000 0.000 0.000 0.000 0.000 0.000 0.000 0.000 0.000 0.000 0.000 0.000 0.000 0.000 0.000 0.000 0.000 0.000 0.000 25.295 53.208 122.118 86.043 117.919 101.583 99.625
49.256 48.258 44.261 39.265 35.271 30.278 25.288 21.298 16.311 10.326 11.343 11.363 11.387 11.414 10.446 12.482 18.524 23.572 22.627 20.690 14.762 9.845 13.951 20.017 0.000 0.000 0.000 3.689 26.788 17.871 13.965 37.077 49.210 5.347 0.000 0.000 0.000 0.000 0.000 1.366 14.387 19.383 35.368 25.349 18.330 11.312 17.295 35.280 32.270 38.269 0.000 0.000 0.000 0.000 0.000 0.000 0.000 0.000 0.000 0.000 0.000 0.000 0.000 0.000 0.000 0.000 0.000 0.000 60.383 51.317 61.241 84.127 60.292 99.739 91.069
40.307 45.308 49.311 49.316 51.322 51.329 45.339 36.350 22.363 11.379 10.397 11.418 10.443 9.471 14.504 28.542 39.585 44.634 44.689 41.752 33.822 24.902 15.992 10.085 15.212 17.328 16.450 17.593 15.697 10.785 24.869 47.960 15.084 0.000 0.000 0.000 0.000 9.338 21.339 18.345 20.350 26.339 44.314 30.288 14.268 13.252 13.241 25.233 46.228 0.000 0.000 0.000 0.000 0.000 0.000 0.000 0.000 0.000 0.000 0.000 0.000 0.000 0.000 0.000 0.000 0.000 0.000 36.659 59.539 63.439 63.325 73.402 100.860 91.188 91.130
18.357 20.359 23.362 29.367 39.373 45.381 50.390 50.401 43.415 29.431 18.449 12.471 16.496 23.526 36.560 51.599 50.643 47.692 47.747 50.808 50.875 46.950 35.032 23.122 15.223 10.326 11.430 10.536 11.627 19.703 41.767 49.813 0.000 0.000 0.000 0.000 0.000 0.000 13.336 22.335 23.331 20.310 21.262 31.224 26.201 19.190 23.185 31.183 44.183 0.000 0.000 0.000 0.000 0.000 0.000 0.000 0.000 0.000 0.000 0.000 0.000 0.000 0.000 0.000 0.000 0.000 43.905 65.779 61.645 70.607 61.660 101.008 89.757 91.240 96.483
10.409 10.410 10.413 12.418 17.424 21.432 28.442 37.453 45.466 48.482 42.500 40.522 42.548 45.578 44.613 37.652 28.697 26.746 26.800 31.859 37.923 44.992 48.068 47.148 36.235 26.323 21.411 19.496 28.572 44.635 45.684 31.714 0.000 0.000 0.000 0.000 0.000 0.000 0.000 23.329 2.329 0.000 5.203 20.145 35.126 39.123 41.127 42.134 38.139 0.000 0.000 0.000 0.000 0.000 0.000 0.000 0.000 0.000 0.000 0.000 0.000 0.000 28.516 0.000 64.261 86.182 119.004 74.946 69.978 50.918 86.968 91.432 91.316 100.079 89.580
11.460 11.462 11.465 11.470 10.476 9.484 11.493 16.504 22.517 32.532 42.550 44.571 37.596 27.627 21.662 13.703 9.748 9.797 9.850 11.906 16.966 23.031 30.099 42.171 47.246 49.322 48.397 44.468 47.531 40.584 22.624 14.645 0.000 0.000 0.000 0.000 0.000 0.000 0.000 22.324 0.000 0.000 0.000 23.029 42.036 50.050 36.069 39.089 25.100 0.000 0.000 0.000 0.000 0.000 0.000 0.000 0.000 0.000 0.000 0.000 0.000 15.516 34.517 107.460 136.346 119.204 102.733 101.653 93.307 91.949 91.789 91.618 56.858 101.766 93.361
