results3_8e3_rain/res_3e8f-0182.wd
ncols         241
nrows         181
xllcorner     12693529.787448
yllcorner     3542525.717860
cellsize      155.156523
NODATA_value  -9999.000000
[rows 132 to 164 of 181, columns 0 to 72 of 241]
96.160 101.160 105.160 105.159 107.158 107.156 101.155 92.153 78.151 67.148 66.145 67.142 66.138 65.134 70.130 84.125 95.119 100.112 100.105 97.096 89.086 80.073 71.058 65.040 70.016 71.986 70.952 71.913 69.881 64.851 78.821 101.793 68.769 0.000 0.000 0.000 8.544 60.538 72.533 69.513 71.499 77.490 95.491 81.497 65.506 64.518 64.532 76.548 97.566 38.586 11.609 6.643 0.000 0.000 0.000 0.000 0.000 0.000 0.000 0.000 0.000 0.000 2.874 0.874 27.874 7.816 11.758 52.670 75.536 79.441 79.337 89.427 116.894
74.165 76.164 79.164 85.163 95.162 101.161 106.159 106.157 99.155 85.153 74.150 68.146 72.143 79.139 92.134 107.129 106.123 103.116 103.108 106.099 106.089 102.077 90.062 78.044 70.023 64.999 65.971 64.942 65.916 73.891 95.869 103.851 15.839 0.000 0.000 0.000 18.551 46.557 64.582 73.579 74.567 71.556 72.560 82.565 77.572 70.580 74.589 82.601 95.614 36.629 22.648 28.676 8.706 0.000 0.000 0.000 0.000 0.000 0.000 0.000 0.000 0.000 0.000 0.000 9.969 0.000 59.790 81.716 77.603 86.580 77.647 117.014 105.775
66.169 66.169 66.169 68.168 73.167 77.165 84.164 93.162 101.160 104.157 98.154 96.151 98.147 101.143 100.139 93.133 84.127 82.121 82.113 87.104 93.094 100.082 103.068 102.053 91.034 81.014 75.992 73.969 82.948 98.929 99.914 85.903 18.898 0.000 0.000 0.000 0.000 0.000 47.660 74.652 53.637 41.606 56.626 71.633 86.637 90.641 92.645 93.651 89.659 16.669 3.678 31.709 28.736 16.765 22.778 16.783 0.000 0.000 0.000 0.000 0.000 0.000 44.212 14.159 80.064 102.006 134.865 90.843 85.900 66.861 102.930 107.456 107.365
67.174 67.174 67.174 67.173 66.172 65.170 67.169 72.167 78.165 88.162 98.159 100.156 93.152 83.148 77.144 69.139 65.133 65.126 65.119 67.110 72.101 78.090 85.077 97.063 102.048 104.031 103.013 98.995 101.979 94.965 76.954 68.948 47.951 5.973 0.000 0.000 0.000 0.000 40.746 73.732 16.722 0.000 49.705 74.704 93.703 101.702 87.700 90.699 76.702 34.708 0.724 58.745 27.765 19.781 30.786 30.788 1.792 0.000 0.000 0.000 0.000 31.319 50.264 123.204 152.127 135.012 118.570 117.519 109.194 107.839 107.719 107.592 72.815
67.179 67.179 67.179 67.178 67.177 67.176 67.174 66.172 66.170 69.168 75.165 74.162 70.158 66.154 66.150 66.145 67.139 67.133 67.126 67.118 66.109 65.099 67.088 73.075 80.062 89.048 97.034 93.020 82.007 69.996 65.988 70.985 78.986 54.994 33.001 32.992 18.968 19.924 55.847 76.807 26.796 8.811 68.785 100.775 102.769 81.763 84.754 83.743 71.742 60.751 11.755 39.765 13.797 1.808 14.796 1.793 3.795 1.791 0.000 0.000 0.000 12.375 75.321 81.241 77.229 78.391 76.368 108.161 108.060 107.953 75.155 77.935 79.809
67.185 67.185 67.184 67.183 67.183 67.181 67.180 67.178 67.176 67.174 66.171 66.168 66.164 67.160 67.156 67.151 67.146 67.140 67.134 67.126 67.118 67.109 67.099 66.089 65.077 66.066 70.054 68.043 67.033 71.025 74.019 73.016 71.016 73.017 73.016 70.007 69.988 73.957 48.911 34.854 23.845 41.852 86.848 100.842 80.835 73.826 72.811 52.775 48.772 11.800 0.000 0.000 1.871 3.873 0.000 0.000 7.805 22.787 37.744 7.681 21.601 84.456 91.445 89.518 87.505 88.588 108.349 108.257 89.395 96.188 89.045 94.820 86.664
67.191 67.190 67.190 67.189 67.188 67.187 67.186 67.184 67.182 67.180 67.177 67.174 67.170 67.167 67.163 67.158 67.153 67.148 67.142 66.136 73.128 75.120 67.112 66.103 65.093 66.084 68.074 71.065 74.058 73.051 68.047 69.044 76.043 79.042 75.040 69.033 66.021 75.004 5.987 0.000 8.875 81.906 90.912 77.909 69.903 89.896 35.889 0.000 0.000 1.933 2.962 2.961 2.933 3.925 0.000 0.000 32.833 74.807 103.765 64.704 97.590 105.751 102.715 101.807 108.608 108.526 108.439 101.475 103.356 103.056 101.920 100.854 18.773
67.196 67.196 67.196 67.195 67.194 67.193 67.192 67.190 67.189 67.186 70.184 70.181 68.177 72.173 70.170 67.166 67.161 67.157 66.151 64.145 75.139 83.132 69.125 66.117 68.109 71.101 73.094 72.087 69.081 71.076 76.073 78.071 79.070 79.069 74.067 68.064 77.058 96.051 15.045 0.000 0.000 55.985 78.985 75.981 79.973 99.964 33.960 0.000 3.003 2.981 2.991 2.988 2.964 4.970 0.000 30.933 82.889 98.843 101.778 106.781 103.950 100.942 108.834 108.762 108.687 100.780 101.567 102.444 102.127 102.101 95.035 71.945 0.000
67.203 67.202 67.202 67.201 67.201 67.200 67.199 67.197 67.195 68.193 75.191 75.188 52.184 20.181 41.176 71.173 65.170 68.166 74.161 77.156 77.150 73.144 69.138 70.131 73.125 72.118 71.112 73.107 77.103 77.100 79.098 78.097 69.096 64.097 66.097 79.097 98.096 108.096 30.098 0.000 0.000 31.065 87.061 89.055 96.045 95.029 31.026 0.000 3.024 1.030 2.033 3.036 0.000 9.022 35.020 78.985 100.914 103.938 103.033 103.040 102.136 108.969 108.902 100.979 101.782 102.647 102.437 102.295 102.254 94.189 86.149 0.000 0.000
67.209 67.209 67.208 67.208 67.207 67.206 67.205 67.204 67.203 69.201 78.198 89.195 65.191 2.188 8.182 56.182 82.179 74.176 72.172 72.167 70.162 69.157 71.151 73.146 71.140 67.135 69.130 81.127 83.124 73.122 67.121 64.122 64.123 69.125 83.127 99.130 96.134 80.140 52.152 20.180 14.180 58.149 87.139 69.134 60.122 52.080 17.089 1.152 1.084 22.076 13.075 3.086 0.000 28.076 79.059 100.988 103.194 102.194 102.308 109.156 109.096 109.034 101.037 102.925 102.640 102.517 102.464 102.394 96.321 83.260 73.224 0.000 0.000
67.215 67.215 67.215 67.214 67.214 67.213 67.212 67.211 67.210 69.209 79.206 66.204 22.198 4.199 0.000 24.192 78.190 70.186 72.182 71.178 69.174 72.169 73.165 70.160 67.155 63.151 73.148 87.145 74.144 64.143 65.144 70.146 80.148 91.152 102.156 95.162 73.169 68.178 87.191 94.206 95.213 99.210 74.213 35.220 7.228 0.000 1.311 1.319 0.000 35.090 22.104 2.149 33.171 79.123 101.156 103.357 102.383 109.320 109.268 109.214 101.300 102.101 102.993 102.694 102.681 102.624 102.552 103.463 91.386 62.303 51.263 9.263 3.263
66.222 66.222 67.221 67.221 67.221 67.220 67.220 67.219 67.218 70.217 80.216 51.215 0.000 10.210 48.211 50.205 67.201 69.197 57.194 39.190 77.186 72.182 68.178 67.174 65.170 67.167 83.164 86.163 68.162 71.163 83.165 92.169 101.173 99.179 87.185 73.193 66.202 82.213 86.227 74.242 55.255 53.267 41.282 21.305 10.342 4.418 2.444 22.463 17.479 0.000 0.000 27.222 79.278 102.399 103.432 101.552 109.419 109.371 101.459 102.272 103.153 102.962 102.842 102.821 102.770 102.721 105.653 69.524 49.455 0.000 0.000 0.000 0.000
75.229 73.229 70.228 68.227 65.227 65.227 65.227 65.227 64.226 69.225 81.225 64.224 45.226 53.221 71.219 67.215 64.211 70.208 65.205 52.202 72.198 66.195 65.192 65.188 67.185 81.182 89.180 55.179 47.179 97.182 102.186 97.191 86.197 76.204 68.212 64.222 75.233 87.246 55.262 30.279 13.298 4.319 21.345 20.377 10.418 11.466 14.499 42.513 26.496 0.000 0.000 59.515 101.557 100.691 109.555 109.512 109.466 101.493 103.390 103.117 103.011 102.983 104.941 99.893 101.864 102.838 113.817 0.000 0.000 0.000 0.000 0.000 0.000
76.237 78.236 84.234 85.233 85.234 82.235 83.235 82.235 81.234 81.234 83.233 66.233 70.232 69.230 66.227 69.225 69.222 68.219 73.216 75.214 69.211 63.208 65.205 67.202 81.199 86.196 75.194 69.193 78.195 101.199 84.205 75.213 67.220 65.229 67.238 66.249 80.262 89.277 53.294 29.315 17.339 19.367 22.401 14.440 15.485 21.532 23.571 16.596 0.000 0.000 37.760 79.777 109.674 109.636 109.597 101.723 102.531 103.432 103.143 103.141 104.101 104.057 77.015 54.954 89.955 103.950 108.960 49.017 0.000 0.000 0.000 0.000 0.000
69.245 63.244 16.238 18.238 27.241 74.243 71.243 71.243 71.243 75.242 84.242 65.241 66.240 65.238 68.237 72.234 73.232 71.230 70.228 73.226 74.223 71.221 65.219 82.216 88.213 79.210 85.207 102.205 99.207 81.214 69.224 65.233 67.242 67.252 66.262 71.274 87.289 89.305 81.324 84.347 55.375 17.409 9.450 8.499 20.551 27.605 17.656 14.705 6.732 32.894 80.932 109.742 109.709 101.862 102.674 103.563 103.377 103.265 103.251 104.206 102.167 96.129 21.109 0.000 72.050 107.047 104.054 103.074 0.000 0.000 0.000 0.000 0.000
67.255 59.255 0.000 0.250 9.251 70.251 66.251 66.251 66.251 70.251 84.250 62.249 66.249 70.247 72.246 73.244 70.243 67.241 65.239 67.238 77.236 90.234 85.232 86.230 63.227 57.223 109.217 95.214 62.216 22.225 42.244 70.255 67.264 67.274 69.285 62.298 46.313 36.330 48.351 88.375 64.405 17.443 12.493 7.554 16.615 21.680 15.747 20.808 20.890 59.025 109.792 101.049 104.789 103.696 103.511 103.403 103.381 103.347 104.307 104.272 69.235 45.182 31.183 34.190 85.149 106.135 102.136 93.152 11.186 0.000 0.000 0.000 0.000
67.266 67.267 50.272 0.261 10.260 71.260 67.260 67.260 66.260 67.259 82.259 69.258 72.258 74.257 73.255 68.254 65.253 66.252 66.251 65.250 75.249 98.248 94.246 81.245 74.243 65.238 41.225 30.219 17.217 0.000 23.272 72.278 67.285 69.295 52.306 26.319 11.335 8.353 50.374 67.397 36.426 8.466 11.525 16.608 23.676 19.752 13.845 6.929 10.223 58.252 109.856 103.937 103.700 103.523 103.510 103.476 103.438 103.402 101.369 92.340 25.318 0.000 42.249 101.240 106.219 104.207 98.204 88.210 6.221 0.000 0.000 0.000 0.000
64.274 66.275 63.277 0.000 6.270 71.269 66.269 64.269 66.268 70.268 74.268 73.267 73.267 71.266 65.265 66.264 66.264 67.263 67.262 72.261 90.261 89.261 82.261 91.261 89.262 60.262 0.000 0.000 0.000 0.000 21.295 72.299 67.305 70.314 41.325 3.338 37.354 63.373 83.393 52.415 4.435 0.514 0.588 5.677 15.730 15.811 15.918 10.163 6.822 110.036 109.948 102.842 103.691 103.593 103.561 103.525 103.490 105.457 90.426 73.399 33.379 9.371 57.325 87.301 96.282 105.270 94.264 83.264 5.266 0.000 0.000 0.000 0.000
71.282 69.283 58.284 0.000 57.279 65.278 67.278 71.278 72.277 73.277 71.277 72.276 70.276 66.275 66.275 67.274 67.274 66.274 68.273 91.273 90.273 72.274 85.275 83.277 87.280 85.287 48.304 4.313 13.319 43.320 48.315 68.316 67.322 67.331 62.342 54.355 71.371 70.390 64.411 86.435 34.457 0.540 0.613 9.703 14.756 12.835 13.932 38.080 62.472 110.119 105.167 104.918 104.659 103.648 103.610 103.575 104.541 102.509 57.479 34.452 46.429 47.408 101.379 103.356 83.338 93.325 88.318 61.314 26.314 0.000 0.000 0.000 0.000
72.290 73.290 70.291 58.293 72.289 72.288 72.287 73.286 73.286 74.286 86.286 68.285 66.285 66.285 67.285 67.284 67.284 68.284 82.284 93.285 68.285 72.287 99.288 91.291 79.295 82.301 85.311 69.318 74.323 89.326 82.327 70.330 63.336 63.345 74.356 90.369 77.386 49.405 21.428 76.456 65.495 14.558 17.619 22.687 18.756 9.843 11.910 53.189 105.436 110.196 102.146 104.800 105.730 103.694 103.659 103.624 96.591 86.559 43.529 14.501 23.476 24.452 85.428 127.407 108.389 84.376 76.367 55.362 64.361 17.361 0.000 3.561 7.561
77.297 77.297 73.297 73.298 73.297 74.296 74.295 70.295 67.295 66.295 29.294 19.294 70.294 67.294 67.294 67.294 66.295 69.295 93.295 79.296 64.297 70.299 87.301 104.304 99.308 96.313 94.319 90.325 86.330 85.334 93.337 90.342 84.348 80.357 83.367 87.381 49.397 13.416 12.439 28.466 24.508 9.562 18.613 28.671 24.741 15.839 8.997 52.249 110.340 110.270 105.039 106.885 103.774 103.743 104.707 100.672 84.639 77.607 83.576 89.548 73.522 95.497 110.474 127.453 136.436 120.422 82.413 87.408 62.406 0.000 0.000 0.000 0.000
16.305 17.304 77.304 72.304 72.304 67.304 64.304 66.304 61.303 14.303 14.303 3.303 71.304 67.304 67.304 67.304 67.305 85.305 92.306 65.307 67.308 67.310 70.312 76.315 78.319 78.323 74.328 77.333 93.338 86.342 77.346 80.351 87.358 91.366 94.376 91.389 66.405 31.424 14.445 13.463 0.000 2.570 13.601 22.643 6.692 0.000 22.206 82.452 110.407 102.379 106.107 105.845 103.830 103.790 104.754 99.719 86.685 52.653 59.622 102.593 113.566 145.541 136.517 108.497 96.479 113.465 92.455 86.449 61.449 0.477 0.000 0.000 0.000
3.312 12.312 26.309 81.311 66.312 64.312 66.312 66.312 67.312 14.312 5.312 60.312 68.313 67.313 67.314 67.314 69.315 93.315 78.316 64.317 67.319 67.321 67.323 66.326 66.329 66.333 65.337 72.342 101.346 80.350 11.355 19.360 31.366 82.373 92.383 76.395 81.410 68.430 20.453 17.478 2.511 7.548 20.577 12.607 0.000 0.000 40.371 110.537 110.473 105.261 107.003 102.912 103.875 103.836 103.800 103.764 90.730 53.697 68.666 105.636 101.609 135.582 130.558 99.537 104.518 90.503 71.492 89.487 67.488 1.502 0.000 0.000 0.000
65.321 61.321 0.000 73.321 83.321 84.320 65.320 77.320 84.321 60.321 58.321 68.321 67.322 67.322 67.323 67.324 86.324 90.325 65.326 67.328 66.329 65.331 67.334 67.336 67.339 67.343 66.346 74.350 103.354 84.358 30.362 3.367 54.372 79.379 92.387 71.397 61.411 20.434 13.460 16.483 14.509 22.533 26.551 0.580 0.000 19.288 81.542 110.599 102.515 106.239 105.982 103.962 103.920 103.881 103.844 104.808 95.773 84.740 107.708 132.678 120.649 137.622 134.597 128.574 135.554 101.537 78.525 88.517 96.516 25.521 0.000 0.000 0.000
67.329 66.330 61.332 67.330 66.329 14.329 88.329 80.329 67.329 68.329 68.330 67.330 67.331 67.332 67.332 70.333 93.334 76.335 66.336 67.338 73.339 81.342 67.344 65.346 67.349 66.352 69.355 93.359 101.362 76.366 64.369 52.373 74.378 73.383 34.388 19.395 16.403 0.000 5.470 5.487 6.506 7.526 9.539 0.000 22.338 79.498 101.675 110.658 103.478 104.122 104.045 104.003 103.963 103.924 103.887 104.851 95.816 78.782 74.749 107.718 97.688 111.660 114.633 102.608 104.586 76.566 53.552 67.542 134.538 87.540 22.549 12.554 34.557
67.337 67.337 67.338 67.337 67.337 61.337 77.337 93.337 69.337 66.338 67.339 67.339 67.340 67.341 66.342 89.343 91.344 65.345 67.346 68.347 65.349 27.351 86.354 81.356 68.359 66.361 84.364 103.367 87.370 67.373 67.376 68.379 71.383 75.386 12.389 13.392 0.000 2.462 17.464 0.000 0.484 0.000 0.000 0.000 45.445 102.628 110.772 110.716 103.362 104.197 104.082 104.046 104.005 103.966 103.928 102.892 87.856 89.822 109.789 128.757 127.726 132.696 137.667 124.640 122.615 109.592 58.573 56.561 132.555 96.553 34.552 27.555 92.559
67.344 67.344 67.344 67.344 67.344 67.344 67.345 78.345 93.346 69.346 66.347 67.348 67.349 65.350 73.351 94.352 74.353 66.354 68.355 66.356 8.359 5.361 74.364 75.366 81.368 80.371 88.373 87.375 68.378 66.380 68.383 71.386 76.388 76.389 0.000 0.000 0.000 4.460 28.460 15.460 16.461 15.460 0.000 6.537 53.686 107.841 110.826 102.698 104.415 104.150 104.131 104.086 104.046 104.007 103.969 103.932 89.896 85.861 106.827 107.794 107.762 110.731 110.700 109.671 114.641 87.612 63.589 78.575 93.567 32.564 0.000 0.000 36.563
67.351 69.351 69.351 67.351 67.352 67.352 67.352 67.353 78.354 93.355 69.356 64.357 64.358 81.359 93.360 87.362 64.363 67.364 63.364 9.363 6.369 60.371 67.374 67.376 73.378 90.380 90.382 83.384 76.386 68.388 55.390 25.392 90.394 70.395 0.000 0.000 0.000 3.457 17.457 10.458 24.459 13.460 0.000 6.682 26.780 110.931 110.879 103.568 104.303 104.209 104.168 104.126 104.085 104.046 104.008 104.971 99.935 89.900 84.865 83.831 83.797 83.765 83.733 87.701 61.667 5.625 31.597 87.583 83.575 44.572 6.574 0.000 35.566
68.358 5.358 6.358 67.358 66.359 65.360 65.360 64.361 64.362 77.363 92.364 85.365 92.367 94.368 81.370 65.371 72.373 72.374 60.376 0.000 8.381 71.382 67.384 69.385 93.387 100.389 78.390 69.392 76.394 83.395 71.397 7.399 50.400 68.401 0.000 0.000 0.000 4.453 10.455 7.457 21.458 0.000 0.000 6.752 12.073 110.982 108.817 104.532 104.273 104.250 104.205 104.164 104.124 104.084 104.046 104.009 104.973 103.937 101.902 100.867 100.832 101.798 103.766 77.733 19.700 0.000 16.590 72.583 103.579 94.576 67.575 43.574 60.570
67.365 66.365 1.366 66.366 77.366 81.367 85.368 90.369 93.370 94.371 94.372 94.374 80.375 67.377 83.379 100.381 101.383 101.385 94.388 72.394 7.392 68.393 66.394 75.395 103.396 90.398 67.399 66.400 68.401 71.403 62.404 7.405 27.407 27.408 0.000 0.000 0.000 10.448 5.451 0.000 4.458 0.000 14.762 15.995 6.508 111.031 112.767 108.406 104.328 104.284 104.242 104.200 104.161 104.122 104.084 104.047 104.011 103.975 103.939 103.902 104.866 107.831 79.798 12.766 0.000 5.603 0.000 17.581 73.580 104.579 95.578 71.576 48.572
67.372 69.372 65.373 67.373 82.374 81.374 77.375 73.376 72.378 68.379 89.381 79.382 90.384 81.386 97.388 93.390 86.393 87.395 98.398 104.401 93.402 94.403 86.404 94.405 102.406 75.407 66.407 67.408 67.409 66.410 66.411 68.412 63.414 12.417 72.423 63.429 2.433 4.439 0.000 0.000 0.000 5.743 83.793 80.998 111.123 111.078 106.643 107.473 104.356 104.319 104.277 104.236 104.196 104.158 104.120 104.084 104.048 104.012 103.976 105.938 110.897 79.863 19.831 0.000 0.000 2.603 1.603 0.000 14.581 65.581 100.581 50.580 0.000
69.379 5.379 64.380 67.380 67.381 67.381 66.382 67.384 69.385 67.387 79.389 74.391 83.393 94.395 82.397 67.400 68.402 69.405 70.407 75.410 88.411 98.413 104.414 102.414 91.415 67.416 67.416 67.417 67.417 67.417 68.418 91.419 64.420 4.422 68.425 18.429 12.433 5.436 0.000 0.000 0.000 15.723 103.929 106.140 111.167 104.974 104.683 104.418 104.397 104.351 104.310 104.270 104.231 104.193 104.156 104.120 104.085 104.050 106.014 90.976 44.922 11.892 0.000 4.604 2.604 22.603 29.603 0.000 0.000 36.585 98.584 50.584 0.000
70.385 3.386 64.386 67.387 67.387 67.388 67.389 68.391 6.393 66.394 70.396 81.399 81.401 89.404 94.406 80.409 65.412 65.414 65.417 67.419 69.421 70.423 71.424 71.424 70.425 69.425 65.425 65.425 66.425 67.425 78.425 92.424 63.425 57.425 59.426 0.000 0.000 5.436 0.000 0.000 0.000 19.812 102.933 111.252 111.209 103.832 104.563 104.468 104.426 104.383 104.342 104.303 104.265 104.228 104.191 104.156 104.121 104.087 109.056 65.031 0.000 0.000 2.605 0.604 2.604 17.603 24.603 0.000 0.000 39.588 99.588 58.588 0.000
