results3_8e3_rain/res_3e8f-0153.wd
ncols         241
nrows         181
xllcorner     12693529.787448
yllcorner     3542525.717860
cellsize      155.156523
NODATA_value  -9999.000000
[rows 33 to 65 of 181, columns 73 to 145 of 241]
0.000 0.000 0.000 0.000 0.000 0.000 0.000 0.000 0.000 0.000 0.000 0.000 0.000 0.000 0.000 0.000 0.000 0.000 0.000 0.000 0.000 0.000 0.000 0.000 0.000 0.000 0.000 0.000 0.000 0.000 0.000 0.000 0.000 0.000 0.000 0.000 0.000 0.000 0.000 39.056 62.057 67.059 23.061 0.000 0.000 32.139 46.168 13.147 4.148 36.170 39.186 33.184 34.166 35.131 35.079 35.009 34.919 33.806 39.657 59.424 5.951 14.087 11.381 46.554 63.018 67.547 66.106 66.709 65.247 67.336 62.394 61.999 61.990
0.000 0.000 0.000 0.000 0.000 0.000 0.000 0.000 0.000 0.000 0.000 0.000 0.000 0.000 0.000 0.000 0.000 0.000 0.000 0.000 0.000 0.000 0.000 0.000 0.000 0.000 0.000 0.000 0.000 0.000 0.000 0.000 0.000 0.000 0.000 0.000 0.000 0.000 0.000 0.000 14.058 9.058 0.000 0.000 0.000 0.000 28.259 0.000 0.000 26.211 50.252 49.257 39.240 35.205 35.150 35.073 34.977 33.862 55.731 53.577 0.000 36.929 49.501 62.936 67.421 66.945 66.517 66.026 67.089 63.109 62.402 62.656 64.959
0.000 0.000 0.000 0.000 0.000 0.000 0.000 0.000 0.000 0.000 0.000 0.000 0.000 0.000 0.000 0.000 0.000 0.000 34.613 66.613 19.613 0.000 0.000 0.000 0.000 0.000 0.000 0.000 0.000 0.000 0.000 0.000 0.000 0.000 0.000 0.000 0.000 0.000 0.000 0.000 0.000 0.000 0.000 0.000 0.000 0.000 20.350 0.000 0.000 0.000 28.355 46.350 46.333 37.298 35.241 35.158 33.053 48.933 57.827 0.000 22.585 47.199 61.759 68.268 67.780 67.327 66.809 68.843 64.832 62.932 63.330 65.657 64.904
0.000 0.000 0.000 0.000 0.000 0.000 0.000 0.000 0.000 0.000 0.000 21.614 59.614 0.000 0.000 0.000 0.000 0.000 41.613 92.613 48.613 0.000 0.000 0.000 0.000 0.000 0.000 0.000 0.000 0.000 0.000 0.000 0.000 0.000 0.000 0.000 0.000 0.000 0.000 0.000 0.000 0.000 0.000 0.000 0.000 0.000 23.442 24.483 31.501 17.500 27.463 35.455 48.444 39.415 35.357 32.266 43.143 52.991 41.817 17.492 46.972 64.522 69.068 68.593 68.133 67.595 67.602 66.566 63.575 64.021 66.360 65.613 65.381
0.000 0.000 0.000 0.000 0.000 0.000 0.000 0.000 0.000 0.000 0.000 42.614 77.614 66.614 53.614 8.614 2.614 26.614 80.613 88.613 53.612 0.000 0.000 0.000 0.000 22.522 1.522 0.000 0.000 0.000 0.000 0.000 0.000 0.000 0.000 0.000 0.000 6.526 0.000 0.000 0.000 10.526 28.526 0.000 0.000 39.504 54.492 57.505 55.521 41.534 35.544 34.562 48.572 39.559 31.507 45.406 59.261 47.070 34.959 49.687 54.287 66.852 69.393 68.934 68.385 68.367 66.312 64.328 64.731 67.077 66.336 66.107 65.775
0.000 0.000 0.000 0.000 0.000 0.000 0.000 0.000 0.000 0.000 0.000 13.614 75.614 58.614 39.614 1.614 22.614 72.614 83.613 90.613 49.612 0.000 0.000 0.000 0.000 60.522 44.522 0.000 0.000 0.000 0.000 0.000 0.000 0.000 0.000 0.000 23.526 35.526 37.526 0.000 0.000 19.526 44.525 23.524 37.522 60.517 63.516 64.526 61.544 48.572 35.616 32.677 49.725 40.743 44.707 62.590 56.425 0.000 33.263 52.010 64.636 70.201 69.747 69.189 69.146 67.079 65.208 65.464 67.810 67.078 66.854 66.522 66.192
0.000 0.000 0.000 0.000 0.000 0.000 0.000 0.000 0.000 0.000 0.000 0.000 0.000 26.615 64.615 60.615 48.615 61.614 81.613 92.612 45.611 0.000 0.000 0.000 0.000 22.522 46.522 48.522 0.000 0.000 0.000 0.000 0.000 0.000 0.000 0.000 39.526 40.526 52.526 35.526 24.526 38.526 39.526 35.526 42.525 49.525 47.528 40.538 59.558 25.594 41.672 44.805 34.907 46.979 59.989 56.820 0.000 8.241 44.819 61.454 70.049 70.586 70.034 69.959 66.886 66.257 66.229 68.565 67.842 67.624 67.298 66.966 66.612
0.000 0.000 0.000 0.000 0.000 0.000 0.000 0.000 0.000 0.000 0.000 0.000 0.000 16.615 83.615 78.615 68.615 58.615 82.614 90.612 85.610 70.606 25.604 0.000 0.000 0.000 2.522 56.522 40.522 38.522 49.523 44.523 7.523 0.000 0.000 3.526 39.526 38.526 59.526 65.526 54.527 46.527 38.527 35.527 36.528 37.530 36.534 34.542 42.555 3.574 0.000 3.963 40.121 63.276 61.451 0.905 6.982 44.664 58.315 67.950 71.485 71.044 71.818 67.768 67.550 67.045 69.349 68.629 68.416 68.099 67.779 67.429 67.043
0.000 0.000 0.000 0.000 0.000 0.000 0.000 0.000 0.000 0.000 0.000 0.000 0.000 0.000 16.615 55.616 30.616 66.616 85.615 90.613 88.609 86.605 75.601 34.598 0.000 0.000 0.000 12.522 51.522 51.522 64.523 62.523 55.523 50.523 0.000 0.000 6.526 43.526 62.526 69.526 61.527 45.527 34.528 35.529 35.530 35.532 35.535 35.540 39.545 0.000 0.000 0.000 10.338 47.554 17.049 14.383 49.319 54.113 65.846 72.447 72.295 70.532 68.857 69.217 67.947 70.182 69.450 69.228 68.914 68.609 68.285 67.927 67.502
0.000 0.000 0.000 0.000 0.000 0.000 0.000 0.000 0.000 0.000 0.000 0.000 0.000 0.000 0.000 1.617 87.618 87.618 89.617 89.614 88.609 82.604 76.598 47.595 0.000 0.000 0.000 0.000 0.000 19.523 64.523 58.523 73.523 70.523 49.524 28.525 29.526 38.526 60.526 69.527 60.527 43.528 33.528 38.529 37.531 35.533 35.536 35.539 36.541 28.540 0.000 0.000 0.000 0.000 8.808 51.863 54.795 62.648 73.367 73.476 71.835 73.719 71.461 68.994 71.097 70.323 70.069 69.741 69.435 69.132 68.826 68.493 67.060
0.000 0.000 0.000 0.000 0.000 0.000 22.565 45.563 0.000 23.506 63.496 52.483 56.473 31.466 0.000 0.000 23.621 95.621 89.621 86.618 83.610 86.602 77.594 40.589 0.000 0.000 0.000 0.000 0.000 0.000 0.000 8.523 62.523 63.523 14.523 0.000 5.526 42.526 60.526 65.527 55.527 46.528 44.529 6.530 13.532 41.534 35.536 35.538 36.539 42.539 50.539 12.539 0.000 0.000 24.510 57.468 61.363 72.172 74.385 74.016 77.301 75.877 70.345 72.142 71.277 70.958 70.589 70.260 69.949 69.659 69.393 69.160 74.991
0.000 0.000 0.000 0.000 0.000 0.000 22.568 65.560 7.541 57.516 59.498 71.481 54.468 39.460 0.000 0.000 11.622 80.624 92.630 89.625 89.613 90.599 84.586 38.577 0.000 0.000 0.000 0.000 0.000 0.000 0.000 0.000 0.000 47.523 6.523 0.000 1.526 48.526 45.526 57.527 14.527 0.000 0.000 0.000 0.000 7.535 45.536 39.537 2.538 32.539 66.539 49.539 2.539 0.000 29.264 63.104 72.007 75.128 74.883 79.061 78.316 71.710 73.266 72.305 71.899 71.471 71.099 70.756 70.443 70.162 69.925 69.764 74.752
20.843 64.838 54.834 0.000 0.000 0.000 16.579 76.568 52.546 54.521 60.497 84.477 85.459 80.445 34.431 0.000 0.000 0.000 40.649 94.638 89.619 90.596 87.573 46.557 0.000 0.000 0.000 0.000 0.000 0.000 0.000 0.000 0.000 5.523 0.000 0.000 0.000 0.000 0.000 0.000 0.000 0.000 0.000 0.000 0.000 0.000 0.000 20.538 17.538 0.000 0.000 0.000 0.000 18.676 56.092 73.045 74.722 75.655 80.005 79.613 72.743 74.294 73.324 72.859 72.377 71.957 71.574 71.224 70.905 70.621 70.383 70.218 73.182
20.844 76.837 58.829 54.820 0.000 0.000 3.602 68.585 70.555 70.524 82.494 79.469 91.448 90.430 51.417 0.000 0.000 0.000 16.679 96.660 89.629 90.592 87.553 47.521 0.000 0.000 8.096 56.059 68.019 36.992 0.000 0.000 0.000 0.000 0.000 0.000 0.000 0.000 0.000 0.000 0.000 0.000 0.000 0.000 0.000 0.000 0.000 0.000 5.538 0.000 0.000 0.000 16.640 57.148 74.108 74.690 80.918 80.409 74.019 74.578 75.074 74.251 73.778 73.273 72.820 72.402 72.016 71.660 71.332 71.033 70.768 77.545 18.363
84.846 81.838 60.826 61.811 53.790 0.735 58.642 53.617 61.566 74.525 78.485 89.458 90.432 89.409 58.391 0.000 0.000 0.000 15.728 95.693 89.645 90.589 85.527 65.454 49.339 50.234 50.133 58.063 79.006 45.965 0.000 0.000 0.000 0.000 0.000 0.000 0.000 0.000 0.000 0.000 0.000 0.000 0.000 0.000 0.000 0.000 0.000 0.000 0.000 0.000 14.731 45.508 55.016 74.002 75.592 82.260 81.667 74.569 76.286 75.617 75.072 74.612 74.121 73.660 73.224 72.814 72.430 72.069 71.730 71.411 78.112 23.828 0.000
81.851 76.841 74.827 57.808 61.781 61.742 52.695 45.673 0.000 0.000 20.465 79.445 90.414 88.384 73.347 40.295 0.000 2.899 64.812 85.740 90.668 89.592 90.513 80.427 56.329 53.231 52.137 61.054 78.977 61.897 47.786 48.699 52.635 63.595 27.579 0.000 0.000 0.000 0.000 0.000 0.000 0.000 0.000 0.000 0.000 0.000 0.000 0.000 0.000 0.000 25.931 65.771 73.718 76.366 83.140 82.744 75.293 76.960 76.179 75.805 75.361 74.905 74.457 74.020 73.601 73.201 72.820 72.456 72.107 77.770 24.441 0.000 0.000
70.858 22.847 90.833 61.814 55.782 56.752 58.724 58.708 47.710 0.000 0.000 0.429 24.394 95.365 85.317 63.244 55.125 61.986 60.881 62.787 70.693 71.600 58.506 55.414 53.319 53.224 52.130 61.040 75.951 54.859 51.762 56.676 72.610 75.571 60.564 34.564 0.000 0.000 0.000 0.000 0.000 0.000 0.000 0.000 0.000 0.000 0.000 0.000 0.000 16.770 58.616 74.227 77.068 83.704 83.460 75.990 77.633 76.847 76.488 76.057 75.631 75.202 74.778 74.362 73.959 73.569 73.193 72.828 78.472 24.121 0.000 0.000 0.000
16.866 89.855 90.843 76.832 0.000 3.759 63.741 59.724 70.713 61.706 0.000 0.444 3.401 83.365 80.311 65.239 56.144 53.039 52.938 55.835 68.719 76.607 79.499 72.402 62.309 55.215 54.121 70.025 72.927 47.827 51.727 51.634 52.558 56.517 35.540 0.000 0.000 0.000 6.092 0.000 0.000 0.000 0.000 0.000 0.000 0.000 0.000 19.991 51.662 59.519 73.035 84.364 83.979 77.045 77.640 78.206 77.515 77.150 76.726 76.316 75.904 75.494 75.089 74.692 74.304 73.925 74.554 81.191 24.831 0.000 0.000 0.000 0.000
94.874 90.864 90.854 90.839 77.818 60.784 60.757 60.733 51.713 0.667 17.548 24.502 76.439 73.385 76.325 69.255 70.175 70.087 69.997 72.896 67.742 67.609 69.480 73.387 74.298 72.208 68.112 79.011 76.906 64.796 65.684 65.574 67.473 42.397 0.000 0.000 0.000 0.000 7.092 0.000 0.000 0.000 0.000 0.000 0.000 6.857 54.641 55.210 76.226 76.784 85.431 84.952 79.534 79.250 78.637 78.169 77.790 77.377 76.975 76.574 76.176 75.782 75.394 75.013 74.639 75.271 78.909 11.550 0.000 0.000 0.000 0.000 0.000
93.882 89.875 89.867 90.853 87.831 65.802 59.770 60.738 61.701 53.649 2.582 68.526 65.467 66.409 67.349 62.283 66.212 71.139 79.068 64.011 0.000 0.000 14.424 72.368 68.290 68.205 68.109 68.002 67.888 67.767 67.640 67.506 65.363 60.200 32.983 0.000 8.619 52.395 59.093 70.782 40.542 0.000 0.000 0.000 0.859 56.050 66.849 78.778 79.416 86.167 85.832 80.185 79.861 79.125 78.794 78.404 78.006 77.612 77.219 76.830 76.444 76.064 75.691 75.326 75.967 78.613 26.261 0.000 0.000 0.000 0.000 0.000 0.000
79.888 79.888 79.886 90.875 90.853 80.821 56.785 59.746 60.706 60.659 66.606 75.551 59.494 56.437 54.378 61.316 76.251 75.187 60.126 40.068 0.000 0.000 0.000 0.394 57.290 52.215 52.115 52.002 51.877 52.744 55.602 56.447 56.272 55.058 55.767 54.319 53.842 62.475 69.100 66.713 73.302 70.756 65.244 62.732 65.112 76.720 80.233 80.026 86.660 86.444 80.825 80.478 79.727 79.400 79.004 78.617 78.229 77.843 77.461 77.082 76.706 76.338 75.981 76.633 77.291 15.952 0.000 0.000 0.000 0.000 0.000 0.000 0.000
0.000 45.902 57.916 85.907 89.883 70.847 53.801 52.756 60.717 60.676 59.631 53.579 54.521 60.467 77.411 76.351 59.290 52.233 42.179 0.000 61.765 70.705 66.613 67.497 70.360 73.249 72.136 73.012 75.875 74.729 71.576 73.410 68.220 53.992 57.707 56.349 60.956 78.561 85.120 81.667 75.197 69.720 71.263 77.726 82.579 81.005 87.263 86.913 80.813 82.421 81.006 80.344 80.003 79.603 79.218 78.832 78.449 78.072 77.699 77.330 76.962 77.601 75.261 70.935 22.613 0.000 0.000 0.000 0.000 0.000 0.000 0.000 0.000
0.000 0.000 50.968 69.954 80.927 55.881 47.815 54.762 52.729 59.698 60.663 60.612 53.544 70.500 62.448 51.387 54.325 46.274 0.000 70.911 73.825 73.737 75.638 76.525 79.402 83.285 82.167 82.036 81.881 83.722 84.564 82.396 70.205 55.983 57.720 57.413 57.072 59.695 33.151 5.638 95.095 136.688 114.221 80.153 81.671 88.232 87.792 81.262 83.989 81.403 80.959 80.600 80.204 79.817 79.428 79.043 78.664 78.295 77.935 77.576 79.211 73.842 62.528 17.231 0.000 0.000 0.000 0.000 0.000 0.000 0.000 0.000 45.042
3.207 0.000 6.035 27.013 61.990 43.936 0.000 49.750 54.738 54.725 60.710 49.661 0.000 54.540 52.492 54.426 55.350 65.264 79.145 75.998 77.885 83.781 93.676 137.563 134.440 134.323 134.211 134.084 134.893 118.712 50.564 53.404 51.222 59.014 57.778 54.512 52.222 33.996 0.000 0.000 3.874 61.586 78.599 83.195 88.925 88.606 80.862 82.561 81.860 81.555 81.185 80.802 80.417 80.028 79.636 79.247 78.870 78.510 79.168 77.829 69.464 58.028 15.778 0.000 0.000 0.000 0.000 0.000 0.000 0.000 1.333 36.254 57.149
77.208 25.183 14.123 77.074 55.085 0.000 0.000 0.000 48.746 61.755 53.793 0.000 6.714 62.629 53.554 64.474 77.386 77.287 82.174 85.050 77.936 63.827 54.722 50.612 48.470 51.357 52.268 39.198 0.000 55.670 52.575 51.435 55.266 59.073 55.866 47.635 54.310 35.071 0.000 1.156 56.861 73.886 83.614 89.417 89.196 81.446 83.132 82.427 82.133 81.764 81.394 81.016 80.631 80.241 79.843 79.440 79.057 79.709 75.397 64.110 20.787 0.000 0.000 0.000 0.000 0.000 0.000 0.000 0.000 0.000 4.401 54.328 53.242
87.227 95.218 83.201 0.173 12.190 6.296 1.340 0.347 0.000 0.000 57.913 55.894 63.798 60.708 60.621 60.529 77.431 91.326 80.212 60.094 57.980 52.871 54.772 45.694 0.000 57.369 54.304 43.243 0.000 56.722 51.630 52.496 59.332 57.147 54.977 36.854 0.000 1.575 53.529 51.326 68.112 84.028 89.693 82.382 82.948 83.607 83.003 82.708 82.344 81.984 81.614 81.235 80.851 80.461 80.055 80.611 80.211 69.871 54.601 17.426 0.000 0.000 0.000 0.000 0.000 0.000 0.000 2.751 29.708 28.628 43.506 55.415 43.331
77.255 81.261 71.263 0.000 0.000 71.378 64.380 58.355 2.296 10.192 76.054 72.969 59.878 60.786 60.691 61.591 82.485 134.373 127.255 74.135 129.018 49.906 53.800 53.698 55.582 53.444 53.338 53.227 55.070 50.868 50.726 59.587 58.421 55.204 50.043 38.948 0.000 0.342 55.580 62.420 84.425 83.311 90.050 83.428 84.014 83.563 83.272 82.925 82.575 82.213 81.841 81.460 81.075 80.699 82.304 77.740 59.304 45.962 47.710 13.568 0.000 0.000 0.000 0.000 0.000 0.000 0.000 2.795 38.745 43.670 57.579 51.494 41.414
73.285 68.307 12.328 0.000 2.499 54.458 63.430 60.389 78.326 72.241 77.141 85.051 75.960 60.865 60.766 60.660 59.546 53.425 48.299 53.173 50.050 53.934 53.823 53.716 53.605 53.488 53.376 53.257 52.114 56.953 58.820 59.703 43.562 0.000 43.043 0.000 0.000 0.266 59.754 81.678 85.685 91.036 90.577 83.520 84.172 83.813 83.498 83.164 82.814 82.451 82.078 81.691 81.291 79.954 41.724 0.000 0.000 0.000 0.000 0.000 0.000 0.000 0.000 35.181 30.145 29.085 28.002 31.888 40.807 56.729 50.647 41.567 51.492
65.313 56.353 61.414 6.513 59.539 55.525 54.493 72.444 65.380 81.303 90.219 70.133 56.044 53.950 56.848 59.736 60.613 60.481 53.343 52.207 53.077 52.957 53.844 53.737 53.633 58.528 55.422 52.309 53.178 56.009 59.897 48.845 0.000 0.000 0.000 0.000 15.438 135.319 79.037 86.061 84.035 91.442 83.340 85.858 87.341 84.067 83.749 83.417 83.066 82.699 83.329 79.933 67.442 58.103 15.914 0.000 0.000 0.000 0.000 0.000 0.000 0.000 37.264 37.217 37.169 38.109 38.034 38.948 52.868 52.790 36.713 39.637 41.565
40.329 41.381 35.460 59.586 55.621 54.610 65.572 69.515 80.447 87.374 53.297 52.218 53.134 55.043 53.939 50.823 58.691 59.544 60.387 59.234 53.095 51.971 50.860 51.757 57.660 116.568 84.476 64.381 47.279 0.000 61.916 69.934 0.000 0.000 0.000 0.000 59.560 70.456 87.338 85.373 92.151 91.811 84.430 84.959 85.624 84.330 84.018 83.688 83.335 83.949 82.608 35.270 0.000 0.000 0.000 0.000 0.000 0.000 0.000 0.000 0.000 0.000 44.311 40.255 37.206 38.146 36.077 48.001 54.925 38.851 39.777 47.704 45.635
0.000 0.000 0.000 52.750 55.748 57.723 78.671 89.597 103.520 85.447 14.378 71.309 71.233 55.146 55.045 53.925 51.783 54.617 60.426 58.246 59.098 60.974 58.866 56.771 52.684 47.606 52.534 47.457 0.000 0.000 0.000 56.041 48.067 0.000 0.000 1.994 69.785 86.642 86.717 84.733 92.463 84.153 86.654 88.160 84.902 84.611 84.306 83.981 83.636 81.156 35.882 0.000 0.000 0.000 0.000 0.000 0.000 0.000 0.000 0.000 0.000 43.485 13.413 1.338 45.251 35.194 46.127 58.055 45.983 40.910 45.839 49.769 42.701
0.000 0.000 0.000 50.915 56.900 72.862 83.791 131.683 125.589 127.517 133.460 129.405 130.342 55.265 55.169 54.049 53.899 52.713 47.455 57.226 59.077 59.961 57.861 59.774 59.700 60.639 53.597 0.000 0.000 0.000 0.000 57.121 42.094 0.000 0.000 61.157 83.019 86.969 85.956 93.030 92.754 85.212 85.758 86.448 85.184 84.908 84.612 85.294 60.074 0.000 0.000 0.000 0.000 0.000 0.000 0.000 0.000 0.000 55.780 44.734 34.660 38.557 38.477 39.407 39.322 42.251 55.181 52.110 47.040 47.969 45.900 43.832 39.766
17.173 0.000 0.000 52.095 69.075 77.032 82.949 53.755 52.634 51.573 48.540 49.509 49.465 55.402 55.317 71.203 71.052 46.883 0.000 44.125 57.024 58.932 56.842 58.766 58.703 59.652 55.617 0.000 0.460 1.406 55.335 40.228 0.000 0.000 62.540 71.389 88.258 87.165 86.346 93.286 84.888 87.416 89.951 85.727 85.478 85.225 83.941 71.509 30.291 0.000 0.000 0.000 0.000 0.000 42.019 36.998 36.960 36.904 40.827 52.761 55.689 41.607 36.529 38.455 40.379 55.306 54.236 40.166 49.096 50.027 48.959 41.893 37.828
