results3_8e3_rain/res_3e8f-0147.wd
ncols         241
nrows         181
xllcorner     12693529.787448
yllcorner     3542525.717860
cellsize      155.156523
NODATA_value  -9999.000000
[rows 66 to 98 of 181, columns 146 to 218 of 241]
35.172 50.112 72.056 73.002 72.953 72.905 72.859 72.813 72.768 75.732 11.710 0.000 0.000 0.000 0.000 0.000 0.000 0.000 44.781 19.781 0.000 26.779 56.777 56.777 56.778 63.778 69.777 69.776 69.773 69.770 69.766 69.761 69.756 69.751 69.746 71.742 56.739 57.736 49.735 0.000 0.000 0.000 0.000 0.000 26.073 33.065 42.049 36.019 13.980 11.927 26.897 47.872 55.849 49.826 44.804 44.782 34.760 31.738 31.717 34.696 55.676 67.656 62.637 51.619 58.601 65.585 69.568 69.553 68.538 68.524 68.511 68.498 68.486
38.230 57.170 75.113 73.061 73.013 72.968 72.923 72.874 77.818 66.777 36.758 33.766 0.000 0.000 0.000 0.000 0.000 15.780 17.780 0.000 0.000 0.000 26.772 57.772 66.772 69.772 69.771 69.770 69.768 73.765 71.762 69.758 69.754 69.750 68.747 60.743 54.740 60.738 50.737 0.000 0.000 0.000 0.000 18.067 32.067 37.063 33.056 0.000 0.000 8.880 28.866 31.849 45.830 54.811 43.790 42.769 40.748 31.727 31.706 30.685 36.665 60.645 67.626 52.608 54.590 56.573 58.557 62.542 66.527 68.513 69.500 68.487 68.475
43.286 64.224 74.166 73.114 73.071 73.031 70.991 69.942 24.853 9.800 40.779 46.775 11.776 0.000 0.000 0.000 0.000 0.000 0.000 0.000 0.000 10.765 39.767 59.767 69.767 69.767 69.766 69.765 69.763 71.761 70.758 69.755 69.752 70.749 60.746 58.744 61.741 56.739 48.738 0.000 0.000 0.000 0.000 36.066 39.066 1.064 0.038 0.000 3.835 36.845 38.840 48.828 51.813 62.795 60.777 48.757 37.736 29.716 31.695 31.674 26.654 40.634 57.615 61.596 66.578 63.561 56.545 61.530 64.515 64.501 62.488 64.475 67.463
48.341 71.276 75.212 76.161 73.125 74.094 69.068 15.050 0.000 39.791 40.783 45.778 53.777 0.000 0.000 0.000 0.000 0.000 0.000 0.000 0.000 22.763 45.763 58.763 70.763 69.762 69.761 69.760 69.759 70.757 69.755 69.752 69.750 66.748 60.746 25.745 0.000 0.000 0.000 0.000 0.000 0.000 0.000 32.066 39.066 0.000 0.000 0.000 53.825 39.826 34.821 62.811 67.797 68.782 72.764 66.745 54.725 34.704 31.683 31.662 29.642 30.622 36.602 37.584 44.566 52.549 59.532 63.517 64.502 65.489 61.476 64.463 65.451
30.397 35.328 45.244 21.192 78.173 75.153 60.139 37.138 7.170 0.000 0.000 0.000 0.000 0.000 0.000 0.000 0.000 0.000 0.000 0.000 0.000 23.761 48.760 51.759 67.758 69.758 69.757 69.756 73.755 72.753 69.752 69.750 70.748 61.747 64.746 0.000 0.000 0.000 0.000 0.000 0.000 0.000 0.000 0.000 26.065 35.065 0.000 0.000 84.815 47.812 29.806 60.797 68.785 68.770 68.754 71.735 70.714 50.693 33.672 31.650 29.630 32.609 33.589 41.570 46.552 35.535 35.519 40.504 45.489 51.476 56.463 60.450 64.439
76.460 55.394 0.000 0.000 82.221 74.204 61.197 43.196 10.201 0.000 0.000 0.000 0.000 0.000 0.000 0.000 0.000 0.000 0.000 0.000 0.000 0.000 9.755 53.755 69.754 69.754 69.753 69.752 71.751 70.750 69.749 69.747 70.746 58.745 68.744 0.000 0.000 0.000 0.000 0.000 0.000 0.000 0.000 0.000 0.000 2.065 10.065 0.000 21.809 37.802 30.794 60.785 68.774 68.761 69.745 69.726 69.705 62.682 38.660 34.638 32.617 29.596 50.576 62.557 68.538 52.521 45.505 41.490 39.475 36.462 36.449 36.437 64.426
52.534 0.000 0.000 79.393 79.287 77.247 68.249 53.245 9.238 0.000 0.000 0.000 0.000 0.000 0.000 0.000 0.000 0.000 0.000 0.000 0.000 0.000 35.751 58.751 70.751 69.750 69.750 70.749 69.748 69.747 69.746 69.745 70.744 63.743 28.743 0.000 0.000 0.000 0.000 0.000 0.000 0.000 0.000 0.000 0.000 0.000 0.000 0.000 0.000 34.793 33.784 51.776 66.767 69.755 63.740 59.720 65.697 56.672 39.648 38.626 47.604 42.582 65.561 69.542 68.523 66.506 66.490 63.475 61.461 58.448 54.435 46.423 66.412
79.579 69.579 75.552 31.498 0.000 0.000 74.309 48.299 9.268 0.000 11.474 0.000 0.000 0.000 0.000 0.000 0.000 0.000 0.000 0.000 0.000 0.000 51.748 63.747 70.747 69.747 69.746 71.746 71.745 69.744 69.743 69.742 68.741 64.741 13.740 0.000 0.000 0.000 0.000 0.000 0.000 0.000 0.000 0.000 0.000 0.000 0.000 0.000 0.000 0.000 22.772 48.768 66.762 67.752 48.739 51.717 53.691 50.659 35.635 32.613 55.591 64.568 68.546 70.526 70.507 71.490 69.474 69.459 70.445 69.433 70.420 70.409 69.398
81.623 73.606 78.579 29.550 0.000 0.000 65.378 13.372 0.000 0.000 43.474 6.474 0.000 0.000 0.000 0.000 0.000 0.000 0.000 0.000 0.000 0.000 54.744 66.744 70.744 69.744 69.743 70.743 70.742 69.741 69.741 70.740 66.739 61.738 11.738 0.000 0.000 0.000 0.000 0.000 0.000 0.000 0.000 0.000 0.000 0.000 0.000 0.000 14.762 16.763 27.765 43.763 65.759 67.754 13.749 0.000 0.000 40.640 34.620 29.601 43.578 62.552 68.529 70.508 70.490 70.473 68.457 68.443 69.429 68.417 68.405 69.394 69.383
73.684 73.644 73.607 71.574 58.546 44.506 37.453 36.440 32.461 35.470 38.474 38.474 10.474 0.000 0.000 0.000 0.000 0.000 15.730 17.730 0.000 7.741 53.741 67.741 69.741 69.741 69.741 69.740 69.740 69.739 69.738 69.737 51.737 46.736 44.735 39.733 3.732 0.000 0.000 0.000 0.000 0.000 0.000 0.000 0.000 0.000 0.000 0.000 18.762 44.762 35.762 39.761 59.758 60.755 33.753 0.000 0.000 0.000 31.606 36.592 35.568 54.535 67.510 68.489 68.471 68.454 68.439 68.425 68.413 68.401 68.389 68.379 68.368
73.722 73.677 73.633 72.593 69.557 71.521 45.488 24.473 62.474 35.476 39.477 15.476 0.000 0.000 0.000 0.000 0.000 0.000 15.730 61.730 10.731 0.000 52.738 66.738 70.738 69.738 71.738 72.738 70.737 69.737 69.736 67.735 60.734 51.734 52.733 51.732 4.732 0.000 0.000 0.000 0.000 0.000 0.000 0.000 0.000 0.000 0.000 0.000 12.761 47.761 39.761 46.759 61.757 56.756 62.754 0.000 0.000 0.000 0.000 0.000 0.000 44.510 67.485 68.467 68.450 68.434 68.420 68.407 68.395 68.384 68.373 68.363 68.353
73.754 73.708 74.656 76.608 73.567 73.532 72.505 73.490 64.485 42.483 14.482 0.000 0.000 0.000 0.000 0.000 0.000 0.000 2.730 54.730 41.731 31.732 47.734 69.735 69.736 69.736 69.736 69.735 69.735 69.735 69.734 69.733 67.732 46.732 50.731 57.730 0.729 0.000 0.000 0.000 0.000 0.000 0.000 0.000 0.000 0.000 0.000 0.000 8.761 59.760 3.760 26.759 49.757 56.756 17.755 0.000 0.000 0.000 0.000 0.000 0.000 0.000 56.456 69.443 68.428 68.413 68.400 68.388 68.377 68.367 68.356 68.347 68.337
76.790 72.745 69.673 71.618 74.573 74.533 76.511 73.499 71.492 58.488 7.487 0.000 0.000 0.000 0.000 0.000 0.000 0.000 0.000 10.730 45.731 37.731 53.732 71.733 69.734 69.734 69.734 69.733 69.733 69.733 69.732 69.731 70.731 59.730 46.729 50.728 56.726 0.000 0.000 0.000 0.000 0.000 0.000 0.000 0.000 0.000 0.000 0.000 0.000 4.760 0.000 0.000 34.756 53.756 0.000 0.000 0.000 0.000 0.000 0.000 0.000 0.000 44.439 65.422 68.405 68.391 68.379 68.368 68.358 68.349 68.340 68.331 68.322
69.831 30.810 0.000 0.000 0.000 66.517 71.509 77.501 73.495 62.492 12.491 0.000 46.493 16.493 0.000 0.000 0.000 0.000 0.000 0.000 37.730 41.730 62.731 70.731 71.732 72.732 69.732 69.732 69.731 69.731 69.730 69.730 69.729 70.728 49.727 31.726 40.725 1.723 0.000 0.000 0.000 0.000 0.000 0.000 0.000 0.000 0.000 0.000 0.000 0.000 0.000 0.000 23.756 56.756 0.000 0.000 0.000 0.000 0.000 0.000 0.000 0.000 0.000 45.400 65.379 68.367 68.357 68.348 68.339 68.331 68.323 68.314 68.306
64.865 21.853 0.000 0.000 41.510 39.510 56.506 75.501 72.497 57.494 38.493 42.494 46.493 12.493 0.000 0.000 0.000 0.000 8.726 0.000 38.729 49.729 69.729 69.730 72.730 72.731 69.731 69.730 69.730 69.730 69.729 69.728 69.727 70.726 66.725 61.724 50.723 30.722 24.720 0.000 0.000 0.000 0.000 0.000 0.000 0.000 0.000 0.000 0.000 0.000 0.000 0.000 25.755 17.755 0.000 0.000 0.000 0.000 0.000 0.000 0.000 0.000 0.000 0.000 50.345 66.340 68.334 68.327 68.320 68.313 68.306 68.298 68.290
70.892 51.885 23.892 0.000 0.000 41.506 41.503 63.500 75.497 53.495 40.494 45.494 23.494 0.000 0.000 0.000 0.000 0.000 37.726 30.726 35.727 52.728 71.728 71.729 72.729 69.729 69.729 69.729 69.729 69.728 69.728 69.727 69.726 69.725 69.724 71.723 60.722 48.720 37.719 38.717 31.716 22.716 27.716 0.000 0.000 0.000 0.000 0.000 0.000 0.000 0.000 0.000 28.755 3.755 0.000 0.000 0.000 0.000 0.000 0.000 0.000 0.000 0.000 0.000 35.317 63.314 67.311 68.307 68.302 68.296 68.290 68.282 68.274
73.912 64.904 17.898 0.000 0.000 0.000 40.501 45.499 72.497 60.496 41.495 44.494 19.494 0.000 0.000 0.000 0.000 0.000 40.725 33.726 36.726 54.727 73.727 72.728 70.728 70.728 69.729 69.728 69.728 69.728 69.727 70.726 70.725 70.724 64.723 55.722 59.720 66.719 59.718 57.717 45.716 32.716 39.715 0.000 0.000 0.000 0.000 0.000 0.000 0.000 0.000 0.000 0.000 0.000 0.000 0.000 0.000 0.000 0.000 0.000 0.000 0.000 0.000 0.000 27.290 58.290 68.289 70.287 70.284 70.280 69.274 68.268 68.260
73.927 48.922 0.000 0.000 0.000 0.000 0.000 47.497 60.496 54.496 53.495 50.494 40.494 18.494 0.000 0.000 0.000 0.000 39.725 32.725 37.725 52.726 64.726 61.727 56.728 58.728 63.728 68.728 70.727 70.727 68.726 58.726 56.725 61.724 50.722 47.720 47.719 58.718 62.717 57.716 43.716 32.715 4.715 0.000 0.000 0.000 0.000 0.000 0.000 0.000 0.000 0.000 0.000 0.000 0.000 0.000 0.000 0.000 0.000 0.000 0.000 0.000 0.000 0.000 15.264 40.267 46.268 48.268 48.267 49.265 58.261 67.254 68.246
72.938 38.934 0.000 0.000 0.000 0.000 0.000 42.496 36.496 35.495 43.495 43.494 43.494 39.494 12.494 0.000 0.000 0.000 44.724 39.724 44.725 54.725 57.726 60.726 18.727 0.000 0.000 9.727 70.727 67.726 56.725 11.725 0.000 0.000 49.720 81.719 74.718 53.717 59.716 53.716 42.715 27.715 30.715 0.000 0.000 0.000 0.000 0.000 0.000 0.000 0.000 0.000 0.000 0.000 0.000 0.000 0.000 0.000 11.192 1.192 19.193 40.196 51.204 50.216 68.236 76.245 77.249 75.251 77.252 64.251 47.249 65.244 68.235
70.946 35.943 0.000 0.000 0.000 0.000 0.000 42.496 38.496 17.496 0.000 0.000 0.000 0.000 0.000 0.000 0.000 0.000 50.724 44.724 39.724 35.724 21.724 0.000 0.000 0.000 0.000 0.000 0.000 0.000 43.724 5.724 0.000 0.000 0.000 44.717 77.717 37.716 38.716 37.715 33.715 36.714 83.714 42.714 0.000 0.000 0.000 0.000 0.000 0.000 0.000 0.000 0.000 0.000 0.000 0.000 10.171 1.171 0.000 0.000 5.189 87.193 83.199 65.208 66.219 63.227 64.232 86.236 79.238 65.240 45.240 54.237 53.227
56.952 37.950 31.951 0.000 0.000 0.000 0.000 0.000 40.496 24.496 0.000 0.000 0.000 0.000 0.000 0.000 0.000 0.000 50.723 50.723 51.723 34.724 9.724 0.000 0.000 0.000 0.000 0.000 0.000 0.000 39.724 16.724 0.000 0.000 0.000 43.716 92.716 56.716 59.715 54.714 39.714 57.714 111.714 108.713 39.713 0.000 0.000 0.000 0.000 0.000 0.000 0.000 0.000 0.000 0.000 0.000 0.169 18.171 8.173 6.176 15.182 90.187 57.192 65.199 56.206 37.212 48.217 91.222 57.225 44.229 51.235 5.236 0.000
40.955 40.953 26.953 0.000 0.000 0.000 0.000 0.000 0.000 0.000 0.000 0.000 0.000 0.000 0.000 0.000 0.000 0.000 53.723 44.723 38.723 36.723 10.723 0.000 0.000 0.000 0.000 0.000 0.000 36.723 29.723 54.723 50.723 0.000 2.716 49.716 55.716 47.715 90.714 79.714 50.713 3.713 67.713 122.713 6.713 0.000 0.000 0.000 0.000 0.000 0.000 0.000 0.489 0.064 0.054 0.044 69.169 107.170 98.171 94.173 41.177 85.180 53.184 42.188 89.194 70.199 90.203 71.208 41.213 49.217 0.000 0.000 0.000
43.956 44.955 36.954 0.000 0.000 0.000 0.000 0.000 0.000 0.000 0.000 0.000 0.000 0.000 0.000 0.000 0.000 0.000 7.722 48.722 38.722 16.722 0.000 0.000 0.000 0.000 0.000 0.000 0.000 38.722 35.722 11.723 0.000 0.000 0.000 23.716 2.716 0.000 3.713 45.712 1.713 0.000 23.713 89.713 44.713 0.000 0.000 0.000 0.000 0.000 0.000 0.000 0.000 0.000 0.000 0.000 25.169 5.170 69.169 73.170 24.171 85.172 62.175 35.178 53.181 103.185 117.190 51.195 39.200 6.208 0.000 0.000 15.076
42.957 43.955 43.954 47.954 39.954 0.000 0.000 0.000 0.000 0.000 0.000 0.000 0.000 0.000 0.000 0.000 0.000 0.000 0.000 38.722 34.722 18.722 0.000 0.000 0.000 0.000 0.000 0.000 39.722 36.722 13.722 0.000 0.000 0.000 0.000 0.000 0.000 0.000 0.000 49.710 0.000 0.000 23.713 0.000 0.000 0.000 0.000 0.000 0.000 0.000 0.000 0.000 0.000 0.000 0.000 0.000 0.000 0.000 45.166 64.166 23.165 87.165 67.165 37.166 86.169 89.172 84.176 92.181 56.186 0.000 0.000 0.000 29.067
44.957 22.955 33.954 42.954 42.953 42.953 41.953 0.000 0.000 0.000 0.000 0.000 0.000 0.000 0.000 0.000 0.000 0.000 0.000 40.721 36.721 20.721 0.000 0.000 0.000 0.000 0.000 0.000 0.000 42.722 14.722 0.000 0.000 0.000 0.000 0.000 0.000 1.707 13.707 36.707 40.707 17.707 0.000 0.000 0.000 0.000 0.000 0.000 0.000 0.000 0.000 0.000 0.000 0.000 0.000 0.000 0.000 0.000 48.163 68.162 28.159 88.156 73.154 87.154 87.155 46.158 39.161 84.167 33.176 0.000 0.000 30.045 38.053
49.956 0.000 0.000 39.953 28.953 0.000 41.952 31.952 0.000 0.000 0.000 0.000 0.000 0.000 0.000 0.000 0.000 0.000 0.000 39.721 36.721 24.721 0.000 0.000 0.000 0.000 0.000 0.000 0.000 0.000 0.000 0.000 0.000 0.000 0.000 0.000 0.000 0.000 52.706 69.707 30.706 0.000 0.000 0.000 0.000 0.000 0.000 0.000 0.000 0.000 0.000 0.000 0.000 0.000 0.000 0.000 0.000 0.000 83.161 69.159 30.155 88.146 85.142 77.141 69.141 55.142 56.145 25.148 0.000 0.000 14.033 33.037 40.042
46.954 0.000 0.000 26.953 18.953 0.000 0.000 0.000 0.000 50.927 46.927 37.927 0.000 0.000 0.000 0.000 0.000 0.000 0.000 43.720 39.720 21.720 0.000 0.000 0.000 0.000 0.000 0.000 0.000 0.000 0.000 0.000 0.000 0.000 0.000 0.000 0.000 0.000 15.706 99.706 65.706 0.000 0.000 0.000 0.000 0.000 0.000 0.000 0.000 0.000 0.000 0.000 0.000 0.000 0.000 0.000 0.000 0.000 15.161 0.000 0.000 62.132 103.128 82.125 81.125 79.126 82.129 30.133 0.000 0.000 18.028 32.030 33.032
62.951 0.000 0.000 0.000 0.000 48.935 35.934 0.000 46.928 40.928 40.927 32.927 0.000 0.000 0.000 0.000 0.000 0.000 0.000 43.720 38.720 26.720 0.000 0.000 0.000 0.000 0.000 0.000 0.000 0.000 0.000 0.000 0.000 0.000 0.000 0.000 0.000 0.000 0.000 43.705 35.705 6.705 0.000 0.000 0.000 0.000 0.000 0.000 0.000 0.000 0.000 0.000 0.000 0.000 0.000 0.000 0.000 0.000 0.000 0.000 0.000 9.122 45.112 46.109 44.108 44.108 41.112 37.122 0.000 0.000 11.022 32.023 30.023
73.947 62.944 44.942 45.940 44.938 38.935 39.933 40.931 38.929 43.928 42.927 33.927 30.926 0.000 0.000 0.000 0.000 0.000 0.000 30.720 0.000 0.000 0.000 0.000 0.000 0.000 0.000 0.000 0.000 0.000 0.000 0.000 0.000 0.000 0.000 0.000 0.000 0.000 0.000 0.000 42.705 5.704 0.000 0.000 0.000 0.000 0.000 0.000 0.000 0.000 0.000 0.000 0.000 0.000 0.000 0.000 0.000 0.000 0.000 0.000 0.000 0.091 33.090 32.089 32.089 48.088 43.087 0.000 0.000 0.000 4.016 45.015 57.015
73.945 67.943 37.941 37.940 37.938 20.935 21.933 25.931 35.929 44.928 41.927 33.926 36.926 25.926 0.000 0.000 0.000 0.000 0.000 0.000 0.000 0.000 0.000 0.000 0.000 0.000 0.000 0.000 0.000 0.000 0.000 0.000 0.000 0.000 0.000 0.000 0.000 0.000 0.000 0.000 0.000 45.704 4.704 0.000 0.000 0.000 0.000 0.000 0.000 0.000 0.000 0.000 0.000 0.000 0.000 0.000 0.000 0.000 0.000 0.000 25.052 28.056 32.068 32.071 34.070 53.067 43.061 26.047 0.000 0.000 40.010 61.009 68.007
73.943 71.942 41.941 38.940 18.939 0.000 0.000 0.000 0.000 35.927 38.926 36.926 29.926 0.000 0.000 0.000 0.000 0.000 0.000 0.000 0.000 0.000 0.000 0.000 0.000 0.000 0.000 0.000 0.000 0.000 0.000 0.000 0.000 0.000 0.000 0.000 0.000 0.000 0.000 0.000 0.000 48.704 10.703 0.000 0.000 0.000 0.000 0.000 0.000 0.000 0.000 0.000 0.000 0.000 0.000 0.000 0.000 0.000 0.000 0.000 36.047 33.050 32.054 28.055 41.054 58.051 42.044 31.033 26.019 26.010 50.006 67.002 67.999
73.942 71.941 24.941 28.940 0.000 0.000 0.000 0.000 0.000 0.000 26.926 39.925 31.925 0.000 0.000 0.000 0.000 0.000 0.000 0.000 0.000 0.000 0.000 0.000 0.000 0.000 0.000 0.000 0.000 0.000 0.000 0.000 0.000 0.000 0.000 0.000 0.000 0.000 0.000 0.000 0.000 0.000 16.703 0.000 0.000 0.000 0.000 0.000 0.000 0.000 0.000 0.000 5.026 13.026 0.000 0.000 0.000 0.000 0.000 30.036 28.040 27.042 32.043 46.043 59.041 49.037 33.031 31.023 33.014 30.006 51.001 68.996 67.992
73.940 47.941 0.000 0.000 0.000 0.000 0.000 0.000 0.000 0.000 0.000 29.925 36.924 34.924 0.000 0.000 0.000 0.000 0.000 0.000 0.000 0.000 0.000 0.000 0.000 0.000 0.000 0.000 0.000 0.000 0.000 0.000 0.000 0.000 0.000 0.000 0.000 0.000 0.000 0.000 0.000 0.000 0.000 0.000 0.000 0.000 0.000 0.000 0.000 0.000 0.000 0.000 0.000 6.026 8.026 0.000 35.028 27.029 25.030 37.032 51.034 56.035 58.034 58.032 44.029 32.025 31.020 31.013 30.006 32.000 54.995 69.990 67.985
