results3_8e3_rain/res_3e8f-0156.wd
ncols         241
nrows         181
xllcorner     12693529.787448
yllcorner     3542525.717860
cellsize      155.156523
NODATA_value  -9999.000000
[rows 66 to 98 of 181, columns 146 to 218 of 241]
36.109 51.049 72.992 73.938 73.888 73.840 73.793 73.747 73.702 76.665 12.643 0.000 0.529 0.000 0.000 0.000 0.000 0.000 45.841 20.841 0.000 27.839 57.838 57.838 57.838 64.838 70.837 70.836 70.833 70.830 70.826 70.821 70.816 70.811 70.806 72.801 57.798 58.796 50.795 0.000 0.000 0.000 0.000 0.000 27.150 34.142 43.125 37.094 15.054 13.001 27.970 48.945 56.922 50.899 45.877 45.854 35.832 32.810 32.788 35.767 56.746 68.726 63.706 52.687 59.669 66.651 70.635 70.618 69.603 69.588 69.574 69.561 69.548
39.168 58.108 76.050 73.997 73.949 73.904 73.859 73.809 78.752 67.711 37.692 34.700 0.000 0.000 0.000 0.000 0.000 16.841 18.841 0.000 0.000 0.000 27.834 58.834 67.834 70.833 70.832 70.831 70.829 74.826 72.822 70.819 70.815 70.811 69.807 61.803 55.800 61.798 51.797 0.000 0.000 0.000 0.000 19.143 33.143 38.139 34.133 0.000 0.017 9.953 29.940 32.922 46.903 55.883 44.862 43.841 41.820 32.798 32.776 31.755 37.734 61.714 68.694 53.675 55.656 57.639 59.622 63.606 67.590 69.575 70.561 69.548 69.535
44.225 65.163 75.104 74.052 74.008 73.968 71.928 70.878 25.788 10.735 41.713 47.709 12.710 0.000 0.000 0.000 0.000 0.000 0.000 0.000 0.000 11.828 40.829 60.830 70.829 70.829 70.828 70.827 70.825 72.822 71.820 70.817 70.814 71.810 61.807 59.804 62.801 57.799 49.798 0.000 0.000 0.000 0.000 37.142 40.142 2.140 1.136 0.000 4.908 37.918 39.913 49.901 52.885 63.868 61.848 49.828 38.807 30.786 32.764 32.743 27.721 41.701 58.681 62.661 67.643 64.625 57.608 62.592 65.577 65.562 63.548 65.535 68.522
49.281 72.216 76.151 77.099 74.063 75.032 70.006 15.987 0.040 40.726 41.717 46.712 54.711 0.000 0.000 0.000 0.000 0.000 0.000 0.000 0.000 23.826 46.826 59.826 71.826 70.825 70.824 70.823 70.821 71.819 70.817 70.815 70.813 67.810 61.808 26.806 0.000 0.000 0.000 0.000 0.000 0.000 0.000 33.142 40.141 0.000 0.000 0.000 54.898 40.899 35.893 63.883 68.870 69.854 73.836 67.816 55.795 35.774 32.752 32.730 30.709 31.688 37.667 38.648 45.629 53.611 60.594 64.578 65.562 66.548 62.534 65.521 66.508
31.338 36.268 46.183 22.132 79.112 76.092 61.078 38.078 8.109 0.000 0.000 0.000 0.000 0.000 0.000 0.000 0.000 0.000 0.000 0.000 0.000 24.825 49.823 52.823 68.822 70.822 70.821 70.820 74.818 73.817 70.815 70.813 71.811 62.810 65.809 0.000 0.000 0.000 0.000 0.000 0.000 0.000 0.000 0.000 27.141 36.141 0.000 0.000 85.888 48.885 30.878 61.869 69.857 69.842 69.825 72.805 71.784 51.762 34.739 32.717 30.695 33.674 34.653 42.633 47.614 36.596 36.579 41.563 46.547 52.533 57.519 61.506 65.494
77.403 56.335 0.000 0.000 83.162 75.145 62.137 44.136 11.142 0.000 0.000 0.000 0.000 0.000 0.000 0.000 0.000 0.000 0.000 0.000 0.000 0.000 10.820 54.819 70.819 70.818 70.818 70.817 72.816 71.814 70.813 70.812 71.810 59.809 69.808 0.000 0.000 0.000 0.000 0.000 0.000 0.000 0.000 0.000 0.000 3.141 11.141 0.000 22.881 38.874 31.866 61.857 69.846 69.832 70.816 70.796 70.774 63.750 39.727 35.704 33.681 30.659 51.638 63.618 69.598 53.580 46.563 42.547 40.532 37.517 37.504 37.491 65.479
53.478 0.000 0.000 80.336 80.229 78.188 69.191 54.187 10.180 0.000 0.000 0.000 0.000 0.000 0.000 0.000 0.000 0.000 0.000 0.000 0.000 0.000 36.817 59.816 71.816 70.816 70.815 71.814 70.813 70.812 70.811 70.810 71.809 64.808 29.808 0.000 0.000 0.000 0.000 0.000 0.000 0.000 0.000 0.000 0.000 0.000 0.000 0.000 0.000 35.865 34.856 52.848 67.838 70.826 64.810 60.789 66.765 57.739 40.714 39.691 48.667 43.644 66.622 70.601 69.582 67.563 67.546 64.530 62.515 59.501 55.488 47.475 67.463
80.524 70.525 76.498 32.443 0.000 0.000 75.251 49.241 10.210 0.000 12.421 0.000 0.000 0.000 0.000 0.000 0.000 0.000 0.000 0.000 0.000 0.000 52.814 64.814 71.813 70.813 70.812 72.812 72.811 70.810 70.809 70.808 69.807 65.807 14.806 0.000 0.000 0.000 0.000 0.000 0.000 0.000 0.000 0.000 0.000 0.000 0.000 0.000 0.000 0.000 23.845 49.840 67.833 68.824 49.810 52.786 54.759 51.726 36.700 33.677 56.653 65.629 69.605 71.584 71.564 72.546 70.529 70.513 71.498 70.484 71.471 71.459 70.447
82.570 74.553 79.525 30.496 0.000 0.000 66.322 14.316 0.000 0.000 44.421 7.421 0.000 0.000 0.000 0.000 0.000 0.000 0.000 0.000 0.000 0.000 55.811 67.811 71.811 70.810 70.810 71.810 71.809 70.808 70.807 71.807 67.806 62.805 12.805 0.000 0.000 0.000 0.000 0.000 0.000 0.000 0.000 0.000 0.000 0.000 0.000 0.000 15.835 17.835 28.837 44.835 66.831 68.825 14.820 0.000 0.000 41.705 35.684 30.664 44.639 63.612 69.587 71.565 71.545 71.526 69.510 69.494 70.480 69.466 69.454 70.442 70.430
74.632 74.591 74.554 72.521 59.492 45.453 38.399 37.385 33.407 36.417 39.421 39.421 11.421 0.000 0.000 0.000 0.000 0.000 16.800 18.800 0.000 8.808 54.808 68.808 70.808 70.808 70.808 70.808 70.807 70.806 70.806 70.805 52.804 47.803 45.803 40.801 4.800 0.000 0.000 0.000 0.000 0.000 0.000 0.000 0.000 0.000 0.000 0.000 19.834 45.834 36.834 40.833 60.830 61.827 34.824 0.000 0.000 0.000 32.669 37.654 36.629 55.593 68.565 69.543 69.523 69.506 69.490 69.475 69.461 69.448 69.436 69.424 69.413
74.670 74.624 74.581 73.540 70.504 72.467 46.434 25.419 63.420 36.423 40.424 16.423 0.000 0.000 0.000 0.000 0.000 0.000 16.800 62.801 11.801 0.000 53.806 67.806 71.806 70.806 72.806 73.806 71.805 70.805 70.804 68.803 61.803 52.802 53.801 52.800 5.800 0.000 0.000 0.000 0.000 0.000 0.000 0.000 0.000 0.000 0.000 0.000 13.833 48.833 40.833 47.831 62.830 57.828 63.826 0.000 0.000 0.000 0.000 0.000 0.000 45.566 68.539 69.519 69.500 69.484 69.468 69.454 69.441 69.429 69.417 69.406 69.396
74.703 74.656 75.604 77.556 74.515 74.479 73.452 74.437 65.431 43.430 15.429 0.000 0.000 0.000 0.000 0.000 0.000 0.000 3.800 55.801 42.801 32.802 48.803 70.804 70.804 70.804 70.804 70.804 70.804 70.803 70.803 70.802 68.801 47.801 51.800 58.799 1.799 0.000 0.000 0.000 0.000 0.000 0.000 0.000 0.000 0.000 0.000 0.000 9.833 60.833 4.832 27.831 50.829 57.828 18.827 0.000 0.000 0.000 0.000 0.000 0.000 0.000 57.507 70.493 69.476 69.460 69.446 69.433 69.421 69.409 69.398 69.388 69.378
77.739 73.694 70.621 72.566 75.520 75.481 77.459 74.446 72.439 59.436 8.434 0.000 0.000 0.000 0.000 0.000 0.000 0.000 0.000 11.801 46.801 38.801 54.802 72.803 70.803 70.803 70.803 70.803 70.802 70.802 70.801 70.801 71.800 60.799 47.799 51.798 57.798 0.000 0.000 0.000 0.000 0.000 0.000 0.000 0.000 0.000 0.000 0.000 0.000 5.833 0.000 0.000 35.828 54.828 0.000 0.000 0.000 0.000 0.000 0.000 0.000 0.000 45.488 66.469 69.451 69.436 69.422 69.411 69.400 69.389 69.379 69.369 69.359
70.782 31.760 0.000 0.000 0.000 67.465 72.456 78.448 74.443 63.440 13.438 0.000 47.441 17.441 0.000 0.000 0.000 0.000 0.000 0.000 38.800 42.800 63.801 71.801 72.801 73.802 70.802 70.801 70.801 70.801 70.800 70.800 70.799 71.798 50.798 32.797 41.796 2.795 0.000 0.000 0.000 0.000 0.000 0.000 0.000 0.000 0.000 0.000 0.000 0.000 0.000 0.000 24.828 57.828 0.000 0.000 0.000 0.000 0.000 0.000 0.000 0.000 0.000 46.446 66.422 69.409 69.398 69.388 69.378 69.369 69.360 69.350 69.341
65.817 22.805 0.000 0.000 42.457 40.457 57.453 76.448 73.445 58.442 39.441 43.441 47.442 13.441 0.000 0.000 0.000 0.000 9.797 0.000 39.799 50.799 70.800 70.800 73.800 73.801 70.800 70.800 70.800 70.800 70.799 70.799 70.798 71.797 67.797 62.796 51.795 31.794 25.793 0.000 0.000 0.000 0.000 0.000 0.000 0.000 0.000 0.000 0.000 0.000 0.000 0.000 26.828 18.828 0.000 0.000 0.000 0.000 0.000 0.000 0.000 0.000 0.000 0.000 51.385 67.379 69.372 69.365 69.357 69.349 69.341 69.332 69.323
71.845 52.838 24.845 0.000 0.000 42.454 42.451 64.448 76.445 54.443 41.442 46.442 24.442 0.000 0.000 0.000 0.000 0.000 38.797 31.797 36.798 53.799 72.799 72.799 73.800 70.800 70.800 70.799 70.799 70.799 70.798 70.798 70.797 70.796 70.796 72.795 61.794 49.793 38.792 39.791 32.790 23.790 28.789 0.000 0.000 0.000 0.000 0.000 0.000 0.000 0.000 0.000 29.828 4.828 0.000 0.000 0.000 0.000 0.000 0.000 0.000 0.000 0.000 0.000 36.353 64.350 68.346 69.342 69.336 69.329 69.322 69.314 69.304
74.865 65.858 18.851 0.000 0.000 0.000 41.449 46.447 73.445 61.444 42.443 45.442 20.442 0.000 0.000 0.000 0.000 0.000 41.797 34.797 37.797 55.798 74.798 73.799 71.799 71.799 70.799 70.799 70.799 70.798 70.798 71.797 71.797 71.796 65.795 56.794 60.793 67.792 60.791 58.790 46.790 33.789 40.789 0.000 0.000 0.000 0.000 0.000 0.000 0.000 0.000 0.000 0.000 0.000 0.000 0.000 0.000 0.000 0.000 0.000 0.000 0.000 0.000 0.000 28.324 59.323 69.322 71.319 71.316 71.311 70.304 69.296 69.287
74.882 49.876 0.000 0.000 0.000 0.000 0.000 48.445 61.444 55.444 54.443 51.443 41.442 19.442 0.000 0.000 0.000 0.000 40.796 33.797 38.797 53.797 65.798 62.798 57.798 59.799 64.799 69.798 71.798 71.798 69.797 59.797 57.796 62.795 51.794 48.793 48.792 59.791 63.791 58.790 44.790 33.789 5.789 0.000 0.000 0.000 0.000 0.000 0.000 0.000 0.000 0.000 0.000 0.000 0.000 0.000 0.000 0.000 0.000 0.000 0.000 0.000 0.000 0.000 16.295 41.298 47.299 49.299 49.297 50.293 59.288 68.281 69.270
73.894 39.890 0.000 0.000 0.000 0.000 0.000 43.444 37.444 36.444 44.443 44.443 44.442 40.442 13.442 0.000 0.000 0.000 45.796 40.796 45.796 55.797 58.797 61.798 19.798 0.000 0.000 10.798 71.798 68.797 57.797 12.796 0.000 0.000 50.793 82.792 75.791 54.791 60.790 54.790 43.789 28.789 31.789 0.000 0.000 0.000 0.000 0.000 0.000 0.000 0.000 0.000 0.000 0.000 0.000 0.000 0.000 0.000 12.215 2.215 20.216 41.220 52.228 51.241 69.264 77.273 78.278 76.280 78.280 65.278 48.275 66.267 69.256
71.902 36.900 0.000 0.000 0.000 0.000 0.000 43.444 39.444 18.444 0.000 0.000 0.000 0.000 0.000 0.000 0.000 0.000 51.796 45.796 40.796 36.796 22.796 0.000 0.000 0.000 0.000 0.000 0.000 0.000 44.796 6.796 0.000 0.000 0.000 45.791 78.790 38.790 39.789 38.789 34.789 37.788 84.788 43.788 0.000 0.000 0.000 0.000 0.000 0.000 0.000 0.000 0.000 0.000 0.000 0.000 11.192 2.192 0.000 0.000 6.212 88.216 84.223 66.233 67.245 64.253 65.259 87.262 80.264 66.265 46.264 55.259 54.245
57.909 38.907 32.909 0.000 0.000 0.000 0.000 0.000 41.444 25.444 0.000 0.000 0.000 0.000 0.000 0.000 0.000 0.000 51.795 51.795 52.795 35.795 10.796 0.000 0.000 0.000 0.000 0.000 0.000 0.000 40.795 17.795 0.000 0.000 0.000 44.790 93.790 57.789 60.789 55.788 40.788 58.788 112.788 109.788 40.788 0.000 0.000 0.000 0.000 0.000 0.000 0.000 0.000 0.000 0.000 0.000 1.192 19.192 9.194 7.197 16.204 91.209 58.215 66.222 57.230 38.237 49.242 92.247 58.250 45.254 52.259 6.259 0.000
41.912 41.911 27.910 0.000 0.000 0.000 0.000 0.000 0.000 0.000 0.000 0.000 0.000 0.000 0.000 0.000 0.000 0.000 54.795 45.795 39.795 37.795 11.795 0.000 0.000 0.000 0.000 0.000 0.000 37.795 30.795 55.795 51.795 0.000 3.789 50.790 56.789 48.789 91.788 80.788 51.788 4.788 68.788 123.788 7.788 0.000 0.000 0.000 0.000 0.000 0.000 0.000 20.187 17.187 12.188 1.189 70.191 108.191 99.192 95.194 42.198 86.201 54.205 43.211 90.216 71.222 91.227 72.232 42.237 50.241 0.000 0.000 0.000
44.915 45.913 37.912 0.000 0.000 0.000 0.000 0.000 0.000 0.000 0.000 0.000 0.000 0.000 0.000 0.000 0.000 0.000 8.795 49.794 39.794 17.794 0.000 0.000 0.000 0.000 0.000 0.000 0.000 39.794 36.795 12.795 0.000 0.000 0.000 24.789 3.789 0.000 4.788 46.787 2.787 0.000 24.787 90.787 45.787 0.000 0.000 0.000 0.000 0.000 0.000 0.000 0.000 2.186 0.000 0.000 26.191 6.191 70.190 74.190 25.191 86.193 63.195 36.199 54.203 104.207 118.212 52.217 40.223 7.232 0.000 0.000 16.088
43.916 44.914 44.913 48.913 40.913 0.000 0.000 0.000 0.000 0.000 0.000 0.000 0.000 0.000 0.000 0.000 0.000 0.000 0.000 39.794 35.794 19.794 0.000 0.000 0.000 0.000 0.000 0.000 40.794 37.794 14.794 0.000 0.000 0.000 0.000 0.000 0.000 0.000 0.000 50.785 0.000 0.000 24.787 0.000 0.000 0.000 0.000 0.000 0.000 0.000 0.000 0.000 0.000 11.186 5.186 7.186 0.186 0.000 46.186 65.185 24.185 88.184 68.184 38.186 87.189 90.192 85.197 93.202 57.207 0.000 0.000 0.000 30.075
45.916 23.914 34.913 43.913 43.912 43.912 42.912 0.000 0.000 0.000 0.000 0.000 0.000 0.000 0.000 0.000 0.000 0.000 0.000 41.794 37.794 21.794 0.000 0.000 0.000 0.000 0.000 0.000 0.000 43.794 15.794 0.000 0.000 0.000 0.000 0.000 0.000 2.783 14.783 37.783 41.783 18.783 0.000 0.000 0.000 0.000 0.000 0.000 0.000 0.000 0.000 0.000 0.000 0.183 0.000 4.185 0.000 0.000 49.182 69.181 29.178 89.174 74.172 88.172 88.174 47.177 40.181 85.187 34.197 0.000 0.000 31.048 39.058
50.916 0.000 0.000 40.913 29.912 0.000 42.912 32.912 0.000 0.000 0.000 0.000 0.000 0.000 0.000 0.000 0.000 0.000 0.000 40.793 37.793 25.793 0.000 0.000 0.000 0.000 0.000 0.000 0.000 0.000 0.000 0.000 0.000 0.000 0.000 0.000 0.000 0.000 53.782 70.783 31.782 0.000 0.000 0.000 0.000 0.000 0.000 0.000 0.000 0.000 0.000 0.000 0.000 0.000 0.000 9.185 0.000 0.000 84.180 70.178 31.172 89.162 86.158 78.157 70.158 56.160 57.163 26.167 0.000 0.000 15.034 34.039 41.044
47.915 0.000 0.000 27.912 19.912 0.000 0.000 0.000 0.000 51.896 47.896 38.895 0.000 0.000 0.000 0.000 0.000 0.000 0.000 44.793 40.793 22.793 0.000 0.000 0.000 0.000 0.000 0.000 0.000 0.000 0.000 0.000 0.000 0.000 0.000 0.000 0.000 0.000 16.782 100.782 66.782 0.000 0.000 0.000 0.000 0.000 0.000 0.000 0.000 0.000 0.000 0.000 0.000 0.000 0.000 0.000 0.000 0.000 16.180 0.000 0.000 63.144 104.141 83.140 82.141 80.142 83.146 31.150 0.000 0.000 19.029 33.030 34.032
63.913 0.000 0.000 0.000 0.000 49.901 36.901 0.000 47.897 41.896 41.896 33.895 0.000 0.000 0.000 0.000 0.000 0.000 0.000 44.793 39.793 27.793 0.000 0.000 0.000 0.000 0.000 0.000 0.000 0.000 0.000 0.000 0.000 0.000 0.000 0.000 0.000 0.000 0.000 44.782 36.781 7.781 0.000 0.000 0.000 0.000 0.000 0.000 0.000 0.000 0.000 0.000 0.000 0.000 0.000 0.000 0.000 0.000 0.000 0.000 0.000 10.128 46.124 47.122 45.122 45.123 42.127 38.138 0.000 0.000 12.021 33.022 31.022
74.911 63.908 45.907 46.905 45.903 39.902 40.900 41.899 39.897 44.896 43.896 34.895 31.895 0.000 0.000 0.000 0.000 0.000 0.000 31.793 0.000 0.000 0.000 0.000 0.000 0.000 0.000 0.000 0.000 0.000 0.000 0.000 0.000 0.000 0.000 0.000 0.000 0.000 0.000 0.000 43.781 6.781 0.000 0.000 0.000 0.000 0.000 0.000 0.000 0.000 0.000 0.000 0.000 0.000 0.000 0.000 0.000 0.000 0.000 0.000 0.000 1.103 34.103 33.103 33.102 49.101 44.100 0.000 0.000 0.000 5.014 46.013 58.012
74.909 68.908 38.906 38.905 38.904 21.902 22.900 26.899 36.897 45.896 42.895 34.895 37.895 26.895 0.000 0.000 0.000 0.000 0.000 0.000 0.000 0.000 0.000 0.000 0.000 0.000 0.000 0.000 0.000 0.000 0.000 0.000 0.000 0.000 0.000 0.000 0.000 0.000 0.000 0.000 0.781 46.780 5.780 0.000 0.000 0.000 0.000 0.000 0.000 0.000 0.000 0.000 0.000 0.000 0.000 0.000 0.000 0.000 0.000 0.000 26.070 29.077 33.083 33.084 35.083 54.079 44.072 27.056 0.000 0.000 41.008 62.006 69.003
74.908 72.907 42.906 39.905 19.904 0.000 0.000 0.000 0.000 36.895 39.895 37.895 30.894 0.000 0.000 0.000 0.000 0.000 0.000 0.000 0.000 0.000 0.000 0.000 0.000 0.000 0.000 0.000 0.000 0.000 0.000 0.000 0.000 0.000 0.000 0.000 0.000 0.000 0.000 0.000 0.000 49.780 11.780 0.000 0.000 0.000 0.000 0.000 0.000 0.000 0.000 0.000 0.000 0.000 0.000 0.000 0.000 0.000 0.000 0.000 37.063 34.066 33.069 29.068 42.066 59.061 43.053 32.040 27.023 27.011 51.005 67.999 68.994
74.907 72.906 25.906 29.906 0.000 0.000 0.000 0.000 0.000 0.000 27.894 40.894 32.894 0.000 0.000 0.000 0.000 0.000 0.000 0.000 0.000 0.000 0.000 0.000 0.000 0.000 0.000 0.000 0.000 0.000 0.000 0.000 0.000 0.000 0.000 0.000 0.000 0.000 0.000 0.000 0.000 0.000 17.780 0.000 0.000 0.000 0.000 0.000 0.000 0.000 0.000 0.000 6.038 14.038 0.000 0.000 0.000 0.000 0.000 31.049 29.054 28.056 33.056 47.055 60.052 50.046 34.039 32.028 34.017 31.007 51.999 69.993 68.986
74.906 48.906 0.000 0.000 0.000 0.000 0.000 0.000 0.000 0.000 0.000 30.894 37.893 35.893 0.000 0.000 0.000 0.000 0.000 0.000 0.000 0.000 0.000 0.000 0.000 0.000 0.000 0.000 0.000 0.000 0.000 0.000 0.000 0.000 0.000 0.000 0.000 0.000 0.000 0.000 0.000 0.000 0.000 0.000 0.000 0.000 0.000 0.000 0.000 0.000 0.000 0.000 0.000 7.038 9.039 0.000 36.040 28.041 26.042 38.045 52.047 57.047 59.046 59.043 45.039 33.034 32.027 32.018 31.009 33.001 55.993 70.986 68.979
