results3_8e3_rain/res_3e8f-0047.wd
ncols         241
nrows         181
xllcorner     12693529.787448
yllcorner     3542525.717860
cellsize      155.156523
NODATA_value  -9999.000000
[rows 99 to 131 of 181, columns 74 to 147 of 241]
48.386 48.394 47.404 47.416 52.431 55.448 52.467 48.481 48.489 42.489 0.000 0.000 0.000 0.000 0.000 0.000 5.780 64.001 89.090 87.171 86.398 93.201 93.130 86.243 86.939 86.783 86.671 87.563 87.461 86.368 90.288 49.231 0.000 0.000 0.000 0.000 0.000 0.000 5.432 31.276 43.103 10.860 0.000 22.423 25.384 23.328 27.252 24.001 21.454 0.000 15.230 19.173 34.109 40.058 43.018 40.989 35.967 28.952 23.943 18.940 0.000 0.000 0.000 0.000 0.000 0.000 9.435 21.435 45.434 46.434 46.433 46.433 44.433 0.000
48.387 47.393 45.402 49.412 54.424 55.438 55.460 49.475 46.482 51.484 51.483 12.483 0.000 9.396 39.370 16.331 0.000 52.401 92.339 87.637 87.695 93.259 85.570 87.356 87.007 86.915 86.800 86.690 86.585 88.492 87.414 23.361 0.000 0.000 0.000 0.000 0.000 0.000 9.589 15.506 26.427 0.000 0.000 17.612 25.577 24.515 28.426 28.298 0.000 0.000 10.190 24.150 29.088 50.048 51.017 50.993 51.975 52.961 50.953 31.949 0.000 0.000 0.000 0.000 0.000 0.000 8.433 21.431 45.431 46.430 46.430 46.429 39.429 0.000
47.386 47.391 50.398 53.406 54.414 29.421 0.000 22.478 58.480 31.482 5.482 0.000 0.000 20.423 70.382 67.292 59.105 77.784 88.889 85.874 93.341 86.865 87.670 87.233 87.163 87.041 86.926 86.810 87.699 85.601 73.515 20.438 0.000 0.000 0.000 0.000 0.000 12.980 19.829 17.731 18.672 0.000 0.000 23.836 41.796 34.732 29.638 4.468 0.000 0.000 0.000 0.000 23.046 48.029 52.010 49.992 49.978 49.966 51.959 24.955 18.955 18.955 24.955 0.000 0.000 0.000 0.000 20.428 45.427 46.427 46.426 46.426 29.425 0.000
46.383 51.388 54.393 54.400 54.406 19.411 0.000 0.000 1.480 0.000 0.000 0.000 0.000 13.490 76.444 82.352 90.213 90.087 87.174 93.723 93.484 86.845 87.554 87.401 87.287 87.171 87.051 86.926 92.800 42.699 10.607 0.000 0.000 0.000 0.000 0.000 4.250 22.132 18.014 17.920 16.858 22.866 0.000 17.100 43.041 41.977 39.927 0.000 0.000 0.000 0.000 0.000 21.021 50.012 54.001 50.989 49.977 47.968 36.961 17.957 13.956 14.956 0.000 0.000 0.000 0.000 0.000 16.425 45.424 46.424 46.423 42.422 9.421 14.418
52.380 54.383 54.388 52.393 58.402 28.405 0.000 0.000 0.000 0.000 0.000 0.000 0.000 24.605 82.549 85.468 89.309 88.501 88.483 93.936 86.252 87.955 87.625 87.535 87.420 87.304 91.182 97.043 51.877 20.787 0.000 0.000 0.000 0.000 0.000 5.431 28.369 22.282 15.178 20.074 23.976 20.874 18.697 32.425 36.290 26.209 34.166 0.000 0.000 0.000 0.000 0.000 27.004 51.000 55.993 54.985 50.976 45.967 14.961 12.957 13.956 20.956 0.000 0.000 0.000 0.000 10.422 14.422 43.422 46.421 46.420 40.419 11.418 10.416
54.375 54.379 53.382 31.385 0.000 16.403 18.403 0.000 0.000 0.000 0.000 0.000 15.891 68.774 82.689 85.577 87.711 88.693 94.307 94.130 87.243 87.941 87.776 87.666 87.554 91.444 53.330 13.186 0.000 30.787 16.786 0.000 0.000 0.000 0.000 13.493 47.515 38.448 33.343 28.224 29.097 26.958 27.792 40.612 34.484 18.403 20.363 0.000 0.000 0.000 0.000 0.000 26.991 54.989 19.988 17.982 49.973 52.963 22.958 13.955 18.956 0.000 0.000 0.000 0.000 0.000 0.000 10.421 28.419 44.419 47.418 40.417 11.416 10.415
54.371 50.374 54.377 36.380 0.000 7.403 37.402 0.000 0.000 0.000 0.000 6.097 68.007 81.914 87.828 87.785 87.909 94.621 94.469 86.595 88.363 88.007 87.914 87.797 87.688 91.587 63.508 0.000 0.000 0.786 3.786 0.000 0.000 0.000 0.000 0.923 32.751 37.651 47.524 43.382 31.230 34.068 42.902 37.749 25.632 17.556 18.521 0.000 0.000 0.000 0.000 0.000 24.981 58.978 0.000 0.000 0.000 45.955 35.953 16.951 0.000 0.000 0.000 0.000 0.000 0.000 0.000 0.000 7.417 33.416 43.416 36.415 12.414 10.413
49.366 48.369 64.374 43.377 0.000 6.402 34.402 0.000 0.000 0.000 0.371 64.186 77.126 87.054 89.925 89.156 87.171 94.761 85.925 87.691 84.243 86.166 88.041 87.926 88.814 82.707 72.607 20.607 0.000 0.000 0.000 0.000 0.000 0.000 0.000 23.296 28.062 27.883 29.718 38.551 41.374 44.182 38.000 24.849 18.739 17.670 16.644 20.675 5.675 0.000 0.000 0.000 13.973 50.965 16.957 5.953 0.000 40.948 46.947 26.946 0.000 0.000 0.000 0.000 0.000 0.000 0.000 0.000 2.415 26.415 31.414 18.413 10.413 10.412
55.360 51.361 0.000 0.000 0.000 0.000 0.000 0.000 0.000 0.000 1.464 80.330 82.266 90.167 89.319 88.324 95.006 94.889 87.893 87.574 87.409 87.287 86.168 87.050 88.934 45.820 0.000 0.000 0.000 0.000 0.000 0.000 0.000 9.214 23.975 34.594 31.319 30.102 26.913 27.731 30.534 42.285 43.067 34.910 23.805 16.740 16.709 18.707 0.000 0.000 0.000 0.000 0.000 40.954 18.951 14.950 14.947 46.944 49.941 32.940 0.000 0.000 28.923 0.000 0.000 0.000 0.000 0.000 5.414 29.413 24.412 10.412 10.412 9.412
57.355 44.356 0.000 0.000 0.000 0.000 0.000 0.000 0.000 0.000 67.592 77.494 89.408 89.382 88.506 95.213 95.113 87.225 88.991 88.635 88.536 88.412 88.292 90.172 40.053 0.000 0.000 0.000 0.000 0.000 0.000 8.142 24.873 37.454 33.116 31.789 31.517 31.293 32.102 29.925 28.745 2.360 21.071 45.921 27.830 15.776 18.747 16.738 4.743 0.000 0.000 0.000 0.000 32.946 10.944 0.000 0.000 2.939 39.935 28.932 37.927 44.924 3.924 0.000 0.000 0.000 0.000 0.000 0.000 20.412 18.411 11.410 13.411 11.411
49.351 48.351 24.349 0.000 0.000 0.000 0.000 0.000 0.000 20.865 80.744 87.643 89.532 89.665 87.762 95.303 87.530 89.303 88.860 88.784 88.658 89.537 90.415 52.293 0.000 0.000 0.000 0.000 0.000 0.000 27.792 38.412 34.022 32.613 32.246 31.928 31.666 31.453 31.275 31.125 40.006 0.000 0.000 13.871 22.821 14.786 23.765 23.754 5.748 0.000 0.000 0.000 0.000 16.940 53.936 21.931 0.000 0.000 40.928 34.926 25.924 25.923 0.000 0.000 0.000 0.000 0.000 0.000 0.000 0.000 10.408 11.408 0.000 0.000
0.000 51.348 49.347 38.346 0.000 0.000 0.000 0.000 12.098 70.987 84.877 90.777 89.727 88.852 95.454 95.383 88.485 89.176 89.017 88.900 89.784 91.662 52.538 0.000 0.000 0.000 0.000 0.000 15.007 25.711 37.173 33.691 33.192 29.731 29.327 29.012 29.768 31.576 31.422 34.292 11.149 0.000 0.000 0.000 18.797 17.784 35.772 31.766 0.000 0.000 0.000 0.000 0.000 0.934 45.929 57.926 14.922 40.921 54.923 46.922 22.921 15.920 0.000 0.000 0.000 0.000 0.000 0.000 0.000 5.405 11.406 15.406 0.000 0.000
0.000 53.347 43.346 50.345 42.345 3.345 0.000 5.310 72.209 81.105 91.012 89.854 90.083 88.077 95.514 87.790 89.575 89.228 89.137 90.022 90.914 44.788 0.000 0.000 0.000 0.000 0.000 27.620 38.304 35.953 34.499 35.987 35.323 40.791 45.321 40.026 32.818 26.661 30.546 36.474 0.000 0.000 0.000 0.000 21.787 22.781 44.775 32.771 0.000 0.000 0.000 0.000 0.000 0.000 40.923 49.922 54.920 50.919 50.919 54.919 38.918 17.916 18.914 0.000 0.000 0.000 0.000 0.000 7.404 12.405 10.405 15.405 0.000 0.000
0.000 21.346 72.345 35.345 0.000 0.000 10.495 70.411 75.320 89.232 90.086 90.318 88.205 95.598 88.062 89.865 89.434 89.369 90.250 87.138 42.064 0.000 0.000 0.000 0.000 0.000 30.229 37.936 35.635 35.298 38.883 13.435 0.000 0.000 10.138 35.955 37.815 38.706 30.627 31.583 0.000 0.000 0.000 0.000 2.782 20.778 27.775 26.773 0.000 0.000 0.000 0.000 0.000 0.000 31.919 44.918 49.917 50.917 51.917 47.917 43.916 28.914 16.911 20.909 26.908 0.000 0.000 0.000 0.000 10.404 11.404 13.404 0.000 0.000
0.000 0.000 73.345 60.344 0.000 0.000 17.579 78.517 86.440 90.329 91.469 91.454 95.946 95.731 89.019 89.729 89.583 89.478 84.368 74.215 25.139 0.000 0.000 0.000 18.989 27.830 39.523 36.260 36.005 39.720 17.301 0.000 0.000 0.000 0.000 33.840 30.783 34.721 40.672 40.648 18.661 0.000 0.000 0.000 0.000 22.776 16.774 23.774 0.000 0.000 0.000 0.000 0.000 0.000 18.915 35.915 49.915 44.915 37.915 39.915 0.914 25.912 34.910 27.908 23.907 0.000 0.000 0.000 0.000 0.000 5.403 10.403 15.402 0.000
0.000 0.000 1.344 50.344 0.000 5.829 71.725 83.643 90.562 90.522 90.648 96.332 96.145 88.324 90.115 89.774 89.695 82.599 48.527 0.000 0.000 0.000 0.000 37.307 31.148 38.979 36.772 36.577 37.404 15.275 0.000 0.000 0.000 0.000 0.000 36.783 30.757 30.723 32.694 36.677 38.675 0.000 0.000 0.000 0.000 3.774 22.773 0.000 0.000 0.000 0.000 0.000 0.000 0.000 14.913 25.913 32.912 24.912 21.912 0.000 0.000 0.000 18.908 22.906 31.905 0.000 0.000 0.000 0.000 0.000 0.000 10.402 11.402 0.000
0.000 0.000 0.000 0.000 6.015 74.933 79.848 90.773 90.647 91.878 91.903 96.506 88.641 90.411 89.971 89.903 79.794 68.700 32.613 0.000 0.000 0.000 31.614 53.466 38.318 30.167 38.011 35.870 38.761 8.702 0.000 0.000 0.000 0.000 25.744 32.751 31.740 31.721 28.703 24.691 26.686 0.000 0.000 0.000 0.000 0.000 29.772 0.000 0.000 0.000 0.000 0.000 0.000 0.000 16.911 15.910 14.910 12.910 18.910 0.000 0.000 0.000 0.000 16.904 34.903 0.000 0.000 0.000 0.000 0.000 0.000 3.402 16.401 29.401
0.000 0.000 0.000 0.000 78.097 77.040 90.970 90.871 92.024 92.047 96.822 96.669 89.601 91.277 89.111 74.988 63.887 37.793 0.000 0.000 0.000 25.899 43.762 43.626 50.491 38.359 28.235 34.132 44.067 47.071 10.212 0.000 0.000 0.000 37.738 31.737 31.730 30.718 26.707 20.698 21.693 0.000 0.000 0.000 0.000 0.000 2.771 10.770 0.000 0.000 0.000 0.000 0.000 0.000 18.909 12.908 13.908 13.908 15.907 0.000 0.000 0.000 0.000 3.902 24.901 2.900 0.000 0.000 0.000 0.000 0.000 0.000 0.000 0.000
0.000 0.000 0.000 17.327 78.236 90.163 91.091 92.061 94.206 97.106 96.967 88.925 90.678 87.322 76.213 65.057 36.972 0.000 0.000 0.000 28.163 49.037 34.910 26.784 40.661 52.544 40.439 43.355 44.306 31.303 37.353 16.417 0.000 0.000 29.733 25.731 32.725 27.716 19.708 18.700 22.696 0.000 0.000 0.000 0.000 0.000 0.000 29.769 0.000 0.000 0.000 0.000 0.000 0.000 0.907 15.906 13.906 13.906 13.905 21.904 0.000 0.000 0.000 0.000 5.900 16.898 22.897 0.000 0.000 0.000 0.000 0.000 0.000 0.000
0.000 0.000 0.000 60.418 86.356 92.292 91.174 91.411 89.459 97.239 89.220 90.976 85.536 74.460 49.333 0.000 0.000 0.000 0.000 28.394 49.289 36.176 25.058 24.939 26.825 37.718 52.622 43.543 28.499 36.480 38.482 12.482 0.000 0.000 54.730 41.728 30.722 24.715 20.707 17.699 18.696 12.694 0.000 0.000 0.000 0.000 0.000 8.769 0.000 0.000 0.000 0.000 0.000 0.000 0.000 17.905 13.905 13.904 13.904 15.903 0.000 0.000 0.000 0.000 0.000 13.897 16.897 0.000 0.000 0.000 0.000 0.000 0.000 0.000
0.000 0.000 63.677 60.569 66.490 81.392 92.546 89.585 97.485 97.365 90.155 85.835 74.681 53.568 0.000 0.000 10.551 0.000 0.000 53.500 36.424 25.320 26.205 25.091 27.982 41.881 50.789 51.696 35.666 31.639 42.612 16.547 0.000 0.000 0.000 0.000 0.000 0.000 0.000 21.695 28.693 29.692 15.691 0.000 0.000 0.000 0.000 0.000 0.000 0.000 0.000 0.000 0.000 0.000 0.000 17.903 16.904 19.904 14.903 11.902 20.901 0.000 0.000 0.000 0.000 27.896 32.896 0.000 0.000 0.000 0.000 0.000 0.000 0.000
0.000 2.879 64.786 61.694 62.612 72.578 88.727 97.713 97.600 89.447 86.204 73.868 47.786 0.000 0.000 27.585 26.551 8.504 0.000 41.681 25.589 26.473 25.354 26.238 41.131 47.036 10.957 1.896 53.832 39.798 17.780 0.000 0.000 0.000 0.000 0.000 0.000 0.000 0.000 39.692 33.692 30.691 26.690 0.000 0.000 0.000 0.000 0.000 0.000 0.000 0.000 0.000 0.000 0.000 5.901 14.901 0.000 0.000 0.000 14.900 18.900 0.000 0.000 0.000 0.000 31.895 0.895 0.000 0.000 0.000 0.000 0.000 0.000 0.000
78.050 65.973 62.891 60.815 61.690 62.923 66.975 97.821 88.695 84.449 74.034 47.986 0.000 0.000 0.000 31.618 29.566 49.457 33.247 25.955 26.777 25.630 28.498 48.378 45.269 26.175 22.099 27.047 54.980 51.944 15.929 0.000 0.000 0.000 0.000 0.000 0.000 0.000 0.000 46.690 46.690 41.689 32.689 0.000 0.000 0.000 0.000 0.000 0.000 0.000 0.000 0.000 0.000 0.000 17.900 19.901 0.000 0.000 0.000 17.900 18.899 0.000 0.000 0.000 0.000 2.895 0.000 0.000 0.000 0.000 0.000 0.000 0.000 0.000
76.127 90.071 82.001 66.902 68.054 60.092 98.025 97.924 67.575 72.248 48.144 0.000 0.000 0.000 0.000 33.705 46.637 44.511 26.329 26.116 25.933 36.774 48.632 37.505 26.393 26.296 26.215 27.152 36.098 54.067 50.065 11.113 0.000 0.000 0.000 0.000 0.000 0.000 0.000 32.689 34.689 46.688 47.688 3.687 0.000 0.000 0.000 0.000 0.000 0.000 0.000 0.000 0.000 9.899 19.900 0.000 0.000 0.000 0.000 18.899 16.899 0.000 0.000 0.000 0.000 0.000 0.000 0.000 0.000 0.000 0.000 0.000 0.000 0.000
89.260 92.184 92.111 87.079 77.227 98.219 98.122 59.715 54.503 0.000 0.000 0.000 0.000 0.000 0.000 44.860 49.766 25.621 27.442 27.249 39.066 47.900 29.751 26.618 26.501 26.400 26.316 26.248 26.195 35.161 55.149 48.162 22.185 13.193 17.194 0.000 0.000 0.000 0.000 0.000 12.688 52.687 52.687 13.686 0.000 0.000 0.000 0.000 0.000 0.000 0.000 0.000 0.000 0.000 0.000 0.000 0.000 0.000 0.000 0.000 25.899 0.000 0.000 0.000 0.000 0.000 0.000 0.000 0.000 0.000 0.000 0.000 0.000 0.000
92.372 92.303 92.182 96.418 87.469 98.314 59.778 62.445 57.211 0.000 0.000 0.000 0.000 0.000 38.295 50.110 26.947 27.766 27.570 35.371 48.182 26.009 26.854 26.716 26.594 26.489 26.400 26.328 26.273 26.233 30.210 31.201 26.201 27.199 34.196 16.196 0.000 0.000 0.000 0.000 0.000 7.686 43.686 6.686 0.000 0.000 0.000 0.000 0.000 0.000 0.000 0.000 0.000 0.000 0.000 0.000 0.000 0.000 0.000 0.000 0.000 0.000 0.000 0.000 0.000 0.000 0.000 0.000 0.000 0.000 0.000 0.000 0.000 0.000
88.483 92.388 93.544 90.583 98.498 98.406 64.375 48.724 0.000 0.000 0.000 0.000 0.000 0.000 55.480 32.338 28.145 27.927 29.702 50.484 30.281 27.100 26.940 26.797 26.670 26.560 26.468 26.393 26.335 26.289 25.256 24.233 27.217 9.207 0.000 0.000 0.000 0.000 0.000 0.000 0.000 0.000 36.685 24.685 0.000 0.000 0.000 0.000 0.000 0.000 0.000 0.000 0.000 0.000 0.000 0.000 0.000 0.000 0.000 0.000 0.000 0.000 0.000 0.000 0.000 0.000 0.000 0.000 0.000 0.000 0.000 0.000 0.000 0.000
67.592 71.565 67.716 98.681 98.590 75.959 57.024 47.753 0.000 0.000 0.000 0.000 0.000 0.000 30.806 26.619 26.369 25.095 37.827 30.580 24.360 25.172 25.009 24.864 24.730 25.614 26.519 26.443 26.383 25.334 23.293 25.257 25.228 22.205 12.178 15.151 17.124 16.099 18.080 0.000 0.000 0.000 0.000 33.684 5.684 0.000 0.000 0.000 0.000 0.000 0.000 0.000 0.000 0.000 0.000 0.000 0.000 0.000 0.000 0.000 0.000 0.000 0.000 0.000 0.000 0.000 0.000 0.000 0.000 0.000 0.000 0.000 0.000 0.000
104.663 69.904 99.957 98.770 58.595 49.147 0.000 62.787 20.834 0.000 0.000 0.000 0.000 74.750 53.319 23.964 31.618 42.256 40.933 36.651 34.407 34.218 34.061 32.918 26.774 22.647 26.551 26.477 26.420 25.372 25.326 29.273 29.236 30.206 40.178 40.150 36.123 29.094 28.061 7.034 0.000 0.000 0.000 0.000 0.000 0.000 0.000 0.000 0.000 0.000 0.000 0.000 0.000 0.000 0.000 0.000 0.000 0.000 0.000 0.000 0.000 0.000 0.000 0.000 0.000 0.000 0.000 0.000 0.000 0.000 0.000 0.000 0.000 0.000
109.455 107.496 98.935 98.855 86.696 0.000 29.754 57.754 130.883 106.271 0.000 22.082 11.632 73.181 32.758 30.298 101.882 92.379 87.998 87.683 86.400 85.232 84.101 82.974 53.800 20.651 26.560 26.496 26.447 26.407 18.367 0.000 0.000 0.000 0.000 0.000 0.000 0.000 45.034 24.008 0.000 0.000 0.000 0.000 0.000 0.000 0.000 0.000 0.000 0.000 0.000 0.000 0.000 0.000 0.000 0.000 0.000 0.000 0.000 0.000 0.000 0.000 0.000 0.000 0.000 0.000 0.000 0.000 0.000 0.000 0.000 0.000 0.000 0.000
108.618 99.083 99.010 83.263 0.000 0.000 0.000 0.921 51.672 39.659 0.000 3.652 0.000 32.586 29.234 38.589 94.235 0.000 0.000 0.000 30.277 39.209 100.136 13.079 0.000 30.597 26.543 26.499 27.466 9.445 0.000 0.000 0.000 0.000 0.000 0.000 0.000 0.000 0.000 44.956 0.304 0.000 0.000 0.000 0.000 0.000 0.000 0.000 0.000 0.000 0.000 0.000 0.000 0.000 0.000 0.000 0.000 0.000 0.000 0.000 0.000 0.000 0.000 0.000 0.000 0.000 0.000 0.000 0.000 0.000 0.000 0.000 0.000 0.000
107.846 99.151 107.762 109.607 29.895 0.000 6.502 33.502 43.408 21.034 0.000 25.103 70.926 69.344 62.003 0.000 13.235 0.000 0.000 13.223 41.223 86.193 49.155 14.126 0.000 0.000 32.518 26.492 27.473 8.461 0.000 0.000 0.000 0.000 0.000 0.000 0.000 0.000 0.000 0.000 0.515 0.000 0.000 0.000 0.000 0.000 0.000 0.000 0.000 0.000 0.000 0.000 0.000 0.000 0.000 0.000 0.000 0.000 0.000 0.000 0.000 0.000 0.000 0.000 0.000 0.000 0.000 0.000 0.000 0.000 0.000 0.000 0.000 0.000
99.272 99.214 88.273 31.036 0.000 0.000 0.000 0.000 20.426 0.000 0.000 18.731 62.331 115.860 51.431 0.000 0.000 0.000 0.000 0.000 55.200 90.185 20.164 17.145 0.000 0.000 0.000 31.479 25.472 23.467 21.466 9.466 0.000 0.000 0.000 0.000 0.000 0.000 0.000 0.000 9.458 0.000 0.000 0.000 0.000 0.000 0.000 0.000 0.000 0.000 0.000 0.000 0.000 0.000 0.000 0.000 0.000 0.000 0.000 0.000 0.000 0.000 0.000 0.000 0.000 0.000 0.000 0.000 0.000 0.000 0.000 0.000 0.000 0.000
