results3_8e3_rain/res_3e8f-0202.wd
ncols         241
nrows         181
xllcorner     12693529.787448
yllcorner     3542525.717860
cellsize      155.156523
NODATA_value  -9999.000000
[rows 66 to 98 of 181, columns 73 to 145 of 241]
71.847 35.833 0.000 60.990 77.966 76.934 76.905 0.000 48.299 48.283 61.296 57.306 56.286 56.240 55.170 131.070 118.897 0.000 0.000 0.000 51.613 46.550 51.454 54.391 54.338 56.289 57.241 62.183 63.129 64.083 55.052 0.000 0.000 52.347 102.347 84.261 88.127 88.217 86.271 94.189 86.682 87.161 87.901 86.674 86.452 87.248 57.094 0.000 0.000 0.000 0.000 0.000 0.000 0.000 43.443 41.418 41.378 41.323 41.256 41.187 45.113 58.035 54.958 39.882 50.808 59.736 38.663 41.591 47.519 52.448 48.378 42.310 40.242
56.850 62.819 0.653 49.218 73.176 72.145 66.147 19.234 0.000 0.000 54.375 67.455 56.455 55.424 56.380 37.338 0.000 0.000 0.000 0.000 0.000 0.000 62.386 60.359 58.325 41.282 44.234 51.178 52.137 57.105 48.078 0.000 0.000 0.000 62.589 80.498 87.436 87.529 94.615 94.409 86.753 87.442 87.153 86.943 86.733 81.546 39.413 0.000 3.601 36.601 0.000 0.000 0.000 49.525 44.489 41.454 41.410 41.357 41.296 41.229 41.159 41.085 48.010 61.936 62.863 45.791 39.719 40.647 41.577 45.507 44.438 40.370 40.304
58.864 57.795 62.664 60.467 74.373 67.323 68.306 65.320 0.000 0.000 0.000 69.684 64.656 59.621 61.587 8.563 0.000 0.000 0.000 0.000 0.000 0.000 61.344 57.334 48.321 0.000 0.000 49.158 61.138 60.122 0.000 0.000 8.296 65.176 56.922 60.745 67.823 82.883 94.806 86.490 88.046 87.610 87.422 87.205 84.992 67.788 46.601 52.601 50.601 31.601 0.000 0.000 0.000 7.561 58.534 40.497 41.452 45.400 53.341 43.276 41.207 40.136 44.063 58.990 65.917 57.845 43.774 38.703 40.634 40.565 40.497 40.430 39.363
58.909 56.833 60.731 71.613 65.526 58.468 77.433 66.420 18.437 0.000 12.089 61.941 77.865 72.817 72.783 75.765 0.000 0.000 0.000 0.000 7.296 7.301 59.313 50.311 53.305 0.000 0.000 0.000 97.134 124.122 39.107 0.000 64.416 59.312 59.150 59.056 55.139 95.158 94.987 87.536 91.142 87.889 87.680 87.466 79.241 32.014 0.000 54.601 32.601 0.000 0.000 0.000 46.668 45.624 44.588 40.549 44.503 56.450 61.391 59.326 52.258 42.188 51.115 59.043 37.970 43.899 56.828 53.758 49.690 57.623 38.556 40.489 38.422
56.970 62.898 72.815 64.727 56.651 56.590 69.538 77.490 73.454 76.379 78.237 73.124 68.048 69.997 58.964 57.948 0.000 0.000 0.000 8.289 64.291 63.294 51.296 53.292 54.282 58.261 57.248 0.000 8.141 2.126 1.074 10.817 70.639 63.506 58.344 59.433 57.479 95.314 57.150 64.741 79.337 87.158 87.945 85.739 44.490 0.000 0.000 0.000 0.000 0.000 0.000 47.737 41.711 41.681 41.647 42.606 52.559 61.506 60.446 60.381 56.312 52.241 62.168 45.095 40.023 40.951 40.881 50.812 63.745 50.680 38.614 39.549 45.482
63.040 73.974 63.903 56.830 57.762 57.701 59.640 43.546 69.510 67.447 59.357 56.271 55.206 71.159 73.129 60.114 0.000 0.000 0.000 64.287 60.287 57.286 50.285 54.280 54.270 54.254 54.235 13.203 16.164 17.134 19.085 86.956 83.823 72.691 71.645 60.642 95.591 95.459 59.202 65.851 60.628 67.432 86.205 61.055 0.000 0.000 0.000 0.000 0.000 0.000 0.000 47.762 41.759 41.741 41.711 42.671 51.623 61.568 60.506 59.439 56.369 61.296 55.222 39.147 41.074 41.002 40.932 50.865 58.799 37.736 40.673 43.609 62.541
74.116 64.055 56.992 57.928 57.867 58.813 39.773 0.000 26.593 54.542 57.470 57.399 57.344 55.304 79.279 63.266 0.000 0.000 0.000 41.285 58.282 52.281 53.278 54.272 54.263 54.251 54.233 65.210 5.178 9.161 26.171 79.099 88.996 10.884 92.805 82.996 95.707 57.771 71.416 68.060 57.931 54.736 51.387 36.221 0.000 0.000 43.334 0.000 0.000 0.000 0.000 43.792 41.821 41.813 41.785 41.744 42.694 48.636 56.571 56.501 56.428 60.352 38.275 41.199 41.124 40.051 45.982 62.915 45.852 39.792 42.734 23.674 24.592
64.197 57.140 58.081 58.022 57.964 60.912 16.867 14.831 7.728 52.656 57.584 59.511 57.466 56.435 74.415 70.406 0.000 0.000 0.000 0.000 49.277 52.276 54.273 54.268 54.261 54.251 56.239 42.224 0.000 0.000 76.338 79.272 90.181 96.052 90.155 88.193 95.806 78.819 81.522 66.364 59.270 52.196 0.000 0.000 0.000 0.000 41.334 0.000 0.000 0.000 0.000 0.000 44.921 41.904 41.872 41.827 41.773 41.711 41.642 48.567 56.489 44.409 41.328 41.249 41.172 44.098 57.028 56.962 38.900 40.845 43.796 10.762 0.000
57.282 58.228 58.171 58.114 58.057 58.003 61.951 62.899 62.832 58.769 58.700 38.595 55.574 56.555 72.541 71.537 0.000 0.000 0.000 0.000 48.274 54.273 54.270 54.266 54.261 54.255 42.247 0.000 0.000 4.703 81.570 87.474 90.374 90.320 89.399 95.940 88.298 91.015 85.705 70.647 60.587 59.583 59.717 0.000 0.000 0.000 38.334 45.334 38.334 0.000 0.000 0.000 60.038 41.010 41.970 41.920 41.861 42.793 41.718 41.637 41.552 41.466 41.380 41.296 40.216 46.140 61.069 38.004 40.944 40.890 42.845 17.815 0.000
58.371 58.318 58.263 58.206 58.148 58.090 58.035 57.982 57.932 57.887 61.853 0.000 48.681 57.668 73.658 68.664 4.710 0.000 0.000 0.000 53.272 56.271 56.268 56.266 54.262 57.260 0.000 0.000 0.000 73.836 79.764 90.679 90.561 90.669 88.719 96.144 89.430 94.074 89.965 90.899 78.850 66.831 55.851 50.851 52.851 0.000 0.000 44.335 39.334 45.328 46.313 44.275 50.183 60.129 42.079 43.022 51.957 58.882 40.799 41.710 41.616 41.522 41.430 40.341 45.257 64.178 58.106 47.040 39.981 40.927 42.880 57.837 75.791
58.463 58.410 58.355 58.298 58.238 58.176 58.116 61.062 59.027 57.995 61.972 0.000 48.801 57.778 74.758 66.750 6.757 0.000 0.000 0.000 26.271 36.270 35.267 35.266 56.263 41.262 0.000 0.000 0.000 76.041 85.975 90.887 90.846 89.950 96.764 96.471 90.492 91.336 90.194 90.138 91.084 82.041 47.005 0.000 0.000 0.000 0.000 42.336 42.338 39.338 41.336 42.328 41.289 48.245 62.194 45.133 43.063 52.980 40.888 41.787 41.682 41.577 41.476 41.380 49.291 62.210 49.136 61.071 39.011 39.958 44.910 65.864 77.816
58.557 58.504 58.450 58.393 58.331 61.260 63.192 35.124 56.118 59.095 61.067 21.041 51.943 56.887 68.845 66.820 7.811 0.000 0.000 0.000 0.000 0.000 2.266 2.266 37.265 0.000 0.000 0.000 24.478 74.312 91.206 91.089 91.206 89.292 97.030 89.073 94.781 90.477 90.432 90.366 90.307 80.242 41.124 0.000 0.000 0.000 0.000 0.000 45.343 46.349 33.366 41.412 42.402 42.367 46.318 62.255 45.179 42.089 41.984 41.867 41.747 41.629 39.517 45.413 64.318 45.233 44.159 58.094 42.036 39.984 46.937 72.892 77.846
58.653 58.600 58.547 58.493 60.432 36.341 38.266 0.000 18.228 54.198 58.159 62.113 58.045 60.980 65.917 70.875 9.856 0.000 0.000 0.000 0.000 3.266 55.266 62.266 0.000 0.000 0.000 7.762 83.644 85.525 91.420 91.377 90.496 97.510 97.279 90.132 90.849 90.721 90.653 90.590 89.536 69.497 0.000 0.000 0.000 0.000 0.000 0.000 0.000 37.349 0.000 48.554 45.538 41.504 41.454 43.390 60.311 49.212 41.092 41.951 41.810 40.675 45.551 47.436 46.333 43.247 41.173 41.110 41.055 42.006 54.962 76.920 77.880
58.749 58.696 58.646 58.600 63.562 1.547 0.000 24.458 16.368 50.310 59.259 57.206 59.144 71.072 42.966 36.908 1.882 0.000 0.000 0.000 0.000 53.266 59.266 61.266 0.000 0.000 0.000 70.879 75.811 89.724 91.608 91.739 89.835 97.724 89.627 91.305 91.000 90.942 90.869 90.805 82.751 59.714 0.000 0.000 0.000 0.000 0.000 0.000 0.000 0.000 0.000 52.712 47.692 41.656 39.606 42.541 42.461 58.357 51.220 42.037 42.865 40.712 47.574 47.447 44.334 38.246 41.177 41.119 43.068 57.024 75.984 77.948 80.914
59.841 57.789 57.741 57.699 60.667 30.655 27.629 59.547 64.476 58.416 56.362 63.308 73.251 76.200 0.142 0.000 0.000 0.000 0.000 0.000 0.000 21.266 28.266 30.266 0.000 0.000 0.000 73.065 81.001 90.913 91.905 90.944 98.118 97.927 90.655 91.362 91.225 91.149 91.077 91.011 72.948 54.893 0.000 0.000 0.000 0.000 0.000 0.000 0.000 0.000 0.000 50.889 48.864 48.823 45.771 38.709 40.634 41.537 57.393 57.111 53.903 50.733 43.584 42.447 39.308 40.228 41.168 45.119 65.076 77.037 77.003 77.972 76.945
73.930 72.878 71.830 69.788 66.752 67.722 67.683 64.628 65.571 67.517 67.465 73.412 75.354 33.277 0.000 0.000 0.000 0.000 0.000 0.000 0.000 0.000 0.000 0.000 0.000 11.573 19.494 74.315 91.207 92.116 92.067 91.295 98.296 90.127 91.804 91.493 91.430 91.350 91.279 89.212 71.139 42.016 0.000 0.000 0.000 0.000 0.000 0.000 0.000 0.000 0.000 41.091 45.051 48.001 48.947 47.889 44.828 40.763 34.705 0.000 0.000 0.000 0.000 0.000 43.223 41.189 44.151 65.113 78.078 77.046 78.017 80.992 76.971
70.013 71.961 70.914 72.871 74.832 73.796 72.756 70.710 68.663 68.616 69.569 65.521 65.475 0.000 0.000 0.000 0.000 0.000 0.000 0.000 0.000 0.000 0.000 0.000 0.000 60.652 83.595 82.493 91.399 92.288 92.415 90.518 98.462 92.219 91.826 91.703 91.621 91.545 91.477 87.420 67.380 0.000 0.000 0.000 0.000 0.000 0.000 0.000 0.000 0.000 48.479 43.333 40.248 42.183 47.126 49.073 49.025 49.984 40.957 0.000 0.000 0.000 0.000 0.000 44.172 42.156 58.131 79.104 77.078 77.052 77.029 78.008 76.992
58.091 58.040 58.993 65.950 74.910 80.872 68.834 62.794 57.754 55.714 54.674 60.627 39.551 0.000 0.000 0.000 0.000 0.000 0.000 0.000 0.000 0.000 0.000 0.000 0.000 66.787 82.741 90.665 92.578 92.546 91.675 98.756 98.615 94.235 92.042 91.883 91.807 91.731 91.665 86.612 61.580 0.000 0.000 0.000 0.000 0.000 0.000 0.000 0.000 48.748 43.626 43.513 43.426 42.357 39.300 44.253 48.215 49.191 46.183 0.000 0.000 0.000 0.000 47.128 41.137 45.130 73.115 77.096 77.076 77.056 77.037 77.021 77.008
57.165 57.115 61.069 66.026 67.987 70.950 60.914 56.878 57.845 57.813 59.785 37.763 0.000 0.000 0.000 0.000 0.000 0.000 0.000 0.000 0.000 0.000 0.000 0.000 0.000 52.968 81.916 91.846 92.744 92.874 90.983 98.886 91.779 93.455 92.136 92.072 91.985 91.908 91.839 82.783 55.749 0.000 0.000 0.000 0.000 0.000 0.000 0.000 47.982 43.870 43.763 43.667 43.585 43.519 43.464 40.422 39.393 42.382 49.401 49.489 0.000 0.000 0.000 41.118 42.119 60.113 77.103 76.089 76.073 77.058 77.043 77.031 77.020
57.233 57.185 59.140 60.099 58.061 57.026 57.992 56.961 56.933 56.909 61.890 6.878 0.000 0.000 0.000 0.000 0.000 0.000 0.000 0.000 0.000 0.000 0.000 0.000 4.337 61.202 90.113 93.029 92.999 92.129 99.123 99.009 94.776 92.478 92.334 92.245 92.158 92.076 92.999 72.931 60.884 0.000 0.000 47.586 0.000 47.355 49.311 49.227 44.095 43.987 43.891 43.805 43.731 43.668 43.617 43.578 42.553 39.542 48.551 49.576 42.576 0.000 0.000 49.108 41.106 49.101 55.093 58.083 62.071 68.059 74.048 76.038 76.030
58.298 58.252 58.209 58.169 58.133 57.099 57.069 57.041 57.018 55.999 63.987 14.981 0.000 0.000 0.000 0.000 0.000 0.000 0.000 0.000 0.000 0.000 0.000 0.000 45.472 81.389 92.304 93.193 93.334 91.425 99.225 92.226 93.901 92.586 92.512 92.417 92.327 92.239 93.151 65.059 42.972 0.000 0.000 43.586 0.000 42.398 44.351 44.276 44.182 44.092 44.008 43.932 43.864 43.806 43.758 43.722 41.696 43.684 49.683 46.690 0.000 0.000 0.000 48.099 47.097 46.093 45.086 44.078 43.069 47.060 58.051 54.043 56.037
56.359 56.315 56.274 56.236 56.202 56.170 56.142 57.117 59.098 61.084 36.077 3.078 0.000 0.000 0.000 0.000 0.000 0.000 0.000 3.708 12.700 0.000 0.000 15.832 56.690 87.584 93.480 93.469 92.496 99.405 99.320 95.215 92.922 92.773 92.680 92.586 92.494 92.401 88.307 35.183 0.000 0.000 0.000 43.586 49.567 44.490 44.418 44.343 44.267 44.191 44.118 44.049 43.987 43.933 43.888 43.853 40.828 49.814 49.809 45.809 0.000 0.000 0.000 47.093 46.091 47.087 47.081 47.074 47.067 47.060 46.053 46.047 45.042
57.416 57.374 60.336 64.300 67.267 71.238 73.211 76.189 75.172 67.161 5.160 16.176 40.230 8.254 0.000 0.000 0.000 0.000 0.000 43.716 70.692 10.652 0.000 49.973 82.874 92.765 93.664 93.594 92.818 99.478 91.650 93.337 93.021 92.946 92.849 92.754 92.660 93.566 80.492 0.000 0.000 0.000 0.000 23.606 43.625 44.575 46.489 46.412 44.350 44.288 44.223 44.161 44.103 44.052 44.009 40.974 45.949 48.934 49.928 40.930 0.000 0.000 0.000 31.089 52.085 52.082 49.077 46.071 46.066 47.060 48.054 48.049 47.045
59.470 58.431 65.395 74.361 75.330 74.302 73.277 72.255 69.239 63.229 38.227 55.236 73.259 42.278 26.298 2.307 0.000 0.000 14.789 53.750 67.698 6.612 25.449 67.214 92.065 94.949 93.789 94.000 91.977 99.540 93.634 93.349 93.201 93.110 93.017 92.923 92.824 94.712 38.602 0.000 0.000 0.000 0.000 0.000 39.752 45.697 26.551 26.466 43.435 44.385 44.327 44.268 44.212 44.162 43.120 41.086 50.061 50.045 47.040 41.052 47.101 0.000 0.000 0.000 63.080 78.078 71.074 67.069 63.064 59.059 62.055 62.051 45.048
59.521 59.485 62.452 65.420 64.390 62.363 60.338 58.317 56.300 56.288 65.282 67.284 64.292 61.301 65.310 13.315 0.000 0.000 54.828 84.796 35.738 31.650 65.522 89.367 94.234 94.089 94.207 92.161 99.623 92.037 93.751 93.439 93.368 93.274 93.186 93.097 96.001 52.857 0.000 0.000 0.000 0.000 0.000 0.000 41.933 46.911 0.000 0.000 40.539 44.492 44.431 44.371 44.315 44.266 41.224 49.189 50.162 49.144 40.136 44.137 44.150 0.000 0.000 0.000 31.078 61.075 79.071 78.066 78.062 78.059 78.055 72.052 62.050
59.570 59.538 59.506 58.476 58.448 59.421 59.397 59.375 57.356 58.340 63.330 66.324 62.323 57.325 60.327 15.328 0.000 0.000 46.900 56.867 34.809 67.727 82.622 91.502 94.384 94.315 93.412 99.991 99.761 93.026 93.755 93.613 93.525 93.437 93.354 93.278 96.227 0.000 0.000 11.593 20.593 0.000 0.000 43.232 46.137 45.103 52.128 1.029 40.689 44.612 44.536 44.469 44.412 42.362 44.320 50.284 50.256 42.235 43.220 44.213 44.211 0.000 0.000 0.000 0.000 0.000 61.067 77.063 77.061 77.058 77.055 78.053 78.051
59.619 59.590 59.560 59.531 59.503 59.477 59.452 58.429 57.408 61.389 65.372 65.360 60.352 56.348 61.345 14.341 0.000 0.000 43.004 11.963 58.903 82.827 88.735 94.640 94.489 94.698 92.687 100.197 92.443 94.155 93.842 93.773 93.682 93.596 93.513 100.436 84.403 0.000 7.592 57.593 43.593 0.000 0.000 38.327 46.282 45.233 45.181 51.071 48.874 47.732 44.630 44.558 44.501 41.451 49.409 50.372 46.342 41.318 44.299 44.282 46.269 50.281 0.000 0.000 0.000 0.000 0.000 74.060 77.059 77.057 77.055 78.053 76.052
59.669 59.641 59.613 59.585 59.558 59.532 58.506 57.482 59.458 63.434 66.410 62.391 57.378 56.370 59.363 41.351 28.323 29.262 25.149 26.080 66.014 86.941 92.862 94.751 94.889 92.878 100.557 100.384 93.447 94.160 94.014 93.925 93.837 93.752 98.666 41.549 56.545 26.581 57.591 65.593 0.000 0.000 0.000 37.468 46.428 45.369 45.290 55.173 66.006 39.811 49.694 45.632 42.581 44.534 50.491 49.454 40.422 43.396 44.374 44.349 31.304 32.292 0.000 0.000 0.000 0.000 0.000 55.058 76.057 77.056 77.055 81.053 77.052
59.720 59.693 59.665 59.638 59.611 59.585 57.560 57.535 61.508 68.479 69.444 65.417 60.400 58.391 58.387 60.377 60.355 69.314 10.251 44.192 82.131 89.064 94.992 94.956 94.087 100.864 100.715 93.800 94.581 94.243 94.169 94.074 93.988 93.909 101.851 0.000 39.645 41.608 31.599 33.596 0.000 0.000 0.006 40.647 46.595 45.524 51.437 67.326 44.166 0.000 30.704 43.696 41.658 49.613 50.569 46.530 43.497 44.471 44.451 46.437 0.000 0.000 0.000 0.000 0.000 0.000 47.057 28.057 67.056 77.055 77.054 82.053 77.053
59.771 59.744 59.717 59.690 59.664 58.638 57.613 59.588 66.562 43.529 19.469 18.433 15.413 45.406 62.416 57.416 60.407 41.386 3.350 49.306 87.253 93.200 95.087 95.328 93.350 101.001 94.131 94.908 94.476 94.417 94.312 94.219 94.130 95.047 92.976 14.921 14.783 0.000 0.000 0.000 0.000 0.000 40.027 47.879 45.782 44.694 64.608 68.528 0.000 0.000 0.839 39.788 45.742 50.690 50.641 40.599 44.565 44.539 44.521 47.512 0.000 0.000 0.000 0.000 0.000 0.000 26.057 0.000 55.054 77.054 77.053 83.053 77.052
59.822 59.795 59.768 59.742 58.716 57.690 59.666 62.643 70.623 29.607 0.000 0.000 0.000 0.000 44.454 59.463 60.471 46.473 48.458 74.427 91.386 95.310 95.481 93.501 101.244 101.128 95.110 94.804 94.655 94.551 94.453 94.358 94.266 97.174 82.086 11.004 0.000 0.000 0.000 0.000 0.000 1.400 40.174 47.062 45.958 43.864 71.772 32.650 0.000 0.000 46.022 50.915 50.832 50.764 48.707 43.661 44.626 44.600 44.584 46.577 0.000 50.668 2.668 0.000 0.000 0.000 0.000 0.000 48.053 77.053 77.053 77.053 77.052
59.872 59.846 59.819 59.793 58.767 57.741 61.717 65.696 69.679 27.669 0.000 0.000 0.000 0.000 24.483 67.511 62.542 68.578 81.582 90.560 94.520 95.526 94.674 101.448 101.349 94.443 95.218 94.875 94.791 94.687 94.590 94.495 98.400 61.296 33.191 0.000 0.000 0.000 0.000 0.000 2.678 42.558 47.375 46.236 48.124 45.032 68.965 0.000 0.000 41.327 48.159 64.018 52.909 49.826 45.762 43.713 43.676 44.650 44.636 44.636 49.660 45.668 36.668 0.000 0.000 0.000 44.052 46.052 45.053 77.053 77.052 77.052 77.052
59.922 59.896 59.871 59.844 57.818 59.791 65.766 66.743 64.727 51.723 12.739 0.000 0.000 0.000 0.000 20.559 16.606 56.717 87.731 91.710 95.649 95.818 93.941 101.538 93.752 95.531 95.096 95.030 96.918 95.817 94.723 94.634 100.544 23.420 0.000 0.000 0.000 0.000 0.000 23.902 62.797 62.679 50.533 47.383 58.270 53.176 54.092 15.011 2.846 39.494 44.271 55.088 50.960 54.869 48.802 51.752 50.715 47.690 44.675 43.670 43.675 49.677 0.000 0.000 0.000 0.000 41.052 41.052 51.052 77.052 77.052 77.052 77.052
