results3_8e3_rain/res_3e8f-0183.wd
ncols         241
nrows         181
xllcorner     12693529.787448
yllcorner     3542525.717860
cellsize      155.156523
NODATA_value  -9999.000000
[rows 33 to 65 of 181, columns 73 to 145 of 241]
0.000 0.000 0.000 0.000 0.000 0.000 0.000 0.000 0.000 0.000 0.000 0.000 0.000 0.000 0.000 0.000 0.000 0.000 0.000 0.000 0.000 0.000 0.000 0.000 0.000 0.000 0.000 0.000 0.000 0.000 0.000 0.000 0.000 0.000 0.000 0.000 0.000 0.000 0.000 39.663 62.664 67.666 23.668 0.000 0.000 32.744 46.773 13.752 4.752 36.773 39.789 33.787 34.768 35.732 35.678 35.606 35.513 34.397 40.244 60.008 6.525 14.642 11.923 47.084 63.543 68.071 66.631 67.232 65.767 67.853 62.908 62.517 62.507
0.000 0.000 0.000 0.000 0.000 0.000 0.000 0.000 0.000 0.000 0.000 0.000 0.000 0.000 0.000 0.000 0.000 0.000 0.000 0.000 0.000 0.000 0.000 0.000 0.000 0.000 0.000 0.000 0.000 0.000 0.000 0.000 0.000 0.000 0.000 0.000 0.000 0.000 0.000 0.000 14.664 9.665 0.000 0.000 0.000 0.000 28.864 0.000 0.000 26.814 50.855 49.859 39.842 35.806 35.749 35.670 35.570 34.451 56.317 54.162 0.000 37.478 50.044 63.472 67.953 67.475 67.045 66.553 67.613 63.631 62.929 63.182 65.484
0.000 0.000 0.000 0.000 0.000 0.000 0.000 0.000 0.000 0.000 0.000 0.000 0.000 0.000 0.000 0.000 0.000 0.000 35.117 67.117 20.117 0.000 0.000 0.000 0.000 0.000 0.000 0.000 0.000 0.000 0.000 0.000 0.000 0.000 0.000 0.000 0.000 0.000 0.000 0.000 0.000 0.000 0.000 0.000 0.000 0.000 20.955 0.000 0.000 0.000 28.958 46.953 46.935 37.900 35.841 35.756 33.646 49.521 58.410 0.000 23.137 47.748 62.303 68.808 68.316 67.861 67.342 69.374 65.361 63.468 63.867 66.192 65.437
0.000 0.000 0.000 0.000 0.000 0.000 0.000 0.000 0.000 0.000 0.000 22.119 60.119 0.119 0.000 0.000 0.000 0.000 42.117 93.117 49.117 0.000 0.000 0.000 0.000 0.000 0.000 0.000 0.000 0.000 0.000 0.000 0.000 0.000 0.000 0.000 0.000 0.000 0.000 0.000 0.000 0.000 0.000 0.000 0.000 0.000 24.047 25.088 32.106 18.104 28.067 36.058 49.047 40.018 35.960 32.867 43.738 53.577 42.393 18.055 47.526 65.072 69.614 69.136 68.673 68.133 68.138 67.101 64.119 64.567 66.905 66.157 65.923
0.000 0.000 0.000 0.000 0.000 0.000 0.000 0.000 0.000 0.000 0.000 43.119 78.119 67.119 54.119 9.119 3.118 27.118 81.117 89.117 54.117 0.000 0.000 0.000 0.000 23.133 2.133 0.000 0.000 0.000 0.000 0.000 0.000 0.000 0.000 0.000 0.000 7.134 0.000 0.000 0.000 11.133 29.133 0.000 0.000 40.110 55.097 58.110 56.126 42.139 36.148 35.166 49.177 40.165 32.114 46.013 59.861 47.655 35.528 50.247 54.840 67.402 69.940 69.479 68.928 68.908 66.853 64.880 65.285 67.631 66.891 66.661 66.327
0.000 0.000 0.000 0.000 0.000 0.000 0.000 0.000 0.000 0.000 0.000 14.119 76.119 59.119 40.119 2.119 23.118 73.118 84.117 91.117 50.116 0.000 0.000 0.000 0.132 61.133 45.133 0.000 0.000 0.000 0.000 0.000 0.000 0.000 0.000 0.133 24.134 36.134 38.134 0.000 0.000 20.133 45.132 24.131 38.128 61.123 64.121 65.131 62.149 49.177 36.220 33.281 50.329 41.350 45.320 63.209 57.037 0.000 33.818 52.563 65.187 70.750 70.295 69.736 69.691 67.624 65.767 66.025 68.373 67.643 67.419 67.087 66.754
0.000 0.000 0.000 0.000 0.000 0.000 0.000 0.000 0.000 0.000 0.000 0.000 0.000 27.119 65.119 61.119 49.119 62.118 82.117 93.116 46.115 0.000 0.000 0.000 0.000 23.133 47.133 49.133 0.000 0.000 0.000 0.000 0.000 0.000 0.000 0.000 40.134 41.134 53.134 36.134 25.134 39.133 40.133 36.132 43.132 50.131 48.134 41.144 60.163 26.199 42.275 45.407 35.510 47.585 60.606 57.467 0.192 8.778 45.363 62.001 70.596 71.134 70.582 70.507 67.435 66.821 66.796 69.134 68.415 68.201 67.876 67.544 67.186
0.000 0.000 0.000 0.000 0.000 0.000 0.000 0.000 0.000 0.000 0.000 0.000 0.000 17.119 84.119 79.120 69.119 59.119 83.118 91.116 86.114 71.110 26.107 0.000 0.000 0.000 3.133 57.133 41.133 39.133 50.133 45.133 8.133 0.000 0.000 4.134 40.134 39.134 60.134 66.134 55.134 47.134 39.134 36.134 37.135 38.136 37.140 35.148 43.160 4.179 0.000 4.563 40.719 63.873 62.053 1.392 7.488 45.191 58.852 68.492 72.030 71.591 72.366 68.319 68.118 67.614 69.923 69.208 69.000 68.688 68.371 68.021 67.631
0.000 0.000 0.000 0.000 0.000 0.000 0.000 0.000 0.000 0.000 0.000 0.000 0.000 0.000 17.120 56.120 31.120 67.120 86.119 91.116 89.113 87.109 76.105 35.102 0.101 0.000 0.000 13.133 52.133 52.133 65.133 63.133 56.133 51.133 0.000 0.000 7.134 44.134 63.134 70.134 62.134 46.135 35.135 36.135 36.137 36.138 36.142 36.146 40.151 0.000 0.000 0.000 10.928 48.137 17.610 14.900 49.839 54.642 66.381 72.986 72.838 71.078 69.406 69.785 68.516 70.757 70.031 69.816 69.510 69.212 68.894 68.538 68.109
0.000 0.000 0.000 0.000 0.000 0.000 0.000 0.000 0.000 0.000 0.000 0.000 0.000 0.000 0.000 2.121 88.122 88.122 90.121 90.118 89.113 83.107 77.102 48.098 0.000 0.000 0.000 0.000 0.000 20.133 65.133 59.133 74.133 71.133 50.133 29.134 30.134 39.134 61.134 70.134 61.135 44.135 34.135 39.136 38.138 36.140 36.142 36.145 37.147 29.146 0.000 0.000 0.000 0.000 9.351 52.394 55.324 63.180 73.902 74.014 72.374 74.265 72.023 69.560 71.669 70.904 70.658 70.338 70.043 69.750 69.454 69.130 67.694
0.000 0.000 0.000 0.000 0.000 0.000 23.088 46.085 0.000 24.027 64.017 53.004 56.993 31.987 0.000 0.000 24.125 96.125 90.125 87.121 84.114 87.105 78.097 41.092 0.000 0.000 0.000 0.000 0.000 0.000 0.000 9.133 63.133 64.133 15.133 0.000 6.134 43.134 61.134 66.134 56.135 47.135 45.136 7.137 14.138 42.140 36.142 36.144 37.145 43.145 51.145 13.145 0.000 0.000 25.048 58.002 61.896 72.705 74.920 74.552 77.831 76.410 70.905 72.710 71.854 71.543 71.184 70.866 70.568 70.293 70.044 69.831 75.680
0.000 0.000 0.000 0.000 0.000 0.000 23.091 66.082 8.063 58.038 60.019 72.002 54.989 39.980 0.000 0.000 12.126 81.128 93.134 90.128 90.117 91.102 85.089 39.080 0.000 0.000 0.000 0.000 0.000 0.000 0.000 0.000 0.000 48.133 7.133 0.000 2.134 49.134 46.134 58.134 15.134 0.000 0.000 0.000 0.000 8.141 46.142 40.144 3.144 33.145 67.145 50.145 3.145 0.000 29.800 63.640 72.542 75.663 75.419 79.590 78.845 72.263 73.828 72.876 72.479 72.060 71.699 71.369 71.071 70.809 70.598 70.472 75.514
21.359 65.353 55.348 0.000 0.000 0.000 17.102 77.090 53.068 55.042 61.018 84.997 85.980 80.965 34.951 0.000 0.000 0.000 41.153 95.142 90.122 91.099 88.075 47.059 0.000 0.000 0.000 0.000 0.000 0.000 0.000 0.000 0.000 6.133 0.000 0.000 0.000 0.000 0.000 0.000 0.000 0.000 0.000 0.000 0.000 0.000 0.000 21.144 18.144 0.000 0.000 0.000 0.000 19.212 56.629 73.582 75.258 76.191 80.539 80.144 73.292 74.851 73.888 73.432 72.959 72.549 72.177 71.841 71.538 71.275 71.065 70.943 73.979
21.360 77.352 59.343 55.332 0.000 0.000 4.126 69.108 71.077 71.045 83.014 79.989 91.968 90.950 51.937 0.000 0.000 0.000 17.183 97.163 90.132 91.094 88.055 48.023 0.000 0.000 8.589 56.551 68.510 37.483 0.000 0.000 0.000 0.000 0.000 0.000 0.000 0.000 0.000 0.000 0.000 0.000 0.000 0.000 0.000 0.000 0.000 0.000 6.144 0.000 0.000 0.000 17.176 57.683 74.644 75.227 81.456 80.946 74.563 75.126 75.628 74.811 74.345 73.848 73.403 72.995 72.621 72.278 71.966 71.686 71.447 78.256 19.118
85.363 82.353 61.340 62.322 54.295 1.247 59.169 54.139 62.087 75.046 79.006 89.978 90.952 89.929 58.910 0.000 0.000 0.000 16.233 96.197 90.148 91.091 86.029 65.954 49.836 50.730 50.626 58.555 79.497 46.455 0.000 0.000 0.000 0.000 0.000 0.000 0.000 0.000 0.000 0.000 0.000 0.000 0.000 0.000 0.000 0.000 0.000 0.000 0.000 0.000 15.265 46.042 55.551 74.538 76.128 82.793 82.201 75.112 76.833 76.168 75.628 75.173 74.690 74.236 73.808 73.407 73.034 72.685 72.360 72.058 78.779 24.518 0.000
82.368 77.356 75.341 58.320 62.291 62.255 53.213 46.191 0.000 0.000 20.985 79.963 90.934 88.903 73.865 40.812 0.000 3.406 65.318 86.245 91.171 90.095 91.014 80.927 56.826 53.726 52.630 61.546 79.467 62.386 48.273 49.184 53.119 64.079 28.063 0.000 0.000 0.000 0.000 0.000 0.000 0.000 0.000 0.000 0.000 0.000 0.000 0.000 0.000 0.000 26.465 66.305 74.252 76.901 83.672 83.276 75.834 77.505 76.728 76.358 75.918 75.468 75.025 74.596 74.184 73.793 73.421 73.068 72.731 78.408 25.093 0.000 0.000
71.375 23.363 91.347 62.327 56.294 57.265 59.238 59.221 48.220 0.000 0.000 0.948 24.918 95.885 85.834 63.759 55.636 62.495 61.388 63.293 71.197 72.102 59.007 55.913 53.816 53.719 52.623 61.531 76.440 55.347 52.248 57.161 73.094 76.055 61.047 35.047 0.000 0.000 0.000 0.000 0.000 0.000 0.000 0.000 0.000 0.000 0.000 0.000 0.000 17.303 59.149 74.761 77.602 84.237 83.992 76.530 78.175 77.393 77.037 76.610 76.189 75.765 75.346 74.937 74.541 74.159 73.791 73.435 79.089 24.748 0.000 0.000 0.000
17.384 90.372 91.359 77.347 0.000 4.272 64.253 60.234 71.219 62.204 0.000 0.961 3.924 83.885 80.828 65.753 56.656 53.548 53.446 56.341 69.223 77.109 79.999 72.901 62.805 55.710 54.613 70.515 73.416 48.314 52.212 52.118 53.041 56.999 36.023 0.000 0.000 0.000 6.573 0.000 0.000 0.000 0.000 0.000 0.000 0.000 0.000 20.525 52.194 60.051 73.567 84.898 84.513 77.582 78.178 78.746 78.058 77.696 77.276 76.870 76.462 76.057 75.657 75.265 74.883 74.511 75.148 81.792 25.440 0.000 0.000 0.000 0.000
95.392 91.382 91.370 91.355 78.333 61.298 61.269 61.243 52.219 1.176 18.074 25.019 76.957 73.902 76.840 69.769 70.686 70.597 70.506 73.403 68.246 68.111 69.980 73.886 74.795 72.702 68.604 79.501 77.394 65.282 66.169 66.057 67.954 42.877 0.000 0.000 0.000 0.000 7.573 0.000 0.000 0.000 0.000 0.000 0.000 7.401 55.179 55.744 76.758 77.315 85.959 85.482 80.068 79.786 79.175 78.710 78.333 77.923 77.525 77.128 76.734 76.344 75.960 75.584 75.216 75.854 79.498 12.145 0.000 0.000 0.000 0.000 0.000
94.401 90.393 90.384 91.369 88.347 66.316 60.284 61.250 62.213 54.165 3.101 69.042 65.983 66.925 67.863 62.795 66.723 71.648 79.577 64.519 0.000 0.073 14.924 72.867 68.787 68.699 68.600 68.492 68.375 68.252 68.123 67.987 65.842 60.678 33.459 0.000 9.093 52.871 59.573 71.267 41.031 0.000 0.000 0.000 1.319 56.599 67.387 79.311 79.947 86.693 86.359 80.717 80.395 79.661 79.333 78.945 78.550 78.158 77.769 77.383 77.001 76.624 76.256 75.895 76.541 79.192 26.845 0.000 0.000 0.000 0.000 0.000 0.000
80.407 80.406 80.404 91.392 91.369 81.337 57.299 60.260 61.220 61.174 67.122 76.067 60.009 56.951 54.891 61.827 76.761 75.696 60.634 40.576 0.000 0.000 0.000 0.880 57.788 52.708 52.606 52.490 52.363 53.228 56.084 56.927 56.749 55.533 56.240 54.790 54.314 62.949 69.580 67.199 73.794 71.254 65.745 63.233 65.607 77.242 80.762 80.556 87.186 86.970 81.354 81.009 80.261 79.936 79.542 79.157 78.772 78.389 78.010 77.634 77.262 76.897 76.544 77.200 77.862 16.527 0.000 0.000 0.000 0.000 0.000 0.000 0.000
0.000 46.420 58.434 86.424 90.400 71.363 54.316 53.271 61.231 61.191 60.146 54.093 55.035 60.980 77.923 76.862 59.799 52.741 42.688 0.000 62.257 71.196 67.102 67.982 70.850 73.740 72.625 73.500 76.360 75.212 72.057 73.888 68.695 54.465 58.177 56.817 61.423 79.031 85.598 82.154 75.692 70.221 71.767 78.232 83.086 81.522 87.789 87.440 81.339 82.949 81.535 80.875 80.536 80.139 79.755 79.372 78.992 78.617 78.247 77.881 77.516 78.158 75.822 71.499 23.180 0.000 0.000 0.000 0.000 0.000 0.000 0.000 0.000
0.000 0.000 51.487 70.472 81.445 56.398 48.330 55.277 53.243 60.213 61.177 61.126 54.057 71.011 62.958 51.897 54.834 46.781 0.000 71.407 74.318 74.229 76.128 77.014 79.892 83.775 82.655 82.523 82.366 84.204 85.044 82.873 70.679 56.453 58.187 57.876 57.531 60.156 33.627 6.126 95.597 137.195 114.729 80.663 82.182 88.752 88.314 81.786 84.515 81.930 81.488 81.131 80.737 80.352 79.966 79.582 79.206 78.840 78.482 78.126 79.764 74.398 63.087 17.793 0.000 0.000 0.000 0.000 0.000 0.000 0.000 0.057 46.858
3.724 0.000 6.554 27.533 62.509 44.453 0.000 50.265 55.252 55.240 61.225 50.175 0.000 55.050 53.001 54.934 55.857 65.769 79.646 76.495 78.380 84.275 94.168 138.054 134.929 134.812 134.698 134.571 135.377 119.193 51.042 53.880 51.695 59.483 58.242 54.969 52.670 34.434 0.000 0.000 4.392 62.101 79.113 83.709 89.443 89.124 81.383 83.085 82.385 82.081 81.713 81.332 80.949 80.562 80.173 79.786 79.411 79.054 79.714 78.378 70.015 58.582 16.335 0.000 0.000 0.000 0.000 0.000 0.000 0.000 3.158 38.097 58.975
77.724 25.700 14.642 77.597 55.605 0.000 0.000 0.000 49.261 62.269 54.307 0.000 7.224 63.139 54.062 64.981 77.891 77.791 82.675 85.549 78.432 64.322 55.214 51.103 48.960 51.846 52.756 39.686 0.000 56.149 53.053 51.911 55.738 59.541 56.328 48.089 54.745 35.476 0.000 1.677 57.397 74.409 84.132 89.935 89.714 81.965 83.653 82.950 82.657 82.289 81.922 81.545 81.162 80.774 80.379 79.978 79.598 80.252 75.942 64.657 21.336 0.000 0.000 0.000 0.000 0.000 0.000 0.000 0.000 0.000 6.219 56.159 55.070
87.743 95.734 83.716 0.688 12.710 6.819 1.854 0.858 0.000 0.000 58.426 56.405 64.309 61.218 61.129 61.036 77.937 91.829 80.713 60.593 58.476 53.366 55.265 46.186 0.000 57.857 54.792 43.730 0.000 57.202 52.108 52.972 59.805 57.615 55.442 37.314 0.000 1.951 54.093 51.857 68.642 84.552 90.212 82.898 83.465 84.126 83.523 83.229 82.868 82.509 82.141 81.764 81.381 80.994 80.590 81.149 80.751 70.413 55.145 17.971 0.000 0.000 0.000 0.000 0.000 0.000 0.000 4.604 31.558 30.472 45.340 57.249 45.163
77.771 81.777 71.779 0.000 0.000 71.893 64.888 58.863 2.802 10.708 76.567 73.481 60.389 61.295 61.199 62.098 82.990 134.875 127.755 74.633 129.514 50.400 54.293 54.190 56.073 53.933 53.825 53.713 55.554 51.349 51.205 60.064 58.895 55.673 50.509 39.411 0.000 0.698 56.134 62.956 84.953 83.833 90.568 83.944 84.531 84.081 83.791 83.446 83.097 82.737 82.367 81.988 81.605 81.231 82.838 78.277 59.844 46.503 48.253 14.112 0.000 0.000 0.000 0.000 0.000 0.000 0.000 4.650 40.597 45.518 59.421 53.333 43.251
73.802 68.823 12.844 0.000 3.013 54.972 63.941 60.899 78.837 72.753 77.653 85.562 76.470 61.374 61.274 61.166 60.050 53.927 48.800 53.671 50.547 54.429 54.317 54.208 54.095 53.977 53.864 53.743 52.599 57.435 59.301 60.183 44.039 0.000 43.509 0.000 0.000 0.682 60.295 82.209 86.209 91.549 91.091 84.035 84.688 84.330 84.017 83.684 83.335 82.974 82.603 82.218 81.820 80.485 42.256 0.000 0.000 0.000 0.000 0.000 0.000 0.000 0.000 37.062 32.024 30.960 29.871 33.749 42.663 58.580 52.494 43.412 53.333
65.830 56.870 61.930 7.029 60.055 56.040 55.006 72.957 65.893 81.816 90.731 70.644 56.555 54.459 57.356 60.242 61.118 60.984 53.844 52.705 53.574 53.451 54.337 54.229 54.123 59.016 55.910 52.796 53.663 56.493 60.380 49.327 0.000 0.000 0.000 0.000 15.952 135.830 79.560 86.583 84.554 91.953 83.852 86.372 87.856 84.583 84.267 83.936 83.587 83.221 83.854 80.459 67.971 58.633 16.445 0.000 0.000 0.000 0.000 0.000 0.000 0.000 39.144 39.100 39.050 39.984 39.904 40.812 54.727 54.645 38.564 41.486 43.411
40.846 41.898 35.977 60.103 56.137 55.126 66.087 70.029 80.961 87.887 53.810 52.730 53.645 55.552 54.448 51.330 59.196 60.047 60.887 59.732 53.591 52.466 51.352 52.248 58.150 117.056 84.964 64.867 47.765 0.000 62.399 70.418 0.000 0.000 0.000 0.000 60.077 70.970 87.854 85.888 92.658 92.319 84.941 85.471 86.138 84.845 84.535 84.206 83.854 84.471 83.131 35.795 0.000 0.000 0.000 0.000 0.000 0.000 0.000 0.000 0.000 0.000 46.187 42.146 39.090 40.024 37.949 49.868 56.788 40.709 41.632 49.557 47.484
0.000 0.000 0.000 53.268 56.266 58.239 79.187 90.112 104.034 85.961 14.891 71.821 71.744 55.656 55.554 54.432 52.288 55.120 60.927 58.744 59.594 61.468 59.358 57.261 53.173 48.094 53.021 47.944 0.000 0.000 0.000 56.529 48.556 0.000 0.000 2.486 70.307 87.156 87.229 85.244 92.968 84.662 87.165 88.672 85.415 85.125 84.821 84.498 84.155 81.676 36.403 0.000 0.000 0.000 0.000 0.000 0.000 0.000 0.000 0.000 0.000 45.349 15.271 3.206 47.142 37.073 48.000 59.924 47.847 42.772 47.697 51.625 44.555
0.000 0.000 0.000 51.434 57.419 73.380 84.308 132.199 126.103 128.031 133.973 129.917 130.854 55.776 55.679 54.557 54.406 53.218 47.956 57.723 59.572 60.454 58.352 60.264 60.189 61.126 54.083 0.000 0.000 0.000 0.000 57.611 42.584 0.000 0.011 61.636 83.520 87.474 86.463 93.532 93.258 85.720 86.267 86.958 85.696 85.421 85.126 85.809 60.590 0.000 0.000 0.000 0.000 0.000 0.000 0.000 0.000 0.000 57.662 46.614 36.536 40.427 40.341 41.267 41.197 44.126 57.054 53.980 48.906 49.833 47.761 45.690 41.622
17.684 0.000 0.000 52.617 69.596 77.552 83.467 54.271 53.149 52.087 49.053 50.022 49.977 55.914 55.828 71.713 71.560 47.389 0.000 44.620 57.518 59.424 57.332 59.255 59.191 60.138 56.102 0.058 0.937 1.892 55.832 40.722 0.000 0.000 63.033 71.880 88.755 87.667 86.849 93.788 85.393 87.922 90.459 86.236 85.988 85.736 84.453 72.023 30.807 0.000 0.000 0.000 0.000 0.000 43.911 38.890 38.850 38.792 42.711 54.643 57.567 43.481 38.400 40.325 42.252 57.180 56.108 42.036 50.964 51.893 50.822 43.754 39.687
