results3_8e3_rain/res_3e8f-0079.wd
ncols         241
nrows         181
xllcorner     12693529.787448
yllcorner     3542525.717860
cellsize      155.156523
NODATA_value  -9999.000000
[rows 99 to 131 of 181, columns 73 to 145 of 241]
54.810 54.797 54.786 53.776 53.768 58.760 61.753 58.746 54.742 54.740 48.740 4.740 0.000 0.000 0.000 0.000 0.000 10.757 68.896 93.930 91.968 91.157 97.890 97.814 90.915 91.607 91.449 91.334 92.224 92.120 91.025 94.944 53.885 0.000 0.000 0.000 0.000 0.000 0.000 17.702 43.606 55.412 23.077 4.879 34.802 37.722 35.629 39.499 36.220 33.765 3.336 28.035 31.875 46.758 52.676 55.617 53.575 48.544 41.524 36.513 31.507 9.499 0.000 0.000 0.000 0.000 3.359 21.358 33.358 57.357 58.356 58.356 58.355
54.822 54.810 53.800 51.790 55.782 60.774 61.766 61.752 55.745 52.742 57.741 57.740 18.740 0.000 14.061 44.030 20.979 0.658 57.217 97.129 92.400 92.433 97.953 90.245 92.027 91.676 91.582 91.465 91.352 91.247 93.152 92.072 28.018 0.000 0.000 0.000 0.000 0.000 0.000 21.918 27.849 38.771 0.000 0.000 29.966 37.905 36.803 40.647 40.398 11.081 0.000 22.943 36.852 41.738 62.670 63.622 63.586 64.559 65.541 63.529 44.524 0.000 0.000 0.000 0.000 0.000 0.000 20.356 33.353 57.352 58.351 58.350 58.350
54.834 53.823 53.813 56.804 59.795 60.789 35.784 0.000 28.743 64.742 37.741 11.741 3.741 0.000 25.092 75.051 71.965 63.801 82.524 93.631 90.605 98.041 91.541 92.343 91.904 91.832 91.709 91.592 91.474 92.362 90.263 78.176 25.097 0.000 0.000 0.000 0.000 0.000 25.381 32.204 30.102 31.053 4.116 0.000 36.191 54.130 47.032 41.889 16.644 0.000 0.000 5.943 0.000 35.672 60.644 64.614 62.588 62.566 62.550 64.540 37.536 31.538 31.539 37.539 0.000 0.000 0.000 0.000 32.348 57.347 58.346 58.345 58.344
53.844 52.834 57.825 60.816 60.808 60.801 25.797 0.000 0.000 7.742 0.000 0.000 0.000 0.000 18.163 81.118 87.032 94.904 94.795 91.882 98.410 98.182 91.519 92.226 92.072 91.956 91.839 91.718 91.592 97.464 47.362 15.272 0.000 0.000 0.000 0.000 0.000 16.709 34.559 30.416 30.303 29.222 35.179 1.018 29.477 55.391 54.305 52.235 0.000 0.000 0.000 0.000 0.000 33.634 62.621 66.603 63.585 62.568 60.555 49.546 30.541 26.540 27.539 11.539 0.000 0.000 0.000 0.000 28.343 57.343 58.342 58.341 54.339
52.854 58.845 60.836 60.828 58.819 64.811 34.807 0.000 0.000 0.000 0.000 0.000 0.000 0.000 29.279 87.224 90.146 93.993 93.190 93.173 98.615 90.924 92.625 92.295 92.204 92.088 91.973 95.850 101.710 56.540 25.448 0.415 0.000 0.000 0.000 0.000 17.980 40.859 34.729 27.596 32.472 36.355 33.235 31.064 44.797 48.653 38.562 46.512 0.000 0.000 0.000 0.000 0.000 39.610 63.603 68.593 67.580 63.566 58.556 27.548 25.543 26.541 33.540 0.000 0.000 0.000 0.000 22.339 26.340 55.339 58.338 58.337 52.335
59.864 60.856 60.848 59.839 37.830 3.818 22.812 24.811 0.000 0.000 0.000 0.000 0.000 20.568 73.449 87.363 90.251 92.387 93.370 98.974 98.802 91.911 92.609 92.444 92.334 92.222 96.113 58.001 17.857 0.000 35.445 21.443 0.000 0.000 0.000 0.000 26.100 60.020 50.903 45.770 40.632 41.491 39.342 40.175 52.995 46.862 30.778 32.738 0.000 0.000 0.000 0.000 0.000 39.593 67.590 32.586 30.576 62.562 65.553 35.547 26.544 31.542 1.541 0.000 0.000 0.000 0.000 0.000 22.337 40.335 56.334 59.333 52.332
60.874 60.868 56.860 60.851 42.844 0.000 13.811 43.811 0.000 0.000 0.000 0.000 10.787 72.687 86.588 92.499 92.455 92.578 99.280 99.132 91.259 93.028 92.672 92.579 92.463 92.354 96.256 68.184 0.192 0.000 5.444 8.443 0.000 0.000 0.000 0.000 13.302 45.217 50.092 59.949 55.796 43.636 46.469 55.301 50.144 38.024 29.948 30.926 4.986 6.001 0.000 0.000 0.000 37.578 71.577 0.000 0.000 11.553 58.549 48.545 29.542 8.542 0.000 0.000 0.000 0.000 0.000 0.000 0.000 19.332 45.331 55.330 48.329
58.885 55.882 54.875 70.859 49.852 0.000 12.811 40.811 0.000 0.000 0.000 4.965 68.888 81.804 91.724 94.592 93.821 91.834 99.417 90.585 92.353 88.906 90.829 92.704 92.588 93.476 87.372 77.295 25.292 0.000 0.000 0.000 0.000 0.000 0.000 1.092 35.589 40.454 40.299 42.137 50.968 53.787 56.596 50.415 37.258 31.141 30.066 29.032 33.031 18.016 0.000 0.000 0.000 26.566 63.563 29.554 18.550 10.548 53.544 59.541 39.538 0.000 0.000 0.000 0.000 0.000 0.000 0.000 0.000 14.329 38.328 43.327 30.326
52.898 61.899 57.900 0.000 0.000 0.000 3.811 3.811 0.000 0.000 0.000 6.043 84.993 86.927 94.826 93.978 92.983 99.659 99.543 92.552 92.234 92.070 91.948 90.828 91.709 93.589 50.463 1.386 0.000 0.000 0.000 0.000 0.000 4.857 21.661 36.345 46.954 43.711 42.514 39.333 40.151 42.950 54.714 55.504 47.333 36.217 29.143 29.104 31.091 0.000 0.000 0.000 0.000 11.557 53.554 31.550 27.548 27.545 59.539 62.536 45.533 8.529 0.000 41.522 0.000 0.000 0.000 0.000 0.000 17.327 41.326 36.325 22.324
53.910 63.917 50.925 0.000 0.000 0.000 0.811 12.811 0.000 0.000 0.000 72.169 82.119 94.050 94.031 93.159 99.865 99.766 91.880 93.648 93.293 93.195 93.072 92.951 94.830 44.710 0.000 0.000 0.000 0.000 0.000 0.000 20.326 37.054 49.780 45.478 44.171 43.921 43.714 44.531 42.353 41.148 14.805 33.555 58.355 40.250 28.187 31.151 29.137 17.145 0.000 0.000 0.000 12.552 45.547 23.544 0.000 0.000 15.532 52.530 41.528 50.526 57.523 16.523 0.000 0.000 0.000 0.000 0.000 0.000 32.323 30.322 23.322
51.921 55.936 54.957 30.984 0.000 0.000 0.000 0.000 0.000 0.000 25.467 85.346 92.263 94.166 94.307 92.411 99.956 92.182 93.957 93.515 93.441 93.315 94.195 95.073 56.952 0.000 0.000 0.000 0.000 0.000 0.000 39.957 50.598 46.254 44.927 44.616 44.331 44.090 43.890 43.723 43.584 52.482 0.000 0.000 26.281 35.241 27.203 36.177 36.162 18.154 0.000 0.000 0.000 0.000 29.538 66.535 34.531 0.000 8.527 53.526 47.525 38.523 38.521 0.000 0.000 0.000 0.000 0.000 0.000 0.000 11.320 22.320 23.320
63.926 1.948 57.982 56.011 45.047 4.073 0.000 0.000 0.000 16.692 75.588 89.485 95.397 94.357 93.490 100.110 100.037 93.137 93.829 93.671 93.555 94.440 96.318 57.196 0.000 0.000 0.000 0.000 0.000 27.167 37.858 49.316 45.854 45.438 42.060 41.727 41.447 42.218 44.034 43.888 46.779 23.714 0.000 0.000 6.248 31.229 30.208 48.191 44.181 0.000 0.000 0.000 0.000 0.000 13.531 58.529 70.527 27.524 53.523 67.522 59.521 35.520 28.519 0.515 0.000 0.000 0.000 0.000 0.000 0.000 17.318 23.318 27.318
45.919 0.000 60.015 50.030 57.057 49.099 10.168 0.684 9.877 76.796 85.705 95.621 94.474 94.713 92.715 100.173 92.439 94.225 93.879 93.789 94.675 95.569 49.443 0.000 0.000 0.000 0.000 0.000 39.821 50.476 48.091 46.596 48.063 47.583 53.149 57.785 52.511 45.302 39.140 43.016 48.929 6.882 0.000 0.000 2.235 34.221 35.208 57.197 45.192 0.000 0.000 0.000 0.000 0.000 1.526 53.524 62.523 67.521 63.520 63.519 67.518 51.517 30.515 31.513 0.509 0.000 0.000 0.000 0.000 19.316 24.317 22.316 27.316
0.000 0.000 28.031 79.040 42.050 0.000 0.000 15.044 74.982 79.908 93.833 94.697 94.938 92.836 100.260 92.708 94.511 94.081 94.018 94.901 91.790 46.716 0.000 0.000 0.000 0.000 0.000 42.493 50.166 47.827 47.433 50.914 25.220 3.684 6.168 22.752 48.512 50.339 51.207 43.107 44.039 5.003 0.000 0.000 0.000 15.213 33.205 40.199 39.196 0.000 0.000 0.000 0.000 0.000 1.522 44.521 57.519 62.518 63.517 64.517 60.516 56.515 41.513 29.511 33.508 39.507 0.000 0.000 0.000 0.000 22.316 23.315 25.314
0.000 0.000 5.039 80.048 67.055 0.000 0.000 22.151 83.099 91.032 94.932 96.082 96.077 100.596 100.391 93.663 94.374 94.229 94.125 89.017 78.866 29.791 0.000 0.000 0.000 31.352 40.169 51.821 48.523 48.232 51.900 29.407 0.000 0.000 0.000 8.543 46.444 43.337 47.243 53.168 53.115 31.089 0.000 0.000 0.000 0.000 35.201 29.199 36.198 0.000 0.000 0.000 0.000 0.000 6.519 31.517 48.516 62.515 57.515 50.514 52.515 13.514 38.512 47.509 40.507 36.506 0.000 0.000 0.000 0.000 0.000 17.313 22.313
0.000 0.000 0.000 8.057 57.066 0.313 10.412 76.309 88.233 95.159 95.128 95.262 100.967 100.787 92.964 94.755 94.416 94.339 87.245 53.174 0.000 0.000 0.000 3.855 49.750 43.535 51.334 49.098 48.875 49.678 27.529 0.000 0.000 0.000 0.000 7.432 49.386 43.323 43.259 45.205 49.167 51.149 3.155 0.000 0.000 0.000 16.200 35.198 10.198 0.000 0.000 0.000 0.000 0.000 0.000 27.513 38.513 45.512 37.512 34.512 0.000 0.000 0.000 31.506 35.505 44.505 0.000 0.000 0.000 0.000 0.000 11.312 22.311
0.000 0.000 0.000 0.000 0.000 10.597 79.521 84.439 95.369 95.249 96.487 96.519 101.136 93.275 95.047 94.609 94.543 84.436 73.344 37.259 0.000 0.000 0.000 43.960 65.861 50.705 42.536 50.360 48.201 51.076 21.009 0.000 0.000 0.000 3.354 38.368 45.346 44.308 44.266 41.228 37.199 39.183 1.169 0.000 0.000 0.000 0.000 42.197 0.000 0.000 0.000 0.000 0.000 0.000 0.000 29.511 28.510 27.510 25.509 31.509 0.000 0.000 0.000 6.505 29.504 47.503 0.000 0.000 0.000 0.000 0.000 0.000 15.310
0.000 0.000 0.000 0.000 0.000 82.689 81.634 95.567 95.473 96.630 96.659 101.443 101.294 94.232 95.910 93.748 79.627 68.528 42.436 0.000 0.000 0.000 38.326 56.164 56.029 62.887 50.744 40.607 46.492 56.419 59.421 22.578 0.000 0.000 2.341 50.339 44.323 44.298 43.268 39.240 33.220 34.208 0.186 0.000 0.000 0.000 0.000 15.196 23.195 0.000 0.000 0.000 0.000 0.000 7.508 31.508 25.508 26.507 26.507 28.506 11.505 0.000 0.000 0.000 16.502 37.500 15.498 0.000 0.000 0.000 0.000 0.000 10.310
0.000 0.000 0.000 0.000 21.927 82.835 94.763 95.693 96.666 98.815 101.721 101.584 93.550 95.307 91.953 80.847 69.694 41.611 0.000 0.000 0.000 40.637 61.487 47.341 39.205 53.072 64.946 52.832 55.741 56.685 43.680 49.735 28.806 0.000 10.329 42.324 38.311 45.291 40.268 32.247 31.231 35.223 0.000 0.000 0.000 0.000 0.000 2.195 42.195 0.000 0.000 0.000 0.000 0.000 0.000 13.507 28.506 26.505 26.505 26.504 34.503 0.000 0.000 0.000 0.000 18.498 29.497 35.496 0.000 0.000 0.000 0.000 0.000
0.000 0.000 0.000 0.000 65.020 90.959 96.895 95.779 96.019 94.070 101.851 93.842 95.600 90.163 79.090 53.965 0.000 0.000 0.000 0.000 40.919 61.786 48.647 37.508 37.376 39.251 50.135 65.035 55.955 40.901 48.877 50.877 24.877 0.000 7.323 67.318 54.305 43.288 37.268 33.248 30.235 31.229 25.229 0.000 0.000 0.000 0.000 0.000 21.195 0.000 0.000 0.000 0.000 0.000 0.000 0.000 30.504 26.503 26.503 26.503 28.502 12.501 0.000 0.000 0.000 0.000 26.495 29.495 0.000 0.000 0.000 0.000 0.000
0.000 0.000 0.000 68.283 65.174 71.094 85.997 97.154 94.194 102.093 101.975 94.776 90.457 79.305 58.195 0.000 0.000 22.866 0.000 0.000 66.052 48.941 37.806 38.670 37.540 40.420 54.311 63.217 64.142 48.088 44.051 55.019 28.948 0.000 0.000 0.000 11.305 0.000 0.000 3.241 34.234 41.230 42.229 28.228 0.000 0.000 0.000 0.000 0.000 0.000 0.000 0.000 0.000 0.000 0.000 0.000 30.502 29.502 32.502 27.502 24.501 33.501 0.000 0.000 0.000 6.494 40.494 45.494 0.000 0.000 0.000 0.000 0.000
0.000 0.000 7.486 69.392 66.300 67.219 77.186 93.336 102.318 102.206 94.062 90.822 78.488 52.409 0.000 0.000 39.927 38.866 20.746 4.563 54.296 38.120 38.967 37.826 38.695 53.577 59.471 23.381 14.309 66.256 52.221 30.201 0.000 0.000 0.000 0.000 0.000 0.000 0.000 0.230 52.230 46.229 43.228 39.227 0.000 0.000 0.000 0.000 0.000 0.000 0.000 0.000 0.000 0.000 0.000 18.499 27.500 2.501 0.000 2.501 27.500 31.500 0.000 0.000 0.000 8.493 44.494 13.494 0.000 0.000 0.000 0.000 0.000
0.000 82.657 70.580 67.498 65.422 66.297 67.532 71.584 102.424 93.305 89.062 78.650 52.604 0.000 0.000 0.000 43.988 41.926 61.809 45.646 38.451 39.275 38.117 40.972 60.839 57.720 38.616 34.528 39.458 67.407 64.376 28.364 0.000 0.000 0.000 0.000 0.000 0.000 0.000 0.226 59.228 59.227 54.227 45.226 0.000 0.000 0.000 0.000 0.000 0.000 0.000 0.000 0.000 0.000 0.000 30.498 32.499 0.000 0.000 0.000 30.499 31.499 0.000 0.000 0.000 0.000 15.493 0.000 0.000 0.000 0.000 0.000 0.000
0.000 80.733 94.678 86.608 71.509 72.661 64.700 102.626 102.527 72.180 76.859 52.757 0.000 0.000 0.000 0.000 46.110 59.041 56.919 38.762 38.586 38.414 49.253 61.104 49.970 38.849 38.745 38.657 39.587 48.538 66.511 62.515 23.573 0.000 0.000 0.000 0.000 0.000 0.000 0.000 45.227 47.226 59.226 60.225 16.224 0.000 0.000 0.000 0.000 0.000 0.000 0.000 0.000 0.000 22.497 32.498 9.498 0.000 0.000 0.000 31.499 29.498 0.000 0.000 0.000 0.000 0.000 0.000 0.000 0.000 0.000 0.000 0.000
16.962 93.866 96.791 96.718 91.686 81.834 102.819 102.722 64.303 59.094 0.000 0.000 0.000 0.000 0.000 0.000 57.303 62.207 38.065 39.897 39.718 51.542 60.376 42.224 39.086 38.963 38.857 38.768 38.697 38.646 47.616 67.611 60.632 34.665 25.679 29.682 0.000 0.000 0.000 0.000 0.000 25.225 65.225 65.224 26.224 0.000 0.000 0.000 0.000 0.000 0.000 0.000 0.000 0.000 11.497 10.497 0.000 0.000 0.000 0.000 11.498 38.498 0.000 0.000 0.000 0.000 0.000 0.000 0.000 0.000 0.000 0.000 0.000
87.057 96.978 96.909 96.789 101.025 92.076 102.913 64.352 67.011 61.790 0.000 0.000 0.000 0.000 0.000 50.797 62.592 39.420 40.237 40.043 47.848 60.660 38.487 39.329 39.187 39.061 38.952 38.861 38.788 38.734 38.698 42.680 43.679 38.686 39.689 46.685 28.685 0.000 0.000 0.000 0.000 0.000 20.224 56.223 19.223 0.000 0.000 0.000 0.000 0.000 0.000 0.000 0.000 0.000 0.000 0.000 0.000 0.000 0.000 0.000 0.000 0.000 0.000 0.000 0.000 0.000 0.000 0.000 0.000 0.000 0.000 0.000 0.000
93.156 93.089 96.994 98.149 95.189 103.096 103.004 68.925 53.249 0.000 0.000 0.000 0.000 0.000 0.000 68.001 44.849 40.645 40.419 42.190 62.969 42.765 39.582 39.418 39.272 39.142 39.029 38.935 38.860 38.803 38.761 37.734 36.717 39.710 21.707 0.000 0.000 0.000 0.000 0.000 0.000 0.000 0.000 49.223 37.222 4.222 0.000 0.000 0.000 0.000 0.000 0.000 0.000 0.000 0.000 0.000 0.000 0.000 0.000 0.000 0.000 0.000 0.000 0.000 0.000 0.000 0.000 0.000 0.000 0.000 0.000 0.000 0.000
72.268 72.198 76.170 72.320 103.278 103.187 80.529 61.550 52.210 0.000 0.000 0.000 0.000 0.000 0.000 43.358 39.158 38.893 37.605 50.328 43.074 36.849 37.657 37.491 37.342 37.206 38.087 38.991 38.915 38.856 37.811 35.776 37.747 37.730 34.721 24.721 27.718 29.715 28.713 30.711 1.710 0.000 0.000 0.000 46.221 18.221 0.000 0.000 0.000 0.000 0.000 0.000 0.000 0.000 0.000 0.000 0.000 0.000 0.000 0.000 0.000 0.000 0.000 0.000 0.000 0.000 0.000 0.000 0.000 0.000 0.000 0.000 0.000
87.384 109.267 74.509 104.560 103.366 63.189 53.729 0.000 67.108 25.266 0.000 0.000 0.000 0.000 87.389 65.915 36.531 44.163 54.781 53.444 49.151 46.900 46.706 46.546 45.399 39.252 35.123 39.026 38.953 38.897 37.851 37.811 41.766 41.742 42.728 52.722 52.719 48.715 41.712 40.711 19.710 0.000 0.000 0.000 5.221 11.221 0.000 0.000 0.000 0.000 0.000 0.000 0.000 0.000 0.000 0.000 0.000 0.000 0.000 0.000 0.000 0.000 0.000 0.000 0.000 0.000 0.000 0.000 0.000 0.000 0.000 0.000 0.000
135.467 114.059 112.099 103.531 103.450 91.293 0.000 33.826 61.826 135.425 110.943 0.000 34.990 24.426 85.862 45.384 42.888 114.446 104.914 100.515 100.187 98.894 97.722 96.587 95.458 66.279 33.129 39.038 38.974 38.926 38.888 30.849 0.000 0.000 0.000 0.000 0.000 0.000 5.711 57.709 36.708 7.707 0.000 0.000 0.000 0.000 0.000 0.000 0.000 0.000 0.000 0.000 0.000 0.000 0.000 0.000 0.000 0.000 0.000 0.000 0.000 0.000 0.000 0.000 0.000 0.000 0.000 0.000 0.000 0.000 0.000 0.000 0.000
93.638 113.221 103.679 103.606 87.864 0.000 0.000 0.000 4.948 56.666 44.461 0.000 16.554 0.000 45.251 41.870 51.192 106.819 0.000 0.000 0.000 42.769 51.699 112.624 25.565 0.000 43.075 39.022 38.978 39.946 21.925 0.000 0.000 0.000 0.000 0.000 0.000 0.000 0.000 10.708 57.707 13.706 0.000 0.000 0.000 0.000 0.000 0.000 0.000 0.000 0.000 0.000 0.000 0.000 0.000 0.000 0.000 0.000 0.000 0.000 0.000 0.000 0.000 0.000 0.000 0.000 0.000 0.000 0.000 0.000 0.000 0.000 0.000
114.398 112.448 103.747 112.363 114.208 34.496 0.000 12.352 39.352 48.829 25.774 2.395 38.119 83.699 82.021 74.652 0.000 25.819 0.000 3.713 25.713 53.714 98.683 61.644 26.614 0.000 0.000 44.997 38.972 39.953 20.942 0.000 0.000 0.000 0.000 0.000 0.000 0.000 0.000 0.000 4.706 43.705 8.704 0.000 0.000 0.000 0.000 0.000 0.000 0.000 0.000 0.000 0.000 0.000 0.000 0.000 0.000 0.000 0.000 0.000 0.000 0.000 0.000 0.000 0.000 0.000 0.000 0.000 0.000 0.000 0.000 0.000 0.000
112.535 103.870 103.811 92.873 35.637 0.000 0.000 0.000 0.936 26.524 0.000 0.000 31.362 74.956 128.482 64.067 0.000 0.000 0.000 0.000 0.000 67.690 102.675 32.654 29.634 0.000 0.000 0.000 43.960 37.954 35.949 33.949 21.949 0.000 0.000 0.000 0.000 0.000 0.000 0.000 0.000 57.703 15.703 0.000 0.000 0.000 0.000 0.000 0.000 0.000 0.000 0.000 0.000 0.000 0.000 0.000 0.000 0.000 0.000 0.000 0.000 0.000 0.000 0.000 0.000 0.000 0.000 0.000 0.000 0.000 0.000 0.000 0.000
