results3_8e3_rain/res_3e8f-0156.wd
ncols         241
nrows         181
xllcorner     12693529.787448
yllcorner     3542525.717860
cellsize      155.156523
NODATA_value  -9999.000000
[rows 33 to 65 of 181, columns 146 to 218 of 241]
64.334 63.553 63.283 63.924 30.588 42.264 63.956 57.650 36.240 0.000 0.000 34.494 10.494 15.495 31.497 56.502 43.502 9.501 0.000 0.000 48.397 56.383 14.357 41.326 33.302 34.275 38.232 47.188 65.141 56.105 51.072 46.045 47.022 47.002 45.983 44.965 43.944 51.923 61.901 53.881 53.863 51.844 30.824 44.808 52.797 0.000 23.319 28.287 52.206 50.136 55.070 65.007 57.950 52.924 7.911 0.000 35.857 35.856 42.856 20.855 0.000 0.000 0.000 0.000 0.000 0.000 0.000 0.000 0.000 0.000 0.000 0.000 0.000
64.277 64.026 63.683 64.359 42.041 59.744 62.481 56.294 0.000 0.000 12.493 36.493 0.000 0.000 0.000 40.515 40.510 48.500 11.480 61.452 49.417 36.390 45.361 36.331 34.302 34.270 33.232 35.193 63.153 61.117 61.085 63.057 56.032 58.009 56.988 56.968 56.948 57.927 61.907 59.889 60.872 55.855 32.840 31.828 4.821 0.000 20.259 34.238 42.195 37.133 43.068 56.000 55.958 53.934 11.922 0.000 0.000 40.858 12.857 0.000 0.000 0.000 0.000 0.000 0.000 42.804 41.801 43.798 33.795 36.793 3.791 0.000 0.000
64.747 64.414 64.096 63.780 63.476 64.188 55.931 42.751 0.000 0.000 0.000 4.493 0.000 0.000 0.000 37.532 34.524 47.509 52.487 44.460 53.429 51.398 32.368 33.336 34.304 34.270 46.234 50.197 54.161 47.126 44.094 54.065 28.039 35.015 29.993 29.972 29.951 32.932 58.913 47.896 45.880 47.865 32.853 34.844 14.839 0.000 30.220 87.212 12.203 0.000 0.000 4.967 56.948 55.932 14.922 0.000 0.000 37.862 34.858 36.853 34.847 42.840 48.834 40.826 62.816 69.807 67.801 52.797 32.794 31.792 35.790 5.789 0.000
65.134 64.817 64.501 64.192 64.893 59.600 41.305 32.028 41.028 0.000 0.000 0.000 0.000 0.000 0.000 34.556 33.545 36.525 32.500 43.471 46.440 49.407 38.375 33.341 33.307 33.273 58.238 64.202 46.167 40.132 40.100 41.070 38.044 38.019 37.996 38.975 41.955 38.935 59.917 51.901 49.886 49.873 31.863 45.855 71.851 0.000 22.189 75.186 0.000 0.000 0.000 6.952 56.937 54.924 32.912 37.895 35.881 33.868 33.860 33.854 32.847 39.841 46.835 33.827 51.817 69.806 65.800 45.796 30.793 30.790 35.789 3.788 0.000
65.538 65.215 64.899 64.595 61.303 47.016 35.660 0.000 0.000 0.000 0.000 38.807 1.795 7.781 0.000 33.593 34.573 34.547 33.517 33.485 39.452 32.417 32.382 34.347 33.312 32.277 56.242 53.207 61.172 65.136 64.103 59.073 55.046 57.022 52.999 56.977 56.957 57.938 61.920 59.905 60.891 56.879 31.869 43.863 65.859 0.000 17.162 78.156 0.000 0.000 0.000 0.000 53.923 56.916 35.906 33.893 33.881 33.870 33.862 33.854 32.848 39.842 48.837 4.832 0.000 27.801 70.798 46.794 30.791 30.788 34.786 1.785 0.000
65.939 65.605 65.285 64.985 54.709 36.500 0.000 0.000 0.000 0.000 36.835 39.818 52.797 52.768 40.716 33.650 33.608 34.572 34.537 33.501 32.464 33.427 33.390 33.353 32.316 41.280 60.245 39.211 53.178 30.139 63.101 53.073 52.047 52.023 49.000 53.978 54.958 54.939 61.922 59.906 56.893 56.882 31.873 45.868 64.865 0.000 3.141 71.120 0.000 0.000 0.000 0.000 57.917 56.912 32.902 34.889 33.878 34.869 34.862 34.854 35.848 43.842 23.838 0.000 0.000 28.799 70.796 51.792 38.789 32.786 35.783 2.782 0.000
66.334 65.981 66.653 59.350 47.049 36.774 0.000 0.000 0.000 0.000 33.851 50.834 44.809 33.775 35.731 35.682 33.638 32.597 34.557 33.518 34.478 34.438 34.398 33.359 33.320 53.283 53.248 53.216 53.191 0.000 35.091 33.071 34.047 34.022 34.999 38.977 41.957 39.938 59.921 53.906 47.893 49.883 32.875 44.869 63.867 0.000 0.000 44.064 35.041 0.000 0.000 0.000 51.915 34.914 0.000 29.882 35.875 39.868 46.861 46.854 46.847 48.841 20.836 0.000 12.803 76.799 69.795 71.790 59.786 34.782 35.779 3.778 0.000
66.717 66.330 65.997 51.712 3.399 0.000 0.000 0.000 0.000 11.912 49.884 44.859 34.829 35.794 35.753 35.708 35.664 33.621 32.578 32.535 34.491 33.448 33.405 32.363 34.323 49.284 40.247 49.213 50.179 9.139 9.101 49.073 48.046 48.021 47.998 49.975 49.955 50.936 62.919 58.904 53.891 55.881 31.874 40.869 68.867 0.000 0.000 103.030 72.019 39.001 25.993 0.000 0.000 0.000 0.000 0.000 32.872 41.867 45.860 44.853 47.846 49.838 35.830 40.818 56.807 71.800 69.794 69.788 57.783 34.779 34.774 10.771 0.000
67.071 67.626 59.294 42.103 0.000 0.000 0.000 0.041 0.015 56.939 50.916 34.887 35.855 35.818 35.777 35.734 35.689 35.644 32.598 33.552 33.505 33.458 34.411 33.367 33.324 36.283 41.245 53.209 40.173 52.137 57.102 50.072 59.044 49.019 49.995 52.972 51.951 50.932 60.915 56.900 44.887 43.877 32.870 39.865 68.865 0.000 0.000 94.009 84.002 60.992 29.985 0.000 0.000 5.920 0.914 0.000 3.873 52.868 44.861 38.853 35.845 50.836 37.827 39.817 47.808 68.800 70.793 68.786 54.780 34.774 31.768 35.762 29.754
75.345 72.807 45.451 35.302 0.000 0.000 2.085 35.070 49.040 49.989 43.954 38.920 35.884 35.846 35.805 35.761 34.715 37.668 42.620 38.570 33.518 34.467 33.416 33.368 33.323 33.281 40.241 41.204 39.168 46.133 45.100 40.069 52.041 32.015 39.990 46.967 45.946 39.926 58.909 51.893 31.880 30.870 33.862 35.859 39.862 0.000 0.000 71.993 51.989 88.981 74.970 10.952 11.936 62.922 36.909 34.895 34.881 36.871 47.862 41.853 9.844 62.835 50.826 46.816 44.807 55.799 71.791 63.783 46.776 35.770 31.763 38.755 62.745
0.000 0.000 24.401 42.352 0.000 0.000 37.100 47.085 61.060 45.025 43.990 43.955 36.917 35.877 35.834 35.789 42.743 50.694 51.643 43.589 38.532 33.475 32.419 33.366 37.319 34.275 33.235 32.198 38.162 39.127 38.095 39.064 41.035 34.009 39.984 44.960 46.939 42.919 58.901 52.885 34.871 33.860 33.851 29.846 0.000 0.000 0.000 27.983 46.979 46.972 80.962 95.949 88.935 56.922 42.909 43.896 43.883 46.872 68.862 86.853 95.843 94.834 96.824 95.815 89.806 83.797 75.789 58.781 41.773 32.765 33.758 46.750 65.741
18.204 0.000 0.000 0.000 0.000 8.147 40.129 60.112 52.089 55.060 52.027 41.991 34.953 35.911 35.867 46.820 51.772 47.722 42.670 39.612 42.546 37.481 37.419 33.360 38.310 32.267 33.227 34.190 33.154 33.120 33.088 33.057 32.028 33.001 32.976 36.952 42.930 41.909 59.891 53.874 32.859 33.847 33.837 32.828 7.817 0.000 0.000 31.975 57.972 46.966 48.958 63.946 74.934 84.921 86.909 92.897 95.885 95.873 94.863 90.853 81.842 79.833 81.823 84.813 86.804 87.795 85.786 89.778 81.770 48.761 35.753 54.745 71.737
57.539 16.108 0.000 0.000 5.164 41.165 57.158 50.145 42.125 50.099 54.067 55.031 44.991 33.948 43.901 52.852 42.803 34.752 34.701 36.645 4.559 5.485 4.416 30.343 34.296 36.255 36.216 33.180 33.145 34.111 33.079 33.048 33.019 33.992 32.966 32.942 32.919 35.898 52.879 51.861 33.846 33.832 33.821 34.813 35.806 0.000 0.000 30.972 48.969 49.964 61.956 48.945 28.933 32.921 68.909 92.897 76.885 71.874 74.863 67.852 53.842 42.832 33.821 31.811 32.802 42.792 40.783 35.774 74.766 89.758 67.749 65.741 69.733
0.000 31.677 9.947 4.090 40.164 50.190 57.194 41.185 44.168 42.143 40.111 48.075 53.033 47.988 51.938 40.886 34.834 35.783 35.739 43.706 0.000 0.000 0.000 27.302 36.275 47.240 48.204 43.169 39.134 41.101 37.069 36.038 34.009 32.982 32.955 33.931 32.907 32.885 35.865 44.846 32.830 32.815 33.803 32.795 1.790 0.000 0.000 11.970 9.969 63.964 47.956 32.946 46.933 48.920 94.908 75.897 58.885 40.874 31.863 32.852 33.841 34.830 34.820 34.809 33.799 31.790 30.780 31.771 39.762 76.754 84.745 69.737 68.729
0.000 18.977 42.074 44.158 43.211 58.236 43.242 37.235 39.218 38.193 35.161 34.123 49.080 56.031 58.977 46.920 36.863 33.809 41.764 7.735 0.000 0.000 0.000 30.287 40.261 47.228 48.192 48.157 50.122 58.089 56.057 52.027 49.998 45.970 39.943 34.918 32.894 33.871 32.850 37.830 30.812 31.796 32.783 34.773 55.768 0.000 0.000 0.000 25.972 67.967 27.960 36.949 27.934 66.919 84.908 44.897 32.885 34.874 34.863 34.852 34.840 34.829 31.818 31.807 30.797 31.787 31.777 31.768 47.759 62.750 35.741 95.732 67.724
0.000 19.178 42.216 35.257 54.287 54.302 49.303 40.294 34.275 35.250 36.217 47.178 50.132 42.079 45.020 53.955 54.888 44.826 1.773 0.000 3.459 2.412 35.355 41.298 45.256 44.217 45.180 45.143 43.109 50.076 51.044 51.014 51.985 48.957 47.930 48.904 39.879 34.855 35.833 32.811 33.791 32.774 31.758 33.747 48.740 0.000 0.000 0.000 25.980 69.973 31.966 7.957 0.000 12.913 51.907 33.897 34.886 32.874 32.863 32.851 31.840 30.828 31.816 31.805 30.794 31.783 30.773 29.764 32.755 28.747 24.738 88.725 97.716
0.000 16.342 36.354 46.368 56.379 47.382 47.376 49.362 47.341 38.313 44.279 53.239 42.191 35.135 34.069 39.992 49.909 56.825 20.738 12.624 38.506 38.423 33.354 42.295 47.247 48.206 44.167 44.129 36.094 33.061 33.030 33.000 31.971 29.943 36.916 50.890 49.864 48.839 43.815 34.791 32.769 33.749 32.731 32.716 33.707 0.000 0.000 0.000 40.995 7.980 11.973 0.000 0.000 0.000 30.912 10.898 13.886 30.874 29.863 29.851 30.839 32.827 32.814 32.802 31.791 31.780 29.769 29.759 30.750 18.744 0.000 8.715 91.706
0.000 15.495 39.488 58.483 49.478 46.470 46.456 47.437 46.413 48.384 53.349 42.307 36.258 36.199 36.127 35.037 35.930 41.826 58.731 56.629 35.518 34.420 33.342 34.282 46.233 44.191 55.152 43.112 36.077 34.044 35.014 33.985 38.956 46.929 42.901 36.874 42.848 52.821 49.796 48.770 39.746 32.722 32.699 33.679 31.664 0.000 0.000 41.031 29.024 0.000 0.000 42.951 37.949 36.942 28.930 0.000 0.000 35.874 32.864 32.852 32.839 32.825 32.812 32.800 32.787 32.776 32.765 31.754 32.744 34.734 24.724 0.000 33.694
3.729 28.654 53.620 49.599 38.581 43.563 48.542 43.518 49.490 55.459 47.424 35.384 34.336 36.278 36.203 40.098 40.949 34.820 45.730 41.642 38.519 35.396 32.314 39.256 43.211 45.174 36.139 63.090 51.057 41.026 32.997 38.969 57.941 67.914 60.886 37.859 39.831 42.804 46.776 51.749 49.721 45.694 34.666 31.638 38.607 44.563 0.000 16.038 37.045 0.000 0.000 12.953 32.955 32.948 32.935 37.922 36.904 32.884 31.868 32.853 32.838 32.824 32.810 32.796 32.783 32.771 32.759 32.748 31.737 31.726 32.714 35.699 31.689
15.804 49.772 55.740 40.712 35.685 37.659 39.631 50.601 54.571 65.540 64.505 57.467 46.424 35.374 38.309 5.203 0.000 33.773 39.727 36.691 0.000 33.330 37.264 54.218 53.182 56.155 0.000 28.054 68.033 62.007 47.980 53.953 71.926 71.899 69.871 38.843 44.815 44.786 46.757 34.727 43.697 49.665 48.633 47.599 60.562 69.519 2.474 0.000 27.075 52.104 0.000 0.000 55.969 36.958 36.943 36.926 36.907 37.889 31.871 30.855 34.838 31.821 31.806 31.792 31.779 32.766 31.754 30.742 30.730 30.718 30.706 30.694 29.683
14.913 60.888 46.856 35.823 35.790 35.756 48.721 46.686 63.654 78.623 75.590 72.555 67.520 58.484 49.455 0.000 0.000 0.000 27.714 38.704 0.000 0.000 30.192 48.170 47.142 62.110 34.066 35.039 68.014 72.989 68.963 67.937 70.911 70.884 71.856 50.828 42.799 44.769 44.738 34.706 43.673 37.638 56.602 27.564 66.523 88.478 59.429 29.377 0.000 30.134 0.000 32.025 91.996 44.973 46.951 46.931 42.911 43.892 35.874 30.857 12.837 31.817 31.802 34.788 37.774 47.761 37.748 32.736 33.723 33.711 33.699 33.687 33.676
47.046 51.013 44.973 42.933 37.894 49.855 43.813 56.766 34.736 4.707 55.677 74.645 73.615 74.588 57.571 0.000 0.000 0.000 21.710 44.707 0.000 0.000 27.143 42.129 37.106 64.079 75.048 75.021 70.996 70.972 70.947 71.922 70.896 70.870 70.842 64.814 39.784 41.753 39.721 34.686 45.650 46.613 49.574 6.532 51.488 87.440 57.388 75.325 36.240 22.163 34.111 90.055 78.016 49.985 43.959 45.936 39.914 33.894 31.876 29.862 0.000 37.808 45.797 53.783 60.769 69.756 58.742 38.729 32.717 33.704 33.692 33.680 33.669
58.211 47.144 47.091 43.043 49.999 46.956 49.908 73.831 60.818 43.793 64.764 73.734 72.706 71.684 51.671 0.000 0.000 0.000 0.000 0.000 0.000 0.000 33.109 42.095 53.075 69.051 71.026 71.001 70.978 70.955 70.931 70.907 70.882 70.857 70.830 70.801 56.771 46.739 39.705 32.668 36.630 36.589 41.547 60.503 46.457 81.408 67.355 74.297 81.231 67.169 72.116 81.067 57.027 57.994 43.965 42.939 34.915 31.894 32.873 34.854 48.831 54.810 72.794 71.779 70.764 69.750 69.736 59.723 37.710 32.697 33.684 33.673 33.661
49.336 37.262 39.202 51.150 48.104 48.063 18.033 0.000 52.910 78.884 73.853 72.821 74.792 56.769 42.758 26.777 0.000 0.000 0.000 0.000 0.000 0.000 39.089 56.068 68.047 71.025 71.003 70.981 70.959 70.938 70.916 70.893 70.870 70.845 70.818 70.790 71.760 65.727 57.691 49.653 47.611 50.568 41.522 58.476 37.429 79.380 12.329 33.275 68.219 40.165 31.116 87.071 51.032 54.998 52.967 33.940 31.915 32.892 32.870 40.849 61.828 72.808 69.791 69.775 69.759 66.744 65.730 63.716 62.702 36.689 32.677 32.665 32.653
39.440 36.368 49.305 49.250 44.202 64.160 18.128 27.109 67.029 73.981 72.942 72.906 72.872 48.842 48.815 59.796 0.000 0.000 0.000 0.000 0.000 0.000 0.000 6.043 65.019 76.999 71.979 70.960 70.941 70.922 70.901 70.880 70.858 70.834 70.809 70.781 70.751 71.718 72.681 69.640 69.595 72.548 52.499 58.450 32.402 73.354 9.305 11.255 64.205 34.157 44.112 78.070 59.032 50.998 54.967 31.939 32.913 31.889 33.866 43.845 64.824 65.805 70.786 69.769 64.753 61.737 65.723 70.708 69.694 58.681 39.668 38.656 37.644
35.534 49.463 50.400 38.344 49.294 70.249 63.208 69.169 75.116 73.069 73.027 72.987 69.950 53.913 3.864 0.000 0.000 0.000 0.000 0.000 0.000 0.000 0.000 0.000 9.986 21.972 62.956 71.940 70.924 70.906 70.888 70.869 70.848 70.826 70.802 72.775 71.746 71.712 70.674 72.631 71.582 71.529 61.475 59.424 36.375 48.328 78.282 57.236 65.190 34.146 62.104 56.064 59.028 46.994 40.964 32.935 32.909 32.885 40.862 45.840 46.819 51.799 59.781 57.763 58.746 69.730 69.715 69.700 69.686 70.673 64.660 60.647 58.635
50.620 50.552 39.489 35.432 50.380 69.332 75.288 74.244 73.198 73.153 73.109 74.067 65.027 57.995 0.000 0.000 0.000 0.000 0.000 0.000 0.000 0.000 0.000 0.000 18.966 38.947 65.934 71.921 70.907 70.892 70.876 70.858 70.840 70.819 72.797 72.773 72.744 64.712 69.673 72.627 75.572 73.512 67.448 63.395 51.347 35.303 83.259 66.216 68.174 33.133 79.093 43.056 24.021 40.988 31.958 32.930 31.904 40.879 46.856 45.834 45.813 44.793 37.774 33.756 63.739 69.723 69.707 69.692 69.678 69.664 70.651 70.638 70.626
47.701 38.634 36.573 34.515 51.462 71.413 73.367 73.322 73.278 73.234 73.191 75.146 54.095 52.045 0.000 0.000 0.000 0.000 0.000 0.000 0.000 0.000 0.000 0.000 0.000 52.917 71.911 70.902 70.891 70.878 70.865 70.849 72.833 71.815 71.795 71.773 65.748 43.717 59.679 69.634 20.568 11.497 45.412 52.360 61.317 48.276 69.236 87.196 72.156 39.118 81.081 5.045 17.012 29.980 32.951 32.923 34.897 44.872 42.849 43.827 45.806 48.786 42.767 43.748 59.731 69.714 69.699 69.683 69.669 69.655 69.641 69.628 69.616
38.778 36.712 41.651 46.594 61.541 73.491 73.444 73.399 73.356 73.315 73.275 74.231 61.163 0.000 0.000 0.000 0.000 0.000 0.842 37.842 0.000 16.843 0.000 0.000 0.000 27.893 62.891 69.885 70.877 70.867 70.855 70.842 72.828 70.812 70.796 70.777 54.756 50.731 12.690 14.662 0.000 0.000 30.343 37.317 59.284 45.248 50.212 93.175 76.138 55.102 65.067 15.033 60.001 36.970 32.941 32.914 34.889 43.864 54.841 54.819 56.798 62.778 57.758 68.740 69.722 69.705 69.689 69.674 69.659 69.645 69.631 69.618 69.606
39.850 36.786 43.726 62.669 73.616 73.566 73.519 73.475 73.434 73.396 73.363 79.339 0.000 0.000 0.000 0.000 0.000 0.000 37.842 49.842 36.842 51.843 47.844 0.000 17.864 49.873 56.874 67.870 70.864 70.856 70.847 71.836 70.824 70.811 70.798 66.784 55.770 60.759 0.000 0.000 0.000 14.294 47.300 39.282 57.253 33.221 35.189 83.154 82.120 74.085 60.051 60.019 48.988 43.958 32.931 32.904 32.879 42.855 64.832 71.810 70.789 70.769 62.749 69.731 69.713 69.696 69.680 69.664 69.649 69.635 69.621 69.608 69.595
37.919 35.856 50.797 70.741 74.688 73.639 73.592 73.548 73.508 73.472 73.442 80.423 0.000 0.000 0.000 0.000 0.000 0.000 26.842 46.842 46.842 45.843 48.845 32.848 40.855 48.860 48.861 65.859 71.854 70.848 70.840 70.831 70.821 70.811 71.800 63.790 59.781 53.775 0.000 0.000 0.000 7.287 11.281 39.257 58.225 35.196 31.167 70.135 87.101 84.067 65.034 44.003 42.973 43.945 34.919 31.893 32.868 35.845 46.822 66.800 69.779 69.759 61.739 69.721 69.703 69.686 69.669 69.654 69.638 69.624 69.610 69.597 69.584
36.985 38.924 58.865 74.810 73.758 73.708 73.661 73.617 73.577 73.541 75.511 73.488 0.000 0.000 0.000 0.000 0.000 0.000 12.842 51.842 57.842 62.842 53.843 52.846 46.849 42.851 53.851 67.849 70.846 70.841 73.834 71.827 70.819 70.811 70.803 65.795 57.789 52.787 27.789 0.000 0.000 0.000 0.000 1.226 50.193 36.172 32.147 65.117 96.083 77.049 56.016 46.986 48.958 46.931 41.905 30.881 32.857 31.834 35.811 54.790 69.769 69.749 61.729 69.710 69.692 69.675 69.658 69.642 69.627 69.613 69.599 69.585 69.573
37.048 46.988 66.930 74.876 73.824 73.775 73.728 73.684 73.642 74.605 72.572 60.530 44.530 0.000 0.000 0.000 0.000 0.000 14.841 52.841 61.841 61.841 65.841 67.842 50.843 49.844 64.844 70.842 70.839 70.835 71.830 70.824 70.817 70.811 70.805 68.799 56.795 57.792 51.792 0.000 0.000 0.000 0.000 0.000 36.165 36.153 30.132 75.102 63.067 69.028 38.995 58.967 52.940 45.915 45.891 36.868 31.845 32.822 31.800 43.779 66.758 68.737 62.718 69.699 70.681 69.663 69.647 69.631 69.615 69.601 69.587 69.573 69.561
