results3_8e3_rain/res_3e8f-0090.wd
ncols         241
nrows         181
xllcorner     12693529.787448
yllcorner     3542525.717860
cellsize      155.156523
NODATA_value  -9999.000000
[rows 0 to 32 of 181, columns 146 to 218 of 241]
0.000 0.000 0.000 0.000 0.000 0.000 0.000 0.000 0.000 0.000 0.000 0.000 0.000 0.000 3.697 14.592 15.418 15.198 14.952 14.692 14.434 14.191 13.973 13.786 13.633 13.514 13.426 13.365 13.326 13.304 13.295 18.292 0.000 0.000 0.000 0.000 0.000 0.000 0.000 0.000 0.000 0.000 0.000 0.000 0.000 0.000 0.000 0.000 0.000 0.000 0.000 0.000 0.000 0.000 0.000 0.000 0.000 0.000 0.000 0.000 0.000 0.000 0.000 0.000 0.000 0.000 0.000 0.000 0.000 0.000 0.000 0.000 0.000
0.000 0.000 0.000 0.000 0.000 0.000 0.000 0.000 0.000 0.000 0.000 0.000 0.000 0.000 14.801 15.663 15.463 15.226 14.964 14.691 14.420 14.166 15.941 14.752 13.599 13.483 13.399 13.342 13.308 13.292 13.289 18.288 0.000 0.000 0.000 0.000 0.000 0.000 0.000 0.000 0.000 0.000 0.000 0.000 0.000 0.000 0.000 0.000 0.000 0.000 0.000 0.000 0.000 0.000 0.000 0.000 0.000 0.000 0.000 0.000 0.000 0.000 0.000 0.000 0.000 0.000 0.000 0.000 3.351 0.000 0.000 0.000 0.000
0.000 0.000 0.000 0.000 0.000 0.000 0.000 0.000 0.000 0.000 0.000 0.000 0.000 18.335 17.044 15.794 15.544 15.278 14.989 14.687 14.388 16.112 15.874 13.680 13.530 13.420 13.344 13.297 13.273 13.268 15.280 9.284 0.000 0.000 0.000 0.000 0.000 0.000 0.000 0.000 0.000 0.000 0.000 0.000 0.000 0.000 0.000 0.000 9.182 0.000 0.000 0.000 18.300 0.000 0.000 0.000 0.000 0.000 0.000 0.000 0.000 0.000 0.000 0.000 0.000 0.000 0.000 0.000 6.352 0.000 0.000 0.000 0.000
0.000 0.000 0.000 0.000 0.000 0.000 0.000 0.000 0.000 0.000 0.000 0.000 2.025 17.626 16.245 15.927 15.642 15.352 15.029 14.679 15.333 15.021 13.764 13.565 13.421 13.322 13.261 13.229 13.219 19.225 0.000 0.000 0.000 0.000 0.000 0.000 0.000 0.000 0.000 0.000 0.000 0.000 0.000 0.000 0.000 0.000 0.000 0.000 53.182 0.000 0.000 0.000 20.301 0.000 0.000 0.000 0.000 0.000 0.000 0.000 0.000 0.000 0.000 0.000 3.657 0.000 0.000 0.000 5.354 6.354 0.000 0.000 0.000
0.000 0.000 0.000 0.000 0.000 0.000 0.000 0.000 0.000 0.000 0.000 7.776 1.105 1.965 16.384 16.026 15.745 15.459 15.094 14.668 15.242 14.876 13.594 13.395 13.265 13.188 13.150 13.139 14.150 15.187 0.000 0.000 0.000 0.000 0.000 0.000 0.000 0.000 0.000 0.000 0.000 0.000 0.000 18.184 13.184 0.000 0.000 9.182 37.183 0.000 0.000 0.000 20.302 0.000 0.000 0.000 0.000 0.000 0.000 0.000 0.000 0.000 18.687 22.674 24.658 0.000 0.000 9.362 4.357 4.354 14.353 0.000 0.000
0.000 0.000 0.000 0.000 0.000 0.000 0.000 0.000 0.000 0.000 10.366 3.027 1.479 1.037 0.974 14.047 15.855 15.643 15.222 16.658 16.092 13.646 13.343 13.157 13.056 13.014 13.010 13.029 19.054 0.000 0.000 0.000 0.000 0.000 0.000 0.000 0.000 0.000 0.000 0.000 0.000 0.000 0.000 0.000 19.184 11.185 9.185 0.000 22.183 0.000 0.000 0.000 5.304 18.305 9.301 7.294 16.289 0.000 0.000 0.000 0.000 0.000 18.701 20.678 25.643 4.602 0.000 10.369 13.358 0.000 0.000 0.000 0.000
0.000 0.000 0.000 0.000 0.000 0.000 0.000 0.000 0.000 0.000 6.669 3.446 3.134 2.673 0.222 0.400 8.985 17.034 16.494 16.649 13.822 13.273 12.973 12.833 12.789 12.801 12.847 12.912 7.983 0.000 0.000 0.000 0.000 0.000 15.200 48.201 0.000 0.000 0.000 0.000 0.000 0.000 0.000 0.000 19.185 32.185 67.186 29.186 30.184 1.184 0.000 0.000 2.307 21.310 6.305 2.294 19.284 0.000 0.000 0.000 0.000 0.000 5.739 11.695 7.635 7.562 11.467 14.387 22.349 0.000 0.000 0.000 0.315
0.000 0.000 0.000 0.000 0.000 0.000 0.000 0.000 0.000 29.623 30.196 6.878 2.543 2.846 2.598 0.573 0.255 4.440 17.070 14.623 13.273 12.653 12.443 12.415 12.464 12.554 13.667 10.789 0.000 0.000 0.000 0.000 0.000 0.000 0.000 36.201 43.202 25.202 17.202 0.000 0.000 0.000 0.000 0.000 0.000 0.000 60.187 39.187 0.000 0.000 0.000 0.000 0.000 14.324 29.314 27.295 29.269 21.222 13.166 16.103 15.031 23.940 27.821 24.730 25.639 25.546 20.451 15.365 12.303 0.000 0.000 0.000 0.000
0.000 0.000 0.000 0.000 0.000 0.000 0.000 0.000 23.497 41.050 42.613 32.224 8.913 1.387 2.572 0.590 2.045 6.363 5.124 14.498 11.995 11.622 11.731 11.919 12.100 13.285 13.476 0.000 0.000 0.000 0.000 0.000 0.000 0.000 0.000 0.000 34.202 44.202 49.202 0.000 0.000 0.000 0.000 0.000 0.000 0.000 32.189 24.189 29.189 0.000 0.000 0.000 0.000 26.348 11.334 5.304 12.274 24.232 12.174 11.113 20.049 28.971 15.874 11.767 14.647 20.533 26.428 28.319 26.197 12.027 2.913 0.000 0.000
0.000 0.000 0.000 0.000 0.000 0.000 0.000 19.413 28.944 44.466 41.981 42.493 35.000 11.508 0.676 4.063 13.378 5.947 1.888 2.581 5.588 10.108 10.940 11.431 11.732 17.008 0.000 0.000 0.000 0.000 0.000 0.000 0.000 0.000 0.000 0.000 1.203 47.203 0.199 0.000 0.000 0.000 0.000 0.000 0.000 28.196 38.192 14.190 30.190 50.190 0.000 0.000 4.406 28.387 7.370 1.319 4.294 17.258 6.187 6.127 8.082 10.020 6.939 7.818 1.647 5.513 11.410 12.286 10.140 18.970 20.801 23.611 31.477
0.000 0.000 0.000 0.000 0.000 0.000 24.352 22.883 46.399 42.891 42.353 41.765 42.085 37.188 19.683 11.497 7.101 0.000 0.000 3.943 2.161 2.816 10.490 11.132 16.389 0.000 0.000 0.000 0.000 0.000 0.000 0.000 25.208 0.000 0.000 0.000 8.205 48.205 0.000 0.000 0.000 0.000 0.000 0.000 23.202 67.200 0.191 3.190 25.190 52.190 0.000 0.000 1.434 26.425 6.416 0.000 2.334 4.319 0.299 0.000 6.131 22.091 5.044 0.845 14.628 10.539 7.415 14.274 14.110 16.914 25.711 29.557 16.440
0.000 0.000 0.000 0.000 0.000 28.240 16.822 45.367 43.877 43.348 42.772 42.131 41.387 41.477 38.329 24.123 3.601 0.000 0.000 44.839 4.021 0.000 0.000 13.218 9.304 0.000 0.000 0.000 0.000 0.000 0.000 0.000 21.208 16.208 25.208 37.207 41.207 31.206 0.000 0.000 0.000 22.208 37.207 42.206 66.204 22.203 0.000 0.000 27.191 15.191 0.000 0.000 4.476 31.465 18.454 2.439 50.390 78.366 27.348 3.302 19.221 66.170 18.135 0.000 59.676 32.603 7.435 14.289 16.111 5.866 14.573 27.468 10.386
0.000 0.000 0.000 0.000 0.000 17.657 39.327 45.888 44.393 43.851 43.258 42.600 41.856 41.000 41.041 40.026 29.302 4.182 49.471 46.622 0.000 0.000 0.000 0.000 0.000 0.000 0.000 0.000 0.000 0.000 0.000 20.208 16.208 21.208 35.208 45.208 29.208 16.207 0.000 0.000 0.000 31.208 30.208 26.207 65.206 25.205 0.000 0.000 6.193 0.000 0.000 0.000 25.515 27.508 21.495 9.473 8.424 41.408 82.379 20.338 13.283 70.232 21.193 0.000 66.797 36.762 0.000 1.430 7.180 0.000 11.250 10.356 0.000
0.000 0.000 0.000 0.000 21.973 32.406 47.942 45.466 44.956 44.406 43.808 43.156 42.433 41.644 40.729 40.015 38.887 51.224 50.888 0.231 0.000 0.000 0.000 0.000 0.000 0.000 0.000 0.000 0.000 36.207 39.207 21.208 20.209 35.209 45.209 31.209 14.208 16.209 16.210 14.212 12.212 24.210 27.209 37.208 77.207 11.206 0.000 0.000 43.195 0.000 0.000 0.000 24.561 24.556 11.547 3.536 0.000 9.463 6.424 46.388 77.340 94.284 75.213 64.100 89.953 83.888 74.869 20.794 0.414 15.679 10.822 0.161 0.000
0.000 0.000 0.000 23.008 32.540 50.050 46.570 46.077 45.559 45.007 44.416 43.777 43.098 42.304 41.794 39.477 51.235 51.239 35.355 17.759 4.941 0.000 0.000 0.000 0.000 0.000 0.000 0.000 0.000 0.000 0.000 0.205 38.209 42.210 34.211 19.212 0.000 0.000 0.000 18.214 14.213 24.212 23.211 46.210 43.209 0.000 0.000 0.000 46.197 0.000 0.000 0.000 22.613 34.610 13.602 19.588 42.591 19.557 1.518 25.450 48.407 82.351 48.274 28.134 76.029 65.968 40.925 9.859 0.000 64.516 32.538 4.463 0.000
0.000 0.000 0.000 28.476 48.129 47.684 47.209 46.714 46.195 45.648 46.066 45.461 43.753 43.374 40.851 51.239 51.232 38.855 40.490 38.191 22.183 3.182 0.000 0.000 0.000 0.000 0.000 0.000 0.000 0.000 0.000 0.000 6.210 38.211 16.212 14.216 20.220 0.000 0.000 19.216 17.215 23.214 24.212 46.211 42.210 0.000 0.000 6.202 53.199 0.000 0.000 0.000 25.668 28.669 9.662 9.626 55.627 90.647 39.626 7.521 23.486 70.442 30.399 0.000 63.061 50.031 8.005 0.000 0.000 71.333 35.351 7.387 8.563
0.000 0.000 28.894 46.291 49.816 48.349 47.870 47.375 46.860 47.319 45.764 45.116 44.827 42.313 51.482 51.304 40.276 41.115 40.176 30.606 11.392 0.000 0.000 0.000 0.000 0.000 0.000 0.000 0.000 0.000 0.000 0.000 0.000 0.000 0.000 19.220 16.224 15.226 17.225 19.221 15.218 23.216 25.214 37.212 33.211 0.000 14.206 47.204 0.000 0.000 0.000 0.000 21.723 27.737 13.752 0.000 0.798 25.778 12.763 0.000 12.576 67.530 23.483 0.000 60.125 45.089 3.061 0.000 0.000 70.133 35.148 7.173 0.000
0.000 28.022 41.497 50.978 49.497 49.024 48.546 48.056 48.546 48.028 46.421 46.184 43.673 52.200 51.787 41.775 42.813 40.722 27.990 0.000 0.000 0.000 0.000 0.000 0.000 0.000 0.000 0.000 0.000 0.000 0.000 0.000 0.000 0.000 0.000 0.000 23.230 33.229 44.228 32.224 21.220 25.217 22.215 27.213 20.211 39.209 57.207 45.206 0.000 0.000 0.000 0.000 19.764 24.805 30.858 28.953 16.956 6.920 19.884 51.839 70.713 91.619 71.521 54.386 88.225 81.140 63.088 23.063 0.000 67.920 39.938 11.984 0.000
24.973 36.546 51.094 50.629 50.167 49.705 49.236 49.753 49.265 47.691 47.490 44.992 53.232 52.691 43.201 44.410 45.396 23.612 0.000 0.000 0.000 0.000 0.000 0.000 0.000 0.000 0.000 0.000 0.000 0.000 0.000 0.000 0.000 0.000 0.000 0.000 21.236 25.235 43.232 2.228 0.000 32.219 23.217 26.214 22.211 10.209 29.208 44.207 31.207 0.000 0.000 0.000 0.000 27.863 29.922 23.045 11.021 20.063 71.015 61.920 42.817 43.714 44.598 44.411 44.251 45.158 47.090 18.039 0.000 66.691 42.702 5.842 0.000
28.400 52.096 51.703 51.277 50.839 50.393 49.936 49.478 48.935 48.766 46.285 54.398 53.805 44.518 45.812 44.883 40.471 0.251 0.000 0.000 0.000 0.000 0.000 0.000 0.000 0.000 0.000 0.000 0.000 0.000 0.000 0.000 0.000 0.000 0.000 0.000 22.244 33.242 17.240 0.000 0.000 29.222 26.221 0.000 0.000 14.209 28.208 43.207 40.207 9.207 0.000 0.000 0.000 0.000 0.000 12.285 0.000 57.297 58.193 7.011 12.921 54.823 25.744 0.000 43.209 33.152 13.075 10.964 1.270 66.451 37.340 0.000 0.000
46.131 53.737 52.343 51.936 51.519 52.089 50.661 50.151 50.019 47.561 55.613 55.001 44.745 47.073 46.143 46.602 16.028 0.000 0.000 0.000 0.000 0.000 0.000 0.000 0.000 0.000 0.000 0.000 0.000 0.000 0.000 0.000 0.000 0.000 0.000 0.000 42.254 40.249 44.244 41.240 37.234 37.227 31.225 0.000 0.000 14.209 27.208 45.208 52.207 15.207 0.000 0.000 0.000 0.000 0.000 4.526 24.767 71.635 34.449 0.000 62.035 62.914 11.813 0.000 19.226 75.167 34.094 1.957 1.263 61.153 78.869 65.211 69.275
55.752 53.376 52.997 52.608 52.206 53.807 51.331 51.241 48.817 56.850 56.228 39.914 44.202 48.329 44.863 22.223 0.000 0.000 0.000 0.000 0.000 0.000 0.000 0.000 0.000 0.000 0.000 0.000 0.000 0.000 0.000 0.000 0.000 0.000 0.000 41.280 40.268 41.258 43.249 42.241 40.234 41.229 34.225 0.000 0.000 15.210 27.209 50.208 23.208 0.000 0.000 0.000 0.000 0.000 21.183 0.053 64.139 58.029 1.650 57.475 70.269 18.987 6.780 9.540 4.301 35.196 74.127 31.079 0.000 60.961 63.773 37.491 0.000
46.360 53.019 53.661 53.287 52.915 52.465 52.414 50.024 58.053 57.473 23.031 28.275 31.247 49.959 33.624 0.000 0.000 0.000 0.000 0.000 0.000 0.000 0.000 32.075 21.073 0.000 0.000 0.000 0.000 0.000 0.000 0.000 0.000 0.000 0.000 18.292 12.280 15.266 19.253 14.242 13.234 12.227 14.223 18.219 12.215 5.212 20.210 0.000 0.000 0.000 0.000 0.000 0.000 0.000 16.185 6.992 7.622 7.451 0.000 19.616 20.578 0.000 0.000 0.000 10.244 3.188 25.142 18.112 0.040 28.960 0.000 0.000 0.000
25.002 40.681 53.337 55.989 53.560 53.535 51.148 59.042 58.587 31.866 0.000 41.544 0.000 53.513 22.069 0.000 0.000 0.000 0.000 0.000 0.000 0.000 0.000 39.076 33.072 0.000 0.000 0.000 0.000 0.000 0.000 0.000 0.000 4.425 0.000 19.315 15.295 15.274 15.255 15.241 15.231 15.225 15.220 17.218 0.000 0.000 0.000 20.486 0.000 0.000 0.000 0.000 0.000 25.553 13.379 12.171 3.904 4.703 4.584 2.146 15.851 0.000 0.000 0.000 0.000 6.171 1.137 14.117 13.115 0.000 0.000 0.000 0.000
16.688 24.363 47.036 51.641 54.627 52.195 59.704 59.413 38.645 14.466 0.000 58.126 56.042 42.519 0.000 0.000 0.000 0.000 0.000 0.000 0.000 0.000 42.104 48.083 19.067 0.000 0.000 0.000 0.000 0.000 0.000 0.000 0.000 21.425 19.405 16.360 15.311 12.279 16.251 16.236 16.226 16.220 16.216 19.216 0.000 0.000 0.000 18.486 18.486 0.000 0.000 0.000 0.000 12.727 5.609 4.409 3.126 2.883 2.687 2.263 2.990 11.989 0.000 0.000 0.000 0.000 7.119 10.116 8.114 0.000 0.000 0.000 0.000
20.393 31.057 35.710 33.637 45.225 60.017 59.905 43.529 22.318 15.837 0.000 37.768 50.484 24.001 0.000 0.000 0.000 0.000 30.294 36.279 28.249 26.187 35.125 28.084 18.045 0.000 0.000 0.000 0.000 0.000 0.000 0.000 0.000 19.445 16.431 15.408 0.000 0.000 21.236 15.227 15.218 15.211 15.210 16.213 0.000 0.000 0.000 19.487 18.487 0.000 0.000 0.000 10.020 6.020 5.920 5.731 4.288 4.006 7.848 0.000 0.000 0.000 0.000 0.000 0.000 0.000 7.114 2.113 2.112 3.110 0.000 0.000 0.000
32.063 45.733 21.477 20.374 60.047 60.049 46.426 33.182 29.549 34.410 0.000 4.763 40.123 0.000 0.000 0.000 0.000 26.324 30.309 32.294 30.281 0.000 0.000 0.000 29.986 13.926 0.000 0.000 0.000 0.000 0.000 0.000 0.000 29.480 26.465 1.447 0.000 0.000 34.229 20.219 16.207 15.199 19.199 0.000 0.000 0.000 32.488 13.487 17.487 0.000 0.000 0.000 0.000 11.414 6.320 10.309 0.000 0.000 0.000 0.000 0.000 0.000 0.000 0.000 0.000 0.000 7.111 2.110 2.110 7.110 0.000 0.000 0.000
52.702 41.315 21.406 16.937 59.966 21.374 27.128 29.391 33.103 51.727 61.237 49.330 0.000 0.000 0.000 0.000 24.353 18.339 24.324 39.309 38.300 0.000 0.000 0.000 0.000 30.867 0.000 0.000 0.000 15.680 0.000 0.000 31.572 30.531 36.497 29.465 0.000 48.255 45.234 43.212 41.192 33.178 14.188 1.188 0.000 8.493 61.489 15.487 16.487 0.000 0.000 0.000 0.000 16.903 2.918 7.875 0.000 0.000 0.000 0.000 0.000 0.000 0.000 0.000 0.000 3.107 5.108 7.108 1.108 6.109 0.000 0.000 0.000
61.224 48.346 30.669 59.363 17.295 19.115 18.319 17.996 27.602 55.181 50.651 21.991 0.000 0.000 23.426 0.000 31.367 23.355 34.339 29.319 8.309 0.000 0.000 0.000 0.000 34.807 10.793 0.000 0.000 11.680 19.681 23.660 25.614 27.573 17.528 14.445 22.344 22.277 42.237 25.205 19.170 17.133 0.000 0.000 0.000 3.498 71.488 27.486 0.000 0.000 0.000 0.000 0.000 30.377 3.413 10.400 0.000 0.000 0.000 0.000 0.000 0.000 0.000 0.000 0.000 5.107 20.107 18.107 11.107 0.000 0.000 0.000 0.000
59.222 57.476 58.720 36.116 24.062 20.243 19.914 18.525 25.150 40.742 36.197 0.000 0.000 0.000 26.426 47.417 42.394 43.375 25.357 0.000 0.000 0.000 0.000 0.000 25.742 16.763 8.778 0.000 0.000 0.000 23.702 27.684 27.652 27.620 11.595 0.000 18.308 19.273 43.234 29.200 23.151 9.051 15.869 30.740 50.619 39.513 63.479 28.482 0.000 0.000 0.000 0.000 0.000 28.815 4.842 5.911 11.137 0.000 0.000 0.000 0.000 0.000 0.000 0.000 0.000 0.000 24.107 21.107 0.000 0.000 0.000 0.000 0.000
57.244 58.589 57.879 56.933 39.114 18.798 19.417 20.066 18.729 21.440 0.000 0.000 0.000 0.000 42.436 32.430 30.417 26.396 0.000 0.000 0.000 0.000 0.000 26.714 17.721 13.726 0.000 0.000 0.000 0.000 23.743 31.722 40.691 39.660 41.639 29.641 0.000 0.000 46.227 30.208 4.185 0.000 18.817 28.732 55.604 17.455 1.358 0.000 0.000 0.000 0.000 0.000 0.000 20.227 7.225 8.267 11.363 0.000 0.000 0.000 0.000 0.000 0.000 0.000 0.000 0.000 0.000 0.000 0.000 0.000 0.000 0.000 0.000
58.586 57.586 59.727 59.920 43.623 20.256 22.917 22.589 20.259 20.849 0.000 22.467 0.000 0.000 36.452 36.451 43.447 0.000 0.000 1.109 0.000 0.000 0.000 21.706 15.702 9.695 0.000 0.000 0.000 0.000 21.804 22.770 24.729 23.691 21.660 13.642 0.000 0.000 48.240 34.220 19.196 0.000 17.850 28.766 52.612 8.289 3.800 0.000 0.000 0.000 0.000 0.000 0.000 27.641 6.564 8.569 8.685 9.908 13.992 0.000 0.000 0.000 0.000 0.000 0.000 0.000 0.000 0.000 0.000 0.000 0.000 0.000 0.000
58.231 60.449 59.662 60.388 34.036 24.713 44.403 38.114 19.868 0.000 0.000 19.467 34.468 39.469 25.470 46.474 38.475 0.000 0.000 15.109 46.109 0.000 0.000 22.705 16.684 13.658 0.000 0.000 30.094 26.017 21.900 23.826 28.765 28.713 26.668 37.627 29.586 0.000 48.272 40.237 40.183 32.093 12.966 30.873 38.788 0.000 5.988 0.000 0.000 0.000 0.000 0.000 0.000 32.133 3.820 5.763 6.899 8.048 13.077 0.000 0.000 0.000 0.000 0.000 0.000 0.000 0.000 0.000 0.000 0.000 0.000 0.000 0.000
