results3_8e3_rain/res_3e8f-0183.wd
ncols         241
nrows         181
xllcorner     12693529.787448
yllcorner     3542525.717860
cellsize      155.156523
NODATA_value  -9999.000000
[rows 99 to 131 of 181, columns 0 to 72 of 241]
0.000 0.000 0.000 0.000 0.000 61.120 101.120 103.120 94.120 89.120 0.000 0.000 0.000 0.000 0.000 3.117 2.117 69.117 66.117 0.000 0.000 2.117 5.117 64.116 63.116 4.116 0.000 0.000 0.000 11.068 0.000 0.000 0.000 0.000 16.926 62.922 58.913 57.895 58.872 59.845 72.817 61.785 65.751 57.713 59.671 57.627 58.579 63.529 64.477 62.422 66.366 59.309 59.251 61.192 64.128 78.059 79.000 63.953 49.909 0.000 0.000 0.000 0.000 0.000 27.967 82.962 79.951 66.934 41.910 36.886 80.863 57.840 59.817
0.000 0.000 0.000 0.000 0.000 62.120 102.120 102.120 0.000 0.000 0.000 0.000 0.000 0.000 0.000 2.117 14.117 80.117 69.117 7.117 4.117 4.117 67.117 66.117 70.116 1.116 0.000 0.000 0.000 69.068 61.068 0.000 0.000 0.024 75.969 85.963 71.954 64.940 58.922 60.899 79.873 64.843 70.810 70.772 61.731 76.686 68.639 69.588 59.534 67.478 67.421 65.363 59.305 60.247 64.183 61.090 23.026 12.989 0.000 0.000 0.000 0.000 0.000 30.984 67.979 79.973 86.965 76.953 52.938 53.921 67.903 58.884 59.864
7.121 0.121 0.000 0.000 0.000 49.120 98.120 107.120 17.120 0.000 0.000 0.000 0.000 0.000 0.000 1.117 3.117 87.117 68.117 69.117 71.117 68.117 65.117 66.117 64.116 2.116 0.000 0.000 0.000 62.068 62.068 63.066 62.058 62.044 61.017 71.007 80.000 26.990 90.976 80.957 85.933 70.905 15.872 86.835 84.794 83.749 87.701 76.649 59.593 62.536 67.477 67.417 64.359 60.308 49.268 0.000 0.000 0.000 0.000 0.000 0.000 0.000 0.000 40.990 67.990 67.987 78.983 77.976 60.967 60.956 59.944 59.929 59.913
75.121 78.121 10.121 0.000 0.000 59.120 98.120 103.120 113.120 18.120 0.000 0.000 0.000 0.000 9.118 9.117 7.117 24.117 72.117 69.117 87.117 101.117 76.117 61.117 0.116 0.000 0.000 0.000 0.000 0.000 61.070 62.072 62.065 62.056 62.048 61.050 61.049 60.044 61.034 66.019 77.998 71.971 14.939 86.903 87.861 65.816 72.766 89.713 83.655 70.595 60.533 66.470 67.407 70.357 55.312 0.000 0.000 0.000 0.000 0.000 0.000 0.000 0.000 2.996 19.002 65.004 62.003 62.001 59.998 59.993 59.986 59.976 59.964
89.121 72.121 72.121 74.121 76.121 95.121 103.120 103.120 103.120 105.120 79.120 18.119 1.119 67.118 74.118 75.118 37.117 32.117 95.117 103.117 98.117 94.117 77.117 1.117 0.000 0.000 0.000 0.000 0.000 0.000 0.000 62.088 61.073 60.066 61.069 62.095 62.102 62.103 62.098 63.086 82.068 77.043 60.011 61.974 72.933 83.887 60.836 72.781 73.720 66.655 86.590 69.522 61.443 2.400 0.000 0.000 0.000 0.000 0.000 0.000 0.000 0.000 0.000 0.000 11.020 65.022 60.025 60.028 60.031 60.032 60.031 58.026 56.018
104.122 94.121 75.121 79.121 97.121 103.121 103.121 103.120 103.120 98.120 70.120 76.119 4.119 58.118 93.118 101.118 101.117 85.117 100.117 107.117 17.117 0.000 0.000 0.000 0.000 0.000 0.000 0.000 0.000 0.000 0.000 62.119 0.000 0.000 0.000 63.157 62.162 62.167 62.168 63.161 79.145 84.121 61.089 62.051 62.008 79.961 80.911 58.855 66.790 85.715 77.649 55.586 0.000 0.000 0.000 0.000 0.000 0.000 0.000 0.000 0.000 0.000 0.000 0.000 8.036 65.039 60.046 60.055 60.066 59.074 58.078 63.079 64.076
104.122 104.122 99.122 102.121 103.121 103.121 103.121 103.121 103.120 99.120 74.120 91.119 0.000 0.000 71.118 95.118 103.117 104.117 103.117 108.117 11.117 0.000 0.000 0.000 0.000 0.000 0.000 0.000 0.000 0.000 0.000 62.150 1.178 1.199 64.215 62.214 62.223 62.236 62.245 62.244 79.231 84.207 61.173 62.132 62.088 63.040 83.991 77.937 84.871 74.764 55.707 0.000 0.000 0.000 0.000 0.000 0.000 0.000 0.000 0.000 0.000 0.000 0.000 0.000 63.048 60.053 60.063 60.081 60.104 59.120 61.130 65.136 66.139
102.122 103.122 103.122 103.122 103.121 103.121 103.121 103.121 103.120 104.120 99.120 106.119 30.119 9.118 59.118 78.118 101.117 103.117 104.117 92.117 6.117 0.000 0.000 0.000 0.000 0.000 0.000 0.000 0.000 0.000 0.000 56.167 61.184 61.204 60.226 62.259 62.282 62.308 62.332 62.340 79.329 84.302 61.263 62.218 62.170 62.122 67.075 90.030 69.994 0.000 0.000 0.000 0.000 0.000 0.000 0.000 0.000 0.000 0.000 0.000 0.000 0.000 0.000 0.000 16.055 67.062 63.074 64.101 62.148 58.170 65.185 66.197 64.207
99.122 104.122 103.122 103.122 103.122 103.121 103.121 103.121 103.121 103.120 104.120 97.119 81.119 72.118 66.118 93.118 103.117 103.117 108.117 11.117 0.000 0.000 0.000 0.000 0.000 0.000 0.000 0.000 0.000 0.000 0.000 0.000 0.000 0.000 0.000 62.314 62.338 62.381 62.435 62.455 78.443 85.408 62.360 62.306 62.253 62.202 62.156 68.115 21.082 0.000 0.000 0.000 0.000 0.000 0.000 0.000 0.000 0.000 0.000 0.000 0.000 0.000 0.000 0.000 0.000 4.066 2.070 0.000 8.219 67.229 65.243 66.260 63.279
99.122 104.122 103.122 103.122 103.122 103.122 103.121 103.121 103.121 103.120 104.120 89.119 68.119 67.118 76.118 100.118 103.117 103.117 109.117 14.117 5.117 0.000 0.000 0.000 0.000 0.000 0.000 0.000 0.000 0.000 0.000 0.000 0.000 0.000 0.000 58.345 62.375 59.443 62.573 62.601 81.579 85.528 62.462 62.394 62.332 62.278 62.232 59.191 9.136 0.000 0.000 0.000 0.000 0.000 0.000 0.000 0.000 0.000 0.000 0.000 0.000 59.363 0.000 0.000 0.000 0.000 0.000 1.304 63.279 64.283 66.297 66.321 63.353
102.123 103.123 103.123 103.122 103.122 103.122 103.122 103.121 103.121 103.120 103.120 100.119 77.119 78.118 95.118 102.117 103.117 103.117 110.116 27.116 0.000 0.000 0.000 0.000 0.000 0.000 0.000 0.000 0.000 0.000 0.000 0.000 0.000 0.000 0.000 0.000 58.375 0.000 61.814 62.796 90.744 77.663 62.567 62.477 62.403 75.346 65.305 60.280 0.000 0.000 0.000 0.000 0.000 0.000 0.000 0.000 0.000 0.000 0.000 0.000 11.363 70.363 55.363 0.000 0.000 0.000 1.341 64.329 67.320 66.325 63.343 59.374 59.419
103.123 103.123 103.123 103.123 103.123 103.122 103.122 103.122 103.121 103.121 103.120 103.120 105.119 105.118 104.118 103.117 103.117 105.116 94.116 37.116 0.000 0.000 0.000 0.000 0.000 0.000 0.000 0.000 0.000 0.000 0.000 0.000 0.000 0.000 0.000 0.000 0.000 0.000 62.074 63.025 96.938 65.814 62.667 62.543 74.457 83.398 62.360 62.345 61.361 0.000 0.000 0.000 0.000 0.000 0.000 0.000 0.000 0.000 0.000 0.000 0.000 66.363 67.363 54.362 1.360 60.357 62.352 66.347 65.347 63.356 62.376 58.411 66.467
102.123 101.123 103.123 103.123 103.123 103.123 103.122 103.122 103.122 103.121 103.120 103.120 103.119 103.118 103.118 103.117 104.116 87.116 15.116 6.115 64.115 78.115 24.115 0.000 0.000 5.114 0.000 0.000 0.000 0.000 0.000 0.000 0.000 0.000 0.000 4.109 4.083 0.925 58.381 69.293 92.169 62.987 59.742 62.573 62.483 62.428 62.394 62.378 62.377 59.377 0.000 0.000 0.000 0.000 0.000 0.000 0.000 0.000 0.000 0.000 0.363 61.363 57.363 63.363 58.362 66.361 66.359 65.359 61.364 64.375 59.394 58.427 58.483
92.124 92.124 101.124 103.124 103.124 103.123 103.123 103.122 103.122 103.121 103.121 104.120 105.119 103.118 103.117 103.117 103.116 25.115 9.115 64.115 74.115 84.115 83.115 76.114 68.114 9.114 0.000 0.000 0.000 0.000 0.000 0.000 0.000 0.000 4.155 63.136 66.087 65.967 62.732 61.597 70.458 58.223 0.000 58.523 62.474 62.436 62.411 62.397 61.391 0.000 0.000 0.000 0.000 0.000 0.000 0.000 63.364 74.364 0.000 0.000 62.364 60.363 60.363 57.363 65.364 66.364 66.365 63.368 66.374 66.385 64.400 59.420 48.442
74.124 79.124 98.124 104.124 103.124 103.124 103.123 103.123 103.122 103.122 105.121 91.120 87.119 102.118 107.117 104.116 99.115 81.115 84.114 90.114 84.114 85.114 64.114 57.114 3.114 0.114 0.000 0.000 0.000 0.000 0.000 0.114 1.114 0.000 54.173 60.192 63.165 63.093 62.985 62.903 64.845 0.000 0.000 0.000 57.453 62.432 62.416 62.406 62.401 0.401 0.000 0.000 0.000 0.000 0.000 23.364 80.364 62.364 60.364 60.364 60.364 60.364 58.364 63.364 66.365 66.366 62.369 66.373 66.381 65.389 59.401 60.413 50.422
58.125 73.125 92.125 105.125 106.125 106.125 104.124 103.124 104.123 103.122 104.122 42.121 13.119 61.118 79.117 100.116 107.115 105.114 105.113 91.113 14.114 0.000 0.000 0.000 0.000 0.000 0.000 0.000 0.000 9.114 11.114 1.114 1.114 1.114 0.000 59.295 63.286 61.256 62.214 64.183 65.175 0.000 0.000 0.000 0.000 55.424 62.416 62.410 59.405 0.000 0.000 0.000 0.000 0.000 0.000 0.000 22.364 76.364 59.364 59.364 60.364 59.364 59.364 65.365 66.366 64.368 52.371 5.376 70.385 64.392 64.400 64.407 50.412
22.125 44.125 77.126 83.126 77.126 79.125 96.125 104.124 100.124 93.123 92.122 27.121 0.000 0.000 0.000 37.115 72.114 98.112 105.112 2.113 0.000 0.000 0.000 0.000 0.000 0.000 0.000 0.000 0.000 51.114 72.114 17.114 2.114 1.114 0.000 59.406 65.427 64.432 73.430 74.442 64.496 9.652 0.000 0.000 0.000 0.000 59.414 60.412 0.000 0.000 0.000 0.000 0.000 0.000 0.000 0.000 0.000 81.364 84.364 64.364 58.364 56.364 66.364 66.365 61.365 0.000 0.000 0.000 11.390 69.395 66.400 66.404 56.407
0.000 0.000 58.128 67.127 19.127 5.126 68.126 97.125 88.124 84.123 98.123 65.122 25.121 0.000 0.000 0.000 0.000 43.110 74.108 0.000 0.000 0.000 0.000 0.000 0.000 0.000 0.000 0.000 0.000 0.000 56.114 74.114 5.114 0.000 0.000 50.496 64.586 62.615 92.631 85.659 63.714 65.809 11.913 0.000 0.000 0.000 54.414 0.000 0.000 0.000 0.000 0.000 0.000 0.000 0.000 0.000 0.000 0.000 69.364 86.364 71.364 65.364 66.364 61.364 0.000 0.000 0.000 0.000 0.000 61.398 66.400 66.403 61.405
0.000 0.000 54.129 99.129 56.128 5.128 57.127 89.126 91.125 102.124 104.123 107.122 113.120 52.118 21.117 0.000 0.000 0.000 14.103 9.099 0.089 2.080 0.000 0.000 0.000 0.000 0.000 0.000 0.000 0.000 57.114 72.114 2.114 9.114 13.114 0.000 57.806 65.810 95.821 77.848 65.893 64.957 70.016 0.000 0.000 0.000 0.000 0.000 0.000 0.000 0.000 0.000 0.000 0.000 0.000 0.000 0.000 0.000 0.000 7.364 74.364 64.364 62.364 0.000 0.000 0.000 0.000 0.399 60.399 59.399 61.400 55.402 0.000
27.133 42.133 76.131 94.130 102.130 71.129 84.128 107.127 104.126 103.125 103.123 103.122 103.120 109.118 112.116 68.112 27.108 9.104 72.101 86.095 79.088 81.080 37.072 13.065 10.060 0.000 0.000 0.000 0.000 0.000 36.114 58.114 64.114 64.114 67.114 26.115 59.023 87.996 89.997 67.017 65.054 65.108 68.180 13.297 8.348 0.000 0.000 0.000 0.000 0.000 0.000 0.000 0.000 0.000 0.000 0.000 0.000 0.000 0.000 0.000 0.364 0.364 8.364 0.000 0.000 0.000 0.000 62.399 57.399 55.399 0.000 0.000 0.000
100.134 103.134 103.133 101.132 99.131 100.130 102.129 102.128 103.127 104.126 104.124 103.122 96.120 100.118 103.115 107.112 111.108 112.104 104.100 100.094 97.088 92.080 94.072 87.064 43.055 21.047 0.000 0.000 0.000 0.000 0.000 0.000 0.000 0.000 0.000 83.206 72.174 101.156 92.154 79.169 66.199 65.242 65.298 69.362 65.400 0.000 0.000 0.000 0.000 0.000 0.000 0.000 0.000 0.000 0.000 0.000 0.000 0.000 0.000 0.000 0.000 0.000 0.000 0.000 0.000 0.000 0.000 0.000 0.000 0.000 0.000 0.000 0.000
103.135 98.135 96.134 95.133 89.133 86.132 87.131 87.129 93.128 98.127 98.125 91.123 75.121 90.118 103.116 103.112 103.109 103.105 103.100 103.095 104.088 104.081 107.071 108.061 108.051 108.038 47.024 0.000 0.000 0.000 0.000 0.000 0.000 0.000 0.000 55.330 81.313 86.298 70.295 87.306 75.330 65.365 65.408 68.454 11.489 0.000 0.763 0.770 0.000 0.000 0.000 0.000 0.000 0.000 0.000 0.000 0.000 0.000 0.000 0.000 0.000 0.000 0.000 0.000 0.000 0.000 0.000 0.000 0.000 0.000 0.000 0.000 0.000
73.137 46.136 68.136 82.135 80.134 60.133 45.132 41.131 61.129 78.128 77.126 70.124 65.122 75.119 96.116 104.113 103.110 103.106 103.101 103.096 103.090 107.083 82.071 70.060 69.048 73.032 76.010 14.974 3.937 0.594 0.421 0.000 0.000 0.000 0.000 53.472 89.448 72.427 64.421 74.429 85.449 69.478 65.515 65.558 71.612 15.704 9.755 1.778 0.795 6.795 4.795 0.000 0.000 0.000 0.000 0.000 0.000 0.000 0.000 0.000 0.000 0.000 0.000 0.000 0.000 0.000 0.000 0.000 0.000 0.000 0.000 0.000 0.000
63.138 34.138 56.138 71.137 67.136 44.135 30.134 34.132 54.131 68.129 66.127 66.125 67.123 65.120 84.117 101.114 103.111 103.107 103.103 103.099 102.094 65.088 0.000 0.000 0.000 0.000 0.000 0.000 0.000 59.892 79.877 31.856 17.835 13.806 60.749 77.638 94.581 71.542 65.534 63.542 80.559 82.584 68.616 65.653 65.695 68.745 77.780 15.799 10.811 0.000 19.795 0.000 0.000 0.000 0.000 0.000 0.000 0.000 0.000 0.000 0.000 0.000 0.000 0.000 0.000 0.000 0.000 0.000 0.000 0.000 0.000 0.000 0.000
76.140 72.140 67.139 66.139 67.138 69.137 70.136 73.134 72.133 68.131 67.129 67.127 67.124 66.121 73.119 95.116 104.112 103.109 105.106 77.102 43.098 0.000 0.000 0.000 0.000 0.000 0.000 0.000 0.000 24.882 46.872 49.857 53.842 67.834 64.803 85.749 82.698 56.624 63.632 65.644 67.661 80.684 72.711 67.741 65.772 64.802 81.821 72.828 66.828 0.000 0.000 0.000 0.000 0.000 0.000 0.000 0.000 0.000 0.000 0.000 0.000 0.000 0.000 0.000 0.000 0.000 0.000 0.000 0.000 0.000 0.000 0.000 0.000
66.142 67.142 67.142 67.141 67.140 67.139 67.138 67.136 67.135 67.133 67.131 67.128 67.126 67.123 65.120 86.117 103.114 105.111 101.108 27.107 0.000 0.000 0.000 0.000 0.000 0.000 0.000 0.000 0.000 0.000 0.000 0.000 0.000 51.887 68.880 94.858 68.837 0.000 51.726 66.739 64.759 68.780 69.804 78.828 67.851 65.868 64.874 60.862 1.845 0.000 0.000 0.000 0.000 0.000 0.000 0.000 0.000 0.000 0.000 0.000 0.000 0.000 0.000 0.000 0.000 0.000 0.000 0.000 0.000 0.000 0.000 0.000 25.423
67.145 67.145 67.144 67.143 67.142 67.141 67.140 66.138 66.137 67.135 67.132 67.130 67.127 67.125 66.122 74.119 89.115 100.113 88.110 14.109 0.000 0.000 0.000 0.000 0.000 0.000 0.000 0.000 0.000 0.000 0.000 0.000 0.000 28.946 77.971 102.965 12.956 0.000 49.806 67.830 65.853 64.875 72.896 83.917 71.935 65.947 69.943 2.903 0.000 0.000 0.000 0.000 0.000 0.000 0.000 0.000 0.000 0.000 0.000 0.000 0.000 0.000 0.000 0.000 0.000 0.000 0.000 0.000 0.000 0.000 0.000 0.000 82.502
67.147 67.147 67.147 67.146 67.145 67.144 67.143 71.141 72.139 68.137 67.135 67.132 67.129 67.126 67.123 66.120 69.117 78.114 78.111 19.110 0.000 0.000 0.000 0.000 0.000 0.000 20.772 0.000 0.000 0.000 0.000 0.000 0.000 1.116 82.093 97.076 20.065 0.000 33.863 64.920 65.949 65.970 64.989 70.008 72.026 68.041 70.050 0.000 0.000 0.000 0.000 0.000 0.000 0.000 0.000 0.000 0.000 0.000 0.000 0.000 0.000 0.000 0.000 0.000 0.000 0.000 0.000 0.000 0.000 0.000 0.000 66.724 75.634
67.150 67.150 67.150 67.149 67.148 67.147 66.145 78.144 83.142 70.140 67.137 67.134 67.131 67.128 67.125 67.121 67.118 66.114 69.111 50.109 0.000 0.000 0.000 0.000 0.000 62.773 83.772 45.770 36.762 35.750 0.000 0.000 0.000 63.294 105.223 79.180 79.163 6.183 0.000 51.039 68.052 66.066 66.082 64.100 80.119 84.140 78.166 1.266 0.000 0.000 0.000 0.000 0.000 0.000 0.000 0.000 0.000 0.000 0.000 0.000 0.000 0.000 0.000 0.000 0.000 0.000 0.000 0.000 0.000 0.000 40.887 91.816 77.742
67.153 67.153 67.153 67.152 67.151 67.150 66.148 79.147 85.145 69.142 67.140 67.137 67.134 67.131 67.127 67.123 67.119 67.115 67.110 73.106 44.101 0.000 0.000 0.000 2.773 25.773 40.774 62.776 70.764 74.739 48.690 24.625 59.536 97.410 95.324 75.259 57.223 15.203 0.000 51.146 68.152 67.162 70.174 65.190 74.210 97.236 94.275 39.347 3.403 19.429 0.000 0.000 0.000 0.000 0.000 0.000 0.000 31.065 61.067 65.070 0.000 0.000 74.106 135.109 0.000 0.000 0.000 0.000 0.000 0.000 77.959 133.908 116.847
64.157 65.157 66.156 66.155 67.154 67.153 65.152 80.150 83.148 66.145 67.143 67.140 67.137 67.133 67.129 67.125 67.120 67.115 67.110 67.103 73.096 53.085 4.078 0.000 0.000 0.000 0.000 38.796 69.781 65.752 68.707 72.648 84.573 101.485 85.405 53.310 3.267 0.000 0.000 50.248 67.249 70.254 83.263 69.276 79.294 80.319 99.352 103.395 86.433 36.456 0.000 0.000 0.000 0.000 0.000 0.000 0.000 0.000 22.070 50.075 64.083 96.093 134.105 57.115 0.000 0.000 0.000 0.000 0.000 64.171 74.082 75.013 77.949
85.160 80.160 75.160 73.159 69.158 65.157 65.155 80.153 83.151 65.149 67.146 67.143 67.140 67.136 67.132 67.127 66.122 65.116 66.110 66.102 66.093 72.083 49.071 26.056 1.039 0.000 0.000 37.831 75.811 69.780 64.739 77.687 100.623 94.551 62.501 0.000 0.000 0.000 0.000 48.347 66.343 71.342 78.347 73.357 78.373 77.393 90.419 84.449 77.478 50.504 5.536 0.000 0.000 0.000 0.000 0.000 0.000 0.000 0.000 18.078 96.085 99.094 102.108 0.211 10.807 0.000 0.000 7.334 41.334 69.260 138.183 102.120 134.008
105.164 104.164 100.164 95.163 91.162 86.160 81.159 77.157 72.155 66.152 67.150 67.146 67.143 67.139 66.135 68.130 74.124 79.118 78.111 76.102 70.093 65.081 69.067 75.048 39.022 19.987 23.945 57.887 80.851 71.818 67.781 90.738 102.683 58.594 3.547 0.000 0.000 11.527 18.507 52.452 65.432 70.425 86.426 76.434 69.446 62.462 68.481 86.503 83.526 89.548 8.567 0.000 0.000 0.000 0.000 0.000 0.000 0.000 0.000 0.000 0.000 0.000 0.000 0.000 7.844 0.000 0.000 0.000 76.409 67.349 77.284 100.181 76.358
