results3_8e3_rain/res_3e8f-0068.wd
ncols         241
nrows         181
xllcorner     12693529.787448
yllcorner     3542525.717860
cellsize      155.156523
NODATA_value  -9999.000000
[rows 32 to 63 of 181, columns 148 to 221 of 241]
58.351 59.093 32.757 23.450 43.156 36.882 18.649 0.000 0.000 12.484 27.485 32.486 18.487 39.491 31.491 0.000 0.000 8.087 39.088 0.000 0.000 15.661 9.640 6.613 0.000 0.000 23.060 18.991 14.890 16.824 21.771 21.726 19.686 30.650 22.613 0.000 41.452 33.438 33.419 25.399 6.390 24.386 32.386 0.000 0.000 0.000 0.000 0.000 0.000 0.000 0.000 0.000 0.000 0.000 0.000 0.000 0.000 0.000 0.000 0.000 0.000 0.000 0.000 0.000 0.000 0.000 0.000 0.000 0.000 0.000 0.000 0.000 0.000 0.000
58.772 59.448 26.151 37.867 59.600 53.339 31.994 0.000 0.000 11.484 0.000 0.000 8.503 33.519 20.521 0.000 0.000 0.000 25.088 33.058 0.000 17.679 9.627 10.546 14.411 23.275 41.129 32.024 26.928 21.849 22.783 22.726 21.675 20.627 19.577 27.513 37.463 29.431 29.407 27.388 6.376 20.372 28.379 0.000 0.000 0.000 0.000 0.000 0.000 0.000 0.000 0.000 0.000 0.000 0.000 0.000 0.000 0.000 0.000 0.000 0.000 0.000 0.000 0.000 0.000 0.000 0.000 0.000 0.000 0.000 0.000 0.000 0.000 0.000
59.100 59.808 37.527 55.266 58.039 51.879 0.000 0.000 0.000 13.483 0.000 0.000 0.000 17.562 17.552 25.541 0.000 38.197 26.118 13.029 21.898 12.750 10.642 10.535 9.412 11.284 39.158 37.047 36.948 38.861 31.787 33.721 32.662 32.607 32.554 33.500 37.454 35.418 36.391 31.370 8.355 7.348 0.000 0.000 0.000 0.000 0.000 0.000 0.000 0.000 0.000 0.000 0.000 0.000 0.000 0.000 0.000 0.000 0.000 0.000 0.000 0.000 0.000 0.000 0.000 0.000 0.000 0.000 0.000 0.000 0.000 0.000 0.000 0.000
59.437 59.153 58.882 59.631 51.412 38.260 0.000 0.000 0.000 0.000 0.000 0.000 0.000 14.615 11.586 24.529 29.421 21.276 30.159 28.042 8.914 9.781 10.658 10.539 22.416 26.293 30.172 23.059 19.955 29.862 3.781 10.709 5.645 5.586 5.531 8.480 34.435 23.398 21.368 23.345 8.328 10.317 0.000 0.000 0.000 0.000 0.000 0.000 0.000 0.000 0.000 0.000 0.000 0.000 0.000 0.000 0.000 0.000 0.000 0.000 0.000 0.000 0.000 0.000 0.000 0.000 0.000 0.000 0.000 0.000 0.000 0.000 0.000 0.000
59.765 59.486 60.218 54.965 36.718 27.489 36.489 0.000 0.000 0.000 0.000 0.000 0.000 11.696 10.649 13.569 9.458 20.327 23.198 26.068 14.935 9.801 9.672 9.546 34.422 40.300 22.179 16.062 15.951 16.852 13.766 13.690 13.622 14.561 17.504 14.453 35.408 27.370 25.339 25.313 7.293 21.276 47.252 0.000 0.000 0.000 0.000 0.000 0.000 0.000 0.000 0.000 0.000 0.000 0.000 0.000 0.000 0.000 0.000 0.000 0.000 0.000 0.000 0.000 0.000 0.000 0.000 0.000 0.000 0.000 0.000 0.000 0.000 0.000
60.085 59.807 56.539 42.292 31.005 0.000 0.000 0.000 0.000 16.714 0.000 0.000 0.000 10.825 11.746 11.639 10.514 10.378 16.239 9.098 8.956 10.817 9.682 8.552 32.426 29.305 37.184 41.057 39.934 34.830 30.741 32.664 28.594 32.530 32.472 33.421 37.375 35.336 36.303 32.277 7.257 19.241 41.229 0.000 0.000 0.000 0.000 0.000 0.000 0.000 0.000 0.000 0.000 0.000 0.000 0.000 0.000 0.000 0.000 0.000 0.000 0.000 0.000 0.000 0.000 0.000 0.000 0.000 0.000 0.000 0.000 0.000 0.000 0.000
60.397 60.118 49.839 31.660 0.000 0.000 0.000 0.000 14.768 17.715 30.614 30.471 18.283 11.033 10.871 11.727 11.582 10.432 9.280 10.128 9.976 9.829 8.687 17.553 36.427 15.309 29.195 6.050 38.898 28.792 27.706 27.629 24.559 29.494 30.435 30.382 37.335 35.295 32.262 32.235 7.216 21.202 40.194 0.000 0.000 0.000 0.000 0.000 0.000 0.000 0.000 0.000 0.000 0.000 0.000 0.000 0.000 0.000 0.000 0.000 0.000 0.000 0.000 0.000 0.000 0.000 0.000 0.000 0.000 0.000 0.000 0.000 0.000 0.000
61.705 54.428 42.039 31.849 0.000 0.000 0.000 0.000 11.821 28.762 22.657 11.516 13.345 13.152 10.979 9.816 11.654 10.490 11.323 11.157 10.993 9.835 9.685 29.545 29.419 29.311 29.236 0.000 10.817 8.736 9.661 9.588 10.518 14.453 17.392 15.337 35.289 29.248 23.214 25.187 8.168 20.157 39.152 0.000 0.000 0.000 0.000 0.000 0.000 0.000 0.000 0.000 0.000 0.000 0.000 0.000 0.000 0.000 0.000 0.000 0.000 0.000 0.000 0.000 0.000 0.000 0.000 0.000 0.000 0.000 0.000 0.000 0.000 0.000
61.013 46.851 0.000 0.000 0.000 0.000 0.000 0.000 27.934 22.855 12.737 13.593 13.428 13.252 13.077 10.903 9.728 9.549 11.367 10.184 10.004 8.833 10.672 25.525 16.393 25.281 26.202 0.000 0.000 24.673 23.615 23.544 23.474 25.406 25.343 26.286 38.236 34.193 29.158 31.132 7.114 16.106 44.105 0.000 0.000 0.000 0.000 0.000 0.000 0.000 0.000 0.000 0.000 0.000 0.000 0.000 0.000 0.000 0.000 0.000 0.000 0.000 0.000 0.000 0.000 0.000 0.000 0.000 0.000 0.000 0.000 0.000 0.000 0.000
54.238 37.113 0.000 0.000 0.000 0.000 0.000 35.298 29.126 12.987 13.844 13.689 13.524 13.350 13.173 12.993 9.807 10.612 10.411 10.207 11.008 9.819 9.646 12.490 17.348 29.218 16.088 27.914 32.777 25.667 34.581 24.502 25.426 28.355 27.289 26.229 36.176 32.131 20.094 19.067 8.051 15.048 44.057 0.000 0.000 0.000 0.000 0.000 0.000 0.000 0.000 0.000 0.000 0.000 0.000 0.000 0.000 0.000 0.000 0.000 0.000 0.000 0.000 0.000 0.000 0.000 0.000 0.000 0.000 0.000 0.000 0.000 0.000 0.000
40.351 30.249 0.000 0.000 0.000 13.813 27.690 28.470 22.286 17.122 13.961 13.797 13.628 13.453 12.274 15.089 19.893 15.683 10.456 11.227 10.002 9.790 9.603 9.440 16.292 17.154 15.019 21.877 20.749 15.638 27.542 7.455 15.374 22.298 21.229 15.165 34.109 27.060 7.020 5.991 8.975 10.978 15.017 0.000 0.000 0.000 0.000 0.000 0.000 0.000 0.000 0.000 0.000 0.000 0.000 0.000 0.000 0.000 0.000 0.000 0.000 0.000 0.000 0.000 0.000 0.000 0.000 0.000 0.000 0.000 0.000 0.000 0.000 0.000
19.317 37.283 0.000 0.000 16.065 25.935 39.788 23.607 22.427 22.254 15.083 13.911 13.737 13.560 20.380 28.194 28.995 20.771 15.505 10.241 8.984 9.736 13.538 10.373 9.226 8.089 13.957 14.827 13.705 14.595 16.494 9.402 15.316 20.236 22.162 18.095 34.034 27.981 9.936 8.902 8.881 4.872 0.000 0.000 0.000 0.000 0.000 0.000 0.000 0.000 0.000 0.000 0.000 0.000 0.000 0.000 0.000 11.238 20.239 19.238 21.232 20.227 14.222 8.219 0.164 0.000 0.000 0.000 0.000 0.000 0.000 0.000 0.000 0.000
0.000 0.000 0.000 0.000 19.195 39.076 30.919 33.743 30.562 20.383 13.205 14.027 13.849 24.671 29.493 25.313 20.123 16.901 19.552 14.249 13.955 9.633 14.441 8.289 9.150 10.019 8.892 8.768 8.651 8.541 7.438 8.342 8.253 12.168 18.090 17.017 34.951 28.893 7.842 8.802 8.773 7.758 0.000 0.000 0.000 0.000 0.000 0.000 0.000 0.000 0.000 9.217 11.218 17.221 20.225 20.231 19.236 15.239 6.242 4.243 6.234 9.227 11.222 12.219 10.213 14.211 6.209 0.000 0.000 0.000 0.000 0.000 0.000 0.000
0.000 0.000 0.000 20.678 36.444 29.254 21.069 28.883 32.697 33.512 23.327 12.144 21.961 30.782 20.608 12.441 12.285 14.158 0.000 0.000 0.000 6.398 10.306 12.190 12.068 8.945 8.823 9.704 8.589 8.479 8.375 9.277 8.184 8.095 8.012 10.934 27.862 26.796 8.738 8.689 8.652 9.630 10.630 0.000 0.000 0.000 0.000 0.000 0.000 0.000 0.000 0.000 0.000 17.220 1.225 0.078 0.180 0.072 0.090 0.157 0.000 0.000 0.000 0.052 0.001 0.002 0.006 8.542 0.000 0.000 0.000 0.000 0.000 0.000
0.000 0.000 20.201 29.911 36.652 20.427 23.221 21.023 18.830 26.639 31.449 26.259 30.071 18.887 12.715 13.558 13.417 21.287 0.000 0.000 0.000 3.256 12.193 23.097 23.987 18.870 14.752 16.636 12.522 11.413 9.308 8.207 8.110 9.017 7.929 7.845 10.766 19.692 7.625 7.565 8.515 7.480 0.000 0.000 0.000 0.000 0.000 0.000 0.000 0.000 0.000 0.000 15.435 0.126 0.053 0.079 0.000 0.000 0.000 0.315 0.686 0.777 0.120 0.072 0.000 0.008 0.003 0.059 6.163 0.000 0.000 0.000 0.000 0.000
23.798 25.091 23.492 38.113 22.824 16.581 18.364 17.160 13.962 12.767 27.571 34.373 37.175 24.982 14.807 11.661 19.539 0.000 0.000 0.000 0.000 6.178 16.114 23.020 23.912 23.797 25.680 33.565 31.452 27.342 25.235 21.132 15.032 9.935 7.841 8.751 7.664 12.582 5.505 6.432 7.364 9.294 30.189 0.000 0.000 0.000 0.000 0.000 0.000 0.000 0.000 0.000 5.434 0.025 0.000 0.181 0.328 0.378 0.412 0.441 0.220 0.274 0.000 0.290 0.221 0.054 0.055 0.056 0.000 2.078 0.000 0.000 0.000 0.000
23.466 15.984 34.562 34.227 28.951 19.711 13.494 14.290 15.092 25.895 28.695 20.488 23.274 32.060 32.870 22.739 0.000 0.000 0.000 0.000 11.246 17.163 21.065 19.957 20.843 20.725 18.607 25.491 26.378 26.268 27.160 24.055 22.951 23.850 14.751 9.653 10.559 7.467 8.379 7.295 6.216 8.143 23.084 0.000 0.000 0.000 0.000 0.000 0.000 0.000 0.000 0.000 0.046 0.052 1.276 0.183 0.072 0.025 0.003 0.000 0.574 0.566 0.000 0.433 0.000 0.000 0.000 0.000 0.000 0.111 9.299 0.000 0.000 0.000
17.036 26.817 36.545 27.282 27.040 28.819 26.611 17.413 23.220 32.027 20.826 13.610 12.373 18.116 27.872 34.687 0.000 0.000 14.779 14.574 9.330 18.163 23.027 23.902 19.778 19.653 11.532 8.416 8.303 8.192 7.083 4.975 11.869 25.763 24.658 23.554 18.451 9.349 7.250 8.153 7.061 6.979 7.921 0.000 0.000 0.000 0.000 0.000 0.000 0.000 0.000 0.000 0.000 0.000 0.000 0.267 0.000 0.000 0.009 1.805 1.744 1.693 0.599 0.514 0.000 0.000 0.000 0.000 0.000 0.000 3.303 2.304 0.016 0.000
19.825 38.703 29.519 26.315 26.111 26.912 25.720 27.533 32.350 21.166 14.972 14.754 14.491 13.158 13.816 19.451 35.970 33.508 11.985 10.614 9.335 10.134 21.978 19.844 30.715 18.577 11.453 9.336 10.224 9.114 14.005 21.895 17.785 11.675 17.564 27.453 24.341 23.229 14.118 7.007 6.897 7.789 5.700 0.000 0.000 0.000 0.000 0.000 0.000 13.048 8.049 7.036 0.000 0.000 0.000 5.510 2.411 2.216 2.043 1.859 1.756 1.678 1.581 1.499 1.478 0.457 1.434 3.431 0.000 0.000 0.049 0.019 0.012 0.000
33.737 29.650 18.513 23.350 28.176 22.999 28.823 34.648 26.481 14.315 13.141 14.944 14.681 18.208 18.785 12.330 22.952 18.569 15.038 11.561 8.263 15.060 18.907 20.782 11.661 38.487 26.365 16.254 8.145 14.036 32.926 42.816 35.703 12.588 14.471 17.352 21.231 26.109 23.986 19.861 8.731 5.581 12.390 18.162 0.000 0.000 0.000 0.000 0.000 0.000 3.061 3.023 2.945 7.849 6.741 2.619 1.478 2.193 2.033 1.869 1.755 1.664 1.568 1.457 1.460 1.456 0.434 0.409 1.328 4.321 0.150 0.000 0.000 0.000
35.726 20.648 15.534 17.395 19.243 30.086 33.924 44.756 43.611 36.472 25.334 14.198 17.083 0.000 0.000 11.133 16.937 13.779 0.000 9.328 13.096 29.936 28.808 31.715 0.000 3.346 43.267 37.169 23.065 28.958 46.849 46.738 44.623 13.504 19.381 19.254 21.123 8.989 17.855 23.721 22.584 21.415 34.116 42.934 0.000 0.000 0.000 0.000 0.000 0.000 26.113 7.052 6.962 6.860 6.757 7.664 1.578 0.421 4.011 0.800 0.645 0.462 0.341 1.089 0.227 0.000 0.000 0.000 0.000 0.000 0.000 0.000 0.000 0.000
26.759 15.682 15.579 15.454 28.316 26.177 43.033 57.841 54.735 51.630 46.525 37.432 28.369 0.000 0.000 0.000 4.884 15.831 0.000 0.000 5.858 23.778 22.675 37.556 9.387 10.283 43.188 48.090 43.988 42.883 45.775 45.663 46.547 25.424 17.295 19.159 19.018 8.871 17.724 11.584 30.470 1.328 39.726 61.525 32.173 1.923 0.000 0.000 0.000 2.393 62.225 15.109 16.991 16.874 12.761 13.663 5.591 0.522 0.000 0.454 0.331 1.981 4.943 14.915 4.857 0.000 0.000 0.000 0.000 0.000 0.000 0.000 0.000 0.000
24.824 22.743 17.645 29.528 23.391 36.272 14.191 0.000 34.857 53.786 52.705 53.635 36.593 0.000 0.000 0.000 0.000 21.831 0.000 0.000 2.700 17.645 12.556 39.447 50.322 50.213 46.112 46.014 45.914 46.812 45.706 45.594 45.476 39.351 14.216 16.071 13.917 8.754 19.586 20.422 23.291 0.000 24.453 60.265 29.947 47.548 8.242 0.000 4.747 60.532 48.332 20.168 14.020 15.882 9.753 3.636 1.460 0.000 0.000 5.126 13.063 20.984 27.920 36.860 25.794 5.725 0.000 0.000 0.000 0.000 0.000 0.000 0.000 0.000
26.901 22.821 29.731 26.621 29.447 53.329 40.269 23.203 44.051 52.953 51.874 50.812 30.774 0.000 0.000 0.000 0.000 0.000 0.000 0.000 8.597 17.547 28.459 44.354 46.240 46.134 46.035 45.939 45.843 45.745 45.641 45.532 45.414 45.286 31.147 20.993 13.825 6.641 10.442 10.228 14.982 33.616 19.367 54.135 39.804 46.330 52.937 38.444 42.963 51.638 27.405 28.210 14.038 12.882 4.732 1.387 1.606 2.478 16.304 22.169 40.068 38.976 37.892 36.814 36.736 26.657 4.578 0.000 0.000 0.000 0.000 0.000 0.000 0.000
18.983 30.908 27.837 27.780 0.000 0.000 32.352 58.289 53.191 52.103 54.026 35.963 21.919 5.944 0.000 0.000 0.000 0.000 0.000 0.000 14.543 31.489 43.377 46.271 46.151 46.047 45.954 45.865 45.776 45.682 45.584 45.477 45.362 45.234 46.091 39.931 31.749 23.544 21.316 24.064 14.792 31.501 10.264 52.103 0.000 5.030 39.730 11.434 2.031 57.652 21.439 25.229 23.042 3.874 1.572 1.999 1.433 8.449 29.309 40.179 37.065 36.959 36.860 33.768 32.679 30.590 29.500 3.406 0.000 0.000 0.000 0.000 0.000 0.000
29.065 28.994 23.929 43.882 0.000 6.614 46.499 53.409 52.321 52.240 52.166 28.095 27.994 38.969 0.000 0.000 0.000 0.000 0.000 0.000 0.000 0.000 40.289 52.202 47.046 45.951 45.870 45.792 45.711 45.626 45.534 45.433 45.321 45.196 45.054 45.889 46.696 43.472 43.211 45.923 25.620 31.331 5.086 45.911 0.000 0.000 35.521 5.319 15.035 48.741 29.472 21.225 25.027 1.756 2.372 0.914 1.764 11.435 32.305 33.176 38.055 36.938 31.823 28.721 32.623 37.527 36.426 25.313 6.169 5.058 3.980 0.896 0.000 0.000
30.145 18.072 29.003 49.937 42.862 48.729 54.621 52.529 52.445 52.369 49.304 33.258 0.000 0.000 0.000 0.000 0.000 0.000 0.000 0.000 0.000 0.000 0.000 0.000 37.879 46.839 45.785 45.722 45.652 45.576 45.492 45.399 45.295 47.177 46.039 45.875 44.676 46.435 45.135 44.797 34.433 32.119 8.837 20.544 50.110 28.781 36.515 5.286 33.051 26.804 29.482 17.171 10.932 2.575 2.265 1.555 8.636 13.452 14.301 19.166 27.043 24.915 25.775 36.669 36.569 36.469 36.365 37.255 31.136 27.026 24.922 13.797 7.678 8.568
19.223 15.148 30.075 49.001 54.919 53.821 52.727 52.641 52.561 53.487 44.422 37.376 0.000 0.000 0.000 0.000 0.000 0.000 0.000 0.000 0.000 0.000 0.000 13.713 40.753 46.742 45.707 45.658 45.600 45.534 45.460 45.377 47.283 47.177 47.051 38.896 43.696 46.459 49.096 46.696 40.196 35.875 23.599 7.319 55.005 37.719 39.471 4.258 50.079 13.942 0.000 11.047 1.750 2.409 0.985 8.813 14.619 13.439 13.281 12.144 5.038 0.879 30.695 36.612 36.516 36.415 36.312 36.205 37.097 36.990 36.885 37.776 36.670 33.570
16.299 14.224 31.149 51.073 52.993 52.908 52.825 52.746 52.671 54.597 33.521 31.448 0.000 0.000 0.000 0.000 0.000 0.000 0.000 0.000 0.000 0.000 0.000 27.672 46.680 45.670 45.643 45.605 45.556 45.500 47.436 46.365 46.285 46.196 40.093 17.962 33.755 43.607 0.000 0.000 17.779 24.586 33.367 20.127 40.871 58.620 43.391 10.198 52.067 0.000 0.000 0.009 2.357 2.128 3.170 12.811 10.591 11.403 13.240 16.094 9.958 10.803 26.676 36.570 36.467 36.365 36.263 36.160 36.056 35.954 35.853 35.753 35.656 35.565
21.374 26.299 41.224 53.148 53.072 52.995 52.919 52.848 52.780 53.711 40.616 0.000 0.000 0.000 0.000 0.000 0.000 12.483 0.000 0.000 0.000 0.000 0.000 2.624 37.623 44.613 45.592 45.560 45.521 45.473 47.420 45.361 45.297 45.230 29.162 25.105 0.000 0.000 0.000 0.000 2.430 9.324 31.155 16.953 21.730 64.499 47.277 26.075 35.923 0.000 29.731 6.606 2.385 2.071 3.155 11.749 22.530 22.345 24.183 30.036 24.897 35.761 36.638 36.526 36.420 36.317 36.216 36.115 36.016 35.918 35.822 35.728 35.638 35.553
23.448 42.373 53.299 53.225 53.152 53.080 53.010 52.945 52.890 58.851 0.000 0.000 0.000 0.000 0.000 0.000 12.483 24.484 11.484 26.486 22.487 0.000 0.000 24.578 31.577 42.568 45.551 45.525 45.492 46.454 45.410 45.362 45.313 41.264 30.220 35.190 0.000 0.000 0.000 0.000 19.259 11.134 28.976 4.800 6.598 54.370 53.143 44.903 30.626 30.207 18.856 13.641 2.418 2.071 1.410 10.608 32.435 39.267 38.112 37.970 29.836 36.708 36.588 36.477 36.371 36.269 36.169 36.071 35.975 35.881 35.789 35.700 35.615 35.535
30.521 50.447 54.374 53.302 53.231 53.162 53.096 53.035 52.983 59.953 0.000 0.000 0.000 0.000 0.000 0.000 1.483 21.484 21.484 20.485 23.488 7.496 15.509 23.533 23.537 40.532 46.518 45.497 45.470 45.439 45.404 45.366 46.328 38.293 34.264 28.247 0.000 0.000 0.000 0.000 0.000 10.975 29.817 6.672 2.493 41.240 58.022 54.767 35.474 14.139 12.845 13.626 4.463 1.097 1.387 3.532 14.338 34.176 37.031 36.896 28.769 36.647 36.533 36.424 36.320 36.219 36.122 36.027 35.934 35.843 35.755 35.670 35.589 35.512
