results3_8e3_rain/res_3e8f-0023.wd
ncols         241
nrows         181
xllcorner     12693529.787448
yllcorner     3542525.717860
cellsize      155.156523
NODATA_value  -9999.000000
[rows 66 to 98 of 181, columns 75 to 149 of 241]
0.000 33.074 50.093 49.124 49.152 0.000 21.186 21.261 34.388 30.482 29.544 29.582 28.599 104.595 92.584 0.000 0.000 0.000 26.700 21.710 26.723 29.735 29.750 31.766 32.780 37.794 38.809 39.825 30.848 0.000 0.000 37.053 87.054 68.974 72.840 72.932 70.996 78.986 71.438 71.925 72.675 71.459 71.250 72.057 41.912 0.000 0.000 0.000 0.000 0.000 0.000 0.000 0.000 0.000 0.000 0.000 0.000 0.000 0.000 0.000 0.000 0.000 0.000 0.000 0.000 0.000 0.000 0.000 0.000 0.000 0.000 0.000 0.000 0.000 0.000
0.000 21.355 45.342 44.345 38.358 0.000 0.000 0.000 27.485 40.584 29.636 28.664 29.668 10.631 0.000 0.000 0.000 0.000 0.000 0.000 37.723 35.729 33.741 16.762 19.779 26.795 27.807 32.819 23.833 0.000 0.000 0.000 47.274 65.195 72.143 72.248 79.405 79.204 71.510 72.204 71.925 71.724 71.523 66.344 24.217 0.000 0.000 21.393 0.000 0.000 0.000 0.000 0.000 0.000 0.000 0.000 0.000 0.000 0.000 0.000 0.000 0.000 0.000 0.000 0.000 0.000 0.000 0.000 0.000 0.000 0.000 0.000 0.000 0.000 0.000
34.848 32.649 46.575 39.556 40.578 37.669 0.000 0.000 0.000 42.733 37.751 32.769 34.780 0.000 0.000 0.000 0.000 0.000 0.000 0.000 36.716 32.719 23.723 0.000 0.000 24.800 36.806 35.811 0.000 0.000 0.000 49.759 41.573 45.427 52.525 67.605 79.591 71.241 72.800 72.371 72.190 71.980 69.775 52.578 31.397 37.395 35.394 16.393 0.000 0.000 0.000 0.000 0.000 0.000 0.000 0.000 0.000 0.000 0.000 0.000 0.000 0.000 0.000 0.000 0.000 0.000 0.000 0.000 0.000 0.000 0.000 0.000 0.000 0.000 0.000
32.924 43.820 37.755 30.727 49.731 38.760 0.000 0.000 0.000 34.864 50.869 45.881 45.904 48.960 0.000 0.000 0.000 0.000 0.000 0.000 34.707 25.709 28.710 0.000 0.000 0.000 72.807 99.808 14.808 0.000 49.099 43.948 43.804 43.735 39.841 79.929 79.766 72.286 75.896 72.648 72.446 72.237 64.018 16.798 0.000 39.394 17.394 0.000 0.000 0.000 0.000 0.000 0.000 0.000 0.000 0.000 0.000 0.000 0.000 0.000 0.000 0.000 0.000 0.000 0.000 0.000 0.000 0.000 0.000 0.000 0.000 0.000 0.000 0.000 0.000
45.018 36.951 28.899 28.868 41.859 49.882 45.966 49.024 51.035 45.990 40.980 42.984 31.997 31.016 0.000 0.000 0.000 0.000 39.690 38.692 26.698 28.699 29.699 33.693 32.691 0.000 0.000 0.000 0.000 0.000 55.250 48.129 42.995 44.113 42.184 80.074 41.897 49.490 64.090 71.916 72.707 70.506 29.262 0.000 0.000 0.000 0.000 0.000 0.000 0.000 0.000 0.000 0.000 0.000 0.000 0.000 0.000 0.000 0.000 0.000 0.000 0.000 0.000 0.000 0.000 0.000 0.000 0.000 0.000 0.000 0.000 0.000 0.000 0.000 0.000
36.116 29.067 30.024 29.988 31.954 15.943 41.993 40.072 32.092 29.083 28.077 44.079 46.085 33.091 0.000 0.000 0.000 39.687 35.688 32.690 25.692 29.693 29.693 29.691 29.689 0.000 0.852 1.853 3.853 71.757 68.526 57.287 56.293 45.325 80.324 80.207 43.948 50.601 45.381 52.188 70.965 45.817 0.000 0.000 0.000 0.000 0.000 0.000 0.000 0.000 0.000 0.000 0.000 0.000 0.000 0.000 0.000 0.000 0.000 0.000 0.000 0.000 0.000 0.000 0.000 0.000 0.000 0.000 0.000 0.000 0.000 0.000 0.000 0.000 0.000
29.215 30.179 30.144 31.104 12.029 0.000 0.000 27.179 30.179 30.172 30.169 28.169 52.172 36.175 0.000 0.000 0.000 16.687 33.687 27.687 28.688 29.689 29.689 29.688 29.687 40.686 0.000 0.000 10.951 63.893 73.802 0.000 77.465 67.694 80.422 42.515 56.163 52.810 42.684 39.491 36.146 20.981 0.000 0.000 0.000 0.000 0.000 0.000 0.000 0.000 0.000 0.000 0.000 0.000 0.000 0.000 0.000 0.000 0.000 0.000 0.000 0.000 0.000 0.000 0.000 0.000 0.000 0.000 0.000 0.000 0.000 0.000 0.000 0.000 0.000
30.314 30.289 30.269 33.257 0.000 0.000 0.000 25.287 30.275 32.257 30.257 29.259 47.260 43.261 0.000 0.000 0.000 0.000 24.685 27.685 29.686 29.686 29.686 29.686 31.686 17.685 0.000 0.000 61.106 64.060 74.992 80.906 74.911 72.920 80.501 63.564 66.272 51.116 44.023 36.951 0.000 0.000 0.000 0.000 0.000 0.000 0.000 0.000 0.000 0.000 0.000 0.000 0.000 0.000 0.000 0.000 0.000 0.000 0.000 0.000 0.000 0.000 0.000 0.000 0.000 0.000 0.000 0.000 0.000 0.000 0.000 0.000 0.000 0.000 0.000
30.411 30.396 30.388 30.399 34.463 35.483 35.469 31.409 31.376 11.326 28.344 29.349 45.350 44.349 0.000 0.000 0.000 0.000 23.683 29.684 29.684 29.684 29.684 29.684 17.685 0.000 0.000 0.000 66.309 72.253 75.170 75.123 74.169 80.602 73.043 75.767 70.457 55.400 45.342 44.338 44.473 0.000 0.000 0.000 0.000 0.000 0.000 0.000 0.000 0.000 14.854 0.000 0.000 0.000 0.000 0.000 0.000 0.000 0.000 0.000 0.000 0.000 0.000 0.000 0.000 0.000 0.000 0.000 0.000 0.000 0.000 0.000 0.000 0.000 0.000
30.507 30.495 30.488 30.490 30.508 30.518 30.516 30.504 34.495 0.000 21.447 30.445 46.441 41.438 0.000 0.000 0.000 0.000 28.682 31.682 31.683 31.683 29.683 32.683 0.000 0.000 0.000 58.715 64.567 75.471 75.353 75.460 73.491 80.812 74.182 78.829 74.722 75.656 63.607 51.588 40.608 35.607 37.607 0.000 0.000 0.000 0.000 0.000 0.845 0.131 4.867 14.890 0.000 0.000 0.000 0.000 0.000 0.000 0.000 0.000 0.000 0.000 0.000 0.000 0.000 0.000 0.000 0.000 0.000 0.000 0.000 0.000 0.000 0.000 0.000
30.602 30.592 30.579 30.566 30.562 33.563 31.576 30.597 34.606 0.000 21.552 30.543 47.532 39.525 0.000 0.000 0.000 0.000 1.682 11.682 10.682 10.682 31.682 16.682 0.000 0.000 0.000 60.863 70.777 75.681 75.638 74.738 81.522 81.192 75.253 76.097 74.954 74.898 75.843 66.799 31.763 0.000 0.000 0.000 0.000 0.000 0.000 0.000 0.000 0.179 0.020 2.925 16.936 0.000 0.000 0.000 0.000 0.000 0.000 0.000 0.000 0.000 0.000 0.000 0.000 0.000 0.000 0.000 0.000 0.000 0.000 0.000 0.000 0.000 0.000
30.701 30.692 30.670 33.633 35.610 7.600 28.626 31.704 33.726 0.000 24.666 29.644 41.619 39.605 0.000 0.000 0.000 0.000 0.000 0.000 0.000 0.000 12.681 0.000 0.000 0.000 9.236 59.097 75.997 75.880 75.997 74.084 81.814 73.847 79.551 75.243 75.196 75.129 75.069 65.003 25.883 0.000 0.000 0.000 0.000 0.000 0.000 0.000 0.000 0.220 1.115 0.472 1.035 17.016 0.000 0.000 0.000 0.000 0.000 0.000 0.000 0.000 0.000 0.000 0.000 0.000 0.000 0.000 0.000 0.000 0.000 0.000 0.000 0.000 0.000
30.808 30.805 32.779 8.686 10.648 0.000 0.000 26.866 30.869 34.881 30.803 33.749 38.698 43.671 0.000 0.000 0.000 0.000 0.000 0.000 0.000 0.000 0.000 0.000 0.000 0.000 68.376 70.295 76.203 76.166 75.289 82.329 82.082 74.913 75.623 75.492 75.421 75.357 74.302 54.262 0.000 0.000 0.000 0.000 0.000 0.000 0.000 0.000 0.000 7.428 4.405 0.288 0.084 0.037 0.357 0.000 0.000 0.000 0.000 0.000 0.000 0.000 0.000 0.000 0.000 0.000 0.000 0.000 0.000 0.000 0.000 0.000 0.000 0.000 0.000
30.925 30.942 35.953 0.000 0.000 0.000 0.000 23.026 32.003 29.973 31.916 43.850 15.753 9.712 0.000 0.000 0.000 0.000 0.000 0.000 0.000 0.000 0.000 0.000 0.000 55.728 60.596 74.503 76.392 76.528 74.631 82.552 74.418 76.088 75.778 75.717 75.640 75.575 67.519 44.481 0.000 0.000 0.000 0.000 0.000 0.000 0.000 0.000 0.000 11.459 6.453 0.438 0.000 0.000 0.000 0.000 0.000 0.000 0.000 0.000 0.000 0.000 0.000 0.000 0.000 0.000 0.000 0.000 0.000 0.000 0.000 0.000 0.000 0.000 0.000
30.046 30.086 33.141 3.249 0.368 32.381 37.331 31.210 29.146 36.093 46.037 48.985 0.000 0.000 0.000 0.000 0.000 0.000 0.000 0.000 0.000 0.000 0.000 0.000 0.000 57.859 65.783 75.693 76.690 75.736 82.960 82.763 75.448 76.147 76.006 75.926 75.851 75.783 57.719 39.662 0.000 0.000 0.000 0.000 0.000 0.000 0.000 0.000 0.000 9.496 7.496 7.502 4.483 0.000 0.000 0.000 0.000 0.000 0.000 0.000 0.000 0.000 0.000 0.000 0.000 0.000 0.000 0.000 0.000 0.000 0.000 0.000 0.000 0.000 0.000
44.163 42.215 39.276 40.353 40.430 37.434 38.402 40.338 40.277 46.217 48.154 6.069 0.000 0.000 0.000 0.000 0.000 0.000 0.000 0.000 0.000 0.000 0.000 0.000 4.200 59.068 75.974 76.891 76.849 76.087 83.141 74.927 76.596 76.281 76.213 76.130 76.056 73.987 55.912 26.787 0.000 0.000 0.000 0.000 0.000 0.000 0.000 0.000 0.000 0.662 3.534 6.533 7.464 6.381 3.328 0.000 0.000 0.000 0.000 0.000 0.000 0.000 0.000 0.000 0.000 0.000 0.000 0.000 0.000 0.000 0.000 0.000 0.000 0.000 0.000
43.276 45.335 47.396 46.458 45.507 43.522 41.506 41.464 42.409 38.346 38.292 0.000 0.000 0.000 0.000 0.000 0.000 0.000 0.000 0.000 0.000 0.000 0.000 45.423 68.332 67.239 76.158 77.058 77.196 75.312 83.309 77.017 76.619 76.492 76.406 76.327 76.257 72.198 52.156 0.000 0.000 0.000 0.000 0.000 0.000 0.000 0.000 0.000 8.278 3.237 0.114 1.331 5.460 7.352 7.276 8.195 0.000 0.000 0.000 0.000 0.000 0.000 0.000 0.000 0.000 0.000 0.000 0.000 0.000 0.000 0.000 0.000 0.000 0.000 0.000
31.389 38.454 47.517 53.575 41.620 35.642 30.637 28.605 27.548 33.465 12.378 0.000 0.000 0.000 0.000 0.000 0.000 0.000 0.000 0.000 0.000 0.000 0.000 51.514 67.466 75.401 77.330 77.312 76.457 83.599 83.461 79.034 76.836 76.673 76.593 76.515 76.446 71.392 46.359 0.000 0.000 0.000 0.000 0.000 0.000 0.000 0.000 8.363 3.319 3.273 3.221 2.077 0.000 2.291 6.227 7.115 3.924 0.000 0.000 0.000 0.000 0.000 0.000 0.000 0.000 0.000 0.000 0.000 0.000 0.000 0.000 0.000 0.000 0.000 0.000
33.502 38.574 40.644 43.707 33.757 29.788 30.795 30.772 32.714 10.589 0.000 0.000 0.000 0.000 0.000 0.000 0.000 0.000 0.000 0.000 0.000 0.000 0.000 37.652 66.619 76.569 77.488 77.637 75.767 83.725 76.584 78.253 76.931 76.863 76.773 76.693 76.622 67.564 40.530 0.000 0.000 0.000 0.000 0.000 0.000 0.000 7.458 3.408 3.361 3.315 3.270 3.230 3.244 0.145 0.000 0.043 6.733 6.664 0.000 0.000 0.000 0.000 0.000 0.000 0.000 0.000 0.000 0.000 0.000 0.000 0.000 0.000 0.000 0.000 0.000
31.617 32.698 30.778 29.851 30.915 29.961 29.982 29.975 34.947 0.000 0.000 0.000 0.000 0.000 0.000 0.000 0.000 0.000 0.000 0.000 0.000 0.000 0.000 45.825 74.789 77.739 77.737 76.892 83.950 83.842 79.579 77.277 77.129 77.037 76.947 76.862 77.784 57.714 45.666 0.000 0.000 6.813 0.000 6.658 8.631 8.580 3.508 3.451 3.401 3.356 3.314 3.280 3.260 3.231 2.189 0.000 5.611 6.595 0.000 0.000 0.000 0.000 0.000 0.000 0.000 0.000 0.000 0.000 0.000 0.000 0.000 0.000 0.000 0.000 0.000
30.733 30.825 30.918 30.007 30.090 30.158 30.200 29.199 37.152 0.000 0.000 0.000 0.000 0.000 0.000 0.000 0.000 0.000 0.000 0.000 0.000 0.000 30.144 66.034 76.974 77.897 78.069 76.192 84.044 77.032 78.704 77.386 77.308 77.210 77.117 77.026 77.936 49.843 27.754 0.000 0.000 2.813 0.000 1.686 3.655 3.603 3.542 3.487 3.438 3.393 3.352 3.316 3.284 3.247 0.977 0.950 6.506 3.511 0.000 0.000 0.000 0.000 0.000 0.000 0.000 0.000 0.000 0.000 0.000 0.000 0.000 0.000 0.000 0.000 0.000
28.848 28.953 29.061 29.171 29.281 30.382 32.459 34.471 9.311 0.000 0.000 0.000 0.000 0.000 0.000 0.000 0.000 0.000 0.000 0.000 0.000 0.411 41.254 72.198 78.138 78.167 77.231 84.203 84.129 80.022 77.727 77.575 77.478 77.380 77.284 77.190 73.093 19.968 0.000 0.000 0.000 2.813 8.814 3.781 3.704 3.633 3.570 3.518 3.470 3.425 3.384 3.347 3.314 3.277 0.077 6.275 6.354 2.432 0.000 0.000 0.000 0.000 0.000 0.000 0.000 0.000 0.000 0.000 0.000 0.000 0.000 0.000 0.000 0.000 0.000
32.961 37.078 40.202 44.336 46.480 49.631 48.785 40.916 0.000 0.000 16.055 0.000 0.000 0.000 0.000 0.000 0.000 27.451 54.461 0.000 0.000 34.500 67.416 77.358 78.311 78.290 77.554 84.263 76.463 78.149 77.830 77.751 77.648 77.549 77.450 78.355 65.279 0.000 0.000 0.000 0.000 0.000 2.847 3.881 5.747 5.656 3.587 3.544 3.501 3.455 3.412 3.374 3.349 0.174 2.057 5.142 6.203 0.000 0.000 0.000 0.000 0.000 0.000 0.000 0.000 0.000 0.000 0.000 0.000 0.000 0.000 0.000 0.000 0.000 0.000
38.068 47.195 48.335 47.493 46.671 45.879 43.135 37.491 13.137 30.649 49.056 18.346 2.534 0.000 0.000 0.000 0.000 37.442 51.471 0.000 9.630 51.591 76.549 79.517 78.429 78.702 76.721 84.310 78.452 78.167 78.016 77.919 77.819 77.718 77.614 79.500 23.389 0.000 0.000 0.000 0.000 0.000 0.000 5.150 0.000 0.000 2.579 3.571 3.533 3.483 3.433 3.389 2.363 0.118 5.937 6.022 3.112 0.000 0.000 0.000 0.000 0.000 0.000 0.000 0.000 0.000 0.000 0.000 0.000 0.000 0.000 0.000 0.000 0.000 0.000
35.164 38.300 37.453 35.628 33.833 32.080 30.385 30.776 40.273 42.754 40.173 37.497 41.690 0.000 0.000 0.000 38.288 68.404 19.510 15.616 49.670 73.685 78.684 78.645 78.852 76.877 84.371 76.862 78.581 78.266 78.190 78.089 77.990 77.890 80.787 37.643 0.000 0.000 0.000 0.000 0.000 0.000 1.564 6.418 0.000 0.000 0.091 3.627 3.576 3.513 3.449 3.387 0.169 4.642 5.770 4.896 0.000 0.000 0.000 0.000 0.000 0.000 0.000 0.000 0.000 0.000 0.000 0.000 0.000 0.000 0.000 0.000 0.000 0.000 0.000
32.248 31.388 31.548 32.734 32.955 33.223 31.551 32.954 38.428 41.920 38.387 33.779 37.024 0.000 0.000 0.000 30.172 40.376 18.551 51.668 66.748 75.798 78.825 78.878 78.073 84.783 84.514 77.865 78.597 78.453 78.359 78.261 78.161 78.066 81.000 0.000 0.000 0.000 5.224 0.000 0.000 2.680 5.680 4.632 11.673 0.000 0.215 3.733 3.634 3.542 3.463 1.148 0.866 5.505 5.606 0.000 0.000 0.000 0.000 0.000 0.000 0.000 0.000 0.000 0.000 0.000 0.000 0.000 0.000 0.000 0.000 0.000 0.000 0.000 0.000
32.317 32.456 32.617 32.806 33.031 32.305 31.644 36.062 40.564 41.112 36.675 33.208 38.605 0.000 0.000 0.000 25.854 0.000 42.651 66.756 72.857 78.940 78.946 79.290 77.385 85.019 77.299 79.015 78.702 78.630 78.533 78.434 78.328 85.215 69.148 0.000 0.000 42.225 28.224 0.000 0.000 0.000 5.786 4.755 4.715 10.609 8.384 6.934 3.684 3.559 3.472 0.155 4.048 5.202 1.439 0.000 0.000 0.000 0.000 0.000 0.000 0.000 0.000 0.000 0.000 0.000 0.000 0.000 0.000 0.000 0.000 0.000 0.000 0.000 0.000
32.369 32.503 32.659 32.842 32.059 31.324 33.656 38.087 41.654 38.290 33.994 33.775 37.582 20.763 8.667 10.484 7.536 9.270 49.646 70.849 76.993 79.075 79.384 77.526 85.423 85.232 78.323 79.039 78.893 78.803 78.710 78.614 83.503 26.316 41.230 11.228 42.227 50.226 0.000 0.000 0.000 0.000 5.922 4.887 4.825 14.728 25.617 0.000 8.611 4.537 1.211 0.820 4.814 3.992 0.000 0.000 0.000 0.000 0.000 0.000 0.000 0.000 0.000 0.000 0.000 0.000 0.000 0.000 0.000 0.000 0.000 0.000 0.000 0.000 0.000
32.404 32.529 32.675 32.843 31.041 31.277 35.571 42.976 44.677 41.401 37.237 36.315 37.187 40.041 40.754 50.250 0.000 27.628 65.815 73.002 79.160 79.329 78.638 85.762 85.598 78.698 79.480 79.144 79.071 78.976 78.890 78.812 86.753 0.000 24.229 26.228 16.227 18.226 0.000 0.000 0.000 0.320 6.094 5.046 10.970 26.860 3.738 0.000 0.000 2.523 0.168 3.147 4.333 0.783 0.000 0.000 0.000 0.000 0.000 0.000 0.000 0.000 0.000 0.000 0.000 0.000 0.000 0.000 0.000 0.000 0.000 0.000 0.000 0.000 0.000
32.422 32.537 32.668 31.816 30.984 33.172 40.377 17.568 0.000 0.000 0.000 24.063 41.811 37.459 41.058 22.513 0.000 32.800 70.984 77.191 79.320 79.777 77.980 85.914 79.051 79.829 79.398 79.340 79.236 79.146 79.062 79.990 77.944 0.000 0.000 0.000 0.000 0.000 0.000 0.000 0.000 7.425 5.309 4.234 24.150 28.005 0.000 0.000 0.000 0.000 0.139 3.800 4.007 0.000 0.000 0.000 0.000 0.000 0.000 0.000 0.000 0.000 0.000 0.000 0.000 0.000 0.000 0.000 0.000 0.000 0.000 0.000 0.000 0.000 0.000
32.426 32.529 31.644 30.770 32.907 36.050 44.196 3.352 0.000 0.000 0.000 0.000 24.535 39.926 41.507 28.231 31.172 57.786 75.142 79.373 79.806 78.061 86.181 86.054 80.050 79.747 79.599 79.496 79.399 79.307 79.221 82.144 67.090 0.000 0.000 0.000 0.000 0.000 0.000 0.000 0.000 6.546 5.485 3.431 31.391 0.000 0.000 0.000 0.000 2.518 2.684 3.225 1.715 0.000 0.000 0.000 0.000 0.000 0.000 0.000 0.000 0.000 0.000 0.000 0.000 0.000 0.000 0.000 0.000 0.000 0.000 0.000 0.000 0.000 0.000
32.418 32.510 31.609 30.715 34.824 38.927 43.007 1.084 0.000 0.000 0.000 0.000 4.868 48.203 43.814 50.734 64.497 74.034 78.391 79.706 79.117 86.408 86.298 79.411 80.185 79.842 79.758 79.654 79.557 79.464 83.372 46.275 18.182 0.000 0.000 0.000 0.000 0.000 0.000 2.029 6.883 5.728 7.656 4.614 28.593 0.000 0.000 0.000 0.000 15.312 4.324 1.341 0.000 0.000 0.000 0.000 0.000 0.000 0.000 0.000 0.000 0.000 0.000 0.000 0.000 0.000 0.000 0.000 0.000 0.000 0.000 0.000 0.000 0.000 0.000
32.403 32.483 30.569 32.658 38.747 39.827 37.877 24.866 0.000 0.000 0.000 0.000 0.000 1.202 0.000 39.392 71.051 75.459 79.725 80.164 78.521 86.508 78.750 80.527 80.090 80.023 81.908 80.806 79.710 79.620 85.528 8.401 0.000 0.000 0.000 0.000 0.000 0.000 22.255 22.151 9.954 6.826 17.797 12.778 13.773 0.000 0.000 0.002 0.000 6.154 1.750 1.995 0.000 0.000 0.000 0.000 0.000 0.000 0.000 0.000 0.000 0.000 0.000 0.000 0.000 0.000 0.000 0.000 0.000 0.000 0.000 0.000 0.000 0.000 0.000
