results3_8e3_rain/res_3e8f-0148.wd
ncols         241
nrows         181
xllcorner     12693529.787448
yllcorner     3542525.717860
cellsize      155.156523
NODATA_value  -9999.000000
[rows 33 to 65 of 181, columns 146 to 218 of 241]
64.104 63.325 63.055 63.698 30.364 42.042 63.736 57.433 36.027 0.000 0.000 33.624 9.624 14.625 30.627 55.633 42.634 8.632 0.000 0.000 47.521 55.505 13.477 40.443 32.417 33.388 37.341 46.294 64.243 55.205 50.169 45.140 46.115 46.093 45.073 44.053 43.031 51.008 60.984 52.964 52.945 50.924 29.902 43.885 51.874 0.000 22.362 27.328 51.240 49.164 54.092 64.021 56.958 51.928 6.914 0.000 34.856 34.859 41.860 19.857 0.000 0.000 0.000 0.000 0.000 0.000 0.000 0.000 0.000 0.000 0.000 0.000 0.000
64.043 63.794 63.452 64.129 41.813 59.518 62.257 56.072 0.000 0.000 11.623 35.623 0.000 0.000 0.000 39.647 39.642 47.632 10.610 60.580 48.542 35.512 44.482 35.449 33.417 33.382 32.342 34.299 62.256 60.218 60.183 62.152 55.126 57.102 56.079 56.057 56.036 57.014 60.992 58.973 59.954 54.936 31.920 30.907 3.900 0.000 19.299 33.276 41.229 36.161 42.089 55.015 54.969 52.943 10.930 0.000 0.000 39.868 11.868 0.000 0.000 0.000 0.000 0.000 0.000 41.843 40.840 42.838 32.836 35.834 2.833 0.000 0.000
64.510 64.178 63.861 63.547 63.244 63.958 55.703 42.525 0.000 0.000 0.000 3.623 0.000 0.000 0.000 36.666 33.658 46.642 51.618 43.588 52.555 50.522 31.488 32.454 33.419 33.383 45.344 49.305 53.265 46.227 43.193 53.162 27.134 34.108 29.084 29.062 29.040 32.019 57.999 46.980 44.963 46.948 31.934 33.924 13.919 0.000 29.259 86.250 11.239 0.000 0.000 3.981 55.962 54.944 13.934 0.000 0.000 36.878 33.876 35.876 33.874 41.870 47.865 39.860 61.852 68.845 66.841 51.838 31.835 30.833 34.832 4.831 0.000
64.893 64.577 64.262 63.955 64.657 59.366 41.073 31.799 40.799 0.000 0.000 0.000 0.000 0.000 0.000 33.693 32.680 35.659 31.632 42.601 45.567 48.532 37.496 32.460 32.423 32.386 57.348 63.310 45.272 39.234 39.199 40.168 37.139 37.113 37.088 38.065 41.044 38.023 59.004 50.986 48.970 48.957 30.945 44.937 70.933 0.000 21.228 74.225 0.000 0.000 0.000 5.966 55.952 53.939 31.928 36.914 34.902 32.889 32.883 32.879 31.875 38.871 45.867 32.861 50.853 68.845 64.840 44.837 29.834 29.832 34.831 2.831 0.000
65.293 64.971 64.657 64.353 61.063 46.777 35.425 0.000 0.000 0.000 0.000 37.977 0.956 6.932 0.000 32.733 33.712 33.683 32.651 32.616 38.580 31.542 31.504 33.466 32.428 31.390 55.352 52.315 60.277 64.239 63.203 58.171 54.142 56.116 52.091 56.068 56.046 57.026 61.008 58.991 59.976 55.963 30.953 42.946 64.943 0.000 16.202 77.196 0.000 0.000 0.000 0.000 52.939 55.933 34.924 32.913 32.903 32.894 32.887 32.882 31.877 38.873 47.869 3.865 0.000 26.841 69.838 45.836 29.833 29.831 33.829 0.828 0.000
65.689 65.357 65.040 64.739 54.463 36.255 0.000 0.000 0.000 0.000 36.002 38.984 51.959 51.923 39.868 32.795 32.750 33.711 33.672 32.633 31.593 32.553 32.513 32.473 31.433 40.394 59.356 38.320 52.284 29.241 62.201 52.171 51.143 51.117 48.093 53.069 54.048 54.028 61.010 58.993 55.979 55.967 30.958 44.952 63.949 0.000 2.181 70.161 0.000 0.000 0.000 0.000 56.934 55.930 31.922 33.911 32.903 33.896 33.890 33.884 34.879 42.875 22.872 0.000 0.000 27.840 69.837 50.834 37.831 31.828 34.826 1.824 0.000
66.080 65.730 66.405 59.102 46.794 36.524 0.000 0.000 0.000 0.000 33.019 50.000 43.971 32.933 34.885 34.830 32.782 31.738 33.694 32.651 33.608 33.564 33.521 32.479 32.437 52.397 52.359 52.325 52.298 0.000 34.191 32.169 33.143 33.117 34.092 38.069 41.048 39.028 59.010 52.994 46.980 48.969 31.960 43.955 62.952 0.000 0.000 43.105 34.083 0.000 0.000 0.000 50.932 33.931 0.000 28.907 34.903 38.897 45.892 45.886 45.880 47.875 19.872 0.000 11.845 75.841 68.837 70.833 58.829 33.826 34.823 2.821 0.000
66.459 66.076 65.748 51.470 3.177 0.000 0.000 0.000 0.000 11.086 49.055 44.027 33.993 34.954 34.908 34.859 34.811 32.764 31.717 31.670 33.623 32.575 32.529 31.484 33.440 48.398 39.359 48.321 49.285 8.242 8.202 48.171 47.143 47.116 47.091 49.067 49.046 50.026 62.008 57.992 52.979 54.968 30.960 39.955 67.953 0.000 0.000 102.072 71.061 38.044 25.036 0.000 0.000 0.000 0.000 0.000 31.904 40.899 44.894 43.887 46.881 48.875 34.868 39.858 55.849 70.842 68.837 68.832 56.827 33.823 33.819 9.816 0.000
66.807 67.368 59.041 41.854 0.000 0.000 0.000 0.000 0.000 56.116 50.090 34.058 35.021 34.980 34.935 34.887 34.838 34.789 31.739 32.688 32.637 32.586 33.536 32.487 32.441 35.397 40.356 52.317 39.279 51.240 56.203 49.171 58.141 48.114 49.088 52.064 51.042 50.022 60.004 55.988 43.975 42.964 31.956 38.952 67.951 0.000 0.000 93.051 83.045 60.035 29.028 0.000 0.000 4.965 0.000 0.000 2.909 51.903 43.896 37.889 34.882 49.874 36.867 38.858 46.850 67.843 69.836 67.830 53.825 33.819 30.814 34.808 28.801
75.076 72.547 45.196 35.049 0.000 0.000 1.284 34.263 48.229 49.172 43.132 38.094 35.053 35.011 34.965 34.916 33.867 36.815 41.762 37.708 32.652 33.596 32.541 32.489 32.440 32.394 39.352 40.312 38.273 45.236 44.200 39.168 51.138 31.110 39.083 46.059 45.037 39.016 57.998 50.982 30.968 29.957 32.950 34.946 38.949 0.000 0.000 71.036 51.032 88.024 74.013 9.995 10.979 61.965 35.951 33.936 33.919 35.909 46.900 40.891 8.883 61.875 49.866 45.858 43.850 54.842 70.835 62.828 45.822 34.816 30.809 37.802 61.794
0.000 0.000 24.147 42.098 0.000 0.000 36.305 46.284 60.253 44.211 43.171 43.131 36.089 35.044 34.997 34.947 41.896 49.843 50.788 42.729 37.667 32.604 31.544 32.487 36.435 33.388 32.345 31.305 37.266 38.230 37.195 38.162 40.132 33.104 39.077 44.052 46.029 42.009 57.990 51.973 33.959 32.948 32.939 28.935 0.000 0.000 0.000 27.026 46.022 46.015 80.005 94.992 87.979 55.965 41.951 42.938 42.924 45.913 67.903 85.893 94.884 93.875 95.867 94.858 88.850 82.842 74.834 57.827 40.820 31.813 32.805 45.798 64.790
17.823 0.000 0.000 0.000 0.000 7.364 39.340 59.315 51.286 54.250 51.211 41.170 34.127 35.080 35.031 45.980 50.928 46.873 41.816 38.754 41.682 36.611 36.543 32.479 37.425 31.379 32.336 33.296 32.258 32.222 32.187 32.155 31.124 32.096 32.069 36.044 42.020 40.999 58.979 52.962 31.947 32.935 32.925 31.918 6.910 0.000 0.000 31.019 57.016 46.010 48.001 62.990 73.978 83.965 85.952 91.939 94.927 94.915 93.905 89.895 80.885 78.876 80.867 83.858 85.849 86.840 84.832 88.825 80.817 47.810 34.802 53.795 70.787
57.117 15.578 0.000 0.000 4.400 40.389 56.373 49.352 41.325 49.292 53.254 54.213 44.168 33.119 43.068 52.015 41.961 33.906 33.850 35.788 3.695 4.615 3.540 29.460 33.409 35.365 35.324 32.285 32.248 33.212 32.178 32.146 32.115 33.086 32.059 32.033 32.010 34.987 51.967 50.949 32.933 32.920 32.909 33.903 34.902 0.000 0.000 30.016 48.013 49.008 61.000 47.990 27.978 31.965 67.953 91.941 75.929 70.917 73.907 66.896 52.886 41.876 32.867 30.857 31.848 41.839 39.831 34.823 73.815 88.807 66.799 64.791 68.784
0.000 31.040 9.255 3.363 39.410 49.420 56.413 40.395 43.370 41.338 39.300 47.258 52.212 47.161 51.107 40.051 33.995 34.940 34.890 42.855 0.000 0.000 0.000 26.414 35.386 46.349 47.311 42.273 38.236 40.201 36.167 35.135 33.104 32.075 32.048 33.022 31.997 31.974 34.953 43.933 31.916 31.901 32.890 31.881 0.876 0.000 0.000 11.014 9.013 63.009 47.001 31.991 45.978 47.965 93.953 74.942 57.930 39.919 30.908 31.898 32.887 33.877 33.867 33.857 32.847 30.838 29.829 30.820 38.812 75.804 83.796 68.788 67.781
0.000 18.286 41.362 43.424 42.458 57.468 42.462 36.446 38.421 37.390 34.352 33.309 48.260 55.206 58.148 46.087 36.027 32.970 40.917 6.886 0.000 0.000 0.000 29.396 39.370 46.335 47.297 47.260 49.223 57.188 55.155 51.123 49.092 45.063 39.035 34.008 31.983 32.959 31.937 36.916 29.897 30.880 31.866 33.854 54.841 0.000 0.000 0.000 25.017 67.012 27.005 35.994 26.979 65.964 83.954 43.943 31.932 33.921 33.910 33.899 33.888 33.877 30.866 30.856 29.846 30.836 30.827 30.818 46.809 61.801 34.793 94.784 66.776
0.000 18.457 41.484 34.512 53.529 53.532 48.523 39.505 33.480 34.447 35.409 46.364 49.314 41.256 44.192 53.124 54.054 43.996 0.928 0.000 2.603 1.543 34.457 40.405 44.363 43.323 44.284 44.246 42.209 49.174 50.141 50.109 51.078 48.049 47.021 47.994 38.968 33.943 34.919 31.897 32.876 31.857 30.841 32.827 47.818 0.000 0.000 0.000 25.026 69.019 31.011 7.003 0.000 11.959 50.955 32.944 33.933 31.922 31.911 31.900 30.889 29.877 30.866 30.855 29.844 30.834 29.824 28.815 31.807 27.799 23.790 87.778 96.770
0.000 15.599 35.606 45.612 55.614 46.608 46.594 48.572 46.545 37.511 43.472 52.426 41.374 34.313 33.242 39.161 49.072 55.981 19.877 11.761 37.641 37.549 32.467 41.405 46.355 47.311 43.270 43.230 35.193 32.158 32.125 32.094 31.064 29.034 36.006 49.978 48.952 47.925 42.900 33.876 31.853 32.831 31.812 31.796 32.786 0.000 0.000 0.000 40.042 7.027 11.019 0.000 0.000 0.000 29.962 9.947 12.935 29.924 28.913 28.902 29.889 31.877 31.865 31.854 30.843 30.832 28.822 28.812 29.804 17.797 0.000 7.770 90.761
0.000 14.736 38.727 57.718 48.706 45.691 45.671 46.646 45.616 47.581 52.542 41.496 35.442 35.379 35.301 34.205 35.092 40.980 57.874 55.766 34.650 33.543 32.457 33.392 45.340 43.296 54.254 42.212 35.175 33.141 34.109 33.078 38.048 46.019 41.990 35.962 41.935 51.907 48.880 47.854 38.828 31.804 31.781 32.760 30.744 0.000 0.000 40.082 28.074 0.000 0.000 42.007 37.005 35.997 27.983 0.000 0.000 34.926 31.916 31.904 31.890 31.877 31.864 31.852 31.840 31.829 31.818 30.808 31.799 33.790 23.780 0.000 32.751
2.953 27.882 52.848 48.825 37.803 42.780 47.754 42.724 48.692 54.657 46.617 34.573 33.521 35.459 35.379 39.268 40.110 33.971 44.874 40.781 37.649 34.516 31.428 38.365 42.317 44.278 35.240 62.189 50.153 40.122 32.091 38.061 57.032 67.003 59.975 36.946 38.917 41.889 45.860 50.832 48.803 44.775 33.746 30.718 37.687 43.644 0.000 15.090 36.098 0.000 0.000 12.009 32.011 32.004 31.991 36.977 35.960 31.938 30.922 31.907 31.892 31.877 31.863 31.850 31.838 31.826 31.815 31.804 30.793 30.783 31.771 34.757 30.748
15.023 48.992 54.960 39.930 34.901 36.871 38.839 49.806 53.772 64.736 63.698 56.657 45.610 34.556 37.488 4.378 0.000 32.921 38.872 35.833 0.000 32.445 36.374 53.325 52.286 55.258 0.000 27.150 67.128 61.101 47.073 53.044 71.016 70.987 68.959 37.930 43.900 43.870 45.840 33.809 42.778 48.746 47.713 46.678 59.641 68.601 1.551 0.000 26.130 51.162 0.000 0.000 55.027 36.015 35.999 35.982 35.963 36.944 30.926 29.910 33.893 30.876 30.861 30.848 30.835 31.822 30.810 29.799 29.788 29.776 29.765 29.753 28.743
14.126 60.102 46.069 35.035 35.000 34.964 47.927 45.888 62.853 77.819 74.783 71.746 66.707 57.669 48.638 0.000 0.000 0.000 26.857 37.847 0.000 0.000 29.297 47.274 46.244 61.210 33.162 34.134 67.108 72.082 68.055 67.027 70.000 69.972 70.943 49.914 41.884 43.853 43.821 33.788 42.753 36.718 55.681 26.642 65.599 87.552 58.495 28.444 0.000 29.194 0.000 31.085 91.055 44.031 46.009 45.988 41.968 42.949 34.930 29.913 11.893 30.873 30.858 33.845 36.831 46.818 36.806 31.794 32.782 32.770 32.759 32.748 32.737
46.252 50.220 44.181 42.141 37.100 49.059 43.015 55.967 33.934 3.902 54.869 73.836 72.803 73.775 56.757 0.000 0.000 0.000 20.854 43.850 0.000 0.000 26.245 41.229 36.205 63.176 74.143 74.115 70.089 70.063 70.037 71.011 69.984 69.956 69.928 63.899 38.868 40.836 38.802 33.767 44.730 45.692 48.651 5.608 50.563 86.513 56.456 74.392 35.305 21.227 33.174 89.116 77.076 49.045 43.018 44.994 38.972 32.952 30.934 28.920 0.000 36.866 44.855 52.841 59.828 68.814 57.801 37.789 31.776 32.764 32.753 32.742 32.731
57.410 46.346 46.293 42.246 49.202 46.158 49.108 73.030 60.014 42.987 63.956 72.925 71.895 70.871 50.858 0.000 0.000 0.000 0.000 0.000 0.000 0.000 32.208 41.193 52.172 68.146 70.119 70.094 70.069 70.045 70.020 69.995 69.969 69.942 69.914 69.885 55.854 45.821 38.786 31.748 35.709 35.667 40.624 59.578 45.531 80.480 66.424 73.364 80.297 66.233 71.179 80.129 56.088 57.054 43.025 41.999 33.975 30.953 31.932 33.913 47.890 53.870 71.853 70.838 69.824 68.810 68.796 58.783 36.771 31.758 32.747 32.735 32.724
48.530 36.459 38.400 50.349 47.303 47.262 17.231 0.000 52.104 78.077 73.044 72.012 73.981 55.957 41.946 25.965 0.000 0.000 0.000 0.000 0.000 0.000 38.186 55.165 67.141 70.118 70.095 70.072 70.049 70.027 70.004 69.980 69.955 69.930 69.902 69.873 70.842 64.808 56.772 48.732 46.690 49.645 40.598 57.551 36.502 78.451 11.398 32.343 67.285 39.230 30.180 86.134 50.094 54.059 52.028 33.001 30.975 31.952 31.930 39.909 60.888 71.869 68.851 68.835 68.820 65.805 64.791 62.777 61.764 35.752 31.740 31.728 31.717
38.632 35.562 48.500 48.446 43.398 63.356 17.323 26.302 66.222 73.173 72.132 72.096 72.062 48.031 48.003 58.984 0.000 0.000 0.000 0.000 0.000 0.000 0.000 5.138 64.111 76.090 71.070 70.050 70.030 70.009 69.988 69.966 69.943 69.918 69.892 69.864 69.833 70.798 71.761 68.719 68.673 71.624 51.574 57.524 31.474 72.425 8.374 10.323 63.272 33.222 43.176 77.133 58.095 50.060 54.029 31.000 31.974 30.950 32.928 42.906 63.885 64.866 69.848 68.831 63.815 60.800 64.785 69.771 68.758 57.745 38.733 37.721 36.710
34.725 48.655 49.593 37.538 48.487 69.442 62.401 68.361 74.308 72.260 72.217 72.177 69.139 53.101 3.052 0.000 0.000 0.000 0.000 0.000 0.000 0.000 0.000 0.000 9.076 21.061 62.045 71.028 70.010 69.992 69.973 69.953 69.932 69.909 69.884 71.857 70.827 70.792 69.753 71.709 70.659 70.605 60.550 58.497 35.448 47.399 77.351 56.304 64.257 33.212 61.169 55.128 58.091 46.057 40.026 31.998 31.971 31.947 39.924 44.902 45.881 50.862 58.843 56.826 57.809 68.794 68.779 68.765 68.751 69.738 63.725 59.713 57.702
49.810 49.742 38.680 34.624 49.572 68.524 74.479 73.435 72.388 72.343 72.299 73.257 64.216 57.184 0.000 0.000 0.000 0.000 0.000 0.000 0.000 0.000 0.000 0.000 18.055 38.035 65.020 71.006 69.992 69.976 69.960 69.942 69.922 69.902 71.879 71.853 71.825 63.791 68.752 71.706 74.649 72.588 66.523 62.468 50.419 34.373 82.328 65.284 67.241 32.199 78.158 42.121 23.085 40.052 31.022 31.993 30.967 39.942 45.919 44.897 44.876 43.856 36.838 32.820 62.803 68.787 68.772 68.757 68.744 68.730 69.718 69.705 69.694
46.889 37.823 35.762 33.705 50.652 70.603 72.557 72.512 72.467 72.423 72.380 74.335 53.284 51.234 0.000 0.000 0.000 0.000 0.000 0.000 0.000 0.000 0.000 0.000 0.000 52.002 70.995 69.986 69.974 69.962 69.947 69.932 71.915 70.896 70.876 70.853 64.828 42.796 58.757 68.712 19.645 10.573 44.487 51.434 60.388 47.346 68.305 86.264 71.223 38.184 80.146 4.110 16.076 29.044 32.015 31.987 33.961 43.936 41.913 42.891 44.870 47.850 41.831 42.813 58.796 68.780 68.765 68.750 68.736 68.722 68.709 68.697 68.685
37.964 35.899 40.839 45.782 60.729 72.680 72.633 72.588 72.545 72.504 72.463 73.419 60.351 0.000 0.000 0.000 0.000 0.000 0.000 36.918 0.000 15.919 0.000 0.000 0.000 26.976 61.973 68.967 69.959 69.948 69.936 69.923 71.909 69.893 69.876 69.857 53.836 49.810 11.769 13.740 0.000 0.000 29.417 36.391 58.355 44.318 49.280 92.243 75.205 54.168 64.132 14.098 59.066 36.035 32.006 31.979 33.953 42.929 53.906 53.884 55.863 61.843 56.824 67.806 68.789 68.772 68.757 68.742 68.727 68.714 68.701 68.688 68.676
39.034 35.971 42.912 61.856 72.803 72.753 72.706 72.662 72.621 72.583 72.550 78.526 0.000 0.000 0.000 0.000 0.000 0.000 36.918 48.918 35.918 50.919 46.920 0.000 16.943 48.953 55.954 66.951 69.945 69.937 69.927 70.916 69.904 69.891 69.877 65.863 54.849 59.837 0.000 0.000 0.000 13.369 46.375 38.356 56.324 32.290 34.256 82.221 81.186 73.151 59.117 59.084 48.053 43.024 31.996 31.969 31.944 41.920 63.897 70.876 69.855 69.835 61.816 68.798 68.780 68.764 68.748 68.733 68.718 68.705 68.691 68.679 68.667
37.102 35.040 49.982 69.926 73.874 72.824 72.778 72.734 72.694 72.658 72.628 79.609 0.000 0.000 0.000 0.000 0.000 0.000 25.917 45.918 45.918 44.919 47.921 31.925 39.933 47.939 47.940 64.938 70.933 69.927 69.919 69.910 69.900 69.890 70.879 62.869 58.859 52.854 0.000 0.000 0.000 6.364 10.358 38.335 57.294 34.263 30.233 69.201 86.167 83.133 64.100 43.069 42.039 43.011 33.984 30.959 31.934 34.911 45.888 65.867 68.846 68.826 60.807 68.789 68.772 68.755 68.739 68.724 68.709 68.695 68.682 68.669 68.657
36.167 38.106 58.048 73.994 72.942 72.893 72.846 72.803 72.762 72.727 74.696 72.674 0.000 0.000 0.000 0.000 0.000 0.000 11.917 50.917 56.918 61.918 52.919 51.922 45.926 41.928 52.929 66.927 69.924 69.919 72.912 70.905 69.897 69.889 69.881 64.873 56.867 51.864 26.867 0.000 0.000 0.000 0.000 0.300 49.253 35.236 31.212 64.182 95.149 76.114 55.082 46.052 48.024 45.997 40.972 29.947 31.923 30.901 34.879 53.857 68.837 68.817 60.798 68.779 68.762 68.745 68.729 68.714 68.699 68.685 68.672 68.659 68.647
36.229 46.169 66.112 74.058 73.007 72.959 72.912 72.868 72.826 73.790 71.757 59.715 43.715 0.000 0.000 0.000 0.000 0.000 13.917 51.917 60.917 60.917 64.917 66.918 49.919 48.921 63.920 69.919 69.916 69.912 70.907 69.901 69.895 69.888 69.882 67.876 55.872 56.869 50.869 0.000 0.000 0.000 0.000 0.000 35.227 35.216 29.196 74.167 62.132 68.094 38.061 58.033 52.007 44.982 44.958 35.935 30.912 31.890 30.868 42.847 65.826 67.807 61.788 68.769 69.752 68.735 68.719 68.703 68.689 68.675 68.661 68.648 68.636
