results3_8e3_rain/res_3e8f-0047.wd
ncols         241
nrows         181
xllcorner     12693529.787448
yllcorner     3542525.717860
cellsize      155.156523
NODATA_value  -9999.000000
[rows 33 to 65 of 181, columns 74 to 147 of 241]
0.000 0.000 0.000 0.000 0.000 0.000 0.000 0.000 0.000 0.000 0.000 0.000 0.000 0.000 0.000 0.000 0.000 0.000 0.000 0.000 0.000 0.000 0.000 0.000 0.000 0.000 0.000 0.000 0.000 0.000 0.000 0.000 0.000 0.000 0.000 0.000 0.000 0.000 32.178 55.179 60.179 16.180 0.000 0.000 25.236 39.252 6.241 0.000 29.269 32.275 26.273 27.263 28.243 28.215 28.178 28.138 27.101 33.078 53.076 0.038 5.928 3.691 39.143 55.735 60.352 58.992 59.671 58.280 60.437 55.554 55.146 55.222 57.544 56.821
0.000 0.000 0.000 0.000 0.000 0.000 0.000 0.000 0.000 0.000 0.000 0.000 0.000 0.000 0.000 0.000 0.000 0.000 0.000 0.000 0.000 0.000 0.000 0.000 0.000 0.000 0.000 0.000 0.000 0.000 0.000 0.000 0.000 0.000 0.000 0.000 0.000 0.000 0.000 7.179 2.179 0.000 0.000 0.000 0.000 21.301 0.000 0.000 19.289 43.310 42.311 32.300 28.277 28.240 28.190 28.130 27.069 49.030 47.053 0.000 29.164 41.904 55.499 60.097 59.709 59.356 58.935 60.064 56.141 55.421 55.759 58.116 57.405 57.212
0.000 0.000 0.000 0.000 0.000 0.000 0.000 0.000 0.000 0.000 0.000 0.000 0.000 0.000 0.000 0.000 0.000 25.105 57.105 10.105 0.000 0.000 0.000 0.000 0.000 0.000 0.000 0.000 0.000 0.000 0.000 0.000 0.000 0.000 0.000 0.000 0.000 0.000 0.000 0.000 0.000 0.000 0.000 0.000 0.000 13.351 0.000 0.000 0.000 21.365 39.362 39.350 30.323 28.278 28.211 26.122 42.017 50.920 0.000 15.127 39.660 54.263 60.852 60.442 60.060 59.607 61.704 57.746 55.825 56.307 58.683 57.978 57.792 57.513
0.000 0.000 0.000 0.000 0.000 0.000 0.000 0.000 0.000 0.000 12.101 50.101 0.000 0.000 0.000 0.000 0.000 32.105 83.105 39.105 0.000 0.000 0.000 0.000 0.000 0.000 0.000 0.000 0.000 0.000 0.000 0.000 0.000 0.000 0.000 0.000 0.000 0.000 0.000 0.000 0.000 0.000 0.000 0.000 0.000 16.400 17.425 24.438 10.440 20.424 28.421 41.414 32.390 28.338 25.254 36.130 45.956 34.714 10.233 39.594 57.087 61.637 61.200 60.789 60.303 60.364 59.373 56.345 56.876 59.259 58.555 58.370 58.092 57.829
0.000 0.000 0.000 0.000 0.000 0.000 0.000 0.000 0.000 0.000 33.101 68.101 57.102 44.102 0.000 0.000 17.106 71.105 79.105 44.105 0.000 0.000 0.000 0.000 15.402 0.000 0.000 0.000 0.000 0.000 0.000 0.000 0.000 0.000 0.000 0.000 0.000 0.000 0.000 0.000 3.431 21.432 0.000 0.000 32.430 47.426 50.436 48.448 34.460 28.469 27.484 41.495 32.483 24.432 38.335 52.189 39.964 27.747 42.392 46.928 59.457 61.993 61.551 61.031 61.051 59.029 56.981 57.472 59.854 59.148 58.960 58.676 58.407 58.139
0.000 0.000 0.000 0.000 0.000 0.000 0.000 0.000 0.000 0.000 4.101 66.102 49.102 30.103 0.000 13.106 63.106 74.106 81.106 40.106 0.000 0.000 0.000 0.000 53.403 37.403 0.000 0.000 0.000 0.000 0.000 0.000 0.000 0.000 0.000 16.426 28.426 30.426 0.000 0.000 12.431 37.432 16.433 30.434 53.435 56.437 57.445 54.460 41.481 28.510 25.551 42.600 33.613 37.574 55.465 49.327 0.000 25.917 44.661 57.269 62.817 62.356 61.804 61.777 59.725 57.751 58.104 60.477 59.767 59.573 59.280 58.999 58.717 58.443
0.000 0.000 0.000 0.000 0.000 0.000 0.000 0.000 0.000 0.000 0.000 0.000 17.103 55.104 51.105 39.106 52.107 72.107 83.107 36.107 0.000 0.000 0.000 0.000 15.403 39.403 41.404 0.000 0.000 0.000 0.000 0.000 0.000 0.000 0.000 32.426 33.426 45.426 28.428 17.429 31.431 32.432 28.434 35.435 42.437 40.441 33.449 52.464 18.494 34.538 37.611 27.743 39.795 52.785 49.625 0.000 1.093 37.343 54.065 62.672 63.202 62.640 62.563 59.484 58.703 58.785 61.138 60.422 60.219 59.916 59.620 59.318 59.020 58.739
0.000 0.000 0.000 0.000 0.000 0.000 0.000 0.000 0.000 0.000 0.000 0.000 7.104 74.105 69.106 59.107 49.108 73.108 81.108 76.108 61.107 16.107 0.000 0.000 0.000 0.000 49.404 33.405 31.405 42.406 37.406 0.407 0.000 0.000 0.000 32.426 31.426 52.426 58.427 47.429 39.430 31.432 28.434 29.436 30.439 29.442 27.447 35.453 0.000 0.000 0.000 32.964 56.040 54.147 0.000 0.151 37.413 50.974 60.597 64.120 63.661 64.418 60.342 59.922 59.540 61.851 61.124 60.907 60.591 60.282 59.961 59.633 59.306 59.015
0.000 0.000 0.000 0.000 0.000 0.000 0.000 0.000 0.000 0.000 0.000 0.000 0.000 7.106 46.107 21.109 57.110 76.110 81.110 79.109 77.108 66.107 25.106 0.000 0.000 0.000 5.405 44.405 44.406 57.406 55.407 48.408 43.409 0.000 0.000 0.000 36.425 55.426 62.427 54.428 38.430 27.432 28.434 28.436 28.439 28.441 28.444 32.447 0.000 0.000 0.000 3.109 40.255 9.615 7.220 42.268 46.916 58.566 65.126 64.948 63.152 61.437 61.562 60.408 62.641 61.889 61.647 61.312 60.987 60.653 60.310 59.947 59.556 60.234
0.000 0.000 0.000 0.000 0.000 0.000 0.000 0.000 0.000 0.000 0.000 0.000 0.000 0.000 0.000 78.111 78.112 80.113 80.112 79.110 73.108 67.106 38.105 0.000 0.000 0.000 0.000 0.000 12.406 57.407 51.407 66.408 63.410 42.412 21.416 22.420 31.424 53.426 62.427 53.428 36.430 26.431 31.434 30.437 28.439 28.441 28.443 29.444 21.443 0.000 0.000 0.000 0.000 1.886 44.777 47.667 55.443 66.103 66.175 64.512 66.328 63.876 61.457 63.541 62.737 62.450 62.084 61.736 61.387 61.036 60.679 59.291 67.736 65.362
0.000 0.000 0.000 0.000 0.000 12.552 35.552 0.000 13.533 53.532 42.529 46.527 21.526 0.000 0.000 14.114 86.115 80.116 77.116 74.113 77.109 68.106 31.104 0.000 0.000 0.000 0.000 0.000 0.000 0.000 1.408 55.409 56.410 7.411 0.000 0.000 35.425 53.426 58.427 48.428 39.429 37.430 0.000 6.438 34.439 28.440 28.442 29.442 35.442 43.442 5.442 0.000 0.000 17.608 50.381 54.192 64.941 67.112 66.729 70.106 68.651 62.861 64.603 63.693 63.332 62.916 62.534 62.158 61.788 61.424 61.078 66.802 0.000 0.000
0.000 0.000 0.000 0.000 0.000 12.552 55.552 0.000 47.535 49.533 61.530 44.527 29.525 0.000 0.000 2.116 71.118 83.123 80.121 80.117 81.110 75.104 29.100 0.000 0.000 0.000 0.000 0.000 0.000 0.000 0.000 0.000 40.410 0.000 0.000 0.000 41.425 38.426 50.426 7.427 0.000 0.000 0.000 0.000 0.439 38.440 32.441 0.000 25.442 59.442 42.442 0.000 0.000 22.133 55.916 64.770 67.851 67.586 71.812 71.104 64.271 65.757 64.742 64.286 63.808 63.380 62.971 62.574 62.184 61.795 61.409 66.036 8.723 0.000
54.578 44.579 0.000 0.000 0.000 6.552 66.553 42.548 44.540 50.534 74.529 75.526 70.523 24.520 0.000 0.000 0.000 31.135 85.131 80.122 81.111 78.100 37.092 0.000 0.000 0.000 0.000 0.000 0.000 0.000 0.000 0.000 0.000 0.000 0.000 0.000 0.000 0.000 0.000 0.000 0.000 0.000 0.000 0.000 0.000 0.000 13.441 10.440 0.000 0.000 0.000 0.000 11.304 48.791 65.746 67.409 68.323 72.655 72.317 65.296 66.799 65.781 65.268 64.736 64.263 63.820 63.397 62.985 62.577 62.164 61.727 64.210 47.410 4.297
66.578 48.581 44.584 0.000 0.000 0.000 58.559 60.551 60.542 72.535 69.529 81.524 80.520 41.517 0.000 0.000 0.000 7.153 87.144 80.130 81.112 78.093 38.077 0.000 0.000 0.000 46.819 58.804 27.791 0.000 0.000 0.000 0.000 0.000 0.000 0.000 0.000 0.000 0.000 0.000 0.000 0.000 0.000 0.000 0.000 0.000 0.000 0.000 0.000 0.000 0.000 9.151 49.706 66.704 67.299 73.459 72.980 66.537 67.090 67.567 66.714 66.202 65.655 65.155 64.685 64.239 63.811 63.392 62.977 62.557 69.123 9.667 0.000 17.282
71.580 50.583 51.587 43.590 0.000 48.584 43.573 51.556 64.544 68.534 79.527 80.522 79.517 48.512 0.000 0.000 0.000 6.179 86.164 80.142 81.115 76.084 56.047 39.990 40.936 40.885 48.835 69.801 36.778 0.000 0.000 0.000 0.000 0.000 0.000 0.000 0.000 0.000 0.000 0.000 0.000 0.000 0.000 0.000 0.000 0.000 0.000 0.000 0.000 7.130 37.928 47.479 66.499 68.118 74.797 74.217 67.053 68.763 68.085 67.524 67.039 66.517 66.019 65.540 65.082 64.642 64.215 63.796 63.381 69.964 15.544 0.000 0.000 2.243
66.581 64.586 47.590 51.593 51.596 42.596 35.594 0.000 0.000 10.529 69.525 80.519 78.513 63.503 30.488 0.000 0.000 55.219 76.193 81.159 80.121 81.081 71.037 46.986 43.935 42.884 51.834 69.789 52.743 38.680 39.630 43.592 54.569 18.560 0.000 0.000 0.000 0.000 0.000 0.000 0.000 0.000 0.000 0.000 0.000 0.000 0.000 0.000 0.000 18.310 58.169 66.141 68.813 75.618 75.255 67.745 69.408 68.623 68.240 67.781 67.304 66.829 66.360 65.904 65.462 65.032 64.612 64.197 69.786 16.375 0.000 0.000 0.000 1.174
12.584 80.590 51.595 45.596 46.600 48.609 48.613 37.622 0.000 0.000 0.000 14.516 85.513 75.499 53.473 45.425 52.365 51.285 53.231 61.180 62.130 49.081 46.033 43.983 43.933 42.881 51.829 66.778 45.724 42.668 47.618 63.578 66.555 51.550 25.550 0.000 0.000 0.000 0.000 0.000 0.000 0.000 0.000 0.000 0.000 0.000 0.000 0.000 9.076 50.956 66.595 69.455 76.103 75.901 68.404 70.049 69.264 68.902 68.463 68.025 67.579 67.132 66.689 66.255 65.830 65.412 65.002 70.595 16.190 0.000 0.000 0.000 0.000 0.000
79.588 80.597 66.603 0.000 0.000 53.625 49.628 60.631 51.631 0.000 0.000 0.000 73.525 70.508 55.479 46.437 43.386 43.325 46.265 59.200 67.138 70.081 63.031 52.982 45.932 44.880 60.825 63.768 38.709 42.650 42.594 43.549 47.523 26.537 0.000 0.000 0.000 0.000 0.000 0.000 0.000 0.000 0.000 0.000 0.000 0.000 12.178 43.884 51.791 65.342 76.676 76.316 69.402 70.010 70.587 69.903 69.540 69.115 68.699 68.277 67.853 67.430 67.011 66.597 66.189 66.787 73.388 16.992 0.000 0.000 0.000 0.000 0.000 0.000
80.594 80.607 80.618 67.633 50.641 50.640 50.642 41.645 0.000 7.600 14.600 66.586 63.555 66.529 59.498 60.460 60.415 60.364 63.305 58.216 58.143 60.075 64.027 64.983 62.934 58.881 69.822 67.760 55.695 56.628 56.561 58.500 33.453 0.000 0.000 0.000 0.000 0.000 0.000 0.000 0.000 0.000 0.000 0.000 0.000 46.686 47.362 68.433 69.036 77.742 77.271 71.859 71.587 70.986 70.528 70.155 69.745 69.343 68.938 68.532 68.127 67.725 67.326 66.933 67.543 71.157 3.772 0.000 0.000 0.000 0.000 0.000 0.000 0.546
79.602 79.617 80.630 77.641 55.648 49.652 50.656 51.661 43.668 0.000 58.616 55.602 56.580 57.554 52.525 56.491 61.452 69.411 54.377 0.000 0.000 5.047 63.021 58.987 58.942 58.887 58.824 58.755 58.682 58.605 58.524 56.436 51.335 24.202 0.000 0.341 43.925 50.730 62.471 32.254 0.000 0.000 0.000 0.000 48.285 59.002 70.949 71.620 78.435 78.125 72.479 72.168 71.444 71.125 70.744 70.352 69.962 69.570 69.178 68.787 68.399 68.016 67.638 68.265 70.894 18.525 0.000 0.000 0.000 0.000 0.000 0.000 0.000 21.578
69.612 69.630 80.644 80.654 70.660 46.665 49.670 50.674 50.676 56.669 65.645 49.627 46.607 44.585 51.557 66.525 65.490 50.451 30.414 0.000 0.000 0.000 0.000 48.004 42.960 42.900 42.831 42.755 43.674 46.587 47.492 47.384 46.251 47.069 45.786 45.480 54.113 60.795 58.429 65.037 62.558 57.130 54.709 57.188 68.867 72.392 72.202 78.866 78.683 73.085 72.754 72.018 71.703 71.318 70.940 70.559 70.177 69.797 69.417 69.039 68.665 68.301 68.945 69.593 8.244 0.000 0.000 0.000 0.000 0.000 0.000 0.000 0.000 32.626
35.629 47.646 75.661 79.670 60.674 43.678 42.684 50.690 50.692 49.686 43.670 44.653 50.639 67.619 66.594 49.564 42.531 32.491 0.000 52.334 61.297 57.238 58.162 61.065 63.994 62.923 63.846 66.761 65.672 62.578 64.475 59.358 45.216 49.038 47.810 52.549 70.250 76.907 73.414 66.907 61.505 63.142 69.697 74.633 73.123 79.401 79.068 73.022 74.648 73.252 72.606 72.279 71.892 71.517 71.140 70.765 70.393 70.023 69.655 69.286 69.923 67.579 63.248 14.920 0.000 0.000 0.000 0.000 0.000 0.000 0.000 0.000 18.792 22.717
0.000 40.666 59.685 70.690 45.688 37.688 44.699 42.709 49.716 50.714 50.697 43.675 60.676 52.661 41.636 44.606 36.581 0.000 61.423 64.372 64.318 66.256 67.183 70.102 74.027 72.952 72.869 72.772 74.674 75.577 73.473 61.355 47.218 49.056 48.867 48.656 51.433 25.170 0.000 86.668 128.438 106.095 72.124 73.721 80.380 79.943 73.447 76.192 73.622 73.194 72.850 72.468 72.093 71.715 71.339 70.968 70.605 70.249 69.893 71.529 66.160 54.845 9.546 0.000 0.000 0.000 0.000 0.000 0.000 0.000 0.000 16.936 29.867 18.798
0.000 0.000 16.725 51.716 33.702 0.000 39.716 44.733 44.748 50.759 39.728 0.000 44.730 42.712 44.682 45.645 55.604 69.553 66.475 68.411 74.350 84.284 128.213 125.133 125.059 124.988 124.908 125.785 109.674 41.583 44.485 42.373 50.245 49.102 45.944 43.777 25.655 0.000 0.000 0.000 53.359 70.496 75.182 81.045 80.743 73.025 74.741 74.054 73.765 73.410 73.041 72.669 72.292 71.913 71.533 71.164 70.812 71.474 70.139 61.777 50.344 8.094 0.000 0.000 0.000 0.000 0.000 0.000 0.000 0.000 8.066 29.006 20.942 8.877
14.886 3.857 66.776 44.745 0.000 0.000 0.000 38.758 51.784 43.846 0.000 0.000 52.803 43.774 54.734 67.689 67.638 72.580 75.513 68.448 54.384 45.320 41.251 39.158 42.090 43.034 29.990 0.000 46.656 43.597 42.510 46.405 50.288 47.164 39.031 45.854 26.754 0.000 0.000 48.771 65.786 75.568 81.491 81.295 73.586 75.289 74.600 74.320 73.965 73.610 73.245 72.873 72.496 72.109 71.717 71.344 72.003 67.696 56.414 13.095 0.000 0.000 0.000 0.000 0.000 0.000 0.000 0.000 0.000 0.000 26.127 25.079 11.018 7.955
84.912 72.908 0.000 1.745 0.000 0.000 0.000 0.000 0.000 47.995 46.026 53.992 50.905 50.847 50.793 67.738 81.679 70.616 50.550 48.484 43.420 45.360 36.313 0.000 48.108 45.067 34.028 0.000 47.697 42.638 43.554 50.452 48.337 46.234 28.161 0.000 0.000 45.383 43.261 60.060 75.995 81.730 74.484 75.066 75.743 75.154 74.873 74.524 74.178 73.821 73.456 73.084 72.707 72.313 72.882 72.491 62.159 46.895 9.724 0.000 0.000 0.000 0.000 0.000 0.000 0.000 0.000 1.567 0.501 15.329 27.236 15.165 7.098 21.032
70.949 60.955 0.000 0.000 61.578 54.568 48.552 0.000 0.293 66.114 63.091 50.045 50.980 50.916 51.854 72.790 124.724 117.656 64.586 119.518 40.452 44.389 44.327 46.259 44.168 44.099 44.027 45.928 41.796 41.705 50.616 49.511 46.374 41.275 30.218 0.000 0.000 47.504 54.377 76.406 75.316 82.084 75.531 76.132 75.694 75.417 75.084 74.747 74.398 74.040 73.673 73.300 72.936 74.553 70.005 51.581 38.247 40.002 5.863 0.000 0.000 0.000 0.000 0.000 0.000 0.000 0.000 10.576 15.518 29.413 23.324 13.246 22.176 22.108
57.995 2.016 0.000 0.000 44.589 53.572 50.538 68.470 62.379 67.251 75.180 66.117 51.052 50.985 50.916 49.845 43.772 38.697 43.622 40.550 44.481 44.415 44.350 44.281 44.206 44.133 44.055 42.962 47.856 49.769 50.694 34.602 0.000 34.275 0.000 0.000 0.000 51.724 73.667 77.697 83.119 82.642 75.624 76.288 75.941 75.639 75.317 74.980 74.629 74.269 73.895 73.508 72.182 33.960 0.000 0.000 0.000 0.000 0.000 0.000 0.000 0.000 6.993 1.989 0.973 0.000 3.716 12.641 28.567 22.482 13.399 23.322 19.250 10.181
46.054 51.115 0.000 49.627 45.617 44.595 62.555 55.495 71.419 80.333 60.260 46.193 44.126 47.055 49.982 50.903 50.822 43.738 42.656 43.579 43.508 44.441 44.376 44.310 49.243 46.173 43.097 44.009 46.895 50.822 39.789 0.000 0.000 0.000 0.000 7.441 127.325 71.040 78.076 76.072 83.535 75.435 77.962 79.455 76.192 75.885 75.564 75.225 74.870 75.513 72.130 59.655 50.327 8.143 0.000 0.000 0.000 0.000 0.000 0.000 0.000 9.000 8.998 8.991 9.958 9.892 10.790 24.707 24.628 8.548 11.469 13.393 10.321 8.252
31.109 25.253 49.533 45.638 44.656 55.637 59.594 70.536 77.470 43.401 42.335 43.270 45.202 44.130 41.051 48.966 49.873 50.777 49.685 43.603 42.530 41.464 42.402 48.342 107.281 75.219 55.152 38.080 0.000 52.836 60.850 0.000 0.000 0.000 0.000 51.560 62.466 79.358 77.408 84.253 83.909 76.526 77.062 77.735 76.451 76.149 75.829 75.487 76.113 74.783 27.456 0.000 0.000 0.000 0.000 0.000 0.000 0.000 0.000 0.000 0.000 16.003 12.006 9.019 9.987 7.926 19.847 26.768 10.690 11.612 19.536 17.462 11.390 8.321
0.000 0.000 42.710 45.735 47.733 68.702 79.648 93.586 75.525 4.466 61.408 61.349 45.284 45.211 44.128 42.035 44.929 50.812 48.704 49.618 51.547 49.484 47.427 43.374 38.322 43.271 38.211 0.000 0.000 0.000 46.926 38.945 0.000 0.000 0.000 61.771 78.659 78.749 76.782 84.565 76.242 78.748 80.261 77.010 76.727 76.430 76.115 75.781 73.314 28.048 0.000 0.000 0.000 0.000 0.000 0.000 0.000 0.000 0.000 0.000 15.544 0.000 0.000 17.090 7.044 17.979 29.905 17.828 12.751 17.675 21.600 14.527 9.456 7.388
0.000 0.000 40.861 46.860 62.840 73.791 121.709 115.635 117.577 123.529 119.484 120.434 45.374 45.302 44.216 44.116 42.997 37.837 47.702 49.618 50.554 48.499 50.450 50.403 51.362 44.332 0.000 0.000 0.000 0.000 47.983 32.964 0.000 0.000 53.257 75.061 79.006 78.002 85.131 84.856 77.299 77.850 78.545 77.288 77.019 76.731 77.421 52.207 0.000 0.000 0.000 0.000 0.000 0.000 0.000 0.000 0.000 27.715 16.677 6.618 10.544 10.456 11.348 11.209 14.120 27.042 23.966 18.889 19.813 17.737 15.664 11.591 8.521 10.453
0.000 0.000 42.014 59.003 66.975 72.913 43.763 42.668 41.619 38.591 39.565 39.529 45.477 45.407 61.318 61.216 37.106 0.000 34.650 47.598 49.553 47.510 49.469 49.428 50.391 46.364 0.000 0.000 0.000 46.137 31.060 0.000 0.000 54.585 63.446 80.304 79.211 78.398 85.386 76.968 79.499 82.040 77.821 77.577 77.331 76.053 63.631 22.419 0.000 0.000 0.000 0.000 0.000 13.917 8.901 8.869 8.821 12.754 24.697 27.633 13.560 8.475 10.380 12.276 27.186 26.105 12.026 20.949 21.873 20.799 13.725 9.654 8.584 18.516
