results3_8e3_rain/res_3e8f-0038.wd
ncols         241
nrows         181
xllcorner     12693529.787448
yllcorner     3542525.717860
cellsize      155.156523
NODATA_value  -9999.000000
[rows 99 to 131 of 181, columns 0 to 74 of 241]
0.000 0.000 0.000 0.000 0.000 38.598 78.596 80.590 71.581 66.580 0.000 0.000 0.000 0.000 0.000 0.000 0.000 46.510 43.509 0.000 0.000 0.000 0.000 41.431 40.429 0.000 0.000 0.000 0.000 0.000 0.000 0.000 0.000 0.000 0.000 44.968 40.968 39.967 40.964 41.959 54.953 43.946 47.937 39.930 41.924 39.917 40.910 45.902 46.894 44.886 48.877 41.869 41.861 43.853 46.845 60.837 61.830 46.823 32.820 0.000 0.000 0.000 0.000 0.000 12.078 67.079 64.083 51.092 26.101 21.113 65.127 42.144 44.163 44.186 44.211
0.000 0.000 0.000 0.000 0.000 39.609 79.608 79.607 0.000 0.000 0.000 0.000 0.000 0.000 0.000 0.000 0.000 57.512 46.511 0.000 0.000 0.000 44.455 43.445 47.440 0.000 0.000 0.000 0.000 51.002 43.002 0.000 0.000 0.000 57.992 67.985 53.982 46.981 40.978 42.975 61.970 46.962 52.947 52.944 43.938 58.932 50.924 51.915 41.906 49.897 49.888 47.879 41.870 42.861 46.853 43.841 5.835 0.000 0.000 0.000 0.000 0.000 0.000 15.085 52.084 64.086 71.090 61.097 37.106 38.117 52.130 43.145 44.163 44.183 44.205
0.000 0.000 0.000 0.000 0.000 26.623 75.623 84.623 0.000 0.000 0.000 0.000 0.000 0.000 0.000 0.000 0.000 64.515 45.512 46.505 48.495 45.482 42.467 43.456 41.447 0.000 0.000 0.000 0.000 44.002 44.003 45.004 44.004 44.003 43.000 52.998 61.997 8.996 72.995 62.992 67.989 52.986 0.000 68.959 66.955 65.948 69.939 58.930 41.920 44.910 49.899 49.889 46.879 42.870 31.864 0.000 0.000 0.000 0.000 0.000 0.000 0.000 0.000 25.086 52.088 52.091 63.095 62.102 45.109 45.119 44.131 44.144 44.160 44.178 43.198
52.681 55.681 0.000 0.000 0.000 36.639 75.638 80.639 90.646 0.000 0.000 0.000 0.000 0.000 0.000 0.000 0.000 1.524 49.519 46.510 64.498 78.485 53.474 38.464 0.000 0.000 0.000 0.000 0.000 0.000 43.004 44.006 44.006 44.006 44.007 43.010 43.012 42.013 43.013 48.011 60.010 54.008 0.000 68.980 69.974 47.966 54.956 71.945 65.934 52.923 42.911 48.900 49.888 52.876 37.869 0.000 0.000 0.000 0.000 0.000 0.000 0.000 0.000 0.000 3.091 49.095 46.099 46.104 44.111 44.120 44.130 44.142 44.156 43.171 42.189
66.682 49.681 49.679 51.675 53.668 72.656 80.652 80.651 80.654 82.658 56.659 0.000 0.000 44.565 51.564 52.561 14.553 9.540 72.530 80.520 75.502 71.489 54.481 0.000 0.000 0.000 0.000 0.000 0.000 0.000 0.000 44.010 43.008 42.009 43.013 44.024 44.028 44.031 44.032 45.032 64.031 59.028 42.026 44.008 54.996 65.985 42.974 54.962 55.949 48.936 68.924 51.911 43.900 0.000 0.000 0.000 0.000 0.000 0.000 0.000 0.000 0.000 0.000 0.000 0.000 49.100 44.102 44.106 44.112 44.119 44.128 42.138 40.150 42.164 48.178
81.685 71.684 52.682 56.678 74.673 80.667 80.663 80.661 80.661 75.661 47.662 53.662 0.000 35.566 70.568 78.566 78.559 62.551 77.543 84.537 0.000 0.000 0.000 0.000 0.000 0.000 0.000 0.000 0.000 0.000 0.000 44.018 0.000 0.000 0.000 45.044 44.047 44.051 44.054 45.055 61.053 66.049 43.042 44.030 44.018 62.006 62.994 40.981 48.966 67.949 59.936 37.923 0.000 0.000 0.000 0.000 0.000 0.000 0.000 0.000 0.000 0.000 0.000 0.000 0.000 49.102 44.104 44.107 44.112 43.117 42.125 47.133 48.144 49.155 50.168
81.690 81.690 76.688 79.685 80.681 80.676 80.673 80.670 80.668 76.667 51.665 68.663 0.000 0.000 48.579 72.575 80.569 81.562 80.555 85.550 0.000 0.000 0.000 0.000 0.000 0.000 0.000 0.000 0.000 0.000 0.000 44.026 0.000 0.000 46.063 44.062 44.067 44.073 44.078 44.080 61.079 66.073 43.065 44.053 44.041 45.028 66.015 60.001 66.985 56.961 37.948 0.000 0.000 0.000 0.000 0.000 0.000 0.000 0.000 0.000 0.000 0.000 0.000 0.000 47.102 44.103 44.105 44.107 44.110 43.115 45.120 49.128 50.136 50.146 50.157
79.697 80.697 80.695 80.693 80.690 80.686 80.683 80.680 80.676 81.673 76.669 83.664 7.659 0.000 36.594 55.588 78.581 80.574 81.567 69.558 0.000 0.000 0.000 0.000 0.000 0.000 0.000 0.000 0.000 0.000 0.000 38.034 43.044 43.054 42.064 44.076 44.085 44.095 44.105 44.110 61.109 66.102 43.091 44.078 44.064 44.050 49.037 72.024 52.013 0.000 0.000 0.000 0.000 0.000 0.000 0.000 0.000 0.000 0.000 0.000 0.000 0.000 0.000 0.000 0.056 51.103 47.105 48.107 46.109 42.111 49.115 50.121 48.128 48.136 45.145
76.706 81.706 80.704 80.702 80.700 80.697 80.694 80.690 80.686 80.680 81.674 74.666 58.656 49.638 43.615 70.603 80.594 80.587 85.582 0.000 0.000 0.000 0.000 0.000 0.000 0.000 0.000 0.000 0.000 0.000 0.000 0.000 0.000 0.000 0.000 44.095 44.103 44.119 44.139 44.147 60.144 67.135 44.120 44.104 44.088 44.073 44.060 50.047 3.029 0.000 0.000 0.000 0.000 0.000 0.000 0.000 0.000 0.000 0.000 0.000 0.000 0.000 0.000 0.000 0.000 0.000 0.000 0.000 0.000 51.104 49.108 50.113 47.120 42.127 51.133
76.717 81.716 80.715 80.714 80.712 80.709 80.706 80.702 80.697 80.690 81.682 66.672 45.660 44.644 53.628 77.615 80.605 80.598 86.594 0.000 0.000 0.000 0.000 0.000 0.000 0.000 0.000 0.000 0.000 0.000 0.000 0.000 0.000 0.000 0.000 40.105 44.115 41.139 44.184 44.195 63.189 67.173 44.152 44.131 44.111 44.095 44.083 41.075 0.000 0.000 0.000 0.000 0.000 0.000 0.000 0.000 0.000 0.000 0.000 0.000 0.000 43.030 0.000 0.000 0.000 0.000 0.000 0.000 47.087 48.094 50.100 50.105 47.111 43.117 53.123
79.729 80.728 80.728 80.727 80.725 80.723 80.720 80.716 80.710 80.703 80.693 77.681 54.668 55.652 72.637 79.625 80.615 80.607 87.603 4.603 0.000 0.000 0.000 0.000 0.000 0.000 0.000 0.000 0.000 0.000 0.000 0.000 0.000 0.000 0.000 0.000 40.115 0.000 43.265 44.259 72.243 59.217 44.185 44.156 44.132 57.114 47.102 42.095 0.000 0.000 0.000 0.000 0.000 0.000 0.000 0.000 0.000 0.000 0.000 0.000 0.000 54.031 39.031 0.000 0.000 0.000 0.000 48.074 51.080 50.087 47.092 43.098 43.103 41.109 45.117
80.742 80.742 80.742 80.741 80.740 80.738 80.736 80.732 80.726 80.718 80.707 80.694 82.678 82.661 81.646 80.633 80.623 82.615 71.607 14.605 0.000 0.000 0.000 0.000 0.000 0.000 0.000 0.000 0.000 0.000 0.000 0.000 0.000 0.000 0.000 0.000 0.000 0.000 43.351 44.336 78.308 47.266 44.217 44.176 56.147 65.128 44.116 44.110 43.113 0.000 0.000 0.000 0.000 0.000 0.000 0.000 0.000 0.000 0.000 0.000 0.000 50.031 51.032 38.034 0.000 44.054 46.059 50.067 49.074 47.080 46.086 42.090 50.095 53.099 0.000
79.755 78.756 80.757 80.757 80.757 80.756 80.754 80.751 80.745 80.737 80.726 80.710 80.690 80.670 80.653 80.640 81.630 64.624 0.000 0.000 41.597 55.595 1.594 0.000 0.000 0.000 0.000 0.000 0.000 0.000 0.000 0.000 0.000 0.000 0.000 0.000 0.000 0.000 39.454 50.428 73.386 44.325 41.242 44.184 44.154 44.135 44.124 44.118 44.116 41.116 0.000 0.000 0.000 0.000 0.000 0.000 0.000 0.000 0.000 0.000 0.000 45.031 41.033 47.036 42.042 50.050 50.056 49.063 45.070 48.075 43.080 42.084 42.088 35.093 0.000
69.770 69.771 78.773 80.775 80.775 80.775 80.775 80.773 80.769 80.761 80.749 81.730 82.702 80.677 80.658 80.643 80.633 2.627 0.000 41.603 51.599 61.596 60.594 53.592 45.592 0.000 0.000 0.000 0.000 0.000 0.000 0.000 0.000 0.000 0.000 43.735 46.716 46.671 43.583 42.534 51.486 39.405 0.000 40.166 44.149 44.136 44.127 44.122 43.120 0.000 0.000 0.000 0.000 0.000 0.000 0.000 47.019 58.019 0.000 0.000 46.028 44.030 44.032 41.036 49.041 50.047 50.053 47.060 50.066 50.071 48.075 43.078 32.080 0.000 0.000
51.783 56.787 75.792 81.794 80.794 80.795 80.797 80.798 80.796 80.791 82.780 68.760 64.713 79.679 84.659 81.644 76.634 58.626 61.618 67.609 61.601 62.597 41.594 34.593 0.000 0.000 0.000 0.000 0.000 0.000 0.000 0.000 0.000 0.000 34.754 40.755 43.742 43.714 43.673 43.642 45.620 0.000 0.000 0.000 39.141 44.133 44.127 44.123 44.121 0.000 0.000 0.000 0.000 0.000 0.000 7.019 64.019 46.020 44.022 44.023 44.026 44.029 42.031 47.035 50.039 50.045 46.051 50.058 50.064 49.068 43.071 44.073 34.075 0.000 0.000
35.793 50.804 69.814 82.817 83.814 83.816 81.823 80.827 81.828 80.827 81.823 19.818 0.000 38.667 56.655 77.642 84.633 82.625 82.619 68.614 0.000 0.000 0.000 0.000 0.000 0.000 0.000 0.000 0.000 0.000 0.000 0.000 0.000 0.000 0.000 39.789 43.785 41.772 42.755 44.740 45.732 0.000 0.000 0.000 0.000 37.129 44.126 44.123 41.122 0.000 0.000 0.000 0.000 0.000 0.000 0.000 6.020 60.020 43.022 43.023 44.025 43.027 43.030 49.033 50.037 48.043 36.046 0.000 54.066 48.067 48.069 48.070 34.071 0.000 0.000
0.000 21.823 54.843 60.846 54.830 56.832 73.852 81.859 77.863 70.865 69.868 4.871 0.000 0.000 0.000 14.636 49.631 75.625 82.622 0.000 0.000 0.000 0.000 0.000 0.000 0.000 0.000 0.000 0.000 31.042 52.043 0.000 0.000 0.000 0.000 39.828 45.836 44.837 53.834 54.833 44.837 0.000 0.000 0.000 0.000 0.000 41.124 42.123 0.000 0.000 0.000 0.000 0.000 0.000 0.000 0.000 0.000 65.021 68.022 48.023 42.025 40.026 50.028 50.031 45.034 0.000 0.000 0.000 0.000 53.066 50.067 50.068 40.069 0.000 0.000
0.000 0.000 35.892 44.893 0.000 0.000 45.894 74.897 65.900 61.905 75.913 42.928 2.959 0.000 0.000 0.000 0.000 20.623 51.622 0.000 0.000 0.000 0.000 0.000 0.000 0.000 0.000 0.000 0.000 0.000 36.044 54.045 0.000 0.000 0.000 30.861 44.895 42.906 72.912 65.923 43.946 46.002 0.000 0.000 0.000 0.000 36.123 0.000 0.000 0.000 0.000 0.000 0.000 0.000 0.000 0.000 0.000 0.000 53.022 70.023 55.024 49.026 50.027 45.029 0.000 0.000 0.000 0.000 0.000 45.065 50.066 50.066 45.067 0.000 0.000
0.000 0.000 31.939 76.943 33.963 0.000 34.934 66.934 68.938 79.944 81.953 84.969 90.991 30.018 0.000 0.000 0.000 0.000 0.000 0.000 0.000 0.000 0.000 0.000 0.000 0.000 0.000 0.000 0.000 0.000 37.046 52.047 0.000 0.000 0.000 0.000 37.977 45.980 75.987 58.001 46.024 45.059 50.098 0.000 0.000 0.000 0.000 0.000 0.000 0.000 0.000 0.000 0.000 0.000 0.000 0.000 0.000 0.000 0.000 0.000 58.025 48.025 46.026 0.000 0.000 0.000 0.000 0.000 44.063 43.064 45.065 39.065 0.000 0.000 0.000
5.014 20.005 53.983 71.979 79.984 48.988 61.974 84.971 81.973 80.979 80.989 81.003 81.022 87.045 90.074 46.092 5.102 0.000 50.131 64.131 57.130 59.129 15.128 0.000 0.000 0.000 0.000 0.000 0.000 0.000 16.048 38.051 44.057 44.065 47.074 6.083 39.056 68.051 70.057 47.070 45.089 45.115 48.137 0.000 0.000 0.000 0.000 0.000 0.000 0.000 0.000 0.000 0.000 0.000 0.000 0.000 0.000 0.000 0.000 0.000 0.000 0.000 0.000 0.000 0.000 0.000 0.000 46.062 41.062 39.063 0.000 0.000 0.000 0.000 0.000
78.024 81.019 81.010 79.007 77.007 78.007 80.003 80.003 81.005 82.011 82.021 81.033 74.049 78.067 81.086 85.101 89.113 90.125 82.131 78.133 75.132 70.130 72.128 65.126 21.124 0.000 0.000 0.000 0.000 0.000 0.000 0.000 0.000 0.000 0.000 63.121 52.114 81.113 72.119 59.132 46.151 45.174 45.200 49.237 45.236 0.000 0.000 0.000 0.000 0.000 0.000 0.000 0.000 0.000 0.000 0.000 0.000 0.000 0.000 0.000 0.000 0.000 0.000 0.000 0.000 0.000 0.000 0.000 0.000 0.000 0.000 0.000 0.000 0.000 0.000
81.040 76.037 74.034 73.032 67.031 64.031 65.031 65.032 71.036 76.042 76.050 69.061 53.074 68.088 81.103 81.115 81.125 81.133 81.137 81.137 82.136 82.133 85.129 86.126 86.124 86.122 25.121 0.000 0.000 0.000 0.000 0.000 0.000 0.000 0.000 35.168 61.166 66.168 50.177 67.191 55.209 45.230 45.253 48.275 0.000 0.000 0.000 0.000 0.000 0.000 0.000 0.000 0.000 0.000 0.000 0.000 0.000 0.000 0.000 0.000 0.000 0.000 0.000 0.000 0.000 0.000 0.000 0.000 0.000 0.000 0.000 0.000 0.000 0.000 0.000
51.059 24.058 46.057 60.056 58.056 38.056 23.058 19.060 39.064 56.070 55.078 48.088 43.099 53.111 74.122 82.132 81.140 81.145 81.147 81.145 81.142 85.137 60.130 48.126 47.123 51.122 54.121 0.000 0.000 0.000 0.000 0.000 0.000 0.000 0.000 33.216 69.215 52.219 44.230 54.245 65.264 49.285 45.309 45.337 51.378 0.000 0.000 0.000 0.000 0.000 0.000 0.000 0.000 0.000 0.000 0.000 0.000 0.000 0.000 0.000 0.000 0.000 0.000 0.000 0.000 0.000 0.000 0.000 0.000 0.000 0.000 0.000 0.000 0.000 76.567
41.080 12.080 34.080 49.080 45.080 22.082 8.084 12.087 32.092 46.098 44.106 44.115 45.125 43.135 62.144 79.153 81.159 81.162 81.161 81.157 80.150 43.143 0.000 0.000 0.000 0.000 0.000 0.000 0.000 39.312 59.313 11.314 0.000 0.000 40.292 57.267 74.259 51.263 45.280 43.298 60.318 62.338 48.361 45.388 45.420 48.457 57.474 0.000 0.000 0.000 0.000 0.000 0.000 0.000 0.000 0.000 0.000 0.000 0.000 0.000 0.000 0.000 0.000 0.000 0.000 0.000 0.000 0.000 0.000 0.000 0.000 0.000 0.000 0.000 74.640
54.103 50.103 45.103 44.104 45.105 47.107 48.110 51.114 50.119 46.126 45.133 45.142 45.151 44.160 51.168 73.176 82.181 81.183 83.180 55.171 21.160 0.000 0.000 0.000 0.000 0.000 0.000 0.000 0.000 4.312 26.313 29.316 33.321 47.328 44.317 65.303 62.293 36.295 43.330 45.351 47.371 60.390 52.411 47.433 45.457 44.479 61.491 52.498 46.497 0.000 0.000 0.000 0.000 0.000 0.000 0.000 0.000 0.000 0.000 0.000 0.000 0.000 0.000 0.000 0.000 0.000 0.000 0.000 0.000 0.000 0.000 0.000 0.000 10.870 87.772
44.127 45.127 45.128 45.129 45.131 45.133 45.137 45.141 45.146 45.153 45.160 45.169 45.177 45.186 43.195 64.202 81.208 83.210 79.206 5.188 0.000 0.000 0.000 0.000 0.000 0.000 0.000 0.000 0.000 0.000 0.000 0.000 0.000 31.346 48.346 74.337 48.315 0.000 31.393 46.407 44.424 48.442 49.461 58.479 47.497 45.510 44.516 40.506 0.000 0.000 0.000 0.000 0.000 0.000 0.000 0.000 0.000 0.000 0.000 0.000 0.000 0.000 0.000 0.000 0.000 0.000 0.000 0.000 0.000 0.000 0.000 0.000 16.046 80.968 90.885
45.151 45.151 45.152 45.154 45.156 45.159 45.163 44.168 44.173 45.180 45.188 45.196 45.205 45.214 44.223 52.232 67.239 78.245 66.247 0.000 0.000 0.000 0.000 0.000 0.000 0.000 0.000 0.000 0.000 0.000 0.000 0.000 0.000 8.364 57.384 82.386 0.000 0.000 29.444 47.461 45.478 44.495 52.511 63.527 51.541 45.552 49.558 0.000 0.000 0.000 0.000 0.000 0.000 0.000 0.000 0.000 0.000 0.000 0.000 0.000 0.000 0.000 0.000 0.000 0.000 0.000 0.000 0.000 0.000 0.000 0.000 0.000 73.125 87.068 86.999
45.176 45.176 45.177 45.179 45.182 45.185 45.189 49.194 50.200 46.207 45.215 45.224 45.233 45.243 45.253 44.263 47.274 56.283 56.291 0.000 0.000 0.000 0.000 0.000 0.000 0.000 0.000 0.000 0.000 0.000 0.000 0.000 0.000 0.000 61.441 76.439 0.000 0.000 13.479 44.515 45.534 45.549 44.563 49.577 51.589 47.599 49.606 0.000 0.000 0.000 0.000 0.000 0.000 0.000 0.000 0.000 0.000 0.000 0.000 0.000 0.000 0.000 0.000 0.000 0.000 0.000 0.000 0.000 0.000 0.000 0.000 57.356 66.260 66.184 66.112
45.201 45.201 45.203 45.205 45.208 45.211 44.216 56.221 61.227 48.235 45.243 45.252 45.262 45.272 45.284 45.296 45.309 44.324 47.344 28.378 0.000 0.000 0.000 0.000 0.000 41.679 62.680 24.680 15.679 14.677 0.000 0.000 0.000 42.536 84.501 58.490 58.499 0.000 0.000 30.587 47.595 45.606 45.617 43.629 59.641 63.652 57.661 0.000 0.000 0.000 0.000 0.000 0.000 0.000 0.000 0.000 0.000 0.000 0.000 0.000 0.000 0.000 0.000 0.000 0.000 0.000 0.000 0.000 0.000 0.000 31.529 82.452 68.373 81.304 103.185
45.226 45.227 45.228 45.230 45.234 45.237 44.242 57.248 63.255 47.262 45.271 45.280 45.291 45.302 45.315 45.329 45.344 45.362 45.384 51.412 22.442 0.000 0.000 0.000 0.000 4.679 19.680 41.683 49.682 53.676 27.662 3.642 38.613 76.571 74.540 54.520 36.509 0.000 0.000 30.651 47.655 46.663 49.672 44.683 53.694 76.708 73.727 18.763 0.000 0.000 0.000 0.000 0.000 0.000 0.000 0.000 0.000 0.000 0.000 0.000 0.000 0.000 0.000 0.000 0.000 0.000 0.000 0.000 0.000 0.000 68.606 124.551 107.484 129.391 107.981
42.252 43.252 44.254 44.256 45.260 45.264 43.269 58.275 61.282 44.289 45.298 45.308 45.320 45.332 45.345 45.360 45.377 45.397 45.419 45.445 51.474 31.504 0.000 0.000 0.000 0.000 0.000 17.692 48.689 44.682 47.670 51.651 63.626 80.596 64.568 32.544 0.000 0.000 0.000 29.711 46.714 49.719 62.727 48.736 58.747 59.759 78.776 82.800 65.829 15.841 0.000 0.000 0.000 0.000 0.000 0.000 0.000 0.000 0.000 0.000 0.000 0.000 0.000 0.000 0.000 0.000 0.000 0.000 0.000 54.834 64.738 65.663 68.593 87.567 107.148
63.277 58.278 53.280 51.282 47.286 43.290 43.295 58.301 61.309 43.317 45.326 45.337 45.348 45.361 45.375 45.391 44.409 43.429 44.451 44.476 44.504 50.536 27.573 4.595 0.000 0.000 0.000 16.703 54.701 48.696 43.685 56.669 79.646 73.620 41.593 0.000 0.000 0.000 0.000 27.770 45.771 50.775 57.781 52.789 57.798 56.808 69.820 63.834 56.847 29.854 0.000 0.000 0.000 0.000 0.000 0.000 0.000 0.000 0.000 0.000 0.000 0.000 0.000 0.000 0.000 0.000 0.000 0.000 32.010 59.930 128.847 92.779 124.661 108.331 106.379
83.303 82.304 78.306 73.308 69.312 64.316 59.322 55.328 50.335 44.344 45.354 45.364 45.376 45.390 44.405 46.421 52.439 57.460 56.482 54.506 48.533 43.561 47.591 53.617 17.642 0.000 2.720 36.718 59.718 50.715 46.708 69.693 81.670 37.644 0.000 0.000 0.000 0.000 0.000 31.828 44.827 49.829 65.834 55.842 48.849 41.856 47.863 65.869 62.873 68.874 0.000 0.000 0.000 0.000 0.000 0.000 0.000 0.000 0.000 0.000 0.000 0.000 0.000 0.000 0.000 0.000 0.000 0.000 67.091 58.028 67.957 90.848 67.019 106.473 97.808
