results3_8e3_rain/res_3e8f-0038.wd
ncols         241
nrows         181
xllcorner     12693529.787448
yllcorner     3542525.717860
cellsize      155.156523
NODATA_value  -9999.000000
[rows 66 to 98 of 181, columns 75 to 149 of 241]
0.000 46.195 63.186 62.174 62.163 0.000 33.821 33.817 46.831 42.841 41.831 41.803 40.755 116.683 104.603 0.000 0.000 0.000 38.109 33.099 38.095 41.078 41.051 43.014 43.983 48.955 49.928 50.901 41.865 0.000 0.000 41.961 91.961 73.885 77.755 77.853 75.921 83.894 76.365 76.851 77.598 76.378 76.165 76.968 46.819 0.000 0.000 0.000 0.000 0.000 0.000 0.000 9.017 7.006 6.986 6.957 6.921 6.883 10.843 23.799 20.751 5.700 16.648 25.598 4.551 7.507 13.463 18.421 14.379 8.338 6.297 4.258 19.220 41.185 42.151
0.000 34.347 58.327 57.314 51.321 4.380 0.000 0.000 39.882 52.934 41.938 40.919 41.875 22.779 0.000 0.000 0.000 0.000 0.000 0.000 49.129 47.117 45.091 28.031 30.989 37.954 38.930 43.909 34.887 0.000 0.000 0.000 52.174 70.099 77.053 77.163 84.308 84.109 76.433 77.127 76.845 76.642 76.439 71.257 29.129 0.000 0.000 26.308 0.000 0.000 0.000 15.039 10.039 7.027 7.005 6.976 6.942 6.903 6.862 6.818 13.771 27.723 28.674 11.626 5.580 6.535 7.491 11.449 10.407 6.365 6.324 7.283 26.244 44.207 42.173
47.649 45.520 59.463 52.435 53.428 50.440 0.000 0.000 0.000 55.074 50.069 45.059 47.049 0.000 0.000 0.000 0.000 0.000 0.000 0.000 48.175 44.171 35.164 0.000 0.000 35.941 47.929 46.920 0.000 0.000 0.000 54.634 46.460 50.323 57.429 72.516 84.493 76.160 77.721 77.291 77.109 76.898 74.691 57.493 36.310 42.309 40.309 21.308 0.000 0.000 0.000 0.000 24.075 6.058 7.033 11.002 18.966 8.927 6.885 5.841 9.794 24.747 31.699 23.652 9.607 4.562 6.519 6.477 6.435 6.393 5.350 12.305 33.266 43.229 42.193
45.696 56.621 50.569 43.535 62.516 51.512 3.530 0.000 0.000 47.219 63.207 58.200 58.213 61.277 0.000 0.000 0.000 0.000 0.000 0.000 46.226 37.227 40.232 0.000 0.000 0.000 83.926 110.922 25.922 0.000 53.945 48.810 48.681 48.625 44.740 84.829 84.667 77.203 80.813 77.566 77.363 77.154 68.934 21.713 0.000 44.309 22.309 0.000 0.000 0.000 12.197 11.175 10.129 6.098 10.067 22.033 26.995 24.954 17.911 7.866 16.819 24.772 3.725 9.678 22.633 19.590 15.547 23.505 4.464 6.421 4.378 17.323 40.286 44.250 45.207
57.755 49.702 41.656 41.620 54.589 62.562 58.549 61.529 63.478 58.378 53.338 55.323 44.325 43.342 0.000 0.000 0.000 0.000 51.302 50.295 38.277 40.281 41.304 45.363 44.402 0.000 0.000 0.000 0.000 0.354 60.081 52.980 47.864 48.997 47.081 84.976 46.809 54.404 69.006 76.832 77.623 75.422 34.178 0.000 0.000 0.000 0.000 0.000 0.000 13.234 7.219 7.199 7.169 8.138 18.104 27.068 26.028 25.985 21.940 17.893 27.845 10.797 5.750 6.703 6.659 16.616 29.575 16.535 4.494 5.451 11.420 0.000 4.307 14.278 0.000
48.817 41.775 42.736 42.699 44.660 28.599 54.576 52.561 44.528 41.478 40.445 56.428 58.423 45.425 0.000 0.000 0.000 51.311 47.309 44.307 37.305 41.315 41.340 41.384 41.442 1.312 5.061 6.260 8.459 76.466 73.314 62.127 61.159 50.206 85.231 85.110 48.859 55.512 50.293 57.102 75.879 50.732 0.000 0.000 0.000 0.000 0.000 0.000 0.000 13.250 7.248 7.235 7.211 8.181 17.146 27.107 26.064 25.018 21.970 26.921 20.872 4.822 6.774 6.728 6.683 16.642 24.602 3.565 6.526 9.469 28.432 45.406 24.356 0.000 0.000
41.881 42.846 42.812 43.782 24.752 0.000 11.594 39.612 42.594 42.562 42.537 40.521 64.513 48.511 0.000 0.000 0.000 28.313 45.316 39.318 40.323 41.335 41.358 41.392 41.438 52.498 0.000 0.000 15.652 68.633 78.576 0.528 82.338 72.576 85.334 47.421 61.071 57.719 47.594 44.403 41.059 25.896 0.000 0.000 8.595 0.000 0.000 0.000 0.000 9.269 7.288 7.281 7.259 7.229 8.192 14.150 22.104 22.054 22.003 25.951 3.899 6.847 6.798 5.750 11.706 28.665 11.629 5.598 8.576 0.000 0.000 21.432 0.000 0.000 48.204
42.945 42.914 42.887 45.865 1.857 0.000 0.000 37.700 42.675 44.639 42.619 41.606 59.599 55.595 0.000 0.000 0.000 0.000 36.325 39.328 41.334 41.346 41.364 41.389 43.422 29.459 0.000 0.000 65.864 68.835 79.791 85.732 79.771 77.801 85.418 68.469 71.177 56.022 48.931 41.859 0.000 0.000 0.000 0.000 6.596 0.000 0.000 0.000 0.000 0.000 10.355 7.342 7.318 7.284 7.244 7.198 7.147 14.093 22.038 9.981 6.925 6.871 6.819 9.770 22.725 22.685 4.650 6.622 9.605 0.000 0.000 48.458 38.464 44.462 0.368
43.009 42.981 42.955 42.936 46.928 47.926 47.891 43.814 43.766 23.700 40.695 41.687 57.680 56.676 0.000 0.000 0.000 0.000 35.331 41.334 41.340 41.350 41.363 41.380 29.401 0.000 0.000 0.000 71.105 77.057 79.990 79.962 79.031 85.530 77.944 80.668 75.360 60.304 50.246 49.243 49.377 0.000 0.000 0.000 3.597 10.599 3.600 0.000 0.000 0.000 25.435 6.415 7.385 7.347 7.302 8.251 7.194 7.135 7.073 7.012 6.951 6.893 5.838 11.787 26.741 3.700 6.664 6.636 8.617 0.000 0.000 50.479 42.473 47.466 0.000
43.072 43.045 43.019 42.995 42.976 42.960 42.935 42.899 46.876 0.000 33.776 42.768 58.759 53.754 0.000 0.000 0.000 0.000 40.335 43.338 43.343 43.350 41.359 44.367 0.000 0.000 0.000 63.550 69.392 80.299 80.190 80.310 78.358 85.737 79.080 83.728 79.622 80.557 68.510 56.491 45.511 40.510 42.510 0.000 0.000 9.600 4.601 10.603 11.603 9.592 15.535 25.499 7.462 8.418 17.367 24.309 6.245 7.178 7.110 7.041 6.975 5.913 10.854 29.801 23.752 12.710 5.673 6.641 8.612 23.578 41.544 42.506 42.483 42.464 40.441
43.137 43.110 43.080 43.049 43.023 46.002 43.989 42.974 46.962 0.000 33.865 42.850 59.835 51.827 0.000 0.000 0.000 0.000 13.337 23.340 22.344 22.350 43.357 28.361 0.000 0.000 0.000 65.708 75.619 80.525 80.487 79.597 86.412 86.096 80.147 80.993 79.852 79.797 80.743 71.700 36.665 0.000 0.000 0.000 0.000 7.601 7.603 4.606 6.615 7.637 6.616 13.585 27.546 10.498 8.440 18.374 6.301 7.224 7.146 7.070 6.997 6.929 14.865 27.809 14.759 26.715 4.676 5.642 10.611 31.580 43.549 42.518 42.491 42.467 41.442
43.204 43.178 43.144 46.099 48.065 20.037 41.045 44.045 46.038 6.031 36.968 41.932 53.906 51.892 0.000 0.000 0.000 0.000 0.000 0.000 0.000 0.000 24.356 0.000 0.000 0.000 14.099 63.954 80.851 80.735 80.856 78.948 86.694 78.734 84.442 80.137 80.092 80.026 79.968 69.903 30.784 0.000 0.000 0.000 0.000 0.000 10.603 11.604 0.000 6.725 7.709 7.679 11.639 27.587 10.523 7.447 7.360 7.270 7.181 7.096 5.015 10.940 29.871 10.811 9.759 23.715 7.676 5.642 12.612 38.582 43.554 42.526 42.497 43.470 45.444
43.276 43.254 45.218 21.140 23.102 0.000 3.108 39.124 43.112 47.089 43.046 46.004 50.964 55.943 0.000 0.000 0.000 0.000 0.000 0.000 0.000 0.000 0.000 0.000 0.000 0.000 73.245 75.160 81.067 81.029 80.154 87.196 86.955 79.798 80.512 80.384 80.315 80.252 79.198 59.159 0.000 0.000 0.000 0.000 0.000 0.000 0.000 2.603 0.000 13.830 10.815 6.785 6.744 8.689 25.618 14.530 6.424 7.317 7.214 6.118 11.028 12.944 11.869 8.806 6.753 6.709 6.672 7.640 20.611 42.585 43.560 45.535 41.501 38.472 40.445
43.354 43.343 48.334 0.000 0.000 9.415 1.309 35.231 44.200 42.165 44.124 56.076 28.004 21.973 0.000 0.000 0.000 0.000 0.000 0.000 0.000 0.000 0.000 0.000 0.000 60.611 65.474 79.377 81.262 81.398 79.500 87.416 79.298 80.973 80.666 80.607 80.532 80.468 72.414 49.376 0.000 0.000 0.000 0.000 0.000 0.000 0.000 0.000 0.000 17.952 12.935 6.905 4.862 7.806 7.732 23.630 16.491 7.359 8.241 6.134 13.035 12.942 9.856 3.790 6.739 6.698 8.664 22.634 41.608 43.586 46.567 38.554 0.000 0.000 0.000
42.431 42.431 45.443 15.489 12.491 44.456 49.409 43.339 41.292 48.250 58.208 61.171 0.000 0.000 0.000 0.000 0.000 0.000 0.000 0.000 0.000 0.000 0.000 0.000 0.000 62.748 70.667 80.573 81.566 80.609 87.820 87.624 80.328 81.031 80.893 80.815 80.742 80.676 62.613 44.556 0.000 0.000 0.000 0.000 0.000 0.000 0.000 0.000 0.000 16.090 14.070 14.037 10.995 3.943 5.875 6.769 22.550 22.388 19.257 16.142 9.037 7.933 4.822 5.761 6.717 10.681 30.651 42.625 42.603 43.584 42.569 33.560 0.000 0.000 0.000
56.504 54.508 51.518 52.532 52.530 49.508 50.472 52.424 52.379 58.334 60.288 18.229 0.000 0.000 0.000 0.000 0.000 0.000 0.000 0.000 0.000 0.000 0.000 1.225 9.117 63.967 80.865 81.776 81.729 80.963 88.000 79.804 81.477 81.165 81.100 81.018 80.946 78.879 60.805 31.681 0.000 0.000 0.000 0.000 0.000 0.000 0.000 0.000 0.000 6.249 10.218 13.179 14.138 13.097 10.056 6.022 0.161 0.000 0.000 0.000 0.000 0.000 8.739 6.714 9.686 30.659 43.635 42.613 43.594 46.579 42.567 39.559 20.554 0.000 0.000
55.574 57.580 59.587 58.593 57.590 55.574 53.546 53.508 54.465 50.420 50.382 0.000 0.000 0.000 0.000 0.000 0.000 0.000 0.000 0.000 0.000 0.000 0.000 50.311 73.235 72.139 81.052 81.946 82.078 80.189 88.167 81.895 81.500 81.376 81.292 81.215 81.146 77.088 57.048 0.000 0.000 0.000 0.000 0.000 0.000 0.000 0.000 0.000 13.557 8.440 5.374 7.324 12.283 14.250 14.230 15.240 6.324 0.000 0.000 0.000 0.000 0.000 9.682 7.671 23.654 44.635 42.616 42.599 42.584 43.571 42.561 42.554 33.550 0.000 0.000
43.643 50.651 59.659 65.664 53.663 47.652 42.631 40.598 39.554 45.498 24.440 0.000 0.000 0.000 0.000 0.000 0.000 0.000 0.000 0.000 0.000 0.000 0.000 56.419 72.373 80.305 82.227 82.202 81.340 88.460 88.320 83.912 81.717 81.556 81.479 81.402 81.335 76.282 51.250 0.000 0.000 0.000 0.000 0.000 0.000 0.000 0.000 13.773 8.674 8.583 8.513 7.460 4.419 9.391 13.377 14.384 11.412 0.000 0.000 0.000 0.000 12.622 6.637 10.635 38.625 42.612 42.597 42.584 42.571 42.560 42.552 42.546 17.543 0.000 0.000
45.711 50.722 52.733 55.742 45.746 41.741 42.727 42.700 44.657 22.577 0.000 0.000 0.000 0.000 0.000 0.000 0.000 0.000 0.000 0.000 0.000 0.000 0.000 42.573 71.535 81.479 82.389 82.529 80.650 88.587 81.459 83.132 81.813 81.747 81.659 81.581 81.510 72.454 45.420 0.000 0.000 0.000 0.000 0.000 0.000 0.000 12.968 8.873 8.784 8.704 8.638 8.585 8.545 5.517 4.504 7.507 14.530 14.583 0.000 0.000 0.000 6.607 7.610 25.607 42.600 41.590 41.579 42.567 42.557 42.548 42.541 41.537 7.534 0.000 0.000
43.778 44.794 42.811 41.826 42.837 41.841 41.836 41.819 46.796 0.000 0.000 0.000 0.000 0.000 0.000 0.000 0.000 0.000 0.000 0.000 0.000 0.000 0.000 50.764 79.718 82.656 82.642 81.785 88.816 88.707 84.456 82.156 82.011 81.922 81.834 81.750 82.672 62.604 50.556 0.000 0.000 12.545 0.000 12.313 14.267 14.185 9.064 8.968 8.885 8.811 8.749 8.698 8.658 8.630 7.614 4.611 13.620 14.636 7.635 0.000 0.000 14.590 6.589 14.585 20.578 23.570 27.560 33.551 39.542 41.535 41.529 39.525 4.523 0.000 0.000
42.845 42.867 42.891 41.914 41.935 41.951 41.956 40.944 48.914 0.000 0.000 0.000 0.000 0.000 0.000 0.000 0.000 0.000 0.000 0.000 0.000 0.000 35.143 71.001 81.918 82.822 82.977 81.084 88.914 81.907 83.581 82.266 82.190 82.095 82.004 81.915 82.826 54.733 32.644 0.000 0.000 8.546 0.000 7.359 9.304 9.225 9.135 9.052 8.976 8.909 8.850 8.800 8.760 8.731 6.712 8.703 14.703 11.707 0.000 0.000 0.000 13.576 12.572 11.566 10.559 9.551 8.543 12.535 23.527 19.521 21.516 25.513 6.511 0.505 0.000
40.910 40.939 40.971 41.005 41.040 42.072 44.095 46.088 21.001 0.000 0.000 0.000 0.000 0.000 0.000 0.000 0.000 0.000 1.973 0.000 0.000 5.389 46.285 77.183 83.092 83.097 82.141 89.080 89.002 84.897 82.604 82.455 82.361 82.266 82.172 82.079 77.983 24.858 0.000 0.000 0.000 8.547 14.549 9.461 9.365 9.276 9.199 9.128 9.061 8.998 8.942 8.893 8.853 8.822 5.800 14.788 14.782 10.781 0.000 0.000 0.000 12.566 11.556 12.549 12.542 12.534 12.526 12.518 11.511 11.506 10.502 9.499 9.498 0.000 0.000
44.972 49.008 52.049 56.095 58.147 61.203 60.262 52.314 0.000 2.168 26.218 0.000 0.000 0.000 0.000 0.000 0.000 32.972 59.973 0.000 0.000 39.492 72.427 82.345 83.269 83.221 82.464 89.145 81.334 83.022 82.705 82.630 82.531 82.436 82.340 83.245 70.170 0.000 0.000 0.000 0.000 0.000 8.639 9.574 11.418 11.317 9.258 9.201 9.141 9.082 9.027 8.978 8.937 5.905 10.881 13.865 14.858 5.856 0.000 0.000 0.000 0.000 17.539 17.533 14.525 11.517 11.509 12.501 13.495 13.490 12.487 12.485 13.484 5.479 0.000
50.031 59.074 60.123 59.181 58.249 57.332 54.438 48.592 23.886 41.119 59.268 28.407 12.482 0.000 0.000 0.000 3.964 42.971 56.974 0.000 14.770 56.662 81.582 84.512 83.389 83.630 81.626 89.197 83.320 83.037 82.889 82.797 82.702 82.607 82.506 84.393 28.281 0.000 0.000 0.000 0.000 0.000 4.795 10.776 0.000 0.000 8.316 9.276 9.221 9.162 9.106 9.056 8.013 5.979 14.953 14.936 11.927 5.930 11.957 0.000 0.000 0.000 28.529 43.519 36.510 32.500 28.492 24.484 27.478 27.474 10.471 11.471 12.476 12.474 16.470
47.084 50.132 49.189 47.256 45.338 43.438 41.565 41.732 50.948 53.155 50.328 47.471 51.557 0.000 0.000 0.000 43.959 73.972 24.980 20.958 54.878 78.804 83.738 83.647 83.809 81.797 89.265 81.726 83.444 83.131 83.059 82.965 82.874 82.783 85.686 42.539 0.000 0.000 0.000 0.000 0.000 0.000 6.972 11.959 0.000 0.000 5.413 9.369 9.305 9.240 9.180 9.127 6.082 14.046 15.018 13.998 4.986 8.981 8.985 0.000 0.000 0.000 0.000 26.507 44.495 43.484 43.474 43.467 43.461 37.456 27.453 13.452 0.000 2.471 11.468
44.131 43.183 43.244 44.318 44.408 44.518 42.654 43.821 49.018 52.224 48.420 43.592 46.719 1.833 0.000 0.000 35.939 45.980 24.016 57.015 71.983 80.938 83.889 83.878 83.022 89.659 89.405 82.721 83.453 83.310 83.222 83.132 83.045 82.967 85.914 0.000 0.000 1.270 10.270 0.000 0.000 8.249 11.162 10.130 17.153 0.000 5.556 9.480 9.393 9.314 9.246 7.190 9.143 15.105 15.075 7.053 8.037 9.025 9.017 0.000 0.000 0.000 0.000 0.000 26.480 42.465 42.456 42.448 42.442 43.438 43.434 18.433 0.000 0.000 8.468
44.170 44.224 44.288 44.365 44.458 43.572 42.712 46.882 51.082 51.302 46.535 42.760 47.943 1.248 0.000 0.000 31.879 1.014 48.088 72.103 78.098 84.083 84.005 84.277 82.316 89.882 82.146 83.860 83.547 83.477 83.385 83.296 83.208 90.126 74.089 0.000 0.000 47.270 33.270 0.000 0.000 3.336 11.299 10.247 10.176 16.026 13.776 12.603 9.473 9.376 9.302 6.244 14.197 15.158 11.126 6.102 9.083 9.067 11.041 15.041 0.000 0.000 0.000 0.000 0.000 39.443 42.436 42.429 42.423 43.418 41.415 15.412 0.000 0.000 0.000
44.201 44.255 44.319 44.396 43.488 42.602 44.741 48.913 52.124 48.370 43.659 42.970 46.297 28.732 16.122 17.437 13.794 15.065 55.167 76.212 82.232 84.208 84.425 82.485 90.268 90.085 83.160 83.874 83.727 83.637 83.546 83.458 88.366 31.240 46.227 16.261 47.269 55.271 0.000 0.000 0.000 2.492 11.452 10.382 10.280 20.126 30.921 4.682 14.523 10.414 7.344 9.289 15.242 14.202 5.171 8.146 9.128 9.117 0.000 0.000 0.000 0.000 0.000 0.000 0.000 20.429 41.416 42.409 42.403 46.399 42.394 31.390 0.000 0.000 0.000
44.224 44.276 44.338 44.411 42.499 42.605 46.737 53.906 55.131 51.395 46.760 45.163 45.542 47.897 48.197 57.396 0.000 33.251 71.303 78.349 84.380 84.438 83.651 90.592 90.435 83.524 84.304 83.966 83.892 83.795 83.706 83.624 91.559 0.000 29.320 31.286 21.276 23.273 0.000 0.000 0.000 5.703 11.635 10.549 16.435 32.279 9.100 0.000 0.000 8.412 6.373 14.325 15.280 11.241 8.209 9.184 9.167 11.158 0.000 0.000 0.000 0.000 0.000 0.000 0.000 0.000 32.391 42.388 42.384 47.379 42.374 42.365 31.347 13.334 14.323
44.239 44.288 44.345 43.412 42.491 44.583 51.695 28.845 5.098 4.319 1.869 32.382 49.811 45.118 48.373 29.554 0.000 38.387 76.444 82.507 84.504 84.845 82.951 90.737 83.867 84.643 84.210 84.150 84.044 83.950 83.859 84.772 82.688 4.577 4.449 0.000 0.000 0.000 0.000 0.000 5.080 12.937 10.838 9.744 29.634 33.456 0.000 0.000 0.000 4.452 10.410 15.359 15.312 5.272 9.240 9.215 9.198 12.190 0.000 0.000 0.000 0.000 0.000 0.000 0.000 0.000 20.369 42.368 42.366 48.362 42.357 42.351 36.341 6.333 6.325
44.247 44.292 43.344 42.403 44.469 47.541 55.617 14.682 0.000 0.000 0.000 0.000 32.203 47.390 48.625 34.892 37.259 63.464 80.588 84.648 84.939 83.069 90.990 90.869 84.854 84.548 84.399 84.295 84.196 84.100 84.007 86.918 71.845 0.739 0.000 0.000 0.000 0.000 0.000 0.000 5.224 12.128 11.035 8.957 36.900 0.000 0.000 0.000 10.638 15.534 15.455 15.391 13.339 8.296 9.263 9.239 9.222 11.214 0.000 15.231 0.000 0.000 0.000 0.000 0.000 0.000 13.350 42.350 42.349 42.347 42.344 42.340 40.336 10.332 7.328
44.249 44.289 43.336 42.387 46.442 50.498 54.549 12.583 0.000 0.000 0.000 0.000 12.408 55.614 50.845 57.132 70.420 79.626 83.762 84.911 84.183 91.202 91.099 84.200 84.974 84.631 84.546 84.441 84.343 84.247 88.151 51.047 22.946 0.000 0.000 0.000 0.000 0.000 0.000 7.662 12.466 11.315 13.218 10.150 34.109 0.000 0.000 5.924 12.742 28.591 17.487 14.412 10.356 8.312 8.279 9.255 9.239 9.231 14.232 10.231 1.230 0.000 0.000 0.000 9.321 11.324 10.332 42.334 42.334 42.333 42.331 42.330 40.330 0.000 0.000
44.246 44.282 42.323 44.367 50.413 51.460 49.498 36.520 0.000 0.000 0.000 0.000 0.000 8.812 5.010 45.373 76.662 80.857 84.964 85.269 83.510 91.294 83.523 85.301 84.865 84.798 86.684 85.583 84.487 84.396 90.303 13.175 0.000 0.000 0.000 0.000 0.000 0.000 28.031 27.859 15.661 12.449 23.372 18.317 19.279 0.000 0.000 4.106 8.816 19.602 15.491 19.415 13.360 16.318 15.287 12.264 9.248 8.238 8.235 14.233 0.000 0.000 0.000 0.000 6.319 6.318 16.320 42.321 42.321 42.320 42.319 42.320 16.325 0.000 0.000
