results3_8e3_rain/res_3e8f-0156.wd
ncols         241
nrows         181
xllcorner     12693529.787448
yllcorner     3542525.717860
cellsize      155.156523
NODATA_value  -9999.000000
[rows 66 to 98 of 181, columns 73 to 145 of 241]
71.254 35.242 0.000 60.377 77.355 76.325 76.298 0.000 47.699 47.683 60.697 56.707 55.688 55.642 54.574 130.475 118.304 0.000 0.000 0.000 51.039 45.977 50.884 53.822 53.771 55.724 56.679 61.625 62.576 63.527 54.486 0.000 0.000 51.768 101.768 83.681 87.544 87.631 85.683 93.603 86.091 86.570 87.308 86.080 85.858 86.653 56.497 0.000 0.000 0.000 0.000 0.000 0.000 0.000 41.326 39.303 39.264 39.211 39.148 39.082 43.011 55.937 52.862 37.789 48.717 57.645 36.575 39.506 45.437 50.369 46.302 40.236 38.172
56.256 62.231 0.121 48.599 72.563 71.535 65.538 18.624 0.000 0.000 53.776 66.855 55.856 54.825 55.781 36.740 0.000 0.000 0.000 0.000 0.000 0.000 61.817 59.791 57.759 40.719 43.673 50.620 51.582 56.548 47.517 0.000 0.000 0.000 62.008 79.916 86.853 86.945 94.030 93.824 86.164 86.851 86.562 86.351 86.140 80.952 38.818 0.000 3.006 36.006 0.000 0.000 0.000 47.405 42.370 39.336 39.295 39.244 39.185 39.122 39.054 38.983 45.912 59.840 60.769 43.698 37.629 38.560 39.492 43.426 42.360 38.295 38.231
58.265 57.196 62.059 59.856 73.762 66.712 67.696 64.710 0.000 0.000 0.000 69.083 64.055 59.020 60.986 7.963 0.000 0.000 0.000 0.000 0.000 0.000 60.777 56.767 47.755 0.000 0.000 48.602 60.583 59.568 0.000 0.000 7.712 64.592 56.340 60.163 67.240 82.300 94.223 85.903 87.458 87.021 86.832 86.614 84.400 67.195 46.007 52.007 50.006 31.006 0.000 0.000 0.000 5.440 56.413 38.378 39.335 43.285 51.228 41.166 39.100 38.031 41.961 56.890 63.820 55.750 41.681 36.614 38.547 38.481 38.416 38.352 37.288
58.306 56.230 60.125 71.004 64.916 57.858 76.823 65.810 17.828 0.000 11.484 61.337 77.263 72.214 72.181 75.163 0.000 0.000 0.000 0.000 6.730 6.735 58.747 49.745 52.739 0.000 0.000 0.000 96.581 123.572 38.566 0.000 63.831 58.728 58.567 58.474 54.556 94.576 94.405 86.950 90.555 87.301 87.092 86.877 78.650 31.422 0.000 54.007 32.006 0.000 0.000 0.000 44.542 43.501 42.466 38.428 42.383 54.333 59.276 57.214 50.148 40.080 49.011 56.940 35.870 41.801 54.733 51.666 47.601 55.536 36.472 38.409 36.345
56.365 62.292 72.207 64.118 56.041 55.979 68.928 76.880 72.845 75.772 77.631 72.519 67.444 69.393 58.361 57.345 0.000 0.000 0.000 7.723 63.725 62.728 50.730 52.726 53.716 57.696 56.683 0.000 7.587 1.574 0.516 10.219 70.052 62.922 57.761 58.852 56.897 94.733 56.567 64.157 78.752 86.572 87.358 85.151 43.900 0.000 0.000 0.000 0.000 0.000 0.000 45.609 39.584 39.555 39.522 40.483 50.438 59.386 58.329 58.266 54.200 50.131 60.061 42.990 37.920 38.851 38.784 48.718 61.654 48.591 36.528 37.466 43.402
62.432 73.366 63.294 56.220 57.152 57.091 59.029 42.937 68.901 66.839 58.749 55.665 54.600 70.554 72.524 59.510 0.000 0.000 0.000 63.721 59.721 56.721 49.719 53.714 53.705 53.689 53.670 12.640 15.603 16.572 18.515 86.374 83.240 72.109 71.064 60.061 95.011 94.878 58.620 65.268 60.044 66.847 85.619 60.468 0.000 0.000 0.000 0.000 0.000 0.000 0.000 45.633 39.630 39.613 39.584 40.546 49.499 59.446 58.386 57.322 54.254 59.183 53.112 37.040 38.969 38.900 38.833 48.768 56.705 35.644 38.585 41.524 60.459
73.507 63.446 56.382 57.317 57.256 58.202 39.162 0.000 25.984 53.933 56.863 56.792 56.737 54.698 78.673 62.661 0.000 0.000 0.000 40.719 57.716 51.715 52.712 53.707 53.698 53.686 53.669 64.646 4.615 8.595 25.599 78.522 88.417 10.304 92.225 82.417 95.127 57.191 70.835 67.478 57.349 54.153 50.802 35.635 0.000 0.000 41.185 0.000 0.000 0.000 0.000 41.662 39.690 39.682 39.655 39.616 40.568 46.512 54.449 54.381 54.310 58.237 36.163 39.089 39.017 37.947 43.879 60.815 43.755 37.697 40.642 21.585 22.507
63.586 56.530 57.470 57.410 57.352 60.299 16.255 14.220 7.118 52.046 56.976 58.904 56.859 55.828 73.809 69.800 0.000 0.000 0.000 0.000 48.712 51.710 53.707 53.703 53.696 53.686 55.674 41.660 0.000 0.000 75.764 78.697 89.605 95.475 89.578 87.615 95.226 78.240 80.942 65.784 58.689 51.615 0.000 0.000 0.000 0.000 39.185 0.000 0.000 0.000 0.000 0.000 42.787 39.770 39.739 39.696 39.644 39.584 39.517 46.445 54.369 42.291 39.213 39.137 39.062 41.991 54.923 54.860 36.801 38.748 41.702 8.669 0.000
56.671 57.616 57.559 57.501 57.444 57.389 61.338 62.287 62.221 58.159 58.091 37.987 54.967 55.947 71.934 70.930 0.000 0.000 0.000 0.000 47.708 53.707 53.704 53.701 53.696 53.690 41.682 0.000 0.000 4.130 80.997 86.900 89.799 89.745 88.822 95.360 87.721 90.438 85.126 70.068 60.008 59.004 59.139 0.000 0.000 0.000 36.185 43.185 36.185 0.000 0.000 0.000 57.900 38.873 39.834 39.786 39.729 40.663 39.590 39.511 39.429 39.346 39.263 39.182 38.104 44.031 58.963 35.900 38.842 38.791 40.748 15.719 0.000
57.759 57.705 57.649 57.592 57.533 57.475 57.420 57.369 57.320 57.276 61.243 0.000 48.073 57.060 73.050 68.056 4.102 0.000 0.000 0.000 52.706 55.705 55.703 55.700 53.697 56.694 0.000 0.000 0.000 73.264 79.192 90.106 89.987 90.095 88.144 95.565 88.854 93.497 89.389 90.322 78.273 66.254 55.274 50.274 52.274 0.000 0.000 42.186 37.185 43.180 44.165 42.129 48.040 57.988 39.939 40.885 49.821 56.749 38.669 39.582 39.491 39.400 39.310 38.224 43.143 62.067 55.997 44.934 37.877 38.825 40.780 55.740 73.697
57.850 57.797 57.741 57.683 57.621 57.558 57.499 60.448 58.415 57.384 61.361 0.000 48.193 57.171 74.150 66.141 6.148 0.000 0.000 0.000 25.705 35.704 34.702 34.700 55.698 40.696 0.000 0.000 0.000 75.470 85.404 90.315 90.273 89.377 96.191 95.895 89.917 90.761 89.618 89.562 90.508 81.464 46.429 0.000 0.000 0.000 0.000 40.187 40.189 37.189 39.188 40.180 39.143 46.100 60.051 42.992 40.923 50.844 38.754 39.656 39.554 39.453 39.355 39.261 47.175 60.096 47.025 58.962 36.905 37.854 42.808 63.765 75.720
57.944 57.891 57.836 57.777 57.712 60.636 62.570 34.508 55.506 58.484 60.457 20.432 51.335 56.279 68.237 66.212 7.201 0.000 0.000 0.000 0.000 0.000 1.701 1.700 36.699 0.000 0.000 0.000 23.909 73.742 90.636 90.518 90.634 88.720 96.458 88.501 94.208 89.903 89.858 89.791 89.732 79.667 40.548 0.000 0.000 0.000 0.000 0.000 43.194 44.200 31.217 39.262 40.252 40.218 44.171 60.110 43.036 39.949 39.847 39.734 39.617 39.502 37.394 43.292 62.200 43.118 42.046 55.984 39.928 37.878 44.833 70.791 75.748
58.040 57.987 57.934 57.878 59.812 35.706 37.638 0.000 17.619 53.589 57.551 61.505 57.437 60.373 65.309 70.267 9.243 0.000 0.000 0.000 0.000 2.700 54.700 61.700 0.000 0.000 0.000 7.194 83.076 84.956 90.851 90.807 89.926 96.942 96.708 89.561 90.277 90.149 90.080 90.017 88.963 68.924 0.000 0.000 0.000 0.000 0.000 0.000 0.000 35.200 0.000 46.400 43.384 39.351 39.303 41.241 58.164 47.068 38.951 39.815 39.677 38.547 43.425 45.314 44.214 41.130 39.059 38.998 38.945 39.898 52.856 74.816 75.778
58.136 58.083 58.034 57.989 62.954 0.942 0.000 23.852 15.761 49.703 58.652 56.598 58.536 70.466 42.360 36.304 1.274 0.000 0.000 0.000 0.000 52.700 58.700 60.700 0.000 0.000 0.000 70.312 75.244 89.156 91.040 91.171 89.266 97.156 89.057 90.734 90.429 90.371 90.297 90.233 82.178 59.141 0.000 0.000 0.000 0.000 0.000 0.000 0.000 0.000 0.000 50.553 45.535 39.499 37.450 40.388 40.309 56.209 49.075 39.898 40.731 38.582 45.447 45.324 42.213 36.128 39.061 39.004 40.956 54.913 73.875 75.841 78.810
59.228 57.177 57.131 57.091 60.063 30.062 27.029 58.944 63.870 57.809 55.755 62.701 72.644 75.593 0.000 0.000 0.000 0.000 0.000 0.000 0.000 20.700 27.700 29.700 0.000 0.000 0.000 72.499 80.435 90.347 91.338 90.377 97.553 97.360 90.087 90.793 90.656 90.579 90.506 90.440 72.377 54.321 0.000 0.000 0.000 0.000 0.000 0.000 0.000 0.000 0.000 48.726 46.701 46.661 43.611 36.550 38.477 39.383 55.243 54.969 51.767 48.602 41.457 40.323 37.187 38.109 39.051 43.003 62.961 74.924 74.891 75.862 74.837
73.317 72.266 71.220 69.180 66.147 67.120 67.081 64.024 64.965 66.910 66.858 72.805 74.747 32.670 0.000 0.000 0.000 0.000 0.000 0.000 0.000 0.000 0.000 0.000 0.000 11.009 18.930 73.750 90.642 91.551 91.501 90.729 97.732 89.560 91.236 90.925 90.862 90.781 90.710 88.643 70.569 41.445 0.000 0.000 0.000 0.000 0.000 0.000 0.000 0.000 0.000 38.922 42.883 45.834 46.781 45.725 42.665 38.602 32.545 0.000 0.000 0.000 0.000 0.000 41.102 39.070 42.032 62.996 75.962 74.931 75.904 78.880 74.860
69.400 71.349 70.303 72.262 74.226 73.191 72.151 70.105 68.057 68.009 68.962 64.914 64.869 0.000 0.000 0.000 0.000 0.000 0.000 0.000 0.000 0.000 0.000 0.000 0.000 60.088 83.031 81.929 90.835 91.723 91.850 89.952 97.898 91.653 91.259 91.136 91.053 90.977 90.909 86.852 66.811 0.000 0.000 0.000 0.000 0.000 0.000 0.000 0.000 0.000 46.302 41.158 38.075 40.011 44.955 46.903 46.856 47.816 38.790 0.000 0.000 0.000 0.000 0.000 42.051 40.035 56.012 76.986 74.960 74.935 74.913 75.893 74.877
57.478 57.428 58.382 65.341 74.302 80.265 68.227 62.188 57.147 55.108 54.067 60.021 38.945 0.000 0.000 0.000 0.000 0.000 0.000 0.000 0.000 0.000 0.000 0.000 0.000 66.224 82.177 90.101 92.015 91.982 91.111 98.194 98.052 93.670 91.477 91.317 91.241 91.164 91.098 86.045 61.013 0.000 0.000 0.000 0.000 0.000 0.000 0.000 0.000 46.566 41.445 41.334 41.248 40.180 37.124 42.077 46.041 47.017 44.009 0.000 0.000 0.000 0.000 45.005 39.015 43.009 70.994 74.976 74.956 74.937 74.919 74.903 74.891
56.550 56.502 60.457 65.416 67.378 70.341 60.306 56.271 57.238 57.206 59.178 37.157 0.000 0.000 0.000 0.000 0.000 0.000 0.000 0.000 0.000 0.000 0.000 0.000 0.000 52.406 81.354 91.283 92.181 92.311 90.420 98.325 91.216 92.891 91.572 91.507 91.420 91.342 91.273 82.217 55.183 0.000 0.000 0.000 0.000 0.000 0.000 0.000 45.797 41.686 41.580 41.484 41.404 41.337 41.284 38.242 37.213 40.201 47.219 47.304 0.000 0.000 0.000 38.995 39.996 57.991 74.980 73.967 73.952 74.937 74.923 74.911 74.901
56.619 56.571 58.528 59.488 57.451 56.416 57.384 56.354 56.326 56.302 61.283 6.272 0.000 0.000 0.000 0.000 0.000 0.000 0.000 0.000 0.000 0.000 0.000 0.000 3.776 60.640 89.551 92.467 92.437 91.567 98.562 98.447 94.214 91.915 91.771 91.682 91.595 91.512 92.434 72.366 60.318 0.000 0.000 45.409 0.000 45.171 47.127 47.042 41.909 41.801 41.705 41.619 41.545 41.482 41.432 41.393 40.367 37.356 46.364 47.388 40.388 0.000 0.000 46.984 38.983 46.978 52.970 55.960 59.948 65.937 71.926 73.916 73.908
57.683 57.637 57.596 57.557 57.522 56.489 56.460 56.433 56.410 55.393 63.381 14.375 0.000 0.000 0.000 0.000 0.000 0.000 0.000 0.000 0.000 0.000 0.000 0.000 44.911 80.828 91.743 92.632 92.772 90.864 98.665 91.665 93.340 92.024 91.950 91.855 91.764 91.676 92.587 64.495 42.407 0.000 0.000 41.409 0.000 40.216 42.167 42.090 41.995 41.904 41.819 41.742 41.674 41.616 41.568 41.531 39.506 41.493 47.492 44.498 0.000 0.000 0.000 45.975 44.973 43.968 42.962 41.954 40.945 44.935 55.927 51.919 53.913
55.743 55.700 55.660 55.623 55.590 55.559 55.532 56.509 58.490 60.477 35.472 2.473 0.000 0.000 0.000 0.000 0.000 0.000 0.000 3.147 12.138 0.000 0.000 15.271 56.130 87.023 92.920 92.909 91.936 98.845 98.759 94.655 92.362 92.213 92.120 92.025 91.932 91.839 87.744 34.619 0.000 0.000 0.000 41.410 47.390 42.310 42.235 42.157 42.078 42.000 41.926 41.856 41.794 41.739 41.694 41.658 38.633 47.618 47.612 43.613 0.000 0.000 0.000 44.968 43.965 44.961 44.955 44.949 44.941 44.934 43.927 43.921 42.916
56.799 56.759 59.721 63.687 66.655 70.626 72.601 75.580 74.564 66.555 4.555 15.573 39.628 7.654 0.000 0.000 0.000 0.000 0.000 43.155 70.130 10.091 0.000 49.413 82.314 92.205 93.105 93.035 92.258 98.918 91.092 92.779 92.462 92.387 92.290 92.195 92.099 93.005 79.930 0.000 0.000 0.000 0.000 21.430 41.450 42.398 44.307 44.226 42.159 42.094 42.028 41.964 41.905 41.853 41.810 38.775 43.749 46.733 47.727 38.728 0.000 0.000 0.000 28.963 49.959 49.955 46.950 43.944 43.938 44.932 45.926 45.922 44.918
58.852 57.815 64.780 73.747 74.717 73.690 72.666 71.646 68.631 62.622 37.622 54.634 72.658 41.679 25.701 1.711 0.000 0.000 14.227 53.188 67.137 6.051 24.889 66.654 91.506 94.389 93.230 93.442 91.417 98.980 93.077 92.792 92.644 92.553 92.459 92.365 92.265 94.153 38.042 0.000 0.000 0.000 0.000 0.000 37.582 43.525 24.370 24.279 41.240 42.188 42.127 42.067 42.010 41.960 40.917 38.882 47.856 47.840 44.835 38.846 44.892 0.000 0.000 0.000 60.953 75.950 68.945 64.940 60.935 56.930 59.925 59.921 42.918
58.903 58.868 61.835 64.805 63.776 61.750 59.727 57.707 55.692 55.682 64.678 66.682 63.692 60.704 64.714 12.720 0.000 0.000 54.266 84.234 35.177 31.089 64.962 88.808 93.675 93.531 93.648 91.603 99.063 91.481 93.196 92.883 92.812 92.719 92.630 92.541 95.444 52.299 0.000 0.000 0.000 0.000 0.000 0.000 39.772 44.749 0.000 0.000 38.335 42.289 42.228 42.166 42.109 42.059 39.016 46.980 47.953 46.935 37.926 41.927 41.939 0.000 0.000 0.000 28.950 58.947 76.941 75.936 75.932 75.928 75.924 69.921 59.918
58.951 58.920 58.889 57.860 57.833 58.808 58.785 58.764 56.747 57.734 62.726 65.723 61.725 56.729 59.733 14.735 0.000 0.000 46.337 56.304 34.247 67.166 82.062 90.943 93.826 93.757 92.855 99.434 99.202 92.471 93.201 93.059 92.972 92.884 92.800 92.724 95.673 0.000 0.000 11.042 20.042 0.000 0.000 41.080 43.984 42.952 49.991 0.000 38.476 42.406 42.329 42.260 42.201 40.150 42.107 48.071 48.042 40.021 41.007 41.999 41.997 0.000 0.000 0.000 0.000 0.000 58.936 74.932 74.928 74.925 74.922 75.919 75.917
58.999 58.970 58.942 58.914 58.888 58.863 58.840 57.818 56.799 60.782 64.768 64.759 59.755 55.754 60.753 13.752 0.000 0.000 42.440 11.400 58.341 82.266 88.176 94.082 93.932 94.141 92.130 99.640 91.890 93.602 93.291 93.222 93.131 93.045 92.961 99.883 83.850 0.000 7.042 57.042 43.042 0.000 0.000 36.177 44.131 43.083 43.030 48.909 46.686 45.531 42.421 42.344 42.284 39.234 47.191 48.154 44.124 39.100 42.081 42.065 44.052 48.063 0.000 0.000 0.000 0.000 0.000 71.926 74.924 74.922 74.920 75.918 73.916
59.048 59.021 58.993 58.967 58.941 58.916 57.893 56.870 58.848 62.827 65.807 61.791 56.782 55.778 58.775 40.767 27.746 28.690 24.583 25.516 65.452 86.381 92.303 94.193 94.332 92.322 100.003 99.830 92.895 93.610 93.465 93.376 93.288 93.203 98.116 40.998 55.994 26.031 57.041 65.043 0.000 0.000 0.000 35.319 44.280 43.220 43.138 53.011 63.827 37.612 47.479 43.412 40.359 42.311 48.269 47.231 38.200 41.174 42.152 42.128 29.085 30.074 0.000 0.000 0.000 0.000 0.000 52.922 73.921 74.919 74.917 78.916 74.914
59.098 59.071 59.044 59.018 58.993 58.968 56.945 56.921 60.898 67.871 68.840 64.817 59.804 57.800 57.801 59.796 59.780 68.743 9.684 43.628 81.570 88.504 94.433 94.400 93.531 100.312 100.162 93.250 94.032 93.696 93.623 93.528 93.441 93.363 101.304 0.000 39.096 41.058 31.048 33.046 0.000 0.000 0.000 38.501 44.450 43.379 49.289 65.171 41.999 0.000 28.472 41.464 39.428 47.384 48.341 44.302 41.270 42.244 42.224 44.211 0.000 0.000 0.000 0.000 0.000 0.000 44.919 25.920 64.917 74.916 74.915 79.914 74.912
59.148 59.121 59.095 59.069 59.044 58.020 56.996 58.973 65.949 42.919 18.864 17.833 14.818 44.817 61.833 56.838 59.834 40.817 2.784 48.743 86.692 92.641 94.529 94.772 92.796 100.450 93.583 94.361 93.931 93.873 93.769 93.676 93.587 94.504 92.432 14.376 14.236 0.000 0.000 0.000 0.000 0.000 37.871 45.733 43.641 42.557 62.470 66.386 0.000 0.000 0.000 37.547 43.505 48.455 48.408 38.367 42.334 42.308 42.291 45.281 0.000 0.000 0.000 0.000 0.000 0.000 23.919 0.000 52.914 74.913 74.912 80.911 74.910
59.197 59.171 59.145 59.120 58.095 57.071 59.048 62.026 70.007 28.993 0.000 0.000 0.000 0.000 43.877 58.889 59.900 45.906 47.894 73.865 90.826 94.752 94.925 92.947 100.692 100.576 94.563 94.259 94.112 94.010 93.913 93.819 93.726 96.633 81.544 10.460 0.000 0.000 0.000 0.000 0.000 0.000 38.010 44.919 43.825 41.737 69.646 30.516 0.000 0.000 43.781 48.670 48.590 48.524 46.469 41.425 42.390 42.365 42.349 44.342 0.000 48.424 0.423 0.000 0.000 0.000 0.000 0.000 45.911 74.911 74.910 74.909 74.909
59.246 59.220 59.195 59.170 58.145 57.120 61.097 65.077 69.061 27.052 0.000 0.000 0.000 0.000 23.908 66.940 61.973 68.013 81.019 90.000 93.962 94.969 94.120 100.898 100.799 93.896 94.674 94.333 94.251 94.149 94.054 93.961 97.865 60.759 32.652 0.000 0.000 0.000 0.000 0.000 0.635 40.419 45.239 44.107 46.004 42.921 66.862 0.000 0.000 39.029 45.892 61.763 50.661 47.582 43.520 41.473 41.437 42.412 42.397 42.396 47.417 43.424 34.424 0.000 0.000 0.000 41.906 43.907 42.908 74.908 74.908 74.908 74.907
59.294 59.269 59.244 59.219 57.194 59.168 65.144 66.123 64.107 51.103 12.119 0.000 0.000 0.000 0.000 19.989 16.039 56.154 87.171 91.152 95.093 95.263 93.387 100.987 93.206 94.986 94.554 94.491 96.381 95.284 94.192 94.105 100.015 22.887 0.000 0.000 0.000 0.000 0.000 21.843 60.757 60.584 48.419 45.268 56.163 51.081 52.020 13.003 0.784 37.166 41.996 52.830 48.709 52.622 46.558 49.509 48.474 45.449 42.433 41.428 41.431 47.431 0.000 0.000 0.000 0.000 38.906 38.906 48.906 74.906 74.906 74.906 74.906
