results3_8e3_rain/res_3e8f-0180.wd
ncols         241
nrows         181
xllcorner     12693529.787448
yllcorner     3542525.717860
cellsize      155.156523
NODATA_value  -9999.000000
[rows 33 to 65 of 181, columns 146 to 218 of 241]
64.739 63.956 63.683 64.321 30.982 42.654 64.342 58.030 36.612 0.000 0.000 36.034 12.034 17.035 33.037 58.041 45.040 11.039 0.000 0.000 49.944 57.931 15.907 42.880 34.859 35.835 39.796 48.758 66.715 57.684 52.655 47.631 48.610 48.592 47.576 46.559 45.540 53.521 63.501 55.484 55.468 53.452 32.437 46.423 54.415 0.000 24.978 29.950 53.877 51.816 56.758 66.703 59.656 54.634 9.623 0.000 37.573 37.567 44.565 22.567 0.000 0.000 0.000 0.000 0.000 0.000 0.000 0.000 0.000 0.000 0.000 0.000 0.000
64.688 64.435 64.090 64.762 42.441 60.140 62.874 56.684 0.000 0.000 14.034 38.034 0.000 0.000 0.000 42.052 42.047 50.037 13.018 62.993 50.961 37.937 46.911 37.885 35.858 35.830 34.796 36.761 64.726 62.694 62.666 64.641 57.618 59.598 58.580 58.561 58.543 59.525 63.507 61.491 62.476 57.462 34.450 33.440 6.434 0.000 21.921 35.903 43.866 38.812 44.755 57.694 57.658 55.637 13.627 0.000 0.000 42.558 14.555 0.000 0.000 0.000 0.000 0.000 1.466 44.460 43.454 45.449 35.445 38.442 5.440 0.000 0.000
65.166 64.830 64.509 64.190 63.882 64.591 56.331 43.148 0.000 0.000 0.000 6.034 0.000 0.000 0.000 39.067 36.059 49.045 54.024 45.999 54.971 52.944 33.916 34.888 35.860 35.830 47.798 51.765 55.733 48.702 45.673 55.647 29.624 36.603 31.583 31.564 31.546 34.528 60.512 49.496 47.482 49.470 34.460 36.452 16.448 0.000 31.883 88.876 13.871 0.000 0.000 6.662 58.645 57.630 16.620 0.000 0.000 39.551 36.544 38.530 36.518 44.507 50.497 42.485 64.471 71.461 69.454 54.448 34.444 33.441 37.438 7.437 0.000
65.559 65.240 64.921 64.609 65.306 60.010 41.711 32.429 41.429 0.000 0.000 0.000 0.000 0.000 0.000 36.090 35.077 38.058 34.035 45.009 47.980 50.951 39.922 34.893 34.863 34.832 59.801 65.769 47.738 41.707 41.678 42.652 39.628 39.606 39.586 40.567 43.548 40.531 61.515 53.501 51.488 51.476 33.467 47.461 73.458 0.000 23.851 76.848 0.000 0.000 0.000 8.647 58.631 56.618 34.603 39.581 37.564 35.550 35.540 35.528 34.517 41.507 48.497 35.487 53.472 71.459 67.452 47.446 32.442 32.439 37.436 5.435 0.000
65.971 65.644 65.326 65.019 61.724 47.433 36.072 0.000 0.000 0.000 0.000 40.277 3.264 9.244 1.200 35.126 36.102 36.076 35.049 35.020 40.990 33.959 33.928 35.897 34.866 33.835 57.804 54.773 62.742 66.710 65.680 60.654 56.630 58.608 54.587 58.568 58.550 59.533 63.517 61.503 62.491 58.481 33.472 45.467 67.464 0.000 18.823 79.816 0.000 0.000 0.000 0.000 55.615 58.607 37.593 35.576 35.560 35.547 35.536 35.525 34.516 41.507 50.499 6.493 0.000 29.451 72.448 48.443 32.439 32.436 36.433 3.432 0.000
66.379 66.042 65.719 65.416 55.138 36.926 0.000 0.000 0.000 0.000 38.306 41.290 54.271 54.245 42.209 35.162 35.127 36.096 36.065 35.033 34.000 34.968 34.935 34.902 33.870 42.838 61.807 40.777 54.747 31.712 64.679 54.653 53.630 53.608 50.588 55.568 56.550 56.533 63.518 61.504 58.492 58.482 33.475 47.470 66.467 0.000 4.800 72.778 0.000 0.000 0.000 0.000 59.607 58.601 34.588 36.569 35.555 36.543 36.532 36.522 37.513 45.505 25.500 0.000 0.000 30.447 72.444 53.440 40.435 34.432 37.429 4.427 0.000
66.783 66.425 67.093 59.786 47.487 37.207 0.000 0.000 0.000 0.000 35.322 52.307 46.285 35.257 37.223 37.185 35.150 34.115 36.081 35.046 36.011 35.976 35.941 34.906 34.873 54.840 54.809 54.780 54.758 0.000 36.669 34.651 35.629 35.607 36.587 40.567 43.549 41.532 61.517 55.503 49.492 51.482 34.475 46.471 65.468 0.000 0.000 45.718 36.694 0.000 0.000 0.000 53.605 36.603 0.000 31.558 37.546 41.537 48.527 48.518 48.509 50.501 22.495 0.000 14.451 78.447 71.442 73.436 61.431 36.427 37.423 5.421 0.000
67.175 66.782 66.442 52.149 3.818 0.000 0.000 0.000 0.000 13.380 51.353 46.330 36.304 37.275 37.242 37.207 37.170 35.134 34.097 34.060 36.022 34.985 34.947 33.910 35.875 50.840 41.808 50.777 51.747 10.711 10.678 50.652 49.628 49.606 49.585 51.565 51.546 52.529 64.514 60.500 55.489 57.480 33.473 42.469 70.467 0.000 0.000 104.683 73.670 40.652 27.643 0.000 0.000 0.000 0.000 0.000 34.536 43.530 47.522 46.513 49.504 51.495 37.484 42.468 58.455 73.446 71.439 71.433 59.427 36.421 36.416 12.413 0.000
67.539 68.084 59.746 42.549 0.000 0.000 0.000 1.461 1.444 58.406 52.381 36.355 37.327 37.297 37.264 37.229 37.192 37.154 34.115 35.075 35.034 34.993 35.952 34.913 34.875 37.839 42.806 54.773 41.741 53.709 58.678 51.651 60.626 50.603 51.581 54.561 53.542 52.525 62.509 58.495 46.484 45.475 34.468 41.465 70.464 0.000 0.000 95.659 85.652 62.642 31.634 0.000 0.000 7.566 2.562 0.000 5.532 54.526 46.518 40.509 37.499 52.489 39.478 41.466 49.455 70.445 72.437 70.429 56.422 36.415 33.408 37.401 31.391
75.823 73.271 45.906 35.753 0.000 0.000 3.491 36.478 50.460 51.434 45.408 40.382 37.353 37.322 37.288 37.252 36.214 39.174 44.133 40.090 35.045 36.000 34.956 34.914 34.874 34.837 41.802 42.768 40.736 47.705 46.675 41.648 53.622 33.599 41.576 48.556 47.536 41.519 60.503 53.489 33.477 32.467 35.460 37.457 41.461 0.000 0.000 73.643 53.638 90.629 76.618 12.599 13.584 64.569 38.558 36.546 36.534 38.525 49.515 43.505 11.495 64.485 52.474 48.463 46.452 57.442 73.433 65.425 48.417 37.409 33.401 40.392 64.381
0.000 0.000 24.855 42.804 0.000 0.000 38.504 48.495 62.481 46.461 45.437 45.411 38.382 37.350 37.315 37.277 44.238 52.197 53.153 45.107 40.057 35.007 33.958 34.912 38.870 35.832 34.796 33.763 39.731 40.700 39.671 40.643 42.617 35.593 41.570 46.549 48.529 44.511 60.494 54.480 36.467 35.457 35.449 31.444 0.000 0.000 0.000 29.631 48.627 48.620 82.610 97.596 90.582 58.569 44.557 45.545 45.533 48.523 70.513 88.502 97.492 96.481 98.470 97.459 91.449 85.439 77.429 60.420 43.412 34.403 35.394 48.385 67.374
18.878 0.000 0.000 0.000 0.000 9.531 41.525 61.519 53.508 56.491 53.469 43.443 36.413 37.380 37.343 48.304 53.264 49.221 44.176 41.127 44.069 39.012 38.958 34.906 39.863 33.824 34.789 35.755 34.724 34.693 34.664 34.636 33.610 34.586 34.562 38.541 44.520 43.501 61.484 55.469 34.455 35.444 35.434 34.426 9.415 0.000 0.000 33.623 59.620 48.614 50.604 65.593 76.581 86.568 88.556 94.544 97.532 97.521 96.510 92.499 83.488 81.477 83.466 86.456 88.445 89.435 87.425 91.416 83.406 50.397 37.388 56.379 73.369
58.286 17.047 0.000 0.000 6.519 42.537 58.547 51.548 43.540 51.526 55.505 56.479 46.448 35.413 45.375 54.334 44.291 36.248 36.204 38.155 6.080 7.016 5.955 31.892 35.850 37.814 37.780 34.747 34.715 35.685 34.656 34.628 34.602 35.577 34.553 34.531 34.510 37.490 54.472 53.456 35.441 35.429 35.419 36.410 37.404 0.000 0.000 32.618 50.616 51.610 63.602 50.591 30.579 34.566 70.554 94.542 78.530 73.519 76.507 69.496 55.485 44.474 35.463 33.452 34.441 44.430 42.420 37.411 76.401 91.392 69.383 67.373 71.364
0.000 32.808 11.175 5.379 41.500 51.553 58.577 42.584 45.580 43.567 41.547 49.520 54.488 49.450 53.409 42.364 36.319 37.276 37.237 45.209 0.000 0.000 0.000 28.856 37.832 48.801 49.769 44.737 40.706 42.675 38.646 37.619 35.592 34.567 34.543 35.520 34.498 34.478 37.459 46.441 34.426 34.412 35.401 34.392 3.387 0.000 0.000 13.616 11.614 65.609 49.601 34.591 48.578 50.564 96.552 77.540 60.528 42.516 33.505 34.493 35.482 36.470 36.459 36.447 35.436 33.426 32.415 33.405 41.396 78.386 86.377 71.367 70.359
0.000 20.202 43.338 45.462 44.548 59.599 44.624 38.632 40.628 39.615 36.594 35.566 50.532 57.491 60.446 48.396 38.346 35.299 43.260 9.234 0.000 0.000 0.000 31.844 41.821 48.790 49.758 49.726 51.695 59.665 57.636 53.608 51.581 47.556 41.531 36.508 34.485 35.464 34.444 39.425 32.408 33.393 34.380 36.371 57.366 0.000 0.000 0.000 27.616 69.611 29.604 38.593 29.577 68.561 86.549 46.538 34.526 36.514 36.502 36.490 36.478 36.466 33.455 33.443 32.432 33.421 33.410 33.400 49.390 64.381 37.371 97.361 69.352
0.000 20.460 43.515 36.581 55.634 55.669 50.687 41.692 35.686 36.672 37.649 48.619 51.582 43.538 46.486 55.429 56.369 46.313 3.270 0.000 4.996 3.955 36.905 42.854 46.817 45.782 46.748 46.715 44.683 51.653 52.624 52.596 53.570 50.544 49.519 50.495 41.471 36.449 37.427 34.407 35.388 34.371 33.356 35.345 50.339 0.000 0.000 0.000 27.622 71.616 33.609 9.601 0.000 14.554 53.546 35.536 36.524 34.512 34.500 34.488 33.475 32.463 33.450 33.438 32.427 33.415 32.404 31.394 34.384 30.375 26.366 90.352 99.342
0.000 17.662 37.682 47.711 57.738 48.756 48.764 50.763 48.753 39.736 45.711 54.679 43.640 36.591 35.533 41.464 51.389 58.313 22.237 14.138 40.036 39.965 34.905 43.853 48.810 49.772 45.736 45.702 37.670 34.640 34.611 34.583 33.557 31.531 38.505 52.481 51.456 50.433 45.410 36.387 34.366 35.347 34.329 34.315 35.306 0.000 0.000 0.000 42.635 9.622 13.616 0.000 0.000 0.000 32.547 12.535 15.523 32.509 31.497 31.485 32.472 34.459 34.446 34.433 33.421 33.409 31.398 31.387 32.377 20.370 0.000 10.340 93.328
0.000 16.843 40.841 59.845 50.851 47.853 47.851 48.842 47.828 49.808 54.781 43.748 37.706 37.654 37.589 36.507 37.409 43.314 60.229 58.140 37.047 35.964 34.896 35.842 47.798 45.760 56.724 44.687 37.655 35.625 36.597 35.570 40.543 48.517 44.492 38.466 44.441 54.416 51.391 50.367 41.343 34.320 34.299 35.279 33.265 0.000 0.000 42.665 30.659 0.000 0.000 44.576 39.574 38.568 30.558 0.000 0.000 37.505 34.495 34.483 34.469 34.455 34.442 34.428 34.415 34.403 34.391 33.379 34.368 36.357 26.345 0.000 35.313
5.111 30.027 54.993 50.977 39.966 44.956 49.943 44.928 50.908 56.885 48.857 36.824 35.783 37.731 37.662 41.565 42.427 36.306 47.223 43.145 40.047 36.948 33.875 40.821 44.780 46.745 37.712 64.668 52.637 42.609 34.582 40.556 59.530 69.504 62.478 39.452 41.425 44.399 48.373 53.346 51.319 47.293 36.266 33.239 40.208 46.166 0.000 17.672 38.678 0.000 0.000 14.577 34.579 34.572 34.561 39.546 38.530 34.511 33.496 34.481 34.466 34.451 34.437 34.423 34.409 34.396 34.383 34.371 33.359 33.347 34.333 37.316 33.306
17.195 51.160 57.128 42.103 37.081 39.060 41.039 52.016 55.993 66.968 65.940 58.907 47.870 36.825 39.764 6.665 0.000 35.259 41.213 38.171 1.052 34.905 38.834 55.789 54.754 57.729 0.000 29.635 69.616 63.592 49.567 55.541 73.516 73.490 71.464 40.437 46.410 46.382 48.354 36.325 45.296 51.265 50.234 49.201 62.165 71.123 4.079 0.000 28.703 53.728 0.000 0.000 57.591 38.581 38.566 38.549 38.531 39.513 33.497 32.481 36.464 33.447 33.431 33.417 33.403 34.389 33.376 32.363 32.350 32.337 32.324 32.310 31.298
16.314 62.289 48.257 37.225 37.195 37.166 50.136 48.106 65.080 80.054 77.026 73.996 68.965 59.933 50.906 0.000 0.000 0.000 29.198 40.186 0.000 0.000 31.767 49.745 48.719 63.689 35.648 36.622 69.599 74.576 70.552 69.527 72.502 72.476 73.450 52.423 44.395 46.366 46.336 36.305 45.273 39.239 58.204 29.167 68.126 90.082 61.035 30.984 0.000 31.753 0.000 33.643 93.615 46.593 48.572 48.553 44.533 45.515 37.497 32.481 14.462 33.440 33.425 36.410 39.396 49.382 39.368 34.354 35.341 35.328 35.315 35.302 35.289
48.459 52.425 46.385 44.346 39.309 51.272 45.233 58.191 36.166 6.141 57.115 76.087 75.060 76.036 59.021 0.000 0.000 0.000 23.194 46.190 0.000 0.000 28.721 43.707 38.686 65.661 76.632 76.607 72.583 72.560 72.537 73.513 72.489 72.464 72.437 66.410 41.381 43.351 41.319 36.286 47.251 48.214 51.176 8.135 53.092 89.045 58.994 76.934 37.851 23.778 35.726 91.671 79.633 51.604 45.579 47.556 41.534 35.515 33.497 31.483 0.000 39.429 47.417 55.403 62.388 71.374 60.360 40.346 34.332 35.319 35.305 35.292 35.280
59.638 48.568 48.512 44.465 51.422 48.381 51.335 75.259 62.251 45.231 66.205 75.177 74.152 73.131 53.120 0.000 0.000 0.000 0.000 1.190 0.000 0.000 34.690 43.677 54.658 70.636 72.612 72.589 72.567 72.545 72.523 72.500 72.477 72.452 72.426 72.398 58.369 48.338 41.304 34.269 38.231 38.191 43.150 62.106 48.061 83.014 68.962 75.905 82.842 68.781 73.730 82.682 58.643 59.611 45.582 44.557 36.534 33.512 34.492 36.473 50.448 56.428 74.412 73.397 72.381 71.366 71.351 61.337 39.323 34.309 35.296 35.283 35.270
50.772 38.694 40.632 52.579 49.533 49.494 19.465 0.000 54.350 80.325 75.296 74.266 76.239 58.217 44.209 28.232 0.000 0.000 0.000 0.000 0.000 0.000 40.671 57.653 69.632 72.612 72.592 72.571 72.551 72.531 72.510 72.488 72.465 72.442 72.416 72.389 73.359 67.327 59.292 51.254 49.213 52.170 43.125 60.080 39.033 80.985 13.936 34.883 69.829 41.777 32.728 88.685 52.647 56.613 54.583 35.557 33.532 34.509 34.487 42.466 63.444 74.425 71.407 71.390 71.374 68.358 67.343 65.328 64.313 38.299 34.286 34.273 34.260
40.881 37.806 50.742 50.686 45.638 65.598 19.567 28.551 68.472 75.425 74.387 74.352 74.320 50.290 50.265 61.256 0.000 0.000 0.000 0.000 0.000 0.000 0.000 7.630 66.607 78.589 73.571 72.553 72.535 72.517 72.497 72.477 72.456 72.433 72.408 72.381 72.351 73.318 74.282 71.241 71.197 74.150 54.102 60.054 34.007 74.959 10.912 12.863 65.815 35.767 45.723 79.682 60.645 52.612 56.581 33.554 34.528 33.504 35.482 45.460 66.439 67.419 72.400 71.383 66.366 63.349 67.334 72.318 71.304 60.289 41.276 40.262 39.249
36.980 50.908 51.843 39.786 50.736 71.691 64.652 70.615 76.563 74.517 74.475 74.436 71.398 55.359 5.305 1.281 0.000 0.000 0.000 0.000 0.000 0.000 0.000 0.000 11.577 23.565 64.551 73.535 72.520 72.503 72.486 72.467 72.447 72.426 72.402 74.376 73.347 73.314 72.276 74.233 73.184 73.132 63.078 61.028 37.980 49.934 79.888 58.843 66.799 35.755 63.714 57.676 60.640 48.607 42.577 34.549 34.523 34.499 42.475 47.453 48.432 53.412 61.393 59.374 60.357 71.340 71.324 71.309 71.293 72.279 66.265 62.251 60.238
52.071 52.001 40.937 36.879 51.827 70.780 76.736 75.694 74.648 74.603 74.561 75.518 66.477 59.444 0.000 0.000 0.000 0.000 0.000 0.000 0.000 0.000 0.000 0.000 20.560 40.543 67.531 73.518 72.505 72.491 72.475 72.459 72.440 72.421 74.399 74.375 74.347 66.314 71.275 74.230 77.175 75.114 69.051 64.998 52.952 36.908 84.865 67.823 69.782 34.741 80.703 44.666 25.632 42.600 33.570 34.542 33.516 42.492 48.468 47.446 47.424 46.404 39.384 35.366 65.348 71.331 71.314 71.298 71.283 71.268 72.254 72.240 72.226
49.156 40.088 38.025 35.967 52.914 72.865 74.819 74.775 74.732 74.689 74.646 76.600 55.548 53.496 0.000 0.000 0.000 0.000 0.000 0.000 0.000 0.000 0.000 0.000 0.000 54.517 73.511 72.502 72.492 72.480 72.466 72.452 74.435 73.418 73.398 73.376 67.351 45.320 61.282 71.237 22.170 13.100 47.015 53.963 62.920 49.880 70.841 88.802 73.763 40.726 82.690 6.655 18.622 31.591 34.562 34.534 36.508 46.483 44.460 45.437 47.416 50.395 44.375 45.356 61.338 71.320 71.303 71.287 71.272 71.257 71.242 71.228 71.214
40.236 38.170 43.107 48.050 62.997 74.947 74.901 74.857 74.815 74.774 74.733 75.688 62.618 0.000 0.000 0.000 0.000 0.000 2.456 39.456 0.456 18.457 0.000 0.000 0.000 29.497 64.494 71.488 72.480 72.470 72.459 72.446 74.432 72.417 72.400 72.382 56.361 52.335 14.294 16.265 0.000 0.000 31.945 38.919 60.887 46.852 51.816 94.780 77.744 56.709 66.675 16.642 61.610 38.580 34.552 34.524 36.499 45.474 56.450 56.428 58.406 64.385 59.365 70.346 71.327 71.309 71.292 71.276 71.260 71.245 71.230 71.216 71.202
41.312 38.247 45.186 64.129 75.076 75.026 74.980 74.937 74.896 74.859 74.826 80.802 0.000 0.000 0.000 0.000 0.000 0.000 39.456 51.456 38.456 53.457 49.457 0.000 19.472 51.479 58.479 69.476 72.470 72.462 72.452 73.441 72.430 72.417 72.404 68.390 57.376 62.365 0.000 0.000 0.000 15.893 48.900 40.882 58.855 34.825 36.792 84.759 83.725 75.691 61.658 61.627 50.597 45.568 34.540 34.513 34.488 44.464 66.440 73.417 72.396 72.374 64.354 71.335 71.316 71.298 71.280 71.264 71.248 71.232 71.217 71.203 71.189
39.383 37.320 52.260 72.203 76.151 75.102 75.056 75.013 74.974 74.939 74.910 81.891 0.000 0.000 0.000 0.000 0.000 0.000 28.456 48.456 48.456 47.457 50.458 34.460 42.465 50.469 50.469 67.466 73.461 72.455 72.447 72.438 72.429 72.418 73.408 65.397 61.389 55.383 0.000 0.000 0.000 8.887 12.880 40.854 59.827 36.799 32.769 71.738 88.705 85.672 66.641 45.611 44.582 45.554 36.527 33.501 34.477 37.452 48.429 68.406 71.384 71.363 63.343 71.323 71.304 71.286 71.268 71.251 71.235 71.219 71.204 71.190 71.176
38.452 40.389 60.330 76.274 75.223 75.174 75.129 75.087 75.049 75.014 76.984 74.960 0.000 0.000 0.000 0.000 0.000 0.000 14.456 53.456 59.456 64.456 55.457 54.458 48.460 44.462 55.461 69.459 72.455 72.450 75.443 73.436 72.428 72.420 72.411 67.404 59.398 54.395 29.399 0.000 0.000 0.000 0.000 2.827 51.799 37.775 33.749 66.718 97.685 78.653 57.622 48.593 50.566 48.539 43.514 32.489 34.464 33.440 37.417 56.394 71.372 71.351 63.330 71.310 71.291 71.273 71.255 71.238 71.221 71.205 71.190 71.176 71.162
38.517 48.456 68.397 76.342 75.291 75.243 75.199 75.157 75.119 76.085 74.052 62.006 46.006 0.000 0.000 0.000 0.000 0.000 16.455 54.455 63.455 63.455 67.455 69.455 52.456 51.456 66.455 72.453 72.450 72.445 73.440 72.434 72.428 72.421 72.415 70.409 58.404 59.402 53.402 0.000 0.000 0.000 0.000 0.000 37.769 37.755 31.732 76.701 64.664 70.631 40.602 60.575 54.549 47.524 47.499 38.475 33.451 34.428 33.405 45.382 68.360 70.338 64.318 71.297 72.278 71.259 71.241 71.224 71.207 71.191 71.176 71.161 71.147
