results3_8e3_rain/res_3e8f-0153.wd
ncols         241
nrows         181
xllcorner     12693529.787448
yllcorner     3542525.717860
cellsize      155.156523
NODATA_value  -9999.000000
[rows 0 to 32 of 181, columns 146 to 218 of 241]
0.000 0.000 0.000 0.000 0.000 0.000 0.000 0.000 0.000 0.000 0.000 0.000 0.000 0.000 5.441 16.301 17.074 16.794 16.483 16.161 15.844 15.548 15.283 15.057 14.873 14.730 14.624 14.551 14.504 14.478 14.467 19.463 0.000 0.000 0.000 0.000 0.000 0.000 0.000 0.000 0.000 0.000 0.000 0.000 0.000 0.000 0.000 0.000 0.000 17.451 24.451 0.000 0.000 43.246 48.246 0.000 0.000 0.000 0.000 0.000 0.000 0.000 0.000 0.000 0.000 0.000 0.000 0.000 0.000 0.000 0.000 0.000 0.000
0.000 0.000 0.000 0.000 0.000 0.000 0.000 0.000 0.000 0.000 0.000 0.000 0.000 0.998 16.580 17.389 17.127 16.824 16.495 16.156 15.824 15.516 17.244 16.016 14.833 14.693 14.592 14.524 14.483 14.464 14.460 19.459 0.000 0.000 0.000 0.000 0.000 0.000 0.000 0.000 0.000 0.000 0.000 0.000 0.000 0.000 0.000 0.000 14.452 36.451 12.451 0.000 22.246 55.246 49.246 0.000 0.000 0.000 0.000 0.000 0.000 0.000 0.000 0.000 0.000 0.000 0.000 0.000 34.225 0.000 0.000 0.000 0.000
0.000 0.000 0.000 0.000 0.000 0.000 0.000 0.000 0.000 0.000 0.000 0.000 0.000 20.215 18.867 17.547 17.221 16.879 16.517 16.144 15.780 17.448 17.162 14.929 14.749 14.617 14.526 14.470 14.441 14.434 16.449 10.454 0.000 0.000 0.000 0.000 0.000 0.000 0.000 0.000 0.000 0.000 0.000 0.000 0.000 0.000 0.000 0.000 26.452 0.000 0.000 17.246 48.246 10.246 0.000 0.000 0.000 0.000 0.000 0.000 0.000 0.000 0.000 0.000 3.231 0.000 0.000 0.000 37.225 9.225 0.000 0.000 0.000
0.000 0.000 0.000 0.000 0.000 0.000 0.000 0.000 0.000 0.000 0.000 0.000 2.877 19.607 18.127 17.710 17.332 16.955 16.549 16.122 16.706 16.333 15.026 14.789 14.616 14.499 14.426 14.388 14.376 20.383 0.000 0.000 0.000 0.000 0.000 0.000 0.000 0.000 0.000 0.000 0.000 0.000 0.000 11.453 0.000 0.000 0.000 10.453 70.453 0.452 0.000 23.247 50.247 0.000 0.000 0.000 0.000 0.000 0.000 0.000 0.000 0.000 9.231 15.231 34.231 0.000 0.000 27.226 36.226 37.225 9.225 0.000 0.000
0.000 0.000 0.000 0.000 0.000 0.000 0.000 0.000 0.000 0.000 0.000 8.113 1.311 2.798 18.326 17.834 17.443 17.058 16.602 16.091 16.586 16.154 14.821 14.584 14.429 14.337 14.292 14.280 15.293 16.338 0.000 0.000 0.000 0.000 0.000 0.000 0.000 0.000 0.000 0.000 0.000 0.000 12.453 35.453 30.454 0.000 0.000 26.453 54.453 0.000 0.000 0.000 50.248 5.248 0.000 0.000 0.000 0.000 0.000 0.000 0.000 0.000 49.232 53.231 55.231 0.000 0.000 40.226 35.226 35.225 45.225 0.000 0.000
0.000 0.000 0.000 0.000 0.000 0.000 0.000 0.000 0.000 0.000 10.808 3.424 1.805 1.250 1.340 15.857 17.547 17.234 16.710 18.052 17.395 14.875 14.518 14.298 14.179 14.129 14.124 14.147 20.178 0.000 0.000 0.000 0.000 0.000 0.000 0.000 0.000 0.000 0.000 0.000 0.000 0.000 0.000 15.454 36.454 28.454 26.454 8.454 39.454 12.454 0.000 0.000 35.249 48.249 39.249 37.249 46.249 0.000 0.000 0.000 0.000 0.000 49.232 51.232 56.231 35.230 24.228 41.227 44.226 0.000 0.000 0.000 9.209
0.000 0.000 0.000 0.000 0.000 0.000 0.000 0.000 0.000 0.000 7.193 3.911 3.552 3.062 0.406 0.593 10.655 18.621 17.953 18.012 15.069 14.432 14.078 13.913 13.859 13.874 13.930 14.008 9.093 0.000 0.000 0.000 0.000 0.000 32.468 65.468 0.000 0.000 5.468 46.468 0.000 0.000 0.000 12.454 36.454 49.454 84.454 46.454 47.454 18.454 0.000 0.000 32.249 51.250 36.250 32.250 49.249 0.000 0.000 0.000 0.000 0.000 36.233 42.232 38.231 38.230 42.228 45.227 53.226 0.000 0.000 0.000 32.210
0.000 0.000 0.000 0.000 0.000 0.000 0.000 0.000 0.000 30.394 30.860 7.454 3.076 3.324 2.992 0.761 0.352 5.642 18.468 15.974 14.435 13.705 13.451 13.414 13.472 13.578 14.713 11.860 0.000 0.000 0.000 0.000 0.000 0.000 7.468 53.468 60.468 42.468 34.468 6.468 0.000 0.000 0.000 0.000 0.000 10.455 77.455 56.455 3.455 0.000 0.000 0.000 0.000 44.251 59.251 57.250 59.249 51.248 43.246 46.244 45.242 54.239 58.236 55.234 56.232 56.230 51.228 46.227 43.225 0.000 0.000 0.000 0.000
0.000 0.000 0.000 0.000 0.000 0.000 0.000 0.000 24.469 41.928 43.400 32.926 9.529 1.953 2.991 0.799 2.675 7.791 6.305 15.979 12.994 12.503 12.607 12.822 13.034 14.255 14.484 0.000 0.000 0.000 0.000 0.000 0.000 0.000 0.000 5.468 51.468 61.468 66.468 5.468 0.000 0.000 0.000 0.000 0.000 6.456 49.456 41.456 46.455 13.455 0.000 0.000 28.253 56.252 41.252 35.251 42.250 54.249 42.247 41.245 50.242 59.240 46.237 42.235 45.232 51.230 57.228 59.226 57.224 43.220 34.218 17.215 26.213
0.000 0.000 0.000 0.000 0.000 0.000 0.000 20.562 30.009 45.450 42.885 43.321 35.757 12.201 1.116 4.640 14.147 6.376 2.186 2.962 6.057 10.706 11.652 12.231 12.590 17.922 0.000 0.000 0.000 0.000 0.000 0.000 5.470 3.470 0.000 0.000 18.469 64.469 17.469 0.000 0.000 0.000 0.000 0.000 0.000 45.458 55.457 31.456 47.456 67.455 7.455 0.000 34.254 58.254 37.253 31.252 34.251 47.250 36.248 36.246 38.243 40.241 37.238 38.236 32.233 36.231 42.228 43.226 41.223 50.220 52.217 55.215 63.213
0.000 0.000 0.000 0.000 0.000 0.000 25.656 24.114 47.557 43.977 43.368 42.716 42.978 38.041 20.541 12.267 7.928 0.000 0.030 4.299 2.161 3.267 11.065 11.858 17.172 0.000 0.000 0.000 0.000 0.000 0.000 0.470 42.470 1.471 0.000 0.000 25.470 65.469 4.469 0.000 0.000 0.000 0.000 0.000 40.462 84.460 17.458 20.457 42.456 69.456 9.455 0.000 31.256 56.255 36.255 29.254 32.252 34.251 30.249 29.247 36.245 52.242 35.239 31.236 45.234 41.231 38.228 45.226 45.223 48.220 57.217 61.214 48.212
0.000 0.000 0.000 0.000 0.000 29.676 18.199 46.682 45.126 44.533 43.895 43.196 42.399 42.443 39.252 24.962 4.293 0.240 0.043 46.015 4.447 0.065 0.084 13.965 10.069 0.000 0.000 0.000 0.000 0.000 0.000 0.470 38.471 33.471 42.471 54.471 58.470 48.470 0.000 0.000 3.468 39.468 54.467 59.466 83.464 39.463 0.000 0.000 44.456 32.456 0.000 0.000 34.258 61.257 48.257 32.256 80.254 108.253 57.251 33.249 49.246 96.243 48.240 25.237 90.235 63.232 38.229 45.226 47.223 37.220 46.217 59.214 42.211
0.000 0.000 0.000 0.000 0.000 19.153 40.781 47.288 45.734 45.134 44.485 43.773 42.979 42.078 42.072 40.993 30.185 4.838 50.624 47.692 0.296 0.123 0.043 0.047 0.000 0.000 0.000 0.000 0.000 0.000 3.470 37.471 33.471 38.471 52.471 62.471 46.471 33.471 0.000 0.000 1.469 48.468 47.467 43.466 82.465 42.464 0.000 0.000 23.456 15.456 0.000 27.262 55.261 57.260 51.259 39.258 38.257 71.255 112.253 50.250 43.248 100.245 51.242 25.239 97.235 67.232 30.229 32.226 38.223 29.219 43.216 42.213 30.210
0.000 0.000 0.000 0.000 23.641 34.003 49.484 46.953 46.389 45.785 45.136 44.433 43.664 42.833 41.881 41.147 40.010 52.365 52.036 0.869 0.409 9.521 0.000 0.000 0.000 0.000 0.000 0.000 0.000 53.469 56.470 38.471 37.471 52.472 62.472 48.472 31.472 33.472 33.471 31.471 29.470 41.469 44.468 54.467 94.466 28.465 0.000 0.000 60.456 10.456 0.000 24.263 54.263 54.262 41.262 33.261 29.259 39.258 36.255 76.253 107.250 124.247 105.243 94.240 120.236 114.233 105.229 51.226 31.223 48.219 43.216 32.213 27.210
0.000 0.000 0.000 24.804 34.280 51.732 48.198 47.653 47.083 46.481 45.841 45.155 44.432 43.599 43.060 40.702 52.397 52.395 36.583 18.909 6.077 0.000 0.000 0.000 0.000 0.000 0.000 0.000 39.468 6.469 0.000 17.471 55.472 59.472 51.473 36.474 2.474 0.000 0.472 35.472 31.472 41.470 40.469 63.468 60.467 0.000 0.000 2.456 63.456 9.456 0.000 22.265 52.265 64.265 43.265 49.264 72.263 49.261 31.258 55.256 78.252 112.249 78.245 58.241 106.238 96.234 71.230 40.226 26.223 97.219 65.216 37.213 27.209
0.000 0.000 0.000 30.328 49.942 49.448 48.924 48.378 47.810 47.215 47.587 46.936 45.186 44.770 42.204 52.447 52.403 40.143 41.768 39.406 23.374 4.372 0.000 0.000 0.000 0.000 0.000 41.468 10.468 0.000 0.000 0.000 23.472 55.472 33.474 31.475 37.477 0.479 0.000 36.474 34.473 40.472 41.470 63.469 59.467 0.000 0.000 23.457 70.456 6.456 0.000 24.268 55.268 58.268 39.268 39.268 85.267 120.265 69.262 37.259 53.255 100.251 60.247 27.243 93.239 80.235 38.231 30.227 23.223 104.219 68.216 40.212 41.209
0.000 0.000 30.908 48.238 51.712 50.196 49.669 49.127 48.565 48.979 47.379 46.687 46.356 43.793 52.851 52.582 41.629 42.478 41.490 31.857 12.612 0.000 0.000 0.000 0.000 0.000 0.000 37.468 11.468 0.000 0.000 0.000 0.000 0.000 0.000 36.478 33.480 32.482 34.481 36.478 32.475 40.473 42.471 54.469 50.466 12.463 31.460 64.457 15.457 0.000 0.000 24.270 51.271 57.272 43.272 28.272 30.271 55.269 42.266 24.263 42.259 97.254 53.249 19.245 90.240 75.236 33.231 29.227 25.223 103.219 68.215 40.212 31.208
0.000 30.158 43.578 53.004 51.473 50.953 50.430 49.895 50.341 49.779 48.129 47.849 45.293 53.758 53.253 43.268 44.274 42.160 29.366 0.000 0.000 0.000 0.000 0.000 0.000 0.000 0.000 0.000 11.467 0.000 0.000 0.000 0.000 0.000 0.000 0.000 40.485 50.485 61.483 49.480 38.477 42.475 39.473 44.470 37.466 56.462 74.459 62.457 8.456 0.000 0.000 23.272 49.273 54.275 60.278 58.278 46.277 36.275 49.271 81.267 100.262 121.257 101.252 84.246 118.241 111.236 93.232 53.227 26.223 101.219 73.215 45.211 32.207
27.210 38.739 53.240 52.728 52.221 51.715 51.203 51.678 51.148 49.532 49.290 46.750 54.955 54.334 44.816 45.976 46.924 25.169 0.000 0.000 0.000 0.000 0.000 0.000 0.000 0.000 0.000 0.000 0.000 0.000 0.000 0.000 0.000 0.000 0.000 0.000 38.490 42.489 60.487 19.484 0.000 49.477 40.475 43.472 39.466 27.461 46.458 61.456 48.454 7.453 0.000 0.000 14.276 57.278 59.284 52.286 40.284 49.281 100.277 91.273 72.267 73.261 74.254 74.248 74.242 75.237 77.232 48.228 28.223 100.219 76.215 39.211 33.207
30.682 54.348 53.915 53.448 52.969 52.483 51.986 51.488 50.905 50.698 48.176 56.267 55.603 46.260 47.492 46.497 42.005 1.493 0.000 0.000 0.000 0.000 0.000 0.000 0.000 0.000 0.000 0.000 0.000 0.000 0.000 0.000 0.000 0.000 0.000 0.000 39.495 50.494 34.493 0.000 3.486 46.482 43.479 10.477 0.467 31.457 45.455 60.453 57.453 26.453 0.000 0.000 0.000 0.000 26.297 41.296 25.293 86.289 87.284 36.279 42.272 84.264 55.256 27.249 73.243 63.237 43.232 41.228 32.223 100.219 71.214 28.210 29.207
48.487 56.055 54.624 54.180 53.725 54.258 52.793 52.247 52.078 49.581 57.618 56.939 46.613 48.878 47.885 48.278 17.632 0.000 0.000 0.000 0.000 0.000 0.000 0.000 0.000 0.000 0.000 0.000 0.000 0.000 0.000 0.000 0.000 0.000 0.000 6.507 59.502 57.500 61.497 58.494 54.490 54.486 48.482 7.480 0.467 31.454 44.452 62.450 69.451 32.452 0.000 0.000 0.000 0.000 20.310 33.307 53.303 100.298 63.293 23.286 91.278 92.268 41.258 28.250 49.243 105.237 64.232 32.228 32.224 95.219 113.214 100.209 105.203
58.171 55.760 55.346 54.923 54.488 56.055 53.546 53.423 50.964 58.985 58.299 41.900 46.121 50.192 46.672 23.965 0.000 0.000 0.000 0.000 0.000 0.000 0.000 0.000 0.000 0.000 0.000 0.000 0.000 0.000 0.000 0.000 0.000 0.000 0.000 58.511 57.508 58.505 60.501 59.497 57.493 58.489 51.485 6.482 0.000 32.453 44.448 67.446 40.448 0.000 0.000 0.000 0.000 18.334 48.325 27.320 92.314 86.308 30.302 86.295 99.286 48.271 36.259 39.249 34.242 65.237 104.232 61.228 24.224 95.220 98.215 72.208 14.200
48.839 55.468 56.079 55.674 55.271 54.792 54.712 52.292 60.317 59.674 25.114 30.304 33.203 51.881 35.512 0.000 0.000 0.000 0.000 0.000 0.000 0.000 0.000 48.097 37.096 0.000 0.000 0.000 0.000 0.000 0.000 0.000 0.000 0.000 0.000 35.518 29.515 32.510 36.505 31.500 30.496 29.491 31.487 35.482 29.473 22.456 37.443 16.436 0.000 0.000 0.000 0.000 0.000 20.343 43.338 34.333 35.326 35.319 27.312 48.305 49.300 0.000 0.000 10.244 40.239 33.235 55.231 48.228 30.225 63.221 11.218 0.000 9.194
27.544 43.196 55.823 58.448 55.991 55.941 53.527 61.420 60.910 34.223 0.000 43.632 0.000 55.491 24.003 0.000 0.000 0.000 0.000 0.000 0.000 0.000 0.000 55.097 49.096 0.000 0.000 0.000 0.000 0.000 0.000 0.000 0.000 21.569 0.000 36.529 32.524 32.516 32.509 32.504 32.499 32.494 32.489 34.485 12.481 0.000 7.431 38.419 8.408 0.000 0.000 0.000 21.363 52.357 40.352 39.346 31.339 32.330 32.322 30.314 44.310 4.311 0.000 0.000 11.236 36.233 31.231 44.228 43.227 0.000 0.000 0.000 9.191
19.295 26.944 49.591 54.170 57.132 54.676 62.182 61.843 41.092 16.901 0.000 60.274 58.178 44.600 0.000 0.000 0.000 0.000 0.000 0.000 0.000 0.000 58.104 64.099 35.095 0.000 0.000 0.000 0.000 0.000 0.000 0.000 0.000 38.569 36.561 33.546 32.534 29.521 33.512 33.506 33.501 33.496 33.492 36.488 9.486 0.000 0.000 36.401 36.397 6.392 0.000 0.000 6.370 39.369 32.367 31.361 30.353 30.341 30.331 30.319 31.314 40.312 0.000 0.000 0.000 4.231 37.229 40.228 38.227 0.000 0.000 0.000 33.189
23.068 33.704 38.332 36.236 47.796 62.574 62.426 46.064 24.830 18.334 0.000 39.988 52.661 26.130 0.000 0.000 0.000 0.000 46.153 52.149 44.142 42.126 51.110 44.099 34.089 0.000 0.000 0.000 0.000 0.000 0.000 0.000 0.000 36.577 33.569 32.558 6.546 0.000 38.513 32.509 32.503 32.498 32.493 33.490 7.488 0.000 0.000 37.388 36.388 7.386 0.000 0.000 36.377 32.384 32.384 32.380 31.371 31.351 35.341 0.000 2.313 5.313 0.000 0.000 0.000 0.000 37.228 32.227 32.227 33.227 0.000 5.188 35.188
34.800 48.444 24.165 23.041 62.632 62.631 49.044 35.774 32.114 36.956 0.000 7.032 42.346 0.000 0.000 0.000 0.000 42.161 46.157 48.153 46.150 0.000 0.000 0.000 46.074 30.059 0.000 0.000 0.000 0.000 0.000 0.000 4.603 46.592 43.582 18.572 0.000 0.000 51.518 37.512 33.506 32.499 36.494 13.492 0.000 12.366 50.368 31.376 35.378 7.380 0.000 0.000 0.000 37.406 32.405 36.403 3.400 0.000 0.000 0.000 0.000 0.000 0.000 0.000 0.000 0.000 37.227 32.227 32.226 37.226 0.000 0.000 9.187
55.498 44.087 24.154 19.658 62.590 24.073 29.803 32.035 35.714 54.303 63.761 51.761 0.000 0.000 0.000 0.000 40.169 34.165 40.161 55.157 54.155 0.000 0.000 0.000 0.000 47.044 0.000 0.000 0.000 32.662 0.000 0.000 48.615 47.606 53.593 46.577 11.561 65.545 62.529 60.518 58.508 50.498 31.491 18.492 0.000 26.364 79.364 33.367 34.371 8.375 0.000 0.000 0.000 42.430 28.429 33.427 4.425 0.000 0.000 0.000 0.000 0.000 0.000 0.000 0.000 33.226 35.226 37.226 31.226 36.226 0.000 0.000 6.187
64.077 51.177 33.482 62.158 20.085 21.876 21.048 20.693 30.263 57.802 53.218 24.489 0.000 0.000 39.180 5.178 47.174 39.169 50.165 45.160 24.157 0.000 0.000 0.000 0.000 51.030 27.025 0.000 0.000 28.662 36.663 40.654 42.636 44.623 34.608 31.581 39.560 39.546 59.534 42.522 36.510 34.495 14.482 0.000 2.372 21.361 89.356 45.359 11.362 0.000 0.000 0.000 0.453 55.454 28.453 35.451 7.449 0.000 0.000 0.000 0.000 0.000 0.000 0.000 12.226 35.226 50.226 48.226 41.226 0.224 0.000 0.000 7.186
62.126 60.371 61.702 39.003 26.911 23.059 22.699 21.277 27.868 43.421 38.819 0.000 0.000 0.000 42.183 63.181 58.178 59.174 41.169 0.000 0.000 0.000 0.000 0.000 42.015 33.019 25.020 0.000 0.000 0.000 40.671 44.664 44.653 44.642 28.634 0.000 35.553 36.545 60.538 46.528 40.514 26.489 33.459 48.420 68.382 57.354 81.339 46.352 10.357 0.000 0.000 0.000 0.000 53.481 29.477 30.474 35.472 0.000 0.000 0.000 0.000 0.000 0.000 0.000 0.000 5.226 54.226 51.226 4.226 0.000 0.000 0.000 3.186
60.199 61.635 60.849 59.867 42.016 21.669 22.257 22.875 21.508 24.195 0.000 0.000 0.000 0.000 58.186 48.185 46.183 42.178 0.000 0.000 0.000 0.000 0.000 43.011 34.011 30.013 13.017 0.000 0.000 0.000 40.686 48.679 57.669 56.658 58.651 46.653 0.000 4.544 63.544 47.538 21.531 0.000 36.445 46.420 73.383 35.335 19.293 0.000 0.000 0.000 0.000 0.000 6.527 44.511 31.501 32.495 35.494 8.501 0.000 0.000 0.000 0.000 0.000 0.000 0.000 0.000 11.225 12.225 0.000 0.000 0.000 0.000 4.186
61.638 60.618 62.735 62.902 46.577 23.181 25.813 25.454 23.094 23.655 0.000 38.195 0.000 4.193 52.192 52.191 59.190 0.000 0.000 17.091 5.091 0.000 0.000 38.010 32.007 26.004 0.000 0.000 0.000 0.000 38.709 39.698 41.684 40.671 38.661 30.655 0.000 0.000 65.556 51.548 36.540 0.000 35.455 46.433 70.393 26.311 22.205 5.132 0.000 0.000 0.000 0.000 6.544 51.534 30.523 32.512 32.507 33.508 37.511 9.512 0.000 0.000 0.000 0.000 0.000 0.000 0.000 0.000 0.000 0.000 0.000 0.000 0.000
61.320 63.522 62.717 63.420 37.043 27.693 47.355 41.036 22.758 0.517 0.000 35.195 50.195 55.195 41.196 62.197 54.197 0.000 0.000 31.091 62.092 14.087 0.000 39.012 33.003 29.992 0.000 0.000 46.808 42.783 38.743 40.719 45.699 45.682 43.666 54.651 46.629 6.605 65.576 57.558 57.541 49.519 30.486 48.464 56.446 0.000 25.085 8.058 0.000 0.000 0.000 0.000 16.571 55.558 27.543 29.523 30.514 31.513 36.513 8.513 0.000 0.000 0.000 0.000 0.000 0.000 0.000 0.000 0.000 0.000 0.000 0.000 0.000
