results3_8e3_rain/res_3e8f-0109.wd
ncols         241
nrows         181
xllcorner     12693529.787448
yllcorner     3542525.717860
cellsize      155.156523
NODATA_value  -9999.000000
[rows 33 to 65 of 181, columns 146 to 218 of 241]
62.196 61.424 61.165 61.820 28.499 40.191 61.901 55.616 34.238 0.000 0.000 24.766 0.768 5.771 21.775 46.787 33.788 0.000 0.000 0.000 38.527 46.494 4.434 31.363 23.307 24.244 28.145 37.046 54.937 45.857 40.782 35.721 36.671 36.627 35.588 34.551 33.508 41.445 51.375 43.332 43.294 41.254 20.208 34.166 42.114 0.000 11.866 16.662 40.505 38.359 43.215 53.069 45.914 40.833 0.000 0.000 23.587 23.621 30.609 8.609 0.000 0.000 0.000 0.000 0.000 0.000 0.000 0.000 0.000 0.000 0.000 0.000 0.000
62.104 61.862 61.529 62.217 39.913 57.631 60.385 54.210 0.000 0.000 2.765 26.765 0.000 0.000 0.000 30.817 30.807 38.785 1.737 51.650 39.573 26.511 35.444 26.375 24.306 24.232 23.146 25.055 52.964 50.883 50.809 52.745 45.690 47.640 46.595 46.551 46.505 47.453 51.401 49.357 50.320 45.286 22.255 21.234 0.000 0.000 8.704 22.615 30.494 25.356 31.217 44.080 43.954 41.898 0.000 0.000 0.000 28.711 0.724 0.000 0.000 0.000 0.000 0.000 0.000 30.888 29.888 31.888 21.888 24.887 0.000 0.000 0.000
62.537 62.213 61.905 61.600 61.308 62.035 53.796 40.629 0.000 0.000 0.000 0.000 0.000 0.000 0.000 27.857 24.838 37.803 42.749 34.677 43.603 41.531 22.459 23.386 24.311 24.234 36.151 40.066 43.981 36.901 33.827 43.761 17.702 24.650 19.601 19.555 19.509 22.462 48.417 37.378 35.343 37.314 22.292 24.281 4.294 0.000 18.630 75.603 0.553 0.000 0.000 0.000 44.924 43.907 2.902 0.000 0.000 25.799 22.833 24.859 22.873 30.881 36.885 28.886 50.887 57.888 55.888 40.888 20.888 19.888 23.888 0.000 0.000
62.885 62.578 62.271 61.971 62.683 57.407 39.135 29.882 38.882 0.000 0.000 0.000 0.000 0.000 0.000 24.916 23.887 26.840 22.778 33.707 36.630 39.553 28.476 23.398 23.319 23.240 48.159 54.077 35.995 29.913 29.837 30.769 27.709 27.655 27.605 28.558 31.513 28.470 49.429 41.393 39.361 39.335 21.317 35.307 61.306 0.000 10.584 63.569 0.000 0.000 0.000 0.000 44.911 42.904 20.898 25.889 23.876 21.853 21.859 21.870 20.879 27.885 34.888 21.887 39.888 57.889 53.889 33.889 18.889 18.888 23.888 0.000 0.000
63.249 62.937 62.631 62.332 59.044 44.774 33.454 0.000 0.000 0.000 0.000 29.574 0.000 0.000 0.000 24.003 24.955 24.891 23.819 23.741 29.659 22.576 22.493 24.411 23.329 22.248 46.168 43.089 51.007 54.921 53.838 48.770 44.710 46.657 42.607 46.561 46.517 47.475 51.437 49.403 50.374 46.350 21.333 33.323 55.319 0.000 5.553 66.522 0.000 0.000 0.000 0.000 41.905 44.902 23.898 21.892 21.886 21.879 21.880 21.885 20.889 27.893 36.894 0.000 0.000 15.892 58.891 34.890 18.890 18.889 22.888 0.000 0.000
63.608 63.290 62.983 62.683 52.388 34.191 0.000 0.000 0.000 0.000 27.611 30.575 43.509 43.417 31.297 24.139 24.038 24.951 24.866 23.778 22.689 23.600 23.511 23.423 22.338 31.256 50.177 29.102 43.026 19.924 52.827 42.761 41.705 41.654 38.606 43.560 44.517 44.477 51.441 49.409 46.381 46.359 21.343 35.333 54.328 0.000 0.000 59.444 0.000 0.000 0.000 0.000 45.902 44.901 20.899 22.898 21.897 22.897 22.898 22.900 23.901 31.902 11.903 0.000 0.000 16.895 58.894 39.892 26.891 20.889 23.888 0.000 0.000
63.959 63.633 64.329 57.029 44.633 34.412 0.000 0.000 0.000 0.000 24.648 41.605 35.535 24.445 26.337 26.216 24.109 23.011 24.914 23.818 24.720 24.623 24.527 23.433 23.344 43.261 43.184 43.117 43.069 0.000 24.784 22.742 23.697 23.649 24.603 28.558 31.516 29.476 49.441 43.410 37.383 39.362 22.347 34.337 53.332 0.000 0.000 32.366 23.335 0.000 0.000 0.000 39.901 22.901 0.000 17.903 23.909 27.913 34.915 34.915 34.914 36.913 8.912 0.000 0.907 64.901 57.898 59.895 47.892 22.890 23.888 0.000 0.000
64.294 63.952 63.671 49.471 1.193 0.000 0.000 0.000 0.000 2.797 40.728 35.661 25.583 26.491 26.389 26.279 26.172 24.068 22.964 22.858 24.751 23.644 23.540 22.440 24.346 39.259 30.180 39.113 40.065 0.000 0.000 38.727 37.690 37.644 37.598 39.553 39.511 40.472 52.437 48.406 43.381 45.360 21.346 30.337 58.333 0.000 0.000 91.320 60.304 27.282 14.272 0.000 0.000 0.000 0.000 0.000 20.921 29.934 33.935 32.932 35.926 37.923 23.921 28.920 44.914 59.907 57.902 57.897 45.893 22.890 22.887 0.000 0.000
64.592 65.210 56.933 39.783 0.000 0.000 0.000 0.000 0.000 47.867 41.806 25.729 26.643 26.549 26.447 26.341 26.234 26.125 23.014 23.900 23.782 23.664 24.549 23.440 23.340 26.249 31.166 43.089 30.013 41.914 46.829 39.750 48.692 38.640 39.592 42.546 41.503 40.464 50.429 46.399 34.373 33.353 22.339 29.331 58.329 0.000 0.000 82.290 72.281 49.269 18.262 0.000 0.000 0.000 0.000 0.000 0.000 40.966 32.960 26.951 23.937 38.933 25.929 27.925 35.919 56.912 58.905 56.899 42.894 22.889 19.884 23.877 17.873
72.814 70.364 43.067 32.945 0.000 0.000 0.000 26.210 40.135 40.998 34.900 29.807 26.713 26.614 26.511 26.404 25.296 28.185 33.069 28.946 23.814 24.681 23.553 23.433 23.326 23.231 30.145 31.065 28.985 35.902 34.823 29.751 41.689 21.634 29.583 36.536 35.492 29.452 48.417 41.386 21.360 20.340 23.326 25.320 29.325 0.000 0.000 60.268 40.262 77.253 63.245 0.000 0.121 51.109 25.094 23.071 23.043 25.005 35.987 29.976 0.000 50.944 38.939 34.932 32.924 43.916 59.909 51.902 34.895 23.888 19.882 26.875 50.869
0.000 0.000 22.027 39.986 0.000 0.000 28.361 38.285 52.197 36.090 34.988 34.888 27.787 26.683 26.578 26.470 33.361 41.249 42.131 34.000 28.846 23.695 22.550 23.411 27.300 24.205 23.120 22.039 27.961 28.884 27.810 28.742 30.679 23.623 29.570 34.522 36.477 32.437 48.400 42.369 24.342 23.321 23.306 19.299 0.000 0.000 0.000 16.252 35.247 35.236 69.220 84.188 77.157 45.125 31.101 32.077 32.052 35.025 57.006 74.991 83.980 82.962 84.950 83.939 77.930 71.921 63.912 46.904 29.896 20.888 21.881 34.874 53.867
14.481 0.000 0.000 0.000 0.000 0.000 31.438 51.370 43.280 46.178 43.074 32.969 25.863 26.756 26.647 37.538 42.429 38.320 33.208 30.078 32.875 27.703 27.539 23.364 28.257 22.170 23.089 24.012 22.937 22.863 22.793 22.727 21.665 22.607 22.554 26.505 32.459 31.417 49.380 43.347 22.318 23.296 23.279 22.271 0.000 0.000 0.000 20.242 46.237 35.227 37.210 52.186 63.160 73.133 75.109 81.086 84.062 84.040 83.020 79.003 69.989 67.973 69.959 72.947 74.936 75.925 73.915 77.906 69.897 36.888 23.880 42.873 59.865
53.373 10.781 0.000 0.000 0.000 32.711 48.583 41.478 33.375 41.269 45.161 46.052 35.941 24.829 34.717 43.605 33.497 25.395 25.302 27.227 0.000 0.000 0.000 20.249 24.196 26.128 26.056 22.983 22.911 23.840 22.772 22.707 22.646 23.588 22.535 22.484 22.437 25.394 42.355 41.320 23.289 23.264 23.245 24.234 25.234 0.000 0.000 19.237 37.232 38.224 50.208 37.187 17.163 21.140 57.117 81.094 65.072 60.051 63.032 56.014 41.998 30.982 21.967 19.954 20.941 30.929 28.918 23.908 62.898 77.888 55.880 53.871 57.864
0.000 25.189 2.957 0.000 31.985 41.839 48.705 32.586 35.473 33.361 31.249 39.136 44.021 38.904 42.786 31.670 25.560 26.462 26.378 34.302 0.000 0.000 0.000 17.188 26.149 37.091 38.024 32.954 28.884 30.815 26.748 25.684 23.624 22.566 22.512 23.460 22.412 22.368 25.326 34.289 22.255 22.226 23.203 22.188 0.000 0.000 0.000 0.226 0.000 52.228 36.213 21.191 35.167 37.145 83.124 64.102 47.081 29.061 20.042 21.024 22.007 22.991 22.975 22.960 21.946 19.933 18.921 19.909 27.899 64.888 72.879 57.869 56.861
0.000 11.827 34.659 36.386 35.130 49.956 34.813 28.687 30.569 29.454 26.339 25.223 40.103 46.980 49.853 37.728 27.611 24.514 32.446 0.000 0.000 0.000 0.000 20.165 30.122 37.062 37.995 37.925 39.855 47.787 45.722 41.659 39.598 35.541 29.486 24.434 22.384 23.338 22.294 27.254 20.217 21.183 22.154 24.126 45.089 0.000 0.000 0.000 14.275 56.249 16.225 25.195 16.171 55.149 73.133 33.110 21.089 23.070 23.052 23.034 23.016 22.999 19.982 19.966 18.951 19.936 19.923 19.911 35.899 50.888 23.877 83.867 55.857
0.000 11.633 34.534 27.370 46.195 46.041 40.905 31.780 25.662 26.547 27.431 38.313 41.190 33.059 35.920 44.777 45.642 35.538 0.000 0.000 0.000 0.000 25.258 31.185 35.114 34.041 34.969 34.896 32.826 39.758 40.693 40.630 41.571 38.513 37.458 38.405 29.354 24.305 25.259 22.215 23.174 22.137 21.103 23.074 38.052 0.000 0.000 0.000 14.302 58.265 20.245 0.000 0.000 1.149 40.149 22.118 23.094 21.078 21.062 21.044 20.025 19.007 19.988 19.971 18.954 19.939 18.925 17.912 20.900 16.889 12.877 76.864 85.849
0.000 8.538 28.475 38.366 48.237 39.109 38.986 40.868 38.753 29.640 35.526 44.409 33.284 26.147 24.992 30.819 40.641 47.458 11.226 3.004 28.753 28.536 23.332 32.204 37.106 38.021 33.943 33.866 25.794 22.726 22.662 22.600 21.541 19.483 26.428 40.374 39.321 38.271 33.222 24.174 22.129 23.087 22.048 22.015 22.994 0.000 0.000 0.000 29.367 0.000 0.235 0.000 0.000 0.000 19.197 0.000 2.091 19.088 18.074 18.055 19.035 21.014 20.994 20.975 19.958 19.941 17.926 17.912 18.899 6.890 0.000 0.000 79.833
0.000 7.507 31.461 50.380 41.280 38.172 38.062 38.952 37.842 39.733 44.624 33.512 27.391 27.252 27.082 25.865 26.647 32.429 49.215 46.998 25.755 24.522 23.331 24.191 36.085 33.996 44.914 32.831 25.758 23.691 24.628 23.568 28.509 36.452 32.396 26.342 32.288 42.235 39.183 38.132 29.082 22.034 21.988 22.945 20.914 0.000 0.000 29.448 17.432 0.000 0.000 31.295 26.292 25.276 17.246 0.000 0.000 24.109 21.091 21.069 21.045 21.021 20.999 20.979 20.960 20.942 20.926 19.910 20.896 22.883 12.871 0.000 21.823
0.000 20.523 45.482 41.415 30.331 35.237 40.138 35.036 40.932 46.827 38.726 26.624 25.516 27.390 27.220 30.912 31.652 25.397 36.207 32.019 28.747 25.467 22.279 29.147 33.046 34.965 25.888 52.786 40.715 30.652 22.592 28.534 47.477 57.420 50.364 27.309 29.253 32.198 36.143 41.088 39.033 34.979 23.923 20.866 27.802 33.720 0.000 4.465 25.482 0.000 0.000 1.301 21.306 21.290 21.264 26.236 25.198 21.147 20.114 21.085 21.055 21.027 21.003 20.982 20.962 20.943 20.925 20.908 19.892 19.876 20.859 23.838 19.822
7.626 41.579 47.530 32.467 27.392 29.307 31.217 42.122 46.022 56.917 55.829 48.744 37.658 26.571 29.497 0.000 0.000 24.298 30.200 27.123 0.000 23.320 27.173 44.070 42.988 45.930 0.000 17.710 57.665 51.611 37.555 43.499 61.444 61.388 59.332 28.276 34.219 34.162 36.103 24.044 32.985 38.924 37.862 36.792 49.709 58.639 0.000 0.000 15.548 40.615 0.000 0.000 44.340 25.316 25.283 25.248 25.209 26.169 20.134 19.101 23.063 20.030 20.006 19.983 19.962 20.942 19.923 18.905 18.887 18.870 18.852 18.834 17.817
6.672 52.640 38.591 27.531 27.462 27.384 40.301 38.212 55.119 69.988 66.930 63.866 58.800 49.740 40.699 0.000 0.000 0.000 18.171 29.150 0.000 0.000 20.022 37.972 36.907 51.836 23.738 24.678 57.625 62.572 58.519 57.465 60.411 60.356 61.301 40.244 32.186 34.126 34.065 24.002 32.937 26.873 45.808 16.734 55.601 77.487 48.319 18.214 0.000 18.682 0.000 20.461 80.398 33.350 35.306 35.264 31.224 32.185 24.151 19.123 1.070 20.026 20.005 22.984 25.962 35.941 25.921 20.902 21.883 21.865 21.847 21.829 21.812
38.751 42.715 36.665 34.606 29.539 41.467 35.389 48.308 26.254 0.000 47.036 65.989 64.936 65.890 48.862 0.000 0.000 0.000 12.164 35.157 0.000 0.000 16.922 31.888 26.834 53.770 64.699 64.639 60.586 60.534 60.482 61.431 60.379 60.326 60.271 54.214 29.155 31.093 29.028 23.960 34.890 35.821 38.764 0.000 40.476 76.391 46.258 64.108 24.916 10.749 22.641 78.523 66.442 38.380 32.327 34.279 28.236 22.196 20.162 18.138 0.000 26.025 34.007 41.985 48.962 57.940 46.919 26.898 20.878 21.859 21.841 21.823 21.805
49.867 38.806 38.748 34.687 41.623 38.557 41.482 65.375 52.336 35.299 56.189 65.120 64.065 63.022 42.996 0.000 0.000 0.000 0.000 0.000 0.000 0.000 22.856 31.826 42.771 58.710 60.650 60.595 60.544 60.495 60.447 60.398 60.348 60.297 60.243 60.187 46.127 36.063 28.995 21.922 25.843 25.758 30.664 49.531 35.437 70.341 56.213 63.045 69.892 55.759 60.649 69.550 45.468 46.401 32.342 31.291 23.245 20.203 21.164 23.128 37.086 43.043 61.013 59.987 58.962 57.938 57.916 47.894 25.874 20.854 21.835 21.816 21.799
40.960 28.895 30.833 42.771 39.711 39.654 9.608 0.000 44.416 70.372 65.301 64.238 66.183 48.137 34.105 18.124 0.000 0.000 0.000 0.000 0.000 0.000 28.822 45.787 57.714 60.651 60.596 60.547 60.501 60.457 60.412 60.366 60.319 60.270 60.218 60.163 61.104 55.039 46.967 38.888 36.801 39.705 30.601 47.492 26.399 68.326 1.201 21.969 56.848 28.744 19.649 75.560 39.481 43.412 41.352 22.298 20.250 21.206 21.165 29.126 50.086 61.048 58.016 57.987 57.961 54.936 53.912 51.890 50.868 24.848 20.828 20.810 20.792
31.048 27.982 40.917 40.855 35.795 55.739 9.689 18.645 58.541 65.471 64.406 64.346 64.292 40.240 40.162 51.143 0.000 0.000 0.000 0.000 0.000 0.000 0.000 0.000 54.648 66.583 61.537 60.497 60.458 60.418 60.378 60.336 60.293 60.247 60.197 60.144 60.086 61.021 61.947 58.864 58.768 61.660 41.546 47.437 21.344 62.275 0.000 0.000 52.788 22.722 32.641 66.560 47.483 39.415 43.355 20.300 21.251 20.206 22.163 32.123 53.085 54.049 59.016 57.986 52.958 49.932 53.908 58.885 57.863 46.842 27.822 26.802 25.784
27.136 41.066 42.000 29.937 40.877 61.819 54.763 60.705 66.633 64.567 64.505 64.449 61.401 45.367 0.000 0.000 0.000 0.000 0.000 0.000 0.000 0.000 0.000 0.000 0.000 11.494 52.473 61.445 60.414 60.381 60.346 60.308 60.269 60.226 60.181 62.130 61.074 61.011 59.938 61.852 60.749 60.621 50.484 48.367 25.263 37.157 67.007 45.891 53.794 22.714 50.636 44.556 47.478 35.411 29.351 21.298 21.248 21.203 29.160 34.120 35.082 40.047 48.013 45.983 46.954 57.928 57.902 57.879 57.856 58.835 52.814 48.795 46.776
42.218 42.147 31.080 27.017 41.955 60.896 66.839 65.780 64.718 64.658 64.600 65.545 56.495 49.459 0.000 0.000 0.000 0.000 0.000 0.000 0.000 0.000 0.000 0.000 8.428 28.428 55.416 61.397 60.373 60.346 60.316 60.283 60.248 60.210 62.169 62.123 62.071 54.011 58.941 61.859 64.753 62.593 56.403 52.284 40.184 24.083 71.973 54.872 56.783 21.705 67.631 31.550 12.462 29.399 20.343 21.291 20.243 29.197 35.155 34.115 34.077 33.042 26.009 21.978 51.949 57.922 57.896 57.872 57.849 57.827 58.806 58.787 58.768
39.295 30.224 28.157 26.094 43.032 62.973 64.916 64.859 64.802 64.746 64.691 66.636 45.575 43.517 0.000 0.000 0.000 0.000 0.000 0.000 0.000 0.000 0.000 0.000 0.000 42.374 61.367 60.354 60.336 60.314 60.289 60.261 62.231 61.198 61.161 61.121 55.076 33.023 48.957 58.889 9.810 0.611 34.250 41.184 50.105 37.020 57.930 75.843 60.762 27.691 69.636 0.000 5.423 18.381 21.331 21.281 23.234 33.189 31.147 32.108 34.071 37.035 31.002 31.971 47.942 57.915 57.889 57.864 57.841 57.819 57.798 57.778 57.759
30.368 28.298 33.232 38.168 53.107 65.049 64.993 64.938 64.885 64.834 64.784 65.731 52.653 0.000 0.000 0.000 0.000 0.000 0.000 27.208 0.000 6.211 0.000 0.000 0.000 17.327 52.324 59.316 60.303 60.286 60.265 60.242 62.216 60.188 60.158 60.125 44.089 40.047 1.975 3.932 0.000 0.000 19.145 26.098 48.033 33.961 38.884 81.807 64.732 43.659 53.587 3.498 48.426 25.370 21.318 21.269 23.223 32.179 43.138 43.099 45.062 51.027 45.994 56.963 57.934 57.906 57.880 57.855 57.832 57.810 57.789 57.768 57.749
31.437 28.369 35.303 54.240 65.180 65.123 65.068 65.015 64.966 64.920 64.881 70.852 0.000 0.000 0.000 0.000 0.000 0.000 27.208 39.209 26.210 41.212 37.214 0.000 7.262 39.282 46.287 57.283 60.274 60.261 60.245 61.225 60.204 60.181 60.157 56.133 45.109 50.090 0.000 0.000 0.000 3.087 36.087 28.031 45.969 21.906 23.840 71.771 70.700 62.628 48.555 48.480 37.414 32.356 21.304 21.255 21.210 31.167 53.126 60.088 59.052 59.017 50.985 57.954 57.924 57.897 57.871 57.846 57.822 57.800 57.779 57.758 57.739
29.504 27.436 42.372 62.310 66.251 65.195 65.141 65.090 65.043 65.001 64.967 71.944 0.000 0.000 0.000 0.000 0.000 0.000 16.208 36.209 36.210 35.212 38.216 22.226 30.242 38.254 38.258 55.257 61.250 60.240 60.227 60.211 60.194 60.176 61.158 53.140 49.125 43.115 0.000 0.000 0.000 0.000 0.025 27.968 46.906 23.854 19.798 58.736 75.669 72.598 53.525 32.456 31.393 32.336 23.286 20.239 21.194 24.153 35.113 55.076 58.040 58.006 49.974 57.943 57.914 57.886 57.860 57.835 57.812 57.789 57.768 57.748 57.729
28.567 30.501 50.438 66.377 65.319 65.264 65.211 65.162 65.115 65.075 67.040 65.015 0.000 0.000 0.000 0.000 0.000 0.000 2.208 41.208 47.209 52.210 43.213 42.219 36.227 32.234 43.236 57.235 60.230 60.222 63.211 61.199 60.186 60.172 60.158 55.145 47.135 42.129 17.132 0.000 0.000 0.000 0.000 0.000 38.834 24.806 20.762 53.708 84.644 65.570 44.493 35.425 37.365 35.312 30.264 19.219 21.177 20.137 24.098 43.062 58.027 57.993 49.961 57.931 57.902 57.874 57.848 57.824 57.800 57.778 57.757 57.737 57.717
28.629 38.564 58.501 66.442 65.385 65.331 65.279 65.229 65.183 66.142 64.106 52.060 36.060 0.000 0.000 0.000 0.000 0.000 4.207 42.207 51.208 51.208 55.208 57.211 40.214 39.217 54.218 60.217 60.213 60.206 61.198 60.189 60.178 60.167 60.157 58.148 46.140 47.136 41.136 0.000 0.000 0.000 0.000 0.000 24.792 24.772 18.738 63.689 51.627 57.547 27.451 47.385 41.331 34.283 34.239 25.198 20.158 21.119 20.082 32.046 55.012 56.979 50.948 57.918 58.889 57.862 57.836 57.811 57.788 57.766 57.745 57.725 57.706
