results3_8e3_rain/res_3e8f-0051.wd
ncols         241
nrows         181
xllcorner     12693529.787448
yllcorner     3542525.717860
cellsize      155.156523
NODATA_value  -9999.000000
[rows 132 to 164 of 181, columns 0 to 73 of 241]
86.423 91.423 95.423 95.424 97.425 97.427 91.428 82.430 68.432 57.435 56.438 57.441 56.444 55.448 60.452 74.457 85.461 90.466 90.471 87.476 79.481 70.485 61.486 55.484 60.477 62.464 61.442 62.414 60.388 55.364 69.338 92.311 59.287 0.000 0.000 0.000 0.000 51.030 63.025 60.001 61.980 67.967 85.963 71.963 55.966 54.970 54.975 66.981 87.989 28.998 2.017 0.000 0.000 0.000 0.000 0.000 0.000 0.000 0.000 0.000 0.000 0.000 0.000 0.000 21.106 0.968 4.757 45.677 68.540 72.441 72.332 82.417 109.881 100.229
64.438 66.438 69.439 75.440 85.441 91.442 96.444 96.446 89.448 75.451 64.454 58.457 62.461 69.465 82.469 97.474 96.479 93.484 93.489 96.493 96.498 92.500 80.502 68.500 60.494 55.484 56.470 55.453 56.435 64.418 86.402 94.387 6.377 0.000 0.000 0.000 9.060 37.060 55.091 64.085 65.069 62.051 63.051 73.052 68.051 61.048 65.045 73.042 86.040 27.040 13.037 19.055 0.000 0.000 0.000 0.000 0.000 0.000 0.000 0.000 0.000 0.000 0.000 0.000 3.136 0.000 52.809 74.733 70.615 79.586 70.648 110.008 98.765 100.276
56.453 56.454 56.454 58.455 63.456 67.458 74.460 83.462 91.464 94.467 88.470 86.473 88.477 91.481 90.486 83.491 74.496 72.502 72.507 77.512 83.516 90.519 93.520 92.519 81.516 71.510 66.502 64.492 73.482 89.472 90.464 76.459 9.456 0.000 0.000 0.000 0.000 0.000 38.193 65.181 44.159 32.116 47.140 62.143 77.138 81.128 83.115 84.102 80.091 7.085 0.000 22.074 19.079 7.080 13.080 7.079 0.000 0.000 0.000 0.000 0.000 0.000 37.299 7.251 73.167 95.077 127.908 83.873 78.921 59.875 95.937 100.443 100.344 109.072
57.469 57.469 57.470 57.471 56.472 55.474 57.475 62.478 68.480 78.483 88.486 90.489 83.493 73.498 67.503 59.509 55.514 55.520 55.526 57.531 62.535 68.539 75.541 87.542 92.542 94.539 93.536 89.531 92.528 85.525 67.525 59.528 38.534 0.000 0.000 0.000 0.000 0.000 31.308 64.287 7.271 0.000 40.249 65.243 84.230 92.211 78.187 81.160 67.137 25.124 0.000 49.087 18.085 10.082 21.080 21.079 0.000 0.000 0.000 0.000 0.000 24.399 43.347 116.288 145.209 128.080 111.621 110.559 102.225 100.872 100.738 100.596 65.818 110.732
57.485 57.485 57.486 57.487 57.488 57.490 57.491 56.494 56.496 59.499 65.502 64.506 60.510 56.515 56.520 56.527 57.533 57.539 57.545 57.551 56.556 55.561 57.564 63.567 70.569 79.570 87.570 83.571 72.573 60.576 56.583 61.596 69.619 45.671 23.692 23.687 9.652 10.577 46.445 67.387 17.368 0.000 59.364 91.350 93.329 72.300 75.262 74.213 62.175 51.150 2.126 30.102 4.093 0.000 5.079 0.000 0.000 0.000 0.000 0.000 0.000 5.453 68.401 74.320 70.305 71.458 69.427 101.228 101.116 100.998 68.181 70.954 72.821 74.481
57.500 57.501 57.502 57.503 57.504 57.506 57.508 57.510 57.513 57.515 56.518 56.522 56.526 57.531 57.537 57.545 57.552 57.559 57.566 57.572 57.578 57.584 57.589 56.593 55.597 56.601 60.606 58.610 57.617 61.625 64.636 63.652 61.674 63.702 63.718 60.717 60.693 64.635 39.509 25.448 14.447 32.526 77.493 91.466 71.435 64.398 63.349 43.254 39.202 2.176 0.000 0.000 0.000 0.000 0.000 0.000 0.979 15.952 30.925 0.828 14.654 77.530 84.523 82.596 80.581 81.659 101.437 101.335 82.440 89.226 82.076 87.844 79.682 58.618
57.516 57.517 57.518 57.519 57.520 57.522 57.524 57.527 57.529 57.532 57.534 57.538 57.541 57.547 57.554 57.563 57.572 57.580 57.588 56.595 63.601 65.608 57.614 56.620 55.626 56.633 58.640 61.649 64.659 63.671 58.685 59.703 66.724 69.746 65.763 59.771 56.768 65.759 0.000 0.000 0.000 72.639 81.617 68.586 60.547 80.510 26.481 0.000 0.000 0.000 0.000 0.000 0.000 0.000 0.000 0.000 26.005 67.969 96.920 57.836 90.685 98.837 95.800 94.890 101.725 101.633 101.537 94.532 96.404 96.099 94.956 93.884 11.797 0.000
57.532 57.533 57.534 57.535 57.537 57.539 57.541 57.544 57.546 57.549 60.551 60.553 58.556 62.560 60.569 57.582 57.593 57.602 56.610 54.618 65.625 73.632 59.640 56.648 58.656 61.665 63.675 62.686 59.699 61.714 66.732 68.752 69.774 69.796 64.817 58.834 67.851 86.876 5.934 0.000 0.000 46.774 69.752 66.712 70.659 90.613 24.586 0.000 0.000 0.000 0.000 0.000 0.000 0.000 0.000 24.103 76.054 91.998 94.922 99.908 97.057 94.043 101.978 101.898 101.814 93.854 94.634 95.503 95.180 95.149 88.078 64.982 0.000 0.000
57.549 57.549 57.550 57.551 57.553 57.556 57.558 57.561 57.564 58.566 65.568 65.569 42.569 10.570 31.581 61.605 55.617 58.626 64.633 67.641 67.649 63.657 59.666 60.675 63.685 62.696 61.708 63.722 67.738 67.756 69.776 68.799 59.823 54.848 56.874 69.899 88.927 98.959 20.993 0.000 0.000 21.930 77.906 79.853 86.765 85.698 21.664 0.000 0.000 0.000 0.000 0.000 0.000 2.250 28.218 72.161 94.077 97.088 96.171 96.167 95.253 102.131 102.056 94.069 94.864 95.721 95.505 95.357 95.311 87.242 79.199 0.000 0.000 0.000
57.565 57.565 57.566 57.568 57.570 57.573 57.576 57.579 57.582 59.584 68.586 79.585 55.583 0.000 0.000 46.638 72.644 64.650 62.658 62.665 60.673 59.682 61.692 63.702 61.713 57.726 59.740 71.756 73.775 63.796 57.819 54.844 54.872 59.901 73.931 89.963 86.999 71.039 43.087 11.156 5.170 49.111 78.088 60.030 50.848 42.751 7.707 0.000 0.000 0.000 0.000 0.000 0.000 21.283 72.250 94.161 96.352 95.343 95.448 102.348 102.278 102.206 94.137 96.013 95.722 95.593 95.535 95.459 89.381 76.316 66.278 0.000 0.000 0.000
57.581 57.581 57.582 57.584 57.586 57.590 57.593 57.597 57.601 59.604 69.606 56.605 12.593 0.000 0.000 14.667 68.670 60.675 62.682 61.689 59.698 62.707 63.717 60.728 57.741 53.755 63.771 77.789 64.810 54.834 55.860 60.888 70.919 81.952 92.987 86.025 64.066 59.111 78.161 85.212 86.243 90.258 65.303 26.332 0.000 0.000 0.000 0.000 0.000 0.000 0.000 0.000 26.394 72.325 94.340 96.524 95.543 102.541 102.479 102.415 94.415 95.208 96.090 95.785 95.766 95.703 95.625 96.531 84.449 55.361 44.319 2.319 0.000 0.000
56.597 56.597 57.598 57.599 57.603 57.607 57.612 57.617 57.621 60.626 70.631 41.635 0.000 0.703 38.702 40.694 57.694 59.699 47.705 29.713 67.722 62.731 58.742 57.754 55.767 57.782 73.800 76.820 58.843 61.870 73.899 82.931 91.965 90.001 78.040 64.083 57.130 73.180 77.234 65.288 46.333 44.375 32.536 12.664 2.146 0.000 0.000 15.098 10.098 0.000 0.000 20.478 72.495 95.592 96.612 94.722 102.659 102.601 94.589 95.394 96.265 96.068 95.941 95.913 95.856 95.802 98.729 62.594 42.521 0.000 0.000 0.000 0.000 0.000
65.614 63.613 60.613 58.614 55.618 55.624 55.630 55.636 54.642 59.649 71.657 54.669 35.693 43.707 61.711 57.712 54.715 60.721 55.728 42.736 62.745 56.755 55.766 55.779 57.793 71.808 79.826 45.847 37.873 87.903 92.936 87.972 77.009 67.048 59.091 55.138 66.189 78.247 46.308 21.372 4.425 0.000 12.801 11.952 2.455 3.842 7.011 35.098 19.098 0.000 0.000 52.726 94.760 93.882 102.829 102.774 102.718 94.632 96.515 96.237 96.125 96.090 98.042 92.986 94.952 95.920 106.895 0.000 0.000 0.000 0.000 0.000 0.000 0.000
66.631 68.630 74.626 75.627 75.632 72.641 73.649 72.656 71.663 71.670 73.679 56.690 60.705 59.716 56.724 59.729 59.735 58.741 63.749 65.758 59.768 53.779 55.790 57.803 71.816 76.832 65.849 59.871 68.899 91.933 74.972 66.011 58.051 56.093 58.138 57.188 71.244 80.308 44.382 20.465 8.572 10.754 13.917 6.173 7.632 13.918 16.093 9.187 0.000 0.000 30.938 72.974 102.982 102.933 102.882 94.878 95.676 96.566 96.271 96.263 97.217 97.166 70.118 48.049 83.043 97.032 102.037 42.091 0.000 0.000 0.000 0.000 0.000 0.000
59.652 53.648 6.636 8.635 17.642 64.661 61.670 61.677 61.684 65.691 74.700 55.709 56.720 55.730 58.739 62.746 63.754 61.762 60.770 63.780 64.790 61.801 55.813 72.826 78.839 69.853 75.869 92.890 89.919 71.959 60.007 56.050 58.092 58.135 57.180 62.232 78.292 80.361 72.446 75.536 46.644 8.773 1.018 0.581 12.952 20.105 10.257 7.369 0.058 26.052 74.119 103.075 103.030 95.031 95.832 96.711 96.520 96.402 96.382 97.331 95.286 89.241 14.216 0.000 65.137 100.130 97.131 96.145 0.000 0.000 0.000 0.000 0.000 0.000
57.675 49.675 0.000 0.000 0.000 60.689 56.693 56.699 56.704 60.711 74.719 52.728 56.737 60.747 62.756 63.764 60.772 57.781 55.791 57.801 67.812 80.824 75.836 76.849 53.861 47.873 99.884 85.902 52.929 12.978 33.048 61.092 58.132 58.173 60.218 53.268 37.331 27.398 39.504 79.591 55.696 8.886 4.185 0.050 9.159 14.292 8.460 13.659 14.184 52.245 103.145 94.230 97.962 96.858 96.669 96.555 96.528 96.487 97.441 97.400 62.356 38.295 24.288 27.289 78.239 99.219 95.212 86.213 4.212 0.000 0.000 0.000 0.000 0.000
57.700 57.703 40.715 0.000 0.712 61.714 57.716 57.720 56.725 57.731 72.738 59.746 62.755 64.764 63.773 58.782 55.791 56.801 56.811 55.822 65.834 88.847 84.860 71.873 64.885 55.894 31.894 20.904 7.916 0.000 14.113 63.138 58.172 60.209 43.249 17.294 2.364 0.000 41.582 58.626 27.664 0.284 3.536 8.884 16.232 12.447 6.628 0.589 4.021 51.540 103.232 97.119 96.871 96.691 96.672 96.632 96.587 96.545 94.506 85.470 18.444 0.000 35.354 94.340 99.313 97.294 91.285 81.282 0.000 0.000 0.000 0.000 0.000 0.000
54.721 56.723 53.728 0.000 0.000 61.738 56.738 54.741 56.744 60.749 64.756 63.763 63.772 61.782 55.791 56.800 56.810 57.820 57.831 62.843 80.855 79.869 72.883 81.898 79.912 50.924 0.000 0.000 0.000 0.000 12.155 63.176 58.207 61.244 32.277 0.000 28.476 54.557 74.617 43.667 0.000 0.000 0.000 0.000 8.440 8.634 8.950 3.765 3.082 103.478 103.357 96.033 96.869 96.766 96.728 96.685 96.644 98.603 83.566 66.532 26.505 2.489 50.434 80.403 89.378 98.361 87.351 76.348 0.000 0.000 0.000 0.000 0.000 0.000
61.740 59.742 48.745 0.000 47.770 55.761 57.759 61.760 62.763 63.767 61.773 62.780 60.790 56.800 56.809 57.819 57.829 56.840 58.851 81.863 80.876 62.891 75.907 73.924 77.943 75.966 39.000 0.000 4.145 34.161 39.177 59.203 58.238 58.282 53.338 45.425 62.499 61.579 55.662 77.759 25.888 0.000 0.000 2.292 7.455 5.697 7.029 31.475 56.037 103.583 98.383 98.108 97.844 96.826 96.781 96.740 97.698 95.659 50.622 27.587 39.556 40.527 94.491 96.461 76.436 86.419 81.410 54.413 19.436 0.000 0.000 0.000 0.000 0.000
62.757 63.760 60.766 48.778 62.779 62.778 62.778 63.779 63.781 64.784 76.788 58.796 56.808 56.818 57.828 57.838 57.848 58.859 72.870 83.883 58.897 62.912 89.929 81.949 69.971 72.998 76.034 60.085 65.130 80.160 73.189 61.221 54.261 54.309 65.367 81.439 68.515 40.599 12.695 67.819 57.017 6.405 9.770 15.088 11.353 2.671 5.022 46.455 98.808 103.672 95.362 97.999 98.922 96.878 96.836 96.793 89.752 79.712 36.675 7.639 16.606 17.574 78.541 120.512 101.488 77.470 69.459 48.456 57.460 10.460 0.000 0.000 0.482 21.484
67.772 67.776 63.782 63.789 63.792 64.794 64.795 60.797 57.798 56.800 19.801 9.808 60.827 57.838 57.848 57.857 56.867 59.877 83.889 69.902 54.916 60.932 77.950 94.971 89.994 87.021 85.054 81.092 77.129 76.163 84.196 81.234 75.276 71.326 74.383 78.450 40.525 4.607 3.698 19.806 15.955 1.443 10.816 21.017 17.315 8.576 2.103 45.528 103.843 103.759 98.263 100.091 96.972 96.934 97.889 93.846 77.804 70.764 76.726 82.689 66.654 88.620 103.588 120.559 129.534 113.513 75.499 80.491 55.489 0.000 0.000 0.000 0.000 0.000
6.782 7.792 67.797 62.803 62.807 57.810 54.813 56.815 51.817 4.816 4.808 0.000 61.856 57.861 57.868 57.876 57.885 75.895 82.906 55.919 57.934 57.951 60.969 66.990 69.013 69.039 65.068 68.100 84.133 77.166 68.201 71.241 78.286 82.334 85.390 82.454 57.527 22.607 5.687 4.751 0.000 0.000 5.776 14.849 0.000 0.000 15.456 75.717 103.925 95.631 99.329 99.060 97.035 96.986 97.942 92.898 79.856 45.815 52.775 95.737 106.701 138.666 129.633 101.602 89.575 106.551 85.533 79.522 54.516 0.000 0.000 0.000 0.000 0.000
0.000 2.815 16.810 71.820 56.824 54.828 56.831 56.834 57.838 4.841 0.000 50.886 58.880 57.881 57.887 57.894 59.902 83.912 68.923 54.936 57.951 57.968 57.987 57.008 57.030 57.054 56.081 63.109 92.138 71.167 2.200 10.244 22.291 73.337 83.389 67.450 72.522 59.607 11.692 8.760 0.000 0.000 12.662 4.756 0.000 0.000 33.674 104.088 104.006 98.511 100.234 96.134 97.086 97.039 96.993 96.948 83.905 46.864 61.823 98.784 94.747 128.710 123.675 92.642 97.611 83.584 64.562 82.546 60.537 0.000 0.000 0.000 0.000 0.000
55.852 51.842 0.000 63.841 73.843 74.846 55.850 67.854 74.860 50.868 48.886 58.893 57.895 57.899 57.905 57.912 76.919 80.928 55.938 57.950 56.965 55.983 58.004 58.024 58.046 58.068 57.092 65.116 94.142 75.167 21.188 0.000 45.300 70.333 83.379 62.435 52.505 11.608 4.713 7.839 6.044 14.250 18.455 0.000 0.000 12.687 74.893 104.169 95.795 99.486 99.221 97.190 97.138 97.090 97.043 97.998 88.954 77.911 100.870 125.830 113.791 130.753 127.716 121.679 128.644 94.612 71.584 81.563 89.550 18.545 0.000 0.000 0.000 0.000
57.862 56.861 51.866 57.861 56.862 4.864 78.868 70.873 57.879 58.887 58.897 57.905 57.910 57.916 57.922 60.928 83.936 66.944 56.952 57.963 63.977 71.997 58.020 56.041 58.061 57.081 60.102 84.124 92.147 67.171 55.197 43.233 65.276 64.315 25.360 10.406 7.455 0.000 0.000 0.000 0.000 0.000 1.455 0.000 15.882 72.952 95.064 104.249 96.754 97.377 97.290 97.238 97.188 97.139 97.092 98.046 89.001 71.958 67.916 100.875 90.835 104.795 107.756 95.716 97.676 69.635 46.600 60.573 127.554 80.540 15.526 5.512 27.500 48.493
57.874 57.874 57.875 57.876 57.879 51.882 67.886 83.891 59.897 56.904 57.912 57.919 57.926 57.932 56.939 79.945 81.952 55.959 57.965 58.972 55.985 18.007 77.039 72.059 59.076 57.093 75.111 94.131 78.151 58.173 58.197 59.226 62.258 66.292 3.342 4.374 0.000 0.000 0.000 0.000 0.000 0.000 0.000 0.000 39.077 96.156 104.406 104.328 96.647 97.459 97.333 97.287 97.236 97.187 97.139 96.093 81.048 83.004 102.961 121.919 120.878 125.837 130.796 117.753 115.707 102.654 51.607 49.574 125.552 89.537 27.525 20.511 85.496 118.490
57.886 57.885 57.887 57.891 57.895 57.899 57.903 68.908 83.914 59.921 56.928 57.935 57.942 55.949 63.956 84.962 64.969 56.974 58.978 56.974 0.000 0.000 65.071 66.080 72.092 71.105 79.121 78.137 59.154 57.173 59.193 62.216 67.238 67.254 0.000 0.000 0.000 0.000 0.000 0.000 0.000 0.000 0.000 1.103 47.494 101.431 104.484 96.017 97.694 97.420 97.389 97.333 97.282 97.233 97.185 97.139 83.093 79.049 100.006 100.963 100.921 103.879 103.838 102.795 107.745 80.666 56.600 71.566 86.544 25.532 0.000 0.000 29.485 55.483
57.901 59.894 59.895 57.906 57.912 57.916 57.920 57.925 68.931 83.938 59.944 54.952 54.959 71.966 83.973 77.980 54.987 57.993 53.997 0.000 0.000 51.101 58.095 58.098 64.106 81.117 81.129 74.142 67.156 59.171 46.187 16.209 81.223 61.231 0.000 0.000 0.000 0.000 0.000 0.000 0.000 0.000 0.000 1.438 21.140 104.639 104.561 96.881 97.590 97.485 97.432 97.379 97.328 97.278 97.230 98.184 93.138 83.094 78.050 77.006 76.964 76.922 76.881 80.843 54.812 0.000 24.562 80.544 76.527 37.515 0.000 0.000 28.475 74.476
58.923 0.000 0.000 57.928 56.930 55.934 55.937 54.942 54.948 67.954 82.961 75.968 82.976 84.983 71.991 55.999 63.007 63.014 51.020 0.000 0.000 62.109 58.109 60.112 84.118 91.127 69.137 60.147 67.158 74.169 62.177 0.000 41.216 59.218 0.000 0.000 0.000 0.000 0.000 0.000 0.000 0.000 0.000 1.798 7.480 104.716 102.165 97.836 97.567 97.531 97.475 97.422 97.371 97.322 97.274 97.228 98.182 97.137 95.093 94.049 94.005 94.963 96.923 70.884 12.848 0.000 9.543 65.523 96.504 87.485 60.462 36.456 53.464 56.469
57.946 56.953 0.000 56.947 67.949 71.951 75.954 80.958 83.964 84.971 84.978 84.986 70.993 58.001 74.009 91.018 92.027 92.038 85.050 63.070 0.000 59.117 57.119 66.123 94.129 81.136 58.144 57.153 59.161 62.169 53.174 0.000 18.206 18.207 0.000 0.000 0.000 0.000 0.000 0.000 0.000 0.000 9.407 10.951 3.933 104.785 106.106 101.718 97.626 97.570 97.516 97.464 97.413 97.365 97.317 97.271 97.226 97.181 97.136 97.091 98.046 101.003 72.963 5.924 0.000 0.000 0.000 10.501 66.480 97.460 88.446 64.443 41.456 10.463
57.961 59.961 55.970 57.966 72.966 71.968 67.970 63.974 62.979 58.987 79.995 70.003 81.011 72.019 88.027 84.037 77.047 78.059 89.073 95.091 84.112 85.122 77.129 85.134 93.139 66.145 57.151 58.158 58.165 57.172 57.178 59.186 54.195 3.199 63.195 54.193 0.000 0.000 0.000 0.000 0.000 0.001 78.028 75.238 104.889 104.841 99.988 100.788 97.659 97.609 97.555 97.504 97.454 97.406 97.359 97.314 97.269 97.225 97.180 99.133 104.083 73.042 13.002 0.000 0.000 0.000 0.000 0.000 7.455 58.430 93.418 43.413 0.000 0.000
59.977 0.000 54.983 57.982 57.982 57.984 56.986 57.988 59.991 58.005 70.014 65.021 74.029 85.037 73.045 58.055 59.066 60.079 61.093 66.108 79.123 89.133 95.140 93.145 82.149 58.154 58.159 58.164 58.170 58.176 59.181 82.186 55.190 0.000 59.193 9.193 3.192 0.000 0.000 0.000 0.000 9.485 97.795 99.995 104.930 98.349 98.012 97.736 97.702 97.645 97.593 97.542 97.493 97.446 97.400 97.356 97.312 97.269 99.226 84.179 38.113 5.077 0.000 0.000 0.000 0.000 0.000 0.000 0.000 29.388 91.382 43.378 0.000 0.000
60.993 0.000 54.997 57.997 57.998 57.999 58.002 59.004 0.000 57.028 61.033 72.040 72.047 80.055 85.063 71.072 56.083 56.097 56.113 58.127 60.139 61.147 62.153 62.156 61.159 60.163 56.166 56.171 57.176 58.180 69.184 83.186 54.189 48.190 50.191 0.000 0.000 0.000 0.000 0.000 0.000 13.464 96.589 104.997 104.963 97.192 97.895 97.788 97.733 97.680 97.628 97.579 97.531 97.485 97.440 97.397 97.354 97.313 102.275 58.245 0.000 0.000 0.000 0.000 0.000 0.000 0.000 0.000 0.000 32.351 92.346 51.340 0.000 0.000
