results3_8e3_rain/res_3e8f-0023.wd
ncols         241
nrows         181
xllcorner     12693529.787448
yllcorner     3542525.717860
cellsize      155.156523
NODATA_value  -9999.000000
[rows 99 to 131 of 181, columns 0 to 74 of 241]
0.000 0.000 0.000 0.000 0.000 16.299 56.297 58.291 49.288 44.286 0.000 0.000 0.000 0.000 0.000 0.000 0.000 24.154 21.153 0.000 0.000 0.000 0.000 19.094 18.093 0.000 0.000 0.000 0.000 0.000 0.000 0.000 0.000 0.000 0.000 29.077 25.095 24.123 25.152 26.184 39.223 28.268 32.320 24.364 26.406 24.450 25.497 30.546 31.597 29.651 33.706 26.763 26.821 28.881 31.945 46.019 47.112 32.176 18.214 0.000 0.000 0.000 0.000 0.000 0.000 54.801 51.828 38.902 13.976 9.038 53.092 30.144 32.197 32.254 32.316
0.000 0.000 0.000 0.000 0.000 17.316 57.315 57.313 0.000 0.000 0.000 0.000 0.000 0.000 0.000 0.000 0.000 35.155 24.156 0.000 0.000 0.000 22.115 21.106 25.102 0.000 0.000 0.000 0.000 34.950 26.950 0.000 0.000 0.000 42.016 52.041 38.063 31.101 25.117 27.142 46.173 31.215 37.286 37.323 28.360 43.400 35.445 36.494 26.545 34.599 34.654 32.711 26.768 27.825 31.882 28.950 0.000 0.000 0.000 0.000 0.000 0.000 0.000 2.894 39.891 51.877 58.896 48.940 24.992 26.044 40.093 31.141 32.191 32.243 32.298
0.000 0.000 0.000 0.000 0.000 4.336 53.335 62.335 0.000 0.000 0.000 0.000 0.000 0.000 0.000 0.000 0.000 42.158 23.161 24.159 26.151 23.139 20.125 21.115 19.108 0.000 0.000 0.000 0.000 27.950 27.951 28.955 27.962 27.974 26.993 37.007 46.017 0.000 57.075 47.093 52.115 37.134 0.000 53.284 51.310 50.347 54.391 43.440 26.492 29.546 34.602 34.658 31.716 27.771 16.808 0.000 0.000 0.000 0.000 0.000 0.000 0.000 0.000 12.898 39.902 39.919 50.940 49.971 33.010 33.052 32.095 32.138 32.183 32.230 31.279
30.417 33.416 0.000 0.000 0.000 14.357 53.356 58.358 68.367 0.000 0.000 0.000 0.000 0.000 0.000 0.000 0.000 0.000 27.173 24.167 42.155 56.143 31.132 16.123 0.000 0.000 0.000 0.000 0.000 0.000 26.951 27.952 27.959 27.967 27.975 26.979 26.983 25.985 27.018 32.039 44.059 38.074 0.000 53.221 54.249 32.288 39.334 56.384 50.437 37.493 27.549 33.606 34.667 37.736 22.772 0.000 0.000 0.000 0.000 0.000 0.000 0.000 0.000 0.000 0.000 36.959 33.973 33.996 32.026 32.060 32.096 32.135 32.174 31.215 30.258
44.419 27.417 27.414 29.408 31.398 50.381 58.375 58.375 58.378 60.384 34.386 0.000 0.000 22.270 29.270 30.269 0.000 0.000 50.193 58.183 53.162 49.147 32.139 0.000 0.000 0.000 0.000 0.000 0.000 0.000 0.000 27.945 26.955 25.961 26.962 27.951 27.950 27.956 27.972 28.989 48.008 43.030 26.058 28.130 39.178 50.224 27.272 39.325 40.381 33.440 53.496 36.552 28.609 0.000 0.000 0.000 0.000 0.000 0.000 0.000 0.000 0.000 0.000 0.000 0.000 36.987 31.996 32.014 32.038 32.066 32.097 30.130 28.164 30.200 36.236
59.423 49.422 30.419 34.413 52.406 58.397 58.391 58.388 58.388 53.389 25.389 31.390 0.000 13.271 48.273 56.270 56.261 40.247 55.223 62.213 0.000 0.000 0.000 0.000 0.000 0.000 0.000 0.000 0.000 0.000 0.000 27.929 0.000 0.000 0.000 28.913 27.914 27.917 27.925 28.938 44.956 49.981 27.015 28.064 28.111 46.158 47.207 25.262 33.324 52.389 44.445 22.498 0.000 0.000 0.000 0.000 0.000 0.000 0.000 0.000 0.000 0.000 0.000 0.000 0.000 37.005 32.013 32.027 32.047 31.071 30.097 35.124 36.154 37.184 38.215
59.431 59.429 54.427 57.422 58.417 58.411 58.405 58.401 58.398 54.396 29.394 46.392 0.000 0.000 26.283 50.278 58.269 59.257 58.243 63.233 0.000 0.000 0.000 0.000 0.000 0.000 0.000 0.000 0.000 0.000 0.000 27.915 0.000 0.000 29.870 27.877 27.875 27.873 27.874 27.882 44.899 49.924 26.958 28.000 28.044 29.090 50.138 44.194 51.264 41.350 22.397 0.000 0.000 0.000 0.000 0.000 0.000 0.000 0.000 0.000 0.000 0.000 0.000 0.000 35.015 32.016 32.023 32.035 32.052 31.073 33.095 37.118 38.143 38.168 38.194
57.441 58.440 58.437 58.434 58.430 58.425 58.420 58.415 58.410 59.405 54.399 61.395 0.000 0.000 14.299 33.291 56.281 58.270 59.259 47.245 0.000 0.000 0.000 0.000 0.000 0.000 0.000 0.000 0.000 0.000 0.000 21.901 26.888 26.876 25.865 27.849 27.838 27.827 27.817 27.819 44.833 49.859 26.894 27.934 27.977 28.020 33.063 56.113 36.188 0.000 0.000 0.000 0.000 0.000 0.000 0.000 0.000 0.000 0.000 0.000 0.000 0.000 0.000 0.000 0.000 39.021 35.027 36.039 34.055 30.075 37.093 38.111 36.131 36.152 33.173
54.454 59.453 58.451 58.448 58.445 58.440 58.435 58.429 58.423 58.415 59.405 52.393 36.375 27.353 21.324 48.308 58.295 58.286 63.279 0.000 0.000 0.000 0.000 0.000 0.000 0.000 0.000 0.000 0.000 0.000 0.000 0.000 0.000 0.000 0.000 27.816 27.803 27.780 27.751 27.744 43.757 50.786 27.825 27.868 27.910 27.949 27.983 34.009 0.000 0.000 0.000 0.000 0.000 0.000 0.000 0.000 0.000 0.000 0.000 0.000 0.000 0.000 0.000 0.000 0.000 0.000 0.000 0.000 0.000 39.080 37.090 38.104 35.120 30.136 39.151
54.469 59.468 58.467 58.465 58.462 58.458 58.453 58.446 58.438 58.428 59.415 44.400 23.381 22.360 31.339 55.322 58.309 58.299 64.294 0.000 0.000 0.000 0.000 0.000 0.000 0.000 0.000 0.000 0.000 0.000 0.000 0.000 0.000 0.000 0.000 23.798 27.780 24.740 27.662 27.649 46.667 50.705 27.753 27.802 27.847 27.885 27.913 24.930 0.000 0.000 0.000 0.000 0.000 0.000 0.000 0.000 0.000 0.000 0.000 0.000 0.000 30.999 0.000 0.000 0.000 0.000 0.000 0.000 35.067 36.075 38.084 38.096 35.108 31.122 41.134
57.486 58.486 58.485 58.484 58.482 58.478 58.473 58.467 58.457 58.445 58.430 55.411 32.391 33.370 50.350 57.333 58.320 58.311 65.305 0.000 0.000 0.000 0.000 0.000 0.000 0.000 0.000 0.000 0.000 0.000 0.000 0.000 0.000 0.000 0.000 0.000 23.779 0.000 26.510 27.523 55.559 42.615 27.680 27.742 27.793 40.831 30.856 25.869 0.000 0.000 0.000 0.000 0.000 0.000 0.000 0.000 0.000 0.000 0.000 0.000 0.000 42.000 27.001 0.000 0.000 0.000 0.000 36.052 39.060 38.068 35.077 31.087 31.097 29.108 33.123
58.504 58.505 58.505 58.505 58.504 58.502 58.497 58.491 58.481 58.467 58.448 58.426 60.403 60.380 59.360 58.343 58.329 60.319 49.311 0.000 0.000 0.000 0.000 0.000 0.000 0.000 0.000 0.000 0.000 0.000 0.000 0.000 0.000 0.000 0.000 0.000 0.000 0.000 26.345 27.375 61.432 30.515 27.612 27.694 39.751 48.790 27.813 27.821 26.807 0.000 0.000 0.000 0.000 0.000 0.000 0.000 0.000 0.000 0.000 0.000 0.000 38.001 39.002 26.004 0.000 32.029 34.035 38.045 37.054 35.062 34.069 30.077 38.085 41.092 0.000
57.524 56.525 58.528 58.529 58.530 58.528 58.525 58.520 58.510 58.494 58.472 58.444 58.415 58.389 58.367 58.350 59.337 42.328 0.000 0.000 19.285 33.284 0.000 0.000 0.000 0.000 0.000 0.000 0.000 0.000 0.000 0.000 0.000 0.000 0.000 0.000 0.000 0.000 22.151 33.202 56.282 27.401 24.561 27.671 27.730 27.765 27.786 27.795 27.794 24.793 0.000 0.000 0.000 0.000 0.000 0.000 0.000 0.000 0.000 0.000 0.000 33.001 29.003 35.007 30.014 38.024 38.032 37.040 33.048 36.056 31.062 30.069 30.075 23.083 0.000
47.543 47.547 56.552 58.556 58.558 58.558 58.558 58.554 58.545 58.530 58.503 59.463 60.427 58.395 58.372 58.354 58.343 0.000 0.000 19.294 29.288 39.284 38.280 31.278 23.277 0.000 0.000 0.000 0.000 0.000 0.000 0.000 0.000 0.000 0.000 25.614 28.652 28.739 25.907 25.000 34.092 22.246 0.000 23.702 27.733 27.756 27.772 27.780 26.783 0.000 0.000 0.000 0.000 0.000 0.000 0.000 34.987 45.987 0.000 0.000 33.997 31.999 32.002 29.007 37.013 38.021 38.028 35.037 38.045 38.051 36.056 31.061 20.064 0.000 0.000
29.560 34.568 53.580 59.587 58.589 58.591 58.594 58.595 58.590 58.577 60.549 46.482 42.434 57.395 62.372 59.354 54.339 36.325 39.313 45.301 39.291 40.285 19.281 12.279 0.000 0.000 0.000 0.000 0.000 0.000 0.000 0.000 0.000 0.000 16.577 22.578 25.604 25.658 25.739 25.800 27.843 0.000 0.000 0.000 22.744 27.756 27.766 27.772 27.775 0.000 0.000 0.000 0.000 0.000 0.000 0.000 51.987 33.988 31.990 31.992 31.995 31.998 30.001 35.005 38.011 38.018 34.025 38.035 38.043 37.048 31.052 32.055 22.057 0.000 0.000
13.572 28.584 47.616 60.623 61.620 61.624 59.635 58.642 59.644 58.642 59.636 0.000 0.000 16.381 34.368 55.352 62.336 60.324 60.315 46.307 0.000 0.000 0.000 0.000 0.000 0.000 0.000 0.000 0.000 0.000 0.000 0.000 0.000 0.000 0.000 21.518 25.528 23.554 24.590 26.620 27.638 0.000 0.000 0.000 0.000 20.760 27.764 27.768 24.771 0.000 0.000 0.000 0.000 0.000 0.000 0.000 0.000 47.989 30.990 30.992 31.994 30.996 30.999 37.003 38.008 36.015 24.020 0.000 42.044 36.046 36.049 36.050 22.052 0.000 0.000
0.000 0.000 32.676 38.672 32.647 34.650 51.682 59.695 55.704 48.711 47.718 0.000 0.000 0.000 0.000 0.000 27.329 53.323 60.318 0.000 0.000 0.000 0.000 0.000 0.000 0.000 0.000 0.000 0.000 0.000 0.000 0.000 0.000 0.000 0.000 21.448 27.437 26.439 35.449 36.455 26.452 0.000 0.000 0.000 0.000 0.000 24.764 25.765 0.000 0.000 0.000 0.000 0.000 0.000 0.000 0.000 0.000 52.989 55.990 35.991 29.993 27.995 37.998 38.000 33.004 0.000 0.000 0.000 0.000 41.045 38.046 38.048 28.048 0.000 0.000
0.000 0.000 13.742 22.743 0.000 0.000 23.748 52.755 43.767 39.783 53.809 20.862 0.000 0.000 0.000 0.000 0.000 0.000 29.316 0.000 0.000 0.000 0.000 0.000 0.000 0.000 0.000 0.000 0.000 0.000 0.000 0.000 0.000 0.000 0.000 12.391 26.335 24.318 54.312 47.299 25.263 27.171 0.000 0.000 0.000 0.000 19.763 0.000 0.000 0.000 0.000 0.000 0.000 0.000 0.000 0.000 0.000 0.000 40.990 57.991 42.993 36.994 37.996 32.998 0.000 0.000 0.000 0.000 0.000 33.044 38.045 38.046 33.047 0.000 0.000
0.000 0.000 9.808 54.816 11.846 0.000 12.808 44.813 46.826 57.845 59.874 62.916 68.971 8.000 0.000 0.000 0.000 0.000 0.000 0.000 0.000 0.000 0.000 0.000 0.000 0.000 0.000 0.000 0.000 0.000 0.000 0.000 0.000 0.000 0.000 0.000 19.194 27.189 57.182 39.166 27.134 26.079 31.020 0.000 0.000 0.000 0.000 0.000 0.000 0.000 0.000 0.000 0.000 0.000 0.000 0.000 0.000 0.000 0.000 0.000 45.993 35.994 33.994 0.000 0.000 0.000 0.000 0.000 32.041 31.042 33.044 27.044 0.000 0.000 0.000
0.000 0.000 31.868 49.869 57.877 26.882 39.863 62.865 59.879 58.900 58.927 58.960 58.998 65.030 68.067 24.086 0.000 0.000 28.148 42.147 35.146 37.145 0.000 0.000 0.000 0.000 0.000 0.000 0.000 0.000 0.000 0.000 0.000 0.000 0.000 0.000 20.059 49.064 51.062 28.050 26.027 25.993 28.962 0.000 0.000 0.000 0.000 0.000 0.000 0.000 0.000 0.000 0.000 0.000 0.000 0.000 0.000 0.000 0.000 0.000 0.000 0.000 0.000 0.000 0.000 0.000 0.000 34.040 29.040 27.041 0.000 0.000 0.000 0.000 0.000
55.975 58.961 58.928 56.917 54.912 55.907 57.900 57.907 58.928 59.950 59.975 59.002 52.031 56.058 59.085 63.108 67.132 68.144 60.149 56.150 53.148 48.145 50.141 43.138 0.000 0.000 0.000 0.000 0.000 0.000 0.000 0.000 0.000 0.000 0.000 43.857 32.921 61.946 52.953 39.948 26.932 25.907 25.874 29.825 25.824 0.000 0.000 0.000 0.000 0.000 0.000 0.000 0.000 0.000 0.000 0.000 0.000 0.000 0.000 0.000 0.000 0.000 0.000 0.000 0.000 0.000 0.000 0.000 0.000 0.000 0.000 0.000 0.000 0.000 0.000
58.991 53.980 51.969 50.959 44.949 41.935 42.925 42.935 48.976 54.000 54.021 47.043 31.066 46.088 59.110 59.128 59.144 59.154 59.157 59.156 60.152 60.147 63.141 64.137 64.133 64.130 3.128 0.000 0.000 0.000 0.000 0.000 0.000 0.000 0.000 15.795 41.823 46.846 30.857 47.857 35.847 25.828 25.804 28.778 0.000 0.000 0.000 0.000 0.000 0.000 0.000 0.000 0.000 0.000 0.000 0.000 0.000 0.000 0.000 0.000 0.000 0.000 0.000 0.000 0.000 0.000 0.000 0.000 0.000 0.000 0.000 0.000 0.000 0.000 0.000
29.019 2.002 24.008 38.004 35.992 15.959 0.940 0.000 17.043 34.054 33.068 26.085 21.103 31.121 52.138 60.153 59.165 59.171 59.171 59.166 59.158 63.151 38.142 26.137 25.133 29.130 32.128 0.000 0.000 0.000 0.000 0.000 0.000 0.000 0.000 13.705 49.732 32.759 24.775 34.778 45.772 29.757 25.736 25.706 31.662 0.000 0.000 0.000 0.000 0.000 0.000 0.000 0.000 0.000 0.000 0.000 0.000 0.000 0.000 0.000 0.000 0.000 0.000 0.000 0.000 0.000 0.000 0.000 0.000 0.000 0.000 0.000 0.000 0.000 72.665
19.066 0.000 12.059 27.058 23.057 0.041 0.000 0.000 10.101 24.106 22.115 22.127 23.142 21.156 40.171 57.183 59.191 59.195 59.192 59.181 58.165 21.157 0.000 0.000 0.000 0.000 0.000 0.000 0.000 19.394 39.395 0.000 0.000 0.000 20.517 37.590 54.641 31.684 25.705 23.711 40.707 42.694 28.676 25.651 25.619 28.581 37.564 0.000 0.000 0.000 0.000 0.000 0.000 0.000 0.000 0.000 0.000 0.000 0.000 0.000 0.000 0.000 0.000 0.000 0.000 0.000 0.000 0.000 0.000 0.000 0.000 0.000 0.000 0.000 70.741
32.115 28.127 23.113 22.112 23.123 25.160 26.176 29.176 28.156 24.154 23.159 23.169 23.181 22.194 29.206 51.217 60.225 59.228 61.223 33.201 0.000 0.000 0.000 0.000 0.000 0.000 0.000 0.000 0.000 0.000 6.398 9.401 13.406 27.412 24.446 45.496 42.561 16.632 23.652 25.655 27.650 40.639 32.624 27.605 25.583 24.561 41.548 32.539 26.538 0.000 0.000 0.000 0.000 0.000 0.000 0.000 0.000 0.000 0.000 0.000 0.000 0.000 0.000 0.000 0.000 0.000 0.000 0.000 0.000 0.000 0.000 0.000 0.000 6.990 83.883
22.152 23.155 23.154 23.156 23.166 23.183 23.194 23.197 23.194 23.195 23.201 23.210 23.221 23.233 21.245 42.256 59.265 61.270 57.272 0.000 0.000 0.000 0.000 0.000 0.000 0.000 0.000 0.000 0.000 0.000 0.000 0.000 0.000 11.386 28.360 54.390 28.475 0.000 11.617 26.609 24.600 28.589 29.577 38.563 27.548 25.535 24.528 20.533 0.000 0.000 0.000 0.000 0.000 0.000 0.000 0.000 0.000 0.000 0.000 0.000 0.000 0.000 0.000 0.000 0.000 0.000 0.000 0.000 0.000 0.000 0.000 0.000 12.184 77.098 87.007
23.188 23.190 23.191 23.195 23.203 23.213 23.221 22.227 22.230 23.234 23.241 23.250 23.261 23.273 22.286 30.298 45.309 56.318 44.323 0.000 0.000 0.000 0.000 0.000 0.000 0.000 0.000 0.000 0.000 0.000 0.000 0.000 0.000 0.000 37.220 62.230 0.000 0.000 9.590 27.565 25.553 24.543 32.533 43.522 31.512 25.503 29.499 0.000 0.000 0.000 0.000 0.000 0.000 0.000 0.000 0.000 0.000 0.000 0.000 0.000 0.000 0.000 0.000 0.000 0.000 0.000 0.000 0.000 0.000 0.000 0.000 0.000 69.271 83.209 83.132
23.224 23.226 23.228 23.232 23.238 23.246 23.253 27.259 28.265 24.272 23.280 23.290 23.302 23.315 23.329 22.343 25.357 34.371 34.382 0.000 0.000 0.000 0.000 0.000 0.000 0.000 0.000 0.000 0.000 0.000 0.000 0.000 0.000 0.000 41.072 56.081 0.000 0.000 0.000 24.510 25.504 25.498 24.490 29.482 31.475 27.469 29.465 0.000 0.000 0.000 0.000 0.000 0.000 0.000 0.000 0.000 0.000 0.000 0.000 0.000 0.000 0.000 0.000 0.000 0.000 0.000 0.000 0.000 0.000 0.000 0.000 53.527 62.420 62.337 62.257
23.260 23.262 23.264 23.268 23.274 23.280 22.287 34.294 39.301 26.310 23.319 23.330 23.343 23.357 23.372 23.389 23.407 22.427 25.453 6.495 0.000 0.000 0.000 0.000 0.000 20.373 41.374 3.377 0.000 0.000 0.000 0.000 0.000 21.831 63.915 37.942 37.914 0.000 0.000 10.461 27.458 25.454 25.449 23.444 39.438 43.433 37.430 0.000 0.000 0.000 0.000 0.000 0.000 0.000 0.000 0.000 0.000 0.000 0.000 0.000 0.000 0.000 0.000 0.000 0.000 0.000 0.000 0.000 0.000 0.000 27.717 78.633 64.546 77.470 99.344
23.297 23.298 23.300 23.304 23.309 23.315 22.322 35.330 41.338 25.347 23.358 23.370 23.384 23.399 23.416 23.435 23.456 23.481 23.508 29.538 0.601 0.000 0.000 0.000 0.000 0.000 0.000 20.381 28.386 32.399 6.416 0.000 17.672 55.748 53.816 33.861 15.887 0.000 0.000 10.416 27.415 26.413 29.410 24.407 33.402 56.397 53.392 0.000 0.000 0.000 0.000 0.000 0.000 0.000 0.000 0.000 0.000 0.000 0.000 0.000 0.000 0.000 0.000 0.000 0.000 0.000 0.000 0.000 0.000 0.000 64.802 120.742 103.669 125.569 104.152
20.333 21.334 22.337 22.341 23.345 23.351 21.358 36.366 39.375 22.385 23.397 23.409 23.424 23.441 23.459 23.480 23.504 23.532 23.564 23.605 29.665 9.703 0.000 0.000 0.000 0.000 0.000 0.000 27.380 23.398 26.433 30.502 42.598 59.674 43.741 11.801 0.000 0.000 0.000 9.373 26.374 29.374 42.373 28.371 38.368 39.362 58.351 62.326 45.316 0.000 0.000 0.000 0.000 0.000 0.000 0.000 0.000 0.000 0.000 0.000 0.000 0.000 0.000 0.000 0.000 0.000 0.000 0.000 0.000 51.051 60.947 61.866 64.790 83.758 103.334
41.370 36.371 31.373 29.377 25.382 21.388 21.395 36.403 39.412 21.423 23.435 23.449 23.464 23.482 23.502 23.524 22.550 21.579 22.613 22.653 22.699 28.742 5.784 0.000 0.000 0.000 0.000 0.000 33.356 27.380 22.419 35.476 58.544 52.611 20.676 0.000 0.000 0.000 0.000 7.331 25.334 30.337 37.339 32.339 37.337 36.332 49.325 43.314 36.306 9.302 0.000 0.000 0.000 0.000 0.000 0.000 0.000 0.000 0.000 0.000 0.000 0.000 0.000 0.000 0.000 0.000 0.000 0.000 28.242 56.156 125.067 88.993 120.869 104.534 102.576
61.407 60.408 56.410 51.414 47.419 42.425 37.432 33.440 28.450 22.461 23.473 23.488 23.504 23.522 22.543 24.566 30.593 35.623 34.657 32.695 26.738 21.782 25.828 31.878 0.000 0.000 0.000 15.265 38.310 29.348 25.390 48.438 60.494 16.552 0.000 0.000 0.000 0.000 0.000 11.288 24.295 29.303 45.308 35.310 28.310 21.308 27.303 45.299 42.296 48.298 0.000 0.000 0.000 0.000 0.000 0.000 0.000 0.000 0.000 0.000 0.000 0.000 0.000 0.000 0.000 0.000 0.000 0.000 63.328 54.263 64.188 87.074 63.240 102.687 94.019
