results3_8e3_rain/res_3e8f-0186.wd
ncols         241
nrows         181
xllcorner     12693529.787448
yllcorner     3542525.717860
cellsize      155.156523
NODATA_value  -9999.000000
[rows 132 to 164 of 181, columns 0 to 72 of 241]
96.191 101.191 105.191 105.190 107.189 107.187 101.186 92.184 78.182 67.179 66.176 67.173 66.170 65.165 70.161 84.156 95.150 100.143 100.136 97.127 89.117 80.105 71.090 65.071 70.047 72.018 70.984 71.945 69.913 64.883 78.853 101.825 68.801 0.000 0.000 0.000 8.578 60.571 72.566 69.547 71.532 77.524 95.525 81.530 65.539 64.551 64.566 76.582 97.600 38.619 11.642 6.676 0.000 0.000 0.000 0.000 0.000 0.000 0.000 0.000 0.000 0.000 2.905 0.905 27.905 7.847 11.789 52.702 75.567 79.473 79.369 89.458 116.926
74.196 76.196 79.195 85.194 95.193 101.192 106.190 106.188 99.186 85.184 74.181 68.177 72.174 79.170 92.165 107.160 106.154 103.147 103.139 106.131 106.120 102.108 90.093 78.076 70.055 65.030 66.003 64.974 65.948 73.923 95.901 103.883 15.871 0.000 0.000 0.000 18.584 46.590 64.615 73.612 74.601 71.589 72.593 82.599 77.606 70.614 74.623 82.634 95.647 36.663 22.682 28.710 8.740 0.000 0.000 0.000 0.000 0.000 0.000 0.000 0.000 0.000 0.000 0.000 10.000 0.000 59.821 81.748 77.634 86.611 77.679 117.045 105.807
66.201 66.200 66.200 68.199 73.198 77.197 84.195 93.193 101.191 104.188 98.185 96.182 98.179 101.174 100.170 93.164 84.159 82.152 82.144 87.135 93.125 100.114 103.100 102.084 91.066 81.045 76.023 74.001 82.980 98.961 99.946 85.934 18.930 0.000 0.000 0.000 0.000 0.000 47.693 74.685 53.670 41.639 56.659 71.666 86.671 90.675 92.679 93.685 89.692 16.702 3.712 31.742 28.770 16.798 22.811 16.816 0.000 0.000 0.000 0.000 0.000 0.000 44.243 14.190 80.095 102.037 134.896 90.874 85.931 66.892 102.961 107.487 107.397
67.205 67.205 67.205 67.204 66.203 65.202 67.200 72.198 78.196 88.194 98.191 100.187 93.184 83.180 77.175 69.170 65.164 65.158 65.150 67.142 72.132 78.121 85.109 97.095 102.079 104.062 103.044 99.027 102.010 94.996 76.985 68.980 47.983 6.004 0.000 0.000 0.000 0.000 40.779 73.765 16.754 0.000 49.738 74.737 93.736 101.735 87.733 90.732 76.736 34.742 0.758 58.778 27.798 19.814 30.819 30.821 1.824 0.000 0.000 0.000 0.000 31.350 50.295 123.235 152.158 135.043 118.601 117.551 109.225 107.871 107.751 107.624 72.846
67.211 67.210 67.210 67.209 67.208 67.207 67.205 66.204 66.201 69.199 75.196 74.193 70.189 66.185 66.181 66.176 67.170 67.164 67.157 67.149 66.140 65.130 67.119 73.107 80.094 89.080 97.065 93.051 82.039 70.028 66.020 71.016 79.018 55.026 33.032 33.024 19.000 19.956 55.880 76.840 26.829 8.844 68.817 100.808 102.802 81.796 84.787 83.776 71.776 60.785 11.788 39.799 13.831 1.841 14.828 1.826 3.827 1.823 0.000 0.000 0.000 12.406 75.352 81.272 77.260 78.422 76.399 108.192 108.091 107.984 75.187 77.967 79.841
67.216 67.216 67.215 67.215 67.214 67.213 67.211 67.209 67.207 67.205 66.202 66.199 66.195 67.191 67.187 67.182 67.177 67.171 67.165 67.158 67.149 67.141 67.131 66.120 65.109 66.097 70.086 68.075 67.065 71.057 74.051 73.047 71.047 73.049 73.048 70.039 70.020 73.989 48.943 34.887 23.877 41.885 86.880 100.874 80.868 73.859 72.844 52.809 48.806 11.834 0.000 0.000 1.902 3.904 0.000 0.000 7.836 22.818 37.775 7.712 21.632 84.487 91.476 89.549 87.536 88.619 108.380 108.288 89.426 96.219 89.076 94.851 86.696
67.222 67.222 67.221 67.220 67.220 67.218 67.217 67.215 67.213 67.211 67.208 67.205 67.202 67.198 67.194 67.189 67.185 67.179 67.173 66.167 73.160 75.152 67.143 66.134 65.125 66.115 68.106 71.097 74.089 73.083 68.078 69.076 76.074 79.074 75.071 69.064 66.052 75.035 6.018 0.000 8.908 81.939 90.944 77.942 69.936 89.928 35.922 0.000 0.000 1.964 2.992 2.991 2.963 3.956 0.000 0.000 32.864 74.838 103.796 64.735 97.621 105.782 102.746 101.838 108.639 108.556 108.470 101.506 103.387 103.087 101.951 100.885 18.805
67.228 67.227 67.227 67.226 67.226 67.225 67.223 67.222 67.220 67.218 70.215 70.212 68.208 72.205 70.201 67.197 67.193 67.188 66.183 64.177 75.170 83.163 69.156 66.148 68.140 71.133 73.125 72.118 69.112 71.108 76.104 78.102 79.101 79.100 74.099 68.095 77.089 96.082 15.076 0.000 0.000 56.017 79.017 76.013 80.006 99.997 33.992 0.000 3.034 3.012 3.022 3.018 2.994 5.001 0.000 30.963 82.920 98.874 101.809 106.812 103.981 100.973 108.864 108.793 108.718 100.811 101.599 102.475 102.158 102.132 95.067 71.977 0.000
67.234 67.234 67.233 67.233 67.232 67.231 67.230 67.228 67.227 68.225 75.222 75.219 52.216 20.212 41.208 71.205 65.201 68.197 74.193 77.187 77.182 73.176 69.169 70.163 73.156 72.150 71.144 73.139 77.134 77.131 79.129 78.128 69.128 64.128 66.128 79.128 98.127 108.127 30.129 0.000 0.000 31.097 87.093 89.087 96.077 95.061 31.059 0.000 3.056 1.061 2.064 3.067 0.000 9.052 35.050 79.015 100.945 103.969 103.064 103.071 102.167 108.999 108.933 101.010 101.813 102.678 102.468 102.326 102.285 94.220 86.180 0.000 0.000
67.240 67.240 67.240 67.239 67.238 67.238 67.237 67.235 67.234 69.232 78.230 89.227 65.223 2.220 8.213 56.213 82.211 74.207 72.203 72.198 70.193 69.188 71.183 73.177 71.172 67.166 69.162 81.158 83.155 73.153 67.153 64.153 64.154 69.156 83.158 99.161 96.165 80.171 52.183 20.211 14.211 58.180 87.170 69.165 60.153 52.112 17.123 1.182 1.114 22.106 13.106 3.117 0.000 28.107 79.090 101.018 103.225 102.225 102.339 109.187 109.127 109.064 101.068 102.956 102.671 102.548 102.495 102.425 96.352 83.291 73.255 0.000 0.000
67.247 67.246 67.246 67.246 67.245 67.244 67.244 67.243 67.241 69.240 79.238 66.235 22.229 4.230 0.000 24.223 78.221 70.218 72.214 71.210 69.205 72.201 73.196 70.191 67.187 63.183 73.179 87.176 74.175 64.174 65.175 70.177 80.180 91.183 102.188 95.193 73.200 68.209 87.222 94.237 95.244 99.241 74.244 35.251 7.258 0.000 1.339 1.346 0.000 35.121 22.135 2.180 33.202 79.154 101.187 103.387 102.413 109.351 109.299 109.244 101.330 102.132 103.024 102.725 102.712 102.655 102.583 103.494 91.417 62.334 51.294 9.294 3.294
66.253 66.253 67.253 67.252 67.252 67.252 67.251 67.250 67.249 70.248 80.247 51.246 0.000 10.242 48.243 50.236 67.232 69.229 57.225 39.221 77.217 72.214 68.210 67.206 65.202 67.198 83.196 86.194 68.193 71.194 83.197 92.200 101.204 99.210 87.216 73.224 66.233 82.244 86.258 74.272 55.285 53.297 41.313 21.335 10.371 4.446 2.471 22.489 17.506 0.000 0.000 27.251 79.308 102.429 103.462 101.583 109.449 109.401 101.489 102.303 103.184 102.993 102.873 102.852 102.801 102.752 105.684 69.555 49.486 0.000 0.000 0.000 0.000
75.260 73.260 70.259 68.259 65.259 65.259 65.259 65.258 64.257 69.257 81.256 64.256 45.257 53.253 71.250 67.246 64.243 70.239 65.236 52.233 72.230 66.226 65.223 65.220 67.216 81.213 89.211 55.210 47.211 97.213 102.217 97.222 86.228 76.235 68.243 64.253 75.264 87.277 55.292 30.309 13.328 4.349 21.375 20.406 10.446 11.494 14.526 42.540 26.523 0.000 0.000 59.544 101.587 100.721 109.585 109.542 109.496 101.523 103.420 103.147 103.042 103.013 104.972 99.924 101.895 102.869 113.848 0.000 0.000 0.000 0.000 0.000 0.000
76.268 78.267 84.265 85.265 85.266 82.266 83.266 82.266 81.266 81.265 83.265 66.264 70.263 69.261 66.259 69.256 69.253 68.250 73.248 75.245 69.242 63.239 65.236 67.233 81.230 86.227 75.225 69.224 78.226 101.230 84.237 75.244 67.251 65.260 67.269 66.280 80.293 89.308 53.325 29.345 17.369 19.397 22.430 14.469 15.514 21.560 23.598 16.623 0.000 0.000 37.789 79.807 109.703 109.666 109.627 101.754 102.562 103.463 103.173 103.172 104.131 104.088 77.046 54.985 89.986 103.981 108.991 49.048 0.000 0.000 0.000 0.000 0.000
69.277 63.275 16.270 18.269 27.273 74.274 71.274 71.274 71.274 75.274 84.273 65.272 66.271 65.270 68.268 72.266 73.264 71.261 70.259 73.257 74.255 71.252 65.250 82.247 88.244 79.241 85.238 102.237 99.239 81.245 69.255 65.265 67.273 67.283 66.293 71.305 87.319 89.336 81.355 84.377 55.405 17.438 9.480 8.528 20.579 27.633 17.684 14.732 6.760 32.922 80.961 109.772 109.739 101.892 102.704 103.593 103.408 103.295 103.282 104.237 102.198 96.160 21.140 0.000 72.081 107.078 104.086 103.106 0.000 0.000 0.000 0.000 0.000
67.287 59.287 0.000 0.282 9.282 70.283 66.283 66.283 66.282 70.282 84.282 62.281 66.280 70.279 72.277 73.276 70.274 67.272 65.271 67.269 77.267 90.266 85.264 86.262 63.259 57.254 109.248 95.246 62.247 22.256 42.275 70.286 67.295 67.305 69.316 62.329 46.344 36.361 48.381 88.405 64.435 17.473 12.522 7.582 16.643 21.707 15.774 20.834 20.917 59.053 109.822 101.079 104.820 103.727 103.542 103.434 103.412 103.378 104.338 104.303 69.266 45.213 31.214 34.221 85.180 106.166 102.168 93.183 11.218 0.000 0.000 0.000 0.000
67.297 67.298 50.303 0.292 10.292 71.292 67.292 67.291 66.291 67.291 82.290 69.290 72.289 74.288 73.287 68.286 65.284 66.283 66.282 65.281 75.280 98.279 94.278 81.277 74.274 65.270 41.256 30.250 17.249 0.000 23.303 72.309 67.316 69.326 52.337 26.350 11.365 8.383 50.404 67.428 36.456 8.496 11.554 16.636 23.704 19.779 13.872 6.954 10.248 58.280 109.885 103.967 103.731 103.554 103.540 103.507 103.468 103.433 101.400 92.370 25.349 0.000 42.280 101.271 106.251 104.238 98.236 88.241 6.252 0.000 0.000 0.000 0.000
64.306 66.307 63.308 0.000 6.301 71.301 66.301 64.300 66.300 70.300 74.299 73.299 73.298 71.297 65.297 66.296 66.295 67.294 67.293 72.293 90.292 89.292 82.292 91.292 89.293 60.293 0.000 0.000 0.000 0.000 21.326 72.330 67.336 70.345 41.356 3.369 37.385 63.403 83.424 52.445 4.465 0.543 0.616 5.704 15.757 15.837 15.944 10.188 6.840 110.066 109.978 102.873 103.722 103.624 103.592 103.556 103.521 105.488 90.457 73.430 33.410 9.402 57.356 87.332 96.313 105.301 94.295 83.295 5.297 0.000 0.000 0.000 0.000
71.314 69.314 58.315 0.000 57.310 65.310 67.309 71.309 72.309 73.308 71.308 72.308 70.307 66.307 66.306 67.306 67.305 66.305 68.305 91.305 90.305 72.305 85.306 83.308 87.311 85.318 48.335 4.345 13.350 43.351 48.346 68.347 67.353 67.361 62.372 54.386 71.402 70.420 64.442 86.465 34.487 0.569 0.641 9.730 14.783 12.862 13.959 38.106 62.497 110.148 105.197 104.948 104.690 103.678 103.640 103.606 104.572 102.540 57.510 34.483 46.460 47.439 101.410 103.387 83.370 93.357 88.349 61.346 26.345 0.000 0.000 0.000 0.000
72.321 73.322 70.322 58.324 72.320 72.319 72.318 73.318 73.317 74.317 86.317 68.317 66.316 66.316 67.316 67.316 67.316 68.316 82.316 93.316 68.317 72.318 99.320 91.322 79.326 82.332 85.342 69.349 74.354 89.357 82.358 70.361 63.367 63.376 74.386 90.400 77.416 49.435 21.458 76.486 65.524 14.587 17.648 22.715 18.784 9.871 11.937 53.217 105.463 110.225 102.177 104.830 105.761 103.725 103.690 103.655 96.621 86.590 43.560 14.532 23.507 24.483 85.459 127.438 108.421 84.408 76.399 55.394 64.392 17.392 0.000 3.594 7.594
77.329 77.329 73.329 73.329 73.328 74.327 74.327 70.326 67.326 66.326 29.326 19.326 70.326 67.326 67.326 67.326 66.326 69.326 93.327 79.327 64.328 70.330 87.332 104.335 99.339 96.344 94.350 90.356 86.361 85.365 93.368 90.373 84.379 80.387 83.398 87.411 49.427 13.446 12.469 28.496 24.537 9.591 18.642 28.699 24.769 15.867 9.026 52.277 110.369 110.299 105.069 106.915 103.804 103.774 104.737 100.703 84.669 77.637 83.607 89.579 73.553 95.528 110.505 127.485 136.467 120.454 82.445 87.439 62.437 0.000 0.000 0.000 0.000
16.336 17.336 77.335 72.336 72.336 67.335 64.335 66.335 61.335 14.335 14.335 3.335 71.335 67.335 67.335 67.336 67.336 85.337 92.337 65.338 67.340 67.341 70.344 76.346 78.350 78.355 74.359 77.364 93.369 86.373 77.377 80.382 87.389 91.397 94.407 91.420 66.436 31.454 14.475 13.493 0.000 2.599 13.630 22.671 6.720 0.000 22.235 82.481 110.436 102.408 106.137 105.875 103.861 103.820 104.784 99.749 86.716 52.683 59.653 102.624 113.597 145.572 136.549 108.528 96.510 113.496 92.487 86.481 61.481 0.509 0.000 0.000 0.000
3.344 12.343 26.340 81.343 66.344 64.344 66.344 66.343 67.344 14.344 5.344 60.344 68.344 67.345 67.345 67.345 69.346 93.347 78.348 64.349 67.350 67.352 67.355 66.357 66.361 66.364 65.369 72.373 101.377 80.381 11.386 19.391 31.397 82.404 92.413 76.425 81.441 68.461 20.483 17.508 2.541 7.577 20.606 12.636 0.000 0.000 40.400 110.566 110.501 105.291 107.033 102.943 103.905 103.867 103.830 103.795 90.761 53.728 68.697 105.667 101.640 135.614 130.590 99.568 104.550 90.535 71.524 89.519 67.520 1.534 0.000 0.000 0.000
65.352 61.352 0.000 73.352 83.352 84.352 65.352 77.352 84.352 60.352 58.353 68.353 67.353 67.354 67.354 67.355 86.356 90.357 65.358 67.359 66.361 65.363 67.365 67.368 67.371 67.374 66.378 74.381 103.385 84.389 30.393 3.398 54.403 79.410 92.417 71.427 61.441 20.464 13.490 16.513 14.538 22.563 26.581 0.609 0.000 19.317 81.571 110.627 102.545 106.269 106.012 103.992 103.950 103.911 103.874 104.838 95.804 84.771 107.739 132.709 120.680 137.653 134.628 128.605 135.585 101.569 78.557 88.549 96.548 25.553 0.000 0.000 0.000
67.361 66.361 61.364 67.361 66.360 14.360 88.360 80.360 67.361 68.361 68.361 67.362 67.362 67.363 67.364 70.365 93.366 76.367 66.368 67.369 73.371 81.373 67.375 65.378 67.381 66.383 69.387 93.390 101.393 76.397 64.400 52.404 74.409 73.413 34.419 19.426 16.434 0.000 5.500 5.516 6.536 7.556 9.568 0.000 22.366 79.527 101.704 110.687 103.508 104.152 104.075 104.034 103.993 103.955 103.917 104.881 95.846 78.812 74.780 107.749 97.719 111.691 114.664 102.640 104.617 76.598 53.584 67.574 134.571 87.573 22.582 12.587 34.591
67.368 67.369 67.369 67.369 67.368 61.368 77.368 93.368 69.369 66.369 67.370 67.371 67.371 67.372 66.373 89.374 91.375 65.376 67.377 68.379 65.381 27.383 86.385 81.388 68.390 66.393 84.395 103.398 87.401 67.404 67.407 68.411 71.414 75.417 12.419 13.423 0.000 2.492 17.495 0.000 0.514 0.000 0.000 0.000 45.473 102.657 110.800 110.745 103.391 104.227 104.112 104.076 104.035 103.996 103.959 102.922 87.887 89.853 109.820 128.788 127.757 132.727 137.699 124.672 122.646 109.624 58.606 56.594 132.588 96.586 34.585 27.588 92.592
67.375 67.376 67.376 67.376 67.376 67.376 67.376 78.377 93.377 69.378 66.379 67.379 67.380 65.381 73.383 94.384 74.385 66.386 68.387 66.387 8.390 5.393 74.395 75.397 81.400 80.402 88.404 87.407 68.409 66.412 68.414 71.417 76.419 76.420 0.000 0.000 0.000 4.490 28.491 15.491 16.492 15.491 0.000 6.562 53.712 107.869 110.854 102.728 104.444 104.180 104.161 104.116 104.076 104.037 103.999 103.962 89.927 85.892 106.858 107.825 107.793 110.762 110.732 109.702 114.673 87.644 63.622 78.608 93.600 32.597 0.000 0.000 36.596
67.382 69.383 69.383 67.383 67.383 67.384 67.384 67.385 78.385 93.386 69.387 64.388 64.389 81.391 93.392 87.393 64.394 67.395 63.396 9.394 6.400 60.403 67.405 67.407 73.409 90.411 90.413 83.415 76.417 68.419 55.421 25.423 90.425 70.426 0.000 0.000 0.000 3.488 17.488 10.489 24.490 13.491 0.000 6.706 26.804 110.960 110.907 103.597 104.332 104.239 104.198 104.156 104.115 104.076 104.038 105.001 99.965 89.930 84.896 83.862 83.828 83.796 83.764 87.732 61.698 5.657 31.629 87.616 83.609 44.606 6.608 0.000 35.600
68.390 5.389 6.389 67.390 66.391 65.391 65.392 64.392 64.393 77.394 92.396 85.397 92.398 94.400 81.401 65.403 72.404 72.406 60.407 0.000 8.412 71.414 67.415 69.417 93.418 100.420 78.422 69.423 76.425 83.427 71.428 7.430 50.431 68.432 0.000 0.000 0.000 4.484 10.486 7.488 21.489 0.000 0.000 6.774 12.094 111.010 108.846 104.561 104.303 104.280 104.235 104.194 104.154 104.115 104.077 104.040 105.003 103.968 101.932 100.897 100.863 101.829 103.797 77.764 19.731 0.000 16.623 72.616 103.612 94.610 67.610 43.608 60.604
67.397 66.397 1.397 66.397 77.398 81.399 85.399 90.400 93.401 94.402 94.404 94.405 80.407 67.409 83.410 100.412 101.414 101.417 94.420 72.425 7.424 68.424 66.425 75.426 103.428 90.429 67.430 66.431 68.433 71.434 62.435 7.437 27.438 27.439 0.000 0.000 0.000 10.479 5.482 0.000 4.489 0.000 14.785 16.016 6.519 111.059 112.797 108.436 104.357 104.314 104.272 104.230 104.190 104.152 104.114 104.077 104.041 104.005 103.969 103.933 104.896 107.862 79.829 12.797 0.000 5.642 0.000 17.615 73.614 104.613 95.612 71.610 48.606
67.404 69.404 65.405 67.405 82.405 81.406 77.407 73.408 72.409 68.410 89.412 79.414 90.416 81.418 97.420 93.422 86.424 87.427 98.429 104.432 93.433 94.434 86.435 94.436 102.437 75.438 66.439 67.440 67.441 66.441 66.442 68.444 63.445 12.448 72.455 63.460 2.464 4.470 0.000 0.000 0.000 5.769 83.818 81.023 111.151 111.106 106.673 107.503 104.386 104.349 104.306 104.266 104.226 104.188 104.151 104.114 104.078 104.042 104.006 105.968 110.928 79.894 19.861 0.000 0.000 2.642 1.642 0.000 14.615 65.616 100.616 50.616 0.000
69.410 5.411 64.411 67.411 67.412 67.413 66.414 67.415 69.417 67.418 79.420 74.422 83.424 94.426 82.429 67.431 68.434 69.436 70.439 75.441 88.443 98.444 104.445 102.446 91.446 67.447 67.447 67.448 67.448 67.449 68.449 91.450 64.451 4.453 68.456 18.460 12.464 5.467 0.000 0.000 0.000 15.750 103.956 106.167 111.195 105.003 104.712 104.447 104.427 104.381 104.340 104.300 104.261 104.223 104.186 104.150 104.115 104.080 106.045 91.007 44.953 11.923 0.000 4.643 2.642 22.642 29.642 0.000 0.000 36.620 98.620 50.620 0.000
70.417 3.417 64.417 67.418 67.419 67.420 67.421 68.422 6.424 66.426 70.428 81.430 81.433 89.435 94.438 80.440 65.443 65.446 65.449 67.451 69.453 70.454 71.455 71.456 70.456 69.456 65.456 65.456 66.456 67.456 78.456 92.456 63.456 57.457 59.458 0.000 0.000 5.467 0.000 0.000 0.000 19.839 102.960 111.280 111.238 103.861 104.592 104.497 104.455 104.413 104.372 104.333 104.295 104.257 104.221 104.186 104.151 104.118 109.086 65.061 0.000 0.000 2.644 0.643 2.643 17.642 24.642 0.000 0.000 39.624 99.624 58.625 0.000
