results3_8e3_rain/res_3e8f-0134.wd
ncols         241
nrows         181
xllcorner     12693529.787448
yllcorner     3542525.717860
cellsize      155.156523
NODATA_value  -9999.000000
[rows 99 to 131 of 181, columns 73 to 145 of 241]
58.467 58.446 58.423 57.400 57.377 62.352 65.328 62.304 58.287 58.278 52.280 8.284 0.000 0.000 0.000 0.000 0.000 13.655 71.644 96.607 94.604 93.764 100.440 100.369 93.474 94.172 94.021 93.914 94.812 94.716 93.629 97.556 56.504 0.000 0.000 0.000 0.000 0.000 0.000 30.207 56.130 67.977 35.718 17.566 47.517 50.454 48.375 52.263 49.026 46.637 16.278 41.027 44.897 59.810 65.748 68.701 66.666 61.641 54.625 49.616 44.611 22.604 0.000 0.000 0.000 0.000 17.029 35.028 47.028 71.028 72.028 72.027 72.027
58.512 58.492 57.470 55.447 59.422 64.396 65.367 65.334 59.310 56.296 61.290 61.289 22.290 0.000 16.349 46.296 23.183 2.984 59.871 99.747 94.997 95.014 100.499 92.788 94.577 94.233 94.147 94.038 93.935 93.837 95.752 94.685 30.643 0.000 0.000 0.000 0.000 0.000 0.000 34.379 40.321 51.256 0.302 0.000 42.675 50.619 49.528 53.392 53.179 23.908 0.000 35.928 49.869 54.804 75.752 76.712 76.681 77.659 78.644 76.634 57.630 0.000 0.000 0.000 0.000 0.000 0.000 34.026 47.026 71.025 72.025 72.025 72.024
58.558 57.539 57.518 60.495 63.469 64.442 39.409 3.355 32.323 68.304 41.296 15.292 7.291 0.000 27.401 77.356 74.269 66.152 85.025 96.173 93.159 100.582 94.070 94.877 94.445 94.381 94.267 94.159 94.051 94.946 92.856 80.789 27.740 0.740 0.000 0.000 0.000 0.000 37.758 44.610 42.521 43.468 16.493 0.000 48.888 66.820 59.726 54.600 29.389 0.000 0.000 18.887 8.847 48.785 73.744 77.713 75.688 75.669 75.656 77.648 50.645 44.649 44.651 50.651 0.000 0.000 0.000 11.025 46.024 71.023 72.023 72.022 72.022
57.606 56.589 61.568 64.545 64.519 64.492 29.473 0.000 0.000 11.302 2.299 0.000 0.000 0.000 20.499 83.458 89.387 97.298 97.254 94.377 100.927 100.714 94.040 94.751 94.603 94.496 94.389 94.280 94.165 100.039 49.939 17.873 1.810 0.000 2.262 5.262 0.000 29.032 46.905 42.783 42.683 41.601 47.528 13.398 42.170 68.046 66.956 64.891 0.000 0.000 0.000 0.000 0.000 46.744 75.727 79.708 76.690 75.675 73.663 62.656 43.652 39.652 40.652 24.651 0.000 0.000 0.000 0.000 42.021 71.021 72.020 72.020 68.019
56.656 62.642 64.622 64.598 62.569 68.536 38.517 0.000 0.000 0.000 0.000 0.000 0.000 0.000 31.638 89.590 92.528 96.404 95.638 95.649 101.117 93.428 95.134 94.809 94.724 94.616 94.512 98.407 104.290 59.106 27.989 2.940 0.000 0.000 0.000 2.262 30.263 53.159 47.048 39.935 44.827 48.725 45.621 43.495 57.350 61.239 51.161 59.117 0.000 0.000 0.000 0.000 0.000 52.721 76.713 81.702 80.689 76.676 71.667 40.660 38.656 39.655 46.654 0.000 0.000 0.000 0.000 36.018 40.019 69.019 72.018 72.018 66.017
63.711 64.699 64.680 63.655 41.623 7.567 26.542 28.541 0.000 0.000 0.000 0.000 0.000 22.943 75.823 89.745 92.648 94.806 95.814 101.453 101.292 94.405 95.107 94.946 94.841 94.735 98.636 60.548 20.481 0.000 37.971 23.958 0.000 0.000 0.000 0.000 38.367 72.294 63.193 58.081 52.966 53.852 51.735 52.613 65.494 59.398 43.332 45.300 0.000 0.000 0.000 0.000 0.000 52.706 80.702 45.697 43.687 75.675 78.668 48.662 39.659 44.657 14.655 0.000 0.000 0.000 0.000 9.018 36.017 54.017 70.016 73.016 66.015
64.772 64.763 60.745 64.720 46.700 0.000 17.541 47.541 0.000 0.000 0.000 0.000 13.159 75.063 88.969 94.889 94.860 95.001 101.740 101.601 93.736 95.510 95.159 95.070 94.956 94.848 98.748 70.666 2.613 0.000 7.967 10.962 0.000 0.000 0.000 0.000 25.543 57.459 62.348 72.229 68.106 55.981 58.854 67.729 62.616 50.526 42.469 43.452 17.501 18.513 0.000 0.000 0.000 50.695 84.694 0.000 0.000 24.670 71.666 61.663 42.660 21.658 0.000 0.000 0.000 0.000 0.000 0.000 9.016 33.015 59.015 69.014 62.014
62.839 59.836 58.818 74.781 53.758 0.000 16.541 44.541 0.000 0.000 0.000 7.327 71.255 84.179 94.108 96.987 96.231 94.260 101.869 93.048 94.821 91.379 93.306 95.183 95.068 95.953 89.842 79.757 27.685 0.000 0.000 0.000 0.000 0.000 0.000 13.015 47.803 52.651 52.513 54.380 63.247 66.111 68.972 62.834 49.714 43.623 42.565 41.538 45.538 30.525 0.000 0.000 0.000 39.686 76.683 42.676 31.672 23.668 66.665 72.662 52.660 0.000 0.000 3.655 0.000 0.000 0.000 0.000 0.000 28.014 52.013 57.013 44.012
56.915 65.923 61.908 2.827 3.792 0.000 7.541 7.541 0.000 0.000 0.000 8.399 87.356 89.299 97.210 96.375 95.396 102.097 101.987 95.008 94.694 94.535 94.417 93.299 94.179 96.054 52.910 3.833 0.000 0.000 0.000 0.000 0.000 16.683 33.509 48.226 59.005 55.828 54.674 51.531 52.391 55.245 67.088 67.921 59.782 48.688 41.629 41.598 43.587 0.000 0.000 0.000 0.000 24.680 66.677 44.674 40.671 40.667 72.663 75.660 58.659 21.657 11.656 54.655 0.000 0.000 0.000 0.000 0.000 31.012 55.012 50.012 36.011
57.998 68.035 55.065 0.000 0.000 0.000 4.541 16.541 0.541 0.000 0.000 74.513 84.473 96.417 96.412 95.555 102.291 102.197 94.322 96.096 95.747 95.653 95.533 95.415 97.296 47.175 0.000 0.000 0.000 0.000 0.000 6.320 32.143 48.857 61.618 57.376 56.163 55.981 55.823 56.680 54.541 53.392 27.213 45.980 70.806 52.718 40.666 43.637 41.626 29.632 0.000 0.000 0.000 25.676 58.672 36.670 0.000 0.000 28.660 65.658 54.657 63.656 70.655 29.655 0.000 0.000 0.000 0.000 0.000 6.012 46.011 44.011 37.011
56.079 60.154 59.252 35.399 0.000 0.000 0.000 2.541 5.541 0.000 27.764 87.668 94.605 96.526 96.685 94.807 102.377 94.612 96.393 95.957 95.888 95.767 96.651 97.533 59.414 0.000 0.000 0.000 0.000 0.000 8.735 51.497 62.252 57.984 56.731 56.496 56.289 56.111 55.959 55.825 55.700 64.570 3.391 0.000 38.745 47.711 39.680 48.658 48.646 30.639 0.000 0.000 0.000 0.000 42.666 79.665 47.662 0.000 21.657 66.657 60.656 51.655 51.654 0.000 0.000 0.000 0.000 0.000 0.000 0.000 25.010 36.010 37.010
68.143 6.250 62.389 60.546 49.738 8.863 0.000 0.000 0.000 18.927 77.860 91.790 97.729 96.712 95.865 102.524 102.455 95.562 96.259 96.107 95.996 96.885 98.769 59.651 0.000 0.000 0.000 0.000 7.461 38.297 48.974 60.680 57.385 57.096 53.827 53.588 53.385 54.217 56.076 55.960 58.864 35.797 0.000 0.000 18.717 43.702 42.684 60.670 56.663 0.000 0.000 0.000 0.000 0.000 26.662 71.661 83.659 40.657 66.656 80.655 72.654 48.654 41.653 13.652 0.000 0.000 0.000 0.000 0.000 0.000 31.009 37.009 41.008
50.178 3.313 64.511 54.656 61.805 53.988 15.296 2.881 11.993 78.995 87.957 97.914 96.800 97.065 95.091 102.584 94.852 96.644 96.303 96.219 97.110 98.008 51.888 0.000 0.000 0.000 0.000 0.170 50.626 61.455 59.183 57.866 59.513 59.186 64.895 69.642 64.447 57.294 51.171 55.073 61.000 18.958 0.000 0.000 14.706 46.695 47.684 69.676 57.671 0.000 0.000 0.000 0.000 0.000 14.659 66.658 75.657 80.656 76.655 76.654 80.653 64.652 43.652 44.651 13.649 6.649 0.000 0.000 0.000 33.008 38.008 36.008 41.007
0.000 0.000 32.684 83.763 46.839 0.000 0.000 17.077 77.104 82.100 96.078 96.985 97.263 95.191 102.668 95.112 96.920 96.495 96.437 97.325 94.220 49.150 0.000 0.000 0.000 0.000 6.450 53.280 60.958 58.714 58.439 62.087 36.614 15.242 17.925 34.639 60.468 62.341 63.240 55.162 56.106 17.076 0.000 0.000 0.000 27.687 45.683 52.678 51.676 0.675 0.000 0.000 0.000 0.000 14.656 57.656 70.655 75.654 76.654 77.653 73.652 69.652 54.651 42.650 46.649 52.648 0.000 0.000 0.000 0.000 36.007 37.007 39.006
0.000 0.000 9.779 84.874 71.949 0.000 0.000 24.247 85.244 93.232 97.181 98.373 98.407 102.988 102.793 96.063 96.778 96.638 96.540 91.436 81.292 32.221 0.000 0.000 5.932 41.825 50.621 62.434 59.214 59.004 62.771 40.429 0.000 0.000 0.000 20.519 58.446 55.363 59.288 65.227 65.185 43.164 0.000 0.000 0.000 9.684 47.681 41.679 48.677 0.000 0.000 0.000 0.000 0.000 19.654 44.654 61.653 75.653 70.652 63.652 65.652 26.651 51.650 60.649 53.648 49.648 0.000 0.000 0.000 0.000 0.000 31.006 36.006
0.000 0.000 0.000 13.004 62.134 2.306 12.451 78.419 90.397 97.373 97.387 97.560 103.342 103.169 95.352 97.150 96.816 96.743 89.654 55.586 0.000 0.000 0.000 14.139 60.039 53.923 61.774 59.619 59.461 60.319 38.211 0.000 0.000 0.000 0.000 19.474 61.432 55.376 55.321 57.275 61.244 63.232 15.251 0.000 0.000 0.000 28.680 47.679 22.678 0.000 0.000 0.000 0.000 0.000 12.653 40.652 51.652 58.652 50.651 47.651 12.651 0.000 0.649 44.648 48.647 57.647 0.000 0.000 0.000 0.000 0.000 25.006 36.005
0.000 0.000 0.000 0.000 0.365 12.600 81.601 86.578 97.557 97.482 98.761 98.829 103.503 95.652 97.431 96.999 96.938 86.836 75.748 39.667 0.000 0.000 0.000 54.240 76.161 61.055 52.933 60.809 58.692 61.598 31.544 0.000 0.000 0.000 15.493 50.470 57.433 56.389 56.345 53.308 49.282 51.269 13.270 0.000 0.000 0.000 9.679 54.678 2.678 0.000 0.000 0.000 0.000 0.000 12.651 42.651 41.651 40.650 38.650 44.650 0.000 0.000 0.000 19.647 42.646 60.646 4.645 0.000 0.000 0.000 0.000 0.000 29.005
0.000 0.000 0.000 0.000 0.000 84.797 83.774 97.745 97.689 98.885 98.952 103.800 103.656 96.607 98.291 96.134 82.018 70.924 44.836 0.000 0.000 0.000 48.556 66.419 66.310 73.203 61.095 50.991 56.901 66.837 69.822 32.909 0.000 0.000 14.516 62.482 56.442 56.402 55.363 51.330 45.307 46.294 12.289 0.000 0.000 0.000 0.000 27.678 35.678 0.000 0.000 0.000 0.000 0.000 20.651 44.650 38.650 39.649 39.649 41.648 24.648 0.000 0.000 0.000 29.646 50.645 28.644 2.644 0.000 0.000 0.000 0.000 24.005
0.000 0.000 0.000 0.000 24.134 85.018 96.955 97.909 98.911 101.092 104.068 103.936 95.915 97.679 94.330 83.229 72.083 44.003 0.000 0.000 0.000 50.823 71.694 57.570 49.457 63.351 75.252 63.161 66.084 67.027 53.999 59.996 38.956 1.285 22.572 54.498 50.452 57.412 52.375 44.344 43.322 47.310 9.304 0.000 0.000 0.000 0.000 14.678 54.677 0.000 0.000 0.000 0.000 0.000 0.000 26.649 41.648 39.648 39.648 39.648 47.647 0.000 0.000 0.000 0.000 31.644 42.644 48.644 0.000 0.000 0.000 0.000 0.000
0.000 0.000 0.000 0.000 67.250 93.183 99.127 98.027 98.291 96.366 104.195 96.199 97.963 92.531 81.463 56.342 0.000 0.000 0.000 0.000 51.080 71.952 58.828 47.708 47.597 49.495 60.400 75.316 66.245 51.190 59.151 61.121 35.088 0.000 19.530 79.488 66.454 55.421 49.381 45.347 42.329 43.319 37.314 1.316 0.000 0.000 0.000 0.000 33.677 5.677 0.000 0.000 0.000 0.000 0.000 6.648 43.648 39.647 39.647 39.647 41.646 25.646 0.000 0.000 0.000 12.643 39.643 42.643 0.000 0.000 0.000 0.000 0.000
0.000 0.000 0.000 70.551 67.431 73.349 88.258 99.429 96.488 104.431 104.316 97.132 92.818 81.670 60.564 0.000 0.000 32.752 0.000 3.341 76.208 59.079 47.955 48.838 47.729 50.629 64.539 73.459 74.391 58.337 54.292 65.250 39.187 0.000 0.000 10.471 23.454 5.438 0.000 15.335 46.328 53.322 54.319 40.318 0.000 0.000 0.000 0.000 0.000 0.000 0.000 0.000 0.000 0.000 0.000 7.647 43.647 42.647 45.647 40.646 37.646 46.646 0.000 0.000 0.000 19.643 53.643 58.643 0.000 0.000 0.000 0.000 0.000
0.000 0.000 9.773 71.672 68.575 69.495 79.469 95.631 104.651 104.542 96.413 93.178 80.848 54.771 0.000 0.000 49.805 48.752 30.645 14.474 64.332 48.201 49.077 47.961 48.853 63.754 69.666 33.589 24.525 76.473 62.432 40.398 1.304 0.000 0.000 0.000 0.000 0.000 0.000 12.329 64.326 58.323 55.320 51.319 6.319 0.000 0.000 0.000 0.000 0.000 0.000 0.000 0.000 0.000 0.000 31.646 40.646 15.647 0.000 15.646 40.645 44.645 0.000 0.000 0.000 21.643 57.643 26.643 0.000 0.000 0.000 0.000 0.000
0.000 84.956 72.873 69.788 67.710 68.588 69.830 73.893 104.756 95.656 91.417 81.006 54.962 0.000 0.000 0.000 53.858 51.806 71.709 55.578 48.444 49.315 48.191 51.075 70.967 67.869 48.782 44.708 49.646 77.598 74.566 38.549 0.000 0.000 0.000 0.000 0.000 0.000 0.000 12.327 71.324 71.322 66.321 57.320 2.320 0.000 0.000 0.000 0.000 0.000 0.000 0.000 0.000 0.000 4.645 43.646 45.646 0.000 0.000 0.645 43.645 44.645 0.000 0.000 0.000 0.000 28.643 0.000 0.000 0.000 0.000 0.000 0.000
1.149 83.040 96.976 88.904 73.807 74.963 67.010 104.954 104.857 74.539 79.216 55.113 0.000 0.000 0.000 0.000 55.962 68.905 66.808 48.685 48.553 48.423 59.297 71.180 60.071 48.973 48.887 48.813 49.753 58.709 76.683 72.684 33.735 0.000 0.000 0.000 0.000 0.000 0.000 0.000 57.323 59.322 71.321 72.320 28.319 0.000 0.000 0.000 0.000 0.000 0.000 0.000 0.000 0.000 35.645 45.645 22.646 0.000 0.000 4.644 44.644 42.644 0.000 0.000 0.000 0.000 0.000 0.000 0.000 0.000 0.000 0.000 0.000
19.236 96.158 99.087 99.017 93.989 84.143 105.144 105.049 66.692 61.476 0.000 0.000 0.000 0.000 0.000 0.000 67.124 72.046 47.932 49.800 49.662 61.526 70.397 52.276 49.165 49.066 48.978 48.904 48.844 48.800 57.774 77.768 70.787 44.817 35.829 39.832 8.832 0.000 0.000 0.000 0.000 37.321 77.320 77.320 38.319 0.000 0.000 0.000 0.000 0.000 0.000 0.000 0.000 0.000 24.645 23.645 0.000 0.000 0.000 0.000 24.644 51.644 0.000 0.000 0.000 0.000 0.000 0.000 0.000 0.000 0.000 0.000 0.000
89.342 99.269 99.205 99.090 103.331 94.389 105.236 66.779 69.460 64.185 0.000 0.000 0.000 0.000 0.000 60.531 72.363 49.223 50.075 49.921 57.768 70.622 48.487 49.362 49.249 49.147 49.057 48.981 48.920 48.874 48.844 52.829 53.828 48.834 49.838 56.834 38.833 0.000 0.000 0.000 0.000 0.000 32.320 68.319 31.319 0.000 0.000 0.000 0.000 0.000 0.000 0.000 0.000 0.000 0.000 0.000 0.000 0.000 0.000 0.000 0.000 3.644 0.000 0.000 0.000 0.000 0.000 0.000 0.000 0.000 0.000 0.000 0.000
95.443 95.381 99.291 100.452 97.497 105.413 105.325 71.420 55.828 1.055 4.055 1.054 0.000 0.000 0.000 77.699 54.574 50.407 50.224 52.040 72.867 52.709 49.566 49.438 49.321 49.215 49.122 49.044 48.981 48.933 48.898 47.875 46.861 49.855 31.853 0.000 0.000 0.000 0.000 0.000 0.000 0.000 0.000 61.319 49.318 16.318 0.000 0.000 0.000 0.000 0.000 0.000 0.000 0.000 0.000 0.000 0.000 0.000 0.000 0.000 0.000 0.000 0.000 0.000 0.000 0.000 0.000 0.000 0.000 0.000 0.000 0.000 0.000
74.556 74.490 78.466 74.622 105.587 105.501 82.954 64.109 54.965 0.000 0.000 1.054 0.000 0.000 0.000 52.993 48.827 48.608 47.373 60.149 52.952 46.780 47.632 47.501 47.382 47.270 48.172 49.091 49.028 48.979 47.941 45.911 47.887 47.873 44.867 34.867 37.867 39.865 38.864 40.863 11.863 0.000 0.000 0.000 58.318 30.318 0.000 0.000 0.000 0.000 0.000 0.000 0.000 0.000 0.000 0.000 0.000 0.000 0.000 0.000 0.000 0.000 0.000 0.000 0.000 0.000 0.000 0.000 0.000 0.000 0.000 0.000 0.000
89.672 111.559 76.804 106.861 105.672 65.533 56.114 0.000 70.236 28.538 0.000 0.000 0.000 0.000 96.853 75.453 46.132 53.826 64.510 63.233 59.012 56.827 56.680 56.554 55.435 49.311 45.204 49.122 49.061 49.013 47.975 47.941 51.904 51.883 52.873 62.869 62.867 58.865 51.864 50.863 29.862 0.000 0.000 0.000 17.318 23.318 0.000 0.000 0.000 0.000 0.000 0.000 0.000 0.000 0.000 0.000 0.000 0.000 0.000 0.000 0.000 0.000 0.000 0.000 0.000 0.000 0.000 0.000 0.000 0.000 0.000 0.000 0.000
137.753 116.348 114.393 105.829 105.752 93.626 0.000 37.183 65.183 138.842 114.375 0.801 44.328 33.790 95.253 54.835 52.421 124.053 114.608 110.260 110.036 108.837 107.707 106.600 105.492 76.338 43.210 49.133 49.079 49.039 49.007 40.974 0.000 0.000 0.000 0.000 0.000 0.000 15.863 67.862 46.862 17.861 0.000 0.000 0.000 0.000 0.000 0.000 0.000 0.000 0.000 0.000 0.000 0.000 0.000 0.000 0.000 0.000 0.000 0.000 0.000 0.000 0.000 0.000 0.000 0.000 0.000 0.000 0.000 0.000 0.000 0.000 0.000
95.922 115.508 105.971 105.901 90.160 0.000 0.000 0.000 8.474 60.269 47.998 0.000 25.777 0.000 54.532 51.214 60.665 116.359 0.000 2.130 0.000 52.776 61.713 122.646 35.595 0.000 53.165 49.120 49.083 50.056 32.039 0.000 0.000 0.000 0.000 0.000 0.000 0.000 0.000 20.862 67.861 23.861 0.000 0.000 0.000 0.000 0.000 0.000 0.000 0.000 0.000 0.000 0.000 0.000 0.000 0.000 0.000 0.000 0.000 0.000 0.000 0.000 0.000 0.000 0.000 0.000 0.000 0.000 0.000 0.000 0.000 0.000 0.000
116.679 114.732 106.036 114.653 116.500 36.788 0.000 15.968 42.968 52.764 29.350 6.288 47.226 92.720 91.129 83.825 0.000 35.359 0.000 13.972 35.876 63.779 108.722 71.677 36.647 0.000 0.000 55.099 49.079 50.063 31.054 0.000 0.000 0.000 0.000 0.000 0.000 0.000 0.000 0.000 14.860 53.860 18.860 0.000 0.000 0.000 0.000 0.000 0.000 0.000 0.000 0.000 0.000 0.000 0.000 0.000 0.000 0.000 0.000 0.000 0.000 0.000 0.000 0.000 0.000 0.000 0.000 0.000 0.000 0.000 0.000 0.000 0.000
114.814 106.153 106.097 95.160 37.925 0.000 0.000 0.000 4.667 31.469 0.000 0.000 40.120 83.805 137.439 73.132 0.000 0.000 0.000 0.000 0.000 77.743 112.719 42.693 39.670 0.000 0.000 0.000 54.070 48.064 46.060 44.061 32.061 0.000 0.000 0.000 0.000 0.000 0.000 0.000 9.860 67.859 25.859 0.000 0.000 0.000 0.000 0.000 0.000 0.000 0.000 0.000 0.000 0.000 0.000 0.000 0.000 0.000 0.000 0.000 0.000 0.000 0.000 0.000 0.000 0.000 0.000 0.000 0.000 0.000 0.000 0.000 0.000
