results3_8e3_rain/res_3e8f-0087.wd
ncols         241
nrows         181
xllcorner     12693529.787448
yllcorner     3542525.717860
cellsize      155.156523
NODATA_value  -9999.000000
[rows 99 to 131 of 181, columns 73 to 145 of 241]
55.492 55.477 55.464 54.451 54.440 59.429 62.418 59.406 55.399 55.395 49.395 5.396 0.000 0.000 0.000 0.000 0.000 11.286 69.400 94.421 92.451 91.635 98.356 98.281 91.383 92.076 91.919 91.805 92.696 92.593 91.499 95.419 54.361 0.000 0.000 0.000 0.000 0.000 0.000 19.921 45.829 57.647 25.337 7.158 37.099 40.025 37.933 41.805 38.529 36.076 5.660 30.373 34.212 49.095 55.014 57.956 55.914 50.884 43.865 38.853 33.848 11.840 0.000 0.000 0.000 0.000 5.710 23.709 35.709 59.708 60.708 60.707 60.707
55.510 55.497 54.484 52.471 56.460 61.449 62.436 62.416 56.404 53.399 58.397 58.397 19.397 0.000 14.482 44.447 21.384 1.051 57.706 97.610 92.877 92.906 98.419 90.710 92.494 92.143 92.051 91.935 91.824 91.719 93.626 92.548 28.494 0.000 0.000 0.000 0.000 0.000 0.000 24.127 30.057 40.979 0.000 0.000 32.282 40.217 39.111 42.954 42.706 13.391 0.000 25.281 39.190 44.077 65.010 65.962 65.927 66.901 67.883 65.872 46.867 0.000 0.000 0.000 0.000 0.000 0.000 22.707 35.705 59.704 60.704 60.703 60.702
55.528 54.515 54.503 57.491 60.480 61.470 36.462 0.428 29.403 65.400 38.398 12.397 4.397 0.000 25.516 75.475 72.389 64.235 82.985 94.098 91.074 98.506 92.004 92.807 92.369 92.299 92.177 92.061 91.945 92.834 90.736 78.653 25.573 0.000 0.000 0.000 0.000 0.000 27.578 34.402 32.295 33.233 6.268 0.000 38.529 56.450 49.341 44.195 18.950 0.000 0.000 8.281 0.000 38.014 62.986 66.956 64.930 64.909 64.894 66.884 39.880 33.884 33.885 39.885 0.000 0.000 0.000 0.000 34.701 59.701 60.700 60.699 60.698
54.545 53.534 58.522 61.510 61.499 61.489 26.483 0.000 0.000 8.400 0.000 0.000 0.000 0.000 18.592 81.548 87.465 95.345 95.247 92.340 98.871 98.645 91.981 92.688 92.535 92.421 92.306 92.187 92.062 97.935 47.834 15.753 0.000 0.000 0.000 0.000 0.000 18.908 36.755 32.608 32.487 31.389 37.304 3.152 31.856 57.713 56.608 54.533 0.000 0.000 0.000 0.000 0.000 35.978 64.965 68.947 65.929 64.912 62.900 51.891 32.887 28.886 29.886 13.885 0.000 0.000 0.000 0.000 30.698 59.697 60.697 60.696 56.695
53.562 59.552 61.541 61.529 59.517 65.505 35.498 0.000 0.000 0.000 0.000 0.000 0.000 0.000 29.713 87.659 90.584 94.436 93.640 93.628 99.073 91.383 93.085 92.756 92.666 92.552 92.438 96.318 102.180 57.009 25.912 0.874 0.000 0.000 0.000 0.000 20.186 43.061 36.926 29.788 34.657 38.533 35.407 33.254 47.072 50.939 40.847 48.795 0.000 0.000 0.000 0.000 0.000 41.955 65.948 70.938 69.925 65.912 60.902 29.895 27.890 28.888 35.887 0.000 0.000 0.000 0.000 24.695 28.695 57.694 60.694 60.693 54.692
60.581 61.572 61.561 60.548 38.535 4.515 23.506 25.506 0.000 0.000 0.000 0.000 0.000 21.005 73.885 87.801 90.692 92.831 93.819 99.428 99.259 92.369 93.067 92.903 92.793 92.683 96.576 58.468 18.333 0.000 35.904 21.898 0.000 0.000 0.000 0.000 28.311 62.223 53.100 47.962 42.821 43.680 41.535 42.386 55.240 49.123 33.044 35.007 0.000 0.000 0.000 0.000 0.000 41.939 69.936 34.932 32.922 64.909 67.901 37.895 28.892 33.890 3.888 0.000 0.000 0.000 0.000 0.000 24.693 42.692 58.691 61.690 54.689
61.601 61.595 57.584 61.568 43.558 0.000 14.506 44.506 0.000 0.000 0.000 0.000 11.223 73.124 87.026 92.938 92.896 93.023 99.732 99.585 91.713 93.483 93.128 93.036 92.920 92.812 96.715 68.645 0.628 0.000 5.902 8.900 0.000 0.000 0.000 0.000 15.524 47.423 52.287 62.139 57.986 45.829 48.669 57.515 52.378 40.270 32.201 33.181 7.236 8.250 0.000 0.000 0.000 39.927 73.925 0.000 0.000 13.902 60.898 50.894 31.891 10.890 0.000 0.000 0.000 0.000 0.000 0.000 0.000 21.689 47.688 57.688 50.687
59.624 56.621 55.611 71.583 50.571 0.000 13.506 41.506 0.000 0.000 0.000 5.399 69.323 82.240 92.162 95.032 94.264 92.280 99.867 91.037 92.806 89.359 91.283 93.158 93.043 93.931 87.827 77.756 25.742 0.000 0.000 0.000 0.000 0.000 0.000 3.123 37.839 42.656 42.487 44.322 53.155 55.980 58.798 52.629 39.486 33.379 32.310 31.279 35.278 20.264 0.000 0.000 0.000 28.916 65.913 31.905 20.901 12.898 55.895 61.891 41.889 0.000 0.000 0.000 0.000 0.000 0.000 0.000 0.000 16.687 40.686 45.686 32.685
53.649 62.654 58.657 0.000 0.570 0.000 4.506 4.506 0.000 0.000 0.000 6.476 85.427 87.363 95.264 94.419 93.427 100.107 99.992 93.003 92.685 92.522 92.401 91.281 92.161 94.040 50.907 1.836 0.000 0.000 0.000 0.000 0.000 6.911 23.708 38.369 49.092 45.874 44.685 41.508 42.332 45.138 56.914 57.716 49.558 38.450 31.382 31.346 33.333 0.000 0.000 0.000 0.000 13.908 55.906 33.902 29.900 29.896 61.891 64.888 47.886 10.883 0.880 43.879 0.000 0.000 0.000 0.000 0.000 19.686 43.684 38.684 24.683
54.674 64.691 51.707 0.000 0.000 0.000 1.505 13.505 0.000 0.000 0.000 72.600 82.552 94.485 94.469 93.599 100.311 100.212 92.329 94.097 93.743 93.646 93.523 93.403 95.282 45.161 0.000 0.000 0.000 0.000 0.000 0.000 22.385 39.115 51.844 47.551 46.288 46.063 45.869 46.695 44.525 43.328 17.002 35.766 60.579 42.481 30.422 33.390 31.377 19.384 0.000 0.000 0.000 14.904 47.900 25.897 0.000 0.000 17.886 54.885 43.883 52.881 59.879 18.879 0.000 0.000 0.000 0.000 0.000 0.000 34.682 32.682 25.682
52.696 56.728 55.772 31.827 0.000 0.000 0.000 0.000 0.000 0.000 25.888 85.772 92.694 94.599 94.744 92.851 100.401 92.629 94.404 93.964 93.890 93.765 94.645 95.524 57.403 0.000 0.000 0.000 0.000 0.000 0.000 42.009 52.655 48.319 47.003 46.705 46.444 46.222 46.035 45.877 45.745 54.647 0.000 0.000 28.510 37.473 29.438 38.413 38.400 20.392 0.000 0.000 0.000 0.000 31.892 68.890 36.886 0.000 10.882 55.882 49.880 40.879 40.878 0.000 0.000 0.000 0.000 0.000 0.000 0.000 13.681 24.681 25.681
64.706 2.753 58.825 56.883 45.953 5.001 0.000 0.000 0.000 17.101 76.004 89.908 95.825 94.790 93.927 100.554 100.482 93.582 94.275 94.119 94.003 94.889 96.768 57.646 0.000 0.000 0.000 0.000 0.000 29.198 39.894 51.362 47.909 47.504 44.142 43.824 43.560 44.345 46.172 46.034 48.931 25.869 0.000 0.000 8.480 33.462 32.442 50.426 46.418 0.000 0.000 0.000 0.000 0.000 15.886 60.885 72.883 29.880 55.880 69.879 61.878 37.877 30.876 2.874 0.000 0.000 0.000 0.000 0.000 0.000 19.679 25.679 29.679
46.692 0.000 60.894 50.926 57.975 50.050 11.174 1.036 10.260 77.197 86.118 96.042 94.901 95.145 93.152 100.616 92.883 94.669 94.324 94.235 95.122 96.017 49.892 0.000 0.000 0.000 0.000 0.000 41.841 52.502 50.123 48.637 50.114 49.646 55.239 59.889 54.627 47.428 41.274 45.157 51.074 9.030 0.000 0.000 4.467 36.455 37.442 59.433 47.427 0.000 0.000 0.000 0.000 0.000 3.882 55.881 64.880 69.879 65.878 65.877 69.876 53.875 32.874 33.872 2.871 0.000 0.000 0.000 0.000 21.678 26.678 24.678 29.678
0.000 0.000 28.932 79.950 42.971 0.000 0.000 15.415 75.370 80.310 94.245 95.117 95.365 93.269 100.703 93.150 94.954 94.525 94.463 95.347 92.236 47.163 0.000 0.000 0.000 0.000 0.000 44.502 52.180 49.846 49.459 52.948 27.264 5.729 8.278 24.865 50.631 52.466 53.340 45.245 46.180 7.146 0.000 0.000 0.000 17.447 35.440 42.435 41.432 0.000 0.000 0.000 0.000 0.000 3.879 46.878 59.877 64.877 65.876 66.875 62.874 58.874 43.872 31.871 35.870 41.869 0.000 0.000 0.000 0.000 24.677 25.676 27.676
0.000 0.000 5.952 80.972 67.989 0.000 0.000 22.537 83.494 91.437 95.346 96.503 96.505 101.037 100.833 94.105 94.816 94.672 94.569 89.462 79.312 30.238 0.000 0.000 0.000 33.346 42.166 53.824 50.531 50.245 53.918 31.433 0.000 0.000 0.000 10.663 48.568 45.465 49.374 55.303 55.254 33.229 0.000 0.000 0.000 0.000 37.437 31.434 38.433 0.000 0.000 0.000 0.000 0.000 8.876 33.876 50.875 64.875 59.874 52.874 54.873 15.873 40.872 49.870 42.869 38.868 0.000 0.000 0.000 0.000 0.000 19.675 24.675
0.000 0.000 0.000 8.997 58.023 0.623 10.797 76.702 88.633 95.568 95.544 95.685 101.404 101.225 93.403 95.196 94.858 94.782 87.688 53.617 0.000 0.000 0.000 5.841 51.738 45.526 53.329 51.096 50.877 51.683 29.537 0.000 0.000 0.000 0.000 9.557 51.512 45.451 45.390 47.339 51.303 53.288 5.302 0.000 0.000 0.000 18.435 37.434 12.433 0.000 0.000 0.000 0.000 0.000 1.874 29.874 40.873 47.873 39.872 36.872 1.873 0.000 0.000 33.868 37.867 46.867 0.000 0.000 0.000 0.000 0.000 13.674 24.674
0.000 0.000 0.000 0.000 0.000 10.980 79.913 84.839 95.776 95.662 96.907 96.945 101.572 93.713 95.486 95.049 94.984 84.878 73.787 37.702 0.000 0.000 0.000 45.944 67.846 52.693 44.527 52.354 50.197 53.075 23.008 0.000 0.000 0.000 5.481 40.495 47.474 46.437 46.396 43.360 39.333 41.318 3.315 0.000 0.000 0.000 0.000 44.433 0.000 0.000 0.000 0.000 0.000 0.000 1.872 31.872 30.871 29.871 27.871 33.870 0.000 0.000 0.000 8.867 31.866 49.865 0.000 0.000 0.000 0.000 0.000 0.000 17.673
0.000 0.000 0.000 0.000 0.000 83.086 82.036 95.973 95.884 97.048 97.083 101.878 101.729 94.669 96.349 94.187 80.067 68.969 42.878 0.000 0.000 0.000 40.303 58.144 58.012 64.872 52.731 42.597 48.483 58.411 61.414 24.568 0.000 0.000 4.468 52.467 46.452 46.427 45.398 41.372 35.351 36.337 2.326 0.000 0.000 0.000 0.000 17.432 25.431 0.000 0.000 0.000 0.000 0.000 9.871 33.871 27.870 28.869 28.869 30.868 13.867 0.000 0.000 0.000 18.864 39.863 17.862 0.000 0.000 0.000 0.000 0.000 12.673
0.000 0.000 0.000 0.000 22.339 83.243 95.172 96.105 97.083 99.237 102.154 102.018 93.987 95.745 92.391 81.286 70.134 42.052 0.000 0.000 0.000 42.609 63.462 49.318 41.184 55.054 66.930 54.818 57.728 58.673 45.668 51.723 30.792 0.000 12.457 44.452 40.440 47.421 42.399 34.377 33.362 37.353 0.000 0.000 0.000 0.000 0.000 4.431 44.431 0.000 0.000 0.000 0.000 0.000 0.000 15.869 30.868 28.868 28.867 28.867 36.866 0.000 0.000 0.000 0.000 20.861 31.861 37.860 0.000 0.000 0.000 0.000 0.000
0.000 0.000 0.000 0.000 65.436 91.373 97.311 96.197 96.441 94.495 102.284 94.277 96.036 90.600 79.527 54.403 0.000 0.000 0.000 0.000 42.886 63.755 50.619 39.483 39.353 41.229 52.116 67.017 57.938 42.886 50.862 52.862 26.862 0.000 9.451 69.446 56.434 45.418 39.398 35.378 32.367 33.361 27.361 0.000 0.000 0.000 0.000 0.000 23.431 0.000 0.000 0.000 0.000 0.000 0.000 0.000 32.867 28.866 28.866 28.866 30.865 14.865 0.000 0.000 0.000 1.860 28.860 31.860 0.000 0.000 0.000 0.000 0.000
0.000 0.000 0.000 68.704 65.594 71.514 86.417 97.576 94.619 102.525 102.407 95.211 90.893 79.742 58.632 0.000 0.000 24.817 0.000 0.000 68.017 50.908 39.776 40.642 39.514 42.395 56.289 65.197 66.123 50.069 46.034 57.002 30.932 0.000 0.000 0.439 13.435 0.000 0.000 5.370 36.366 43.363 44.361 30.361 0.000 0.000 0.000 0.000 0.000 0.000 0.000 0.000 0.000 0.000 0.000 0.000 32.865 31.865 34.865 29.865 26.865 35.864 0.000 0.000 0.000 8.860 42.860 47.860 0.000 0.000 0.000 0.000 0.000
0.000 0.000 7.910 69.815 66.722 67.641 77.609 93.761 102.749 102.638 94.496 91.257 78.924 52.845 0.000 0.000 41.877 40.817 22.699 6.519 56.257 40.084 40.934 39.795 40.667 55.550 61.446 25.358 16.287 68.235 54.200 32.181 0.000 0.000 0.000 0.000 0.000 0.000 0.000 2.366 54.364 48.362 45.361 41.361 0.000 0.000 0.000 0.000 0.000 0.000 0.000 0.000 0.000 0.000 0.000 20.863 29.864 4.865 0.000 4.864 29.864 33.864 0.000 0.000 0.000 10.860 46.859 15.859 0.000 0.000 0.000 0.000 0.000
0.000 83.082 71.005 67.923 65.847 66.722 67.958 72.012 102.855 93.739 89.497 79.084 53.039 0.000 0.000 0.000 45.937 43.876 63.761 47.601 40.409 41.237 40.081 42.938 62.808 59.691 40.589 36.502 41.433 69.383 66.352 30.341 0.000 0.000 0.000 0.000 0.000 0.000 0.000 2.365 61.363 61.362 56.361 47.360 0.000 0.000 0.000 0.000 0.000 0.000 0.000 0.000 0.000 0.000 0.000 32.863 34.863 0.000 0.000 0.000 32.863 33.863 0.000 0.000 0.000 0.000 17.859 0.000 0.000 0.000 0.000 0.000 0.000
0.000 81.159 95.103 87.034 71.936 73.088 65.128 103.057 102.958 72.615 77.294 53.191 0.000 0.000 0.000 0.000 48.057 60.989 58.869 40.715 40.542 40.373 51.214 63.069 51.936 40.818 40.715 40.629 41.561 50.512 68.486 64.489 25.547 0.000 0.000 0.000 0.000 0.000 0.000 0.000 47.362 49.361 61.360 62.359 18.359 0.000 0.000 0.000 0.000 0.000 0.000 0.000 0.000 0.000 24.862 34.862 11.863 0.000 0.000 0.000 33.863 31.863 0.000 0.000 0.000 0.000 0.000 0.000 0.000 0.000 0.000 0.000 0.000
17.388 94.293 97.217 97.144 92.113 82.262 103.249 103.153 64.741 59.532 0.000 0.000 0.000 0.000 0.000 0.000 59.247 64.152 40.013 41.847 41.672 53.499 62.336 44.186 41.050 40.930 40.825 40.738 40.669 40.618 49.589 69.584 62.604 36.637 27.650 31.653 0.654 0.000 0.000 0.000 0.000 27.360 67.359 67.359 28.358 0.000 0.000 0.000 0.000 0.000 0.000 0.000 0.000 0.000 13.862 12.862 0.000 0.000 0.000 0.000 13.863 40.863 0.000 0.000 0.000 0.000 0.000 0.000 0.000 0.000 0.000 0.000 0.000
87.484 97.405 97.336 97.216 101.453 92.504 103.343 64.793 67.455 62.231 0.000 0.000 0.000 0.000 0.000 52.731 64.531 41.362 42.181 41.991 49.799 62.615 40.444 41.289 41.150 41.026 40.919 40.829 40.758 40.704 40.669 44.652 45.650 40.657 41.660 48.656 30.656 0.000 0.000 0.000 0.000 0.000 22.359 58.358 21.358 0.000 0.000 0.000 0.000 0.000 0.000 0.000 0.000 0.000 0.000 0.000 0.000 0.000 0.000 0.000 0.000 0.000 0.000 0.000 0.000 0.000 0.000 0.000 0.000 0.000 0.000 0.000 0.000
93.582 93.516 97.421 98.577 95.617 103.525 103.434 69.372 53.703 0.000 0.000 0.000 0.000 0.000 0.000 69.932 46.783 42.583 42.360 44.135 64.918 44.718 41.537 41.377 41.233 41.105 40.994 40.902 40.829 40.772 40.731 39.704 38.688 41.681 23.678 0.000 0.000 0.000 0.000 0.000 0.000 0.000 0.000 51.357 39.357 6.357 0.000 0.000 0.000 0.000 0.000 0.000 0.000 0.000 0.000 0.000 0.000 0.000 0.000 0.000 0.000 0.000 0.000 0.000 0.000 0.000 0.000 0.000 0.000 0.000 0.000 0.000 0.000
72.694 72.625 76.597 72.748 103.706 103.616 80.969 62.003 52.682 0.000 0.000 0.000 0.000 0.000 0.000 45.283 41.086 40.826 39.543 52.271 45.022 38.800 39.611 39.448 39.302 39.168 40.052 40.957 40.882 40.825 39.780 37.746 39.718 39.701 36.692 26.691 29.689 31.686 30.684 32.682 3.681 0.000 0.000 0.000 48.357 20.356 0.000 0.000 0.000 0.000 0.000 0.000 0.000 0.000 0.000 0.000 0.000 0.000 0.000 0.000 0.000 0.000 0.000 0.000 0.000 0.000 0.000 0.000 0.000 0.000 0.000 0.000 0.000
87.810 109.694 74.936 104.988 103.794 63.621 54.165 0.000 67.618 25.791 0.000 0.000 0.000 0.000 89.298 67.831 38.453 46.091 56.716 55.385 51.097 48.850 48.660 48.502 47.358 41.213 37.087 40.992 40.920 40.864 39.820 39.780 43.736 43.712 44.699 54.693 54.689 50.686 43.683 42.681 21.680 0.000 0.000 0.000 7.356 13.356 0.000 0.000 0.000 0.000 0.000 0.000 0.000 0.000 0.000 0.000 0.000 0.000 0.000 0.000 0.000 0.000 0.000 0.000 0.000 0.000 0.000 0.000 0.000 0.000 0.000 0.000 0.000
135.893 114.485 112.526 103.958 103.878 91.724 0.000 34.360 62.360 135.965 111.479 0.000 36.903 26.334 87.766 47.291 44.803 116.368 106.846 102.454 102.132 100.845 99.675 98.543 97.416 68.241 35.093 41.003 40.940 40.893 40.856 32.818 0.000 0.000 0.000 0.000 0.000 0.000 7.681 59.680 38.679 9.678 0.000 0.000 0.000 0.000 0.000 0.000 0.000 0.000 0.000 0.000 0.000 0.000 0.000 0.000 0.000 0.000 0.000 0.000 0.000 0.000 0.000 0.000 0.000 0.000 0.000 0.000 0.000 0.000 0.000 0.000 0.000
94.064 113.647 104.106 104.033 88.291 0.000 0.000 0.000 5.500 57.228 44.993 0.000 18.472 0.000 47.139 43.764 53.100 108.734 0.000 0.000 0.000 44.721 53.653 114.579 27.521 0.000 45.040 40.988 40.945 41.913 23.893 0.000 0.000 0.000 0.000 0.000 0.000 0.000 0.000 12.679 59.677 15.677 0.000 0.000 0.000 0.000 0.000 0.000 0.000 0.000 0.000 0.000 0.000 0.000 0.000 0.000 0.000 0.000 0.000 0.000 0.000 0.000 0.000 0.000 0.000 0.000 0.000 0.000 0.000 0.000 0.000 0.000 0.000
114.824 112.874 104.173 112.789 114.635 34.923 0.000 12.910 39.910 49.456 26.272 2.913 40.041 85.570 83.889 76.525 0.000 27.734 0.000 5.666 27.667 55.667 100.637 63.598 28.569 0.000 0.000 46.963 40.939 41.921 22.910 0.000 0.000 0.000 0.000 0.000 0.000 0.000 0.000 0.000 6.676 45.675 10.674 0.000 0.000 0.000 0.000 0.000 0.000 0.000 0.000 0.000 0.000 0.000 0.000 0.000 0.000 0.000 0.000 0.000 0.000 0.000 0.000 0.000 0.000 0.000 0.000 0.000 0.000 0.000 0.000 0.000 0.000
112.961 104.296 104.237 93.299 36.063 0.000 0.000 0.000 1.470 27.413 0.000 0.000 33.176 76.781 130.320 65.923 0.000 0.000 0.000 0.000 0.000 69.643 104.629 34.608 31.589 0.000 0.000 0.000 45.927 39.921 37.916 35.916 23.916 0.000 0.000 0.000 0.000 0.000 0.000 0.000 1.675 59.674 17.674 0.000 0.000 0.000 0.000 0.000 0.000 0.000 0.000 0.000 0.000 0.000 0.000 0.000 0.000 0.000 0.000 0.000 0.000 0.000 0.000 0.000 0.000 0.000 0.000 0.000 0.000 0.000 0.000 0.000 0.000
