results3_8e3_rain/res_3e8f-0160.wd
ncols         241
nrows         181
xllcorner     12693529.787448
yllcorner     3542525.717860
cellsize      155.156523
NODATA_value  -9999.000000
[rows 33 to 65 of 181, columns 73 to 145 of 241]
0.000 0.000 0.000 0.000 0.000 0.000 0.000 0.000 0.000 0.000 0.000 0.000 0.000 0.000 0.000 0.000 0.000 0.000 0.000 0.000 0.000 0.000 0.000 0.000 0.000 0.000 0.000 0.000 0.000 0.000 0.000 0.000 0.000 0.000 0.000 0.000 0.000 0.000 0.000 39.258 62.259 67.261 23.263 0.000 0.000 32.341 46.369 13.349 4.349 36.371 39.387 33.385 34.367 35.332 35.279 35.208 35.117 34.003 39.853 59.619 6.143 14.273 11.563 46.733 63.195 67.723 66.283 66.886 65.423 67.510 62.567 62.174 62.165
0.000 0.000 0.000 0.000 0.000 0.000 0.000 0.000 0.000 0.000 0.000 0.000 0.000 0.000 0.000 0.000 0.000 0.000 0.000 0.000 0.000 0.000 0.000 0.000 0.000 0.000 0.000 0.000 0.000 0.000 0.000 0.000 0.000 0.000 0.000 0.000 0.000 0.000 0.000 0.000 14.260 9.260 0.000 0.000 0.000 0.000 28.461 0.000 0.000 26.412 50.453 49.457 39.441 35.405 35.349 35.272 35.175 34.058 55.926 53.773 0.000 37.114 49.684 63.117 67.600 67.124 66.695 66.204 67.265 63.285 62.580 62.833 65.136
0.000 0.000 0.000 0.000 0.000 0.000 0.000 0.000 0.000 0.000 0.000 0.000 0.000 0.000 0.000 0.000 0.000 0.000 34.785 66.785 19.785 0.000 0.000 0.000 0.000 0.000 0.000 0.000 0.000 0.000 0.000 0.000 0.000 0.000 0.000 0.000 0.000 0.000 0.000 0.000 0.000 0.000 0.000 0.000 0.000 0.000 20.552 0.000 0.000 0.000 28.556 46.551 46.534 37.499 35.441 35.358 33.251 49.129 58.022 0.000 22.771 47.384 61.942 68.450 67.961 67.507 66.989 69.022 65.010 63.113 63.511 65.837 65.084
0.000 0.000 0.000 0.000 0.000 0.000 0.000 0.000 0.000 0.000 0.000 21.787 59.787 0.000 0.000 0.000 0.000 0.000 41.785 92.785 48.785 0.000 0.000 0.000 0.000 0.000 0.000 0.000 0.000 0.000 0.000 0.000 0.000 0.000 0.000 0.000 0.000 0.000 0.000 0.000 0.000 0.000 0.000 0.000 0.000 0.000 23.643 24.684 31.703 17.701 27.664 35.656 48.645 39.616 35.558 32.466 43.341 53.186 42.010 17.681 47.158 64.707 69.252 68.776 68.315 67.777 67.783 66.746 63.758 64.205 66.544 65.797 65.564
0.000 0.000 0.000 0.000 0.000 0.000 0.000 0.000 0.000 0.000 0.000 42.787 77.787 66.787 53.787 8.787 2.786 26.786 80.785 88.785 53.785 0.000 0.000 0.000 0.000 22.725 1.725 0.000 0.000 0.000 0.000 0.000 0.000 0.000 0.000 0.000 0.000 6.728 0.000 0.000 0.000 10.728 28.728 0.000 0.000 39.706 54.693 57.707 55.723 41.736 35.745 34.763 48.774 39.761 31.709 45.608 59.461 47.266 35.150 49.875 54.473 67.037 69.577 69.118 68.568 68.549 66.494 64.514 64.918 67.264 66.523 66.294 65.962
0.000 0.000 0.000 0.000 0.000 0.000 0.000 0.000 0.000 0.000 0.000 13.787 75.787 58.787 39.787 1.787 22.787 72.786 83.785 90.785 49.784 0.000 0.000 0.000 0.000 60.725 44.725 0.000 0.000 0.000 0.000 0.000 0.000 0.000 0.000 0.000 23.728 35.728 37.729 0.000 0.000 19.728 44.728 23.727 37.724 60.719 63.717 64.728 61.746 48.774 35.817 32.878 49.926 40.945 44.911 62.795 56.628 0.000 33.450 52.197 64.822 70.386 69.932 69.374 69.330 67.263 65.397 65.653 68.000 67.269 67.044 66.712 66.381
0.000 0.000 0.000 0.000 0.000 0.000 0.000 0.000 0.000 0.000 0.000 0.000 0.000 26.787 64.787 60.787 48.787 61.786 81.786 92.785 45.784 0.000 0.000 0.000 0.000 22.725 46.725 48.725 0.000 0.000 0.000 0.000 0.000 0.000 0.000 0.000 39.728 40.728 52.729 35.729 24.729 38.728 39.728 35.728 42.727 49.727 47.730 40.740 59.759 25.795 41.873 45.006 35.108 47.181 60.195 57.034 0.042 8.422 45.002 61.639 70.233 70.771 70.218 70.144 67.071 66.447 66.420 68.757 68.035 67.819 67.493 67.161 66.805
0.000 0.000 0.000 0.000 0.000 0.000 0.000 0.000 0.000 0.000 0.000 0.000 0.000 16.787 83.787 78.788 68.788 58.787 82.786 90.784 85.782 70.778 25.776 0.000 0.000 0.000 2.725 56.725 40.725 38.726 49.726 44.726 7.726 0.000 0.000 3.728 39.728 38.729 59.729 65.729 54.729 46.729 38.729 35.729 36.730 37.732 36.736 34.744 42.757 3.776 0.000 4.163 40.321 63.476 61.653 1.067 7.155 44.842 58.496 68.133 71.669 71.229 72.003 67.954 67.742 67.237 69.543 68.824 68.613 68.298 67.979 67.628 67.241
0.000 0.000 0.000 0.000 0.000 0.000 0.000 0.000 0.000 0.000 0.000 0.000 0.000 0.000 16.788 55.788 30.789 66.788 85.787 90.785 88.781 86.777 75.773 34.770 0.000 0.000 0.000 12.725 51.726 51.726 64.726 62.726 55.726 50.726 0.000 0.000 6.728 43.729 62.729 69.729 61.729 45.730 34.730 35.731 35.732 35.734 35.737 35.742 39.747 0.000 0.000 0.000 10.535 47.750 17.238 14.558 49.496 54.292 66.027 72.629 72.479 70.717 69.043 69.409 68.139 70.376 69.646 69.426 69.115 68.812 68.490 68.133 67.707
0.000 0.000 0.000 0.000 0.000 0.000 0.000 0.000 0.000 0.000 0.000 0.000 0.000 0.000 0.000 1.789 87.790 87.790 89.789 89.786 88.781 82.776 76.770 47.767 0.000 0.000 0.000 0.000 0.000 19.726 64.726 58.726 73.726 70.726 49.727 28.727 29.728 38.728 60.729 69.729 60.729 43.730 33.731 38.732 37.733 35.735 35.738 35.740 36.742 28.742 0.000 0.000 0.000 0.000 8.991 52.043 54.974 62.828 73.548 73.658 72.017 73.903 71.651 69.185 71.290 70.519 70.268 69.942 69.640 69.341 69.038 68.708 67.273
0.000 0.000 0.000 0.000 0.000 0.000 22.744 45.742 0.000 23.684 63.674 52.662 56.651 31.644 0.000 0.000 23.793 95.793 89.794 86.790 83.783 86.774 77.766 40.760 0.000 0.000 0.000 0.000 0.000 0.000 0.000 8.726 62.726 63.726 14.726 0.000 5.728 42.729 60.729 65.729 55.729 46.730 44.731 6.732 13.734 41.736 35.738 35.740 36.741 42.741 50.741 12.741 0.000 0.000 24.692 57.648 61.543 72.352 74.566 74.197 77.480 76.057 70.534 72.334 71.472 71.156 70.790 70.465 70.158 69.873 69.612 69.386 75.223
0.000 0.000 0.000 0.000 0.000 0.000 22.747 65.739 7.720 57.695 59.676 71.660 54.647 39.638 0.000 0.000 11.795 80.797 92.802 89.797 89.785 90.771 84.758 38.749 0.000 0.000 0.000 0.000 0.000 0.000 0.000 0.000 0.000 47.726 6.726 0.000 1.728 48.729 45.729 57.729 14.729 0.000 0.000 0.000 0.000 7.737 45.738 39.739 2.740 32.741 66.741 49.741 2.741 0.000 29.445 63.285 72.188 75.309 75.064 79.240 78.495 71.897 73.455 72.498 72.095 71.670 71.301 70.963 70.655 70.380 70.152 70.002 75.009
21.022 65.016 55.011 0.000 0.000 0.000 16.759 76.747 52.725 54.699 60.676 84.655 85.638 80.623 34.609 0.000 0.000 0.000 40.821 94.810 89.791 90.767 87.745 46.729 0.000 0.000 0.000 0.000 0.000 0.000 0.000 0.000 0.000 5.726 0.000 0.000 0.000 0.000 0.000 0.000 0.000 0.000 0.000 0.000 0.000 0.000 0.000 20.740 17.740 0.000 0.000 0.000 0.000 18.857 56.274 73.227 74.903 75.836 80.186 79.792 72.929 74.482 73.514 73.053 72.573 72.157 71.777 71.432 71.118 70.841 70.613 70.463 73.450
21.022 77.015 59.007 54.997 0.000 0.000 3.782 68.765 70.734 70.702 82.672 79.647 91.626 90.608 51.595 0.000 0.000 0.000 16.851 96.832 89.801 90.763 87.725 47.693 0.000 0.000 8.264 56.227 68.187 37.160 0.000 0.000 0.000 0.000 0.000 0.000 0.000 0.000 0.000 0.000 0.000 0.000 0.000 0.000 0.000 0.000 0.000 0.000 5.740 0.000 0.000 0.000 16.821 57.329 74.289 74.872 81.100 80.591 74.203 74.763 75.261 74.440 73.969 73.467 73.017 72.602 72.220 71.869 71.546 71.253 70.997 77.784 18.617
85.025 82.016 61.004 61.988 53.965 0.911 58.823 53.796 61.744 74.703 78.664 89.636 90.610 89.587 58.569 0.000 0.000 0.000 15.900 95.865 89.817 90.761 85.699 65.625 49.509 50.403 50.301 58.231 79.174 46.132 0.000 0.000 0.000 0.000 0.000 0.000 0.000 0.000 0.000 0.000 0.000 0.000 0.000 0.000 0.000 0.000 0.000 0.000 0.000 0.000 14.912 45.689 55.197 74.183 75.773 82.440 81.848 74.752 76.471 75.803 75.260 74.801 74.313 73.855 73.421 73.014 72.634 72.277 71.942 71.629 78.337 24.061 0.000
82.030 77.019 75.004 57.985 61.957 61.918 52.873 45.851 0.000 0.000 20.643 79.623 90.592 88.561 73.524 40.472 0.000 3.072 64.985 85.912 90.840 89.764 90.685 80.598 56.499 53.400 52.306 61.222 79.144 62.064 47.952 48.865 52.800 63.760 27.744 0.000 0.000 0.000 0.000 0.000 0.000 0.000 0.000 0.000 0.000 0.000 0.000 0.000 0.000 0.000 26.112 65.952 73.899 76.547 83.320 82.924 75.476 77.144 76.365 75.992 75.550 75.095 74.649 74.214 73.798 73.401 73.023 72.662 72.317 77.985 24.661 0.000 0.000
71.037 23.025 91.010 61.991 55.959 56.928 58.901 58.884 47.885 0.000 0.000 0.606 24.573 95.543 85.494 63.420 55.300 62.160 61.054 62.960 70.866 71.771 58.677 55.584 53.489 53.393 52.299 61.208 76.118 55.026 51.928 56.842 72.775 75.736 60.729 34.729 0.000 0.000 0.000 0.000 0.000 0.000 0.000 0.000 0.000 0.000 0.000 0.000 0.000 16.950 58.796 74.408 77.248 83.885 83.640 76.173 77.816 77.031 76.673 76.244 75.819 75.392 74.970 74.556 74.155 73.768 73.395 73.033 78.680 24.332 0.000 0.000 0.000
17.045 90.034 91.021 77.010 0.000 3.935 63.917 59.899 70.887 61.877 0.000 0.620 3.579 83.543 80.488 65.415 56.319 53.213 53.112 56.008 68.892 76.778 79.670 72.572 62.478 55.384 54.289 70.192 73.094 47.994 51.893 51.799 52.723 56.681 35.705 0.000 0.000 0.000 6.256 0.000 0.000 0.000 0.000 0.000 0.000 0.000 0.000 20.171 51.842 59.699 73.215 84.544 84.159 77.227 77.822 78.388 77.698 77.334 76.912 76.503 76.093 75.685 75.281 74.886 74.499 74.123 74.755 81.394 25.037 0.000 0.000 0.000 0.000
95.053 91.043 91.032 91.017 77.995 60.960 60.933 60.908 51.887 0.842 17.728 24.679 76.616 73.562 76.501 69.431 70.350 70.262 70.171 73.069 67.914 67.781 69.651 73.557 74.468 72.377 68.280 79.179 77.072 64.962 65.850 65.739 67.637 42.561 0.000 0.000 0.000 0.000 7.256 0.000 0.000 0.000 0.000 0.000 0.000 7.040 54.823 55.391 76.406 76.964 85.610 85.131 79.715 79.431 78.819 78.352 77.974 77.562 77.161 76.761 76.365 75.972 75.585 75.206 74.834 75.468 79.108 11.751 0.000 0.000 0.000 0.000 0.000
94.061 90.054 90.045 91.031 88.009 65.978 59.946 60.913 61.877 53.826 2.760 68.703 65.644 66.586 67.525 62.458 66.387 71.313 79.242 64.184 0.000 0.000 14.594 72.538 68.460 68.374 68.277 68.169 68.054 67.932 67.805 67.670 65.526 60.363 33.146 0.000 8.780 52.557 59.256 70.947 40.708 0.000 0.000 0.000 1.012 56.235 67.031 78.959 79.596 86.345 86.010 80.365 80.042 79.306 78.977 78.587 78.190 77.797 77.405 77.017 76.632 76.253 75.882 75.518 76.161 78.808 26.458 0.000 0.000 0.000 0.000 0.000 0.000
80.068 80.066 80.064 91.052 91.030 80.998 56.961 59.922 60.882 60.836 66.783 75.728 59.670 56.613 54.554 61.491 76.426 75.361 60.300 40.242 0.000 0.000 0.000 0.558 57.459 52.383 52.283 52.168 52.043 52.909 55.766 56.611 56.435 55.220 55.928 54.480 54.003 62.636 69.263 66.878 73.469 70.926 65.414 62.903 65.280 76.897 80.412 80.206 86.838 86.622 81.004 80.658 79.908 79.581 79.186 78.800 78.413 78.028 77.647 77.268 76.894 76.527 76.171 76.825 77.484 16.146 0.000 0.000 0.000 0.000 0.000 0.000 0.000
0.000 46.080 58.093 86.084 90.060 71.023 53.977 52.933 60.893 60.853 59.807 53.755 54.697 60.643 77.586 76.526 59.464 52.407 42.353 0.000 61.933 70.873 66.781 67.663 70.527 73.416 72.303 73.179 76.041 74.894 71.740 73.573 68.382 54.153 57.867 56.508 61.115 78.722 85.282 81.832 75.365 69.890 71.434 77.898 82.751 81.180 87.441 87.091 80.991 82.600 81.185 80.524 80.183 79.785 79.400 79.014 78.633 78.256 77.885 77.516 77.149 77.789 75.451 71.125 22.805 0.000 0.000 0.000 0.000 0.000 0.000 0.000 0.000
0.000 0.000 51.145 70.131 81.104 56.058 47.991 54.939 52.905 59.875 60.839 60.788 53.720 70.675 62.622 51.562 54.499 46.448 0.000 71.081 73.993 73.906 75.806 76.692 79.570 83.453 82.334 82.202 82.047 83.886 84.728 82.559 70.367 56.143 57.880 57.571 57.228 59.852 33.313 5.804 95.265 136.860 114.393 80.326 81.844 88.408 87.969 81.439 84.167 81.582 81.138 80.780 80.385 79.998 79.610 79.225 78.848 78.479 78.120 77.762 79.398 74.030 62.717 17.421 0.000 0.000 0.000 0.000 0.000 0.000 0.000 0.000 45.654
3.380 0.000 6.211 27.190 62.167 44.112 0.000 49.926 54.914 54.902 60.887 49.837 0.000 54.715 52.666 54.600 55.524 65.437 79.317 76.168 78.054 83.950 93.844 137.731 134.607 134.490 134.377 134.251 135.058 118.876 50.727 53.567 51.384 59.174 57.936 54.668 52.375 34.146 0.000 0.000 4.050 61.761 78.773 83.369 89.101 88.782 81.038 82.739 82.037 81.733 81.364 80.981 80.597 80.208 79.818 79.430 79.053 78.694 79.352 78.015 69.650 58.215 15.966 0.000 0.000 0.000 0.000 0.000 0.000 0.000 1.946 36.881 57.765
77.381 25.357 14.299 77.251 55.262 0.000 0.000 0.000 48.922 61.931 53.969 0.000 6.888 62.803 53.728 64.647 77.559 77.460 82.345 85.221 78.105 63.996 54.890 50.780 48.637 51.524 52.434 39.365 0.000 55.833 52.738 51.597 55.427 59.233 56.024 47.790 54.458 35.210 0.000 1.332 57.043 74.063 83.790 89.593 89.372 81.622 83.309 82.604 82.311 81.942 81.573 81.195 80.811 80.421 80.024 79.622 79.240 79.892 75.581 64.295 20.972 0.000 0.000 0.000 0.000 0.000 0.000 0.000 0.000 0.000 5.004 54.943 53.857
87.400 95.392 83.375 0.347 12.367 6.473 1.515 0.520 0.000 0.000 58.089 56.069 63.973 60.883 60.794 60.703 77.604 91.498 80.383 60.265 58.149 53.040 54.940 45.862 0.000 57.536 54.471 43.410 0.000 56.886 51.793 52.658 59.494 57.307 55.136 37.011 0.000 1.700 53.720 51.506 68.292 84.206 89.869 82.557 83.123 83.783 83.179 82.884 82.521 82.162 81.792 81.414 81.030 80.642 80.236 80.793 80.393 70.054 54.785 17.611 0.000 0.000 0.000 0.000 0.000 0.000 0.000 3.373 30.328 29.246 44.119 56.030 43.947
77.428 81.434 71.437 0.000 0.000 71.552 64.551 58.525 2.465 10.370 76.230 73.144 60.053 60.960 60.865 61.764 82.658 134.544 127.426 74.305 129.187 50.075 53.968 53.866 55.750 53.611 53.505 53.393 55.235 51.032 50.890 59.750 58.583 55.364 50.202 39.107 0.000 0.450 55.767 62.601 84.604 83.488 90.226 83.603 84.189 83.738 83.448 83.101 82.752 82.390 82.019 81.639 81.254 80.879 82.485 77.922 59.487 46.145 47.894 13.752 0.000 0.000 0.000 0.000 0.000 0.000 0.000 3.418 39.366 44.290 58.196 52.111 42.031
73.458 68.480 12.502 0.000 2.673 54.631 63.602 60.561 78.499 72.416 77.316 85.226 76.134 61.039 60.940 60.833 59.718 53.596 48.470 53.343 50.220 54.103 53.992 53.884 53.772 53.655 53.543 53.423 52.280 57.118 58.984 59.867 43.725 0.000 43.202 0.000 0.000 0.402 59.937 81.857 85.862 91.210 90.751 83.694 84.347 83.988 83.674 83.340 82.990 82.628 82.256 81.869 81.470 80.134 41.904 0.000 0.000 0.000 0.000 0.000 0.000 0.000 0.000 35.816 30.779 29.717 28.631 32.513 41.430 57.350 51.267 42.186 52.110
65.486 56.527 61.588 6.687 59.714 55.699 54.667 72.618 65.554 81.478 90.393 70.308 56.219 54.124 57.021 59.909 60.786 60.653 53.514 52.377 53.247 53.126 54.013 53.905 53.800 58.695 55.589 52.476 53.344 56.175 60.062 49.009 0.000 0.000 0.000 0.000 15.614 135.494 79.215 86.238 84.211 91.616 83.514 86.032 87.516 84.242 83.925 83.593 83.242 82.876 83.507 80.111 67.621 58.283 16.094 0.000 0.000 0.000 0.000 0.000 0.000 0.000 37.897 37.854 37.804 38.741 38.663 39.574 53.492 53.412 37.334 40.258 42.184
40.502 41.554 35.634 59.760 55.796 54.785 65.747 69.690 80.622 87.548 53.472 52.393 53.309 55.217 54.113 50.996 58.863 59.716 60.558 59.404 53.265 52.140 51.028 51.925 57.828 116.734 84.643 64.547 47.445 0.000 62.081 70.099 0.000 0.000 0.000 0.000 59.736 70.631 87.513 85.548 92.323 91.983 84.603 85.133 85.798 84.505 84.193 83.863 83.511 84.126 82.785 35.448 0.000 0.000 0.000 0.000 0.000 0.000 0.000 0.000 0.000 0.000 44.940 40.897 37.843 38.780 36.707 48.629 55.551 39.474 40.399 48.326 46.255
0.000 0.000 0.000 52.925 55.924 57.898 78.846 89.772 103.695 85.622 14.553 71.483 71.407 55.320 55.219 54.098 51.956 54.789 60.597 58.416 59.267 61.143 59.034 56.938 52.851 47.773 52.700 47.624 0.000 0.000 0.000 56.207 48.234 0.000 0.000 2.161 69.963 86.817 86.891 84.907 92.634 84.326 86.827 88.334 85.076 84.785 84.480 84.156 83.812 81.332 36.058 0.000 0.000 0.000 0.000 0.000 0.000 0.000 0.000 0.000 0.000 44.102 14.026 1.963 45.892 35.827 46.757 58.683 46.609 41.535 46.462 50.392 43.323
0.000 0.000 0.000 51.091 57.076 73.037 83.966 131.858 125.764 127.692 133.635 129.580 130.516 55.439 55.343 54.223 54.072 52.886 47.626 57.396 59.246 60.129 58.029 59.942 59.867 60.805 53.763 0.000 0.000 0.000 0.000 57.289 42.261 0.000 0.000 61.320 83.189 87.141 86.128 93.200 92.925 85.384 85.931 86.621 85.358 85.082 84.786 85.469 60.249 0.000 0.000 0.000 0.000 0.000 0.000 0.000 0.000 0.000 56.406 45.359 35.283 39.177 39.094 40.022 39.949 42.880 55.809 52.738 47.666 48.594 46.524 44.455 40.388
17.349 0.000 0.000 52.272 69.252 77.209 83.125 53.931 52.809 51.748 48.715 49.684 49.640 55.577 55.491 71.377 71.226 47.056 0.000 44.294 57.193 59.100 57.009 58.933 58.870 59.818 55.783 0.000 0.623 1.573 55.505 40.397 0.000 0.000 62.708 71.556 88.427 87.336 86.517 93.457 85.059 87.587 90.123 85.900 85.651 85.399 84.115 71.683 30.466 0.000 0.000 0.000 0.000 0.000 42.649 37.628 37.589 37.532 41.454 53.387 56.313 42.229 37.151 39.077 41.004 55.934 54.863 40.793 49.722 50.653 49.584 42.517 38.451
