results3_8e3_rain/res_3e8f-0185.wd
ncols         241
nrows         181
xllcorner     12693529.787448
yllcorner     3542525.717860
cellsize      155.156523
NODATA_value  -9999.000000
[rows 99 to 131 of 181, columns 0 to 72 of 241]
0.000 0.000 0.000 0.000 0.000 61.135 101.135 103.135 94.135 89.135 0.000 0.000 0.000 0.000 0.000 3.132 2.132 69.132 66.132 0.000 0.000 2.132 5.132 64.132 63.132 4.132 0.000 0.000 0.000 11.087 0.000 0.000 0.000 0.000 16.945 62.941 58.932 57.914 58.891 59.864 72.836 61.804 65.769 57.732 59.690 57.646 58.598 63.548 64.496 62.441 66.385 59.328 59.270 61.211 64.147 78.078 79.019 63.972 49.928 0.000 0.000 0.000 0.000 0.000 27.986 82.981 79.970 66.953 41.929 36.905 80.882 57.859 59.836
0.000 0.000 0.000 0.000 0.000 62.136 102.136 102.135 0.000 0.000 0.000 0.000 0.000 0.000 0.000 2.132 14.132 80.132 69.132 7.132 4.132 4.132 67.132 66.132 70.132 1.132 0.000 0.000 0.000 69.087 61.087 0.000 0.000 0.041 75.988 85.982 71.973 64.959 58.941 60.918 79.892 64.862 70.828 70.791 61.750 76.705 68.657 69.607 59.553 67.497 67.440 65.382 59.324 60.266 64.202 61.109 23.045 13.008 0.000 0.000 0.000 0.000 0.000 31.003 67.998 79.992 86.984 76.972 52.957 53.940 67.922 58.903 59.883
7.137 0.137 0.000 0.000 0.000 49.136 98.136 107.136 17.136 0.000 0.000 0.000 0.000 0.000 0.000 1.133 3.133 87.132 68.132 69.132 71.132 68.132 65.132 66.132 64.132 2.132 0.000 0.000 0.000 62.087 62.087 63.085 62.077 62.063 61.036 71.026 80.019 27.009 90.994 80.976 85.952 70.924 15.891 86.854 84.813 83.768 87.720 76.668 59.612 62.555 67.496 67.436 64.378 60.327 49.287 0.000 0.000 0.000 0.000 0.000 0.000 0.000 0.000 41.009 68.009 68.006 79.002 77.995 60.986 60.975 59.963 59.948 59.932
75.137 78.137 10.137 0.000 0.000 59.136 98.136 103.136 113.136 18.135 0.000 0.000 0.000 0.000 9.133 9.133 7.133 24.133 72.132 69.132 87.132 101.132 76.132 61.132 0.132 0.000 0.000 0.000 0.000 0.000 61.089 62.092 62.084 62.075 62.067 61.069 61.068 60.063 61.053 66.038 78.017 71.990 14.958 86.922 87.880 65.835 72.785 89.732 83.674 70.614 60.552 66.489 67.426 70.376 55.331 0.000 0.000 0.000 0.000 0.000 0.000 0.000 0.000 3.015 19.021 65.023 62.022 62.020 60.017 60.012 60.005 59.995 59.983
89.137 72.137 72.137 74.137 76.136 95.136 103.136 103.136 103.136 105.135 79.135 18.135 1.134 67.134 74.133 75.133 37.133 32.133 95.132 103.132 98.132 94.132 77.132 1.132 0.000 0.000 0.000 0.000 0.000 0.000 0.000 62.107 61.092 60.085 61.088 62.114 62.121 62.122 62.117 63.105 82.087 77.062 60.030 61.993 72.952 83.905 60.855 72.800 73.739 66.674 86.609 69.541 61.462 2.419 0.000 0.000 0.000 0.000 0.000 0.000 0.000 0.000 0.000 0.000 11.039 65.041 60.044 60.047 60.050 60.051 60.050 58.045 56.037
104.137 94.137 75.137 79.137 97.136 103.136 103.136 103.136 103.136 98.135 70.135 76.135 4.134 58.134 93.133 101.133 101.133 85.133 100.132 107.132 17.132 0.000 0.000 0.000 0.000 0.000 0.000 0.000 0.000 0.000 0.000 62.139 0.000 0.000 0.000 63.176 62.181 62.186 62.187 63.180 79.164 84.140 61.108 62.070 62.027 79.980 80.930 58.874 66.809 85.733 77.668 55.604 0.000 0.000 0.000 0.000 0.000 0.000 0.000 0.000 0.000 0.000 0.000 0.000 8.055 65.058 60.065 60.074 60.085 59.093 58.098 63.098 64.095
104.137 104.137 99.137 102.137 103.137 103.136 103.136 103.136 103.136 99.135 74.135 91.135 0.000 0.000 71.133 95.133 103.133 104.133 103.132 108.132 11.132 0.000 0.000 0.000 0.000 0.000 0.000 0.000 0.000 0.000 0.000 62.170 1.197 1.218 64.234 62.233 62.242 62.255 62.264 62.263 79.250 84.226 61.192 62.151 62.107 63.059 84.009 77.956 84.890 74.783 55.726 0.000 0.000 0.000 0.000 0.000 0.000 0.000 0.000 0.000 0.000 0.000 0.000 0.000 63.067 60.072 60.083 60.100 60.123 59.139 61.149 65.156 66.158
102.137 103.137 103.137 103.137 103.137 103.137 103.136 103.136 103.136 104.135 99.135 106.135 30.134 9.134 59.133 78.133 101.133 103.133 104.132 92.132 6.132 0.000 0.000 0.000 0.000 0.000 0.000 0.000 0.000 0.000 0.000 56.186 61.203 61.223 60.245 62.278 62.301 62.327 62.351 62.359 79.348 84.321 61.282 62.237 62.189 62.141 67.093 90.049 70.013 0.000 0.000 0.000 0.000 0.000 0.000 0.000 0.000 0.000 0.000 0.000 0.000 0.000 0.000 0.000 16.074 67.081 63.093 64.120 62.168 58.190 65.204 66.216 64.226
99.137 104.137 103.137 103.137 103.137 103.137 103.137 103.136 103.136 103.136 104.135 97.135 81.134 72.134 66.133 93.133 103.133 103.132 108.132 11.132 0.000 0.000 0.000 0.000 0.000 0.000 0.000 0.000 0.000 0.000 0.000 0.000 0.000 0.000 0.000 62.333 62.357 62.400 62.454 62.474 78.462 85.427 62.379 62.325 62.271 62.221 62.175 68.134 21.101 0.000 0.000 0.000 0.000 0.000 0.000 0.000 0.000 0.000 0.000 0.000 0.000 0.000 0.000 0.000 0.000 4.085 2.089 0.000 8.238 67.248 65.262 66.279 63.299
99.138 104.138 103.138 103.137 103.137 103.137 103.137 103.136 103.136 103.136 104.135 89.135 68.134 67.134 76.133 100.133 103.133 103.132 109.132 14.132 5.132 0.000 0.000 0.000 0.000 0.000 0.000 0.000 0.000 0.000 0.000 0.000 0.000 0.000 0.000 58.363 62.394 59.462 62.592 62.620 81.598 85.547 62.481 62.413 62.351 62.297 62.251 59.210 9.155 0.000 0.000 0.000 0.000 0.000 0.000 0.000 0.000 0.000 0.000 0.000 0.000 59.382 0.000 0.000 0.000 0.000 0.000 1.324 63.298 64.302 66.317 66.340 63.372
102.138 103.138 103.138 103.138 103.138 103.137 103.137 103.137 103.136 103.136 103.135 100.135 77.134 78.134 95.133 102.133 103.132 103.132 110.132 27.132 0.000 0.000 0.000 0.000 0.000 0.000 0.000 0.000 0.000 0.000 0.000 0.000 0.000 0.000 0.000 0.000 58.394 0.000 61.833 62.815 90.763 77.682 62.586 62.496 62.422 75.365 65.323 60.299 0.000 0.000 0.000 0.000 0.000 0.000 0.000 0.000 0.000 0.000 0.000 0.000 11.382 70.382 55.382 0.000 0.000 0.000 1.360 64.348 67.339 66.345 63.362 59.393 59.439
103.138 103.138 103.138 103.138 103.138 103.138 103.137 103.137 103.137 103.136 103.136 103.135 105.134 105.134 104.133 103.133 103.132 105.132 94.131 37.131 0.000 0.000 0.000 0.000 0.000 0.000 0.000 0.000 0.000 0.000 0.000 0.000 0.000 0.000 0.000 0.000 0.000 0.000 62.093 63.044 96.957 65.833 62.685 62.562 74.475 83.416 62.379 62.364 61.380 0.000 0.000 0.000 0.000 0.000 0.000 0.000 0.000 0.000 0.000 0.000 0.000 66.382 67.382 54.381 1.380 60.377 62.371 66.366 65.366 63.375 62.395 58.430 66.487
102.139 101.139 103.139 103.139 103.138 103.138 103.138 103.137 103.137 103.136 103.136 103.135 103.134 103.134 103.133 103.132 104.132 87.131 15.131 6.131 64.130 78.130 24.130 0.000 0.000 5.130 0.000 0.000 0.000 0.000 0.000 0.000 0.000 0.000 0.000 4.126 4.099 0.942 58.400 69.312 92.188 63.006 59.761 62.592 62.502 62.447 62.413 62.397 62.396 59.396 0.000 0.000 0.000 0.000 0.000 0.000 0.000 0.000 0.000 0.000 0.383 61.382 57.382 63.382 58.381 66.380 66.379 65.379 61.383 64.394 59.414 58.447 58.502
92.139 92.139 101.139 103.139 103.139 103.139 103.138 103.138 103.137 103.137 103.136 104.135 105.135 103.134 103.133 103.132 103.131 25.131 9.130 64.130 74.130 84.130 83.130 76.130 68.130 9.130 0.000 0.000 0.000 0.000 0.000 0.000 0.000 0.000 4.172 63.153 66.105 65.984 62.751 61.615 70.477 58.241 0.000 58.542 62.493 62.455 62.430 62.415 61.410 0.000 0.000 0.000 0.000 0.000 0.000 0.000 63.383 74.383 0.000 0.000 62.383 60.383 60.383 57.383 65.383 66.383 66.384 63.387 66.394 66.404 64.419 59.440 48.461
74.140 79.140 98.140 104.140 103.140 103.139 103.139 103.138 103.138 103.137 105.136 91.136 87.135 102.134 107.133 104.132 99.131 81.130 84.130 90.130 84.130 85.130 64.130 57.130 3.130 0.130 0.000 0.000 0.000 0.000 0.000 0.132 1.132 0.000 54.191 60.210 63.182 63.111 63.004 62.921 64.864 0.000 0.000 0.000 57.472 62.451 62.435 62.425 62.420 0.420 0.000 0.000 0.000 0.000 0.000 23.383 80.383 62.383 60.383 60.383 60.383 60.383 58.383 63.384 66.384 66.386 62.388 66.393 66.400 65.409 59.420 60.432 50.442
58.140 73.140 92.141 105.141 106.140 106.140 104.140 103.139 104.138 103.138 104.137 42.136 13.135 61.134 79.132 100.131 107.130 105.129 105.129 91.129 14.129 0.000 0.000 0.000 0.000 0.000 0.000 0.000 0.000 9.132 11.132 1.132 1.132 1.132 0.000 59.312 63.303 61.274 62.232 64.201 65.193 0.000 0.000 0.000 0.000 55.443 62.435 62.429 59.424 0.000 0.000 0.000 0.000 0.000 0.000 0.000 22.383 76.383 59.383 59.383 60.383 59.383 59.384 65.384 66.385 64.387 52.390 5.396 70.404 64.412 64.419 64.427 50.432
22.140 44.141 77.141 83.141 77.141 79.141 96.140 104.140 100.139 93.138 92.137 27.137 0.000 0.000 0.000 37.130 72.129 98.128 105.127 2.128 0.000 0.000 0.000 0.000 0.000 0.000 0.000 0.000 0.000 51.132 72.132 17.132 2.132 1.132 0.000 59.424 65.445 64.450 73.447 74.460 64.514 9.670 0.000 0.000 0.000 0.000 59.433 60.431 0.000 0.000 0.000 0.000 0.000 0.000 0.000 0.000 0.000 81.383 84.383 64.383 58.383 56.383 66.384 66.384 61.384 0.000 0.000 0.000 11.409 69.415 66.419 66.424 56.427
0.000 0.000 58.143 67.143 19.142 5.142 68.141 97.141 88.140 84.139 98.138 65.137 25.136 0.000 0.000 0.000 0.000 43.125 74.123 0.000 0.000 0.000 0.000 0.000 0.000 0.000 0.000 0.000 0.000 0.000 56.132 74.132 5.132 0.000 0.000 50.514 64.604 62.632 92.649 85.677 63.732 65.827 11.931 0.000 0.000 0.000 54.433 0.000 0.000 0.000 0.000 0.000 0.000 0.000 0.000 0.000 0.000 0.000 69.383 86.383 71.383 65.383 66.384 61.384 0.000 0.000 0.000 0.000 0.000 61.418 66.420 66.422 61.424
0.000 0.000 54.145 99.144 56.144 5.143 57.142 89.141 91.140 102.139 104.138 107.137 113.136 52.134 21.132 0.000 0.000 0.000 14.118 9.114 0.104 2.095 0.000 0.000 0.000 0.000 0.000 0.000 0.000 0.000 57.132 72.132 2.132 9.132 13.132 0.000 57.824 65.827 95.839 77.865 65.911 64.975 70.034 0.000 0.000 0.000 0.000 0.000 0.000 0.000 0.000 0.000 0.000 0.000 0.000 0.000 0.000 0.000 0.000 7.383 74.383 64.383 62.383 0.000 0.000 0.000 0.000 0.419 60.419 59.419 61.420 55.421 0.000
27.149 42.148 76.147 94.146 102.145 71.144 84.143 107.142 104.141 103.140 103.139 103.137 103.135 109.133 112.131 68.127 27.123 9.119 72.115 86.110 79.102 81.095 37.087 13.080 10.075 0.000 0.000 0.000 0.000 0.000 36.132 58.132 64.132 64.132 67.132 26.132 59.041 88.014 90.015 67.035 65.072 65.126 68.198 13.315 8.366 0.000 0.000 0.000 0.000 0.000 0.000 0.000 0.000 0.000 0.000 0.000 0.000 0.000 0.000 0.000 0.383 0.383 8.383 0.000 0.000 0.000 0.000 62.419 57.419 55.419 0.000 0.000 0.000
100.149 103.149 103.148 101.147 99.147 100.146 102.145 102.144 103.142 104.141 104.139 103.138 96.136 100.133 103.130 107.127 111.123 112.119 104.115 100.109 97.102 92.095 94.086 87.078 43.069 21.061 0.000 0.000 0.000 0.000 0.000 0.000 0.000 0.000 0.000 83.224 72.192 101.173 92.172 79.187 66.217 65.260 65.316 69.380 65.417 0.000 0.000 0.000 0.000 0.000 0.000 0.000 0.000 0.000 0.000 0.000 0.000 0.000 0.000 0.000 0.000 0.000 0.000 0.000 0.000 0.000 0.000 0.000 0.000 0.000 0.000 0.000 0.000
103.151 98.150 96.150 95.149 89.148 86.147 87.146 87.145 93.143 98.142 98.140 91.138 75.136 90.134 103.131 103.127 103.124 103.120 103.115 103.110 104.103 104.095 107.086 108.076 108.065 108.052 47.037 0.000 0.000 0.000 0.000 0.000 0.000 0.000 0.000 55.348 81.331 86.315 70.312 87.323 75.347 65.382 65.426 68.472 11.506 0.000 0.780 0.788 0.000 0.000 0.000 0.000 0.000 0.000 0.000 0.000 0.000 0.000 0.000 0.000 0.000 0.000 0.000 0.000 0.000 0.000 0.000 0.000 0.000 0.000 0.000 0.000 0.000
73.152 46.152 68.151 82.150 80.150 60.149 45.148 41.146 61.145 78.143 77.141 70.139 65.137 75.134 96.131 104.128 103.125 103.121 103.116 103.111 103.105 107.097 82.086 70.074 69.061 73.045 76.023 14.986 3.949 0.604 0.431 0.000 0.000 0.000 0.000 53.490 89.466 72.445 64.439 74.447 85.467 69.496 65.533 65.576 71.629 15.721 9.772 1.796 0.813 6.812 4.812 0.000 0.000 0.000 0.000 0.000 0.000 0.000 0.000 0.000 0.000 0.000 0.000 0.000 0.000 0.000 0.000 0.000 0.000 0.000 0.000 0.000 0.000
63.154 34.153 56.153 71.152 67.151 44.150 30.149 34.148 54.146 68.145 66.143 66.140 67.138 65.135 84.133 101.129 103.126 103.122 103.118 103.114 102.109 65.103 0.000 0.000 0.000 0.000 0.000 0.000 0.000 59.912 79.897 31.876 17.854 13.825 60.767 77.656 94.599 71.559 65.552 63.559 80.577 82.602 68.634 65.670 65.713 68.763 77.797 15.817 10.829 0.000 19.812 0.000 0.000 0.000 0.000 0.000 0.000 0.000 0.000 0.000 0.000 0.000 0.000 0.000 0.000 0.000 0.000 0.000 0.000 0.000 0.000 0.000 0.000
76.156 72.155 67.155 66.154 67.153 69.152 70.151 73.150 72.148 68.146 67.144 67.142 67.139 66.137 73.134 95.131 104.128 103.124 105.121 77.117 43.113 0.000 0.000 0.000 0.000 0.000 0.000 0.000 0.000 24.902 46.892 49.876 53.861 67.853 64.821 85.767 82.716 56.642 63.649 65.661 67.679 80.702 72.729 67.759 65.790 64.819 81.838 72.845 66.845 0.000 0.000 0.000 0.000 0.000 0.000 0.000 0.000 0.000 0.000 0.000 0.000 0.000 0.000 0.000 0.000 0.000 0.000 0.000 0.000 0.000 0.000 0.000 0.000
66.158 67.158 67.157 67.156 67.156 67.154 67.153 67.152 67.150 67.148 67.146 67.144 67.141 67.138 65.135 86.132 103.129 105.126 101.124 27.122 0.000 0.000 0.000 0.000 0.000 0.000 0.000 0.000 0.000 0.000 0.000 0.000 0.000 51.905 68.898 94.876 68.855 0.000 51.743 66.757 64.776 68.798 69.822 78.846 67.868 65.886 64.891 60.880 1.863 0.000 0.000 0.000 0.000 0.000 0.000 0.000 0.000 0.000 0.000 0.000 0.000 0.000 0.000 0.000 0.000 0.000 0.000 0.000 0.000 0.000 0.000 0.000 25.439
67.160 67.160 67.160 67.159 67.158 67.157 67.155 66.154 66.152 67.150 67.148 67.145 67.143 67.140 66.137 74.134 89.131 100.128 88.126 14.124 0.000 0.000 0.000 0.000 0.000 0.000 0.000 0.000 0.000 0.000 0.000 0.000 0.000 28.964 77.989 102.983 12.973 0.000 49.824 67.847 65.870 64.892 72.914 83.934 71.952 65.964 69.961 2.920 0.000 0.000 0.000 0.000 0.000 0.000 0.000 0.000 0.000 0.000 0.000 0.000 0.000 0.000 0.000 0.000 0.000 0.000 0.000 0.000 0.000 0.000 0.000 0.000 82.518
67.163 67.163 67.162 67.161 67.161 67.159 67.158 71.156 72.154 68.152 67.150 67.148 67.145 67.142 67.139 66.135 69.132 78.129 78.127 19.125 0.000 0.000 0.000 0.000 0.000 0.000 20.788 0.000 0.000 0.000 0.000 0.000 0.000 1.133 82.111 97.093 20.082 0.000 33.881 64.938 65.966 65.987 65.006 70.025 72.043 68.058 70.067 0.000 0.000 0.000 0.000 0.000 0.000 0.000 0.000 0.000 0.000 0.000 0.000 0.000 0.000 0.000 0.000 0.000 0.000 0.000 0.000 0.000 0.000 0.000 0.000 66.740 75.649
67.166 67.166 67.165 67.164 67.163 67.162 66.161 78.159 83.157 70.155 67.153 67.150 67.147 67.144 67.140 67.137 67.133 66.130 69.127 50.124 0.000 0.000 0.000 0.000 0.000 62.789 83.788 45.786 36.778 35.766 0.000 0.000 0.000 63.310 105.240 79.197 79.180 6.200 0.000 51.057 68.069 66.084 66.100 64.117 80.136 84.158 78.183 1.283 0.000 0.000 0.000 0.000 0.000 0.000 0.000 0.000 0.000 0.000 0.000 0.000 0.000 0.000 0.000 0.000 0.000 0.000 0.000 0.000 0.000 0.000 40.903 91.831 77.757
67.169 67.169 67.168 67.167 67.166 67.165 66.164 79.162 85.160 69.158 67.155 67.152 67.149 67.146 67.142 67.138 67.134 67.130 67.126 73.121 44.116 0.000 0.000 0.000 2.789 25.789 40.790 62.792 70.780 74.755 48.707 24.641 59.552 97.426 95.341 75.276 57.240 15.220 0.000 51.164 68.169 67.179 70.191 65.207 74.227 97.253 94.292 39.364 3.420 19.446 0.000 0.000 0.000 0.000 0.000 0.000 0.000 37.300 67.302 71.305 0.000 0.000 80.341 141.344 0.000 0.000 0.000 0.000 0.000 0.000 77.975 133.924 116.863
64.172 65.172 66.172 66.171 67.170 67.169 65.167 80.165 83.163 66.161 67.158 67.155 67.152 67.148 67.145 67.140 67.136 67.131 67.125 67.119 73.111 53.101 4.094 0.000 0.000 0.000 0.000 38.812 69.797 65.768 68.723 72.664 84.589 101.501 85.422 53.327 3.283 0.000 0.000 50.265 67.266 70.271 83.280 69.293 79.311 80.336 99.369 103.412 86.450 36.472 0.000 0.000 0.000 0.000 0.000 0.000 0.000 0.000 28.305 56.310 70.318 102.328 140.340 63.350 0.000 0.000 0.000 0.000 0.000 64.186 74.097 75.028 77.964
85.176 80.176 75.175 73.174 69.173 65.172 65.171 80.169 83.167 65.164 67.161 67.158 67.155 67.151 67.147 67.142 66.137 65.132 66.125 66.118 66.109 72.098 49.086 26.071 1.055 0.000 0.000 37.847 75.827 69.796 64.755 77.703 100.640 94.567 62.517 0.000 0.000 0.000 0.000 48.364 66.359 71.359 78.364 73.374 78.390 77.410 90.436 84.466 77.495 50.521 5.552 0.000 0.000 0.000 0.000 0.000 0.000 0.000 0.000 24.313 102.320 105.329 108.343 0.256 10.822 0.000 0.000 7.350 41.350 69.275 138.198 102.136 134.024
105.180 104.180 100.179 95.178 91.177 86.176 81.174 77.173 72.170 66.168 67.165 67.162 67.158 67.154 66.150 68.145 74.140 79.133 78.126 76.118 70.108 65.096 69.082 75.064 39.038 20.003 23.961 57.903 80.867 71.834 67.797 90.754 102.699 58.610 3.564 0.000 0.000 11.543 18.524 52.469 65.448 70.442 86.443 76.451 69.462 62.478 68.498 86.520 83.543 89.565 8.584 0.000 0.000 0.000 0.000 0.000 0.000 0.000 0.000 0.000 0.000 0.000 0.000 0.000 7.859 0.000 0.000 0.000 76.424 67.365 77.300 100.197 76.374
