results3_8e3_rain/res_3e8f-0052.wd
ncols         241
nrows         181
xllcorner     12693529.787448
yllcorner     3542525.717860
cellsize      155.156523
NODATA_value  -9999.000000
[rows 33 to 65 of 181, columns 74 to 147 of 241]
0.000 0.000 0.000 0.000 0.000 0.000 0.000 0.000 0.000 0.000 0.000 0.000 0.000 0.000 0.000 0.000 0.000 0.000 0.000 0.000 0.000 0.000 0.000 0.000 0.000 0.000 0.000 0.000 0.000 0.000 0.000 0.000 0.000 0.000 0.000 0.000 0.000 0.000 32.959 55.960 60.961 16.962 0.000 0.000 26.016 40.033 7.021 0.000 30.052 33.058 27.056 28.045 29.024 28.993 28.953 28.909 27.866 33.835 53.822 0.594 6.680 4.404 39.893 56.460 61.061 59.690 60.358 58.958 61.106 56.215 55.803 55.859 58.172 57.440
0.000 0.000 0.000 0.000 0.000 0.000 0.000 0.000 0.000 0.000 0.000 0.000 0.000 0.000 0.000 0.000 0.000 0.000 0.000 0.000 0.000 0.000 0.000 0.000 0.000 0.000 0.000 0.000 0.000 0.000 0.000 0.000 0.000 0.000 0.000 0.000 0.000 0.000 0.000 7.960 2.960 0.000 0.000 0.000 0.000 22.086 0.000 0.000 20.074 44.096 43.097 33.086 29.061 29.021 28.968 28.904 27.838 49.792 47.807 0.000 29.908 42.637 56.235 60.823 60.423 60.059 59.628 60.748 56.818 56.092 56.408 58.756 58.036 57.833
0.000 0.000 0.000 0.000 0.000 0.000 0.000 0.000 0.000 0.000 0.000 0.000 0.000 0.000 0.000 0.000 0.000 26.638 58.638 11.638 0.000 0.000 0.000 0.000 0.000 0.000 0.000 0.000 0.000 0.000 0.000 0.000 0.000 0.000 0.000 0.000 0.000 0.000 0.000 0.000 0.000 0.000 0.000 0.000 0.000 14.140 0.000 0.000 0.000 22.156 40.152 40.139 31.112 29.064 28.993 26.900 42.790 51.690 0.000 15.879 40.406 55.002 61.587 61.169 60.778 60.316 62.404 58.437 56.510 56.969 59.335 58.620 58.425 58.138
0.000 0.000 0.000 0.000 0.000 0.000 0.000 0.000 0.000 0.000 13.634 51.634 0.000 0.000 0.000 0.000 0.000 33.638 84.638 40.638 0.000 0.000 0.000 0.000 0.000 0.000 0.000 0.000 0.000 0.000 0.000 0.000 0.000 0.000 0.000 0.000 0.000 0.000 0.000 0.000 0.000 0.000 0.000 0.000 0.000 17.193 18.220 25.234 11.236 21.219 29.216 42.209 33.183 29.130 26.041 36.913 46.734 35.486 11.000 40.351 57.837 62.380 61.937 61.519 61.025 61.078 60.079 57.044 57.549 59.922 59.208 59.015 58.728 58.457
0.000 0.000 0.000 0.000 0.000 0.000 0.000 0.000 0.000 0.000 34.634 69.635 58.635 45.636 0.634 0.000 18.639 72.639 80.639 45.639 0.000 0.000 0.000 0.000 16.198 0.000 0.000 0.000 0.000 0.000 0.000 0.000 0.000 0.000 0.000 0.000 0.217 0.000 0.000 0.000 4.227 22.228 0.000 0.000 33.226 48.221 51.232 49.245 35.257 29.268 28.284 42.296 33.283 25.231 39.129 52.977 40.745 28.523 43.161 47.689 60.210 62.739 62.291 61.764 61.777 59.748 57.695 58.157 60.529 59.812 59.614 59.322 59.045 58.769
0.000 0.000 0.000 0.000 0.000 0.000 0.000 0.000 0.000 0.000 5.635 67.635 50.636 31.636 0.000 14.640 64.640 75.640 82.640 41.639 0.000 0.000 0.000 0.000 54.198 38.198 0.000 0.000 0.000 0.000 0.000 0.000 0.000 0.000 0.000 17.221 29.221 31.222 0.000 0.000 13.227 38.228 17.229 31.230 54.231 57.233 58.242 55.257 42.280 29.311 26.355 43.408 34.422 38.382 56.267 50.122 0.000 26.700 45.434 58.033 63.573 63.106 62.547 62.515 60.457 58.481 58.801 61.162 60.441 60.237 59.935 59.645 59.356 59.076
0.000 0.000 0.000 0.000 0.000 0.000 0.000 0.000 0.000 0.000 0.000 0.000 18.637 56.638 52.639 40.640 53.640 73.640 84.640 37.640 0.000 0.000 0.000 0.000 16.198 40.198 42.199 0.000 0.000 0.000 0.000 0.000 0.000 0.000 0.000 33.221 34.221 46.222 29.223 18.225 32.226 33.228 29.230 36.231 43.234 41.238 34.246 53.262 19.294 35.341 38.419 28.560 40.616 53.606 50.437 0.000 1.793 38.144 54.841 63.437 63.960 63.392 63.310 60.226 59.446 59.495 61.834 61.107 60.893 60.579 60.274 59.964 59.659 59.373
0.000 0.000 0.000 0.000 0.000 0.000 0.000 0.000 0.000 0.000 0.000 0.000 8.638 75.638 70.640 60.641 50.642 74.642 82.642 77.641 62.640 17.640 0.000 0.000 0.000 0.000 50.200 34.200 32.201 43.201 38.202 1.202 0.000 0.000 0.000 33.221 32.221 53.222 59.223 48.225 40.226 32.228 29.230 30.232 31.235 30.239 28.244 36.250 0.000 0.000 0.000 33.795 56.877 54.990 0.000 0.775 38.149 51.740 61.362 64.882 64.419 65.172 61.093 60.679 60.261 62.559 61.820 61.591 61.263 60.942 60.612 60.277 59.944 59.649
0.000 0.000 0.000 0.000 0.000 0.000 0.000 0.000 0.000 0.000 0.000 0.000 0.000 8.639 47.640 22.642 58.643 77.644 82.643 80.642 78.641 67.639 26.638 0.000 0.000 0.000 6.200 45.200 45.201 58.202 56.202 49.203 44.204 0.000 0.000 0.218 37.221 56.222 63.223 55.224 39.226 28.228 29.230 29.232 29.235 29.238 29.241 33.244 0.000 0.000 0.000 3.950 41.105 10.488 8.015 43.023 47.667 59.324 65.886 65.706 63.909 62.193 62.329 61.140 63.360 62.596 62.341 61.993 61.656 61.311 60.957 60.587 60.192 60.868
0.000 0.000 0.000 0.000 0.000 0.000 0.000 0.000 0.000 0.000 0.000 0.000 0.000 0.000 0.000 79.646 79.646 81.647 81.646 80.644 74.641 68.639 39.637 0.000 0.000 0.000 0.000 0.000 13.201 58.202 52.203 67.204 64.205 43.207 22.211 23.215 32.219 54.221 63.222 54.224 37.225 27.227 32.230 31.233 29.235 29.237 29.239 30.240 22.240 0.000 0.000 0.000 0.000 2.592 45.534 48.421 56.198 66.860 66.932 65.268 67.080 64.643 62.198 64.271 63.455 63.156 62.777 62.416 62.053 61.688 61.319 59.923 68.370 65.995
0.000 0.000 0.000 0.000 0.000 14.228 37.228 0.000 15.192 55.188 44.184 48.180 23.177 0.000 0.000 15.648 87.649 81.651 78.650 75.646 78.642 69.638 32.635 0.000 0.000 0.000 0.000 0.000 0.000 0.000 2.203 56.204 57.205 8.206 0.000 0.000 36.220 54.221 59.222 49.223 40.225 38.226 0.229 7.234 35.235 29.237 29.238 30.239 36.239 44.239 6.238 0.000 0.000 18.275 51.110 54.941 65.696 67.870 67.486 70.848 69.390 63.606 65.341 64.422 64.049 63.622 63.226 62.836 62.451 62.070 61.707 67.414 0.000 0.000
0.000 0.000 0.000 0.000 0.000 14.228 57.229 0.000 49.195 51.190 63.184 46.179 31.175 0.000 0.000 3.650 72.652 84.658 81.656 81.650 82.643 76.635 30.630 0.000 0.000 0.000 0.000 0.000 0.000 0.000 0.000 0.000 41.205 0.203 0.000 0.000 42.221 39.221 51.222 8.223 0.000 0.000 0.000 0.000 1.236 39.237 33.237 0.000 26.239 60.238 43.238 0.000 0.000 22.860 56.661 65.526 68.613 68.349 72.570 71.853 65.022 66.503 65.481 65.016 64.527 64.087 63.664 63.253 62.845 62.436 62.023 66.614 9.247 0.000
56.352 46.351 0.000 0.000 0.000 8.229 68.229 44.219 46.204 52.192 76.183 77.176 72.170 26.164 0.000 0.000 0.000 32.672 86.667 81.656 82.643 79.630 38.621 0.000 0.000 0.000 0.000 0.000 0.000 0.000 0.000 0.000 0.000 0.000 0.000 0.000 0.000 0.000 0.000 0.000 0.000 0.000 0.000 0.000 0.000 0.000 14.237 11.237 0.000 0.000 0.000 0.000 12.091 49.560 66.514 68.178 69.095 73.432 73.084 66.058 67.555 66.530 66.009 65.468 64.984 64.529 64.092 63.666 63.240 62.804 62.337 64.773 47.880 4.620
68.352 50.351 46.350 0.000 0.000 0.000 60.240 62.226 62.208 74.193 71.181 83.172 82.164 43.159 0.000 0.000 0.000 8.693 88.683 81.665 82.644 79.621 39.602 0.000 0.000 0.338 48.299 60.280 29.265 0.000 0.000 0.000 0.000 0.000 0.000 0.000 0.000 0.000 0.000 0.000 0.000 0.000 0.000 0.000 0.000 0.000 0.000 0.000 0.000 0.000 0.000 9.969 50.511 67.498 68.088 74.259 73.770 67.322 67.868 68.336 67.475 66.955 66.399 65.890 65.410 64.952 64.511 64.078 63.645 63.205 69.747 10.260 0.000 17.590
73.353 52.351 53.349 45.345 0.000 50.290 45.267 53.234 66.211 70.191 81.177 82.166 81.156 50.148 0.000 0.000 0.000 7.723 87.706 81.679 82.646 77.609 57.565 41.497 42.433 42.372 50.315 71.277 38.250 0.000 0.000 0.000 0.000 0.000 0.000 0.000 0.000 0.000 0.000 0.000 0.000 0.000 0.000 0.000 0.000 0.000 0.000 0.000 0.000 7.981 38.772 48.310 67.320 68.930 75.610 75.022 67.851 69.554 68.869 68.299 67.806 67.275 66.768 66.280 65.812 65.361 64.921 64.489 64.058 70.624 16.185 0.000 0.000 2.516
68.355 66.353 49.349 53.341 53.329 44.313 37.302 0.000 0.000 12.181 71.172 82.158 80.146 65.130 32.107 0.000 0.000 56.770 77.740 82.698 81.653 82.605 72.552 48.492 45.431 44.371 53.314 71.261 54.208 40.136 41.078 45.035 56.008 19.998 0.000 0.000 0.000 0.000 0.000 0.000 0.000 0.000 0.000 0.000 0.000 0.000 0.000 0.000 0.000 19.167 59.020 66.984 69.648 76.450 76.077 68.558 70.213 69.420 69.028 68.562 68.076 67.593 67.115 66.650 66.197 65.757 65.325 64.898 70.474 17.049 0.000 0.000 0.000 1.416
14.358 82.357 53.353 47.342 48.334 50.330 50.328 39.337 0.000 0.000 0.000 16.149 87.141 77.120 55.083 47.021 53.946 52.849 54.784 62.723 63.663 50.604 47.547 45.488 45.428 44.368 53.307 68.248 47.186 44.121 49.064 65.019 67.993 52.987 26.987 0.000 0.000 0.000 0.000 0.000 0.000 0.000 0.000 0.000 0.000 0.000 0.000 0.000 9.956 51.826 67.455 70.308 76.954 76.742 69.233 70.869 70.076 69.705 69.258 68.811 68.357 67.901 67.450 67.007 66.572 66.144 65.723 71.306 16.890 0.000 0.000 0.000 0.000 0.000
81.363 82.363 68.363 0.000 0.000 55.345 51.344 62.346 53.345 0.000 0.000 0.000 75.148 72.124 57.087 48.033 44.969 44.895 47.824 60.746 68.672 71.604 64.543 54.485 47.426 46.365 62.301 65.235 40.168 44.100 44.037 44.985 48.956 27.971 0.000 0.000 0.000 0.000 0.000 0.000 0.000 0.000 0.000 0.000 0.000 0.000 13.091 44.788 52.682 66.223 77.550 77.180 70.257 70.856 71.423 70.730 70.358 69.924 69.500 69.070 68.637 68.206 67.778 67.355 66.938 67.526 74.118 17.712 0.000 0.000 0.000 0.000 0.000 0.000
82.368 82.371 82.373 69.376 52.373 52.362 52.358 43.356 0.000 9.235 16.235 68.216 65.178 68.144 61.105 62.057 62.002 61.940 64.870 59.764 59.677 61.595 65.537 66.484 64.426 60.364 71.296 69.225 57.150 58.074 57.998 59.928 34.875 0.000 0.000 0.000 0.000 0.000 0.000 0.000 0.000 0.000 0.000 0.000 0.151 47.616 48.283 69.344 69.936 78.631 78.152 72.727 72.447 71.837 71.370 70.988 70.569 70.158 69.745 69.331 68.917 68.507 68.100 67.698 68.300 71.905 4.511 0.000 0.000 0.000 0.000 0.000 0.000 2.398
81.375 81.379 82.382 79.383 57.380 51.374 52.369 53.365 45.363 0.000 60.255 57.234 58.204 59.171 54.132 58.089 63.042 70.993 55.953 0.000 0.000 6.561 64.528 60.486 60.432 60.368 60.296 60.218 60.135 60.047 59.955 57.855 52.741 25.590 0.000 1.551 45.230 51.987 63.687 33.441 0.000 0.000 0.000 0.000 49.236 59.940 71.877 72.537 79.342 79.022 73.363 73.042 72.309 71.981 71.591 71.190 70.791 70.391 69.990 69.591 69.195 68.804 68.418 69.037 71.658 19.281 0.000 0.000 0.000 0.000 0.000 0.000 0.000 23.409
71.382 71.389 82.393 82.394 72.390 48.385 51.379 52.372 52.361 58.337 67.295 51.264 48.234 46.201 53.165 68.125 67.082 52.038 31.995 0.000 0.000 0.000 0.000 49.499 44.449 44.381 44.302 44.216 45.124 48.026 48.918 48.796 47.645 48.439 47.116 46.761 55.393 62.043 59.634 66.194 63.660 58.189 55.734 58.182 69.832 73.337 73.135 79.790 79.598 73.984 73.643 72.898 72.573 72.179 71.792 71.402 71.012 70.623 70.235 69.849 69.468 69.096 69.732 70.373 9.015 0.000 0.000 0.000 0.000 0.000 0.000 0.000 0.000 34.448
37.391 49.401 77.409 81.409 62.403 45.396 44.390 52.384 52.374 51.354 45.324 46.292 52.266 69.236 68.202 51.164 44.125 34.081 0.000 53.864 62.822 58.756 59.671 62.564 65.483 64.403 65.317 68.221 67.120 64.013 65.898 60.765 46.606 50.404 49.148 53.856 71.536 78.160 74.612 68.043 62.594 64.193 70.717 75.627 74.093 80.345 80.004 73.945 75.562 74.156 73.500 73.164 72.768 72.384 71.998 71.614 71.233 70.855 70.479 70.102 70.731 68.380 64.041 15.707 0.000 0.000 0.000 0.000 0.000 0.000 0.000 0.000 20.587 24.523
0.000 42.416 61.431 72.429 47.419 39.405 46.401 44.400 51.396 52.384 52.354 45.316 62.302 54.276 43.242 46.205 38.173 0.000 62.967 65.907 65.846 67.775 68.693 71.602 75.517 74.433 74.340 74.231 76.120 77.011 74.894 62.762 48.608 50.426 50.214 49.981 52.737 26.448 0.000 87.768 129.502 107.132 73.137 74.712 81.335 80.892 74.382 77.118 74.539 74.102 73.749 73.357 72.973 72.586 72.202 71.822 71.451 71.086 70.722 72.350 66.973 55.651 10.346 0.000 0.000 0.000 0.000 0.000 0.000 0.000 0.000 18.714 31.652 20.591
0.000 0.000 18.472 53.458 35.438 0.000 41.410 46.419 46.427 52.430 41.392 0.000 46.350 44.325 46.286 47.241 57.189 71.121 68.027 69.951 75.880 85.805 129.724 126.634 126.551 126.471 126.381 127.244 111.119 43.016 45.906 43.780 51.637 50.478 47.301 45.116 26.981 0.000 0.000 0.000 54.391 71.515 76.185 82.014 81.705 73.973 75.680 74.984 74.686 74.322 73.944 73.563 73.177 72.788 72.400 72.023 71.662 72.317 70.974 62.604 51.161 8.906 0.000 0.000 0.000 0.000 0.000 0.000 0.000 0.000 9.832 30.776 22.718 10.658
16.653 5.618 68.528 46.493 0.000 0.000 0.000 40.441 53.462 45.519 0.000 0.000 54.422 45.387 56.338 69.282 69.220 74.149 77.068 69.991 55.917 46.843 42.764 40.660 43.582 44.519 31.470 0.000 48.096 45.029 43.933 47.816 51.685 48.546 40.398 47.202 28.092 0.000 0.000 49.780 66.798 76.574 82.473 82.270 74.546 76.240 75.542 75.254 74.890 74.526 74.153 73.772 73.385 72.990 72.588 72.206 72.857 68.544 57.255 13.929 0.000 0.000 0.000 0.000 0.000 0.000 0.000 0.000 0.000 0.000 27.889 26.842 12.784 9.725
86.680 74.674 0.000 3.492 0.000 0.000 0.000 0.000 0.000 49.665 47.681 55.633 52.531 52.462 52.398 69.331 83.261 72.185 52.106 50.029 44.954 46.885 37.831 0.000 49.599 46.553 35.509 0.000 49.139 44.074 44.980 51.867 49.739 47.624 29.543 0.000 0.000 46.389 44.267 61.066 76.999 82.720 75.461 76.037 76.705 76.108 75.819 75.461 75.107 74.741 74.368 73.987 73.601 73.198 73.757 73.358 63.018 47.748 10.572 0.000 0.000 0.000 0.000 0.000 0.000 0.000 0.000 3.213 2.176 17.101 28.992 16.919 8.854 22.792
72.716 62.723 0.000 0.000 63.247 56.234 50.216 0.000 1.908 67.794 64.747 51.686 52.608 52.533 53.460 74.384 126.306 119.225 66.144 121.063 41.986 45.913 45.842 47.763 45.662 45.585 45.505 47.394 43.248 43.146 52.048 50.932 47.780 42.670 31.606 0.000 0.000 48.511 55.383 77.410 76.317 83.078 76.510 77.104 76.659 76.375 76.033 75.689 75.332 74.965 74.589 74.208 73.835 75.444 70.883 52.450 39.108 40.857 6.714 0.000 0.000 0.000 0.000 0.000 0.000 0.000 0.000 12.251 17.208 31.141 25.060 14.988 23.920 23.857
59.759 3.780 0.000 0.000 46.260 55.239 52.198 70.117 64.005 68.902 76.827 67.756 52.680 52.603 52.523 51.441 45.355 40.267 45.180 42.095 46.015 45.938 45.863 45.785 45.701 45.619 45.532 44.429 49.312 51.216 52.133 36.032 0.000 35.670 0.000 0.000 0.000 52.733 74.673 78.701 84.114 83.636 76.605 77.263 76.909 76.600 76.271 75.925 75.567 75.199 74.816 74.420 73.087 34.859 0.000 0.000 0.000 0.000 0.000 0.000 0.000 0.000 8.618 3.608 2.585 1.531 5.424 14.333 30.264 24.194 15.121 25.051 20.984 11.920
47.809 52.858 0.000 51.313 47.295 46.266 64.219 57.149 73.065 81.981 61.905 47.832 45.755 48.675 51.590 52.500 52.405 45.308 44.213 45.123 45.040 45.962 45.887 45.813 50.737 47.660 44.576 45.479 48.355 52.273 41.236 0.000 0.000 0.000 0.000 8.459 128.341 72.052 79.085 77.077 84.533 76.425 78.947 80.433 77.163 76.850 76.522 76.176 75.813 76.448 73.056 60.570 51.235 9.047 0.000 0.000 0.000 0.000 0.000 0.000 0.000 10.632 10.628 10.622 11.596 11.546 12.470 26.393 26.321 10.251 13.181 15.112 12.046 9.981
32.859 26.987 51.243 47.331 46.339 57.312 61.262 72.196 79.124 45.051 43.981 44.910 46.834 45.753 42.663 50.565 51.459 52.347 51.241 45.145 44.060 42.983 43.912 49.843 108.775 76.707 56.634 39.557 0.000 54.287 62.301 0.000 0.000 0.000 0.000 52.580 63.484 80.373 78.420 85.257 84.910 77.518 78.049 78.717 77.427 77.118 76.791 76.442 77.061 75.723 28.389 0.000 0.000 0.000 0.000 0.000 0.000 0.000 0.000 0.000 0.000 17.636 13.640 10.658 11.633 9.583 21.518 28.448 12.377 13.308 21.239 19.171 13.105 10.041
0.000 0.000 44.411 47.430 49.420 70.382 81.320 95.251 77.184 6.120 63.058 62.993 46.920 46.838 45.744 43.638 46.517 52.382 50.257 51.156 53.072 50.999 48.933 44.872 39.814 44.759 39.697 0.000 0.000 0.000 48.381 40.401 0.000 0.000 0.000 62.795 79.680 79.767 77.795 85.572 77.244 79.745 81.252 77.996 77.707 77.405 77.083 76.742 74.265 28.994 0.000 0.000 0.000 0.000 0.000 0.000 0.000 0.000 0.000 0.000 17.182 0.000 0.000 18.735 8.694 19.637 31.571 19.503 14.433 19.364 23.296 16.229 11.164 9.100
0.000 0.000 42.561 48.556 64.530 75.475 123.385 117.304 119.240 125.188 121.139 122.083 47.016 46.935 45.838 45.725 44.591 39.408 49.250 51.151 52.074 50.008 51.950 51.897 52.851 45.819 0.000 0.000 0.000 0.000 49.441 34.421 0.000 0.000 54.292 76.091 80.032 79.024 86.145 85.866 78.304 78.850 79.540 78.278 78.004 77.710 78.394 53.176 0.000 0.000 0.000 0.000 0.000 0.000 0.000 0.000 0.000 29.350 18.312 8.254 12.182 12.096 12.991 12.854 15.771 28.699 25.629 20.559 21.489 19.420 17.353 13.286 10.221 12.157
0.000 0.000 43.717 60.703 68.670 74.603 45.442 44.339 43.285 40.254 41.225 41.184 47.126 47.047 62.948 62.835 38.713 0.000 36.186 49.122 51.065 49.010 50.961 50.915 51.875 47.847 0.000 0.000 0.000 47.603 32.522 0.000 0.000 55.628 64.486 81.339 80.241 79.424 86.403 77.981 80.507 83.044 78.821 78.572 78.321 77.038 64.608 23.392 0.000 0.000 0.000 0.000 0.000 15.549 10.533 10.501 10.454 14.388 26.332 29.269 15.197 10.115 12.022 13.922 28.836 27.759 13.686 22.615 23.545 22.476 15.408 11.342 10.277 20.214
