results3_8e3_rain/res_3e8f-0139.wd
ncols         241
nrows         181
xllcorner     12693529.787448
yllcorner     3542525.717860
cellsize      155.156523
NODATA_value  -9999.000000
[rows 33 to 65 of 181, columns 73 to 145 of 241]
0.000 0.000 0.000 0.000 0.000 0.000 0.000 0.000 0.000 0.000 0.000 0.000 0.000 0.000 0.000 0.000 0.000 0.000 0.000 0.000 0.000 0.000 0.000 0.000 0.000 0.000 0.000 0.000 0.000 0.000 0.000 0.000 0.000 0.000 0.000 0.000 0.000 0.000 0.000 38.505 61.506 66.508 22.510 0.000 0.000 31.589 45.618 12.597 3.599 35.621 38.637 32.636 33.619 34.585 34.534 34.465 34.377 33.266 39.118 58.889 5.422 13.572 10.875 46.059 62.527 67.055 65.615 66.219 64.759 66.850 61.910 61.511 61.503
0.000 0.000 0.000 0.000 0.000 0.000 0.000 0.000 0.000 0.000 0.000 0.000 0.000 0.000 0.000 0.000 0.000 0.000 0.000 0.000 0.000 0.000 0.000 0.000 0.000 0.000 0.000 0.000 0.000 0.000 0.000 0.000 0.000 0.000 0.000 0.000 0.000 0.000 0.000 0.000 13.507 8.507 0.000 0.000 0.000 0.000 27.709 0.000 0.000 25.662 49.703 48.708 38.692 34.658 34.604 34.529 34.435 33.322 55.193 53.041 0.000 36.418 48.995 62.435 66.923 66.449 66.022 65.532 66.596 62.618 61.905 62.159 64.465
0.000 0.000 0.000 0.000 0.000 0.000 0.000 0.000 0.000 0.000 0.000 0.000 0.000 0.000 0.000 0.000 0.000 0.000 34.127 66.127 19.127 0.000 0.000 0.000 0.000 0.000 0.000 0.000 0.000 0.000 0.000 0.000 0.000 0.000 0.000 0.000 0.000 0.000 0.000 0.000 0.000 0.000 0.000 0.000 0.000 0.000 19.800 0.000 0.000 0.000 27.806 45.801 45.785 36.751 34.694 34.613 32.511 48.395 57.292 0.000 22.071 46.687 61.251 67.763 67.277 66.827 66.310 68.346 64.335 62.427 62.825 65.153 64.401
0.000 0.000 0.000 0.000 0.000 0.000 0.000 0.000 0.000 0.000 0.000 21.128 59.128 0.000 0.000 0.000 0.000 0.000 41.127 92.127 48.127 0.000 0.000 0.000 0.000 0.000 0.000 0.000 0.000 0.000 0.000 0.000 0.000 0.000 0.000 0.000 0.000 0.000 0.000 0.000 0.000 0.000 0.000 0.000 0.000 0.000 22.891 23.932 30.951 16.950 26.914 34.906 47.895 38.866 34.809 31.719 42.600 52.454 41.287 16.970 46.455 64.009 68.558 68.085 67.627 67.091 67.099 66.063 63.062 63.507 65.847 65.101 64.870
0.000 0.000 0.000 0.000 0.000 0.000 0.000 0.000 0.000 0.000 0.000 42.128 77.128 66.128 53.128 8.128 2.128 26.127 80.127 88.127 53.126 0.000 0.000 0.000 0.000 21.967 0.967 0.000 0.000 0.000 0.000 0.000 0.000 0.000 0.000 0.000 0.000 5.974 0.000 0.000 0.000 9.974 27.974 0.000 0.000 38.953 53.941 56.955 54.971 40.984 34.994 34.012 48.023 39.009 30.956 44.856 58.716 46.534 34.433 49.167 53.770 66.338 68.881 68.424 67.875 67.858 65.804 63.809 64.209 66.555 65.814 65.585 65.256
0.000 0.000 0.000 0.000 0.000 0.000 0.000 0.000 0.000 0.000 0.000 13.128 75.128 58.128 39.128 1.128 22.128 72.128 83.127 90.127 49.126 0.000 0.000 0.000 0.000 59.967 43.967 0.000 0.000 0.000 0.000 0.000 0.000 0.000 0.000 0.000 22.973 34.974 36.974 0.000 0.000 18.974 43.974 22.973 36.971 59.966 62.965 63.975 60.994 48.022 35.066 32.127 49.175 40.191 44.152 62.031 55.873 0.000 32.745 51.494 64.122 69.688 69.234 68.677 68.634 66.567 64.682 64.936 67.280 66.546 66.321 65.990 65.662
0.000 0.000 0.000 0.000 0.000 0.000 0.000 0.000 0.000 0.000 0.000 0.000 0.000 26.129 64.129 60.129 48.128 61.128 81.127 92.126 45.126 0.000 0.000 0.000 0.000 21.967 45.968 47.968 0.000 0.000 0.000 0.000 0.000 0.000 0.000 0.000 38.973 39.974 51.974 34.974 23.974 37.974 38.974 34.974 41.974 48.974 46.977 39.988 59.007 25.044 41.122 44.256 34.358 46.428 59.431 56.242 0.000 7.735 44.308 60.942 69.536 70.073 69.520 69.445 66.371 65.725 65.696 68.029 67.302 67.082 66.755 66.423 66.072
0.000 0.000 0.000 0.000 0.000 0.000 0.000 0.000 0.000 0.000 0.000 0.000 0.000 16.129 83.129 78.129 68.129 58.129 82.128 90.126 85.124 70.121 25.118 0.000 0.000 0.000 1.968 55.968 39.968 37.968 48.968 43.969 6.969 0.000 0.000 2.973 38.973 37.974 58.974 64.974 53.974 45.975 37.975 34.976 35.977 36.978 35.983 33.991 42.004 3.024 0.000 3.416 39.575 62.731 60.901 0.480 6.492 44.163 57.808 67.441 70.974 70.531 71.304 67.251 67.015 66.509 68.809 68.084 67.866 67.545 67.222 66.872 66.490
0.000 0.000 0.000 0.000 0.000 0.000 0.000 0.000 0.000 0.000 0.000 0.000 0.000 0.000 16.129 55.130 30.130 66.130 85.129 90.127 88.124 86.120 75.116 34.113 0.000 0.000 0.000 11.968 50.968 50.968 63.968 61.969 54.969 49.969 0.000 0.000 5.973 42.974 61.974 68.974 60.975 44.975 33.976 34.977 34.978 34.981 34.984 34.989 38.994 0.000 0.000 0.000 9.797 47.018 16.527 13.892 48.823 53.612 65.341 71.939 71.785 70.020 68.341 68.682 67.411 69.641 68.902 68.674 68.354 68.042 67.713 67.353 66.933
0.000 0.000 0.000 0.000 0.000 0.000 0.000 0.000 0.000 0.000 0.000 0.000 0.000 0.000 0.000 1.131 87.132 87.132 89.131 89.129 88.124 82.118 76.113 47.110 0.000 0.000 0.000 0.000 0.000 18.968 63.969 57.969 72.969 69.970 48.970 27.972 28.973 37.973 59.974 68.974 59.975 42.976 32.977 37.978 36.979 34.982 34.984 34.987 35.989 27.988 0.000 0.000 0.000 0.000 8.297 51.361 54.294 62.146 72.863 72.969 71.326 73.204 70.932 68.461 70.558 69.777 69.515 69.178 68.863 68.550 68.234 67.895 66.464
0.000 0.000 0.000 0.000 0.000 0.000 22.060 45.057 0.000 23.002 62.992 51.980 55.970 30.963 0.000 0.000 23.135 95.135 89.136 86.132 83.125 86.116 77.109 40.104 0.000 0.000 0.000 0.000 0.000 0.000 0.000 7.969 61.969 62.969 13.970 0.000 4.973 41.974 59.974 64.974 54.975 45.976 43.977 5.978 12.980 40.982 34.984 34.986 35.987 41.988 49.987 11.987 0.000 0.000 24.003 56.963 60.859 71.667 73.880 73.511 76.803 75.374 69.819 71.607 70.735 70.407 70.029 69.689 69.366 69.062 68.779 68.528 74.341
0.000 0.000 0.000 0.000 0.000 0.000 22.063 65.055 7.036 57.012 58.994 70.978 53.965 38.957 0.000 0.000 11.137 80.139 92.144 89.139 89.128 90.114 84.101 38.093 0.000 0.000 0.000 0.000 0.000 0.000 0.000 0.000 0.000 46.970 5.970 0.000 0.973 47.974 44.974 56.974 13.975 0.000 0.000 0.000 0.000 6.983 44.985 38.986 1.987 31.987 65.987 48.987 1.987 0.000 28.758 62.599 71.502 74.623 74.378 78.562 77.818 71.189 72.736 71.768 71.353 70.916 70.534 70.179 69.852 69.553 69.292 69.097 74.033
20.335 64.331 54.327 0.000 0.000 0.000 16.074 76.062 52.041 54.017 59.994 83.974 84.957 79.943 33.929 0.000 0.000 0.000 40.163 94.152 89.134 90.111 87.089 46.073 0.000 0.000 0.000 0.000 0.000 0.000 0.000 0.000 0.000 4.969 0.000 0.000 0.000 0.000 0.000 0.000 0.000 0.000 0.000 0.000 0.000 0.000 0.000 19.986 16.986 0.000 0.000 0.000 0.000 18.171 55.587 72.540 74.216 75.149 79.502 79.112 72.226 73.770 72.792 72.319 71.829 71.399 71.006 70.643 70.309 70.005 69.740 69.535 72.429
20.336 76.330 58.324 54.316 0.000 0.000 3.096 68.080 70.050 70.020 81.991 78.966 90.945 89.928 50.916 0.000 0.000 0.000 16.193 96.174 89.143 90.107 87.069 47.038 0.000 0.000 7.621 55.585 67.546 36.519 0.000 0.000 0.000 0.000 0.000 0.000 0.000 0.000 0.000 0.000 0.000 0.000 0.000 0.000 0.000 0.000 0.000 0.000 4.986 0.000 0.000 0.000 16.136 56.643 73.603 74.185 80.412 79.903 73.505 74.062 74.553 73.724 73.244 72.732 72.270 71.843 71.447 71.078 70.735 70.417 70.128 76.873 17.651
84.338 81.330 60.321 61.309 53.293 0.239 58.134 53.111 61.061 74.021 77.983 88.956 89.930 88.908 57.890 0.000 0.000 0.000 15.241 95.207 89.159 90.105 85.044 64.972 48.859 49.757 49.657 57.589 78.533 45.492 0.000 0.000 0.000 0.000 0.000 0.000 0.000 0.000 0.000 0.000 0.000 0.000 0.000 0.000 0.000 0.000 0.000 0.000 0.000 0.000 14.228 45.005 54.512 73.498 75.088 81.759 81.164 74.057 75.771 75.098 74.549 74.083 73.586 73.118 72.674 72.255 71.861 71.489 71.136 70.801 77.484 23.178 0.000
81.342 76.333 74.321 57.305 61.280 61.240 52.192 45.170 0.000 0.000 19.963 78.943 89.912 87.883 72.847 39.797 0.000 2.409 64.324 85.253 90.182 89.108 90.031 79.946 55.850 52.754 51.661 60.580 78.504 61.425 47.317 48.231 52.168 63.129 27.113 0.000 0.000 0.000 0.000 0.000 0.000 0.000 0.000 0.000 0.000 0.000 0.000 0.000 0.000 0.000 25.429 65.269 73.215 75.862 82.639 82.243 74.783 76.447 75.663 75.285 74.837 74.375 73.921 73.478 73.051 72.643 72.253 71.879 71.519 77.169 23.826 0.000 0.000
70.348 22.339 90.327 61.310 55.280 56.250 58.223 58.208 47.213 0.000 0.000 0.000 23.891 94.864 84.818 62.747 54.630 61.494 60.391 62.300 70.207 71.115 58.024 54.933 52.840 52.747 51.655 60.566 75.479 54.389 51.293 56.209 72.144 75.105 60.098 34.098 0.000 0.000 0.000 0.000 0.000 0.000 0.000 0.000 0.000 0.000 0.000 0.000 0.000 16.269 58.114 73.725 76.565 83.202 82.959 75.482 77.121 76.333 75.970 75.536 75.105 74.672 74.242 73.821 73.411 73.014 72.630 72.256 77.890 23.530 0.000 0.000 0.000
16.356 89.347 90.337 76.327 0.000 3.258 63.241 59.226 70.219 61.218 0.000 0.000 2.898 82.865 79.813 64.742 55.650 52.547 52.448 55.347 68.233 76.122 79.016 71.921 61.830 54.738 53.646 69.552 72.456 47.357 51.259 51.167 52.093 56.051 35.075 0.000 0.000 0.000 5.633 0.000 0.000 0.000 0.000 0.000 0.000 0.000 0.000 19.490 51.161 59.019 72.534 83.861 83.475 76.540 77.133 77.697 77.003 76.635 76.208 75.795 75.379 74.965 74.555 74.152 73.757 73.372 73.995 80.624 24.257 0.000 0.000 0.000 0.000
94.364 90.356 90.347 90.335 77.316 60.283 60.257 60.235 51.219 0.179 17.040 24.001 75.938 72.885 75.828 68.760 69.681 69.595 69.507 72.407 67.255 67.125 68.997 72.906 73.820 71.731 67.638 78.539 76.435 64.327 65.217 65.109 67.009 41.933 0.000 0.000 0.000 0.000 6.633 0.000 0.000 0.000 0.000 0.000 0.000 6.349 54.137 54.708 75.726 76.285 84.933 84.452 79.031 78.744 78.130 77.660 77.278 76.862 76.457 76.053 75.651 75.253 74.860 74.474 74.095 74.722 78.355 10.989 0.000 0.000 0.000 0.000 0.000
93.371 89.368 89.361 90.349 87.329 65.301 59.270 60.239 61.203 53.149 2.078 68.024 64.967 65.911 66.852 61.788 65.718 70.646 78.577 63.520 0.000 0.000 13.942 71.887 67.812 67.730 67.635 67.530 67.418 67.299 67.173 67.042 64.900 59.739 32.525 0.000 8.164 51.939 58.633 70.319 40.076 0.000 0.000 0.000 0.452 55.539 66.346 78.278 78.917 85.671 85.336 79.684 79.358 78.620 78.287 77.895 77.494 77.097 76.702 76.309 75.920 75.536 75.159 74.790 75.427 78.068 25.711 0.000 0.000 0.000 0.000 0.000 0.000
79.378 79.381 79.382 90.372 90.351 80.320 56.284 59.246 60.206 60.159 66.105 75.051 58.995 55.940 53.882 60.821 75.758 74.695 59.634 39.577 0.000 0.000 0.000 0.003 56.812 51.740 51.642 51.530 51.408 52.276 55.137 55.984 55.811 54.599 55.311 53.866 53.389 62.020 68.641 66.249 72.833 70.283 64.768 62.256 64.639 76.227 79.736 79.529 86.164 85.948 80.326 79.977 79.225 78.895 78.497 78.108 77.717 77.329 76.944 76.562 76.183 75.811 75.451 76.099 76.754 15.411 0.000 0.000 0.000 0.000 0.000 0.000 0.000
0.000 45.397 57.413 85.405 89.382 70.346 53.300 52.257 60.217 60.176 59.131 53.079 54.023 59.970 76.916 75.857 58.797 51.740 41.687 0.000 61.287 70.228 66.138 67.025 69.885 72.775 71.663 72.542 75.406 74.263 71.112 72.948 67.760 53.535 57.253 55.898 60.506 78.110 84.662 81.202 74.726 69.245 70.785 77.247 82.097 80.516 86.767 86.416 80.317 81.924 80.507 79.844 79.500 79.099 78.711 78.323 77.938 77.558 77.183 76.811 76.440 77.075 74.733 70.403 22.078 0.000 0.000 0.000 0.000 0.000 0.000 0.000 0.000
0.000 0.000 50.468 69.454 80.427 55.381 47.314 54.263 52.229 59.198 60.163 60.113 53.046 70.004 61.953 50.894 53.833 45.783 0.000 70.430 73.345 73.259 75.162 76.051 78.928 82.812 81.695 81.566 81.413 83.256 84.101 81.935 69.747 55.528 57.270 56.967 56.628 59.251 32.695 5.173 94.619 136.208 113.739 79.671 81.187 87.742 87.300 80.768 83.494 80.907 80.461 80.100 79.702 79.313 78.922 78.535 78.154 77.782 77.419 77.058 78.690 73.318 62.002 16.702 0.000 0.000 0.000 0.000 0.000 0.000 0.000 0.000 43.333
2.723 0.000 5.537 26.514 61.491 43.436 0.000 49.250 54.238 54.225 60.211 49.162 0.000 54.045 51.998 53.933 54.859 64.775 78.660 75.515 77.404 83.303 93.199 137.088 133.965 133.850 133.739 133.614 134.425 118.247 50.101 52.944 50.766 58.561 57.330 54.070 51.789 33.572 0.000 0.000 3.387 61.099 78.114 82.710 88.437 88.117 80.370 82.068 81.365 81.059 80.687 80.302 79.915 79.524 79.131 78.739 78.360 77.998 78.653 77.313 68.944 57.505 15.253 0.000 0.000 0.000 0.000 0.000 0.000 0.000 0.000 34.520 55.432
76.721 24.693 13.629 76.577 54.586 0.000 0.000 0.000 48.246 61.255 53.293 0.000 6.218 62.135 53.060 63.982 76.895 76.799 81.688 84.567 77.454 63.348 54.244 50.136 47.995 50.884 51.796 38.727 0.000 55.206 52.113 50.976 54.809 58.621 55.419 47.196 53.887 34.675 0.000 0.676 56.360 73.394 83.126 88.929 88.708 80.957 82.641 81.935 81.639 81.268 80.897 80.517 80.130 79.738 79.338 78.933 78.548 79.198 74.884 63.595 20.270 0.000 0.000 0.000 0.000 0.000 0.000 0.000 0.000 0.000 2.694 52.608 51.525
86.740 94.729 82.711 0.000 11.690 5.794 0.850 0.000 0.000 0.000 57.413 55.395 63.302 60.214 60.127 60.038 76.942 90.838 79.726 59.611 57.498 52.391 54.294 45.217 0.000 56.896 53.832 42.772 0.000 56.259 51.167 52.036 58.875 56.694 54.528 36.408 0.000 1.225 52.999 50.825 67.615 83.535 89.204 81.894 82.460 83.118 82.513 82.216 81.851 81.489 81.117 80.737 80.350 79.959 79.551 80.105 79.702 69.360 54.089 16.913 0.000 0.000 0.000 0.000 0.000 0.000 0.000 1.002 27.948 26.887 41.781 53.692 41.612
76.768 80.772 70.774 0.000 0.000 70.886 63.897 57.876 1.816 9.681 75.552 72.471 59.382 60.291 60.198 61.100 81.996 133.885 126.769 73.651 128.536 49.426 53.322 53.221 55.108 52.971 52.866 52.757 54.602 50.402 50.262 59.125 57.963 54.750 49.593 38.501 0.000 0.103 55.066 61.918 83.929 82.819 89.562 82.941 83.526 83.074 82.782 82.434 82.082 81.718 81.345 80.963 80.576 80.198 81.801 77.234 58.796 45.452 47.199 13.056 0.000 0.000 0.000 0.000 0.000 0.000 0.000 1.050 36.993 41.932 55.850 49.769 39.693
72.798 67.818 11.838 0.000 2.007 53.967 62.942 59.902 77.837 71.742 76.642 84.553 75.464 60.371 60.273 60.168 59.056 52.937 47.813 52.689 49.569 53.454 53.346 53.240 53.130 53.015 52.905 52.786 51.646 56.486 58.355 59.240 43.102 0.000 42.593 0.000 0.000 0.038 59.250 81.180 85.192 90.553 90.091 83.034 83.685 83.325 83.010 82.674 82.322 81.958 81.583 81.194 80.792 79.454 41.223 0.000 0.000 0.000 0.000 0.000 0.000 0.000 0.000 33.449 28.415 27.361 26.287 30.188 39.081 54.999 48.919 39.842 49.769
64.825 55.865 60.923 6.021 59.047 55.033 54.002 71.953 64.888 80.807 89.722 69.636 55.549 53.456 56.355 59.244 60.124 59.994 52.858 51.723 52.596 52.477 53.367 53.261 53.158 58.055 54.951 51.839 52.709 55.542 59.431 48.379 0.000 0.000 0.000 0.000 14.947 134.828 78.543 85.569 83.547 90.961 82.856 85.374 86.856 83.580 83.262 82.928 82.575 82.207 82.836 79.438 66.945 57.604 15.414 0.000 0.000 0.000 0.000 0.000 0.000 0.000 35.533 35.482 35.436 36.381 36.312 37.230 51.143 51.063 34.986 37.912 39.841
39.841 40.892 34.969 59.093 55.128 54.117 65.079 69.022 79.953 86.878 52.801 51.722 52.639 54.548 53.446 50.331 58.201 59.056 59.901 58.750 52.614 51.492 50.382 51.281 57.186 116.095 84.004 63.910 46.809 0.000 61.448 69.465 0.000 0.000 0.000 0.000 59.068 69.966 86.849 84.886 91.673 91.331 83.947 84.475 85.140 83.845 83.531 83.200 82.845 83.458 82.115 34.776 0.000 0.000 0.000 0.000 0.000 0.000 0.000 0.000 0.000 0.000 42.583 38.511 35.467 36.415 34.350 46.277 53.200 37.124 38.050 45.978 43.909
0.000 0.000 0.000 52.255 55.253 57.228 78.176 89.102 103.025 84.952 13.882 70.812 70.737 54.651 54.551 53.433 51.292 54.128 59.940 57.763 58.617 60.496 58.390 56.295 52.211 47.134 52.062 46.986 0.000 0.000 0.000 55.569 47.595 0.000 0.000 1.532 69.291 86.155 86.233 84.250 91.986 83.673 86.173 87.678 84.419 84.127 83.820 83.494 83.148 80.665 35.390 0.000 0.000 0.000 0.000 0.000 0.000 0.000 0.000 0.000 0.000 41.773 11.707 0.000 43.508 33.460 44.398 56.328 44.256 39.183 44.112 48.042 40.975
0.000 0.000 0.000 50.418 56.403 72.364 83.294 131.187 125.092 127.021 132.963 128.908 129.846 54.769 54.674 53.556 53.408 52.224 46.969 56.744 58.597 59.483 57.385 59.300 59.227 60.167 53.126 0.000 0.000 0.000 0.000 56.647 41.621 0.000 0.000 60.703 82.544 86.490 85.477 92.555 92.278 84.733 85.279 85.967 84.702 84.425 84.128 84.808 59.587 0.000 0.000 0.000 0.000 0.000 0.000 0.000 0.000 0.000 54.054 43.009 32.938 36.840 36.764 37.698 37.595 40.521 53.452 50.382 45.311 46.241 44.172 42.104 38.038
16.662 0.000 0.000 51.595 68.576 76.533 82.450 53.258 52.137 51.076 48.042 49.012 48.968 54.906 54.821 70.709 70.559 46.392 0.000 43.644 56.545 58.455 56.366 58.293 58.231 59.181 55.148 0.000 0.017 0.932 54.855 39.751 0.000 0.000 62.075 70.925 87.787 86.691 85.870 92.813 84.411 86.938 89.473 85.248 84.998 84.744 83.458 71.024 29.806 0.000 0.000 0.000 0.000 0.000 40.286 35.266 35.228 35.174 39.099 51.035 53.965 39.885 34.810 36.735 38.653 53.578 52.507 38.437 47.367 48.298 47.230 40.164 36.099
