results3_8e3_rain/res_3e8f-0148.wd
ncols         241
nrows         181
xllcorner     12693529.787448
yllcorner     3542525.717860
cellsize      155.156523
NODATA_value  -9999.000000
[rows 0 to 32 of 181, columns 146 to 218 of 241]
0.000 0.000 0.000 0.000 0.000 0.000 0.000 0.000 0.000 0.000 0.000 0.000 0.000 0.000 5.359 16.221 16.997 16.719 16.412 16.093 15.779 15.485 15.222 14.999 14.816 14.674 14.569 14.496 14.449 14.424 14.413 19.409 0.000 0.000 0.000 0.000 0.000 0.000 0.000 0.000 0.000 0.000 0.000 0.000 0.000 0.000 0.000 0.000 0.000 16.835 23.834 0.000 0.000 42.515 47.515 0.000 0.000 0.000 0.000 0.000 0.000 0.000 0.000 0.000 0.000 0.000 0.000 0.000 0.000 0.000 0.000 0.000 0.000
0.000 0.000 0.000 0.000 0.000 0.000 0.000 0.000 0.000 0.000 0.000 0.000 0.000 0.918 16.496 17.308 17.049 16.749 16.424 16.088 15.759 15.453 17.184 15.957 14.776 14.637 14.536 14.469 14.429 14.410 14.406 19.405 0.000 0.000 0.000 0.000 0.000 0.000 0.000 0.000 0.000 0.000 0.000 0.000 0.000 0.000 0.000 0.000 13.835 35.835 11.835 0.000 21.516 54.515 48.515 0.000 0.000 0.000 0.000 0.000 0.000 0.000 0.000 0.000 0.000 0.000 0.000 0.000 33.490 0.000 0.000 0.000 0.000
0.000 0.000 0.000 0.000 0.000 0.000 0.000 0.000 0.000 0.000 0.000 0.000 0.000 20.130 18.783 17.465 17.143 16.805 16.446 16.076 15.716 17.386 17.102 14.871 14.692 14.561 14.471 14.415 14.387 14.380 16.395 10.400 0.000 0.000 0.000 0.000 0.000 0.000 0.000 0.000 0.000 0.000 0.000 0.000 0.000 0.000 0.000 0.000 25.836 0.000 0.000 16.516 47.516 9.516 0.000 0.000 0.000 0.000 0.000 0.000 0.000 0.000 0.000 0.000 2.497 0.000 0.000 0.000 36.490 8.490 0.000 0.000 0.000
0.000 0.000 0.000 0.000 0.000 0.000 0.000 0.000 0.000 0.000 0.000 0.000 2.829 19.516 18.040 17.627 17.254 16.880 16.479 16.056 16.642 16.273 14.968 14.732 14.561 14.445 14.372 14.334 14.323 20.329 0.000 0.000 0.000 0.000 0.000 0.000 0.000 0.000 0.000 0.000 0.000 0.000 0.000 10.837 0.000 0.000 0.000 9.837 69.836 0.000 0.000 22.516 49.517 0.000 0.000 0.000 0.000 0.000 0.000 0.000 0.000 0.000 8.498 14.497 33.497 0.000 0.000 26.491 35.490 36.490 8.490 0.000 0.000
0.000 0.000 0.000 0.000 0.000 0.000 0.000 0.000 0.000 0.000 0.000 8.097 1.301 2.751 18.235 17.750 17.364 16.985 16.533 16.025 16.524 16.095 14.764 14.529 14.375 14.284 14.239 14.227 15.240 16.285 0.000 0.000 0.000 0.000 0.000 0.000 0.000 0.000 0.000 0.000 0.000 0.000 11.837 34.837 29.837 0.000 0.000 25.837 53.837 0.000 0.000 0.000 49.518 4.519 0.000 0.000 0.000 0.000 0.000 0.000 0.000 0.000 48.498 52.498 54.497 0.000 0.000 39.491 34.491 34.490 44.490 0.000 0.000
0.000 0.000 0.000 0.000 0.000 0.000 0.000 0.000 0.000 0.000 10.787 3.406 1.790 1.240 1.320 15.773 17.469 17.161 16.642 17.988 17.335 14.818 14.464 14.246 14.127 14.077 14.073 14.096 20.126 0.000 0.000 0.000 0.000 0.000 0.000 0.000 0.000 0.000 0.000 0.000 0.000 0.000 0.000 14.837 35.837 27.838 25.838 7.838 38.837 11.837 0.000 0.000 34.519 47.519 38.520 36.520 45.520 0.000 0.000 0.000 0.000 0.000 48.499 50.498 55.497 34.495 23.494 40.492 43.491 0.000 0.000 0.000 8.470
0.000 0.000 0.000 0.000 0.000 0.000 0.000 0.000 0.000 0.000 7.168 3.889 3.533 3.044 0.397 0.583 10.579 18.549 17.886 17.949 15.011 14.378 14.027 13.863 13.810 13.824 13.880 13.957 9.041 0.000 0.000 0.000 0.000 0.000 31.853 64.853 0.000 0.000 4.853 45.853 0.000 0.000 0.000 11.837 35.838 48.838 83.838 45.838 46.838 17.838 0.000 0.000 31.520 50.520 35.520 31.520 48.520 0.000 0.000 0.000 0.000 0.000 35.500 41.499 37.497 37.495 41.494 44.492 52.491 0.000 0.000 0.000 31.470
0.000 0.000 0.000 0.000 0.000 0.000 0.000 0.000 0.000 30.357 30.829 7.427 3.051 3.302 2.973 0.752 0.347 5.571 18.404 15.911 14.382 13.657 13.405 13.368 13.425 13.531 14.665 11.811 0.000 0.000 0.000 0.000 0.000 0.000 6.853 52.853 59.853 41.853 33.853 5.853 0.000 0.000 0.000 0.000 0.000 9.839 76.839 55.839 2.839 0.000 0.000 0.000 0.000 43.522 58.521 56.521 58.520 50.518 42.516 45.514 44.511 53.507 57.503 54.500 55.498 55.496 50.494 45.492 42.490 0.000 0.000 0.000 0.000
0.000 0.000 0.000 0.000 0.000 0.000 0.000 0.000 24.422 41.886 43.362 32.893 9.500 1.927 2.971 0.789 2.644 7.717 6.248 15.909 12.947 12.462 12.567 12.780 12.991 14.210 14.437 0.000 0.000 0.000 0.000 0.000 0.000 0.000 0.000 4.853 50.853 60.853 65.853 4.853 0.000 0.000 0.000 0.000 0.000 5.840 48.840 40.839 45.839 12.839 0.000 0.000 27.525 55.524 40.523 34.522 41.521 53.519 41.517 40.514 49.511 58.508 45.505 41.502 44.499 50.496 56.494 58.491 56.488 42.484 33.480 16.477 25.475
0.000 0.000 0.000 0.000 0.000 0.000 0.000 20.506 29.958 45.403 42.842 43.282 35.722 12.169 1.095 4.611 14.112 6.355 2.170 2.943 6.035 10.679 11.620 12.194 12.550 17.880 0.000 0.000 0.000 0.000 0.000 0.000 4.856 2.856 0.000 0.000 17.854 63.854 16.854 0.000 0.000 0.000 0.000 0.000 0.000 44.842 54.841 30.840 46.840 66.839 6.839 0.000 33.526 57.525 36.524 30.523 33.522 46.520 35.518 35.515 37.512 39.509 36.506 37.503 31.500 35.497 41.494 42.490 40.487 49.484 51.480 54.477 62.474
0.000 0.000 0.000 0.000 0.000 0.000 25.594 24.055 47.501 43.925 43.320 42.670 42.936 38.000 20.499 12.227 7.883 0.000 0.025 4.282 2.161 3.246 11.039 11.825 17.136 0.000 0.000 0.000 0.000 0.000 0.000 0.000 41.856 0.856 0.000 0.000 24.855 64.855 3.854 0.000 0.000 0.000 0.000 0.000 39.847 83.844 16.842 19.841 41.840 68.840 8.839 0.000 30.528 55.527 35.526 28.525 31.524 33.522 29.519 28.517 35.514 51.511 34.507 30.504 44.500 40.497 37.494 44.490 44.487 47.483 56.480 60.477 47.473
0.000 0.000 0.000 0.000 0.000 29.607 18.132 46.618 45.066 44.476 43.842 43.145 42.350 42.396 39.207 24.921 4.259 0.213 0.037 45.958 4.426 0.062 0.079 13.931 10.034 0.000 0.000 0.000 0.000 0.000 0.000 0.000 37.856 32.857 41.857 53.857 57.856 47.856 0.000 0.000 2.853 38.853 53.852 58.851 82.849 38.848 0.000 0.000 43.840 31.840 0.000 0.000 33.530 60.530 47.529 31.528 79.526 107.524 56.522 32.519 48.516 95.512 47.509 24.505 89.501 62.498 37.494 44.490 46.487 36.483 45.479 58.476 41.472
0.000 0.000 0.000 0.000 0.000 19.081 40.711 47.220 45.670 45.072 44.426 43.716 42.925 42.026 42.022 40.946 30.142 4.806 50.569 47.640 0.278 0.116 0.041 0.045 0.000 0.000 0.000 0.000 0.000 0.000 2.856 36.856 32.857 37.857 51.857 61.857 45.857 32.857 0.000 0.000 0.855 47.854 46.853 42.852 81.850 41.849 0.000 0.000 22.840 14.840 0.000 26.536 54.534 56.533 50.532 38.531 37.529 70.527 111.524 49.521 42.518 99.514 50.511 24.507 96.503 66.499 29.495 31.491 37.487 28.483 42.479 41.475 29.472
0.000 0.000 0.000 0.000 23.561 33.925 49.409 46.882 46.320 45.718 45.072 44.371 43.605 42.776 41.825 41.092 39.957 52.312 51.982 0.834 0.386 9.497 0.000 0.000 0.000 0.000 0.000 0.000 0.000 52.855 55.856 37.856 36.857 51.857 61.858 47.858 30.858 32.857 32.858 30.858 28.857 40.855 43.854 53.853 93.852 27.851 0.000 0.000 59.840 9.840 0.000 23.537 53.537 53.536 40.535 32.534 28.532 38.530 35.527 75.524 106.521 123.517 104.512 93.508 119.504 113.500 104.495 50.491 30.487 47.483 42.479 31.475 26.471
0.000 0.000 0.000 24.717 34.196 51.651 48.119 47.577 47.010 46.410 45.772 45.088 44.368 43.537 42.999 40.643 52.343 52.341 36.526 18.858 6.028 0.000 0.000 0.000 0.000 0.000 0.000 0.000 38.853 5.854 0.000 16.857 54.857 58.858 50.859 35.860 1.860 0.000 0.000 34.859 30.858 40.857 39.855 62.854 59.853 0.000 0.000 1.841 62.841 8.841 0.000 21.540 51.540 63.539 42.539 48.538 71.536 48.534 30.531 54.528 77.524 111.519 77.515 57.510 105.505 95.501 70.496 39.491 25.487 96.483 64.478 36.474 26.470
0.000 0.000 0.000 30.238 49.854 49.363 48.841 48.298 47.732 47.139 47.513 46.865 45.116 44.702 42.138 52.390 52.348 40.082 41.708 39.351 23.321 4.319 0.000 0.000 0.000 0.000 0.000 40.853 9.853 0.000 0.000 0.000 22.858 54.858 32.860 30.862 36.863 0.000 0.000 35.861 33.860 39.858 40.857 62.855 58.853 0.000 0.000 22.842 69.841 5.841 0.000 23.543 54.543 57.543 38.543 38.543 84.541 119.539 68.536 36.532 52.527 99.522 59.517 26.512 92.507 79.502 37.497 29.492 22.487 103.482 67.478 39.474 40.469
0.000 0.000 30.810 48.144 51.620 50.106 49.582 49.042 48.483 48.898 47.301 46.611 46.282 43.722 52.785 52.521 41.564 42.413 41.429 31.799 12.557 0.000 0.000 0.000 0.000 0.000 0.000 36.852 10.852 0.000 0.000 0.000 0.000 0.000 0.000 35.864 32.867 31.869 33.868 35.865 31.862 39.860 41.858 53.856 49.852 11.848 30.845 63.843 14.841 0.000 0.000 23.545 50.546 56.547 42.548 27.548 29.547 54.545 41.541 23.536 41.531 96.526 52.520 18.514 89.508 74.503 32.497 28.492 24.487 102.482 67.478 39.473 30.468
0.000 30.055 43.477 52.906 51.377 50.860 50.339 49.806 50.254 49.694 48.046 47.768 45.214 53.683 53.182 43.196 44.204 42.090 29.301 0.000 0.000 0.000 0.000 0.000 0.000 0.000 0.000 0.000 10.852 0.000 0.000 0.000 0.000 0.000 0.000 0.000 39.873 49.872 60.871 48.868 37.864 41.862 38.860 43.857 36.852 55.848 73.844 61.842 7.841 0.000 0.000 22.547 48.550 53.552 59.555 57.556 45.554 35.551 48.547 80.542 99.536 120.530 100.523 83.516 117.510 110.504 92.498 52.493 25.487 100.482 72.477 44.472 31.468
27.102 38.633 53.136 52.627 52.122 51.618 51.108 51.584 51.056 49.443 49.203 46.665 54.872 54.255 44.738 45.901 46.850 25.092 0.000 0.000 0.000 0.000 0.000 0.000 0.000 0.000 0.000 0.000 0.000 0.000 0.000 0.000 0.000 0.000 0.000 0.000 37.878 41.877 59.875 18.871 0.000 48.865 39.863 42.859 38.853 26.846 45.843 60.841 47.839 6.838 0.000 0.000 13.553 56.556 58.563 51.565 39.563 48.560 99.555 90.549 71.542 72.534 73.526 73.518 73.511 74.505 76.499 47.493 27.487 99.482 75.477 38.472 32.467
30.571 54.238 53.808 53.343 52.866 52.382 51.887 51.391 50.810 50.604 48.085 56.177 55.516 46.177 47.411 46.420 41.933 1.428 0.000 0.000 0.000 0.000 0.000 0.000 0.000 0.000 0.000 0.000 0.000 0.000 0.000 0.000 0.000 0.000 0.000 0.000 38.884 49.883 33.881 0.000 2.875 45.871 42.868 9.865 0.000 30.842 44.840 59.838 56.838 25.837 0.000 0.000 0.000 0.000 25.578 40.577 24.574 85.569 86.563 35.556 41.548 83.538 54.529 26.520 72.512 62.505 42.499 40.493 31.488 99.482 70.477 27.471 28.467
48.373 55.942 54.513 54.071 53.618 54.153 52.690 52.145 51.978 49.483 57.521 56.845 46.523 48.791 47.802 48.198 17.556 0.000 0.000 0.000 0.000 0.000 0.000 0.000 0.000 0.000 0.000 0.000 0.000 0.000 0.000 0.000 0.000 0.000 0.000 5.897 58.892 56.889 60.886 57.884 53.879 53.875 47.871 6.869 0.000 30.839 43.837 61.835 68.836 31.837 0.000 0.000 0.000 0.000 19.595 32.591 52.587 99.581 62.574 22.565 90.555 91.543 40.531 27.520 48.512 104.505 63.499 31.493 31.488 94.482 112.476 99.469 104.462
58.053 55.644 55.232 54.811 54.377 55.946 53.438 53.317 50.860 58.882 58.198 41.804 46.029 50.102 46.585 23.882 0.000 0.000 0.000 0.000 0.000 0.000 0.000 0.000 0.000 0.000 0.000 0.000 0.000 0.000 0.000 0.000 0.000 0.000 0.000 57.902 56.898 57.895 59.891 58.887 56.882 57.878 50.874 5.871 0.000 31.838 43.833 66.831 39.833 0.000 0.000 0.000 0.000 17.625 47.614 26.607 91.601 85.593 29.585 85.576 98.565 47.547 35.532 38.519 33.510 64.504 103.498 60.493 23.488 94.483 97.477 71.468 13.459
48.719 55.349 55.962 55.559 55.157 54.679 54.601 52.182 60.207 59.568 25.013 30.206 33.108 51.788 35.421 0.000 0.000 0.000 0.000 0.000 0.000 0.000 0.000 47.519 36.519 0.000 0.000 0.000 0.000 0.000 0.000 0.000 0.000 0.000 0.000 34.909 28.906 31.901 35.895 30.890 29.885 28.881 30.876 34.871 28.861 21.842 36.828 15.821 0.000 0.000 0.000 0.000 0.000 19.636 42.630 33.623 34.615 34.607 26.598 47.589 48.583 0.000 0.000 9.513 39.507 32.502 54.498 47.494 29.490 62.484 10.481 0.000 8.452
27.421 43.074 55.703 58.329 55.873 55.824 53.412 61.305 60.797 34.108 0.000 43.532 0.000 55.396 23.909 0.000 0.000 0.000 0.000 0.000 0.000 0.000 0.000 54.520 48.518 0.000 0.000 0.000 0.000 0.000 0.000 0.000 0.000 20.963 0.000 35.921 31.915 31.907 31.900 31.894 31.889 31.884 31.879 33.874 11.870 0.000 6.816 37.804 7.793 0.000 0.000 0.000 20.661 51.653 39.647 38.640 30.631 31.620 31.610 29.600 43.595 3.596 0.000 0.000 10.504 35.500 30.497 43.494 42.492 0.000 0.000 0.000 8.448
19.169 26.819 49.467 54.047 57.010 54.555 62.061 61.725 40.973 16.782 0.000 60.171 58.075 44.500 0.000 0.000 0.000 0.000 0.000 0.000 0.000 0.000 57.527 63.521 34.517 0.000 0.000 0.000 0.000 0.000 0.000 0.000 0.000 37.963 35.955 32.939 31.926 28.912 32.903 32.897 32.891 32.886 32.882 35.878 8.875 0.000 0.000 35.786 35.782 5.776 0.000 0.000 5.669 38.669 31.665 30.659 29.649 29.634 29.621 29.607 30.600 39.598 0.000 0.000 0.000 3.498 36.495 39.494 37.492 0.000 0.000 0.000 32.445
22.938 33.576 38.205 36.109 47.671 62.450 62.303 45.940 24.708 18.213 0.000 39.882 52.556 26.028 0.000 0.000 0.000 0.000 45.579 51.575 43.566 41.550 50.533 43.522 33.512 0.000 0.000 0.000 0.000 0.000 0.000 0.000 0.000 35.972 32.964 31.952 5.939 0.000 37.904 31.900 31.894 31.888 31.884 32.880 6.878 0.000 0.000 36.773 35.772 6.771 0.000 0.000 35.678 31.687 31.687 31.682 30.671 30.646 34.633 0.000 1.599 4.598 0.000 0.000 0.000 0.000 36.493 31.493 31.492 32.492 0.000 4.443 34.444
34.668 48.312 24.034 22.911 62.506 62.505 48.917 35.648 31.989 36.832 0.000 6.921 42.238 0.000 0.000 0.000 0.000 41.587 45.583 47.579 45.575 0.000 0.000 0.000 45.496 29.480 0.000 0.000 0.000 0.000 0.000 0.000 4.000 45.988 42.977 17.967 0.000 0.000 50.910 36.904 32.897 31.890 35.884 12.882 0.000 11.751 49.753 30.760 34.763 6.765 0.000 0.000 0.000 36.715 31.714 35.710 2.706 0.000 0.000 0.000 0.000 0.000 0.000 0.000 0.000 0.000 36.492 31.492 31.492 36.492 0.000 0.000 8.443
55.363 43.953 24.021 19.526 62.462 23.942 29.673 31.906 35.587 54.177 63.638 51.642 0.000 0.000 0.000 0.000 39.596 33.591 39.587 54.583 53.580 0.000 0.000 0.000 0.000 46.465 0.000 0.000 0.000 32.063 0.000 0.000 48.013 47.003 52.989 45.972 10.955 64.939 61.921 59.910 57.899 49.889 30.882 17.882 0.000 25.749 78.749 32.752 33.755 7.760 0.000 0.000 0.000 41.744 27.742 32.740 3.738 0.000 0.000 0.000 0.000 0.000 0.000 0.000 0.000 32.491 34.491 36.491 30.491 35.491 0.000 0.000 5.442
63.939 51.040 33.345 62.023 19.950 21.742 20.915 20.562 30.134 57.674 53.093 24.367 0.000 0.000 38.608 4.605 46.601 38.596 49.591 44.586 23.583 0.000 0.000 0.000 0.000 50.449 26.444 0.000 0.000 28.063 36.063 40.054 42.035 44.021 34.005 30.977 38.955 38.940 58.927 41.915 35.902 33.886 13.872 0.000 1.758 20.747 88.740 44.744 10.747 0.000 0.000 0.000 0.000 54.774 27.772 34.770 6.768 0.000 0.000 0.000 0.000 0.000 0.000 0.000 11.491 34.491 49.491 47.491 40.491 0.000 0.000 0.000 6.441
61.986 60.231 61.558 38.864 26.774 22.923 22.564 21.144 27.736 43.290 38.691 0.000 0.000 0.000 41.610 62.608 57.605 58.600 40.596 0.000 0.000 0.000 0.000 0.000 41.434 32.439 24.439 0.000 0.000 0.000 40.072 44.065 44.053 44.041 28.032 0.000 34.947 35.939 59.931 45.921 39.907 25.881 32.849 47.809 67.769 56.740 80.723 45.736 9.741 0.000 0.000 0.000 0.000 52.806 28.802 29.799 34.797 0.000 0.000 0.000 0.000 0.000 0.000 0.000 0.000 4.491 53.491 50.491 3.491 0.000 0.000 0.000 2.441
60.056 61.488 60.706 59.725 41.876 21.530 22.120 22.739 21.373 24.059 0.000 0.000 0.000 0.000 57.614 47.613 45.610 41.605 0.000 0.000 0.000 0.000 0.000 42.429 33.430 29.432 12.435 0.000 0.000 0.000 40.088 48.081 57.069 56.059 58.052 46.053 0.000 3.939 62.938 46.932 20.924 0.000 35.834 45.809 72.770 34.720 18.676 0.000 0.000 0.000 0.000 0.000 5.862 43.842 30.832 31.826 34.825 7.835 0.000 0.000 0.000 0.000 0.000 0.000 0.000 0.000 10.490 11.490 0.000 0.000 0.000 0.000 3.441
61.491 60.473 62.590 62.759 46.435 23.040 25.674 25.316 22.956 23.515 0.000 37.623 0.000 3.622 51.620 51.619 58.618 0.000 0.000 16.515 4.515 0.000 0.000 37.429 31.426 25.423 0.000 0.000 0.000 0.000 38.112 39.100 41.086 40.073 38.062 30.055 0.000 0.000 64.951 50.943 35.935 0.000 34.845 45.823 69.781 25.695 21.585 4.508 0.000 0.000 0.000 0.000 5.881 50.870 29.858 31.847 31.843 32.845 36.851 8.853 0.000 0.000 0.000 0.000 0.000 0.000 0.000 0.000 0.000 0.000 0.000 0.000 0.000
61.171 63.375 62.570 63.274 36.899 27.550 47.214 40.896 22.622 0.406 0.000 34.624 49.624 54.624 40.624 61.626 53.626 0.000 0.000 30.515 61.515 13.510 0.000 38.431 32.421 29.410 0.000 0.000 46.216 42.190 38.148 40.123 45.102 45.084 43.067 54.051 46.029 6.003 64.973 56.954 56.937 48.913 29.879 47.856 55.837 0.000 24.459 7.432 0.000 0.000 0.000 0.000 15.912 54.898 26.882 28.861 29.853 30.853 35.855 7.855 0.000 0.000 0.000 0.000 0.000 0.000 0.000 0.000 0.000 0.000 0.000 0.000 0.000
