results3_8e3_rain/res_3e8f-0179.wd
ncols         241
nrows         181
xllcorner     12693529.787448
yllcorner     3542525.717860
cellsize      155.156523
NODATA_value  -9999.000000
[rows 99 to 131 of 181, columns 0 to 72 of 241]
0.000 0.000 0.000 0.000 0.000 61.085 101.085 103.085 94.085 89.085 0.000 0.000 0.000 0.000 0.000 3.083 2.083 69.082 66.082 0.000 0.000 2.082 5.082 64.082 63.082 4.082 0.000 0.000 0.000 11.026 0.000 0.000 0.000 0.000 16.884 62.880 58.870 57.853 58.829 59.803 72.774 61.743 65.708 57.670 59.629 57.584 58.537 63.487 64.434 62.380 66.324 59.267 59.209 61.149 64.086 78.017 78.958 63.910 49.867 0.000 0.000 0.000 0.000 0.000 27.925 82.920 79.909 66.891 41.868 36.844 80.820 57.798 59.775
0.000 0.000 0.000 0.000 0.000 62.086 102.086 102.086 0.000 0.000 0.000 0.000 0.000 0.000 0.000 2.083 14.083 80.083 69.082 7.082 4.082 4.082 67.082 66.082 70.082 1.082 0.000 0.000 0.000 69.026 61.026 0.000 0.000 0.000 75.926 85.921 71.912 64.898 58.879 60.857 79.831 64.801 70.767 70.730 61.689 76.644 68.596 69.545 59.492 67.436 67.379 65.321 59.263 60.204 64.141 61.047 22.984 12.947 0.000 0.000 0.000 0.000 0.000 30.942 67.936 79.931 86.923 76.911 52.895 53.878 67.860 58.842 59.822
7.087 0.086 0.000 0.000 0.000 49.086 98.086 107.086 17.086 0.000 0.000 0.000 0.000 0.000 0.000 1.083 3.083 87.083 68.083 69.082 71.082 68.082 65.082 66.082 64.082 2.082 0.000 0.000 0.000 62.026 62.026 63.024 62.016 62.001 60.974 70.965 79.958 26.948 90.933 80.914 85.891 70.863 15.830 86.793 84.752 83.707 87.658 76.606 59.551 62.493 67.434 67.375 64.317 60.265 49.225 0.000 0.000 0.000 0.000 0.000 0.000 0.000 0.000 40.947 67.947 67.945 78.940 77.934 60.924 60.914 59.901 59.887 59.871
75.087 78.087 10.087 0.000 0.000 59.086 98.086 103.086 113.086 18.086 0.000 0.000 0.000 0.000 9.083 9.083 7.083 24.083 72.083 69.082 87.082 101.082 76.082 61.082 0.081 0.000 0.000 0.000 0.000 0.000 61.028 62.030 62.022 62.013 62.005 61.007 61.007 60.001 60.992 65.976 77.955 71.929 14.897 86.860 87.819 65.774 72.724 89.670 83.613 70.552 60.490 66.427 67.365 70.314 55.270 0.000 0.000 0.000 0.000 0.000 0.000 0.000 0.000 2.954 18.960 64.961 61.961 61.959 59.956 59.950 59.943 59.934 59.922
89.087 72.087 72.087 74.087 76.087 95.086 103.086 103.086 103.086 105.086 79.085 18.085 1.084 67.084 74.083 75.083 37.083 32.083 95.083 103.083 98.082 94.082 77.082 1.082 0.000 0.000 0.000 0.000 0.000 0.000 0.000 62.045 61.030 60.023 61.027 62.052 62.060 62.060 62.055 63.044 82.026 77.001 59.969 61.932 72.890 83.844 60.794 72.739 73.678 66.612 86.547 69.480 61.401 2.357 0.000 0.000 0.000 0.000 0.000 0.000 0.000 0.000 0.000 0.000 10.977 64.979 59.982 59.985 59.988 59.990 59.988 57.984 55.976
104.087 94.087 75.087 79.087 97.087 103.086 103.086 103.086 103.086 98.086 70.085 76.085 4.084 58.084 93.083 101.083 101.083 85.083 100.083 107.083 17.083 0.000 0.000 0.000 0.000 0.000 0.000 0.000 0.000 0.000 0.000 62.076 0.000 0.000 0.000 63.115 62.120 62.125 62.125 63.119 79.103 84.079 61.047 62.009 61.966 79.919 80.868 58.812 66.748 85.672 77.607 55.543 0.000 0.000 0.000 0.000 0.000 0.000 0.000 0.000 0.000 0.000 0.000 0.000 7.993 64.996 60.003 60.012 60.023 59.031 58.036 63.037 64.034
104.087 104.087 99.087 102.087 103.087 103.087 103.086 103.086 103.086 99.086 74.085 91.085 0.000 0.000 71.083 95.083 103.083 104.083 103.083 108.083 11.083 0.000 0.000 0.000 0.000 0.000 0.000 0.000 0.000 0.000 0.000 62.107 1.135 1.157 64.173 62.171 62.181 62.194 62.203 62.202 79.189 84.164 61.131 62.090 62.045 62.998 83.948 77.894 84.829 74.722 55.664 0.000 0.000 0.000 0.000 0.000 0.000 0.000 0.000 0.000 0.000 0.000 0.000 0.000 63.005 60.010 60.021 60.038 60.061 59.077 61.087 65.093 66.096
102.087 103.087 103.087 103.087 103.087 103.087 103.087 103.086 103.086 104.086 99.085 106.085 30.085 9.084 59.084 78.083 101.083 103.083 104.083 92.083 6.083 0.000 0.000 0.000 0.000 0.000 0.000 0.000 0.000 0.000 0.000 56.124 61.141 61.161 60.184 62.217 62.240 62.265 62.290 62.298 79.287 84.259 61.221 62.176 62.128 62.079 67.032 89.988 69.952 0.000 0.000 0.000 0.000 0.000 0.000 0.000 0.000 0.000 0.000 0.000 0.000 0.000 0.000 0.000 16.012 67.019 63.031 64.058 62.106 58.127 65.142 66.154 64.164
99.088 104.088 103.088 103.087 103.087 103.087 103.087 103.086 103.086 103.086 104.085 97.085 81.085 72.084 66.084 93.083 103.083 103.083 108.083 11.082 0.000 0.000 0.000 0.000 0.000 0.000 0.000 0.000 0.000 0.000 0.000 0.000 0.000 0.000 0.000 62.272 62.296 62.339 62.393 62.412 78.400 85.366 62.318 62.264 62.210 62.160 62.114 68.072 21.039 0.000 0.000 0.000 0.000 0.000 0.000 0.000 0.000 0.000 0.000 0.000 0.000 0.000 0.000 0.000 0.000 4.023 2.027 0.000 8.175 67.185 65.200 66.217 63.236
99.088 104.088 103.088 103.088 103.087 103.087 103.087 103.087 103.086 103.086 104.086 89.085 68.085 67.084 76.084 100.083 103.083 103.083 109.082 14.082 5.082 0.000 0.000 0.000 0.000 0.000 0.000 0.000 0.000 0.000 0.000 0.000 0.000 0.000 0.000 58.302 62.333 59.401 62.531 62.559 81.537 85.486 62.420 62.352 62.290 62.236 62.190 59.149 9.094 0.000 0.000 0.000 0.000 0.000 0.000 0.000 0.000 0.000 0.000 0.000 0.000 59.320 0.000 0.000 0.000 0.000 0.000 1.261 63.235 64.239 66.254 66.278 63.310
102.088 103.088 103.088 103.088 103.088 103.088 103.087 103.087 103.087 103.086 103.086 100.085 77.085 78.084 95.084 102.083 103.083 103.082 110.082 27.082 0.000 0.000 0.000 0.000 0.000 0.000 0.000 0.000 0.000 0.000 0.000 0.000 0.000 0.000 0.000 0.000 58.333 0.000 61.772 62.754 90.702 77.621 62.525 62.435 62.361 75.304 65.262 60.238 0.000 0.000 0.000 0.000 0.000 0.000 0.000 0.000 0.000 0.000 0.000 0.000 11.320 70.320 55.320 0.000 0.000 0.000 1.298 64.286 67.277 66.282 63.300 59.330 59.376
103.089 103.089 103.089 103.088 103.088 103.088 103.088 103.087 103.087 103.086 103.086 103.085 105.085 105.084 104.084 103.083 103.083 105.082 94.082 37.082 0.000 0.000 0.000 0.000 0.000 0.000 0.000 0.000 0.000 0.000 0.000 0.000 0.000 0.000 0.000 0.000 0.000 0.000 62.031 62.983 96.896 65.772 62.625 62.501 74.414 83.355 62.318 62.303 61.319 0.000 0.000 0.000 0.000 0.000 0.000 0.000 0.000 0.000 0.000 0.000 0.000 66.320 67.320 54.319 1.317 60.314 62.309 66.304 65.303 63.312 62.333 58.368 66.424
102.089 101.089 103.089 103.089 103.089 103.088 103.088 103.088 103.087 103.087 103.086 103.085 103.085 103.084 103.083 103.083 104.082 87.082 15.081 6.081 64.081 78.081 24.080 0.000 0.000 5.080 0.000 0.000 0.000 0.000 0.000 0.000 0.000 0.000 0.000 4.071 4.045 0.887 58.339 69.251 92.127 62.945 59.700 62.531 62.441 62.385 62.352 62.336 62.334 59.334 0.000 0.000 0.000 0.000 0.000 0.000 0.000 0.000 0.000 0.000 0.320 61.320 57.320 63.320 58.319 66.318 66.316 65.316 61.321 64.331 59.351 58.384 58.439
92.089 92.089 101.089 103.089 103.089 103.089 103.089 103.088 103.088 103.087 103.086 104.086 105.085 103.084 103.083 103.082 103.082 25.081 9.081 64.081 74.080 84.080 83.080 76.080 68.080 9.080 0.000 0.000 0.000 0.000 0.000 0.000 0.000 0.000 4.116 63.097 66.049 65.927 62.692 61.555 70.417 58.181 0.000 58.481 62.432 62.394 62.369 62.354 61.349 0.000 0.000 0.000 0.000 0.000 0.000 0.000 63.321 74.321 0.000 0.000 62.321 60.320 60.320 57.320 65.320 66.321 66.322 63.325 66.331 66.341 64.357 59.377 48.399
74.090 79.090 98.090 104.090 103.090 103.090 103.089 103.089 103.088 103.087 105.087 91.086 87.085 102.084 107.083 104.082 99.081 81.081 84.080 90.080 84.080 85.080 64.080 57.080 3.080 0.080 0.000 0.000 0.000 0.000 0.000 0.073 1.074 0.000 54.134 60.153 63.125 63.053 62.945 62.862 64.804 0.000 0.000 0.000 57.411 62.390 62.374 62.364 62.359 0.358 0.000 0.000 0.000 0.000 0.000 23.321 80.321 62.321 60.321 60.321 60.321 60.321 58.321 63.321 66.322 66.323 62.326 66.330 66.337 65.346 59.357 60.369 50.379
58.090 73.090 92.091 105.091 106.091 106.090 104.090 103.089 104.089 103.088 104.087 42.086 13.085 61.084 79.083 100.082 107.081 105.080 105.079 91.079 14.080 0.000 0.000 0.000 0.000 0.000 0.000 0.000 0.000 9.074 11.074 1.074 1.074 1.074 0.000 59.255 63.246 61.216 62.173 64.143 65.134 0.000 0.000 0.000 0.000 55.382 62.374 62.368 59.363 0.000 0.000 0.000 0.000 0.000 0.000 0.000 22.321 76.321 59.321 59.321 60.321 59.321 59.321 65.322 66.322 64.325 52.328 5.333 70.342 64.349 64.357 64.364 50.369
22.091 44.091 77.092 83.092 77.092 79.091 96.091 104.090 100.089 93.089 92.088 27.087 0.000 0.000 0.000 37.081 72.080 98.078 105.078 2.079 0.000 0.000 0.000 0.000 0.000 0.000 0.000 0.000 0.000 51.074 72.074 17.074 2.074 1.074 0.000 59.366 65.388 64.392 73.390 74.402 64.456 9.612 0.000 0.000 0.000 0.000 59.372 60.370 0.000 0.000 0.000 0.000 0.000 0.000 0.000 0.000 0.000 81.321 84.321 64.321 58.321 56.321 66.321 66.322 61.322 0.000 0.000 0.000 11.347 69.352 66.357 66.361 56.364
0.000 0.000 58.093 67.093 19.093 5.092 68.092 97.091 88.090 84.089 98.088 65.087 25.087 0.000 0.000 0.000 0.000 43.076 74.074 0.000 0.000 0.000 0.000 0.000 0.000 0.000 0.000 0.000 0.000 0.000 56.074 74.074 5.074 0.000 0.000 50.456 64.546 62.575 92.591 85.619 63.674 65.769 11.873 0.000 0.000 0.000 54.372 0.000 0.000 0.000 0.000 0.000 0.000 0.000 0.000 0.000 0.000 0.000 69.321 86.321 71.321 65.321 66.321 61.321 0.000 0.000 0.000 0.000 0.000 61.355 66.357 66.360 61.362
0.000 0.000 54.095 99.094 56.094 5.093 57.093 89.092 91.091 102.090 104.089 107.088 113.086 52.084 21.083 0.000 0.000 0.000 14.069 9.066 0.056 2.048 0.000 0.000 0.000 0.000 0.000 0.000 0.000 0.000 57.074 72.074 2.074 9.074 13.074 0.000 57.766 65.770 95.781 77.808 65.853 64.917 69.977 0.000 0.000 0.000 0.000 0.000 0.000 0.000 0.000 0.000 0.000 0.000 0.000 0.000 0.000 0.000 0.000 7.321 74.321 64.321 62.321 0.000 0.000 0.000 0.000 0.356 60.356 59.356 61.357 55.358 0.000
27.099 42.098 76.097 94.096 102.095 71.095 84.094 107.093 104.092 103.091 103.089 103.088 103.086 109.084 112.082 68.078 27.075 9.071 72.067 86.062 79.055 81.048 37.041 13.034 10.029 0.000 0.000 0.000 0.000 0.000 36.074 58.074 64.074 64.074 67.074 26.075 58.983 87.956 89.957 66.977 65.015 65.069 68.140 13.257 8.309 0.000 0.000 0.000 0.000 0.000 0.000 0.000 0.000 0.000 0.000 0.000 0.000 0.000 0.000 0.000 0.321 0.321 8.321 0.000 0.000 0.000 0.000 62.356 57.356 55.356 0.000 0.000 0.000
100.100 103.099 103.098 101.098 99.097 100.096 102.095 102.094 103.093 104.091 104.090 103.088 96.086 100.084 103.081 107.078 111.075 112.071 104.067 100.061 97.055 92.048 94.040 87.032 43.024 21.016 0.000 0.000 0.000 0.000 0.000 0.000 0.000 0.000 0.000 83.167 72.135 101.116 92.114 79.129 66.159 65.203 65.259 69.323 65.360 0.000 0.000 0.000 0.000 0.000 0.000 0.000 0.000 0.000 0.000 0.000 0.000 0.000 0.000 0.000 0.000 0.000 0.000 0.000 0.000 0.000 0.000 0.000 0.000 0.000 0.000 0.000 0.000
103.101 98.100 96.100 95.099 89.098 86.097 87.096 87.095 93.094 98.092 98.091 91.089 75.087 90.084 103.082 103.079 103.075 103.071 103.067 103.062 104.056 104.048 107.039 108.030 108.020 108.008 46.995 0.000 0.000 0.000 0.000 0.000 0.000 0.000 0.000 55.290 81.273 86.258 70.255 87.266 75.290 65.325 65.369 68.415 11.449 0.000 0.724 0.731 0.000 0.000 0.000 0.000 0.000 0.000 0.000 0.000 0.000 0.000 0.000 0.000 0.000 0.000 0.000 0.000 0.000 0.000 0.000 0.000 0.000 0.000 0.000 0.000 0.000
73.102 46.102 68.101 82.101 80.100 60.099 45.098 41.097 61.095 78.094 77.092 70.090 65.088 75.085 96.082 104.079 103.076 103.072 103.068 103.063 103.058 107.050 82.039 70.029 69.017 73.002 75.981 14.947 3.912 0.572 0.400 0.000 0.000 0.000 0.000 53.432 89.408 72.387 64.382 74.390 85.410 69.439 65.476 65.519 71.572 15.665 9.715 1.739 0.756 6.756 4.756 0.000 0.000 0.000 0.000 0.000 0.000 0.000 0.000 0.000 0.000 0.000 0.000 0.000 0.000 0.000 0.000 0.000 0.000 0.000 0.000 0.000 0.000
63.104 34.104 56.103 71.102 67.102 44.101 30.099 34.098 54.097 68.095 66.093 66.091 67.089 65.086 84.083 101.080 103.077 103.074 103.070 103.066 102.061 65.056 0.000 0.000 0.000 0.000 0.000 0.000 0.000 59.846 79.833 31.813 17.792 13.764 60.708 77.598 94.541 71.502 65.494 63.502 80.520 82.545 68.577 65.614 65.656 68.706 77.741 15.760 10.773 0.000 19.756 0.000 0.000 0.000 0.000 0.000 0.000 0.000 0.000 0.000 0.000 0.000 0.000 0.000 0.000 0.000 0.000 0.000 0.000 0.000 0.000 0.000 0.000
76.106 72.106 67.105 66.104 67.104 69.103 70.101 73.100 72.098 68.097 67.095 67.092 67.090 66.087 73.085 95.082 104.079 103.075 105.072 77.069 43.065 0.000 0.000 0.000 0.000 0.000 0.000 0.000 0.000 24.837 46.828 49.813 53.799 67.793 64.762 85.709 82.658 56.584 63.592 65.604 67.622 80.645 72.672 67.702 65.733 64.763 81.782 72.789 66.789 0.000 0.000 0.000 0.000 0.000 0.000 0.000 0.000 0.000 0.000 0.000 0.000 0.000 0.000 0.000 0.000 0.000 0.000 0.000 0.000 0.000 0.000 0.000 0.000
66.108 67.108 67.107 67.107 67.106 67.105 67.103 67.102 67.100 67.098 67.096 67.094 67.091 67.089 65.086 86.083 103.080 105.077 101.075 27.073 0.000 0.000 0.000 0.000 0.000 0.000 0.000 0.000 0.000 0.000 0.000 0.000 0.000 51.845 68.839 94.817 68.797 0.000 51.687 66.700 64.720 68.742 69.765 78.789 67.812 65.829 64.835 60.824 1.806 0.000 0.000 0.000 0.000 0.000 0.000 0.000 0.000 0.000 0.000 0.000 0.000 0.000 0.000 0.000 0.000 0.000 0.000 0.000 0.000 0.000 0.000 0.000 25.389
67.110 67.110 67.110 67.109 67.108 67.107 67.106 66.104 66.102 67.100 67.098 67.096 67.093 67.090 66.087 74.084 89.081 100.079 88.076 14.075 0.000 0.000 0.000 0.000 0.000 0.000 0.000 0.000 0.000 0.000 0.000 0.000 0.000 28.904 77.931 102.925 12.916 0.000 49.767 67.791 65.814 64.836 72.857 83.878 71.896 65.908 69.905 2.864 0.000 0.000 0.000 0.000 0.000 0.000 0.000 0.000 0.000 0.000 0.000 0.000 0.000 0.000 0.000 0.000 0.000 0.000 0.000 0.000 0.000 0.000 0.000 0.000 82.468
67.113 67.113 67.112 67.112 67.111 67.109 67.108 71.107 72.105 68.103 67.100 67.098 67.095 67.092 67.089 66.086 69.083 78.080 78.077 19.076 0.000 0.000 0.000 0.000 0.000 0.000 20.736 0.000 0.000 0.000 0.000 0.000 0.000 1.078 82.054 97.037 20.026 0.000 33.824 64.882 65.910 65.931 64.950 69.969 71.987 68.002 70.011 0.000 0.000 0.000 0.000 0.000 0.000 0.000 0.000 0.000 0.000 0.000 0.000 0.000 0.000 0.000 0.000 0.000 0.000 0.000 0.000 0.000 0.000 0.000 0.000 66.690 75.599
67.116 67.116 67.115 67.114 67.113 67.112 66.111 78.109 83.107 70.105 67.103 67.100 67.097 67.094 67.091 67.087 67.084 66.080 69.077 50.075 0.000 0.000 0.000 0.000 0.000 62.737 83.736 45.734 36.726 35.714 0.000 0.000 0.000 63.258 105.185 79.142 79.124 6.144 0.000 51.001 68.013 66.028 66.044 64.061 80.081 84.102 78.127 1.228 0.000 0.000 0.000 0.000 0.000 0.000 0.000 0.000 0.000 0.000 0.000 0.000 0.000 0.000 0.000 0.000 0.000 0.000 0.000 0.000 0.000 0.000 40.853 91.781 77.707
67.119 67.119 67.118 67.117 67.116 67.115 66.114 79.112 85.110 69.108 67.105 67.103 67.099 67.096 67.093 67.089 67.085 67.080 67.076 73.071 44.066 0.000 0.000 0.000 2.737 25.737 40.738 62.740 70.729 74.703 48.654 24.589 59.499 97.373 95.287 75.222 57.185 15.165 0.000 51.108 68.114 67.124 70.136 65.152 74.172 97.198 94.237 39.310 3.366 19.392 0.000 0.000 0.000 0.000 0.000 0.000 0.000 18.901 48.903 52.905 0.000 0.000 61.940 122.943 0.000 0.000 0.000 0.000 0.000 0.000 77.924 133.874 116.812
64.122 65.122 66.122 66.121 67.120 67.119 65.117 80.115 83.113 66.111 67.108 67.105 67.102 67.099 67.095 67.090 67.086 67.081 67.075 67.069 73.061 53.051 4.043 0.000 0.000 0.000 0.000 38.760 69.745 65.716 68.671 72.612 84.537 101.448 85.368 53.273 3.229 0.000 0.000 50.210 67.211 70.216 83.225 69.238 79.257 80.281 99.314 103.358 86.396 36.418 0.000 0.000 0.000 0.000 0.000 0.000 0.000 0.000 9.905 37.910 51.919 83.928 121.939 44.949 0.000 0.000 0.000 0.000 0.000 64.136 74.047 74.978 77.914
85.126 80.126 75.125 73.124 69.123 65.122 65.121 80.119 83.117 65.114 67.111 67.108 67.105 67.101 67.097 67.093 66.087 65.082 66.075 66.068 66.059 72.048 49.036 26.021 1.004 0.000 0.000 37.796 75.775 69.744 64.703 77.651 100.587 94.514 62.464 0.000 0.000 0.000 0.000 48.310 66.305 71.305 78.310 73.320 78.335 77.355 90.381 84.411 77.441 50.467 5.498 0.000 0.000 0.000 0.000 0.000 0.000 0.000 0.000 5.914 83.920 86.929 89.942 0.168 10.779 0.000 0.000 7.300 41.300 69.225 138.148 102.086 133.974
105.130 104.129 100.129 95.128 91.127 86.126 81.124 77.122 72.120 66.118 67.115 67.112 67.108 67.104 66.100 68.095 74.090 79.083 78.076 76.068 70.058 65.046 69.032 75.013 38.987 19.952 23.910 57.852 80.816 71.782 67.745 90.702 102.647 58.557 3.511 0.000 0.000 11.490 18.470 52.415 65.394 70.387 86.389 76.396 69.408 62.424 68.444 86.466 83.489 89.511 8.530 0.000 0.000 0.000 0.000 0.000 0.000 0.000 0.000 0.000 0.000 0.000 0.000 0.000 7.815 0.000 0.000 0.000 76.374 67.315 77.250 100.147 76.324
