results3_8e3_rain/res_3e8f-0085.wd
ncols         241
nrows         181
xllcorner     12693529.787448
yllcorner     3542525.717860
cellsize      155.156523
NODATA_value  -9999.000000
[rows 132 to 164 of 181, columns 0 to 72 of 241]
93.096 98.096 102.095 102.095 104.093 104.092 98.090 89.088 75.086 64.083 63.080 64.077 63.073 62.068 67.063 81.057 92.051 97.043 97.034 94.023 86.010 76.995 67.976 61.952 66.921 68.885 67.843 68.796 66.756 61.720 75.684 98.650 65.623 0.000 0.000 0.000 5.242 57.234 69.227 66.200 68.176 74.160 92.152 78.150 62.150 61.153 61.158 73.164 94.170 35.176 8.182 3.197 0.000 0.000 0.000 0.000 0.000 0.000 0.000 0.000 0.000 0.000 0.000 0.000 25.034 4.955 8.875 49.773 72.624 76.521 76.410 86.494 113.956
71.101 73.101 76.100 82.099 92.098 98.097 103.095 103.093 96.091 82.088 71.085 65.081 69.077 76.073 89.067 104.061 103.054 100.046 100.037 103.026 103.014 98.998 86.980 74.958 66.931 61.901 62.867 61.832 62.800 70.770 92.743 100.721 12.707 0.000 0.000 0.000 15.250 43.258 61.292 70.285 71.265 68.242 69.238 79.234 74.231 67.227 71.223 79.219 92.216 33.213 19.203 25.213 5.223 0.000 0.000 0.000 0.000 0.000 0.000 0.000 0.000 0.000 0.000 0.000 7.114 0.000 56.899 78.818 74.695 83.663 74.724 114.083 102.840
63.106 63.106 63.106 65.105 70.104 74.102 81.101 90.099 98.096 101.093 95.090 93.086 95.082 98.077 97.072 90.066 81.059 79.051 79.042 84.032 90.019 97.005 99.988 98.968 87.945 77.920 72.893 70.866 79.840 95.817 96.798 82.784 15.778 0.000 0.000 0.000 0.000 0.000 44.397 71.383 50.357 38.307 53.321 68.319 83.311 87.300 89.287 90.274 86.263 13.255 0.230 28.230 25.232 13.235 19.236 13.236 0.000 0.000 0.000 0.000 0.000 0.000 41.342 11.289 77.194 99.126 131.976 87.946 82.994 63.947 100.009 104.519 104.422
64.112 64.112 64.111 64.110 63.109 62.108 64.106 69.104 75.102 85.099 95.096 97.092 90.088 80.083 74.078 66.072 62.065 62.057 62.049 64.039 69.027 75.014 81.999 93.981 98.962 100.941 99.920 95.898 98.878 91.861 73.847 65.840 44.843 2.868 0.000 0.000 0.000 0.000 37.516 70.492 13.473 0.000 46.421 71.410 90.395 98.376 84.353 87.327 73.305 31.292 0.000 55.244 24.241 16.238 27.237 27.237 0.000 0.000 0.000 0.000 0.000 28.452 47.396 120.333 149.252 132.131 115.681 114.623 106.291 104.929 104.801 104.665 69.888
64.118 64.118 64.117 64.116 64.115 64.114 64.112 63.110 63.108 66.105 72.102 71.098 67.094 63.089 63.084 63.078 64.072 64.065 64.057 64.047 63.037 62.025 64.011 69.997 76.980 85.963 93.946 89.929 78.913 66.900 62.890 67.885 75.886 51.893 29.897 29.880 15.842 16.774 52.660 73.596 23.571 5.580 65.532 97.506 99.483 78.456 81.421 80.375 68.340 57.314 8.288 36.261 10.251 0.000 11.237 0.000 0.981 0.000 0.000 0.000 0.000 9.510 72.453 78.370 74.354 75.510 73.481 105.271 105.164 105.050 72.244 75.020 76.888
64.124 64.124 64.123 64.123 64.122 64.120 64.119 64.117 64.114 64.112 63.108 63.105 63.100 64.096 64.091 64.085 64.080 64.073 64.066 64.057 64.048 64.037 64.026 63.013 62.000 62.986 66.972 64.958 63.946 67.936 70.929 69.924 67.923 69.922 69.918 66.901 66.871 70.822 45.752 31.661 20.636 38.637 83.620 97.599 77.575 70.544 69.500 49.413 45.364 8.339 0.000 0.000 0.000 1.271 0.000 0.000 4.981 19.954 34.905 4.836 18.749 81.596 88.579 86.648 84.630 85.709 105.473 105.374 86.498 93.287 86.139 91.909 83.748
64.130 64.130 64.130 64.129 64.128 64.127 64.125 64.124 64.121 64.119 64.116 64.112 64.107 64.102 64.098 64.093 64.088 64.082 64.076 63.068 70.060 72.051 64.041 63.030 62.019 63.008 64.997 67.987 70.978 69.970 64.964 65.961 72.958 75.955 71.950 65.938 62.918 71.891 2.865 0.000 5.674 78.713 87.712 74.696 66.672 86.645 32.622 0.000 0.000 0.000 0.231 0.237 0.253 1.271 0.000 0.000 30.008 71.976 100.927 61.859 94.739 102.892 99.851 98.939 105.749 105.661 105.569 98.587 100.462 100.159 99.018 97.948 15.862
64.137 64.137 64.137 64.136 64.135 64.134 64.133 64.131 64.129 64.126 67.123 67.120 65.115 69.109 67.105 64.101 64.097 64.093 63.087 61.081 72.073 80.065 66.057 63.048 65.039 68.030 70.022 69.014 66.007 68.002 72.998 74.995 75.994 75.992 70.988 64.982 73.972 92.960 11.951 0.000 0.000 52.827 75.819 72.801 76.774 96.742 30.721 0.000 0.220 0.223 0.226 0.226 0.251 2.272 0.000 28.122 80.069 96.014 98.942 103.937 101.099 98.087 105.990 105.913 105.834 97.904 98.688 99.559 99.238 99.209 92.139 69.044 0.000
64.144 64.144 64.144 64.143 64.142 64.141 64.140 64.139 64.137 65.135 72.132 72.128 49.123 17.115 38.111 68.110 62.107 65.104 71.099 74.093 74.087 70.081 66.073 67.066 70.059 69.052 68.045 70.040 74.035 74.032 76.030 75.030 66.030 61.030 63.030 76.029 95.027 105.027 27.028 0.000 0.000 27.949 83.937 85.916 92.880 91.828 27.798 0.000 0.219 0.000 0.000 0.173 0.000 6.274 32.242 76.183 98.098 101.111 100.197 100.198 99.288 106.135 106.064 98.115 98.914 99.774 99.560 99.414 99.369 91.301 83.259 0.000 0.000
64.151 64.151 64.151 64.150 64.150 64.149 64.148 64.147 64.146 66.144 75.142 86.139 62.136 0.000 5.115 53.120 79.119 71.116 69.112 69.107 67.102 66.096 68.090 70.084 68.079 64.073 66.069 78.065 80.062 70.061 64.062 61.063 61.065 66.069 80.072 96.076 93.082 77.091 49.107 17.144 11.139 55.083 84.063 66.044 57.004 48.893 13.845 0.000 0.000 0.029 0.031 0.046 0.000 25.309 76.276 98.186 100.378 99.368 99.475 106.338 106.273 106.205 98.180 100.063 99.774 99.647 99.591 99.517 93.439 80.375 70.337 0.000 0.000
64.159 64.159 64.158 64.158 64.158 64.157 64.156 64.156 64.155 66.153 76.152 63.149 19.145 1.155 0.000 21.135 75.132 67.129 69.125 68.121 66.117 69.112 70.107 67.102 64.098 60.094 70.091 84.089 71.088 61.089 62.092 67.096 77.101 88.107 99.114 92.123 70.134 65.148 84.165 91.186 92.191 96.181 71.187 32.195 4.199 0.000 0.000 0.000 0.000 2.122 0.029 0.000 30.423 76.353 98.367 100.552 99.567 106.517 106.460 106.401 98.453 99.251 100.138 99.835 99.819 99.758 99.682 100.589 88.507 59.420 48.379 6.379 0.378
63.166 63.166 64.166 64.165 64.165 64.165 64.165 64.165 64.164 67.163 77.162 48.162 0.000 7.165 45.163 47.152 64.147 66.143 54.139 36.135 74.132 69.128 65.124 64.120 62.117 64.114 80.112 83.111 65.112 68.116 80.121 89.127 98.135 96.144 84.154 70.167 63.182 79.200 83.221 71.242 52.258 50.263 38.309 18.350 7.399 1.588 0.000 19.917 14.917 0.000 0.000 24.509 76.525 99.621 100.637 98.745 106.626 106.572 98.622 99.432 100.307 100.113 99.990 99.965 99.911 99.859 102.788 66.652 46.579 0.000 0.000 0.000 0.000
72.174 70.174 67.173 65.173 62.173 62.174 62.174 62.174 61.173 66.173 78.173 61.174 42.177 50.174 68.170 64.165 61.160 67.157 62.153 49.150 69.147 63.144 62.141 62.138 64.135 78.133 86.131 52.132 44.135 94.140 99.148 94.157 83.167 73.179 65.193 61.209 72.228 84.251 52.276 27.305 10.335 1.388 18.438 17.495 7.582 8.730 11.855 39.917 23.917 0.000 0.000 56.761 98.787 97.905 106.777 106.729 106.678 98.662 100.552 100.277 100.168 100.136 102.092 97.040 99.009 99.980 110.958 0.000 0.000 0.000 0.000 0.000 0.000
73.183 75.182 81.180 82.180 82.181 79.182 80.183 79.183 78.183 78.183 80.183 63.183 67.184 66.182 63.179 66.176 66.173 65.170 70.167 72.165 66.162 60.160 62.157 64.155 78.152 83.150 72.149 66.151 75.155 98.163 81.174 72.186 64.199 62.213 64.229 63.248 77.271 86.298 50.329 26.367 14.414 16.483 19.537 11.611 12.705 18.818 20.918 13.978 0.000 0.000 35.002 77.008 106.911 106.868 106.824 98.901 99.705 100.601 100.308 100.303 101.260 101.213 74.168 52.104 87.102 101.096 106.106 46.165 0.000 0.000 0.000 0.000 0.000
66.193 60.191 13.185 15.185 24.190 71.191 68.192 68.192 68.193 72.193 81.193 62.193 63.192 62.191 65.190 69.187 70.185 68.183 67.181 70.179 71.177 68.176 62.174 79.172 85.170 76.167 82.165 99.166 96.171 78.182 66.199 62.214 64.228 64.244 63.262 68.283 84.310 86.340 78.375 81.418 52.472 14.540 6.616 5.707 17.809 24.918 15.021 12.103 4.129 30.235 78.196 106.989 106.951 99.048 99.855 100.739 100.551 100.436 100.419 101.371 99.329 93.288 18.266 0.000 69.201 104.197 101.203 100.224 0.000 0.000 0.000 0.000 0.000
64.204 56.204 0.000 0.000 6.201 67.202 63.202 63.202 63.202 67.202 81.202 59.202 63.202 67.201 69.200 70.199 67.197 64.196 62.195 64.194 74.193 87.192 82.191 83.190 60.187 54.184 106.178 92.177 59.182 19.196 39.225 67.242 64.257 64.273 66.292 59.314 43.345 33.377 45.415 85.459 61.515 14.588 9.680 4.792 13.905 19.025 13.148 18.253 18.343 56.395 107.046 98.241 101.978 100.880 100.693 100.582 100.557 100.521 101.478 101.440 66.399 42.343 28.341 31.347 82.303 103.287 99.288 90.303 8.338 0.000 0.000 0.000 0.000
64.215 64.217 47.223 0.000 7.212 68.212 64.212 64.212 63.212 64.212 79.212 66.212 69.212 71.212 70.211 65.211 62.210 63.209 63.209 62.208 72.208 95.208 91.208 78.208 71.207 62.202 38.188 27.182 14.182 0.000 20.264 69.273 64.285 66.300 49.317 23.337 8.377 5.410 47.447 64.489 33.540 5.618 8.724 13.875 20.996 17.129 11.292 4.462 7.808 55.652 107.119 101.130 100.889 100.710 100.694 100.658 100.616 100.577 98.542 89.509 22.486 0.000 39.409 98.398 103.375 101.361 95.358 85.363 3.373 0.000 0.000 0.000 0.000
61.225 63.226 60.228 0.000 3.222 68.222 63.222 61.222 63.222 67.222 71.222 70.222 70.222 68.222 62.222 63.222 63.222 64.222 64.222 69.223 87.223 86.224 79.226 88.227 86.229 57.231 0.000 0.000 0.000 0.000 18.294 69.300 64.311 67.325 38.339 0.379 34.416 60.441 80.473 49.508 1.541 0.000 0.000 2.990 13.072 13.207 13.400 7.787 4.982 107.321 107.222 100.039 100.883 100.783 100.748 100.709 100.671 102.635 87.601 70.571 30.548 6.537 54.488 84.461 93.440 102.425 91.418 80.417 2.419 0.000 0.000 0.000 0.000
68.234 66.235 55.236 0.000 54.233 62.233 64.233 68.233 69.232 70.232 68.232 69.232 67.233 63.233 63.234 64.234 64.234 63.235 65.236 88.237 87.238 69.240 82.243 80.246 84.252 82.262 45.284 1.303 10.315 40.319 45.317 65.323 64.334 64.350 59.372 51.408 68.434 67.463 61.498 83.536 31.573 0.000 0.000 7.021 12.098 10.219 11.375 35.601 60.050 107.412 102.373 102.115 101.854 100.840 100.799 100.761 101.724 99.689 54.656 31.626 43.600 44.575 98.544 100.518 80.497 90.482 85.473 58.468 23.467 0.000 0.000 0.000 0.000
69.242 70.243 67.245 55.248 69.244 69.243 69.243 70.243 70.243 71.242 83.242 65.242 63.243 63.244 64.245 64.246 64.247 65.248 79.249 90.250 65.252 69.255 96.259 88.264 76.270 79.280 82.295 66.309 71.319 86.326 79.331 67.340 60.353 60.370 71.392 87.420 74.448 46.480 18.518 73.567 62.636 11.749 14.859 19.976 16.079 7.200 9.297 50.600 102.853 107.495 99.353 102.001 102.928 100.889 100.851 100.813 93.776 83.741 40.708 11.677 20.648 21.621 82.594 124.570 105.549 81.534 73.523 52.516 61.513 14.513 0.000 0.682 4.682
74.249 74.251 70.252 70.254 70.253 71.253 71.253 67.253 64.253 63.253 26.252 16.249 67.253 64.255 64.256 64.258 63.259 66.260 90.262 76.264 61.266 67.270 84.274 101.279 96.286 93.295 91.305 87.316 83.326 82.334 90.343 87.353 81.367 77.384 80.406 84.431 46.459 10.491 9.529 25.577 21.655 6.752 15.852 25.945 22.044 13.172 6.335 49.580 107.649 107.574 102.250 104.089 100.975 100.941 101.901 97.863 81.826 74.791 80.757 86.726 70.696 92.668 107.641 124.617 133.597 117.580 79.568 84.561 59.557 0.000 0.000 0.000 0.000
13.254 14.259 74.260 69.262 69.262 64.263 61.263 63.263 58.263 11.264 11.264 0.265 68.267 64.267 64.268 64.269 64.271 82.272 89.274 62.277 64.279 64.283 67.287 73.293 75.299 75.307 71.316 74.325 90.334 83.343 74.352 77.364 84.378 88.395 91.415 88.439 63.466 28.497 11.529 10.556 0.000 0.000 10.854 19.907 3.975 0.000 19.508 79.746 107.722 99.601 103.318 103.053 101.035 100.991 101.951 96.912 83.875 49.839 56.805 99.773 110.742 142.713 133.686 105.661 93.640 110.623 89.610 83.601 58.597 0.000 0.000 0.000 0.000
0.272 9.270 23.267 78.271 63.272 61.272 63.273 63.273 64.274 11.275 2.277 57.281 65.279 64.279 64.280 64.281 66.282 90.284 75.286 61.289 64.292 64.296 64.300 63.306 63.312 63.319 62.326 69.334 98.342 77.351 8.359 16.370 28.387 79.403 89.421 73.443 78.470 65.502 17.536 14.561 0.000 4.756 17.802 9.854 0.000 0.000 37.657 107.862 107.793 102.484 104.218 100.124 101.082 101.040 100.999 100.960 87.922 50.886 65.851 102.818 98.786 132.756 127.728 96.702 101.680 87.661 68.647 86.637 64.633 0.000 0.000 0.000 0.000
62.290 58.285 0.000 70.282 80.282 81.282 62.283 74.283 81.284 57.285 55.287 65.289 64.289 64.290 64.291 64.292 83.294 87.296 62.298 64.301 63.304 62.308 64.312 64.317 64.323 64.329 63.336 71.343 100.351 81.358 27.365 0.380 51.397 76.408 89.423 68.442 58.468 17.507 10.551 13.591 11.650 19.710 23.743 0.000 0.000 16.601 78.832 107.930 99.749 103.461 103.201 101.176 101.130 101.088 101.047 102.007 92.968 81.931 104.896 129.861 117.829 134.797 131.768 125.740 132.716 98.695 75.678 85.668 93.665 22.674 0.000 0.000 0.000
64.296 63.295 58.297 64.293 63.292 11.292 85.292 77.293 64.294 65.295 65.297 64.298 64.299 64.300 64.302 67.303 90.305 73.307 63.309 64.312 70.316 78.320 64.324 62.329 64.334 63.340 66.346 90.352 98.359 73.367 61.375 49.388 71.398 70.409 31.422 16.436 13.452 0.000 2.569 2.603 3.648 4.692 6.717 0.000 19.722 76.836 98.972 107.996 100.711 101.347 101.266 101.221 101.177 101.134 101.092 102.052 93.013 75.975 71.939 104.904 94.870 108.837 111.805 99.776 101.748 73.724 50.704 64.691 131.684 84.684 19.686 9.685 31.685
64.303 64.303 64.303 64.302 64.301 58.301 74.302 90.303 66.304 63.305 64.306 64.308 64.309 64.311 63.312 86.314 88.316 62.318 64.320 65.323 62.327 24.331 83.335 78.340 65.344 63.350 81.355 100.361 84.367 64.374 64.382 65.390 68.399 72.407 9.419 10.427 0.000 0.000 14.553 0.000 0.000 0.000 0.000 0.000 42.875 99.999 108.122 108.060 100.598 101.426 101.306 101.266 101.221 101.178 101.137 100.096 85.057 87.018 106.981 125.945 124.909 129.875 134.842 121.809 119.778 106.748 55.724 53.707 129.697 93.692 31.688 24.686 89.685
64.310 64.310 64.310 64.310 64.310 64.310 64.311 75.312 90.313 66.315 63.316 64.318 64.319 62.321 70.323 91.325 71.327 63.329 65.331 63.333 5.337 2.342 71.346 72.350 78.355 77.359 85.364 84.369 65.375 63.381 65.387 68.393 73.399 73.403 0.000 0.000 0.000 1.536 25.538 12.533 13.531 12.530 0.000 4.199 51.223 105.239 108.183 99.947 101.650 101.382 101.358 101.309 101.265 101.222 101.180 101.139 87.099 83.060 104.022 104.985 104.948 107.912 107.877 106.841 111.805 84.768 60.738 75.717 90.704 29.698 0.000 0.000 33.684
64.318 66.317 66.317 64.318 64.319 64.319 64.320 64.321 75.322 90.324 66.326 61.327 61.329 78.331 90.333 84.335 61.338 64.340 60.341 6.341 3.348 57.353 64.357 64.361 70.364 87.369 87.373 80.378 73.382 65.387 52.392 22.397 87.401 67.404 0.000 0.000 0.000 0.527 14.529 7.529 21.529 10.530 0.000 4.459 24.469 108.302 108.243 100.815 101.541 101.443 101.398 101.352 101.307 101.264 101.222 102.181 97.141 87.101 82.062 81.024 80.986 80.949 80.912 84.874 58.833 2.781 28.741 84.719 80.706 41.698 3.693 0.000 32.683
65.325 2.325 3.322 64.326 63.327 62.328 62.329 61.330 61.332 74.333 89.335 82.337 89.339 91.341 78.344 62.346 69.349 69.351 57.353 0.000 5.362 68.365 64.368 66.371 90.374 97.378 75.382 66.385 73.390 80.394 68.398 4.401 47.405 65.407 0.000 0.000 0.000 1.514 7.521 4.526 18.528 0.000 0.000 4.689 10.043 108.360 106.075 101.777 101.515 101.487 101.438 101.392 101.348 101.305 101.263 101.222 102.182 101.142 99.102 98.063 98.024 98.986 100.948 74.910 16.871 0.000 13.727 69.713 100.702 91.694 64.688 40.684 57.683
64.334 63.334 0.000 63.336 74.336 78.337 82.338 87.339 90.341 91.342 91.345 91.347 77.349 64.352 80.354 97.357 98.360 98.363 91.367 69.375 4.374 65.376 63.378 72.381 100.384 87.387 64.390 63.393 65.397 68.400 59.403 4.407 24.409 24.412 0.000 0.000 0.000 7.505 2.513 0.000 1.528 0.000 12.601 14.004 5.446 108.415 110.023 105.654 101.571 101.523 101.477 101.432 101.388 101.345 101.303 101.263 101.222 101.182 101.142 101.102 102.061 105.022 76.984 9.947 0.000 0.000 0.000 14.704 70.695 101.688 92.683 68.680 45.682
64.342 66.343 62.347 64.345 79.345 78.346 74.347 70.348 69.349 65.351 86.354 76.356 87.359 78.362 94.365 90.367 83.371 84.374 95.378 101.382 90.384 91.387 83.389 91.391 99.394 72.396 63.399 64.401 64.404 63.407 63.409 65.412 60.415 9.419 69.427 60.433 0.000 1.486 0.000 0.000 0.000 3.318 81.438 78.662 108.512 108.465 103.902 104.723 101.602 101.561 101.514 101.470 101.426 101.384 101.343 101.303 101.263 101.223 101.183 103.140 108.095 77.057 17.021 0.000 0.000 0.000 0.000 0.000 11.687 62.679 97.675 47.673 0.000
66.350 2.349 61.352 64.353 64.353 64.354 63.355 64.356 66.357 64.360 76.363 71.366 80.369 91.372 79.375 64.378 65.381 66.385 67.388 72.392 85.395 95.397 101.399 99.401 88.403 64.405 64.407 64.409 64.411 64.413 65.415 88.417 61.420 1.424 65.430 15.438 9.453 2.467 0.000 0.000 0.000 13.228 101.439 103.633 108.556 102.243 101.938 101.670 101.645 101.596 101.551 101.507 101.464 101.422 101.382 101.342 101.303 101.264 103.225 88.183 42.122 9.090 0.000 0.000 0.000 0.000 0.000 0.000 0.000 33.666 95.665 47.664 0.000
67.359 0.360 61.361 64.361 64.362 64.362 64.363 65.364 3.363 63.369 67.373 78.376 78.379 86.382 91.385 77.388 62.392 62.395 62.399 64.402 66.405 67.408 68.410 68.411 67.413 66.414 62.415 62.417 63.418 64.420 75.421 89.422 60.424 54.426 56.428 0.000 0.000 2.467 0.000 0.000 0.000 17.239 100.346 108.638 108.597 101.098 101.820 101.722 101.676 101.630 101.585 101.542 101.500 101.460 101.420 101.381 101.342 101.305 106.271 62.243 0.000 0.000 0.000 0.000 0.000 0.000 0.000 0.000 0.000 36.655 96.654 55.653 0.000
