results3_8e3_rain/res_3e8f-0144.wd
ncols         241
nrows         181
xllcorner     12693529.787448
yllcorner     3542525.717860
cellsize      155.156523
NODATA_value  -9999.000000
[rows 66 to 98 of 181, columns 146 to 218 of 241]
34.797 49.738 71.681 72.628 72.578 72.531 72.484 72.438 72.393 75.357 11.335 0.000 0.000 0.000 0.000 0.000 0.000 0.000 44.342 19.342 0.000 26.340 56.339 56.339 56.339 63.340 69.339 69.338 69.335 69.332 69.328 69.323 69.318 69.313 69.308 71.304 56.300 57.298 49.297 0.000 0.000 0.000 0.000 0.000 25.628 32.620 41.603 35.572 13.533 11.481 26.450 47.425 55.402 49.379 44.357 44.335 34.313 31.292 31.270 34.250 55.229 67.210 62.191 51.173 58.156 65.139 69.123 69.108 68.093 68.080 68.067 68.054 68.042
37.855 56.795 74.738 72.686 72.638 72.593 72.548 72.499 77.443 66.402 36.383 33.392 0.000 0.000 0.000 0.000 0.000 15.342 17.342 0.000 0.000 0.000 26.333 57.333 66.333 69.333 69.333 69.331 69.329 73.327 71.323 69.320 69.316 69.312 68.308 60.305 54.302 60.300 50.299 0.000 0.000 0.000 0.000 17.621 31.621 36.617 32.610 0.000 0.000 8.433 28.419 31.402 45.383 54.363 43.343 42.322 40.301 31.280 31.259 30.239 36.219 60.199 67.180 52.162 54.145 56.128 58.112 62.097 66.083 68.069 69.056 68.043 68.032
42.911 63.849 73.791 72.740 72.696 72.656 70.616 69.567 24.479 9.425 40.404 46.400 11.401 0.000 0.000 0.000 0.000 0.000 0.000 0.000 0.000 10.325 39.328 59.328 69.328 69.328 69.327 69.326 69.324 71.322 70.319 69.316 69.313 70.310 60.308 58.305 61.303 56.301 48.300 0.000 0.000 0.000 0.000 35.621 38.621 0.618 0.000 0.000 3.388 36.398 38.393 48.381 51.366 62.348 60.330 48.310 37.290 29.269 31.248 31.228 26.208 40.188 57.169 61.151 66.133 63.117 56.101 61.086 64.071 64.058 62.045 64.032 67.021
47.966 70.901 74.837 75.786 72.749 73.719 68.693 14.674 0.000 39.417 40.408 45.403 53.402 0.000 0.000 0.000 0.000 0.000 0.000 0.000 0.000 22.323 45.324 58.323 70.323 69.323 69.322 69.321 69.319 70.318 69.315 69.313 69.311 66.309 60.307 25.306 0.000 0.000 0.000 0.000 0.000 0.000 0.000 31.620 38.620 0.000 0.000 0.000 53.378 39.379 34.374 62.364 67.351 68.335 72.318 66.299 54.279 34.258 31.237 31.216 29.196 30.176 36.157 37.139 44.121 52.104 59.089 63.073 64.059 65.046 61.033 64.021 65.009
30.022 34.953 44.869 20.817 77.797 74.777 59.764 36.763 6.794 0.000 0.000 0.000 0.000 0.000 0.000 0.000 0.000 0.000 0.000 0.000 0.000 23.322 48.320 51.319 67.319 69.318 69.317 69.316 73.315 72.314 69.312 69.310 70.309 61.307 64.306 0.000 0.000 0.000 0.000 0.000 0.000 0.000 0.000 0.000 25.620 34.619 0.000 0.000 84.368 47.365 29.359 60.350 68.338 68.324 68.307 71.288 70.268 50.247 33.226 31.205 29.184 32.164 33.145 41.126 46.108 35.092 35.076 40.061 45.047 51.033 56.020 60.008 63.997
76.085 55.019 0.000 0.000 81.846 73.829 60.821 42.820 9.825 0.000 0.000 0.000 0.000 0.000 0.000 0.000 0.000 0.000 0.000 0.000 0.000 0.000 9.315 53.315 69.314 69.314 69.313 69.312 71.311 70.310 69.309 69.307 70.306 58.305 68.304 0.000 0.000 0.000 0.000 0.000 0.000 0.000 0.000 0.000 0.000 1.619 9.619 0.000 21.362 37.355 30.347 60.338 68.328 68.314 69.299 69.280 69.259 62.237 38.215 34.193 32.172 29.151 50.132 62.113 68.095 52.078 45.062 41.047 39.033 36.020 36.008 35.996 63.985
52.158 0.000 0.000 79.016 78.911 76.871 67.873 52.869 8.862 0.000 0.000 0.000 0.000 0.000 0.000 0.000 0.000 0.000 0.000 0.000 0.000 0.000 35.311 58.311 70.310 69.310 69.309 70.309 69.308 69.307 69.306 69.304 70.303 63.303 28.302 0.000 0.000 0.000 0.000 0.000 0.000 0.000 0.000 0.000 0.000 0.000 0.000 0.000 0.000 34.346 33.337 51.329 66.320 69.308 63.293 59.274 65.251 56.226 39.203 38.181 47.159 42.138 65.118 69.098 68.080 66.063 66.048 63.033 61.019 58.006 53.994 45.983 65.972
79.202 69.202 75.175 31.122 0.000 0.000 73.932 47.922 8.892 0.000 11.096 0.000 0.000 0.000 0.000 0.000 0.000 0.000 0.000 0.000 0.000 0.000 51.307 63.307 70.306 69.306 69.306 71.305 71.304 69.303 69.303 69.302 68.301 64.300 13.300 0.000 0.000 0.000 0.000 0.000 0.000 0.000 0.000 0.000 0.000 0.000 0.000 0.000 0.000 0.000 22.325 48.321 66.315 67.306 48.293 51.270 53.245 50.214 35.190 32.168 55.146 64.124 68.103 70.083 70.065 71.048 69.032 69.018 70.005 68.992 69.980 69.969 68.958
81.246 73.229 78.202 29.174 0.000 0.000 65.001 12.995 0.000 0.000 43.096 6.097 0.000 0.000 0.000 0.000 0.000 0.000 0.000 0.000 0.000 0.000 54.303 66.303 70.303 69.303 69.302 70.302 70.301 69.300 69.300 70.299 66.298 61.297 11.297 0.000 0.000 0.000 0.000 0.000 0.000 0.000 0.000 0.000 0.000 0.000 0.000 0.000 14.315 16.316 27.318 43.316 65.312 67.307 13.302 0.000 0.000 40.195 34.176 29.156 43.134 62.109 68.086 70.066 70.048 70.031 68.016 68.002 68.989 67.977 67.965 68.955 68.944
73.307 73.266 73.230 71.197 58.168 44.129 37.076 36.063 32.084 35.093 38.096 38.097 10.097 0.000 0.000 0.000 0.000 0.000 15.288 17.288 0.000 7.299 53.299 67.300 69.300 69.299 69.299 69.299 69.298 69.298 69.297 69.296 51.295 46.294 44.293 39.291 3.291 0.000 0.000 0.000 0.000 0.000 0.000 0.000 0.000 0.000 0.000 0.000 18.315 44.315 35.315 39.314 59.311 60.308 33.306 0.000 0.000 0.000 31.162 36.147 35.125 54.092 67.067 68.047 68.029 68.013 67.999 67.985 67.973 67.961 67.950 67.940 67.930
73.344 73.299 73.256 72.216 69.179 71.143 45.111 24.096 62.096 35.098 39.099 15.098 0.000 0.000 0.000 0.000 0.000 0.000 15.288 61.288 10.288 0.000 52.296 66.296 70.297 69.297 71.296 72.296 70.296 69.295 69.294 67.294 60.293 51.292 52.291 51.290 4.290 0.000 0.000 0.000 0.000 0.000 0.000 0.000 0.000 0.000 0.000 0.000 12.314 47.314 39.313 46.312 61.310 56.309 62.307 0.000 0.000 0.000 0.000 0.000 0.000 44.068 67.044 68.026 68.009 67.994 67.981 67.968 67.956 67.945 67.935 67.925 67.916
73.377 73.330 74.278 76.231 73.190 73.154 72.128 73.113 64.107 42.105 14.105 0.000 0.000 0.000 0.000 0.000 0.000 0.000 2.288 54.288 41.288 31.290 47.292 69.293 69.294 69.294 69.294 69.294 69.293 69.293 69.292 69.291 67.290 46.290 50.289 57.288 0.286 0.000 0.000 0.000 0.000 0.000 0.000 0.000 0.000 0.000 0.000 0.000 8.314 59.313 3.313 26.311 49.310 56.309 17.308 0.000 0.000 0.000 0.000 0.000 0.000 0.000 56.015 69.003 67.988 67.974 67.961 67.950 67.939 67.929 67.919 67.910 67.901
76.412 72.367 69.295 71.241 74.195 74.156 76.134 73.121 71.114 58.111 7.110 0.000 0.000 0.000 0.000 0.000 0.000 0.000 0.000 10.288 45.288 37.289 53.290 71.291 69.291 69.292 69.292 69.291 69.291 69.291 69.290 69.289 70.288 59.287 46.286 50.285 56.283 0.000 0.000 0.000 0.000 0.000 0.000 0.000 0.000 0.000 0.000 0.000 0.000 4.313 0.000 0.000 34.309 53.309 0.000 0.000 0.000 0.000 0.000 0.000 0.000 0.000 43.999 64.982 67.966 67.952 67.941 67.931 67.921 67.912 67.903 67.894 67.886
69.453 30.432 0.000 0.000 0.000 66.140 71.131 77.123 73.118 62.115 12.113 0.000 46.115 16.115 0.000 0.000 0.000 0.000 0.000 0.000 37.287 41.288 62.288 70.289 71.290 72.290 69.290 69.290 69.289 69.289 69.288 69.287 69.286 70.285 49.284 31.283 40.282 1.280 0.000 0.000 0.000 0.000 0.000 0.000 0.000 0.000 0.000 0.000 0.000 0.000 0.000 0.000 23.308 56.308 0.000 0.000 0.000 0.000 0.000 0.000 0.000 0.000 0.000 44.962 64.941 67.929 67.919 67.911 67.903 67.895 67.887 67.879 67.870
64.487 21.475 0.000 0.000 41.132 39.132 56.128 75.123 72.119 57.117 38.116 42.116 46.116 12.115 0.000 0.000 0.000 0.000 8.283 0.000 38.286 49.286 69.287 69.287 72.288 72.288 69.288 69.288 69.288 69.287 69.287 69.286 69.285 70.284 66.282 61.281 50.280 30.278 24.276 0.000 0.000 0.000 0.000 0.000 0.000 0.000 0.000 0.000 0.000 0.000 0.000 0.000 25.308 17.308 0.000 0.000 0.000 0.000 0.000 0.000 0.000 0.000 0.000 0.000 49.908 65.903 67.897 67.891 67.884 67.878 67.871 67.863 67.855
70.514 51.507 23.513 0.000 0.000 41.129 41.125 63.122 75.120 53.118 40.117 45.116 23.116 0.000 0.000 0.000 0.000 0.000 37.283 30.283 35.284 52.285 71.286 71.286 72.287 69.287 69.287 69.287 69.286 69.286 69.285 69.284 69.283 69.282 69.281 71.280 60.278 48.277 37.275 38.273 31.272 22.272 27.271 0.000 0.000 0.000 0.000 0.000 0.000 0.000 0.000 0.000 28.308 3.308 0.000 0.000 0.000 0.000 0.000 0.000 0.000 0.000 0.000 0.000 34.881 62.879 66.875 67.871 67.867 67.861 67.855 67.848 67.841
73.533 64.525 17.519 0.000 0.000 0.000 40.123 45.121 72.119 60.118 41.117 44.116 19.116 0.000 0.000 0.000 0.000 0.000 40.282 33.283 36.283 54.284 73.285 72.285 70.286 70.286 69.286 69.286 69.285 69.285 69.284 70.283 70.282 70.281 64.280 55.278 59.277 66.275 59.274 57.273 45.272 32.271 39.271 0.000 0.000 0.000 0.000 0.000 0.000 0.000 0.000 0.000 0.000 0.000 0.000 0.000 0.000 0.000 0.000 0.000 0.000 0.000 0.000 0.000 26.856 57.855 67.854 69.852 69.849 69.846 68.841 67.834 67.827
73.548 48.543 0.000 0.000 0.000 0.000 0.000 47.119 60.119 54.118 53.117 50.117 40.116 18.116 0.000 0.000 0.000 0.000 39.282 32.282 37.283 52.283 64.284 61.284 56.285 58.285 63.285 68.285 70.285 70.284 68.283 58.283 56.282 61.280 50.278 47.277 47.275 58.274 62.273 57.272 43.272 32.271 4.271 0.000 0.000 0.000 0.000 0.000 0.000 0.000 0.000 0.000 0.000 0.000 0.000 0.000 0.000 0.000 0.000 0.000 0.000 0.000 0.000 0.000 14.831 39.833 45.834 47.835 47.833 48.831 57.827 66.822 67.814
72.559 38.555 0.000 0.000 0.000 0.000 0.000 42.118 36.118 35.118 43.117 43.117 43.116 39.116 12.116 0.000 0.000 0.000 44.281 39.281 44.282 54.282 57.283 60.284 18.284 0.000 0.000 9.285 70.284 67.284 56.283 11.282 0.000 0.000 49.277 81.275 74.274 53.273 59.272 53.272 42.271 27.270 30.270 0.000 0.000 0.000 0.000 0.000 0.000 0.000 0.000 0.000 0.000 0.000 0.000 0.000 0.000 0.000 10.760 0.760 18.761 39.765 50.772 49.784 67.803 75.812 76.816 74.818 76.819 63.818 46.816 64.811 67.803
70.567 35.564 0.000 0.000 0.000 0.000 0.000 42.118 38.118 17.118 0.000 0.000 0.000 0.000 0.000 0.000 0.000 0.000 50.281 44.281 39.281 35.281 21.281 0.000 0.000 0.000 0.000 0.000 0.000 0.000 43.281 5.281 0.000 0.000 0.000 44.273 77.273 37.272 38.271 37.271 33.270 36.270 83.270 42.269 0.000 0.000 0.000 0.000 0.000 0.000 0.000 0.000 0.000 0.000 0.000 0.000 9.740 0.741 0.000 0.000 4.758 86.762 82.768 64.776 65.787 62.795 63.800 85.803 78.805 64.807 44.808 53.805 52.796
56.572 37.570 31.571 0.000 0.000 0.000 0.000 0.000 40.118 24.118 0.000 0.000 0.000 0.000 0.000 0.000 0.000 0.000 50.280 50.280 51.280 34.280 9.281 0.000 0.000 0.000 0.000 0.000 0.000 0.000 39.280 16.280 0.000 0.000 0.000 43.272 92.272 56.271 59.271 54.270 39.270 57.269 111.269 108.269 39.269 0.000 0.000 0.000 0.000 0.000 0.000 0.000 0.000 0.000 0.000 0.000 0.000 17.742 7.743 5.746 14.751 89.756 56.761 64.767 55.774 36.780 47.785 90.789 56.793 43.797 50.803 4.804 0.000
40.575 40.573 26.572 0.000 0.000 0.000 0.000 0.000 0.000 0.000 0.000 0.000 0.000 0.000 0.000 0.000 0.000 0.000 53.279 44.279 38.279 36.280 10.280 0.000 0.000 0.000 0.000 0.000 0.000 36.279 29.280 54.280 50.280 0.000 2.271 49.272 55.271 47.271 90.270 79.269 50.269 3.269 67.269 122.269 6.269 0.000 0.000 0.000 0.000 0.000 0.000 0.000 0.000 0.000 0.000 0.000 68.741 106.741 97.742 93.743 40.746 84.749 52.753 41.757 88.762 69.767 89.772 70.776 40.781 48.785 0.000 0.000 0.000
43.576 44.574 36.573 0.000 0.000 0.000 0.000 0.000 0.000 0.000 0.000 0.000 0.000 0.000 0.000 0.000 0.000 0.000 7.279 48.279 38.279 16.279 0.000 0.000 0.000 0.000 0.000 0.000 0.000 38.279 35.279 11.279 0.000 0.000 0.000 23.271 2.271 0.000 3.269 45.268 1.268 0.000 23.269 89.268 44.268 0.000 0.000 0.000 0.000 0.000 0.000 0.000 0.000 0.000 0.000 0.000 24.740 4.740 68.739 72.740 23.741 84.742 61.744 34.747 52.750 102.754 116.759 50.763 38.769 5.777 0.000 0.000 14.654
42.576 43.575 43.574 47.573 39.573 0.000 0.000 0.000 0.000 0.000 0.000 0.000 0.000 0.000 0.000 0.000 0.000 0.000 0.000 38.278 34.278 18.278 0.000 0.000 0.000 0.000 0.000 0.000 39.279 36.279 13.279 0.000 0.000 0.000 0.000 0.000 0.000 0.000 0.000 49.265 0.000 0.000 23.268 0.000 0.000 0.000 0.000 0.000 0.000 0.000 0.000 0.000 0.000 0.000 0.000 0.000 0.000 0.000 44.736 63.736 22.735 86.735 66.735 36.736 85.738 88.741 83.745 91.750 55.755 0.000 0.000 0.000 28.645
44.576 22.575 33.574 42.573 42.573 42.572 41.572 0.000 0.000 0.000 0.000 0.000 0.000 0.000 0.000 0.000 0.000 0.000 0.000 40.278 36.278 20.278 0.000 0.000 0.000 0.000 0.000 0.000 0.000 42.279 14.279 0.000 0.000 0.000 0.000 0.000 0.000 1.261 13.262 36.262 40.261 17.261 0.000 0.000 0.000 0.000 0.000 0.000 0.000 0.000 0.000 0.000 0.000 0.000 0.000 0.000 0.000 0.000 47.733 67.732 27.730 87.726 72.725 86.724 86.725 45.728 38.731 83.736 32.745 0.000 0.000 29.624 37.632
49.575 0.000 0.000 39.573 28.573 0.000 41.572 31.572 0.000 0.000 0.000 0.000 0.000 0.000 0.000 0.000 0.000 0.000 0.000 39.277 36.277 24.277 0.000 0.000 0.000 0.000 0.000 0.000 0.000 0.000 0.000 0.000 0.000 0.000 0.000 0.000 0.000 0.000 52.261 69.261 30.261 0.000 0.000 0.000 0.000 0.000 0.000 0.000 0.000 0.000 0.000 0.000 0.000 0.000 0.000 0.000 0.000 0.000 82.731 68.729 29.725 87.717 84.713 76.711 68.711 54.713 55.716 24.719 0.000 0.000 13.613 32.617 39.621
46.572 0.000 0.000 26.572 18.572 0.000 0.000 0.000 0.000 50.543 46.543 37.543 0.000 0.000 0.000 0.000 0.000 0.000 0.000 43.277 39.277 21.277 0.000 0.000 0.000 0.000 0.000 0.000 0.000 0.000 0.000 0.000 0.000 0.000 0.000 0.000 0.000 0.000 15.261 99.260 65.260 0.000 0.000 0.000 0.000 0.000 0.000 0.000 0.000 0.000 0.000 0.000 0.000 0.000 0.000 0.000 0.000 0.000 14.731 0.000 0.000 61.703 102.699 81.697 80.696 78.697 81.700 29.704 0.000 0.000 17.608 31.610 32.612
62.569 0.000 0.000 0.000 0.000 48.551 35.550 0.000 46.544 40.544 40.543 32.543 0.000 0.000 0.000 0.000 0.000 0.000 0.000 43.277 38.277 26.277 0.000 0.000 0.000 0.000 0.000 0.000 0.000 0.000 0.000 0.000 0.000 0.000 0.000 0.000 0.000 0.000 0.000 43.260 35.260 6.259 0.000 0.000 0.000 0.000 0.000 0.000 0.000 0.000 0.000 0.000 0.000 0.000 0.000 0.000 0.000 0.000 0.000 0.000 0.000 8.693 44.684 45.680 43.679 43.680 40.683 36.694 0.000 0.000 10.602 31.603 29.604
73.565 62.561 44.559 45.556 44.554 38.552 39.550 40.547 38.545 43.544 42.543 33.542 30.542 0.000 0.000 0.000 0.000 0.000 0.000 30.277 0.000 0.000 0.000 0.000 0.000 0.000 0.000 0.000 0.000 0.000 0.000 0.000 0.000 0.000 0.000 0.000 0.000 0.000 0.000 0.000 42.259 5.259 0.000 0.000 0.000 0.000 0.000 0.000 0.000 0.000 0.000 0.000 0.000 0.000 0.000 0.000 0.000 0.000 0.000 0.000 0.000 0.000 32.662 31.662 31.661 47.661 42.660 0.000 0.000 0.000 3.596 44.596 56.595
73.562 67.560 37.558 37.557 37.555 20.552 21.550 25.548 35.545 44.544 41.543 33.542 36.542 25.542 0.000 0.000 0.000 0.000 0.000 0.000 0.000 0.000 0.000 0.000 0.000 0.000 0.000 0.000 0.000 0.000 0.000 0.000 0.000 0.000 0.000 0.000 0.000 0.000 0.000 0.000 0.000 45.258 4.258 0.000 0.000 0.000 0.000 0.000 0.000 0.000 0.000 0.000 0.000 0.000 0.000 0.000 0.000 0.000 0.000 0.000 24.625 27.630 31.641 31.644 33.644 52.641 42.635 25.622 0.000 0.000 39.590 60.589 67.588
73.561 71.559 41.558 38.557 18.556 0.000 0.000 0.000 0.000 35.543 38.542 36.542 29.541 0.000 0.000 0.000 0.000 0.000 0.000 0.000 0.000 0.000 0.000 0.000 0.000 0.000 0.000 0.000 0.000 0.000 0.000 0.000 0.000 0.000 0.000 0.000 0.000 0.000 0.000 0.000 0.000 48.258 10.258 0.000 0.000 0.000 0.000 0.000 0.000 0.000 0.000 0.000 0.000 0.000 0.000 0.000 0.000 0.000 0.000 0.000 35.620 32.623 31.627 27.629 40.628 57.625 41.619 30.609 25.596 25.589 49.585 66.583 67.580
73.559 71.559 24.558 28.557 0.000 0.000 0.000 0.000 0.000 0.000 26.541 39.541 31.541 0.000 0.000 0.000 0.000 0.000 0.000 0.000 0.000 0.000 0.000 0.000 0.000 0.000 0.000 0.000 0.000 0.000 0.000 0.000 0.000 0.000 0.000 0.000 0.000 0.000 0.000 0.000 0.000 0.000 16.258 0.000 0.000 0.000 0.000 0.000 0.000 0.000 0.000 0.000 4.599 12.599 0.000 0.000 0.000 0.000 0.000 29.610 27.613 26.616 31.617 45.617 58.615 48.612 32.606 30.599 32.591 29.585 50.580 68.577 67.573
73.557 47.558 0.000 0.000 0.000 0.000 0.000 0.000 0.000 0.000 0.000 29.540 36.540 34.539 0.000 0.000 0.000 0.000 0.000 0.000 0.000 0.000 0.000 0.000 0.000 0.000 0.000 0.000 0.000 0.000 0.000 0.000 0.000 0.000 0.000 0.000 0.000 0.000 0.000 0.000 0.000 0.000 0.000 0.000 0.000 0.000 0.000 0.000 0.000 0.000 0.000 0.000 0.000 5.599 7.600 0.000 34.602 26.602 24.604 36.606 50.608 55.609 57.608 57.607 43.604 31.600 30.596 30.590 29.584 31.579 54.574 69.570 67.566
