results3_8e3_rain/res_3e8f-0038.wd
ncols         241
nrows         181
xllcorner     12693529.787448
yllcorner     3542525.717860
cellsize      155.156523
NODATA_value  -9999.000000
[rows 132 to 164 of 181, columns 0 to 74 of 241]
74.329 79.330 83.332 83.335 85.338 85.343 79.348 70.355 56.362 45.371 44.381 45.392 44.404 43.418 48.434 62.451 73.469 78.489 78.511 75.535 67.560 58.586 49.614 43.640 48.668 50.702 49.723 50.733 48.739 43.741 57.738 80.726 47.698 0.000 0.000 0.000 0.000 39.926 51.919 48.890 50.879 56.880 74.888 60.895 44.902 43.906 43.908 55.908 76.904 17.897 0.000 0.000 0.000 0.000 0.000 0.000 0.000 0.000 0.000 0.000 0.000 0.000 0.000 0.000 18.916 0.000 2.439 43.370 66.236 70.137 70.027 80.110 107.572 97.917 97.864
52.355 54.356 57.358 63.361 73.364 79.369 84.375 84.381 77.389 63.398 52.408 46.419 50.432 57.446 70.462 85.479 84.498 81.518 81.540 84.563 84.587 80.612 68.637 56.663 48.690 43.716 44.737 43.752 44.764 52.772 74.777 82.778 0.000 0.000 0.000 0.000 0.000 25.934 43.943 52.933 53.923 50.926 51.941 61.952 56.957 49.958 53.956 61.951 74.940 15.913 1.904 7.896 0.000 0.000 0.000 0.000 0.000 0.000 0.000 0.000 0.000 0.000 0.000 0.000 0.917 0.000 50.509 72.435 68.316 77.287 68.347 107.705 96.459 97.965 103.200
44.381 44.382 44.384 46.387 51.391 55.395 62.401 71.408 79.415 82.424 76.434 74.446 76.459 79.473 78.490 71.507 62.526 60.546 60.568 65.590 71.613 78.638 81.662 80.687 69.712 59.736 54.758 52.777 61.793 77.808 78.821 64.832 0.000 0.000 0.000 0.000 0.000 0.000 26.987 53.978 32.953 20.960 36.001 51.016 66.018 70.015 72.008 73.000 68.993 0.000 0.000 10.889 7.887 0.000 0.000 0.000 0.000 0.000 0.000 0.000 0.000 0.000 35.043 4.996 70.917 92.811 125.625 81.584 76.629 57.580 93.640 98.138 98.035 106.769 96.283
45.407 45.408 45.410 45.413 44.417 43.422 45.427 50.434 56.442 66.450 76.460 78.472 71.485 61.500 55.517 47.535 43.554 43.575 43.596 45.618 50.640 56.664 63.688 75.712 80.736 82.760 81.783 77.804 80.825 73.846 55.869 47.898 26.944 0.000 0.000 0.000 0.000 0.000 20.040 53.042 0.000 0.000 29.090 54.091 73.087 81.077 67.064 70.049 56.041 14.050 0.000 37.886 6.886 0.000 0.000 0.000 0.000 0.000 0.000 0.000 0.000 22.141 41.089 114.031 142.951 125.813 109.345 108.276 99.939 98.586 98.447 98.298 63.524 108.435 100.026
45.433 45.434 45.436 45.439 45.443 45.448 45.454 44.460 44.468 47.476 53.486 52.497 48.510 44.526 44.543 44.562 45.582 45.603 45.624 45.645 44.668 43.691 45.714 51.738 58.762 67.786 75.809 71.833 60.857 48.883 44.912 49.946 57.992 34.051 12.091 12.114 0.000 0.000 35.094 56.107 6.149 0.000 48.180 80.173 82.162 61.145 64.121 63.092 51.073 40.061 0.000 18.885 0.000 0.000 0.000 0.000 0.000 0.000 0.000 0.000 0.000 3.194 66.142 72.061 68.043 69.192 67.156 98.959 98.842 98.719 65.897 68.667 70.532 72.192 22.151
45.459 45.460 45.462 45.465 45.469 45.474 45.480 45.486 45.494 45.502 44.511 44.521 44.534 45.550 45.569 45.590 45.611 45.631 45.652 45.674 45.695 45.718 45.740 44.764 43.788 44.812 48.837 46.863 45.890 49.918 52.950 51.985 50.026 52.071 52.108 49.138 49.165 53.168 28.135 14.144 3.193 21.285 66.276 80.262 60.243 53.219 52.186 32.125 28.098 0.000 0.000 0.000 0.000 0.000 0.000 0.000 0.000 13.720 28.702 0.000 12.387 75.270 82.265 80.336 78.320 79.395 99.177 99.070 80.166 86.950 79.796 85.562 77.397 56.331 0.000
45.485 45.486 45.488 45.492 45.496 45.501 45.506 45.513 45.520 45.527 45.535 45.545 45.556 45.572 45.595 45.618 45.640 45.661 45.682 44.702 51.723 53.745 45.768 44.791 43.815 44.840 46.865 49.892 52.921 51.951 46.984 48.020 55.059 58.098 54.135 48.166 45.192 54.203 0.000 0.000 0.000 61.388 70.378 57.358 49.331 69.303 15.281 0.000 0.000 0.000 0.000 0.000 0.000 0.000 0.000 0.000 23.779 65.738 94.686 55.594 88.433 96.582 93.544 92.633 99.478 99.382 99.282 92.264 94.133 93.825 92.680 91.605 9.515 0.000 0.000
45.511 45.512 45.514 45.518 45.522 45.527 45.533 45.540 45.546 45.553 48.560 48.566 46.575 50.589 48.621 45.649 45.671 45.692 44.711 42.731 53.752 61.773 47.795 44.818 46.842 49.867 51.893 50.921 47.951 49.983 55.017 57.053 58.091 58.130 53.167 47.202 56.232 75.252 0.000 0.000 0.000 35.503 58.490 55.462 59.421 79.383 13.355 0.000 0.000 0.000 0.000 0.000 0.000 0.000 0.000 21.869 73.822 89.764 92.686 97.666 94.809 91.793 99.743 99.659 99.571 91.595 92.373 93.237 92.913 92.879 85.805 62.706 0.000 0.000 0.000
45.537 45.538 45.540 45.544 45.548 45.554 45.560 45.567 45.574 46.580 53.585 53.588 30.588 0.000 19.653 49.685 43.706 46.724 52.742 55.761 55.780 51.801 47.822 48.845 51.868 50.894 49.921 51.949 55.980 56.013 58.048 57.085 48.124 43.164 45.204 58.243 77.282 87.323 9.375 0.000 0.000 10.632 66.620 68.579 75.509 74.453 10.404 0.000 0.000 0.000 0.000 0.000 0.000 0.034 25.971 69.924 91.843 94.854 93.934 93.927 93.010 99.905 99.825 91.819 92.611 93.465 93.246 93.095 93.047 84.975 76.931 0.000 0.000 0.000 0.000
45.563 45.564 45.566 45.570 45.575 45.581 45.588 45.595 45.602 47.609 56.613 67.612 43.601 0.000 0.000 34.734 60.744 52.758 50.773 50.790 48.809 47.828 49.849 51.871 49.895 45.920 47.947 59.976 62.008 52.042 46.078 43.117 43.157 48.198 62.241 78.286 75.333 59.382 31.428 0.000 0.000 37.773 66.781 48.725 39.583 31.518 0.000 0.000 0.000 0.000 0.000 0.000 0.000 19.077 70.023 91.931 94.119 93.109 93.214 100.133 100.059 99.983 91.892 93.764 93.472 93.340 93.279 93.201 87.120 74.052 64.013 0.000 0.000 0.000 0.000
45.588 45.589 45.591 45.595 45.601 45.608 45.616 45.625 45.633 47.641 57.647 44.649 0.623 0.000 0.000 2.774 56.780 48.790 50.804 49.820 47.837 50.856 51.876 48.897 45.920 41.945 51.972 66.002 53.034 43.070 44.108 49.147 59.189 70.233 81.278 74.328 52.382 47.445 66.529 73.672 74.807 78.907 54.007 14.959 0.000 0.000 0.000 0.000 0.000 0.000 0.000 0.000 24.176 70.108 92.117 94.296 93.316 100.339 100.273 100.205 92.178 92.968 93.847 93.540 93.519 93.453 93.372 94.275 82.190 53.099 42.056 0.017 0.000 0.000 0.000
44.614 44.614 45.615 45.619 45.626 45.636 45.646 45.656 45.665 48.675 58.685 29.693 0.000 0.000 26.817 28.808 45.812 47.821 35.834 17.848 55.865 50.883 46.902 45.923 43.945 45.969 61.996 65.026 47.059 50.096 62.136 71.177 80.221 78.266 66.313 52.365 45.423 61.489 65.571 53.681 34.844 33.043 21.380 1.872 0.027 0.000 0.000 12.533 7.533 0.000 0.000 18.257 70.275 93.372 94.391 92.499 100.467 100.404 92.360 93.162 94.029 93.830 93.701 93.671 93.612 93.556 96.480 60.340 40.265 0.000 0.000 0.000 0.000 0.000 0.000
53.641 51.639 48.637 46.640 43.651 43.664 43.676 43.687 42.699 47.711 59.726 42.747 23.789 31.814 49.826 45.831 42.839 48.849 43.862 30.876 50.892 44.909 43.928 43.947 45.968 59.991 68.017 34.047 26.081 76.120 81.163 76.207 65.251 55.297 47.345 43.397 54.455 66.519 34.584 9.640 0.000 0.000 3.055 2.285 0.110 1.363 4.483 32.533 16.533 0.000 0.000 50.504 92.542 91.665 100.651 100.591 100.530 92.409 94.287 94.007 93.893 93.856 95.805 90.747 92.711 93.678 104.653 0.000 0.000 0.000 0.000 0.000 0.000 0.000 0.000
54.671 56.667 62.653 63.656 63.675 60.693 61.707 60.720 59.732 59.745 61.761 44.781 48.807 47.828 44.843 47.854 47.865 46.876 51.889 53.904 47.919 41.936 43.953 45.972 59.991 65.012 54.036 48.064 57.099 80.142 63.191 54.237 46.281 44.326 46.374 45.425 59.484 68.548 32.610 8.654 0.000 1.628 4.622 1.845 4.795 11.246 13.480 6.582 0.000 0.000 28.697 70.753 100.820 100.765 100.709 92.661 93.457 94.344 94.048 94.038 94.988 94.935 67.883 45.812 80.805 94.794 99.800 39.855 0.000 0.000 0.000 0.000 0.000 0.000 0.000
47.706 41.705 0.000 0.000 5.700 52.727 49.742 49.754 49.765 53.778 62.793 43.810 44.830 43.848 46.864 50.877 51.890 49.903 48.916 51.931 52.946 49.962 43.979 60.996 67.013 58.031 64.051 81.075 78.109 60.160 48.221 44.269 46.312 46.354 45.399 50.448 66.509 68.579 60.654 63.713 34.772 0.273 0.000 0.000 10.232 17.425 7.608 4.735 0.000 23.742 71.869 100.924 100.873 92.821 93.620 94.495 94.303 94.184 94.163 95.109 93.061 87.012 11.984 0.000 62.902 97.895 94.896 93.911 0.000 0.000 0.000 0.000 0.000 0.000 0.000
45.742 37.743 0.000 0.000 0.000 48.774 44.780 44.789 44.798 48.809 62.823 40.839 44.856 48.873 50.888 51.903 48.916 45.930 43.944 45.958 55.973 68.989 64.005 65.021 42.036 36.049 88.061 74.078 41.105 1.173 21.267 49.306 46.344 46.382 48.419 41.460 25.524 15.606 27.716 67.775 43.816 0.657 0.714 0.000 6.476 11.613 5.793 11.010 11.569 49.877 101.003 92.027 95.756 94.648 94.458 94.344 94.314 94.273 95.226 95.183 60.137 36.068 22.056 25.056 76.007 96.987 92.980 83.982 1.981 0.000 0.000 0.000 0.000 0.000 0.000
45.778 45.784 28.802 0.000 0.000 49.815 45.818 45.823 44.830 45.840 60.852 47.866 50.883 52.900 51.915 46.930 43.944 44.957 44.971 43.986 54.000 77.016 73.032 60.047 53.061 44.070 20.068 9.072 0.000 0.000 2.307 51.345 46.378 48.411 31.438 5.448 0.000 0.000 29.829 46.856 15.835 0.000 1.062 6.495 13.583 9.758 3.935 0.000 2.387 49.352 101.101 94.917 94.666 94.485 94.464 94.424 94.378 94.335 92.295 83.260 16.234 0.000 33.116 92.106 97.082 95.065 89.056 79.054 0.000 0.000 0.000 0.000 0.000 0.000 0.000
42.809 44.814 41.822 0.000 0.000 49.854 44.854 42.857 44.861 48.868 52.879 51.893 51.911 49.928 43.944 44.958 44.972 45.986 45.999 51.013 69.028 68.044 61.060 70.076 68.092 39.104 0.000 0.000 0.000 0.000 0.365 51.389 46.413 49.445 20.475 0.000 16.806 42.858 62.916 31.985 0.000 0.000 0.000 0.000 5.605 5.901 6.255 2.296 2.470 101.379 101.242 93.836 94.667 94.563 94.523 94.479 94.437 96.397 81.359 64.327 24.306 0.291 48.187 78.170 87.150 96.134 85.126 74.124 0.000 0.000 0.000 0.000 0.000 0.000 0.000
49.835 47.841 36.850 0.000 35.908 43.893 45.890 49.889 50.891 51.894 49.902 50.918 48.940 44.959 44.975 45.989 46.002 45.015 47.028 70.042 69.056 51.072 64.089 62.107 66.127 64.150 27.186 0.000 0.000 22.375 27.392 47.411 46.442 46.484 41.542 33.645 50.756 49.853 43.992 66.184 14.381 0.000 0.000 0.000 4.331 2.984 4.538 29.111 53.705 101.492 96.196 95.911 95.646 94.626 94.580 94.537 95.495 93.455 48.418 25.384 37.356 38.332 92.271 94.238 74.214 84.197 79.189 52.192 17.218 0.000 0.000 0.000 0.000 0.000 0.000
50.857 51.867 48.887 36.916 50.924 50.923 50.922 51.921 51.919 52.915 64.919 46.937 44.974 44.994 46.008 46.020 46.032 47.044 61.057 72.070 47.084 51.100 78.117 70.137 58.159 61.186 64.222 48.274 53.317 68.360 61.392 49.424 42.461 42.507 53.565 69.640 56.720 28.806 1.079 56.381 45.579 1.736 5.954 11.303 7.712 0.300 2.750 44.200 96.558 101.584 93.174 95.806 96.727 94.681 94.637 94.593 87.551 77.510 34.472 5.437 14.403 15.370 76.329 118.296 99.270 75.252 67.241 46.238 55.243 8.243 0.000 0.000 0.000 19.284 61.284
55.870 55.884 51.916 51.938 51.949 52.954 52.956 48.956 45.950 44.930 7.924 0.000 49.027 46.035 46.044 46.054 45.064 48.074 72.086 58.098 43.112 49.128 66.145 83.164 78.187 75.213 73.245 69.282 65.319 64.356 72.393 69.431 63.473 59.519 62.571 66.629 28.679 0.000 0.000 8.446 4.512 0.000 7.067 17.245 13.489 4.511 0.229 43.398 101.762 101.674 96.078 97.900 94.779 94.738 95.692 91.648 75.605 68.564 74.525 80.487 64.451 86.415 101.379 118.347 127.320 111.299 73.284 78.277 53.275 0.000 0.000 0.000 0.000 0.000 10.284
0.000 0.000 55.956 50.971 50.981 45.987 42.993 44.997 39.998 0.000 0.000 0.000 50.074 46.076 46.081 46.088 46.096 64.105 71.115 44.126 46.139 46.154 49.171 55.190 57.212 57.236 53.263 56.292 72.322 65.353 56.393 59.435 66.482 70.524 73.573 70.629 45.689 10.753 0.000 0.000 0.000 0.000 1.990 11.120 0.000 0.000 13.383 73.592 101.849 93.455 97.142 96.871 94.844 94.793 95.747 90.701 77.658 43.616 50.575 93.536 104.498 136.461 127.426 99.393 87.364 104.340 83.321 77.309 52.304 0.000 0.000 0.000 0.000 0.000 15.285
0.000 0.000 4.982 60.009 45.019 43.023 45.033 45.041 46.048 0.000 0.000 39.136 47.119 46.115 46.117 46.121 48.127 72.135 57.143 43.153 46.165 46.180 46.197 45.215 45.235 45.256 44.279 51.302 80.325 59.343 0.000 0.000 10.497 61.525 71.568 55.625 60.696 47.818 1.550 1.344 0.000 0.000 8.505 0.913 0.000 0.000 31.563 102.024 101.936 96.333 98.049 93.946 94.897 94.847 94.800 94.753 81.709 44.666 59.624 96.584 92.545 126.507 121.470 90.435 95.403 81.375 62.352 80.336 58.327 0.000 0.000 0.000 0.000 0.000 14.285
44.175 40.173 0.000 52.066 62.064 63.053 44.075 56.088 63.105 39.141 37.156 47.155 46.150 46.149 46.151 46.154 65.159 69.165 44.171 46.178 45.189 44.204 46.222 46.240 46.258 46.276 45.295 53.315 82.333 63.351 9.366 0.000 33.486 58.510 71.550 50.609 40.652 0.000 0.000 1.678 1.522 10.127 14.316 0.000 0.000 10.560 72.763 102.111 93.625 97.305 97.038 95.004 94.950 94.900 94.851 95.804 86.759 75.715 98.672 123.630 111.590 128.550 125.512 119.474 126.438 92.405 69.377 79.355 87.342 16.339 0.000 0.000 0.000 0.000 15.286
46.178 45.172 40.157 46.126 45.118 0.000 67.125 59.132 46.145 47.162 47.174 46.178 46.180 46.181 46.184 49.187 72.191 55.195 45.198 46.202 52.210 60.225 46.247 44.265 46.282 45.297 48.312 72.328 80.344 55.361 43.382 31.414 53.453 52.480 13.515 0.000 0.000 0.000 0.000 0.000 0.000 0.000 0.000 0.000 13.779 70.831 92.932 102.198 94.581 95.198 95.108 95.054 95.001 94.950 94.901 95.853 86.807 69.762 65.719 98.676 88.635 102.594 105.553 93.512 95.471 67.430 44.394 58.367 125.348 78.336 13.322 3.310 25.298 46.291 83.287
46.187 46.182 46.174 46.164 46.164 40.178 56.169 72.172 48.180 45.190 46.199 46.206 46.210 46.213 45.217 68.221 70.224 44.226 46.226 47.223 44.224 6.242 65.276 60.294 47.307 45.318 63.330 82.342 66.355 46.370 46.387 47.408 50.430 54.445 0.000 0.000 0.000 0.000 0.000 0.000 0.000 0.000 0.000 0.000 36.992 94.048 102.372 102.285 94.477 95.281 95.153 95.104 95.050 94.999 94.949 93.901 78.855 80.809 100.765 119.721 118.679 123.637 128.594 115.551 113.503 100.450 49.402 47.370 123.348 87.333 25.321 18.308 83.295 116.288 135.285
46.202 46.196 46.192 46.193 46.197 46.202 46.203 57.207 72.213 48.221 45.229 46.236 46.241 44.246 52.251 73.255 53.259 45.260 47.257 45.239 0.000 0.000 53.324 54.328 60.334 59.341 67.348 66.357 47.366 45.377 47.389 50.403 55.417 55.425 0.000 0.000 0.000 0.000 0.000 0.000 0.000 0.000 0.000 0.097 45.452 99.339 102.459 93.857 95.520 95.243 95.209 95.151 95.098 95.046 94.996 94.948 80.901 76.855 97.810 98.766 98.722 101.680 101.637 100.593 105.543 78.463 54.397 69.362 84.340 23.328 0.000 0.000 27.283 53.282 75.282
46.224 48.209 48.207 46.222 46.228 46.232 46.236 46.240 57.246 72.253 48.261 43.268 43.274 60.281 72.287 66.292 43.297 46.301 42.302 0.000 0.000 39.386 46.367 46.362 52.362 69.364 69.367 62.371 55.376 47.382 34.390 4.401 69.409 49.413 0.000 0.000 0.000 0.000 0.000 0.000 0.000 0.000 0.000 0.218 19.292 102.635 102.546 94.718 95.418 95.309 95.253 95.197 95.143 95.092 95.042 95.993 90.946 80.900 75.854 74.809 74.766 74.723 74.682 78.643 52.611 0.000 22.359 78.341 74.324 35.312 0.000 0.000 26.274 72.275 50.276
47.262 0.000 0.000 46.259 45.261 44.264 44.268 43.272 43.278 56.286 71.293 64.301 71.309 73.316 60.323 44.330 51.337 51.345 39.351 0.000 0.000 50.406 46.398 48.392 72.388 79.386 57.385 48.384 55.385 62.388 50.390 0.000 29.406 47.408 0.000 0.000 0.000 0.000 0.000 0.000 0.000 0.000 0.000 0.428 6.198 102.722 100.013 95.668 95.396 95.356 95.296 95.240 95.187 95.136 95.086 95.038 95.990 94.944 92.898 91.852 91.808 92.765 94.724 68.685 10.648 0.000 7.340 63.320 94.301 85.283 58.261 34.256 51.263 54.268 12.272
46.301 45.314 0.000 45.295 56.295 60.297 64.300 69.304 72.310 73.318 73.327 73.336 59.344 46.352 62.361 79.369 80.379 80.390 73.406 51.436 0.000 47.435 45.429 54.421 82.414 69.408 46.402 45.398 47.395 50.394 41.393 0.000 6.402 6.405 0.000 0.000 0.000 0.000 0.000 0.000 0.000 0.000 7.168 8.666 3.278 102.798 103.948 99.550 95.454 95.394 95.337 95.282 95.229 95.178 95.129 95.081 95.034 94.988 94.941 94.895 95.848 98.805 70.764 3.724 0.000 0.000 0.000 8.299 64.278 95.259 86.245 62.242 39.256 8.262 0.000
46.329 48.327 44.341 46.331 61.329 60.330 56.332 52.335 51.340 47.352 68.363 58.372 69.381 60.390 76.399 72.408 65.419 66.432 77.448 83.467 72.482 73.470 65.461 73.451 81.441 54.430 45.420 46.411 46.404 45.399 45.397 47.397 42.398 0.000 51.379 42.378 0.000 0.000 0.000 0.000 0.000 0.000 75.810 73.026 102.900 102.854 97.831 98.619 95.486 95.432 95.375 95.321 95.269 95.219 95.171 95.124 95.078 95.032 94.985 96.936 101.886 70.844 10.804 0.000 0.000 0.000 0.000 0.000 5.254 56.230 91.218 41.213 0.000 0.000 6.948
48.358 0.000 43.364 46.362 46.361 46.361 45.363 46.365 48.364 46.387 58.400 53.410 62.419 73.428 61.437 46.447 47.458 48.472 49.488 54.502 67.509 77.504 83.495 81.482 70.468 46.453 46.437 46.423 46.411 46.404 47.399 70.396 43.395 0.000 47.381 0.000 0.000 0.000 0.000 0.000 0.000 7.302 95.603 97.816 102.935 96.201 95.845 95.566 95.528 95.467 95.411 95.358 95.307 95.259 95.211 95.166 95.121 95.076 97.031 81.981 35.915 2.879 0.000 0.000 0.000 0.000 0.000 0.000 0.000 27.188 89.183 41.179 0.000 0.000 0.000
49.388 0.000 43.392 46.391 46.391 46.393 46.396 47.399 0.000 45.434 49.441 60.449 60.458 68.467 73.475 59.484 44.496 44.512 44.531 46.545 48.549 49.544 50.532 50.516 49.498 48.477 44.453 44.432 45.417 46.407 57.400 71.396 42.391 36.386 38.383 0.000 0.000 0.000 0.000 0.000 0.000 11.289 94.421 102.990 102.962 95.034 95.727 95.615 95.556 95.499 95.445 95.393 95.344 95.297 95.251 95.207 95.164 95.122 100.082 56.040 0.000 0.000 0.000 0.000 0.000 0.000 0.000 0.000 0.000 30.152 90.147 49.141 0.000 0.000 0.000
