results3_8e3_rain/res_3e8f-0160.wd
ncols         241
nrows         181
xllcorner     12693529.787448
yllcorner     3542525.717860
cellsize      155.156523
NODATA_value  -9999.000000
[rows 99 to 131 of 181, columns 73 to 145 of 241]
59.441 59.418 59.393 58.368 58.341 63.314 66.286 63.260 59.240 59.231 53.232 9.238 0.000 0.000 0.000 0.000 0.000 14.479 72.447 97.403 95.396 94.553 101.223 101.152 94.255 94.954 94.802 94.695 95.592 95.495 94.408 98.334 57.283 0.000 0.000 0.000 0.000 0.000 0.000 33.269 59.198 71.083 38.942 20.734 50.642 53.561 51.473 55.359 52.144 49.796 19.458 44.215 48.088 63.003 68.941 71.895 69.861 64.837 57.822 52.813 47.809 25.801 0.000 0.000 0.000 0.000 20.256 38.256 50.256 74.256 75.256 75.255 75.255
59.490 59.468 58.445 56.419 60.392 65.362 66.330 66.293 60.266 57.250 62.244 62.243 23.245 0.000 17.116 47.063 23.950 3.748 60.654 100.533 95.783 95.799 101.282 93.567 95.357 95.012 94.926 94.817 94.712 94.613 96.527 95.459 31.417 0.000 0.000 0.000 0.000 0.000 1.598 37.427 43.348 54.261 3.192 0.000 45.765 53.706 52.615 56.484 56.288 27.042 0.000 39.118 53.061 57.998 78.947 79.908 79.878 80.856 81.842 79.833 60.829 0.000 0.000 0.000 0.000 0.000 0.000 37.255 50.255 74.255 75.254 75.254 75.254
59.541 58.521 58.498 61.472 64.444 65.413 40.377 4.317 33.281 69.260 42.251 16.247 8.246 0.000 28.168 78.123 75.037 66.921 85.802 96.952 93.940 101.364 94.848 95.655 95.223 95.159 95.044 94.936 94.827 95.719 93.627 81.557 28.509 1.496 0.000 0.000 0.000 1.843 40.729 47.603 45.506 46.422 19.362 0.000 51.947 69.883 62.794 57.676 32.482 0.000 0.000 22.079 12.040 51.980 76.941 80.910 78.886 78.868 78.855 80.848 53.846 47.851 47.853 53.854 0.000 0.000 0.000 14.254 49.254 74.253 75.253 75.253 75.253
58.594 57.575 62.553 65.528 65.499 65.469 30.448 0.000 0.269 12.257 3.254 0.000 0.000 0.000 21.266 84.226 90.155 98.068 98.027 95.152 101.704 101.495 94.816 95.527 95.379 95.272 95.165 95.055 94.939 100.810 50.707 18.633 2.564 0.259 5.284 8.259 0.000 31.940 49.853 45.749 45.650 44.558 50.472 16.382 45.193 71.085 70.004 67.944 0.000 0.000 0.000 0.000 0.000 49.942 78.925 82.907 79.889 78.875 76.864 65.857 46.854 42.855 43.855 27.854 0.000 0.000 0.000 0.000 45.252 74.252 75.252 75.252 71.251
57.650 63.634 65.613 65.586 63.554 69.518 39.497 0.000 0.000 0.000 0.000 0.000 0.000 0.000 32.404 90.357 93.296 97.173 96.409 96.422 101.892 94.202 95.908 95.584 95.499 95.391 95.287 99.182 105.063 59.876 28.756 3.704 0.000 0.000 0.000 5.234 33.209 56.093 49.993 42.890 47.788 51.687 48.587 46.481 60.357 64.261 54.192 62.153 0.000 0.000 0.000 0.000 0.000 55.921 79.913 84.901 83.889 79.878 74.869 43.863 41.860 42.858 49.857 0.000 0.000 0.000 0.000 39.251 43.251 72.251 75.251 75.251 69.250
64.712 65.698 65.678 64.650 42.614 8.552 27.524 29.524 0.000 0.000 0.000 0.000 0.000 23.707 76.588 90.511 93.415 95.573 96.584 102.223 102.065 95.178 95.880 95.719 95.614 95.509 99.409 61.321 21.256 0.000 38.737 24.723 0.000 0.000 0.000 0.000 41.301 75.229 66.135 61.031 55.924 56.816 54.708 55.599 68.494 62.409 46.350 48.322 0.000 0.000 0.000 0.000 0.000 55.908 83.904 48.897 46.888 78.878 81.872 51.867 42.864 47.861 17.859 0.000 0.000 0.000 0.000 12.251 39.251 57.250 73.250 76.250 69.250
65.779 65.769 61.749 65.722 47.700 0.000 18.524 48.524 0.000 0.000 0.000 0.000 13.921 75.825 89.733 95.654 95.625 95.767 102.507 102.369 94.506 96.281 95.931 95.842 95.728 95.620 99.520 71.438 3.383 0.000 8.732 11.727 0.000 0.000 0.000 0.000 28.465 60.387 65.286 75.176 71.062 58.946 61.828 70.714 65.611 53.530 45.478 46.463 20.509 21.521 0.000 0.000 0.000 53.899 87.897 1.894 0.000 27.876 74.873 64.869 45.866 24.864 0.000 0.000 0.000 0.000 0.000 0.000 12.250 36.250 62.249 72.249 65.249
63.853 60.850 59.829 75.789 54.763 0.000 17.524 45.524 0.000 0.000 0.000 8.088 72.016 84.940 94.870 97.750 96.995 95.026 102.634 93.815 95.590 92.149 94.076 95.954 95.839 96.724 90.613 80.528 28.455 0.000 0.000 0.000 0.000 0.000 0.000 15.895 50.706 55.570 55.446 57.325 66.203 69.076 71.946 65.817 52.706 46.622 45.568 44.544 48.544 33.532 0.000 0.000 0.000 42.893 79.891 45.888 34.882 26.877 69.873 75.871 55.869 0.000 0.000 6.869 0.000 0.000 0.000 0.000 0.000 31.249 55.249 60.248 47.248
57.937 66.947 62.930 3.840 4.802 0.000 8.524 8.524 0.000 0.000 0.000 9.159 88.116 90.059 97.971 97.137 96.159 102.860 102.752 95.774 95.462 95.303 95.185 94.068 94.949 96.825 53.681 4.604 0.000 0.000 0.000 0.000 0.000 19.473 36.327 51.085 61.894 58.740 57.604 54.476 55.347 58.211 70.062 70.904 62.773 51.684 44.629 44.600 46.591 0.000 0.000 0.000 0.000 27.889 69.887 47.885 43.881 43.877 75.873 78.871 61.870 24.869 14.869 57.869 0.000 0.000 0.000 0.000 0.000 34.248 58.248 53.248 39.248
59.030 69.071 56.103 0.000 0.000 0.000 5.524 17.524 1.524 0.000 0.427 75.273 85.232 97.176 97.172 96.315 103.053 102.959 95.086 96.861 96.513 96.420 96.301 96.184 98.065 47.945 0.000 0.000 0.000 0.000 0.000 8.989 34.849 51.618 64.424 60.224 59.045 58.891 58.754 59.626 57.499 56.360 30.187 48.963 73.797 55.713 43.665 46.638 44.627 32.634 0.000 0.000 0.000 28.886 61.884 39.882 0.000 0.000 31.872 68.871 57.870 66.869 73.869 32.869 0.000 0.000 0.000 0.000 0.000 9.248 49.248 47.247 40.247
57.120 61.202 60.310 36.470 0.000 0.000 0.000 3.524 6.524 0.000 28.512 88.422 95.361 97.283 97.443 95.566 103.138 95.374 97.155 96.721 96.653 96.532 97.417 98.300 60.183 0.000 0.000 0.000 0.000 0.000 11.316 54.130 64.939 60.728 59.528 59.340 59.172 59.025 58.895 58.777 58.664 67.541 6.364 0.000 41.740 50.708 42.678 51.658 51.647 33.640 0.000 0.000 0.000 0.000 45.879 82.878 50.876 0.000 24.871 69.870 63.870 54.869 54.869 0.000 0.000 0.000 0.000 0.000 0.000 0.000 28.247 39.247 40.247
69.191 7.309 63.463 61.631 50.832 9.954 0.254 0.000 0.000 19.676 78.609 92.541 98.482 97.467 96.622 103.284 103.215 96.322 97.021 96.870 96.759 97.650 99.534 60.417 0.000 0.000 0.000 0.000 9.899 40.759 51.502 63.275 60.048 59.826 56.621 56.436 56.277 57.141 59.024 58.923 61.838 38.777 0.000 0.000 21.714 46.699 45.683 63.670 59.663 0.000 0.000 0.000 0.000 0.000 29.876 74.876 86.874 43.872 69.871 83.870 75.869 51.869 44.868 16.868 0.000 0.000 0.000 0.000 0.000 0.000 34.246 40.246 44.246
51.230 4.380 65.602 55.759 62.910 55.073 16.354 3.640 12.743 79.742 88.705 98.664 97.551 97.819 95.847 103.343 95.610 97.403 97.064 96.981 97.873 98.772 52.653 0.000 0.000 0.000 0.000 2.242 53.039 63.876 61.660 60.419 62.154 61.908 67.692 72.508 67.360 60.239 54.137 58.053 63.989 21.951 0.000 0.000 17.704 49.693 50.683 72.676 60.671 0.000 0.000 0.000 0.000 0.000 17.874 69.874 78.873 83.871 79.871 79.870 83.869 67.869 46.868 47.868 16.867 9.867 0.000 0.000 0.000 36.246 41.246 39.246 44.246
0.000 0.000 33.805 84.894 47.976 0.000 0.000 17.822 77.847 82.844 96.823 97.733 98.013 95.944 103.427 95.868 97.677 97.254 97.197 98.086 94.981 49.912 0.000 0.000 0.000 0.000 8.555 55.404 63.223 61.046 60.841 64.586 39.241 17.960 20.731 37.542 63.418 65.317 66.232 58.163 59.114 20.087 0.000 0.000 0.000 30.686 48.682 55.678 54.676 3.676 0.000 0.000 0.000 0.000 17.872 60.872 73.871 78.871 79.870 80.869 76.869 72.868 57.868 45.867 49.867 55.867 0.000 0.000 0.000 2.246 39.246 40.245 42.245
0.000 0.000 10.920 86.035 73.125 0.000 0.000 24.979 85.980 93.971 97.923 99.119 99.156 103.743 103.550 96.818 97.534 97.395 97.298 92.195 82.053 32.982 0.000 0.000 7.971 43.880 52.706 64.554 61.401 61.246 65.074 42.844 0.660 0.000 0.000 23.512 61.451 58.378 62.310 68.254 68.215 46.197 0.000 0.000 0.000 12.684 50.681 44.679 51.677 2.677 0.000 0.000 0.000 0.000 22.871 47.871 64.870 78.870 73.869 66.869 68.869 29.868 54.867 63.867 56.867 52.866 0.000 0.000 0.000 0.000 0.000 34.245 39.245
0.000 0.000 0.000 14.199 63.364 3.020 13.148 79.135 91.124 98.107 98.126 98.304 104.092 103.922 96.105 97.904 97.571 97.500 90.411 56.343 0.000 0.000 0.000 16.150 62.063 55.962 63.835 61.706 61.580 62.463 40.363 1.168 0.000 0.000 0.000 22.544 64.496 58.435 58.377 60.329 64.297 66.288 18.316 0.000 0.000 0.000 31.679 50.679 25.678 0.000 0.000 0.000 0.000 0.000 15.870 43.870 54.870 61.869 53.869 50.869 15.869 0.000 3.867 47.866 51.866 60.866 0.000 0.000 0.000 0.000 0.000 28.245 39.245
0.000 0.000 0.000 0.000 0.975 13.245 82.288 87.287 98.280 98.213 99.498 99.572 104.252 96.403 98.183 97.752 97.692 87.591 76.504 40.424 0.000 0.000 0.000 56.237 78.167 63.073 54.965 62.855 60.751 63.662 33.603 0.000 0.000 0.000 18.702 53.623 60.555 59.490 59.433 56.387 52.356 54.342 16.344 0.000 0.000 0.000 12.679 57.678 5.678 0.000 0.000 0.000 0.000 0.000 15.869 45.869 44.869 43.869 41.868 47.868 0.000 0.000 0.000 22.866 45.866 63.865 7.865 0.000 0.000 0.000 0.000 0.000 32.245
0.000 0.000 0.000 0.000 0.000 85.479 84.471 98.456 98.411 99.616 99.689 104.545 104.403 97.356 99.041 96.886 82.771 71.678 45.591 0.000 0.000 0.000 50.518 68.394 68.295 75.197 63.097 52.998 58.908 68.832 71.785 34.802 0.000 0.000 17.780 65.693 59.610 59.538 58.477 54.430 48.398 49.380 15.374 0.000 0.000 0.000 0.000 30.678 38.678 0.000 0.000 0.000 0.000 0.000 23.869 47.868 41.868 42.868 42.868 44.868 27.867 0.000 0.000 0.000 32.865 53.865 31.865 5.864 0.000 0.000 0.000 0.000 27.244
0.000 0.000 0.000 0.000 24.843 85.721 97.664 98.625 99.636 101.823 104.811 104.680 96.662 98.427 95.079 83.980 72.835 44.757 0.000 0.000 0.000 52.760 73.642 59.527 51.423 65.323 77.227 65.135 68.049 68.972 55.902 61.819 40.617 3.024 25.946 57.759 53.652 60.575 55.509 47.458 46.425 50.407 12.399 0.000 0.000 0.000 0.000 17.678 57.678 2.678 0.000 0.000 0.000 0.000 0.000 29.868 44.868 42.868 42.867 42.867 50.867 0.000 0.000 0.000 0.000 34.864 45.864 51.864 0.000 0.000 0.000 0.000 0.000
0.000 0.000 0.000 0.000 67.965 93.898 99.844 98.749 99.019 97.100 104.936 96.944 98.709 93.278 82.211 57.092 0.000 0.000 0.000 0.000 52.996 73.878 60.762 49.650 49.545 51.446 62.352 77.264 68.182 53.106 61.032 62.955 36.869 0.000 22.845 82.744 69.667 58.601 52.526 48.467 45.438 46.422 40.416 4.420 0.000 0.000 0.000 0.000 36.678 8.678 0.000 0.000 0.000 0.000 0.000 9.867 46.867 42.867 42.867 42.867 44.867 28.866 0.000 0.000 0.000 15.864 42.864 45.864 0.000 0.000 0.000 0.000 0.000
0.000 0.000 0.000 71.276 68.153 74.071 88.982 100.156 97.220 105.171 105.056 97.876 93.563 82.417 61.311 0.000 0.000 34.623 0.000 5.238 78.114 60.993 49.877 50.767 49.662 52.564 66.472 75.387 76.309 60.236 56.167 67.098 41.034 0.000 0.000 13.707 26.669 8.635 0.000 18.448 49.438 56.428 57.424 43.423 0.000 0.000 0.000 0.000 0.000 0.000 0.000 0.000 0.000 0.000 0.000 10.867 46.867 45.867 48.867 43.866 40.866 49.866 0.000 0.000 0.000 22.864 56.864 61.864 0.000 0.000 0.000 0.000 0.000
0.000 0.000 10.503 72.400 69.301 70.221 80.196 96.362 105.389 105.281 97.155 93.921 81.592 55.516 0.000 0.000 51.673 50.623 32.523 16.362 66.228 50.105 50.988 49.877 50.773 65.676 71.586 35.504 26.430 78.364 64.302 42.237 3.136 0.000 0.000 0.000 0.000 0.000 0.000 15.440 67.435 61.430 58.427 54.426 9.426 0.000 0.000 0.000 0.000 0.000 0.000 0.000 0.000 0.000 0.000 34.867 43.867 18.867 0.000 18.866 43.866 47.866 0.000 0.000 0.000 24.864 60.864 29.864 0.000 0.000 0.000 0.000 0.000
0.000 85.693 73.606 70.517 68.439 69.317 70.561 74.626 105.493 96.396 92.158 81.748 55.705 0.000 0.000 0.000 55.723 53.674 73.583 57.459 50.333 51.210 50.092 52.981 72.876 69.780 50.691 46.613 51.544 79.486 76.441 40.413 0.000 0.000 0.000 0.000 0.000 0.000 0.000 15.437 74.434 74.431 69.428 60.427 5.427 0.000 0.000 0.000 0.000 0.000 0.000 0.000 0.000 0.000 7.866 46.866 48.866 0.000 0.000 3.866 46.866 47.866 0.000 0.000 0.000 0.000 31.864 0.000 0.000 0.000 0.000 0.000 0.000
1.867 83.781 97.709 89.635 74.537 75.694 67.742 105.690 105.593 75.279 79.957 55.855 0.000 0.000 0.000 0.000 57.821 70.768 68.675 50.559 50.434 50.310 61.191 73.077 61.972 50.875 50.788 50.711 51.647 60.596 78.564 74.560 35.614 0.000 0.000 0.000 0.000 0.000 0.000 0.000 60.432 62.430 74.429 75.428 31.427 0.000 0.000 0.000 0.000 0.000 0.000 0.000 0.000 0.000 38.866 48.866 25.866 0.000 0.000 7.866 47.866 45.866 0.000 0.000 0.000 0.000 0.000 0.000 0.000 0.000 0.000 0.000 0.000
19.942 96.883 99.816 99.746 94.720 84.875 105.878 105.784 67.439 62.215 0.000 0.000 0.000 0.000 0.000 0.000 68.973 73.900 49.792 51.666 51.535 63.406 72.282 54.166 51.059 50.961 50.874 50.798 50.735 50.687 59.657 79.649 72.669 46.700 37.712 41.715 10.716 0.000 0.000 0.000 0.000 40.429 80.428 80.428 41.428 0.000 0.000 0.000 0.000 0.000 0.000 0.000 0.000 0.000 27.866 26.866 0.000 0.000 0.000 0.000 27.866 54.866 0.000 0.000 0.000 0.000 0.000 0.000 0.000 0.000 0.000 0.000 0.000
90.059 99.992 99.931 99.818 104.062 95.120 105.969 67.540 70.222 64.914 0.000 0.000 0.000 0.000 0.000 62.359 74.199 51.066 51.926 51.780 59.635 72.496 50.367 51.247 51.137 51.037 50.948 50.872 50.809 50.761 50.728 54.712 55.711 50.718 51.721 58.718 40.717 0.000 0.000 0.000 0.000 0.000 35.428 71.428 34.427 0.000 0.000 0.000 0.000 0.000 0.000 0.000 0.000 0.000 0.000 0.000 0.000 0.000 0.000 0.000 0.000 6.865 0.000 0.000 0.000 0.000 0.000 0.000 0.000 0.000 0.000 0.000 0.000
96.163 96.103 100.016 101.179 98.226 106.145 106.057 72.203 56.641 1.798 4.798 1.798 0.000 0.000 0.000 79.518 56.399 52.240 52.066 53.892 74.728 54.577 51.441 51.317 51.204 51.101 51.009 50.932 50.869 50.819 50.783 49.759 48.746 51.740 33.738 0.000 0.000 0.000 0.000 0.000 0.000 0.000 0.000 64.427 52.427 19.427 0.000 0.000 0.000 0.000 0.000 0.000 0.000 0.000 0.000 0.000 0.000 0.000 0.000 0.000 0.000 0.000 0.000 0.000 0.000 0.000 0.000 0.000 0.000 0.000 0.000 0.000 0.000
75.277 75.213 79.191 75.349 106.317 106.231 83.715 64.907 55.814 0.000 0.000 1.798 0.000 0.000 0.000 54.797 50.638 50.430 49.206 61.993 54.807 48.644 49.503 49.378 49.262 49.153 50.057 50.978 50.914 50.865 49.826 47.796 49.772 49.758 46.752 36.754 39.754 41.753 40.753 42.752 13.752 0.000 0.000 2.427 61.427 33.427 0.000 0.000 0.000 0.000 0.000 0.000 0.000 0.000 0.000 0.000 0.000 0.000 0.000 0.000 0.000 0.000 0.000 0.000 0.000 0.000 0.000 0.000 0.000 0.000 0.000 0.000 0.000
90.393 112.281 77.529 107.587 106.400 66.272 56.865 0.000 71.174 29.506 0.000 0.000 0.000 0.000 98.621 77.235 47.927 55.635 66.334 65.070 60.862 58.689 58.550 58.429 57.313 51.193 47.088 51.007 50.946 50.899 49.861 49.826 53.789 53.769 54.759 64.756 64.754 60.753 53.753 52.752 31.752 0.000 0.000 0.000 20.427 26.427 0.000 0.000 0.000 0.000 0.000 0.000 0.000 0.000 0.000 0.000 0.000 0.000 0.000 0.000 0.000 0.000 0.000 0.000 0.000 0.000 0.000 0.000 0.000 0.000 0.000 0.000 0.000
138.473 117.071 115.117 106.555 106.479 94.361 0.000 38.180 66.180 139.839 115.335 1.613 46.133 35.570 97.007 56.596 54.199 125.849 116.424 112.090 111.884 110.700 109.578 108.474 107.370 78.219 45.093 51.017 50.964 50.924 50.892 42.859 0.000 0.000 0.000 0.000 0.000 0.000 17.752 69.752 48.751 19.751 0.000 0.000 0.000 0.000 0.000 0.000 0.000 0.000 0.000 0.000 0.000 0.000 0.000 0.000 0.000 0.000 0.000 0.000 0.000 0.000 0.000 0.000 0.000 0.000 0.000 0.000 0.000 0.000 0.000 0.000 0.000
96.642 116.229 106.694 106.626 90.886 0.000 0.000 0.000 9.528 61.336 49.072 0.000 27.455 0.000 56.242 52.941 62.426 118.137 0.000 3.982 0.000 54.648 63.587 124.522 37.472 0.000 55.049 51.005 50.969 51.942 33.925 0.000 0.000 0.000 0.000 0.000 0.000 0.000 0.000 22.751 69.751 25.751 0.000 0.000 0.000 0.000 0.000 0.000 0.000 0.000 0.000 0.000 0.000 0.000 0.000 0.000 0.000 0.000 0.000 0.000 0.000 0.000 0.000 0.000 0.000 0.000 0.000 0.000 0.000 0.000 0.000 0.000 0.000
117.399 115.453 106.758 115.377 117.224 37.512 0.000 17.067 44.067 53.904 30.546 7.662 48.777 94.316 92.779 85.500 0.000 37.137 0.000 15.874 37.766 65.659 110.599 73.554 38.524 0.000 0.000 56.985 50.965 51.950 32.940 0.000 0.000 0.000 0.000 0.000 0.000 0.000 0.000 0.000 16.751 55.751 20.750 0.000 0.000 0.000 0.000 0.000 0.000 0.000 0.000 0.000 0.000 0.000 0.000 0.000 0.000 0.000 0.000 0.000 0.000 0.000 0.000 0.000 0.000 0.000 0.000 0.000 0.000 0.000 0.000 0.000 0.000
115.533 106.874 106.819 95.883 38.648 0.000 0.000 0.000 5.770 32.667 0.000 0.000 41.676 85.391 139.059 74.779 0.000 0.000 0.000 0.000 0.000 79.621 114.596 44.570 41.547 0.000 0.000 0.000 55.956 49.951 47.947 45.948 33.948 0.000 0.000 0.000 0.000 0.000 0.000 0.000 11.750 69.750 27.750 0.000 0.000 0.000 0.000 0.000 0.000 0.000 0.000 0.000 0.000 0.000 0.000 0.000 0.000 0.000 0.000 0.000 0.000 0.000 0.000 0.000 0.000 0.000 0.000 0.000 0.000 0.000 0.000 0.000 0.000
