results3_8e3_rain/res_3e8f-0052.wd
ncols         241
nrows         181
xllcorner     12693529.787448
yllcorner     3542525.717860
cellsize      155.156523
NODATA_value  -9999.000000
[rows 99 to 131 of 181, columns 0 to 73 of 241]
0.000 0.000 0.000 0.000 0.000 51.665 91.664 93.661 84.655 79.653 0.000 0.000 0.000 0.000 0.000 0.000 0.000 59.636 56.635 0.000 0.000 0.000 0.000 54.586 53.585 0.000 0.000 0.000 0.000 1.535 0.000 0.000 0.000 0.000 7.405 53.400 49.391 48.375 49.352 50.326 63.298 52.267 56.233 48.195 50.154 48.110 49.063 54.013 54.962 52.908 56.853 49.796 49.739 51.680 54.618 68.552 69.496 54.451 40.411 0.000 0.000 0.000 0.000 0.000 18.226 73.225 70.222 57.211 32.200 27.188 71.178 48.169 50.162 50.158
0.000 0.000 0.000 0.000 0.000 52.670 92.670 92.670 0.000 0.000 0.000 0.000 0.000 0.000 0.000 0.000 4.636 70.636 59.636 0.000 0.000 0.000 57.603 56.596 60.592 0.000 0.000 0.000 0.000 59.535 51.535 0.000 0.000 0.000 66.446 76.441 62.433 55.420 49.403 51.381 70.355 55.326 61.293 61.256 52.215 67.170 59.122 60.072 50.019 57.964 57.907 55.849 49.790 50.731 54.669 51.580 13.521 3.486 0.000 0.000 0.000 0.000 0.000 21.211 58.213 70.212 77.208 67.201 43.193 44.184 58.176 49.169 50.163 50.160
0.000 0.000 0.000 0.000 0.000 39.677 88.677 97.678 7.682 0.000 0.000 0.000 0.000 0.000 0.000 0.000 0.000 77.638 58.637 59.633 61.628 58.620 55.610 56.603 54.598 0.000 0.000 0.000 0.000 52.535 52.536 53.535 52.529 52.517 51.493 61.486 70.480 17.471 81.458 71.440 76.417 61.389 6.357 77.320 75.279 74.234 78.185 67.133 50.078 53.022 57.963 57.904 54.843 50.785 39.746 0.000 0.000 0.000 0.000 0.000 0.000 0.000 0.000 31.208 58.206 58.203 69.199 68.193 51.187 51.180 50.173 50.168 50.163 50.160
65.701 68.701 0.700 0.000 0.000 49.684 88.683 93.684 103.686 8.688 0.000 0.000 0.000 0.000 0.000 0.000 0.000 14.642 62.640 59.636 77.630 91.623 66.616 51.609 0.000 0.000 0.000 0.000 0.000 0.000 51.538 52.541 52.536 52.529 52.525 51.529 51.531 50.527 51.518 56.504 68.483 62.457 5.425 77.388 78.347 56.301 63.251 80.198 74.141 61.081 51.021 56.959 57.895 60.821 45.783 0.000 0.000 0.000 0.000 0.000 0.000 0.000 0.000 0.000 9.199 55.195 52.191 52.186 50.181 50.175 50.170 50.165 50.162 49.159
79.702 62.701 62.701 64.699 66.696 85.691 93.689 93.689 93.690 95.691 69.693 8.694 0.000 57.662 64.661 65.660 27.656 22.649 85.645 93.640 88.635 84.626 67.620 0.000 0.000 0.000 0.000 0.000 0.000 0.000 0.000 52.555 51.543 50.540 51.547 52.576 52.586 52.588 52.584 53.574 72.556 67.531 50.499 52.462 63.420 74.373 51.322 63.266 64.206 57.142 77.079 60.018 51.956 0.000 0.000 0.000 0.000 0.000 0.000 0.000 0.000 0.000 0.000 0.000 1.193 55.188 50.184 50.180 50.176 50.171 50.166 48.162 46.159 48.157
94.703 84.703 65.702 69.701 87.699 93.696 93.694 93.694 93.694 88.694 60.695 66.695 0.000 48.662 83.663 91.662 91.659 75.655 90.651 97.647 7.643 0.000 0.000 0.000 0.000 0.000 0.000 0.000 0.000 0.000 0.000 52.581 0.000 0.000 0.000 53.644 52.650 52.656 52.657 53.651 69.636 74.612 51.580 52.541 52.497 70.450 71.397 49.340 57.275 76.201 68.138 46.078 0.000 0.000 0.000 0.000 0.000 0.000 0.000 0.000 0.000 0.000 0.000 0.000 0.000 55.181 50.179 50.175 50.171 49.166 48.162 53.159 54.156 55.155
94.706 94.705 89.705 92.703 93.702 93.700 93.699 93.698 93.698 89.697 64.697 81.697 0.000 0.000 61.668 85.667 93.664 94.661 93.657 98.653 1.648 0.000 0.000 0.000 0.000 0.000 0.000 0.000 0.000 0.000 0.000 52.608 0.000 0.000 54.711 52.705 52.715 52.728 52.738 52.738 69.726 74.701 51.667 52.625 52.580 53.531 74.478 68.421 75.353 65.249 46.193 0.000 0.000 0.000 0.000 0.000 0.000 0.000 0.000 0.000 0.000 0.000 0.000 0.000 53.175 50.176 50.175 50.171 50.167 49.161 51.157 55.154 56.152 56.151
92.709 93.709 93.708 93.707 93.706 93.705 93.704 93.703 93.702 94.701 89.700 96.699 20.699 0.000 49.675 68.673 91.670 93.667 94.664 82.662 0.000 0.000 0.000 0.000 0.000 0.000 0.000 0.000 0.000 0.000 0.000 46.635 51.662 51.689 50.717 52.752 52.776 52.803 52.829 52.838 69.828 74.800 51.761 52.715 52.665 52.615 57.565 80.514 60.467 0.000 0.000 0.000 0.000 0.000 0.000 0.000 0.000 0.000 0.000 0.000 0.000 0.000 0.000 0.000 6.175 57.175 53.173 54.169 52.164 48.155 55.151 56.149 54.148 54.148
89.713 94.712 93.712 93.711 93.711 93.710 93.709 93.707 93.706 93.705 94.703 87.701 71.699 62.693 56.685 83.680 93.676 93.673 98.671 1.669 0.000 0.000 0.000 0.000 0.000 0.000 0.000 0.000 0.000 0.000 0.000 0.000 0.000 0.000 0.000 52.809 52.834 52.880 52.937 52.959 68.947 75.912 52.863 52.807 52.752 52.700 52.652 58.603 11.535 0.000 0.000 0.000 0.000 0.000 0.000 0.000 0.000 0.000 0.000 0.000 0.000 0.000 0.000 0.000 0.000 0.000 0.000 0.000 0.000 57.145 55.144 56.144 53.144 48.143
89.717 94.717 93.717 93.716 93.716 93.715 93.714 93.713 93.711 93.710 94.708 79.705 58.702 57.697 66.691 90.687 93.683 93.680 99.677 4.676 0.000 0.000 0.000 0.000 0.000 0.000 0.000 0.000 0.000 0.000 0.000 0.000 0.000 0.000 0.000 48.841 52.873 49.945 53.082 53.112 72.090 76.038 52.970 52.900 52.836 52.783 52.740 49.712 0.000 0.000 0.000 0.000 0.000 0.000 0.000 0.000 0.000 0.000 0.000 0.000 0.000 49.096 0.000 0.000 0.000 0.000 0.000 0.000 53.130 54.136 56.137 56.138 53.139 49.139
92.722 93.722 93.722 93.722 93.722 93.721 93.720 93.719 93.717 93.715 93.713 90.710 67.706 68.702 85.697 92.693 93.689 93.686 100.683 17.681 0.000 0.000 0.000 0.000 0.000 0.000 0.000 0.000 0.000 0.000 0.000 0.000 0.000 0.000 0.000 0.000 48.873 0.000 52.335 53.317 81.264 68.180 53.081 52.987 52.911 65.853 55.814 50.794 0.000 0.000 0.000 0.000 0.000 0.000 0.000 0.000 0.000 0.000 0.000 0.000 1.095 60.096 45.096 0.000 0.000 0.000 0.000 54.122 57.126 56.129 53.132 49.133 49.135 47.136
93.728 93.728 93.728 93.728 93.728 93.728 93.727 93.726 93.724 93.722 93.719 93.716 95.712 95.707 94.703 93.699 93.696 95.692 84.688 27.684 0.000 0.000 0.000 0.000 0.000 0.000 0.000 0.000 0.000 0.000 0.000 0.000 0.000 0.000 0.000 0.000 0.000 0.000 52.605 53.558 87.469 56.339 53.185 53.057 64.967 73.907 52.870 52.855 51.870 0.000 0.000 0.000 0.000 0.000 0.000 0.000 0.000 0.000 0.000 0.000 0.000 56.096 57.097 44.098 0.000 50.110 52.113 56.118 55.122 53.125 52.127 48.129 56.131 59.132
92.734 91.734 93.735 93.735 93.735 93.735 93.734 93.733 93.732 93.730 93.727 93.723 93.718 93.713 93.709 93.706 94.703 77.699 5.693 0.000 54.716 68.715 14.714 0.000 0.000 0.000 0.000 0.000 0.000 0.000 0.000 0.000 0.000 0.000 0.000 0.000 0.000 0.000 48.923 59.842 82.714 53.523 50.265 53.088 52.994 52.937 52.903 52.887 52.885 49.884 0.000 0.000 0.000 0.000 0.000 0.000 0.000 0.000 0.000 0.000 0.000 51.096 47.097 53.099 48.103 56.107 56.111 55.115 51.119 54.121 49.124 48.125 48.127 41.129
82.740 82.741 91.742 93.743 93.743 93.743 93.743 93.742 93.741 93.739 93.735 94.731 95.725 93.719 93.715 93.712 93.710 15.709 0.000 54.718 64.717 74.715 73.714 66.714 58.713 0.000 0.000 0.000 0.000 0.000 0.000 0.000 0.000 0.000 0.000 53.795 56.735 56.595 53.322 52.172 61.023 48.773 0.000 49.036 52.984 52.945 52.919 52.904 51.899 0.000 0.000 0.000 0.000 0.000 0.000 0.000 53.090 64.090 0.000 0.000 52.095 50.096 50.097 47.099 55.102 56.106 56.109 53.113 56.116 56.119 54.121 49.122 38.123 0.000
64.747 69.748 88.750 94.751 93.752 93.752 93.752 93.752 93.751 93.749 95.746 81.740 77.732 92.725 97.720 94.718 89.717 71.719 74.722 80.720 74.718 75.716 54.715 47.714 0.000 0.000 0.000 0.000 0.000 0.000 0.000 0.000 0.000 0.000 44.855 50.855 53.815 53.728 53.600 53.502 55.434 0.000 0.000 0.000 47.962 52.941 52.924 52.913 52.908 0.000 0.000 0.000 0.000 0.000 0.000 13.090 70.090 52.090 50.091 50.092 50.094 50.095 48.097 53.099 56.101 56.104 52.108 56.112 56.115 55.117 49.119 50.120 40.120 0.000
48.752 63.754 82.758 95.761 96.761 96.761 94.762 93.763 94.763 93.762 94.759 32.753 3.738 51.729 69.724 90.722 97.723 95.726 95.728 81.722 4.720 0.000 0.000 0.000 0.000 0.000 0.000 0.000 0.000 0.000 1.819 0.000 0.000 0.000 0.000 49.957 53.942 51.903 52.847 54.802 55.777 0.000 0.000 0.000 0.000 45.931 52.923 52.916 49.912 0.000 0.000 0.000 0.000 0.000 0.000 0.000 12.090 66.091 49.091 49.092 50.093 49.095 49.096 55.098 56.100 54.103 42.105 0.000 60.116 54.116 54.117 54.118 40.118 0.000
12.755 34.759 67.769 73.772 67.772 69.769 86.774 94.776 90.776 83.776 82.776 17.776 0.000 0.000 0.000 27.725 62.728 88.736 95.741 0.000 0.000 0.000 0.000 0.000 0.000 0.000 0.000 0.000 0.000 41.819 62.819 7.820 0.000 0.000 0.000 50.074 56.094 55.094 64.084 65.081 55.096 0.460 0.000 0.000 0.000 0.000 49.920 50.918 0.000 0.000 0.000 0.000 0.000 0.000 0.000 0.000 0.000 71.091 74.091 54.092 48.093 46.094 56.095 56.096 51.098 0.000 0.000 0.000 1.115 59.116 56.116 56.117 46.117 0.000
0.000 0.000 48.787 57.787 9.788 0.000 58.789 87.790 78.790 74.792 88.794 55.799 15.811 0.000 0.000 0.000 0.000 33.748 64.760 0.000 0.000 0.000 0.000 0.000 0.000 0.000 0.000 0.000 0.000 0.000 46.820 64.820 0.000 0.000 0.000 41.170 55.267 53.297 83.313 76.344 54.419 56.610 2.700 0.000 0.000 0.000 44.920 0.000 0.000 0.000 0.000 0.000 0.000 0.000 0.000 0.000 0.000 0.000 59.092 76.092 61.093 55.094 56.094 51.095 0.000 0.000 0.000 0.000 0.000 51.115 56.116 56.116 51.116 0.000
0.000 0.000 44.804 89.803 46.803 0.000 47.804 79.804 81.805 92.806 94.809 97.815 103.823 42.834 11.840 0.000 0.000 0.000 4.793 0.000 0.000 0.000 0.000 0.000 0.000 0.000 0.000 0.000 0.000 0.000 47.821 62.822 0.000 0.000 3.836 0.000 48.508 56.513 86.528 68.563 56.627 55.724 60.789 0.000 0.000 0.000 0.000 0.000 0.000 0.000 0.000 0.000 0.000 0.000 0.000 0.000 0.000 0.000 0.000 0.000 64.093 54.093 52.094 0.000 0.000 0.000 0.000 0.000 50.114 49.114 51.115 45.115 0.000 0.000
17.837 32.833 66.823 84.819 92.819 61.823 74.819 97.818 94.819 93.820 93.823 93.828 93.834 99.840 102.846 58.851 17.853 0.000 62.825 76.838 69.844 71.846 27.846 3.846 0.845 0.000 0.000 0.000 0.000 0.000 26.822 48.824 54.828 54.832 57.836 16.842 49.745 78.719 80.724 57.752 55.802 55.870 58.944 4.045 0.000 0.000 0.000 0.000 0.000 0.000 0.000 0.000 0.000 0.000 0.000 0.000 0.000 0.000 0.000 0.000 0.000 0.000 0.000 0.000 0.000 0.000 0.000 52.113 47.114 45.114 0.000 0.000 0.000 0.000
90.841 93.839 93.835 91.832 89.832 90.832 92.831 92.831 93.832 94.833 94.836 93.839 86.844 90.848 93.852 97.855 101.856 102.854 94.845 90.847 87.848 82.848 84.847 77.846 33.845 11.845 0.000 0.000 0.000 0.000 0.000 0.000 0.000 0.000 0.000 73.944 62.912 91.895 82.898 69.920 56.959 56.012 56.074 60.145 56.216 0.000 0.000 0.000 0.000 0.000 0.000 0.000 0.000 0.000 0.000 0.000 0.000 0.000 0.000 0.000 0.000 0.000 0.000 0.000 0.000 0.000 0.000 0.000 0.000 0.000 0.000 0.000 0.000 0.000
93.849 88.848 86.846 85.844 79.844 76.844 77.843 77.843 83.844 88.846 88.848 81.851 65.854 80.857 93.860 93.862 93.862 93.860 93.857 93.855 94.853 94.851 97.849 98.847 98.846 98.845 37.844 0.000 0.000 0.000 0.000 0.000 0.000 0.000 0.000 46.079 72.063 77.051 61.053 78.070 66.102 56.144 56.194 59.247 2.286 0.000 0.000 0.000 0.000 0.000 0.000 0.000 0.000 0.000 0.000 0.000 0.000 0.000 0.000 0.000 0.000 0.000 0.000 0.000 0.000 0.000 0.000 0.000 0.000 0.000 0.000 0.000 0.000 0.000
63.858 36.857 58.856 72.856 70.855 50.855 35.855 31.856 51.857 68.858 67.860 60.862 55.865 65.867 86.869 94.870 93.870 93.869 93.866 93.864 93.860 97.856 72.851 60.848 59.846 63.845 66.844 5.844 0.000 0.000 0.000 0.000 0.000 0.000 0.000 44.231 80.210 63.193 55.193 65.207 76.234 60.270 56.313 56.362 62.421 6.498 0.567 0.000 0.000 0.000 0.000 0.000 0.000 0.000 0.000 0.000 0.000 0.000 0.000 0.000 0.000 0.000 0.000 0.000 0.000 0.000 0.000 0.000 0.000 0.000 0.000 0.000 0.000 0.000
53.868 24.868 46.868 61.867 57.867 34.867 20.867 24.868 44.869 58.870 56.872 56.874 57.876 55.878 74.879 91.880 93.880 93.879 93.877 93.873 92.868 55.862 0.000 0.000 0.000 0.000 0.000 0.000 0.000 50.567 70.567 22.567 8.565 4.554 51.510 68.405 85.353 62.318 56.319 54.333 71.357 73.389 59.426 56.468 56.515 59.568 68.622 6.646 1.652 0.000 0.000 0.000 0.000 0.000 0.000 0.000 0.000 0.000 0.000 0.000 0.000 0.000 0.000 0.000 0.000 0.000 0.000 0.000 0.000 0.000 0.000 0.000 0.000 0.000
66.879 62.879 57.879 56.879 57.879 59.879 60.880 63.880 62.881 58.883 57.884 57.886 57.888 56.889 63.891 85.892 94.892 93.891 95.889 67.885 33.876 0.000 0.000 0.000 0.000 0.000 0.000 0.000 0.000 15.567 37.568 40.570 44.574 58.588 55.571 76.526 73.480 47.409 54.430 56.450 58.474 71.502 63.534 58.568 56.604 55.637 72.661 63.664 57.658 0.000 0.000 0.000 0.000 0.000 0.000 0.000 0.000 0.000 0.000 0.000 0.000 0.000 0.000 0.000 0.000 0.000 0.000 0.000 0.000 0.000 0.000 0.000 0.000 13.428
56.891 57.891 57.891 57.891 57.891 57.892 57.892 57.893 57.894 57.895 57.897 57.899 57.900 57.902 55.903 76.904 93.905 95.905 91.904 17.903 0.000 0.000 0.000 0.000 0.000 0.000 0.000 0.000 0.000 0.000 0.000 0.000 0.000 42.653 59.661 85.648 59.632 0.000 42.544 57.562 55.586 59.612 60.640 69.668 58.695 56.715 55.721 51.693 0.000 0.000 0.000 0.000 0.000 0.000 0.000 0.000 0.000 0.000 0.000 0.000 0.000 0.000 0.000 0.000 0.000 0.000 0.000 0.000 0.000 0.000 0.000 0.000 18.600 83.524
57.903 57.903 57.903 57.903 57.904 57.904 57.905 56.906 56.907 57.908 57.910 57.911 57.913 57.915 56.916 64.918 79.919 90.920 78.920 4.920 0.000 0.000 0.000 0.000 0.000 0.000 0.000 0.000 0.000 0.000 0.000 0.000 0.000 19.711 68.770 93.775 3.768 0.000 40.640 58.668 56.696 55.722 63.747 74.770 62.792 56.808 60.816 0.000 0.000 0.000 0.000 0.000 0.000 0.000 0.000 0.000 0.000 0.000 0.000 0.000 0.000 0.000 0.000 0.000 0.000 0.000 0.000 0.000 0.000 0.000 0.000 0.000 75.677 89.622
57.915 57.915 57.915 57.916 57.916 57.917 57.918 61.919 62.920 58.921 57.923 57.925 57.927 57.928 57.930 56.932 59.934 68.935 68.937 9.938 0.000 0.000 0.000 0.000 0.000 0.000 11.786 0.000 0.000 0.000 0.000 0.000 0.000 0.000 72.934 87.914 10.897 0.000 24.707 55.775 56.809 56.833 55.855 60.875 62.894 58.910 60.920 0.000 0.000 0.000 0.000 0.000 0.000 0.000 0.000 0.000 0.000 0.000 0.000 0.000 0.000 0.000 0.000 0.000 0.000 0.000 0.000 0.000 0.000 0.000 0.000 59.901 68.808 68.735
57.928 57.928 57.928 57.929 57.929 57.930 56.931 68.932 73.933 60.935 57.937 57.938 57.940 57.942 57.944 57.947 57.949 56.951 59.954 40.956 0.000 0.000 0.000 0.000 0.000 53.787 74.786 36.785 27.776 26.764 0.000 0.000 0.000 54.240 96.118 70.050 70.010 0.000 0.000 41.918 58.931 56.947 56.964 54.982 71.000 75.018 69.034 0.000 0.000 0.000 0.000 0.000 0.000 0.000 0.000 0.000 0.000 0.000 0.000 0.000 0.000 0.000 0.000 0.000 0.000 0.000 0.000 0.000 0.000 0.000 34.069 84.995 70.917 83.851
57.941 57.941 57.941 57.942 57.942 57.943 56.944 69.946 75.947 59.949 57.950 57.952 57.954 57.957 57.959 57.962 57.965 57.968 57.972 63.978 34.990 0.000 0.000 0.000 0.000 16.788 31.789 53.792 61.780 65.752 39.697 15.621 50.515 88.364 86.247 66.158 48.084 6.084 0.000 42.046 59.052 58.061 61.073 56.088 65.106 88.129 85.165 30.236 0.000 10.390 0.000 0.000 0.000 0.000 0.000 0.000 0.000 0.000 0.000 0.000 0.000 0.000 0.000 0.000 0.000 0.000 0.000 0.000 0.000 0.000 71.144 127.090 110.026 131.934
54.954 55.954 56.955 56.955 57.956 57.957 55.958 70.959 73.961 56.963 57.964 57.967 57.969 57.971 57.974 57.977 57.980 57.984 57.989 57.995 64.003 44.012 0.000 0.000 0.000 0.000 0.000 29.816 60.800 56.769 59.719 63.651 75.561 92.452 76.349 44.253 0.000 0.000 0.000 41.170 58.170 61.173 74.180 60.191 70.206 71.228 90.260 94.308 77.366 27.390 0.000 0.000 0.000 0.000 0.000 0.000 0.000 0.000 0.000 0.000 0.000 0.000 0.000 0.000 0.000 0.000 0.000 0.000 0.000 57.366 67.272 68.199 71.131 90.107
75.968 70.968 65.968 63.969 59.970 55.971 55.972 70.973 73.975 55.977 57.979 57.981 57.983 57.986 57.989 57.992 56.996 56.000 57.004 57.009 57.015 63.021 40.027 17.028 0.000 0.000 0.000 28.856 66.836 60.804 55.760 68.702 91.627 85.536 53.442 0.000 0.000 0.000 0.000 39.293 57.285 62.281 69.283 64.290 69.301 68.318 81.341 75.370 68.399 41.416 0.000 0.000 0.000 0.000 0.000 0.000 0.000 0.000 0.000 0.000 0.000 0.000 0.000 0.000 4.300 0.000 0.000 0.537 34.538 62.460 131.378 95.312 127.195 110.868
95.982 94.982 90.982 85.983 81.984 76.985 71.986 67.987 62.989 56.991 57.993 57.996 57.998 58.001 57.004 59.008 65.011 70.015 69.019 67.023 61.028 56.031 60.032 66.029 30.019 11.000 14.968 48.917 71.884 62.852 58.814 81.769 93.711 49.624 0.000 0.000 0.000 2.519 9.494 43.425 56.397 61.385 77.382 67.385 60.391 53.401 59.415 77.431 74.447 80.458 0.000 0.000 0.000 0.000 0.000 0.000 0.000 0.000 0.000 0.000 0.000 0.000 0.000 0.000 1.301 0.000 0.000 0.000 69.617 60.555 70.485 93.378 69.550 109.006
