results3_8e3_rain/res_3e8f-0160.wd
ncols         241
nrows         181
xllcorner     12693529.787448
yllcorner     3542525.717860
cellsize      155.156523
NODATA_value  -9999.000000
[rows 66 to 98 of 181, columns 146 to 218 of 241]
36.449 51.389 73.331 74.277 74.227 74.179 74.133 74.087 74.042 77.006 12.984 0.000 0.869 0.000 0.000 0.000 0.000 0.000 46.215 21.216 0.000 28.214 58.212 58.212 58.212 65.212 71.211 71.210 71.207 71.204 71.200 71.195 71.190 71.185 71.180 73.175 58.172 59.169 51.168 0.000 0.000 0.000 0.000 0.000 27.527 34.519 43.501 37.469 15.428 13.378 28.347 49.322 57.299 51.276 46.254 46.231 36.209 33.186 33.164 36.143 57.122 69.101 64.081 53.062 60.043 67.026 71.009 70.992 69.977 69.962 69.947 69.934 69.921
39.508 58.447 76.390 74.337 74.289 74.243 74.198 74.149 79.094 68.053 38.034 35.043 0.000 0.000 0.000 0.000 0.000 17.215 19.215 0.000 0.000 0.000 28.208 59.208 68.208 71.208 71.207 71.205 71.203 75.200 73.197 71.193 71.189 71.185 70.181 62.177 56.174 62.171 52.170 0.000 0.000 0.000 0.000 19.519 33.520 38.516 34.510 0.000 0.353 10.331 30.317 33.300 47.280 56.260 45.239 44.218 42.196 33.174 33.152 32.130 38.109 62.089 69.068 54.049 56.030 58.012 59.995 63.979 67.963 69.948 70.934 69.920 69.907
44.566 65.503 75.444 74.392 74.347 74.307 72.267 71.218 26.131 11.078 42.057 48.052 13.054 0.000 0.000 0.000 0.000 0.000 0.000 0.000 0.000 12.203 41.204 61.204 71.204 71.204 71.203 71.201 71.199 73.197 72.194 71.191 71.188 72.185 62.182 60.179 63.175 58.173 50.172 0.000 0.000 0.000 0.000 37.519 40.518 2.516 1.513 0.000 5.289 38.297 40.291 50.278 53.263 64.245 62.225 50.205 39.183 31.161 33.140 33.118 28.096 42.075 59.055 63.035 68.017 64.999 57.981 62.965 65.949 65.934 63.920 65.906 68.893
49.622 72.556 76.490 77.439 74.402 75.371 70.345 16.325 0.299 41.072 42.062 47.056 55.055 0.000 0.000 0.000 0.000 0.000 0.000 0.000 0.000 24.201 47.201 60.201 72.201 71.200 71.199 71.198 71.196 72.194 71.192 71.190 71.187 68.185 62.183 27.181 0.176 0.000 0.000 0.000 0.000 0.000 0.000 33.518 40.518 0.000 0.000 0.000 55.278 41.277 36.271 64.261 69.247 70.231 74.212 68.192 56.171 36.149 33.127 33.105 31.083 32.062 38.041 39.021 46.002 53.984 60.966 64.950 65.934 66.919 62.905 65.892 66.879
31.680 36.609 46.523 22.471 79.451 76.430 61.416 38.414 8.442 0.000 0.000 0.000 0.000 0.000 0.000 0.000 0.000 0.000 0.000 0.000 0.000 25.200 50.199 53.198 69.197 71.197 71.196 71.195 75.193 74.192 71.190 71.188 72.186 63.185 66.184 0.000 0.000 0.000 0.000 0.000 0.000 0.000 0.000 0.000 27.518 36.518 0.000 0.000 86.267 49.263 31.256 62.246 70.234 70.219 70.201 73.181 72.160 52.137 35.114 33.092 31.069 34.048 35.027 43.006 47.987 36.968 36.951 41.934 46.919 52.904 57.890 61.876 65.864
77.744 56.676 0.000 0.000 83.501 75.483 62.475 44.473 11.477 0.000 0.000 0.000 0.000 0.000 0.000 0.000 0.000 0.000 0.000 0.000 0.000 0.000 11.195 55.195 71.195 71.194 71.193 71.192 73.191 72.190 71.188 71.187 72.186 60.184 70.184 0.000 0.000 0.000 0.000 0.000 0.000 0.000 0.000 0.000 0.000 3.517 11.517 0.000 23.260 39.253 32.244 62.235 70.223 70.209 71.192 71.172 71.150 64.126 40.102 36.078 34.055 31.033 52.011 63.990 69.971 53.952 46.934 42.918 40.902 37.888 37.874 37.861 65.848
53.820 0.000 0.000 80.676 80.568 78.527 69.529 54.524 10.516 0.000 0.000 0.000 0.000 0.000 0.000 0.000 0.000 0.000 0.000 0.000 0.000 0.000 37.192 60.192 72.192 71.191 71.191 72.190 71.189 71.188 71.187 71.186 72.185 65.184 30.183 0.000 0.000 0.000 0.000 0.000 0.000 0.000 0.000 0.000 0.000 0.000 0.000 0.000 0.000 36.243 35.234 53.225 68.216 71.203 65.187 61.166 67.141 58.114 41.089 40.065 49.041 44.017 66.995 70.973 69.953 67.935 67.917 64.901 62.885 59.871 55.857 47.844 67.832
80.866 70.867 76.840 32.785 0.000 0.000 75.590 49.580 10.548 0.000 12.762 0.000 0.000 0.000 0.000 0.000 0.000 0.000 0.000 0.000 0.000 0.187 53.190 65.190 72.189 71.189 71.188 73.188 73.187 71.186 71.185 71.184 70.183 66.183 15.182 0.000 0.000 0.000 0.000 0.000 0.000 0.000 0.000 0.000 0.000 0.000 0.000 0.000 0.000 0.000 24.222 50.218 68.211 69.201 50.187 53.162 55.135 52.101 37.075 34.051 57.026 66.001 69.977 71.955 71.935 72.916 70.899 70.883 71.867 70.853 71.840 71.827 70.815
82.912 74.895 79.868 30.838 0.000 0.000 66.662 14.656 0.000 0.000 44.762 7.763 0.000 0.000 0.000 0.000 0.000 0.000 0.000 0.000 0.000 0.000 56.187 68.187 72.187 71.187 71.186 72.186 72.185 71.184 71.184 72.183 68.182 63.181 13.181 0.000 0.000 0.000 0.000 0.000 0.000 0.000 0.000 0.000 0.000 0.000 0.000 0.000 16.212 18.213 29.215 45.213 67.208 69.202 15.197 0.000 0.000 42.079 36.058 31.037 45.012 63.984 69.958 71.935 71.915 71.896 69.879 69.863 70.849 69.835 69.822 70.810 70.798
74.975 74.934 74.897 72.863 59.834 45.794 38.739 37.726 33.749 36.758 39.762 39.763 11.763 0.000 0.000 0.000 0.000 0.000 17.178 19.178 0.000 9.185 55.185 69.185 71.185 71.185 71.184 71.184 71.183 71.183 71.182 71.181 53.181 48.180 46.179 41.178 5.177 0.000 0.000 0.000 0.000 0.000 0.000 0.000 0.000 0.000 0.000 0.000 20.212 46.212 37.212 41.210 61.207 62.204 35.201 0.000 0.000 0.000 33.043 38.027 37.001 55.965 68.936 69.913 69.893 69.875 69.858 69.843 69.829 69.816 69.803 69.791 69.780
75.013 74.968 74.923 73.883 70.846 72.809 46.776 25.760 63.762 36.764 40.765 16.764 0.000 0.000 0.000 0.000 0.000 0.000 17.178 63.178 12.178 0.180 54.183 68.183 72.183 71.183 73.183 74.182 72.182 71.181 71.181 69.180 62.180 53.179 54.178 53.177 6.177 0.000 0.000 0.000 0.000 0.000 0.000 0.000 0.000 0.000 0.000 0.000 14.211 49.211 41.210 48.209 63.207 58.205 64.204 0.000 0.000 0.000 0.000 0.000 0.000 45.937 68.909 69.888 69.869 69.852 69.836 69.822 69.809 69.796 69.784 69.773 69.762
75.047 75.000 75.947 77.899 74.857 74.821 73.794 74.779 65.773 43.771 15.771 0.000 0.000 0.000 0.000 0.000 0.000 0.000 4.178 56.178 43.178 33.179 49.181 71.181 71.181 71.181 71.181 71.181 71.181 71.180 71.180 71.179 69.178 48.178 52.177 59.177 2.176 0.000 0.000 0.000 0.000 0.000 0.000 0.000 0.000 0.000 0.000 0.000 10.211 61.210 5.210 28.208 51.207 58.205 19.204 0.000 0.000 0.000 0.000 0.000 0.000 0.000 57.876 70.861 69.844 69.828 69.813 69.800 69.787 69.776 69.764 69.753 69.743
78.084 74.038 70.964 72.909 75.863 75.823 77.800 74.787 72.781 59.777 8.776 0.000 0.000 0.000 0.000 0.000 0.000 0.000 0.000 12.178 47.178 39.179 55.179 73.180 71.180 71.180 71.180 71.180 71.179 71.179 71.178 71.178 72.177 61.177 48.176 52.176 58.175 0.172 0.000 0.000 0.000 0.000 0.000 0.000 0.000 0.000 0.000 0.000 0.000 6.210 0.000 0.000 36.206 55.206 0.000 0.000 0.000 0.000 0.000 0.000 0.000 0.000 45.856 66.837 69.818 69.802 69.789 69.777 69.765 69.755 69.744 69.734 69.724
71.126 32.105 0.000 0.000 0.000 67.807 72.798 78.790 74.785 63.782 13.780 0.000 47.784 17.783 0.000 0.000 0.000 0.000 0.000 0.000 39.178 43.178 64.178 72.179 73.179 74.179 71.179 71.179 71.178 71.178 71.177 71.177 71.176 72.176 51.175 33.174 42.174 3.173 0.000 0.000 0.000 0.000 0.000 0.000 0.000 0.000 0.000 0.000 0.000 0.000 0.000 0.000 25.206 58.205 0.000 0.000 0.000 0.000 0.000 0.000 0.000 0.000 0.000 46.813 66.789 69.775 69.763 69.753 69.743 69.734 69.724 69.714 69.704
66.163 23.150 0.000 0.000 42.799 40.799 57.795 76.790 73.787 58.784 39.783 43.784 47.784 13.784 0.000 0.000 0.000 0.000 10.175 0.000 40.177 51.177 71.177 71.178 74.178 74.178 71.178 71.178 71.177 71.177 71.177 71.176 71.175 72.175 68.174 63.173 52.173 32.172 26.171 0.000 0.000 0.000 0.000 0.000 0.000 0.000 0.000 0.000 0.000 0.000 0.000 0.000 27.205 19.205 0.000 0.000 0.000 0.000 0.000 0.000 0.000 0.000 0.000 0.000 51.750 67.744 69.736 69.729 69.721 69.713 69.704 69.695 69.685
72.191 53.184 25.190 0.000 0.000 42.796 42.793 64.790 76.787 54.785 41.784 46.784 24.784 0.000 0.000 0.000 0.000 0.000 39.175 32.175 37.176 54.176 73.177 73.177 74.177 71.177 71.177 71.177 71.177 71.176 71.176 71.175 71.175 71.174 71.173 73.173 62.172 50.171 39.170 40.169 33.168 24.168 29.168 0.000 0.000 0.000 0.000 0.000 0.000 0.000 0.000 0.000 30.205 5.205 0.000 0.000 0.000 0.000 0.000 0.000 0.000 0.000 0.000 0.000 36.717 64.714 68.710 69.705 69.699 69.692 69.684 69.676 69.666
75.212 66.204 19.197 0.000 0.000 0.000 41.791 46.789 73.787 61.786 42.785 45.784 20.784 0.000 0.000 0.000 0.000 0.000 42.175 35.175 38.175 56.176 75.176 74.176 72.176 72.177 71.177 71.176 71.176 71.176 71.175 72.175 72.174 72.173 66.173 57.172 61.171 68.170 61.170 59.169 47.168 34.168 41.168 0.000 0.000 0.000 0.000 0.000 0.000 0.000 0.000 0.000 0.000 0.000 0.000 0.000 0.000 0.000 0.000 0.000 0.000 0.000 0.000 0.000 28.687 59.686 69.685 71.682 71.678 71.673 70.666 69.657 69.647
75.228 50.223 0.000 0.000 0.000 0.000 0.000 48.787 61.786 55.786 54.785 51.785 41.784 19.784 0.000 0.000 0.000 0.000 41.174 34.175 39.175 54.175 66.175 63.176 58.176 60.176 65.176 70.176 72.176 72.175 70.175 60.174 58.174 63.173 52.172 49.171 49.170 60.170 64.169 59.168 45.168 34.168 6.168 0.000 0.000 0.000 0.000 0.000 0.000 0.000 0.000 0.000 0.000 0.000 0.000 0.000 0.000 0.000 0.000 0.000 0.000 0.000 0.000 0.000 16.657 41.660 47.661 49.661 49.659 50.655 59.649 68.641 69.630
74.240 40.237 0.000 0.000 0.000 0.000 0.000 43.786 37.786 36.786 44.785 44.785 44.784 40.784 13.784 0.000 0.000 0.000 46.174 41.174 46.174 56.175 59.175 62.175 20.176 0.000 0.000 11.176 72.175 69.175 58.174 13.174 0.000 0.000 51.171 83.170 76.170 55.169 61.168 55.168 44.168 29.167 32.167 0.000 0.000 0.000 0.000 0.000 0.000 0.000 0.000 0.000 0.000 0.000 0.000 0.000 0.000 0.000 12.575 2.575 20.575 41.579 52.588 51.602 69.625 77.634 78.639 76.641 78.641 65.639 48.635 66.627 69.614
72.250 37.247 0.000 0.000 0.000 0.000 0.000 43.786 39.786 18.786 0.000 0.000 0.000 0.000 0.000 0.000 0.000 0.000 52.174 46.174 41.174 37.174 23.174 0.000 0.000 0.000 0.000 0.000 0.000 0.000 45.174 7.174 0.000 0.000 0.000 46.169 79.169 39.168 40.168 39.168 35.167 38.167 85.167 44.167 0.000 0.000 0.000 0.000 0.000 0.000 0.000 0.000 0.000 0.000 0.000 0.000 11.551 2.551 0.000 0.000 6.571 88.575 84.583 66.593 67.605 64.614 65.620 87.623 80.625 66.625 46.624 55.618 54.602
58.256 39.254 33.256 0.000 0.000 0.000 0.000 0.000 41.786 25.786 0.000 0.000 0.000 0.000 0.000 0.000 0.000 0.000 52.173 52.173 53.173 36.174 11.174 0.000 0.000 0.000 0.000 0.000 0.000 0.000 41.173 18.173 0.000 0.000 0.000 45.168 94.168 58.168 61.167 56.167 41.167 59.167 113.167 110.166 41.166 0.000 0.000 0.000 0.000 0.000 0.000 0.000 0.000 0.000 0.000 0.000 1.551 19.551 9.553 7.557 16.563 91.568 58.574 66.582 57.590 38.597 49.602 92.607 58.610 45.614 52.619 6.618 0.000
42.260 42.258 28.258 0.000 0.000 0.000 0.000 0.000 0.000 0.000 0.000 0.000 0.000 0.000 0.000 0.000 0.000 0.000 55.173 46.173 40.173 38.173 12.173 0.000 0.000 0.000 0.000 0.000 0.000 38.173 31.173 56.173 52.173 0.000 4.168 51.168 57.168 49.168 92.167 81.167 52.166 5.166 69.166 124.166 8.166 0.000 0.000 0.000 0.000 0.000 0.000 0.000 20.548 17.548 12.549 1.549 70.550 108.551 99.551 95.553 42.557 86.560 54.565 43.570 90.576 71.581 91.587 72.592 42.596 50.601 0.000 0.000 0.000
45.263 46.261 38.260 0.000 0.000 0.000 0.000 0.000 0.000 0.000 0.000 0.000 0.000 0.000 0.000 0.000 0.000 0.000 9.173 50.173 40.173 18.173 0.000 0.000 0.000 0.000 0.000 0.000 0.000 40.172 37.173 13.173 0.000 0.000 0.000 25.168 4.168 0.000 5.166 47.166 3.166 0.000 25.166 91.166 46.166 0.000 0.000 0.000 0.000 0.000 0.000 0.000 0.000 2.548 0.000 0.000 26.550 6.550 70.548 74.549 25.550 86.552 63.554 36.558 54.562 104.566 118.571 52.577 40.583 7.592 0.000 0.000 16.445
44.264 45.262 45.261 49.261 41.261 0.000 0.000 0.000 0.000 0.000 0.000 0.000 0.000 0.000 0.000 0.000 0.000 0.000 0.000 40.172 36.172 20.172 0.000 0.000 0.000 0.000 0.000 0.000 41.172 38.172 15.172 0.000 0.000 0.000 0.000 0.000 0.000 0.000 0.000 51.164 0.163 0.000 25.166 0.000 0.000 0.000 0.000 0.000 0.000 0.000 0.000 0.000 0.000 11.548 5.547 7.547 0.548 0.000 46.544 65.544 24.543 88.542 68.543 38.544 87.547 90.551 85.556 93.561 57.567 0.000 0.000 0.000 30.431
46.265 24.263 35.262 44.261 44.261 44.260 43.260 0.000 0.000 0.000 0.000 0.000 0.000 0.000 0.000 0.000 0.000 0.000 0.000 42.172 38.172 22.172 0.000 0.000 0.000 0.000 0.000 0.000 0.000 44.172 16.172 0.000 0.000 0.000 0.000 0.000 0.000 3.162 15.162 38.163 42.162 19.162 0.000 0.000 0.000 0.000 0.000 0.000 0.000 0.000 0.000 0.000 0.000 0.547 0.000 4.547 0.000 0.000 49.540 69.539 29.536 89.532 74.530 88.530 88.532 47.535 40.539 85.545 34.556 0.000 0.000 31.402 39.412
51.265 0.000 0.000 41.261 30.261 0.000 43.260 33.260 0.000 0.000 0.000 0.000 0.000 0.000 0.000 0.000 0.000 0.000 0.000 41.172 38.172 26.172 0.000 0.000 0.000 0.000 0.000 0.000 0.000 0.000 0.000 0.000 0.000 0.000 0.000 0.000 0.000 0.000 54.162 71.162 32.162 0.000 0.000 0.000 0.000 0.000 0.000 0.000 0.000 0.000 0.000 0.000 0.000 0.000 0.000 9.547 0.000 0.000 84.538 70.536 31.530 89.519 86.516 78.515 70.516 56.518 57.521 26.525 0.000 0.000 15.387 34.392 41.398
48.264 0.000 0.000 28.261 20.261 0.000 0.000 0.000 0.000 52.248 48.247 39.247 0.000 0.000 0.000 0.000 0.000 0.000 0.000 45.172 41.172 23.172 0.000 0.000 0.000 0.000 0.000 0.000 0.000 0.000 0.000 0.000 0.000 0.000 0.000 0.000 0.000 0.000 17.162 101.162 67.161 0.000 0.000 0.000 0.000 0.000 0.000 0.000 0.000 0.000 0.000 0.000 0.000 0.000 0.000 0.000 0.000 0.000 16.538 0.000 0.000 63.500 104.498 83.497 82.498 80.500 83.503 31.508 0.000 0.000 19.381 33.383 34.385
64.263 0.000 0.000 0.000 0.000 50.252 37.252 0.000 48.248 42.248 42.247 34.247 0.000 0.000 0.000 0.000 0.000 0.000 0.000 45.171 40.171 28.172 0.000 0.000 0.000 0.000 0.000 0.000 0.000 0.000 0.000 0.000 0.000 0.000 0.000 0.000 0.000 0.000 0.000 45.161 37.161 8.161 0.000 0.000 0.000 0.000 0.000 0.000 0.000 0.000 0.000 0.000 0.000 0.000 0.000 0.000 0.000 0.000 0.000 0.000 0.000 10.481 46.480 47.479 45.479 45.480 42.484 38.496 0.000 0.000 12.374 33.374 31.374
75.261 64.259 46.257 47.256 46.254 40.253 41.252 42.250 40.249 45.248 44.247 35.247 32.247 0.000 0.000 0.000 0.000 0.000 0.000 32.171 0.000 0.000 0.000 0.000 0.000 0.000 0.000 0.000 0.000 0.000 0.000 0.000 0.000 0.000 0.000 0.000 0.000 0.000 0.000 0.000 44.161 7.160 0.000 0.000 0.000 0.000 0.000 0.000 0.000 0.000 0.000 0.000 0.000 0.000 0.000 0.000 0.000 0.000 0.000 0.000 0.000 1.460 34.460 33.460 33.459 49.458 44.457 0.000 0.000 0.000 5.366 46.365 58.363
75.259 69.258 39.257 39.256 39.255 22.253 23.252 27.250 37.249 46.248 43.247 35.247 38.247 27.247 0.000 0.000 0.000 0.000 0.000 0.000 0.000 0.000 0.000 0.000 0.000 0.000 0.000 0.000 0.000 0.000 0.000 0.000 0.000 0.000 0.000 0.000 0.000 0.000 0.000 0.000 1.160 47.160 6.160 0.000 0.000 0.000 0.000 0.000 0.000 0.000 0.000 0.000 0.000 0.000 0.000 0.000 0.000 0.000 0.000 0.000 26.429 29.437 33.441 33.442 35.440 54.436 44.428 27.411 0.000 0.000 41.360 62.358 69.354
75.258 73.258 43.257 40.256 20.255 0.000 0.000 0.000 0.000 37.247 40.247 38.247 31.246 0.000 0.000 0.000 0.000 0.000 0.000 0.000 0.000 0.000 0.000 0.000 0.000 0.000 0.000 0.000 0.000 0.000 0.000 0.000 0.000 0.000 0.000 0.000 0.000 0.000 0.000 0.000 0.000 50.160 12.160 0.000 0.000 0.000 0.000 0.000 0.000 0.000 0.000 0.000 0.000 0.000 0.000 0.000 0.000 0.000 0.000 0.000 37.422 34.425 33.426 29.425 42.422 59.417 43.408 32.395 27.377 27.364 51.357 68.351 69.345
75.257 73.257 26.257 30.256 0.000 0.000 0.000 0.000 0.000 0.000 28.246 41.246 33.246 0.000 0.000 0.000 0.000 0.000 0.000 0.000 0.000 0.000 0.000 0.000 0.000 0.000 0.000 0.000 0.000 0.000 0.000 0.000 0.000 0.000 0.000 0.000 0.000 0.000 0.000 0.000 0.000 0.000 18.160 0.000 0.000 0.000 0.000 0.000 0.000 0.000 0.000 0.000 6.395 14.395 0.000 0.000 0.000 0.000 0.000 31.407 29.411 28.413 33.413 47.412 60.408 50.402 34.394 32.383 34.371 31.360 52.351 70.344 69.337
75.256 49.257 0.000 0.000 0.000 0.000 0.000 0.000 0.000 0.000 0.000 31.246 38.245 36.245 0.000 0.000 0.000 0.000 0.000 0.000 0.000 0.000 0.000 0.000 0.000 0.000 0.000 0.000 0.000 0.000 0.000 0.000 0.000 0.000 0.000 0.000 0.000 0.000 0.000 0.000 0.000 0.000 0.000 0.000 0.000 0.000 0.000 0.000 0.000 0.000 0.000 0.000 0.000 7.395 9.395 0.000 36.397 28.398 26.399 38.402 52.404 57.404 59.403 59.400 45.395 33.389 32.382 32.373 31.363 33.354 56.345 71.337 69.329
