results3_8e3_rain/res_3e8f-0144.wd
ncols         241
nrows         181
xllcorner     12693529.787448
yllcorner     3542525.717860
cellsize      155.156523
NODATA_value  -9999.000000
[rows 0 to 32 of 181, columns 146 to 218 of 241]
0.000 0.000 0.000 0.000 0.000 0.000 0.000 0.000 0.000 0.000 0.000 0.000 0.000 0.000 5.283 16.148 16.926 16.651 16.347 16.031 15.719 15.427 15.167 14.945 14.763 14.622 14.518 14.445 14.399 14.374 14.363 19.359 0.000 0.000 0.000 0.000 0.000 0.000 0.000 0.000 0.000 0.000 0.000 0.000 0.000 0.000 0.000 0.000 0.000 16.250 23.250 0.000 0.000 41.804 46.804 0.000 0.000 0.000 0.000 0.000 0.000 0.000 0.000 0.000 0.000 0.000 0.000 0.000 0.000 0.000 0.000 0.000 0.000
0.000 0.000 0.000 0.000 0.000 0.000 0.000 0.000 0.000 0.000 0.000 0.000 0.000 0.846 16.419 17.234 16.978 16.681 16.359 16.026 15.699 15.396 17.129 15.904 14.723 14.585 14.486 14.419 14.379 14.360 14.356 19.355 0.000 0.000 0.000 0.000 0.000 0.000 0.000 0.000 0.000 0.000 0.000 0.000 0.000 0.000 0.000 0.000 13.251 35.250 11.250 0.000 20.805 53.804 47.804 0.000 0.000 0.000 0.000 0.000 0.000 0.000 0.000 0.000 0.000 0.000 0.000 0.000 32.773 0.000 0.000 0.000 0.000
0.000 0.000 0.000 0.000 0.000 0.000 0.000 0.000 0.000 0.000 0.000 0.000 0.000 20.052 18.706 17.391 17.072 16.737 16.381 16.014 15.657 17.329 17.048 14.818 14.641 14.511 14.421 14.366 14.337 14.331 16.346 10.350 0.000 0.000 0.000 0.000 0.000 0.000 0.000 0.000 0.000 0.000 0.000 0.000 0.000 0.000 0.000 0.000 25.252 0.000 0.000 15.805 46.805 8.805 0.000 0.000 0.000 0.000 0.000 0.000 0.000 0.000 0.000 0.000 1.782 0.000 0.000 0.000 35.774 7.774 0.000 0.000 0.000
0.000 0.000 0.000 0.000 0.000 0.000 0.000 0.000 0.000 0.000 0.000 0.000 2.786 19.433 17.961 17.552 17.182 16.812 16.414 15.994 16.584 16.217 14.914 14.680 14.510 14.395 14.323 14.285 14.274 20.280 0.000 0.000 0.000 0.000 0.000 0.000 0.000 0.000 0.000 0.000 0.000 0.000 0.000 10.253 0.000 0.000 0.000 9.253 69.252 0.000 0.000 21.806 48.806 0.000 0.000 0.000 0.000 0.000 0.000 0.000 0.000 0.000 7.783 13.782 32.782 0.000 0.000 25.774 34.774 35.774 7.774 0.000 0.000
0.000 0.000 0.000 0.000 0.000 0.000 0.000 0.000 0.000 0.000 0.000 8.083 1.292 2.709 18.153 17.673 17.293 16.917 16.469 15.965 16.467 16.041 14.712 14.479 14.326 14.235 14.191 14.179 15.192 16.236 0.000 0.000 0.000 0.000 0.000 0.000 0.000 0.000 0.000 0.000 0.000 0.000 11.253 34.253 29.253 0.000 0.000 25.253 53.253 0.000 0.000 0.000 48.808 3.808 0.000 0.000 0.000 0.000 0.000 0.000 0.000 0.000 47.783 51.783 53.782 0.000 0.000 38.775 33.774 33.774 43.774 0.000 0.000
0.000 0.000 0.000 0.000 0.000 0.000 0.000 0.000 0.000 0.000 10.767 3.389 1.776 1.231 1.302 15.696 17.398 17.094 16.579 17.929 17.280 14.766 14.414 14.197 14.079 14.030 14.026 14.048 20.078 0.000 0.000 0.000 0.000 0.000 0.000 0.000 0.000 0.000 0.000 0.000 0.000 0.000 0.000 14.253 35.253 27.254 25.254 7.254 38.254 11.254 0.000 0.000 33.809 46.809 37.810 35.810 44.810 0.000 0.000 0.000 0.000 0.000 47.784 49.783 54.782 33.780 22.778 39.776 42.775 0.000 0.000 0.000 7.750
0.000 0.000 0.000 0.000 0.000 0.000 0.000 0.000 0.000 0.000 7.145 3.869 3.515 3.027 0.389 0.574 10.509 18.484 17.825 17.891 14.958 14.329 13.981 13.817 13.764 13.779 13.834 13.910 8.994 0.000 0.000 0.000 0.000 0.000 31.269 64.270 0.000 0.000 4.270 45.270 0.000 0.000 0.000 11.253 35.254 48.254 83.254 45.254 46.254 17.254 0.000 0.000 30.809 49.810 34.810 30.810 47.810 0.000 0.000 0.000 0.000 0.000 34.786 40.784 36.782 36.780 40.778 43.776 51.775 0.000 0.000 0.000 30.750
0.000 0.000 0.000 0.000 0.000 0.000 0.000 0.000 0.000 30.324 30.800 7.402 3.029 3.281 2.956 0.744 0.342 5.507 18.345 15.854 14.332 13.612 13.362 13.326 13.382 13.488 14.620 11.765 0.000 0.000 0.000 0.000 0.000 0.000 6.270 52.270 59.270 41.270 33.270 5.270 0.000 0.000 0.000 0.000 0.000 9.255 76.255 55.255 2.255 0.000 0.000 0.000 0.000 42.812 57.812 55.811 57.810 49.808 41.805 44.802 43.799 52.794 56.789 53.786 54.783 54.781 49.778 44.776 41.774 0.000 0.000 0.000 0.000
0.000 0.000 0.000 0.000 0.000 0.000 0.000 0.000 24.379 41.848 43.328 32.862 9.474 1.903 2.952 0.779 2.617 7.649 6.195 15.846 12.905 12.425 12.530 12.742 12.952 14.169 14.395 0.000 0.000 0.000 0.000 0.000 0.000 0.000 0.000 4.270 50.270 60.270 65.270 4.270 0.000 0.000 0.000 0.000 0.000 5.257 48.256 40.256 45.256 12.256 0.000 0.000 26.815 54.814 39.813 33.812 40.811 52.808 40.806 39.803 48.799 57.795 44.791 40.788 43.784 49.781 55.778 57.775 55.771 41.766 32.762 15.758 24.755
0.000 0.000 0.000 0.000 0.000 0.000 0.000 20.456 29.911 45.359 42.802 43.245 35.689 12.140 1.075 4.585 14.080 6.336 2.157 2.925 6.015 10.654 11.590 12.160 12.514 17.842 0.000 0.000 0.000 0.000 0.000 0.000 4.273 2.273 0.000 0.000 17.271 63.271 16.271 0.000 0.000 0.000 0.000 0.000 0.000 44.259 54.258 30.257 46.256 66.256 6.256 0.000 32.817 56.816 35.815 29.814 32.812 45.810 34.807 34.804 36.801 38.797 35.793 36.789 30.785 34.781 40.778 41.774 39.770 48.766 50.762 53.758 61.754
0.000 0.000 0.000 0.000 0.000 0.000 25.536 24.000 47.450 43.877 43.275 42.629 42.896 37.962 20.460 12.191 7.841 0.000 0.022 4.266 2.161 3.227 11.015 11.794 17.103 0.000 0.000 0.000 0.000 0.000 0.000 0.000 41.273 0.272 0.000 0.000 24.272 64.272 3.271 0.000 0.000 0.000 0.000 0.000 39.264 83.261 16.259 19.257 41.257 68.256 8.256 0.000 29.819 54.819 34.818 27.816 30.814 32.812 28.809 27.806 34.802 50.798 33.794 29.790 43.786 39.782 36.778 43.774 43.770 46.765 55.761 59.757 46.754
0.000 0.000 0.000 0.000 0.000 29.543 18.071 46.560 45.011 44.424 43.792 43.098 42.306 42.353 39.165 24.883 4.228 0.188 0.031 45.905 4.407 0.058 0.074 13.899 10.001 0.000 0.000 0.000 0.000 0.000 0.000 0.000 37.274 32.274 41.274 53.274 57.273 47.273 0.000 0.000 2.271 38.271 53.270 58.269 82.266 38.265 0.000 0.000 43.257 31.257 0.000 0.000 32.822 59.822 46.821 30.819 78.817 106.815 55.812 31.808 47.805 94.801 46.796 23.792 88.787 61.783 36.779 43.774 45.770 35.765 44.761 57.756 40.752
0.000 0.000 0.000 0.000 0.000 19.015 40.646 47.158 45.610 45.016 44.371 43.665 42.875 41.978 41.976 40.903 30.103 4.776 50.519 47.592 0.262 0.110 0.038 0.042 0.000 0.000 0.000 0.000 0.000 0.000 2.273 36.274 32.274 37.274 51.275 61.275 45.274 32.274 0.000 0.000 0.272 47.272 46.271 42.270 81.268 41.267 0.000 0.000 22.257 14.257 0.000 25.829 53.827 55.825 49.824 37.823 36.821 69.818 110.815 48.811 41.807 98.803 49.798 23.794 95.789 65.784 28.779 30.774 36.770 27.765 41.760 40.756 28.751
0.000 0.000 0.000 0.000 23.487 33.855 49.341 46.816 46.256 45.657 45.013 44.315 43.550 42.723 41.774 41.042 39.907 52.264 51.933 0.802 0.364 9.475 0.000 0.000 0.000 0.000 0.000 0.000 0.000 52.272 55.273 37.274 36.274 51.275 61.275 47.276 30.276 32.275 32.276 30.276 28.275 40.274 43.272 53.271 93.270 27.268 0.000 0.000 59.257 9.257 0.000 22.831 52.830 52.829 39.828 31.827 27.825 37.822 34.819 74.815 105.810 122.806 103.801 92.796 118.790 112.785 103.780 49.775 29.770 46.765 41.760 30.755 25.750
0.000 0.000 0.000 24.637 34.118 51.576 48.047 47.507 46.942 46.344 45.709 45.027 44.308 43.479 42.943 40.590 52.293 52.292 36.473 18.810 5.983 0.000 0.000 0.000 0.000 0.000 0.000 0.000 38.270 5.271 0.000 16.274 54.275 58.276 50.277 35.278 1.278 0.000 0.000 34.278 30.277 40.275 39.274 62.272 59.271 0.000 0.000 1.258 62.258 8.258 0.000 20.834 50.834 62.833 41.833 47.831 70.830 47.827 29.823 53.819 76.814 110.809 76.803 56.798 104.792 94.786 69.781 38.775 24.770 95.764 63.759 35.754 25.750
0.000 0.000 0.000 30.156 49.774 49.285 48.765 48.224 47.661 47.070 47.446 46.800 45.053 44.640 42.079 52.337 52.297 40.026 41.653 39.300 23.272 4.270 0.000 0.000 0.000 0.000 0.000 40.269 9.270 0.000 0.000 0.000 22.275 54.276 32.278 30.280 36.282 0.000 0.000 35.280 33.279 39.277 40.275 62.273 58.272 0.000 0.000 22.259 69.259 5.258 0.000 22.837 53.838 56.838 37.838 37.837 83.835 118.833 67.829 35.824 51.819 98.813 58.806 25.800 91.794 78.788 36.782 28.776 21.770 102.764 66.759 38.754 39.749
0.000 0.000 30.721 48.057 51.536 50.024 49.502 48.964 48.407 48.825 47.229 46.541 46.214 43.656 52.725 52.465 41.505 42.353 41.372 31.746 12.506 0.000 0.000 0.000 0.000 0.000 0.000 36.269 10.269 0.000 0.000 0.000 0.000 0.000 0.000 35.283 32.287 31.289 33.288 35.284 31.282 39.279 41.277 53.274 49.271 11.267 30.263 63.260 14.259 0.000 0.000 22.841 49.842 55.843 41.844 26.844 28.842 53.839 40.835 22.830 40.824 95.817 51.810 17.803 88.796 73.789 31.782 27.776 23.770 101.764 66.758 38.753 29.747
0.000 29.960 43.384 52.816 51.289 50.774 50.255 49.724 50.174 49.616 47.970 47.694 45.142 53.614 53.117 43.130 44.140 42.027 29.240 0.000 0.000 0.000 0.000 0.000 0.000 0.000 0.000 0.000 10.269 0.000 0.000 0.000 0.000 0.000 0.000 0.000 39.293 49.292 60.291 48.288 37.284 41.282 38.279 43.276 36.271 55.266 73.263 61.260 7.259 0.000 0.000 21.843 47.846 52.848 58.852 56.853 44.851 34.848 47.843 79.836 98.829 119.821 99.813 82.805 116.797 109.790 91.783 51.777 24.770 99.764 71.758 43.752 30.746
27.002 38.535 53.041 52.533 52.031 51.528 51.020 51.499 50.973 49.361 49.123 46.587 54.796 54.182 44.667 45.832 46.783 25.022 0.000 0.000 0.000 0.000 0.000 0.000 0.000 0.000 0.000 0.000 0.000 0.000 0.000 0.000 0.000 0.000 0.000 0.000 37.298 41.298 59.296 18.291 0.000 48.285 39.283 42.279 38.271 26.265 45.261 60.259 47.257 6.256 0.000 0.000 12.849 55.853 57.862 50.864 38.862 47.858 98.852 89.844 70.836 71.826 72.817 72.808 72.799 73.791 75.784 46.777 26.770 98.764 74.758 37.751 31.746
30.470 54.138 53.709 53.246 52.771 52.289 51.796 51.301 50.722 50.518 48.001 56.094 55.436 46.099 47.337 46.349 41.866 1.370 0.000 0.000 0.000 0.000 0.000 0.000 0.000 0.000 0.000 0.000 0.000 0.000 0.000 0.000 0.000 0.000 0.000 0.000 38.305 49.304 33.302 0.000 2.295 45.291 42.288 9.285 0.000 30.260 44.258 59.256 56.256 25.255 0.000 0.000 0.000 0.000 24.880 39.879 23.875 84.869 85.862 34.854 40.843 82.832 53.820 25.809 71.800 61.792 41.784 39.777 30.771 98.764 69.757 26.751 27.745
48.268 55.839 54.412 53.971 53.520 54.057 52.595 52.052 51.887 49.394 57.432 56.759 46.440 48.711 47.725 48.124 17.486 0.000 0.000 0.000 0.000 0.000 0.000 0.000 0.000 0.000 0.000 0.000 0.000 0.000 0.000 0.000 0.000 0.000 0.000 5.319 58.314 56.311 60.308 57.305 53.300 53.295 47.292 6.290 0.000 30.257 43.255 61.253 68.254 31.254 0.000 0.000 0.000 0.000 18.900 31.896 51.890 98.883 61.874 21.864 89.852 90.837 39.823 26.810 47.800 103.792 62.784 30.777 30.771 93.764 111.757 98.749 103.740
57.946 55.538 55.128 54.708 54.275 55.846 53.340 53.220 50.764 58.787 58.106 41.716 45.944 50.020 46.505 23.805 0.000 0.000 0.000 0.000 0.000 0.000 0.000 0.000 0.000 0.000 0.000 0.000 0.000 0.000 0.000 0.000 0.000 0.000 0.000 57.324 56.321 57.317 59.313 58.309 56.304 57.299 50.295 5.292 0.000 31.257 43.251 66.248 39.251 0.000 0.000 0.000 0.000 16.937 46.924 25.915 90.907 84.898 28.888 84.878 97.864 46.842 34.824 37.809 32.798 63.790 102.784 59.778 22.772 93.765 96.758 70.747 12.736
48.608 55.240 55.854 55.452 55.052 54.575 54.498 52.081 60.106 59.470 24.921 30.116 33.022 51.703 35.338 0.000 0.000 0.000 0.000 0.000 0.000 0.000 0.000 46.976 35.976 0.000 0.000 0.000 0.000 0.000 0.000 0.000 0.000 0.000 0.000 34.333 28.329 31.323 35.318 30.312 29.307 28.302 30.297 34.292 28.281 21.261 36.246 15.238 0.000 0.000 0.000 0.000 0.000 18.950 41.943 32.934 33.925 33.914 25.903 46.893 47.886 0.000 0.000 8.801 38.794 31.788 53.783 46.778 28.773 61.767 9.762 0.000 7.727
27.308 42.962 55.592 58.219 55.764 55.717 53.306 61.199 60.694 34.003 0.000 43.439 0.000 55.308 23.824 0.000 0.000 0.000 0.000 0.000 0.000 0.000 0.000 53.977 47.976 0.000 0.000 0.000 0.000 0.000 0.000 0.000 0.000 20.390 0.000 35.345 31.339 31.330 31.323 31.316 31.311 31.306 31.301 33.296 11.291 0.000 6.233 37.221 7.209 0.000 0.000 0.000 19.980 50.971 38.963 37.955 29.944 30.931 30.918 28.906 42.900 2.902 0.000 0.000 9.790 34.786 29.782 42.778 41.776 0.000 0.000 0.000 7.722
19.053 26.704 49.353 53.934 56.899 54.445 61.951 61.616 40.864 16.674 0.000 60.076 57.980 44.408 0.000 0.000 0.000 0.000 0.000 0.000 0.000 0.000 56.985 62.979 33.974 0.000 0.000 0.000 0.000 0.000 0.000 0.000 0.000 37.391 35.382 32.364 31.351 28.336 32.327 32.320 32.314 32.309 32.304 35.300 8.297 0.000 0.000 35.202 35.198 5.192 0.000 0.000 4.990 37.989 30.985 29.977 28.965 28.947 28.932 28.915 29.906 38.904 0.000 0.000 0.000 2.783 35.780 38.778 36.777 0.000 0.000 0.000 31.719
22.819 33.458 38.088 35.994 47.556 62.336 62.191 45.828 24.596 18.102 0.000 39.784 52.459 25.933 0.000 0.000 0.000 0.000 45.039 51.035 43.026 41.008 49.991 42.979 32.968 0.000 0.000 0.000 0.000 0.000 0.000 0.000 0.000 35.399 32.391 31.379 5.365 0.000 37.328 31.323 31.317 31.311 31.306 32.302 6.300 0.000 0.000 36.188 35.188 6.186 0.000 0.000 35.001 31.011 31.011 31.005 29.992 29.962 33.947 0.000 0.905 3.904 0.000 0.000 0.000 0.000 35.778 30.777 30.776 31.776 0.000 3.717 33.717
34.546 48.192 23.915 22.793 62.390 62.390 48.800 35.533 31.875 36.719 0.000 6.819 42.139 0.000 0.000 0.000 0.000 41.048 45.044 47.039 45.035 0.000 0.000 0.000 44.952 28.935 0.000 0.000 0.000 0.000 0.000 0.000 3.430 45.417 42.405 17.395 0.000 0.000 50.334 36.328 32.320 31.313 35.307 12.305 0.000 11.165 49.167 30.175 34.178 6.180 0.000 0.000 0.000 36.045 31.043 35.040 2.035 0.000 0.000 0.000 0.000 0.000 0.000 0.000 0.000 0.000 35.776 30.776 30.776 35.775 0.000 0.000 7.716
55.239 43.830 23.899 19.405 62.345 23.822 29.554 31.788 35.471 54.062 63.525 51.533 0.000 0.000 0.000 0.000 39.057 33.053 39.048 54.044 53.041 0.000 0.000 0.000 0.000 45.919 0.000 0.000 0.000 31.496 0.000 0.000 47.443 46.432 52.418 45.400 10.382 64.365 61.347 59.334 57.323 49.313 30.305 17.305 0.000 25.162 78.163 32.166 33.170 7.175 0.000 0.000 0.000 41.079 27.078 32.075 3.073 0.000 0.000 0.000 0.000 0.000 0.000 0.000 0.000 31.775 33.775 35.775 29.775 34.775 0.000 0.000 4.716
63.812 50.914 33.221 61.899 19.826 21.619 20.794 20.442 30.015 57.557 52.978 24.255 0.000 0.000 38.070 4.068 46.062 38.057 49.052 44.046 23.044 0.000 0.000 0.000 0.000 49.903 25.898 0.000 0.000 27.496 35.497 39.487 41.467 43.452 33.435 30.406 38.382 38.366 58.353 41.340 35.326 33.310 13.295 0.000 1.174 20.160 88.154 44.158 10.161 0.000 0.000 0.000 0.000 54.116 27.114 34.111 6.110 0.000 0.000 0.000 0.000 0.000 0.000 0.000 10.774 33.774 48.775 46.775 39.775 0.000 0.000 0.000 5.715
61.857 60.102 61.426 38.736 26.647 22.798 22.440 21.021 27.615 43.170 38.574 0.000 0.000 0.000 41.072 62.071 57.067 58.062 40.057 0.000 0.000 0.000 0.000 0.000 40.888 31.892 23.893 0.000 0.000 0.000 39.506 43.499 43.486 43.473 27.464 0.000 34.374 35.366 59.358 45.347 39.332 25.304 32.272 47.230 67.189 56.155 80.137 45.150 9.156 0.000 0.000 0.000 0.000 52.154 28.150 29.146 34.145 0.000 0.000 0.000 0.000 0.000 0.000 0.000 0.000 3.774 52.774 49.774 2.774 0.000 0.000 0.000 1.714
59.925 61.354 60.575 59.596 41.748 21.403 21.994 22.614 21.249 23.936 0.000 0.000 0.000 0.000 57.077 47.076 45.073 41.067 0.000 0.000 0.000 0.000 0.000 41.883 32.883 28.885 11.889 0.000 0.000 0.000 39.523 47.515 56.504 55.492 57.485 45.487 0.000 3.365 62.365 46.358 20.351 0.000 35.257 45.230 72.189 34.136 18.089 0.000 0.000 0.000 0.000 0.000 5.220 43.197 30.185 31.179 34.180 7.193 0.000 0.000 0.000 0.000 0.000 0.000 0.000 0.000 9.774 10.774 0.000 0.000 0.000 0.000 2.714
61.356 60.339 62.457 62.627 46.305 22.911 25.546 25.189 22.830 23.388 0.000 37.087 0.000 3.085 51.083 51.082 58.081 0.000 0.000 15.973 3.973 0.000 0.000 36.882 30.879 24.875 0.000 0.000 0.000 0.000 37.549 38.536 40.521 39.507 37.496 29.489 0.000 0.000 64.380 50.371 35.362 0.000 34.268 45.245 69.201 25.110 20.994 3.914 0.000 0.000 0.000 0.000 5.242 50.229 29.216 31.204 31.201 32.206 36.214 8.217 0.000 0.000 0.000 0.000 0.000 0.000 0.000 0.000 0.000 0.000 0.000 0.000 0.000
61.035 63.239 62.435 63.141 36.766 27.418 47.084 40.768 22.496 0.308 0.000 34.087 49.087 54.087 40.087 61.089 53.089 0.000 0.000 29.973 60.973 12.967 0.000 37.884 31.874 28.863 0.000 0.000 45.659 41.631 37.587 39.560 44.538 44.519 42.502 53.485 45.461 5.435 64.403 56.383 56.364 48.340 29.304 47.280 55.260 0.000 23.863 6.834 0.000 0.000 0.000 0.000 15.278 54.262 26.245 28.222 29.215 30.217 35.220 7.220 0.000 0.000 0.000 0.000 0.000 0.000 0.000 0.000 0.000 0.000 0.000 0.000 0.000
