results3_8e3_rain/res_3e8f-0095.wd
ncols         241
nrows         181
xllcorner     12693529.787448
yllcorner     3542525.717860
cellsize      155.156523
NODATA_value  -9999.000000
[rows 33 to 65 of 181, columns 146 to 218 of 241]
61.392 60.624 60.369 61.029 27.715 39.413 61.131 54.853 33.485 0.000 0.000 19.814 0.000 0.823 16.830 41.846 28.848 0.000 0.000 0.000 33.480 41.454 0.000 26.111 18.063 18.988 22.860 31.728 49.581 40.473 35.371 30.287 31.217 31.155 30.098 29.042 27.976 35.880 45.773 37.704 37.639 35.565 14.481 28.404 36.310 0.000 5.179 9.737 33.421 31.139 35.865 45.589 38.295 32.932 0.000 0.000 15.226 15.372 22.288 0.274 0.000 0.000 0.000 0.000 0.000 0.000 0.000 0.000 0.000 0.000 0.000 0.000 0.000
61.286 61.048 60.720 61.412 39.115 56.839 59.598 53.428 0.000 0.000 0.000 21.813 0.000 0.000 0.000 25.886 25.878 33.869 0.000 46.576 34.507 21.428 30.312 21.178 19.080 18.981 17.865 19.743 47.618 45.507 45.406 47.317 40.240 42.170 41.104 41.039 40.970 41.890 45.809 43.740 44.678 39.618 16.562 15.523 0.000 0.000 1.811 15.612 23.388 18.132 23.868 36.607 36.366 34.205 0.000 0.000 0.000 20.787 0.000 0.000 0.000 0.000 0.000 0.000 0.000 23.840 22.851 24.862 14.870 17.875 0.000 0.000 0.000
61.704 61.384 61.080 60.780 60.494 61.228 52.995 39.834 0.000 0.000 0.000 0.000 0.000 0.000 0.000 22.933 19.909 32.861 37.769 29.645 38.543 36.442 17.328 18.210 19.099 18.990 30.876 34.759 38.643 31.532 28.429 38.337 12.255 19.180 14.110 14.042 13.973 16.903 42.834 31.771 29.715 31.666 16.626 18.604 0.000 0.000 11.667 68.628 0.000 0.000 0.000 0.000 37.356 36.317 0.000 0.000 0.000 18.202 15.403 17.521 15.600 23.659 29.706 21.748 43.790 50.830 48.851 33.865 13.874 12.880 16.885 0.000 0.000
62.036 61.733 61.431 61.136 61.853 56.584 38.321 29.077 38.077 0.000 0.000 0.000 0.000 0.000 0.000 20.005 18.965 21.897 17.802 28.691 31.580 34.467 23.351 18.233 18.118 18.004 42.891 48.776 30.662 24.549 24.442 25.347 22.263 22.186 22.114 23.046 25.979 22.914 43.852 35.795 33.746 33.704 15.675 29.662 55.676 0.000 3.636 56.606 0.000 0.000 0.000 0.000 37.386 35.390 13.435 18.461 16.462 14.417 14.486 14.560 13.622 20.671 27.710 14.750 32.792 50.838 46.860 26.873 11.882 11.887 16.891 0.000 0.000
62.383 62.075 61.775 61.481 58.198 43.935 32.628 0.000 0.000 0.000 0.000 24.874 0.000 0.000 0.000 19.117 20.050 19.959 18.853 18.737 24.618 17.497 17.375 19.254 18.135 17.019 40.906 37.794 45.680 49.559 48.444 43.347 39.263 41.187 37.116 41.048 40.984 41.922 45.865 43.813 44.768 40.732 15.706 27.692 49.691 0.000 0.000 59.554 0.000 0.000 0.000 0.000 34.412 37.424 16.454 14.486 14.508 14.521 14.563 14.612 13.657 20.692 29.714 0.000 0.000 8.869 51.878 27.886 11.893 11.897 15.900 0.000 0.000
62.723 62.412 62.112 61.816 51.521 33.330 0.000 0.000 0.000 0.000 22.919 25.874 38.789 38.668 26.509 19.295 19.158 20.036 19.913 18.787 17.658 18.528 18.399 18.272 17.149 26.032 44.920 23.814 37.706 14.564 47.427 37.334 36.256 36.183 33.114 38.048 38.985 38.926 45.872 43.824 40.783 40.749 15.725 29.711 48.706 0.000 0.000 52.503 0.000 0.000 0.000 0.000 38.427 37.439 13.472 15.523 14.562 15.596 15.633 15.670 16.702 24.728 4.741 0.000 0.000 9.892 51.896 32.902 19.906 13.910 16.911 0.000 0.000
63.055 62.739 63.445 56.151 43.740 33.535 0.000 0.000 0.000 0.000 19.964 36.914 30.826 19.707 21.562 21.399 19.252 18.114 19.978 18.840 19.700 19.559 19.421 18.286 18.158 38.039 37.929 37.834 37.767 0.000 19.367 17.308 18.243 18.176 19.109 23.045 25.983 23.926 43.874 37.828 31.789 33.758 16.735 28.721 47.715 0.000 0.000 25.452 16.431 0.000 0.000 0.000 32.431 15.435 0.000 10.573 16.623 20.669 27.703 27.731 27.755 29.777 1.790 0.000 0.000 57.912 50.915 52.918 40.921 15.924 16.926 0.000 0.000
63.368 63.042 62.778 48.601 0.411 0.000 0.000 0.000 0.000 0.000 36.059 30.993 20.894 21.773 21.634 21.485 21.338 19.192 18.044 17.894 19.742 18.589 18.438 17.295 19.160 34.036 24.924 33.828 34.761 0.000 0.000 33.286 32.233 32.169 32.102 34.038 33.978 34.922 46.871 42.826 37.788 39.758 15.737 24.723 52.718 0.000 0.000 84.422 53.411 20.396 7.389 0.000 0.000 0.000 0.000 0.000 13.687 22.753 26.781 25.798 28.811 30.835 16.865 21.907 37.926 52.929 50.932 50.935 38.937 15.940 15.942 0.000 0.000
63.643 64.284 56.025 38.888 0.000 0.000 0.000 0.000 0.000 43.364 37.221 21.104 21.985 21.856 21.717 21.571 21.422 21.270 18.114 18.952 18.784 18.615 19.450 18.294 18.151 21.021 25.902 37.794 24.687 36.548 41.428 34.317 43.236 33.163 34.094 37.029 35.968 34.912 44.861 40.817 28.780 27.751 16.730 23.718 52.715 0.000 0.000 75.402 65.396 42.388 11.383 0.000 0.000 0.000 0.000 0.000 0.000 33.874 25.872 19.869 16.855 31.887 18.909 20.930 28.942 49.948 51.951 49.952 35.954 15.956 12.960 16.970 10.974
71.841 69.425 42.150 32.038 0.000 0.000 0.000 21.790 35.689 36.508 30.356 25.219 22.086 21.948 21.806 21.659 20.509 23.354 28.190 24.015 18.827 19.638 18.454 18.281 18.128 17.994 24.872 25.758 23.647 30.529 29.419 24.318 36.231 16.154 24.082 31.015 29.953 23.897 42.846 35.801 15.764 14.735 17.715 19.705 23.710 0.000 0.000 53.389 33.385 70.378 56.371 0.000 0.000 44.214 18.188 16.146 16.087 17.998 28.964 22.951 0.000 43.948 31.953 27.961 25.966 36.969 52.970 44.971 27.971 16.971 12.973 19.977 43.979
0.000 0.000 21.113 39.075 0.000 0.000 23.995 33.890 47.770 31.623 30.475 30.332 23.190 22.046 21.901 21.752 28.601 36.445 37.279 29.092 23.872 18.656 17.447 18.248 22.089 18.954 17.834 16.721 22.612 23.504 22.401 23.305 25.218 18.138 24.065 28.997 30.934 26.876 42.824 36.779 18.740 17.710 17.689 13.678 0.000 0.000 0.000 9.380 28.377 28.368 62.353 77.321 70.285 38.240 24.204 25.164 25.117 28.066 50.035 68.021 77.029 76.005 77.997 76.995 70.994 64.993 56.991 39.989 22.987 13.986 14.985 27.985 46.985
13.011 0.000 0.000 0.000 0.000 0.000 27.100 47.006 38.880 41.738 38.591 28.443 21.296 22.147 21.998 32.848 37.698 33.546 28.388 25.203 27.914 22.666 22.430 18.177 23.024 16.900 17.788 18.680 17.576 17.474 17.376 17.284 16.198 17.118 17.043 20.974 26.909 25.850 43.797 37.749 16.709 17.676 17.653 16.641 0.000 0.000 0.000 13.376 39.373 28.367 30.351 45.325 56.294 66.259 68.225 74.190 77.152 77.116 76.089 72.071 63.060 61.045 63.035 66.027 68.022 69.017 67.012 71.008 63.004 30.000 16.997 35.994 52.992
51.715 8.630 0.000 0.000 0.000 28.480 44.300 37.152 29.006 36.858 40.707 41.555 31.403 20.249 30.096 38.944 28.796 20.655 20.524 22.418 0.000 0.000 0.000 15.005 18.930 20.836 20.737 17.637 17.538 18.440 17.346 17.256 17.171 18.091 17.016 16.946 16.880 19.819 36.763 35.713 17.670 17.634 17.607 18.591 19.591 0.000 0.000 12.375 30.374 31.375 43.360 30.335 10.306 14.277 50.248 74.218 58.186 53.157 56.133 49.113 35.098 24.082 15.069 13.059 14.050 24.042 22.034 17.027 56.020 71.014 49.008 47.004 51.000
0.000 22.545 0.315 0.000 27.873 37.661 44.468 28.297 31.136 28.980 26.824 34.668 39.510 34.351 38.192 27.036 20.889 21.755 21.635 29.526 0.000 0.000 0.000 11.907 20.856 31.778 32.687 27.593 23.498 25.404 21.312 20.224 18.141 17.061 16.985 17.913 16.846 16.783 19.724 28.671 16.623 16.582 17.549 16.527 0.000 0.000 0.000 0.000 0.000 45.399 29.379 14.349 28.320 30.295 76.274 57.246 40.219 22.194 13.172 14.152 15.134 16.118 16.102 16.089 15.077 13.066 12.056 13.046 21.037 58.027 66.019 51.013 50.008
0.000 8.472 30.896 32.476 31.085 45.823 30.613 24.431 26.263 25.101 21.942 20.782 35.620 42.454 45.286 33.121 22.968 19.839 27.737 0.000 0.000 0.000 0.000 14.862 24.809 31.731 32.643 32.550 34.456 42.365 40.275 36.189 34.106 30.026 23.950 18.877 16.808 17.742 16.680 21.623 14.570 15.523 16.481 18.442 39.389 0.000 0.000 0.000 7.496 49.445 9.407 18.362 9.331 48.310 66.305 26.276 14.249 16.229 16.210 16.190 16.171 16.152 13.134 13.118 12.103 13.090 13.078 13.066 29.054 44.040 17.029 77.022 49.018
0.000 7.976 30.729 23.446 42.168 41.934 36.732 27.551 21.382 22.220 23.060 33.899 36.733 28.560 31.378 40.193 41.022 30.897 0.000 0.000 0.000 0.000 19.950 25.871 29.786 28.696 29.602 29.508 27.414 34.323 35.235 35.150 36.068 32.989 31.912 32.838 23.766 18.698 19.632 16.570 17.512 16.458 15.410 17.369 32.338 0.000 0.000 0.000 7.548 51.478 13.442 0.000 0.000 0.000 33.361 15.303 16.272 14.265 14.249 14.229 13.206 12.185 13.164 13.146 12.129 13.114 12.100 11.087 14.072 10.049 6.035 70.029 79.029
0.000 4.726 24.598 34.412 44.208 35.012 34.830 36.659 34.496 25.337 31.181 40.021 28.854 21.673 20.472 26.251 36.032 42.830 6.644 0.000 23.419 23.243 18.030 26.885 31.769 32.664 28.564 28.464 20.370 17.279 17.193 17.109 16.028 13.949 20.872 34.796 33.723 32.651 27.581 18.514 16.450 17.389 16.333 16.286 17.255 0.000 0.000 0.000 22.669 0.000 0.000 0.000 0.000 0.000 12.477 0.000 0.000 12.309 11.293 11.269 12.242 14.217 14.193 14.172 13.153 13.136 11.122 11.109 12.100 0.071 0.000 0.000 73.043
0.000 3.605 27.525 46.395 37.240 34.078 33.917 34.759 33.605 35.453 40.304 29.152 22.990 22.808 22.586 21.306 22.026 27.746 44.458 42.045 20.596 19.279 18.042 18.871 30.740 28.629 39.525 27.417 20.321 18.232 19.148 18.066 22.986 30.907 26.830 20.753 26.677 36.602 33.528 32.455 23.384 16.315 16.248 17.188 15.142 0.000 0.000 22.791 10.791 0.000 0.000 24.686 19.687 18.656 10.592 0.000 0.000 17.370 14.344 14.312 14.278 14.247 14.220 14.197 14.176 14.158 14.142 13.128 14.120 16.118 6.114 0.000 15.056
0.000 16.564 41.504 37.403 26.279 31.142 36.000 30.856 36.712 42.567 34.429 22.292 21.146 22.981 22.760 26.362 27.020 20.671 31.397 27.083 23.639 20.238 16.988 23.817 27.690 29.588 20.490 47.357 35.264 25.181 17.100 23.021 41.943 51.865 44.787 21.709 23.631 26.553 30.474 35.395 33.317 29.238 18.158 15.075 21.982 27.864 0.000 0.000 18.914 0.000 0.000 0.000 14.718 14.690 14.645 19.609 18.547 14.457 13.403 14.357 14.311 14.274 14.244 14.219 14.197 14.177 14.159 14.144 13.132 13.122 14.111 17.094 13.074
3.621 37.583 43.522 28.436 23.330 25.212 27.085 37.954 41.818 52.675 51.555 44.439 33.324 22.209 25.112 0.000 0.000 19.523 25.375 22.251 0.000 18.046 21.854 38.721 37.617 40.542 0.000 12.257 52.199 46.127 32.052 37.976 55.900 55.823 53.745 22.666 28.586 28.504 30.420 18.336 27.250 33.163 32.072 30.971 43.849 52.747 0.000 0.000 9.037 34.160 0.000 0.000 37.779 18.740 18.689 18.636 18.575 19.509 13.454 12.403 16.336 13.293 13.264 13.239 13.215 14.194 13.174 12.157 12.141 12.128 12.113 12.097 11.082
2.659 48.625 34.567 23.488 23.395 23.289 36.176 34.057 50.932 65.761 62.675 59.588 54.500 45.421 36.367 0.000 0.000 0.000 13.330 24.296 0.000 0.000 14.661 32.596 31.514 46.422 18.295 19.217 52.147 57.077 53.005 51.932 54.857 54.782 55.704 34.624 26.542 28.456 28.368 18.277 27.184 21.091 39.997 10.888 49.696 71.527 42.276 12.115 0.000 12.284 0.000 13.978 73.878 26.802 28.735 28.671 24.608 25.549 17.500 12.467 0.000 13.299 13.280 16.257 19.232 29.209 19.188 14.168 15.150 15.134 15.118 15.102 15.087
34.732 38.691 32.631 30.556 25.470 37.376 31.273 44.166 22.093 0.000 42.798 61.737 60.667 61.606 44.570 0.000 0.000 0.000 7.318 30.307 0.000 0.000 11.533 26.490 21.420 48.337 59.246 59.168 55.097 55.028 54.959 55.889 54.817 54.743 54.666 48.586 23.501 25.412 23.319 18.221 29.120 30.020 32.938 0.000 34.519 70.391 40.186 57.955 18.664 4.408 16.253 72.078 59.954 31.858 25.777 27.705 21.639 15.580 13.532 11.498 0.000 19.324 27.302 35.276 42.249 51.224 40.200 20.178 14.158 15.140 15.122 15.106 15.090
45.845 34.778 34.710 30.636 37.556 34.470 37.375 61.240 48.180 31.123 51.983 60.895 59.824 58.769 38.735 0.000 0.000 0.000 0.000 0.000 0.000 0.000 17.449 26.410 37.340 53.262 55.184 55.112 55.045 54.980 54.914 54.848 54.779 54.707 54.631 54.551 40.466 30.374 23.274 16.168 20.054 19.933 24.797 43.608 29.472 64.331 50.124 56.854 63.629 49.433 54.274 63.126 39.002 39.899 25.810 24.733 16.664 13.602 14.547 16.497 30.439 36.372 54.330 53.295 52.265 51.237 51.211 41.187 19.165 14.145 15.126 15.109 15.092
36.939 24.867 26.795 38.721 35.646 35.574 5.516 0.000 40.266 66.207 61.116 60.035 61.966 43.909 29.868 13.891 0.000 0.000 0.000 0.000 0.000 0.000 23.405 40.361 52.268 55.187 55.116 55.052 54.992 54.932 54.871 54.809 54.744 54.675 54.602 54.523 55.437 49.342 41.238 33.123 30.996 33.859 24.711 41.556 20.428 62.338 0.000 15.709 50.565 22.421 13.283 69.151 33.031 36.926 34.833 15.753 13.681 14.617 14.559 22.504 43.449 54.394 51.349 51.311 51.278 48.247 47.220 45.195 44.171 18.150 14.130 14.111 14.094
27.030 23.955 36.881 36.808 31.735 51.665 5.599 14.538 54.410 61.322 60.239 60.164 60.097 36.032 35.938 46.915 0.000 0.000 0.000 0.000 0.000 0.000 0.000 0.000 49.184 61.101 56.043 54.990 54.938 54.885 54.830 54.773 54.713 54.648 54.578 54.502 54.416 55.320 56.212 53.089 52.951 55.795 35.632 41.478 15.347 56.255 0.000 0.000 46.500 16.405 26.286 60.163 41.046 32.939 36.845 13.764 14.692 13.626 15.567 25.511 46.458 47.408 52.363 51.323 46.288 43.256 47.227 52.200 51.176 40.153 21.132 20.112 19.094
23.122 37.044 37.968 25.894 36.821 57.750 50.679 56.605 62.515 60.432 60.355 60.285 57.226 41.184 0.000 0.000 0.000 0.000 0.000 0.000 0.000 0.000 0.000 0.000 0.000 5.991 46.963 55.926 54.885 54.840 54.792 54.741 54.686 54.627 54.562 56.490 55.407 55.312 54.200 56.072 54.922 54.739 44.543 42.377 19.230 31.079 60.858 39.685 47.532 16.412 44.294 38.171 41.051 28.939 22.846 14.766 14.695 14.631 22.572 27.516 28.464 33.416 41.372 39.332 40.295 51.262 51.232 51.204 51.179 52.155 46.133 42.113 40.094
38.210 38.130 27.053 22.979 37.906 56.834 62.763 61.689 60.612 60.536 60.464 61.397 52.337 45.294 0.000 0.000 0.000 0.000 0.000 0.000 0.000 0.000 0.000 0.000 2.909 22.909 49.893 55.868 54.836 54.799 54.758 54.713 54.664 54.611 56.553 56.488 56.412 48.320 53.204 56.077 58.928 56.697 50.424 46.257 34.116 17.972 65.812 48.664 50.531 15.416 61.308 25.176 6.049 22.920 13.834 14.760 13.693 22.631 28.573 27.518 27.468 26.420 19.377 15.337 45.300 51.266 51.235 51.206 51.180 51.156 52.133 52.112 52.092
35.293 26.213 24.137 22.062 38.990 58.919 60.848 60.778 60.707 60.637 60.569 62.502 41.430 39.362 0.000 0.000 0.000 0.000 0.000 0.000 0.000 0.000 0.000 0.000 0.000 36.843 55.834 54.816 54.791 54.761 54.727 54.689 56.647 55.601 55.551 55.496 49.433 27.352 43.220 53.104 4.016 0.000 28.198 35.113 44.004 30.883 51.754 69.629 54.513 21.414 63.345 0.000 0.000 11.859 14.809 14.748 16.686 26.627 24.570 25.518 27.468 30.422 24.378 25.338 41.302 51.268 51.236 51.207 51.180 51.155 51.132 51.110 51.090
26.372 24.294 29.218 34.144 49.073 61.003 60.934 60.867 60.800 60.736 60.674 61.611 48.520 0.000 0.000 0.000 0.000 0.000 0.000 21.655 0.000 0.657 0.000 0.000 0.000 11.787 46.783 53.771 54.753 54.729 54.701 54.669 56.634 54.596 54.556 54.514 38.472 34.436 0.000 0.000 0.000 0.000 13.057 19.994 41.905 27.803 32.694 75.584 58.478 37.383 47.314 0.000 41.891 18.850 14.795 14.736 16.677 25.620 36.565 36.514 38.465 44.420 39.377 50.338 51.301 51.267 51.235 51.206 51.178 51.153 51.129 51.107 51.087
27.449 24.371 31.297 50.225 61.154 61.086 61.020 60.955 60.892 60.833 60.782 66.746 0.000 0.000 0.000 0.000 0.000 0.000 21.655 33.655 20.657 35.658 31.660 0.000 1.713 33.736 40.739 51.733 54.720 54.701 54.678 55.652 54.624 54.593 54.562 50.531 39.504 44.486 0.000 0.000 0.000 0.000 29.980 21.903 39.818 15.729 17.635 65.535 64.431 56.326 42.214 42.060 30.933 25.853 14.787 14.725 14.666 24.611 46.558 53.507 52.460 52.416 44.374 51.335 51.298 51.264 51.232 51.202 51.175 51.149 51.125 51.103 51.082
25.522 23.447 38.374 58.303 62.234 61.168 61.103 61.040 60.980 60.923 60.875 67.846 0.000 0.000 0.000 0.000 0.000 0.000 10.655 30.655 30.656 29.658 32.663 16.673 24.690 32.703 32.707 49.702 55.693 54.678 54.660 54.639 54.616 54.592 55.568 47.545 43.527 37.517 0.000 0.000 0.000 0.000 0.000 21.819 40.735 17.662 13.582 52.490 69.388 66.276 47.157 26.034 24.927 25.844 16.774 13.711 14.653 17.599 28.547 48.499 51.452 51.409 43.368 51.329 51.293 51.259 51.227 51.198 51.170 51.144 51.120 51.098 51.077
24.594 26.520 46.448 62.379 61.313 61.248 61.185 61.124 61.064 61.005 62.948 60.917 0.000 0.000 0.000 0.000 0.000 0.000 0.000 35.655 41.655 46.656 37.659 36.665 30.674 26.680 37.681 51.678 54.670 54.659 57.644 55.627 54.609 54.590 54.572 49.556 41.543 36.538 11.543 0.000 0.000 0.000 0.000 0.000 32.642 18.602 14.540 47.458 78.353 59.233 38.104 28.993 30.899 28.821 23.754 12.693 14.637 13.585 17.535 36.488 51.443 51.400 43.360 51.322 51.286 51.252 51.221 51.191 51.164 51.138 51.114 51.091 51.070
24.663 34.590 54.520 62.453 61.389 61.327 61.266 61.207 61.147 62.084 59.997 47.956 31.956 0.000 0.000 0.000 0.000 0.000 0.000 36.654 45.654 45.653 49.654 51.656 34.659 33.662 48.662 54.658 54.652 54.642 55.631 54.617 54.603 54.589 54.575 52.563 40.553 41.548 35.548 0.000 0.000 0.000 0.000 0.000 18.590 18.564 12.518 57.448 45.334 51.200 21.034 40.934 34.855 27.788 27.727 18.671 13.618 14.568 13.520 25.474 48.431 50.389 44.350 51.313 52.277 51.244 51.213 51.184 51.156 51.130 51.106 51.084 51.063
