results3_8e3_rain/res_3e8f-0095.wd
ncols         241
nrows         181
xllcorner     12693529.787448
yllcorner     3542525.717860
cellsize      155.156523
NODATA_value  -9999.000000
[rows 66 to 98 of 181, columns 73 to 145 of 241]
68.288 32.278 0.000 57.479 74.458 73.429 73.402 0.000 44.834 44.817 57.827 53.834 52.815 52.771 51.707 127.614 115.454 0.000 0.000 0.000 48.286 43.230 48.147 51.092 51.046 53.005 53.966 58.924 59.885 60.842 51.782 0.000 0.000 49.092 99.092 81.001 84.853 84.931 82.976 90.904 83.367 83.838 84.569 83.333 83.103 83.891 53.730 0.000 0.000 0.000 0.000 0.000 0.000 0.000 29.138 27.118 27.081 27.027 26.961 26.891 30.815 43.732 40.645 25.555 36.462 45.372 24.286 27.203 33.121 38.040 33.960 27.882 25.805
53.290 59.267 0.000 45.682 69.648 68.621 62.623 15.702 0.000 0.000 50.899 63.972 52.971 51.942 52.900 33.861 0.000 0.000 0.000 0.000 0.000 0.000 59.091 57.068 55.039 38.002 40.963 47.921 48.890 53.858 44.820 0.000 0.000 0.000 59.334 77.239 84.169 84.255 91.347 91.133 83.448 84.129 83.832 83.613 83.395 78.200 36.062 0.000 0.256 33.257 0.000 0.000 0.000 35.177 30.177 27.155 27.116 27.064 27.001 26.932 26.857 26.777 33.693 47.607 48.519 31.432 25.347 26.264 27.183 31.103 30.024 25.946 25.870
55.298 54.234 59.107 56.919 70.831 63.785 64.768 61.781 0.000 0.000 0.000 66.184 61.157 56.124 58.092 5.070 0.000 0.000 0.000 0.000 0.000 0.000 58.058 54.049 45.038 0.000 0.000 45.908 57.894 56.881 0.000 0.000 5.048 61.928 53.671 57.490 64.563 79.618 91.546 83.207 84.753 84.308 84.111 83.886 81.664 64.452 43.257 49.257 47.257 28.257 0.000 0.000 0.000 0.000 44.239 26.209 27.165 31.111 39.049 28.979 26.905 25.826 29.744 44.660 51.575 43.490 29.407 24.325 26.244 26.165 26.086 26.008 24.932
55.336 53.265 57.167 68.055 61.973 54.918 73.885 62.872 14.886 0.000 8.559 58.421 74.351 69.305 69.274 72.256 0.000 0.000 0.000 0.000 4.022 4.025 56.034 47.032 50.027 0.000 0.000 0.000 93.899 120.890 35.890 0.000 61.169 56.066 55.903 55.808 51.888 91.913 91.735 84.261 87.859 84.598 84.381 84.158 75.923 28.688 0.000 51.257 29.257 0.000 0.000 0.000 32.444 31.407 30.330 26.277 30.225 42.167 47.102 45.032 37.957 27.879 36.797 44.714 23.630 29.547 42.465 39.384 35.305 43.226 24.147 26.070 23.994
53.390 59.322 69.243 61.160 53.088 53.030 65.981 73.935 69.900 72.829 74.696 69.591 64.520 66.472 55.441 54.426 0.000 0.000 0.000 5.016 61.018 60.020 48.021 50.019 51.011 54.996 53.987 0.000 4.913 0.000 0.000 7.554 67.392 60.264 55.103 56.192 54.235 92.074 53.896 61.478 76.066 83.879 84.657 82.442 41.183 0.000 0.000 0.000 0.000 0.000 0.000 33.506 27.481 27.448 27.397 28.345 38.290 47.229 46.162 46.090 42.014 37.934 47.852 30.769 25.686 26.603 26.522 36.443 49.365 36.287 24.208 25.129 31.054
59.453 70.391 60.324 53.254 54.190 54.132 56.074 39.987 65.951 63.891 55.807 52.727 51.665 67.621 69.593 56.579 0.000 0.000 0.000 61.015 57.015 54.014 47.013 51.010 51.002 50.991 50.977 9.955 12.927 13.903 15.853 83.716 80.586 69.457 68.413 57.410 92.361 92.224 55.956 62.599 57.368 64.164 82.928 57.771 0.000 0.000 0.000 0.000 0.000 0.000 0.000 33.531 27.527 27.505 27.466 28.417 37.361 47.297 46.228 45.153 42.074 46.992 40.908 24.824 26.740 26.658 26.578 36.500 44.424 23.348 26.270 29.184 48.113
70.523 60.466 53.405 54.344 54.286 55.235 36.197 0.000 23.027 50.978 53.912 53.845 53.793 51.755 75.731 59.719 0.000 0.000 0.000 38.013 55.011 49.010 50.008 51.004 50.998 50.988 50.976 61.960 1.938 5.927 22.942 75.871 85.770 7.660 89.582 79.773 92.480 54.543 68.181 64.820 54.684 51.481 48.118 32.945 0.000 0.000 29.141 0.000 0.000 0.000 0.000 29.561 27.591 27.579 27.545 27.497 28.439 34.372 42.299 42.220 42.137 46.051 23.965 26.879 26.794 25.711 31.632 48.556 31.484 25.413 28.337 9.227 10.159
60.598 53.544 54.487 54.430 54.375 57.324 13.281 11.247 4.151 49.084 54.017 55.949 53.906 52.876 70.857 66.848 0.000 0.000 0.000 0.000 46.008 49.006 51.004 51.001 50.996 50.989 52.980 38.970 0.000 0.000 73.115 76.055 86.967 92.839 86.942 84.977 92.582 75.599 78.298 63.136 56.038 48.961 0.000 0.000 0.000 0.000 27.141 0.000 0.000 0.000 0.000 0.000 30.696 27.676 27.638 27.587 27.525 27.454 27.376 34.291 42.203 30.112 27.021 26.932 26.845 29.761 42.683 42.609 24.542 26.483 29.440 0.000 0.000
53.677 54.625 54.570 54.514 54.459 54.406 58.357 59.309 59.246 55.188 55.124 35.026 52.006 52.987 68.973 67.967 0.000 0.000 0.000 0.000 45.005 51.004 51.002 50.999 50.996 50.991 38.986 0.000 0.000 1.561 78.349 84.269 87.172 87.119 86.196 92.718 85.093 87.807 82.492 67.431 57.368 56.364 56.504 0.000 0.000 0.000 24.142 31.142 24.142 0.000 0.000 0.000 45.822 26.791 27.745 27.688 27.621 28.544 27.458 27.367 27.271 27.174 27.077 26.983 25.892 31.807 46.728 23.656 26.592 26.538 28.501 3.495 0.000
54.760 54.708 54.654 54.598 54.541 54.485 54.433 54.384 54.338 54.297 58.266 0.000 45.105 54.092 70.080 65.079 1.138 0.000 0.000 0.000 50.003 53.003 53.001 52.999 50.997 53.994 0.000 0.000 0.000 70.717 76.596 87.498 87.376 87.482 85.527 92.931 86.233 90.875 86.764 87.695 75.644 63.624 52.644 47.644 49.644 0.000 0.000 30.143 25.142 31.137 32.121 30.080 35.980 45.920 27.864 28.800 37.726 44.641 26.547 27.446 27.341 27.235 27.130 26.030 30.935 49.847 43.767 32.695 25.631 26.576 28.530 43.489 61.426
54.845 54.793 54.739 54.682 54.622 54.560 54.504 57.456 55.426 54.397 58.376 0.000 45.217 54.196 71.177 63.171 3.189 0.000 0.000 0.000 23.003 33.002 32.001 31.999 52.997 37.996 0.000 0.000 0.000 72.904 82.821 87.723 87.676 86.776 93.587 93.278 87.306 88.147 87.002 86.944 87.887 78.842 43.805 0.000 0.000 0.000 0.000 28.145 28.147 25.148 27.147 28.139 27.096 34.047 47.990 30.922 28.842 38.749 26.644 27.530 27.412 27.294 27.180 27.072 34.971 47.880 34.798 46.726 24.661 25.605 30.554 51.505 63.449
54.933 54.881 54.827 54.770 54.705 57.629 59.568 31.512 52.511 55.490 57.465 17.442 48.351 53.299 65.261 63.238 4.229 0.000 0.000 0.000 0.000 0.000 0.000 0.000 33.997 0.000 0.000 0.000 21.345 71.175 88.061 87.936 88.048 86.130 93.866 85.904 91.607 87.299 87.251 87.182 87.120 77.053 37.929 0.000 0.000 0.000 0.000 0.000 31.153 32.160 19.179 27.232 28.220 28.182 32.126 48.056 30.970 27.869 27.750 27.619 27.483 27.350 25.224 31.106 49.998 30.903 29.820 43.748 27.685 25.629 32.577 58.528 63.477
55.023 54.972 54.920 54.865 56.798 32.684 34.626 0.000 14.616 50.588 54.552 58.509 54.446 57.387 62.329 67.290 6.260 0.000 0.000 0.000 0.000 0.000 0.000 0.000 0.000 0.000 0.000 4.636 80.515 82.392 88.282 88.234 87.351 94.369 94.127 86.972 87.684 87.553 87.482 87.416 86.360 66.319 0.000 0.000 0.000 0.000 0.000 0.000 0.000 23.160 0.000 34.390 31.372 27.333 27.278 29.206 46.116 35.005 26.869 27.711 27.552 26.400 31.259 33.129 32.013 28.914 26.832 26.762 26.701 27.647 40.599 62.553 63.508
55.113 55.062 55.015 54.971 59.938 0.000 0.000 20.837 12.750 46.694 55.646 53.595 55.538 67.474 39.379 33.335 0.000 0.000 0.000 0.000 0.000 0.000 0.000 0.000 0.000 0.000 0.000 67.757 72.687 86.597 88.478 88.606 86.698 94.593 86.482 88.154 87.845 87.784 87.707 87.640 79.584 56.545 0.000 0.000 0.000 0.000 0.000 0.000 0.000 0.000 0.000 38.565 33.544 27.503 25.446 28.373 28.282 44.166 37.011 27.806 28.613 26.440 33.283 33.140 30.010 23.910 26.831 26.766 28.710 42.661 61.617 63.577 66.541
56.200 54.150 54.105 54.068 57.044 27.051 24.010 55.925 60.852 54.793 52.741 59.689 69.637 72.590 0.000 0.000 0.000 0.000 0.000 0.000 0.000 0.000 0.000 0.000 0.000 0.000 0.000 69.947 77.882 87.793 88.783 87.820 95.004 94.804 87.518 88.220 88.079 87.999 87.924 87.855 69.790 51.731 0.000 0.000 0.000 0.000 0.000 0.000 0.000 0.000 0.000 36.763 34.735 34.689 31.630 24.559 26.475 27.366 43.204 42.888 39.655 36.463 29.294 28.137 24.976 25.885 26.817 30.762 50.713 62.671 62.632 63.599 62.569
70.282 69.233 68.189 66.151 63.121 64.097 64.056 60.999 61.940 63.886 63.835 69.784 71.731 29.661 0.000 0.000 0.000 0.000 0.000 0.000 0.000 0.000 0.000 0.000 0.000 8.465 16.385 71.203 88.095 89.002 88.951 88.179 95.190 87.004 88.675 88.360 88.293 88.209 88.135 86.065 67.989 38.860 0.000 0.000 0.000 0.000 0.000 0.000 0.000 0.000 0.000 26.989 30.944 33.887 34.826 33.760 30.691 26.618 20.552 0.000 0.000 0.000 0.000 0.000 28.874 26.836 29.792 50.750 63.711 62.675 63.643 66.615 62.592
66.359 68.310 67.266 69.227 71.193 70.159 69.120 67.073 65.024 64.976 65.929 61.883 61.841 0.000 0.000 0.000 0.000 0.000 0.000 0.000 0.000 0.000 0.000 0.000 0.000 57.544 80.488 79.386 88.292 89.181 89.307 87.409 95.363 89.102 88.705 88.578 88.492 88.413 88.342 84.283 64.240 0.000 0.000 0.000 0.000 0.000 0.000 0.000 0.000 0.000 34.426 29.261 26.165 28.090 33.025 34.965 34.911 35.864 26.834 0.000 0.000 0.000 0.000 0.000 29.811 27.793 43.765 64.735 62.705 62.676 62.650 63.628 62.609
54.430 54.381 55.338 62.299 71.263 77.227 65.190 59.150 54.108 52.065 51.023 56.976 35.908 0.000 0.000 0.000 0.000 0.000 0.000 0.000 0.000 0.000 0.000 0.000 0.000 63.680 79.636 87.563 89.478 89.446 88.576 95.669 95.523 91.126 88.929 88.766 88.686 88.607 88.538 83.483 58.450 0.000 0.000 0.000 0.000 0.000 0.000 0.000 0.000 34.731 29.592 29.463 29.364 28.285 25.220 30.166 34.123 35.095 32.085 0.000 0.000 0.000 0.000 32.752 26.766 30.759 58.742 62.720 62.698 62.675 62.654 62.636 62.621
53.495 53.448 57.406 62.368 64.332 67.298 57.263 53.228 54.192 54.155 56.120 34.092 0.000 0.000 0.000 0.000 0.000 0.000 0.000 0.000 0.000 0.000 0.000 0.000 0.000 49.860 78.815 88.749 89.650 89.781 87.891 95.805 88.684 90.354 89.031 88.963 88.873 88.792 88.719 79.661 52.626 0.000 0.000 0.000 0.000 0.000 0.000 0.000 33.999 29.870 29.747 29.636 29.543 29.466 29.403 26.354 25.320 28.307 35.327 35.424 0.000 0.000 0.000 26.739 27.741 45.735 62.723 61.707 61.690 62.673 62.656 62.642 62.630
53.555 53.511 55.471 56.434 54.400 53.369 54.338 53.307 53.276 53.243 58.209 3.179 0.000 0.000 0.000 0.000 0.000 0.000 0.000 0.000 0.000 0.000 0.000 0.000 1.307 58.084 87.017 89.940 89.913 89.045 96.051 95.932 91.687 89.385 89.236 89.144 89.053 88.967 89.887 69.816 57.767 0.000 0.000 33.712 0.000 33.434 35.382 35.284 30.129 30.003 29.891 29.792 29.705 29.633 29.574 29.528 28.498 25.485 34.493 35.521 28.521 0.000 0.000 34.725 26.723 34.718 40.708 43.696 47.683 53.669 59.656 61.644 61.635
54.611 54.569 54.532 54.498 54.467 53.438 53.412 53.387 53.362 52.333 60.294 11.237 0.000 0.000 0.000 0.000 0.000 0.000 0.000 0.000 0.000 0.000 0.000 0.000 42.461 78.324 89.228 90.117 90.258 88.350 96.157 89.149 90.819 89.500 89.422 89.323 89.229 89.137 90.046 61.950 39.858 0.000 0.000 29.712 0.000 28.486 30.429 30.340 30.229 30.122 30.024 29.934 29.855 29.787 29.731 29.687 27.657 29.642 35.640 32.647 0.000 0.000 0.000 33.712 32.710 31.704 30.696 29.687 28.676 32.665 43.655 39.645 41.638
52.663 52.624 52.589 52.558 52.530 52.506 52.485 53.467 55.451 57.433 32.399 0.000 0.000 0.000 0.000 0.000 0.000 0.000 0.000 0.604 9.592 0.000 0.000 12.783 53.648 84.527 90.417 90.403 89.430 96.343 96.255 92.144 89.847 89.695 89.598 89.500 89.403 89.307 85.208 32.079 0.000 0.000 0.000 29.712 35.689 30.596 30.509 30.418 30.325 30.234 30.147 30.066 29.992 29.928 29.875 29.833 26.803 35.785 35.778 31.779 0.000 0.000 0.000 32.702 31.699 32.694 32.687 32.678 32.669 32.660 31.652 31.645 30.639
53.710 53.674 56.643 60.615 63.591 67.571 69.555 72.545 71.542 63.551 1.607 12.722 36.762 4.784 0.000 0.000 0.000 0.000 0.000 40.616 67.590 7.556 0.000 46.919 79.822 89.710 90.607 90.536 89.759 96.419 88.591 90.274 89.954 89.875 89.774 89.676 89.577 90.479 77.401 0.000 0.000 0.000 0.000 9.736 29.760 30.699 32.593 32.497 30.419 30.342 30.265 30.190 30.121 30.060 30.008 26.967 31.937 34.918 35.910 26.911 0.000 0.000 0.000 16.696 37.690 37.685 34.678 31.671 31.663 32.656 33.649 33.643 32.638
55.753 54.721 61.692 70.668 71.647 70.631 69.620 68.616 65.621 59.641 34.690 51.741 69.778 38.807 22.833 0.000 0.000 0.000 11.677 50.643 64.598 3.521 22.372 64.151 89.009 91.895 90.737 90.949 88.924 96.482 90.581 90.293 90.142 90.047 89.950 89.852 89.749 91.632 35.517 0.000 0.000 0.000 0.000 0.000 25.915 31.848 12.667 12.559 29.513 30.451 30.380 30.309 30.242 30.182 29.131 27.090 36.059 36.040 33.033 27.045 33.098 0.000 0.000 0.000 48.682 63.678 56.671 52.664 48.657 44.650 47.645 47.640 30.636
55.792 55.764 58.739 61.717 60.699 58.686 56.678 54.677 52.685 52.704 61.736 63.772 60.805 57.833 61.858 9.881 0.000 0.000 51.710 81.684 32.636 28.559 62.445 86.302 91.178 91.039 91.161 89.116 96.567 88.995 90.707 90.391 90.316 90.219 90.127 90.035 92.935 49.783 0.000 0.000 0.000 0.000 0.000 0.000 28.138 33.111 0.000 0.000 26.623 30.569 30.496 30.423 30.356 30.296 27.245 35.203 36.171 35.148 26.137 30.138 30.151 0.000 0.000 0.000 16.677 46.673 64.664 63.657 63.650 63.645 63.640 57.636 47.633
55.828 55.804 55.782 54.762 54.747 55.736 55.730 55.730 53.737 54.753 59.777 62.806 58.835 53.863 56.887 11.903 0.000 0.000 43.769 53.746 31.702 64.635 79.545 88.438 91.331 91.270 90.373 96.955 96.711 89.991 90.718 90.573 90.482 90.390 90.303 90.225 93.171 0.000 0.000 8.554 17.554 0.000 0.000 29.500 32.386 31.349 38.395 0.000 26.788 30.705 30.613 30.532 30.461 28.401 30.350 36.307 36.272 28.247 29.229 30.220 30.217 0.000 0.000 0.000 0.000 0.000 46.656 62.649 62.643 62.639 62.635 63.631 63.629
55.863 55.841 55.821 55.804 55.790 55.780 55.775 54.775 53.782 57.795 61.814 61.839 56.867 52.896 57.923 10.942 0.000 0.000 39.852 8.829 55.790 79.734 85.661 91.581 91.443 91.661 89.657 97.171 89.420 91.129 90.814 90.741 90.647 90.557 90.470 97.390 81.355 0.000 4.554 54.554 40.554 0.000 0.000 24.613 32.559 31.503 31.441 37.298 35.035 33.852 30.720 30.629 30.558 27.498 35.446 36.402 32.365 27.336 30.314 30.295 32.280 36.292 0.000 0.000 0.000 0.000 0.000 59.638 62.635 62.632 62.629 63.626 61.624
55.897 55.877 55.859 55.843 55.830 55.820 54.815 53.815 55.819 59.829 62.846 58.869 53.898 52.932 55.967 37.999 25.034 26.022 21.957 22.929 62.897 83.850 89.792 91.698 91.851 89.853 97.550 97.369 90.432 91.143 90.994 90.901 90.810 90.722 95.632 38.508 53.504 23.543 54.553 62.555 0.000 0.000 0.000 23.780 32.735 31.665 31.568 41.419 52.201 25.947 35.788 31.707 28.643 30.586 36.534 35.489 26.451 29.420 30.394 30.367 17.317 18.305 0.000 0.000 0.000 0.000 0.000 40.631 61.628 62.626 62.623 66.621 62.618
55.930 55.911 55.893 55.878 55.866 55.857 53.851 53.849 57.851 64.858 65.871 61.893 56.925 54.967 55.015 57.054 57.080 66.075 7.023 41.035 79.016 85.979 91.930 91.914 91.060 97.873 97.716 90.799 91.576 91.235 91.158 91.060 90.969 90.888 98.826 0.000 36.610 38.571 28.561 30.558 0.000 0.000 0.000 26.993 32.935 31.852 37.748 53.608 30.405 0.000 16.777 29.767 27.722 35.669 36.616 32.570 29.531 30.499 30.476 32.460 0.000 0.000 0.000 0.000 0.000 0.000 32.626 13.626 52.622 62.619 62.617 67.615 62.612
55.962 55.943 55.926 55.911 55.899 54.889 53.882 55.879 62.878 39.881 15.886 14.907 11.942 41.994 59.074 54.121 57.156 38.177 0.219 46.173 84.153 90.127 92.037 92.299 90.337 98.017 91.142 91.915 91.480 91.418 91.310 91.213 91.120 92.034 89.959 11.901 11.756 0.000 0.000 0.000 0.000 0.000 26.424 34.264 32.160 31.063 50.962 54.863 0.000 0.000 0.000 25.861 31.811 36.750 36.693 26.643 30.603 30.571 30.550 33.538 0.000 0.000 0.000 0.000 0.000 0.000 11.626 0.000 40.614 62.613 62.611 68.610 62.608
55.992 55.973 55.957 55.942 54.929 53.919 55.911 58.905 66.903 25.902 0.000 0.000 0.000 0.000 41.164 56.201 57.247 43.298 45.361 71.327 88.306 92.254 92.448 90.489 98.270 98.149 92.128 91.819 91.668 91.561 91.460 91.361 91.264 94.168 79.075 7.988 0.000 0.000 0.000 0.000 0.000 0.000 26.584 33.481 32.376 30.278 58.173 19.018 0.000 0.000 32.135 37.005 36.909 36.829 34.762 29.708 30.665 30.634 30.614 32.605 0.000 36.691 0.000 0.000 0.000 0.000 0.000 0.000 33.607 62.607 62.606 62.605 62.603
56.020 56.002 55.985 55.971 54.958 53.946 57.936 61.929 65.925 23.923 0.000 0.000 0.000 0.000 21.218 64.272 59.332 65.407 78.463 87.471 91.457 92.488 91.660 98.485 98.381 91.474 92.245 91.899 91.813 91.706 91.606 91.508 95.408 58.298 30.187 0.000 0.000 0.000 0.000 0.000 0.000 29.062 33.847 32.698 34.587 31.499 55.437 0.000 0.000 27.423 34.266 50.115 38.993 35.896 31.819 29.761 29.716 30.685 30.666 30.663 35.684 31.691 22.691 0.000 0.000 0.000 29.597 31.598 30.601 62.602 62.601 62.601 62.600
56.046 56.029 56.013 55.998 53.984 55.972 61.960 62.950 60.944 47.942 8.948 0.000 0.000 0.000 0.000 17.337 13.402 53.537 84.612 88.635 92.606 92.800 90.944 98.579 90.794 92.570 92.132 92.064 93.949 92.847 91.749 91.657 97.562 20.430 0.000 0.000 0.000 0.000 0.000 10.637 49.524 49.277 37.044 33.879 44.776 39.695 40.638 1.643 0.000 25.580 30.390 41.197 37.051 40.941 34.859 37.799 36.755 33.724 30.704 29.697 29.699 35.699 0.000 0.000 0.000 0.000 26.596 26.596 36.597 62.597 62.597 62.597 62.596
