results3_8e3_rain/res_3e8f-0017.wd
ncols         241
nrows         181
xllcorner     12693529.787448
yllcorner     3542525.717860
cellsize      155.156523
NODATA_value  -9999.000000
[rows 136 to 169 of 181, columns 0 to 74 of 241]
11.512 11.513 11.517 11.521 11.528 11.536 11.545 10.556 10.568 13.582 19.598 18.617 14.642 10.672 10.709 10.752 11.798 11.847 11.898 11.952 11.008 10.067 12.129 18.193 25.259 34.324 42.388 38.449 27.503 15.548 11.582 16.601 24.597 0.598 0.000 0.000 0.000 0.000 4.320 25.321 0.000 0.000 16.844 48.907 50.941 29.973 33.013 32.053 20.075 9.073 0.000 0.000 0.000 0.000 0.000 0.000 0.000 0.000 0.000 0.000 0.000 0.000 59.574 65.495 61.463 62.602 60.561 92.374 92.241 92.100 59.264 62.025 63.882 65.538 15.500
11.564 11.565 11.569 11.574 11.580 11.588 11.597 11.607 11.618 11.631 10.645 10.661 10.683 11.713 11.752 11.798 11.847 11.896 11.945 11.996 12.048 12.102 12.158 11.215 10.273 11.330 15.385 13.438 12.485 16.526 19.558 18.581 16.595 18.610 18.628 15.644 15.656 19.663 0.000 0.000 0.000 0.000 34.784 48.815 28.849 21.889 20.957 1.004 0.000 0.000 0.000 0.000 0.000 0.000 0.000 0.000 0.000 7.264 22.244 0.000 5.924 68.818 75.745 73.791 71.758 72.824 92.623 92.501 73.565 80.338 73.173 78.929 70.756 49.683 0.000
11.616 11.618 11.621 11.626 11.633 11.641 11.650 11.660 11.670 11.680 11.690 11.702 11.718 11.746 11.789 11.844 11.897 11.946 11.994 11.041 18.089 20.138 12.188 11.238 10.289 11.339 13.387 16.433 19.475 18.513 13.545 14.571 21.592 24.612 20.632 14.650 11.663 20.671 0.000 0.000 0.000 29.662 38.693 25.722 17.753 37.778 0.000 0.000 0.000 0.000 0.000 0.000 0.000 0.000 0.000 0.000 17.329 59.283 88.228 49.129 81.962 90.102 87.035 86.107 92.968 92.858 92.743 85.682 87.537 87.219 86.065 84.981 2.882 0.000 0.000
11.668 11.670 11.674 11.679 11.687 11.695 11.705 11.714 11.723 11.730 14.737 14.741 12.741 16.767 14.816 11.894 11.952 12.000 11.044 9.087 20.130 28.174 14.219 11.263 13.307 16.351 18.394 17.434 14.473 16.508 21.539 23.567 24.592 24.616 19.639 13.661 22.678 41.689 0.000 0.000 0.000 3.633 26.605 23.630 27.665 47.693 0.000 0.000 0.000 0.000 0.000 0.000 0.000 0.000 0.000 15.429 67.377 83.313 86.228 91.201 88.335 85.312 93.274 93.176 93.075 85.040 85.805 86.656 86.321 86.279 79.198 56.089 0.000 0.000 0.000
11.720 11.722 11.726 11.732 11.740 11.750 11.761 11.771 11.779 12.785 19.787 19.785 0.000 0.000 0.000 15.966 10.020 13.061 19.097 22.133 22.173 18.212 14.252 15.290 18.329 17.366 16.403 18.440 22.475 22.508 24.539 23.568 14.596 9.623 11.650 24.677 43.702 53.720 0.000 0.000 0.000 0.000 34.466 36.528 43.584 42.638 0.000 0.000 0.000 0.000 0.000 0.000 0.000 0.000 19.544 63.491 85.403 88.406 87.477 87.464 86.540 93.462 93.369 85.290 86.068 86.906 86.676 86.516 86.459 78.381 70.332 0.000 0.000 0.000 0.000
11.773 11.774 11.778 11.785 11.795 11.807 11.819 11.831 11.840 13.844 22.842 33.830 9.828 0.000 0.000 1.035 27.103 19.127 17.152 17.179 15.217 14.253 16.286 18.320 16.352 12.384 14.416 26.448 28.480 18.512 12.543 9.573 9.602 14.632 28.663 44.697 41.735 25.771 0.000 0.000 0.000 5.085 34.267 16.434 7.509 0.000 0.000 0.000 0.000 0.000 0.000 0.000 0.000 12.665 63.604 85.504 87.684 86.668 86.767 93.733 93.645 93.555 85.377 87.229 86.922 86.778 86.708 86.621 80.534 67.461 57.419 0.000 0.000 0.000 0.000
11.825 11.826 11.829 11.837 11.849 11.864 11.880 11.895 11.907 13.913 23.907 10.868 0.000 0.000 0.000 0.000 23.185 15.194 17.206 16.216 14.265 17.296 18.324 15.351 12.378 8.404 18.430 32.457 19.487 9.520 10.550 15.580 25.609 36.640 47.674 40.715 18.771 13.859 33.037 40.245 41.545 45.905 21.085 0.000 0.000 0.000 0.000 0.000 0.000 0.000 0.000 0.000 17.780 63.705 85.705 87.876 86.895 93.983 93.902 93.819 85.692 86.463 87.322 86.999 86.963 86.886 86.797 87.694 75.605 46.510 35.464 0.000 0.000 0.000 0.000
10.879 10.878 11.878 11.885 11.901 11.923 11.945 11.964 11.981 14.996 25.007 0.000 0.000 0.000 0.000 0.000 12.259 14.261 2.265 0.000 22.331 17.346 13.365 12.385 10.406 12.426 28.445 31.465 13.494 16.531 28.560 37.588 46.617 44.647 32.681 18.721 11.776 27.859 32.009 20.154 1.380 0.000 0.000 0.000 0.000 0.000 0.000 0.000 0.000 0.000 0.000 11.877 63.887 86.976 87.991 86.095 94.141 94.063 85.903 86.686 87.531 87.315 87.169 87.122 87.049 86.981 89.898 53.758 33.681 0.000 0.000 0.000 0.000 0.000 0.000
19.935 17.930 14.922 12.927 9.949 9.984 10.013 10.037 9.060 14.085 26.120 9.188 0.000 0.000 16.374 12.364 9.333 15.327 10.329 0.000 17.384 11.393 10.406 10.420 12.436 26.450 34.462 0.475 0.000 42.552 47.572 42.598 31.625 21.652 13.682 9.715 20.754 32.794 0.911 0.000 0.000 0.000 0.000 0.000 0.000 0.000 0.000 0.000 0.000 0.000 0.000 44.130 86.168 85.289 94.377 94.299 94.221 85.968 87.818 87.520 87.388 87.332 89.264 84.190 86.137 87.092 98.059 0.000 0.000 0.000 0.000 0.000 0.000 0.000 0.000
20.997 22.987 28.954 29.955 29.985 27.053 28.088 27.113 26.138 26.166 28.203 11.257 15.326 14.366 11.384 14.388 14.384 13.386 18.398 20.430 14.430 8.437 10.447 12.457 26.468 31.478 20.490 14.512 23.534 46.556 29.580 20.609 12.634 10.657 12.681 11.706 25.732 34.751 0.000 0.000 0.000 0.000 0.000 0.000 0.000 0.992 2.983 0.000 0.000 0.000 22.345 64.405 94.603 94.529 94.454 86.254 87.027 87.889 87.573 87.543 88.474 88.402 61.333 39.246 74.215 88.191 93.186 33.230 0.000 0.000 0.000 0.000 0.000 0.000 0.000
14.072 8.070 0.000 0.000 0.000 19.158 16.173 16.192 16.213 20.239 29.272 10.312 11.356 10.390 13.411 17.423 18.429 16.437 15.449 18.464 19.472 16.480 10.488 27.496 33.503 24.507 30.510 47.519 44.534 26.558 14.587 10.624 12.646 12.664 11.680 16.698 32.719 34.729 26.718 29.709 0.701 0.000 0.000 0.000 0.000 7.012 0.045 0.000 0.000 17.401 65.539 94.749 94.677 86.449 87.225 88.074 87.864 87.724 87.681 88.607 86.539 80.469 5.423 0.000 56.288 91.273 88.266 87.274 0.000 0.000 0.000 0.000 0.000 0.000 0.000
12.151 4.151 0.000 0.000 0.000 15.250 11.257 11.270 11.286 15.308 29.334 7.366 11.399 15.428 17.450 18.465 15.476 12.486 10.496 12.508 22.516 35.524 30.531 31.538 8.542 2.540 54.524 40.523 7.528 0.000 0.000 15.656 12.664 12.673 14.680 7.688 0.000 0.000 0.000 33.704 9.702 0.000 0.000 0.000 0.000 1.039 0.081 5.286 5.347 43.544 94.862 85.691 89.398 88.263 88.055 87.920 87.869 87.806 88.737 88.673 53.606 29.514 15.467 18.437 69.376 90.346 86.331 77.328 0.000 0.000 0.000 0.000 0.000 0.000 0.000
12.231 12.235 0.000 0.000 0.000 16.335 12.339 12.346 11.357 12.372 27.393 14.419 17.448 19.475 18.496 13.512 10.525 11.536 11.546 10.555 20.563 43.571 39.578 26.584 19.588 10.589 0.000 0.000 0.000 0.000 0.000 17.681 12.684 14.687 0.000 0.000 0.000 0.000 0.000 12.702 0.000 0.000 0.000 0.000 4.364 0.339 0.000 0.000 0.224 42.926 94.999 88.579 88.302 88.100 88.058 87.996 87.928 87.862 85.799 76.741 9.700 0.000 26.493 85.470 90.432 88.404 82.386 72.378 0.000 0.000 0.000 0.000 0.000 0.000 0.000
9.309 11.325 8.369 0.000 0.000 16.419 11.418 9.420 11.424 15.433 19.449 18.472 18.502 16.528 10.549 11.565 11.578 12.588 12.597 17.605 35.613 34.620 27.627 36.633 34.638 5.642 0.000 0.000 0.000 0.000 0.000 17.705 12.705 15.706 0.000 0.000 0.000 8.690 28.688 0.000 0.000 0.000 0.000 0.000 0.084 0.227 0.539 0.227 0.396 95.387 95.194 87.507 88.304 88.178 88.115 88.049 87.983 89.919 74.855 57.793 17.753 0.000 41.544 71.516 80.482 89.452 78.431 67.421 0.000 0.000 0.000 0.000 0.000 0.000 0.000
16.372 14.389 3.415 0.000 2.539 10.506 12.496 16.492 17.490 18.490 16.498 17.522 15.559 11.588 11.609 12.624 12.635 11.644 13.651 36.658 35.664 17.671 30.678 28.685 32.693 30.700 0.000 0.000 0.000 0.000 0.000 13.731 12.727 12.727 7.733 0.000 16.707 15.694 9.688 31.682 0.000 0.000 0.000 0.000 0.000 0.000 0.000 22.811 47.098 95.524 89.911 89.575 89.286 88.240 88.170 88.104 89.038 86.975 41.909 18.823 30.768 31.709 85.623 87.570 67.526 77.491 72.466 45.453 10.458 0.000 0.000 0.000 0.000 0.000 0.000
17.421 18.444 15.489 3.554 17.574 17.572 17.569 18.564 18.555 19.540 31.532 13.560 11.628 11.659 12.676 12.688 12.697 13.703 27.708 38.713 13.718 17.723 44.730 36.738 24.749 27.767 30.807 14.823 19.824 34.813 27.791 15.762 8.749 8.743 19.741 35.737 22.721 0.000 0.000 21.679 10.677 0.000 0.000 0.000 0.000 0.000 0.000 37.955 90.213 95.616 86.878 89.472 90.366 88.295 88.225 88.157 81.092 71.032 27.986 0.000 7.786 8.736 69.671 111.613 92.563 68.522 60.490 39.470 48.462 1.461 0.000 0.000 0.000 11.682 53.682
22.449 22.479 18.545 18.602 18.631 19.642 19.646 15.643 12.629 11.583 0.000 0.000 15.735 12.744 12.752 12.758 11.762 14.765 38.767 24.769 9.772 15.776 32.783 49.790 44.800 41.814 39.831 35.840 31.838 30.825 38.801 35.778 29.764 25.757 28.753 32.750 0.000 0.000 0.000 0.000 0.000 0.000 0.000 0.000 0.000 0.000 0.000 37.176 95.803 95.709 89.782 91.564 88.418 88.350 89.279 85.209 69.142 62.078 68.016 73.949 57.853 79.781 94.712 111.649 120.592 104.543 66.503 71.475 46.460 0.000 0.000 0.000 0.000 0.000 2.684
0.000 0.000 22.612 17.680 17.708 12.721 9.730 11.735 6.736 0.000 0.000 0.000 16.835 12.832 12.831 12.830 12.830 30.829 37.827 10.826 12.827 12.830 15.835 21.842 23.850 23.859 19.867 22.870 38.865 31.850 22.812 25.787 32.773 36.771 39.766 36.762 11.764 0.000 0.000 0.000 0.000 0.000 0.000 0.000 0.000 0.000 7.136 67.373 95.898 87.193 90.830 90.535 88.481 88.404 89.331 84.259 71.189 37.120 44.051 86.978 97.898 129.822 120.749 92.679 80.614 97.555 76.505 70.466 45.444 0.000 0.000 0.000 0.000 0.000 7.686
0.000 0.000 0.000 26.799 11.804 9.804 11.820 11.834 12.846 0.000 0.000 5.988 13.939 12.920 12.911 12.905 14.900 38.895 23.889 9.884 12.881 12.882 12.888 11.895 11.901 11.906 10.908 17.908 46.905 25.899 0.000 0.000 0.000 27.788 37.778 21.771 26.767 13.766 0.000 0.000 0.000 0.000 0.000 0.000 0.000 0.000 25.321 96.099 95.997 90.057 91.736 87.608 88.532 88.456 88.382 88.308 75.236 38.164 53.091 90.016 85.938 119.860 114.782 83.706 88.631 74.559 55.495 73.442 51.407 0.000 0.000 0.000 0.000 0.000 6.690
11.160 7.156 0.000 18.916 28.904 29.873 10.913 22.937 29.968 6.036 4.058 14.039 13.015 13.000 12.989 12.981 31.973 35.963 10.952 12.941 11.932 10.931 12.942 12.950 12.955 12.956 11.955 19.952 48.948 29.944 0.000 0.000 0.000 24.817 37.790 16.777 6.771 0.000 0.000 0.000 0.000 0.000 0.000 0.000 0.000 4.299 66.511 96.204 87.384 91.014 90.725 88.665 88.584 88.507 88.432 89.357 80.283 69.209 92.134 117.058 104.979 121.898 118.816 112.731 119.644 85.557 62.474 72.400 80.335 9.264 0.000 0.000 0.000 0.000 7.694
13.166 12.153 7.118 13.047 12.026 0.000 34.025 26.036 13.056 14.085 14.099 13.096 13.086 13.076 13.067 16.058 39.048 22.035 12.018 12.997 18.978 26.970 13.001 11.011 13.013 12.011 15.006 38.999 46.992 21.987 9.993 0.000 19.902 18.876 0.000 0.000 0.000 0.000 0.000 0.000 0.000 0.000 0.000 0.000 7.440 64.534 86.697 96.310 88.327 88.909 88.794 88.714 88.635 88.557 88.481 89.406 80.331 63.256 59.179 92.102 82.022 95.939 98.852 86.759 88.659 60.551 37.445 51.351 118.269 71.193 6.120 0.000 17.737 38.716 75.699
13.186 13.175 13.155 13.131 13.127 7.154 23.127 39.126 15.136 12.151 13.160 13.162 13.158 13.153 12.146 35.139 37.128 11.113 13.089 14.053 11.014 0.000 32.084 27.083 14.077 12.069 30.060 49.049 33.036 13.022 13.001 13.968 16.930 20.910 0.000 0.000 0.000 0.000 0.000 0.000 0.000 0.000 0.000 0.000 30.607 87.740 96.532 96.420 88.228 88.992 88.839 88.764 88.684 88.607 88.530 87.455 72.379 74.304 94.227 113.149 112.068 116.984 121.894 108.795 106.681 93.543 42.404 40.289 116.197 80.121 18.048 10.904 75.760 108.711 127.693
13.221 13.206 13.197 13.197 13.201 13.209 13.205 24.207 39.214 15.223 12.230 13.234 13.234 11.232 19.229 40.223 20.215 12.201 14.174 12.113 0.000 0.000 20.170 21.159 27.146 26.131 34.116 33.101 14.085 12.064 14.022 16.976 21.941 21.925 0.000 0.000 0.000 0.000 0.000 0.000 0.000 0.000 0.000 0.000 38.954 93.031 96.648 87.650 89.257 88.957 88.896 88.812 88.733 88.655 88.579 88.503 74.428 70.353 91.277 92.199 92.118 95.035 94.945 93.847 98.729 71.537 47.340 62.206 77.108 16.047 0.000 0.000 19.688 45.678 67.674
13.271 15.235 15.230 13.260 13.272 13.278 13.280 13.284 24.290 39.299 15.306 10.312 10.315 27.316 39.315 33.313 10.309 13.303 9.296 0.000 0.000 6.321 13.269 13.240 19.217 36.195 36.175 29.157 22.140 14.128 1.120 0.000 35.933 15.928 0.000 0.000 0.000 0.000 0.000 0.000 0.000 0.000 0.000 0.000 12.574 96.894 96.768 88.501 89.158 89.024 88.941 88.859 88.780 88.703 88.627 89.553 84.478 74.404 69.328 68.251 68.173 68.092 68.007 71.918 45.852 0.000 15.213 71.088 66.985 27.911 0.000 0.000 18.627 64.638 42.645
14.358 0.000 0.000 13.345 12.349 11.352 11.356 10.360 10.367 23.376 38.386 31.393 38.399 40.402 27.404 11.405 18.406 18.408 6.412 0.000 0.000 17.374 13.347 15.317 39.288 46.260 24.234 15.211 22.194 29.184 17.190 0.000 0.000 13.926 0.000 0.000 0.000 0.000 0.000 0.000 0.000 0.000 0.000 0.000 2.952 97.022 93.848 89.436 89.139 89.072 88.985 88.904 88.826 88.750 88.675 88.602 89.529 88.456 86.382 85.307 85.230 86.153 88.073 61.967 3.909 0.000 0.127 55.949 86.831 77.703 50.546 26.504 43.555 46.603 4.624
13.448 12.476 0.000 12.428 23.428 27.429 31.432 36.436 39.443 40.456 40.469 40.479 26.487 13.492 29.496 46.500 47.505 47.514 40.534 18.587 0.000 14.456 12.429 21.395 49.359 36.324 13.292 12.263 14.241 17.227 8.223 0.000 0.000 0.000 0.000 0.000 0.000 0.000 0.000 0.000 0.000 0.000 0.356 1.526 0.697 97.128 97.773 93.322 89.198 89.110 89.027 88.947 88.870 88.796 88.723 88.651 88.580 88.509 88.437 88.364 89.289 92.217 64.168 0.000 0.000 0.000 0.000 0.841 56.688 87.525 78.432 54.413 31.487 0.548 0.000
13.510 15.507 11.536 13.513 28.506 27.506 23.507 19.510 18.516 14.538 35.556 25.569 36.578 27.585 43.590 39.594 32.601 33.610 44.625 50.641 39.636 40.567 32.520 40.476 48.432 21.388 12.347 13.310 13.281 12.262 12.253 14.256 9.255 0.000 18.230 9.228 0.000 0.000 0.000 0.000 0.000 0.000 68.843 66.169 97.223 97.186 91.649 92.387 89.227 89.147 89.065 88.987 88.912 88.840 88.770 88.700 88.632 88.564 88.495 90.423 95.347 64.259 4.213 0.000 0.000 0.000 0.000 0.000 0.000 48.277 83.245 33.228 0.000 0.000 0.000
15.577 0.000 10.590 13.583 13.581 13.582 12.584 13.584 15.574 13.625 25.649 20.664 29.674 40.681 28.686 13.689 14.695 15.704 16.715 21.718 34.702 44.658 50.609 48.559 37.506 13.452 13.398 13.350 13.313 13.288 14.272 37.262 10.256 0.000 14.233 0.000 0.000 0.000 0.000 0.000 0.000 0.845 88.981 91.280 97.245 90.056 89.634 89.331 89.265 89.179 89.100 89.025 88.953 88.883 88.816 88.750 88.684 88.620 90.555 75.486 29.416 0.000 0.000 0.000 0.000 0.000 0.000 0.000 0.000 19.062 81.044 33.028 0.000 0.000 0.000
16.645 0.000 10.653 13.652 13.653 13.658 13.664 14.669 0.000 12.740 16.752 27.765 27.776 35.782 40.784 26.784 11.787 11.799 11.815 13.816 15.797 16.755 17.703 17.645 16.584 15.519 11.444 11.382 12.336 13.306 24.286 38.266 9.253 3.244 5.238 0.000 0.000 0.000 0.000 0.000 0.000 4.900 88.057 97.266 97.254 88.860 89.510 89.373 89.289 89.208 89.132 89.060 88.991 88.925 88.861 88.798 88.737 88.677 93.619 49.553 0.000 0.000 0.000 0.000 0.000 0.000 0.000 0.000 0.000 21.865 81.841 40.813 0.000 0.000 0.000
13.715 12.736 13.720 13.718 13.723 13.734 13.748 15.761 0.000 11.846 11.857 33.871 46.884 29.890 15.887 30.876 39.871 31.891 20.930 10.938 11.915 11.866 13.803 13.735 13.669 22.595 35.480 34.401 22.343 16.315 33.302 0.000 18.247 14.242 10.239 0.000 0.000 0.000 0.000 0.000 0.000 69.895 90.230 97.281 88.169 90.757 94.462 89.395 89.310 89.233 89.160 89.092 89.026 88.964 88.905 88.846 88.788 90.731 66.693 0.000 0.000 0.000 0.000 0.000 0.000 0.000 0.000 0.000 0.000 18.694 81.641 63.571 3.443 0.000 0.000
13.767 13.773 13.774 13.779 13.791 13.808 13.833 13.869 11.934 19.941 34.959 49.981 45.999 15.008 13.998 13.964 17.933 28.966 35.076 40.093 31.060 20.993 10.908 11.827 12.761 12.716 0.000 0.000 23.322 33.312 33.305 0.000 0.000 31.240 0.000 0.000 0.000 0.000 0.000 0.000 11.895 86.080 89.371 97.297 89.053 90.613 91.490 89.406 89.327 89.253 89.185 89.120 89.060 89.002 88.948 88.895 91.840 70.767 3.730 0.000 0.000 0.000 0.000 0.000 0.000 0.000 0.000 0.000 0.000 16.577 78.461 78.386 46.316 0.000 0.000
49.814 49.818 46.825 33.836 24.854 16.877 13.909 15.948 34.994 49.028 51.061 39.095 19.126 14.146 14.137 17.050 0.000 0.000 15.318 16.300 26.242 35.139 40.011 30.907 19.833 8.794 0.000 0.000 16.312 40.308 14.304 0.000 0.000 0.000 0.000 0.000 0.000 0.000 0.000 0.000 21.968 86.226 97.337 97.316 88.908 89.649 89.490 89.414 89.339 89.270 89.206 89.146 89.090 89.038 88.989 91.945 72.911 0.000 0.000 0.000 0.000 0.000 0.000 0.000 0.000 0.000 0.000 26.905 3.913 0.000 43.238 83.199 62.119 34.960 31.848
35.858 35.863 41.873 48.889 49.912 49.941 47.978 50.021 51.069 39.116 24.164 15.213 14.265 14.315 15.356 0.000 0.000 0.000 12.579 21.550 14.470 15.311 19.093 29.957 39.874 40.833 0.000 0.000 33.308 34.305 11.301 6.299 0.000 0.000 0.000 0.000 0.000 0.000 0.000 0.000 24.106 87.452 97.361 90.286 91.867 91.560 91.496 91.415 91.345 91.281 91.222 91.168 91.118 91.071 93.027 76.986 8.948 0.000 0.000 0.000 0.000 0.000 0.000 0.000 0.000 16.854 63.872 72.897 53.923 3.971 11.056 83.054 70.002 48.914 49.830
13.898 13.905 12.917 19.937 42.964 49.999 44.042 34.092 23.147 15.204 14.266 14.332 14.407 14.495 14.616 12.837 16.956 0.000 13.870 12.852 10.779 11.544 0.000 0.000 0.000 0.000 0.000 0.000 0.000 0.000 17.299 26.298 0.000 0.000 0.000 0.000 0.000 0.000 0.000 0.000 63.214 97.418 97.388 70.066 66.706 66.564 66.483 66.410 67.345 67.287 67.235 67.188 67.143 69.102 60.062 7.024 0.000 0.000 0.000 0.000 0.000 0.000 0.000 5.814 61.819 54.837 56.866 88.890 84.909 40.935 3.963 71.958 72.922 49.865 46.803
