results3_8e3_rain/res_3e8f-0182.wd
ncols         241
nrows         181
xllcorner     12693529.787448
yllcorner     3542525.717860
cellsize      155.156523
NODATA_value  -9999.000000
[rows 33 to 65 of 181, columns 73 to 145 of 241]
0.000 0.000 0.000 0.000 0.000 0.000 0.000 0.000 0.000 0.000 0.000 0.000 0.000 0.000 0.000 0.000 0.000 0.000 0.000 0.000 0.000 0.000 0.000 0.000 0.000 0.000 0.000 0.000 0.000 0.000 0.000 0.000 0.000 0.000 0.000 0.000 0.000 0.000 0.000 39.651 62.652 67.654 23.656 0.000 0.000 32.733 46.761 13.740 4.741 36.762 39.777 33.775 34.756 35.720 35.667 35.595 35.502 34.386 40.233 59.997 6.514 14.632 11.913 47.074 63.533 68.061 66.621 67.222 65.758 67.844 62.899 62.507 62.497
0.000 0.000 0.000 0.000 0.000 0.000 0.000 0.000 0.000 0.000 0.000 0.000 0.000 0.000 0.000 0.000 0.000 0.000 0.000 0.000 0.000 0.000 0.000 0.000 0.000 0.000 0.000 0.000 0.000 0.000 0.000 0.000 0.000 0.000 0.000 0.000 0.000 0.000 0.000 0.000 14.653 9.654 0.000 0.000 0.000 0.000 28.853 0.000 0.000 26.803 50.844 49.848 39.831 35.794 35.737 35.659 35.559 34.440 56.306 54.151 0.000 37.468 50.034 63.462 67.943 67.465 67.035 66.543 67.603 63.621 62.919 63.173 65.474
0.000 0.000 0.000 0.000 0.000 0.000 0.000 0.000 0.000 0.000 0.000 0.000 0.000 0.000 0.000 0.000 0.000 0.000 35.108 67.108 20.108 0.000 0.000 0.000 0.000 0.000 0.000 0.000 0.000 0.000 0.000 0.000 0.000 0.000 0.000 0.000 0.000 0.000 0.000 0.000 0.000 0.000 0.000 0.000 0.000 0.000 20.944 0.000 0.000 0.000 28.947 46.941 46.924 37.889 35.830 35.745 33.635 49.510 58.399 0.000 23.127 47.737 62.293 68.798 68.306 67.852 67.332 69.364 65.351 63.458 63.857 66.182 65.427
0.000 0.000 0.000 0.000 0.000 0.000 0.000 0.000 0.000 0.000 0.000 22.109 60.109 0.109 0.000 0.000 0.000 0.000 42.108 93.108 49.107 0.000 0.000 0.000 0.000 0.000 0.000 0.000 0.000 0.000 0.000 0.000 0.000 0.000 0.000 0.000 0.000 0.000 0.000 0.000 0.000 0.000 0.000 0.000 0.000 0.000 24.035 25.076 32.094 18.092 28.056 36.047 49.036 40.007 35.949 32.855 43.726 53.566 42.382 18.045 47.516 65.062 69.604 69.126 68.663 68.123 68.128 67.091 64.109 64.557 66.895 66.147 65.913
0.000 0.000 0.000 0.000 0.000 0.000 0.000 0.000 0.000 0.000 0.000 43.109 78.109 67.109 54.109 9.109 3.109 27.109 81.108 89.108 54.107 0.000 0.000 0.000 0.000 23.121 2.121 0.000 0.000 0.000 0.000 0.000 0.000 0.000 0.000 0.000 0.000 7.122 0.000 0.000 0.000 11.121 29.121 0.000 0.000 40.098 55.086 58.099 56.115 42.127 36.136 35.154 49.165 40.153 32.103 46.001 59.849 47.644 35.517 50.236 54.830 67.392 69.930 69.469 68.917 68.898 66.843 64.870 65.275 67.621 66.880 66.650 66.317
0.000 0.000 0.000 0.000 0.000 0.000 0.000 0.000 0.000 0.000 0.000 14.109 76.110 59.110 40.110 2.109 23.109 73.109 84.108 91.107 50.107 0.000 0.000 0.000 0.120 61.121 45.121 0.000 0.000 0.000 0.000 0.000 0.000 0.000 0.000 0.122 24.122 36.122 38.122 0.000 0.000 20.121 45.121 24.120 38.117 61.111 64.110 65.120 62.138 49.165 36.209 33.269 50.318 41.338 45.308 63.198 57.026 0.000 33.808 52.553 65.177 70.740 70.284 69.726 69.681 67.614 65.757 66.015 68.363 67.633 67.409 67.076 66.744
0.000 0.000 0.000 0.000 0.000 0.000 0.000 0.000 0.000 0.000 0.000 0.000 0.000 27.110 65.110 61.110 49.109 62.109 82.108 93.107 46.106 0.000 0.000 0.000 0.000 23.121 47.121 49.121 0.000 0.000 0.000 0.000 0.000 0.000 0.000 0.000 40.122 41.122 53.122 36.122 25.122 39.122 40.122 36.121 43.120 50.120 48.123 41.132 60.152 26.187 42.264 45.396 35.499 47.573 60.595 57.455 0.187 8.768 45.353 61.991 70.586 71.124 70.571 70.497 67.425 66.811 66.785 69.124 68.405 68.190 67.865 67.533 67.176
0.000 0.000 0.000 0.000 0.000 0.000 0.000 0.000 0.000 0.000 0.000 0.000 0.000 17.110 84.110 79.110 69.110 59.110 83.108 91.107 86.104 71.100 26.098 0.000 0.000 0.000 3.121 57.121 41.121 39.121 50.121 45.121 8.121 0.000 0.000 4.122 40.122 39.122 60.123 66.123 55.123 47.123 39.123 36.123 37.123 38.125 37.128 35.136 43.149 4.168 0.000 4.552 40.707 63.862 62.042 1.383 7.479 45.181 58.842 68.482 72.020 71.581 72.356 68.309 68.108 67.604 69.912 69.197 68.989 68.677 68.360 68.010 67.621
0.000 0.000 0.000 0.000 0.000 0.000 0.000 0.000 0.000 0.000 0.000 0.000 0.000 0.000 17.110 56.111 31.111 67.111 86.109 91.107 89.104 87.099 76.095 35.092 0.091 0.000 0.000 13.121 52.121 52.121 65.121 63.121 56.121 51.121 0.000 0.000 7.122 44.123 63.123 70.123 62.123 46.123 35.123 36.124 36.125 36.127 36.130 36.135 40.140 0.000 0.000 0.000 10.917 48.126 17.600 14.891 49.830 54.632 66.371 72.976 72.828 71.068 69.396 69.775 68.506 70.746 70.020 69.806 69.499 69.201 68.883 68.527 68.098
0.000 0.000 0.000 0.000 0.000 0.000 0.000 0.000 0.000 0.000 0.000 0.000 0.000 0.000 0.000 2.112 88.113 88.113 90.112 90.109 89.104 83.098 77.092 48.089 0.000 0.000 0.000 0.000 0.000 20.121 65.121 59.121 74.121 71.122 50.122 29.122 30.122 39.123 61.123 70.123 61.123 44.123 34.124 39.125 38.126 36.128 36.131 36.133 37.135 29.135 0.000 0.000 0.000 0.000 9.341 52.384 55.314 63.170 73.892 74.004 72.364 74.255 72.012 69.550 71.659 70.893 70.647 70.327 70.032 69.739 69.443 69.118 67.682
0.000 0.000 0.000 0.000 0.000 0.000 23.078 46.075 0.000 24.017 64.007 52.994 56.983 31.977 0.000 0.000 24.115 96.116 90.116 87.112 84.105 87.096 78.087 41.082 0.000 0.000 0.000 0.000 0.000 0.000 0.000 9.121 63.121 64.122 15.122 0.000 6.123 43.123 61.123 66.123 56.123 47.124 45.124 7.125 14.127 42.129 36.131 36.132 37.134 43.134 51.134 13.134 0.000 0.000 25.038 57.992 61.886 72.696 74.910 74.542 77.821 76.401 70.895 72.699 71.843 71.533 71.173 70.855 70.557 70.281 70.032 69.819 75.667
0.000 0.000 0.000 0.000 0.000 0.000 23.081 66.072 8.053 58.028 60.009 71.992 54.979 39.971 0.000 0.000 12.117 81.119 93.124 90.119 90.107 91.093 85.079 39.070 0.000 0.000 0.000 0.000 0.000 0.000 0.000 0.000 0.000 48.122 7.122 0.000 2.123 49.123 46.123 58.123 15.123 0.000 0.000 0.000 0.000 8.130 46.131 40.132 3.133 33.133 67.134 50.134 3.134 0.000 29.791 63.630 72.532 75.653 75.409 79.581 78.835 72.252 73.817 72.865 72.468 72.049 71.688 71.358 71.059 70.797 70.585 70.459 75.500
21.350 65.344 55.339 0.000 0.000 0.000 17.093 77.080 53.058 55.032 61.008 84.988 85.970 80.955 34.941 0.000 0.000 0.000 41.143 95.132 90.113 91.089 88.066 47.050 0.000 0.000 0.000 0.000 0.000 0.000 0.000 0.000 0.000 6.122 0.000 0.000 0.000 0.000 0.000 0.000 0.000 0.000 0.000 0.000 0.000 0.000 0.000 21.132 18.133 0.000 0.000 0.000 0.000 19.202 56.619 73.572 75.248 76.181 80.529 80.134 73.282 74.841 73.878 73.422 72.948 72.538 72.166 71.829 71.526 71.263 71.053 70.930 73.964
21.351 77.343 59.334 55.323 0.000 0.000 4.117 69.098 71.067 71.035 83.005 79.980 91.958 90.940 51.927 0.000 0.000 0.000 17.174 97.154 90.123 91.085 88.046 48.013 0.000 0.000 8.579 56.542 68.501 37.473 0.000 0.000 0.000 0.000 0.000 0.000 0.000 0.000 0.000 0.000 0.000 0.000 0.000 0.000 0.000 0.000 0.000 0.000 6.133 0.000 0.000 0.000 17.166 57.673 74.634 75.217 81.446 80.936 74.553 75.116 75.617 74.800 74.334 73.837 73.393 72.984 72.610 72.267 71.954 71.674 71.434 78.243 19.104
85.353 82.343 61.330 62.312 54.285 1.237 59.159 54.129 62.077 75.036 78.996 89.968 90.942 89.919 58.900 0.000 0.000 0.000 16.223 96.188 90.139 91.082 86.019 65.944 49.827 50.720 50.617 58.546 79.488 46.446 0.000 0.000 0.000 0.000 0.000 0.000 0.000 0.000 0.000 0.000 0.000 0.000 0.000 0.000 0.000 0.000 0.000 0.000 0.000 0.000 15.255 46.033 55.541 74.528 76.118 82.783 82.191 75.102 76.823 76.158 75.618 75.163 74.679 74.225 73.797 73.396 73.022 72.673 72.348 72.046 78.767 24.505 0.000
82.359 77.347 75.331 58.311 62.282 62.245 53.203 46.181 0.000 0.000 20.975 79.954 90.924 88.893 73.855 40.802 0.000 3.397 65.308 86.235 91.162 90.085 91.005 80.917 56.817 53.717 52.621 61.537 79.458 62.376 48.264 49.175 53.110 64.070 28.054 0.000 0.000 0.000 0.000 0.000 0.000 0.000 0.000 0.000 0.000 0.000 0.000 0.000 0.000 0.000 26.455 66.295 74.242 76.891 83.662 83.266 75.824 77.495 76.718 76.347 75.908 75.457 75.015 74.585 74.173 73.782 73.410 73.057 72.719 78.396 25.081 0.000 0.000
71.366 23.353 91.338 62.318 56.285 57.255 59.228 59.211 48.210 0.000 0.000 0.938 24.908 95.875 85.824 63.749 55.627 62.485 61.378 63.283 71.188 72.093 58.998 55.903 53.807 53.710 52.614 61.522 76.431 55.338 52.239 57.152 73.085 76.046 61.038 35.038 0.000 0.000 0.000 0.000 0.000 0.000 0.000 0.000 0.000 0.000 0.000 0.000 0.000 17.293 59.139 74.751 77.592 84.227 83.982 76.520 78.165 77.382 77.027 76.600 76.178 75.755 75.336 74.926 74.530 74.148 73.780 73.424 79.077 24.737 0.000 0.000 0.000
17.374 90.362 91.350 77.338 0.000 4.262 64.244 60.225 71.210 62.195 0.000 0.951 3.914 83.875 80.818 65.743 56.646 53.539 53.436 56.332 69.214 77.100 79.990 72.891 62.796 55.701 54.604 70.506 73.407 48.305 52.203 52.109 53.032 56.990 36.014 0.000 0.000 0.000 6.564 0.000 0.000 0.000 0.000 0.000 0.000 0.000 0.000 20.515 52.184 60.042 73.557 84.888 84.503 77.572 78.168 78.736 78.048 77.686 77.266 76.859 76.452 76.047 75.647 75.255 74.873 74.500 75.137 81.781 25.429 0.000 0.000 0.000 0.000
95.383 91.372 91.360 91.345 78.324 61.288 61.260 61.234 52.209 1.167 18.064 25.009 76.947 73.892 76.831 69.759 70.677 70.588 70.496 73.393 68.236 68.102 69.971 73.876 74.786 72.693 68.595 79.492 77.385 65.273 66.160 66.048 67.945 42.868 0.000 0.000 0.000 0.000 7.564 0.000 0.000 0.000 0.000 0.000 0.000 7.390 55.169 55.734 76.749 77.305 85.950 85.472 80.058 79.776 79.165 78.700 78.323 77.913 77.515 77.117 76.723 76.333 75.950 75.574 75.205 75.843 79.487 12.134 0.000 0.000 0.000 0.000 0.000
94.391 90.384 90.375 91.360 88.337 66.307 60.274 61.240 62.204 54.155 3.091 69.033 65.974 66.915 67.853 62.786 66.713 71.639 79.567 64.509 0.000 0.066 14.914 72.858 68.778 68.690 68.591 68.483 68.366 68.243 68.114 67.978 65.833 60.669 33.450 0.000 9.084 52.863 59.564 71.258 41.021 0.000 0.000 0.000 1.310 56.589 67.377 79.301 79.937 86.683 86.349 80.707 80.385 79.651 79.323 78.935 78.540 78.148 77.759 77.372 76.990 76.614 76.245 75.885 76.531 79.181 26.834 0.000 0.000 0.000 0.000 0.000 0.000
80.398 80.396 80.394 91.382 91.359 81.327 57.289 60.250 61.210 61.165 67.112 76.057 59.999 56.942 54.882 61.818 76.752 75.687 60.625 40.567 0.000 0.000 0.000 0.871 57.778 52.699 52.597 52.481 52.354 53.219 56.075 56.918 56.740 55.524 56.231 54.781 54.305 62.940 69.571 67.190 73.785 71.245 65.736 63.224 65.598 77.233 80.752 80.546 87.176 86.960 81.344 80.999 80.251 79.926 79.532 79.147 78.762 78.379 78.000 77.624 77.252 76.887 76.533 77.189 77.852 16.516 0.000 0.000 0.000 0.000 0.000 0.000 0.000
0.000 46.410 58.424 86.415 90.391 71.353 54.306 53.262 61.222 61.182 60.136 54.084 55.025 60.971 77.913 76.852 59.790 52.732 42.678 0.000 62.248 71.187 67.093 67.973 70.841 73.730 72.616 73.491 76.351 75.203 72.048 73.879 68.686 54.456 58.168 56.808 61.415 79.023 85.589 82.145 75.683 70.212 71.758 78.223 83.077 81.512 87.779 87.430 81.329 82.939 81.526 80.865 80.526 80.129 79.745 79.362 78.982 78.607 78.237 77.871 77.506 78.148 75.811 71.488 23.170 0.000 0.000 0.000 0.000 0.000 0.000 0.000 0.000
0.000 0.000 51.477 70.463 81.435 56.388 48.321 55.268 53.234 60.203 61.168 61.116 54.048 71.002 62.949 51.887 54.824 46.772 0.000 71.398 74.309 74.220 76.119 77.005 79.883 83.766 82.646 82.514 82.357 84.195 85.035 82.864 70.670 56.445 58.178 57.867 57.523 60.147 33.618 6.117 95.587 137.185 114.720 80.653 82.173 88.742 88.305 81.776 84.505 81.921 81.478 81.121 80.727 80.342 79.956 79.572 79.196 78.830 78.472 78.116 79.753 74.387 63.076 17.782 0.000 0.000 0.000 0.000 0.000 0.000 0.000 0.033 46.825
3.714 0.000 6.544 27.523 62.500 44.444 0.000 50.255 55.243 55.230 61.215 50.166 0.000 55.041 52.992 54.924 55.847 65.759 79.637 76.486 78.371 84.265 94.159 138.044 134.920 134.803 134.689 134.562 135.368 119.184 51.034 53.871 51.686 59.474 58.233 54.961 52.662 34.426 0.000 0.000 4.383 62.092 79.103 83.699 89.433 89.115 81.373 83.075 82.375 82.072 81.704 81.322 80.939 80.552 80.163 79.776 79.401 79.044 79.704 78.368 70.005 58.572 16.324 0.000 0.000 0.000 0.000 0.000 0.000 0.000 3.125 38.064 58.942
77.714 25.690 14.632 77.587 55.596 0.000 0.000 0.000 49.251 62.259 54.297 0.000 7.214 63.129 54.053 64.971 77.882 77.782 82.665 85.539 78.422 64.312 55.205 51.094 48.950 51.837 52.746 39.676 0.000 56.140 53.044 51.902 55.729 59.532 56.320 48.081 54.737 35.469 0.000 1.667 57.387 74.399 84.123 89.925 89.704 81.956 83.643 82.940 82.648 82.280 81.912 81.535 81.153 80.764 80.369 79.968 79.588 80.241 75.932 64.646 21.326 0.000 0.000 0.000 0.000 0.000 0.000 0.000 0.000 0.000 6.186 56.126 55.037
87.734 95.725 83.707 0.678 12.700 6.809 1.844 0.849 0.000 0.000 58.417 56.396 64.299 61.208 61.119 61.027 77.927 91.820 80.704 60.583 58.467 53.356 55.256 46.177 0.000 57.848 54.783 43.721 0.000 57.193 52.099 52.963 59.796 57.606 55.433 37.305 0.000 1.944 54.082 51.847 68.632 84.542 90.202 82.889 83.456 84.116 83.513 83.220 82.858 82.500 82.131 81.754 81.371 80.984 80.580 81.139 80.741 70.402 55.135 17.961 0.000 0.000 0.000 0.000 0.000 0.000 0.000 4.571 31.524 30.439 45.307 57.216 45.130
77.762 81.767 71.769 0.000 0.000 71.883 64.878 58.853 2.793 10.698 76.557 73.471 60.379 61.285 61.189 62.088 82.981 134.866 127.746 74.624 129.505 50.391 54.284 54.181 56.063 53.924 53.816 53.704 55.545 51.340 51.196 60.055 58.886 55.664 50.500 39.403 0.000 0.691 56.123 62.946 84.943 83.823 90.558 83.934 84.521 84.071 83.782 83.436 83.088 82.727 82.357 81.979 81.595 81.221 82.828 78.267 59.834 46.493 48.243 14.102 0.000 0.000 0.000 0.000 0.000 0.000 0.000 4.617 40.564 45.485 59.388 53.300 43.218
73.792 68.814 12.834 0.000 3.004 54.962 63.932 60.890 78.827 72.744 77.644 85.553 76.460 61.365 61.264 61.157 60.041 53.918 48.790 53.662 50.538 54.420 54.307 54.198 54.086 53.968 53.855 53.734 52.590 57.426 59.292 60.174 44.030 0.000 43.500 0.000 0.000 0.674 60.285 82.199 86.199 91.539 91.082 84.025 84.678 84.321 84.007 83.674 83.326 82.964 82.593 82.208 81.810 80.475 42.246 0.000 0.000 0.000 0.000 0.000 0.000 0.000 0.000 37.029 31.990 30.926 29.838 33.716 42.630 58.547 52.461 43.379 53.300
65.820 56.860 61.920 7.020 60.045 56.030 54.996 72.947 65.883 81.806 90.721 70.635 56.545 54.450 57.346 60.233 61.109 60.975 53.835 52.696 53.565 53.442 54.328 54.220 54.113 59.007 55.901 52.787 53.654 56.484 60.371 49.318 0.000 0.000 0.000 0.000 15.943 135.821 79.550 86.573 84.545 91.943 83.843 86.362 87.847 84.574 84.257 83.926 83.577 83.212 83.844 80.449 67.961 58.624 16.435 0.000 0.000 0.000 0.000 0.000 0.000 0.000 39.110 39.067 39.016 39.951 39.871 40.779 54.694 54.612 38.531 41.453 43.378
40.836 41.888 35.967 60.093 56.128 55.116 66.077 70.019 80.951 87.877 53.800 52.720 53.636 55.543 54.438 51.320 59.186 60.037 60.878 59.723 53.582 52.457 51.343 52.239 58.141 117.047 84.954 64.858 47.756 0.000 62.390 70.409 0.000 0.000 0.000 0.000 60.067 70.960 87.844 85.879 92.649 92.310 84.932 85.462 86.128 84.836 84.525 84.196 83.845 84.461 83.121 35.785 0.000 0.000 0.000 0.000 0.000 0.000 0.000 0.000 0.000 0.000 46.153 42.113 39.057 39.991 37.916 49.835 56.755 40.676 41.599 49.524 47.451
0.000 0.000 0.000 53.258 56.256 58.230 79.177 90.102 104.025 85.951 14.881 71.811 71.734 55.647 55.544 54.423 52.279 55.111 60.917 58.735 59.585 61.459 59.349 57.252 53.164 48.085 53.012 47.935 0.000 0.000 0.000 56.520 48.547 0.000 0.000 2.477 70.297 87.146 87.220 85.235 92.959 84.652 87.155 88.662 85.405 85.115 84.811 84.488 84.145 81.666 36.394 0.000 0.000 0.000 0.000 0.000 0.000 0.000 0.000 0.000 0.000 45.315 15.237 3.173 47.108 37.039 47.966 59.891 47.814 42.738 47.664 51.591 44.521
0.000 0.000 0.000 51.425 57.409 73.370 84.298 132.189 126.094 128.021 133.964 129.908 130.844 55.766 55.669 54.548 54.396 53.208 47.947 57.714 59.563 60.445 58.343 60.255 60.179 61.117 54.074 0.000 0.000 0.000 0.000 57.602 42.575 0.000 0.006 61.628 83.511 87.465 86.453 93.523 93.249 85.710 86.258 86.948 85.686 85.411 85.116 85.800 60.580 0.000 0.000 0.000 0.000 0.000 0.000 0.000 0.000 0.000 57.629 46.580 36.502 40.393 40.308 41.234 41.163 44.092 57.020 53.947 48.873 49.799 47.727 45.657 41.589
17.674 0.000 0.000 52.607 69.586 77.542 83.457 54.262 53.139 52.078 49.044 50.013 49.968 55.904 55.818 71.703 71.551 47.379 0.000 44.611 57.509 59.415 57.323 59.246 59.182 60.129 56.093 0.052 0.928 1.883 55.823 40.713 0.000 0.000 63.024 71.871 88.746 87.658 86.840 93.778 85.383 87.913 90.449 86.227 85.979 85.727 84.444 72.013 30.797 0.000 0.000 0.000 0.000 0.000 43.877 38.856 38.816 38.758 42.678 54.609 57.533 43.448 38.367 40.291 42.219 57.147 56.075 42.003 50.931 51.860 50.789 43.720 39.653
