results3_8e3_rain/res_3e8f-0052.wd
ncols         241
nrows         181
xllcorner     12693529.787448
yllcorner     3542525.717860
cellsize      155.156523
NODATA_value  -9999.000000
[rows 33 to 65 of 181, columns 148 to 221 of 241]
57.223 57.923 24.648 36.385 58.139 51.896 30.575 0.000 0.000 6.055 0.000 0.000 3.077 28.091 15.093 0.000 0.000 0.000 19.759 27.735 0.000 12.429 4.382 5.302 9.194 18.079 35.949 26.852 21.761 16.687 17.623 17.571 16.527 15.485 14.439 22.374 32.307 24.278 24.264 22.255 1.243 15.231 23.222 0.000 0.000 0.000 0.000 0.000 0.000 0.000 0.000 0.000 0.000 0.000 0.000 0.000 0.000 0.000 0.000 0.000 0.000 0.000 0.000 0.000 0.000 0.000 0.000 0.000 0.000 0.000 0.000 0.000 0.000 0.000
57.541 58.270 36.008 53.765 56.554 50.405 0.000 0.000 0.000 8.055 0.000 0.000 0.000 12.127 12.120 20.112 0.000 32.846 20.783 7.713 16.607 7.487 5.397 5.305 4.202 6.094 33.984 31.886 31.798 33.722 26.642 28.581 27.530 27.482 27.432 28.376 32.330 30.300 31.280 26.267 3.257 2.249 0.000 0.000 0.000 0.000 0.000 0.000 0.000 0.000 0.000 0.000 0.000 0.000 0.000 0.000 0.000 0.000 0.000 0.000 0.000 0.000 0.000 0.000 0.000 0.000 0.000 0.000 0.000 0.000 0.000 0.000 0.000 0.000
57.869 57.603 57.349 58.114 49.908 36.765 0.000 0.000 0.000 0.000 0.000 0.000 0.000 9.171 6.149 19.105 24.022 15.909 24.817 22.725 3.623 4.516 5.416 5.317 17.216 21.113 25.009 17.910 14.823 24.761 0.000 5.582 0.532 0.481 0.430 3.367 29.339 18.312 16.291 18.276 3.265 5.258 0.000 0.000 0.000 0.000 0.000 0.000 0.000 0.000 0.000 0.000 0.000 0.000 0.000 0.000 0.000 0.000 0.000 0.000 0.000 0.000 0.000 0.000 0.000 0.000 0.000 0.000 0.000 0.000 0.000 0.000 0.000 0.000
58.187 57.924 58.672 53.433 35.199 25.982 34.982 0.000 0.000 0.000 0.000 0.000 0.000 6.236 5.200 8.138 4.052 14.951 17.850 20.749 9.643 4.537 4.434 4.333 29.232 35.132 17.030 10.922 10.822 11.740 8.660 8.590 8.533 9.480 12.430 9.383 30.348 22.320 20.297 20.281 2.269 16.262 42.260 0.000 0.000 0.000 0.000 0.000 0.000 0.000 0.000 0.000 0.000 0.000 0.000 0.000 0.000 0.000 0.000 0.000 0.000 0.000 0.000 0.000 0.000 0.000 0.000 0.000 0.000 0.000 0.000 0.000 0.000 0.000
58.499 58.236 54.981 40.747 29.473 0.000 0.000 0.000 0.000 11.032 0.000 0.000 0.000 5.339 6.278 6.195 5.099 4.994 10.886 3.776 3.666 5.556 4.450 3.348 27.249 24.154 32.056 35.928 34.802 29.720 25.649 27.586 23.529 27.477 27.429 28.386 32.351 30.322 31.299 27.281 2.269 14.262 36.259 0.000 0.000 0.000 0.000 0.000 0.000 0.000 0.000 0.000 0.000 0.000 0.000 0.000 0.000 0.000 0.000 0.000 0.000 0.000 0.000 0.000 0.000 0.000 0.000 0.000 0.000 0.000 0.000 0.000 0.000 0.000
58.805 58.539 48.271 30.100 0.000 0.000 0.000 0.000 9.073 12.032 24.954 24.843 12.697 5.502 5.377 6.266 6.154 5.040 3.923 4.805 4.688 4.573 3.463 12.359 31.264 10.179 24.113 0.943 33.740 23.688 22.632 22.575 19.521 24.471 25.424 25.383 32.348 30.318 27.295 27.278 2.266 16.258 35.255 0.000 0.000 0.000 0.000 0.000 0.000 0.000 0.000 0.000 0.000 0.000 0.000 0.000 0.000 0.000 0.000 0.000 0.000 0.000 0.000 0.000 0.000 0.000 0.000 0.000 0.000 0.000 0.000 0.000 0.000 0.000
60.108 52.842 40.465 30.283 0.000 0.000 0.000 0.000 6.115 23.069 16.988 5.879 7.746 7.597 5.463 4.338 6.214 5.088 5.961 5.834 5.708 4.586 4.470 24.363 24.267 24.188 24.137 0.000 5.701 3.662 4.615 4.563 5.511 9.461 12.415 10.374 30.339 24.310 18.287 20.270 3.258 15.251 34.248 0.000 0.000 0.000 0.000 0.000 0.000 0.000 0.000 0.000 0.000 0.000 0.000 0.000 0.000 0.000 0.000 0.000 0.000 0.000 0.000 0.000 0.000 0.000 0.000 0.000 0.000 0.000 0.000 0.000 0.000 0.000
59.412 45.255 0.000 0.000 0.000 0.000 0.000 0.000 22.203 17.142 7.051 7.939 7.812 7.676 7.542 5.409 4.275 4.139 6.000 4.861 4.724 3.593 5.469 20.355 11.254 20.169 21.110 0.000 0.000 19.646 18.604 18.551 18.498 20.448 20.402 21.360 33.325 29.295 24.273 26.257 2.246 11.241 39.239 0.000 0.000 0.000 0.000 0.000 0.000 0.000 0.000 0.000 0.000 0.000 0.000 0.000 0.000 0.000 0.000 0.000 0.000 0.000 0.000 0.000 0.000 0.000 0.000 0.000 0.000 0.000 0.000 0.000 0.000 0.000
52.635 35.512 0.000 0.000 0.000 0.000 0.000 29.487 23.353 7.245 8.134 8.015 7.888 7.754 7.619 7.481 4.339 5.192 5.040 4.887 5.737 4.592 4.458 7.336 12.226 24.125 11.025 22.888 27.774 20.673 29.602 19.541 20.484 23.431 22.384 21.342 31.305 27.275 15.253 14.240 3.228 10.228 39.230 0.000 0.000 0.000 0.000 0.000 0.000 0.000 0.000 0.000 0.000 0.000 0.000 0.000 0.000 0.000 0.000 0.000 0.000 0.000 0.000 0.000 0.000 0.000 0.000 0.000 0.000 0.000 0.000 0.000 0.000 0.000
38.747 28.647 0.000 0.000 0.000 7.887 21.792 22.621 16.478 11.351 8.227 8.100 7.970 7.836 6.699 9.557 14.410 10.251 5.081 5.910 4.743 4.583 4.436 4.305 11.189 12.082 9.976 16.865 15.762 10.670 22.593 2.526 10.466 17.411 16.361 10.318 29.280 22.248 2.225 1.207 4.198 6.215 10.222 0.000 0.000 0.000 0.000 0.000 0.000 0.000 0.000 0.000 0.000 0.000 0.000 0.000 0.000 0.000 0.000 0.000 0.000 0.000 0.000 0.000 0.000 0.000 0.000 0.000 0.000 0.000 0.000 0.000 0.000 0.000
17.714 35.680 0.000 0.000 10.084 19.982 33.868 17.727 16.588 16.454 9.322 8.189 8.056 7.920 14.783 22.641 23.491 15.322 10.124 4.930 3.743 4.562 8.396 5.261 4.144 3.037 8.935 9.834 8.739 9.652 11.575 4.505 10.442 15.385 17.334 13.288 29.248 23.214 5.183 4.154 4.145 0.141 0.000 0.000 0.000 0.000 0.000 0.000 0.000 0.000 0.000 0.000 0.000 0.000 0.000 0.000 0.000 0.000 0.000 0.000 0.000 0.000 0.000 0.000 0.000 0.000 0.000 0.000 0.000 0.000 0.000 0.000 0.000 0.000
0.000 0.000 0.000 0.000 13.185 33.092 24.970 27.833 24.694 14.555 7.418 8.281 8.144 19.007 23.871 19.734 14.591 11.424 14.164 8.943 8.737 4.525 9.328 3.198 4.089 4.988 3.892 3.798 3.709 3.626 2.549 3.479 3.414 7.355 13.301 12.254 30.212 24.175 3.142 4.112 4.086 3.050 0.000 0.000 0.000 0.000 0.000 0.000 0.000 0.000 0.000 0.000 0.000 0.000 0.000 0.000 0.000 0.000 0.000 0.000 0.000 0.000 0.000 0.000 0.000 0.000 0.000 0.000 0.000 0.000 0.000 0.000 0.000 0.000
0.000 0.000 0.000 14.562 30.380 23.231 15.087 22.943 26.799 27.655 17.513 6.372 16.232 25.095 14.961 6.834 6.715 8.619 0.000 0.000 0.000 1.384 5.195 7.114 7.026 3.936 3.846 4.758 3.674 3.593 3.518 4.447 3.380 3.319 3.264 6.214 23.171 22.133 4.100 4.065 4.036 5.014 6.013 0.000 0.000 0.000 0.000 0.000 0.000 0.000 0.000 0.000 0.000 0.000 0.000 0.000 0.000 0.000 0.000 0.000 0.000 0.000 0.000 0.000 0.000 0.000 0.000 0.000 0.000 0.000 0.000 0.000 0.000 0.000
0.000 0.000 13.973 23.745 30.542 14.366 17.206 15.052 12.903 20.755 25.609 20.463 24.318 13.178 7.046 7.926 7.818 15.718 0.000 0.000 0.000 0.000 7.090 18.039 18.966 13.884 9.799 11.716 7.634 6.557 4.483 3.411 3.341 4.278 3.220 3.169 6.124 15.087 3.060 3.014 3.979 2.957 0.000 0.000 0.000 0.000 0.000 0.000 0.000 0.000 0.000 0.000 0.000 0.000 0.000 0.000 0.000 0.000 0.000 0.000 0.015 0.011 0.000 0.000 0.000 0.000 0.000 0.000 0.000 0.000 0.000 0.000 0.000 0.000
17.266 18.681 17.202 31.903 16.676 10.487 12.317 11.159 8.006 6.855 21.704 28.552 31.400 19.253 9.119 6.007 13.912 0.000 0.000 0.000 0.000 1.071 11.038 17.986 18.914 18.835 20.753 28.671 26.592 22.517 20.445 16.374 10.298 5.231 3.172 4.118 3.071 8.032 0.985 1.933 2.912 4.879 25.837 0.000 0.000 0.000 0.000 0.000 0.000 0.000 0.000 0.000 0.000 0.000 0.000 0.000 0.000 0.000 0.000 0.015 0.015 0.016 0.000 0.000 0.000 0.000 0.000 0.000 0.000 0.000 0.000 0.000 0.000 0.000
16.929 9.576 28.250 27.990 22.774 13.587 7.418 8.260 9.107 19.955 22.801 14.642 17.479 26.316 27.170 17.071 0.000 0.000 0.000 0.000 6.178 12.103 16.026 14.951 15.872 15.790 13.706 20.624 21.546 21.475 22.408 19.341 18.245 19.178 10.118 5.062 6.009 2.955 3.889 2.857 1.835 3.812 18.795 0.000 0.000 0.000 0.000 0.000 0.000 0.000 0.000 0.000 0.000 0.000 0.000 0.000 0.000 0.000 0.000 0.000 0.078 0.069 0.000 0.000 0.000 0.000 0.000 0.000 0.000 0.000 0.000 0.000 0.000 0.000
10.607 20.444 30.235 21.031 20.844 22.671 20.510 11.356 17.207 26.057 14.903 7.738 6.556 12.361 22.176 29.037 0.000 0.000 9.605 9.447 4.254 13.119 18.012 18.920 14.834 14.746 6.657 3.573 3.496 3.427 2.373 0.290 7.163 21.117 20.061 19.004 13.947 4.890 2.835 3.791 2.753 2.739 3.736 0.000 0.000 0.000 0.000 0.000 0.000 0.000 0.000 0.000 0.000 0.000 0.000 0.000 0.000 0.000 0.000 1.140 1.121 1.101 0.054 0.015 0.000 0.000 0.000 0.000 0.000 0.000 0.000 0.000 0.000 0.000
13.450 32.357 23.215 20.057 19.898 20.743 19.594 21.449 26.307 15.165 9.016 8.849 8.649 7.396 8.138 13.863 30.503 28.154 6.762 5.485 4.270 5.108 16.984 14.885 25.798 13.704 6.603 4.516 5.438 4.364 9.289 17.189 13.125 7.066 13.007 22.946 19.886 18.826 9.769 2.718 2.676 3.656 1.610 0.000 0.000 0.000 0.000 0.000 0.000 11.617 6.617 5.615 0.000 0.000 0.000 4.465 1.392 1.283 1.221 1.159 1.122 1.083 1.008 0.934 0.918 0.000 0.000 0.000 0.000 0.000 0.000 0.000 0.000 0.000
27.387 23.319 12.212 17.085 21.949 16.811 22.674 28.538 20.408 8.280 7.147 8.996 8.796 12.436 13.116 6.775 17.491 13.198 9.806 6.458 3.236 10.059 13.932 15.839 6.769 33.670 21.537 11.451 3.376 9.303 28.230 38.151 31.082 8.017 9.953 12.889 16.824 21.760 19.697 15.636 4.579 1.474 8.221 14.139 0.000 0.000 0.000 0.000 0.000 0.000 1.620 1.613 1.599 6.580 5.560 1.529 0.453 1.260 1.217 1.165 1.122 1.075 1.002 0.886 0.902 0.902 0.000 0.000 0.000 0.000 0.000 0.000 0.000 0.000
29.382 14.320 9.231 11.122 13.002 23.879 27.753 38.622 37.509 30.402 19.295 8.191 11.103 0.000 0.000 5.632 11.488 8.343 0.000 4.307 8.157 24.961 23.845 26.770 0.000 0.000 38.425 32.374 18.311 24.245 42.175 42.104 40.036 8.968 14.900 14.832 16.763 4.693 13.623 19.552 18.472 17.332 30.143 39.057 0.000 0.000 0.000 0.000 0.000 0.000 24.630 5.619 5.603 5.584 5.566 6.549 0.523 0.000 3.214 0.148 0.100 0.035 0.005 0.330 0.000 0.000 0.000 0.000 0.000 0.000 0.000 0.000 0.000 0.000
20.411 9.350 9.268 9.170 22.060 19.949 36.837 51.687 48.604 45.523 40.442 31.371 22.322 0.000 0.000 0.000 0.000 10.342 0.000 0.000 1.010 18.786 17.715 32.628 4.494 5.409 38.364 43.311 39.252 38.189 41.123 41.056 41.988 20.920 12.849 14.777 14.702 4.626 13.550 7.479 26.425 0.000 35.962 57.889 28.763 0.000 0.000 0.000 0.000 0.697 60.649 13.630 15.609 15.588 11.569 12.553 4.542 0.000 0.000 0.042 0.018 0.019 0.008 0.321 0.000 0.000 0.000 0.000 0.000 0.000 0.000 0.000 0.000 0.000
18.466 16.401 11.323 23.229 17.119 30.023 7.957 0.000 28.698 47.643 46.581 47.527 30.494 0.000 0.000 0.000 0.000 16.341 0.000 0.000 0.000 12.648 7.603 34.534 45.446 45.370 41.311 41.254 41.196 42.136 41.073 41.009 40.942 34.873 9.801 11.724 9.644 4.559 15.473 16.390 19.324 0.000 20.856 56.774 26.638 44.441 5.318 0.000 2.795 58.738 46.680 18.643 12.615 14.591 8.571 2.552 0.430 0.000 0.000 0.022 0.018 0.021 0.019 5.840 0.000 0.000 0.000 0.000 0.000 0.000 0.000 0.000 0.000 0.000
20.530 16.466 23.394 20.306 23.163 47.066 34.013 16.962 37.846 46.772 45.712 44.663 24.633 0.000 0.000 0.000 0.000 0.000 0.000 0.000 3.539 12.554 23.518 39.458 41.385 41.316 41.256 41.199 41.143 41.086 41.026 40.964 40.899 40.830 26.756 16.676 9.589 2.495 6.393 6.284 11.157 29.965 15.830 50.715 36.574 43.368 50.195 36.014 40.852 49.748 25.689 26.648 12.617 11.592 3.570 0.365 0.412 0.175 0.131 0.080 8.894 7.870 6.834 5.799 5.740 0.000 0.000 0.000 0.000 0.000 0.000 0.000 0.000 0.000
12.598 24.539 21.482 21.436 0.000 0.000 26.068 52.026 46.954 45.889 47.831 29.781 15.743 0.000 0.000 0.000 0.000 0.000 0.000 0.000 9.525 26.512 38.456 41.395 41.320 41.254 41.197 41.144 41.091 41.038 40.982 40.924 40.861 40.793 41.718 35.636 27.543 19.439 17.323 20.195 11.056 27.909 6.787 48.681 0.000 2.238 37.081 8.993 0.000 55.715 19.679 23.642 21.612 2.591 0.416 0.689 0.267 0.204 0.320 8.956 5.916 5.880 5.835 2.781 1.626 0.000 0.000 0.000 0.000 0.000 0.000 0.000 0.000 0.000
22.666 22.609 17.558 37.522 0.000 0.343 40.166 47.119 46.057 45.997 45.942 21.888 21.815 32.815 0.000 0.000 0.000 0.000 0.000 0.000 0.000 0.000 35.402 47.347 42.245 41.185 41.135 41.088 41.042 40.993 40.942 40.887 40.828 40.763 40.689 41.606 42.508 39.395 39.264 42.117 21.965 27.827 1.679 42.542 0.000 0.000 32.951 2.886 12.780 46.716 27.672 19.631 23.597 0.467 1.113 0.027 0.099 0.130 1.274 1.978 6.934 5.902 0.868 0.000 0.935 4.862 3.835 0.000 0.000 0.000 0.000 0.000 0.000 0.000
23.732 11.675 22.621 43.572 36.523 42.436 48.306 46.226 46.160 46.101 43.051 27.016 0.000 0.000 0.000 0.000 0.000 0.000 0.000 0.000 0.000 0.000 0.000 0.000 33.131 42.104 41.071 41.034 40.994 40.951 40.906 40.856 40.802 42.741 41.671 41.589 40.490 42.370 41.219 41.047 30.858 28.680 5.490 17.343 47.122 25.973 33.887 2.818 30.739 24.699 27.661 15.613 9.560 1.254 1.057 0.338 0.284 0.603 0.268 0.145 0.174 0.000 0.000 3.823 3.841 3.828 3.809 4.788 0.000 0.000 0.000 0.000 0.000 0.000
12.796 8.737 23.679 42.622 48.561 47.485 46.396 46.321 46.255 47.196 38.145 31.109 0.000 0.000 0.000 0.000 0.000 0.000 0.000 0.000 0.000 0.000 0.000 9.023 36.042 42.032 41.010 40.982 40.949 40.913 40.874 40.830 42.782 42.728 42.666 34.590 39.494 42.377 45.197 42.995 36.741 32.546 20.376 4.219 52.050 34.909 36.807 1.722 47.659 11.679 0.000 9.600 0.408 1.063 0.013 0.294 1.993 0.715 0.387 0.000 0.000 0.000 0.000 3.807 3.809 3.801 3.787 3.768 4.745 4.727 4.712 5.699 4.687 1.674
9.858 7.797 24.738 44.678 46.615 46.546 46.474 46.407 46.345 48.285 27.224 25.166 0.000 0.000 0.000 0.000 0.000 0.000 0.000 0.000 0.000 0.000 0.000 23.003 41.985 40.972 40.956 40.935 40.909 40.879 42.846 41.810 41.770 41.725 35.674 13.612 29.517 39.447 0.000 0.000 14.565 21.389 30.248 17.106 37.952 55.806 40.680 7.562 49.517 0.000 0.000 0.000 0.603 0.586 0.370 2.024 0.001 0.000 0.100 0.064 0.000 0.000 0.000 3.790 3.788 3.781 3.770 3.756 3.740 3.725 3.712 3.700 3.688 3.677
14.919 19.857 34.797 46.736 46.674 46.611 46.548 46.488 46.432 47.376 34.300 0.000 0.000 0.000 0.000 0.000 0.000 7.754 0.000 0.000 0.000 0.000 0.000 0.000 32.921 39.917 40.908 40.893 40.873 40.849 42.823 40.793 40.761 40.728 24.695 20.668 0.000 0.000 0.000 0.000 0.000 6.198 28.121 14.006 18.846 61.684 44.544 23.420 33.332 0.000 27.517 4.485 0.471 0.359 0.274 0.513 0.508 0.158 0.120 0.724 0.000 2.780 3.777 3.778 3.774 3.768 3.759 3.748 3.736 3.724 3.713 3.702 3.691 3.680
16.978 35.917 46.857 46.796 46.736 46.676 46.618 46.565 46.519 52.487 0.000 0.000 0.000 0.000 0.000 0.000 7.754 19.755 6.756 21.757 17.759 0.000 0.000 19.833 26.861 37.868 40.865 40.855 40.841 41.823 40.802 40.779 40.755 36.732 25.710 30.696 0.000 0.000 0.000 0.000 16.084 8.084 26.033 1.943 3.741 51.542 50.394 42.242 28.058 27.758 16.550 11.454 0.394 0.331 0.085 0.064 2.830 9.767 8.727 8.702 0.340 3.784 3.776 3.771 3.765 3.759 3.751 3.742 3.732 3.723 3.714 3.705 3.695 3.686
24.037 43.976 47.916 46.857 46.798 46.740 46.685 46.635 46.593 53.568 0.000 0.000 0.000 0.000 0.000 0.000 0.000 16.755 16.756 15.758 18.761 2.769 10.782 18.806 18.823 35.830 41.830 40.824 40.813 40.800 40.784 40.767 41.750 33.733 29.719 23.711 0.000 0.000 0.000 0.000 0.000 8.022 26.961 3.915 0.000 38.349 55.248 52.095 32.901 11.667 10.470 11.332 2.212 0.000 0.024 0.011 0.007 4.738 7.711 7.696 0.000 3.778 3.772 3.766 3.759 3.752 3.745 3.738 3.731 3.724 3.716 3.709 3.701 3.693
32.095 48.035 46.976 46.917 46.859 46.802 46.748 46.696 48.650 46.624 0.000 0.000 0.000 0.000 0.000 0.000 0.000 21.755 27.756 32.757 23.759 22.764 16.773 12.785 23.795 37.800 40.800 40.797 43.789 41.780 40.768 40.756 40.743 35.732 27.723 22.718 0.000 0.000 0.000 0.000 0.000 0.000 18.873 4.842 0.660 33.259 64.153 44.991 23.783 14.540 16.331 14.171 9.050 0.000 0.007 0.000 0.000 0.000 7.684 7.677 0.000 3.779 3.772 3.763 3.755 3.748 3.742 3.736 3.731 3.726 3.721 3.715 3.709 3.702
40.152 48.093 47.035 46.977 46.920 46.863 46.807 47.754 45.686 33.654 17.654 0.000 0.000 0.000 0.000 0.000 0.000 22.755 31.755 31.755 35.755 37.756 20.760 19.766 34.772 40.776 40.776 40.773 41.768 40.761 40.753 40.745 40.737 38.729 26.724 27.720 21.720 0.000 0.000 0.000 0.000 0.000 4.817 4.761 0.000 43.253 31.113 36.934 6.699 26.379 20.144 12.971 12.826 3.663 0.000 0.000 0.000 0.000 4.667 6.653 0.405 3.790 4.774 3.761 3.752 3.745 3.740 3.735 3.732 3.729 3.727 3.724 3.720 3.713
