results3_8e3_rain/res_3e8f-0139.wd
ncols         241
nrows         181
xllcorner     12693529.787448
yllcorner     3542525.717860
cellsize      155.156523
NODATA_value  -9999.000000
[rows 0 to 32 of 181, columns 146 to 218 of 241]
0.000 0.000 0.000 0.000 0.000 0.000 0.000 0.000 0.000 0.000 0.000 0.000 0.000 0.000 5.177 16.043 16.825 16.555 16.254 15.942 15.634 15.346 15.088 14.868 14.689 14.549 14.446 14.374 14.329 14.303 14.292 19.289 0.000 0.000 0.000 0.000 0.000 0.000 0.000 0.000 0.000 0.000 0.000 0.000 0.000 0.000 0.000 0.000 0.000 15.395 22.395 0.000 0.000 40.765 45.765 0.000 0.000 0.000 0.000 0.000 0.000 0.000 0.000 0.000 0.000 0.000 0.000 0.000 0.000 0.000 0.000 0.000 0.000
0.000 0.000 0.000 0.000 0.000 0.000 0.000 0.000 0.000 0.000 0.000 0.000 0.000 0.743 16.310 17.129 16.877 16.585 16.266 15.937 15.615 15.315 17.050 15.827 14.649 14.513 14.414 14.348 14.308 14.289 14.285 19.285 0.000 0.000 0.000 0.000 0.000 0.000 0.000 0.000 0.000 0.000 0.000 0.000 0.000 0.000 0.000 0.000 12.396 34.396 10.395 0.000 19.765 52.765 46.765 0.000 0.000 0.000 0.000 0.000 0.000 0.000 0.000 0.000 0.000 0.000 0.000 0.000 31.726 0.000 0.000 0.000 0.000
0.000 0.000 0.000 0.000 0.000 0.000 0.000 0.000 0.000 0.000 0.000 0.000 0.000 19.941 18.596 17.285 16.971 16.640 16.289 15.927 15.573 17.249 16.970 14.743 14.567 14.438 14.350 14.295 14.267 14.260 16.275 10.280 0.000 0.000 0.000 0.000 0.000 0.000 0.000 0.000 0.000 0.000 0.000 0.000 0.000 0.000 0.000 0.000 24.397 0.000 0.000 14.766 45.766 7.765 0.000 0.000 0.000 0.000 0.000 0.000 0.000 0.000 0.000 0.000 0.736 0.000 0.000 0.000 34.726 6.726 0.000 0.000 0.000
0.000 0.000 0.000 0.000 0.000 0.000 0.000 0.000 0.000 0.000 0.000 0.000 2.726 19.315 17.847 17.444 17.080 16.716 16.323 15.908 16.501 16.138 14.838 14.607 14.438 14.324 14.253 14.216 14.204 20.210 0.000 0.000 0.000 0.000 0.000 0.000 0.000 0.000 0.000 0.000 0.000 0.000 0.000 9.399 0.000 0.000 0.000 8.398 68.398 0.000 0.000 20.766 47.767 0.000 0.000 0.000 0.000 0.000 0.000 0.000 0.000 0.000 6.737 12.737 31.737 0.000 0.000 24.727 33.727 34.726 6.726 0.000 0.000
0.000 0.000 0.000 0.000 0.000 0.000 0.000 0.000 0.000 0.000 0.000 8.063 1.280 2.650 18.035 17.564 17.190 16.821 16.378 15.879 16.386 15.964 14.638 14.407 14.256 14.166 14.122 14.110 15.123 16.167 0.000 0.000 0.000 0.000 0.000 0.000 0.000 0.000 0.000 0.000 0.000 0.000 10.399 33.399 28.399 0.000 0.000 24.399 52.399 0.000 0.000 0.000 47.769 2.769 0.000 0.000 0.000 0.000 0.000 0.000 0.000 0.000 46.738 50.737 52.737 0.000 0.000 37.728 32.727 32.727 42.726 0.000 0.000
0.000 0.000 0.000 0.000 0.000 0.000 0.000 0.000 0.000 0.000 10.739 3.366 1.756 1.218 1.278 15.586 17.296 17.000 16.490 17.845 17.202 14.692 14.343 14.129 14.012 13.963 13.959 13.981 20.010 0.000 0.000 0.000 0.000 0.000 0.000 0.000 0.000 0.000 0.000 0.000 0.000 0.000 0.000 13.399 34.399 26.400 24.400 6.399 37.399 10.399 0.000 0.000 32.770 45.770 36.771 34.771 43.771 0.000 0.000 0.000 0.000 0.000 46.739 48.738 53.736 32.734 21.731 38.729 41.728 0.000 0.000 0.000 6.696
0.000 0.000 0.000 0.000 0.000 0.000 0.000 0.000 0.000 0.000 7.113 3.841 3.490 3.004 0.377 0.562 10.409 18.391 17.738 17.810 14.883 14.259 13.914 13.752 13.700 13.714 13.769 13.845 8.927 0.000 0.000 0.000 0.000 0.000 30.416 63.416 0.000 0.000 3.416 44.416 0.000 0.000 0.000 10.399 34.400 47.400 82.400 44.400 45.400 16.400 0.000 0.000 29.770 48.771 33.772 29.771 46.771 0.000 0.000 0.000 0.000 0.000 33.741 39.739 35.737 35.734 39.731 42.729 50.728 0.000 0.000 0.000 29.697
0.000 0.000 0.000 0.000 0.000 0.000 0.000 0.000 0.000 30.276 30.759 7.367 2.996 3.252 2.932 0.732 0.336 5.416 18.262 15.772 14.262 13.549 13.301 13.266 13.322 13.426 14.557 11.701 0.000 0.000 0.000 0.000 0.000 0.000 5.416 51.416 58.416 40.416 32.416 4.416 0.000 0.000 0.000 0.000 0.000 8.402 75.401 54.401 1.401 0.000 0.000 0.000 0.000 41.773 56.773 54.772 56.771 48.768 40.765 43.761 42.757 51.751 55.745 52.741 53.738 53.734 48.731 43.728 40.726 0.000 0.000 0.000 0.000
0.000 0.000 0.000 0.000 0.000 0.000 0.000 0.000 24.319 41.793 43.279 32.819 9.437 1.868 2.926 0.766 2.577 7.553 6.121 15.755 12.844 12.372 12.477 12.688 12.896 14.111 14.334 0.000 0.000 0.000 0.000 0.000 0.000 0.000 0.000 3.416 49.417 59.417 64.417 3.416 0.000 0.000 0.000 0.000 0.000 4.403 47.403 39.402 44.402 11.402 0.000 0.000 25.778 53.776 38.775 32.773 39.772 51.769 39.766 38.762 47.757 56.753 43.748 39.743 42.739 48.735 54.731 56.727 54.723 40.717 31.711 14.706 23.702
0.000 0.000 0.000 0.000 0.000 0.000 0.000 20.384 29.844 45.298 42.746 43.194 35.642 12.097 1.046 4.548 14.034 6.309 2.137 2.901 5.987 10.618 11.547 12.112 12.463 17.787 0.000 0.000 0.000 0.000 0.000 0.000 3.421 1.420 0.000 0.000 16.418 62.418 15.417 0.000 0.000 0.000 0.000 0.000 0.000 43.405 53.404 29.403 45.403 65.403 5.403 0.000 31.779 55.778 34.777 28.775 31.773 44.771 33.767 33.763 35.759 37.754 34.749 35.745 29.740 33.735 39.731 40.726 38.721 47.716 49.711 52.706 60.702
0.000 0.000 0.000 0.000 0.000 0.000 25.454 23.923 47.377 43.809 43.211 42.569 42.841 37.909 20.405 12.140 7.782 0.000 0.017 4.244 2.161 3.200 10.981 11.751 17.056 0.000 0.000 0.000 0.000 0.000 0.000 0.000 40.421 0.000 0.000 0.000 23.419 63.419 2.418 0.000 0.000 0.000 0.000 0.000 38.412 82.409 15.406 18.404 40.403 67.403 7.403 0.000 28.782 53.781 33.780 26.778 29.776 31.773 27.770 26.766 33.761 49.756 32.751 28.746 42.741 38.736 35.731 42.726 42.721 45.715 54.710 58.705 45.700
0.000 0.000 0.000 0.000 0.000 29.453 17.985 46.478 44.933 44.350 43.722 43.031 42.242 42.292 39.107 24.829 4.184 0.153 0.024 45.831 4.380 0.053 0.068 13.854 9.955 0.000 0.000 0.000 0.000 0.000 0.000 0.000 36.421 31.422 40.422 52.421 56.421 46.420 0.000 0.000 1.419 37.420 52.419 57.417 81.415 37.413 0.000 0.000 42.404 30.403 0.000 0.000 31.786 58.785 45.784 29.782 77.779 105.776 54.773 30.768 46.764 93.759 45.753 22.748 87.742 60.737 35.731 42.726 44.720 34.715 43.709 56.704 39.699
0.000 0.000 0.000 0.000 0.000 18.921 40.555 47.070 45.526 44.935 44.294 43.591 42.805 41.910 41.911 40.841 30.047 4.735 50.447 47.524 0.240 0.100 0.035 0.039 0.000 0.000 0.000 0.000 0.000 0.000 1.421 35.421 31.422 36.422 50.422 60.422 44.422 31.421 0.000 0.000 0.000 46.421 45.420 41.418 80.417 40.415 0.000 0.000 21.404 13.404 0.000 24.793 52.791 54.789 48.788 36.786 35.783 68.780 109.776 47.772 40.767 97.761 48.756 22.750 94.744 64.738 27.732 29.726 35.720 26.714 40.708 39.703 27.697
0.000 0.000 0.000 0.000 23.381 33.754 49.244 46.722 46.166 45.571 44.929 44.234 43.473 42.648 41.702 40.971 39.837 52.194 51.863 0.757 0.334 9.444 0.000 0.000 0.000 0.000 0.000 0.000 0.000 51.419 54.420 36.421 35.422 50.423 60.423 46.424 29.423 31.423 31.424 29.425 27.425 39.423 42.421 52.420 92.418 26.417 0.000 0.000 58.405 8.405 0.000 21.796 51.795 51.794 38.793 30.791 26.788 36.785 33.781 73.776 104.771 121.765 102.759 91.752 117.746 111.739 102.733 48.726 28.720 45.714 40.708 29.702 24.696
0.000 0.000 0.000 24.524 34.009 51.470 47.945 47.408 46.846 46.252 45.619 44.941 44.225 43.398 42.863 40.513 52.222 52.222 36.398 18.743 5.917 0.000 0.000 0.000 0.000 0.000 0.000 0.000 37.417 4.418 0.000 15.422 53.423 57.424 49.425 34.426 0.427 0.000 0.000 33.427 29.426 39.425 38.423 61.422 58.420 0.000 0.000 0.406 61.405 7.405 0.000 19.800 49.799 61.799 40.798 46.796 69.794 46.791 28.786 52.781 75.775 109.769 75.762 55.755 103.747 93.740 68.733 37.727 23.720 94.713 62.707 34.701 24.695
0.000 0.000 0.000 30.039 49.660 49.174 48.657 48.119 47.559 46.971 47.350 46.707 44.963 44.553 41.994 52.262 52.225 39.946 41.574 39.227 23.201 4.199 0.000 0.000 0.000 0.000 0.000 39.416 8.416 0.000 0.000 0.000 21.424 53.425 31.427 29.430 35.434 0.000 0.000 34.430 32.429 38.427 39.425 61.423 57.421 0.000 0.000 21.408 68.407 4.406 0.000 21.804 52.804 55.804 36.804 36.803 82.801 117.797 66.793 34.787 50.780 97.773 57.765 24.757 90.750 77.742 35.734 27.727 20.720 101.713 65.706 37.699 38.693
0.000 0.000 30.594 47.935 51.417 49.908 49.389 48.854 48.299 48.720 47.127 46.442 46.118 43.563 52.639 52.385 41.420 42.268 41.291 31.670 12.433 0.000 0.000 0.000 0.000 0.000 0.000 35.416 9.416 0.000 0.000 0.000 0.000 0.000 0.000 34.434 31.438 30.441 32.440 34.435 30.432 38.430 40.427 52.424 48.421 10.416 29.412 62.409 13.408 0.000 0.000 21.808 48.809 54.810 40.812 25.812 27.810 52.806 39.800 21.794 39.786 94.778 50.769 16.760 87.752 72.743 30.735 26.727 22.720 100.712 65.705 37.698 28.691
0.000 29.825 43.253 52.688 51.165 50.653 50.136 49.608 50.061 49.506 47.863 47.590 45.040 53.516 53.025 43.036 44.048 41.936 29.155 0.000 0.000 0.000 0.000 0.000 0.000 0.000 0.000 0.000 9.416 0.000 0.000 0.000 0.000 0.000 0.000 0.000 38.445 48.445 59.443 47.439 36.434 40.432 37.430 42.426 35.421 54.416 72.412 60.409 6.408 0.000 0.000 20.811 46.814 51.817 57.821 55.822 43.820 33.816 46.809 78.802 97.793 118.783 98.773 81.763 115.754 108.745 90.736 50.728 23.720 98.712 70.704 42.697 29.689
26.861 38.397 52.905 52.401 51.901 51.402 50.896 51.377 50.854 49.245 49.010 46.476 54.687 54.078 44.565 45.733 46.687 24.922 0.000 0.000 0.000 0.000 0.000 0.000 0.000 0.000 0.000 0.000 0.000 0.000 0.000 0.000 0.000 0.000 0.000 0.000 36.451 40.450 58.448 17.443 0.000 47.436 38.434 41.429 37.421 25.414 44.410 59.408 46.406 5.405 0.000 0.000 11.818 54.823 56.834 49.835 37.833 46.827 97.820 88.811 69.800 70.789 71.777 71.766 71.755 72.746 74.736 45.728 25.719 97.711 73.703 36.695 30.688
30.326 53.996 53.570 53.109 52.637 52.157 51.666 51.174 50.598 50.397 47.882 55.976 55.323 45.990 47.232 46.249 41.772 1.286 0.000 0.000 0.000 0.000 0.000 0.000 0.000 0.000 0.000 0.000 0.000 0.000 0.000 0.000 0.000 0.000 0.000 0.000 37.459 48.458 32.456 0.000 1.448 44.443 41.439 8.437 0.000 29.409 43.407 58.405 55.404 24.404 0.000 0.000 0.000 0.000 23.856 38.853 22.849 83.842 84.833 33.822 39.809 81.795 52.781 24.768 70.756 60.746 40.737 38.728 29.719 97.711 68.702 25.693 26.686
48.120 55.693 54.268 53.830 53.381 53.920 52.461 51.920 51.757 49.266 57.305 56.637 46.323 48.598 47.616 48.020 17.387 0.000 0.000 0.000 0.000 0.000 0.000 0.000 0.000 0.000 0.000 0.000 0.000 0.000 0.000 0.000 0.000 0.000 0.000 4.474 57.469 55.465 59.462 56.460 52.454 52.448 46.445 5.442 0.000 29.406 42.404 60.402 67.402 30.403 0.000 0.000 0.000 0.000 17.880 30.874 50.867 97.858 60.847 20.835 88.820 89.802 38.784 25.769 46.756 102.746 61.737 29.728 29.720 92.711 110.701 97.690 102.678
57.793 55.388 54.980 54.562 54.132 55.705 53.200 53.082 50.629 58.652 57.976 41.591 45.823 49.903 46.392 23.697 0.000 0.000 0.000 0.000 0.000 0.000 0.000 0.000 0.000 0.000 0.000 0.000 0.000 0.000 0.000 0.000 0.000 0.000 0.000 56.480 55.477 56.472 58.468 57.463 55.458 56.453 49.448 4.445 0.000 30.406 42.401 65.397 38.400 0.000 0.000 0.000 0.000 15.926 45.909 24.898 89.887 83.876 27.864 83.850 96.834 45.807 33.786 36.767 31.754 62.744 101.736 58.728 21.720 92.712 95.702 69.687 11.671
48.452 55.086 55.702 55.302 54.903 54.429 54.353 51.938 59.963 59.331 24.789 29.989 32.899 51.583 35.219 0.000 0.000 0.000 0.000 0.000 0.000 0.000 0.000 46.186 35.185 0.000 0.000 0.000 0.000 0.000 0.000 0.000 0.000 0.000 0.000 33.490 27.485 30.479 34.473 29.468 28.462 27.457 29.451 33.445 27.434 20.412 35.395 14.387 0.000 0.000 0.000 0.000 0.000 17.942 40.933 31.921 32.908 32.895 24.881 45.869 46.860 0.000 0.000 7.758 37.749 30.742 52.735 45.729 27.722 60.714 8.708 0.000 6.657
27.147 42.803 55.435 58.064 55.611 55.565 53.156 61.049 60.547 33.855 0.000 43.308 0.000 55.184 23.703 0.000 0.000 0.000 0.000 0.000 0.000 0.000 0.000 53.186 47.185 0.000 0.000 0.000 0.000 0.000 0.000 0.000 0.000 19.553 0.000 34.503 30.496 30.487 30.479 30.472 30.466 30.460 30.455 32.450 10.445 0.000 5.381 36.368 6.356 0.000 0.000 0.000 18.982 49.969 37.959 36.946 28.930 29.913 29.898 27.884 41.877 1.879 0.000 0.000 8.744 33.738 28.733 41.729 40.726 0.000 0.000 0.000 6.647
18.888 26.541 49.192 53.775 56.741 54.288 61.794 61.463 40.710 16.520 0.000 59.942 57.846 44.277 0.000 0.000 0.000 0.000 0.000 0.000 0.000 0.000 56.195 62.188 33.183 0.000 0.000 0.000 0.000 0.000 0.000 0.000 0.000 36.553 34.544 31.524 30.510 27.493 31.484 31.477 31.470 31.464 31.459 34.454 7.451 0.000 0.000 34.348 34.344 4.338 0.000 0.000 3.995 36.994 29.987 28.974 27.953 27.931 27.913 27.894 28.884 37.881 0.000 0.000 0.000 1.735 34.731 37.729 35.727 0.000 0.000 0.000 30.639
22.650 33.291 37.923 35.830 47.394 62.174 62.032 45.667 24.437 17.944 0.000 39.646 52.323 25.800 0.000 0.000 0.000 0.000 44.254 50.249 42.240 40.220 49.201 42.189 32.177 0.000 0.000 0.000 0.000 0.000 0.000 0.000 0.000 34.563 31.554 30.540 4.525 0.000 36.485 30.480 30.474 30.467 30.462 31.458 5.454 0.000 0.000 35.334 34.333 5.332 0.000 0.000 34.009 30.024 30.022 30.010 28.977 28.946 32.929 0.000 0.000 2.881 0.000 0.000 0.000 0.000 34.729 29.728 29.727 30.727 0.000 2.631 32.631
34.373 48.021 23.745 22.624 62.226 62.227 48.635 35.369 31.713 36.558 0.000 6.674 41.998 0.000 0.000 0.000 0.000 40.264 44.259 46.254 44.250 0.000 0.000 0.000 44.160 28.142 0.000 0.000 0.000 0.000 0.000 0.000 2.596 44.582 41.569 16.558 0.000 0.000 49.492 35.486 31.478 30.469 34.463 11.461 0.000 10.309 48.312 29.320 33.323 5.325 0.000 0.000 0.000 35.070 30.069 34.066 1.065 0.000 0.000 0.000 0.000 0.000 0.000 0.000 0.000 0.000 34.727 29.727 29.727 34.726 0.000 0.000 6.622
55.062 43.655 23.726 19.233 62.179 23.652 29.385 31.622 35.306 53.900 63.365 51.379 0.000 0.000 0.000 0.000 38.274 32.269 38.263 53.259 52.256 0.000 0.000 0.000 0.000 45.124 0.000 0.000 0.000 30.668 0.000 0.000 46.610 45.599 51.583 44.564 9.545 63.526 60.506 58.493 56.481 48.470 29.461 16.461 0.000 24.306 77.307 31.311 32.315 6.320 0.000 0.000 0.000 40.117 26.117 31.120 2.133 0.000 0.000 0.000 0.000 0.000 0.000 0.000 0.000 30.726 32.726 34.726 28.726 33.726 0.000 0.000 3.611
63.632 50.736 33.044 61.723 19.650 21.445 20.622 20.271 29.847 57.392 52.815 24.097 0.000 0.000 37.287 3.285 45.279 37.274 48.268 43.262 22.259 0.000 0.000 0.000 0.000 49.107 25.102 0.000 0.000 26.668 34.669 38.659 40.636 42.620 32.602 29.570 37.545 37.528 57.513 40.500 34.485 32.467 12.452 0.000 0.322 19.302 87.298 43.302 9.306 0.000 0.000 0.000 0.000 53.164 26.164 33.165 5.168 0.000 0.000 0.000 0.000 0.000 0.000 0.000 9.725 32.725 47.725 45.725 38.726 0.000 0.000 0.000 4.591
61.674 59.921 61.239 38.554 26.468 22.620 22.265 20.848 27.443 43.001 38.408 0.000 0.000 0.000 40.290 61.288 56.284 57.279 39.273 0.000 0.000 0.000 0.000 0.000 40.091 31.095 23.096 0.000 0.000 0.000 38.679 42.671 42.657 42.644 26.634 0.000 33.536 34.527 58.519 44.508 38.492 24.462 31.428 46.385 66.342 55.302 79.282 44.295 8.300 0.000 0.000 0.000 0.000 51.212 27.208 28.206 33.207 0.000 0.000 0.000 0.000 0.000 0.000 0.000 0.000 2.725 51.725 48.725 1.725 0.000 0.000 0.000 0.156
59.739 61.164 60.388 59.411 41.566 21.222 21.815 22.437 21.073 23.761 0.000 0.000 0.000 0.000 56.295 46.294 44.291 40.285 0.000 0.000 0.000 0.000 0.000 41.085 32.086 28.088 11.092 0.000 0.000 0.000 38.698 46.689 55.676 54.664 56.656 44.658 0.000 2.527 61.527 45.520 19.512 0.000 34.412 44.384 71.340 33.283 17.232 0.000 0.000 0.000 0.000 0.000 4.290 42.264 29.251 30.245 33.248 6.264 0.000 0.000 0.000 0.000 0.000 0.000 0.000 0.000 8.725 9.725 0.000 0.000 0.000 0.000 0.061
61.165 60.148 62.268 62.440 46.119 22.727 25.364 25.009 22.652 23.208 0.000 36.306 0.000 2.304 50.301 50.301 57.300 0.000 0.000 15.183 3.183 0.000 0.000 36.084 30.081 24.077 0.000 0.000 0.000 0.000 36.725 37.712 39.695 38.680 36.668 28.661 0.000 0.000 63.543 49.534 34.524 0.000 33.425 44.400 68.353 24.256 20.132 3.047 0.000 0.000 0.000 0.000 4.317 49.302 28.288 30.276 30.274 31.281 35.292 7.296 0.000 0.000 0.000 0.000 0.000 0.000 0.000 0.000 0.000 0.000 0.000 0.000 0.000
60.841 63.046 62.244 62.950 36.577 27.231 46.899 40.585 22.316 0.176 0.000 33.306 48.306 53.306 39.307 60.308 52.309 0.000 0.000 29.183 60.183 12.177 0.000 37.087 31.076 28.064 0.000 0.000 44.844 40.814 36.767 38.737 43.714 43.693 41.675 52.657 44.632 4.603 63.569 55.547 55.528 47.502 28.464 46.437 54.416 0.000 22.993 5.962 0.000 0.000 0.000 0.000 14.358 53.341 25.322 27.296 28.291 29.295 34.299 6.300 0.000 0.000 0.000 0.000 0.000 0.000 0.000 0.000 0.000 0.000 0.000 0.000 0.000
