results3_8e3_rain/res_3e8f-0136.wd
ncols         241
nrows         181
xllcorner     12693529.787448
yllcorner     3542525.717860
cellsize      155.156523
NODATA_value  -9999.000000
[rows 99 to 131 of 181, columns 0 to 72 of 241]
0.000 0.000 0.000 0.000 0.000 60.163 100.163 102.163 93.163 88.162 0.000 0.000 0.000 0.000 0.000 2.161 1.161 68.161 65.161 0.000 0.000 1.159 4.158 63.158 62.158 3.157 0.000 0.000 0.000 9.873 0.000 0.000 0.000 0.000 15.736 61.732 57.723 56.706 57.682 58.655 71.627 60.595 64.560 56.522 58.480 56.436 57.388 62.337 63.284 61.229 65.172 58.114 58.055 59.994 62.930 76.860 77.801 62.754 48.710 0.000 0.000 0.000 0.000 0.000 26.736 81.731 78.721 65.703 40.680 35.658 79.636 56.614 58.593
0.000 0.000 0.000 0.000 0.000 61.164 101.164 101.164 0.000 0.000 0.000 0.000 0.000 0.000 0.000 1.161 13.161 79.161 68.161 6.160 3.160 3.159 66.159 65.158 69.158 0.157 0.000 0.000 0.000 67.873 59.873 0.000 0.000 0.000 74.778 84.773 70.765 63.751 57.733 59.710 78.684 63.654 69.620 69.582 60.541 75.496 67.448 68.396 58.342 66.286 66.228 64.169 58.109 59.049 62.984 59.891 21.827 11.790 0.000 0.000 0.000 0.000 0.000 29.749 66.744 78.739 85.731 75.720 51.705 52.688 66.671 57.654 58.635
6.166 0.000 0.000 0.000 0.000 48.164 97.164 106.164 16.165 0.000 0.000 0.000 0.000 0.000 0.000 0.161 2.161 86.161 67.161 68.161 70.160 67.160 64.159 65.159 63.158 1.158 0.000 0.000 0.000 60.873 60.873 61.872 60.865 60.851 59.826 69.818 78.811 25.802 89.787 79.768 84.745 69.717 14.684 85.647 83.605 82.560 86.511 75.458 58.403 61.345 66.285 66.224 63.164 59.108 48.067 0.000 0.000 0.000 0.000 0.000 0.000 0.000 0.000 39.753 66.753 66.751 77.746 76.739 59.730 59.720 58.708 58.694 58.679
74.166 77.166 9.166 0.000 0.000 58.165 97.165 102.165 112.165 17.165 0.000 0.000 0.000 0.000 8.163 8.162 6.162 23.161 71.161 68.161 86.160 100.160 75.160 60.159 0.000 0.000 0.000 0.000 0.000 0.000 59.875 60.877 60.871 60.863 60.857 59.861 59.861 58.857 59.847 64.832 76.811 70.784 13.752 85.715 86.673 64.628 71.578 88.524 82.466 69.405 59.343 65.279 66.215 69.152 54.109 0.000 0.000 0.000 0.000 0.000 0.000 0.000 0.000 1.758 17.763 63.764 60.763 60.761 58.758 58.753 58.746 58.736 58.725
88.167 71.167 71.166 73.166 75.166 94.165 102.165 102.165 102.165 104.165 78.165 17.165 0.164 66.163 73.163 74.163 36.162 31.162 94.162 102.161 97.161 93.160 76.160 0.159 0.000 0.000 0.000 0.000 0.000 0.000 0.000 60.890 59.878 58.874 59.879 60.907 60.916 60.917 60.912 61.900 80.882 75.857 58.825 60.788 71.746 82.699 59.649 71.593 72.532 65.466 85.402 68.336 60.264 1.211 0.000 0.000 0.000 0.000 0.000 0.000 0.000 0.000 0.000 0.000 9.778 63.780 58.782 58.784 58.787 58.787 58.785 56.781 54.774
103.167 93.167 74.167 78.166 96.166 102.166 102.166 102.165 102.165 97.165 69.165 75.165 3.164 57.163 92.163 100.163 100.163 84.162 99.162 106.162 16.161 0.000 0.000 0.000 0.000 0.000 0.000 0.000 0.000 0.000 0.000 60.916 0.000 0.000 0.000 61.973 60.978 60.983 60.983 61.976 77.961 82.936 59.904 60.866 60.823 78.775 79.724 57.668 65.603 84.527 76.462 54.399 0.000 0.000 0.000 0.000 0.000 0.000 0.000 0.000 0.000 0.000 0.000 0.000 6.791 63.794 58.800 58.808 58.817 57.824 56.828 61.829 62.826
103.167 103.167 98.167 101.167 102.166 102.166 102.166 102.166 102.166 98.166 73.165 90.165 0.000 0.000 70.163 94.163 102.163 103.163 102.162 107.162 10.162 0.000 0.000 0.000 0.000 0.000 0.000 0.000 0.000 0.000 0.000 60.942 0.001 0.015 63.039 61.033 61.041 61.053 61.062 61.061 78.048 83.023 59.989 60.948 60.903 61.856 82.805 76.751 83.685 73.577 54.519 0.000 0.000 0.000 0.000 0.000 0.000 0.000 0.000 0.000 0.000 0.000 0.000 0.000 61.802 58.806 58.816 58.831 58.851 57.865 59.874 63.880 64.882
101.167 102.167 102.167 102.167 102.167 102.167 102.166 102.166 102.166 103.166 98.166 105.165 29.165 8.165 58.164 77.164 100.163 102.163 103.163 91.163 5.162 0.000 0.000 0.000 0.000 0.000 0.000 0.000 0.000 0.000 0.000 54.968 59.994 60.019 59.045 61.078 61.100 61.126 61.150 61.158 78.147 83.120 60.081 61.035 60.987 60.938 65.890 88.845 68.810 0.000 0.000 0.000 0.000 0.000 0.000 0.000 0.000 0.000 0.000 0.000 0.000 0.000 0.000 0.000 14.808 65.814 61.825 62.849 60.890 56.910 63.923 64.934 62.943
98.168 103.168 102.167 102.167 102.167 102.167 102.167 102.167 102.166 102.166 103.166 96.166 80.165 71.165 65.164 92.164 102.164 102.164 107.163 10.163 0.000 0.000 0.000 0.000 0.000 0.000 0.000 0.000 0.000 0.000 0.000 0.000 0.000 0.000 0.000 61.133 61.157 61.200 61.255 61.275 77.263 84.228 61.180 61.125 61.071 61.020 60.973 66.931 19.898 0.000 0.000 0.000 0.000 0.000 0.000 0.000 0.000 0.000 0.000 0.000 0.000 0.000 0.000 0.000 0.000 2.815 0.820 0.000 6.951 65.961 63.974 64.990 62.008
98.168 103.168 102.168 102.168 102.168 102.168 102.167 102.167 102.167 102.167 103.166 88.166 67.166 66.165 75.165 99.165 102.164 102.164 108.164 13.164 4.164 0.000 0.000 0.000 0.000 0.000 0.000 0.000 0.000 0.000 0.000 0.000 0.000 0.000 0.000 57.164 61.195 58.263 61.395 61.423 80.401 84.350 61.284 61.215 61.151 61.097 61.050 58.008 7.953 0.000 0.000 0.000 0.000 0.000 0.000 0.000 0.000 0.000 0.000 0.000 0.000 58.086 0.000 0.000 0.000 0.000 0.000 0.033 62.001 63.009 65.023 65.045 62.074
101.168 102.168 102.168 102.168 102.168 102.168 102.168 102.168 102.167 102.167 102.167 99.166 76.166 77.166 94.165 101.165 102.165 102.164 109.164 26.164 0.000 0.000 0.000 0.000 0.000 0.000 0.000 0.000 0.000 0.000 0.000 0.000 0.000 0.000 0.000 0.000 57.195 0.000 60.638 61.621 89.569 76.488 61.391 61.299 61.223 74.166 64.124 59.099 0.000 0.000 0.000 0.000 0.000 0.000 0.000 0.000 0.000 0.000 0.000 0.000 10.086 69.086 54.086 0.000 0.000 0.000 0.066 63.059 66.045 65.049 62.065 58.093 58.134
102.169 102.169 102.169 102.169 102.169 102.169 102.168 102.168 102.168 102.168 102.167 102.167 104.166 104.166 103.166 102.165 102.165 104.165 93.165 36.164 0.000 0.000 0.000 0.000 0.000 0.000 0.000 0.000 0.000 0.000 0.000 0.000 0.000 0.000 0.000 0.000 0.000 0.000 60.899 61.854 95.767 64.642 61.492 61.366 73.278 82.218 61.180 61.164 60.181 0.000 0.000 0.000 0.000 0.000 0.000 0.000 0.000 0.000 0.000 0.000 0.000 65.086 66.086 53.086 0.083 59.083 61.080 65.073 64.070 62.078 61.095 57.127 65.177
101.170 100.170 102.170 102.170 102.169 102.169 102.169 102.169 102.169 102.168 102.168 102.167 102.167 102.166 102.166 102.166 103.165 86.165 14.165 5.165 63.165 77.165 23.165 0.000 0.000 4.164 0.000 0.000 0.000 0.000 0.000 0.000 0.000 0.000 0.000 3.018 3.001 0.000 57.205 68.127 91.004 61.819 58.569 61.397 61.305 61.249 61.215 61.198 61.197 58.197 0.000 0.000 0.000 0.000 0.000 0.000 0.000 0.000 0.000 0.000 0.000 60.086 56.086 62.086 57.086 65.085 65.084 64.084 60.086 63.095 58.112 57.142 57.192
91.170 91.170 100.170 102.170 102.170 102.170 102.170 102.170 102.169 102.169 102.168 103.168 104.167 102.167 102.166 102.166 102.165 24.165 8.165 63.165 73.165 83.165 82.165 75.165 67.164 8.164 0.000 0.000 0.000 0.000 0.000 0.000 0.000 0.000 3.051 62.034 64.984 64.848 61.588 60.446 69.304 57.062 0.000 57.346 61.296 61.257 61.231 61.217 60.212 0.000 0.000 0.000 0.000 0.000 0.000 0.000 62.086 73.086 0.000 0.000 61.086 59.086 59.087 56.087 64.087 65.088 65.088 62.091 65.095 65.104 63.118 58.136 47.155
73.171 78.171 97.171 103.171 102.171 102.171 102.171 102.170 102.170 102.170 104.169 90.169 86.168 101.167 106.166 103.166 98.166 80.165 83.165 89.165 83.165 84.165 63.165 56.165 2.164 0.000 0.000 0.000 0.000 0.000 0.000 0.000 0.000 0.000 53.068 59.084 62.053 61.973 61.853 61.764 63.704 0.000 0.000 0.000 56.275 61.253 61.237 61.226 61.221 0.000 0.000 0.000 0.000 0.000 0.000 22.086 79.086 61.086 59.086 59.086 59.086 59.087 57.087 62.087 65.088 65.089 61.092 65.095 65.101 64.109 58.118 59.129 49.137
57.171 72.171 91.172 104.172 105.172 105.172 103.172 102.171 103.171 102.171 103.170 41.169 12.168 60.167 78.167 99.166 106.166 104.166 104.166 90.165 13.165 0.000 0.000 0.000 0.000 0.000 0.000 0.000 0.000 8.002 10.002 0.000 0.000 0.000 0.000 58.183 62.171 60.137 61.088 63.054 64.044 0.000 0.000 0.000 0.000 54.245 61.237 61.230 58.226 0.000 0.000 0.000 0.000 0.000 0.000 0.000 21.086 75.086 58.086 58.086 59.086 58.087 58.087 64.087 65.088 63.090 51.093 4.098 69.105 63.111 63.118 63.124 49.128
21.172 43.172 76.173 82.173 76.173 78.173 95.173 103.172 99.172 92.172 91.171 26.171 0.000 0.000 0.000 36.166 71.166 97.166 104.166 1.166 0.000 0.000 0.000 0.000 0.000 0.000 0.000 0.000 0.000 50.002 71.002 16.002 1.002 0.000 0.000 58.292 64.312 63.314 72.309 73.320 63.374 8.534 0.000 0.000 0.000 0.000 58.234 59.232 0.000 0.000 0.000 0.000 0.000 0.000 0.000 0.000 0.000 80.086 83.086 63.086 57.086 55.087 65.087 65.087 60.088 0.000 0.000 0.000 10.109 68.113 65.118 65.121 55.124
0.000 0.000 57.175 66.175 18.174 4.174 67.174 96.174 87.173 83.173 97.172 64.172 24.173 0.000 0.000 0.000 0.000 42.166 73.167 0.000 0.000 0.000 0.000 0.000 0.000 0.000 0.000 0.000 0.000 0.000 55.002 73.002 4.002 0.000 0.000 49.382 63.472 61.499 91.515 84.542 62.598 64.695 10.801 0.000 0.000 0.000 53.234 0.000 0.000 0.000 0.000 0.000 0.000 0.000 0.000 0.000 0.000 0.000 68.086 85.086 70.086 64.086 65.087 60.087 0.000 0.000 0.000 0.000 0.000 60.116 65.118 65.120 60.122
0.000 0.000 53.176 98.176 55.176 4.176 56.175 88.175 90.174 101.174 103.173 106.173 112.173 51.173 20.173 0.000 0.000 0.000 13.168 8.168 0.000 1.168 0.000 0.000 0.000 0.000 0.000 0.000 0.000 0.000 56.002 71.002 1.002 8.003 12.003 0.000 56.693 64.697 94.708 76.734 64.781 63.846 68.907 0.000 0.000 0.000 0.000 0.000 0.000 0.000 0.000 0.000 0.000 0.000 0.000 0.000 0.000 0.000 0.000 6.086 73.086 63.086 61.086 0.000 0.000 0.000 0.000 0.000 59.117 58.117 60.118 54.119 0.000
26.181 41.180 75.179 93.178 101.177 70.177 83.176 106.176 103.175 102.175 102.174 102.174 102.173 108.173 111.172 67.172 26.171 8.170 71.169 85.168 78.168 80.168 36.167 12.167 9.167 0.000 0.000 0.000 0.000 0.000 35.002 57.002 63.003 63.003 66.003 25.004 57.912 86.885 88.887 65.907 63.945 64.001 67.074 12.194 7.246 0.000 0.000 0.000 0.000 0.000 0.000 0.000 0.000 0.000 0.000 0.000 0.000 0.000 0.000 0.000 0.000 0.000 7.086 0.000 0.000 0.000 0.000 61.117 56.117 54.117 0.000 0.000 0.000
99.181 102.181 102.180 100.179 98.179 99.178 101.178 101.177 102.177 103.176 103.175 102.175 95.174 99.173 102.172 106.172 110.171 111.170 103.169 99.168 96.168 91.168 93.167 86.167 42.167 20.166 0.000 0.000 0.000 0.000 0.000 0.000 0.000 0.000 0.000 82.097 71.065 100.047 91.046 78.062 65.093 64.138 64.195 68.261 64.299 0.000 0.000 0.000 0.000 0.000 0.000 0.000 0.000 0.000 0.000 0.000 0.000 0.000 0.000 0.000 0.000 0.000 0.000 0.000 0.000 0.000 0.000 0.000 0.000 0.000 0.000 0.000 0.000
102.182 97.182 95.182 94.181 88.180 85.180 86.179 86.178 92.178 97.177 97.176 90.175 74.174 89.174 102.173 102.172 102.171 102.170 102.169 102.169 103.168 103.168 106.167 107.167 107.166 107.166 46.166 0.000 0.000 0.000 0.000 0.000 0.000 0.000 0.000 54.221 80.204 85.191 69.189 86.202 74.227 64.263 64.308 67.355 10.390 0.000 0.000 0.000 0.000 0.000 0.000 0.000 0.000 0.000 0.000 0.000 0.000 0.000 0.000 0.000 0.000 0.000 0.000 0.000 0.000 0.000 0.000 0.000 0.000 0.000 0.000 0.000 0.000
72.184 45.183 67.183 81.183 79.182 59.181 44.181 40.180 60.179 77.178 76.177 69.176 64.175 74.174 95.173 103.172 102.171 102.170 102.169 102.169 102.168 106.168 81.167 69.167 68.166 72.166 75.165 14.164 3.163 0.066 0.023 0.000 0.000 0.000 0.000 52.363 88.341 71.322 63.318 73.328 84.350 68.380 64.418 64.462 70.515 14.607 8.651 0.687 0.000 0.000 0.000 0.000 0.000 0.000 0.000 0.000 0.000 0.000 0.000 0.000 0.000 0.000 0.000 0.000 0.000 0.000 0.000 0.000 0.000 0.000 0.000 0.000 0.000
62.185 33.185 55.185 70.184 66.184 43.183 29.182 33.181 53.180 67.179 65.178 65.177 66.176 64.174 83.173 100.172 102.171 102.170 102.169 102.168 101.168 64.168 0.000 0.000 0.000 0.000 0.000 0.000 0.000 58.687 78.686 30.685 16.682 12.670 59.626 76.526 93.475 70.438 64.434 62.444 79.463 81.490 67.522 64.560 64.603 67.653 76.689 14.718 9.729 0.000 0.000 0.000 0.000 0.000 0.000 0.000 0.000 0.000 0.000 0.000 0.000 0.000 0.000 0.000 0.000 0.000 0.000 0.000 0.000 0.000 0.000 0.000 0.000
75.187 71.187 66.187 65.186 66.185 68.185 69.184 72.183 71.182 67.181 66.179 66.178 66.176 65.175 72.173 94.172 103.171 102.169 104.169 76.168 42.168 0.000 0.000 0.000 0.000 0.000 0.000 0.000 0.000 23.687 45.687 48.687 52.690 66.701 63.684 84.640 81.594 55.522 62.535 64.549 66.569 79.593 71.621 66.652 64.684 63.714 80.734 71.744 65.739 0.000 0.000 0.000 0.000 0.000 0.000 0.000 0.000 0.000 0.000 0.000 0.000 0.000 0.000 0.000 0.000 0.000 0.000 0.000 0.000 0.000 0.000 0.000 0.000
65.189 66.189 66.189 66.188 66.187 66.187 66.186 66.185 66.183 66.182 66.181 66.179 66.177 66.176 64.174 85.172 102.170 104.169 100.168 26.167 0.000 0.000 0.000 0.000 0.000 0.000 0.000 0.000 0.000 0.000 0.000 0.000 0.000 50.762 67.767 93.755 67.739 0.000 50.635 65.650 63.671 67.693 68.718 77.743 66.766 64.784 63.791 59.783 0.762 0.000 0.000 0.000 0.000 0.000 0.000 0.000 0.000 0.000 0.000 0.000 0.000 0.000 0.000 0.000 0.000 0.000 0.000 0.000 0.000 0.000 0.000 0.000 24.490
66.191 66.191 66.191 66.190 66.189 66.189 66.188 65.186 65.185 66.184 66.182 66.180 66.178 66.176 65.174 73.172 88.170 99.168 87.167 13.166 0.000 0.000 0.000 0.000 0.000 0.000 0.000 0.000 0.000 0.000 0.000 0.000 0.000 27.816 76.869 101.874 11.869 0.000 48.720 66.745 64.769 63.792 71.814 82.835 70.853 64.865 68.862 1.824 0.000 0.000 0.000 0.000 0.000 0.000 0.000 0.000 0.000 0.000 0.000 0.000 0.000 0.000 0.000 0.000 0.000 0.000 0.000 0.000 0.000 0.000 0.000 0.000 81.568
66.194 66.194 66.193 66.193 66.192 66.191 66.190 70.188 71.187 67.185 66.183 66.181 66.179 66.177 66.174 65.172 68.169 77.167 77.165 18.163 0.000 0.000 0.000 0.000 0.000 0.000 19.783 0.000 0.000 0.000 0.000 0.000 0.000 0.159 81.018 96.003 18.993 0.000 32.780 63.840 64.870 64.892 63.911 68.930 70.947 66.961 68.968 0.000 0.000 0.000 0.000 0.000 0.000 0.000 0.000 0.000 0.000 0.000 0.000 0.000 0.000 0.000 0.000 0.000 0.000 0.000 0.000 0.000 0.000 0.000 0.000 65.790 74.698
66.196 66.196 66.196 66.195 66.194 66.193 65.192 77.191 82.189 69.187 66.185 66.183 66.181 66.178 66.175 66.172 66.169 65.165 68.162 49.160 0.000 0.000 0.000 0.000 0.000 61.783 82.783 44.780 35.771 34.759 0.000 0.000 0.000 62.288 104.182 78.128 78.106 5.129 0.000 49.966 66.979 64.994 65.010 63.027 79.045 83.064 77.082 0.233 0.000 0.000 0.000 0.000 0.000 0.000 0.000 0.000 0.000 0.000 0.000 0.000 0.000 0.000 0.000 0.000 0.000 0.000 0.000 0.000 0.000 0.000 39.954 90.881 76.806
66.199 66.199 66.199 66.198 66.197 66.196 65.195 78.193 84.191 68.190 66.187 66.185 66.182 66.179 66.176 66.172 66.168 66.164 66.159 72.154 43.147 0.000 0.000 0.000 1.784 24.784 39.784 61.787 69.775 73.748 47.695 23.625 58.530 96.396 94.295 74.218 56.176 14.153 0.000 50.080 67.085 66.095 69.107 64.122 73.142 96.168 93.210 38.300 2.351 18.375 0.000 0.000 0.000 0.000 0.000 0.000 0.000 0.000 0.000 0.000 0.000 0.000 0.000 0.000 0.000 0.000 0.000 0.000 0.000 0.000 77.027 132.975 115.912
63.202 64.202 65.202 65.201 66.200 66.199 64.198 79.196 82.194 65.192 66.190 66.187 66.184 66.180 66.177 66.172 66.168 66.162 66.156 66.149 72.140 52.128 3.120 0.000 0.000 0.000 0.000 37.809 68.792 64.761 67.713 71.649 83.569 100.473 84.383 52.276 2.226 0.000 0.000 49.188 66.188 69.193 82.201 68.213 78.231 79.256 98.292 102.340 85.378 35.399 0.000 0.000 0.000 0.000 0.000 0.000 0.000 0.000 0.000 0.000 0.000 0.000 0.000 0.000 0.000 0.000 0.000 0.000 0.000 63.242 73.151 74.080 77.015
84.206 79.205 74.205 72.204 68.203 64.202 64.201 79.199 82.197 64.195 66.192 66.189 66.186 66.182 66.178 66.173 65.168 64.162 65.155 65.146 65.136 71.124 48.112 25.098 0.077 0.000 0.000 36.847 74.825 68.791 63.747 76.691 99.622 93.543 61.488 0.000 0.000 0.000 0.000 47.294 65.288 70.287 77.291 72.300 77.314 76.334 89.360 83.392 76.420 49.446 4.475 0.000 0.000 0.000 0.000 0.000 0.000 0.000 0.000 0.000 0.000 0.000 0.001 0.001 10.020 0.000 0.000 6.409 40.409 68.333 137.254 101.189 133.075
104.209 103.209 99.209 94.208 90.207 85.206 80.204 76.202 71.200 65.198 66.195 66.192 66.189 66.185 65.180 67.175 73.169 78.162 77.155 75.145 69.134 64.121 68.105 74.084 38.051 19.015 22.969 56.907 79.868 70.832 66.792 89.746 101.686 57.590 2.539 0.000 0.000 10.489 17.467 51.407 64.384 69.375 85.375 75.381 68.391 61.406 67.424 85.445 82.467 88.487 7.505 0.000 0.000 0.000 0.000 0.000 0.000 0.000 0.000 0.000 0.000 0.000 0.000 0.000 7.020 0.000 0.000 0.000 75.486 66.424 76.357 99.252 75.426
