results3_8e3_rain/res_3e8f-0092.wd
ncols         241
nrows         181
xllcorner     12693529.787448
yllcorner     3542525.717860
cellsize      155.156523
NODATA_value  -9999.000000
[rows 66 to 98 of 181, columns 73 to 145 of 241]
68.105 32.094 0.000 57.300 74.279 73.250 73.223 0.000 44.659 44.642 57.651 53.659 52.640 52.596 51.532 127.440 115.281 0.000 0.000 0.000 48.122 43.067 47.985 50.930 50.885 52.844 53.806 58.764 59.726 60.682 51.623 0.000 0.000 48.940 98.940 80.849 84.701 84.778 82.823 90.752 83.214 83.684 84.414 83.178 82.948 83.735 53.574 0.000 0.000 0.000 0.000 0.000 0.000 0.000 28.468 26.448 26.411 26.358 26.292 26.222 30.147 43.063 39.973 24.877 35.779 44.685 23.596 26.510 32.426 37.344 33.263 27.184 25.106
53.106 59.084 0.000 45.502 69.468 68.441 62.443 15.522 0.000 0.000 50.724 63.796 52.795 51.766 52.725 33.686 0.000 0.000 0.000 0.000 0.000 0.000 58.930 56.907 54.878 37.841 40.803 47.761 48.730 53.699 44.661 0.000 0.000 0.000 59.183 77.087 84.018 84.104 91.196 90.982 83.296 83.976 83.678 83.459 83.240 78.045 35.907 0.000 0.099 33.102 0.000 0.000 0.000 34.507 29.507 26.485 26.446 26.394 26.331 26.262 26.187 26.105 33.019 46.928 47.837 30.747 24.659 25.574 26.491 30.409 29.329 25.250 25.172
55.114 54.051 58.924 56.737 70.650 63.604 64.588 61.600 0.000 0.000 0.000 66.006 60.980 55.947 57.915 4.893 0.000 0.000 0.000 0.000 0.000 0.000 57.898 53.889 44.878 0.000 0.000 45.748 57.735 56.722 0.000 0.000 4.898 61.777 53.520 57.339 64.412 79.467 91.396 83.056 84.600 84.156 83.958 83.732 81.510 64.298 43.102 49.102 47.102 28.102 0.000 0.000 0.000 0.000 43.568 25.538 26.495 30.440 38.378 28.308 26.233 25.153 29.068 43.981 50.893 42.806 28.720 23.636 25.554 25.473 25.393 25.314 24.236
55.152 53.082 56.985 67.873 61.791 54.737 73.703 62.690 14.704 0.000 8.379 58.242 74.172 69.127 69.096 72.078 0.000 0.000 0.000 0.000 3.862 3.866 55.874 46.872 49.867 0.000 0.000 0.000 93.741 120.731 35.731 0.000 61.018 55.915 55.752 55.657 51.737 91.763 91.585 84.110 87.708 84.446 84.228 84.005 75.770 28.534 0.000 51.102 29.102 0.000 0.000 0.000 31.773 30.736 29.659 25.606 29.554 41.495 46.431 44.360 37.284 27.204 36.121 44.035 22.950 28.864 41.780 38.697 34.616 42.536 23.456 25.377 23.299
53.206 59.139 69.060 60.977 52.906 52.848 65.799 73.753 69.719 72.648 74.516 69.411 64.340 66.293 55.262 54.247 0.000 0.000 0.000 4.857 60.859 59.860 47.862 49.859 50.852 54.838 53.829 0.000 4.756 0.000 0.000 7.403 67.241 60.113 54.953 56.042 54.085 91.925 53.746 61.327 75.915 83.727 84.505 82.290 41.030 0.000 0.000 0.000 0.000 0.000 0.000 32.835 26.810 26.776 26.726 27.674 37.618 46.557 45.490 45.417 41.340 37.259 47.175 30.090 25.005 25.921 25.838 35.757 48.677 35.598 23.518 24.438 30.361
59.269 70.207 60.140 53.071 54.007 53.950 55.892 39.805 65.769 63.710 55.626 52.546 51.485 67.441 69.413 56.399 0.000 0.000 0.000 60.855 56.855 53.855 46.854 50.851 50.844 50.833 50.820 9.798 12.771 13.748 15.701 83.564 80.435 69.306 68.263 57.260 92.212 92.075 55.806 62.449 57.218 64.013 82.776 57.620 0.000 0.000 0.000 0.000 0.000 0.000 0.000 32.860 26.856 26.834 26.795 27.746 36.689 46.625 45.555 44.480 41.400 46.316 40.231 24.146 26.061 25.977 25.895 35.816 43.739 22.661 25.581 28.495 47.421
70.339 60.282 53.221 54.160 54.102 55.052 36.014 0.000 22.845 50.796 53.730 53.664 53.612 51.574 75.550 59.538 0.000 0.000 0.000 37.854 54.852 48.851 49.849 50.845 50.839 50.830 50.819 61.803 1.782 5.773 22.789 75.719 85.620 7.510 89.432 79.624 92.331 54.394 68.032 64.670 54.534 51.331 47.967 32.793 0.000 0.000 28.471 0.000 0.000 0.000 0.000 28.890 26.920 26.908 26.874 26.825 27.767 33.700 41.626 41.546 41.462 45.376 23.288 26.201 26.114 25.031 30.950 47.873 30.800 24.728 27.651 8.538 9.469
60.413 53.359 54.303 54.246 54.191 57.141 13.098 11.063 3.968 48.901 53.835 55.766 53.724 52.694 70.675 66.666 0.000 0.000 0.000 0.000 45.849 48.848 50.846 50.842 50.837 50.831 52.822 38.813 0.000 0.000 72.963 75.904 86.817 92.690 86.793 84.828 92.433 75.451 78.149 62.987 55.889 48.812 0.000 0.000 0.000 0.000 26.471 0.000 0.000 0.000 0.000 0.000 30.025 27.005 26.967 26.915 26.853 26.782 26.702 33.617 41.528 29.437 26.345 26.254 26.166 29.082 42.002 41.927 23.859 25.800 28.756 0.000 0.000
53.492 54.440 54.385 54.330 54.275 54.222 58.173 59.125 59.063 55.005 54.941 34.844 51.824 52.804 68.790 67.783 0.000 0.000 0.000 0.000 44.846 50.845 50.844 50.841 50.837 50.833 38.828 0.000 0.000 1.419 78.197 84.119 87.023 86.971 86.048 92.569 84.945 87.659 82.344 67.282 57.220 56.216 56.356 0.000 0.000 0.000 23.472 30.472 23.472 0.000 0.000 0.000 45.151 26.120 27.074 27.017 26.949 27.871 26.785 26.693 26.596 26.498 26.401 26.305 25.214 31.128 46.048 22.975 25.910 25.856 27.818 2.813 0.000
54.574 54.522 54.468 54.413 54.356 54.300 54.248 54.200 54.154 54.114 58.082 0.000 44.922 53.909 69.897 64.895 0.957 0.000 0.000 0.000 49.845 52.844 52.842 52.840 50.838 53.836 0.000 0.000 0.000 70.576 76.449 87.351 87.228 87.334 85.379 92.783 86.086 90.727 86.616 87.547 75.496 63.475 52.496 47.496 49.496 0.000 0.000 29.473 24.472 30.467 31.451 29.409 35.309 45.249 27.193 28.128 37.054 43.969 25.875 26.773 26.667 26.560 26.454 25.353 30.257 49.169 43.088 32.015 24.950 25.895 27.849 42.808 60.746
54.659 54.608 54.553 54.497 54.437 54.375 54.319 57.272 55.241 54.213 58.192 0.000 45.034 54.013 70.994 62.988 3.010 0.000 0.000 0.000 22.844 32.843 31.842 31.840 52.839 37.837 0.000 0.000 0.000 72.761 82.676 87.577 87.529 86.630 93.440 93.130 87.159 88.000 86.855 86.796 87.740 78.694 43.657 0.000 0.000 0.000 0.000 27.475 27.477 24.478 26.477 27.468 26.426 33.376 47.319 30.251 28.170 38.077 25.971 26.857 26.738 26.619 26.504 26.395 34.294 47.202 34.119 46.046 23.982 24.925 29.874 50.825 62.768
54.747 54.695 54.641 54.584 54.519 57.444 59.383 31.327 52.326 55.305 57.280 17.257 48.167 53.115 65.077 63.055 4.047 0.000 0.000 0.000 0.000 0.000 0.000 0.000 33.838 0.000 0.000 0.000 21.201 71.031 87.917 87.791 87.902 85.984 93.720 85.757 91.460 87.152 87.104 87.035 86.973 76.905 37.781 0.000 0.000 0.000 0.000 0.000 30.483 31.490 18.510 26.562 27.550 27.512 31.456 47.385 30.299 27.197 27.078 26.946 26.809 26.675 24.548 30.429 49.321 30.225 29.142 43.069 27.005 24.949 31.898 57.848 62.798
54.836 54.785 54.733 54.678 56.612 32.499 34.441 0.000 14.431 50.403 54.366 58.324 54.261 57.203 62.146 67.107 6.077 0.000 0.000 0.000 0.000 0.000 0.000 0.000 0.000 0.000 0.000 4.492 80.371 82.248 88.138 88.090 87.205 94.225 93.981 86.826 87.538 87.407 87.335 87.269 86.213 66.172 0.000 0.000 0.000 0.000 0.000 0.000 0.000 22.490 0.000 33.720 30.702 26.664 26.608 28.535 45.445 34.334 26.197 27.039 26.878 25.726 30.583 32.453 31.336 28.237 26.154 26.083 26.022 26.968 39.920 61.874 62.829
54.926 54.875 54.827 54.784 59.751 0.000 0.000 20.650 12.563 46.508 55.460 53.410 55.353 67.289 39.195 33.151 0.000 0.000 0.000 0.000 0.000 0.000 0.000 0.000 0.000 0.000 0.000 67.613 72.543 86.453 88.334 88.461 86.554 94.448 86.337 88.009 87.700 87.638 87.561 87.494 79.437 56.398 0.000 0.000 0.000 0.000 0.000 0.000 0.000 0.000 0.000 37.896 32.875 26.834 24.776 27.704 27.612 43.495 36.340 27.133 27.939 25.765 32.608 32.463 29.333 23.233 26.154 26.088 28.032 41.983 60.939 62.899 65.862
56.012 53.962 53.918 53.880 56.857 26.862 23.822 55.737 60.665 54.606 52.554 59.503 69.451 72.405 0.000 0.000 0.000 0.000 0.000 0.000 0.000 0.000 0.000 0.000 0.000 0.000 0.000 69.804 77.739 87.649 88.639 87.677 94.861 94.660 87.374 88.075 87.934 87.854 87.779 87.709 69.644 51.586 0.000 0.000 0.000 0.000 0.000 0.000 0.000 0.000 0.000 36.095 34.066 34.020 30.961 23.890 25.805 26.696 42.533 42.216 38.981 35.788 28.619 27.460 24.299 25.208 26.140 30.084 50.035 61.992 61.954 62.920 61.891
70.094 69.044 68.000 65.963 62.933 63.908 63.868 60.810 61.752 63.699 63.648 69.597 71.544 29.474 0.000 0.000 0.000 0.000 0.000 0.000 0.000 0.000 0.000 0.000 0.000 8.321 16.242 71.060 87.951 88.859 88.808 88.035 95.047 86.860 88.531 88.216 88.148 88.065 87.990 85.920 67.844 38.715 0.000 0.000 0.000 0.000 0.000 0.000 0.000 0.000 0.000 26.322 30.276 33.219 34.157 33.092 30.022 25.949 19.883 0.000 0.000 0.000 0.000 0.000 28.197 26.159 29.115 50.072 63.033 61.997 62.965 65.937 61.914
66.170 68.121 67.077 69.038 71.004 69.970 68.931 66.884 64.836 64.788 65.741 61.695 61.653 0.000 0.000 0.000 0.000 0.000 0.000 0.000 0.000 0.000 0.000 0.000 0.000 57.401 80.345 79.243 88.149 89.037 89.164 87.266 95.220 88.959 88.561 88.434 88.348 88.268 88.198 84.138 64.096 0.000 0.000 0.000 0.000 0.000 0.000 0.000 0.000 0.000 33.760 28.594 25.498 27.423 32.358 34.298 34.243 35.196 26.165 0.000 0.000 0.000 0.000 0.000 29.133 27.115 43.088 64.057 62.027 61.999 61.973 62.950 61.931
54.240 54.192 55.149 62.110 71.074 77.038 65.001 58.961 53.919 51.876 50.833 56.787 35.720 0.000 0.000 0.000 0.000 0.000 0.000 0.000 0.000 0.000 0.000 0.000 0.000 63.536 79.493 87.419 89.335 89.303 88.433 95.527 95.380 90.983 88.786 88.622 88.543 88.463 88.394 83.338 58.305 0.000 0.000 0.000 0.000 0.000 0.000 0.000 0.000 34.066 28.926 28.797 28.698 27.618 24.553 29.498 33.456 34.427 31.418 0.000 0.000 0.000 0.000 32.075 26.088 30.081 58.064 62.043 62.020 61.998 61.977 61.958 61.944
53.305 53.258 57.216 62.178 64.143 67.108 57.074 53.038 54.002 53.965 55.929 33.901 0.000 0.000 0.000 0.000 0.000 0.000 0.000 0.000 0.000 0.000 0.000 0.000 0.000 49.716 78.671 88.606 89.508 89.638 87.748 95.663 88.542 90.211 88.888 88.820 88.729 88.648 88.576 79.517 52.482 0.000 0.000 0.000 0.000 0.000 0.000 0.000 33.335 29.206 29.082 28.971 28.877 28.800 28.737 25.688 24.654 27.640 34.661 34.758 0.000 0.000 0.000 26.062 27.063 45.058 62.046 61.030 61.013 61.995 61.979 61.964 61.952
53.365 53.320 55.280 56.244 54.210 53.179 54.148 53.117 53.086 53.052 58.018 2.988 0.000 0.000 0.000 0.000 0.000 0.000 0.000 0.000 0.000 0.000 0.000 0.000 1.171 57.939 86.873 89.798 89.771 88.903 95.910 95.791 91.545 89.242 89.094 89.001 88.910 88.824 89.744 69.672 57.623 0.000 0.000 33.050 0.000 32.772 34.720 34.620 29.465 29.339 29.227 29.127 29.040 28.967 28.908 28.862 27.832 24.819 33.827 34.855 27.855 0.000 0.000 34.048 26.046 34.040 40.031 43.019 47.005 52.992 58.978 60.967 60.958
54.420 54.378 54.341 54.307 54.276 53.248 53.222 53.197 53.171 52.141 60.101 11.044 0.000 0.000 0.000 0.000 0.000 0.000 0.000 0.000 0.000 0.000 0.000 0.000 42.325 78.183 89.087 89.975 90.116 88.208 96.016 89.008 90.677 89.358 89.280 89.181 89.087 88.994 89.902 61.806 39.715 0.000 0.000 29.050 0.000 27.824 29.767 29.677 29.566 29.459 29.360 29.270 29.190 29.122 29.066 29.022 26.992 28.976 34.975 31.981 0.000 0.000 0.000 33.035 32.032 31.027 30.019 29.009 27.999 31.988 42.977 38.968 40.960
52.471 52.432 52.398 52.367 52.340 52.316 52.295 53.277 55.261 57.241 32.201 0.000 0.000 0.000 0.000 0.000 0.000 0.000 0.000 0.460 9.448 0.000 0.000 12.644 53.509 84.387 90.276 90.262 89.289 96.203 96.114 92.003 89.706 89.553 89.456 89.358 89.261 89.164 85.065 31.936 0.000 0.000 0.000 29.051 35.028 29.934 29.847 29.755 29.662 29.571 29.483 29.402 29.328 29.264 29.210 29.168 26.138 35.120 35.113 31.114 0.000 0.000 0.000 32.025 31.022 32.016 32.009 32.001 31.992 31.983 30.975 30.967 29.961
53.517 53.482 56.451 60.424 63.400 67.381 69.366 72.356 71.353 63.361 1.428 12.554 36.592 4.614 0.000 0.000 0.000 0.000 0.000 40.472 67.446 7.412 0.000 46.778 79.682 89.570 90.467 90.396 89.619 96.278 88.451 90.133 89.813 89.734 89.633 89.534 89.435 90.337 77.259 0.000 0.000 0.000 0.000 9.075 29.098 30.037 31.931 31.835 29.757 29.679 29.602 29.527 29.457 29.396 29.344 26.303 31.272 34.253 35.246 26.247 0.000 0.000 0.000 16.019 37.013 37.008 34.001 30.994 30.986 31.978 32.972 32.965 31.961
55.559 54.528 61.500 70.476 71.456 70.441 69.431 68.428 65.435 59.458 34.515 51.568 69.607 38.636 22.662 0.000 0.000 0.000 11.532 50.499 64.454 3.378 22.230 64.010 88.869 91.755 90.597 90.809 88.784 96.342 90.441 90.153 90.002 89.906 89.809 89.711 89.607 91.490 35.375 0.000 0.000 0.000 0.000 0.000 25.254 31.187 12.005 11.897 28.851 29.789 29.717 29.646 29.579 29.519 28.468 26.426 35.395 35.375 32.369 26.381 32.434 0.000 0.000 0.000 48.004 63.000 55.994 51.987 47.980 43.973 46.968 46.963 29.959
55.598 55.570 58.546 61.525 60.508 58.496 56.489 54.490 52.500 52.522 61.558 63.597 60.632 57.662 61.688 9.711 0.000 0.000 51.565 81.539 32.492 28.416 62.302 86.161 91.037 90.899 91.021 88.976 96.426 88.855 90.567 90.250 90.176 90.079 89.986 89.894 92.793 49.642 0.000 0.000 0.000 0.000 0.000 0.000 27.478 32.451 0.000 0.000 25.961 29.907 29.834 29.760 29.693 29.633 26.582 34.540 35.507 34.485 25.473 29.474 29.487 0.000 0.000 0.000 16.000 45.996 63.987 62.980 62.973 62.968 62.963 56.959 46.956
55.633 55.609 55.588 54.570 54.555 55.545 55.541 55.543 53.552 54.571 59.598 62.630 58.662 53.692 56.717 11.734 0.000 0.000 43.623 53.601 31.557 64.492 79.403 88.297 91.191 91.130 90.234 96.815 96.571 89.851 90.578 90.433 90.342 90.250 90.163 90.084 93.031 0.000 0.000 8.414 17.414 0.000 0.000 28.841 31.727 30.690 37.736 0.000 26.126 30.044 29.951 29.869 29.799 27.738 29.687 35.643 35.609 27.583 28.566 29.556 29.553 0.000 0.000 0.000 0.000 0.000 45.979 61.972 61.966 61.962 61.958 62.954 62.952
55.667 55.646 55.627 55.611 55.598 55.589 55.586 54.588 53.596 57.612 61.635 61.663 56.694 52.725 57.754 10.775 0.000 0.000 39.704 8.683 55.646 79.591 85.519 91.440 91.302 91.522 89.517 97.033 89.282 90.990 90.674 90.602 90.507 90.417 90.330 97.249 81.215 0.000 4.414 54.414 40.414 0.000 0.000 23.955 31.901 30.845 30.782 36.639 34.374 33.191 30.059 29.967 29.896 26.835 34.783 35.739 31.702 26.673 29.650 29.632 31.617 35.629 0.000 0.000 0.000 0.000 0.000 58.961 61.959 61.955 61.952 62.949 60.947
55.700 55.681 55.663 55.648 55.637 55.629 54.625 53.626 55.633 59.646 62.666 58.692 53.725 52.762 55.800 37.835 24.875 25.867 21.806 22.782 62.752 83.707 89.650 91.558 91.711 89.714 97.412 97.231 90.294 91.004 90.855 90.762 90.670 90.582 95.492 38.368 53.364 23.403 54.413 62.415 0.000 0.000 0.000 23.122 32.077 31.006 30.910 40.760 51.541 25.286 35.126 31.045 27.981 29.924 35.872 34.827 25.789 28.757 29.731 29.703 16.654 17.641 0.000 0.000 0.000 0.000 0.000 39.954 60.952 61.949 61.946 65.944 61.942
55.732 55.714 55.697 55.683 55.672 55.664 53.659 53.659 57.664 64.674 65.690 61.716 56.752 54.797 54.850 56.892 56.921 65.921 6.872 40.888 78.871 85.836 91.788 91.774 90.921 97.736 97.579 90.661 91.438 91.096 91.019 90.921 90.830 90.748 98.687 0.000 36.470 38.431 28.421 30.418 0.000 0.000 0.000 26.336 32.278 31.195 37.090 52.950 29.746 0.000 16.116 29.105 27.061 35.007 35.954 31.908 28.868 29.837 29.813 31.797 0.000 0.000 0.000 0.000 0.000 0.000 31.949 12.949 51.945 61.943 61.940 66.938 61.936
55.763 55.745 55.729 55.715 55.703 54.695 53.689 55.687 62.689 39.695 15.705 14.730 11.769 41.826 58.910 53.961 56.999 38.022 0.105 46.026 84.009 89.985 91.897 92.159 90.198 97.880 91.005 91.778 91.343 91.280 91.171 91.074 90.981 91.894 89.820 11.761 11.616 0.000 0.000 0.000 0.000 0.000 25.769 33.608 31.503 30.406 50.304 54.205 0.000 0.000 0.000 25.200 31.149 36.089 36.031 25.981 29.940 29.909 29.887 32.876 0.000 0.000 0.000 0.000 0.000 0.000 10.949 0.000 39.937 61.936 61.935 67.933 61.931
55.792 55.774 55.758 55.744 54.732 53.723 55.716 58.712 66.711 25.712 0.000 0.000 0.000 0.000 41.004 56.043 57.091 43.145 45.213 71.181 88.163 92.112 92.308 90.351 98.135 98.013 91.991 91.682 91.530 91.423 91.322 91.223 91.126 94.029 78.936 7.849 0.000 0.000 0.000 0.000 0.000 0.000 25.929 32.826 31.721 29.622 57.517 18.361 0.000 0.000 31.475 36.345 36.248 36.168 34.101 29.046 30.003 29.971 29.951 31.942 0.000 36.029 0.000 0.000 0.000 0.000 0.000 0.000 32.931 61.930 61.929 61.928 61.927
55.819 55.801 55.785 55.771 54.759 53.749 57.740 61.734 65.730 23.729 0.000 0.000 0.000 0.000 21.060 64.115 59.177 65.255 78.315 87.326 91.315 92.347 91.521 98.350 98.246 91.337 92.109 91.762 91.676 91.569 91.468 91.370 95.269 58.159 30.048 0.000 0.000 0.000 0.000 0.000 0.000 28.410 33.194 32.044 33.933 30.844 54.781 0.000 0.000 26.764 33.606 49.455 38.332 35.235 31.158 29.099 29.054 30.023 30.004 30.001 35.022 31.029 22.029 0.000 0.000 0.000 28.921 30.922 29.924 61.925 61.925 61.924 61.923
55.843 55.826 55.811 55.797 53.784 55.772 61.762 62.753 60.747 47.746 8.751 0.000 0.000 0.000 0.000 17.182 13.248 53.384 84.464 88.491 92.464 92.660 90.806 98.444 90.659 92.434 91.996 91.927 93.812 92.709 91.612 91.519 97.423 20.291 0.000 0.000 0.000 0.000 0.000 9.987 48.874 48.626 36.392 33.226 44.122 39.041 39.982 0.989 0.000 24.922 29.731 40.537 36.391 40.280 34.198 37.137 36.093 33.062 30.042 29.034 29.036 35.037 0.000 0.000 0.000 0.000 25.920 25.920 35.921 61.921 61.921 61.920 61.920
