results3_8e3_rain/res_3e8f-0051.wd
ncols         241
nrows         181
xllcorner     12693529.787448
yllcorner     3542525.717860
cellsize      155.156523
NODATA_value  -9999.000000
[rows 66 to 98 of 181, columns 74 to 147 of 241]
26.277 0.000 51.571 68.555 67.531 67.510 0.000 39.017 39.003 52.012 48.019 46.998 46.951 45.877 121.771 109.654 0.000 0.000 0.000 42.805 37.772 42.728 45.691 45.652 47.609 48.570 53.531 54.495 55.457 46.407 0.000 0.000 44.562 94.562 76.480 80.341 80.429 78.486 86.439 78.904 79.382 80.122 78.895 78.674 79.470 49.316 0.000 0.000 0.000 0.000 0.000 0.000 0.000 14.115 12.098 12.066 12.021 11.965 11.905 15.840 28.768 25.689 10.603 21.515 30.431 9.352 12.276 18.202 23.130 19.058 12.988 10.920 8.854 23.789
53.269 0.000 39.755 63.727 62.704 56.706 9.776 0.000 0.000 45.078 58.144 47.142 46.107 47.041 27.906 0.000 0.000 0.000 0.000 0.000 0.000 53.720 51.702 49.671 32.617 35.572 42.528 43.497 48.469 39.438 0.000 0.000 0.000 54.790 72.705 79.647 79.745 86.865 86.660 78.977 79.664 79.376 79.166 78.955 73.768 31.635 0.000 0.000 28.820 0.000 0.000 0.000 20.148 15.149 12.130 12.096 12.052 11.998 11.938 11.873 11.802 18.726 32.646 33.565 16.485 10.407 11.332 12.258 16.186 15.114 11.044 10.975 11.909 30.845
48.243 53.135 50.969 64.892 57.851 58.836 55.846 0.000 0.000 0.000 60.338 55.319 50.295 52.275 0.000 0.000 0.000 0.000 0.000 0.000 0.000 52.732 48.724 39.715 0.000 0.000 40.512 52.496 51.484 0.000 0.000 0.529 57.302 49.100 52.944 60.032 75.101 87.055 78.717 80.271 79.835 79.646 79.428 77.215 60.010 38.822 44.821 42.821 23.820 0.000 0.000 0.000 0.000 29.202 11.176 12.138 16.091 24.037 13.977 11.911 10.841 14.767 29.691 36.613 28.536 14.461 9.387 11.314 11.241 11.169 11.098 10.029 16.963 37.899
47.275 51.192 62.094 56.023 48.973 67.941 56.926 8.934 0.000 2.668 52.553 68.501 63.478 63.488 66.569 0.000 0.000 0.000 0.000 0.000 0.000 50.751 41.749 44.749 0.000 0.000 0.000 88.492 115.488 30.488 0.000 56.648 51.494 51.338 51.256 47.350 87.403 87.234 79.764 83.369 80.115 79.906 79.691 71.464 24.237 0.000 46.821 24.821 0.000 0.000 0.000 17.380 16.348 15.281 11.235 15.189 27.139 32.083 30.021 22.955 12.885 21.812 29.737 8.662 14.587 27.513 24.441 20.369 28.297 9.224 11.149 9.080 22.015 44.952
53.333 63.265 55.194 47.131 47.078 60.031 67.981 63.943 66.887 68.783 63.703 58.654 60.630 49.630 48.651 0.000 0.000 0.000 0.000 55.782 54.779 42.772 44.773 45.783 49.810 48.829 0.000 0.000 0.000 0.000 2.944 62.815 55.688 50.535 51.637 49.694 87.555 49.382 56.971 71.566 79.387 80.172 77.965 36.715 0.000 0.000 0.000 0.000 0.000 0.000 18.435 12.413 12.384 12.340 13.294 23.246 32.192 31.134 31.070 27.002 22.931 32.858 15.784 10.710 11.636 11.564 21.494 34.425 21.355 9.280 10.197 16.125 4.066 9.007
64.401 54.343 47.284 48.229 48.178 50.122 34.025 59.971 57.933 49.877 46.822 45.782 61.759 63.751 50.753 0.000 0.000 0.000 55.786 51.785 48.784 41.784 45.788 45.799 45.820 45.847 4.900 7.990 9.080 11.141 79.074 75.981 64.870 63.839 52.849 87.822 87.695 51.435 58.084 52.860 59.663 78.434 53.283 0.000 0.000 0.000 0.000 0.000 0.000 0.000 18.457 12.453 12.434 12.400 13.357 22.307 32.252 31.190 30.124 27.054 31.981 25.906 9.831 11.757 11.685 11.614 21.547 29.482 8.417 11.345 14.233 33.159 50.118 29.062
54.474 47.422 48.371 48.324 49.284 30.255 0.000 16.985 44.998 47.968 47.927 47.894 45.873 69.862 53.859 0.000 0.000 0.000 32.787 49.788 43.789 44.791 45.797 45.807 45.822 45.841 56.863 0.000 1.184 18.268 71.231 81.158 3.067 85.004 75.207 87.930 50.007 63.652 60.296 50.166 46.970 43.618 28.451 0.000 0.000 13.993 0.000 0.000 0.000 0.000 14.483 12.510 12.499 12.469 12.427 13.375 19.317 27.252 27.182 27.108 31.032 8.955 11.879 11.804 10.731 16.662 33.598 16.539 10.487 13.449 0.000 0.000 26.186 0.000
47.548 48.501 48.454 48.412 51.378 7.361 5.383 0.000 43.107 48.071 50.023 47.995 46.977 64.966 60.961 0.000 0.000 0.000 0.000 40.792 43.793 45.796 45.801 45.809 45.820 47.833 33.848 0.000 0.000 68.464 71.423 82.356 88.245 82.362 80.409 88.021 71.057 73.761 58.604 51.509 44.435 0.000 0.000 0.000 0.000 11.993 0.000 0.000 0.000 0.000 0.000 15.603 12.585 12.552 12.506 12.451 12.388 12.318 19.244 27.165 15.085 12.004 11.924 11.848 14.774 27.706 27.643 9.588 11.544 14.516 0.000 0.000 53.254 43.264
48.623 48.578 48.533 48.491 48.455 52.427 53.405 53.357 49.253 49.187 29.099 46.087 47.074 63.064 62.058 0.000 0.000 0.000 0.000 39.795 45.796 45.799 45.803 45.808 45.816 33.824 0.000 0.000 0.000 73.699 79.645 82.565 82.527 81.615 88.141 80.539 83.259 77.948 62.890 52.830 51.826 51.962 0.000 0.000 0.000 8.994 15.995 8.995 0.000 0.000 0.000 30.714 11.687 12.646 12.595 12.535 13.467 12.391 12.309 12.224 12.138 12.052 11.968 10.888 16.813 31.744 8.682 11.628 11.584 13.556 0.000 0.000 55.312 47.298
48.699 48.655 48.610 48.566 48.524 48.488 48.453 48.413 48.360 52.325 0.000 39.179 48.168 64.157 59.150 0.000 0.000 0.000 0.000 44.796 47.798 47.800 47.803 45.807 48.810 0.000 0.000 0.000 66.150 71.989 82.891 82.776 82.893 80.947 88.349 81.676 86.322 82.213 83.147 71.097 59.078 48.098 43.098 45.098 0.000 0.000 14.996 9.996 15.991 16.978 14.942 20.854 30.801 12.751 13.694 22.628 29.553 11.469 12.379 12.285 12.191 12.098 11.008 15.924 34.846 28.776 17.713 10.657 11.609 13.567 28.521 46.463 47.385 47.342
48.776 48.732 48.686 48.638 48.589 48.546 51.509 49.481 48.451 52.428 0.000 39.283 48.264 65.246 57.235 0.000 0.000 0.000 0.000 17.797 27.798 26.800 26.803 47.806 32.808 0.000 0.000 0.000 68.311 78.220 83.122 83.081 82.190 89.015 88.703 82.745 83.589 82.446 82.389 83.335 74.291 39.255 0.000 0.000 0.000 0.000 12.998 13.000 10.001 12.001 12.995 11.958 18.914 32.863 15.802 13.731 23.648 11.555 12.453 12.347 12.242 12.140 12.044 19.954 32.873 19.801 31.737 9.680 10.629 15.582 36.534 48.482 47.425 47.377
48.855 48.811 48.764 48.711 51.649 53.599 25.554 46.554 49.533 51.509 11.487 42.405 47.359 59.327 57.311 0.000 0.000 0.000 0.000 0.000 0.000 0.000 0.000 28.805 0.000 0.000 0.000 16.711 66.562 83.456 83.337 83.456 81.546 89.296 81.336 87.041 82.735 82.689 82.622 82.562 72.496 33.375 0.000 0.000 0.000 0.000 0.000 16.006 17.012 4.030 12.078 13.069 13.034 16.985 32.922 15.845 12.754 12.648 12.531 12.410 12.291 10.178 16.072 34.976 15.891 14.817 28.753 12.697 10.646 17.599 43.553 48.505 47.456 47.407
48.935 48.893 48.849 50.794 26.697 28.648 0.000 8.647 44.620 48.587 52.548 48.492 51.441 56.394 61.369 0.366 0.000 0.000 0.000 0.000 0.000 0.000 0.000 0.000 0.000 0.000 0.153 75.860 77.773 83.677 83.636 82.760 89.799 89.557 82.401 83.114 82.985 82.915 82.851 81.796 61.756 0.000 0.000 0.000 0.000 0.000 0.000 0.000 8.012 0.000 19.220 16.204 12.170 12.120 14.055 30.975 19.875 11.754 12.613 12.470 11.334 16.208 18.091 16.987 13.899 11.825 11.762 11.708 12.659 25.615 47.573 48.531 50.487 46.436
49.016 48.979 48.945 53.919 0.000 0.000 14.844 6.766 40.715 49.671 47.625 49.574 61.519 33.439 27.404 0.000 0.000 0.000 0.000 0.000 0.000 0.000 0.000 0.000 0.000 0.000 63.235 68.094 81.994 83.877 84.009 82.109 90.020 81.905 83.578 83.270 83.210 83.135 83.070 75.014 51.976 0.000 0.000 0.000 0.000 0.000 0.000 0.000 0.000 0.000 23.378 18.359 12.322 10.270 13.205 13.123 29.019 21.880 12.697 13.524 11.369 18.228 18.099 14.982 8.892 11.821 11.763 13.713 27.669 46.630 48.593 51.559 43.524 4.480
48.095 48.061 48.033 51.017 21.029 17.997 49.922 54.858 48.804 46.756 53.709 63.662 66.621 0.000 0.000 0.000 0.000 0.000 0.000 0.000 0.000 0.000 0.000 0.000 0.000 0.000 65.378 73.293 83.195 84.184 83.225 90.427 90.229 82.937 83.639 83.500 83.421 83.347 83.280 65.216 47.159 0.000 0.000 0.000 0.000 0.000 0.000 0.000 0.000 0.000 21.557 19.531 19.489 16.435 9.371 11.295 12.197 28.052 27.770 24.561 21.389 14.237 13.095 9.949 10.867 11.806 15.756 35.713 47.675 47.641 48.612 47.587 38.570 0.000
63.169 62.137 60.110 57.089 58.072 58.040 54.991 55.939 57.889 57.840 63.792 65.743 23.682 0.000 0.000 0.000 0.000 0.000 0.000 0.000 0.000 0.000 0.000 0.000 3.849 11.775 66.606 83.495 84.401 84.351 83.581 90.609 82.416 84.088 83.775 83.709 83.627 83.554 81.485 63.411 34.285 0.000 0.000 0.000 0.000 0.000 0.000 0.000 0.000 0.000 11.761 15.719 18.667 19.610 18.551 15.488 11.422 5.362 0.000 0.000 0.000 0.000 0.000 13.854 11.820 14.781 35.743 48.708 47.677 48.649 51.626 47.608 44.599 25.606
62.239 61.208 63.181 65.156 64.132 63.101 61.062 59.018 58.972 59.924 55.876 55.838 0.000 0.000 0.000 0.000 0.000 0.000 0.000 0.000 0.000 0.000 0.000 0.000 52.923 75.871 74.775 83.684 84.574 84.703 82.810 90.779 84.510 84.114 83.989 83.904 83.826 83.756 79.698 59.656 0.000 0.000 0.000 0.000 0.000 0.000 0.000 0.000 0.000 19.159 14.007 10.919 12.850 17.789 19.734 19.684 20.641 11.613 0.000 0.000 0.000 0.000 0.000 14.794 12.778 28.754 49.727 47.700 47.676 47.653 48.635 47.621 47.614 38.613
48.305 49.275 56.249 65.224 71.199 59.170 53.137 48.099 46.057 45.009 50.952 29.895 0.000 0.000 0.000 0.000 0.000 0.000 0.000 0.000 0.000 0.000 0.000 0.000 59.049 75.010 82.942 84.862 84.834 83.968 91.077 90.934 86.530 84.334 84.172 84.094 84.016 83.948 78.894 53.861 0.000 0.000 0.000 0.000 0.000 0.000 0.000 0.000 19.440 14.311 14.191 14.099 13.025 9.963 14.913 18.872 19.846 16.836 0.000 0.000 0.000 0.000 17.737 11.750 15.744 43.730 47.711 47.691 47.672 47.654 47.640 47.628 47.622 22.619
47.367 51.340 56.315 58.292 61.269 51.245 47.217 48.186 48.149 50.102 28.027 0.000 0.000 0.000 0.000 0.000 0.000 0.000 0.000 0.000 0.000 0.000 0.000 0.000 45.215 74.178 84.120 85.027 85.163 83.279 91.207 84.081 85.753 84.432 84.365 84.276 84.196 84.125 75.068 48.033 0.000 0.000 0.000 0.000 0.000 0.000 0.000 18.693 14.570 14.454 14.349 14.260 14.187 14.128 11.081 10.048 13.033 20.050 20.135 0.000 0.000 0.000 11.723 12.725 30.721 47.710 46.697 46.681 47.666 47.653 47.641 47.632 46.626 12.623
47.426 49.401 50.380 48.360 47.342 48.323 47.302 47.278 47.250 52.224 0.000 0.000 0.000 0.000 0.000 0.000 0.000 0.000 0.000 0.000 0.000 0.000 0.000 0.000 53.418 82.369 85.303 85.284 84.423 91.443 91.330 87.080 84.779 84.633 84.542 84.453 84.368 85.290 65.220 53.171 0.000 0.000 18.427 0.000 18.133 20.075 19.971 14.816 14.693 14.585 14.490 14.407 14.337 14.279 14.235 13.205 10.191 19.196 20.220 13.220 0.000 0.000 19.709 11.707 19.703 25.694 28.684 32.672 38.660 44.649 46.640 46.632 44.627 9.625
48.481 48.460 48.443 48.428 47.415 47.403 47.390 47.374 46.351 54.321 5.321 0.000 0.000 0.000 0.000 0.000 0.000 0.000 0.000 0.000 0.000 0.000 0.000 37.824 73.670 84.578 85.475 85.624 83.724 91.544 84.536 86.208 84.891 84.814 84.717 84.625 84.535 85.445 57.351 35.261 0.000 0.000 14.427 0.000 13.191 15.121 15.022 14.908 14.802 14.705 14.618 14.540 14.474 14.419 14.376 12.345 14.329 20.325 17.330 0.000 0.000 0.000 18.696 17.693 16.688 15.681 14.673 13.663 17.653 28.644 24.637 26.631 30.626 11.624
46.532 46.515 46.503 46.494 46.488 46.485 47.482 49.477 51.457 26.389 0.000 0.000 0.000 0.000 0.000 0.000 0.000 0.000 0.000 4.919 0.000 0.000 8.094 48.978 79.863 85.761 85.756 84.792 91.718 91.636 87.528 85.232 85.082 84.987 84.891 84.796 84.701 80.604 27.477 0.000 0.000 0.000 14.428 20.428 15.319 15.198 15.088 14.991 14.902 14.816 14.736 14.664 14.600 14.546 14.504 11.473 20.454 20.445 16.444 0.000 0.000 0.000 17.686 16.682 17.677 17.670 17.663 17.654 17.646 16.639 16.632 15.627 14.624 14.622
47.580 50.567 54.560 57.557 61.558 63.565 66.577 65.594 57.612 0.000 7.091 31.116 0.000 0.000 0.000 0.000 0.000 0.000 35.923 62.919 2.919 0.000 42.210 75.131 85.035 85.945 85.885 85.117 91.787 83.968 85.654 85.336 85.259 85.160 85.063 84.966 85.870 72.794 0.000 0.000 0.000 0.000 0.000 14.539 15.458 17.265 17.140 15.068 14.997 14.922 14.848 14.779 14.716 14.663 11.621 16.589 19.568 20.559 11.558 0.000 0.000 0.000 1.679 22.673 22.667 19.661 16.653 16.646 17.639 18.633 18.627 17.623 17.620 18.619
48.623 55.615 64.612 65.615 64.624 63.641 62.668 59.711 53.785 28.944 46.065 64.142 33.217 17.262 0.000 0.000 0.000 6.936 45.927 59.915 0.000 17.543 59.405 84.301 87.211 86.070 86.296 84.281 91.843 85.956 85.670 85.521 85.427 85.332 85.236 85.135 87.020 30.907 0.000 0.000 0.000 0.000 0.000 10.732 16.708 0.000 0.000 14.145 15.096 15.028 14.956 14.886 14.824 13.770 11.727 20.694 20.672 17.663 11.672 17.715 0.000 0.000 0.000 33.663 48.659 41.652 37.644 33.637 29.631 32.626 32.621 15.618 16.616 17.616
49.661 52.657 55.659 54.667 52.682 50.707 48.744 46.797 46.874 55.982 58.084 55.171 52.247 56.307 4.357 0.000 0.000 46.946 76.933 27.901 23.820 57.681 81.565 86.468 86.352 86.492 84.462 91.918 84.364 86.079 85.765 85.692 85.597 85.506 85.415 88.317 45.168 0.000 0.000 0.000 0.000 0.000 0.000 12.950 17.934 0.000 0.000 11.270 15.216 15.139 15.060 14.987 14.922 11.868 19.823 20.788 19.764 10.751 14.750 14.760 0.000 0.000 0.000 1.658 31.653 49.644 48.636 48.629 48.623 48.618 42.614 32.611 18.610 0.000
49.695 49.695 48.700 48.712 49.732 49.761 49.803 47.859 48.934 54.025 57.119 53.210 48.293 51.362 6.408 0.000 0.000 38.968 48.960 26.934 59.879 74.795 83.708 86.624 86.585 85.706 92.309 92.060 85.359 86.088 85.944 85.855 85.765 85.679 85.602 88.549 0.000 0.000 3.924 12.924 0.000 0.000 14.295 17.184 16.144 23.174 0.000 11.450 15.358 15.253 15.159 15.079 13.012 14.955 20.909 20.873 12.845 13.827 14.817 14.814 0.000 0.000 0.000 0.000 0.000 31.635 47.626 47.619 47.614 47.610 48.606 48.604 23.602 0.000
49.725 49.727 49.735 49.749 49.771 49.803 48.847 47.904 51.977 56.064 56.159 51.257 47.353 52.440 5.505 0.000 0.000 34.997 4.006 50.998 74.966 80.913 86.855 86.740 86.980 84.994 92.530 84.786 86.496 86.182 86.111 86.018 85.930 85.844 92.764 76.730 0.000 0.000 49.924 35.924 0.000 0.000 9.405 17.349 16.285 16.204 22.027 19.724 18.512 15.356 15.244 15.159 12.091 20.033 20.986 16.948 11.918 14.895 14.878 16.865 20.875 0.000 0.000 0.000 0.000 0.000 44.614 47.609 47.605 47.601 48.598 46.595 20.594 0.000
49.751 49.755 49.764 49.779 49.802 48.834 47.877 49.933 54.006 57.095 53.196 48.306 47.422 50.542 32.667 19.843 20.954 17.018 18.069 58.085 79.073 85.044 86.976 87.154 85.179 92.913 92.731 85.797 86.509 86.361 86.269 86.179 86.092 91.003 33.881 48.876 18.913 49.923 57.925 0.000 0.000 0.000 8.572 17.522 16.442 16.329 26.155 36.905 10.610 20.415 16.303 13.224 15.158 21.102 20.054 11.015 13.984 14.959 14.934 1.895 2.884 0.000 0.000 0.000 0.000 0.000 25.606 46.599 47.595 47.592 51.589 47.586 36.584 0.000
49.773 49.777 49.786 49.801 49.823 47.854 47.894 51.947 59.019 60.115 56.225 51.348 49.487 49.640 51.777 51.907 61.002 2.053 36.169 74.199 81.200 87.184 87.197 86.370 93.236 93.080 86.162 86.940 86.599 86.523 86.426 86.336 86.255 94.194 0.000 31.980 33.941 23.931 25.928 0.000 0.000 0.000 11.789 17.726 16.634 22.516 38.359 15.132 0.000 1.373 14.329 12.275 20.216 21.161 17.114 14.075 15.044 15.021 17.007 0.000 0.000 0.000 0.000 0.000 0.000 0.000 0.000 37.587 47.585 47.583 52.580 47.577 47.572 36.563
49.790 49.794 49.803 49.817 48.837 47.864 49.898 56.943 34.007 10.121 9.240 6.376 36.539 53.754 48.893 52.009 33.092 0.000 41.324 79.340 85.352 87.297 87.590 85.656 93.380 86.504 87.278 86.843 86.781 86.673 86.577 86.485 87.399 85.325 7.268 7.124 0.000 0.000 0.000 0.000 0.000 11.241 19.071 16.957 15.852 35.742 39.633 0.000 0.000 0.000 10.385 16.332 21.271 21.214 11.166 15.126 15.097 15.076 18.065 0.000 0.000 0.000 0.000 0.000 0.000 0.000 0.000 25.577 47.576 47.574 53.572 47.569 47.566 41.560
49.804 49.808 49.816 48.828 47.844 49.866 52.892 60.921 19.947 0.000 0.000 0.000 0.000 35.944 51.033 52.143 38.267 40.424 66.464 83.495 87.485 87.718 85.794 93.632 93.512 87.489 87.181 87.029 86.923 86.822 86.724 86.628 89.532 74.440 3.354 0.000 0.000 0.000 0.000 0.000 0.000 11.412 18.295 17.181 15.077 42.966 3.799 0.000 0.000 16.623 21.494 21.398 21.321 19.258 14.208 15.169 15.140 15.121 17.113 0.000 21.165 0.000 0.000 0.000 0.000 0.000 0.000 18.568 47.567 47.566 47.565 47.563 47.561 45.558
49.814 49.817 49.824 48.834 47.847 51.864 55.883 59.901 17.913 0.000 0.000 0.000 0.000 16.047 59.150 54.265 60.408 73.540 82.616 86.656 87.731 86.942 93.843 93.741 86.834 87.606 87.260 87.174 87.067 86.967 86.869 90.770 53.661 25.550 0.000 0.000 0.000 0.000 0.000 0.000 13.937 18.700 17.517 19.396 16.307 40.246 0.000 0.000 11.970 18.751 34.570 23.446 20.357 16.291 14.240 14.202 15.174 15.157 15.152 20.163 16.166 7.165 0.000 0.000 0.000 14.554 16.555 15.559 47.560 47.560 47.559 47.558 47.557 45.556
49.821 49.823 49.829 47.837 49.848 55.860 56.874 54.886 41.892 2.888 0.000 0.000 0.000 0.000 12.255 8.360 48.560 79.714 83.802 87.824 88.060 86.242 93.935 86.154 87.930 87.493 87.424 89.309 88.206 87.109 87.016 92.921 15.791 0.000 0.000 0.000 0.000 0.000 0.000 34.394 34.175 21.934 18.677 29.579 24.511 25.465 0.000 0.000 10.189 14.843 25.590 21.459 25.371 19.308 22.260 21.224 18.198 15.182 14.174 14.173 20.169 0.000 0.000 0.000 0.000 11.553 11.553 21.554 47.554 47.554 47.553 47.553 47.553 21.554
