results3_8e3_rain/res_3e8f-0079.wd
ncols         241
nrows         181
xllcorner     12693529.787448
yllcorner     3542525.717860
cellsize      155.156523
NODATA_value  -9999.000000
[rows 99 to 131 of 181, columns 0 to 72 of 241]
0.000 0.000 0.000 0.000 0.000 57.625 97.624 99.624 90.624 85.623 0.000 0.000 0.000 0.000 0.000 0.000 0.000 65.584 62.578 0.000 0.000 0.000 1.593 60.592 59.592 0.591 0.000 0.000 0.000 6.666 0.000 0.000 0.000 0.000 12.515 58.510 54.499 53.480 54.453 55.424 68.392 57.357 61.318 53.276 55.229 53.179 54.126 59.070 60.010 57.949 61.885 54.820 54.753 56.684 59.613 73.535 74.469 59.417 45.368 0.000 0.000 0.000 0.000 0.000 22.968 77.964 74.952 61.929 36.906 31.883 75.862 52.842 54.825
0.000 0.000 0.000 0.000 0.000 58.625 98.625 98.625 0.000 0.000 0.000 0.000 0.000 0.000 0.000 0.000 10.589 76.589 65.588 3.592 0.594 0.595 63.594 62.593 66.593 0.000 0.000 0.000 0.000 64.666 56.666 0.000 0.000 0.000 71.562 81.556 67.546 60.530 54.510 56.485 75.456 60.422 66.385 66.343 57.297 72.247 64.193 65.136 55.075 63.013 62.948 60.881 54.813 55.744 59.671 56.568 18.498 8.457 0.000 0.000 0.000 0.000 0.000 25.945 62.949 74.945 81.935 71.920 47.903 48.885 62.867 53.851 54.836
3.631 0.000 0.000 0.000 0.000 45.626 94.626 103.626 13.627 0.000 0.000 0.000 0.000 0.000 0.000 0.000 0.000 83.595 64.594 65.595 67.596 64.596 61.595 62.594 60.594 0.000 0.000 0.000 0.000 57.666 57.666 58.664 57.656 57.642 56.614 66.605 75.597 22.586 86.571 76.550 81.523 66.492 11.455 82.414 80.368 79.318 83.263 72.205 55.143 58.078 63.012 62.944 59.874 55.807 44.761 0.000 0.000 0.000 0.000 0.000 0.000 0.000 0.000 35.941 62.937 62.932 73.924 72.913 55.900 55.886 54.872 54.858 54.845
71.631 74.631 6.631 0.000 0.000 55.627 94.627 99.627 109.627 14.627 0.000 0.000 0.000 0.000 5.609 5.607 3.605 20.601 68.599 65.598 83.598 97.597 72.596 57.595 0.000 0.000 0.000 0.000 0.000 0.000 56.668 57.670 57.663 57.655 57.649 56.653 56.653 55.648 56.637 61.620 73.596 67.567 10.531 82.490 83.444 61.393 68.338 85.278 79.214 66.146 56.078 62.007 62.933 65.848 50.805 0.000 0.000 0.000 0.000 0.000 0.000 0.000 0.000 0.000 13.926 59.923 56.917 56.908 54.898 54.887 54.876 54.865 54.854
85.631 68.631 68.631 70.630 72.630 91.629 99.628 99.628 99.627 101.627 75.627 14.626 0.000 63.611 70.610 71.609 33.607 28.604 91.603 99.602 94.600 90.598 73.597 0.000 0.000 0.000 0.000 0.000 0.000 0.000 0.000 57.685 56.672 55.667 56.673 57.704 57.713 57.714 57.709 58.696 77.676 72.648 55.613 57.571 68.524 79.473 56.417 68.355 69.288 62.215 82.145 65.075 57.004 0.000 0.000 0.000 0.000 0.000 0.000 0.000 0.000 0.000 0.000 0.000 5.918 59.916 54.911 54.905 54.897 54.889 54.880 52.871 50.862
100.631 90.631 71.631 75.631 93.630 99.629 99.629 99.628 99.628 94.627 66.627 72.626 0.619 54.612 89.612 97.611 97.609 81.607 96.606 103.605 13.604 0.000 0.000 0.000 0.000 0.000 0.000 0.000 0.000 0.000 0.000 57.714 0.000 0.000 0.000 58.776 57.782 57.788 57.788 58.781 74.763 79.736 56.700 57.658 57.610 75.558 76.501 54.438 62.367 81.283 73.212 51.143 0.000 0.000 0.000 0.000 0.000 0.000 0.000 0.000 0.000 0.000 0.000 0.000 2.913 59.911 54.908 54.903 54.897 53.891 52.884 57.877 58.871
100.632 100.632 95.631 98.631 99.631 99.630 99.629 99.629 99.628 95.628 70.627 87.626 0.000 0.000 67.614 91.613 99.612 100.610 99.609 104.608 7.607 0.000 0.000 0.000 0.000 0.000 0.000 0.000 0.000 0.000 0.000 57.742 0.000 0.000 59.850 57.843 57.852 57.866 57.876 57.875 74.861 79.833 56.795 57.750 57.700 58.647 79.591 73.531 80.458 70.339 51.275 0.000 0.000 0.000 0.000 0.000 0.000 0.000 0.000 0.000 0.000 0.000 0.000 0.000 57.910 54.909 54.906 54.902 54.898 53.893 55.888 59.884 60.879
98.632 99.632 99.632 99.632 99.631 99.631 99.630 99.630 99.629 100.628 95.627 102.626 26.624 5.621 55.618 74.616 97.614 99.613 100.612 88.610 2.608 0.000 0.000 0.000 0.000 0.000 0.000 0.000 0.000 0.000 0.000 51.771 56.800 56.828 55.857 57.893 57.919 57.947 57.974 57.983 74.971 79.940 56.897 57.846 57.792 57.738 62.685 85.636 65.596 0.000 0.000 0.000 0.000 0.000 0.000 0.000 0.000 0.000 0.000 0.000 0.000 0.000 0.000 0.000 10.909 61.908 57.905 58.902 56.898 52.895 59.893 60.890 58.888
95.633 100.633 99.633 99.633 99.632 99.632 99.631 99.630 99.630 99.629 100.628 93.626 77.625 68.622 62.620 89.618 99.617 99.615 104.615 7.614 0.000 0.000 0.000 0.000 0.000 0.000 0.000 0.000 0.000 0.000 0.000 0.000 0.000 0.000 0.000 57.955 57.982 58.030 58.091 58.113 74.099 81.061 58.007 57.946 57.886 57.829 57.777 63.731 16.694 0.000 0.000 0.000 0.000 0.000 0.000 0.000 0.000 0.000 0.000 0.000 0.000 0.000 0.000 0.000 0.000 0.000 0.000 0.000 2.899 61.898 59.897 60.897 57.897
95.634 100.634 99.634 99.634 99.633 99.633 99.632 99.632 99.631 99.630 100.629 85.627 64.626 63.624 72.622 96.620 99.619 99.618 105.617 10.617 1.617 0.000 0.000 0.000 0.000 0.000 0.000 0.000 0.000 0.000 0.000 0.000 0.000 0.000 0.000 53.989 58.023 55.100 58.246 58.277 77.253 81.197 58.123 58.046 57.975 57.915 57.863 54.816 4.755 0.000 0.000 0.000 0.000 0.000 0.000 0.000 0.000 0.000 0.000 0.000 0.000 53.895 0.000 0.000 0.000 0.000 0.000 0.000 57.900 58.900 60.901 60.902 57.905
98.635 99.635 99.635 99.635 99.634 99.634 99.633 99.633 99.632 99.631 99.630 96.628 73.627 74.625 91.624 98.622 99.621 99.620 106.619 23.619 0.000 0.000 0.000 0.000 0.000 0.000 0.000 0.000 0.000 0.000 0.000 0.000 0.000 0.000 0.000 0.000 54.023 0.000 57.517 58.498 86.440 73.350 58.241 58.139 58.055 70.991 60.945 55.917 0.000 0.000 0.000 0.000 0.000 0.000 0.000 0.000 0.000 0.000 0.000 0.000 5.895 64.895 49.895 0.000 0.000 0.000 0.000 58.901 61.901 60.902 57.904 53.907 53.912
99.636 99.636 99.636 99.636 99.636 99.635 99.635 99.634 99.633 99.632 99.631 99.630 101.628 101.627 100.625 99.624 99.623 101.622 90.622 33.621 0.000 0.000 0.000 0.000 0.000 0.000 0.000 0.000 0.000 0.000 0.000 0.000 0.000 0.000 0.000 0.000 0.000 0.000 57.807 58.756 92.660 61.521 58.354 58.214 70.116 79.049 58.007 57.990 57.008 0.000 0.000 0.000 0.000 0.000 0.000 0.000 0.000 0.000 0.000 0.000 0.000 60.895 61.895 48.896 0.000 54.899 56.900 60.901 59.902 57.903 56.905 52.909 60.915
98.638 97.638 99.638 99.637 99.637 99.637 99.636 99.636 99.635 99.634 99.633 99.631 99.630 99.628 99.627 99.626 100.625 83.624 11.623 2.623 60.624 74.624 20.624 0.000 0.000 1.624 0.000 0.000 0.000 0.000 0.000 0.000 0.000 0.000 0.000 0.045 0.015 0.000 54.147 65.061 87.924 58.718 55.440 58.248 58.146 58.083 58.045 58.027 58.025 55.025 0.000 0.000 0.000 0.000 0.000 0.000 0.000 0.000 0.000 0.000 0.000 55.895 51.895 57.896 52.897 60.898 60.899 59.901 55.902 58.904 53.906 52.909 52.913
88.639 88.639 97.639 99.639 99.639 99.639 99.638 99.638 99.637 99.636 99.635 100.633 101.631 99.630 99.628 99.627 99.626 21.625 5.625 60.625 70.624 80.624 79.624 72.624 64.624 5.624 0.000 0.000 0.000 0.000 0.000 0.000 0.000 0.000 0.108 59.072 62.009 61.862 58.574 57.416 66.258 53.988 0.000 54.192 58.136 58.093 58.064 58.048 57.042 0.000 0.000 0.000 0.000 0.000 0.000 0.000 57.893 68.893 0.000 0.000 56.895 54.895 54.895 51.896 59.897 60.898 60.899 57.901 60.902 60.904 58.905 53.907 42.909
70.640 75.640 94.641 100.641 99.641 99.641 99.640 99.640 99.639 99.638 101.637 87.635 83.633 98.631 103.629 100.628 95.627 77.627 80.626 86.626 80.625 81.625 60.624 53.624 0.000 0.000 0.000 0.000 0.000 0.000 0.000 0.000 0.000 0.000 50.135 56.135 59.093 59.003 58.870 58.771 60.704 0.000 0.000 0.000 53.112 58.088 58.070 58.058 58.053 0.000 0.000 0.000 0.000 0.000 0.000 17.893 74.893 56.893 54.893 54.894 54.894 54.895 52.895 57.896 60.897 60.898 56.899 60.901 60.902 59.904 53.905 54.906 44.907
54.641 69.642 88.643 101.643 102.643 102.643 100.642 99.642 100.641 99.640 100.639 38.638 9.634 57.631 75.630 96.629 103.629 101.629 101.628 87.627 10.626 0.000 0.000 0.000 0.000 0.000 0.000 0.000 0.000 5.151 7.151 0.000 0.000 0.000 0.000 55.241 59.226 57.186 58.132 60.094 61.082 0.000 0.000 0.000 0.000 51.079 58.070 58.063 55.058 0.000 0.000 0.000 0.000 0.000 0.000 0.000 16.893 70.893 53.894 53.894 54.894 53.895 53.895 59.896 60.896 58.897 46.898 0.000 64.903 58.904 58.904 58.905 44.905
18.642 40.643 73.645 79.645 73.646 75.645 92.645 100.645 96.644 89.643 88.643 23.642 0.000 0.000 0.000 33.629 68.629 94.631 101.631 0.000 0.000 0.000 0.000 0.000 0.000 0.000 0.000 0.000 0.000 47.151 68.151 13.151 0.000 0.000 0.000 55.362 61.383 60.385 69.378 70.389 60.449 5.628 0.000 0.000 0.000 0.000 55.067 56.065 0.000 0.000 0.000 0.000 0.000 0.000 0.000 0.000 0.000 75.893 78.894 58.894 52.894 50.894 60.895 60.895 55.896 0.000 0.000 0.000 5.903 63.904 60.904 60.904 50.905
0.000 0.000 54.649 63.649 15.648 1.648 64.648 93.647 84.647 80.646 94.646 61.646 21.648 0.000 0.000 0.000 0.000 39.633 70.636 0.000 0.000 0.000 0.000 0.000 0.000 0.000 0.000 0.000 0.000 0.000 52.151 70.151 1.151 0.000 0.000 46.461 60.561 58.591 88.607 81.637 59.699 61.806 7.924 0.000 0.000 0.000 50.067 0.000 0.000 0.000 0.000 0.000 0.000 0.000 0.000 0.000 0.000 0.000 63.894 80.894 65.894 59.894 60.894 55.895 0.000 0.000 0.000 0.000 0.000 55.904 60.904 60.904 55.904
0.000 0.000 50.652 95.652 52.651 1.651 53.650 85.650 87.649 98.649 100.649 103.649 109.650 48.651 17.651 0.000 0.000 0.000 10.642 5.644 0.000 0.000 0.000 0.000 0.000 0.000 0.000 0.000 0.000 0.000 53.151 68.151 0.000 5.153 9.153 0.000 53.808 61.811 91.823 73.851 61.902 60.974 66.042 0.000 0.000 0.000 0.000 0.000 0.000 0.000 0.000 0.000 0.000 0.000 0.000 0.000 0.000 0.000 0.000 1.894 68.894 58.894 56.894 0.000 0.000 0.000 0.000 0.000 54.903 53.903 55.904 49.904 0.000
23.660 38.659 72.656 90.655 98.654 67.654 80.653 103.653 100.652 99.652 99.652 99.651 99.652 105.652 108.652 64.651 23.651 5.649 68.647 82.647 75.648 77.648 33.648 9.648 6.648 0.000 0.000 0.000 0.000 0.000 32.151 54.152 60.152 60.153 63.154 22.155 55.052 84.021 86.022 63.044 61.086 61.146 64.227 9.359 4.417 0.000 0.000 0.000 0.000 0.000 0.000 0.000 0.000 0.000 0.000 0.000 0.000 0.000 0.000 0.000 0.000 0.000 2.894 0.000 0.000 0.000 0.000 56.903 51.903 49.903 0.000 0.000 0.000
96.661 99.660 99.659 97.658 95.657 96.657 98.656 98.655 99.655 100.654 100.654 99.654 92.653 96.653 99.653 103.652 107.651 108.650 100.649 96.648 93.648 88.648 90.648 83.648 39.648 17.648 0.000 0.000 0.000 0.000 0.000 0.000 0.000 0.000 0.000 79.259 68.223 97.202 88.200 75.216 62.250 61.299 61.361 65.433 61.475 0.000 0.000 0.000 0.000 0.000 0.000 0.000 0.000 0.000 0.000 0.000 0.000 0.000 0.000 0.000 0.000 0.000 0.000 0.000 0.000 0.000 0.000 0.000 0.000 0.000 0.000 0.000 0.000
99.663 94.663 92.662 91.661 85.660 82.660 83.659 83.658 89.657 94.657 94.656 87.656 71.655 86.654 99.654 99.653 99.652 99.651 99.650 99.649 100.649 100.649 103.648 104.648 104.648 104.648 43.648 0.000 0.000 0.000 0.000 0.000 0.000 0.000 0.000 51.399 77.379 82.363 66.360 83.372 71.399 61.438 61.486 64.537 7.574 0.000 0.000 0.000 0.000 0.000 0.000 0.000 0.000 0.000 0.000 0.000 0.000 0.000 0.000 0.000 0.000 0.000 0.000 0.000 0.000 0.000 0.000 0.000 0.000 0.000 0.000 0.000 0.000
69.665 42.665 64.665 78.664 76.663 56.662 41.662 37.661 57.660 74.659 73.659 66.658 61.657 71.656 92.655 100.654 99.653 99.652 99.651 99.650 99.650 103.649 78.649 66.648 65.648 69.648 72.648 11.648 0.647 0.000 0.000 0.000 0.000 0.000 0.000 49.558 85.533 68.510 60.504 70.513 81.535 65.568 61.608 61.655 67.711 11.808 5.852 0.000 0.000 0.000 0.000 0.000 0.000 0.000 0.000 0.000 0.000 0.000 0.000 0.000 0.000 0.000 0.000 0.000 0.000 0.000 0.000 0.000 0.000 0.000 0.000 0.000 0.000
59.668 30.668 52.667 67.667 63.666 40.665 26.665 30.664 50.663 64.662 62.661 62.660 63.659 61.658 80.656 97.655 99.654 99.653 99.652 99.651 98.650 61.650 0.000 0.000 0.000 0.000 0.000 0.000 0.000 55.924 75.924 27.923 13.920 9.907 56.858 73.743 90.684 67.641 61.633 59.642 76.662 78.690 64.724 61.763 61.808 64.860 73.896 11.926 6.933 0.000 0.000 0.000 0.000 0.000 0.000 0.000 0.000 0.000 0.000 0.000 0.000 0.000 0.000 0.000 0.000 0.000 0.000 0.000 0.000 0.000 0.000 0.000 0.000
72.671 68.671 63.671 62.670 63.669 65.669 66.668 69.667 68.666 64.665 63.663 63.662 63.661 62.659 69.658 91.657 100.655 99.654 101.653 73.652 39.651 0.000 0.000 0.000 0.000 0.000 0.000 0.000 0.000 20.924 42.925 45.926 49.930 63.943 60.923 81.873 78.820 52.735 59.746 61.760 63.780 76.805 68.834 63.866 61.899 60.929 77.946 68.948 62.941 0.000 0.000 0.000 0.000 0.000 0.000 0.000 0.000 0.000 0.000 0.000 0.000 0.000 0.000 0.000 0.000 0.000 0.000 0.000 0.000 0.000 0.000 0.000 0.000
62.674 63.674 63.674 63.673 63.673 63.672 63.671 63.670 63.669 63.667 63.666 63.664 63.663 63.661 61.659 82.658 99.656 101.655 97.653 23.653 0.000 0.000 0.000 0.000 0.000 0.000 0.000 0.000 0.000 0.000 0.000 0.000 0.000 48.012 65.019 91.005 64.986 0.000 47.856 62.871 60.893 64.917 65.942 74.968 63.992 62.010 61.012 56.980 0.000 0.000 0.000 0.000 0.000 0.000 0.000 0.000 0.000 0.000 0.000 0.000 0.000 0.000 0.000 0.000 0.000 0.000 0.000 0.000 0.000 0.000 0.000 0.000 22.134
63.678 63.678 63.677 63.677 63.676 63.675 63.674 62.673 62.672 63.670 63.669 63.667 63.665 63.663 62.661 70.659 85.657 96.655 84.654 10.653 0.000 0.000 0.000 0.000 0.000 0.000 0.000 0.000 0.000 0.000 0.000 0.000 0.000 25.075 74.137 99.142 9.134 0.000 45.950 63.977 62.004 61.028 69.050 80.072 68.091 62.106 66.113 0.000 0.000 0.000 0.000 0.000 0.000 0.000 0.000 0.000 0.000 0.000 0.000 0.000 0.000 0.000 0.000 0.000 0.000 0.000 0.000 0.000 0.000 0.000 0.000 0.000 79.210
63.682 63.682 63.681 63.681 63.680 63.679 63.678 67.676 68.675 64.673 63.672 63.670 63.667 63.665 63.663 62.660 65.658 74.655 74.653 15.652 0.000 0.000 0.000 0.000 0.000 0.000 17.232 0.000 0.000 0.000 0.000 0.000 0.000 0.000 78.312 93.291 16.275 0.000 30.017 61.084 62.116 62.139 61.159 66.178 68.196 64.210 66.220 0.000 0.000 0.000 0.000 0.000 0.000 0.000 0.000 0.000 0.000 0.000 0.000 0.000 0.000 0.000 0.000 0.000 0.000 0.000 0.000 0.000 0.000 0.000 0.000 63.434 72.341
63.686 63.686 63.685 63.685 63.684 63.683 62.682 74.680 79.679 66.677 63.675 63.673 63.670 63.667 63.665 63.662 63.658 62.655 65.652 46.650 0.000 0.000 0.000 0.000 0.000 59.233 80.232 42.230 33.219 32.205 0.000 0.000 0.000 59.639 101.508 75.437 75.399 2.420 0.000 47.226 64.239 62.254 62.269 60.286 76.303 80.320 74.336 0.000 0.000 0.000 0.000 0.000 0.000 0.000 0.000 0.000 0.000 0.000 0.000 0.000 0.000 0.000 0.000 0.000 0.000 0.000 0.000 0.000 0.000 0.000 37.602 88.528 74.450
63.690 63.690 63.689 63.689 63.688 63.687 62.686 75.684 81.682 65.680 63.678 63.676 63.673 63.670 63.667 63.663 63.659 63.655 63.651 69.646 40.640 0.000 0.000 0.000 0.000 22.234 37.234 59.237 67.223 71.191 45.130 21.046 55.932 93.770 91.645 71.549 53.463 11.442 0.000 47.354 64.360 63.368 66.379 61.392 70.409 93.432 90.468 35.541 0.000 15.704 0.000 0.000 0.000 0.000 0.000 0.000 0.000 0.000 0.000 0.000 0.000 0.000 0.000 0.000 0.000 0.000 0.000 0.000 0.000 0.000 74.677 130.623 113.558
60.695 61.694 62.694 62.693 63.692 63.691 61.690 76.688 79.686 62.684 63.682 63.679 63.676 63.673 63.669 63.665 63.660 63.655 63.649 63.643 69.635 49.625 0.614 0.000 0.000 0.000 0.000 35.263 66.244 62.207 65.152 69.077 80.980 97.864 81.753 49.651 0.000 0.000 0.000 46.478 63.477 66.480 79.485 65.495 75.510 76.532 95.564 99.614 82.675 32.704 0.000 0.000 0.000 0.000 0.000 0.000 0.000 0.000 0.000 0.000 0.000 0.000 0.000 0.000 0.000 0.000 0.000 0.000 0.000 60.899 70.805 71.732 74.663
81.699 76.699 71.699 69.698 65.697 61.696 61.694 76.693 79.691 61.689 63.686 63.683 63.680 63.676 63.672 63.667 62.662 61.656 62.649 62.641 62.631 68.618 45.602 22.588 0.000 0.000 0.000 34.307 72.282 66.243 61.193 74.128 97.048 90.952 58.852 0.000 0.000 0.000 0.000 44.602 62.593 67.588 74.588 69.593 74.604 73.620 86.643 80.674 73.708 46.733 1.754 0.000 0.000 0.000 0.000 0.000 0.000 0.000 0.000 0.000 0.000 0.000 0.000 0.000 7.710 0.000 0.000 4.073 38.073 65.993 134.911 98.844 130.727
101.704 100.704 96.704 91.703 87.702 82.701 77.699 73.698 68.696 62.693 63.690 63.687 63.684 63.680 62.675 64.670 70.664 75.658 74.650 72.640 66.629 61.615 65.597 71.574 35.539 16.498 20.447 54.377 77.333 68.292 64.247 87.196 99.134 55.043 0.013 0.000 0.000 7.833 14.806 48.734 61.705 66.691 82.685 72.686 65.692 58.701 64.715 82.732 79.750 85.765 4.775 0.000 0.000 0.000 0.000 0.000 0.000 0.000 0.000 0.000 0.000 0.000 0.000 0.000 4.710 0.000 0.000 0.000 73.152 64.088 74.017 96.909 73.081
