results3_8e3_rain/res_3e8f-0183.wd
ncols         241
nrows         181
xllcorner     12693529.787448
yllcorner     3542525.717860
cellsize      155.156523
NODATA_value  -9999.000000
[rows 0 to 32 of 181, columns 146 to 218 of 241]
0.000 0.000 0.000 0.000 0.000 0.000 0.000 0.000 0.000 0.000 0.000 0.000 0.000 0.000 5.731 16.584 17.347 17.055 16.734 16.401 16.074 15.769 15.496 15.264 15.074 14.927 14.818 14.742 14.694 14.668 14.656 19.652 0.000 0.000 0.000 0.000 0.000 0.000 0.000 0.000 0.000 0.000 0.000 0.000 0.000 0.000 0.000 0.000 0.000 19.532 26.532 0.000 0.000 45.629 50.629 0.000 0.000 0.000 0.000 0.000 0.000 0.000 0.000 0.000 0.000 0.000 0.000 0.000 0.000 0.000 0.000 0.000 0.000
0.000 0.000 0.000 0.000 0.000 0.000 0.000 0.000 0.000 0.000 0.000 0.000 0.000 1.280 16.879 17.674 17.401 17.086 16.745 16.395 16.053 15.735 17.456 16.221 15.032 14.888 14.785 14.715 14.673 14.653 14.649 19.648 0.000 0.000 0.000 0.000 0.000 0.000 0.000 0.000 0.000 0.000 0.000 0.000 0.000 0.000 0.000 0.000 16.532 38.532 14.532 0.000 24.629 57.629 51.629 0.000 0.000 0.000 0.000 0.000 0.000 0.000 0.000 0.000 0.000 0.000 0.000 0.000 36.622 0.000 0.000 0.000 0.000
0.000 0.000 0.000 0.000 0.000 0.000 0.000 0.000 0.000 0.000 0.000 0.000 0.000 20.511 19.164 17.834 17.496 17.141 16.766 16.381 16.007 17.665 17.370 15.131 14.946 14.810 14.717 14.659 14.629 14.623 16.638 10.643 0.000 0.000 0.000 0.000 0.000 0.000 0.000 0.000 0.000 0.000 0.000 0.000 0.000 0.000 0.000 0.000 28.532 0.000 0.000 19.629 50.629 12.629 0.000 0.000 0.000 0.000 0.000 0.000 0.000 0.000 0.000 0.000 5.624 0.000 0.000 0.000 39.622 11.622 0.000 0.000 0.000
0.000 0.000 0.000 0.000 0.000 0.000 0.000 0.000 0.000 0.000 0.000 0.000 3.050 19.923 18.433 18.001 17.609 17.217 16.797 16.357 16.929 16.546 15.231 14.987 14.810 14.689 14.614 14.575 14.563 20.570 0.000 0.000 0.000 0.000 0.000 0.000 0.000 0.000 0.000 0.000 0.000 0.000 0.000 13.533 0.000 0.000 0.000 12.532 72.532 2.532 0.000 25.629 52.629 0.000 0.000 0.000 0.000 0.000 0.000 0.000 0.000 0.000 11.624 17.624 36.624 0.000 0.000 29.622 38.622 39.622 11.622 0.000 0.000
0.000 0.000 0.000 0.000 0.000 0.000 0.000 0.000 0.000 0.000 0.000 8.165 1.345 2.969 18.643 18.130 17.721 17.320 16.848 16.322 16.804 16.361 15.019 14.776 14.617 14.523 14.476 14.464 15.477 16.523 0.000 0.000 0.000 0.000 0.000 0.000 0.000 0.000 0.000 0.000 0.000 0.000 14.533 37.533 32.533 0.000 0.000 28.533 56.533 0.000 0.000 0.000 52.629 7.629 0.000 0.000 0.000 0.000 0.000 0.000 0.000 0.000 51.624 55.624 57.624 0.000 0.000 42.622 37.622 37.622 47.622 0.000 0.000
0.000 0.000 0.000 0.000 0.000 0.000 0.000 0.000 0.000 0.000 10.881 3.485 1.856 1.285 1.409 16.154 17.824 17.494 16.953 18.279 17.606 15.073 14.708 14.482 14.360 14.308 14.304 14.328 20.359 0.000 0.000 0.000 0.000 0.000 0.000 0.000 0.000 0.000 0.000 0.000 0.000 0.000 0.000 17.533 38.533 30.533 28.533 10.533 41.533 14.533 0.000 0.000 37.630 50.630 41.630 39.630 48.630 0.000 0.000 0.000 0.000 0.000 51.624 53.624 58.624 37.623 26.623 43.622 46.622 0.000 0.000 0.000 11.616
0.000 0.000 0.000 0.000 0.000 0.000 0.000 0.000 0.000 0.000 7.277 3.984 3.617 3.122 0.436 0.627 10.928 18.878 18.192 18.233 15.269 14.618 14.256 14.086 14.031 14.047 14.104 14.184 9.271 0.000 0.000 0.000 0.000 0.000 34.543 67.543 1.543 0.000 7.543 48.543 0.000 0.000 0.000 14.533 38.533 51.533 86.533 48.533 49.533 20.533 0.000 0.000 34.630 53.630 38.630 34.630 51.630 0.000 0.000 0.000 0.000 0.000 38.624 44.624 40.624 40.623 44.623 47.622 55.622 0.000 0.000 0.000 34.616
0.000 0.000 0.000 0.000 0.000 0.000 0.000 0.000 0.000 30.519 30.967 7.545 3.160 3.401 3.054 0.792 0.369 5.900 18.705 16.190 14.620 13.873 13.612 13.574 13.633 13.743 14.881 12.033 0.000 0.000 0.000 0.000 0.000 0.000 9.543 55.543 62.543 44.543 36.543 8.543 0.000 0.000 0.000 0.000 0.000 12.533 79.533 58.533 5.533 0.000 0.000 0.000 0.000 46.630 61.630 59.630 61.630 53.629 45.629 48.628 47.627 56.626 60.625 57.625 58.624 58.623 53.623 48.622 45.622 0.000 0.000 0.000 0.000
0.000 0.000 0.000 0.000 0.000 0.000 0.000 0.000 24.627 42.070 43.527 33.038 9.625 2.043 3.059 0.835 2.782 8.068 6.536 16.203 13.149 12.642 12.746 12.965 13.184 14.410 14.646 0.000 0.000 0.000 0.000 0.000 0.000 0.000 0.000 7.543 53.543 63.543 68.543 7.543 0.000 0.000 0.000 0.000 0.000 8.534 51.533 43.533 48.533 15.533 0.000 0.000 30.631 58.631 43.631 37.630 44.630 56.629 44.629 43.628 52.627 61.627 48.626 44.625 47.624 53.623 59.623 61.622 59.621 45.620 36.619 19.618 28.618
0.000 0.000 0.000 0.000 0.000 0.000 0.000 20.750 30.183 45.610 43.031 43.454 35.878 12.310 1.191 4.737 14.269 6.453 2.241 3.029 6.131 10.800 11.765 12.358 12.727 18.068 0.000 0.000 0.000 0.000 0.000 0.000 7.544 5.544 0.000 0.000 20.543 66.543 19.543 0.000 0.000 0.000 0.000 0.000 0.000 47.534 57.534 33.533 49.533 69.533 9.533 0.000 36.631 60.631 39.631 33.631 36.630 49.630 38.629 38.629 40.628 42.627 39.626 40.625 34.624 38.623 44.623 45.622 43.621 52.620 54.619 57.618 65.617
0.000 0.000 0.000 0.000 0.000 0.000 25.871 24.316 47.746 44.154 43.534 42.870 43.123 38.179 20.684 12.401 8.084 0.000 0.046 4.358 2.161 3.338 11.155 11.974 17.297 0.000 0.000 0.000 0.000 0.000 0.000 2.544 44.544 3.544 0.000 0.000 27.543 67.543 6.543 0.000 0.000 0.000 0.000 0.000 42.536 86.535 19.534 22.534 44.533 71.533 11.533 0.000 33.632 58.632 38.632 31.631 34.631 36.630 32.630 31.629 38.628 54.627 37.626 33.625 47.625 43.624 40.623 47.622 47.621 50.620 59.619 63.618 50.617
0.000 0.000 0.000 0.000 0.000 29.912 18.425 46.898 45.332 44.728 44.079 43.370 42.564 42.601 39.405 25.102 4.407 0.334 0.066 46.210 4.518 0.078 0.102 14.084 10.191 0.000 0.000 0.000 0.000 0.000 0.000 2.544 40.544 35.544 44.544 56.544 60.544 50.543 0.000 0.000 5.540 41.540 56.539 61.538 85.537 41.537 0.000 0.000 46.533 34.532 0.000 0.000 36.633 63.632 50.632 34.632 82.631 110.631 59.630 35.629 51.629 98.628 50.627 27.626 92.625 65.624 40.623 47.622 49.621 39.620 48.619 61.618 44.617
0.000 0.000 0.000 0.000 0.000 19.400 41.020 47.518 45.955 45.345 44.686 43.965 43.164 42.255 42.242 41.153 30.332 4.946 50.811 47.870 0.356 0.148 0.052 0.057 0.000 0.000 0.000 0.000 0.000 0.000 5.544 39.544 35.544 40.544 54.544 64.544 48.544 35.544 0.543 0.000 3.540 50.540 49.539 45.539 84.538 44.537 0.000 0.000 25.532 17.532 0.000 29.634 57.633 59.633 53.633 41.633 40.632 73.632 114.631 52.630 45.629 102.628 53.627 27.626 99.625 69.624 32.623 34.622 40.621 31.620 45.619 44.618 32.617
0.000 0.000 0.000 0.000 23.917 34.266 49.738 47.199 46.625 46.012 45.354 44.643 43.867 43.029 42.071 41.333 40.193 52.543 52.216 0.990 0.490 9.600 0.000 0.000 0.000 0.000 0.000 0.000 0.543 55.544 58.544 40.544 39.544 54.544 64.544 50.545 33.544 35.544 35.543 33.542 31.541 43.540 46.540 56.539 96.538 30.538 0.000 0.000 62.532 12.532 0.000 26.634 56.634 56.634 43.634 35.634 31.633 41.632 38.632 78.631 109.630 126.629 107.628 96.627 122.625 116.624 107.623 53.622 33.621 50.620 45.619 34.618 29.617
0.000 0.000 0.000 25.101 34.568 52.010 48.467 47.914 47.335 46.724 46.075 45.382 44.652 43.812 43.268 40.902 52.579 52.576 36.777 19.081 6.242 0.000 0.000 0.000 0.000 0.000 0.000 0.000 41.543 8.543 0.000 19.544 57.544 61.545 53.545 38.545 4.545 0.000 2.543 37.542 33.542 43.541 42.540 65.539 62.538 0.000 0.000 4.531 65.532 11.532 0.000 24.635 54.635 66.635 45.635 51.635 74.634 51.634 33.633 57.632 80.631 114.630 80.628 60.627 108.626 98.625 73.623 42.622 28.621 99.620 67.619 39.617 29.616
0.000 0.000 0.000 30.634 50.242 49.740 49.207 48.653 48.077 47.474 47.838 47.180 45.422 45.000 42.426 52.642 52.589 40.350 41.971 39.593 23.554 4.552 0.000 0.000 0.000 0.000 0.000 43.543 12.543 0.000 0.000 0.000 25.545 57.545 35.545 33.546 39.547 2.547 0.000 38.543 36.542 42.541 43.540 65.539 61.538 0.000 0.000 25.531 72.531 8.531 0.000 26.636 57.636 60.636 41.636 41.636 87.635 122.635 71.634 39.633 55.632 102.630 62.629 29.628 95.626 82.625 40.624 32.622 25.621 106.620 70.619 42.617 43.616
0.000 0.000 31.241 48.560 52.026 50.501 49.967 49.416 48.847 49.253 47.645 46.946 46.608 44.038 53.076 52.791 41.850 42.700 41.701 32.052 12.799 0.000 0.000 0.000 0.000 0.000 0.000 39.543 13.543 0.000 0.000 0.000 0.000 0.000 0.000 38.547 35.548 34.548 36.547 38.545 34.544 42.542 44.540 56.539 52.537 14.535 33.533 66.531 17.531 0.000 0.000 26.637 53.637 59.637 45.637 30.637 32.637 57.636 44.635 26.634 44.633 99.631 55.630 21.628 92.627 77.625 35.624 31.622 27.621 105.620 70.618 42.617 33.616
0.000 30.513 43.922 53.340 51.800 51.273 50.742 50.199 50.638 50.068 48.411 48.124 45.560 54.015 53.494 43.513 44.514 42.396 29.590 0.000 0.000 0.000 0.000 0.000 0.000 0.000 0.000 0.000 13.543 0.000 0.000 0.000 0.000 0.000 0.000 0.000 42.550 52.550 63.549 51.547 40.545 44.543 41.541 46.539 39.536 58.534 76.532 64.531 10.530 0.000 0.000 25.637 51.638 56.638 62.639 60.639 48.639 38.638 51.637 83.636 102.634 123.632 103.631 86.629 120.627 113.625 95.624 55.622 28.621 103.620 75.618 47.617 34.616
27.581 39.103 53.596 53.076 52.562 52.048 51.529 51.996 51.459 49.837 49.588 47.040 55.240 54.606 45.081 46.232 47.175 25.431 0.000 0.000 0.000 0.000 0.000 0.000 0.000 0.000 0.000 0.000 0.000 0.000 0.000 0.000 0.000 0.000 0.000 0.000 40.553 44.552 62.551 21.548 1.546 51.544 42.541 45.539 41.536 29.533 48.531 63.529 50.528 9.527 0.000 0.000 16.639 59.639 61.641 54.642 42.641 51.640 102.639 93.637 74.636 75.633 76.631 76.629 76.627 77.626 79.624 50.623 30.621 102.620 78.618 41.617 35.616
31.060 54.721 54.282 53.808 53.322 52.830 52.326 51.821 51.232 51.017 48.489 56.577 55.900 46.547 47.767 46.759 42.250 1.715 0.000 0.000 0.000 0.000 0.000 0.000 0.000 0.000 0.000 0.000 0.000 0.000 0.000 0.000 0.000 0.000 0.000 0.000 41.557 52.556 36.554 0.000 5.547 48.545 45.542 12.539 2.536 33.532 47.529 62.527 59.527 28.527 0.000 0.000 0.000 0.000 28.645 43.645 27.644 88.643 89.641 38.639 44.637 86.635 57.632 29.630 75.628 65.626 45.624 43.623 34.621 102.620 73.618 30.617 31.616
48.878 56.439 55.002 54.552 54.091 54.618 53.147 52.594 52.419 49.916 57.950 57.260 46.921 49.174 48.171 48.551 17.891 0.000 0.000 0.000 0.000 0.000 0.000 0.000 0.000 0.000 0.000 0.000 0.000 0.000 0.000 0.000 0.000 0.000 0.000 8.565 61.561 59.559 63.557 60.554 56.550 56.547 50.544 9.540 2.535 33.530 46.526 64.524 71.525 34.526 0.000 0.000 0.000 0.000 22.650 35.649 55.648 102.646 65.644 25.642 93.639 94.636 43.633 30.630 51.628 107.626 66.624 34.623 34.621 97.620 115.618 102.616 107.614
58.572 56.156 55.736 55.307 54.866 56.428 53.913 53.784 51.320 59.340 58.642 42.228 46.438 50.499 46.969 24.250 0.000 0.000 0.000 0.000 0.000 0.000 0.000 0.000 0.000 0.000 0.000 0.000 0.000 0.000 0.000 0.000 0.000 0.000 0.000 60.568 59.565 60.563 62.559 61.556 59.552 60.549 53.546 8.543 0.000 34.526 46.522 69.519 42.522 0.000 0.000 0.000 0.000 20.658 50.655 29.653 94.651 88.649 32.647 88.645 101.642 50.637 38.633 41.630 36.627 67.626 106.624 63.623 26.621 97.620 100.618 74.616 16.614
49.250 55.875 56.480 56.071 55.662 55.178 55.093 52.668 60.692 60.040 25.458 30.639 33.525 52.197 35.822 0.000 0.000 0.000 0.000 0.000 0.000 0.000 0.000 50.062 39.062 0.000 0.000 0.000 0.000 0.000 0.000 0.000 0.000 0.000 0.000 37.573 31.570 34.566 38.562 33.558 32.554 31.551 33.547 37.543 31.537 24.526 39.515 18.509 0.000 0.000 0.000 0.000 0.000 22.661 45.659 36.657 37.655 37.653 29.650 50.648 51.647 0.000 0.000 12.628 42.626 35.625 57.624 50.623 32.622 65.620 13.619 0.000 11.612
27.966 43.613 56.236 58.856 56.394 56.340 53.922 61.816 61.296 34.614 0.000 43.976 0.000 55.817 24.321 0.000 0.000 0.000 0.000 0.000 0.000 0.000 0.000 57.062 51.061 0.000 0.000 0.000 0.000 0.000 0.000 0.000 0.000 23.612 0.000 38.581 34.577 34.570 34.565 34.560 34.556 34.552 34.549 36.546 14.543 0.000 9.504 40.493 10.482 0.000 0.000 0.000 23.668 54.665 42.664 41.662 33.659 34.657 34.654 32.651 46.650 6.650 0.000 0.000 13.625 38.624 33.624 46.623 45.622 0.000 0.000 0.000 11.611
19.728 27.372 50.015 54.589 57.548 55.088 62.594 62.247 41.499 17.305 0.000 60.627 58.529 44.943 0.000 0.000 0.000 0.000 0.000 0.000 0.000 0.000 60.069 66.064 37.060 0.000 0.000 0.000 0.000 0.000 0.000 0.000 0.000 40.612 38.606 35.594 34.584 31.574 35.566 35.561 35.557 35.553 35.550 38.547 11.546 0.000 0.000 38.476 38.472 8.466 0.000 0.000 8.670 41.670 34.669 33.667 32.664 32.660 32.657 32.653 33.651 42.651 0.000 0.000 0.000 6.624 39.623 42.623 40.622 0.000 0.000 0.000 35.610
23.511 34.143 38.767 36.667 48.223 63.000 62.846 46.485 25.247 18.750 0.000 40.352 53.020 26.481 0.000 0.000 0.000 0.000 48.111 54.108 46.101 44.087 53.073 46.064 36.055 0.000 0.000 0.000 0.000 0.000 0.000 0.000 0.000 38.618 35.612 34.603 8.594 0.000 40.566 34.562 34.558 34.554 34.551 35.548 9.547 0.000 0.000 39.463 38.462 9.461 0.000 0.000 38.672 34.675 34.674 34.673 33.670 33.663 37.660 0.000 4.651 7.651 0.000 0.000 0.000 0.000 39.623 34.622 34.622 35.622 0.000 7.609 37.610
35.255 48.893 24.610 23.483 63.064 63.062 49.479 36.205 32.541 37.380 0.000 7.412 42.716 0.000 0.000 0.000 0.000 44.118 48.114 50.111 48.108 0.000 0.000 0.000 48.042 32.028 0.000 0.000 0.000 0.000 0.000 0.000 6.639 48.630 45.621 20.614 0.000 0.000 53.569 39.564 35.559 34.554 38.550 15.549 0.000 14.441 52.443 33.450 37.453 9.455 0.000 0.000 0.000 39.682 34.682 38.681 5.679 0.000 0.000 0.000 0.000 0.000 0.000 0.000 0.000 0.000 39.622 34.622 34.622 39.622 0.000 0.000 11.609
55.962 44.546 24.610 20.109 63.027 24.521 30.247 32.474 36.149 54.732 64.182 52.167 0.000 0.000 0.000 0.000 42.125 36.121 42.118 57.114 56.112 0.000 0.000 0.000 0.000 49.015 0.000 0.000 0.000 34.687 0.000 0.000 50.648 49.641 55.630 48.617 13.602 67.589 64.576 62.567 60.559 52.552 33.547 20.548 0.000 28.438 81.439 35.442 36.446 10.450 0.000 0.000 0.000 44.690 30.689 35.688 6.687 0.000 0.000 0.000 0.000 0.000 0.000 0.000 0.000 35.622 37.622 39.622 33.622 38.622 0.000 0.000 8.609
64.549 51.646 33.947 62.621 20.546 22.333 21.500 21.140 30.706 58.239 53.646 24.907 0.000 0.000 41.134 7.132 49.128 41.125 52.121 47.117 26.114 0.000 0.000 0.000 0.000 53.001 28.997 0.000 0.000 30.687 38.687 42.680 44.665 46.654 36.642 33.620 41.601 41.589 61.579 44.569 38.559 36.548 16.538 0.000 4.444 23.435 91.431 47.434 13.438 0.000 0.000 0.000 2.699 57.699 30.698 37.696 9.695 0.000 0.000 0.000 0.000 0.000 0.000 0.000 14.622 37.622 52.622 50.622 43.622 2.622 0.000 0.000 9.609
62.607 60.849 62.192 39.479 27.381 23.524 23.159 21.734 28.321 43.869 39.258 0.000 0.000 0.000 44.136 65.134 60.132 61.128 43.125 0.000 0.000 0.000 0.000 0.000 43.988 34.992 26.993 0.000 0.000 0.000 42.694 46.688 46.679 46.670 30.663 0.000 37.594 38.587 62.580 48.572 42.561 28.543 35.519 50.486 70.453 59.428 83.415 48.427 12.432 0.000 0.000 0.000 0.000 55.709 31.706 32.703 37.701 0.000 0.000 0.000 0.000 0.000 0.000 0.000 0.000 7.622 56.622 53.622 6.622 0.000 0.000 0.000 5.609
60.687 62.134 61.337 60.349 42.494 22.141 22.725 23.340 21.971 24.659 0.000 0.000 0.000 0.000 60.139 50.138 48.136 44.132 0.000 0.000 0.000 0.000 0.000 44.983 35.984 31.986 14.989 0.000 0.000 0.000 42.707 50.701 59.692 58.683 60.677 48.678 0.000 6.586 65.584 49.577 23.570 0.000 38.510 48.487 75.453 37.410 21.373 0.000 0.000 0.000 0.000 0.000 8.731 46.722 33.715 34.709 37.705 10.703 0.000 0.000 0.000 0.000 0.000 0.000 0.000 0.000 13.622 14.622 0.000 0.000 0.000 0.000 6.609
62.139 61.116 63.228 63.391 47.062 23.661 26.288 25.925 23.563 24.138 0.000 40.146 0.000 6.144 54.143 54.142 61.142 0.000 0.000 19.052 7.052 0.000 0.000 39.983 33.980 27.978 0.000 0.000 0.000 0.000 40.726 41.716 43.704 42.693 40.684 32.679 0.000 0.000 67.592 53.583 38.571 1.552 37.523 48.498 72.461 28.388 24.293 7.227 0.000 0.000 0.000 0.000 8.739 53.732 32.724 34.714 34.706 35.701 39.697 11.695 0.000 0.000 0.000 0.000 0.000 0.000 0.000 0.000 0.000 0.000 0.000 0.000 0.000
61.827 64.026 63.218 63.917 37.535 28.180 47.837 41.510 23.220 0.918 0.000 37.146 52.146 57.146 43.146 64.147 56.147 0.000 0.000 33.052 64.052 16.048 0.000 40.984 34.976 31.967 0.000 0.000 48.809 44.787 40.754 42.733 47.716 47.701 45.688 56.674 48.655 8.634 67.609 59.592 59.577 51.560 32.540 50.521 58.505 0.000 27.184 10.161 0.000 0.000 0.000 0.000 18.755 57.745 29.734 31.718 32.705 33.698 38.695 10.694 0.000 0.000 0.000 0.000 0.000 0.000 0.000 0.000 0.000 0.000 0.000 0.000 0.000
