results3_8e3_rain/res_3e8f-0147.wd
ncols         241
nrows         181
xllcorner     12693529.787448
yllcorner     3542525.717860
cellsize      155.156523
NODATA_value  -9999.000000
[rows 99 to 131 of 181, columns 73 to 145 of 241]
59.055 59.032 59.008 57.984 57.958 62.932 65.905 62.880 58.861 58.852 52.853 8.858 0.000 0.000 0.000 0.000 0.000 14.151 72.120 97.077 95.071 94.229 100.900 100.830 93.935 94.633 94.483 94.376 95.275 95.179 94.093 98.020 56.970 0.000 0.000 0.000 0.000 0.000 0.000 31.992 57.922 69.791 37.598 19.417 49.346 52.275 50.194 54.082 50.849 48.469 18.119 42.874 46.748 61.663 67.602 70.557 68.523 63.499 56.483 51.475 46.470 24.463 0.000 0.000 0.000 0.000 18.940 36.939 48.939 72.939 73.939 73.939 73.939
59.103 59.081 58.058 56.033 60.007 64.978 65.947 65.912 59.886 56.870 61.865 61.864 22.865 0.000 16.794 46.741 23.627 3.424 60.329 100.208 95.459 95.476 100.960 93.247 95.037 94.693 94.608 94.499 94.396 94.299 96.214 95.148 31.108 0.000 0.000 0.000 0.000 0.000 0.392 36.149 42.088 53.015 1.987 0.000 44.484 52.428 51.337 55.204 54.996 25.732 0.000 37.778 51.721 56.658 77.607 78.568 78.539 79.517 80.502 78.493 59.489 0.000 0.000 0.000 0.000 0.000 0.000 35.938 48.938 72.937 73.937 73.937 73.937
59.152 58.132 58.110 61.085 64.058 65.028 39.993 3.935 32.900 68.880 41.871 15.867 7.866 0.000 27.847 77.802 74.715 66.599 85.479 96.630 93.618 101.042 94.528 95.335 94.904 94.841 94.726 94.619 94.511 95.406 93.317 81.250 28.207 1.204 0.000 0.000 0.000 0.656 39.502 46.359 44.266 45.196 18.170 0.000 50.679 68.614 61.523 56.401 31.198 0.000 0.000 20.739 10.700 50.640 75.600 79.570 77.546 77.528 77.515 79.507 52.505 46.510 46.511 52.512 0.000 0.000 0.000 12.937 47.936 72.936 73.935 73.935 73.935
58.203 57.185 62.164 65.139 65.111 65.082 30.061 0.000 0.000 11.877 2.874 0.000 0.000 0.000 20.945 83.905 89.834 97.747 97.706 94.831 101.383 101.173 94.497 95.208 95.061 94.954 94.848 94.739 94.624 100.498 50.397 18.327 2.266 0.093 4.000 6.996 0.000 30.754 48.639 44.521 44.420 43.331 49.251 15.145 43.940 69.826 68.741 66.679 0.000 0.000 0.000 0.000 0.000 48.601 77.585 81.566 78.548 77.534 75.523 64.516 45.513 41.513 42.513 26.512 0.000 0.000 0.000 0.000 43.934 72.934 73.934 73.933 69.933
57.258 63.242 65.222 65.196 63.165 69.130 39.109 0.000 0.000 0.000 0.000 0.000 0.000 0.000 32.084 90.037 92.976 96.853 96.089 96.102 101.572 93.883 95.589 95.265 95.181 95.074 94.970 98.866 104.748 59.564 28.446 3.396 0.000 0.000 0.000 3.991 31.986 54.883 48.777 41.667 46.562 50.460 47.357 45.244 59.111 63.008 52.936 60.895 0.000 0.000 0.000 0.000 0.000 54.579 78.572 83.560 82.548 78.536 73.527 42.521 40.517 41.516 48.515 0.000 0.000 0.000 0.000 37.932 41.933 70.933 73.932 73.932 67.931
64.317 65.304 65.284 64.258 42.223 8.163 27.135 29.135 0.000 0.000 0.000 0.000 0.000 23.388 76.269 90.192 93.096 95.254 96.264 101.905 101.746 94.859 95.562 95.401 95.296 95.191 99.092 61.005 20.940 0.000 38.428 24.414 0.000 0.000 0.000 0.000 40.085 74.015 64.918 59.810 54.699 55.588 53.476 54.362 67.251 61.161 45.099 47.070 0.000 0.000 0.000 0.000 0.000 54.566 82.562 47.556 45.546 77.536 80.529 50.524 41.520 46.518 16.517 0.000 0.000 0.000 0.000 10.932 37.932 55.931 71.931 74.931 67.930
65.383 65.373 61.354 65.328 47.306 0.000 18.135 48.135 0.000 0.000 0.000 0.000 13.603 75.508 89.415 95.336 95.307 95.449 102.190 102.051 94.188 95.963 95.613 95.524 95.411 95.303 99.203 71.122 3.067 0.000 8.423 11.419 0.000 0.000 0.000 0.000 27.254 59.175 64.070 73.956 69.838 57.717 60.596 69.477 64.369 52.285 44.231 45.215 19.262 20.274 0.000 0.000 0.000 52.556 86.554 0.550 0.000 26.532 73.528 63.525 44.522 23.520 0.000 0.000 0.000 0.000 0.000 0.000 10.931 34.930 60.930 70.929 63.929
63.455 60.452 59.432 75.392 54.368 0.000 17.135 45.135 0.000 0.000 0.000 7.770 71.699 84.623 94.552 97.433 96.677 94.708 102.317 93.498 95.272 91.831 93.759 95.636 95.522 96.407 90.296 80.211 28.139 0.000 0.000 0.000 0.000 0.000 0.000 14.701 49.503 54.360 54.231 56.105 64.978 67.848 70.713 64.581 51.466 45.379 44.323 43.298 47.298 32.286 0.000 0.000 0.000 41.548 78.546 44.540 33.535 25.532 68.528 74.525 54.524 0.000 0.000 5.521 0.000 0.000 0.000 0.000 0.000 29.929 53.929 58.928 45.928
57.537 66.546 62.530 3.442 4.405 0.000 8.135 8.135 0.000 0.000 0.000 8.841 87.799 89.742 97.654 96.821 95.842 102.544 102.435 95.457 95.145 94.986 94.868 93.751 94.632 96.508 53.364 4.287 0.000 0.000 0.000 0.000 0.000 18.314 35.157 49.899 60.696 57.533 56.390 53.256 54.122 56.982 68.829 69.667 61.533 50.442 43.386 43.356 45.346 0.000 0.000 0.000 0.000 26.543 68.541 46.537 42.535 42.531 74.527 77.525 60.523 23.522 13.522 56.521 0.000 0.000 0.000 0.000 0.000 32.928 56.928 51.928 37.927
58.626 68.666 55.698 0.000 0.000 0.000 5.135 17.135 1.135 0.000 0.141 74.955 84.915 96.860 96.856 95.999 102.737 102.644 94.770 96.544 96.196 96.103 95.984 95.867 97.748 47.628 0.000 0.000 0.000 0.000 0.000 7.879 33.723 50.471 63.259 59.042 57.849 57.685 57.539 58.406 56.273 55.130 28.955 47.726 72.557 54.472 42.422 45.394 43.383 31.390 0.000 0.000 0.000 27.540 60.537 38.535 0.000 0.000 30.525 67.524 56.523 65.522 72.521 31.521 0.000 0.000 0.000 0.000 0.000 7.928 47.927 45.927 38.927
56.714 60.794 59.899 36.056 0.000 0.000 0.000 3.135 6.135 0.000 28.201 88.107 95.046 96.968 97.128 95.251 102.822 95.058 96.840 96.405 96.336 96.216 97.101 97.983 59.866 0.000 0.000 0.000 0.000 0.000 10.242 53.034 63.821 59.587 58.366 58.159 57.976 57.817 57.678 57.554 57.436 66.310 5.132 0.000 40.498 49.466 41.435 50.415 50.403 32.397 0.000 0.000 0.000 0.000 44.532 81.530 49.528 0.000 23.523 68.523 62.522 53.521 53.521 0.000 0.000 0.000 0.000 0.000 0.000 0.000 26.926 37.926 38.926
68.783 6.898 63.048 61.214 50.414 9.539 0.000 0.000 0.000 19.362 78.296 92.228 98.168 97.153 96.307 102.969 102.900 96.007 96.705 96.554 96.444 97.334 99.218 60.101 0.000 0.000 0.000 0.000 8.883 39.734 50.450 62.194 58.940 58.690 55.460 55.254 55.078 55.929 57.802 57.695 60.606 37.542 0.000 0.000 20.472 45.457 44.440 62.426 58.419 0.000 0.000 0.000 0.000 0.000 28.528 73.527 85.526 42.524 68.523 82.522 74.521 50.520 43.520 15.519 0.000 0.000 0.000 0.000 0.000 0.000 32.925 38.925 42.925
50.821 3.967 65.181 55.336 62.489 54.664 15.965 3.315 12.426 79.428 88.392 98.351 97.238 97.505 95.532 103.028 95.296 97.089 96.749 96.665 97.557 98.456 52.337 0.000 0.000 0.000 0.000 1.336 52.033 62.868 60.629 59.355 61.052 60.775 66.529 71.318 66.152 59.018 52.908 56.818 62.751 20.711 0.000 0.000 16.461 48.450 49.440 71.432 59.428 0.000 0.000 0.000 0.000 0.000 16.525 68.525 77.524 82.523 78.522 78.521 82.520 66.520 45.519 46.518 15.518 8.517 0.000 0.000 0.000 34.924 39.925 37.925 42.925
0.000 0.000 33.375 84.460 47.541 0.000 0.000 17.506 77.533 82.531 96.511 97.421 97.700 95.631 103.112 95.554 97.363 96.939 96.882 97.771 94.666 49.596 0.000 0.000 0.000 0.000 7.688 54.530 62.285 60.079 59.843 63.543 38.141 16.827 19.564 36.338 62.195 64.084 64.993 56.920 57.868 18.840 0.000 0.000 0.000 29.443 47.439 54.435 53.432 2.432 0.000 0.000 0.000 0.000 16.523 59.523 72.522 77.522 78.521 79.520 75.520 71.519 56.518 44.518 48.517 54.517 0.000 0.000 0.000 0.924 37.924 38.924 40.924
0.000 0.000 10.482 85.589 72.674 0.000 0.000 24.670 85.670 93.661 97.612 98.807 98.844 103.429 103.236 96.505 97.220 97.081 96.983 91.881 81.738 32.667 0.000 0.000 7.129 43.032 51.846 63.679 60.497 60.319 64.120 41.836 0.000 0.000 0.000 22.273 60.207 57.130 61.059 67.001 66.961 44.942 0.000 0.000 0.000 11.440 49.437 43.435 50.434 1.433 0.000 0.000 0.000 0.000 21.522 46.521 63.521 77.521 72.520 65.520 67.519 28.519 53.518 62.517 55.517 51.517 0.000 0.000 0.000 0.000 0.000 32.923 37.923
0.000 0.000 0.000 13.741 62.893 2.728 12.853 78.833 90.818 97.800 97.817 97.993 103.780 103.609 95.792 97.591 97.257 97.186 90.097 56.029 0.000 0.000 0.000 15.319 61.226 55.120 62.984 60.845 60.706 61.580 39.483 0.334 0.000 0.000 0.000 21.274 63.229 57.170 57.112 59.065 63.033 65.023 17.048 0.000 0.000 0.000 30.436 49.435 24.434 0.000 0.000 0.000 0.000 0.000 14.520 42.520 53.520 60.520 52.519 49.519 14.519 0.000 2.517 46.517 50.516 59.516 0.000 0.000 0.000 0.000 0.000 26.923 37.923
0.000 0.000 0.000 0.000 0.702 12.973 81.999 86.989 97.977 97.907 99.190 99.262 103.941 96.091 97.870 97.439 97.379 87.278 76.191 40.110 0.000 0.000 0.000 55.411 77.337 62.239 54.126 62.010 59.902 62.812 32.757 0.000 0.000 0.000 17.377 52.321 59.265 58.208 58.156 55.113 51.084 53.071 15.072 0.000 0.000 0.000 11.435 56.435 4.434 0.000 0.000 0.000 0.000 0.000 14.520 44.519 43.519 42.519 40.518 46.518 0.000 0.000 0.000 21.516 44.516 62.515 6.515 0.000 0.000 0.000 0.000 0.000 30.923
0.000 0.000 0.000 0.000 0.000 85.193 84.179 98.158 98.109 99.310 99.381 104.235 104.092 97.044 98.730 96.573 82.458 71.365 45.278 0.000 0.000 0.000 49.706 67.577 67.474 74.372 62.269 52.169 58.079 68.009 70.975 34.020 0.000 0.000 16.434 64.368 58.301 58.242 57.190 53.148 47.120 48.104 14.098 0.000 0.000 0.000 0.000 29.434 37.434 0.000 0.000 0.000 0.000 0.000 22.519 46.518 40.518 41.518 41.518 43.517 26.517 0.000 0.000 0.000 31.515 52.514 30.514 4.514 0.000 0.000 0.000 0.000 25.923
0.000 0.000 0.000 0.000 24.546 85.427 97.367 98.325 99.333 101.518 104.502 104.371 96.351 98.116 94.768 83.668 72.523 44.444 0.000 0.000 0.000 51.957 72.835 58.717 50.609 64.507 76.410 64.318 67.237 68.169 55.116 61.066 39.929 2.240 24.557 56.414 52.331 59.269 54.214 46.170 45.142 49.126 11.119 0.000 0.000 0.000 0.000 16.434 56.434 1.434 0.000 0.000 0.000 0.000 0.000 28.517 43.517 41.517 41.517 41.517 49.516 0.000 0.000 0.000 0.000 33.514 44.514 50.514 0.000 0.000 0.000 0.000 0.000
0.000 0.000 0.000 0.000 67.666 93.599 99.544 98.447 98.715 96.794 104.628 96.634 98.399 92.968 81.900 56.780 0.000 0.000 0.000 0.000 52.201 73.079 59.960 48.846 48.738 50.638 61.544 76.458 67.380 52.313 60.254 62.197 36.135 0.000 21.479 81.401 68.341 57.288 51.226 47.178 44.153 45.139 39.133 3.136 0.000 0.000 0.000 0.000 35.434 7.434 0.000 0.000 0.000 0.000 0.000 8.517 45.517 41.517 41.516 41.516 43.516 27.515 0.000 0.000 0.000 14.513 41.513 44.513 0.000 0.000 0.000 0.000 0.000
0.000 0.000 0.000 70.974 67.851 73.769 88.679 99.852 96.915 104.863 104.748 97.567 93.253 82.106 61.000 0.000 0.000 33.845 0.000 4.450 77.323 60.199 49.081 49.967 48.861 51.762 65.671 74.588 75.514 59.449 55.390 66.334 40.280 0.000 0.000 12.372 25.342 7.315 0.000 17.161 48.152 55.144 56.140 42.139 0.000 0.000 0.000 0.000 0.000 0.000 0.000 0.000 0.000 0.000 0.000 9.516 45.516 44.516 47.516 42.516 39.515 48.515 0.000 0.000 0.000 21.513 55.513 60.513 0.000 0.000 0.000 0.000 0.000
0.000 0.000 10.198 72.096 68.998 69.918 79.893 96.057 105.082 104.973 96.846 93.612 81.282 55.206 0.000 0.000 50.896 49.845 31.742 15.578 65.441 49.315 50.195 49.082 49.977 64.879 70.790 34.710 25.640 77.579 63.525 41.468 2.377 0.000 0.000 0.000 0.000 0.000 0.000 14.154 66.150 60.145 57.142 53.141 8.141 0.000 0.000 0.000 0.000 0.000 0.000 0.000 0.000 0.000 0.000 33.516 42.516 17.516 0.000 17.515 42.515 46.515 0.000 0.000 0.000 23.513 59.513 28.513 0.000 0.000 0.000 0.000 0.000
0.000 85.386 73.300 70.213 68.135 69.013 70.256 74.320 105.186 96.088 91.849 81.439 55.396 0.000 0.000 0.000 54.947 52.897 72.804 56.678 49.549 50.423 49.303 52.190 72.084 68.987 49.900 45.822 50.756 78.702 75.661 39.636 0.000 0.000 0.000 0.000 0.000 0.000 0.000 14.151 73.148 73.145 68.143 59.142 4.142 0.000 0.000 0.000 0.000 0.000 0.000 0.000 0.000 0.000 6.515 45.515 47.515 0.000 0.000 2.515 45.515 46.515 0.000 0.000 0.000 0.000 30.513 0.000 0.000 0.000 0.000 0.000 0.000
1.567 83.472 97.403 89.330 74.233 75.390 67.437 105.384 105.287 74.971 79.648 55.546 0.000 0.000 0.000 0.000 57.048 69.993 67.899 49.780 49.653 49.527 60.405 72.290 61.183 50.086 49.999 49.923 50.860 59.812 77.782 73.780 34.833 0.000 0.000 0.000 0.000 0.000 0.000 0.000 59.146 61.145 73.143 74.142 30.142 0.000 0.000 0.000 0.000 0.000 0.000 0.000 0.000 0.000 37.515 47.515 24.515 0.000 0.000 6.515 46.515 44.514 0.000 0.000 0.000 0.000 0.000 0.000 0.000 0.000 0.000 0.000 0.000
19.648 96.581 99.512 99.442 94.415 84.570 105.572 105.478 67.128 61.908 0.000 0.000 0.000 0.000 0.000 0.000 68.204 73.129 49.018 50.890 50.757 62.625 71.499 53.382 50.273 50.175 50.087 50.012 49.950 49.904 58.875 78.867 71.886 45.917 36.929 40.933 9.933 0.000 0.000 0.000 0.000 39.144 79.143 79.142 40.142 0.000 0.000 0.000 0.000 0.000 0.000 0.000 0.000 0.000 26.515 25.515 0.000 0.000 0.000 0.000 26.514 53.514 0.000 0.000 0.000 0.000 0.000 0.000 0.000 0.000 0.000 0.000 0.000
89.760 99.691 99.629 99.515 103.757 94.815 105.663 67.224 69.905 64.611 0.000 0.000 0.000 0.000 0.000 61.598 73.435 50.299 51.156 51.007 58.859 71.718 49.586 50.465 50.353 50.252 50.163 50.087 50.025 49.977 49.945 53.929 54.928 49.935 50.939 57.935 39.934 0.000 0.000 0.000 0.000 0.000 34.142 70.142 33.142 0.000 0.000 0.000 0.000 0.000 0.000 0.000 0.000 0.000 0.000 0.000 0.000 0.000 0.000 0.000 0.000 5.514 0.000 0.000 0.000 0.000 0.000 0.000 0.000 0.000 0.000 0.000 0.000
95.863 95.802 99.714 100.876 97.922 105.840 105.752 71.877 56.303 1.487 4.487 1.486 0.000 0.000 0.000 78.760 55.639 51.477 51.299 53.121 73.954 53.801 50.663 50.537 50.423 50.318 50.226 50.148 50.085 50.036 50.000 48.976 47.963 50.957 32.955 0.000 0.000 0.000 0.000 0.000 0.000 0.000 0.000 63.142 51.141 18.141 0.000 0.000 0.000 0.000 0.000 0.000 0.000 0.000 0.000 0.000 0.000 0.000 0.000 0.000 0.000 0.000 0.000 0.000 0.000 0.000 0.000 0.000 0.000 0.000 0.000 0.000 0.000
74.977 74.911 78.889 75.046 106.013 105.927 83.399 64.575 55.462 0.000 0.000 1.486 0.000 0.000 0.000 54.045 49.883 49.671 48.442 61.226 54.035 47.870 48.726 48.599 48.482 48.372 49.275 50.195 50.131 50.082 49.043 47.013 48.989 48.975 45.969 35.970 38.970 40.969 39.968 41.967 12.967 0.000 0.000 1.141 60.141 32.141 0.000 0.000 0.000 0.000 0.000 0.000 0.000 0.000 0.000 0.000 0.000 0.000 0.000 0.000 0.000 0.000 0.000 0.000 0.000 0.000 0.000 0.000 0.000 0.000 0.000 0.000 0.000
90.092 111.980 77.227 107.285 106.096 65.965 56.552 0.000 70.786 29.106 0.000 0.000 0.000 0.000 97.883 76.492 47.178 54.880 65.573 64.304 60.092 57.916 57.774 57.651 56.534 50.413 46.306 50.225 50.163 50.116 49.078 49.043 53.006 52.985 53.975 63.972 63.970 59.969 52.968 51.967 30.967 0.000 0.000 0.000 19.141 25.141 0.000 0.000 0.000 0.000 0.000 0.000 0.000 0.000 0.000 0.000 0.000 0.000 0.000 0.000 0.000 0.000 0.000 0.000 0.000 0.000 0.000 0.000 0.000 0.000 0.000 0.000 0.000
138.173 116.770 114.815 106.252 106.176 94.055 0.000 37.768 65.767 139.428 114.942 1.260 45.374 34.824 96.274 55.861 53.457 125.100 115.666 111.325 111.115 109.927 108.803 107.698 106.591 77.439 44.312 50.235 50.182 50.142 50.109 42.076 0.000 0.000 0.000 0.000 0.000 0.000 16.967 68.967 47.966 18.966 0.000 0.000 0.000 0.000 0.000 0.000 0.000 0.000 0.000 0.000 0.000 0.000 0.000 0.000 0.000 0.000 0.000 0.000 0.000 0.000 0.000 0.000 0.000 0.000 0.000 0.000 0.000 0.000 0.000 0.000 0.000
96.342 115.929 106.393 106.324 90.583 0.000 0.000 0.000 9.091 60.895 48.629 0.000 26.752 0.000 55.528 52.220 61.691 117.395 0.000 3.215 0.000 53.875 62.812 123.746 36.695 0.000 54.267 50.223 50.186 51.159 33.142 0.000 0.000 0.000 0.000 0.000 0.000 0.000 0.000 21.966 68.966 24.966 0.000 0.000 0.000 0.000 0.000 0.000 0.000 0.000 0.000 0.000 0.000 0.000 0.000 0.000 0.000 0.000 0.000 0.000 0.000 0.000 0.000 0.000 0.000 0.000 0.000 0.000 0.000 0.000 0.000 0.000 0.000
117.099 115.153 106.457 115.075 116.922 37.210 0.000 16.611 43.611 53.431 30.050 7.090 48.130 93.650 92.091 84.801 0.000 36.395 0.000 15.105 36.995 64.885 109.824 72.778 37.748 0.000 0.000 56.202 50.182 51.167 32.157 0.000 0.000 0.000 0.000 0.000 0.000 0.000 0.000 0.000 15.965 54.965 19.965 0.000 0.000 0.000 0.000 0.000 0.000 0.000 0.000 0.000 0.000 0.000 0.000 0.000 0.000 0.000 0.000 0.000 0.000 0.000 0.000 0.000 0.000 0.000 0.000 0.000 0.000 0.000 0.000 0.000 0.000
115.233 106.574 106.518 95.582 38.347 0.000 0.000 0.000 5.310 32.170 0.000 0.000 41.028 84.730 138.383 74.092 0.000 0.000 0.000 0.000 0.000 78.847 113.822 43.795 40.772 0.000 0.000 0.000 55.173 49.168 47.164 45.165 33.165 0.000 0.000 0.000 0.000 0.000 0.000 0.000 10.965 68.965 26.965 0.000 0.000 0.000 0.000 0.000 0.000 0.000 0.000 0.000 0.000 0.000 0.000 0.000 0.000 0.000 0.000 0.000 0.000 0.000 0.000 0.000 0.000 0.000 0.000 0.000 0.000 0.000 0.000 0.000 0.000
