results3_8e3_rain/res_3e8f-0033.wd
ncols         241
nrows         181
xllcorner     12693529.787448
yllcorner     3542525.717860
cellsize      155.156523
NODATA_value  -9999.000000
[rows 33 to 65 of 181, columns 75 to 149 of 241]
0.000 0.000 0.000 0.000 0.000 0.000 0.000 0.000 0.000 0.000 0.000 0.000 0.000 0.000 0.000 0.000 0.000 0.000 0.000 0.000 0.000 0.000 0.000 0.000 0.000 0.000 0.000 0.000 0.000 0.000 0.000 0.000 0.000 0.000 0.000 0.000 0.000 29.353 52.354 57.355 13.356 0.000 0.000 22.433 36.451 3.440 0.000 26.494 29.505 23.509 24.507 25.496 25.477 25.451 25.421 24.392 30.370 50.364 0.000 3.941 1.685 36.783 53.481 58.155 56.835 57.546 56.184 58.367 53.507 53.107 53.247 55.599 54.905 54.728 55.467
0.000 0.000 0.000 0.000 0.000 0.000 0.000 0.000 0.000 0.000 0.000 0.000 0.000 0.000 0.000 0.000 0.000 0.000 0.000 0.000 0.000 0.000 0.000 0.000 0.000 0.000 0.000 0.000 0.000 0.000 0.000 0.000 0.000 0.000 0.000 0.000 0.000 0.000 4.354 0.000 0.000 0.000 0.000 0.000 18.506 0.000 0.000 16.520 40.545 39.553 29.550 25.537 25.513 25.477 25.433 24.386 46.353 44.358 0.000 27.047 39.767 53.258 57.866 57.506 57.183 56.791 57.947 54.049 53.343 53.746 56.134 55.451 55.284 55.028 55.792
0.000 0.000 0.000 0.000 0.000 0.000 0.000 0.000 0.000 0.000 0.000 0.000 0.000 0.000 0.000 0.000 18.861 50.861 3.861 0.000 0.000 0.000 0.000 0.000 0.000 0.000 0.000 0.000 0.000 0.000 0.000 0.000 0.000 0.000 0.000 0.000 0.000 0.000 0.000 0.000 0.000 0.000 0.000 0.000 10.561 0.000 0.000 0.000 18.604 36.607 36.604 27.590 25.560 25.512 23.446 39.369 48.297 0.000 12.839 37.433 52.048 58.618 58.213 57.850 57.421 59.543 55.609 53.704 54.258 56.665 55.988 55.829 55.576 55.339 55.104
0.000 0.000 0.000 0.000 0.000 0.000 0.000 0.000 0.000 5.849 43.849 0.000 0.000 0.000 0.000 0.000 25.861 76.861 32.861 0.000 0.000 0.000 0.000 0.000 0.000 0.000 0.000 0.000 0.000 0.000 0.000 0.000 0.000 0.000 0.000 0.000 0.000 0.000 0.000 0.000 0.000 0.000 0.000 0.000 13.616 14.645 21.663 7.671 17.662 25.666 38.669 29.658 25.625 22.564 33.473 43.346 32.168 7.791 37.246 54.797 59.374 58.947 58.549 58.081 58.163 57.194 54.181 54.791 57.207 56.531 56.375 56.122 55.882 55.642 55.407
0.000 0.000 0.000 0.000 0.000 0.000 0.000 0.000 0.000 26.849 61.850 50.851 37.852 0.000 0.000 10.862 64.862 72.862 37.862 0.000 0.000 0.000 0.000 12.579 0.000 0.000 0.000 0.000 0.000 0.000 0.000 0.000 0.000 0.000 0.000 0.000 0.000 0.000 0.000 0.637 18.638 0.000 0.000 29.645 44.642 47.656 45.673 31.689 25.705 24.727 38.748 29.750 21.719 35.646 49.536 37.374 25.240 39.958 44.558 57.134 59.700 59.279 58.775 58.814 56.811 54.772 55.351 57.768 57.093 56.934 56.677 56.431 56.184 55.941 55.702
0.000 0.000 0.000 0.000 0.000 0.000 0.000 0.000 0.000 0.000 59.851 42.852 23.853 0.000 6.862 56.863 67.863 74.864 33.864 0.000 0.000 0.000 0.000 50.579 34.580 0.000 0.000 0.000 0.000 0.000 0.000 0.000 0.000 0.000 13.626 25.626 27.626 0.000 0.000 9.637 34.639 13.642 27.645 50.648 53.653 54.664 51.683 38.709 25.743 22.789 39.845 30.875 34.854 52.765 46.651 0.000 23.461 42.244 54.894 60.478 60.045 59.513 59.505 57.470 55.498 55.947 58.357 57.681 57.518 57.254 56.998 56.738 56.484 56.236 55.991
0.000 0.000 0.000 0.000 0.000 0.000 0.000 0.000 0.000 0.000 0.000 10.854 48.856 44.859 32.862 45.864 65.865 76.866 29.867 0.000 0.000 0.000 0.000 12.580 36.580 38.581 0.000 0.000 0.000 0.000 0.000 0.000 0.000 0.000 29.626 30.626 42.627 25.629 14.632 28.635 29.638 25.642 32.645 39.650 37.656 30.667 49.685 15.721 31.768 34.842 24.969 37.050 50.058 46.912 0.000 0.000 34.900 51.660 60.299 60.856 60.316 60.258 57.193 56.404 56.592 58.984 58.304 58.136 57.864 57.597 57.318 57.040 56.776 57.530 50.281
0.000 0.000 0.000 0.000 0.000 0.000 0.000 0.000 0.000 0.000 0.000 0.855 67.858 62.861 52.863 42.865 66.867 74.869 69.871 54.874 9.876 0.000 0.000 0.000 0.000 46.583 30.584 28.585 39.587 34.587 0.000 0.000 0.000 0.000 29.625 28.626 49.627 55.629 44.631 36.635 28.638 25.641 26.646 27.650 26.655 24.662 32.669 0.000 0.000 0.000 30.139 53.299 51.416 0.000 0.000 35.043 48.576 58.209 61.753 61.313 62.086 58.021 57.582 57.312 59.663 58.973 58.793 58.513 58.237 57.945 57.640 57.329 57.050 56.825 42.678
0.000 0.000 0.000 0.000 0.000 0.000 0.000 0.000 0.000 0.000 0.000 0.000 0.859 39.862 14.866 50.868 69.870 74.872 72.874 70.877 59.878 18.880 0.000 0.000 0.000 2.584 41.584 41.586 54.587 52.589 45.591 40.593 0.000 0.000 0.000 33.624 52.626 59.628 51.631 35.634 24.637 25.641 25.645 25.649 25.654 25.658 29.661 0.000 0.000 0.000 0.454 37.590 6.893 4.667 39.802 44.507 56.172 62.748 62.587 60.807 59.097 59.193 58.148 60.419 59.703 59.500 59.203 58.916 58.619 58.308 57.968 57.585 58.270 50.044 32.927
0.000 0.000 0.000 0.000 0.000 0.000 0.000 0.000 0.000 0.000 0.000 0.000 0.000 0.000 71.870 71.872 73.874 73.876 72.878 66.880 60.881 31.882 0.000 0.000 0.000 0.000 0.000 9.587 54.588 48.589 63.592 60.594 39.599 18.606 19.614 28.622 50.625 59.628 50.630 33.633 23.636 28.641 27.646 25.649 25.652 25.655 26.656 18.655 0.000 0.000 0.000 0.000 0.154 42.305 45.231 53.036 63.714 63.804 62.161 64.005 61.506 59.173 61.289 60.518 60.268 59.940 59.633 59.326 59.018 58.700 57.338 65.774 63.400 36.156 26.058
0.000 0.000 0.000 0.000 6.035 29.036 0.000 7.038 47.038 36.038 40.038 15.038 0.000 0.000 7.872 79.875 73.878 70.881 67.883 70.884 61.885 24.885 0.000 0.000 0.000 0.000 0.000 0.000 0.000 0.000 52.593 53.595 4.597 0.000 0.000 32.624 50.625 55.627 45.629 36.632 34.634 0.000 3.647 31.649 25.651 25.653 26.654 32.654 40.653 2.653 0.000 0.000 15.401 48.017 51.794 62.544 64.728 64.367 67.817 66.368 60.564 62.327 61.444 61.114 60.734 60.391 60.058 59.737 59.426 59.136 64.909 0.000 0.000 15.123 33.090
0.000 0.000 0.000 0.000 6.036 49.037 0.000 41.038 43.038 55.038 38.039 23.039 0.000 0.000 0.000 64.879 76.884 73.887 73.889 74.889 68.889 22.889 0.000 0.000 0.000 0.000 0.000 0.000 0.000 0.000 0.000 37.594 0.000 0.000 0.000 38.624 35.625 47.627 4.628 0.000 0.000 0.000 0.000 0.000 35.651 29.652 0.000 22.653 56.653 39.653 0.000 0.000 19.800 53.539 62.374 65.455 65.202 69.477 68.795 61.959 63.459 62.465 62.036 61.588 61.194 60.825 60.474 60.137 59.814 59.511 64.253 7.115 0.000 0.000 0.000
38.030 0.000 0.000 0.000 0.002 60.039 36.039 38.039 44.039 68.039 69.040 64.041 18.042 0.000 0.000 0.000 24.891 78.895 73.897 74.896 71.894 30.893 0.000 0.000 0.000 0.000 0.000 0.000 0.000 0.000 0.000 0.000 0.000 0.000 0.000 0.000 0.000 0.000 0.000 0.000 0.000 0.000 0.000 0.000 0.000 10.651 7.651 0.000 0.000 0.000 0.000 8.851 46.375 63.332 64.996 65.916 70.262 69.953 62.952 64.474 63.477 62.986 62.480 62.037 61.626 61.241 60.876 60.524 60.181 59.840 62.476 45.977 3.124 0.000 0.000
42.031 38.033 0.000 0.000 0.000 52.041 54.040 54.040 66.040 63.041 75.042 74.042 35.043 0.000 0.000 0.000 0.899 80.908 73.907 74.903 71.899 31.896 0.000 0.000 0.000 40.845 52.841 21.838 0.000 0.000 0.000 0.000 0.000 0.000 0.000 0.000 0.000 0.000 0.000 0.000 0.000 0.000 0.000 0.000 0.000 0.000 0.000 0.000 0.000 0.000 6.631 47.216 64.240 64.849 71.002 70.546 64.130 64.703 65.206 64.377 63.888 63.364 62.890 62.447 62.033 61.639 61.264 60.901 60.546 67.193 7.835 0.000 16.218 0.000 0.000
44.033 45.035 37.038 0.000 42.047 37.045 45.042 58.041 62.041 73.042 74.044 73.045 42.046 0.000 0.000 0.000 0.000 79.925 73.920 74.912 69.905 49.897 33.886 34.875 34.863 42.850 63.841 30.835 0.000 0.000 0.000 0.000 0.000 0.000 0.000 0.000 0.000 0.000 0.000 0.000 0.000 0.000 0.000 0.000 0.000 0.000 0.000 0.000 4.535 35.348 44.929 63.976 65.617 72.307 71.748 64.609 66.342 65.688 65.151 64.690 64.192 63.719 63.264 62.832 62.417 62.020 61.639 61.271 67.910 13.552 0.000 0.000 1.492 9.961 11.670
58.035 41.038 45.041 45.045 36.049 29.050 0.000 0.000 4.042 63.043 74.047 72.049 57.050 24.049 0.000 0.000 48.969 69.949 74.935 73.922 74.911 64.900 40.888 37.876 36.864 45.851 63.839 46.826 32.810 33.796 37.785 48.778 12.776 0.000 0.000 0.000 0.000 0.000 0.000 0.000 0.000 0.000 0.000 0.000 0.000 0.000 0.000 0.000 15.699 55.574 63.567 66.260 73.081 72.742 65.261 66.949 66.188 65.829 65.396 64.944 64.493 64.050 63.618 63.198 62.786 62.383 62.002 67.634 14.272 0.000 0.000 0.000 0.644 9.740 2.583
74.038 45.040 39.043 40.047 42.054 42.058 31.063 0.000 0.000 0.000 8.051 79.056 69.055 47.049 39.037 46.018 44.990 46.967 54.948 55.931 42.917 39.904 37.891 37.879 36.865 45.852 60.837 39.823 36.807 41.793 57.782 60.775 45.773 19.773 0.000 0.000 0.000 0.000 0.000 0.000 0.000 0.000 0.000 0.000 0.000 0.000 0.000 6.406 48.315 63.979 66.857 73.513 73.337 65.878 67.549 66.791 66.453 66.040 65.627 65.207 64.786 64.369 63.960 63.555 63.146 62.725 68.351 13.993 0.000 0.000 0.000 0.000 0.000 3.542 13.475
74.041 60.044 0.000 0.000 47.062 43.065 54.068 45.067 0.000 0.000 0.000 67.069 64.065 49.057 40.044 37.027 37.006 39.983 52.959 60.939 63.922 56.907 46.895 39.882 38.868 54.853 57.837 32.821 36.804 36.788 37.775 41.767 20.770 0.000 0.000 0.000 0.000 0.000 0.000 0.000 0.000 0.000 0.000 0.000 0.000 9.417 41.146 49.091 62.673 74.026 73.691 66.810 67.440 68.047 67.390 67.053 66.653 66.263 65.867 65.470 65.074 64.683 64.298 63.916 64.520 71.019 14.685 0.000 0.000 0.000 0.000 0.000 0.000 6.411 25.379
74.045 74.050 61.059 44.065 44.069 44.073 35.077 0.000 1.104 8.105 60.100 57.087 60.079 53.069 54.057 54.042 54.023 57.001 51.968 51.944 53.925 57.910 58.899 56.887 52.872 63.856 61.838 49.819 50.800 50.780 52.763 27.749 0.000 0.000 0.000 0.000 0.000 0.000 0.000 0.000 0.000 0.000 0.000 0.000 43.869 44.578 65.680 66.315 75.057 74.607 69.230 68.983 68.407 67.975 67.629 67.245 66.868 66.489 66.109 65.731 65.357 64.990 64.632 65.292 68.998 1.656 0.000 0.000 0.000 0.000 0.000 0.000 0.000 20.312 16.299
73.048 74.054 71.061 49.068 43.075 44.082 45.090 37.100 0.000 52.111 49.108 50.101 51.094 46.085 50.074 55.060 63.044 48.030 0.000 0.000 0.000 56.908 52.906 52.895 52.879 52.861 52.840 52.819 52.796 52.772 50.747 45.718 18.681 0.000 0.000 39.319 46.265 58.191 28.128 0.000 0.000 0.000 0.000 45.384 56.154 68.143 68.848 75.705 75.417 69.812 69.527 68.829 68.535 68.179 67.813 67.448 67.082 66.715 66.351 65.989 65.634 65.287 65.949 68.622 16.310 0.000 0.000 0.000 0.000 0.000 0.000 0.000 16.192 22.226 7.230
63.052 74.058 74.065 64.072 40.081 43.091 44.101 44.111 50.120 59.121 43.120 40.117 38.112 45.104 60.094 59.080 44.063 24.046 0.000 0.000 0.000 0.000 41.923 36.908 36.889 36.868 36.844 37.820 40.794 41.766 41.734 40.696 41.645 40.566 40.479 49.374 56.284 54.181 61.065 58.900 53.707 51.469 54.098 65.912 69.524 69.379 76.087 75.928 70.379 70.076 69.366 69.077 68.717 68.364 68.008 67.651 67.296 66.941 66.588 66.241 65.903 66.576 67.255 5.938 0.000 0.000 0.000 0.000 0.000 0.000 0.000 0.000 27.158 13.172 2.177
41.056 69.061 73.068 54.076 37.087 36.100 44.112 44.123 43.130 37.132 38.133 44.136 61.133 60.127 43.117 36.104 26.083 0.000 46.063 55.049 51.025 51.994 54.954 57.927 56.903 57.877 60.850 59.822 56.794 58.763 53.729 39.688 43.637 42.573 47.499 65.414 72.318 69.183 63.051 57.927 59.771 66.488 71.559 70.162 76.568 76.257 70.255 71.904 70.537 69.918 69.617 69.255 68.905 68.553 68.202 67.854 67.509 67.165 66.821 67.482 65.164 60.857 12.556 0.000 0.000 0.000 0.000 0.000 0.000 0.000 0.000 13.084 17.111 11.125 9.132
34.059 53.064 64.069 39.077 31.092 38.111 36.126 43.138 44.146 44.146 37.146 54.160 46.160 35.153 38.144 30.135 0.000 55.099 58.079 58.058 60.033 61.004 63.972 67.944 66.917 66.889 66.857 68.826 69.796 67.765 55.730 41.690 43.643 43.589 43.530 46.466 20.392 0.000 83.025 125.010 102.820 68.977 70.685 77.522 77.099 70.652 73.421 70.874 70.472 70.153 69.796 69.445 69.092 68.740 68.394 68.054 67.721 67.388 69.048 63.705 52.412 7.134 0.000 0.000 0.000 0.000 0.000 0.000 0.000 0.000 11.039 24.058 13.075 13.087 9.094
0.000 10.066 45.069 27.073 0.000 33.127 38.143 38.158 44.171 33.158 0.000 38.198 36.193 38.183 39.171 49.158 63.146 60.119 62.095 68.072 78.046 122.018 118.987 118.959 118.934 118.906 119.864 103.829 35.801 38.771 36.737 44.700 43.658 40.612 38.564 20.529 0.000 0.000 0.000 50.142 67.343 72.110 78.159 77.871 70.201 71.942 71.278 71.011 70.680 70.335 69.988 69.635 69.279 68.924 68.578 68.248 68.932 67.619 59.280 47.876 5.644 0.000 0.000 0.000 0.000 0.000 0.000 0.000 0.000 2.006 23.020 15.035 3.046 5.054 17.060
0.000 60.066 38.067 0.000 0.000 0.000 32.162 45.181 37.223 0.000 0.000 46.242 37.231 48.216 61.199 61.181 66.162 69.137 62.112 48.088 39.062 35.035 32.998 35.973 36.953 23.938 0.000 40.826 37.808 36.781 40.749 44.713 41.677 33.638 40.586 21.557 0.000 0.000 45.744 62.716 72.518 78.579 78.395 70.738 72.464 71.796 71.539 71.205 70.873 70.531 70.182 69.828 69.465 69.097 68.747 69.428 65.141 53.876 10.578 0.000 0.000 0.000 0.000 0.000 0.000 0.000 0.000 0.000 0.000 19.992 19.001 5.014 2.019 15.025 15.029
65.394 0.000 0.000 0.000 0.000 0.000 0.000 0.000 41.318 39.346 47.336 44.298 44.273 44.251 61.229 75.206 64.182 44.156 42.130 37.105 39.081 30.062 0.000 41.983 38.968 27.954 0.000 41.842 36.823 37.796 44.764 42.729 40.698 22.676 0.000 0.000 42.429 40.299 57.078 73.005 78.800 71.602 72.199 72.896 72.326 72.066 71.737 71.412 71.076 70.733 70.383 70.029 69.658 70.253 69.886 59.575 44.327 7.167 0.000 0.000 0.000 0.000 0.000 0.000 0.000 0.000 0.000 0.000 8.959 20.970 8.977 0.985 14.993 15.998 4.004
53.406 0.000 0.000 54.580 47.579 41.577 0.000 0.000 59.387 56.383 43.367 44.340 44.313 45.287 66.261 118.233 111.205 58.176 113.148 34.120 38.095 38.070 40.044 38.009 37.983 37.957 39.923 35.878 35.847 44.817 43.784 40.741 35.710 24.693 0.000 0.000 44.558 51.428 73.453 72.364 79.154 72.652 73.268 72.847 72.588 72.273 71.955 71.626 71.288 70.941 70.589 70.246 71.886 67.370 48.971 35.658 37.427 3.297 0.000 0.000 0.000 0.000 0.000 0.000 0.000 0.000 3.941 8.943 22.948 16.953 6.956 15.957 15.965 4.969 0.980
0.000 0.000 0.000 37.581 46.582 43.576 61.556 55.519 60.460 68.432 59.408 44.382 44.354 44.325 43.294 37.261 32.228 37.196 34.165 38.135 38.108 38.081 38.054 38.025 37.997 37.969 36.936 41.899 43.869 44.844 28.814 0.000 28.710 0.000 0.000 0.000 48.789 70.732 74.766 80.214 79.728 72.748 73.425 73.093 72.807 72.501 72.181 71.849 71.508 71.154 70.787 69.480 31.269 0.000 0.000 0.000 0.000 0.000 0.000 0.000 0.000 0.000 0.000 0.000 0.000 0.000 5.940 21.939 15.938 6.939 16.939 12.939 3.940 1.940 0.000
43.780 0.000 42.554 38.580 37.592 55.589 48.572 64.543 73.503 53.477 39.452 37.426 40.397 43.364 44.329 44.291 37.252 36.215 37.180 37.149 38.120 38.093 38.067 43.040 40.014 36.985 37.953 40.913 44.887 33.875 0.000 0.000 0.000 0.000 4.522 124.405 68.116 75.153 73.154 80.636 72.548 75.088 76.592 73.342 73.049 72.743 72.420 72.082 72.742 69.378 56.927 47.617 5.443 0.000 0.000 0.000 0.000 0.000 0.000 0.000 2.001 2.001 1.998 2.987 2.970 3.953 17.941 17.933 1.928 4.924 6.922 3.919 1.917 6.912 11.901
17.941 42.343 38.528 37.596 48.618 52.617 63.603 70.577 36.533 35.520 36.500 38.474 37.443 34.407 42.366 43.322 44.275 43.232 37.194 36.161 35.132 36.105 42.080 101.056 69.032 49.006 31.980 0.000 46.891 54.896 0.000 0.000 0.000 0.000 48.642 59.548 76.440 74.494 81.360 81.014 73.642 74.187 74.871 73.598 73.308 73.002 72.675 73.317 72.001 24.690 0.000 0.000 0.000 0.000 0.000 0.000 0.000 0.000 0.000 0.000 9.002 5.003 2.007 2.992 0.970 12.949 19.937 3.926 4.917 12.909 10.904 4.900 1.899 8.889 27.883
0.000 35.560 38.620 40.657 61.668 72.659 86.644 68.631 0.000 54.570 54.553 38.528 38.495 37.455 35.408 38.355 44.296 42.243 43.202 45.169 43.141 41.116 37.094 32.073 37.052 32.029 0.000 0.000 0.000 40.921 32.927 0.000 0.000 0.000 58.855 75.743 75.835 73.872 81.673 73.351 75.864 77.385 74.144 73.870 73.585 73.281 72.960 70.511 25.256 0.000 0.000 0.000 0.000 0.000 0.000 0.000 0.000 0.000 0.000 8.201 0.000 0.000 10.034 0.003 10.967 22.950 10.933 5.917 10.904 14.893 7.885 2.878 0.870 15.862 35.860
0.000 33.717 39.735 55.746 66.737 114.707 108.684 110.672 116.671 112.639 113.616 38.589 38.554 37.510 37.457 36.395 31.311 41.244 43.203 44.173 42.148 44.126 44.106 45.088 38.076 0.000 0.000 0.000 0.000 41.941 26.934 0.000 0.000 50.339 72.144 76.091 75.091 82.239 81.964 74.409 74.965 75.668 74.419 74.158 73.879 74.579 49.372 0.000 0.000 0.000 0.000 0.000 0.000 0.000 0.000 0.000 20.368 9.357 0.000 3.201 3.162 4.113 4.062 7.026 19.983 16.952 11.927 12.906 10.888 8.874 4.863 1.854 3.839 23.836 39.834
0.000 34.858 51.859 59.854 65.829 36.750 35.713 34.703 31.704 32.697 32.683 38.659 38.623 54.574 54.517 30.456 0.000 28.218 41.193 43.172 41.152 43.134 43.116 44.100 40.088 0.000 0.000 0.000 39.997 24.969 0.000 0.000 51.663 60.527 77.387 76.296 75.488 82.494 74.072 76.608 79.154 74.941 74.704 74.464 73.195 60.784 19.578 0.000 0.000 0.000 0.000 0.000 6.496 1.484 1.462 1.430 5.379 17.347 20.297 6.242 1.180 3.115 5.074 20.033 18.988 4.947 13.917 14.892 13.870 6.852 2.841 1.834 11.818 31.811 39.807
