results3_8e3_rain/res_3e8f-0109.wd
ncols         241
nrows         181
xllcorner     12693529.787448
yllcorner     3542525.717860
cellsize      155.156523
NODATA_value  -9999.000000
[rows 0 to 32 of 181, columns 146 to 218 of 241]
0.000 0.000 0.000 0.000 0.000 0.000 0.000 0.000 0.000 0.000 0.000 0.000 0.000 0.000 4.318 15.204 16.012 15.772 15.504 15.223 14.944 14.682 14.447 14.246 14.082 13.954 13.860 13.794 13.752 13.729 13.719 18.716 0.000 0.000 0.000 0.000 0.000 0.000 0.000 0.000 0.000 0.000 0.000 0.000 0.000 0.000 0.000 0.000 0.000 7.033 14.033 0.000 0.000 30.288 35.288 0.000 0.000 0.000 0.000 0.000 0.000 0.000 0.000 0.000 0.000 0.000 0.000 0.000 0.000 0.000 0.000 0.000 0.000
0.000 0.000 0.000 0.000 0.000 0.000 0.000 0.000 0.000 0.000 0.000 0.000 0.000 0.002 15.433 16.280 16.061 15.801 15.517 15.220 14.928 14.654 16.413 15.209 14.046 13.921 13.831 13.770 13.734 13.717 13.713 18.712 0.000 0.000 0.000 0.000 0.000 0.000 0.000 0.000 0.000 0.000 0.000 0.000 0.000 0.000 0.000 0.000 4.034 26.033 2.033 0.000 9.291 42.289 36.288 0.000 0.000 0.000 0.000 0.000 0.000 0.000 0.000 0.000 0.000 0.000 0.000 0.000 21.216 0.000 0.000 0.000 0.000
0.000 0.000 0.000 0.000 0.000 0.000 0.000 0.000 0.000 0.000 0.000 0.000 0.000 19.021 17.700 16.425 16.148 15.856 15.541 15.214 14.892 16.596 16.340 14.132 13.971 13.853 13.772 13.722 13.696 13.690 15.704 9.708 0.000 0.000 0.000 0.000 0.000 0.000 0.000 0.000 0.000 0.000 0.000 0.000 0.000 0.000 0.000 0.000 16.036 0.000 0.000 4.293 35.293 0.000 0.000 0.000 0.000 0.000 0.000 0.000 0.000 0.000 0.000 0.000 0.000 0.000 0.000 0.000 24.216 0.000 0.000 0.000 0.000
0.000 0.000 0.000 0.000 0.000 0.000 0.000 0.000 0.000 0.000 0.000 0.000 2.287 18.342 16.923 16.569 16.252 15.932 15.579 15.202 15.830 15.496 14.221 14.008 13.854 13.749 13.683 13.649 13.638 19.644 0.000 0.000 0.000 0.000 0.000 0.000 0.000 0.000 0.000 0.000 0.000 0.000 0.000 1.044 0.000 0.000 0.000 0.004 60.038 0.000 0.000 10.294 37.295 0.000 0.000 0.000 0.000 0.000 0.000 0.000 0.000 0.000 0.000 2.238 21.237 0.000 0.000 14.218 23.217 24.217 0.000 0.000 0.000
0.000 0.000 0.000 0.000 0.000 0.000 0.000 0.000 0.000 0.000 0.000 7.893 1.175 2.222 17.080 16.677 16.360 16.040 15.642 15.184 15.729 15.339 14.039 13.826 13.687 13.604 13.563 13.553 14.564 15.604 0.000 0.000 0.000 0.000 0.000 0.000 0.000 0.000 0.000 0.000 0.000 0.000 2.044 25.045 20.045 0.000 0.000 16.039 44.040 0.000 0.000 0.000 37.298 0.000 0.000 0.000 0.000 0.000 0.000 0.000 0.000 0.000 36.240 40.238 42.237 0.000 0.000 27.219 22.218 22.217 32.217 0.000 0.000
0.000 0.000 0.000 0.000 0.000 0.000 0.000 0.000 0.000 0.000 10.517 3.166 1.593 1.110 1.091 14.699 16.471 16.225 15.765 17.164 16.565 14.091 13.768 13.570 13.463 13.418 13.414 13.434 19.461 0.000 0.000 0.000 0.000 0.000 0.000 0.000 0.000 0.000 0.000 0.000 0.000 0.000 0.000 5.045 26.046 18.047 16.048 0.000 29.043 2.043 0.000 0.000 22.302 35.305 26.306 24.306 33.306 0.000 0.000 0.000 0.000 0.000 36.242 38.240 43.236 22.231 11.226 28.221 31.219 0.000 0.000 0.000 0.000
0.000 0.000 0.000 0.000 0.000 0.000 0.000 0.000 0.000 0.000 6.849 3.607 3.282 2.810 0.284 0.463 9.598 17.625 17.027 17.144 14.274 13.693 13.374 13.225 13.177 13.190 13.240 13.309 8.385 0.000 0.000 0.000 0.000 0.000 22.088 55.089 0.000 0.000 0.000 0.000 0.000 0.000 0.000 2.046 26.046 39.047 74.049 36.049 37.045 8.044 0.000 0.000 19.304 38.307 23.307 19.307 36.306 0.000 0.000 0.000 0.000 0.000 23.246 29.242 25.237 25.232 29.226 32.222 40.219 0.000 0.000 0.000 19.156
0.000 0.000 0.000 0.000 0.000 0.000 0.000 0.000 0.000 29.887 30.424 7.077 2.728 3.012 2.734 0.637 0.287 4.806 17.575 15.110 13.693 13.034 12.808 12.777 12.830 12.925 14.046 11.177 0.000 0.000 0.000 0.000 0.000 0.000 0.000 43.089 50.090 32.091 24.091 0.000 0.000 0.000 0.000 0.000 0.000 0.010 67.053 46.053 0.000 0.000 0.000 0.000 0.000 31.311 46.310 44.308 46.305 38.301 30.294 33.287 32.278 41.267 45.255 42.247 43.239 43.233 38.226 33.220 30.216 0.000 0.000 0.000 0.000
0.000 0.000 0.000 0.000 0.000 0.000 0.000 0.000 23.829 41.350 42.882 32.466 9.128 1.583 2.715 0.660 2.274 6.847 5.540 15.029 12.355 11.941 12.049 12.247 12.439 13.636 13.841 0.000 0.000 0.000 0.000 0.000 0.000 0.000 0.000 0.000 41.091 51.091 56.091 0.000 0.000 0.000 0.000 0.000 0.000 0.000 39.058 31.057 36.059 3.059 0.000 0.000 15.320 43.316 28.314 22.311 29.308 41.302 29.296 28.288 37.279 46.270 33.259 29.250 32.242 38.234 44.226 46.218 44.209 30.196 21.185 4.176 13.167
0.000 0.000 0.000 0.000 0.000 0.000 0.000 19.805 29.308 44.802 42.290 42.776 35.260 11.748 0.821 4.253 13.671 6.102 1.992 2.711 5.758 10.326 11.199 11.721 12.044 17.340 0.000 0.000 0.000 0.000 0.000 0.000 0.000 0.000 0.000 0.000 8.092 54.092 7.091 0.000 0.000 0.000 0.000 0.000 0.000 35.067 45.063 21.060 37.060 57.060 0.000 0.000 21.323 45.321 24.319 18.316 21.311 34.306 23.299 23.291 25.283 27.273 24.263 25.254 19.244 23.235 29.226 30.216 28.206 37.195 39.185 42.175 50.166
0.000 0.000 0.000 0.000 0.000 0.000 24.797 23.303 46.794 43.262 42.699 42.089 42.388 37.475 19.962 11.731 7.317 0.000 0.000 4.066 2.161 2.979 10.701 11.396 16.674 0.000 0.000 0.000 0.000 0.000 0.000 0.000 32.099 0.000 0.000 0.000 15.094 55.094 0.000 0.000 0.000 0.000 0.000 0.000 30.076 74.072 7.065 10.062 32.061 59.060 0.000 0.000 18.329 43.328 23.325 16.321 19.317 21.311 17.304 16.296 23.287 39.277 22.267 18.257 32.247 28.236 25.226 32.216 32.205 35.194 44.183 48.173 35.164
0.000 0.000 0.000 0.000 0.000 28.729 17.291 45.816 44.303 43.752 43.155 42.493 41.730 41.801 38.634 24.397 3.831 0.000 0.000 45.240 4.166 0.016 0.020 13.489 9.581 0.000 0.000 0.000 0.000 0.000 0.000 0.000 28.099 23.099 32.099 44.098 48.097 38.096 0.000 0.000 0.000 29.091 44.089 49.086 73.081 29.079 0.000 0.000 34.062 22.061 0.000 0.000 21.337 48.335 35.332 19.329 67.324 95.318 44.310 20.302 36.293 83.283 35.272 12.261 77.250 50.238 25.227 32.216 34.205 24.193 33.182 46.171 29.160
0.000 0.000 0.000 0.000 0.000 18.168 39.823 46.366 44.850 44.288 43.675 42.999 42.236 41.363 41.387 40.348 29.596 4.401 49.866 46.985 0.072 0.031 0.011 0.012 0.000 0.000 0.000 0.000 0.000 0.000 0.000 27.100 23.100 28.100 42.100 52.099 36.098 23.098 0.000 0.000 0.000 38.092 37.091 33.088 72.085 32.083 0.000 0.000 13.063 5.062 0.000 14.352 42.347 44.344 38.341 26.337 25.332 58.326 99.318 37.309 30.299 87.289 38.277 12.265 84.253 54.241 17.229 19.217 25.204 16.192 30.180 29.169 17.157
0.000 0.000 0.000 0.000 22.542 32.950 48.468 45.973 45.444 44.875 44.260 43.590 42.851 42.046 41.118 40.397 39.269 51.622 51.287 0.422 0.102 9.176 0.000 0.000 0.000 0.000 0.000 0.000 0.000 43.099 46.099 28.100 27.100 42.101 52.102 38.101 21.099 23.099 23.100 21.101 19.100 31.096 34.093 44.091 84.088 18.085 0.000 0.000 50.065 0.021 0.000 11.358 41.356 41.354 28.351 20.348 16.343 26.336 23.328 63.318 94.307 111.296 92.283 81.270 107.257 101.244 92.231 38.218 18.205 35.192 30.179 19.167 14.154
0.000 0.000 0.000 23.621 33.134 50.624 47.125 46.615 46.078 45.509 44.901 44.246 43.551 42.744 42.224 39.895 51.640 51.642 35.783 18.174 5.358 0.000 0.000 0.000 0.000 0.000 0.000 0.000 0.000 0.000 0.000 7.100 45.101 49.102 41.104 26.106 0.000 0.000 0.000 25.105 21.103 31.100 30.096 53.093 50.091 0.000 0.000 0.000 53.069 0.000 0.000 9.365 39.365 51.364 30.362 36.360 59.355 36.348 18.339 42.329 65.317 99.304 65.290 45.276 93.261 83.247 58.233 27.219 13.205 84.192 52.178 24.165 14.152
0.000 0.000 0.000 29.108 48.748 48.286 47.794 47.282 46.746 46.182 46.584 45.963 44.240 43.849 41.312 51.655 51.638 39.299 40.935 38.622 22.611 3.609 0.000 0.000 0.000 0.000 0.000 0.000 0.000 0.000 0.000 0.000 13.102 45.104 23.107 21.113 27.119 0.000 0.000 26.110 24.107 30.103 31.100 53.096 49.093 0.000 0.000 13.074 60.072 0.000 0.000 11.374 42.374 45.375 26.376 26.374 72.369 107.362 56.353 24.341 40.328 87.313 47.298 14.282 80.266 67.251 25.235 17.221 10.206 91.192 55.178 27.164 28.150
0.000 0.000 29.582 46.956 50.464 48.979 48.484 47.972 47.441 47.885 46.314 45.651 45.348 42.818 51.949 51.742 40.740 41.583 40.632 31.047 11.826 0.000 0.000 0.000 0.000 0.000 0.000 0.000 0.000 0.000 0.000 0.000 0.000 0.000 0.000 26.119 23.126 22.129 24.126 26.118 22.112 30.108 32.103 44.097 40.092 2.086 21.080 54.076 5.074 0.000 0.000 11.382 38.384 44.388 30.391 15.391 17.387 42.380 29.369 11.356 29.340 84.324 40.306 6.289 77.271 62.254 20.238 16.222 12.207 90.192 55.177 27.163 18.148
0.000 28.751 42.207 51.670 50.171 49.683 49.189 48.684 49.159 48.625 47.004 46.751 44.225 52.732 52.287 42.285 43.312 41.213 28.463 0.000 0.000 0.000 0.000 0.000 0.000 0.000 0.000 0.000 0.000 0.000 0.000 0.000 0.000 0.000 0.000 0.000 30.136 40.136 51.132 39.125 28.116 32.113 29.107 34.099 27.092 46.085 64.080 52.076 0.000 0.000 0.000 10.387 36.394 41.402 47.411 45.413 33.409 23.400 36.388 68.372 87.355 108.335 88.315 71.295 105.276 98.258 80.240 40.224 13.208 88.192 60.177 32.162 19.147
25.738 37.295 51.827 51.346 50.869 50.391 49.908 50.410 49.908 48.319 48.104 45.592 53.820 53.251 43.754 44.947 45.919 24.135 0.000 0.000 0.000 0.000 0.000 0.000 0.000 0.000 0.000 0.000 0.000 0.000 0.000 0.000 0.000 0.000 0.000 0.000 28.147 32.146 50.141 9.133 0.000 39.119 30.114 33.102 29.092 17.083 36.077 51.073 38.071 0.000 0.000 0.000 1.404 44.416 46.437 39.441 27.436 36.425 87.410 78.392 59.371 60.348 61.325 61.302 61.280 62.260 64.242 35.225 15.208 87.192 63.177 26.163 20.152
29.180 52.866 52.458 52.018 51.566 51.107 50.636 50.164 49.607 49.426 46.931 55.036 54.419 45.115 46.389 45.440 41.006 0.645 0.000 0.000 0.000 0.000 0.000 0.000 0.000 0.000 0.000 0.000 0.000 0.000 0.000 0.000 0.000 0.000 0.000 0.000 29.160 40.158 24.156 0.000 0.000 36.131 33.128 0.095 0.000 21.076 35.073 50.070 47.068 16.067 0.000 0.000 0.000 0.000 13.483 28.478 12.469 73.454 74.436 23.415 29.390 71.362 42.334 14.308 60.283 50.262 30.243 28.226 19.209 87.193 58.176 15.160 16.146
46.936 54.529 53.122 52.703 52.272 52.830 51.389 50.867 50.722 48.251 56.298 55.663 45.385 47.692 46.742 47.180 16.584 0.000 0.000 0.000 0.000 0.000 0.000 0.000 0.000 0.000 0.000 0.000 0.000 0.000 0.000 0.000 0.000 0.000 0.000 0.000 49.175 47.172 51.168 48.166 44.158 44.146 38.141 0.000 0.000 21.074 34.070 52.066 59.065 22.066 0.000 0.000 0.000 0.000 7.532 20.522 40.506 87.488 50.466 10.441 78.412 79.376 28.342 15.312 36.284 92.262 51.243 19.226 19.210 82.194 100.175 87.154 92.127
56.579 54.191 53.800 53.399 52.985 54.575 52.087 51.986 49.550 57.579 56.935 40.594 44.860 48.969 45.485 22.823 0.000 0.000 0.000 0.000 0.000 0.000 0.000 0.000 0.000 0.000 0.000 0.000 0.000 0.000 0.000 0.000 0.000 0.000 0.000 48.208 47.195 48.186 50.178 49.171 47.163 48.154 41.149 0.000 0.000 22.075 34.067 57.058 30.062 0.000 0.000 0.000 0.000 5.627 35.593 14.570 79.548 73.524 17.499 73.473 86.441 35.388 23.348 26.313 21.280 52.258 91.241 48.227 11.213 82.197 85.176 59.157 1.120
47.207 53.856 54.487 54.103 53.720 53.260 53.199 50.799 58.826 58.225 23.744 28.972 31.918 50.620 34.273 0.000 0.000 0.000 0.000 0.000 0.000 0.000 0.000 38.524 27.523 0.000 0.000 0.000 0.000 0.000 0.000 0.000 0.000 0.000 0.000 25.221 19.211 22.199 26.188 21.178 20.169 19.160 21.151 25.138 19.119 12.086 27.064 6.039 0.000 0.000 0.000 0.000 0.000 7.661 30.643 21.619 22.591 22.563 14.535 35.510 36.492 0.000 0.000 0.000 27.265 20.250 42.238 35.227 17.217 50.207 0.000 0.000 0.000
25.871 41.541 54.187 56.829 54.390 54.357 51.960 59.854 59.380 32.670 0.000 42.264 0.000 54.193 22.734 0.000 0.000 0.000 0.000 0.000 0.000 0.000 0.000 45.525 39.523 0.000 0.000 0.000 0.000 0.000 0.000 0.000 0.000 11.345 0.000 26.245 22.228 22.211 22.197 22.185 22.175 22.166 22.156 24.146 2.132 0.000 0.000 27.996 0.000 0.000 0.000 0.000 8.714 39.714 27.699 26.672 18.636 19.600 19.568 17.541 31.525 0.000 0.000 0.000 0.000 23.241 18.233 31.226 30.221 0.000 0.000 0.000 0.000
17.579 25.245 47.909 52.505 55.483 53.042 60.550 60.242 39.480 15.297 0.000 58.870 56.779 43.236 0.000 0.000 0.000 0.000 0.000 0.000 0.000 0.000 48.541 54.529 25.520 0.000 0.000 0.000 0.000 0.000 0.000 0.000 0.000 28.345 26.328 23.288 22.245 19.220 23.203 23.192 23.181 23.171 23.163 26.157 0.000 0.000 0.000 25.953 25.938 0.000 0.000 0.000 0.000 26.784 19.767 18.733 17.680 17.635 17.598 17.560 18.542 27.542 0.000 0.000 0.000 0.000 24.226 27.223 25.221 0.000 0.000 0.000 20.028
21.308 31.962 36.606 34.525 46.103 60.889 60.765 44.394 23.175 16.689 0.000 38.542 51.234 24.735 0.000 0.000 0.000 0.000 36.655 42.646 34.628 32.591 41.554 34.530 24.508 0.000 0.000 0.000 0.000 0.000 0.000 0.000 0.000 26.363 23.350 22.333 0.000 0.000 28.206 22.198 22.187 22.176 22.168 23.164 0.000 0.000 0.000 26.926 25.923 0.000 0.000 0.000 23.869 19.870 19.854 19.814 18.718 18.661 22.629 0.000 0.000 0.000 0.000 0.000 0.000 0.000 24.222 19.221 19.220 20.219 0.000 0.000 22.028
33.000 46.660 22.396 21.286 60.927 60.929 47.319 34.066 30.423 35.278 0.000 5.524 40.879 0.000 0.000 0.000 0.000 32.673 36.664 38.655 36.647 0.000 0.000 0.000 36.474 20.440 0.000 0.000 0.000 0.000 0.000 0.000 0.000 36.393 33.378 8.362 0.000 0.000 41.217 27.206 23.192 22.179 26.169 3.166 0.000 1.883 39.888 20.901 24.906 0.000 0.000 0.000 0.000 24.972 19.964 23.952 0.000 0.000 0.000 0.000 0.000 0.000 0.000 0.000 0.000 0.000 24.220 19.219 19.219 24.218 0.000 0.000 0.000
53.660 42.264 22.347 17.868 60.861 22.296 28.041 30.293 33.993 52.604 62.093 50.152 0.000 0.000 0.000 0.000 30.691 24.682 30.673 45.664 44.658 0.000 0.000 0.000 0.000 37.407 0.000 0.000 0.000 22.567 0.000 0.000 38.476 37.439 43.408 36.374 1.323 55.273 52.240 50.218 48.197 40.178 21.164 8.165 0.000 15.878 68.879 22.886 23.894 0.000 0.000 0.000 0.000 30.083 16.080 21.077 0.000 0.000 0.000 0.000 0.000 0.000 0.000 0.000 0.000 20.217 22.218 24.218 18.218 23.218 0.000 0.000 0.000
62.202 49.316 31.632 60.320 18.249 20.058 19.251 18.916 28.508 56.073 51.523 22.837 0.000 0.000 29.737 0.000 37.700 29.692 40.682 35.670 14.664 0.000 0.000 0.000 0.000 41.374 17.363 0.000 0.000 18.568 26.568 30.551 32.513 34.479 24.442 21.379 29.321 29.282 49.252 32.228 26.202 24.171 4.145 0.000 0.000 10.873 78.865 34.870 0.881 0.000 0.000 0.000 0.000 43.196 16.197 23.201 0.000 0.000 0.000 0.000 0.000 0.000 0.000 0.000 0.000 22.217 37.217 35.217 28.217 0.000 0.000 0.000 0.000
60.218 58.469 59.744 37.105 25.037 21.205 20.866 19.465 26.077 41.654 37.088 0.000 0.000 0.000 32.738 53.732 48.717 49.705 31.694 0.000 0.000 0.000 0.000 0.000 32.342 23.351 15.353 0.000 0.000 0.000 30.586 34.572 34.547 34.522 18.503 0.000 25.301 26.281 50.260 36.239 30.211 16.161 23.100 38.023 57.948 46.877 70.839 35.854 0.000 0.000 0.000 0.000 0.000 41.309 17.312 18.327 23.381 0.000 0.000 0.000 0.000 0.000 0.000 0.000 0.000 0.000 41.217 38.217 0.000 0.000 0.000 0.000 0.000
58.258 59.638 58.898 57.938 40.108 19.780 20.388 21.026 19.676 22.377 0.000 0.000 0.000 0.000 48.744 38.740 36.732 32.718 0.000 0.000 0.000 0.000 0.000 33.332 24.334 20.337 3.345 0.000 0.000 0.000 30.619 38.604 47.581 46.559 48.545 36.551 0.000 0.000 53.269 37.258 11.244 0.000 26.071 36.021 62.945 24.846 8.761 0.000 0.000 0.000 0.000 0.000 0.000 32.420 19.413 20.417 23.435 0.000 0.000 0.000 0.000 0.000 0.000 0.000 0.000 0.000 0.000 0.000 0.000 0.000 0.000 0.000 0.000
59.636 58.627 60.759 60.942 44.635 21.257 23.908 23.569 21.227 21.802 0.000 28.766 0.000 0.000 42.755 42.754 49.752 0.000 0.000 7.515 0.000 0.000 0.000 28.330 22.324 16.317 0.000 0.000 0.000 0.000 28.668 29.643 31.614 30.588 28.568 20.558 0.000 0.000 55.289 41.278 26.265 0.000 25.092 36.046 59.964 15.803 11.599 0.000 0.000 0.000 0.000 0.000 0.000 39.537 18.505 20.493 20.508 21.551 25.567 0.000 0.000 0.000 0.000 0.000 0.000 0.000 0.000 0.000 0.000 0.000 0.000 0.000 0.000
59.292 61.504 60.710 61.428 35.067 25.733 45.414 39.115 20.860 0.000 0.000 25.766 40.767 45.768 31.767 52.769 44.769 0.000 0.000 21.515 52.515 4.505 0.000 29.336 23.315 20.292 0.000 0.000 36.881 32.826 28.741 30.688 35.646 35.610 33.580 44.555 36.531 0.000 55.322 47.301 47.272 39.228 20.159 38.108 46.062 0.000 14.232 0.000 0.000 0.000 0.000 0.000 4.800 43.687 15.577 17.541 18.553 19.577 24.585 0.000 0.000 0.000 0.000 0.000 0.000 0.000 0.000 0.000 0.000 0.000 0.000 0.000 0.000
