results3_8e3_rain/res_3e8f-0068.wd
ncols         241
nrows         181
xllcorner     12693529.787448
yllcorner     3542525.717860
cellsize      155.156523
NODATA_value  -9999.000000
[rows 32 to 63 of 181, columns 74 to 147 of 241]
0.000 0.000 0.000 0.000 0.000 0.000 0.000 0.000 0.000 0.000 0.000 0.000 0.000 0.000 0.000 0.000 0.000 0.000 0.000 0.000 0.000 0.000 0.000 0.000 0.000 0.000 0.000 0.000 0.000 0.000 0.000 0.000 0.000 0.000 0.000 0.000 0.000 0.000 18.803 26.804 42.806 45.810 2.817 30.827 43.843 43.854 41.853 34.852 29.865 29.869 30.863 30.848 30.823 30.788 30.745 31.694 32.637 28.577 45.510 55.438 0.000 0.000 40.281 47.909 58.482 61.091 60.723 60.392 61.991 60.136 57.267 57.292 56.893 59.124
0.000 0.000 0.000 0.000 0.000 0.000 0.000 0.000 0.000 0.000 0.000 0.000 0.000 0.000 0.000 0.000 0.000 0.000 0.000 0.000 0.000 0.000 0.000 0.000 0.000 0.000 0.000 0.000 0.000 0.000 0.000 0.000 0.000 0.000 0.000 0.000 0.000 0.000 34.804 57.805 62.806 18.808 0.000 0.000 27.864 41.884 8.868 0.000 31.899 34.906 28.903 29.888 30.860 30.819 30.766 30.702 29.631 35.555 55.463 2.111 8.877 6.434 41.798 58.323 62.889 61.484 62.122 60.693 62.815 57.901 57.472 57.477 59.766 59.011
0.000 0.000 0.000 0.000 0.000 0.000 0.000 0.000 0.000 0.000 0.000 0.000 0.000 0.000 0.000 0.000 0.000 0.000 0.000 0.000 0.000 0.000 0.000 0.000 0.000 0.000 0.000 0.000 0.000 0.000 0.000 0.000 0.000 0.000 0.000 0.000 0.000 0.000 0.000 9.805 4.806 0.000 0.000 0.000 0.000 23.950 0.000 0.000 21.927 45.954 44.955 34.940 30.910 30.862 30.797 30.717 29.630 51.551 49.507 0.000 31.962 44.626 58.156 62.698 62.262 61.866 61.406 62.498 58.543 57.795 58.057 60.380 59.638 59.413
0.000 0.000 0.000 0.000 0.000 0.000 0.000 0.000 0.000 0.000 0.000 0.000 0.000 0.000 0.000 0.000 0.000 29.835 61.835 14.835 0.000 0.000 0.000 0.000 0.000 0.000 0.000 0.000 0.000 0.000 0.000 0.000 0.000 0.000 0.000 0.000 0.000 0.000 0.000 0.000 0.000 0.000 0.000 0.000 0.000 16.016 0.000 0.000 0.000 24.028 42.023 42.008 32.976 30.922 30.843 28.740 44.620 53.512 0.000 17.834 42.382 56.954 63.501 63.047 62.624 62.133 64.193 60.201 58.248 58.646 60.988 60.250 60.034 59.727
0.000 0.000 0.000 0.000 0.000 0.000 0.000 0.000 0.000 0.000 16.835 54.835 0.000 0.000 0.000 0.000 0.000 36.835 87.835 43.835 0.000 0.000 0.000 0.000 0.000 0.000 0.000 0.000 0.000 0.000 0.000 0.000 0.000 0.000 0.000 0.000 0.000 0.000 0.000 0.000 0.000 0.000 0.000 0.000 0.000 19.082 20.113 27.128 13.130 23.106 31.101 44.093 35.066 31.008 27.913 38.779 48.600 37.365 12.912 42.286 59.778 64.308 63.841 63.396 62.876 62.902 61.878 58.818 59.256 61.602 60.864 60.649 60.342 60.052
0.000 0.000 0.000 0.000 0.000 0.000 0.000 0.000 0.000 0.000 37.835 72.835 61.835 48.835 3.835 0.000 21.836 75.836 83.836 48.835 0.000 0.000 0.000 0.000 18.122 0.000 0.000 0.000 0.000 0.000 0.000 0.000 0.000 0.000 0.000 0.000 2.132 0.000 0.000 0.000 6.134 24.134 0.000 0.000 35.124 50.117 53.128 51.142 37.155 31.166 30.183 44.198 35.186 27.130 41.022 54.864 42.634 30.437 45.086 49.618 62.137 64.655 64.189 63.641 63.631 61.580 59.505 59.891 62.235 61.493 61.273 60.959 60.663 60.370
0.000 0.000 0.000 0.000 0.000 0.000 0.000 0.000 0.000 0.000 8.835 70.835 53.835 34.836 0.000 17.837 67.836 78.836 85.836 44.836 0.000 0.000 0.000 0.000 56.122 40.122 0.000 0.000 0.000 0.000 0.000 0.000 0.000 0.000 0.000 19.132 31.132 33.132 0.000 0.000 15.134 40.134 19.135 33.134 56.132 59.133 60.142 57.158 44.183 31.218 28.268 45.330 36.349 40.306 58.180 52.022 0.000 28.662 47.378 59.964 65.494 65.015 64.442 64.392 62.316 60.325 60.563 62.894 62.147 61.917 61.593 61.283 60.977 60.681
0.000 0.000 0.000 0.000 0.000 0.000 0.000 0.000 0.000 0.000 0.000 0.000 21.836 59.836 55.837 43.837 56.837 76.837 87.836 40.835 0.000 0.000 0.000 0.000 18.122 42.122 44.123 0.000 0.000 0.000 0.000 0.000 0.000 0.000 0.000 35.132 36.132 48.132 31.133 20.134 34.134 35.135 31.135 38.136 45.136 43.140 36.148 55.165 21.200 37.253 40.343 30.506 42.573 55.563 52.372 0.000 3.615 40.173 56.798 65.367 65.876 65.297 65.204 62.108 61.324 61.283 63.592 62.836 62.595 62.256 61.928 61.600 61.280 60.981
0.000 0.000 0.000 0.000 0.000 0.000 0.000 0.000 0.000 0.000 0.000 0.000 11.836 78.837 73.837 63.838 53.838 77.837 85.836 80.835 65.833 20.831 0.000 0.000 0.000 0.000 52.123 36.123 34.124 45.124 40.124 3.124 0.000 0.000 0.000 35.132 34.132 55.132 61.133 50.134 42.134 34.135 31.136 32.137 33.139 32.142 30.147 38.153 0.000 0.000 0.000 35.778 58.872 57.004 0.000 2.493 40.006 53.664 63.287 66.798 66.328 67.074 62.990 62.586 62.076 64.342 63.574 63.316 62.960 62.613 62.261 61.907 61.563 61.258
0.000 0.000 0.000 0.000 0.000 0.000 0.000 0.000 0.000 0.000 0.000 0.000 0.000 11.837 50.838 25.839 61.839 80.839 85.837 83.835 81.833 70.830 29.828 0.000 0.000 0.000 8.123 47.123 47.124 60.124 58.124 51.125 46.125 0.000 0.000 2.131 39.132 58.132 65.133 57.134 41.134 30.135 31.136 31.138 31.140 31.142 31.145 35.148 0.000 0.000 0.000 5.957 43.135 12.576 9.912 44.817 49.515 61.211 67.786 67.608 65.810 64.095 64.254 62.978 65.168 64.375 64.091 63.713 63.346 62.972 62.594 62.207 61.805 62.476
0.000 0.000 0.000 0.000 0.000 0.000 0.000 0.000 0.000 0.000 0.000 0.000 0.000 0.000 0.000 82.841 82.841 84.841 84.839 83.836 77.832 71.828 42.826 0.000 0.000 0.000 0.000 0.000 15.124 60.124 54.125 69.125 66.126 45.127 24.129 25.131 34.132 56.132 65.133 56.134 39.135 29.136 34.137 33.138 31.140 31.142 31.144 32.145 24.144 0.000 0.000 0.000 0.000 4.313 47.343 50.243 58.050 68.736 68.820 67.156 68.961 66.564 64.053 66.101 65.259 64.932 64.523 64.130 63.733 63.336 62.936 61.521 69.976 67.601
0.000 0.000 0.000 0.000 0.000 17.588 40.587 0.000 18.555 58.548 47.540 51.533 26.528 0.000 0.000 18.844 90.844 84.845 81.843 78.838 81.831 72.825 35.822 0.000 0.000 0.000 0.000 0.000 0.000 0.000 4.125 58.125 59.125 10.126 0.000 1.131 38.132 56.132 61.133 51.134 42.135 40.136 2.137 9.138 37.140 31.141 31.143 32.144 38.144 46.144 8.144 0.000 0.000 19.960 52.904 56.777 67.559 69.748 69.368 72.698 71.239 65.469 67.189 66.249 65.852 65.396 64.969 64.545 64.123 63.701 63.295 68.966 0.000 0.000
0.000 0.000 0.000 0.000 0.000 17.589 60.587 2.577 52.562 54.550 66.539 49.530 34.524 0.000 0.000 6.845 75.847 87.852 84.849 84.841 85.830 79.820 33.814 0.000 0.000 0.000 0.000 0.000 0.000 0.000 0.000 0.000 43.126 2.126 0.000 0.000 44.132 41.132 53.133 10.133 0.000 0.000 0.000 0.000 3.141 41.141 35.142 0.000 28.144 62.144 45.144 0.000 0.000 24.672 58.504 67.393 70.496 70.240 74.453 73.718 66.896 68.368 67.329 66.844 66.330 65.862 65.408 64.960 64.511 64.052 63.577 68.080 10.580 0.000
59.810 49.808 0.000 0.000 0.000 11.591 71.594 47.583 49.567 55.550 79.536 80.524 75.514 29.504 0.000 0.000 0.000 35.867 89.860 84.846 85.829 82.812 41.800 0.000 0.000 0.000 0.000 0.000 0.000 0.000 0.000 0.000 1.125 0.000 0.000 0.000 0.000 0.000 0.000 0.000 0.000 0.000 0.000 0.000 0.000 0.000 16.142 13.141 0.000 0.000 0.000 0.000 14.040 51.467 68.416 70.082 71.004 75.360 74.989 67.957 69.442 68.402 67.862 67.300 66.792 66.309 65.840 65.377 64.909 64.419 63.879 66.200 49.080 5.460
71.810 53.807 49.803 0.000 0.000 0.000 63.615 65.595 65.571 77.549 74.531 86.516 85.503 46.494 0.000 0.000 0.000 11.890 91.877 84.855 85.828 82.799 42.774 0.000 0.000 3.443 51.413 63.381 32.359 0.000 0.000 0.000 0.000 0.000 0.000 0.000 0.000 0.000 0.000 0.000 0.000 0.000 0.000 0.000 0.000 0.000 0.000 1.141 0.000 0.000 0.000 11.990 52.501 69.462 70.040 76.239 75.731 69.271 69.802 70.251 69.373 68.836 68.261 67.730 67.225 66.741 66.268 65.800 65.327 64.838 71.320 11.760 0.000 18.535
76.810 55.806 56.800 48.792 0.000 53.693 48.657 56.609 69.575 73.544 84.524 85.505 84.489 53.476 0.000 0.000 0.000 10.925 90.904 84.870 85.828 80.781 60.724 44.635 45.553 45.472 53.417 74.371 41.337 0.000 0.000 0.000 0.000 0.000 0.000 0.000 0.000 0.000 0.000 0.000 0.000 0.000 0.000 0.000 0.000 0.000 0.000 0.000 0.000 10.078 40.855 50.362 69.348 70.937 77.620 77.015 69.831 71.517 70.815 70.228 69.716 69.167 68.640 68.130 67.638 67.160 66.692 66.227 65.760 72.286 17.803 0.000 0.000 3.698
71.813 69.808 52.799 56.783 56.759 47.729 40.711 0.000 0.000 15.529 74.515 85.491 83.471 68.446 35.412 0.000 0.000 59.982 80.943 85.892 84.834 85.773 75.706 51.629 48.552 47.477 56.410 74.348 57.282 43.191 44.120 48.067 59.034 23.021 0.000 0.000 0.000 0.000 0.000 0.000 0.000 0.000 0.000 0.000 0.000 0.000 0.000 0.000 0.000 21.279 61.117 69.061 71.708 78.502 78.107 70.571 72.208 71.397 70.988 70.503 69.999 69.496 68.999 68.512 68.037 67.571 67.112 66.657 72.201 18.744 0.000 0.000 0.000 2.789
17.817 85.813 56.804 50.784 51.766 53.753 53.747 42.756 0.000 0.000 0.000 19.474 90.457 80.427 58.377 50.294 57.199 56.077 57.996 65.920 66.845 53.771 50.698 48.623 48.548 47.473 56.400 71.327 50.252 47.172 52.102 68.047 71.014 56.008 30.008 0.000 0.000 0.000 0.000 0.000 0.000 0.000 0.000 0.000 0.000 0.000 0.000 0.000 12.125 53.967 69.573 72.410 79.050 78.816 71.283 72.898 72.086 71.696 71.231 70.766 70.293 69.818 69.347 68.883 68.426 67.975 67.530 73.086 18.644 0.000 0.000 0.000 0.000 0.000
84.825 85.823 71.820 0.000 0.000 58.772 54.767 65.766 56.766 0.000 0.000 0.000 78.457 75.426 60.376 51.307 48.225 48.132 51.043 63.946 71.854 74.768 67.691 57.618 50.543 49.467 65.390 68.310 43.228 47.145 47.067 48.004 51.969 30.988 0.000 0.000 0.000 1.741 0.000 0.000 0.000 0.000 0.000 0.000 0.000 0.000 15.350 47.022 54.878 68.389 79.697 79.307 72.362 72.944 73.488 72.774 72.382 71.929 71.486 71.038 70.587 70.136 69.689 69.246 68.808 69.375 75.944 19.515 0.000 0.000 0.000 0.000 0.000 0.000
85.833 85.834 85.832 72.830 55.818 55.795 55.783 46.776 0.000 12.559 19.560 71.535 68.488 71.445 64.393 65.332 65.262 65.185 68.098 62.968 62.859 64.755 68.682 69.613 67.541 63.464 74.382 72.295 60.204 61.111 61.019 62.934 37.869 0.000 0.000 0.000 0.000 2.741 0.000 0.000 0.000 0.000 0.000 0.000 2.264 49.973 50.567 71.590 72.150 80.810 80.314 74.863 74.564 73.935 73.447 73.045 72.606 72.177 71.744 71.312 70.880 70.451 70.026 69.604 70.186 73.771 6.358 0.000 0.000 0.000 0.000 0.000 0.000 8.748
84.843 84.847 85.846 82.840 60.828 54.809 55.793 56.778 48.765 0.000 63.585 60.557 61.516 62.471 57.422 61.366 66.306 74.247 59.197 0.000 0.000 9.712 67.668 63.611 63.544 63.466 63.378 63.283 63.183 63.076 62.964 60.843 55.704 28.520 0.000 4.281 48.059 54.742 66.396 36.117 0.000 0.000 0.000 0.000 51.459 62.226 74.152 74.790 81.558 81.219 75.532 75.191 74.438 74.090 73.680 73.260 72.842 72.422 72.004 71.586 71.172 70.762 70.358 70.959 73.562 21.167 0.000 0.000 0.000 0.000 0.000 0.000 0.000 29.759
74.855 74.864 85.865 85.858 75.843 51.822 54.801 55.779 55.751 61.703 70.638 54.592 51.548 49.504 56.455 71.404 70.351 55.298 35.248 0.000 0.000 0.000 0.000 52.620 47.559 47.476 47.382 47.278 48.167 51.048 51.918 51.769 50.587 51.335 49.941 49.503 58.154 64.771 62.328 68.839 66.228 60.688 58.170 60.556 72.136 75.627 75.412 82.045 81.834 76.188 75.825 75.059 74.714 74.300 73.893 73.484 73.075 72.668 72.261 71.857 71.458 71.068 71.687 72.311 10.937 0.000 0.000 0.000 0.000 0.000 0.000 0.000 0.000 40.804
40.871 52.887 80.893 84.884 65.864 48.836 47.810 55.786 55.758 54.720 48.671 49.623 55.582 72.539 71.492 54.444 47.396 37.347 0.000 57.041 65.990 61.913 62.813 65.690 68.595 67.499 68.395 71.280 70.158 67.030 68.891 63.730 49.537 53.294 51.983 56.638 74.283 80.860 77.307 70.682 65.155 66.686 73.151 78.007 76.424 82.644 82.286 76.198 77.799 76.370 75.693 75.336 74.919 74.516 74.110 73.707 73.308 72.912 72.517 72.123 72.734 70.366 66.011 17.661 0.000 0.000 0.000 0.000 0.000 0.000 0.000 0.000 26.973 30.894
0.000 45.923 64.934 75.922 50.892 42.848 49.817 47.797 54.776 55.749 55.704 48.649 65.618 57.579 46.532 49.482 41.441 0.000 66.163 69.091 69.018 70.934 71.838 74.731 78.631 77.531 77.420 77.290 79.156 80.025 77.884 65.724 51.538 53.319 53.062 52.781 55.480 29.078 1.462 90.426 132.046 109.610 75.564 77.094 83.656 83.200 76.661 79.380 76.782 76.325 75.951 75.540 75.136 74.729 74.325 73.927 73.537 73.155 72.774 74.384 68.988 57.651 12.331 0.000 0.000 0.000 0.000 0.000 0.000 0.000 0.000 25.127 38.051 26.976
0.000 1.027 22.000 56.978 38.935 0.000 44.812 49.808 49.802 55.793 44.749 0.000 49.664 47.626 49.573 50.513 60.445 74.354 71.236 73.143 79.057 88.968 132.872 129.766 129.667 129.572 129.465 130.303 114.152 46.029 48.896 46.745 54.573 53.380 50.167 47.943 29.778 0.000 0.000 0.000 56.869 73.964 78.600 84.363 84.040 76.279 77.968 77.254 76.937 76.554 76.157 75.756 75.350 74.942 74.534 74.138 73.759 74.397 73.038 64.650 53.185 10.918 0.000 0.000 0.000 0.000 0.000 0.000 0.000 0.000 16.271 37.203 29.131 17.057
20.233 9.174 72.076 50.055 0.000 0.000 0.000 43.820 56.832 48.874 0.000 1.838 57.747 48.688 59.623 72.552 72.473 77.382 80.282 73.188 59.098 50.009 45.916 43.794 46.701 47.625 34.567 0.000 51.122 48.043 46.927 50.786 54.629 51.462 43.283 50.046 30.912 0.000 0.000 52.216 69.240 79.000 84.851 84.634 76.879 78.555 77.839 77.533 77.151 76.768 76.375 75.975 75.569 75.154 74.732 74.331 74.965 70.636 59.333 15.991 0.000 0.000 0.000 0.000 0.000 0.000 0.000 0.000 0.000 0.000 34.340 33.283 19.212 16.138
90.265 78.249 0.000 7.110 1.350 0.000 0.000 0.000 0.000 52.996 50.991 58.917 55.831 55.756 55.679 72.599 86.512 75.419 55.323 53.228 48.138 50.055 40.990 0.000 52.715 49.661 38.609 0.000 52.171 47.093 47.981 54.846 52.693 50.556 32.458 0.000 0.000 48.824 46.700 63.497 79.425 85.120 77.832 78.395 79.045 78.431 78.124 77.749 77.377 76.993 76.600 76.201 75.796 75.372 75.909 75.490 65.133 49.850 12.666 0.000 0.000 0.000 0.000 0.000 0.000 0.000 0.000 9.735 8.688 23.600 35.466 23.376 15.296 29.219
76.305 66.306 0.000 0.000 66.514 59.525 53.516 0.000 5.217 71.123 68.060 54.986 55.906 55.824 56.740 77.652 129.558 122.461 69.362 124.265 45.172 49.083 48.999 50.903 48.785 48.695 48.601 50.469 46.297 46.177 55.061 53.922 50.742 45.611 34.534 0.000 0.000 50.947 57.817 79.839 78.737 85.487 78.885 79.466 79.006 78.706 78.348 77.986 77.612 77.227 76.832 76.432 76.041 77.630 73.042 54.587 41.228 42.964 8.815 0.000 0.000 0.000 0.000 0.000 0.000 0.000 0.000 18.782 23.728 37.647 31.549 21.460 30.377 30.299
63.347 7.365 0.000 0.000 49.559 58.545 55.507 73.429 67.312 72.218 80.140 71.062 55.981 55.896 55.805 54.709 48.608 43.503 48.398 45.297 49.200 49.108 49.019 48.925 48.827 48.732 48.630 47.509 52.372 54.259 55.161 39.042 0.000 38.610 0.000 0.000 0.000 55.173 77.110 81.131 86.526 86.044 78.987 79.632 79.264 78.940 78.595 78.233 77.857 77.471 77.070 76.655 75.305 37.066 0.000 0.000 0.000 0.000 0.000 0.000 0.000 0.000 15.196 10.182 9.148 8.090 12.005 20.883 36.797 30.711 21.623 31.537 27.455 18.376
51.391 56.442 1.610 54.643 50.619 49.588 67.539 60.468 76.382 85.299 65.221 51.142 49.060 51.972 54.877 55.773 55.662 48.546 47.432 48.324 48.224 49.131 49.042 48.954 53.865 50.775 47.678 48.566 51.421 55.327 44.283 0.000 0.000 0.000 0.000 10.921 130.799 74.501 81.527 79.509 86.950 78.828 81.337 82.811 79.527 79.200 78.856 78.493 78.113 78.731 75.320 62.812 53.460 11.263 0.000 0.000 0.000 0.000 0.000 0.000 0.000 17.215 17.210 17.203 18.172 18.117 19.041 32.950 32.864 16.779 19.694 21.611 18.530 16.451
36.423 30.507 54.656 50.696 49.685 60.649 64.593 75.524 82.449 48.374 47.301 48.226 50.145 49.056 45.956 53.844 54.720 55.587 54.459 48.344 47.242 46.149 47.064 52.983 111.904 79.826 59.743 42.654 0.000 57.343 65.360 0.000 0.000 0.000 0.000 55.046 65.947 82.829 80.868 87.688 87.334 79.928 80.447 81.103 79.800 79.478 79.136 78.771 79.372 78.019 30.669 0.000 0.000 0.000 0.000 0.000 0.000 0.000 0.000 0.000 0.000 24.221 20.226 17.248 18.220 16.165 28.094 35.012 18.929 19.846 27.764 25.682 19.602 16.524
0.000 0.000 47.800 50.801 52.777 73.729 84.660 98.586 80.515 9.449 66.384 66.316 50.239 50.151 49.048 46.927 49.785 55.625 53.474 54.352 56.249 54.161 52.082 48.010 42.944 47.882 42.812 0.000 0.000 0.000 51.455 43.479 0.000 0.000 0.000 65.269 82.150 82.231 80.250 88.011 79.673 82.163 83.659 80.392 80.091 79.775 79.439 79.083 76.586 31.302 0.000 0.000 0.000 0.000 0.000 0.000 0.000 0.000 0.000 0.000 23.872 0.000 0.000 25.344 15.296 26.231 38.156 26.077 20.995 25.914 29.832 22.752 17.674 15.597
