results3_8e3_rain/res_3e8f-0134.wd
ncols         241
nrows         181
xllcorner     12693529.787448
yllcorner     3542525.717860
cellsize      155.156523
NODATA_value  -9999.000000
[rows 99 to 131 of 181, columns 0 to 72 of 241]
0.000 0.000 0.000 0.000 0.000 60.087 100.087 102.087 93.086 88.086 0.000 0.000 0.000 0.000 0.000 2.084 1.084 68.084 65.084 0.000 0.000 1.082 4.082 63.081 62.081 3.081 0.000 0.000 0.000 9.777 0.000 0.000 0.000 0.000 15.640 61.636 57.627 56.610 57.586 58.559 71.530 60.499 64.464 56.426 58.384 56.339 57.291 62.240 63.187 61.132 65.075 58.017 57.957 59.896 62.832 76.762 77.703 62.655 48.612 0.000 0.000 0.000 0.000 0.000 26.631 81.627 78.616 65.599 40.576 35.554 79.532 56.510 58.489
0.000 0.000 0.000 0.000 0.000 61.087 101.087 101.087 0.000 0.000 0.000 0.000 0.000 0.000 0.000 1.084 13.085 79.084 68.084 6.084 3.084 3.083 66.082 65.082 69.082 0.080 0.000 0.000 0.000 67.777 59.777 0.000 0.000 0.000 74.683 84.677 70.669 63.655 57.637 59.614 78.588 63.558 69.524 69.486 60.445 75.400 67.351 68.300 58.246 66.189 66.131 64.072 58.012 58.951 62.886 59.793 21.729 11.692 0.000 0.000 0.000 0.000 0.000 29.643 66.639 78.634 85.627 75.615 51.600 52.584 66.567 57.549 58.531
6.090 0.000 0.000 0.000 0.000 48.088 97.088 106.088 16.088 0.000 0.000 0.000 0.000 0.000 0.000 0.083 2.085 86.085 67.085 68.084 70.084 67.083 64.083 65.082 63.082 1.082 0.000 0.000 0.000 60.777 60.777 61.776 60.769 60.756 59.730 69.722 78.715 25.706 89.691 79.673 84.649 69.621 14.588 85.550 83.509 82.464 86.415 75.362 58.306 61.248 66.188 66.127 63.067 59.010 47.969 0.000 0.000 0.000 0.000 0.000 0.000 0.000 0.000 39.648 66.648 66.645 77.641 76.634 59.625 59.615 58.603 58.589 58.574
74.090 77.090 9.090 0.000 0.000 58.089 97.088 102.088 112.089 17.089 0.000 0.000 0.000 0.000 8.086 8.086 6.085 23.085 71.085 68.084 86.084 100.084 75.083 60.083 0.000 0.000 0.000 0.000 0.000 0.000 59.779 60.781 60.775 60.768 60.762 59.765 59.765 58.761 59.751 64.736 76.715 70.688 13.656 85.619 86.577 64.531 71.482 88.427 82.369 69.308 59.246 65.183 66.118 69.053 54.011 0.000 0.000 0.000 0.000 0.000 0.000 0.000 0.000 1.653 17.658 63.659 60.658 60.656 58.652 58.647 58.640 58.631 58.619
88.090 71.090 71.090 73.090 75.090 94.089 102.089 102.089 102.089 104.089 78.089 17.089 0.086 66.087 73.087 74.086 36.086 31.086 94.085 102.085 97.084 93.084 76.083 0.080 0.000 0.000 0.000 0.000 0.000 0.000 0.000 60.795 59.783 58.778 59.784 60.811 60.820 60.821 60.816 61.805 80.787 75.761 58.730 60.692 71.650 82.603 59.553 71.497 72.436 65.370 85.305 68.240 60.168 1.115 0.000 0.000 0.000 0.000 0.000 0.000 0.000 0.000 0.000 0.000 9.672 63.674 58.676 58.678 58.680 58.681 58.679 56.675 54.667
103.090 93.090 74.090 78.090 96.090 102.090 102.089 102.089 102.089 97.089 69.089 75.089 3.088 57.087 92.087 100.087 100.086 84.086 99.086 106.085 16.085 0.000 0.000 0.000 0.000 0.000 0.000 0.000 0.000 0.000 0.000 60.821 0.000 0.000 0.000 61.877 60.882 60.887 60.888 61.881 77.865 82.841 59.809 60.770 60.727 78.680 79.628 57.572 65.507 84.431 76.366 54.303 0.000 0.000 0.000 0.000 0.000 0.000 0.000 0.000 0.000 0.000 0.000 0.000 6.685 63.688 58.694 58.702 58.711 57.717 56.721 61.721 62.719
103.091 103.091 98.091 101.090 102.090 102.090 102.090 102.090 102.089 98.089 73.089 90.089 0.000 0.000 70.087 94.087 102.087 103.086 102.086 107.086 10.086 0.000 0.000 0.000 0.000 0.000 0.000 0.000 0.000 0.000 0.000 60.846 0.000 0.000 62.944 60.937 60.946 60.958 60.967 60.966 77.953 82.928 59.894 60.853 60.808 61.760 82.710 76.655 83.589 73.481 54.423 0.000 0.000 0.000 0.000 0.000 0.000 0.000 0.000 0.000 0.000 0.000 0.000 0.000 61.695 58.700 58.709 58.724 58.743 57.757 59.766 63.772 64.774
101.091 102.091 102.091 102.091 102.091 102.090 102.090 102.090 102.090 103.090 98.089 105.089 29.089 8.088 58.088 77.087 100.087 102.087 103.087 91.086 5.086 0.000 0.000 0.000 0.000 0.000 0.000 0.000 0.000 0.000 0.000 54.872 59.898 59.924 58.950 60.983 61.005 61.031 61.055 61.063 78.052 83.025 59.986 60.940 60.891 60.843 65.795 88.750 68.714 0.000 0.000 0.000 0.000 0.000 0.000 0.000 0.000 0.000 0.000 0.000 0.000 0.000 0.000 0.000 14.701 65.707 61.719 62.741 60.782 56.801 63.814 64.825 62.834
98.091 103.091 102.091 102.091 102.091 102.091 102.091 102.090 102.090 102.090 103.090 96.089 80.089 71.089 65.088 92.088 102.088 102.087 107.087 10.087 0.000 0.000 0.000 0.000 0.000 0.000 0.000 0.000 0.000 0.000 0.000 0.000 0.000 0.000 0.000 61.038 61.062 61.105 61.160 61.180 77.168 84.133 61.085 61.030 60.976 60.924 60.878 66.836 19.802 0.000 0.000 0.000 0.000 0.000 0.000 0.000 0.000 0.000 0.000 0.000 0.000 0.000 0.000 0.000 0.000 2.708 0.713 0.000 6.842 65.852 63.865 64.881 61.898
98.092 103.092 102.092 102.092 102.091 102.091 102.091 102.091 102.091 102.090 103.090 88.090 67.089 66.089 75.089 99.088 102.088 102.088 108.088 13.087 4.087 0.000 0.000 0.000 0.000 0.000 0.000 0.000 0.000 0.000 0.000 0.000 0.000 0.000 0.000 57.069 61.100 58.169 61.300 61.329 80.307 84.256 61.189 61.120 61.056 61.002 60.955 57.913 7.858 0.000 0.000 0.000 0.000 0.000 0.000 0.000 0.000 0.000 0.000 0.000 0.000 57.975 0.000 0.000 0.000 0.000 0.000 0.000 61.892 62.899 64.913 64.935 61.963
101.092 102.092 102.092 102.092 102.092 102.092 102.092 102.091 102.091 102.091 102.091 99.090 76.090 77.089 94.089 101.089 102.088 102.088 109.088 26.088 0.000 0.000 0.000 0.000 0.000 0.000 0.000 0.000 0.000 0.000 0.000 0.000 0.000 0.000 0.000 0.000 57.100 0.000 60.544 61.527 89.475 76.394 61.296 61.204 61.129 74.071 64.029 59.004 0.000 0.000 0.000 0.000 0.000 0.000 0.000 0.000 0.000 0.000 0.000 0.000 9.975 68.975 53.975 0.000 0.000 0.000 0.000 62.948 65.934 64.938 61.954 57.981 58.022
102.093 102.093 102.093 102.093 102.093 102.092 102.092 102.092 102.092 102.091 102.091 102.091 104.090 104.090 103.089 102.089 102.089 104.089 93.088 36.088 0.000 0.000 0.000 0.000 0.000 0.000 0.000 0.000 0.000 0.000 0.000 0.000 0.000 0.000 0.000 0.000 0.000 0.000 60.805 61.760 95.673 64.548 61.398 61.272 73.183 82.123 61.085 61.069 60.086 0.000 0.000 0.000 0.000 0.000 0.000 0.000 0.000 0.000 0.000 0.000 0.000 64.975 65.975 52.975 0.000 58.971 60.969 64.962 63.959 61.966 60.984 57.015 65.065
101.093 100.093 102.093 102.093 102.093 102.093 102.093 102.093 102.092 102.092 102.092 102.091 102.091 102.090 102.090 102.089 103.089 86.089 14.089 5.089 63.089 77.089 23.088 0.000 0.000 4.088 0.000 0.000 0.000 0.000 0.000 0.000 0.000 0.000 0.000 2.927 2.910 0.000 57.112 68.034 90.911 61.726 58.475 61.302 61.210 61.154 61.120 61.103 61.102 58.102 0.000 0.000 0.000 0.000 0.000 0.000 0.000 0.000 0.000 0.000 0.000 59.975 55.975 61.975 56.975 64.974 64.973 63.972 59.975 62.984 58.001 57.029 57.079
91.094 91.094 100.094 102.094 102.094 102.094 102.094 102.094 102.093 102.093 102.092 103.092 104.091 102.091 102.090 102.090 102.089 24.089 8.089 63.089 73.089 83.089 82.088 75.088 67.088 8.088 0.000 0.000 0.000 0.000 0.000 0.000 0.000 0.000 2.960 61.943 64.893 64.757 61.496 60.354 69.211 56.968 0.000 57.252 61.201 61.162 61.137 61.122 60.117 0.000 0.000 0.000 0.000 0.000 0.000 0.000 61.974 72.974 0.000 0.000 60.975 58.975 58.975 55.975 63.976 64.976 64.977 61.979 64.984 64.993 63.006 58.024 47.043
73.095 78.095 97.095 103.095 102.095 102.095 102.095 102.094 102.094 102.094 104.093 90.092 86.092 101.091 106.090 103.090 98.090 80.089 83.089 89.089 83.089 84.089 63.088 56.088 2.088 0.000 0.000 0.000 0.000 0.000 0.000 0.000 0.000 0.000 52.977 58.994 61.962 61.882 61.762 61.673 63.612 0.000 0.000 0.000 56.180 61.159 61.142 61.131 61.126 0.000 0.000 0.000 0.000 0.000 0.000 21.974 78.974 60.974 58.974 58.975 58.975 58.975 56.975 61.976 64.976 64.978 60.980 64.984 64.989 63.997 58.006 59.017 49.025
57.095 72.095 91.096 104.096 105.096 105.096 103.096 102.095 103.095 102.095 103.094 41.093 12.092 60.091 78.091 99.090 106.090 104.090 104.090 90.089 13.089 0.000 0.000 0.000 0.000 0.000 0.000 0.000 0.000 7.913 9.913 0.000 0.000 0.000 0.000 58.092 62.081 60.046 60.998 62.963 63.953 0.000 0.000 0.000 0.000 54.150 61.142 61.135 58.131 0.000 0.000 0.000 0.000 0.000 0.000 0.000 20.974 74.974 57.974 57.975 58.975 57.975 57.975 63.976 64.977 62.979 50.982 3.986 68.993 62.999 63.006 63.012 49.016
21.096 43.096 76.097 82.097 76.097 78.097 95.097 103.096 99.096 92.096 91.095 26.095 0.000 0.000 0.000 36.090 71.090 97.090 104.090 1.090 0.000 0.000 0.000 0.000 0.000 0.000 0.000 0.000 0.000 49.913 70.913 15.913 0.913 0.000 0.000 58.202 64.222 63.224 72.219 73.229 63.284 8.444 0.000 0.000 0.000 0.000 58.140 59.137 0.000 0.000 0.000 0.000 0.000 0.000 0.000 0.000 0.000 79.974 82.974 62.975 56.975 54.975 64.975 64.976 59.976 0.000 0.000 0.000 9.997 68.002 65.006 65.009 55.012
0.000 0.000 57.099 66.099 18.098 4.098 67.098 96.097 87.097 83.097 97.096 64.096 24.097 0.000 0.000 0.000 0.000 42.090 73.091 0.000 0.000 0.000 0.000 0.000 0.000 0.000 0.000 0.000 0.000 0.000 54.913 72.913 3.913 0.000 0.000 49.292 63.382 61.410 91.425 84.452 62.508 64.605 10.711 0.000 0.000 0.000 53.140 0.000 0.000 0.000 0.000 0.000 0.000 0.000 0.000 0.000 0.000 0.000 67.974 84.975 69.975 63.975 64.975 59.975 0.000 0.000 0.000 0.000 0.000 60.004 65.006 65.008 60.010
0.000 0.000 53.100 98.100 55.100 4.099 56.099 88.099 90.098 101.098 103.097 106.097 112.097 51.097 20.097 0.000 0.000 0.000 13.092 8.092 0.000 1.092 0.000 0.000 0.000 0.000 0.000 0.000 0.000 0.000 55.913 70.914 0.914 7.914 11.914 0.000 56.604 64.607 94.619 76.645 64.692 63.757 68.818 0.000 0.000 0.000 0.000 0.000 0.000 0.000 0.000 0.000 0.000 0.000 0.000 0.000 0.000 0.000 0.000 5.975 72.975 62.975 60.975 0.000 0.000 0.000 0.000 0.000 59.005 58.005 60.006 54.007 0.000
26.105 41.104 75.103 93.102 101.101 70.101 83.100 106.100 103.099 102.099 102.098 102.098 102.097 108.097 111.097 67.096 26.095 8.094 71.093 85.093 78.093 80.092 36.092 12.092 9.092 0.000 0.000 0.000 0.000 0.000 34.914 56.914 62.914 62.914 65.915 24.915 57.823 86.797 88.798 65.818 63.857 63.912 66.985 12.105 7.158 0.000 0.000 0.000 0.000 0.000 0.000 0.000 0.000 0.000 0.000 0.000 0.000 0.000 0.000 0.000 0.000 0.000 6.975 0.000 0.000 0.000 0.000 61.005 56.005 54.005 0.000 0.000 0.000
99.105 102.105 102.104 100.103 98.103 99.102 101.102 101.101 102.101 103.100 103.099 102.099 95.098 99.097 102.097 106.096 110.095 111.094 103.093 99.093 96.093 91.092 93.092 86.092 42.092 20.092 0.000 0.000 0.000 0.000 0.000 0.000 0.000 0.000 0.000 82.008 70.977 99.958 90.958 77.973 65.004 64.050 64.107 68.172 64.211 0.000 0.000 0.000 0.000 0.000 0.000 0.000 0.000 0.000 0.000 0.000 0.000 0.000 0.000 0.000 0.000 0.000 0.000 0.000 0.000 0.000 0.000 0.000 0.000 0.000 0.000 0.000 0.000
102.106 97.106 95.106 94.105 88.104 85.104 86.103 86.102 92.102 97.101 97.100 90.099 74.099 89.098 102.097 102.096 102.095 102.094 102.094 102.093 103.093 103.092 106.092 107.092 107.092 107.092 46.091 0.000 0.000 0.000 0.000 0.000 0.000 0.000 0.000 54.133 80.116 85.102 69.101 86.113 74.139 64.175 64.220 67.267 10.301 0.000 0.000 0.000 0.000 0.000 0.000 0.000 0.000 0.000 0.000 0.000 0.000 0.000 0.000 0.000 0.000 0.000 0.000 0.000 0.000 0.000 0.000 0.000 0.000 0.000 0.000 0.000 0.000
72.108 45.107 67.107 81.107 79.106 59.105 44.105 40.104 60.103 77.102 76.101 69.100 64.099 74.098 95.097 103.096 102.095 102.094 102.093 102.093 102.093 106.092 81.092 69.092 68.092 72.092 75.091 14.091 3.091 0.032 0.008 0.000 0.000 0.000 0.000 52.275 88.253 71.234 63.230 73.240 84.262 68.292 64.330 64.374 70.427 14.518 8.562 0.599 0.000 0.000 0.000 0.000 0.000 0.000 0.000 0.000 0.000 0.000 0.000 0.000 0.000 0.000 0.000 0.000 0.000 0.000 0.000 0.000 0.000 0.000 0.000 0.000 0.000
62.109 33.109 55.109 70.108 66.108 43.107 29.106 33.105 53.104 67.103 65.102 65.101 66.100 64.099 83.097 100.096 102.095 102.094 102.093 102.093 101.093 64.092 0.000 0.000 0.000 0.000 0.000 0.000 0.000 58.599 78.598 30.597 16.594 12.583 59.540 76.439 93.388 70.351 64.346 62.356 79.375 81.402 67.434 64.472 64.515 67.565 76.601 14.630 9.640 0.000 0.000 0.000 0.000 0.000 0.000 0.000 0.000 0.000 0.000 0.000 0.000 0.000 0.000 0.000 0.000 0.000 0.000 0.000 0.000 0.000 0.000 0.000 0.000
75.111 71.111 66.111 65.110 66.109 68.109 69.108 72.107 71.106 67.105 66.103 66.102 66.101 65.099 72.098 94.096 103.095 102.094 104.093 76.092 42.092 0.000 0.000 0.000 0.000 0.000 0.000 0.000 0.000 23.599 45.599 48.600 52.603 66.614 63.597 84.553 81.507 55.435 62.448 64.462 66.482 79.506 71.534 66.564 64.596 63.626 80.646 71.655 65.650 0.000 0.000 0.000 0.000 0.000 0.000 0.000 0.000 0.000 0.000 0.000 0.000 0.000 0.000 0.000 0.000 0.000 0.000 0.000 0.000 0.000 0.000 0.000 0.000
65.113 66.113 66.113 66.112 66.111 66.111 66.110 66.109 66.107 66.106 66.105 66.103 66.101 66.100 64.098 85.096 102.095 104.093 100.092 26.091 0.000 0.000 0.000 0.000 0.000 0.000 0.000 0.000 0.000 0.000 0.000 0.000 0.000 50.675 67.681 93.669 67.653 0.000 50.548 65.563 63.583 67.606 68.631 77.655 66.679 64.697 63.703 59.695 0.673 0.000 0.000 0.000 0.000 0.000 0.000 0.000 0.000 0.000 0.000 0.000 0.000 0.000 0.000 0.000 0.000 0.000 0.000 0.000 0.000 0.000 0.000 0.000 24.419
66.115 66.115 66.115 66.114 66.114 66.113 66.112 65.110 65.109 66.108 66.106 66.104 66.102 66.100 65.098 73.096 88.094 99.092 87.091 13.090 0.000 0.000 0.000 0.000 0.000 0.000 0.000 0.000 0.000 0.000 0.000 0.000 0.000 27.730 76.784 101.789 11.784 0.000 48.633 66.658 64.683 63.705 71.727 82.748 70.766 64.778 68.776 1.737 0.000 0.000 0.000 0.000 0.000 0.000 0.000 0.000 0.000 0.000 0.000 0.000 0.000 0.000 0.000 0.000 0.000 0.000 0.000 0.000 0.000 0.000 0.000 0.000 81.497
66.118 66.118 66.117 66.117 66.116 66.115 66.114 70.113 71.111 67.109 66.108 66.106 66.103 66.101 66.099 65.096 68.093 77.091 77.089 18.087 0.000 0.000 0.000 0.000 0.000 0.000 19.704 0.000 0.000 0.000 0.000 0.000 0.000 0.103 80.934 95.919 18.909 0.000 32.693 63.754 64.784 64.805 63.825 68.843 70.861 66.874 68.882 0.000 0.000 0.000 0.000 0.000 0.000 0.000 0.000 0.000 0.000 0.000 0.000 0.000 0.000 0.000 0.000 0.000 0.000 0.000 0.000 0.000 0.000 0.000 0.000 65.718 74.627
66.120 66.120 66.120 66.119 66.118 66.117 65.116 77.115 82.113 69.111 66.109 66.107 66.105 66.102 66.099 66.096 66.093 65.089 68.086 49.084 0.000 0.000 0.000 0.000 0.000 61.705 82.704 44.702 35.693 34.681 0.000 0.000 0.000 62.207 104.100 78.045 78.023 5.047 0.000 49.880 66.893 64.907 64.923 62.940 78.958 82.977 76.995 0.155 0.000 0.000 0.000 0.000 0.000 0.000 0.000 0.000 0.000 0.000 0.000 0.000 0.000 0.000 0.000 0.000 0.000 0.000 0.000 0.000 0.000 0.000 39.883 90.810 76.735
66.123 66.123 66.123 66.122 66.121 66.120 65.119 78.117 84.116 68.114 66.111 66.109 66.106 66.103 66.100 66.096 66.092 66.088 66.083 72.078 43.071 0.000 0.000 0.000 1.705 24.705 39.706 61.709 69.696 73.669 47.616 23.545 58.450 96.316 94.213 74.136 56.093 14.070 0.000 49.994 66.999 66.009 69.021 64.036 73.055 96.081 93.124 38.213 2.264 18.288 0.000 0.000 0.000 0.000 0.000 0.000 0.000 0.000 0.000 0.000 0.000 0.000 0.000 0.000 0.000 0.000 0.000 0.000 0.000 0.000 76.956 132.904 115.841
63.126 64.126 65.126 65.125 66.124 66.123 64.122 79.120 82.118 65.116 66.114 66.111 66.108 66.105 66.101 66.096 66.092 66.086 66.080 66.073 72.064 52.052 3.044 0.000 0.000 0.000 0.000 37.730 68.714 64.682 67.634 71.570 83.489 100.393 84.302 52.194 2.144 0.000 0.000 49.102 66.103 69.107 82.115 68.127 78.145 79.170 98.205 102.254 85.291 35.312 0.000 0.000 0.000 0.000 0.000 0.000 0.000 0.000 0.000 0.000 0.000 0.000 0.000 0.000 0.000 0.000 0.000 0.000 0.000 63.171 73.080 74.009 76.944
84.130 79.130 74.129 72.128 68.128 64.126 64.125 79.123 82.121 64.119 66.116 66.113 66.110 66.106 66.102 66.097 65.092 64.086 65.079 65.070 65.060 71.048 48.036 25.022 0.003 0.000 0.000 36.769 74.746 68.713 63.668 76.612 99.543 93.463 61.408 0.000 0.000 0.000 0.000 47.209 65.203 70.201 77.205 72.214 77.228 76.248 89.274 83.305 76.333 49.358 4.387 0.000 0.000 0.000 0.000 0.000 0.000 0.000 0.000 0.000 0.000 0.000 0.000 0.000 9.950 0.000 0.000 6.339 40.339 68.262 137.183 101.118 133.004
104.134 103.133 99.133 94.132 90.131 85.130 80.128 76.127 71.125 65.122 66.119 66.116 66.113 66.109 65.104 67.099 73.093 78.086 77.079 75.069 69.058 64.045 68.029 74.008 37.975 18.938 22.892 56.830 79.790 70.754 66.714 89.667 101.607 57.510 2.459 0.000 0.000 10.405 17.383 51.323 64.299 69.290 85.290 75.295 68.305 61.319 67.338 85.359 82.380 88.399 7.417 0.000 0.000 0.000 0.000 0.000 0.000 0.000 0.000 0.000 0.000 0.000 0.000 0.000 6.950 0.000 0.000 0.000 75.415 66.354 76.286 99.181 75.355
