results3_8e3_rain/res_3e8f-0185.wd
ncols         241
nrows         181
xllcorner     12693529.787448
yllcorner     3542525.717860
cellsize      155.156523
NODATA_value  -9999.000000
[rows 0 to 32 of 181, columns 146 to 218 of 241]
0.000 0.000 0.000 0.000 0.000 0.000 0.000 0.000 0.000 0.000 0.000 0.000 0.000 0.000 5.742 16.594 17.357 17.065 16.743 16.410 16.082 15.776 15.503 15.271 15.081 14.934 14.825 14.749 14.701 14.675 14.663 19.659 0.000 0.000 0.000 0.000 0.000 0.000 0.000 0.000 0.000 0.000 0.000 0.000 0.000 0.000 0.000 0.000 0.000 19.604 26.604 0.000 0.000 45.712 50.712 0.000 0.000 0.000 0.000 0.000 0.000 0.000 0.000 0.000 0.000 0.000 0.000 0.000 0.000 0.000 0.000 0.000 0.000
0.000 0.000 0.000 0.000 0.000 0.000 0.000 0.000 0.000 0.000 0.000 0.000 0.000 1.290 16.889 17.685 17.411 17.095 16.754 16.404 16.061 15.743 17.463 16.228 15.039 14.895 14.791 14.721 14.680 14.660 14.656 19.655 0.000 0.000 0.000 0.000 0.000 0.000 0.000 0.000 0.000 0.000 0.000 0.000 0.000 0.000 0.000 0.000 16.604 38.604 14.604 0.000 24.712 57.712 51.712 0.000 0.000 0.000 0.000 0.000 0.000 0.000 0.000 0.000 0.000 0.000 0.000 0.000 36.705 0.000 0.000 0.000 0.000
0.000 0.000 0.000 0.000 0.000 0.000 0.000 0.000 0.000 0.000 0.000 0.000 0.000 20.521 19.175 17.844 17.506 17.151 16.775 16.390 16.015 17.673 17.378 15.138 14.953 14.817 14.724 14.666 14.636 14.629 16.645 10.650 0.000 0.000 0.000 0.000 0.000 0.000 0.000 0.000 0.000 0.000 0.000 0.000 0.000 0.000 0.000 0.000 28.604 0.000 0.000 19.712 50.712 12.712 0.000 0.000 0.000 0.000 0.000 0.000 0.000 0.000 0.000 0.000 5.707 0.000 0.000 0.000 39.705 11.705 0.000 0.000 0.000
0.000 0.000 0.000 0.000 0.000 0.000 0.000 0.000 0.000 0.000 0.000 0.000 3.057 19.934 18.444 18.012 17.619 17.226 16.806 16.366 16.937 16.554 15.238 14.994 14.817 14.696 14.621 14.582 14.569 20.576 0.000 0.000 0.000 0.000 0.000 0.000 0.000 0.000 0.000 0.000 0.000 0.000 0.000 13.605 0.000 0.000 0.000 12.605 72.604 2.604 0.000 25.712 52.712 0.000 0.000 0.000 0.000 0.000 0.000 0.000 0.000 0.000 11.707 17.707 36.707 0.000 0.000 29.705 38.705 39.705 11.705 0.000 0.000
0.000 0.000 0.000 0.000 0.000 0.000 0.000 0.000 0.000 0.000 0.000 8.166 1.346 2.975 18.655 18.141 17.731 17.329 16.857 16.330 16.812 16.368 15.026 14.783 14.624 14.529 14.483 14.471 15.484 16.530 0.000 0.000 0.000 0.000 0.000 0.000 0.000 0.000 0.000 0.000 0.000 0.000 14.605 37.605 32.605 0.000 0.000 28.605 56.605 0.000 0.000 0.000 52.712 7.712 0.000 0.000 0.000 0.000 0.000 0.000 0.000 0.000 51.707 55.707 57.707 0.000 0.000 42.706 37.705 37.705 47.705 0.000 0.000
0.000 0.000 0.000 0.000 0.000 0.000 0.000 0.000 0.000 0.000 10.883 3.487 1.857 1.286 1.411 16.165 17.834 17.503 16.962 18.287 17.614 15.080 14.714 14.489 14.366 14.315 14.310 14.334 20.365 0.000 0.000 0.000 0.000 0.000 0.000 0.000 0.000 0.000 0.000 0.000 0.000 0.000 0.000 17.605 38.605 30.605 28.605 10.605 41.605 14.605 0.000 0.000 37.712 50.713 41.713 39.713 48.713 0.000 0.000 0.000 0.000 0.000 51.707 53.707 58.707 37.707 26.706 43.706 46.706 0.000 0.000 0.000 11.700
0.000 0.000 0.000 0.000 0.000 0.000 0.000 0.000 0.000 0.000 7.280 3.986 3.619 3.124 0.437 0.628 10.938 18.888 18.201 18.240 15.276 14.624 14.262 14.092 14.037 14.053 14.110 14.190 9.278 0.000 0.000 0.000 0.000 0.000 34.615 67.615 1.615 0.000 7.615 48.615 0.000 0.000 0.000 14.605 38.605 51.605 86.605 48.605 49.605 20.605 0.000 0.000 34.713 53.713 38.713 34.713 51.713 0.000 0.000 0.000 0.000 0.000 38.708 44.707 40.707 40.707 44.706 47.706 55.706 0.000 0.000 0.000 34.700
0.000 0.000 0.000 0.000 0.000 0.000 0.000 0.000 0.000 30.523 30.971 7.548 3.163 3.403 3.057 0.793 0.369 5.909 18.713 16.198 14.627 13.879 13.618 13.580 13.639 13.749 14.887 12.039 0.000 0.000 0.000 0.000 0.000 0.000 9.615 55.615 62.615 44.615 36.615 8.615 0.000 0.000 0.000 0.000 0.000 12.605 79.605 58.605 5.605 0.000 0.000 0.000 0.000 46.713 61.713 59.713 61.713 53.712 45.712 48.711 47.710 56.710 60.709 57.708 58.707 58.707 53.706 48.706 45.705 0.000 0.000 0.000 0.000
0.000 0.000 0.000 0.000 0.000 0.000 0.000 0.000 24.632 42.075 43.531 33.042 9.628 2.046 3.061 0.836 2.785 8.079 6.545 16.210 13.155 12.647 12.751 12.970 13.189 14.416 14.651 0.000 0.000 0.000 0.000 0.000 0.000 0.000 0.000 7.615 53.615 63.615 68.615 7.615 0.000 0.000 0.000 0.000 0.000 8.606 51.606 43.605 48.605 15.605 0.000 0.000 30.714 58.714 43.713 37.713 44.713 56.712 44.712 43.711 52.711 61.710 48.709 44.708 47.707 53.707 59.706 61.705 59.705 45.704 36.703 19.702 28.701
0.000 0.000 0.000 0.000 0.000 0.000 0.000 20.756 30.189 45.615 43.036 43.459 35.882 12.313 1.194 4.741 14.274 6.456 2.243 3.031 6.133 10.803 11.769 12.362 12.732 18.074 0.000 0.000 0.000 0.000 0.000 0.000 7.616 5.616 0.000 0.000 20.615 66.615 19.615 0.000 0.000 0.000 0.000 0.000 0.000 47.606 57.606 33.605 49.605 69.605 9.605 0.000 36.714 60.714 39.714 33.714 36.713 49.713 38.712 38.712 40.711 42.710 39.709 40.708 34.708 38.707 44.706 45.705 43.705 52.704 54.703 57.702 65.701
0.000 0.000 0.000 0.000 0.000 0.000 25.878 24.323 47.753 44.160 43.539 42.876 43.128 38.184 20.689 12.405 8.089 0.000 0.046 4.360 2.161 3.341 11.158 11.978 17.301 0.000 0.000 0.000 0.000 0.000 0.000 2.616 44.616 3.616 0.000 0.000 27.615 67.615 6.615 0.000 0.000 0.000 0.000 0.000 42.608 86.607 19.606 22.606 44.605 71.605 11.605 0.000 33.715 58.715 38.714 31.714 34.714 36.713 32.713 31.712 38.711 54.710 37.710 33.709 47.708 43.707 40.706 47.705 47.704 50.704 59.703 63.702 50.701
0.000 0.000 0.000 0.000 0.000 29.921 18.433 46.905 45.339 44.734 44.086 43.376 42.570 42.607 39.410 25.107 4.411 0.338 0.067 46.217 4.521 0.079 0.102 14.089 10.195 0.000 0.000 0.000 0.000 0.000 0.000 2.616 40.616 35.616 44.616 56.616 60.616 50.615 0.000 0.000 5.612 41.611 56.611 61.610 85.609 41.609 0.000 0.000 46.605 34.604 0.000 0.000 36.715 63.715 50.715 34.715 82.714 110.714 59.713 35.712 51.712 98.711 50.710 27.709 92.708 65.707 40.706 47.705 49.704 39.704 48.703 61.702 44.701
0.000 0.000 0.000 0.000 0.000 19.408 41.029 47.526 45.963 45.352 44.693 43.972 43.170 42.261 42.248 41.158 30.337 4.950 50.818 47.876 0.358 0.148 0.052 0.058 0.000 0.000 0.000 0.000 0.000 0.000 5.616 39.616 35.616 40.616 54.616 64.616 48.616 35.615 0.615 0.000 3.612 50.612 49.611 45.610 84.610 44.609 0.000 0.000 25.604 17.604 0.000 29.717 57.716 59.716 53.716 41.715 40.715 73.714 114.714 52.713 45.712 102.711 53.710 27.709 99.708 69.707 32.706 34.705 40.704 31.703 45.703 44.702 32.701
0.000 0.000 0.000 0.000 23.926 34.275 49.747 47.207 46.633 46.020 45.362 44.650 43.874 43.035 42.077 41.339 40.199 52.549 52.223 0.994 0.493 9.603 0.000 0.000 0.000 0.000 0.000 0.000 0.615 55.615 58.616 40.616 39.616 54.616 64.616 50.616 33.616 35.615 35.615 33.614 31.613 43.612 46.611 56.611 96.610 30.610 0.000 0.000 62.604 12.604 0.000 26.717 56.717 56.717 43.716 35.716 31.716 41.715 38.715 78.714 109.713 126.712 107.711 96.710 122.709 116.708 107.707 53.706 33.704 50.703 45.702 34.701 29.700
0.000 0.000 0.000 25.111 34.578 52.020 48.477 47.923 47.344 46.732 46.084 45.390 44.659 43.820 43.276 40.909 52.586 52.582 36.783 19.087 6.247 0.000 0.000 0.000 0.000 0.000 0.000 0.000 41.615 8.615 0.000 19.616 57.616 61.616 53.617 38.617 4.617 0.000 2.614 37.614 33.613 43.613 42.612 65.611 62.610 0.000 0.000 4.603 65.603 11.603 0.000 24.718 54.718 66.718 45.717 51.717 74.717 51.716 33.715 57.715 80.714 114.713 80.711 60.710 108.709 98.708 73.707 42.706 28.704 99.703 67.702 39.701 29.700
0.000 0.000 0.000 30.645 50.253 49.750 49.217 48.663 48.086 47.483 47.847 47.188 45.430 45.008 42.434 52.649 52.596 40.357 41.978 39.599 23.560 4.558 0.000 0.000 0.000 0.000 0.000 43.615 12.615 0.000 0.000 0.000 25.616 57.617 35.617 33.618 39.618 2.619 0.000 38.615 36.614 42.613 43.612 65.611 61.610 0.000 0.000 25.603 72.603 8.603 0.000 26.718 57.718 60.718 41.718 41.718 87.718 122.717 71.717 39.716 55.714 102.713 62.712 29.711 95.709 82.708 40.707 32.706 25.705 106.703 70.702 42.701 43.700
0.000 0.000 31.253 48.572 52.037 50.512 49.977 49.426 48.857 49.262 47.655 46.955 46.617 44.046 53.084 52.798 41.857 42.707 41.708 32.058 12.806 0.000 0.000 0.000 0.000 0.000 0.000 39.615 13.615 0.000 0.000 0.000 0.000 0.000 0.000 38.619 35.620 34.620 36.619 38.617 34.615 42.614 44.612 56.611 52.609 14.606 33.604 66.603 17.603 0.000 0.000 26.719 53.719 59.720 45.720 30.720 32.719 57.719 44.718 26.717 44.716 99.714 55.713 21.711 92.710 77.708 35.707 31.706 27.705 105.703 70.702 42.701 33.700
0.000 30.525 43.934 53.352 51.812 51.284 50.753 50.210 50.648 50.078 48.421 48.134 45.570 54.024 53.503 43.522 44.523 42.404 29.598 0.000 0.000 0.000 0.000 0.000 0.000 0.000 0.000 0.000 13.615 0.000 0.000 0.000 0.000 0.000 0.000 0.000 42.622 52.621 63.620 51.618 40.616 44.614 41.613 46.610 39.608 58.606 76.604 64.602 10.602 0.000 0.000 25.720 51.720 56.721 62.721 60.721 48.721 38.720 51.719 83.718 102.717 123.715 103.713 86.712 120.710 113.709 95.707 55.706 28.705 103.703 75.702 47.701 34.700
27.594 39.115 53.608 53.089 52.574 52.060 51.540 52.007 51.470 49.847 49.598 47.050 55.250 54.615 45.090 46.241 47.183 25.440 0.000 0.000 0.000 0.000 0.000 0.000 0.000 0.000 0.000 0.000 0.000 0.000 0.000 0.000 0.000 0.000 0.000 0.000 40.625 44.624 62.622 21.619 1.617 51.615 42.613 45.611 41.608 29.605 48.603 63.601 50.600 9.599 0.000 0.000 16.721 59.722 61.723 54.724 42.723 51.723 102.721 93.720 74.718 75.716 76.714 76.712 76.711 77.709 79.707 50.706 30.705 102.703 78.702 41.701 35.700
31.074 54.734 54.295 53.821 53.335 52.842 52.338 51.833 51.243 51.029 48.500 56.588 55.911 46.557 47.776 46.768 42.258 1.722 0.000 0.000 0.000 0.000 0.000 0.000 0.000 0.000 0.000 0.000 0.000 0.000 0.000 0.000 0.000 0.000 0.000 0.000 41.628 52.627 36.626 0.000 5.619 48.617 45.614 12.611 2.607 33.604 47.601 62.599 59.598 28.598 0.000 0.000 0.000 0.000 28.727 43.727 27.726 88.725 89.723 38.722 44.720 86.717 57.715 29.713 75.711 65.709 45.707 43.706 34.705 102.703 73.702 30.701 31.700
48.892 56.453 55.016 54.565 54.103 54.631 53.159 52.607 52.431 49.928 57.962 57.271 46.932 49.185 48.181 48.560 17.900 0.000 0.000 0.000 0.000 0.000 0.000 0.000 0.000 0.000 0.000 0.000 0.000 0.000 0.000 0.000 0.000 0.000 0.000 8.636 61.633 59.631 63.628 60.626 56.622 56.618 50.615 9.612 2.607 33.601 46.598 64.596 71.596 34.597 0.000 0.000 0.000 0.000 22.731 35.730 55.729 102.728 65.726 25.724 93.721 94.718 43.715 30.713 51.711 107.709 66.707 34.706 34.705 97.703 115.702 102.700 107.699
58.586 56.169 55.750 55.321 54.879 56.441 53.926 53.797 51.332 59.352 58.654 42.239 46.449 50.510 46.979 24.260 0.000 0.000 0.000 0.000 0.000 0.000 0.000 0.000 0.000 0.000 0.000 0.000 0.000 0.000 0.000 0.000 0.000 0.000 0.000 60.639 59.637 60.634 62.631 61.627 59.624 60.620 53.617 8.615 0.000 34.597 46.593 69.591 42.594 0.000 0.000 0.000 0.000 20.739 50.736 29.734 94.733 88.731 32.729 88.727 101.724 50.719 38.716 41.712 36.710 67.709 106.707 63.706 26.705 97.704 100.702 74.700 16.698
49.265 55.889 56.494 56.084 55.676 55.191 55.107 52.681 60.705 60.052 25.471 30.651 33.537 52.208 35.833 0.000 0.000 0.000 0.000 0.000 0.000 0.000 0.000 50.130 39.130 0.000 0.000 0.000 0.000 0.000 0.000 0.000 0.000 0.000 0.000 37.644 31.642 34.638 38.633 33.629 32.626 31.622 33.618 37.615 31.609 24.598 39.587 18.581 0.000 0.000 0.000 0.000 0.000 22.741 45.740 36.738 37.736 37.734 29.732 50.730 51.728 0.000 0.000 12.711 42.710 35.708 57.707 50.706 32.705 65.704 13.703 0.000 11.696
27.981 43.627 56.250 58.870 56.408 56.354 53.936 61.829 61.310 34.628 0.000 43.988 0.000 55.828 24.332 0.000 0.000 0.000 0.000 0.000 0.000 0.000 0.000 57.130 51.129 0.000 0.000 0.000 0.000 0.000 0.000 0.000 0.000 23.683 0.000 38.652 34.648 34.642 34.636 34.631 34.627 34.623 34.620 36.617 14.614 0.000 9.576 40.564 10.554 0.000 0.000 0.000 23.748 54.746 42.744 41.742 33.740 34.737 34.735 32.732 46.731 6.732 0.000 0.000 13.709 38.708 33.707 46.706 45.706 0.000 0.000 0.000 11.695
19.743 27.387 50.029 54.604 57.562 55.102 62.608 62.261 41.513 17.319 0.000 60.640 58.542 44.955 0.000 0.000 0.000 0.000 0.000 0.000 0.000 0.000 60.136 66.132 37.128 0.000 0.000 0.000 0.000 0.000 0.000 0.000 0.000 40.683 38.677 35.665 34.656 31.645 35.638 35.633 35.628 35.625 35.621 38.619 11.617 0.000 0.000 38.547 38.543 8.538 0.000 0.000 8.750 41.750 34.749 33.747 32.744 32.741 32.738 32.734 33.732 42.732 0.000 0.000 0.000 6.707 39.707 42.706 40.706 0.000 0.000 0.000 35.694
23.527 34.159 38.782 36.682 48.238 63.015 62.860 46.499 25.262 18.764 0.000 40.365 53.032 26.494 0.000 0.000 0.000 0.000 48.179 54.175 46.169 44.155 53.141 46.132 36.123 0.000 0.000 0.000 0.000 0.000 0.000 0.000 0.000 38.689 35.683 34.674 8.665 0.000 40.637 34.634 34.629 34.625 34.622 35.620 9.618 0.000 0.000 39.535 38.534 9.533 0.000 0.000 38.752 34.754 34.754 34.753 33.750 33.744 37.741 0.000 4.732 7.732 0.000 0.000 0.000 0.000 39.706 34.706 34.706 35.706 0.000 7.694 37.694
35.271 48.909 24.626 23.499 63.079 63.077 49.494 36.220 32.556 37.395 0.000 7.425 42.729 0.000 0.000 0.000 0.000 44.185 48.182 50.179 48.176 0.000 0.000 0.000 48.110 32.096 0.000 0.000 0.000 0.000 0.000 0.000 6.710 48.700 45.692 20.684 0.000 0.000 53.640 39.635 35.630 34.625 38.621 15.620 0.000 14.513 52.515 33.522 37.525 9.527 0.000 0.000 0.000 39.761 34.761 38.760 5.758 0.000 0.000 0.000 0.000 0.000 0.000 0.000 0.000 0.000 39.706 34.706 34.706 39.706 0.000 0.000 11.694
55.978 44.563 24.626 20.124 63.042 24.537 30.262 32.489 36.164 54.747 64.197 52.181 0.000 0.000 0.000 0.000 42.192 36.189 42.185 57.182 56.180 0.000 0.000 0.000 0.000 49.083 0.000 0.000 0.000 34.757 0.000 0.000 50.719 49.711 55.701 48.687 13.673 67.660 64.647 62.638 60.630 52.623 33.618 20.619 0.000 28.510 81.511 35.514 36.518 10.522 0.000 0.000 0.000 44.769 30.768 35.767 6.766 0.000 0.000 0.000 0.000 0.000 0.000 0.000 0.000 35.706 37.706 39.706 33.706 38.706 0.000 0.000 8.694
64.566 51.662 33.963 62.637 20.562 22.349 21.516 21.156 30.722 58.255 53.661 24.921 0.000 0.000 41.201 7.200 49.196 41.192 52.188 47.184 26.182 0.000 0.000 0.000 0.000 53.069 29.065 0.000 0.000 30.757 38.757 42.751 44.736 46.725 36.712 33.690 41.672 41.660 61.650 44.640 38.630 36.619 16.609 0.000 4.516 23.507 91.503 47.506 13.509 0.000 0.000 0.000 2.777 57.777 30.776 37.774 9.773 0.000 0.000 0.000 0.000 0.000 0.000 0.000 14.705 37.705 52.705 50.706 43.706 2.706 0.000 0.000 9.693
62.623 60.866 62.209 39.495 27.398 23.540 23.175 21.749 28.337 43.885 39.273 0.000 0.000 0.000 44.203 65.202 60.199 61.196 43.192 0.000 0.000 0.000 0.000 0.000 44.056 35.060 27.061 0.000 0.000 0.000 42.764 46.759 46.749 46.740 30.733 0.000 37.665 38.658 62.651 48.643 42.632 28.614 35.591 50.558 70.525 59.500 83.487 48.499 12.504 0.000 0.000 0.000 0.000 55.786 31.784 32.780 37.778 0.000 0.000 0.000 0.000 0.000 0.000 0.000 0.000 7.705 56.705 53.705 6.705 0.000 0.000 0.000 5.693
60.704 62.151 61.354 60.366 42.510 22.158 22.742 23.356 21.987 24.675 0.000 0.000 0.000 0.000 60.206 50.205 48.203 44.199 0.000 0.000 0.000 0.000 0.000 45.052 36.053 32.054 15.057 0.000 0.000 0.000 42.777 50.771 59.762 58.753 60.747 48.748 0.000 6.656 65.654 49.648 23.640 0.000 38.581 48.558 75.524 37.482 21.445 0.000 0.000 0.000 0.000 0.000 8.807 46.798 33.792 34.786 37.782 10.779 0.000 0.000 0.000 0.000 0.000 0.000 0.000 0.000 13.705 14.705 0.000 0.000 0.000 0.000 6.693
62.157 61.134 63.246 63.409 47.079 23.677 26.305 25.941 23.580 24.155 0.000 40.214 0.000 6.212 54.210 54.210 61.209 0.000 0.000 19.120 7.120 0.000 0.000 40.051 34.048 28.046 0.000 0.000 0.000 0.000 40.795 41.786 43.774 42.763 40.754 32.749 0.000 0.000 67.662 53.654 38.642 1.623 37.595 48.569 72.532 28.460 24.365 7.299 0.000 0.000 0.000 0.000 8.815 53.809 32.800 34.791 34.783 35.777 39.773 11.771 0.000 0.000 0.000 0.000 0.000 0.000 0.000 0.000 0.000 0.000 0.000 0.000 0.000
61.845 64.044 63.235 63.934 37.552 28.197 47.853 41.526 23.236 0.932 0.000 37.214 52.214 57.213 43.214 64.214 56.214 0.000 0.000 33.120 64.120 16.116 0.000 41.052 35.044 32.036 0.000 0.000 48.878 44.857 40.824 42.803 47.786 47.771 45.758 56.744 48.725 8.704 67.679 59.663 59.648 51.630 32.611 50.592 58.576 0.000 27.257 10.233 0.000 0.000 0.000 0.000 18.831 57.821 29.809 31.794 32.781 33.774 38.770 10.769 0.000 0.000 0.000 0.000 0.000 0.000 0.000 0.000 0.000 0.000 0.000 0.000 0.000
