results3_8e3_rain/res_3e8f-0186.wd
ncols         241
nrows         181
xllcorner     12693529.787448
yllcorner     3542525.717860
cellsize      155.156523
NODATA_value  -9999.000000
[rows 99 to 131 of 181, columns 73 to 145 of 241]
59.822 59.798 59.773 58.746 58.719 63.691 66.663 63.636 59.616 59.606 53.608 9.614 0.000 0.000 0.000 0.000 0.000 14.813 72.780 97.735 95.728 94.884 101.552 101.481 94.581 95.278 95.125 95.016 95.911 95.812 94.723 98.647 57.594 0.000 0.000 0.000 0.000 0.000 0.000 34.595 60.520 72.413 40.280 22.074 51.979 54.894 52.800 56.681 53.494 51.214 20.897 45.656 49.528 64.442 70.379 73.332 71.297 66.273 59.257 54.249 49.245 27.237 0.000 0.000 0.000 0.000 21.636 39.636 51.636 75.636 76.636 76.635 76.635
59.872 59.849 58.825 56.799 60.771 65.740 66.707 66.670 60.642 57.626 62.620 62.619 23.621 0.000 17.445 47.392 24.280 4.080 60.985 100.864 96.114 96.129 101.611 93.894 95.682 95.336 95.248 95.137 95.030 94.928 96.838 95.766 31.720 0.000 0.000 0.000 0.000 0.000 2.897 38.772 44.677 55.588 4.518 0.000 47.098 55.038 53.946 57.821 57.643 28.428 0.000 40.559 54.501 59.437 80.385 81.345 81.315 82.293 83.278 81.270 62.266 0.270 0.284 1.291 0.000 0.000 0.000 38.635 51.635 75.635 76.635 76.635 76.635
59.923 58.902 58.879 61.853 64.824 65.792 40.755 4.694 33.657 69.637 42.628 16.623 8.622 0.000 28.497 78.452 75.366 67.251 86.132 97.282 94.270 101.694 95.175 95.980 95.547 95.482 95.365 95.255 95.143 96.032 93.936 81.859 28.801 1.775 0.000 0.000 0.000 3.123 42.023 48.920 46.826 47.744 20.685 0.000 53.276 71.213 64.126 59.012 33.827 0.000 0.519 23.519 13.480 53.420 78.380 82.349 80.325 80.306 80.293 82.286 55.283 49.289 49.291 55.292 0.000 0.000 0.000 15.635 50.635 75.635 76.635 76.634 76.634
58.977 57.958 62.936 65.909 65.880 65.850 30.828 0.000 0.646 12.635 3.631 0.000 0.000 0.000 21.594 84.554 90.484 98.397 98.356 95.481 102.032 101.824 95.142 95.852 95.703 95.594 95.485 95.374 95.254 101.122 51.013 18.932 2.850 0.448 6.711 9.652 0.000 33.223 51.150 47.058 46.965 45.876 51.793 17.704 46.518 72.413 71.333 69.275 0.000 0.000 43.518 0.000 0.000 51.382 80.365 84.346 81.328 80.314 78.303 67.296 48.293 44.293 45.293 29.292 0.000 0.000 0.000 0.000 46.634 75.634 76.634 76.634 72.634
58.035 64.018 65.996 65.969 63.936 69.899 39.878 0.000 0.000 0.000 0.000 0.000 0.000 0.000 32.732 90.684 93.624 97.501 96.737 96.750 102.220 94.528 96.233 95.908 95.822 95.713 95.607 99.500 105.379 60.188 29.063 4.008 0.000 0.000 0.000 6.592 34.533 57.397 51.296 44.199 49.101 53.003 49.906 47.802 61.680 65.586 55.518 63.480 0.000 0.000 11.518 0.000 0.000 57.361 81.353 86.341 85.329 81.318 76.309 45.303 43.299 44.298 51.297 0.000 0.000 0.000 0.000 40.634 44.634 73.634 76.634 76.634 70.633
65.097 66.083 66.062 65.034 42.997 8.934 27.906 29.906 0.000 0.000 0.000 0.000 0.000 24.034 76.915 90.838 93.742 95.900 96.910 102.549 102.391 95.503 96.204 96.043 95.937 95.831 99.730 61.641 21.574 0.000 39.043 25.028 0.000 0.000 0.000 0.000 42.611 76.534 67.439 62.339 57.235 58.130 56.024 56.918 69.815 63.731 47.674 49.647 0.000 0.000 0.000 0.000 0.000 57.349 85.345 50.337 48.328 80.319 83.312 53.307 44.304 49.301 19.299 0.000 0.000 0.000 0.000 13.634 40.634 58.633 74.633 77.633 70.633
66.165 66.155 62.135 66.107 48.085 0.000 18.906 48.906 0.000 0.000 0.000 0.000 14.248 76.152 90.059 95.981 95.952 96.093 102.832 102.695 94.831 96.606 96.255 96.165 96.051 95.942 99.841 71.758 3.703 0.000 9.038 12.033 0.000 0.000 0.000 0.000 29.765 61.688 66.589 76.482 72.371 60.258 63.143 72.031 66.930 54.851 46.800 47.786 21.832 22.843 0.000 0.000 0.000 55.341 89.339 3.335 0.000 29.317 76.314 66.311 47.308 26.304 0.000 0.000 0.000 0.000 0.000 0.000 13.633 37.633 63.633 73.633 66.633
64.241 61.237 60.217 76.175 55.149 0.000 17.906 45.906 0.000 0.000 0.000 8.415 72.343 85.267 95.196 98.076 97.321 95.351 102.959 94.140 95.914 92.473 94.400 96.277 96.162 97.047 90.935 80.849 28.776 0.000 0.000 0.000 0.000 0.000 0.000 17.177 51.997 56.866 56.746 58.629 67.510 70.387 73.260 67.133 54.024 47.942 46.889 45.866 49.866 34.854 0.000 0.000 0.000 44.335 81.334 47.330 36.325 28.320 71.316 77.313 57.311 0.000 0.000 8.314 0.000 0.000 0.000 0.000 0.000 32.633 56.633 61.633 48.633
58.326 67.336 63.319 4.228 5.188 0.000 8.906 8.906 0.000 0.000 0.000 9.486 88.443 90.385 98.297 97.463 96.484 103.184 103.076 96.098 95.786 95.627 95.509 94.392 95.272 97.147 54.003 4.926 0.000 0.000 0.000 0.000 0.000 20.721 37.586 52.358 63.178 60.031 58.901 55.778 56.654 59.521 71.374 72.219 64.090 53.004 45.950 45.921 47.912 0.000 0.000 0.000 0.000 29.332 71.330 49.328 45.324 45.320 77.317 80.315 63.314 26.314 16.314 59.314 0.000 0.000 0.000 0.000 0.000 35.633 59.632 54.632 40.632
59.420 69.462 56.495 0.000 0.000 0.000 5.906 17.906 1.906 0.000 0.738 75.602 85.558 97.502 97.497 96.640 103.377 103.284 95.410 97.185 96.837 96.744 96.625 96.507 98.388 48.268 0.000 0.000 0.000 0.000 0.000 10.193 36.067 52.857 65.678 61.492 60.325 60.180 60.050 60.928 58.805 57.668 31.499 50.277 75.115 57.033 44.985 47.958 45.948 33.955 0.000 0.000 0.000 30.330 63.328 41.326 0.000 0.000 33.316 70.315 59.315 68.315 75.315 34.314 0.000 0.000 0.000 0.000 0.000 10.632 50.632 48.632 41.632
57.512 61.596 60.705 36.867 0.000 0.000 0.000 3.906 6.906 0.000 28.830 88.745 95.686 97.608 97.768 95.891 103.462 95.697 97.479 97.045 96.976 96.856 97.741 98.624 60.506 0.000 0.000 0.000 0.000 0.000 12.484 55.320 66.150 61.960 60.779 60.607 60.451 60.314 60.191 60.079 59.970 68.849 7.674 0.000 43.059 52.027 43.998 52.979 52.968 34.961 0.000 0.000 0.000 0.000 47.324 84.323 52.322 0.000 26.316 71.316 65.315 56.315 56.315 0.000 0.000 0.000 0.000 0.000 0.000 0.000 29.632 40.632 41.632
69.584 7.705 63.861 62.030 51.229 10.350 0.585 0.000 0.000 19.999 78.931 92.864 98.806 97.791 96.945 103.608 103.539 96.646 97.344 97.193 97.083 97.973 99.858 60.741 0.000 0.000 0.000 0.000 11.002 41.876 52.649 64.451 61.253 61.056 57.871 57.704 57.559 58.432 60.323 60.227 63.145 40.086 0.000 0.000 23.034 48.019 47.003 64.990 60.983 0.000 0.000 0.000 0.000 0.000 31.322 76.321 88.320 45.318 71.317 85.316 77.316 53.315 46.315 18.315 0.000 0.000 0.000 0.000 0.000 0.000 35.632 41.632 45.632
51.625 4.778 66.004 56.162 63.309 55.456 16.710 3.977 13.072 80.067 89.028 98.987 97.874 98.142 96.170 103.667 95.933 97.726 97.387 97.304 98.196 99.095 52.977 0.000 0.000 0.000 0.000 3.268 54.128 64.976 62.786 61.581 63.358 63.138 68.944 73.780 68.647 61.535 55.440 59.360 65.299 23.263 0.000 0.000 19.024 51.013 52.004 73.996 61.992 0.000 0.000 0.000 0.000 0.000 19.320 71.320 80.319 85.318 81.317 81.316 85.316 69.315 48.315 49.315 18.315 11.315 0.000 0.000 0.000 37.632 42.632 40.632 45.632
0.000 0.000 34.215 85.305 48.388 0.000 0.000 18.150 78.173 83.167 97.146 98.055 98.335 96.266 103.751 96.191 98.000 97.577 97.520 98.409 95.304 50.235 0.000 0.000 0.000 0.000 9.548 56.408 64.266 62.114 61.938 65.729 40.458 19.195 21.988 38.826 64.714 66.621 67.541 59.476 60.428 21.403 0.000 0.000 0.000 32.007 50.003 56.999 55.996 4.997 0.000 0.000 0.000 0.000 19.319 62.319 75.318 80.318 81.317 82.316 78.316 74.315 59.315 47.315 51.315 57.315 0.000 0.000 0.000 3.631 40.631 41.631 43.631
0.000 0.000 11.335 86.456 73.550 0.000 0.000 25.299 86.301 94.292 98.244 99.440 99.478 104.065 103.874 97.141 97.856 97.718 97.621 92.518 82.376 33.305 0.000 0.000 8.935 44.850 53.688 65.549 62.415 62.276 66.123 43.939 1.741 0.000 0.000 24.820 62.763 59.693 63.627 69.573 69.536 47.518 0.000 0.000 0.000 14.004 52.002 46.000 52.998 3.998 0.000 0.000 0.000 0.000 24.318 49.318 66.318 80.317 75.317 68.316 70.316 31.315 56.315 65.315 58.315 54.314 0.000 0.000 0.000 0.000 0.631 35.631 40.631
0.000 0.000 0.000 14.632 63.808 3.314 13.451 79.447 91.440 98.426 98.446 98.624 104.413 104.244 96.427 98.225 97.893 97.822 90.733 56.666 0.000 0.000 0.000 17.102 63.020 56.926 64.806 62.686 62.568 63.453 41.340 2.165 0.000 0.000 0.000 23.872 65.823 59.762 59.703 61.654 65.623 67.615 19.645 0.000 0.000 0.000 33.000 52.000 26.999 0.000 0.000 0.000 0.000 0.000 17.318 45.318 56.317 63.317 55.317 52.316 17.316 0.000 5.315 49.315 53.314 62.314 0.000 0.000 0.000 0.000 0.000 29.631 40.631
0.000 0.000 0.000 0.000 1.281 13.539 82.592 87.598 98.594 98.530 99.817 99.891 104.573 96.724 98.504 98.074 98.014 87.913 76.827 40.746 0.000 0.000 0.000 57.185 79.118 64.028 55.925 63.820 61.718 64.628 34.562 0.000 0.000 0.000 20.066 54.973 61.897 60.828 60.767 57.719 53.687 55.673 17.676 0.000 0.000 0.000 14.000 59.000 6.999 0.000 0.000 0.000 0.000 0.000 17.317 47.317 46.317 45.317 43.316 49.316 0.000 0.000 0.000 24.314 47.314 65.314 9.314 0.000 0.000 0.000 0.000 0.631 33.631
0.000 0.000 0.000 0.000 0.000 85.782 84.778 98.767 98.725 99.932 100.007 104.865 104.723 97.677 99.363 97.207 83.093 72.000 45.913 0.000 0.000 0.000 51.451 69.333 69.238 76.143 64.046 53.949 59.858 69.777 72.719 35.717 0.000 0.000 19.159 67.058 60.964 60.885 59.819 55.768 49.733 50.715 16.709 0.000 0.000 0.000 0.000 31.999 39.999 0.000 0.000 0.000 0.000 0.000 25.317 49.317 43.317 44.316 44.316 46.316 29.316 0.000 0.000 0.000 34.314 55.314 33.314 7.314 0.000 0.000 0.000 0.000 28.631
0.000 0.000 0.000 0.000 25.153 86.030 97.974 98.938 99.950 102.140 105.130 104.999 96.982 98.747 95.400 84.302 73.157 45.078 0.000 0.000 0.000 53.683 74.570 60.459 52.358 66.261 78.166 66.074 68.986 69.903 56.821 62.716 41.471 3.947 27.352 59.137 55.015 61.928 56.855 48.799 47.764 51.744 13.736 0.000 0.000 0.000 0.000 18.999 58.999 3.999 0.000 0.000 0.000 0.000 0.000 31.316 46.316 44.316 44.316 44.316 52.316 0.000 0.000 0.000 0.000 36.314 47.314 53.314 0.000 0.000 0.000 0.000 0.000
0.000 0.000 0.000 0.000 68.276 94.209 100.156 99.063 99.334 97.416 105.255 97.263 99.029 93.598 82.531 57.412 0.000 0.000 0.000 0.000 53.910 74.796 61.684 50.576 50.474 52.377 63.284 78.195 69.110 54.028 61.945 63.853 37.751 0.000 24.237 84.121 71.033 59.958 53.875 49.811 46.779 47.762 41.755 5.759 0.000 0.000 0.000 0.000 37.999 9.999 0.000 0.000 0.000 0.000 0.000 11.316 48.316 44.316 44.316 44.316 46.316 30.316 0.000 0.000 0.000 17.313 44.313 47.313 0.000 0.000 0.000 0.000 0.000
0.000 0.000 0.000 71.591 68.466 74.384 89.295 100.470 97.535 105.489 105.374 98.195 93.883 82.736 61.631 0.000 0.000 35.518 0.000 6.145 79.025 61.908 50.795 51.688 50.585 53.489 67.398 76.312 77.231 61.154 57.078 68.001 41.929 0.000 0.000 15.079 28.036 9.997 0.000 19.790 50.778 57.769 58.763 44.763 0.000 0.000 0.000 0.000 0.000 0.000 0.000 0.000 0.000 0.000 0.000 12.316 48.316 47.316 50.316 45.316 42.316 51.316 0.000 0.000 0.000 24.313 58.313 63.313 0.000 0.000 0.000 0.000 0.000
0.000 0.000 10.818 72.715 69.616 70.535 80.511 96.677 105.706 105.598 97.474 94.240 81.911 55.836 0.000 0.000 52.566 51.518 33.420 17.265 67.135 51.015 51.901 50.793 51.691 66.595 72.506 36.423 27.348 79.278 65.213 43.143 4.036 0.000 0.000 0.000 0.000 0.000 0.000 16.782 68.776 62.771 59.767 55.766 10.767 0.000 0.000 0.000 0.000 0.000 0.000 0.000 0.000 0.000 0.000 36.316 45.316 20.316 0.000 20.316 45.315 49.315 0.000 0.000 0.000 26.313 62.313 31.313 0.000 0.000 0.000 0.000 0.000
0.000 86.011 73.922 70.833 68.754 69.632 70.876 74.942 105.810 96.715 92.477 82.067 56.024 0.000 0.000 0.000 56.615 54.567 74.479 58.359 51.236 52.117 51.002 53.893 73.790 70.695 51.607 47.528 52.459 80.399 77.352 41.321 0.000 0.000 0.000 0.000 0.000 0.000 0.000 16.778 75.775 75.771 70.769 61.768 6.768 0.000 0.000 0.000 0.000 0.000 0.000 0.000 0.000 0.000 9.316 48.316 50.316 0.000 0.000 5.315 48.315 49.315 0.000 0.000 0.000 0.000 33.313 0.000 0.000 0.000 0.000 0.000 0.000
2.177 84.101 98.025 89.950 74.852 76.010 68.058 106.007 105.910 75.597 80.275 56.173 0.000 0.000 0.000 0.000 58.710 71.658 69.568 51.455 51.334 51.213 62.096 73.986 62.882 51.787 51.701 51.624 52.559 61.507 79.474 75.470 36.524 0.000 0.000 0.000 0.000 0.000 0.000 0.000 61.773 63.771 75.770 76.769 32.768 0.000 0.000 0.000 0.000 0.000 0.000 0.000 0.000 0.000 40.316 50.316 27.316 0.000 0.000 9.315 49.315 47.315 0.000 0.000 0.000 0.000 0.000 0.000 0.000 0.000 0.000 0.000 0.000
20.247 97.195 100.130 100.061 95.035 85.190 106.194 106.101 67.761 62.534 0.000 0.173 0.000 0.000 0.000 0.000 69.858 74.786 50.681 52.559 52.432 64.306 73.185 55.072 51.966 51.870 51.784 51.709 51.646 51.598 60.567 80.559 73.578 47.609 38.622 42.625 11.626 0.000 0.000 0.000 0.772 41.770 81.770 81.769 42.769 0.000 0.000 0.000 0.000 0.000 0.000 0.000 0.000 0.000 29.316 28.316 0.000 0.000 0.000 0.000 29.315 56.315 0.000 0.000 0.000 0.000 0.000 0.000 0.000 0.000 0.000 0.000 0.000
90.368 100.303 100.244 100.132 104.376 95.436 106.285 67.870 70.553 65.230 0.000 0.000 0.000 0.000 0.000 63.233 75.078 51.948 52.812 52.669 60.528 73.393 51.267 52.149 52.042 51.943 51.856 51.781 51.719 51.671 51.638 55.621 56.621 51.628 52.631 59.628 41.627 0.000 0.000 0.000 0.000 0.000 36.769 72.769 35.769 0.000 0.000 0.000 0.000 0.000 0.000 0.000 0.000 0.000 0.000 0.000 0.000 0.000 0.000 0.000 0.000 8.315 0.000 0.000 0.000 0.000 0.000 0.000 0.000 0.000 0.000 0.000 0.000
96.474 96.415 100.329 101.493 98.541 106.460 106.373 72.543 56.996 2.127 5.127 2.127 0.000 0.000 0.000 80.388 57.272 53.117 52.947 54.778 75.618 55.471 52.339 52.218 52.107 52.006 51.916 51.839 51.777 51.728 51.692 50.668 49.655 52.649 34.648 0.000 0.000 0.000 0.000 0.000 0.000 0.000 0.000 65.769 53.769 20.769 0.000 0.000 0.000 0.000 0.000 0.000 0.000 0.000 0.000 0.000 0.000 0.000 0.000 0.000 0.000 0.000 0.000 0.000 0.000 0.000 0.000 0.000 0.000 0.000 0.000 0.000 0.000
75.588 75.524 79.504 75.662 106.631 106.546 84.045 65.256 56.190 0.000 0.126 2.127 0.000 0.000 0.000 55.660 51.504 51.301 50.083 62.877 55.695 49.536 50.399 50.276 50.163 50.057 50.962 51.884 51.822 51.773 50.735 48.705 50.681 50.668 47.662 37.664 40.664 42.664 41.664 43.664 14.664 0.000 0.000 3.769 62.769 34.769 0.000 0.000 0.000 0.000 0.000 0.000 0.000 0.000 0.000 0.000 0.000 0.000 0.000 0.000 0.000 0.000 0.000 0.000 0.000 0.000 0.000 0.000 0.000 0.000 0.000 0.000 0.000
90.703 112.593 77.841 107.900 106.713 66.591 57.189 0.000 71.596 29.943 0.000 0.000 0.000 0.000 99.465 78.086 48.785 56.500 67.207 65.951 61.749 59.580 59.444 59.326 58.213 52.096 47.992 51.913 51.853 51.807 50.769 50.735 54.698 54.678 55.669 65.666 65.665 61.664 54.664 53.664 32.664 0.000 0.000 0.000 21.769 27.769 0.000 0.000 0.000 0.000 0.000 0.000 0.000 0.000 0.000 0.000 0.000 0.000 0.000 0.000 0.000 0.000 0.000 0.000 0.000 0.000 0.000 0.000 0.000 0.000 0.000 0.000 0.000
138.784 117.382 115.429 106.867 106.792 94.679 0.000 38.633 66.633 140.292 115.767 2.035 46.998 36.421 97.844 57.435 55.048 126.707 117.295 112.970 112.770 111.590 110.471 109.370 108.268 79.120 45.997 51.923 51.871 51.832 51.800 43.768 0.000 0.000 0.000 0.000 0.000 0.000 18.664 70.664 49.663 20.663 0.000 0.000 0.000 0.000 0.000 0.000 0.000 0.000 0.000 0.000 0.000 0.000 0.000 0.000 0.000 0.000 0.000 0.000 0.000 0.000 0.000 0.000 0.000 0.000 0.000 0.000 0.000 0.000 0.000 0.000 0.000
96.952 116.540 107.006 106.938 91.198 0.000 0.000 0.000 10.013 61.825 49.564 0.000 28.253 0.000 57.056 53.763 63.266 118.987 0.000 4.865 0.000 55.540 64.480 125.416 38.368 0.000 55.954 51.911 51.876 52.849 34.832 0.000 0.000 0.000 0.000 0.000 0.000 0.000 0.000 23.663 70.663 26.663 0.000 0.000 0.000 0.000 0.000 0.000 0.000 0.000 0.000 0.000 0.000 0.000 0.000 0.000 0.000 0.000 0.000 0.000 0.000 0.000 0.000 0.000 0.000 0.000 0.000 0.000 0.000 0.000 0.000 0.000 0.000
117.709 115.764 107.070 115.689 117.536 37.824 0.000 17.580 44.580 54.432 31.100 8.304 49.508 95.068 93.560 86.293 0.000 37.987 0.000 16.760 38.655 66.550 111.492 74.448 39.419 0.000 0.000 57.891 51.872 52.857 33.848 0.000 0.000 0.000 0.000 0.000 0.000 0.000 0.000 0.000 17.663 56.663 21.663 0.000 0.000 0.000 0.000 0.000 0.000 0.000 0.000 0.000 0.000 0.000 0.000 0.000 0.000 0.000 0.000 0.000 0.000 0.000 0.000 0.000 0.000 0.000 0.000 0.000 0.000 0.000 0.000 0.000 0.000
115.842 107.185 107.130 96.194 38.959 0.000 0.000 0.000 6.297 33.221 0.000 0.000 42.406 86.136 139.822 75.558 0.000 0.000 0.000 0.000 0.000 80.514 115.489 45.464 42.441 0.000 0.000 0.000 56.863 50.858 48.854 46.855 34.855 0.000 0.000 0.000 0.000 0.000 0.000 0.000 12.663 70.663 28.663 0.000 0.000 0.000 0.000 0.000 0.000 0.000 0.000 0.000 0.000 0.000 0.000 0.000 0.000 0.000 0.000 0.000 0.000 0.000 0.000 0.000 0.000 0.000 0.000 0.000 0.000 0.000 0.000 0.000 0.000
