results3_8e3_rain/res_3e8f-0087.wd
ncols         241
nrows         181
xllcorner     12693529.787448
yllcorner     3542525.717860
cellsize      155.156523
NODATA_value  -9999.000000
[rows 66 to 98 of 181, columns 146 to 218 of 241]
21.831 36.757 58.686 59.618 59.553 59.491 59.429 59.367 59.309 62.264 0.000 0.000 0.000 0.000 0.000 0.000 0.000 0.000 27.228 2.229 0.000 9.225 39.222 39.222 39.223 46.224 52.222 52.218 52.212 52.202 52.191 52.178 52.164 52.150 52.136 54.124 39.115 40.109 32.106 0.000 0.000 0.000 0.000 0.000 6.516 13.496 22.459 16.411 0.000 0.000 6.640 27.582 35.513 29.442 24.374 24.307 14.243 11.181 11.122 14.064 35.010 46.958 41.908 30.861 37.817 44.776 48.737 48.701 47.667 47.635 47.605 47.578 47.552
24.897 43.823 61.753 59.687 59.626 59.568 59.508 59.443 64.380 53.321 23.319 20.319 0.000 0.000 0.000 0.000 0.000 0.000 0.220 0.000 0.000 0.000 9.212 40.211 49.211 52.210 52.208 52.204 52.198 56.191 54.181 52.171 52.160 52.149 51.139 43.129 37.120 43.114 33.112 0.000 0.000 0.000 0.000 0.000 12.502 17.491 13.475 0.000 0.000 0.000 8.520 11.491 25.446 34.392 23.334 22.275 20.216 11.158 11.101 10.046 15.993 39.943 46.894 31.848 33.805 35.764 37.726 41.690 45.656 47.625 48.595 47.568 47.542
29.962 50.887 60.815 59.752 59.697 59.646 57.592 56.517 11.449 0.000 27.318 33.318 0.000 0.000 0.000 0.000 0.000 0.000 0.000 0.000 0.000 0.000 22.202 42.201 52.200 52.198 52.196 52.192 52.187 54.181 53.173 52.165 52.157 53.149 43.140 41.132 44.123 39.117 31.114 0.000 0.000 0.000 0.000 16.500 19.500 0.000 0.000 0.000 0.000 16.400 18.429 28.418 31.387 42.345 40.296 28.243 17.189 9.134 11.080 11.027 5.975 19.925 36.878 40.833 45.790 42.750 35.712 40.677 43.644 43.613 41.584 43.557 46.532
35.025 57.947 61.870 62.808 59.764 60.727 55.698 1.687 0.000 26.318 27.318 32.318 40.318 0.000 0.000 0.000 0.000 0.000 0.000 0.000 0.000 5.191 28.193 41.191 53.189 52.187 52.185 52.181 52.177 53.172 52.166 52.160 52.154 49.148 43.143 8.137 0.000 0.000 0.000 0.000 0.000 0.000 0.000 12.499 19.499 0.000 0.000 0.000 33.360 19.371 14.377 42.366 47.341 48.305 52.262 46.214 34.163 14.110 11.058 11.006 8.955 9.907 15.860 16.816 23.774 31.734 38.697 42.662 43.629 44.599 40.571 43.544 44.519
17.090 22.008 31.908 7.847 64.824 61.800 46.785 23.789 0.000 0.000 0.000 0.000 0.000 0.000 0.000 0.000 0.000 0.000 0.000 0.000 0.000 6.189 31.188 34.182 50.179 52.177 52.175 52.172 56.169 55.165 52.160 52.155 53.151 44.147 47.145 0.000 0.000 0.000 0.000 0.000 0.000 0.000 0.000 0.000 6.499 15.498 0.000 0.000 64.350 27.348 9.342 40.329 48.305 48.273 48.233 51.188 50.138 30.087 13.035 10.984 8.934 11.886 12.840 20.796 25.755 14.716 14.679 19.645 24.614 30.584 35.556 39.530 43.506
63.164 42.086 0.000 0.000 68.886 60.865 47.855 29.850 0.000 0.000 0.000 0.000 0.000 0.000 0.000 0.000 0.000 0.000 0.000 0.000 0.000 0.000 0.000 36.170 52.169 52.168 52.166 52.164 54.161 53.158 52.154 52.151 53.148 41.145 51.144 0.000 0.000 0.000 0.000 0.000 0.000 0.000 0.000 0.000 0.000 0.000 0.000 0.000 1.339 17.328 10.317 40.301 48.279 48.249 49.211 49.166 49.116 42.064 18.012 13.961 11.912 8.864 29.818 41.775 47.734 31.696 24.660 20.627 18.596 15.567 15.540 15.515 43.491
39.255 0.000 0.000 66.106 65.970 63.918 54.919 39.907 0.000 0.000 0.000 0.000 0.000 0.000 0.000 0.000 0.000 0.000 0.000 0.000 0.000 0.000 18.153 41.158 53.159 52.159 52.158 53.156 52.154 52.151 52.148 52.146 53.144 46.142 11.143 0.000 0.000 0.000 0.000 0.000 0.000 0.000 0.000 0.000 0.000 0.000 0.000 0.000 0.000 14.311 13.296 31.281 46.261 49.233 43.195 39.150 45.098 36.041 18.987 17.937 26.888 21.840 44.794 48.751 47.711 45.674 45.639 42.607 40.577 37.549 33.522 25.498 45.475
66.327 56.336 62.307 18.242 0.000 0.000 60.997 34.952 0.000 0.000 0.000 0.000 0.000 0.000 0.000 0.000 0.000 0.000 0.000 0.000 0.000 0.000 34.149 46.150 53.151 52.151 52.150 54.149 54.147 52.145 52.143 52.141 51.139 47.138 0.000 0.000 0.000 0.000 0.000 0.000 0.000 0.000 0.000 0.000 0.000 0.000 0.000 0.000 0.000 0.000 2.275 28.266 46.251 47.228 28.188 31.140 33.084 30.014 14.961 11.912 34.863 43.814 47.768 49.725 49.686 50.649 48.616 48.585 49.556 48.529 49.504 49.480 48.458
68.391 60.374 65.344 16.312 0.000 0.000 52.118 0.162 0.000 0.000 30.280 0.000 0.000 0.000 0.000 0.000 0.000 0.000 0.000 0.000 0.000 0.000 37.143 49.144 53.144 52.144 52.144 53.142 53.141 52.139 52.138 53.136 49.134 44.133 0.000 0.000 0.000 0.000 0.000 0.000 0.000 0.000 0.000 0.000 0.000 0.000 0.000 0.000 0.000 0.000 7.262 23.258 45.249 47.241 0.000 0.000 0.000 19.972 13.930 8.887 22.840 41.787 47.738 49.696 49.657 49.622 47.590 47.561 48.533 47.507 47.484 48.461 48.440
60.472 60.424 60.384 58.351 45.329 31.293 24.240 23.264 19.274 22.279 25.280 25.280 0.000 0.000 0.000 0.000 0.000 0.000 0.000 0.076 0.000 0.000 36.137 50.138 52.138 52.138 52.138 52.137 52.136 52.134 52.132 52.131 34.129 29.126 27.121 22.119 0.000 0.000 0.000 0.000 0.000 0.000 0.000 0.000 0.000 0.000 0.000 0.000 0.000 24.254 15.256 19.253 39.249 40.245 13.245 0.000 0.000 0.000 10.899 15.869 14.821 33.755 46.704 47.663 47.626 47.593 47.563 47.535 47.509 47.485 47.462 47.441 47.421
60.517 60.466 60.418 59.378 56.344 58.311 32.283 11.280 49.281 22.282 26.281 2.280 0.000 0.000 0.000 0.000 0.000 0.000 0.000 44.117 0.000 0.000 35.131 49.132 53.132 52.132 54.132 55.132 53.131 52.129 52.128 50.126 43.124 34.122 35.119 34.118 0.000 0.000 0.000 0.000 0.000 0.000 0.000 0.000 0.000 0.000 0.000 0.000 0.000 27.253 19.253 26.250 41.248 36.246 42.245 0.000 0.000 0.000 0.000 0.000 0.000 23.708 46.661 47.625 47.592 47.562 47.534 47.508 47.484 47.461 47.440 47.420 47.401
60.555 60.503 61.446 63.398 60.358 60.325 59.302 60.292 51.288 29.286 1.284 0.000 0.000 0.000 0.000 0.000 0.000 0.000 0.000 37.118 24.119 14.121 30.125 52.126 52.127 52.128 52.127 52.127 52.126 52.125 52.124 52.122 50.120 29.118 33.116 40.115 0.000 0.000 0.000 0.000 0.000 0.000 0.000 0.000 0.000 0.000 0.000 0.000 0.000 39.253 0.000 6.248 29.247 36.246 0.000 0.000 0.000 0.000 0.000 0.000 0.000 0.000 35.607 48.584 47.555 47.528 47.502 47.479 47.457 47.436 47.417 47.399 47.381
63.594 59.544 56.467 58.410 61.365 61.328 63.309 60.299 58.293 45.291 0.000 0.000 0.000 0.000 0.000 0.000 0.000 0.000 0.000 0.000 28.118 20.119 36.121 54.122 52.123 52.123 52.123 52.123 52.122 52.121 52.120 52.118 53.116 42.115 29.113 33.111 39.108 0.000 0.000 0.000 0.000 0.000 0.000 0.000 0.000 0.000 0.000 0.000 0.000 0.000 0.000 0.000 14.245 33.245 0.000 0.000 0.000 0.000 0.000 0.000 0.000 0.000 23.578 44.548 47.519 47.493 47.470 47.449 47.429 47.411 47.393 47.376 47.360
56.638 17.614 0.000 0.000 0.000 53.314 58.307 64.300 60.296 49.294 0.000 0.000 33.292 3.292 0.000 0.000 0.000 0.000 0.000 0.000 20.116 24.116 45.118 53.119 54.120 55.120 52.120 52.120 52.119 52.118 52.117 52.115 52.113 53.111 32.109 14.107 23.105 0.000 0.000 0.000 0.000 0.000 0.000 0.000 0.000 0.000 0.000 0.000 0.000 0.000 0.000 0.000 3.244 36.244 0.000 0.000 0.000 0.000 0.000 0.000 0.000 0.000 0.000 24.513 44.479 47.455 47.436 47.418 47.401 47.385 47.369 47.354 47.339
51.674 8.661 0.000 0.000 28.307 26.307 43.304 62.300 59.297 44.295 25.294 29.293 33.292 0.000 0.000 0.000 0.000 0.000 0.000 0.000 21.113 32.114 52.115 52.116 55.117 55.117 52.117 52.117 52.116 52.115 52.114 52.112 52.111 53.109 49.106 44.104 33.101 13.098 7.096 0.000 0.000 0.000 0.000 0.000 0.000 0.000 0.000 0.000 0.000 0.000 0.000 0.000 5.243 0.000 0.000 0.000 0.000 0.000 0.000 0.000 0.000 0.000 0.000 0.000 29.428 45.415 47.400 47.386 47.372 47.359 47.346 47.332 47.318
57.702 38.694 10.700 0.000 0.000 28.304 28.301 50.298 62.296 40.295 27.294 32.293 10.293 0.000 0.000 0.000 0.000 0.000 20.107 13.108 18.110 35.111 54.113 54.114 55.114 52.115 52.115 52.114 52.114 52.113 52.112 52.110 52.108 52.106 52.104 54.101 43.099 31.096 20.094 21.091 14.090 5.089 10.088 0.000 0.000 0.000 0.000 0.000 0.000 0.000 0.000 0.000 8.243 0.000 0.000 0.000 0.000 0.000 0.000 0.000 0.000 0.000 0.000 0.000 14.389 42.377 46.365 47.354 47.343 47.333 47.323 47.311 47.298
60.721 51.713 4.706 0.000 0.000 0.000 27.299 32.297 59.295 47.294 28.293 31.293 6.293 0.000 0.000 0.000 0.000 0.000 23.106 16.107 19.108 37.109 56.111 55.112 53.112 53.113 52.113 52.113 52.112 52.111 52.110 53.108 53.107 53.104 47.102 38.099 42.097 49.094 42.092 40.090 28.089 15.088 22.088 0.000 0.000 0.000 0.000 0.000 0.000 0.000 0.000 0.000 0.000 0.000 0.000 0.000 0.000 0.000 0.000 0.000 0.000 0.000 0.000 0.000 6.364 37.339 47.328 49.321 49.315 49.308 48.301 47.291 47.280
60.736 35.730 0.000 0.000 0.000 0.000 0.000 34.295 47.294 41.294 40.293 37.293 27.292 5.292 0.000 0.000 0.000 0.000 22.105 15.106 20.107 35.108 47.109 44.110 39.111 41.112 46.112 51.112 53.111 53.110 51.108 41.107 39.106 44.103 33.100 30.097 30.095 41.093 45.091 40.090 26.088 15.088 0.000 0.000 0.000 0.000 0.000 0.000 0.000 0.000 0.000 0.000 0.000 0.000 0.000 0.000 0.000 0.000 0.000 0.000 0.000 0.000 0.000 0.000 0.000 19.288 25.289 27.289 27.287 28.285 37.281 46.274 47.264
59.746 25.741 0.000 0.000 0.000 0.000 0.000 29.294 23.294 22.293 30.293 30.293 30.292 26.292 0.000 0.000 0.000 0.000 27.104 22.105 27.105 37.106 40.107 43.109 1.110 0.000 0.000 0.000 53.110 50.109 39.107 0.000 0.000 0.000 32.097 64.095 57.093 36.091 42.090 36.088 25.087 10.086 13.085 0.000 0.000 0.000 0.000 0.000 0.000 0.000 0.000 0.000 0.000 0.000 0.000 0.000 0.000 0.000 0.000 0.000 0.000 19.158 30.165 29.178 47.200 55.236 56.250 54.257 56.261 43.264 26.264 44.262 47.254
57.752 22.748 0.000 0.000 0.000 0.000 0.000 29.294 25.293 4.293 0.000 0.000 0.000 0.000 0.000 0.000 0.000 0.000 33.103 27.103 22.104 18.104 4.106 0.000 0.000 0.000 0.000 0.000 0.000 0.000 26.104 0.000 0.000 0.000 0.000 27.092 60.091 20.090 21.089 20.087 16.086 19.086 66.085 25.084 0.000 0.000 0.000 0.000 0.000 0.000 0.000 0.000 0.000 0.000 0.000 0.000 0.000 0.000 0.000 0.000 0.000 66.152 62.158 44.169 45.186 42.206 43.220 65.230 58.238 44.244 24.250 33.255 32.254
43.755 24.752 18.752 0.000 0.000 0.000 0.000 0.000 27.293 11.293 0.000 0.000 0.000 0.000 0.000 0.000 0.000 0.000 33.102 33.102 34.102 17.102 0.000 0.000 0.000 0.000 0.000 0.000 0.000 0.000 22.102 0.000 0.000 0.000 0.000 26.090 75.090 39.089 42.087 37.086 22.086 40.085 94.084 91.083 22.083 0.000 0.000 0.000 0.000 0.000 0.000 0.000 0.000 0.000 0.000 0.000 0.000 0.000 0.000 0.000 0.000 69.141 36.147 44.156 35.168 16.182 27.194 70.205 36.215 23.227 30.238 0.000 0.000
27.756 27.754 13.753 0.000 0.000 0.000 0.000 0.000 0.000 0.000 0.000 0.000 0.000 0.000 0.000 0.000 0.000 0.000 36.101 27.100 21.100 19.101 0.000 0.000 0.000 0.000 0.000 0.000 0.000 19.099 12.100 37.099 33.099 0.000 0.000 32.089 38.089 30.088 73.087 62.085 33.085 0.000 50.083 105.083 0.000 0.000 0.000 0.000 0.000 0.000 0.000 0.000 0.000 0.000 0.000 0.000 48.101 86.101 77.103 73.106 20.112 64.125 32.132 21.141 68.150 49.160 69.170 50.180 20.191 28.209 0.000 0.000 0.000
30.755 31.753 23.752 0.000 0.000 0.000 0.000 0.000 0.000 0.000 0.000 0.000 0.000 0.000 0.000 0.000 0.000 0.000 0.000 31.098 21.098 0.000 0.000 0.000 0.000 0.000 0.000 0.000 0.000 21.098 18.099 0.000 0.000 0.000 0.000 6.089 0.000 0.000 0.000 28.082 0.000 0.000 6.082 72.082 27.082 0.000 0.000 0.000 0.000 0.000 0.000 0.000 0.000 0.000 0.000 0.000 4.100 0.000 48.101 52.103 3.107 64.113 41.118 14.124 32.131 82.139 96.147 30.156 18.162 0.000 0.000 0.000 0.000
29.754 30.752 30.751 34.750 26.749 0.000 0.000 0.000 0.000 0.000 0.000 0.000 0.000 0.000 0.000 0.000 0.000 0.000 0.000 21.096 17.096 1.095 0.000 0.000 0.000 0.000 0.000 0.000 22.097 19.098 0.000 0.000 0.000 0.000 0.000 0.000 0.000 0.000 0.000 32.079 0.000 0.000 6.082 0.000 0.000 0.000 0.000 0.000 0.000 0.000 0.000 0.000 0.000 0.000 0.000 0.000 0.000 0.000 24.098 43.099 2.100 66.101 46.104 16.107 65.112 68.118 63.125 71.133 35.140 0.000 0.000 0.000 8.028
31.751 9.751 20.751 29.749 29.749 29.748 28.747 0.000 0.000 0.000 0.000 0.000 0.000 0.000 0.000 0.000 0.000 0.000 0.000 23.095 19.094 3.094 0.000 0.000 0.000 0.000 0.000 0.000 0.000 25.097 0.000 0.000 0.000 0.000 0.000 0.000 0.000 0.000 0.000 19.076 23.075 0.022 0.000 0.000 0.000 0.000 0.000 0.000 0.000 0.000 0.000 0.000 0.000 0.000 0.000 0.000 0.000 0.000 27.095 47.094 7.093 67.090 52.088 66.089 66.092 25.096 18.102 63.111 12.125 0.000 0.000 9.008 17.016
36.746 0.000 0.000 26.749 15.749 0.000 28.747 18.747 0.000 0.000 0.000 0.000 0.000 0.000 0.000 0.000 0.000 0.000 0.000 22.094 19.093 7.093 0.000 0.000 0.000 0.000 0.000 0.000 0.000 0.000 0.000 0.000 0.000 0.000 0.000 0.000 0.000 0.000 35.075 52.075 13.075 0.000 0.000 0.000 0.000 0.000 0.000 0.000 0.000 0.000 0.000 0.000 0.000 0.000 0.000 0.000 0.000 0.000 62.093 48.092 9.087 67.078 64.071 56.069 48.070 34.073 35.078 4.083 0.000 0.000 0.000 12.000 19.004
33.741 0.000 0.000 13.749 5.748 0.000 0.000 0.000 0.000 37.683 33.683 24.682 0.000 0.000 0.000 0.000 0.000 0.000 0.000 26.093 22.093 4.093 0.000 0.000 0.000 0.000 0.000 0.000 0.000 0.000 0.000 0.000 0.000 0.000 0.000 0.000 0.000 0.000 0.000 82.074 48.074 0.000 0.000 0.000 0.000 0.000 0.000 0.000 0.000 0.000 0.000 0.000 0.000 0.000 0.000 0.000 0.000 0.000 0.000 0.000 0.000 41.064 82.050 61.046 60.046 58.049 61.054 9.060 0.000 0.000 0.000 10.989 11.991
49.734 0.000 0.000 0.000 0.000 35.698 22.697 0.000 33.685 27.684 27.683 19.682 0.000 0.000 0.000 0.000 0.000 0.000 0.000 26.092 21.093 9.093 0.000 0.000 0.000 0.000 0.000 0.000 0.000 0.000 0.000 0.000 0.000 0.000 0.000 0.000 0.000 0.000 0.000 26.074 18.074 0.000 0.000 0.000 0.000 0.000 0.000 0.000 0.000 0.000 0.000 0.000 0.000 0.000 0.000 0.000 0.000 0.000 0.000 0.000 0.000 0.000 24.020 25.020 23.021 23.023 20.029 16.045 0.000 0.000 0.000 10.975 8.978
60.725 49.718 31.713 32.709 31.704 25.699 26.696 27.691 25.687 30.684 29.683 20.681 17.681 0.000 0.000 0.000 0.000 0.000 0.000 13.092 0.000 0.000 0.000 0.000 0.000 0.000 0.000 0.000 0.000 0.000 0.000 0.000 0.000 0.000 0.000 0.000 0.000 0.000 0.000 0.000 25.074 0.000 0.000 0.000 0.000 0.000 0.000 0.000 0.000 0.000 0.000 0.000 0.000 0.000 0.000 0.000 0.000 0.000 0.000 0.000 0.000 0.000 11.991 10.992 10.994 26.995 21.995 0.000 0.000 0.000 0.000 23.960 35.963
60.720 54.716 24.713 24.709 24.705 7.700 8.696 12.691 22.687 31.684 28.682 20.681 23.680 12.680 0.000 0.000 0.000 0.000 0.000 0.000 0.000 0.000 0.000 0.000 0.000 0.000 0.000 0.000 0.000 0.000 0.000 0.000 0.000 0.000 0.000 0.000 0.000 0.000 0.000 0.000 0.000 0.000 0.000 0.000 0.000 0.000 0.000 0.000 0.000 0.000 0.000 0.000 0.000 0.000 0.000 0.000 0.000 0.000 0.000 0.000 3.935 6.942 10.960 10.966 12.968 31.967 21.962 4.946 0.000 0.000 18.934 39.943 46.949
60.717 58.714 28.712 25.710 5.707 0.000 0.000 0.000 0.000 22.682 25.681 23.680 16.679 0.000 0.000 0.000 0.000 0.000 0.000 0.000 0.000 0.000 0.000 0.000 0.000 0.000 0.000 0.000 0.000 0.000 0.000 0.000 0.000 0.000 0.000 0.000 0.000 0.000 0.000 0.000 0.000 0.000 0.000 0.000 0.000 0.000 0.000 0.000 0.000 0.000 0.000 0.000 0.000 0.000 0.000 0.000 0.000 0.000 0.000 0.000 14.928 11.932 10.940 6.944 19.946 36.944 20.939 9.931 4.921 4.919 28.924 45.930 46.936
60.714 58.713 11.712 15.711 0.000 0.000 0.000 0.000 0.000 0.000 13.680 26.679 18.678 0.000 0.000 0.000 0.000 0.000 0.000 0.000 0.000 0.000 0.000 0.000 0.000 0.000 0.000 0.000 0.000 0.000 0.000 0.000 0.000 0.000 0.000 0.000 0.000 0.000 0.000 0.000 0.000 0.000 0.000 0.000 0.000 0.000 0.000 0.000 0.000 0.000 0.000 0.000 0.000 0.000 0.000 0.000 0.000 0.000 0.000 8.910 6.916 5.920 10.924 24.926 37.926 27.925 11.922 9.917 11.913 8.912 29.915 47.919 46.924
60.710 34.711 0.000 0.000 0.000 0.000 0.000 0.000 0.000 0.000 0.000 16.677 23.676 21.675 0.000 0.000 0.000 0.000 0.000 0.000 0.000 0.000 0.000 0.000 0.000 0.000 0.000 0.000 0.000 0.000 0.000 0.000 0.000 0.000 0.000 0.000 0.000 0.000 0.000 0.000 0.000 0.000 0.000 0.000 0.000 0.000 0.000 0.000 0.000 0.000 0.000 0.000 0.000 0.000 0.000 0.000 13.895 5.896 3.899 15.904 29.907 34.910 36.911 36.910 22.909 10.908 9.905 9.903 8.902 10.902 33.905 48.908 46.912
