results3_8e3_rain/res_3e8f-0156.wd
ncols         241
nrows         181
xllcorner     12693529.787448
yllcorner     3542525.717860
cellsize      155.156523
NODATA_value  -9999.000000
[rows 33 to 65 of 181, columns 73 to 145 of 241]
0.000 0.000 0.000 0.000 0.000 0.000 0.000 0.000 0.000 0.000 0.000 0.000 0.000 0.000 0.000 0.000 0.000 0.000 0.000 0.000 0.000 0.000 0.000 0.000 0.000 0.000 0.000 0.000 0.000 0.000 0.000 0.000 0.000 0.000 0.000 0.000 0.000 0.000 0.000 39.148 62.149 67.151 23.153 0.000 0.000 32.231 46.259 13.239 4.240 36.261 39.277 33.276 34.257 35.222 35.170 35.100 35.009 33.896 39.746 59.513 6.038 14.172 11.464 46.636 63.099 67.627 66.187 66.790 65.327 67.416 62.473 62.079 62.070
0.000 0.000 0.000 0.000 0.000 0.000 0.000 0.000 0.000 0.000 0.000 0.000 0.000 0.000 0.000 0.000 0.000 0.000 0.000 0.000 0.000 0.000 0.000 0.000 0.000 0.000 0.000 0.000 0.000 0.000 0.000 0.000 0.000 0.000 0.000 0.000 0.000 0.000 0.000 0.000 14.150 9.150 0.000 0.000 0.000 0.000 28.351 0.000 0.000 26.302 50.343 49.348 39.331 35.296 35.241 35.164 35.067 33.951 55.820 53.666 0.000 37.013 49.585 63.018 67.503 67.027 66.598 66.107 67.169 63.189 62.483 62.737 65.040
0.000 0.000 0.000 0.000 0.000 0.000 0.000 0.000 0.000 0.000 0.000 0.000 0.000 0.000 0.000 0.000 0.000 0.000 34.692 66.692 19.692 0.000 0.000 0.000 0.000 0.000 0.000 0.000 0.000 0.000 0.000 0.000 0.000 0.000 0.000 0.000 0.000 0.000 0.000 0.000 0.000 0.000 0.000 0.000 0.000 0.000 20.442 0.000 0.000 0.000 28.446 46.441 46.424 37.390 35.332 35.249 33.143 49.022 57.916 0.000 22.670 47.283 61.843 68.351 67.862 67.410 66.891 68.925 64.913 63.015 63.413 65.739 64.986
0.000 0.000 0.000 0.000 0.000 0.000 0.000 0.000 0.000 0.000 0.000 21.693 59.693 0.000 0.000 0.000 0.000 0.000 41.692 92.692 48.692 0.000 0.000 0.000 0.000 0.000 0.000 0.000 0.000 0.000 0.000 0.000 0.000 0.000 0.000 0.000 0.000 0.000 0.000 0.000 0.000 0.000 0.000 0.000 0.000 0.000 23.533 24.574 31.593 17.591 27.555 35.546 48.535 39.506 35.449 32.357 43.233 53.080 41.905 17.578 47.057 64.607 69.152 68.677 68.216 67.678 67.685 66.648 63.659 64.105 66.444 65.697 65.464
0.000 0.000 0.000 0.000 0.000 0.000 0.000 0.000 0.000 0.000 0.000 42.693 77.693 66.693 53.693 8.693 2.693 26.693 80.692 88.692 53.691 0.000 0.000 0.000 0.000 22.614 1.614 0.000 0.000 0.000 0.000 0.000 0.000 0.000 0.000 0.000 0.000 6.618 0.000 0.000 0.000 10.618 28.617 0.000 0.000 39.596 54.583 57.597 55.613 41.626 35.635 34.653 48.664 39.651 31.599 45.498 59.352 47.159 35.046 49.773 54.372 66.936 69.477 69.018 68.468 68.450 66.395 64.413 64.816 67.162 66.421 66.192 65.861
0.000 0.000 0.000 0.000 0.000 0.000 0.000 0.000 0.000 0.000 0.000 13.693 75.693 58.694 39.694 1.693 22.693 72.693 83.692 90.692 49.691 0.000 0.000 0.000 0.000 60.614 44.614 0.000 0.000 0.000 0.000 0.000 0.000 0.000 0.000 0.000 23.618 35.618 37.618 0.000 0.000 19.618 44.617 23.616 37.614 60.609 63.607 64.618 61.636 48.664 35.708 32.768 49.816 40.835 44.800 62.683 56.518 0.000 33.348 52.095 64.721 70.286 69.831 69.273 69.230 67.163 65.294 65.550 67.897 67.165 66.941 66.609 66.278
0.000 0.000 0.000 0.000 0.000 0.000 0.000 0.000 0.000 0.000 0.000 0.000 0.000 26.694 64.694 60.694 48.694 61.693 81.692 92.691 45.690 0.000 0.000 0.000 0.000 22.614 46.614 48.614 0.000 0.000 0.000 0.000 0.000 0.000 0.000 0.000 39.618 40.618 52.618 35.618 24.618 38.618 39.618 35.618 42.617 49.617 47.620 40.630 59.650 25.686 41.763 44.896 34.999 47.071 60.083 56.917 0.012 8.324 44.903 61.538 70.133 70.671 70.118 70.044 66.971 66.344 66.316 68.652 67.930 67.713 67.387 67.055 66.700
0.000 0.000 0.000 0.000 0.000 0.000 0.000 0.000 0.000 0.000 0.000 0.000 0.000 16.694 83.694 78.694 68.694 58.694 82.693 90.691 85.689 70.685 25.683 0.000 0.000 0.000 2.614 56.615 40.615 38.615 49.615 44.615 7.615 0.000 0.000 3.618 39.618 38.618 59.618 65.618 54.619 46.619 38.619 35.619 36.620 37.622 36.626 34.634 42.647 3.666 0.000 4.054 40.212 63.367 61.543 0.979 7.061 44.745 58.397 68.034 71.569 71.128 71.903 67.853 67.638 67.133 69.437 68.718 68.506 68.190 67.870 67.520 67.133
0.000 0.000 0.000 0.000 0.000 0.000 0.000 0.000 0.000 0.000 0.000 0.000 0.000 0.000 16.695 55.695 30.695 66.695 85.694 90.691 88.688 86.684 75.680 34.677 0.000 0.000 0.000 12.615 51.615 51.615 64.615 62.615 55.615 50.615 0.000 0.000 6.618 43.618 62.618 69.619 61.619 45.619 34.620 35.621 35.622 35.624 35.627 35.632 39.637 0.000 0.000 0.000 10.428 47.643 17.135 14.463 49.400 54.195 65.929 72.530 72.379 70.616 68.942 69.305 68.034 70.271 69.539 69.318 69.006 68.702 68.379 68.021 67.596
0.000 0.000 0.000 0.000 0.000 0.000 0.000 0.000 0.000 0.000 0.000 0.000 0.000 0.000 0.000 1.696 87.697 87.697 89.696 89.693 88.688 82.682 76.677 47.674 0.000 0.000 0.000 0.000 0.000 19.615 64.615 58.615 73.615 70.616 49.616 28.617 29.618 38.618 60.618 69.619 60.619 43.620 33.620 38.621 37.623 35.625 35.628 35.630 36.632 28.632 0.000 0.000 0.000 0.000 8.891 51.945 54.877 62.731 73.450 73.559 71.918 73.803 71.548 69.081 71.185 70.413 70.160 69.833 69.529 69.227 68.922 68.591 67.157
0.000 0.000 0.000 0.000 0.000 0.000 22.648 45.645 0.000 23.588 63.577 52.565 56.554 31.548 0.000 0.000 23.699 95.700 89.700 86.697 83.689 86.681 77.672 40.667 0.000 0.000 0.000 0.000 0.000 0.000 0.000 8.615 62.615 63.616 14.616 0.000 5.618 42.618 60.618 65.619 55.619 46.620 44.621 6.622 13.624 41.626 35.628 35.629 36.631 42.631 50.631 12.631 0.000 0.000 24.593 57.550 61.445 72.254 74.468 74.099 77.383 75.959 70.432 72.229 71.366 71.048 70.681 70.353 70.044 69.757 69.493 69.263 75.097
0.000 0.000 0.000 0.000 0.000 0.000 22.650 65.642 7.623 57.598 59.579 71.563 54.550 39.542 0.000 0.000 11.701 80.703 92.709 89.704 89.692 90.678 84.664 38.656 0.000 0.000 0.000 0.000 0.000 0.000 0.000 0.000 0.000 47.616 6.616 0.000 1.618 48.618 45.618 57.619 14.619 0.000 0.000 0.000 0.000 7.627 45.628 39.629 2.630 32.630 66.631 49.631 2.630 0.000 29.347 63.187 72.090 75.211 74.966 79.142 78.398 71.795 73.352 72.393 71.988 71.562 71.191 70.851 70.540 70.262 70.029 69.873 74.869
20.925 64.920 54.915 0.000 0.000 0.000 16.662 76.650 52.628 54.603 60.579 84.559 85.541 80.527 34.513 0.000 0.000 0.000 40.728 94.717 89.698 90.674 87.652 46.636 0.000 0.000 0.000 0.000 0.000 0.000 0.000 0.000 0.000 5.616 0.000 0.000 0.000 0.000 0.000 0.000 0.000 0.000 0.000 0.000 0.000 0.000 0.000 20.629 17.630 0.000 0.000 0.000 0.000 18.758 56.175 73.128 74.805 75.738 80.088 79.695 72.828 74.380 73.411 72.947 72.466 72.048 71.667 71.319 71.002 70.721 70.488 70.330 73.304
20.926 76.919 58.911 54.902 0.000 0.000 3.685 68.668 70.637 70.606 82.576 79.551 91.529 90.511 51.499 0.000 0.000 0.000 16.758 96.739 89.708 90.670 87.632 47.600 0.000 0.000 8.173 56.136 68.096 37.069 0.000 0.000 0.000 0.000 0.000 0.000 0.000 0.000 0.000 0.000 0.000 0.000 0.000 0.000 0.000 0.000 0.000 0.000 5.630 0.000 0.000 0.000 16.723 57.230 74.191 74.773 81.001 80.492 74.103 74.662 75.160 74.337 73.865 73.361 72.910 72.493 72.110 71.755 71.430 71.134 70.873 77.654 18.479
84.929 81.919 60.908 61.892 53.870 0.816 58.725 53.699 61.648 74.607 78.567 89.540 90.514 89.491 58.472 0.000 0.000 0.000 15.807 95.772 89.723 90.668 85.606 65.532 49.417 50.312 50.210 58.140 79.083 46.042 0.000 0.000 0.000 0.000 0.000 0.000 0.000 0.000 0.000 0.000 0.000 0.000 0.000 0.000 0.000 0.000 0.000 0.000 0.000 0.000 14.814 45.591 55.099 74.085 75.675 82.343 81.750 74.652 76.370 75.702 75.158 74.698 74.209 73.749 73.314 72.905 72.523 72.164 71.827 71.511 78.215 23.934 0.000
81.933 76.922 74.908 57.889 61.861 61.823 52.777 45.755 0.000 0.000 20.547 79.526 90.495 88.465 73.428 40.376 0.000 2.978 64.891 85.819 90.746 89.671 90.592 80.506 56.407 53.309 52.214 61.131 79.054 61.973 47.862 48.775 52.711 63.671 27.655 0.000 0.000 0.000 0.000 0.000 0.000 0.000 0.000 0.000 0.000 0.000 0.000 0.000 0.000 0.000 26.014 65.854 73.801 76.449 83.222 82.826 75.377 77.044 76.264 75.890 75.447 74.992 74.544 74.109 73.691 73.292 72.913 72.550 72.203 77.868 24.541 0.000 0.000
70.940 22.928 90.914 61.895 55.863 56.833 58.805 58.789 47.791 0.000 0.000 0.510 24.476 95.446 85.398 63.325 55.205 62.065 60.960 62.867 70.772 71.678 58.585 55.492 53.397 53.301 52.208 61.117 76.027 54.936 51.838 56.752 72.686 75.647 60.639 34.639 0.000 0.000 0.000 0.000 0.000 0.000 0.000 0.000 0.000 0.000 0.000 0.000 0.000 16.853 58.698 74.310 77.150 83.787 83.542 76.074 77.716 76.931 76.573 76.142 75.717 75.289 74.865 74.451 74.049 73.660 73.285 72.921 78.567 24.217 0.000 0.000 0.000
16.948 89.937 90.925 76.914 0.000 3.840 63.822 59.804 70.793 61.784 0.000 0.525 3.483 83.447 80.392 65.319 56.224 53.119 53.018 55.915 68.798 76.685 79.577 72.480 62.386 55.293 54.198 70.102 73.004 47.904 51.803 51.710 52.634 56.592 35.616 0.000 0.000 0.000 6.167 0.000 0.000 0.000 0.000 0.000 0.000 0.000 0.000 20.074 51.744 59.602 73.117 84.446 84.061 77.128 77.723 78.289 77.599 77.234 76.811 76.402 75.990 75.581 75.177 74.780 74.393 74.015 74.646 81.283 24.925 0.000 0.000 0.000 0.000
94.956 90.947 90.935 90.921 77.899 60.865 60.838 60.813 51.793 0.748 17.631 24.584 76.520 73.466 76.406 69.336 70.255 70.167 70.077 72.976 67.821 67.688 69.558 73.465 74.376 72.285 68.189 79.088 76.982 64.872 65.760 65.650 67.548 42.472 0.000 0.000 0.000 0.000 7.167 0.000 0.000 0.000 0.000 0.000 0.000 6.941 54.724 55.292 76.308 76.866 85.513 85.034 79.616 79.332 78.720 78.253 77.874 77.461 77.060 76.660 76.262 75.869 75.481 75.101 74.728 75.361 79.000 11.642 0.000 0.000 0.000 0.000 0.000
93.964 89.957 89.949 90.935 87.913 65.883 59.851 60.818 61.782 53.730 2.664 68.607 65.548 66.490 67.430 62.363 66.292 71.219 79.148 64.090 0.000 0.000 14.502 72.446 68.368 68.283 68.186 68.079 67.964 67.843 67.715 67.581 65.438 60.275 33.058 0.000 8.693 52.470 59.167 70.858 40.618 0.000 0.000 0.000 0.929 56.135 66.932 78.861 79.498 86.248 85.913 80.267 79.944 79.207 78.878 78.488 78.090 77.696 77.304 76.915 76.530 76.150 75.778 75.414 76.056 78.702 26.351 0.000 0.000 0.000 0.000 0.000 0.000
79.971 79.970 79.968 90.956 90.934 80.902 56.866 59.827 60.787 60.740 66.687 75.632 59.575 56.518 54.459 61.396 76.331 75.267 60.205 40.148 0.000 0.000 0.000 0.469 57.368 52.292 52.192 52.078 51.953 52.819 55.677 56.522 56.347 55.132 55.841 54.393 53.916 62.549 69.175 66.788 73.378 70.834 65.322 62.810 65.189 76.800 80.315 80.108 86.741 86.525 80.907 80.560 79.810 79.483 79.087 78.700 78.313 77.928 77.546 77.167 76.792 76.424 76.068 76.721 77.379 16.041 0.000 0.000 0.000 0.000 0.000 0.000 0.000
0.000 45.984 57.997 85.988 89.965 70.928 53.882 52.837 60.798 60.757 59.712 53.660 54.602 60.548 77.491 76.431 59.370 52.312 42.259 0.000 61.842 70.782 66.690 67.573 70.436 73.326 72.212 73.088 75.951 74.805 71.651 73.485 68.294 54.066 57.780 56.422 61.029 78.635 85.194 81.742 75.274 69.798 71.341 77.805 82.657 81.085 87.344 86.994 80.894 82.503 81.088 80.426 80.085 79.686 79.301 78.915 78.533 78.156 77.784 77.415 77.047 77.687 75.348 71.022 22.701 0.000 0.000 0.000 0.000 0.000 0.000 0.000 0.000
0.000 0.000 51.049 70.035 81.008 55.962 47.896 54.843 52.810 59.779 60.744 60.693 53.625 70.580 62.528 51.467 54.405 46.354 0.000 70.989 73.902 73.815 75.715 76.602 79.479 83.362 82.243 82.112 81.957 83.797 84.639 82.471 70.279 56.056 57.793 57.486 57.144 59.767 33.225 5.714 95.173 136.767 114.300 80.232 81.750 88.312 87.873 81.343 84.071 81.485 81.041 80.682 80.287 79.900 79.511 79.126 78.748 78.379 78.019 77.661 79.296 73.928 62.614 17.318 0.000 0.000 0.000 0.000 0.000 0.000 0.000 0.000 45.320
3.286 0.000 6.116 27.094 62.071 44.017 0.000 49.831 54.818 54.806 60.791 49.742 0.000 54.620 52.572 54.506 55.430 65.343 79.224 76.076 77.963 83.859 93.753 137.640 134.516 134.400 134.287 134.161 134.968 118.787 50.639 53.479 51.296 59.087 57.851 54.584 52.293 34.065 0.000 0.000 3.955 61.666 78.679 83.275 89.005 88.686 80.942 82.642 81.941 81.636 81.267 80.884 80.499 80.110 79.720 79.331 78.953 78.594 79.252 77.914 69.549 58.113 15.864 0.000 0.000 0.000 0.000 0.000 0.000 0.000 1.612 36.539 57.429
77.287 25.263 14.204 77.155 55.166 0.000 0.000 0.000 48.827 61.836 53.874 0.000 6.794 62.709 53.634 64.553 77.465 77.366 82.252 85.129 78.013 63.905 54.799 50.689 48.547 51.434 52.344 39.275 0.000 55.745 52.649 51.510 55.340 59.146 55.938 47.707 54.378 35.135 0.000 1.236 56.944 73.967 83.695 89.498 89.277 81.527 83.213 82.508 82.214 81.845 81.476 81.098 80.713 80.323 79.926 79.523 79.141 79.793 75.481 64.194 20.872 0.000 0.000 0.000 0.000 0.000 0.000 0.000 0.000 0.000 4.676 54.608 53.522
87.306 95.298 83.281 0.252 12.271 6.377 1.420 0.427 0.000 0.000 57.994 55.974 63.879 60.788 60.700 60.609 77.511 91.405 80.291 60.172 58.057 52.949 54.849 45.771 0.000 57.445 54.381 43.320 0.000 56.797 51.705 52.570 59.406 57.220 55.050 36.926 0.000 1.632 53.616 51.408 68.194 84.109 89.774 82.462 83.028 83.688 83.083 82.788 82.425 82.066 81.695 81.317 80.933 80.544 80.138 80.695 80.294 69.954 54.685 17.511 0.000 0.000 0.000 0.000 0.000 0.000 0.000 3.034 29.990 28.909 43.785 55.695 43.611
77.334 81.340 71.343 0.000 0.000 71.458 64.458 58.433 2.373 10.274 76.135 73.050 59.958 60.866 60.771 61.671 82.564 134.451 127.333 74.213 129.095 49.983 53.877 53.775 55.659 53.521 53.414 53.303 55.145 50.943 50.801 59.661 58.495 55.277 50.116 39.021 0.000 0.390 55.666 62.503 84.507 83.392 90.130 83.508 84.094 83.643 83.352 83.005 82.656 82.294 81.923 81.542 81.157 80.781 82.387 77.823 59.388 46.045 47.794 13.652 0.000 0.000 0.000 0.000 0.000 0.000 0.000 3.078 39.028 43.952 57.860 51.775 41.695
73.364 68.386 12.407 0.000 2.578 54.537 63.509 60.468 78.406 72.321 77.221 85.131 76.040 60.945 60.846 60.739 59.625 53.503 48.377 53.251 50.128 54.012 53.901 53.793 53.682 53.565 53.453 53.333 52.190 57.028 58.895 59.778 43.637 0.000 43.116 0.000 0.000 0.327 59.838 81.760 85.766 91.116 90.657 83.600 84.252 83.893 83.579 83.245 82.895 82.532 82.159 81.772 81.372 80.036 41.806 0.000 0.000 0.000 0.000 0.000 0.000 0.000 0.000 35.470 30.434 29.373 28.289 32.173 41.091 57.011 50.929 41.849 51.773
65.392 56.433 61.493 6.593 59.619 55.605 54.573 72.524 65.460 81.384 90.299 70.213 56.124 54.030 56.928 59.815 60.693 60.560 53.422 52.285 53.155 53.034 53.922 53.815 53.709 58.604 55.499 52.386 53.254 56.085 59.973 48.920 0.000 0.000 0.000 0.000 15.519 135.399 79.118 86.142 84.116 91.522 83.419 85.938 87.421 84.147 83.830 83.497 83.147 82.780 83.411 80.015 67.524 58.185 15.996 0.000 0.000 0.000 0.000 0.000 0.000 0.000 37.552 37.507 37.458 38.396 38.320 39.233 53.152 53.073 36.995 39.919 41.847
40.408 41.460 35.540 59.666 55.701 54.690 65.652 69.595 80.527 87.454 53.377 52.298 53.215 55.122 54.019 50.902 58.770 59.623 60.465 59.312 53.173 52.049 50.937 51.834 57.737 116.644 84.553 64.457 47.355 0.000 61.991 70.010 0.000 0.000 0.000 0.000 59.640 70.536 87.418 85.453 92.230 91.889 84.509 85.038 85.704 84.410 84.098 83.768 83.415 84.030 82.689 35.352 0.000 0.000 0.000 0.000 0.000 0.000 0.000 0.000 0.000 0.000 44.597 40.547 37.496 38.434 36.364 48.287 55.210 39.134 40.060 47.987 45.917
0.000 0.000 0.000 52.830 55.829 57.803 78.751 89.678 103.600 85.528 14.459 71.389 71.313 55.226 55.125 54.005 51.862 54.695 60.505 58.324 59.176 61.052 58.943 56.847 52.761 47.683 52.610 47.534 0.000 0.000 0.000 56.117 48.144 0.000 0.000 2.071 69.867 86.722 86.797 84.812 92.541 84.232 86.734 88.240 84.982 84.691 84.386 84.061 83.717 81.236 35.963 0.000 0.000 0.000 0.000 0.000 0.000 0.000 0.000 0.000 0.000 43.765 13.692 1.622 45.543 35.482 46.413 58.341 46.267 41.194 46.123 50.052 42.984
0.000 0.000 0.000 50.996 56.981 72.942 83.872 131.763 125.669 127.598 133.540 129.485 130.422 55.345 55.249 54.129 53.979 52.793 47.534 57.304 59.155 60.038 57.938 59.851 59.777 60.715 53.673 0.000 0.000 0.000 0.000 57.198 42.171 0.000 0.000 61.232 83.097 87.047 86.035 93.108 92.832 85.291 85.837 86.527 85.264 84.988 84.692 85.374 60.154 0.000 0.000 0.000 0.000 0.000 0.000 0.000 0.000 0.000 56.065 45.018 34.943 38.839 38.757 39.687 39.607 42.537 55.467 52.396 47.324 48.254 46.184 44.115 40.049
17.254 0.000 0.000 52.176 69.156 77.113 83.030 53.836 52.714 51.654 48.620 49.589 49.545 55.482 55.397 71.283 71.132 46.962 0.000 44.203 57.101 59.009 56.918 58.843 58.780 59.728 55.693 0.000 0.535 1.482 55.413 40.305 0.000 0.000 62.617 71.466 88.335 87.243 86.424 93.364 84.966 87.494 90.030 85.806 85.557 85.305 84.021 71.589 30.371 0.000 0.000 0.000 0.000 0.000 42.305 37.285 37.246 37.190 41.112 53.046 55.973 41.890 36.812 38.738 40.663 55.592 54.521 40.451 49.381 50.312 49.244 42.177 38.112
