results3_8e3_rain/res_3e8f-0185.wd
ncols         241
nrows         181
xllcorner     12693529.787448
yllcorner     3542525.717860
cellsize      155.156523
NODATA_value  -9999.000000
[rows 66 to 98 of 181, columns 73 to 145 of 241]
71.702 35.688 0.000 60.838 77.815 76.784 76.755 0.000 48.151 48.135 61.148 57.159 56.139 56.093 55.024 130.924 118.751 0.000 0.000 0.000 51.472 46.409 51.314 54.251 54.199 56.150 57.102 62.045 62.992 63.945 54.911 0.000 0.000 52.203 102.203 84.116 87.981 88.071 86.124 94.043 86.535 87.014 87.754 86.527 86.305 87.101 56.946 0.000 0.000 0.000 0.000 0.000 0.000 0.000 42.996 40.972 40.932 40.877 40.812 40.743 44.671 57.594 54.517 39.443 50.370 59.298 38.227 41.155 47.085 52.015 47.946 41.878 39.811
56.704 62.675 0.511 49.064 73.024 71.994 65.997 19.083 0.000 0.000 54.228 67.307 56.308 55.276 56.232 37.190 0.000 0.000 0.000 0.000 0.000 0.000 62.246 60.219 58.186 41.144 44.095 51.040 52.000 56.967 47.939 0.000 0.000 0.000 62.444 80.352 87.290 87.383 94.468 94.263 86.606 87.295 87.006 86.796 86.586 81.399 39.266 0.000 3.453 36.453 0.000 0.000 0.000 49.077 44.041 41.007 40.964 40.911 40.851 40.785 40.715 40.643 47.569 61.496 62.424 45.352 39.281 40.211 41.142 45.073 44.005 39.938 39.872
58.716 57.648 62.515 60.316 74.222 67.172 68.155 65.169 0.000 0.000 0.000 69.536 64.508 59.473 61.439 8.415 0.000 0.000 0.000 0.000 0.000 0.000 61.204 57.194 48.182 0.000 0.000 49.020 61.000 59.984 0.000 0.000 8.149 65.030 56.776 60.599 67.677 82.737 94.660 86.343 87.899 87.464 87.275 87.058 84.845 67.641 46.454 52.453 50.453 31.453 0.000 0.000 0.000 7.113 58.086 40.050 41.005 44.954 52.895 42.831 40.763 39.693 43.621 58.549 65.477 57.406 43.336 38.266 40.198 40.130 40.063 39.997 38.931
58.760 56.684 60.581 71.462 65.375 58.317 77.282 66.269 18.286 0.000 11.939 61.792 77.717 72.668 72.634 75.616 0.000 0.000 0.000 0.000 7.156 7.161 59.173 50.171 53.165 0.000 0.000 0.000 96.996 123.985 38.973 0.000 64.269 59.165 59.003 58.910 54.993 95.012 94.841 87.389 90.995 87.742 87.534 87.319 79.094 31.867 0.000 54.453 32.453 0.000 0.000 0.000 46.218 45.175 44.140 40.100 44.055 56.003 60.944 58.881 51.814 41.744 50.673 58.601 37.529 43.459 56.389 53.321 49.253 57.187 38.121 40.055 37.989
56.820 62.748 72.664 64.576 56.500 56.438 69.387 77.338 73.303 76.229 78.087 72.975 67.899 69.848 58.815 57.799 0.000 0.000 0.000 8.149 64.152 63.154 51.156 53.152 54.142 58.121 57.108 0.000 8.003 1.989 0.934 10.667 70.492 63.359 58.197 59.287 57.333 95.168 57.004 64.595 79.191 87.012 87.798 85.592 44.343 0.000 0.000 0.000 0.000 0.000 0.000 47.286 41.261 41.231 41.197 42.158 52.111 61.058 59.999 59.935 55.867 51.797 61.725 44.653 39.581 40.511 40.441 50.374 63.308 50.243 38.179 39.114 45.048
62.889 73.823 63.752 56.679 57.611 57.550 59.488 43.395 69.359 67.296 59.206 56.121 55.056 71.009 72.979 59.965 0.000 0.000 0.000 64.147 60.147 57.147 50.145 54.140 54.130 54.114 54.095 13.063 16.025 16.994 18.943 86.810 83.676 72.544 71.499 60.496 95.445 95.313 59.056 65.705 60.481 67.286 86.058 60.908 0.000 0.000 0.000 0.000 0.000 0.000 0.000 47.311 41.308 41.290 41.261 42.222 51.174 61.119 60.058 58.992 55.923 60.851 54.778 38.704 40.632 40.561 40.492 50.425 58.361 37.299 40.237 43.174 62.107
73.965 63.904 56.841 57.776 57.715 58.662 39.622 0.000 26.442 54.391 57.320 57.249 57.194 55.154 79.129 63.117 0.000 0.000 0.000 41.145 58.142 52.141 53.138 54.132 54.124 54.111 54.094 65.070 5.038 9.020 26.027 78.954 88.850 10.738 92.659 82.850 95.561 57.625 71.270 67.914 57.785 54.590 51.241 36.075 0.000 0.000 42.876 0.000 0.000 0.000 0.000 43.340 41.369 41.361 41.334 41.294 42.244 48.187 56.123 56.054 55.981 59.906 37.830 40.755 40.681 39.610 45.541 62.475 45.412 39.353 42.297 23.238 24.157
64.045 56.989 57.930 57.870 57.813 60.760 16.715 14.679 7.577 52.505 57.434 59.361 57.316 56.285 74.265 70.256 0.000 0.000 0.000 0.000 49.137 52.136 54.133 54.128 54.121 54.111 56.099 42.084 0.000 0.000 76.193 79.127 90.036 95.907 90.010 88.047 95.660 78.673 81.376 66.218 59.124 52.050 0.000 0.000 0.000 0.000 40.876 0.000 0.000 0.000 0.000 0.000 44.468 41.451 41.420 41.376 41.323 41.261 41.193 48.119 56.041 43.962 40.883 40.804 40.728 43.655 56.586 56.521 38.461 40.406 43.358 10.324 0.000
57.130 58.076 58.019 57.962 57.905 57.850 61.798 62.747 62.680 58.617 58.549 38.444 55.424 56.404 72.391 71.386 0.000 0.000 0.000 0.000 48.134 54.133 54.130 54.126 54.121 54.115 42.107 0.000 0.000 4.558 81.425 87.329 90.229 90.175 89.253 95.794 88.152 90.870 85.559 70.501 60.441 59.437 59.571 0.000 0.000 0.000 37.876 44.876 37.876 0.000 0.000 0.000 59.584 40.557 41.517 41.468 41.409 42.342 41.267 41.187 41.104 41.019 40.934 40.851 39.772 45.697 60.627 37.563 40.503 40.451 42.406 17.376 0.000
58.219 58.166 58.110 58.053 57.995 57.937 57.882 57.830 57.780 57.736 61.702 0.000 48.530 57.517 73.507 68.513 4.559 0.000 0.000 0.000 53.132 56.131 56.129 56.126 54.123 57.120 0.000 0.000 0.000 73.691 79.620 90.534 90.416 90.524 88.573 95.998 89.284 93.928 89.820 90.754 78.705 66.686 55.705 50.705 52.705 0.000 0.000 43.877 38.876 44.870 45.856 43.818 49.727 59.674 41.624 42.569 51.504 58.430 40.348 41.260 41.167 41.074 40.983 39.895 44.812 63.735 57.663 46.598 39.540 40.487 42.441 57.399 75.354
58.311 58.258 58.202 58.145 58.085 58.022 57.963 60.909 58.875 57.843 61.820 0.000 48.650 57.627 74.607 66.599 6.606 0.000 0.000 0.000 26.131 36.130 35.128 35.126 56.124 41.122 0.000 0.000 0.000 75.896 85.830 90.742 90.701 89.805 96.619 96.326 90.347 91.190 90.048 89.992 90.938 81.895 46.859 0.000 0.000 0.000 0.000 41.878 41.880 38.880 40.878 41.871 40.832 47.788 61.738 44.678 42.608 52.527 40.435 41.336 41.232 41.129 41.029 40.934 48.846 61.766 48.693 60.628 38.570 39.518 44.470 65.425 77.378
58.405 58.352 58.297 58.240 58.177 61.105 63.037 34.971 55.966 58.943 60.915 20.889 51.792 56.736 68.694 66.669 7.660 0.000 0.000 0.000 0.000 0.000 2.126 2.126 37.125 0.000 0.000 0.000 24.333 74.167 91.061 90.944 91.061 89.147 96.885 88.928 94.636 90.332 90.287 90.220 90.162 80.097 40.978 0.000 0.000 0.000 0.000 0.000 44.885 45.891 32.908 40.954 41.943 41.909 45.860 61.799 44.724 41.634 41.531 41.415 41.296 41.180 39.069 44.966 63.872 44.789 43.716 57.651 41.594 39.543 46.497 72.452 77.408
58.501 58.448 58.395 58.340 60.277 36.182 38.110 0.000 18.076 54.046 58.008 61.961 57.894 60.829 65.765 70.724 9.705 0.000 0.000 0.000 0.000 3.126 55.126 62.126 0.000 0.000 0.000 7.617 83.499 85.380 91.275 91.232 90.351 97.366 97.134 89.987 90.703 90.576 90.508 90.445 89.391 69.352 0.000 0.000 0.000 0.000 0.000 0.000 0.000 36.891 0.000 48.094 45.078 41.045 40.996 42.932 59.854 48.756 40.637 41.498 41.358 40.226 45.102 46.989 45.888 42.802 40.729 40.667 40.613 41.565 54.521 76.480 77.440
58.596 58.543 58.494 58.448 63.411 1.396 0.000 24.307 16.217 50.159 59.108 57.055 58.992 70.921 42.814 36.756 1.731 0.000 0.000 0.000 0.000 53.126 59.126 61.126 0.000 0.000 0.000 70.735 75.666 89.579 91.463 91.594 89.690 97.579 89.482 91.160 90.855 90.797 90.724 90.660 82.606 59.568 0.000 0.000 0.000 0.000 0.000 0.000 0.000 0.000 0.000 52.250 47.231 41.195 39.145 42.082 42.002 57.900 50.764 41.583 42.413 40.262 47.125 47.000 43.888 37.801 40.732 40.675 42.626 56.582 75.543 77.507 80.474
59.689 57.636 57.589 57.547 60.517 30.507 27.479 59.397 64.324 58.265 56.211 63.156 73.100 76.049 0.023 0.000 0.000 0.000 0.000 0.000 0.000 21.126 28.126 30.126 0.000 0.000 0.000 72.920 80.856 90.768 91.761 90.799 97.974 97.782 90.511 91.217 91.080 91.004 90.932 90.866 72.803 54.747 0.000 0.000 0.000 0.000 0.000 0.000 0.000 0.000 0.000 50.425 48.400 48.360 45.309 38.247 40.173 41.077 56.935 56.656 53.451 50.283 43.136 41.999 38.862 39.783 40.724 44.675 64.632 76.595 76.561 77.530 76.504
73.777 72.725 71.678 69.636 66.601 67.571 67.533 64.477 65.420 67.365 67.313 73.260 75.203 33.126 0.000 0.000 0.000 0.000 0.000 0.000 0.000 0.000 0.000 0.000 0.000 11.428 19.350 74.170 91.063 91.972 91.922 91.150 98.152 89.982 91.659 91.349 91.285 91.205 91.134 89.067 70.994 41.871 0.000 0.000 0.000 0.000 0.000 0.000 0.000 0.000 0.000 40.625 44.586 47.536 48.482 47.425 44.365 40.301 34.243 0.000 0.000 0.000 0.000 0.000 42.778 40.744 43.706 64.669 77.635 76.603 77.575 80.550 76.529
69.860 71.808 70.761 72.719 74.681 73.644 72.605 70.559 68.511 68.464 69.417 65.369 65.324 0.000 0.000 0.000 0.000 0.000 0.000 0.000 0.000 0.000 0.000 0.000 0.000 60.507 83.450 82.348 91.255 92.143 92.270 90.373 98.318 92.074 91.681 91.559 91.476 91.400 91.333 87.276 67.235 0.000 0.000 0.000 0.000 0.000 0.000 0.000 0.000 0.000 48.010 42.865 39.781 41.716 46.659 48.607 48.560 49.519 40.493 0.000 0.000 0.000 0.000 0.000 43.727 41.711 57.687 78.660 76.634 76.609 76.586 77.566 76.549
57.938 57.887 58.840 65.798 74.758 80.721 68.682 62.642 57.602 55.562 54.522 60.476 39.400 0.000 0.000 0.000 0.000 0.000 0.000 0.000 0.000 0.000 0.000 0.000 0.000 66.642 82.596 90.520 92.434 92.401 91.531 98.612 98.471 94.090 91.898 91.738 91.662 91.586 91.520 86.467 61.436 0.000 0.000 0.000 0.000 0.000 0.000 0.000 0.000 48.276 43.155 43.043 42.956 41.888 38.832 43.785 47.748 48.724 45.716 0.000 0.000 0.000 0.000 46.683 40.692 44.686 72.671 76.652 76.632 76.612 76.594 76.578 76.565
57.011 56.961 60.916 65.873 67.834 70.797 60.761 56.726 57.693 57.661 59.633 37.612 0.000 0.000 0.000 0.000 0.000 0.000 0.000 0.000 0.000 0.000 0.000 0.000 0.000 52.824 81.772 91.701 92.599 92.729 90.838 98.742 91.635 93.311 91.992 91.928 91.841 91.763 91.694 82.638 55.604 0.000 0.000 0.000 0.000 0.000 0.000 0.000 47.509 43.398 43.291 43.195 43.114 43.048 42.994 39.952 38.923 41.912 48.931 49.018 0.000 0.000 0.000 40.673 41.674 59.669 76.658 75.644 75.629 76.614 76.599 76.587 76.577
57.079 57.031 58.987 59.946 57.908 56.873 57.840 56.809 56.781 56.757 61.738 6.726 0.000 0.000 0.000 0.000 0.000 0.000 0.000 0.000 0.000 0.000 0.000 0.000 4.192 61.057 89.968 92.884 92.854 91.984 98.978 98.864 94.632 92.334 92.190 92.101 92.014 91.932 92.855 72.787 60.740 0.000 0.000 47.115 0.000 46.881 48.837 48.754 43.621 43.514 43.418 43.332 43.258 43.196 43.145 43.107 42.081 39.071 48.079 49.104 42.104 0.000 0.000 48.663 40.661 48.657 54.649 57.638 61.627 67.615 73.604 75.594 75.586
58.144 58.098 58.055 58.016 57.980 56.946 56.916 56.889 56.865 55.847 63.835 14.829 0.000 0.000 0.000 0.000 0.000 0.000 0.000 0.000 0.000 0.000 0.000 0.000 45.328 81.245 92.159 93.049 93.189 91.281 99.081 92.081 93.757 92.442 92.368 92.273 92.183 92.095 93.007 64.915 42.827 0.000 0.000 43.115 0.000 41.925 43.877 43.802 43.708 43.618 43.534 43.457 43.390 43.332 43.285 43.248 41.223 43.211 49.210 46.216 0.000 0.000 0.000 47.654 46.652 45.648 44.641 43.633 42.624 46.615 57.606 53.599 55.592
56.204 56.160 56.120 56.082 56.048 56.017 55.989 56.965 58.945 60.931 35.925 2.926 0.000 0.000 0.000 0.000 0.000 0.000 0.000 3.563 12.554 0.000 0.000 15.687 56.545 87.439 93.336 93.324 92.352 99.260 99.175 95.071 92.778 92.629 92.536 92.442 92.350 92.257 88.163 35.039 0.000 0.000 0.000 43.115 49.096 44.018 43.945 43.869 43.792 43.715 43.642 43.574 43.512 43.458 43.413 43.378 40.353 49.339 49.334 45.334 0.000 0.000 0.000 46.648 45.646 46.642 46.636 46.630 46.622 46.615 45.608 45.602 44.597
57.261 57.220 60.182 64.146 67.114 71.084 73.058 76.036 75.019 67.008 5.008 16.024 40.078 8.102 0.000 0.000 0.000 0.000 0.000 43.571 70.546 10.506 0.000 49.828 82.729 92.620 93.520 93.450 92.673 99.334 91.506 93.193 92.877 92.802 92.705 92.611 92.516 93.422 80.348 0.000 0.000 0.000 0.000 23.135 43.154 44.104 46.016 45.937 43.874 43.810 43.746 43.683 43.626 43.575 43.532 40.498 45.473 48.457 49.452 40.453 0.000 0.000 0.000 30.644 51.640 51.637 48.632 45.626 45.620 46.615 47.609 47.604 46.600
59.315 58.276 65.240 74.207 75.176 74.148 73.123 72.102 69.086 63.076 38.074 55.084 73.107 42.126 26.147 2.155 0.000 0.000 14.643 53.604 67.552 6.467 25.304 67.069 91.920 94.804 93.644 93.856 91.832 99.396 93.490 93.205 93.058 92.967 92.874 92.780 92.681 94.569 38.458 0.000 0.000 0.000 0.000 0.000 39.283 45.228 26.078 25.991 42.956 43.906 43.848 43.789 43.733 43.684 42.642 40.608 49.583 49.567 46.562 40.574 46.622 0.000 0.000 0.000 62.635 77.632 70.628 66.623 62.619 58.614 61.610 61.606 44.602
59.365 59.330 62.297 65.265 64.236 62.209 60.184 58.163 56.147 56.135 65.129 67.131 64.140 61.150 65.159 13.164 0.000 0.000 54.682 84.650 35.592 31.504 65.377 89.223 94.089 93.945 94.062 92.017 99.479 91.893 93.608 93.295 93.225 93.131 93.043 92.954 95.858 52.713 0.000 0.000 0.000 0.000 0.000 0.000 41.468 46.446 0.000 0.000 40.055 44.010 43.950 43.890 43.835 43.786 40.744 48.710 49.683 48.665 39.656 43.658 43.670 0.000 0.000 0.000 30.633 60.630 78.625 77.621 77.617 77.613 77.610 71.606 61.604
59.415 59.382 59.351 58.321 58.293 59.267 59.242 59.221 57.202 58.187 63.177 66.172 62.171 57.173 60.176 15.177 0.000 0.000 46.754 56.721 34.663 67.581 82.477 91.357 94.239 94.170 93.268 99.847 99.617 92.883 93.612 93.470 93.383 93.295 93.211 93.136 96.085 0.000 0.000 11.451 20.451 0.000 0.000 42.769 45.674 44.641 51.675 0.573 40.199 44.128 44.053 43.987 43.930 41.881 43.839 49.803 49.775 41.754 42.740 43.732 43.730 0.000 0.000 0.000 0.000 0.000 60.621 76.618 76.615 76.612 76.609 77.607 77.605
59.463 59.434 59.404 59.376 59.348 59.322 59.298 58.275 57.254 61.235 65.219 65.208 60.201 56.197 61.194 14.191 0.000 0.000 42.858 11.817 58.758 82.682 88.590 94.496 94.344 94.554 92.542 100.052 92.300 94.012 93.700 93.631 93.540 93.454 93.371 100.293 84.260 0.000 7.450 57.451 43.451 0.000 0.000 37.864 45.819 44.771 44.719 50.606 48.397 47.250 44.146 44.074 44.017 40.969 48.926 49.890 45.860 40.836 43.817 43.801 45.788 49.799 0.000 0.000 0.000 0.000 0.000 73.614 76.612 76.611 76.609 77.607 75.606
59.513 59.485 59.457 59.429 59.402 59.376 58.352 57.328 59.304 63.280 66.257 62.239 57.227 56.219 59.213 41.201 28.174 29.114 25.002 25.933 65.868 86.796 92.717 94.606 94.744 92.734 100.413 100.240 93.304 94.018 93.872 93.783 93.695 93.611 98.524 41.407 56.403 26.440 57.450 65.452 0.000 0.000 0.000 37.004 45.965 44.906 44.826 54.706 65.532 39.330 49.209 45.147 42.096 44.050 50.008 48.971 39.939 42.914 43.891 43.867 30.822 31.811 0.000 0.000 0.000 0.000 0.000 54.611 75.611 76.609 76.608 80.607 76.606
59.564 59.536 59.509 59.482 59.455 59.430 57.405 57.380 61.354 68.325 69.290 65.265 60.248 58.240 58.237 60.228 60.207 69.166 10.104 44.046 81.985 88.919 94.846 94.811 93.942 100.720 100.571 93.657 94.438 94.101 94.028 93.933 93.847 93.769 101.710 0.000 39.504 41.467 31.457 33.454 0.000 0.000 0.000 40.183 46.132 45.061 50.973 66.860 43.696 0.000 30.211 43.207 41.172 49.128 50.084 46.046 43.013 43.987 43.967 45.954 0.000 0.000 0.000 0.000 0.000 0.000 46.610 27.610 66.609 76.608 76.607 81.606 76.605
59.614 59.587 59.560 59.533 59.507 58.482 57.457 59.433 66.407 43.375 19.315 18.280 15.262 45.256 62.266 57.267 60.259 41.239 3.204 49.159 87.107 93.054 94.942 95.183 93.206 100.858 93.989 94.766 94.335 94.276 94.172 94.079 93.990 94.907 92.836 14.781 14.642 0.000 0.000 0.000 0.000 0.000 39.557 47.414 45.319 44.232 64.145 68.065 0.000 0.000 0.387 39.300 45.256 50.204 50.156 40.115 44.081 44.055 44.037 47.027 0.000 0.000 0.000 0.000 0.000 0.000 25.610 0.000 54.607 76.607 76.606 82.606 76.605
59.665 59.638 59.611 59.585 58.559 57.534 59.510 62.487 70.467 29.452 0.000 0.000 0.000 0.000 44.305 59.315 60.324 46.326 48.312 74.280 91.240 95.164 95.336 93.357 101.100 100.984 94.967 94.662 94.514 94.411 94.314 94.219 94.126 97.035 81.947 10.864 0.000 0.000 0.000 0.000 0.000 0.953 39.701 46.597 45.496 43.404 71.312 32.188 0.000 0.000 45.547 50.432 50.347 50.278 48.221 43.176 44.140 44.114 44.098 46.091 0.000 50.179 2.179 0.000 0.000 0.000 0.000 0.000 47.606 76.606 76.605 76.605 76.605
59.714 59.688 59.662 59.636 58.610 57.585 61.561 65.539 69.523 27.513 0.000 0.000 0.000 0.000 24.334 67.364 62.394 68.432 81.436 90.414 94.374 95.381 94.530 101.304 101.205 94.301 95.076 94.734 94.651 94.548 94.451 94.357 98.262 61.158 33.052 0.000 0.000 0.000 0.000 0.000 2.244 42.107 46.916 45.777 47.666 44.576 68.510 0.000 0.000 40.833 47.674 63.532 52.423 49.340 45.276 43.227 43.190 44.164 44.150 44.149 49.171 45.179 36.179 0.000 0.000 0.000 43.604 45.604 44.605 76.605 76.605 76.604 76.604
59.763 59.738 59.712 59.686 57.660 59.634 65.609 66.586 64.571 51.566 12.582 0.000 0.000 0.000 0.000 20.411 16.458 56.570 87.585 91.564 95.504 95.673 93.796 101.393 93.610 95.389 94.955 94.890 96.779 95.679 94.586 94.498 100.407 23.283 0.000 0.000 0.000 0.000 0.000 23.460 62.360 62.231 50.080 46.928 57.815 52.723 53.643 14.575 2.405 38.993 43.781 54.601 50.473 54.382 48.315 51.265 50.229 47.203 44.188 43.183 43.186 49.187 0.000 0.000 0.000 0.000 40.604 40.604 50.604 76.604 76.604 76.604 76.604
