results3_8e3_rain/res_3e8f-0204.wd
ncols         241
nrows         181
xllcorner     12693529.787448
yllcorner     3542525.717860
cellsize      155.156523
NODATA_value  -9999.000000
[rows 33 to 65 of 181, columns 146 to 218 of 241]
64.934 64.150 63.875 64.512 31.171 42.840 64.526 58.212 36.789 0.000 0.000 36.683 12.683 17.684 33.685 58.689 45.688 11.686 0.000 0.612 50.597 58.584 16.561 43.534 35.514 36.490 40.453 49.416 67.376 58.346 53.318 48.295 49.275 49.258 48.242 47.226 46.208 54.189 64.170 56.154 56.138 54.124 33.109 47.097 55.088 0.000 25.664 30.636 54.566 52.507 57.452 67.401 60.358 55.337 10.326 0.000 38.278 38.270 45.266 23.270 0.000 0.000 0.000 0.000 0.000 0.000 0.000 0.000 0.000 0.000 0.000 0.000 0.000
64.886 64.632 64.285 64.955 42.633 60.330 63.062 56.871 0.000 0.000 14.683 38.683 0.000 0.000 0.000 42.699 42.694 50.684 13.665 63.639 51.611 38.588 47.564 38.538 36.513 36.485 35.453 37.420 65.386 63.356 63.328 65.304 58.283 60.264 59.246 59.228 59.210 60.193 64.176 62.160 63.146 58.133 35.121 34.112 7.106 0.000 22.608 36.590 44.555 39.504 45.449 58.392 58.357 56.337 14.327 0.000 0.000 43.255 15.253 0.000 0.000 0.000 0.000 0.000 2.144 45.138 44.131 46.126 36.121 39.117 6.115 0.000 0.000
65.366 65.029 64.707 64.386 64.077 64.783 56.522 43.338 0.000 0.000 0.000 6.683 0.000 0.000 0.000 39.714 36.706 49.691 54.671 46.646 55.620 53.594 34.568 35.541 36.514 36.485 48.455 52.423 56.392 49.363 46.335 56.310 30.288 37.268 32.249 32.231 32.213 35.196 61.180 50.165 48.152 50.140 35.130 37.123 17.119 0.000 32.569 89.563 14.559 0.000 0.000 7.359 59.343 58.328 17.318 0.000 0.000 40.244 37.236 39.218 37.204 45.191 51.178 43.165 65.150 72.139 70.131 55.124 35.120 34.116 38.113 8.111 0.000
65.763 65.442 65.121 64.808 65.504 60.206 41.904 32.621 41.621 0.000 0.000 0.000 0.000 0.000 0.000 36.737 35.723 38.704 34.681 45.655 48.629 51.601 40.573 35.545 35.516 35.487 60.457 66.427 48.397 42.367 42.340 43.314 40.292 40.271 40.251 41.233 44.215 41.198 62.183 54.169 52.157 52.146 34.137 48.131 74.128 0.000 24.536 77.533 0.000 0.000 0.000 9.343 59.328 57.314 35.298 40.273 38.255 36.241 36.229 36.215 35.202 42.190 49.179 36.167 54.151 72.136 68.128 48.122 33.117 33.114 38.111 6.109 0.000
66.178 65.850 65.530 65.221 61.924 47.631 36.268 0.000 0.000 0.000 0.000 40.894 3.880 9.857 1.825 35.775 36.747 36.720 35.694 35.666 41.637 34.608 34.579 36.549 35.519 34.490 58.460 55.430 63.401 67.370 66.341 61.316 57.293 59.272 55.252 59.234 59.216 60.200 64.185 62.171 63.159 59.149 34.142 46.136 68.134 0.000 19.507 80.501 0.000 0.000 0.000 0.000 56.310 59.301 38.286 36.267 36.250 36.236 36.223 36.211 35.199 42.189 51.181 7.174 0.000 30.127 73.123 49.118 33.114 33.110 37.107 4.106 0.000
66.590 66.251 65.926 65.621 55.342 37.128 0.000 0.000 0.000 0.000 38.924 41.909 54.890 54.865 42.835 35.799 35.767 36.737 36.708 35.678 34.647 35.616 35.584 35.553 34.522 43.492 62.462 41.434 55.405 32.372 65.340 55.315 54.293 54.272 51.252 56.233 57.216 57.200 64.185 62.172 59.160 59.151 34.144 48.139 67.136 0.000 5.484 73.461 0.000 0.000 0.000 0.000 60.301 59.295 35.280 37.259 36.242 37.229 37.217 37.206 38.196 46.187 26.181 0.000 0.000 31.123 73.119 54.114 41.110 35.106 38.102 5.101 0.000
66.998 66.637 67.303 59.994 47.693 37.411 0.000 0.000 0.000 0.000 35.940 52.926 46.905 35.880 37.851 37.818 35.786 34.754 36.722 35.690 36.657 36.623 36.590 35.557 35.525 55.494 55.464 55.437 55.416 0.000 37.330 35.313 36.292 36.271 37.251 41.232 44.214 42.198 62.183 56.170 50.159 52.150 35.143 47.139 66.137 0.000 0.000 46.399 37.374 0.000 0.000 0.000 54.299 37.297 0.000 32.245 38.232 42.221 49.211 49.200 49.190 51.181 23.175 0.000 15.126 79.121 72.116 74.110 62.105 37.100 38.096 6.094 0.000
67.394 66.998 66.656 52.360 4.027 0.008 0.000 0.000 0.000 13.996 51.971 46.949 36.925 37.899 37.869 37.838 37.805 35.771 34.737 34.702 36.667 35.631 35.595 34.560 36.527 51.494 42.463 51.433 52.405 11.370 11.338 51.314 50.291 50.269 50.249 52.229 52.212 53.195 65.180 61.167 56.156 58.147 34.141 43.137 71.135 0.000 0.000 105.362 74.349 41.330 28.321 0.000 0.000 0.000 0.000 0.000 35.219 44.213 48.204 47.194 50.184 52.174 38.162 43.144 59.130 74.121 72.113 72.106 60.100 37.094 37.089 13.085 0.000
67.762 68.304 59.962 42.764 0.000 0.000 0.000 2.065 2.051 59.022 52.997 36.973 37.948 37.920 37.890 37.858 37.824 37.789 34.753 35.715 35.677 35.638 36.600 35.563 35.527 38.493 43.461 55.430 42.399 54.368 59.339 52.313 61.289 51.266 52.245 55.225 54.207 53.190 63.175 59.162 47.151 46.142 35.136 42.132 71.132 0.000 0.000 96.338 86.331 63.320 32.312 0.000 0.000 8.242 3.239 0.000 6.213 55.207 47.198 41.188 38.178 53.167 40.155 42.142 50.129 71.119 73.110 71.102 57.094 37.087 34.080 38.072 32.060
76.049 73.492 46.124 35.970 0.000 0.000 4.091 37.079 51.065 52.045 46.023 40.999 37.973 37.944 37.913 37.880 36.845 39.808 44.770 40.729 35.687 36.645 35.603 35.563 35.526 35.490 42.457 43.425 41.394 48.364 47.336 42.309 54.285 34.262 42.240 49.220 48.201 42.184 61.169 54.155 34.143 33.134 36.128 38.125 42.128 0.000 0.000 74.321 54.316 91.307 77.295 13.276 14.260 65.246 39.235 37.223 37.212 39.203 50.193 44.183 12.172 65.161 53.150 49.138 47.126 58.116 74.106 66.097 49.088 38.080 34.071 41.061 65.049
0.000 0.000 25.073 43.021 0.000 0.000 39.103 49.096 63.086 47.069 46.050 46.026 39.000 37.971 37.939 37.904 44.868 52.829 53.789 45.745 40.698 35.651 34.605 35.562 39.522 36.485 35.452 34.419 40.389 41.359 40.331 41.304 43.279 36.256 42.234 47.213 49.194 45.176 61.160 55.146 37.134 36.123 36.116 32.111 0.000 0.000 0.000 30.308 49.304 49.297 83.287 98.273 91.259 59.245 45.233 46.221 46.210 49.200 71.189 89.179 98.168 97.156 99.145 98.133 92.122 86.111 78.101 61.092 44.082 35.073 36.064 49.054 68.043
19.185 0.000 0.000 0.000 0.000 10.122 42.120 62.118 54.111 57.098 54.080 44.057 37.030 38.000 37.967 48.930 53.892 49.853 44.811 41.764 44.710 39.656 39.605 35.556 40.515 34.478 35.445 36.413 35.382 35.353 35.325 35.298 34.273 35.249 35.226 39.205 45.185 44.167 62.150 56.135 35.122 36.110 36.101 35.093 10.082 0.000 0.000 34.300 60.297 49.290 51.281 66.269 77.257 87.244 89.231 95.219 98.208 98.197 97.185 93.174 84.163 82.151 84.140 87.128 89.117 90.106 88.096 92.086 84.076 51.067 38.057 57.047 74.037
58.623 17.460 0.000 0.000 7.098 43.124 59.139 52.145 44.142 52.132 56.115 57.092 47.065 36.033 45.997 54.959 44.919 36.878 36.837 38.790 6.720 7.659 6.602 32.542 36.503 38.468 38.436 35.404 35.374 36.345 35.317 35.290 35.264 36.240 35.217 35.195 35.175 38.156 55.138 54.122 36.108 36.095 36.085 37.077 38.071 0.000 0.000 33.295 51.292 52.286 64.278 51.267 31.255 35.242 71.229 95.217 79.205 74.193 77.182 70.170 56.158 45.147 36.135 34.123 35.112 45.101 43.090 38.080 77.070 92.060 70.051 68.041 72.032
0.000 33.298 11.704 5.932 42.072 52.136 59.167 43.180 46.181 44.172 42.155 50.132 55.103 50.069 54.030 42.988 36.946 37.905 37.868 45.841 0.000 0.000 0.000 29.509 38.486 49.457 50.426 45.395 41.365 43.336 39.308 38.281 36.255 35.230 35.207 36.184 35.163 35.143 38.124 47.107 35.092 35.078 36.067 35.059 4.054 0.000 0.000 14.293 12.290 66.285 50.277 35.267 49.253 51.239 97.226 78.214 61.202 43.190 34.178 35.166 36.154 37.142 37.130 37.118 36.107 34.095 33.085 34.074 42.064 79.054 87.044 72.034 71.025
0.000 20.730 43.882 46.021 45.121 60.181 45.214 39.228 41.229 40.220 37.203 36.178 51.147 58.109 61.066 49.019 38.971 35.926 43.890 9.865 0.000 0.000 0.000 32.498 42.476 49.447 50.416 50.385 52.355 60.325 58.297 54.270 52.244 48.219 42.195 37.172 35.150 36.129 35.109 40.091 33.074 34.059 35.047 37.037 58.032 0.000 0.000 0.000 28.291 70.287 30.279 39.269 30.252 69.235 87.223 47.211 35.199 37.187 37.174 37.162 37.150 37.137 34.125 34.113 33.101 34.089 34.078 34.068 50.057 65.048 38.038 98.027 70.017
0.000 21.011 44.073 37.148 56.211 56.253 51.278 42.289 36.287 37.277 38.258 49.231 52.197 44.155 47.106 56.051 56.994 46.940 3.899 0.000 5.642 4.604 37.557 43.509 47.473 46.439 47.406 47.374 45.344 52.314 53.286 53.259 54.233 51.208 50.183 51.159 42.136 37.114 38.093 35.073 36.054 35.037 34.023 36.012 51.005 0.000 0.000 0.000 28.297 72.291 34.284 10.277 0.000 15.227 54.219 36.208 37.196 35.183 35.171 35.158 34.145 33.133 34.120 34.107 33.095 34.083 33.071 32.061 35.050 31.041 27.032 91.017 100.006
0.000 18.228 38.252 48.287 58.320 49.344 49.357 51.361 49.355 40.341 46.320 55.291 44.254 37.208 36.152 42.086 52.013 58.940 22.867 14.773 40.679 40.614 35.557 44.508 49.467 50.430 46.396 46.362 38.331 35.302 35.274 35.247 34.221 32.195 39.170 53.146 52.122 51.098 46.075 37.053 35.032 36.013 34.995 34.981 35.972 0.000 0.000 0.000 43.309 10.297 14.291 0.000 0.000 0.000 33.217 13.207 16.194 33.180 32.167 32.154 33.141 35.128 35.114 35.101 34.088 34.076 32.064 32.053 33.043 21.035 0.000 11.004 93.991
0.000 17.422 41.421 60.428 51.438 48.445 48.447 49.442 48.431 50.414 55.390 44.359 38.320 38.271 38.208 37.128 38.032 43.939 60.857 58.773 37.689 36.614 35.551 36.499 48.456 46.419 57.384 45.348 38.317 36.288 37.260 36.234 41.208 49.182 45.157 39.131 45.107 55.082 52.057 51.033 42.009 34.987 34.965 35.945 33.931 0.000 0.000 43.338 31.332 0.000 0.000 45.243 40.241 39.236 31.227 0.000 0.000 38.174 35.164 35.151 35.137 35.123 35.109 35.095 35.082 35.069 35.056 34.044 35.032 37.021 27.008 0.000 35.975
5.704 30.616 55.582 51.567 40.559 45.552 50.542 45.530 51.513 57.493 49.467 37.436 36.397 38.347 38.280 42.185 43.049 36.929 47.847 43.773 40.689 37.604 34.534 41.481 45.440 47.406 38.373 65.330 53.300 43.272 35.246 41.220 60.194 70.169 63.143 40.117 42.091 45.065 49.039 54.012 51.986 47.959 36.932 33.905 40.874 46.832 0.000 18.344 39.350 0.000 0.000 15.244 35.246 35.239 35.228 40.213 39.196 35.178 34.164 35.149 35.133 35.118 35.103 35.088 35.074 35.061 35.048 35.035 34.022 34.009 34.995 37.977 33.966
17.792 51.756 57.724 42.699 37.679 39.660 41.641 52.621 56.600 67.577 66.551 59.520 48.484 37.441 40.382 7.283 0.000 35.880 41.831 38.783 1.689 35.579 39.499 56.451 55.416 58.392 0.000 30.299 70.280 64.256 50.231 56.206 74.181 74.155 72.129 41.103 47.076 47.048 49.020 36.991 45.962 51.931 50.900 49.867 62.831 71.789 4.745 0.000 29.373 54.397 0.000 0.000 58.258 39.247 39.232 39.215 39.198 40.180 34.163 33.147 37.130 34.112 34.096 34.081 34.067 35.053 34.039 33.025 33.012 32.998 32.984 32.970 31.958
16.917 62.891 48.858 37.827 37.797 37.769 50.741 48.712 65.688 80.664 77.638 74.610 69.580 60.549 51.523 0.000 0.000 0.000 29.813 40.800 0.000 0.000 32.431 50.409 49.382 64.353 36.312 37.287 70.264 75.241 71.217 70.192 73.168 73.142 74.116 53.089 45.061 47.033 47.002 36.971 45.939 39.905 58.870 29.833 68.792 90.748 61.700 31.650 0.000 32.420 0.000 34.309 94.281 47.259 49.238 49.218 45.199 46.180 38.163 33.146 15.127 34.105 34.089 37.074 40.059 50.044 40.030 35.016 36.002 35.988 35.974 35.961 35.948
49.068 53.032 46.991 44.952 39.915 51.879 45.841 58.800 36.776 6.753 57.728 76.702 75.676 76.653 59.638 0.000 0.000 0.000 23.809 46.805 0.000 0.000 29.386 44.372 39.351 66.325 77.297 77.272 73.249 73.226 73.203 74.179 73.155 73.130 73.104 67.077 42.048 44.018 41.986 36.952 47.917 48.880 51.842 8.801 53.758 89.711 59.659 77.599 38.516 24.444 36.391 92.336 80.299 52.269 46.244 48.221 42.199 36.179 34.161 32.148 0.000 40.092 48.080 56.066 63.051 72.036 61.021 41.006 34.992 35.978 35.964 35.951 35.938
60.251 49.179 49.122 45.074 52.032 48.991 51.945 75.870 62.864 45.844 66.819 75.793 74.768 73.749 53.738 0.000 0.000 0.000 0.000 1.805 0.000 0.000 35.355 44.342 55.323 71.301 73.278 73.255 73.233 73.212 73.190 73.167 73.143 73.119 73.093 73.065 59.036 49.005 41.971 34.935 38.897 38.857 43.816 62.772 48.727 83.679 69.627 76.570 83.507 69.446 74.394 83.347 59.308 60.275 46.247 45.221 37.198 34.176 35.156 37.136 51.111 57.091 75.074 74.058 73.042 72.027 72.012 61.997 39.982 34.968 35.954 35.940 35.927
51.387 39.308 41.245 53.192 50.146 50.107 20.078 0.000 54.965 80.941 75.912 74.883 76.856 58.835 44.828 28.853 0.000 0.000 0.000 0.000 0.000 0.000 41.337 58.318 70.298 73.278 73.258 73.238 73.218 73.198 73.177 73.155 73.133 73.109 73.083 73.056 74.026 67.994 59.959 51.920 49.879 52.836 43.791 60.745 39.699 81.651 14.600 35.548 70.494 42.441 33.393 89.349 53.311 57.277 55.247 36.220 34.195 35.172 35.150 43.128 64.106 75.086 72.068 72.051 72.034 69.018 68.002 65.987 64.972 38.957 34.943 34.929 34.916
41.499 38.423 51.358 51.302 46.254 66.214 20.183 29.169 69.090 76.043 75.005 74.970 74.938 50.909 50.884 61.879 0.000 0.000 0.000 0.000 0.000 0.000 0.000 8.296 67.274 79.256 74.238 73.221 73.203 73.184 73.165 73.145 73.124 73.101 73.076 73.049 73.019 73.986 74.949 71.908 71.864 74.816 54.768 60.719 34.672 75.624 11.576 13.528 66.479 36.431 46.387 80.346 61.309 53.275 57.245 34.217 35.191 34.167 36.144 46.122 67.100 68.080 73.060 72.042 67.025 64.008 67.992 72.976 71.961 60.946 41.932 40.918 39.904
37.600 51.527 52.462 40.405 51.354 72.310 65.271 71.235 77.183 75.136 75.095 75.055 72.017 55.978 5.920 1.900 0.000 0.000 0.000 0.000 0.000 0.000 0.000 0.000 12.245 24.233 65.219 74.204 73.188 73.172 73.154 73.136 73.116 73.094 73.071 75.044 74.015 73.982 72.943 74.900 73.851 73.798 63.744 61.693 38.645 50.598 80.553 59.507 67.462 36.419 64.378 58.339 61.303 49.270 43.240 35.211 35.185 35.160 43.137 48.114 49.092 54.072 62.052 60.033 61.015 71.998 71.981 71.965 71.950 72.935 66.920 62.906 60.892
52.694 52.623 41.558 37.500 52.448 71.401 77.357 76.315 75.269 75.225 75.182 76.139 67.098 60.064 0.000 0.000 0.000 0.000 0.000 0.000 0.000 0.000 0.000 0.000 21.229 41.212 68.200 74.187 73.174 73.160 73.145 73.128 73.110 73.090 75.068 75.043 75.015 66.982 71.943 74.897 77.841 75.780 69.717 65.663 53.616 37.572 85.529 68.486 70.445 35.405 81.366 45.329 26.295 43.262 34.232 35.204 34.178 43.152 49.129 48.106 48.084 47.063 40.043 36.024 66.005 71.988 71.970 71.954 71.938 71.923 72.908 72.893 72.879
49.781 40.712 38.648 36.590 53.537 73.488 75.443 75.399 75.355 75.312 75.269 77.223 56.170 54.117 0.000 0.000 0.000 0.000 0.000 0.000 0.000 0.000 0.000 0.000 0.000 55.187 74.181 73.172 73.162 73.150 73.136 73.121 75.105 74.087 74.068 74.046 68.020 45.989 61.950 71.904 22.837 13.766 47.680 54.627 63.584 50.544 71.504 89.465 74.426 41.388 83.352 7.317 19.284 32.253 35.223 35.195 37.169 47.144 45.119 46.096 48.074 51.053 45.033 46.013 61.994 71.976 71.959 71.942 71.926 71.910 71.895 71.880 71.866
40.863 38.795 43.733 48.675 63.622 75.572 75.526 75.482 75.440 75.400 75.359 76.313 63.241 0.000 0.000 0.000 0.000 0.000 3.131 40.131 1.131 19.131 0.000 0.000 0.000 30.168 65.165 72.159 73.150 73.141 73.129 73.116 75.102 73.087 73.070 73.052 57.031 53.004 14.962 16.933 0.000 0.000 32.609 39.583 61.550 47.515 52.479 95.443 78.407 57.371 67.336 17.303 62.271 39.241 35.212 35.185 37.159 46.133 57.109 57.086 59.064 65.042 60.022 71.002 71.983 71.964 71.947 71.930 71.913 71.897 71.882 71.867 71.853
41.940 38.874 45.813 64.755 75.702 75.653 75.607 75.564 75.524 75.487 75.454 81.430 0.000 0.000 0.000 0.000 0.000 0.000 40.131 52.131 39.131 54.131 50.132 0.000 20.145 52.151 59.151 70.147 73.141 73.133 73.123 74.113 73.101 73.088 73.074 69.060 58.046 63.035 0.000 0.000 0.000 16.557 49.564 41.545 59.518 35.487 37.454 85.421 84.386 76.353 62.320 62.288 51.257 46.228 35.200 35.173 35.147 45.122 67.098 74.075 73.053 73.031 65.010 71.990 71.971 71.952 71.934 71.916 71.900 71.884 71.868 71.853 71.839
40.013 37.949 52.888 72.832 76.779 75.730 75.685 75.643 75.605 75.570 75.541 82.521 0.000 0.000 0.000 0.000 0.000 0.000 29.131 49.131 49.131 48.131 51.132 35.135 43.139 51.142 51.141 68.139 74.134 73.127 73.119 73.110 73.100 73.090 74.079 66.069 62.060 56.054 0.000 0.000 0.000 9.550 13.543 41.517 60.489 37.461 33.431 72.399 89.366 86.333 67.302 46.271 45.242 46.214 37.187 34.161 35.135 38.110 49.086 69.063 72.041 72.019 63.998 71.977 71.958 71.939 71.920 71.903 71.886 71.869 71.854 71.839 71.824
39.083 41.020 60.960 76.904 75.852 75.804 75.760 75.719 75.682 75.648 77.618 75.594 0.000 0.000 0.000 0.000 0.000 0.000 15.131 54.131 60.131 65.131 56.131 55.132 49.134 45.135 56.134 70.132 73.128 73.122 76.116 74.108 73.100 73.092 73.084 68.076 60.070 55.067 30.071 0.000 0.000 0.000 0.000 3.489 52.461 38.437 34.410 67.378 98.345 79.313 58.282 49.254 51.226 49.199 44.173 33.147 35.122 34.098 38.074 57.051 72.028 72.006 63.985 71.964 71.944 71.925 71.906 71.888 71.871 71.855 71.839 71.824 71.809
39.150 49.087 69.028 76.973 75.922 75.874 75.831 75.791 75.755 76.722 74.690 62.642 46.642 0.000 0.000 0.000 0.000 0.000 17.131 55.131 64.130 64.130 68.130 70.130 53.130 52.130 67.129 73.127 73.123 73.119 74.113 73.107 73.101 73.094 73.087 71.081 59.077 60.074 54.075 0.072 0.000 0.000 0.000 0.000 38.430 38.416 32.392 77.360 65.323 71.290 41.262 61.235 55.209 48.183 48.158 39.133 34.109 35.085 34.061 46.037 69.015 70.992 64.971 71.950 72.930 71.910 71.891 71.873 71.856 71.839 71.823 71.808 71.793
