results3_8e3_rain/res_3e8f-0202.wd
ncols         241
nrows         181
xllcorner     12693529.787448
yllcorner     3542525.717860
cellsize      155.156523
NODATA_value  -9999.000000
[rows 0 to 32 of 181, columns 146 to 218 of 241]
0.000 0.000 0.000 0.000 0.000 0.000 0.000 0.000 0.000 0.000 0.000 0.000 0.000 0.000 5.821 16.671 17.431 17.136 16.811 16.475 16.144 15.836 15.561 15.326 15.135 14.987 14.877 14.801 14.752 14.726 14.714 19.710 0.000 0.000 0.000 0.000 0.000 0.000 0.000 0.000 0.000 0.000 0.000 0.000 0.000 0.000 0.000 0.000 0.000 20.057 27.057 0.000 0.000 46.218 51.218 0.000 0.000 0.000 0.000 0.000 0.000 0.000 0.000 0.000 0.000 0.000 0.000 0.000 0.000 0.000 0.000 0.000 0.000
0.000 0.000 0.000 0.000 0.000 0.000 0.000 0.000 0.000 0.000 0.000 0.000 0.000 1.366 16.970 17.762 17.485 17.166 16.822 16.468 16.123 15.803 17.520 16.283 15.093 14.948 14.843 14.773 14.731 14.711 14.706 19.706 0.000 0.000 0.000 0.000 0.000 0.000 0.000 0.000 0.000 0.000 0.000 0.000 0.000 0.000 0.000 0.000 17.058 39.057 15.057 0.000 25.218 58.218 52.218 0.000 0.000 0.000 0.000 0.000 0.000 0.000 0.000 0.000 0.000 0.000 0.000 0.000 37.215 0.000 0.000 0.000 0.000
0.000 0.000 0.000 0.000 0.000 0.000 0.000 0.000 0.000 0.000 0.000 0.000 0.000 20.601 19.255 17.922 17.580 17.222 16.843 16.454 16.076 17.731 17.434 15.193 15.006 14.869 14.775 14.717 14.687 14.680 16.696 10.701 0.000 0.000 0.000 0.000 0.000 0.000 0.000 0.000 0.000 0.000 0.000 0.000 0.000 0.000 0.000 0.000 29.058 0.000 0.000 20.218 51.218 13.218 0.000 0.000 0.000 0.000 0.000 0.000 0.000 0.000 0.000 0.000 6.216 0.000 0.000 0.000 40.215 12.215 0.000 0.000 0.000
0.000 0.000 0.000 0.000 0.000 0.000 0.000 0.000 0.000 0.000 0.000 0.000 3.106 20.019 18.526 18.091 17.694 17.297 16.873 16.429 16.997 16.611 15.293 15.047 14.869 14.747 14.672 14.632 14.620 20.626 0.000 0.000 0.000 0.000 0.000 0.000 0.000 0.000 0.000 0.000 0.000 0.000 0.000 14.058 0.000 0.000 0.000 13.058 73.058 3.058 0.000 26.218 53.218 0.000 0.000 0.000 0.000 0.000 0.000 0.000 0.000 0.000 12.216 18.216 37.216 0.000 0.000 30.215 39.215 40.215 12.215 0.000 0.000
0.000 0.000 0.000 0.000 0.000 0.000 0.000 0.000 0.000 0.000 0.000 8.180 1.355 3.023 18.741 18.221 17.806 17.400 16.924 16.393 16.871 16.424 15.079 14.835 14.674 14.579 14.532 14.520 15.533 16.580 0.000 0.000 0.000 0.000 0.000 0.000 0.000 0.000 0.000 0.000 0.000 0.000 15.058 38.058 33.058 0.000 0.000 29.058 57.058 0.000 0.000 0.000 53.219 8.219 0.000 0.000 0.000 0.000 0.000 0.000 0.000 0.000 52.216 56.216 58.216 0.215 0.000 43.215 38.215 38.215 48.215 0.000 0.000
0.000 0.000 0.000 0.000 0.000 0.000 0.000 0.000 0.000 0.000 10.902 3.503 1.871 1.295 1.430 16.246 17.910 17.574 17.028 18.348 17.671 15.133 14.765 14.538 14.415 14.363 14.359 14.383 20.414 0.000 0.000 0.000 0.000 0.000 0.000 0.000 0.000 0.000 0.000 0.000 0.000 0.000 0.000 18.058 39.058 31.058 29.058 11.058 42.058 15.058 0.000 0.000 38.219 51.219 42.219 40.219 49.219 0.000 0.000 0.000 0.000 0.000 52.216 54.216 59.216 38.215 27.215 44.215 47.215 0.000 0.000 0.000 12.212
0.000 0.000 0.000 0.000 0.000 0.000 0.000 0.000 0.000 0.000 7.302 4.005 3.636 3.139 0.446 0.637 11.013 18.959 18.267 18.300 15.330 14.674 14.310 14.139 14.084 14.099 14.157 14.237 9.326 0.000 0.000 0.000 0.000 0.000 35.067 68.067 2.067 0.000 8.067 49.067 0.000 0.000 0.000 15.058 39.058 52.058 87.058 49.058 50.058 21.058 0.000 0.000 35.219 54.219 39.219 35.219 52.219 0.000 0.000 0.000 0.000 0.000 39.216 45.216 41.216 41.216 45.215 48.215 56.215 0.000 0.000 0.000 35.212
0.000 0.000 0.000 0.000 0.000 0.000 0.000 0.000 0.000 30.556 30.999 7.572 3.185 3.423 3.073 0.802 0.374 5.981 18.779 16.256 14.676 13.924 13.661 13.623 13.682 13.793 14.932 12.085 0.000 0.000 0.000 0.000 0.000 0.000 10.067 56.067 63.067 45.067 37.067 9.067 0.000 0.000 0.000 0.000 0.000 13.058 80.058 59.058 6.058 0.000 0.000 0.000 0.000 47.219 62.219 60.219 62.219 54.219 46.218 49.218 48.218 57.217 61.217 58.216 59.216 59.216 54.215 49.215 46.215 0.000 0.000 0.000 0.000
0.000 0.000 0.000 0.000 0.000 0.000 0.000 0.000 24.674 42.113 43.564 33.071 9.654 2.069 3.079 0.846 2.815 8.157 6.614 16.267 13.195 12.683 12.788 13.009 13.229 14.457 14.695 0.000 0.000 0.000 0.000 0.000 0.000 0.000 0.000 8.067 54.067 64.067 69.067 8.067 0.000 0.000 0.000 0.000 0.000 9.059 52.058 44.058 49.058 16.058 0.000 0.000 31.220 59.219 44.219 38.219 45.219 57.219 45.218 44.218 53.218 62.217 49.217 45.216 48.216 54.216 60.215 62.215 60.215 46.214 37.213 20.213 29.213
0.000 0.000 0.000 0.000 0.000 0.000 0.000 20.806 30.235 45.657 43.075 43.494 35.914 12.342 1.214 4.767 14.307 6.477 2.259 3.049 6.153 10.827 11.798 12.396 12.768 18.113 0.000 0.000 0.000 0.000 0.000 0.000 8.068 6.068 0.000 0.000 21.067 67.067 20.067 0.000 0.000 0.000 0.000 0.000 0.000 48.059 58.059 34.058 50.058 70.058 10.058 0.000 37.220 61.220 40.219 34.219 37.219 50.219 39.219 39.218 41.218 43.217 40.217 41.217 35.216 39.216 45.215 46.215 44.214 53.214 55.213 58.213 66.213
0.000 0.000 0.000 0.000 0.000 0.000 25.935 24.376 47.803 44.207 43.583 42.916 43.166 38.221 20.727 12.441 8.131 0.000 0.051 4.375 2.161 3.359 11.182 12.008 17.335 0.000 0.000 0.000 0.000 0.000 0.000 3.068 45.068 4.068 0.000 0.000 28.068 68.068 7.067 0.000 0.000 0.000 0.000 0.000 43.061 87.060 20.059 23.058 45.058 72.057 12.057 0.000 34.220 59.220 39.220 32.220 35.219 37.219 33.219 32.218 39.218 55.218 38.217 34.217 48.216 44.216 41.215 48.215 48.214 51.214 60.213 64.213 51.212
0.000 0.000 0.000 0.000 0.000 29.983 18.493 46.962 45.393 44.786 44.134 43.422 42.614 42.649 39.450 25.144 4.441 0.363 0.073 46.269 4.539 0.082 0.107 14.120 10.227 0.000 0.000 0.000 0.000 0.000 0.000 3.068 41.068 36.068 45.068 57.068 61.068 51.068 0.000 0.000 6.064 42.063 57.063 62.062 86.061 42.061 0.000 0.000 47.057 35.057 0.000 0.000 37.220 64.220 51.220 35.220 83.220 111.219 60.219 36.219 52.218 99.218 51.217 28.217 93.216 66.216 41.215 48.215 50.214 40.214 49.213 62.213 45.212
0.000 0.000 0.000 0.000 0.000 19.473 41.092 47.587 46.021 45.408 44.746 44.023 43.219 42.308 42.293 41.201 30.376 4.979 50.867 47.923 0.375 0.155 0.054 0.060 0.000 0.000 0.000 0.000 0.000 0.000 6.068 40.068 36.068 41.068 55.068 65.068 49.068 36.068 1.067 0.000 4.064 51.064 50.063 46.062 85.062 45.061 0.000 0.000 26.057 18.056 0.000 30.221 58.221 60.221 54.220 42.220 41.220 74.220 115.219 53.219 46.219 103.218 54.218 28.217 100.216 70.216 33.215 35.215 41.214 32.214 46.213 45.213 33.212
0.000 0.000 0.000 0.000 23.999 34.345 49.814 47.272 46.696 46.080 45.419 44.706 43.927 43.087 42.127 41.389 40.248 52.596 52.270 1.026 0.514 9.623 0.000 0.000 0.000 0.000 0.000 0.000 1.068 56.068 59.068 41.068 40.068 55.068 65.069 51.068 34.068 36.067 36.067 34.066 32.065 44.064 47.063 57.063 97.062 31.062 0.000 0.000 63.056 13.056 0.000 27.221 57.221 57.221 44.221 36.221 32.221 42.220 39.220 79.219 110.219 127.218 108.218 97.217 123.217 117.216 108.215 54.215 34.214 51.214 46.213 35.213 30.212
0.000 0.000 0.000 25.190 34.654 52.094 48.548 47.992 47.410 46.797 46.146 45.450 44.718 43.876 43.331 40.961 52.634 52.629 36.834 19.132 6.290 0.000 0.000 0.000 0.000 0.000 0.000 0.000 42.068 9.068 0.000 20.068 58.069 62.069 54.069 39.069 5.069 0.000 3.066 38.066 34.065 44.064 43.063 66.063 63.062 0.000 0.000 5.055 66.055 12.056 0.000 25.222 55.222 67.222 46.221 52.221 75.221 52.221 34.220 58.220 81.219 115.219 81.218 61.218 109.217 99.216 74.216 43.215 29.214 100.214 68.213 40.213 30.212
0.000 0.000 0.000 30.726 50.332 49.828 49.292 48.736 48.157 47.551 47.913 47.253 45.493 45.069 42.493 52.700 52.645 40.412 42.031 39.648 23.607 4.605 0.000 0.000 0.000 0.000 0.000 44.068 13.068 0.000 0.000 0.000 26.069 58.069 36.069 34.070 40.070 3.071 0.000 39.067 37.066 43.065 44.064 66.062 62.062 0.000 0.000 26.055 73.055 9.055 0.000 27.222 58.222 61.222 42.222 42.222 88.222 123.221 72.221 40.220 56.220 103.219 63.218 30.218 96.217 83.216 41.216 33.215 26.214 107.214 71.213 43.213 44.212
0.000 0.000 31.342 48.657 52.120 50.593 50.056 49.503 48.931 49.335 47.725 47.024 46.684 44.111 53.143 52.853 41.916 42.766 41.763 32.109 12.855 0.000 0.000 0.000 0.000 0.000 0.000 40.068 14.068 0.000 0.000 0.000 0.000 0.000 0.000 39.070 36.071 35.071 37.070 39.068 35.067 43.065 45.064 57.062 53.060 15.058 34.056 67.055 18.054 0.000 0.000 27.222 54.222 60.223 46.223 31.223 33.223 58.222 45.222 27.221 45.220 100.220 56.219 22.218 93.217 78.217 36.216 32.215 28.214 106.214 71.213 43.212 34.212
0.000 30.619 44.026 53.441 51.898 51.369 50.835 50.290 50.727 50.155 48.496 48.207 45.640 54.092 53.567 43.586 44.586 42.467 29.656 0.000 0.000 0.000 0.000 0.000 0.000 0.000 0.000 0.000 14.068 0.000 0.000 0.000 0.000 0.000 0.000 0.000 43.073 53.073 64.071 52.069 41.068 45.066 42.064 47.062 40.060 59.057 77.055 65.054 11.053 0.000 0.000 26.223 52.223 57.223 63.224 61.224 49.224 39.223 52.223 84.222 103.221 124.220 104.219 87.218 121.217 114.217 96.216 56.215 29.214 104.214 76.213 48.212 35.212
27.693 39.212 53.703 53.181 52.664 52.148 51.627 52.092 51.553 49.928 49.677 47.127 55.326 54.687 45.160 46.309 47.250 25.510 0.000 0.000 0.000 0.000 0.000 0.000 0.000 0.000 0.000 0.000 0.000 0.000 0.000 0.000 0.000 0.000 0.000 0.000 41.075 45.075 63.073 22.070 2.068 52.066 43.064 46.062 42.059 30.056 49.054 64.052 51.052 10.051 0.000 0.000 17.223 60.224 62.225 55.225 43.225 52.224 103.224 94.223 75.222 76.221 77.220 77.219 77.218 78.217 80.216 51.215 31.214 103.214 79.213 42.212 36.212
31.174 54.833 54.392 53.916 53.428 52.934 52.428 51.921 51.330 51.113 48.583 56.670 55.989 46.633 47.849 46.837 42.323 1.781 0.000 0.000 0.000 0.000 0.000 0.000 0.000 0.000 0.000 0.000 0.000 0.000 0.000 0.000 0.000 0.000 0.000 0.000 42.079 53.078 37.076 0.000 6.069 49.067 46.065 13.062 3.058 34.055 48.052 63.050 60.050 29.050 0.000 0.000 0.000 0.000 29.227 44.227 28.226 89.226 90.225 39.224 45.223 87.221 58.220 30.219 76.218 66.217 46.216 44.215 35.214 103.214 74.213 31.212 32.212
48.996 56.555 55.116 54.664 54.200 54.726 53.253 52.699 52.522 50.017 58.050 57.356 47.014 49.263 48.256 48.632 17.969 0.000 0.000 0.000 0.000 0.000 0.000 0.000 0.000 0.000 0.000 0.000 0.000 0.000 0.000 0.000 0.000 0.000 0.000 9.086 62.083 60.081 64.078 61.076 57.072 57.069 51.066 10.063 3.058 34.053 47.049 65.047 72.048 35.049 0.000 0.000 0.000 0.000 23.229 36.229 56.228 103.227 66.226 26.225 94.224 95.222 44.220 31.219 52.218 108.217 67.216 35.215 35.215 98.214 116.213 103.212 108.211
58.693 56.274 55.853 55.423 54.980 56.540 54.023 53.893 51.427 59.446 58.745 42.326 46.532 50.591 47.058 24.336 0.000 0.000 0.000 0.000 0.000 0.000 0.000 0.000 0.000 0.000 0.000 0.000 0.000 0.000 0.000 0.000 0.000 0.000 0.000 61.089 60.086 61.084 63.081 62.077 60.074 61.071 54.068 9.065 0.000 35.048 47.044 70.042 43.045 0.000 0.000 0.000 0.000 21.233 51.232 30.231 95.230 89.229 33.228 89.226 102.225 51.222 39.221 42.219 37.218 68.217 107.216 64.215 27.215 98.214 101.213 75.212 17.211
49.374 55.997 56.601 56.190 55.780 55.294 55.208 52.781 60.805 60.149 25.562 30.739 33.622 52.292 35.915 0.000 0.000 0.000 0.000 0.000 0.000 0.000 0.000 50.566 39.565 0.000 0.000 0.000 0.000 0.000 0.000 0.000 0.000 0.000 0.000 38.093 32.091 35.087 39.083 34.079 33.075 32.072 34.069 38.065 32.059 25.048 40.038 19.032 0.000 0.000 0.000 0.000 0.000 23.235 46.234 37.233 38.232 38.231 30.229 51.228 52.227 0.000 0.000 13.218 43.217 36.216 58.216 51.215 33.215 66.214 14.214 0.000 12.210
28.093 43.738 56.360 58.978 56.515 56.460 54.041 61.934 61.412 34.732 0.000 44.080 0.000 55.915 24.416 0.000 0.000 0.000 0.000 0.000 0.000 0.000 0.000 57.566 51.565 0.000 0.000 0.000 0.000 0.000 0.000 0.000 0.000 24.130 0.000 39.101 35.097 35.091 35.085 35.081 35.077 35.073 35.070 37.067 15.064 0.000 10.027 41.015 11.005 0.000 0.000 0.000 24.238 55.237 43.236 42.235 34.234 35.232 35.231 33.230 47.229 7.229 0.000 0.000 14.217 39.216 34.216 47.215 46.215 0.000 0.000 0.000 12.209
19.858 27.501 50.142 54.715 57.673 55.211 62.718 62.368 41.621 17.427 0.000 60.733 58.635 45.046 0.000 0.000 0.000 0.000 0.000 0.000 0.000 0.000 60.572 66.567 37.564 0.000 0.000 0.000 0.000 0.000 0.000 0.000 0.000 41.130 39.124 36.113 35.104 32.094 36.087 36.082 36.078 36.074 36.071 39.069 12.067 0.000 0.000 38.998 38.994 8.989 0.000 0.000 9.239 42.239 35.239 34.238 33.236 33.234 33.233 33.231 34.230 43.229 0.000 0.000 0.000 7.216 40.216 43.215 41.215 0.000 0.000 0.000 36.209
23.645 34.275 38.898 36.797 48.351 63.128 62.972 46.611 25.372 18.874 0.000 40.462 53.127 26.586 0.000 0.000 0.000 0.000 48.613 54.610 46.603 44.590 53.576 46.568 36.559 0.000 0.000 0.000 0.000 0.000 0.000 0.000 0.000 39.136 36.130 35.122 9.113 0.000 41.086 35.082 35.078 35.074 35.071 36.069 10.068 0.000 0.000 39.985 38.985 9.984 0.000 0.000 39.241 35.242 35.242 35.241 34.239 34.236 38.234 0.000 5.230 8.230 0.000 0.000 0.000 0.000 40.215 35.215 35.215 36.215 0.000 8.209 38.209
35.391 49.028 24.744 23.616 63.194 63.191 49.610 36.334 32.669 37.507 0.000 7.526 42.827 0.000 0.000 0.000 0.000 44.620 48.616 50.613 48.610 0.000 0.000 0.000 48.546 32.532 0.000 0.000 0.000 0.000 0.000 0.000 7.156 49.147 46.139 21.131 0.000 0.000 54.088 40.084 36.079 35.074 39.070 16.069 0.000 14.963 52.966 33.973 37.976 9.978 0.000 0.000 0.000 40.246 35.245 39.245 6.244 0.000 0.000 0.000 0.000 0.000 0.000 0.000 0.000 0.000 40.215 35.215 35.215 40.215 0.000 0.000 12.208
56.101 44.685 24.747 20.244 63.158 24.656 30.380 32.605 36.279 54.861 64.309 52.289 0.000 0.000 0.000 0.000 42.626 36.623 42.620 57.616 56.614 0.000 0.000 0.000 0.000 49.519 0.000 0.000 0.000 35.202 0.000 0.000 51.164 50.157 56.147 49.134 14.120 68.107 65.095 63.086 61.079 53.072 34.067 21.068 0.000 28.961 81.961 35.965 36.968 10.973 0.000 0.000 0.000 45.250 31.249 36.249 7.248 0.000 0.000 0.000 0.000 0.000 0.000 0.000 0.000 36.215 38.215 40.215 34.215 39.215 0.000 0.000 9.208
64.691 51.786 34.087 62.760 20.684 22.470 21.635 21.274 30.839 58.371 53.775 25.032 0.000 0.000 41.635 7.633 49.630 41.626 52.623 47.618 26.616 0.000 0.000 0.000 0.000 53.506 29.502 0.000 0.000 31.202 39.202 43.195 45.181 47.170 37.158 34.137 42.119 42.107 62.097 45.088 39.078 37.068 17.058 0.000 4.966 23.957 91.953 47.957 13.960 0.000 0.000 0.000 3.255 58.255 31.254 38.252 10.251 0.000 0.000 0.000 0.000 0.000 0.000 0.000 15.215 38.215 53.215 51.215 44.215 3.215 0.000 0.000 10.208
62.751 60.993 62.339 39.621 27.522 23.663 23.297 21.870 28.457 44.004 39.389 0.000 0.000 0.000 44.637 65.635 60.633 61.629 43.626 0.000 0.000 0.000 0.000 0.000 44.493 35.497 27.498 0.000 0.000 0.000 43.208 47.203 47.193 47.185 31.178 0.000 38.112 39.105 63.098 49.090 43.079 29.062 36.039 51.007 70.974 59.950 83.937 48.950 12.955 0.000 0.000 0.000 0.000 56.261 32.259 33.256 38.253 0.000 0.000 0.000 0.000 0.000 0.000 0.000 0.000 8.215 57.215 54.215 7.215 0.000 0.000 0.000 6.208
60.833 62.283 61.483 60.494 42.637 22.282 22.865 23.479 22.109 24.799 0.000 0.000 0.000 0.000 60.640 50.639 48.637 44.633 0.000 0.000 0.000 0.000 0.000 45.488 36.489 32.491 15.494 0.000 0.000 0.000 43.220 51.214 60.206 59.197 61.191 49.192 0.000 7.103 66.101 50.094 24.087 0.000 39.030 49.007 75.974 37.933 21.896 0.000 0.000 0.000 0.000 0.000 9.277 47.270 34.264 35.258 38.253 11.249 0.000 0.000 0.000 0.000 0.000 0.000 0.000 0.000 14.215 15.215 0.000 0.000 0.000 0.000 7.208
62.290 61.265 63.376 63.538 47.207 23.804 26.430 26.066 23.704 24.283 0.000 40.647 0.000 6.645 54.644 54.643 61.642 0.000 0.000 19.559 7.559 0.000 0.000 40.487 34.485 28.483 0.000 0.000 0.000 0.000 41.238 42.229 44.218 43.207 41.198 33.193 0.000 0.000 68.108 54.100 39.087 2.069 38.044 49.018 72.982 28.910 24.817 7.752 0.000 0.000 0.000 0.000 9.284 54.278 33.270 35.260 35.251 36.245 40.239 12.236 0.000 0.000 0.000 0.000 0.000 0.000 0.000 0.000 0.000 0.000 0.000 0.000 0.000
61.979 64.177 63.367 64.065 37.682 28.325 47.980 41.651 23.356 1.042 0.000 37.647 52.647 57.646 43.647 64.647 56.647 0.000 0.000 33.560 64.558 16.553 0.000 41.489 35.481 32.472 0.000 0.000 49.318 45.298 41.266 43.245 48.229 48.215 46.201 57.188 49.169 9.149 68.125 60.109 60.094 52.077 33.058 51.040 59.024 0.000 27.710 10.687 0.000 0.000 0.000 0.000 19.297 58.287 30.276 32.262 33.248 34.240 39.235 11.234 0.000 0.000 0.000 0.000 0.000 0.000 0.000 0.000 0.000 0.000 0.000 0.000 0.000
