results3_8e3_rain/res_3e8f-0113.wd
ncols         241
nrows         181
xllcorner     12693529.787448
yllcorner     3542525.717860
cellsize      155.156523
NODATA_value  -9999.000000
[rows 66 to 98 of 181, columns 73 to 145 of 241]
69.312 33.301 0.000 58.478 75.457 74.428 74.400 0.000 45.818 45.801 58.811 54.820 53.800 53.755 52.689 128.594 116.429 0.000 0.000 0.000 49.225 44.167 49.080 52.023 51.976 53.933 54.893 59.848 60.808 61.763 52.702 0.000 0.000 50.001 100.001 81.912 85.765 85.845 83.892 91.817 84.290 84.764 85.498 84.265 84.039 84.830 54.671 0.000 0.000 0.000 0.000 0.000 0.000 0.000 34.024 32.006 31.971 31.922 31.860 31.796 35.726 48.652 45.576 30.500 41.423 50.347 29.272 32.200 38.127 43.056 38.985 32.916 30.848
54.313 60.290 0.000 46.688 70.653 69.626 63.628 16.709 0.000 0.000 51.887 64.962 53.961 52.931 53.888 34.848 0.000 0.000 0.000 0.000 0.000 0.000 60.021 57.997 55.967 38.930 41.889 48.845 49.812 54.779 45.741 0.000 0.000 0.000 60.240 78.146 85.078 85.165 92.254 92.043 84.367 85.051 84.757 84.542 84.326 79.134 36.999 0.000 1.190 34.190 0.000 0.000 0.000 40.060 35.060 32.040 32.004 31.956 31.899 31.836 31.768 31.696 38.623 52.548 53.473 36.398 30.325 31.253 32.181 36.111 35.041 30.972 30.905
56.322 55.256 60.125 57.931 71.841 64.794 65.777 62.790 0.000 0.000 0.000 67.179 62.153 57.118 59.086 6.063 0.000 0.000 0.000 0.000 0.000 0.000 58.985 54.976 45.965 0.000 0.000 46.830 58.815 57.801 0.000 0.000 5.948 62.828 54.574 58.394 65.468 80.524 92.450 84.119 85.668 85.227 85.033 84.810 82.592 65.383 44.191 50.190 48.190 29.190 0.000 0.000 0.000 0.000 49.117 31.090 32.050 36.000 43.943 33.880 31.813 30.743 34.670 49.597 56.523 48.449 34.377 29.305 31.234 31.165 31.096 31.028 29.961
56.361 54.287 58.187 69.071 62.987 55.931 74.897 63.884 15.899 0.000 9.565 59.423 75.351 70.305 70.272 73.255 0.000 0.000 0.000 0.000 4.945 4.949 56.959 47.957 50.952 0.000 0.000 0.000 94.817 121.809 36.809 0.000 62.068 56.965 56.803 56.708 52.789 92.811 92.636 85.169 88.770 85.512 85.298 85.079 76.847 29.615 0.000 52.190 30.190 0.000 0.000 0.000 37.306 36.272 35.201 31.153 35.105 47.052 51.993 49.930 42.862 32.792 41.719 49.646 28.572 34.500 47.428 44.357 40.287 48.218 29.150 31.082 29.015
54.416 60.346 70.265 62.180 54.106 54.046 66.996 74.949 70.914 73.842 75.706 70.598 65.525 67.476 56.445 55.429 0.000 0.000 0.000 5.939 61.941 60.943 48.945 50.941 51.933 55.916 54.905 0.000 5.828 0.000 0.000 8.452 68.290 61.161 56.000 57.090 55.133 92.970 54.797 62.382 76.973 84.789 85.570 83.359 42.103 0.000 0.000 0.000 0.000 0.000 0.000 38.363 32.340 32.309 32.263 33.216 43.165 52.110 51.049 50.984 46.915 42.843 52.770 35.696 30.622 31.549 31.477 41.408 54.339 41.271 29.204 30.136 36.070
60.480 71.417 61.347 54.277 55.211 55.152 57.092 41.003 66.967 64.906 56.820 53.738 52.675 68.631 70.602 57.588 0.000 0.000 0.000 61.937 57.937 54.937 47.935 51.931 51.923 51.910 51.895 10.869 13.839 14.809 16.755 84.614 81.482 70.352 69.307 58.304 93.253 93.118 56.854 63.499 58.271 65.070 83.837 58.683 0.000 0.000 0.000 0.000 0.000 0.000 0.000 38.386 32.382 32.362 32.326 33.282 42.230 52.173 51.109 50.041 46.970 51.896 45.820 29.745 31.670 31.597 31.526 41.457 49.390 28.325 31.258 34.189 53.123
71.551 61.493 54.431 55.368 55.309 56.257 37.218 0.000 24.045 51.996 54.928 54.860 54.807 52.769 76.744 60.733 0.000 0.000 0.000 38.935 55.933 49.932 50.929 51.925 51.918 51.907 51.894 62.875 2.849 6.834 23.843 76.767 86.664 8.552 90.473 80.663 93.371 55.435 69.075 65.715 55.582 52.382 49.024 33.854 0.000 0.000 33.946 0.000 0.000 0.000 0.000 34.413 32.441 32.430 32.399 32.355 33.302 39.241 47.175 47.103 47.028 50.950 28.872 31.794 31.718 30.644 36.573 53.505 36.440 30.379 33.316 14.238 15.167
61.628 54.573 55.515 55.457 55.400 58.349 14.305 12.271 5.173 50.104 55.036 56.966 54.923 53.893 71.874 67.866 0.000 0.000 0.000 0.000 46.929 49.928 51.925 51.921 51.916 51.908 53.898 39.886 0.000 0.000 74.014 76.949 87.857 93.727 87.830 85.865 93.471 76.488 79.188 64.028 56.931 49.855 0.000 0.000 0.000 0.000 31.946 0.000 0.000 0.000 0.000 0.000 35.538 32.519 32.485 32.438 32.381 32.317 32.245 39.168 47.088 35.005 31.923 31.842 31.763 34.688 47.616 47.549 29.488 31.434 34.391 1.368 0.000
54.708 55.655 55.600 55.543 55.487 55.433 59.384 60.334 60.271 56.211 56.146 36.046 53.026 54.007 69.994 68.990 0.000 0.000 0.000 0.000 45.926 51.925 51.923 51.920 51.916 51.910 39.904 0.000 0.000 2.413 79.252 85.158 88.057 88.003 87.079 93.606 85.976 88.691 83.378 68.318 58.256 57.252 57.390 0.000 0.000 0.000 28.946 35.947 28.947 0.000 0.000 0.000 50.654 31.625 32.583 32.531 32.469 33.399 32.321 32.237 32.150 32.061 31.973 31.887 30.805 36.727 51.655 28.589 31.529 31.477 33.437 8.417 0.000
55.793 55.740 55.686 55.629 55.571 55.514 55.461 55.412 55.366 55.324 59.292 0.000 46.128 55.115 71.105 66.110 2.153 0.000 0.000 0.000 50.924 53.923 53.922 53.919 51.916 54.914 0.000 0.000 0.000 71.548 77.463 88.374 88.253 88.360 86.406 93.816 87.113 91.756 87.645 88.578 76.527 64.507 53.528 48.528 50.528 0.000 0.000 34.948 29.947 35.942 36.928 34.890 40.798 50.744 32.692 33.633 42.566 49.488 31.403 32.310 32.214 32.117 32.021 30.929 35.843 54.762 48.689 37.622 30.562 31.510 33.464 48.423 66.371
55.881 55.828 55.773 55.716 55.654 55.591 55.535 58.486 56.456 55.427 59.405 0.000 46.243 55.221 72.201 64.191 4.196 0.000 0.000 0.000 23.923 33.923 32.921 32.919 53.917 38.916 0.000 0.000 0.000 73.752 83.681 88.590 88.546 87.648 94.460 94.156 88.182 89.024 87.881 87.823 88.767 79.723 44.686 0.000 0.000 0.000 0.000 32.949 32.951 29.952 31.951 32.944 31.905 38.860 52.808 35.745 33.672 43.587 31.491 32.387 32.279 32.170 32.066 31.966 39.874 52.790 39.715 51.648 29.589 30.535 35.487 56.441 68.392
55.971 55.919 55.864 55.806 55.740 58.663 60.600 32.543 53.544 56.523 58.497 18.473 49.380 54.326 66.285 64.258 5.244 0.000 0.000 0.000 0.000 0.000 0.000 0.000 34.917 0.000 0.000 0.000 22.198 72.028 88.919 88.799 88.913 86.997 94.735 86.774 92.479 88.172 88.125 88.057 87.997 77.930 38.808 0.000 0.000 0.000 0.000 0.000 35.957 36.963 23.981 32.030 33.019 32.984 36.933 52.869 35.790 32.697 32.588 32.468 32.343 32.221 30.105 35.997 54.898 35.810 34.734 48.667 32.608 30.556 37.508 63.463 68.417
56.063 56.012 55.959 55.903 57.835 33.719 35.660 0.000 15.653 51.625 55.587 59.543 55.478 58.416 63.355 68.313 7.279 0.000 0.000 0.000 0.000 0.000 0.000 0.000 0.000 0.000 0.000 5.488 81.368 83.246 89.139 89.093 88.211 95.230 94.991 87.839 88.553 88.423 88.352 88.288 87.232 67.192 0.000 0.000 0.000 0.000 0.000 0.000 0.000 27.963 0.000 39.175 36.159 32.124 32.072 34.006 50.924 39.822 31.698 32.553 32.406 31.267 36.137 38.017 36.910 33.819 31.743 31.678 31.622 32.572 45.527 67.486 68.445
56.156 56.105 56.057 56.013 60.980 0.000 0.000 21.881 13.791 47.734 56.684 54.633 56.573 68.506 40.407 34.360 0.000 0.000 0.000 0.000 0.000 0.000 0.000 0.000 0.000 0.000 0.000 68.608 73.539 87.450 89.332 89.462 87.556 95.450 87.343 89.018 88.710 88.650 88.574 88.509 80.453 57.415 0.000 0.000 0.000 0.000 0.000 0.000 0.000 0.000 0.000 43.337 38.317 32.279 30.227 33.160 33.077 48.970 41.828 32.639 33.462 31.302 38.158 38.026 34.906 28.814 31.741 31.681 33.630 47.584 66.544 68.507 71.473
57.245 55.196 55.151 55.114 58.090 28.098 25.058 56.971 61.897 55.837 53.783 60.731 70.676 73.628 0.000 0.000 0.000 0.000 0.000 0.000 0.000 0.000 0.000 0.000 0.000 0.000 0.000 70.798 78.733 88.644 89.635 88.673 95.855 95.658 88.377 89.080 88.941 88.862 88.788 88.720 70.656 52.599 0.000 0.000 0.000 0.000 0.000 0.000 0.000 0.000 0.000 41.518 39.492 39.450 36.396 29.331 31.254 32.154 48.005 47.715 44.500 41.323 34.168 33.023 29.874 30.789 31.727 35.676 55.631 67.591 67.556 68.525 67.498
71.330 70.281 69.237 67.200 64.170 65.146 65.106 62.047 62.988 64.934 64.882 70.830 72.774 30.701 0.000 0.000 0.000 0.000 0.000 0.000 0.000 0.000 0.000 0.000 0.000 9.314 17.235 72.053 88.944 89.852 89.801 89.029 96.038 87.858 89.531 89.217 89.151 89.069 88.996 86.927 68.852 39.725 0.000 0.000 0.000 0.000 0.000 0.000 0.000 0.000 0.000 31.726 35.685 38.633 39.576 38.516 35.452 31.386 25.325 0.000 0.000 0.000 0.000 0.000 33.778 31.743 34.702 55.663 68.627 67.594 68.565 71.539 67.518
67.410 69.361 68.317 70.279 72.244 71.211 70.171 68.125 66.076 66.028 66.980 62.932 62.889 0.000 0.000 0.000 0.000 0.000 0.000 0.000 0.000 0.000 0.000 0.000 0.000 58.394 81.337 80.234 89.140 90.028 90.155 88.257 96.208 89.953 89.558 89.433 89.348 89.269 89.200 85.141 65.100 0.000 0.000 0.000 0.000 0.000 0.000 0.000 0.000 0.000 39.129 33.976 30.888 32.820 37.760 39.705 39.655 40.612 31.584 0.000 0.000 0.000 0.000 0.000 34.718 32.701 48.676 69.648 67.621 67.594 67.570 68.549 67.532
55.484 55.436 56.392 63.353 72.317 78.281 66.244 60.204 55.163 53.121 52.078 58.031 36.960 0.000 0.000 0.000 0.000 0.000 0.000 0.000 0.000 0.000 0.000 0.000 0.000 64.530 80.485 88.410 90.324 90.291 89.421 96.510 96.366 91.974 89.779 89.617 89.539 89.461 89.393 84.339 59.306 0.000 0.000 0.000 0.000 0.000 0.000 0.000 0.000 39.409 34.281 34.162 34.071 32.999 29.939 34.889 38.849 39.824 36.815 0.000 0.000 0.000 0.000 37.662 31.675 35.669 63.653 67.634 67.613 67.592 67.573 67.556 67.542
54.553 54.506 58.463 63.425 65.388 68.354 58.320 54.285 55.250 55.215 57.181 35.154 0.000 0.000 0.000 0.000 0.000 0.000 0.000 0.000 0.000 0.000 0.000 0.000 0.000 50.712 79.663 89.595 90.494 90.624 88.733 96.644 89.528 91.200 89.879 89.811 89.723 89.643 89.572 80.514 53.479 0.000 0.000 0.000 0.000 0.000 0.000 0.000 38.656 34.537 34.424 34.322 34.236 34.165 34.107 31.062 30.031 33.019 40.037 40.127 0.000 0.000 0.000 31.649 32.651 50.646 67.635 66.620 66.604 67.588 67.573 67.560 67.549
54.617 54.572 56.531 57.493 55.459 54.426 55.396 54.366 54.337 54.308 59.278 4.250 0.000 0.000 0.000 0.000 0.000 0.000 0.000 0.000 0.000 0.000 0.000 0.000 2.118 58.943 87.863 90.782 90.753 89.884 96.886 96.769 92.528 90.228 90.081 89.990 89.901 89.816 90.737 70.667 58.618 0.000 0.000 38.313 0.000 38.057 40.009 39.918 34.775 34.660 34.557 34.465 34.385 34.319 34.264 34.222 33.194 30.182 39.190 40.216 33.216 0.000 0.000 39.635 31.634 39.629 45.620 48.609 52.596 58.584 64.572 66.561 66.552
55.676 55.634 55.595 55.559 55.527 54.497 54.471 54.446 54.424 53.402 61.374 12.317 0.000 0.000 0.000 0.000 0.000 0.000 0.000 0.000 0.000 0.000 0.000 0.000 43.259 79.154 90.064 90.953 91.094 89.186 96.991 89.986 91.658 90.340 90.264 90.167 90.074 89.983 90.893 62.799 40.708 0.000 0.000 34.313 0.000 33.105 35.052 34.970 34.868 34.769 34.678 34.596 34.523 34.460 34.408 34.369 32.341 34.327 40.325 37.331 0.000 0.000 0.000 38.623 37.621 36.616 35.608 34.599 33.589 37.579 48.569 44.560 46.553
53.732 53.691 53.655 53.622 53.592 53.566 53.543 54.524 56.510 58.501 33.498 0.527 0.000 0.000 0.000 0.000 0.000 0.000 0.000 1.449 10.441 0.000 0.000 13.604 54.465 85.353 91.247 91.235 90.263 97.174 97.087 92.979 90.684 90.533 90.437 90.341 90.246 90.151 86.053 32.926 0.000 0.000 0.000 34.314 40.292 35.206 35.126 35.042 34.956 34.872 34.792 34.717 34.649 34.591 34.541 34.503 31.475 40.459 40.452 36.453 0.000 0.000 0.000 37.613 36.610 37.605 37.598 37.590 37.582 37.573 36.565 36.558 35.553
54.783 54.746 57.712 61.681 64.654 68.631 70.612 73.598 72.591 64.594 2.617 13.687 37.735 5.759 0.000 0.000 0.000 0.000 0.000 41.458 68.434 8.398 0.000 47.743 80.645 90.536 91.435 91.365 90.589 97.249 89.422 91.106 90.788 90.710 90.611 90.514 90.417 91.321 78.244 0.000 0.000 0.000 0.000 14.335 34.358 35.301 37.203 37.115 35.043 34.972 34.901 34.831 34.768 34.712 34.664 31.626 36.598 39.581 40.574 31.575 0.000 0.000 0.000 21.607 42.601 42.596 39.589 36.582 36.575 37.568 38.561 38.555 37.551
56.830 55.796 62.765 71.737 72.713 71.692 70.676 69.665 66.662 60.668 35.688 52.724 70.758 39.784 23.807 0.000 0.000 0.000 12.524 51.489 65.441 4.361 23.207 64.979 89.835 92.721 91.563 91.775 89.751 97.311 91.410 91.123 90.974 90.880 90.785 90.688 90.586 92.471 36.357 0.000 0.000 0.000 0.000 0.000 30.501 36.439 17.271 17.172 34.129 35.072 35.007 34.941 34.879 34.824 33.777 31.739 40.711 40.693 37.687 31.698 37.747 0.000 0.000 0.000 53.592 68.588 61.582 57.575 53.568 49.562 52.556 52.552 35.548
56.874 56.843 59.815 62.789 61.767 59.749 57.735 55.726 53.723 53.728 62.742 64.765 61.789 58.811 62.831 10.849 0.000 0.000 52.560 82.531 33.480 29.399 63.279 87.132 92.005 91.864 91.985 89.940 97.395 89.819 91.533 91.218 91.145 91.050 90.959 90.868 93.769 50.620 0.000 0.000 0.000 0.000 0.000 0.000 32.707 37.682 0.000 0.000 31.231 35.181 35.114 35.046 34.984 34.929 31.882 39.843 40.813 39.793 30.783 34.784 34.795 0.000 0.000 0.000 21.588 51.584 69.575 68.567 68.561 68.555 68.551 62.547 52.544
56.915 56.888 56.862 55.839 55.818 56.801 56.788 56.779 54.776 55.779 60.788 63.803 59.821 54.840 57.856 12.868 0.000 0.000 44.624 54.597 32.548 65.475 80.380 89.268 92.157 92.094 91.195 97.776 97.537 90.813 91.542 91.398 91.309 91.219 91.133 91.055 94.003 0.000 0.000 9.380 18.380 0.000 0.000 34.041 36.936 35.902 42.944 0.000 31.383 35.307 35.221 35.146 35.081 33.025 34.978 40.938 40.907 32.883 33.868 34.859 34.856 0.000 0.000 0.000 0.000 0.000 51.566 67.558 67.553 67.548 67.544 68.541 68.539
56.955 56.930 56.907 56.885 56.866 56.850 56.837 55.828 54.823 58.823 62.828 62.839 57.854 53.871 58.887 11.897 0.000 0.000 40.714 9.685 56.639 80.575 86.495 92.410 92.267 92.482 90.475 97.989 90.239 91.949 91.635 91.564 91.471 91.383 91.298 98.218 82.184 0.000 5.380 55.380 41.380 0.000 0.000 29.146 37.096 36.045 35.987 41.855 39.611 38.442 35.320 35.235 35.169 32.114 40.066 41.026 36.993 31.966 34.945 34.928 36.915 40.926 0.000 0.000 0.000 0.000 0.000 64.547 67.544 67.541 67.538 68.535 66.533
56.994 56.971 56.949 56.929 56.911 56.895 55.882 54.873 56.866 60.863 63.863 59.871 54.884 53.902 56.922 38.938 25.950 26.919 22.834 23.791 63.747 84.691 90.625 92.525 92.672 90.670 98.361 98.183 91.248 91.960 91.813 91.722 91.632 91.545 96.457 39.335 54.331 24.369 55.379 63.381 0.000 0.000 0.000 28.301 37.259 36.194 36.104 45.966 56.765 30.529 40.381 36.306 33.247 35.195 41.148 40.107 31.072 34.044 35.020 34.994 21.949 22.937 0.000 0.000 0.000 0.000 0.000 45.539 66.536 67.533 67.531 71.528 67.526
57.034 57.012 56.991 56.971 56.953 56.938 54.925 54.914 58.905 65.898 66.892 62.896 57.910 55.933 55.962 57.983 57.992 66.973 7.912 41.899 79.866 86.818 92.760 92.737 91.878 98.678 98.524 91.610 92.389 92.050 91.975 91.878 91.790 91.709 99.649 0.000 37.436 39.397 29.387 31.384 0.000 0.000 0.000 31.498 37.444 36.368 42.270 58.142 34.953 0.000 21.371 34.360 32.320 40.271 41.223 37.181 34.146 35.117 35.096 37.081 0.000 0.000 0.000 0.000 0.000 0.000 37.533 18.534 57.529 67.526 67.524 72.521 67.519
57.072 57.051 57.030 57.011 56.994 55.978 54.964 56.953 63.943 40.932 16.912 15.911 12.926 42.956 60.011 55.042 58.061 39.069 1.058 47.029 84.998 90.962 92.864 93.118 91.150 98.820 91.949 92.724 92.291 92.231 92.125 92.030 91.938 92.853 90.780 12.723 12.579 0.000 0.000 0.000 0.000 0.000 30.897 38.749 36.652 35.562 55.468 59.377 0.000 0.000 0.000 30.445 36.400 41.345 41.294 31.249 35.212 35.184 35.164 38.154 0.000 0.000 0.000 0.000 0.000 0.000 16.533 0.000 45.520 67.519 67.517 73.515 67.513
57.110 57.089 57.069 57.050 56.032 55.016 57.002 59.991 67.981 26.975 0.000 0.000 0.000 0.000 42.083 57.110 58.143 44.177 46.212 72.175 89.145 93.083 93.269 91.302 99.069 98.950 92.932 92.626 92.477 92.372 92.273 92.176 92.081 94.986 79.895 8.809 0.000 0.000 0.000 0.000 0.000 0.000 31.045 37.949 36.852 34.761 62.664 23.520 0.000 0.000 36.695 41.576 41.489 41.417 39.357 34.309 35.270 35.242 35.224 37.216 0.000 41.298 0.000 0.000 0.000 0.000 0.000 0.000 38.512 67.512 67.511 67.510 67.508
57.146 57.126 57.106 57.087 56.069 55.053 59.038 63.026 67.017 25.013 0.000 0.000 0.000 0.000 22.129 65.174 60.224 66.285 79.321 88.316 92.291 93.312 92.474 99.279 99.178 92.273 93.047 92.704 92.620 92.516 92.418 92.322 96.224 59.115 31.005 0.000 0.000 0.000 0.000 0.000 0.000 33.489 38.289 37.151 39.048 35.966 59.908 0.000 0.000 31.959 38.814 54.675 43.564 40.478 36.410 34.358 34.318 35.290 35.274 35.271 40.291 36.298 27.298 0.000 0.000 0.000 34.500 36.502 35.505 67.506 67.506 67.505 67.504
57.181 57.162 57.142 57.123 55.105 57.088 63.071 64.058 62.048 49.046 10.056 0.000 0.000 0.000 0.000 18.233 14.292 54.419 85.472 89.476 93.433 93.616 91.751 99.371 91.589 93.367 92.932 92.866 94.754 93.654 92.560 92.470 98.376 21.246 0.000 0.000 0.000 0.000 0.000 15.022 53.918 53.689 41.472 38.318 49.222 44.147 45.093 6.097 0.000 30.104 34.926 45.747 41.615 45.519 39.448 42.395 41.355 38.327 35.310 34.303 34.305 40.305 0.000 0.000 0.000 0.000 31.499 31.500 41.501 67.501 67.501 67.500 67.500
