results3_8e3_rain/res_3e8f-0079.wd
ncols         241
nrows         181
xllcorner     12693529.787448
yllcorner     3542525.717860
cellsize      155.156523
NODATA_value  -9999.000000
[rows 33 to 65 of 181, columns 73 to 145 of 241]
0.000 0.000 0.000 0.000 0.000 0.000 0.000 0.000 0.000 0.000 0.000 0.000 0.000 0.000 0.000 0.000 0.000 0.000 0.000 0.000 0.000 0.000 0.000 0.000 0.000 0.000 0.000 0.000 0.000 0.000 0.000 0.000 0.000 0.000 0.000 0.000 0.000 0.000 0.000 35.422 58.423 63.424 19.426 0.000 0.000 28.487 42.509 9.492 0.497 32.523 35.532 29.529 30.513 31.484 31.441 31.384 31.314 30.233 36.138 56.011 2.662 9.745 7.234 42.549 59.064 63.620 62.205 62.833 61.395 63.508 58.586 58.156 58.148
0.000 0.000 0.000 0.000 0.000 0.000 0.000 0.000 0.000 0.000 0.000 0.000 0.000 0.000 0.000 0.000 0.000 0.000 0.000 0.000 0.000 0.000 0.000 0.000 0.000 0.000 0.000 0.000 0.000 0.000 0.000 0.000 0.000 0.000 0.000 0.000 0.000 0.000 0.000 0.000 10.423 5.424 0.000 0.000 0.000 0.000 24.580 0.000 0.000 22.553 46.584 45.586 35.571 31.540 31.491 31.424 31.340 30.247 52.155 50.083 0.000 32.767 45.408 58.913 63.442 62.995 62.590 62.121 63.205 59.242 58.492 58.740 61.057
0.000 0.000 0.000 0.000 0.000 0.000 0.000 0.000 0.000 0.000 0.000 0.000 0.000 0.000 0.000 0.000 0.000 0.000 30.873 62.873 15.873 0.000 0.000 0.000 0.000 0.000 0.000 0.000 0.000 0.000 0.000 0.000 0.000 0.000 0.000 0.000 0.000 0.000 0.000 0.000 0.000 0.000 0.000 0.000 0.000 0.000 16.651 0.000 0.000 0.000 24.664 42.660 42.645 33.613 31.559 31.480 29.377 45.259 54.152 0.000 18.585 43.149 57.717 64.254 63.791 63.359 62.860 64.912 60.913 58.958 59.342 61.677 60.934
0.000 0.000 0.000 0.000 0.000 0.000 0.000 0.000 0.000 0.000 0.000 17.873 55.873 0.000 0.000 0.000 0.000 0.000 37.873 88.873 44.873 0.000 0.000 0.000 0.000 0.000 0.000 0.000 0.000 0.000 0.000 0.000 0.000 0.000 0.000 0.000 0.000 0.000 0.000 0.000 0.000 0.000 0.000 0.000 0.000 0.000 19.722 20.756 27.772 13.774 23.748 31.744 44.736 35.709 31.652 28.559 39.429 49.259 38.042 13.623 43.022 60.527 65.060 64.589 64.138 63.612 63.631 62.602 59.541 59.964 62.304 61.560 61.339
0.000 0.000 0.000 0.000 0.000 0.000 0.000 0.000 0.000 0.000 0.000 38.873 73.873 62.874 49.874 4.874 0.000 22.873 76.873 84.873 49.873 0.000 0.000 0.000 0.000 18.772 0.000 0.000 0.000 0.000 0.000 0.000 0.000 0.000 0.000 0.000 0.000 2.780 0.000 0.000 0.000 6.781 24.781 0.000 0.000 35.769 50.760 53.773 51.788 37.801 31.812 30.831 44.847 35.836 27.782 41.676 55.523 43.305 31.135 45.804 50.351 62.879 65.400 64.934 64.383 64.368 62.313 60.240 60.611 62.948 62.201 61.975 61.656
0.000 0.000 0.000 0.000 0.000 0.000 0.000 0.000 0.000 0.000 0.000 9.873 71.874 54.874 35.874 0.000 18.874 68.874 79.873 86.873 45.873 0.000 0.000 0.000 0.000 56.772 40.772 0.000 0.000 0.000 0.000 0.000 0.000 0.000 0.000 0.000 19.780 31.780 33.780 0.000 0.000 15.781 40.781 19.781 33.780 56.777 59.778 60.787 57.804 44.830 31.867 28.920 45.985 37.005 40.964 58.838 52.681 0.000 29.388 48.108 60.700 66.235 65.758 65.186 65.134 63.057 61.072 61.293 63.619 62.867 62.632 62.302 61.987
0.000 0.000 0.000 0.000 0.000 0.000 0.000 0.000 0.000 0.000 0.000 0.000 0.000 22.874 60.874 56.874 44.874 57.874 77.874 88.873 41.872 0.000 0.000 0.000 0.000 18.772 42.772 44.773 0.000 0.000 0.000 0.000 0.000 0.000 0.000 0.000 35.780 36.780 48.780 31.780 20.781 34.781 35.782 31.782 38.782 45.783 43.786 36.795 55.812 21.849 37.905 40.999 31.167 43.237 56.229 53.034 0.000 4.345 40.921 57.538 66.107 66.618 66.041 65.948 62.853 62.081 62.022 64.326 63.567 63.321 62.977 62.645 62.311
0.000 0.000 0.000 0.000 0.000 0.000 0.000 0.000 0.000 0.000 0.000 0.000 0.000 12.874 79.875 74.875 64.875 54.875 78.874 86.873 81.871 66.869 21.867 0.000 0.000 0.000 0.000 52.773 36.773 34.773 45.774 40.774 3.774 0.000 0.000 0.000 35.780 34.780 55.780 61.780 50.781 42.781 34.782 31.783 32.784 33.785 32.788 30.794 38.800 0.000 0.000 0.327 36.446 59.546 57.683 0.000 3.187 40.769 54.411 64.029 67.539 67.071 67.819 63.737 63.351 62.822 65.085 64.313 64.052 63.693 63.343 62.985 62.627
0.000 0.000 0.000 0.000 0.000 0.000 0.000 0.000 0.000 0.000 0.000 0.000 0.000 0.000 12.875 51.875 26.876 62.876 81.876 86.874 84.871 82.868 71.865 30.863 0.000 0.000 0.000 8.773 47.773 47.773 60.774 58.774 51.774 46.774 0.000 0.000 2.779 39.780 58.780 65.780 57.781 41.782 30.782 31.783 31.784 31.786 31.789 31.792 35.794 0.000 0.000 0.000 6.632 43.817 13.275 10.603 45.495 50.240 61.947 68.525 68.349 66.553 64.842 65.023 63.730 65.916 65.121 64.835 64.455 64.086 63.710 63.328 62.935
0.000 0.000 0.000 0.000 0.000 0.000 0.000 0.000 0.000 0.000 0.000 0.000 0.000 0.000 0.000 0.000 83.878 83.878 85.878 85.876 84.872 78.867 72.863 43.861 0.000 0.000 0.000 0.000 0.000 15.774 60.774 54.774 69.774 66.775 45.776 24.777 25.779 34.779 56.780 65.780 56.781 39.782 29.783 34.784 33.785 31.787 31.788 31.790 32.792 24.791 0.000 0.000 0.000 0.000 4.995 48.040 50.948 58.772 69.468 69.557 67.896 69.707 67.327 64.807 66.853 66.010 65.682 65.272 64.878 64.481 64.083 63.682 62.262
0.000 0.000 0.000 0.000 0.000 0.000 18.705 41.704 0.000 19.666 59.657 48.647 52.638 27.633 0.000 0.000 19.880 91.881 85.882 82.879 79.873 82.866 73.860 36.856 0.000 0.000 0.000 0.000 0.000 0.000 0.000 4.774 58.774 59.775 10.775 0.000 1.779 38.780 56.780 61.780 51.781 42.782 40.783 2.784 9.785 37.787 31.788 31.789 32.790 38.791 46.791 8.790 0.000 0.000 20.668 53.617 57.497 68.287 70.483 70.105 73.427 71.969 66.220 67.942 67.003 66.605 66.150 65.723 65.300 64.879 64.459 64.056 69.730
0.000 0.000 0.000 0.000 0.000 0.000 18.706 61.703 3.692 53.674 55.659 67.646 50.635 35.628 0.000 0.000 7.882 76.884 88.889 85.885 85.876 86.865 80.854 34.847 0.000 0.000 0.000 0.000 0.000 0.000 0.000 0.000 0.000 43.775 2.775 0.000 0.000 44.780 41.780 53.780 10.781 0.000 0.000 0.000 0.000 3.787 41.788 35.789 0.000 28.791 62.790 45.790 0.000 0.000 25.400 59.234 68.125 71.232 70.979 75.190 74.449 67.645 69.120 68.084 67.599 67.086 66.619 66.166 65.720 65.274 64.820 64.353 68.872
16.978 60.976 50.974 0.000 0.000 0.000 12.709 72.712 48.699 50.679 56.660 80.642 81.628 76.616 30.604 0.000 0.000 0.000 36.904 90.896 85.881 86.863 83.844 42.832 0.000 0.000 0.000 0.000 0.000 0.000 0.000 0.000 0.000 1.775 0.000 0.000 0.000 0.000 0.000 0.000 0.000 0.000 0.000 0.000 0.000 0.000 0.000 16.788 13.788 0.000 0.000 0.000 0.000 14.797 52.215 69.161 70.826 71.750 76.110 75.732 68.710 70.196 69.158 68.620 68.058 67.551 67.069 66.602 66.141 65.676 65.193 64.663 67.005
16.979 72.976 54.972 50.967 0.000 0.000 0.000 64.737 66.712 66.684 78.658 75.636 87.618 86.603 47.593 0.000 0.000 0.000 12.928 92.914 85.890 86.861 83.829 43.803 0.000 0.000 4.445 52.414 64.379 33.355 0.000 0.000 0.000 0.000 0.000 0.000 0.000 0.000 0.000 0.000 0.000 0.000 0.000 0.000 0.000 0.000 0.000 0.000 1.788 0.000 0.000 0.000 12.764 53.268 70.223 70.798 77.003 76.490 70.032 70.562 71.010 70.132 69.596 69.021 68.491 67.987 67.503 67.032 66.566 66.097 65.613 72.103 12.554
80.981 77.977 56.971 57.963 49.952 0.000 54.829 49.786 57.729 70.688 74.652 85.627 86.605 85.585 54.571 0.000 0.000 0.000 11.965 91.942 85.905 86.861 81.810 61.748 45.652 46.563 46.477 54.417 75.368 42.332 0.000 0.000 0.000 0.000 0.000 0.000 0.000 0.000 0.000 0.000 0.000 0.000 0.000 0.000 0.000 0.000 0.000 0.000 0.000 0.000 10.869 41.642 51.143 70.123 71.708 78.388 77.780 70.599 72.284 71.580 70.991 70.479 69.930 69.403 68.893 68.402 67.925 67.458 66.995 66.531 73.060 18.582 0.000
77.984 72.980 70.972 53.961 57.941 57.910 48.872 41.849 0.000 0.000 16.634 75.616 86.588 84.563 69.535 36.495 0.000 0.000 61.026 81.984 86.928 85.867 86.800 76.728 52.645 49.561 48.481 57.410 75.343 58.273 44.176 45.100 49.044 60.009 23.995 0.000 0.000 0.000 0.000 0.000 0.000 0.000 0.000 0.000 0.000 0.000 0.000 0.000 0.000 0.000 22.073 61.908 69.848 72.490 79.280 78.880 71.346 72.981 72.168 71.757 71.271 70.766 70.262 69.765 69.278 68.803 68.338 67.880 67.425 72.971 19.516 0.000 0.000
66.989 18.985 86.979 57.967 51.941 52.917 54.899 54.890 43.900 0.000 0.000 0.000 20.567 91.545 81.511 59.455 51.363 58.259 57.128 59.040 66.958 67.877 54.797 51.718 49.638 49.557 48.477 57.399 72.321 51.241 48.156 53.081 69.022 71.988 56.981 30.981 0.000 0.000 0.000 0.000 0.000 0.000 0.000 0.000 0.000 0.000 0.000 0.000 0.000 12.932 54.767 70.368 73.201 79.840 79.600 72.065 73.677 72.862 72.471 72.003 71.537 71.062 70.587 70.115 69.651 69.194 68.743 68.298 73.855 19.413 0.000 0.000 0.000
12.995 85.994 86.990 72.986 0.000 0.000 59.919 55.912 66.910 57.910 0.000 0.000 0.000 79.542 76.507 61.451 52.375 49.286 49.186 52.090 64.986 72.887 75.793 68.711 58.631 51.551 50.470 66.387 69.302 44.214 48.126 48.044 48.977 52.940 31.960 0.000 0.000 0.000 2.628 0.000 0.000 0.000 0.000 0.000 0.000 0.000 0.000 16.181 47.846 55.691 69.195 80.499 80.105 73.155 73.734 74.274 73.557 73.162 72.707 72.262 71.812 71.359 70.908 70.459 70.016 69.578 70.144 76.714 20.284 0.000 0.000 0.000 0.000
91.003 87.005 87.004 87.000 73.994 56.975 56.946 56.928 47.918 0.000 13.650 20.650 72.623 69.572 72.524 65.468 66.401 66.325 66.241 69.148 64.009 63.892 65.779 69.700 70.625 68.547 64.465 75.377 73.285 61.188 62.090 61.992 63.902 38.834 0.000 0.000 0.000 0.000 3.628 0.000 0.000 0.000 0.000 0.000 0.000 3.065 50.840 51.406 72.416 72.967 81.616 81.117 75.663 75.360 74.727 74.236 73.831 73.390 72.958 72.523 72.089 71.656 71.225 70.799 70.376 70.958 74.542 7.128 0.000 0.000 0.000 0.000 0.000
90.011 86.017 86.020 87.017 84.006 61.987 55.961 56.937 57.916 49.896 0.000 64.677 61.646 62.600 63.551 58.495 62.435 67.370 75.306 60.254 0.000 0.000 10.732 68.684 64.621 64.549 64.465 64.372 64.272 64.165 64.052 63.933 61.805 56.659 29.464 0.000 5.174 48.947 55.628 67.286 37.011 0.000 0.000 0.000 0.000 52.254 63.057 74.983 75.615 82.372 82.029 76.338 75.993 75.237 74.885 74.472 74.049 73.628 73.206 72.785 72.366 71.949 71.539 71.134 71.733 74.335 21.938 0.000 0.000 0.000 0.000 0.000 0.000
76.018 76.033 76.043 87.041 87.027 77.004 52.974 55.944 56.913 56.876 62.814 71.737 55.683 52.633 50.582 57.529 72.472 71.415 56.359 36.306 0.000 0.000 0.000 0.000 53.627 48.562 48.475 48.375 48.265 49.147 52.021 52.884 52.727 51.534 52.269 50.855 50.400 59.040 65.652 63.218 69.736 67.119 61.566 59.032 61.401 72.963 76.456 76.240 82.867 82.652 77.000 76.633 75.863 75.515 75.098 74.688 74.276 73.864 73.454 73.046 72.639 72.238 71.847 72.464 73.086 11.711 0.000 0.000 0.000 0.000 0.000 0.000 0.000
0.000 42.056 54.078 82.076 86.058 67.028 49.989 48.951 56.917 56.879 55.831 49.772 50.716 56.667 73.617 72.565 55.511 48.460 38.409 0.000 58.065 67.012 62.930 63.826 66.698 69.598 68.497 69.387 72.266 71.137 68.002 69.854 64.684 50.480 54.223 52.897 57.533 75.159 81.722 78.200 71.596 66.053 67.566 74.015 78.855 77.260 83.476 83.115 77.020 78.617 77.184 76.503 76.142 75.723 75.316 74.907 74.501 74.099 73.701 73.304 72.907 73.516 71.146 66.790 18.438 0.000 0.000 0.000 0.000 0.000 0.000 0.000 0.000
0.000 0.000 47.137 66.126 77.103 52.061 44.001 50.954 48.923 55.894 56.858 56.806 49.741 66.701 58.655 47.602 50.548 42.503 0.000 67.195 70.119 70.041 71.953 72.851 75.740 79.634 78.528 78.412 78.275 80.133 80.994 78.845 66.677 52.480 54.247 53.976 53.674 56.344 29.876 2.263 91.392 132.953 110.490 76.427 77.944 84.490 84.033 77.488 80.203 77.602 77.141 76.764 76.349 75.941 75.532 75.124 74.723 74.331 73.946 73.562 75.170 69.772 58.433 13.111 0.000 0.000 0.000 0.000 0.000 0.000 0.000 0.000 28.821
0.000 0.000 2.209 23.188 58.165 40.113 0.000 45.942 50.929 50.916 56.900 45.853 0.000 50.742 48.699 50.641 51.575 61.501 75.400 72.272 74.173 80.081 89.988 133.886 130.775 130.671 130.571 130.458 131.287 115.128 46.997 49.857 47.697 55.515 54.311 51.084 48.844 30.666 0.000 0.000 0.226 57.752 74.835 79.459 85.202 84.876 77.110 78.795 78.079 77.758 77.372 76.971 76.567 76.158 75.746 75.335 74.936 74.555 75.190 73.829 65.438 53.971 11.702 0.000 0.000 0.000 0.000 0.000 0.000 0.000 0.000 19.961 40.895
73.418 21.385 10.315 73.253 51.256 0.000 0.000 0.000 44.935 57.941 49.972 0.000 2.902 58.825 49.759 60.688 73.611 73.526 78.427 81.320 74.219 60.124 51.030 46.932 44.804 47.704 48.625 35.563 0.000 52.094 49.010 47.888 51.740 55.573 52.396 44.206 50.953 31.810 0.000 0.000 53.080 70.106 79.862 85.698 85.477 77.715 79.387 78.668 78.359 77.973 77.587 77.191 76.788 76.378 75.960 75.535 75.131 75.762 71.431 60.126 16.782 0.000 0.000 0.000 0.000 0.000 0.000 0.000 0.000 0.000 0.000 38.028 36.972
83.436 91.420 79.399 0.000 8.351 2.446 0.000 0.000 0.000 0.000 54.077 52.062 59.979 56.899 56.822 56.741 73.656 87.563 76.464 56.361 54.260 49.164 51.077 42.008 0.000 53.718 50.661 39.606 0.000 53.144 48.062 48.944 55.801 53.640 51.495 33.391 0.000 0.000 49.681 47.557 64.355 80.283 85.971 78.675 79.235 79.882 79.265 78.955 78.577 78.201 77.814 77.418 77.015 76.607 76.180 76.713 76.291 65.932 50.646 13.461 0.000 0.000 0.000 0.000 0.000 0.000 0.000 0.000 13.414 12.368 27.283 39.152 27.063
73.461 77.462 67.460 0.000 0.000 67.541 60.569 54.567 0.000 6.288 72.196 69.130 56.052 56.971 56.888 57.800 78.707 130.608 123.504 70.399 125.296 46.198 50.104 50.015 51.913 49.789 49.694 49.595 51.456 47.275 47.150 56.027 54.881 51.691 46.553 35.472 0.000 0.000 51.803 58.673 80.694 79.592 86.339 79.728 80.307 79.845 79.541 79.180 78.815 78.438 78.050 77.652 77.249 76.854 78.440 73.848 55.389 42.027 43.762 9.611 0.000 0.000 0.000 0.000 0.000 0.000 0.000 0.000 22.461 27.408 41.329 35.232 25.145
69.489 64.504 8.521 0.000 0.000 50.607 59.598 56.566 74.494 68.380 73.288 81.209 72.129 57.046 56.958 56.864 55.764 49.657 44.546 49.436 46.328 50.226 50.128 50.033 49.935 49.831 49.731 49.624 48.497 53.353 55.234 56.131 40.006 0.000 39.553 0.000 0.000 0.000 56.029 77.965 81.985 87.375 86.894 79.830 80.473 80.104 79.777 79.428 79.063 78.685 78.296 77.891 77.473 76.121 37.880 0.000 0.000 0.000 0.000 0.000 0.000 0.000 0.000 18.867 13.853 12.819 11.762 15.679 24.560 40.475 34.391 25.305 35.221
61.513 52.547 57.598 2.687 55.715 51.683 50.651 68.604 61.536 77.451 86.369 66.290 52.210 50.126 53.035 55.935 56.827 56.710 49.589 48.469 49.355 49.249 50.150 50.056 49.963 54.870 51.775 48.674 49.556 52.404 56.304 45.257 0.000 0.000 0.000 0.000 11.778 131.656 75.357 82.381 80.362 87.799 79.675 82.182 83.653 80.367 80.037 79.691 79.326 78.943 79.558 76.144 63.631 54.277 12.078 0.000 0.000 0.000 0.000 0.000 0.000 0.000 20.885 20.880 20.873 21.843 21.789 22.715 36.626 36.541 20.458 23.375 25.293
36.527 37.571 31.639 55.747 51.776 50.759 61.719 65.663 76.594 83.519 49.445 48.371 49.295 51.212 50.120 47.016 54.899 55.769 56.630 55.495 49.374 48.265 47.167 48.077 53.991 112.909 80.827 60.740 43.648 0.000 58.320 66.337 0.000 0.000 0.000 0.000 55.903 66.804 83.685 81.723 88.538 88.183 80.775 81.293 81.947 80.642 80.317 79.973 79.605 80.204 78.847 31.496 0.000 0.000 0.000 0.000 0.000 0.000 0.000 0.000 0.000 0.000 27.891 23.896 20.918 21.890 19.837 31.766 38.687 22.605 23.524 31.443 29.364
0.000 0.000 0.000 48.887 51.883 53.856 74.805 85.734 99.659 81.588 10.521 67.456 67.386 51.308 51.217 50.109 47.983 50.836 56.667 54.509 55.379 57.271 55.177 53.093 49.017 43.948 48.883 43.811 0.000 0.000 0.000 52.433 44.456 0.000 0.000 0.000 66.128 83.008 83.087 81.105 88.862 80.524 83.012 84.507 81.238 80.934 80.617 80.278 79.919 77.419 32.133 0.000 0.000 0.000 0.000 0.000 0.000 0.000 0.000 0.000 0.000 27.532 0.000 0.000 29.011 18.964 29.900 41.828 29.750 24.670 29.590 33.511 26.433
0.000 0.000 0.000 47.030 53.015 68.977 79.911 127.809 121.720 123.651 129.596 125.544 126.486 51.416 51.330 50.222 50.089 48.923 43.695 53.493 55.364 56.263 54.176 56.101 56.037 56.983 49.946 0.000 0.000 0.000 0.000 53.504 38.480 0.000 0.000 57.648 79.437 83.370 82.354 89.453 89.165 81.592 82.127 82.806 81.532 81.244 80.936 81.604 56.375 0.000 0.000 0.000 0.000 0.000 0.000 0.000 0.000 0.000 39.725 28.681 18.615 22.532 22.432 23.310 23.152 26.056 38.974 35.894 30.815 31.735 29.656 27.578 23.500
13.142 0.000 0.000 48.187 65.169 73.128 79.051 49.873 48.759 47.701 44.668 45.639 45.598 51.540 51.464 67.362 67.226 43.075 0.000 40.406 53.319 55.240 53.164 55.099 55.045 56.001 51.971 0.000 0.000 0.000 51.697 36.601 0.000 0.000 59.004 67.852 84.696 83.589 82.764 89.721 81.291 83.806 86.332 82.098 81.839 81.575 80.279 67.828 26.602 0.000 0.000 0.000 0.000 0.000 25.953 20.935 20.899 20.844 24.769 36.704 39.633 25.550 20.455 22.347 24.231 39.132 38.044 23.961 32.880 33.800 32.721 25.644 21.567
