results3_8e3_rain/res_3e8f-0068.wd
ncols         241
nrows         181
xllcorner     12693529.787448
yllcorner     3542525.717860
cellsize      155.156523
NODATA_value  -9999.000000
[rows 128 to 159 of 181, columns 0 to 73 of 241]
62.583 62.583 62.582 62.582 62.581 62.580 61.579 74.578 80.577 64.576 62.574 62.572 62.570 62.568 62.566 62.563 62.560 62.557 62.554 68.551 39.548 0.000 0.000 0.000 0.000 21.165 36.166 58.169 66.154 70.123 44.061 19.976 54.861 92.696 90.570 70.473 52.387 10.370 0.000 46.283 63.289 62.297 65.309 60.322 69.340 92.364 89.401 34.475 0.000 14.638 0.000 0.000 0.000 0.000 0.000 0.000 0.000 0.000 0.000 0.000 0.000 0.000 0.000 0.000 0.000 0.000 0.000 0.000 0.000 0.000 73.829 129.775 112.710 134.618
59.588 60.588 61.588 61.587 62.587 62.586 60.585 75.584 78.582 61.581 62.579 62.577 62.575 62.573 62.570 62.567 62.563 62.559 62.555 62.551 68.545 48.539 0.000 0.000 0.000 0.000 0.000 34.194 65.175 61.139 64.083 68.007 79.910 96.792 80.679 48.576 0.000 0.000 0.000 45.410 62.409 65.412 78.418 64.428 74.443 75.466 94.499 98.549 81.611 31.638 0.000 0.000 0.000 0.000 0.000 0.000 0.000 0.000 0.000 0.000 0.000 0.000 0.000 0.000 0.000 0.000 0.000 0.000 0.000 60.052 69.957 70.884 73.815 92.790
80.594 75.594 70.594 68.593 64.593 60.592 60.591 75.590 78.588 60.587 62.585 62.583 62.580 62.577 62.574 62.571 61.567 60.562 61.557 61.551 61.543 67.533 44.519 21.508 0.000 0.000 0.000 33.239 71.214 65.176 60.125 73.060 95.979 89.881 57.780 0.000 0.000 0.000 0.000 43.536 61.527 66.522 73.523 68.529 73.540 72.556 85.580 79.612 72.645 45.666 0.698 0.000 0.000 0.000 0.000 0.000 0.000 0.000 0.000 0.000 0.000 0.000 0.000 0.000 6.865 0.000 0.000 3.226 37.226 65.146 134.064 97.996 129.879 113.550
100.601 99.600 95.600 90.600 86.599 81.598 76.597 72.596 67.594 61.593 62.591 62.588 62.586 62.583 61.580 63.576 69.571 74.566 73.560 71.553 65.543 60.532 64.516 70.496 34.464 15.427 19.378 53.309 76.266 67.225 63.181 86.130 98.066 53.974 0.000 0.000 0.000 6.771 13.745 47.671 60.642 65.628 81.623 71.625 64.630 57.640 63.655 81.672 78.691 84.708 3.728 0.000 0.000 0.000 0.000 0.000 0.000 0.000 0.000 0.000 0.000 0.000 0.000 0.000 3.865 0.000 0.000 0.000 72.306 63.241 73.170 96.062 72.233 111.688
91.607 96.607 100.607 100.606 102.605 102.604 96.603 87.602 73.601 62.599 61.597 62.594 61.592 60.589 65.585 79.581 90.577 95.571 95.564 92.556 84.546 75.534 66.518 60.498 65.470 67.437 66.398 67.353 65.315 60.279 74.244 97.211 64.183 0.000 0.000 0.000 3.806 55.798 67.791 64.764 66.740 72.724 90.717 76.716 60.717 59.720 59.725 71.732 92.740 33.747 6.756 1.771 0.000 0.000 0.000 0.000 0.000 0.000 0.000 0.000 0.000 0.000 0.000 0.000 23.865 3.785 7.704 48.602 71.452 75.348 75.236 85.319 112.782 103.130
69.614 71.614 74.613 80.613 90.612 96.611 101.610 101.609 94.607 80.606 69.603 63.601 67.598 74.595 87.592 102.588 101.583 98.577 98.570 101.562 101.552 97.540 85.524 73.506 65.482 60.455 61.424 60.391 61.360 69.332 91.307 99.286 11.272 0.000 0.000 0.000 13.815 41.824 59.858 68.851 69.832 66.810 67.807 77.805 72.802 65.798 69.794 77.791 90.788 31.786 17.776 23.787 3.797 0.000 0.000 0.000 0.000 0.000 0.000 0.000 0.000 0.000 0.000 0.000 5.946 0.000 55.729 77.647 73.523 82.491 73.551 112.910 101.666 103.177
61.621 61.621 61.620 63.620 68.619 72.618 79.617 88.616 96.614 99.613 93.610 91.608 93.605 96.602 95.599 88.595 79.590 77.584 77.578 82.570 88.560 95.549 98.535 97.518 86.498 76.476 71.452 69.427 78.404 94.383 95.365 81.353 14.348 0.000 0.000 0.000 0.000 0.000 42.966 69.952 48.927 36.877 51.895 66.895 81.887 85.876 87.863 88.849 84.838 11.831 0.000 26.804 23.806 11.809 17.810 11.810 0.000 0.000 0.000 0.000 0.000 0.000 40.176 10.122 76.026 97.957 130.806 86.776 81.823 62.776 98.837 103.344 103.247 111.970
62.628 62.628 62.628 62.627 61.627 60.626 62.625 67.623 73.622 83.620 93.618 95.616 88.613 78.610 72.606 64.603 60.598 60.593 60.587 62.579 67.570 73.560 80.548 92.533 97.517 99.499 98.481 94.462 97.445 90.430 72.419 64.414 43.418 1.453 0.000 0.000 0.000 0.000 36.088 69.064 12.047 0.000 45.002 69.991 88.976 96.957 82.933 85.905 71.883 29.869 0.000 53.819 22.816 14.812 25.811 25.810 0.000 0.000 0.000 0.000 0.000 27.286 46.230 119.167 148.085 130.963 114.513 113.454 105.121 103.760 103.630 103.492 68.715 113.628
62.636 62.636 62.636 62.635 62.634 62.634 62.633 61.631 61.630 64.628 70.626 69.623 65.621 61.618 61.615 61.611 62.607 62.602 62.597 62.590 61.582 60.573 62.563 68.551 75.538 84.524 92.510 88.496 77.483 65.473 61.466 66.464 74.470 50.485 28.492 28.476 14.435 15.360 51.233 72.171 22.151 4.166 64.118 96.093 98.070 77.042 80.005 78.957 66.919 55.893 6.865 34.836 8.826 0.000 9.811 0.000 0.000 0.000 0.000 0.000 0.000 8.345 71.288 77.204 73.187 74.343 72.314 104.107 103.998 103.883 71.073 73.848 75.716 77.377
62.644 62.644 62.643 62.643 62.642 62.642 62.641 62.640 62.638 62.636 61.634 61.632 61.629 62.626 62.623 62.620 62.617 62.613 62.608 62.602 62.596 62.588 62.579 61.570 60.559 61.549 65.538 63.528 62.519 66.513 69.509 68.508 66.511 68.516 68.516 65.502 65.470 69.413 44.313 30.234 19.219 37.228 82.213 96.194 76.168 69.136 68.090 47.997 43.945 6.919 0.000 0.000 0.000 0.071 0.000 0.000 3.820 18.793 33.744 3.674 17.587 80.432 87.414 85.482 83.465 84.543 104.311 104.211 85.329 92.117 84.968 90.738 82.576 61.514
62.652 62.652 62.652 62.651 62.651 62.650 62.649 62.648 62.647 62.645 62.643 62.640 62.638 62.635 62.632 62.630 62.628 62.625 62.621 61.616 68.610 70.604 62.597 61.589 60.581 61.573 63.566 66.559 69.554 68.550 63.548 64.549 71.551 74.554 70.553 64.545 61.529 70.509 1.499 0.000 4.266 77.312 86.314 73.299 65.274 85.245 31.220 0.000 0.000 0.000 0.000 0.000 0.000 0.092 0.000 0.000 28.847 70.816 99.766 60.698 93.577 101.729 98.687 97.775 104.591 104.502 104.408 97.420 99.294 98.990 97.848 96.777 14.691 0.000
62.660 62.660 62.660 62.660 62.659 62.659 62.658 62.657 62.656 62.654 65.652 65.649 63.646 67.643 65.641 62.640 62.639 62.637 61.634 59.630 70.626 78.620 64.615 61.609 63.604 66.598 68.593 67.589 64.586 66.585 71.586 73.588 74.591 74.595 69.596 63.595 72.593 91.593 10.608 0.000 0.000 51.440 74.433 71.414 75.384 95.350 29.327 0.000 0.000 0.000 0.000 0.000 0.000 1.117 0.000 26.963 78.909 94.854 97.781 102.776 99.937 96.925 104.836 104.758 104.677 96.738 97.521 98.391 98.069 98.039 90.969 67.874 0.000 0.000
62.669 62.669 62.669 62.669 62.668 62.668 62.667 62.667 62.666 63.664 70.662 70.659 47.655 15.649 36.650 66.651 60.652 63.650 69.648 72.645 72.642 68.638 64.634 65.630 68.626 67.622 66.620 68.618 72.618 72.619 74.622 73.626 64.631 59.637 61.643 74.648 93.654 103.662 25.674 0.000 0.000 26.576 82.563 84.540 91.499 90.442 26.410 0.000 0.000 0.000 0.000 0.000 0.000 5.118 31.085 75.025 96.939 99.951 99.037 99.037 98.128 104.984 104.912 96.951 97.748 98.607 98.392 98.245 98.200 90.132 82.089 0.000 0.000 0.000
62.678 62.678 62.678 62.678 62.677 62.677 62.677 62.677 62.676 64.674 73.673 84.670 60.666 0.000 3.657 51.664 77.666 69.665 67.663 67.661 65.658 64.655 66.652 68.650 66.647 62.646 64.645 76.646 78.648 68.651 62.656 59.663 59.671 64.680 78.690 94.700 91.713 75.729 47.751 15.790 9.784 53.724 82.704 64.684 55.631 47.511 12.460 0.000 0.000 0.000 0.000 0.000 0.000 24.152 75.118 97.028 99.219 98.209 98.316 105.191 105.125 105.056 97.017 98.897 98.608 98.480 98.423 98.348 92.270 79.206 69.168 0.000 0.000 0.000
62.687 62.687 62.687 62.687 62.687 62.687 62.687 62.687 62.686 64.686 74.684 61.681 17.674 0.000 0.000 19.683 73.682 65.680 67.678 66.677 64.675 67.673 68.671 65.670 62.669 58.668 68.669 82.672 69.676 59.682 60.690 65.699 75.710 86.722 97.736 90.751 68.769 63.789 82.811 89.834 90.840 94.830 69.847 30.862 2.874 0.000 0.000 0.000 0.000 0.000 0.000 0.000 29.267 75.196 97.210 99.394 98.410 105.375 105.316 105.255 97.292 98.087 98.973 98.669 98.652 98.590 98.513 99.419 87.338 58.251 47.209 5.209 0.000 0.000
61.696 61.696 62.696 62.696 62.696 62.697 62.697 62.698 62.698 65.698 75.698 46.698 0.000 5.719 43.714 45.703 62.699 64.696 52.694 34.693 72.692 67.690 63.690 62.689 60.689 62.690 78.692 81.696 63.703 66.711 78.721 87.734 96.748 94.763 82.780 68.800 61.822 77.846 81.872 69.896 50.911 48.911 36.991 17.042 6.088 0.414 0.000 18.751 13.751 0.000 0.000 23.355 75.369 98.465 99.481 97.590 105.486 105.431 97.462 98.270 99.144 98.949 98.824 98.798 98.743 98.689 101.617 65.482 45.410 0.000 0.000 0.000 0.000 0.000
70.705 68.705 65.704 63.704 60.706 60.707 60.708 60.708 59.709 64.710 76.711 59.714 40.722 48.723 66.721 62.716 59.713 65.711 60.710 47.709 67.708 61.708 60.708 60.708 62.709 76.710 84.714 50.719 42.727 92.738 97.752 92.767 81.784 71.802 63.823 59.846 70.872 82.902 50.934 25.967 8.996 0.134 17.165 16.227 6.336 7.545 10.682 38.751 22.751 0.000 0.000 55.607 97.633 96.751 105.643 105.593 105.540 97.504 99.391 99.114 99.004 98.971 100.925 95.871 97.839 98.809 109.786 0.000 0.000 0.000 0.000 0.000 0.000 0.000
71.715 73.714 79.712 80.713 80.715 77.717 78.718 77.719 76.721 76.722 78.724 61.726 65.730 64.731 61.730 64.729 64.727 63.726 68.725 70.725 64.725 58.725 60.726 62.727 76.728 81.729 70.733 64.739 73.749 96.763 79.780 70.799 62.818 60.839 62.862 61.889 75.920 84.955 48.996 25.044 13.108 15.217 18.277 10.364 11.482 17.628 19.749 12.820 0.000 0.000 33.851 75.857 105.782 105.738 105.692 97.745 98.547 99.441 99.147 99.140 100.095 100.047 73.000 50.934 85.931 99.923 104.930 44.987 0.000 0.000 0.000 0.000 0.000 0.000
64.726 58.725 11.719 13.719 22.725 69.728 66.729 66.731 66.732 70.733 79.735 60.737 61.739 60.741 63.741 67.741 68.740 66.740 65.740 68.741 69.742 66.743 60.744 77.745 83.746 74.747 80.749 97.755 94.766 76.784 64.808 60.830 62.851 62.874 61.899 66.928 82.964 85.003 77.049 80.105 51.176 13.268 5.361 4.472 16.600 23.737 13.863 10.964 3.014 29.088 77.049 105.865 105.825 97.894 98.700 99.581 99.392 99.275 99.257 100.208 98.164 92.121 17.098 0.000 68.027 103.021 100.026 99.044 0.000 0.000 0.000 0.000 0.000 0.000
62.739 54.740 0.000 0.000 4.739 65.740 61.741 61.742 61.743 65.745 79.746 57.748 61.750 65.751 67.752 68.753 65.754 62.754 60.755 62.757 72.758 85.760 80.761 81.763 58.764 52.764 104.763 90.766 57.776 17.799 37.838 65.862 62.883 62.906 64.931 57.962 42.003 32.046 44.093 84.151 60.223 13.316 8.428 3.563 12.708 17.857 12.007 17.133 17.235 55.269 105.926 97.090 100.825 99.725 99.537 99.424 99.398 99.360 100.315 100.276 65.234 41.175 27.171 30.175 81.128 102.110 98.108 89.119 7.147 0.000 0.000 0.000 0.000 0.000
62.753 62.755 45.761 0.000 5.751 66.752 62.753 62.754 61.755 62.756 77.757 64.759 67.761 69.763 68.764 63.766 60.767 61.768 61.770 60.772 70.774 93.777 89.780 76.782 69.784 60.782 36.772 25.770 12.773 0.000 18.883 67.896 62.914 64.935 47.958 21.987 7.040 4.083 46.128 63.181 32.250 4.347 7.473 12.644 19.813 15.977 10.170 3.376 6.715 54.541 106.002 99.978 99.735 99.555 99.538 99.500 99.457 99.416 97.379 88.345 21.320 0.000 38.237 97.225 102.200 100.184 94.177 84.177 2.174 0.000 0.000 0.000 0.000 0.000
59.764 61.765 58.767 0.000 1.764 66.764 61.764 59.765 61.766 65.767 69.768 68.770 68.772 66.774 60.776 61.778 61.780 62.782 62.785 67.787 85.790 84.794 77.798 86.802 84.807 55.810 0.000 0.000 0.000 0.000 16.916 67.926 62.942 65.961 36.979 0.000 33.087 59.117 79.157 48.194 0.256 0.000 0.000 1.835 11.923 12.071 12.298 6.728 4.251 106.215 106.111 98.888 99.729 99.628 99.592 99.551 99.511 101.473 86.438 69.406 29.381 5.368 53.316 83.287 92.264 101.248 90.240 79.237 1.240 0.000 0.000 0.000 0.000 0.000
66.774 64.775 53.776 0.000 52.776 60.776 62.776 66.776 67.777 68.778 66.779 67.781 65.784 61.786 61.789 62.791 62.794 61.796 63.799 86.802 85.806 67.811 80.816 78.822 82.830 80.842 43.862 0.000 8.933 38.938 43.939 63.949 62.966 62.989 58.019 50.067 67.104 66.143 60.189 82.242 30.305 0.000 0.000 5.857 10.945 9.083 10.262 34.515 58.987 106.310 101.227 100.964 100.702 99.686 99.643 99.604 100.565 98.527 53.492 30.460 42.432 43.406 97.372 99.344 79.322 89.306 84.296 57.294 22.304 0.000 0.000 0.000 0.000 0.000
67.783 68.785 65.787 53.791 67.788 67.787 67.787 68.788 68.788 69.789 81.789 63.791 61.795 61.798 62.801 62.804 62.807 63.810 77.813 88.817 63.822 67.827 94.833 86.841 74.851 77.864 80.883 64.909 69.929 84.941 77.952 65.966 58.985 59.010 70.041 86.079 73.119 45.162 17.213 72.278 61.371 10.511 13.647 18.793 14.915 6.055 8.171 49.487 101.746 106.395 98.207 100.851 101.777 99.736 99.695 99.655 92.617 82.579 39.544 10.511 19.480 20.451 81.421 123.395 104.373 80.356 72.345 51.340 60.340 13.340 0.000 0.000 3.443 24.443
72.791 72.793 68.795 68.798 68.798 69.798 69.799 65.799 62.799 61.799 24.799 14.799 65.807 62.811 62.814 62.817 61.820 64.823 88.827 74.831 59.836 65.842 82.849 99.857 94.868 91.881 89.897 85.915 81.932 80.947 88.961 85.979 79.999 76.024 79.054 83.090 45.129 9.173 8.224 24.288 20.391 5.513 14.639 24.752 20.870 12.021 5.200 48.453 106.554 106.476 101.105 102.940 99.824 99.788 100.746 96.706 80.667 73.630 79.594 85.560 69.528 91.497 106.468 123.442 132.419 116.401 78.388 83.380 58.377 0.000 0.000 0.000 0.000 0.000
11.797 12.803 72.804 67.807 67.808 62.809 59.810 61.810 56.811 9.811 9.808 0.000 66.823 62.825 62.827 62.830 62.833 80.836 87.840 60.845 62.850 62.856 65.864 71.872 73.882 73.894 69.908 72.923 88.938 81.953 72.969 75.987 83.009 87.034 90.063 87.097 62.135 27.178 10.222 9.258 0.000 0.000 9.642 18.706 2.788 0.000 18.376 78.617 106.629 98.461 102.173 101.906 99.885 99.839 100.797 95.756 82.716 48.678 55.642 98.607 109.573 141.542 132.512 104.485 92.461 109.441 88.426 82.416 57.411 0.000 0.000 0.000 0.000 0.000
0.000 7.816 21.812 76.817 61.819 59.820 61.821 61.822 62.824 9.825 0.830 55.841 63.838 62.838 62.840 62.842 64.845 88.849 73.853 59.858 62.863 62.869 62.877 61.885 61.895 61.906 60.918 67.931 96.945 75.958 6.973 14.992 27.017 78.040 88.067 72.098 77.137 64.183 16.229 13.264 0.000 3.526 16.580 8.643 0.000 0.000 36.530 106.775 106.702 101.343 103.074 98.977 99.933 99.889 99.846 99.804 86.764 49.725 64.688 101.652 97.618 131.585 126.553 95.525 100.499 86.476 67.459 85.446 63.440 0.000 0.000 0.000 0.000 0.000
60.839 56.833 0.000 68.830 78.831 79.831 60.833 72.834 79.836 55.839 53.846 63.848 62.849 62.850 62.852 62.854 81.858 85.861 60.865 62.870 61.875 60.882 62.889 62.898 62.907 62.917 61.928 69.939 98.951 79.963 25.972 0.000 50.026 75.042 88.065 67.094 57.131 16.187 9.247 12.306 10.394 18.471 22.511 0.000 0.000 15.487 77.711 106.846 98.614 102.320 102.057 100.030 99.982 99.937 99.893 100.851 91.811 80.771 103.733 128.696 116.660 133.626 130.593 124.562 131.533 97.507 74.486 84.471 92.463 21.466 0.000 0.000 0.000 0.000
62.845 61.844 56.847 62.843 61.842 9.843 83.844 75.845 62.848 63.851 63.854 62.857 62.859 62.861 62.863 65.866 88.869 71.873 61.877 62.882 68.887 76.893 62.901 60.909 62.917 61.927 64.936 88.947 96.957 71.969 59.982 48.000 70.019 69.037 30.059 15.081 12.106 0.000 1.281 1.325 2.406 3.453 5.482 0.000 18.632 75.731 97.857 106.915 99.575 100.207 100.124 100.076 100.029 99.984 99.940 100.897 91.856 74.816 70.777 103.739 93.702 107.666 110.630 98.596 100.564 72.533 49.507 63.488 130.476 83.470 18.464 8.458 30.452 51.448
62.853 62.853 62.853 62.852 62.852 56.853 72.854 88.856 64.858 61.861 62.864 62.867 62.869 62.872 61.875 84.878 86.881 60.885 62.888 63.893 60.898 22.903 81.912 76.920 63.928 61.936 79.945 98.954 82.964 62.974 62.986 63.999 67.013 71.029 8.051 9.066 0.000 0.000 13.275 0.000 0.000 0.000 0.000 0.000 41.800 98.906 107.048 106.982 99.464 100.286 100.164 100.122 100.075 100.029 99.985 98.942 83.900 85.859 105.820 124.780 123.742 128.704 133.667 120.630 118.593 105.555 54.522 52.498 128.482 92.472 30.465 23.458 88.450 121.447
62.861 62.860 62.860 62.861 62.862 62.863 62.865 73.867 88.869 64.872 61.874 62.877 62.880 60.883 68.886 89.889 69.892 61.896 63.899 61.903 3.909 0.918 69.926 70.931 76.938 75.945 83.953 82.961 63.969 61.978 63.988 66.997 72.007 72.014 0.000 0.000 0.000 0.270 24.272 11.270 12.270 11.270 0.000 3.283 50.172 104.157 107.112 98.818 100.514 100.243 100.217 100.166 100.119 100.074 100.029 99.986 85.944 81.902 102.862 103.822 103.782 106.743 106.704 105.664 110.622 83.571 59.529 74.501 89.483 28.473 0.000 0.000 32.445 58.444
62.869 64.867 64.868 62.870 62.872 62.873 62.875 62.877 73.879 88.882 64.885 59.888 59.891 76.894 88.897 82.900 59.904 62.907 58.910 4.912 1.923 55.932 62.937 62.942 68.947 85.954 85.960 78.967 71.974 63.982 50.989 20.996 86.003 66.007 0.000 0.000 0.000 0.000 13.270 6.270 20.270 9.270 0.000 3.567 23.476 107.240 107.176 99.685 100.406 100.306 100.258 100.209 100.162 100.117 100.072 101.029 95.986 85.944 80.903 79.862 79.822 79.782 79.742 83.701 57.659 1.581 27.520 83.495 79.476 40.463 2.451 0.000 31.440 77.441
