results3_8e3_rain/res_3e8f-0158.wd
ncols         241
nrows         181
xllcorner     12693529.787448
yllcorner     3542525.717860
cellsize      155.156523
NODATA_value  -9999.000000
[rows 0 to 32 of 181, columns 146 to 218 of 241]
0.000 0.000 0.000 0.000 0.000 0.000 0.000 0.000 0.000 0.000 0.000 0.000 0.000 0.000 5.511 16.369 17.140 16.857 16.544 16.219 15.900 15.601 15.335 15.107 14.922 14.778 14.671 14.597 14.550 14.524 14.513 19.509 0.000 0.000 0.000 0.000 0.000 0.000 0.000 0.000 0.000 0.000 0.000 0.000 0.000 0.000 0.000 0.000 0.000 17.969 24.969 0.000 0.000 43.844 48.844 0.000 0.000 0.000 0.000 0.000 0.000 0.000 0.000 0.000 0.000 0.000 0.000 0.000 0.000 0.000 0.000 0.000 0.000
0.000 0.000 0.000 0.000 0.000 0.000 0.000 0.000 0.000 0.000 0.000 0.000 0.000 1.066 16.652 17.458 17.193 16.887 16.555 16.214 15.879 15.569 17.295 16.065 14.881 14.740 14.639 14.570 14.529 14.510 14.506 19.505 0.000 0.000 0.000 0.000 0.000 0.000 0.000 0.000 0.000 0.000 0.000 0.000 0.000 0.000 0.000 0.000 14.970 36.970 12.969 0.000 22.845 55.845 49.844 0.000 0.000 0.000 0.000 0.000 0.000 0.000 0.000 0.000 0.000 0.000 0.000 0.000 34.827 0.000 0.000 0.000 0.000
0.000 0.000 0.000 0.000 0.000 0.000 0.000 0.000 0.000 0.000 0.000 0.000 0.000 20.287 18.939 17.616 17.288 16.942 16.577 16.201 15.835 17.500 17.212 14.978 14.796 14.664 14.573 14.516 14.487 14.480 16.495 10.500 0.000 0.000 0.000 0.000 0.000 0.000 0.000 0.000 0.000 0.000 0.000 0.000 0.000 0.000 0.000 0.000 26.970 0.000 0.000 17.845 48.845 10.845 0.000 0.000 0.000 0.000 0.000 0.000 0.000 0.000 0.000 0.000 3.832 0.000 0.000 0.000 37.827 9.827 0.000 0.000 0.000
0.000 0.000 0.000 0.000 0.000 0.000 0.000 0.000 0.000 0.000 0.000 0.000 2.918 19.683 18.201 17.780 17.399 17.018 16.609 16.179 16.760 16.385 15.076 14.837 14.663 14.545 14.472 14.434 14.422 20.428 0.000 0.000 0.000 0.000 0.000 0.000 0.000 0.000 0.000 0.000 0.000 0.000 0.000 11.971 0.000 0.000 0.000 10.971 70.971 0.970 0.000 23.845 50.846 0.000 0.000 0.000 0.000 0.000 0.000 0.000 0.000 0.000 9.832 15.832 34.832 0.000 0.000 27.828 36.828 37.827 9.827 0.000 0.000
0.000 0.000 0.000 0.000 0.000 0.000 0.000 0.000 0.000 0.000 0.000 8.126 1.319 2.839 18.403 17.905 17.510 17.121 16.661 16.146 16.639 16.204 14.869 14.631 14.475 14.382 14.337 14.325 15.338 16.383 0.000 0.000 0.000 0.000 0.000 0.000 0.000 0.000 0.000 0.000 0.000 0.000 12.971 35.971 30.971 0.000 0.000 26.971 54.971 0.000 0.000 0.000 50.846 5.847 0.000 0.000 0.000 0.000 0.000 0.000 0.000 0.000 49.833 53.832 55.832 0.000 0.000 40.828 35.828 35.828 45.827 0.000 0.000
0.000 0.000 0.000 0.000 0.000 0.000 0.000 0.000 0.000 0.000 10.827 3.439 1.818 1.259 1.356 15.928 17.614 17.296 16.768 18.107 17.447 14.923 14.564 14.343 14.223 14.172 14.168 14.191 20.222 0.000 0.000 0.000 0.000 0.000 0.000 0.000 0.000 0.000 0.000 0.000 0.000 0.000 0.000 15.971 36.972 28.972 26.972 8.972 39.971 12.972 0.000 0.000 35.847 48.847 39.848 37.848 46.848 0.000 0.000 0.000 0.000 0.000 49.833 51.833 56.832 35.831 24.830 41.829 44.828 0.000 0.000 0.000 9.814
0.000 0.000 0.000 0.000 0.000 0.000 0.000 0.000 0.000 0.000 7.214 3.929 3.568 3.077 0.413 0.601 10.720 18.682 18.010 18.065 15.117 14.477 14.122 13.955 13.901 13.916 13.972 14.051 9.136 0.000 0.000 0.000 0.000 0.000 32.984 65.984 0.000 0.000 5.985 46.985 0.000 0.000 0.000 12.971 36.972 49.972 84.972 46.972 47.972 18.972 0.000 0.000 32.847 51.848 36.848 32.848 49.848 0.000 0.000 0.000 0.000 0.000 36.834 42.833 38.832 38.831 42.830 45.829 53.828 0.000 0.000 0.000 32.814
0.000 0.000 0.000 0.000 0.000 0.000 0.000 0.000 0.000 30.425 30.887 7.477 3.097 3.343 3.007 0.769 0.356 5.701 18.523 16.027 14.481 13.747 13.491 13.453 13.511 13.619 14.754 11.902 0.000 0.000 0.000 0.000 0.000 0.000 7.984 53.984 60.985 42.985 34.985 6.985 0.000 0.000 0.000 0.000 0.000 10.973 77.973 56.972 3.972 0.000 0.000 0.000 0.000 44.849 59.849 57.848 59.848 51.846 43.845 46.843 45.841 54.839 58.836 55.834 56.833 56.831 51.830 46.829 43.828 0.000 0.000 0.000 0.000
0.000 0.000 0.000 0.000 0.000 0.000 0.000 0.000 24.508 41.964 43.431 32.954 9.553 1.976 3.008 0.808 2.700 7.854 6.354 16.038 13.033 12.538 12.641 12.857 13.071 14.293 14.523 0.000 0.000 0.000 0.000 0.000 0.000 0.000 0.000 5.985 51.985 61.985 66.985 5.985 0.000 0.000 0.000 0.000 0.000 6.974 49.973 41.973 46.973 13.973 0.000 0.000 28.851 56.850 41.849 35.849 42.848 54.847 42.845 41.844 50.842 59.840 46.837 42.835 45.833 51.832 57.830 59.828 57.826 43.823 34.821 17.819 26.817
0.000 0.000 0.000 0.000 0.000 0.000 0.000 20.608 30.052 45.490 42.921 43.354 35.787 12.228 1.135 4.664 14.177 6.394 2.198 2.979 6.076 10.730 11.680 12.262 12.624 17.958 0.000 0.000 0.000 0.000 0.000 0.000 5.987 3.987 0.000 0.000 18.985 64.985 17.985 0.000 0.000 0.000 0.000 0.000 0.000 45.975 55.974 31.973 47.973 67.973 7.973 0.000 34.852 58.851 37.851 31.850 34.849 47.848 36.846 36.844 38.842 40.840 37.838 38.836 32.834 36.832 42.830 43.828 41.826 50.823 52.821 55.819 63.817
0.000 0.000 0.000 0.000 0.000 0.000 25.710 24.164 47.604 44.021 43.409 42.754 43.014 38.075 20.577 12.300 7.966 0.000 0.034 4.314 2.161 3.284 11.088 11.887 17.203 0.000 0.000 0.000 0.000 0.000 0.000 0.987 42.987 1.987 0.000 0.000 25.986 65.986 4.985 0.000 0.000 0.000 0.000 0.000 40.978 84.977 17.975 20.974 42.973 69.973 9.973 0.000 31.853 56.853 36.852 29.851 32.850 34.849 30.847 29.845 36.843 52.841 35.839 31.837 45.834 41.832 38.830 45.828 45.825 48.823 57.821 61.818 48.816
0.000 0.000 0.000 0.000 0.000 29.735 18.255 46.735 45.178 44.582 43.941 43.239 42.440 42.482 39.290 24.997 4.321 0.263 0.048 46.064 4.465 0.069 0.088 13.995 10.099 0.000 0.000 0.000 0.000 0.000 0.000 0.987 38.987 33.987 42.987 54.987 58.987 48.986 0.000 0.000 3.984 39.984 54.983 59.982 83.980 39.979 0.000 0.000 44.973 32.973 0.000 0.000 34.855 61.854 48.854 32.853 80.852 108.850 57.849 33.847 49.845 96.842 48.840 25.838 90.835 63.833 38.830 45.828 47.825 37.823 46.820 59.818 42.816
0.000 0.000 0.000 0.000 0.000 19.214 40.840 47.345 45.789 45.187 44.535 43.821 43.025 42.122 42.114 41.033 30.222 4.865 50.671 47.736 0.311 0.129 0.045 0.050 0.000 0.000 0.000 0.000 0.000 0.000 3.987 37.987 33.987 38.987 52.988 62.988 46.987 33.987 0.000 0.000 1.985 48.984 47.983 43.982 82.981 42.980 0.000 0.000 23.973 15.973 0.000 27.858 55.857 57.856 51.856 39.855 38.854 71.852 112.850 50.848 43.846 100.844 51.841 25.839 97.836 67.833 30.831 32.828 38.825 29.823 43.820 42.817 30.815
0.000 0.000 0.000 0.000 23.710 34.068 49.547 47.015 46.448 45.842 45.190 44.485 43.715 42.882 41.928 41.193 40.056 52.410 52.081 0.899 0.429 9.541 0.000 0.000 0.000 0.000 0.000 0.000 0.000 53.986 56.986 38.987 37.987 52.988 62.988 48.988 31.988 33.987 33.987 31.987 29.986 41.985 44.984 54.983 94.982 28.981 0.000 0.000 60.973 10.973 0.000 24.859 54.859 54.858 41.858 33.857 29.856 39.854 36.853 76.850 107.848 124.845 105.843 94.840 120.837 114.834 105.831 51.828 31.825 48.822 43.820 32.817 27.815
0.000 0.000 0.000 24.878 34.352 51.801 48.265 47.718 47.146 46.541 45.899 45.211 44.487 43.652 43.112 40.752 52.442 52.440 36.632 18.952 6.119 0.000 0.000 0.000 0.000 0.000 0.000 0.000 39.985 6.985 0.000 17.987 55.988 59.988 51.989 36.990 2.990 0.000 0.987 35.988 31.987 41.986 40.985 63.984 60.983 0.000 0.000 2.974 63.973 9.973 0.000 22.861 52.861 64.861 43.860 49.860 72.859 49.857 31.855 55.853 78.850 112.847 78.844 58.841 106.838 96.835 71.831 40.828 26.825 97.822 65.820 37.817 27.814
0.000 0.000 0.000 30.404 50.017 49.521 48.994 48.447 47.877 47.280 47.649 46.997 45.244 44.827 42.259 52.496 52.449 40.194 41.818 39.453 23.420 4.418 0.000 0.000 0.000 0.000 0.000 41.984 10.984 0.000 0.000 0.000 23.988 55.989 33.989 31.991 37.992 0.994 0.000 36.989 34.988 40.987 41.986 63.984 59.983 0.000 0.000 23.974 70.974 6.973 0.000 24.863 55.863 58.863 39.863 39.863 85.862 120.860 69.858 37.856 53.853 100.849 60.846 27.842 93.839 80.835 38.832 30.829 23.825 104.822 68.819 40.816 41.814
0.000 0.000 30.991 48.318 51.790 50.272 49.743 49.199 48.635 49.047 47.445 46.751 46.419 43.854 52.907 52.634 41.684 42.533 41.543 31.905 12.659 0.000 0.000 0.000 0.000 0.000 0.000 37.984 11.984 0.000 0.000 0.000 0.000 0.000 0.000 36.993 33.995 32.996 34.995 36.992 32.990 40.988 42.986 54.984 50.982 12.979 31.976 64.975 15.974 0.000 0.000 24.865 51.865 57.866 43.867 28.867 30.866 55.864 42.862 24.859 42.855 97.852 53.848 19.844 90.840 75.836 33.832 29.829 25.826 103.822 68.819 40.816 31.813
0.000 30.247 43.663 53.088 51.554 51.033 50.507 49.970 50.415 49.851 48.199 47.917 45.359 53.822 53.313 43.329 44.334 42.218 29.422 0.000 0.000 0.000 0.000 0.000 0.000 0.000 0.000 0.000 11.984 0.000 0.000 0.000 0.000 0.000 0.000 0.000 40.999 50.999 61.997 49.995 38.991 42.990 39.988 44.985 37.982 56.979 74.976 62.974 8.973 0.000 0.000 23.866 49.868 54.869 60.871 58.872 46.871 36.869 49.866 81.862 100.858 121.854 101.850 84.845 118.841 111.837 93.833 53.829 26.826 101.822 73.819 45.816 32.812
27.303 38.830 53.329 52.815 52.306 51.798 51.284 51.757 51.225 49.608 49.364 46.822 55.026 54.402 44.882 46.040 46.986 25.234 0.000 0.000 0.000 0.000 0.000 0.000 0.000 0.000 0.000 0.000 0.000 0.000 0.000 0.000 0.000 0.000 0.000 0.000 39.003 43.003 61.001 19.998 0.000 49.991 40.989 43.986 39.982 27.978 46.975 61.973 48.972 7.971 0.000 0.000 14.870 57.872 59.877 52.878 40.877 49.874 100.871 91.867 72.862 73.857 74.852 74.846 74.842 75.837 77.833 48.829 28.826 100.822 76.819 39.815 33.812
30.776 54.441 54.006 53.538 53.057 52.569 52.071 51.571 50.987 50.777 48.254 56.344 55.677 46.332 47.560 46.562 42.066 1.548 0.000 0.000 0.000 0.000 0.000 0.000 0.000 0.000 0.000 0.000 0.000 0.000 0.000 0.000 0.000 0.000 0.000 0.000 40.009 51.007 35.006 0.000 3.999 46.995 43.992 10.989 0.982 31.975 45.973 60.971 57.970 26.970 0.000 0.000 0.000 0.000 26.887 41.886 25.884 86.881 87.877 36.872 42.866 84.860 55.853 27.847 73.842 63.838 43.833 41.830 32.826 100.822 71.818 28.815 29.812
48.585 56.150 54.718 54.272 53.816 54.348 52.881 52.333 52.163 49.665 57.701 57.019 46.690 48.951 47.956 48.346 17.697 0.000 0.000 0.000 0.000 0.000 0.000 0.000 0.000 0.000 0.000 0.000 0.000 0.000 0.000 0.000 0.000 0.000 0.000 7.019 60.015 58.012 62.010 59.007 55.002 54.998 48.995 7.992 0.982 31.973 44.970 62.968 69.968 32.969 0.000 0.000 0.000 0.000 20.898 33.896 53.892 100.888 63.884 23.878 91.871 92.863 41.855 28.848 49.842 105.837 64.833 32.830 32.826 95.822 113.818 100.814 105.809
58.271 55.859 55.443 55.019 54.582 56.148 53.637 53.513 51.053 59.074 58.384 41.981 46.200 50.269 46.746 24.036 0.000 0.000 0.000 0.000 0.000 0.000 0.000 0.000 0.000 0.000 0.000 0.000 0.000 0.000 0.000 0.000 0.000 0.000 0.000 59.023 58.021 59.017 61.013 60.010 58.005 59.001 51.998 6.995 0.000 32.970 44.966 67.963 40.965 0.000 0.000 0.000 0.000 18.918 48.911 27.906 92.902 86.897 30.891 86.885 99.878 48.866 36.856 39.847 34.841 65.837 104.833 61.830 24.826 95.823 98.819 72.813 14.807
48.941 55.569 56.179 55.773 55.369 54.888 54.807 52.385 60.410 59.765 25.200 30.387 33.283 51.960 35.589 0.000 0.000 0.000 0.000 0.000 0.000 0.000 0.000 48.583 37.583 0.000 0.000 0.000 0.000 0.000 0.000 0.000 0.000 0.000 0.000 36.030 30.027 33.022 37.017 32.013 31.008 30.004 32.000 35.995 29.987 22.972 37.960 16.953 0.000 0.000 0.000 0.000 0.000 20.926 43.922 34.917 35.912 35.906 27.900 48.894 49.890 0.000 0.000 10.843 40.839 33.836 55.833 48.830 30.827 63.824 11.821 0.000 9.802
27.649 43.299 55.926 58.549 56.091 56.040 53.626 61.519 61.006 34.320 0.000 43.718 0.000 55.572 24.082 0.000 0.000 0.000 0.000 0.000 0.000 0.000 0.000 55.584 49.583 0.000 0.000 0.000 0.000 0.000 0.000 0.000 0.000 22.078 0.000 37.040 33.035 33.027 33.021 33.016 33.011 33.006 33.002 34.998 12.995 0.000 7.948 38.936 8.925 0.000 0.000 0.000 21.943 52.937 40.933 39.928 31.922 32.915 32.908 30.902 44.898 4.899 0.000 0.000 11.837 36.834 31.832 44.830 43.829 0.000 0.000 0.000 9.799
19.403 27.050 49.696 54.274 57.235 54.778 62.284 61.943 41.193 17.001 0.000 60.362 58.265 44.685 0.000 0.000 0.000 0.000 0.000 0.000 0.000 0.000 58.591 64.585 35.581 0.000 0.000 0.000 0.000 0.000 0.000 0.000 0.000 39.078 37.071 34.056 33.045 30.032 34.024 34.018 34.013 34.008 34.004 37.001 9.999 0.000 0.000 36.918 36.914 6.909 0.000 0.000 6.948 39.948 32.946 31.941 30.934 30.924 30.916 30.906 31.901 40.900 0.000 0.000 0.000 4.832 37.831 40.830 38.829 0.000 0.000 0.000 33.797
23.178 33.814 38.440 36.343 47.902 62.680 62.530 46.168 24.934 18.438 0.000 40.079 52.750 26.218 0.000 0.000 0.000 0.000 46.637 52.634 44.626 42.611 51.596 44.586 34.576 0.000 0.000 0.000 0.000 0.000 0.000 0.000 0.000 37.085 34.078 33.068 7.056 0.000 39.024 33.020 33.015 33.010 33.006 34.003 8.001 0.000 0.000 37.905 36.905 7.904 0.000 0.000 36.954 32.960 32.960 32.956 31.949 31.932 35.924 0.000 2.901 5.900 0.000 0.000 0.000 0.000 37.830 32.829 32.829 33.829 0.000 5.796 35.796
34.913 48.556 24.276 23.151 62.740 62.738 49.152 35.881 32.220 37.062 0.000 7.126 42.438 0.000 0.000 0.000 0.000 42.645 46.641 48.638 46.634 0.000 0.000 0.000 46.562 30.547 0.000 0.000 0.000 0.000 0.000 0.000 5.110 47.099 44.090 19.081 0.000 0.000 52.029 38.024 34.017 33.011 37.006 14.004 0.000 12.883 50.885 31.893 35.896 7.897 0.000 0.000 0.000 37.979 32.978 36.976 3.973 0.000 0.000 0.000 0.000 0.000 0.000 0.000 0.000 0.000 37.829 32.829 32.828 37.828 0.000 0.000 9.796
55.614 44.201 24.268 19.770 62.699 24.185 29.913 32.144 35.822 54.410 63.866 51.862 0.000 0.000 0.000 0.000 40.653 34.649 40.645 55.641 54.639 0.000 0.000 0.000 0.000 47.533 0.000 0.000 0.000 33.167 0.000 0.000 49.121 48.113 54.100 47.085 12.069 66.055 63.039 61.028 59.019 51.010 32.003 19.004 0.000 26.881 79.881 33.884 34.888 8.893 0.000 0.000 0.000 42.998 28.997 33.996 4.994 0.000 0.000 0.000 0.000 0.000 0.000 0.000 0.000 33.828 35.828 37.828 31.828 36.828 0.000 0.000 6.795
64.194 51.294 33.597 62.273 20.200 21.989 21.160 20.804 30.373 57.911 53.325 24.593 0.000 0.000 39.663 5.661 47.657 39.653 50.648 45.644 24.641 0.000 0.000 0.000 0.000 51.519 27.514 0.000 0.000 29.167 37.167 41.159 43.142 45.129 35.114 32.089 40.069 40.055 60.043 43.033 37.021 35.006 14.994 0.000 2.888 21.878 89.873 45.876 11.879 0.000 0.000 0.000 1.019 56.019 29.017 36.016 8.014 0.000 0.000 0.000 0.000 0.000 0.000 0.000 12.828 35.828 50.828 48.828 41.828 0.828 0.000 0.000 7.795
62.246 60.490 61.824 39.122 27.029 23.175 22.813 21.391 27.981 43.532 38.929 0.000 0.000 0.000 42.665 63.664 58.661 59.657 41.653 0.000 0.000 0.000 0.000 0.000 42.505 33.509 25.510 0.000 0.000 0.000 41.175 45.168 45.157 45.147 29.139 0.000 36.062 37.054 61.047 47.038 41.025 27.001 33.972 48.934 68.898 57.871 81.856 46.869 10.874 0.000 0.000 0.000 0.000 54.041 30.038 31.035 36.033 0.000 0.000 0.000 0.000 0.000 0.000 0.000 0.000 5.828 54.828 51.828 4.828 0.000 0.000 0.000 3.795
60.320 61.759 60.971 59.987 42.135 21.786 22.374 22.991 21.623 24.310 0.000 0.000 0.000 0.000 58.669 48.668 46.666 42.661 0.000 0.000 0.000 0.000 0.000 43.500 34.501 30.502 13.506 0.000 0.000 0.000 41.190 49.183 58.172 57.162 59.156 47.157 0.000 5.054 64.053 48.047 22.040 0.000 36.957 46.934 73.898 35.852 19.811 0.000 0.000 0.000 0.000 0.000 7.082 45.067 32.059 33.052 36.050 9.055 0.000 0.000 0.000 0.000 0.000 0.000 0.000 0.000 11.828 12.828 0.000 0.000 0.000 0.000 4.794
61.763 60.742 62.858 63.024 46.698 23.301 25.932 25.572 23.211 23.774 0.000 38.677 0.000 4.676 52.674 52.673 59.673 0.000 0.000 17.577 5.578 0.000 0.000 38.499 32.497 26.494 0.000 0.000 0.000 0.000 39.211 40.200 42.187 41.175 39.165 31.159 0.000 0.000 66.064 52.057 37.049 0.017 35.967 46.946 70.908 26.829 22.726 5.655 0.000 0.000 0.000 0.000 7.096 52.087 31.077 33.066 33.061 34.060 38.061 10.062 0.000 0.000 0.000 0.000 0.000 0.000 0.000 0.000 0.000 0.000 0.000 0.000 0.000
61.446 63.648 62.842 63.544 37.166 27.815 47.476 41.154 22.874 0.614 0.000 35.678 50.678 55.677 41.678 62.679 54.679 0.000 0.000 31.578 62.578 14.573 0.000 39.501 33.492 30.483 0.000 0.000 47.306 43.281 39.244 41.220 46.201 46.185 44.170 55.155 47.134 7.111 66.084 58.066 58.050 50.028 30.997 48.976 56.958 0.000 25.610 8.584 0.000 0.000 0.000 0.000 17.120 56.108 28.095 30.076 31.066 32.063 37.062 9.062 0.000 0.000 0.000 0.000 0.000 0.000 0.000 0.000 0.000 0.000 0.000 0.000 0.000
