results3_8e3_rain/res_3e8f-0204.wd
ncols         241
nrows         181
xllcorner     12693529.787448
yllcorner     3542525.717860
cellsize      155.156523
NODATA_value  -9999.000000
[rows 66 to 98 of 181, columns 146 to 218 of 241]
38.213 53.151 75.092 76.037 75.987 75.941 75.899 75.860 75.825 78.796 14.777 0.000 2.642 0.000 0.000 0.000 0.000 1.130 48.131 23.131 0.000 30.129 60.127 60.127 60.127 67.126 73.125 73.123 73.120 73.116 73.111 73.106 73.101 73.096 73.090 75.085 60.082 61.079 53.078 0.000 0.000 0.000 0.000 0.000 29.413 36.403 45.384 39.346 17.296 15.265 30.239 51.215 59.191 53.167 48.143 48.119 38.095 35.071 35.047 38.024 59.001 70.978 65.956 54.935 61.915 68.895 72.876 72.858 71.840 71.824 71.807 71.792 71.777
41.274 60.211 78.151 76.097 76.048 76.004 75.963 75.925 80.889 69.859 39.845 36.862 0.000 0.000 0.000 0.000 0.000 19.130 21.130 0.000 0.000 0.000 30.125 61.124 70.124 73.123 73.122 73.120 73.117 77.114 75.110 73.106 73.102 73.097 72.093 64.089 58.085 64.082 54.081 0.000 0.000 0.000 0.000 21.404 35.405 40.401 36.394 0.000 2.248 12.234 32.215 35.195 49.174 58.151 47.129 46.105 44.081 35.057 35.033 34.010 39.986 63.963 70.941 55.920 57.899 59.879 61.860 65.841 69.824 71.807 72.791 71.775 71.761
46.333 67.268 77.206 76.151 76.105 76.063 74.025 72.987 27.946 12.906 43.883 49.879 14.882 0.000 0.000 0.000 0.000 0.000 0.000 0.000 0.000 14.121 43.122 63.122 73.121 73.121 73.119 73.117 73.115 75.113 74.109 73.106 73.103 74.099 64.095 62.091 65.088 60.084 52.083 0.000 0.000 0.000 0.000 39.404 42.403 4.400 3.397 0.000 7.216 40.207 42.193 52.176 55.157 66.136 64.114 52.091 41.068 33.044 35.019 34.995 29.971 43.948 60.925 64.903 69.882 66.862 59.843 64.824 67.806 67.790 65.773 67.758 70.743
51.391 74.322 78.253 79.197 76.156 77.120 72.087 18.053 2.012 42.935 43.902 48.889 56.886 0.000 0.000 0.000 0.000 0.000 0.000 0.000 0.000 26.120 49.120 62.120 74.119 73.118 73.117 73.116 73.114 74.112 73.109 73.106 73.103 70.101 64.097 29.093 2.090 0.000 0.000 0.000 0.000 0.000 0.000 35.403 42.403 0.000 0.000 0.000 57.192 43.185 38.174 66.159 71.142 72.122 76.101 70.079 58.055 38.030 35.005 34.980 32.956 33.932 39.909 40.886 47.865 55.844 62.825 66.806 67.788 68.771 64.755 67.740 68.725
33.451 38.376 48.286 24.228 81.202 78.174 63.149 40.127 10.115 0.000 0.000 0.000 0.000 0.000 0.000 0.000 0.000 0.000 0.000 0.000 0.000 27.119 52.118 55.118 71.117 73.117 73.115 73.114 77.113 76.111 73.109 73.107 74.105 65.103 68.101 0.000 0.000 0.000 0.000 0.000 0.000 0.000 0.000 0.000 29.403 38.403 0.000 0.000 88.175 51.168 33.157 64.144 72.128 72.110 72.090 75.067 74.042 54.017 36.991 34.965 32.940 35.915 36.891 44.868 49.847 38.826 38.806 43.787 48.770 54.753 59.737 63.721 67.707
79.518 58.447 0.000 0.000 85.249 77.226 64.207 46.191 13.179 0.000 0.000 0.000 0.000 0.000 0.000 0.000 0.000 0.000 0.000 0.000 0.000 0.000 13.116 57.116 73.116 73.115 73.114 73.113 75.112 74.110 73.109 73.107 74.105 62.104 72.103 0.000 0.000 0.000 0.000 0.000 0.000 0.000 0.000 0.000 0.000 5.403 13.403 0.000 25.165 41.155 34.144 64.132 72.118 72.101 73.081 73.057 73.031 66.003 41.976 37.949 35.923 32.898 53.873 65.850 71.827 55.806 48.786 44.768 42.750 39.733 39.717 39.702 67.687
55.596 0.000 0.000 82.436 82.320 80.274 71.263 56.249 12.233 0.000 0.000 0.000 0.000 0.000 0.000 0.000 0.000 0.000 0.000 0.000 0.000 0.000 39.115 62.115 74.114 73.114 73.113 74.112 73.111 73.110 73.109 73.107 74.106 67.105 32.105 0.000 0.000 0.000 0.000 0.000 0.000 0.000 0.000 0.000 0.000 0.000 0.000 0.000 0.000 38.144 37.132 55.121 70.109 73.094 67.075 63.050 69.021 59.990 42.961 41.933 50.906 45.879 68.854 72.829 71.807 69.786 69.766 66.747 64.729 61.712 57.697 49.682 69.667
82.643 72.642 78.612 34.553 0.000 1.298 77.320 51.309 12.271 0.000 14.521 0.000 0.000 0.000 0.000 0.000 0.000 0.000 0.000 0.000 0.000 2.113 55.113 67.113 74.113 73.113 73.112 75.111 75.110 73.109 73.108 73.107 72.107 68.106 17.106 0.000 0.000 0.000 0.000 0.000 0.000 0.000 0.000 0.000 0.000 0.000 0.000 0.000 0.106 0.000 26.118 52.113 70.104 71.092 52.075 55.047 57.014 53.975 38.944 35.916 58.888 67.860 71.833 73.808 73.785 74.764 72.744 72.725 73.707 72.691 73.675 73.661 72.647
84.691 76.672 81.641 32.609 0.000 0.000 68.403 16.397 0.000 0.000 46.521 9.521 0.000 0.000 0.000 0.000 0.000 0.000 0.000 0.000 0.000 1.112 58.112 70.112 74.112 73.112 73.111 74.111 74.110 73.109 73.108 74.108 70.107 65.106 15.106 0.000 0.000 0.000 0.000 0.000 0.000 0.000 0.000 0.000 0.000 0.000 0.000 0.000 18.107 20.108 31.110 47.107 69.102 71.095 17.088 0.000 0.000 43.950 37.925 32.900 46.871 65.838 71.810 73.784 73.761 73.740 71.720 71.702 72.685 71.669 71.653 72.639 72.625
76.757 76.712 76.672 74.634 61.601 47.555 40.493 39.478 35.504 38.516 41.521 41.522 13.522 0.000 0.000 0.000 0.000 0.000 19.110 21.110 0.000 11.111 57.111 71.111 73.111 73.111 73.111 73.110 73.109 73.109 73.108 73.108 55.107 50.107 48.106 43.106 7.106 0.000 0.000 0.000 0.000 0.000 0.000 0.000 0.000 0.000 0.000 0.000 22.107 48.107 39.107 43.105 63.101 64.097 37.094 0.000 0.000 0.000 34.907 39.888 38.857 57.813 70.784 71.759 71.736 71.715 71.696 71.678 71.661 71.645 71.631 71.617 71.603
76.798 76.748 76.700 75.655 72.614 74.572 48.535 27.518 65.519 38.523 42.524 18.523 0.000 0.000 0.000 0.000 0.000 0.000 19.110 65.110 14.110 2.110 56.111 70.111 74.111 73.110 75.110 76.110 74.109 73.109 73.108 71.108 64.107 55.107 56.107 55.106 8.106 0.000 0.000 0.000 0.000 0.000 0.000 0.000 0.000 0.000 0.000 0.000 16.106 51.106 43.105 50.103 65.101 60.099 66.097 0.000 0.000 0.000 0.000 0.000 0.000 47.772 70.753 71.731 71.709 71.689 71.670 71.653 71.637 71.621 71.607 71.593 71.580
76.835 76.783 77.725 79.672 76.626 76.585 75.556 76.539 67.533 45.531 17.531 0.000 0.000 0.000 0.000 0.000 0.000 0.000 6.110 58.110 45.110 35.110 51.110 73.110 73.110 73.110 73.109 73.109 73.109 73.108 73.108 73.107 71.107 50.107 54.107 61.106 4.106 0.000 0.000 0.000 0.000 0.000 0.000 0.000 0.000 0.000 0.000 0.000 12.106 63.105 7.104 30.103 53.101 60.099 21.098 0.000 0.000 0.000 0.000 0.000 0.000 1.749 59.726 72.703 71.681 71.660 71.642 71.626 71.611 71.597 71.583 71.570 71.557
79.874 75.825 72.744 74.683 77.632 77.588 79.564 76.549 74.542 61.538 10.537 0.000 0.000 0.000 0.000 0.000 0.000 0.000 0.000 14.110 49.110 41.110 57.110 75.110 73.110 73.109 73.109 73.109 73.108 73.108 73.108 73.107 74.107 63.107 50.106 54.106 60.106 2.106 0.000 0.000 0.000 0.000 0.000 0.000 0.000 0.000 0.000 0.000 0.000 8.105 0.000 0.000 38.100 57.100 0.000 0.000 0.000 0.000 0.000 0.000 0.000 0.000 47.700 68.674 71.650 71.630 71.613 71.598 71.585 71.571 71.558 71.546 71.533
72.921 33.898 0.000 0.000 0.000 69.571 74.561 80.553 76.547 65.544 15.542 0.000 49.547 19.547 0.000 0.000 0.000 0.000 0.000 0.000 41.109 45.109 66.109 74.109 75.109 76.109 73.109 73.109 73.108 73.108 73.108 73.107 73.107 74.107 53.106 35.106 44.106 5.106 0.000 0.000 0.000 0.000 0.000 0.000 0.000 0.000 0.000 0.000 0.000 0.000 0.000 0.000 27.100 60.100 0.000 0.000 0.000 0.000 0.000 0.000 0.000 0.000 0.000 48.644 68.614 71.596 71.582 71.570 71.557 71.546 71.534 71.522 71.509
67.961 24.948 0.000 0.000 44.563 42.563 59.559 78.553 75.549 60.547 41.546 45.547 49.547 15.547 0.000 0.000 0.000 0.000 12.108 0.000 42.109 53.109 73.109 73.109 76.109 76.109 73.109 73.108 73.108 73.108 73.107 73.107 73.107 74.107 70.106 65.106 54.106 34.106 28.105 0.000 0.000 0.000 0.000 0.000 0.000 0.000 0.000 0.000 0.000 0.000 0.000 0.000 29.100 21.100 0.000 0.000 0.000 0.000 0.000 0.000 0.000 0.000 0.000 0.000 53.567 69.559 71.550 71.540 71.530 71.520 71.509 71.497 71.485
73.992 54.985 26.993 0.000 0.000 44.560 44.556 66.553 78.550 56.548 43.547 48.547 26.547 0.000 0.000 0.000 0.000 0.000 41.108 34.109 39.109 56.109 75.109 75.109 76.109 73.109 73.108 73.108 73.108 73.108 73.107 73.107 73.107 73.106 73.106 75.106 64.106 52.105 41.105 42.105 35.105 26.104 31.104 0.000 0.000 0.000 0.000 0.000 0.000 0.000 0.000 0.000 32.100 7.100 0.000 0.000 0.000 0.000 0.000 0.000 0.000 0.000 0.000 0.000 38.527 66.523 70.518 71.511 71.504 71.495 71.485 71.473 71.461
77.016 68.008 21.000 0.000 0.000 0.000 43.554 48.552 75.550 63.549 44.548 47.548 22.548 0.000 0.000 0.000 0.000 0.000 44.108 37.108 40.109 58.109 77.109 76.109 74.108 74.108 73.108 73.108 73.108 73.107 73.107 74.107 74.107 74.106 68.106 59.106 63.105 70.105 63.105 61.105 49.105 36.104 43.104 1.104 0.000 0.000 0.000 0.000 0.000 0.000 0.000 0.000 0.000 0.000 0.000 0.000 0.000 0.000 0.000 0.000 0.000 0.000 0.000 0.000 30.490 61.489 71.487 73.484 73.478 73.471 72.462 71.451 71.438
77.035 52.029 0.000 0.000 0.000 0.000 0.000 50.551 63.550 57.549 56.549 53.548 43.548 21.548 0.000 0.000 0.000 0.000 43.108 36.108 41.108 56.108 68.108 65.108 60.108 62.108 67.108 72.108 74.108 74.107 72.107 62.107 60.107 65.106 54.106 51.105 51.105 62.105 66.105 61.105 47.104 36.104 8.104 0.000 0.000 0.000 0.000 0.000 0.000 0.000 0.000 0.000 0.000 0.000 0.000 0.000 0.000 0.000 0.000 0.000 1.357 0.000 0.000 0.000 18.454 43.457 49.458 51.457 51.454 52.449 61.441 70.430 71.415
76.050 42.046 0.000 0.000 0.000 0.000 0.000 45.550 39.550 38.549 46.549 46.549 46.548 42.548 15.548 0.000 0.000 0.000 48.108 43.108 48.108 58.108 61.108 64.108 22.108 0.000 0.000 13.108 74.108 71.107 60.107 15.107 0.000 0.000 53.105 85.105 78.105 57.105 63.105 57.104 46.104 31.104 34.104 0.000 0.000 0.000 0.000 0.000 0.000 0.000 0.000 0.000 0.000 0.000 0.000 0.000 0.000 0.000 14.357 4.357 22.357 43.362 54.372 53.388 71.415 79.427 80.432 78.433 80.433 67.429 50.423 68.412 71.394
74.061 39.058 0.000 0.000 0.000 0.000 0.000 45.550 41.550 20.550 0.000 0.000 0.548 0.000 0.000 0.000 0.000 0.000 54.108 48.108 43.108 39.108 25.108 0.000 0.000 0.000 0.000 0.000 0.000 0.000 47.107 9.107 0.000 0.000 0.000 48.105 81.105 41.105 42.105 41.104 37.104 40.104 87.104 46.104 0.000 0.000 0.000 0.000 0.000 0.000 0.000 0.000 0.000 0.000 0.000 0.000 13.329 4.329 0.000 0.000 8.352 90.357 86.365 68.377 69.392 66.402 67.408 89.412 82.414 68.413 48.410 57.401 56.379
60.070 41.068 35.071 0.000 0.000 0.000 0.000 0.000 43.550 27.550 0.000 0.000 0.000 0.000 0.000 0.000 0.000 0.000 54.108 54.108 55.108 38.108 13.108 0.000 0.000 0.000 0.000 0.000 0.000 0.000 43.107 20.107 0.000 0.000 0.000 47.105 96.105 60.105 63.104 58.104 43.104 61.104 115.104 112.104 43.103 0.018 0.987 0.000 0.000 0.000 0.000 0.000 0.000 0.000 0.000 0.000 3.329 21.329 11.331 9.335 18.342 93.348 60.355 68.364 59.373 40.382 51.388 94.393 60.396 47.400 54.404 8.402 0.000
44.075 44.074 30.074 0.000 0.000 0.000 0.000 0.000 0.000 0.000 0.000 0.000 0.000 0.000 0.000 0.000 0.000 0.000 57.108 48.108 42.108 40.108 14.108 0.000 0.000 0.000 0.000 0.000 0.000 40.107 33.107 58.107 54.107 0.000 6.105 53.105 59.105 51.104 94.104 83.104 54.104 7.104 71.104 126.104 10.103 0.000 0.000 0.000 0.000 0.000 0.000 0.000 22.328 19.328 14.328 3.328 72.328 110.328 101.329 97.331 44.335 88.339 56.344 45.350 92.356 73.363 93.369 74.375 44.380 52.384 0.000 0.000 0.000
47.079 48.077 40.077 0.000 0.000 0.000 0.000 0.000 0.000 0.000 0.000 0.000 0.000 0.000 0.000 0.000 0.000 0.000 11.108 52.108 42.108 20.108 0.000 0.000 0.000 0.000 0.000 0.000 0.000 42.107 39.107 15.107 0.000 0.000 0.000 27.105 6.105 0.000 7.104 49.104 5.104 0.000 27.104 93.104 48.104 0.102 0.000 0.000 0.000 0.000 0.000 0.000 0.000 4.328 0.000 0.000 28.328 8.327 72.325 76.325 27.326 88.328 65.331 38.335 56.339 106.345 120.350 54.357 42.364 9.374 0.000 0.000 18.183
46.082 47.080 47.079 51.079 43.079 0.000 0.000 0.000 0.000 0.000 0.000 0.000 0.000 0.000 0.000 0.000 0.000 0.000 0.000 42.108 38.108 22.108 0.000 0.000 0.000 0.000 0.000 0.000 43.107 40.107 17.107 0.000 0.000 0.000 0.000 1.105 0.000 0.000 0.000 53.104 2.104 0.000 27.104 0.000 0.000 0.000 0.000 0.000 0.000 0.000 0.000 0.000 0.000 13.328 7.328 9.328 2.328 0.000 48.320 67.319 26.318 90.317 70.317 40.319 89.322 92.326 87.332 95.338 59.344 0.000 0.000 1.149 32.164
48.084 26.081 37.080 46.079 46.079 46.079 45.079 0.000 0.000 0.000 0.000 0.000 0.000 0.000 0.000 0.000 0.000 0.000 0.000 44.108 40.108 24.108 0.000 0.000 0.000 0.000 0.000 0.000 0.000 46.107 18.107 0.000 0.000 0.000 0.000 0.000 0.000 5.103 17.103 40.104 44.104 21.104 0.000 0.000 0.000 0.000 0.000 0.000 0.000 0.000 0.000 0.000 0.000 2.328 0.328 6.328 0.000 0.000 51.315 71.313 31.309 91.304 76.301 90.301 90.303 49.307 42.312 87.319 36.332 0.000 0.124 33.135 41.143
53.087 0.000 0.000 43.079 32.079 0.000 45.079 35.079 0.000 0.000 0.000 0.000 0.000 0.000 0.000 0.000 0.000 0.000 0.000 43.108 40.108 28.108 0.000 0.000 0.000 0.000 0.000 0.000 0.000 0.000 0.000 0.000 0.000 0.000 0.000 0.000 0.000 0.000 56.103 73.103 34.103 0.000 0.000 0.000 0.000 0.000 0.000 0.000 0.000 0.000 0.000 0.000 0.000 0.000 0.000 11.328 0.000 0.000 86.312 72.309 33.302 91.288 88.283 80.282 72.283 58.286 59.290 28.294 0.000 0.000 17.112 36.120 43.124
50.089 0.000 0.000 30.079 22.079 0.000 0.000 0.000 0.000 54.087 50.087 41.087 0.000 0.000 0.000 0.000 0.000 0.000 0.000 47.108 43.108 25.108 0.000 0.000 0.000 0.000 0.000 0.000 0.000 0.000 0.000 0.000 0.000 0.000 0.000 0.000 0.000 0.000 19.103 103.103 69.103 0.102 0.000 0.000 0.000 0.000 0.000 0.000 0.000 0.000 0.000 0.000 0.000 0.000 0.000 0.000 0.000 0.000 18.312 0.000 0.000 65.263 106.261 85.261 84.261 82.264 85.268 33.274 0.000 0.000 21.105 35.107 36.108
66.089 0.000 0.000 0.000 0.000 52.088 39.088 0.000 50.087 44.087 44.087 36.087 0.000 0.000 0.000 0.000 0.000 0.000 0.000 47.108 42.108 30.108 0.000 0.000 0.000 0.000 0.000 0.000 0.000 0.000 0.000 0.000 0.000 0.000 0.000 0.000 0.000 0.000 0.000 47.103 39.103 10.103 0.000 0.000 0.000 0.000 0.000 0.000 0.000 0.000 0.000 0.000 0.000 0.000 0.000 0.000 0.000 0.000 0.000 0.000 0.000 12.239 48.238 49.238 47.238 47.240 44.244 40.259 0.000 0.000 14.096 35.095 33.094
77.089 66.089 48.089 49.089 48.088 42.088 43.088 44.087 42.087 47.087 46.087 37.087 34.087 0.000 0.000 0.000 0.000 0.000 0.000 34.108 0.000 0.000 0.000 0.000 0.000 0.000 0.000 0.000 0.000 0.000 0.000 0.000 0.000 0.000 0.000 0.000 0.000 0.000 0.000 0.102 46.103 9.103 0.000 0.000 0.000 0.000 0.000 0.000 0.000 0.000 0.000 0.000 0.000 0.000 0.000 0.000 0.000 0.000 0.000 0.000 0.000 3.215 36.216 35.215 35.214 51.212 46.210 0.000 0.000 0.000 7.087 48.084 60.081
77.089 71.089 41.089 41.089 41.088 24.088 25.088 29.087 39.087 48.087 45.087 37.087 40.087 29.087 0.000 0.000 0.000 0.000 0.000 0.000 0.000 0.000 0.000 0.000 0.000 0.000 0.000 0.000 0.000 0.000 0.000 0.000 0.000 0.000 0.000 0.000 0.000 0.000 0.000 0.000 3.103 49.103 8.103 0.000 0.000 0.000 0.000 0.000 0.000 0.000 0.000 0.000 0.000 0.000 0.000 0.000 0.000 0.000 0.000 0.000 28.181 31.191 35.194 35.193 37.190 56.185 46.175 29.153 0.000 0.000 43.080 64.075 71.069
77.089 75.089 45.089 42.089 22.089 0.000 0.000 0.000 0.000 39.087 42.087 40.087 33.087 0.000 0.000 0.000 0.000 0.000 0.000 0.000 0.000 0.000 0.000 0.000 0.000 0.000 0.000 0.000 0.000 0.000 0.000 0.000 0.000 0.000 0.000 0.000 0.000 0.000 0.000 0.000 1.103 52.103 14.103 0.000 0.000 0.000 0.000 0.000 0.000 0.000 0.000 0.000 0.000 0.000 0.000 0.000 0.000 0.000 0.000 0.162 39.171 36.175 35.176 31.174 44.169 61.162 45.150 34.132 29.107 29.090 53.077 70.068 71.059
77.089 75.089 28.089 32.089 0.000 0.000 0.000 0.000 0.000 0.000 30.087 43.087 35.087 0.000 0.000 0.000 0.000 0.000 0.000 0.000 0.000 0.000 0.000 0.000 0.000 0.000 0.000 0.000 0.000 0.000 0.000 0.000 0.000 0.000 0.000 0.000 0.000 0.000 0.000 0.000 0.000 1.103 20.103 0.000 0.000 0.000 0.000 0.000 0.000 0.000 0.000 0.000 8.140 16.140 0.000 0.000 0.000 0.000 0.000 33.152 31.158 30.160 35.160 49.157 62.151 52.143 36.132 34.117 36.100 33.085 54.071 72.060 71.049
77.089 51.089 0.000 0.000 0.000 0.000 0.000 0.000 0.000 0.000 0.000 33.086 40.086 38.086 0.000 0.000 0.000 0.000 0.000 0.000 0.000 0.000 0.000 0.000 0.000 0.000 0.000 0.000 0.000 0.000 0.000 0.000 0.000 0.000 0.000 0.000 0.000 0.000 0.000 0.000 0.000 0.000 0.000 0.000 0.000 0.000 0.000 0.000 0.000 0.000 0.000 0.000 0.000 9.140 11.140 0.000 38.141 30.142 28.143 40.146 54.149 59.149 61.147 61.142 47.136 35.128 34.117 34.105 33.091 35.077 58.064 73.052 71.040
