results3_8e3_rain/res_3e8f-0158.wd
ncols         241
nrows         181
xllcorner     12693529.787448
yllcorner     3542525.717860
cellsize      155.156523
NODATA_value  -9999.000000
[rows 132 to 164 of 181, columns 0 to 72 of 241]
95.841 100.841 104.840 104.839 106.838 106.837 100.836 91.834 77.832 66.829 65.826 66.823 65.820 64.815 69.811 83.806 94.800 99.793 99.785 96.776 88.765 79.752 70.737 64.717 69.692 71.662 70.626 71.587 69.553 64.522 78.492 101.463 68.438 0.000 0.000 0.000 8.202 60.196 72.190 69.170 71.155 77.146 95.146 81.151 65.160 64.172 64.186 76.202 97.219 38.239 11.261 6.296 0.000 0.000 0.000 0.000 0.000 0.000 0.000 0.000 0.000 0.000 2.592 0.592 27.592 7.525 11.458 52.365 75.227 79.130 79.024 89.113 116.579
73.845 75.845 78.844 84.844 94.843 100.841 105.840 105.838 98.836 84.833 73.830 67.827 71.823 78.819 91.815 106.809 105.803 102.796 102.788 105.779 105.768 101.755 89.740 77.722 69.700 64.674 65.646 64.617 65.589 73.564 95.542 103.523 15.511 0.000 0.000 0.000 18.209 46.215 64.241 73.237 74.226 71.213 72.216 82.222 77.228 70.235 74.244 82.254 95.267 36.281 22.300 28.330 8.360 0.000 0.000 0.000 0.000 0.000 0.000 0.000 0.000 0.000 0.000 0.000 9.678 0.000 59.485 81.410 77.293 86.269 77.334 116.700 105.460
65.850 65.849 65.849 67.848 72.847 76.846 83.844 92.842 100.840 103.838 97.835 95.832 97.828 100.824 99.819 92.814 83.808 81.801 81.793 86.784 92.773 99.761 102.747 101.730 90.711 80.690 75.667 73.644 82.623 98.603 99.587 85.576 18.571 0.000 0.000 0.000 0.000 0.000 47.322 74.313 53.297 41.265 56.284 71.291 86.294 90.297 92.300 93.305 89.311 16.320 3.329 31.362 28.391 16.422 22.437 16.445 0.000 0.000 0.000 0.000 0.000 0.000 43.907 13.856 79.763 101.701 134.559 90.535 85.590 66.550 102.617 107.140 107.049
66.854 66.854 66.854 66.853 65.852 64.851 66.849 71.847 77.845 87.843 97.840 99.836 92.833 82.829 76.824 68.819 64.813 64.806 64.798 66.790 71.780 77.768 84.755 96.741 101.725 103.707 102.689 98.671 101.654 94.639 76.628 68.622 47.626 5.648 0.000 0.000 0.000 0.000 40.411 73.396 16.385 0.000 49.365 74.364 93.361 101.359 87.356 90.353 76.354 34.359 0.379 58.400 27.420 19.437 30.446 30.452 1.462 0.000 0.000 0.000 0.000 31.012 49.958 122.899 151.822 134.706 118.263 117.211 108.884 107.527 107.406 107.278 72.500
66.859 66.859 66.859 66.858 66.857 66.856 66.854 65.852 65.850 68.848 74.845 73.842 69.838 65.834 65.829 65.824 66.819 66.812 66.805 66.797 65.788 64.777 66.766 72.753 79.739 88.725 96.710 92.696 81.683 69.672 65.664 70.660 78.662 54.670 32.676 32.667 18.642 19.596 55.516 76.474 26.462 8.476 68.448 100.437 102.429 81.421 84.411 83.397 71.394 60.402 11.410 39.420 13.451 1.469 14.457 1.460 3.471 1.471 0.000 0.000 0.000 12.068 75.014 80.934 76.923 78.084 76.060 107.850 107.748 107.641 74.842 77.622 79.495
66.865 66.864 66.864 66.863 66.862 66.861 66.860 66.858 66.856 66.853 65.851 65.847 65.844 66.840 66.836 66.831 66.825 66.819 66.813 66.805 66.797 66.788 66.778 65.767 64.755 65.743 69.731 67.720 66.710 70.701 73.695 72.692 70.692 72.693 72.692 69.683 69.663 73.630 48.582 34.523 23.512 41.519 86.513 100.506 80.497 73.486 72.469 52.429 48.423 11.444 0.000 0.000 1.561 3.569 0.000 0.000 7.487 22.471 37.431 7.370 21.292 84.148 91.137 89.210 87.197 88.280 108.040 107.947 89.083 95.876 88.732 94.507 86.351
66.870 66.870 66.870 66.869 66.868 66.867 66.865 66.864 66.862 66.859 66.857 66.854 66.850 66.846 66.842 66.838 66.833 66.827 66.821 65.814 72.807 74.799 66.790 65.781 64.771 65.761 67.752 70.743 73.735 72.728 67.724 68.721 75.720 78.719 74.716 68.709 65.697 74.679 5.661 0.000 8.543 81.575 90.580 77.576 69.568 89.558 35.550 0.000 0.000 1.619 2.652 2.654 2.631 3.622 0.000 0.000 32.519 74.494 103.453 64.393 97.281 105.442 102.406 101.499 108.300 108.217 108.130 101.164 103.044 102.744 101.607 100.541 18.460
66.876 66.876 66.875 66.875 66.874 66.873 66.872 66.870 66.868 66.866 69.863 69.860 67.857 71.853 69.849 66.845 66.841 66.836 65.830 63.824 74.818 82.811 68.803 65.795 67.787 70.779 72.771 71.765 68.759 70.754 75.751 77.749 78.748 78.747 73.745 67.741 76.735 95.728 14.722 0.000 0.000 55.658 78.656 75.651 79.641 99.629 33.621 0.000 2.684 2.668 2.679 2.679 2.659 4.666 0.000 30.624 82.579 98.532 101.468 106.471 103.641 100.633 108.527 108.455 108.380 100.470 101.257 102.133 101.816 101.790 94.723 71.633 0.000
66.882 66.882 66.881 66.881 66.880 66.879 66.878 66.876 66.875 67.873 74.870 74.867 51.864 19.860 40.856 70.853 64.849 67.845 73.840 76.835 76.829 72.823 68.816 69.810 72.803 71.797 70.791 72.785 76.781 76.778 78.776 77.775 68.775 63.776 65.776 78.776 97.775 107.775 29.777 0.000 0.000 30.742 86.737 88.729 95.715 94.694 30.686 0.000 2.701 0.717 1.724 2.726 0.000 8.717 34.714 78.677 100.606 103.629 102.724 102.731 101.827 108.663 108.596 100.670 101.472 102.337 102.126 101.984 101.943 93.878 85.837 0.000 0.000
66.888 66.888 66.887 66.887 66.886 66.886 66.885 66.883 66.882 68.880 77.878 88.874 64.871 1.867 7.861 55.861 81.858 73.855 71.851 71.846 69.841 68.836 70.830 72.824 70.819 66.814 68.809 80.805 82.803 72.801 66.800 63.801 63.802 68.804 82.807 98.810 95.815 79.821 51.834 19.864 13.864 57.831 86.820 68.814 59.798 51.745 16.744 0.853 0.779 21.772 12.768 2.773 0.000 27.772 78.754 100.682 102.887 101.887 102.001 108.852 108.792 108.729 100.729 102.616 102.330 102.206 102.154 102.083 96.010 82.948 72.913 0.000 0.000
66.894 66.894 66.894 66.893 66.893 66.892 66.891 66.891 66.889 68.888 78.886 65.883 21.877 3.878 0.000 23.871 77.869 69.865 71.861 70.857 68.853 71.848 72.844 69.839 66.834 62.830 72.827 86.824 73.823 63.823 64.824 69.826 79.829 90.833 101.838 94.844 72.851 67.862 86.875 93.892 94.899 98.897 73.900 34.908 6.917 0.000 1.030 1.041 0.000 34.785 21.798 1.846 32.870 78.820 100.852 103.051 102.077 109.018 108.965 108.910 100.992 101.793 102.684 102.385 102.372 102.314 102.241 103.152 91.074 61.991 50.952 8.952 2.952
65.901 65.901 66.900 66.900 66.899 66.899 66.899 66.898 66.897 69.896 79.895 50.894 0.000 9.889 47.890 49.884 66.880 68.876 56.873 38.869 76.865 71.861 67.857 66.853 64.850 66.846 82.844 85.842 67.842 70.843 82.846 91.850 100.854 98.860 86.867 72.876 65.886 81.898 85.913 73.929 54.944 52.957 40.975 21.001 10.044 4.133 2.173 22.197 17.212 0.000 0.000 26.931 78.979 102.097 103.128 101.248 109.117 109.069 101.152 101.965 102.845 102.654 102.533 102.511 102.460 102.410 105.342 69.213 49.144 0.000 0.000 0.000 0.000
74.908 72.907 69.907 67.906 64.906 64.906 64.906 64.906 63.905 68.904 80.904 63.903 44.905 52.900 70.898 66.894 63.890 69.887 64.884 51.881 71.878 65.874 64.871 64.867 66.864 80.861 88.859 54.859 46.859 96.862 101.867 96.873 85.879 75.887 67.895 63.906 74.918 86.932 54.949 29.968 12.989 4.013 21.042 20.078 10.125 11.183 14.223 42.242 26.227 0.000 0.000 59.218 101.258 100.389 109.255 109.211 109.165 101.187 103.083 102.809 102.703 102.674 104.632 99.583 101.554 102.527 113.506 0.000 0.000 0.000 0.000 0.000 0.000
75.915 77.914 83.913 84.912 84.913 81.914 82.914 81.914 80.913 80.913 82.912 65.912 69.911 68.909 65.906 68.904 68.901 67.898 72.895 74.893 68.890 62.887 64.884 66.882 80.879 85.876 74.874 68.873 77.875 100.880 83.887 74.895 66.903 64.912 66.922 65.934 79.948 88.964 52.983 29.006 17.032 19.063 22.101 14.146 15.196 21.249 23.294 16.322 0.000 0.000 37.463 79.479 109.375 109.337 109.298 101.418 102.225 103.126 102.835 102.833 103.792 103.748 76.705 54.644 89.644 103.639 108.648 48.705 0.000 0.000 0.000 0.000 0.000
68.924 62.922 15.917 17.916 26.920 73.921 70.922 70.922 70.921 74.921 83.920 64.920 65.919 64.917 67.915 71.913 72.911 70.909 69.907 72.905 73.903 70.900 64.898 81.896 87.893 78.890 84.887 101.886 98.888 80.895 68.906 64.916 66.926 66.936 65.947 70.960 86.976 88.993 81.014 84.039 55.069 17.107 9.153 8.207 20.265 27.324 17.381 14.432 6.457 32.611 80.638 109.445 109.411 101.558 102.369 103.257 103.071 102.958 102.944 103.898 101.859 95.819 20.799 0.000 71.739 106.735 103.742 102.762 0.000 0.000 0.000 0.000 0.000
66.934 58.934 0.000 0.000 8.930 69.930 65.930 65.930 65.930 69.929 83.929 61.928 65.927 69.926 71.925 72.923 69.922 66.920 64.918 66.917 76.915 89.914 84.912 85.910 62.907 56.903 108.897 94.895 61.897 21.906 41.926 69.938 66.948 66.959 68.971 61.984 46.001 36.019 48.041 88.067 64.099 17.142 12.197 7.264 16.332 21.402 15.475 20.539 20.621 58.745 109.496 100.746 104.486 103.392 103.206 103.098 103.075 103.040 104.000 103.964 68.926 44.872 30.872 33.879 84.837 105.822 101.823 92.839 10.873 0.000 0.000 0.000 0.000
66.944 66.946 49.951 0.000 9.939 70.939 66.939 66.939 65.938 66.938 81.938 68.937 71.936 73.935 72.934 67.933 64.932 65.931 65.930 64.929 74.928 97.927 93.926 80.925 73.923 64.919 40.905 29.899 16.898 0.000 22.956 71.962 66.970 68.980 51.992 26.006 11.023 8.042 50.064 67.089 36.120 8.164 11.228 16.322 23.396 19.477 13.577 6.670 9.969 57.975 109.560 103.634 103.396 103.219 103.205 103.171 103.131 103.095 101.061 92.031 25.009 0.000 41.938 100.928 105.907 103.894 97.891 87.896 5.907 0.000 0.000 0.000 0.000
63.953 65.954 62.956 0.000 5.948 70.948 65.948 63.947 65.947 69.947 73.946 72.946 72.945 70.945 64.944 65.943 65.943 66.942 66.941 71.941 89.941 88.941 81.941 90.941 88.942 59.943 0.000 0.000 0.000 0.000 20.979 71.983 66.990 69.999 41.011 3.026 37.043 63.062 83.084 52.107 4.126 0.235 0.314 5.398 15.452 15.538 15.654 9.914 6.632 109.743 109.654 102.539 103.387 103.289 103.256 103.219 103.184 105.150 90.118 73.090 33.069 9.060 57.013 86.988 95.969 104.956 93.950 82.949 4.951 0.000 0.000 0.000 0.000
70.961 68.961 57.962 0.000 56.957 64.957 66.956 70.956 71.956 72.956 70.955 71.955 69.955 65.954 65.954 66.953 66.953 65.953 67.953 90.953 89.953 71.954 84.955 82.957 86.960 84.968 47.985 3.996 13.001 43.003 47.998 68.001 67.007 67.016 62.028 54.043 71.060 70.080 64.103 86.127 34.149 0.258 0.336 9.425 14.478 12.560 13.663 37.818 62.216 109.826 104.865 104.615 104.356 103.343 103.305 103.269 104.235 102.202 57.171 34.143 46.119 47.097 101.067 103.043 83.025 93.011 88.003 60.999 25.998 0.000 0.000 0.000 0.000
71.968 72.969 69.969 57.971 71.967 71.966 71.965 72.965 72.965 73.964 85.964 67.964 65.964 65.964 66.963 66.963 66.963 67.963 81.964 92.964 67.965 71.966 98.968 90.971 78.976 81.982 84.992 69.000 74.006 89.009 82.011 70.015 63.022 63.031 74.043 90.057 77.075 49.096 21.120 76.150 65.192 14.262 17.329 22.403 18.475 9.565 11.633 52.915 105.161 109.904 101.845 104.497 105.427 103.390 103.354 103.318 96.284 86.251 43.220 14.192 23.166 24.141 85.116 127.093 108.075 84.061 76.052 55.046 64.044 17.044 0.000 3.225 7.225
76.976 76.976 72.976 72.976 72.975 73.974 73.974 69.973 66.973 65.973 28.973 18.973 69.973 66.973 66.973 66.973 65.974 68.974 92.975 78.975 63.977 69.978 86.981 103.984 98.988 95.994 94.001 90.007 86.013 85.017 93.021 90.026 84.033 80.043 83.054 87.069 49.087 13.107 12.132 28.161 24.207 9.266 18.322 28.383 24.456 15.557 8.715 51.964 110.049 109.978 104.737 106.582 103.470 103.439 104.402 100.366 84.332 77.299 83.268 89.239 73.211 95.186 110.161 127.140 136.121 120.107 82.096 87.090 62.087 0.000 0.000 0.000 0.000
15.983 16.983 76.982 71.983 71.983 66.982 63.982 65.982 60.982 13.982 13.982 2.982 70.982 66.982 66.983 66.983 66.984 84.984 91.985 64.986 66.988 66.990 69.992 75.996 78.000 78.004 74.010 77.015 93.020 86.025 77.030 80.036 87.043 91.052 94.063 91.078 66.095 31.115 14.138 13.157 0.000 2.275 13.308 22.353 6.404 0.000 21.918 82.162 110.117 102.078 105.805 105.543 103.527 103.486 104.449 99.413 86.378 52.345 59.314 102.284 113.255 145.229 136.204 108.182 96.163 113.148 92.137 86.130 61.128 0.158 0.000 0.000 0.000
2.990 11.990 25.987 80.990 65.990 63.990 65.990 65.990 66.990 13.991 4.991 59.991 67.991 66.992 66.992 66.993 68.994 92.995 77.996 63.997 66.999 67.001 67.003 66.006 66.010 66.014 65.019 72.024 101.028 80.033 11.038 19.044 31.051 82.059 92.070 76.083 81.100 68.122 20.146 17.173 2.210 7.250 20.281 12.316 0.000 0.000 40.080 110.248 110.183 104.961 106.702 102.610 103.572 103.533 103.495 103.458 90.423 53.390 68.357 105.327 101.298 135.270 130.245 99.222 104.202 90.185 71.173 89.166 67.165 1.182 0.000 0.000 0.000
64.999 60.999 0.000 72.999 82.999 83.999 64.999 76.999 83.999 59.999 58.000 68.000 67.001 67.001 67.002 67.003 86.003 90.004 65.006 67.007 66.009 65.011 67.014 67.017 67.020 67.024 66.028 74.032 103.036 84.041 30.046 3.051 54.057 79.064 92.073 71.085 61.100 20.125 13.153 16.179 14.207 22.233 26.252 0.288 0.000 18.999 81.251 110.310 102.216 105.939 105.681 103.660 103.617 103.577 103.539 104.502 95.467 84.433 107.400 132.368 120.338 137.310 134.283 128.259 135.237 101.219 78.205 88.196 96.194 25.200 0.000 0.000 0.000
67.007 66.008 61.010 67.008 66.007 14.007 88.007 80.007 67.007 68.008 68.008 67.009 67.010 67.010 67.011 70.012 93.013 76.014 66.016 67.017 73.019 81.021 67.024 65.027 67.030 66.033 69.037 93.040 101.044 76.048 64.052 52.057 74.062 73.068 34.074 19.082 16.091 0.000 5.163 5.182 6.204 7.225 9.238 0.000 22.057 79.212 101.384 110.371 103.179 103.822 103.744 103.702 103.661 103.621 103.582 104.545 95.509 78.474 74.441 107.408 97.377 111.348 114.319 102.293 104.268 76.247 53.231 67.219 134.214 87.215 22.220 12.222 34.224
67.015 67.015 67.016 67.015 67.015 61.015 77.015 93.015 69.016 66.016 67.017 67.018 67.019 67.020 66.021 89.022 91.023 65.024 67.025 68.027 65.029 27.031 86.034 81.037 68.039 66.042 84.045 103.049 87.052 67.055 67.059 68.063 71.066 75.070 12.074 13.078 0.000 2.150 17.153 0.000 0.178 0.000 0.000 0.000 45.169 102.345 110.485 110.429 103.063 103.897 103.781 103.745 103.703 103.663 103.624 102.587 87.550 89.515 109.481 128.447 127.415 132.384 137.354 124.325 122.297 109.271 58.251 56.237 132.229 96.225 34.223 27.223 92.225
67.022 67.022 67.022 67.022 67.022 67.022 67.023 78.023 93.024 69.025 66.026 67.027 67.028 65.029 73.030 94.031 74.032 66.033 68.034 66.035 8.038 5.041 74.044 75.046 81.049 80.051 88.054 87.057 68.060 66.062 68.065 71.068 76.071 76.073 0.000 0.000 0.000 4.147 28.147 15.145 16.145 15.144 0.000 6.285 53.421 107.561 110.540 102.401 104.116 103.850 103.830 103.785 103.744 103.704 103.665 103.627 89.590 85.555 106.519 107.485 107.452 110.419 110.387 109.355 114.323 87.291 63.265 78.248 93.239 32.234 0.000 0.000 36.226
67.029 69.029 69.029 67.029 67.030 67.030 67.031 67.031 78.032 93.033 69.034 64.035 64.036 81.038 93.039 87.041 64.042 67.043 63.044 9.042 6.048 60.051 67.054 67.056 73.058 90.060 90.062 83.065 76.067 68.070 55.072 25.074 90.076 70.077 0.000 0.000 0.000 3.143 17.143 10.144 24.144 13.144 0.000 6.442 26.533 110.647 110.594 103.270 104.004 103.910 103.868 103.825 103.784 103.744 103.705 104.667 99.630 89.593 84.557 83.522 83.487 83.454 83.420 87.386 61.349 5.303 31.271 87.253 83.243 44.238 6.237 0.000 35.228
68.036 5.036 6.035 67.036 66.037 65.038 65.038 64.039 64.040 77.041 92.042 85.044 92.045 94.047 81.048 65.050 72.052 72.053 60.055 0.000 8.061 71.062 67.064 69.065 93.067 100.069 78.071 69.073 76.075 83.077 71.079 7.080 50.082 68.083 0.000 0.000 0.000 4.138 10.140 7.142 21.143 0.000 0.000 6.531 11.857 110.698 108.521 104.234 103.975 103.951 103.906 103.863 103.822 103.782 103.744 103.706 104.668 103.631 101.595 100.559 100.523 101.488 103.453 77.419 19.384 0.000 16.261 72.251 103.243 94.238 67.235 43.232 60.230
67.043 66.043 1.044 66.044 77.045 81.045 85.046 90.047 93.048 94.049 94.051 94.052 80.054 67.056 83.058 100.060 101.062 101.064 94.067 72.073 7.072 68.072 66.074 75.075 103.076 90.078 67.079 66.081 68.082 71.084 62.085 7.087 27.089 27.090 0.000 0.000 0.000 10.132 5.136 0.000 4.143 0.000 14.530 15.782 6.396 110.748 112.471 108.109 104.030 103.985 103.942 103.900 103.860 103.820 103.781 103.744 103.706 103.669 103.632 103.595 104.557 107.521 79.487 12.453 0.000 5.214 0.000 17.246 73.241 104.237 95.234 71.232 48.230
67.050 69.051 65.052 67.052 82.052 81.053 77.053 73.055 72.056 68.057 89.059 79.061 90.063 81.065 97.067 93.069 86.072 87.074 98.077 104.080 93.081 94.082 86.083 94.084 102.086 75.087 66.088 67.089 67.090 66.091 66.092 68.093 63.095 12.098 72.105 63.111 2.116 4.122 0.000 0.000 0.000 5.482 83.540 80.747 110.840 110.795 106.347 107.176 104.059 104.021 103.978 103.936 103.896 103.857 103.819 103.781 103.744 103.707 103.670 105.631 110.589 79.554 19.520 0.000 0.000 2.214 1.214 0.000 14.237 65.234 100.232 50.230 0.000
69.057 5.057 64.058 67.058 67.059 67.060 66.061 67.062 69.063 67.065 79.067 74.069 83.071 94.074 82.076 67.079 68.081 69.084 70.086 75.089 88.091 98.092 104.093 102.094 91.095 67.095 67.096 67.097 67.097 67.098 68.099 91.099 64.101 4.103 68.107 18.111 12.115 5.119 0.000 0.000 0.000 15.455 103.661 105.870 110.884 104.679 104.387 104.121 104.100 104.054 104.012 103.971 103.931 103.893 103.855 103.818 103.782 103.746 105.710 90.670 44.615 11.584 0.000 4.214 2.214 22.214 29.214 0.000 0.000 36.229 98.229 50.228 0.000
70.064 3.064 64.064 67.065 67.066 67.067 67.068 68.069 6.071 66.073 70.075 81.077 81.080 89.082 94.085 80.088 65.091 65.093 65.096 67.099 69.101 70.102 71.103 71.104 70.104 69.104 65.104 65.105 66.105 67.105 78.105 92.105 63.105 57.106 59.107 0.000 0.000 5.119 0.000 0.000 0.000 19.535 102.654 110.969 110.927 103.537 104.267 104.171 104.129 104.086 104.044 104.004 103.965 103.928 103.891 103.854 103.819 103.784 108.752 64.727 0.000 0.000 2.215 0.215 2.214 17.214 24.214 0.000 0.000 39.226 99.226 58.225 0.000
