results3_8e3_rain/res_3e8f-0144.wd
ncols         241
nrows         181
xllcorner     12693529.787448
yllcorner     3542525.717860
cellsize      155.156523
NODATA_value  -9999.000000
[rows 33 to 65 of 181, columns 73 to 145 of 241]
0.000 0.000 0.000 0.000 0.000 0.000 0.000 0.000 0.000 0.000 0.000 0.000 0.000 0.000 0.000 0.000 0.000 0.000 0.000 0.000 0.000 0.000 0.000 0.000 0.000 0.000 0.000 0.000 0.000 0.000 0.000 0.000 0.000 0.000 0.000 0.000 0.000 0.000 0.000 38.725 61.727 66.728 22.731 0.000 0.000 31.809 45.838 12.817 3.819 35.840 38.857 32.856 33.838 34.804 34.752 34.683 34.594 33.482 39.334 59.104 5.634 13.779 11.079 46.259 62.725 67.253 65.813 66.417 64.956 67.046 62.105 61.708 61.700
0.000 0.000 0.000 0.000 0.000 0.000 0.000 0.000 0.000 0.000 0.000 0.000 0.000 0.000 0.000 0.000 0.000 0.000 0.000 0.000 0.000 0.000 0.000 0.000 0.000 0.000 0.000 0.000 0.000 0.000 0.000 0.000 0.000 0.000 0.000 0.000 0.000 0.000 0.000 0.000 13.727 8.728 0.000 0.000 0.000 0.000 27.929 0.000 0.000 25.882 49.923 48.928 38.912 34.877 34.822 34.747 34.652 33.538 55.409 53.256 0.000 36.624 49.199 62.637 67.124 66.649 66.222 65.732 66.795 62.816 62.106 62.360 64.665
0.000 0.000 0.000 0.000 0.000 0.000 0.000 0.000 0.000 0.000 0.000 0.000 0.000 0.000 0.000 0.000 0.000 0.000 34.323 66.323 19.323 0.000 0.000 0.000 0.000 0.000 0.000 0.000 0.000 0.000 0.000 0.000 0.000 0.000 0.000 0.000 0.000 0.000 0.000 0.000 0.000 0.000 0.000 0.000 0.000 0.000 20.020 0.000 0.000 0.000 28.026 46.021 46.004 36.970 34.913 34.832 32.728 48.610 57.506 0.000 22.278 46.893 61.456 67.967 67.480 67.029 66.512 68.547 64.536 62.631 63.029 65.357 64.604
0.000 0.000 0.000 0.000 0.000 0.000 0.000 0.000 0.000 0.000 0.000 21.325 59.325 0.000 0.000 0.000 0.000 0.000 41.323 92.323 48.323 0.000 0.000 0.000 0.000 0.000 0.000 0.000 0.000 0.000 0.000 0.000 0.000 0.000 0.000 0.000 0.000 0.000 0.000 0.000 0.000 0.000 0.000 0.000 0.000 0.000 23.111 24.152 31.171 17.170 27.134 35.125 48.114 39.085 35.028 31.938 42.817 52.669 41.500 17.180 46.663 64.216 68.764 68.290 67.831 67.294 67.302 66.266 63.269 63.715 66.054 65.308 65.077
0.000 0.000 0.000 0.000 0.000 0.000 0.000 0.000 0.000 0.000 0.000 42.325 77.325 66.325 53.325 8.325 2.324 26.324 80.323 88.323 53.323 0.000 0.000 0.000 0.000 22.189 1.189 0.000 0.000 0.000 0.000 0.000 0.000 0.000 0.000 0.000 0.000 6.194 0.000 0.000 0.000 10.195 28.194 0.000 0.000 39.174 54.161 57.175 55.191 41.204 35.214 34.232 48.243 39.229 31.177 45.076 58.934 46.749 34.645 49.376 53.978 66.545 69.088 68.630 68.081 68.064 66.009 64.018 64.420 66.766 66.025 65.796 65.466
0.000 0.000 0.000 0.000 0.000 0.000 0.000 0.000 0.000 0.000 0.000 13.325 75.325 58.325 39.325 1.325 22.324 72.324 83.324 90.323 49.323 0.000 0.000 0.000 0.000 60.189 44.189 0.000 0.000 0.000 0.000 0.000 0.000 0.000 0.000 0.000 23.194 35.194 37.195 0.000 0.000 19.195 44.194 23.193 37.191 60.186 63.185 64.196 61.214 48.242 35.286 32.347 49.395 40.412 44.374 62.254 56.094 0.000 32.954 51.702 64.329 69.895 69.441 68.884 68.840 66.774 64.895 65.149 67.495 66.761 66.537 66.205 65.877
0.000 0.000 0.000 0.000 0.000 0.000 0.000 0.000 0.000 0.000 0.000 0.000 0.000 26.325 64.325 60.325 48.325 61.324 81.324 92.323 45.322 0.000 0.000 0.000 0.000 22.189 46.189 48.189 0.000 0.000 0.000 0.000 0.000 0.000 0.000 0.000 39.194 40.194 52.195 35.195 24.195 38.195 39.195 35.195 42.194 49.194 47.198 40.208 59.228 25.264 41.342 44.475 34.578 46.648 59.654 56.472 0.000 7.939 44.514 61.149 69.743 70.280 69.727 69.653 66.579 65.940 65.911 68.245 67.520 67.302 66.975 66.643 66.290
0.000 0.000 0.000 0.000 0.000 0.000 0.000 0.000 0.000 0.000 0.000 0.000 0.000 16.325 83.325 78.326 68.326 58.325 82.324 90.323 85.320 70.317 25.314 0.000 0.000 0.000 2.189 56.189 40.190 38.190 49.190 44.190 7.190 0.000 0.000 3.194 39.194 38.194 59.195 65.195 54.195 46.196 38.196 35.196 36.197 37.199 36.203 34.211 42.224 3.244 0.000 3.635 39.794 62.949 61.122 0.648 6.690 44.365 58.013 67.647 71.180 70.738 71.511 67.460 67.231 66.726 69.027 68.304 68.089 67.770 67.448 67.097 66.714
0.000 0.000 0.000 0.000 0.000 0.000 0.000 0.000 0.000 0.000 0.000 0.000 0.000 0.000 16.326 55.326 30.327 66.326 85.325 90.323 88.320 86.316 75.312 34.309 0.000 0.000 0.000 12.189 51.190 51.190 64.190 62.190 55.190 50.191 0.000 0.000 6.194 43.194 62.195 69.195 61.195 45.196 34.197 35.198 35.199 35.201 35.205 35.210 39.215 0.000 0.000 0.000 10.014 47.233 16.737 14.091 49.024 53.815 65.545 72.144 71.991 70.227 68.550 68.898 67.627 69.860 69.124 68.898 68.580 68.271 67.944 67.585 67.163
0.000 0.000 0.000 0.000 0.000 0.000 0.000 0.000 0.000 0.000 0.000 0.000 0.000 0.000 0.000 1.327 87.329 87.329 89.328 89.325 88.320 82.314 76.309 47.306 0.000 0.000 0.000 0.000 0.000 19.190 64.190 58.190 73.191 70.191 49.192 28.193 29.194 38.194 60.195 69.195 60.196 43.196 33.197 38.198 37.200 35.202 35.205 35.208 36.210 28.209 0.000 0.000 0.000 0.000 8.503 51.564 54.496 62.349 73.066 73.174 71.532 73.412 71.146 68.676 70.776 69.998 69.739 69.406 69.095 68.786 68.474 68.137 66.705
0.000 0.000 0.000 0.000 0.000 0.000 22.264 45.261 0.000 23.206 63.195 52.183 56.173 31.166 0.000 0.000 23.331 95.332 89.332 86.328 83.321 86.313 77.305 40.300 0.000 0.000 0.000 0.000 0.000 0.000 0.000 8.190 62.191 63.191 14.191 0.000 5.194 42.194 60.195 65.195 55.196 46.196 44.197 6.199 13.201 41.203 35.205 35.207 36.208 42.208 50.208 12.208 0.000 0.000 24.208 57.167 61.062 71.871 74.084 73.715 77.004 75.577 70.032 71.823 70.954 70.630 70.256 69.920 69.602 69.304 69.028 68.784 74.605
0.000 0.000 0.000 0.000 0.000 0.000 22.267 65.259 7.240 57.216 59.197 71.182 54.169 39.160 0.000 0.000 11.333 80.335 92.340 89.335 89.324 90.310 84.297 38.288 0.000 0.000 0.000 0.000 0.000 0.000 0.000 0.000 0.000 47.191 6.191 0.000 1.194 48.195 45.195 57.195 14.195 0.000 0.000 0.000 0.000 7.204 45.205 39.206 2.207 32.208 66.208 49.208 2.208 0.000 28.962 62.803 71.706 74.827 74.582 78.763 78.019 71.400 72.950 71.985 71.574 71.141 70.762 70.413 70.091 69.800 69.549 69.368 74.325
20.541 64.536 54.532 0.000 0.000 0.000 16.278 76.266 52.245 54.220 60.197 84.177 85.160 80.146 34.132 0.000 0.000 0.000 40.359 94.349 89.330 90.307 87.284 46.269 0.000 0.000 0.000 0.000 0.000 0.000 0.000 0.000 0.000 5.191 0.000 0.000 0.000 0.000 0.000 0.000 0.000 0.000 0.000 0.000 0.000 0.000 0.000 20.207 17.207 0.000 0.000 0.000 0.000 18.374 55.791 72.744 74.420 75.353 79.705 79.314 72.435 73.982 73.007 72.538 72.050 71.625 71.235 70.878 70.550 70.254 70.001 69.812 72.735
20.542 76.536 58.529 54.521 0.000 0.000 3.300 68.284 70.254 70.223 82.194 79.169 91.148 90.130 51.118 0.000 0.000 0.000 16.389 96.370 89.340 90.303 87.265 47.234 0.000 0.000 7.813 55.777 67.737 36.710 0.000 0.000 0.000 0.000 0.000 0.000 0.000 0.000 0.000 0.000 0.000 0.000 0.000 0.000 0.000 0.000 0.000 0.000 5.207 0.000 0.000 0.000 16.340 56.847 73.807 74.389 80.617 80.107 73.713 74.270 74.764 73.937 73.460 72.950 72.492 72.069 71.677 71.314 70.977 70.667 70.388 77.146 17.940
84.544 81.536 60.526 61.513 53.495 0.439 58.339 53.315 61.265 74.225 78.186 89.159 90.133 89.110 58.092 0.000 0.000 0.000 15.438 95.403 89.355 90.300 85.239 65.167 49.053 49.950 49.849 57.781 78.724 45.684 0.000 0.000 0.000 0.000 0.000 0.000 0.000 0.000 0.000 0.000 0.000 0.000 0.000 0.000 0.000 0.000 0.000 0.000 0.000 0.000 14.431 45.208 54.715 73.701 75.291 81.961 81.367 74.263 75.979 75.308 74.760 74.296 73.803 73.337 72.896 72.481 72.091 71.723 71.376 71.049 77.738 23.442 0.000
81.548 76.539 74.526 57.509 61.483 61.444 52.395 45.374 0.000 0.000 20.166 79.146 90.114 88.085 73.049 39.998 0.000 2.607 64.521 85.450 90.378 89.304 90.226 80.141 56.044 52.947 51.854 60.772 78.696 61.616 47.507 48.420 52.357 63.318 27.302 0.000 0.000 0.000 0.000 0.000 0.000 0.000 0.000 0.000 0.000 0.000 0.000 0.000 0.000 0.000 25.631 65.471 73.418 76.065 82.841 82.445 74.989 76.654 75.871 75.495 75.048 74.589 74.137 73.697 73.274 72.869 72.482 72.112 71.757 77.412 24.075 0.000 0.000
70.555 22.544 90.532 61.514 55.483 56.453 58.426 58.410 47.415 0.000 0.000 0.135 24.094 95.066 85.019 62.948 54.830 61.693 60.589 62.497 70.404 71.311 58.219 55.127 53.033 52.940 51.847 60.758 75.670 54.579 51.483 56.398 72.333 75.294 60.286 34.286 0.000 0.000 0.000 0.000 0.000 0.000 0.000 0.000 0.000 0.000 0.000 0.000 0.000 16.471 58.317 73.928 76.768 83.405 83.161 75.687 77.328 76.540 76.179 75.746 75.318 74.886 74.458 74.039 73.632 73.239 72.857 72.487 78.126 23.769 0.000 0.000 0.000
16.562 89.553 90.542 76.532 0.000 3.461 63.443 59.427 70.419 61.416 0.000 0.155 3.101 83.067 80.015 64.943 55.850 52.746 52.646 55.544 68.430 76.318 79.211 72.116 62.023 54.931 53.838 69.743 72.646 47.548 51.448 51.356 52.281 56.240 35.263 0.000 0.000 0.000 5.819 0.000 0.000 0.000 0.000 0.000 0.000 0.000 0.000 19.692 51.363 59.220 72.736 84.064 83.678 76.744 77.338 77.902 77.210 76.843 76.417 76.005 75.591 75.179 74.771 74.370 73.978 73.596 74.221 80.854 24.490 0.000 0.000 0.000 0.000
94.570 90.562 90.552 90.539 77.519 60.486 60.459 60.437 51.419 0.374 17.246 24.204 76.140 73.087 76.029 68.960 69.880 69.794 69.705 72.605 67.452 67.321 69.192 73.101 74.013 71.924 67.830 78.730 76.625 64.517 65.406 65.297 67.197 42.121 0.000 0.000 0.000 0.000 6.819 0.000 0.000 0.000 0.000 0.000 0.000 6.553 54.339 54.910 75.927 76.486 85.134 84.653 79.234 78.948 78.335 77.865 77.484 77.070 76.666 76.263 75.863 75.467 75.076 74.692 74.315 74.944 78.579 11.216 0.000 0.000 0.000 0.000 0.000
93.578 89.573 89.566 90.553 87.532 65.503 59.472 60.440 61.404 53.350 2.283 68.227 65.169 66.113 67.053 61.988 65.918 70.845 78.775 63.719 0.000 0.000 14.137 72.081 68.005 67.922 67.827 67.721 67.608 67.488 67.362 67.230 65.087 59.926 32.711 0.000 8.348 52.123 58.819 70.507 40.265 0.000 0.000 0.000 0.612 55.744 66.548 78.479 79.118 85.871 85.536 79.886 79.561 78.823 78.492 78.100 77.701 77.305 76.911 76.519 76.131 75.749 75.374 75.006 75.645 78.288 25.933 0.000 0.000 0.000 0.000 0.000 0.000
79.584 79.586 79.586 90.575 90.554 80.523 56.487 59.449 60.408 60.361 66.308 75.253 59.197 56.141 54.083 61.021 75.957 74.894 59.833 39.776 0.000 0.000 0.000 0.137 57.005 51.932 51.834 51.721 51.598 52.466 55.325 56.172 55.998 54.785 55.496 54.050 53.572 62.204 68.826 66.436 73.023 70.474 64.960 62.448 64.830 76.425 79.936 79.729 86.364 86.148 80.527 80.179 79.427 79.098 78.702 78.313 77.924 77.537 77.152 76.772 76.394 76.024 75.665 76.315 76.971 15.630 0.000 0.000 0.000 0.000 0.000 0.000 0.000
0.000 45.601 57.616 85.608 89.585 70.548 53.503 52.459 60.419 60.379 59.333 53.281 54.224 60.172 77.116 76.057 58.997 51.940 41.886 0.000 61.481 70.422 66.331 67.217 70.077 72.967 71.855 72.732 75.596 74.452 71.300 73.135 67.946 53.720 57.437 56.081 60.688 78.293 84.847 81.390 74.916 69.436 70.978 77.440 82.291 80.713 86.967 86.616 80.517 82.125 80.708 80.045 79.703 79.302 78.915 78.528 78.144 77.765 77.391 77.020 76.651 77.287 74.946 70.618 22.294 0.000 0.000 0.000 0.000 0.000 0.000 0.000 0.000
0.000 0.000 50.670 69.656 80.629 55.583 47.517 54.465 52.431 59.401 60.365 60.315 53.248 70.205 62.153 51.094 54.033 45.982 0.000 70.625 73.540 73.453 75.355 76.243 79.121 83.004 81.886 81.757 81.603 83.445 84.289 82.122 69.933 55.713 57.452 57.148 56.808 59.431 32.879 5.360 94.811 136.402 113.933 79.865 81.382 87.939 87.498 80.967 83.694 81.107 80.662 80.302 79.905 79.516 79.126 78.740 78.360 77.989 77.627 77.267 78.900 73.530 62.214 16.916 0.000 0.000 0.000 0.000 0.000 0.000 0.000 0.000 44.027
2.918 0.000 5.738 26.716 61.692 43.638 0.000 49.452 54.440 54.428 60.413 49.364 0.000 54.246 52.198 54.133 55.058 64.973 78.856 75.711 77.599 83.497 93.393 137.281 134.158 134.042 133.930 133.805 134.614 118.435 50.289 53.131 50.951 58.745 57.512 54.250 51.965 33.744 0.000 0.000 3.583 61.295 78.309 82.906 88.634 88.314 80.568 82.267 81.564 81.259 80.888 80.504 80.117 79.727 79.335 78.944 78.566 78.205 78.861 77.521 69.154 57.716 15.465 0.000 0.000 0.000 0.000 0.000 0.000 0.000 0.330 35.220 56.128
76.917 24.891 13.829 76.777 54.787 0.000 0.000 0.000 48.449 61.457 53.495 0.000 6.419 62.335 53.260 64.181 77.094 76.997 81.885 84.763 77.650 63.543 54.438 50.329 48.188 51.076 51.987 38.918 0.000 55.394 52.300 51.162 54.994 58.804 55.600 47.374 54.059 34.836 0.000 0.868 56.561 73.592 83.323 89.126 88.905 81.154 82.839 82.133 81.838 81.468 81.097 80.718 80.332 79.941 79.542 79.137 78.753 79.404 75.091 63.803 20.478 0.000 0.000 0.000 0.000 0.000 0.000 0.000 0.000 0.000 3.395 53.308 52.223
86.936 94.926 82.909 0.000 11.892 5.996 1.047 0.055 0.000 0.000 57.616 55.597 63.503 60.414 60.327 60.237 77.140 91.036 79.923 59.807 57.693 52.586 54.487 45.410 0.000 57.088 54.024 42.963 0.000 56.446 51.355 52.222 59.061 56.877 54.711 36.589 0.000 1.366 53.212 51.027 67.815 83.734 89.401 82.091 82.657 83.315 82.710 82.414 82.050 81.689 81.317 80.938 80.552 80.162 79.754 80.309 79.907 69.566 54.296 17.120 0.000 0.000 0.000 0.000 0.000 0.000 0.000 1.710 28.671 27.599 42.486 54.394 42.311
76.964 80.969 70.971 0.000 0.000 71.084 64.091 58.068 2.012 9.889 75.756 72.673 59.583 60.492 60.398 61.299 82.194 134.083 126.966 73.847 128.731 49.620 53.515 53.415 55.300 53.163 53.057 52.947 54.791 50.591 50.450 59.312 58.149 54.934 49.776 38.682 0.000 0.189 55.272 62.119 84.128 83.017 89.759 83.137 83.723 83.271 82.979 82.631 82.281 81.918 81.545 81.163 80.777 80.400 82.004 77.438 59.001 45.657 47.405 13.263 0.000 0.000 0.000 0.000 0.000 0.000 0.000 1.748 37.709 42.641 56.555 50.471 40.393
72.994 68.015 12.036 0.000 2.206 54.165 63.139 60.098 78.036 71.944 76.844 84.755 75.665 60.571 60.473 60.367 59.255 53.135 48.010 52.885 49.764 53.649 53.539 53.433 53.323 53.207 53.096 52.977 51.836 56.675 58.543 59.428 43.288 0.000 42.776 0.000 0.000 0.091 59.452 81.380 85.390 90.748 90.287 83.230 83.881 83.522 83.207 82.871 82.520 82.156 81.782 81.394 80.993 79.656 41.425 0.000 0.000 0.000 0.000 0.000 0.000 0.000 0.000 34.144 29.110 28.053 26.976 30.870 39.780 55.701 49.621 40.543 50.469
65.021 56.062 61.121 6.220 59.246 55.232 54.200 72.152 65.087 81.008 89.923 69.838 55.750 53.656 56.555 59.444 60.322 60.191 53.055 51.919 52.791 52.672 53.560 53.454 53.350 58.246 55.142 52.030 52.899 55.732 59.620 48.568 0.000 0.000 0.000 0.000 15.145 135.026 78.742 85.767 83.743 91.155 83.051 85.569 87.051 83.776 83.458 83.125 82.773 82.405 83.035 79.637 67.145 57.805 15.615 0.000 0.000 0.000 0.000 0.000 0.000 0.000 36.229 36.178 36.132 37.075 37.004 37.922 51.840 51.763 35.687 38.612 40.541
40.037 41.089 35.167 59.292 55.327 54.316 65.278 69.222 80.153 87.079 53.002 51.923 52.840 54.748 53.646 50.530 58.399 59.254 60.098 58.946 52.809 51.687 50.576 51.474 57.378 116.286 84.196 64.101 47.000 0.000 61.638 69.655 0.000 0.000 0.000 0.000 59.266 70.163 87.046 85.082 91.866 91.524 84.141 84.670 85.335 84.040 83.727 83.396 83.042 83.656 82.314 34.975 0.000 0.000 0.000 0.000 0.000 0.000 0.000 0.000 0.000 0.000 43.280 39.209 36.164 37.110 35.045 46.972 53.897 37.823 38.750 46.679 44.610
0.000 0.000 0.000 52.455 55.453 57.428 78.376 89.303 103.225 85.152 14.083 71.013 70.938 54.852 54.751 53.632 51.491 54.326 60.137 57.959 58.812 60.690 58.583 56.488 52.403 47.325 52.254 47.177 0.000 0.000 0.000 55.760 47.786 0.000 0.000 1.717 69.490 86.351 86.428 84.444 92.178 83.866 86.367 87.872 84.614 84.322 84.016 83.690 83.345 80.863 35.588 0.000 0.000 0.000 0.000 0.000 0.000 0.000 0.000 0.000 0.000 42.469 12.402 0.330 44.206 34.157 45.094 57.025 44.954 39.882 44.811 48.742 41.675
0.000 0.000 0.000 50.619 56.604 72.565 83.495 131.387 125.293 127.222 133.165 129.109 130.047 54.970 54.875 53.756 53.607 52.423 47.166 56.939 58.792 59.677 57.578 59.493 59.419 60.358 53.317 0.000 0.000 0.000 0.000 56.839 41.813 0.000 0.000 60.886 82.735 86.683 85.670 92.746 92.470 84.926 85.472 86.160 84.896 84.620 84.323 85.004 59.783 0.000 0.000 0.000 0.000 0.000 0.000 0.000 0.000 0.000 54.753 43.708 33.636 37.537 37.460 38.394 38.293 41.219 54.150 51.080 46.010 46.940 44.872 42.804 38.739
16.869 0.000 0.000 51.798 68.778 76.735 82.652 53.459 52.338 51.278 48.244 49.213 49.169 55.107 55.022 70.909 70.759 46.591 0.000 43.839 56.739 58.648 56.559 58.485 58.423 59.372 55.338 0.000 0.191 1.123 55.049 39.944 0.000 0.000 62.262 71.112 87.976 86.882 86.062 93.004 84.603 87.130 89.665 85.441 85.191 84.938 83.653 71.219 30.001 0.000 0.000 0.000 0.000 0.000 40.986 35.966 35.928 35.874 39.798 51.734 54.663 40.583 35.507 37.433 39.351 54.277 53.205 39.135 48.066 48.998 47.930 40.864 36.800
