results3_8e3_rain/res_3e8f-0069.wd
ncols         241
nrows         181
xllcorner     12693529.787448
yllcorner     3542525.717860
cellsize      155.156523
NODATA_value  -9999.000000
[rows 32 to 63 of 181, columns 74 to 147 of 241]
0.000 0.000 0.000 0.000 0.000 0.000 0.000 0.000 0.000 0.000 0.000 0.000 0.000 0.000 0.000 0.000 0.000 0.000 0.000 0.000 0.000 0.000 0.000 0.000 0.000 0.000 0.000 0.000 0.000 0.000 0.000 0.000 0.000 0.000 0.000 0.000 0.000 0.000 18.874 26.875 42.877 45.880 2.887 30.898 43.914 43.925 41.924 34.923 29.936 29.939 30.933 30.918 30.893 30.858 30.814 31.762 32.704 28.642 45.573 55.497 0.000 0.000 40.353 47.984 58.556 61.163 60.794 60.462 62.059 60.204 57.334 57.359 56.957 59.188
0.000 0.000 0.000 0.000 0.000 0.000 0.000 0.000 0.000 0.000 0.000 0.000 0.000 0.000 0.000 0.000 0.000 0.000 0.000 0.000 0.000 0.000 0.000 0.000 0.000 0.000 0.000 0.000 0.000 0.000 0.000 0.000 0.000 0.000 0.000 0.000 0.000 0.000 34.875 57.876 62.877 18.879 0.000 0.000 27.935 41.955 8.939 0.000 31.970 34.977 28.974 29.958 30.930 30.889 30.835 30.770 29.698 35.621 55.524 2.171 8.967 6.517 41.876 58.399 62.964 61.557 62.193 60.764 62.884 57.969 57.540 57.543 59.831 59.075
0.000 0.000 0.000 0.000 0.000 0.000 0.000 0.000 0.000 0.000 0.000 0.000 0.000 0.000 0.000 0.000 0.000 0.000 0.000 0.000 0.000 0.000 0.000 0.000 0.000 0.000 0.000 0.000 0.000 0.000 0.000 0.000 0.000 0.000 0.000 0.000 0.000 0.000 0.000 9.876 4.876 0.000 0.000 0.000 0.000 24.021 0.000 0.000 21.998 46.025 45.026 35.011 30.980 30.932 30.867 30.787 29.698 51.618 49.571 0.000 32.045 44.707 58.234 62.774 62.336 61.940 61.478 62.569 58.613 57.864 58.123 60.446 59.703 59.478
0.000 0.000 0.000 0.000 0.000 0.000 0.000 0.000 0.000 0.000 0.000 0.000 0.000 0.000 0.000 0.000 0.000 29.957 61.957 14.957 0.000 0.000 0.000 0.000 0.000 0.000 0.000 0.000 0.000 0.000 0.000 0.000 0.000 0.000 0.000 0.000 0.000 0.000 0.000 0.000 0.000 0.000 0.000 0.000 0.000 16.088 0.000 0.000 0.000 24.099 42.095 42.080 33.048 30.994 30.914 28.811 44.691 53.582 0.000 17.912 42.462 57.033 63.578 63.123 62.699 62.206 64.265 60.272 58.319 58.714 61.055 60.317 60.099 59.791
0.000 0.000 0.000 0.000 0.000 0.000 0.000 0.000 0.000 0.000 16.956 54.956 0.000 0.000 0.000 0.000 0.000 36.957 87.957 43.957 0.000 0.000 0.000 0.000 0.000 0.000 0.000 0.000 0.000 0.000 0.000 0.000 0.000 0.000 0.000 0.000 0.000 0.000 0.000 0.000 0.000 0.000 0.000 0.000 0.000 19.154 20.186 27.201 13.203 23.179 31.174 44.166 35.138 31.080 27.985 38.851 48.672 37.439 12.988 42.363 59.856 64.386 63.918 63.472 62.950 62.976 61.951 58.890 59.325 61.670 60.932 60.716 60.408 60.117
0.000 0.000 0.000 0.000 0.000 0.000 0.000 0.000 0.000 0.000 37.956 72.956 61.957 48.957 3.957 0.000 21.957 75.957 83.957 48.957 0.000 0.000 0.000 0.000 18.196 0.000 0.000 0.000 0.000 0.000 0.000 0.000 0.000 0.000 0.000 0.000 2.206 0.000 0.000 0.000 6.208 24.208 0.000 0.000 35.197 50.190 53.201 51.215 37.228 31.238 30.256 44.271 35.259 27.203 41.095 54.937 42.707 30.512 45.162 49.695 62.214 64.732 64.266 63.717 63.706 61.654 59.578 59.962 62.304 61.561 61.340 61.026 60.729 60.435
0.000 0.000 0.000 0.000 0.000 0.000 0.000 0.000 0.000 0.000 8.956 70.957 53.957 34.957 0.000 17.958 67.958 78.957 85.957 44.957 0.000 0.000 0.000 0.000 56.196 40.196 0.000 0.000 0.000 0.000 0.000 0.000 0.000 0.000 0.000 19.205 31.206 33.206 0.000 0.000 15.208 40.208 19.208 33.207 56.205 59.206 60.215 57.231 44.256 31.291 28.342 45.404 36.422 40.380 58.254 52.096 0.000 28.740 47.455 60.041 65.571 65.092 64.518 64.468 62.391 60.399 60.634 62.964 62.216 61.985 61.660 61.350 61.043 60.747
0.000 0.000 0.000 0.000 0.000 0.000 0.000 0.000 0.000 0.000 0.000 0.000 21.957 59.958 55.958 43.958 56.958 76.958 87.957 40.957 0.000 0.000 0.000 0.000 18.196 42.197 44.197 0.000 0.000 0.000 0.000 0.000 0.000 0.000 0.000 35.205 36.206 48.206 31.206 20.207 34.208 35.208 31.208 38.209 45.210 43.213 36.222 55.238 21.274 37.327 40.416 30.580 42.648 55.639 52.446 0.000 3.684 40.253 56.876 65.444 65.953 65.374 65.280 62.184 61.400 61.356 63.663 62.906 62.664 62.324 61.996 61.666 61.346 61.047
0.000 0.000 0.000 0.000 0.000 0.000 0.000 0.000 0.000 0.000 0.000 0.000 11.958 78.958 73.959 63.959 53.959 77.959 85.958 80.956 65.954 20.953 0.000 0.000 0.000 0.000 52.197 36.197 34.198 45.198 40.198 3.198 0.000 0.000 0.000 35.205 34.206 55.206 61.207 50.207 42.208 34.208 31.209 32.210 33.212 32.215 30.220 38.226 0.000 0.000 0.000 35.854 58.949 57.081 0.000 2.564 40.082 53.741 63.364 66.875 66.404 67.151 63.066 62.662 62.149 64.415 63.645 63.386 63.028 62.681 62.328 61.974 61.629 61.324
0.000 0.000 0.000 0.000 0.000 0.000 0.000 0.000 0.000 0.000 0.000 0.000 0.000 11.959 50.959 25.960 61.960 80.960 85.959 83.956 81.954 70.951 29.949 0.000 0.000 0.000 8.197 47.198 47.198 60.198 58.198 51.199 46.199 0.000 0.000 2.205 39.205 58.206 65.207 57.207 41.208 30.209 31.210 31.211 31.213 31.215 31.218 35.221 0.000 0.000 0.000 6.033 43.212 12.655 9.986 44.888 49.589 61.287 67.863 67.684 65.886 64.171 64.331 63.053 65.241 64.447 64.162 63.783 63.414 63.040 62.661 62.273 61.871 62.541
0.000 0.000 0.000 0.000 0.000 0.000 0.000 0.000 0.000 0.000 0.000 0.000 0.000 0.000 0.000 82.963 82.963 84.962 84.960 83.957 77.953 71.949 42.947 0.000 0.000 0.000 0.000 0.000 15.198 60.198 54.199 69.199 66.199 45.201 24.202 25.204 34.205 56.206 65.207 56.207 39.208 29.209 34.210 33.212 31.213 31.215 31.217 32.218 24.218 0.000 0.000 0.000 0.000 4.379 47.414 50.316 58.124 68.811 68.895 67.232 69.037 66.641 64.128 66.175 65.332 65.004 64.594 64.200 63.802 63.403 63.003 61.586 70.041 67.666
0.000 0.000 0.000 0.000 0.000 17.719 40.719 0.000 18.686 58.679 47.670 51.662 26.658 0.000 0.000 18.965 90.965 84.966 81.964 78.959 81.952 72.946 35.943 0.000 0.000 0.000 0.000 0.000 0.000 0.000 4.199 58.199 59.199 10.200 0.000 1.205 38.206 56.206 61.206 51.207 42.208 40.209 2.210 9.212 37.213 31.215 31.216 32.217 38.217 46.217 8.217 0.000 0.000 20.031 52.976 56.850 67.633 69.824 69.444 72.773 71.314 65.544 67.264 66.323 65.925 65.468 65.040 64.615 64.191 63.768 63.360 69.029 0.000 0.000
0.000 0.000 0.000 0.000 0.000 17.720 60.718 2.709 52.693 54.680 66.669 49.660 34.653 0.000 0.000 6.967 75.968 87.973 84.970 84.962 85.951 79.941 33.935 0.000 0.000 0.000 0.000 0.000 0.000 0.000 0.000 0.000 43.200 2.200 0.000 0.000 44.206 41.206 53.206 10.207 0.000 0.000 0.000 0.000 3.214 41.215 35.215 0.000 28.217 62.217 45.217 0.000 0.000 24.746 58.579 67.468 70.571 70.315 74.529 73.792 66.971 68.443 67.404 66.917 66.403 65.934 65.479 65.030 64.579 64.118 63.640 68.141 10.636 0.000
59.947 49.946 0.000 0.000 0.000 11.723 71.726 47.714 49.698 55.681 79.666 80.653 75.643 29.633 0.000 0.000 0.000 35.988 89.981 84.967 85.950 82.933 41.921 0.000 0.000 0.000 0.000 0.000 0.000 0.000 0.000 0.000 1.199 0.000 0.000 0.000 0.000 0.000 0.000 0.000 0.000 0.000 0.000 0.000 0.000 0.000 16.215 13.215 0.000 0.000 0.000 0.000 14.118 51.544 68.493 70.159 71.081 75.438 75.066 68.034 69.518 68.477 67.937 67.374 66.865 66.381 65.911 65.447 64.977 64.485 63.942 66.259 49.131 5.498
71.947 53.944 49.941 0.000 0.000 0.000 63.747 65.726 65.702 77.680 74.661 86.645 85.632 46.623 0.000 0.000 0.000 12.011 91.998 84.976 85.948 82.919 42.894 0.000 0.000 3.560 51.530 63.497 32.475 0.000 0.000 0.000 0.000 0.000 0.000 0.000 0.000 0.000 0.000 0.000 0.000 0.000 0.000 0.000 0.000 0.000 0.000 1.215 0.000 0.000 0.000 12.072 52.581 69.541 70.119 76.318 75.810 69.349 69.880 70.328 69.450 68.912 68.336 67.804 67.298 66.813 66.339 65.870 65.395 64.905 71.385 11.822 0.000 18.588
76.948 55.944 56.937 48.928 0.000 53.827 48.790 56.740 69.706 73.674 84.653 85.634 84.617 53.605 0.000 0.000 0.000 11.047 91.025 84.991 85.949 80.901 60.844 44.754 45.671 45.589 53.533 74.487 41.453 0.000 0.000 0.000 0.000 0.000 0.000 0.000 0.000 0.000 0.000 0.000 0.000 0.000 0.000 0.000 0.000 0.000 0.000 0.000 0.000 10.162 40.938 50.445 69.429 71.018 77.700 77.094 69.910 71.596 70.893 70.305 69.793 69.243 68.715 68.204 67.712 67.233 66.764 66.298 65.830 72.354 17.869 0.000 0.000 3.779
71.950 69.945 52.936 56.920 56.895 47.864 40.845 0.000 0.000 15.659 74.644 85.620 83.599 68.574 35.539 0.000 0.000 60.104 81.065 86.013 84.955 85.893 75.825 51.747 48.669 47.594 56.527 74.464 57.398 43.306 44.234 48.180 59.147 23.134 0.000 0.000 0.000 0.000 0.000 0.000 0.000 0.000 0.000 0.000 0.000 0.000 0.000 0.000 0.000 21.364 61.201 69.145 71.790 78.584 78.189 70.652 72.288 71.476 71.067 70.581 70.076 69.573 69.074 68.587 68.111 67.644 67.185 66.728 72.271 18.813 0.000 0.000 0.000 2.896
17.955 85.950 56.941 50.921 51.901 53.888 53.882 42.891 0.000 0.000 0.000 19.602 90.585 80.554 58.503 50.419 57.323 56.200 58.118 66.041 66.965 53.891 50.817 48.741 48.665 47.590 56.516 71.443 50.368 47.287 52.215 68.160 71.128 56.121 30.121 0.000 0.000 0.000 0.000 0.000 0.000 0.000 0.000 0.000 0.000 0.000 0.000 0.000 12.211 54.052 69.657 72.494 79.134 78.899 71.365 72.979 72.166 71.776 71.310 70.844 70.370 69.895 69.423 68.958 68.500 68.049 67.603 73.158 18.715 0.000 0.000 0.000 0.000 0.000
84.963 85.960 71.957 0.000 0.000 58.907 54.902 65.901 56.901 0.000 0.000 0.000 78.584 75.553 60.502 51.432 48.349 48.256 51.166 64.068 71.975 74.888 67.810 57.736 50.661 49.584 65.506 68.425 43.343 47.259 47.181 48.117 52.082 31.101 0.000 0.000 0.000 1.843 0.000 0.000 0.000 0.000 0.000 0.000 0.000 0.000 15.440 47.111 54.965 68.476 79.783 79.392 72.446 73.027 73.570 72.856 72.463 72.010 71.566 71.117 70.665 70.214 69.765 69.322 68.884 69.449 76.018 19.588 0.000 0.000 0.000 0.000 0.000 0.000
85.971 85.972 85.970 72.967 55.954 55.931 55.918 46.910 0.000 12.687 19.687 71.662 68.615 71.571 64.519 65.457 65.386 65.308 68.221 63.090 62.980 64.875 68.801 69.731 67.658 63.581 74.498 72.410 60.318 61.225 61.132 63.046 37.981 0.000 0.000 0.000 0.000 2.843 0.000 0.000 0.000 0.000 0.000 0.000 2.352 50.068 50.658 71.680 72.238 80.896 80.400 74.949 74.648 74.018 73.530 73.127 72.688 72.257 71.825 71.392 70.959 70.529 70.103 69.681 70.263 73.847 6.432 0.000 0.000 0.000 0.000 0.000 0.000 9.029
84.982 84.985 85.984 82.978 60.964 54.945 55.928 56.912 48.898 0.000 63.713 60.684 61.643 62.598 57.547 61.491 66.431 74.371 59.321 0.000 0.000 9.831 67.787 63.729 63.661 63.582 63.494 63.398 63.297 63.190 63.077 60.955 55.815 28.629 0.000 4.384 48.161 54.843 66.497 36.219 0.000 0.000 0.000 0.000 51.546 62.317 74.242 74.880 81.646 81.307 75.619 75.277 74.523 74.174 73.764 73.343 72.924 72.504 72.084 71.666 71.251 70.841 70.436 71.036 73.639 21.243 0.000 0.000 0.000 0.000 0.000 0.000 0.000 30.040
74.994 75.003 86.004 85.996 75.980 51.958 54.936 55.912 55.883 61.833 70.767 54.719 51.676 49.630 56.581 71.529 70.476 55.422 35.372 0.000 0.000 0.000 0.000 52.737 47.676 47.593 47.498 47.393 48.281 51.161 52.030 51.881 50.696 51.443 50.046 49.607 58.256 64.872 62.430 68.940 66.329 60.786 58.266 60.649 72.227 75.718 75.503 82.134 81.923 76.275 75.911 75.145 74.799 74.385 73.977 73.567 73.158 72.750 72.343 71.937 71.537 71.147 71.766 72.389 11.014 0.000 0.000 0.000 0.000 0.000 0.000 0.000 0.000 41.086
41.011 53.028 81.033 85.023 66.001 48.972 47.944 55.919 55.890 54.851 48.801 49.752 55.709 72.666 71.618 54.569 47.520 37.471 0.000 57.160 66.110 62.031 62.931 65.807 68.711 67.615 68.511 71.395 70.272 67.143 69.003 63.841 49.647 53.401 52.089 56.741 74.384 80.959 77.409 70.785 65.256 66.784 73.247 78.100 76.516 82.735 82.377 76.288 77.888 76.457 75.780 75.422 75.005 74.601 74.195 73.791 73.391 72.994 72.599 72.204 72.814 70.446 66.090 17.740 0.000 0.000 0.000 0.000 0.000 0.000 0.000 0.000 27.256 31.177
0.000 46.066 65.075 76.062 51.031 42.984 49.951 47.929 54.908 55.879 55.833 48.777 65.745 57.705 46.657 49.607 41.565 0.000 66.284 69.211 69.137 71.053 71.956 74.849 78.748 77.647 77.536 77.405 79.270 80.138 77.996 65.835 51.648 53.426 53.168 52.884 55.580 29.170 1.549 90.534 132.147 109.708 75.660 77.188 83.748 83.292 76.752 79.469 76.871 76.413 76.039 75.627 75.222 74.815 74.410 74.011 73.621 73.238 72.856 74.465 69.069 57.731 12.411 0.000 0.000 0.000 0.000 0.000 0.000 0.000 0.000 25.412 38.335 27.259
0.000 1.166 22.141 57.119 39.075 0.000 44.945 49.939 49.933 55.923 44.878 0.000 49.790 47.752 49.698 50.637 60.569 74.476 71.357 73.263 79.176 89.087 132.990 129.884 129.784 129.688 129.581 130.417 114.266 46.142 49.008 46.856 54.682 53.488 50.273 48.047 29.881 0.000 0.000 0.000 56.968 74.061 78.695 84.456 84.132 76.370 78.058 77.344 77.027 76.643 76.244 75.843 75.437 75.028 74.619 74.222 73.843 74.480 73.121 64.731 53.266 10.999 0.000 0.000 0.000 0.000 0.000 0.000 0.000 0.000 16.557 37.488 29.415 17.341
20.370 9.311 72.217 50.198 0.000 0.000 0.000 43.950 56.962 49.002 0.000 1.961 57.874 48.813 59.748 72.676 72.596 77.504 80.403 73.308 59.218 50.128 46.035 43.912 46.817 47.741 34.683 0.000 51.235 48.155 47.038 50.897 54.738 51.570 43.390 50.151 31.016 0.000 0.000 52.312 69.336 79.096 84.945 84.728 76.971 78.646 77.930 77.623 77.240 76.857 76.463 76.063 75.656 75.240 74.817 74.416 75.049 70.720 59.416 16.074 0.000 0.000 0.000 0.000 0.000 0.000 0.000 0.000 0.000 0.000 34.627 33.569 19.497 16.423
90.403 78.386 0.000 7.260 1.475 0.000 0.000 0.000 0.000 53.121 51.114 59.039 55.955 55.880 55.803 72.722 86.635 75.541 55.444 53.349 48.258 50.174 41.109 0.000 52.832 49.777 38.725 0.000 52.284 47.206 48.093 54.957 52.803 50.665 32.566 0.000 0.000 48.920 46.796 63.593 79.520 85.214 77.926 78.488 79.138 78.522 78.216 77.840 77.467 77.082 76.689 76.289 75.883 75.459 75.995 75.575 65.218 49.934 12.750 0.000 0.000 0.000 0.000 0.000 0.000 0.000 0.000 10.025 8.977 23.889 35.754 23.663 15.582 29.505
76.443 66.444 0.000 0.000 66.630 59.644 53.636 0.000 5.340 71.246 68.183 55.109 56.029 55.948 56.864 77.775 129.680 122.582 69.483 124.385 45.291 49.202 49.117 51.021 48.902 48.811 48.716 50.584 46.411 46.290 55.173 54.034 50.852 45.720 34.643 0.000 0.000 51.043 57.912 79.934 78.833 85.582 78.979 79.559 79.099 78.798 78.439 78.077 77.702 77.317 76.921 76.520 76.128 77.717 73.128 54.672 41.313 43.048 8.899 0.000 0.000 0.000 0.000 0.000 0.000 0.000 0.000 19.073 24.018 37.937 31.837 21.748 30.664 30.585
63.485 7.503 0.000 0.000 49.678 58.665 55.628 73.551 67.434 72.342 80.264 71.186 56.104 56.019 55.929 54.832 48.730 43.625 48.519 45.417 49.320 49.227 49.137 49.043 48.944 48.848 48.746 47.624 52.486 54.373 55.274 39.154 0.000 38.720 0.000 0.000 0.000 55.269 77.206 81.227 86.621 86.139 79.080 79.725 79.357 79.032 78.686 78.324 77.948 77.561 77.159 76.743 75.394 37.154 0.000 0.000 0.000 0.000 0.000 0.000 0.000 0.000 15.490 10.476 9.441 8.383 12.297 21.175 37.087 31.001 21.912 31.825 27.743 18.663
51.529 56.580 1.736 54.765 50.740 49.709 67.661 60.591 76.505 85.422 65.344 51.266 49.184 52.095 55.000 55.895 55.784 48.667 47.553 48.444 48.344 49.250 49.160 49.071 53.982 50.892 47.794 48.681 51.536 55.440 44.396 0.000 0.000 0.000 0.000 11.018 130.896 74.597 81.623 79.605 87.046 78.923 81.431 82.904 79.620 79.292 78.948 78.585 78.204 78.821 75.410 62.901 53.548 11.351 0.000 0.000 0.000 0.000 0.000 0.000 0.000 17.509 17.504 17.497 18.466 18.410 19.334 33.242 33.155 17.069 19.984 21.900 18.818 16.739
36.559 30.640 54.782 50.820 49.808 60.771 64.715 75.647 82.572 48.498 47.425 48.350 50.269 49.180 46.079 53.966 54.842 55.709 54.580 48.464 47.361 46.268 47.182 53.100 112.021 79.943 59.859 42.770 0.000 57.457 65.474 0.000 0.000 0.000 0.000 55.143 66.043 82.925 80.964 87.784 87.429 80.022 80.542 81.197 79.893 79.571 79.229 78.863 79.464 78.110 30.760 0.000 0.000 0.000 0.000 0.000 0.000 0.000 0.000 0.000 0.000 24.515 20.520 17.542 18.514 16.459 28.387 35.305 19.221 20.137 28.054 25.972 19.892 16.813
0.000 0.000 47.924 50.924 52.901 73.852 84.783 98.709 80.638 9.572 66.508 66.439 50.363 50.275 49.171 47.049 49.908 55.746 53.595 54.471 56.368 54.279 52.199 48.127 43.061 47.998 42.928 0.000 0.000 0.000 51.569 43.592 0.000 0.000 0.000 65.366 82.247 82.327 80.346 88.107 79.769 82.258 83.754 80.487 80.185 79.869 79.532 79.175 76.678 31.393 0.000 0.000 0.000 0.000 0.000 0.000 0.000 0.000 0.000 0.000 24.171 0.000 0.000 25.638 15.590 26.525 38.450 26.370 21.288 26.205 30.124 23.043 17.964 15.886
