results3_8e3_rain/res_3e8f-0202.wd
ncols         241
nrows         181
xllcorner     12693529.787448
yllcorner     3542525.717860
cellsize      155.156523
NODATA_value  -9999.000000
[rows 99 to 131 of 181, columns 0 to 72 of 241]
0.000 0.000 0.000 0.000 0.000 61.266 101.266 103.266 94.266 89.266 0.000 0.000 0.000 0.000 0.000 3.263 2.263 69.263 66.263 0.000 0.000 2.262 5.262 64.262 63.262 4.262 0.000 0.000 0.000 11.247 0.000 0.000 0.000 0.000 17.104 63.100 59.090 58.073 59.049 60.023 72.994 61.962 65.928 57.890 59.849 57.804 58.757 63.706 64.654 62.599 66.543 59.486 59.428 61.369 64.305 78.236 79.177 64.129 50.086 0.000 0.000 0.000 0.000 0.000 28.146 83.141 80.130 67.112 42.089 37.065 81.041 58.018 59.995
0.000 0.000 0.000 0.000 0.000 62.266 102.266 102.266 0.000 0.000 0.000 0.000 0.000 0.000 0.000 2.263 14.263 80.263 69.263 7.263 4.262 4.262 67.262 66.262 70.262 1.262 0.000 0.000 0.000 69.247 61.247 0.000 0.000 0.192 76.147 86.141 72.132 65.118 59.099 61.077 80.050 65.020 70.987 70.949 61.908 76.864 68.816 69.765 59.711 67.655 67.598 65.540 59.482 60.424 64.360 61.266 23.203 13.166 0.000 0.000 0.000 0.000 0.000 31.164 68.158 80.152 87.144 77.132 53.117 54.100 68.082 59.063 60.043
7.267 0.267 0.000 0.000 0.000 49.266 98.266 107.266 17.266 0.000 0.000 0.000 0.000 0.000 0.000 1.263 3.263 87.263 68.263 69.263 71.263 68.262 65.262 66.262 64.262 2.262 0.000 0.000 0.000 62.247 62.247 63.245 62.236 62.221 61.195 71.185 80.178 27.167 91.153 81.134 86.110 71.082 16.050 87.013 84.971 83.927 87.878 76.826 59.771 62.713 67.654 67.594 64.536 60.485 49.445 0.000 0.000 0.000 0.000 0.000 0.000 0.000 0.000 41.169 68.169 68.167 79.162 78.156 61.146 61.135 60.123 60.109 60.092
75.267 78.267 10.267 0.000 0.000 59.266 98.266 103.266 113.266 18.266 0.000 0.000 0.000 0.000 9.263 9.263 7.263 24.263 72.263 69.263 87.263 101.262 76.262 61.262 0.262 0.000 0.000 0.000 0.000 0.000 61.249 62.251 62.243 62.234 62.226 61.227 61.227 60.221 61.211 66.196 78.175 72.149 15.117 87.080 88.039 65.993 72.944 89.890 83.832 70.772 60.710 66.647 67.584 70.534 55.489 0.000 0.000 0.000 0.000 0.000 0.000 0.000 0.000 3.176 19.182 65.183 62.183 62.181 60.178 60.173 60.166 60.156 60.144
89.267 72.267 72.267 74.267 76.267 95.267 103.266 103.266 103.266 105.266 79.265 18.265 1.264 67.264 74.263 75.263 37.263 32.263 95.263 103.263 98.263 94.262 77.262 1.262 0.000 0.000 0.000 0.000 0.000 0.000 0.000 62.267 61.251 60.244 61.247 62.272 62.280 62.280 62.275 63.264 82.245 77.220 60.189 62.152 73.110 84.064 61.013 72.958 73.898 66.832 86.767 69.699 61.620 2.577 0.000 0.000 0.000 0.000 0.000 0.000 0.000 0.000 0.000 0.000 11.200 65.202 60.205 60.208 60.211 60.213 60.211 58.206 56.199
104.267 94.267 75.267 79.267 97.267 103.267 103.267 103.266 103.266 98.266 70.265 76.265 4.264 58.264 93.264 101.263 101.263 85.263 100.263 107.263 17.263 0.000 0.000 0.000 0.000 0.000 0.000 0.000 0.000 0.000 0.000 62.299 0.000 0.000 0.000 63.334 62.340 62.345 62.345 63.338 79.323 84.298 61.266 62.228 62.186 80.139 81.088 59.032 66.967 85.892 77.826 55.763 0.000 0.000 0.000 0.000 0.000 0.000 0.000 0.000 0.000 0.000 0.000 0.000 8.216 65.219 60.226 60.236 60.247 59.255 58.259 63.260 64.257
104.268 104.268 99.267 102.267 103.267 103.267 103.267 103.266 103.266 99.266 74.265 91.265 0.000 0.000 71.263 95.263 103.263 104.263 103.263 108.263 11.263 0.000 0.000 0.000 0.000 0.000 0.000 0.000 0.000 0.000 0.000 62.331 1.357 1.377 64.392 62.391 62.401 62.413 62.422 62.422 79.409 84.384 61.350 62.310 62.265 63.218 84.168 78.114 85.049 74.941 55.884 0.000 0.000 0.000 0.000 0.000 0.000 0.000 0.000 0.000 0.000 0.000 0.000 0.000 63.228 60.234 60.244 60.262 60.285 59.301 61.311 65.318 66.321
102.268 103.268 103.268 103.267 103.267 103.267 103.267 103.267 103.266 104.266 99.265 106.265 30.265 9.264 59.264 78.263 101.263 103.263 104.263 92.262 6.262 0.000 0.000 0.000 0.000 0.000 0.000 0.000 0.000 0.000 0.000 56.347 61.362 61.381 60.403 62.436 62.459 62.485 62.509 62.517 79.506 84.479 61.441 62.395 62.347 62.299 67.252 90.207 70.172 0.000 0.000 0.000 0.000 0.000 0.000 0.000 0.000 0.000 0.000 0.000 0.000 0.000 0.000 0.000 16.236 67.243 63.255 64.282 62.330 58.352 65.367 66.379 64.389
99.268 104.268 103.268 103.268 103.268 103.267 103.267 103.267 103.266 103.266 104.265 97.265 81.265 72.264 66.264 93.263 103.263 103.263 108.262 11.262 0.000 0.000 0.000 0.000 0.000 0.000 0.000 0.000 0.000 0.000 0.000 0.000 0.000 0.000 0.000 62.491 62.515 62.559 62.613 62.632 78.620 85.586 62.537 62.484 62.430 62.379 62.333 68.292 21.259 0.000 0.000 0.000 0.000 0.000 0.000 0.000 0.000 0.000 0.000 0.000 0.000 0.000 0.000 0.000 0.000 4.247 2.251 0.000 8.402 67.411 65.426 66.443 63.463
99.268 104.268 103.268 103.268 103.268 103.268 103.267 103.267 103.266 103.266 104.266 89.265 68.265 67.264 76.263 100.263 103.263 103.262 109.262 14.262 5.262 0.000 0.000 0.000 0.000 0.000 0.000 0.000 0.000 0.000 0.000 0.000 0.000 0.000 0.000 58.522 62.553 59.621 62.751 62.779 81.757 85.706 62.640 62.572 62.509 62.455 62.410 59.368 9.314 0.000 0.000 0.000 0.000 0.000 0.000 0.000 0.000 0.000 0.000 0.000 0.000 59.545 0.000 0.000 0.000 0.000 0.000 1.488 63.463 64.466 66.481 66.505 63.537
102.269 103.269 103.268 103.268 103.268 103.268 103.268 103.267 103.267 103.266 103.266 100.265 77.265 78.264 95.263 102.263 103.262 103.262 110.262 27.262 0.000 0.000 0.000 0.000 0.000 0.000 0.000 0.000 0.000 0.000 0.000 0.000 0.000 0.000 0.000 0.000 58.553 0.000 61.993 62.974 90.922 77.841 62.745 62.654 62.580 75.523 65.482 60.457 0.000 0.000 0.000 0.000 0.000 0.000 0.000 0.000 0.000 0.000 0.000 0.000 11.545 70.545 55.545 0.000 0.000 0.000 1.523 64.512 67.503 66.509 63.527 59.558 59.604
103.269 103.269 103.269 103.269 103.269 103.268 103.268 103.267 103.267 103.266 103.266 103.265 105.265 105.264 104.263 103.263 103.262 105.262 94.261 37.261 0.000 0.000 0.000 0.000 0.000 0.000 0.000 0.000 0.000 0.000 0.000 0.000 0.000 0.000 0.000 0.000 0.000 0.000 62.253 63.203 97.116 65.991 62.844 62.721 74.634 83.575 62.538 62.522 61.538 0.000 0.000 0.000 0.000 0.000 0.000 0.000 0.000 0.000 0.000 0.000 0.000 66.545 67.545 54.545 1.543 60.540 62.534 66.529 65.530 63.539 62.560 58.595 66.652
102.269 101.269 103.269 103.269 103.269 103.269 103.268 103.268 103.267 103.267 103.266 103.265 103.265 103.264 103.263 103.262 104.262 87.261 15.261 6.260 64.260 78.260 24.259 0.000 0.000 5.259 0.000 0.000 0.000 0.000 0.000 0.000 0.000 0.000 0.000 4.271 4.242 1.087 58.563 69.471 92.346 63.164 59.919 62.750 62.660 62.605 62.572 62.555 62.554 59.554 0.000 0.000 0.000 0.000 0.000 0.000 0.000 0.000 0.000 0.000 0.546 61.546 57.546 63.545 58.544 66.543 66.542 65.542 61.547 64.558 59.578 58.612 58.668
92.270 92.270 101.270 103.270 103.270 103.269 103.269 103.268 103.268 103.267 103.266 104.266 105.265 103.264 103.263 103.262 103.261 25.260 9.260 64.260 74.259 84.259 83.259 76.259 68.259 9.259 0.000 0.000 0.000 0.000 0.000 0.000 0.000 0.000 4.320 63.300 66.252 66.134 62.906 61.772 70.634 58.399 0.000 58.701 62.651 62.614 62.588 62.574 61.569 0.000 0.000 0.000 0.000 0.000 0.000 0.000 63.547 74.547 0.000 0.000 62.546 60.546 60.546 57.546 65.546 66.547 66.548 63.551 66.558 66.568 64.584 59.605 48.626
74.270 79.270 98.270 104.270 103.270 103.270 103.269 103.269 103.268 103.267 105.267 91.266 87.265 102.264 107.262 104.261 99.260 81.260 84.259 90.259 84.259 85.259 64.259 57.259 3.259 0.259 0.000 0.000 0.000 0.000 0.000 0.286 1.286 0.000 54.339 60.358 63.332 63.262 63.157 63.076 65.019 0.000 0.000 0.000 57.631 62.610 62.594 62.583 62.578 0.578 0.000 0.000 0.000 0.000 0.000 23.547 80.547 62.547 60.547 60.547 60.547 60.547 58.547 63.547 66.548 66.549 62.552 66.557 66.564 65.573 59.584 60.597 50.606
58.271 73.271 92.271 105.271 106.271 106.271 104.270 103.270 104.269 103.268 104.267 42.266 13.265 61.264 79.262 100.261 107.260 105.258 105.258 91.258 14.259 0.000 0.000 0.000 0.000 0.000 0.000 0.000 0.000 9.286 11.286 1.286 1.286 1.286 0.000 59.463 63.454 61.426 62.385 64.355 65.347 0.000 0.000 0.000 0.000 55.602 62.593 62.587 59.583 0.000 0.000 0.000 0.000 0.000 0.000 0.000 22.547 76.547 59.547 59.547 60.547 59.547 59.547 65.547 66.548 64.551 52.554 5.560 70.568 64.576 64.584 64.591 50.596
22.271 44.271 77.272 83.272 77.272 79.272 96.271 104.270 100.269 93.269 92.268 27.267 0.000 0.000 0.000 37.260 72.259 98.257 105.256 2.257 0.000 0.000 0.000 0.000 0.000 0.000 0.000 0.000 0.000 51.286 72.286 17.286 2.286 1.286 0.000 59.575 65.597 64.602 73.600 74.613 64.667 9.824 0.000 0.000 0.000 0.000 59.591 60.589 0.000 0.000 0.000 0.000 0.000 0.000 0.000 0.000 0.000 81.547 84.547 64.547 58.547 56.547 66.547 66.547 61.548 0.000 0.000 0.000 11.574 69.579 66.584 66.588 56.591
0.000 0.000 58.274 67.274 19.273 5.273 68.272 97.271 88.270 84.269 98.268 65.267 25.266 0.000 0.000 0.000 0.000 43.254 74.252 0.000 0.000 0.000 0.000 0.000 0.000 0.000 0.000 0.000 0.000 0.000 56.286 74.286 5.286 0.000 0.000 50.666 64.756 62.785 92.802 85.830 63.885 65.980 12.084 0.000 0.000 0.000 54.591 0.000 0.000 0.000 0.000 0.000 0.000 0.000 0.000 0.000 0.000 0.000 69.547 86.547 71.547 65.547 66.547 61.547 0.000 0.000 0.000 0.000 0.000 61.582 66.584 66.587 61.589
0.000 0.000 54.276 99.275 56.275 5.274 57.273 89.272 91.271 102.270 104.269 107.267 113.266 52.263 21.262 0.000 0.000 0.000 14.245 9.240 0.229 2.218 0.000 0.000 0.000 0.000 0.000 0.000 0.000 0.000 57.286 72.286 2.286 9.286 13.286 0.000 57.977 65.980 95.992 78.019 66.064 65.128 70.187 0.000 0.000 0.000 0.000 0.000 0.000 0.000 0.000 0.000 0.000 0.000 0.000 0.000 0.000 0.000 0.000 7.547 74.547 64.547 62.547 0.000 0.000 0.000 0.000 0.583 60.583 59.583 61.584 55.586 0.000
27.280 42.279 76.278 94.277 102.276 71.275 84.274 107.273 104.272 103.271 103.269 103.267 103.265 109.263 112.260 68.256 27.251 9.247 72.242 86.236 79.227 81.218 37.209 13.200 10.194 0.000 0.000 0.000 0.000 0.000 36.286 58.286 64.286 64.286 67.286 26.286 59.194 88.167 90.168 67.188 65.225 65.279 68.351 13.467 8.519 0.000 0.000 0.000 0.000 0.000 0.000 0.000 0.000 0.000 0.000 0.000 0.000 0.000 0.000 0.000 0.547 0.547 8.547 0.000 0.000 0.000 0.000 62.583 57.583 55.583 0.000 0.000 0.000
100.281 103.280 103.279 101.278 99.278 100.277 102.276 102.274 103.273 104.271 104.270 103.268 96.266 100.263 103.260 107.256 111.252 112.247 104.242 100.235 97.227 92.218 94.208 87.198 43.188 21.178 0.000 0.000 0.000 0.000 0.000 0.000 0.000 0.000 0.000 83.378 72.346 101.327 92.325 79.340 66.370 65.413 65.469 69.533 65.570 0.000 0.000 0.000 0.000 0.000 0.000 0.000 0.000 0.000 0.000 0.000 0.000 0.000 0.000 0.000 0.000 0.000 0.000 0.000 0.000 0.000 0.000 0.000 0.000 0.000 0.000 0.000 0.000
103.282 98.281 96.281 95.280 89.279 86.278 87.277 87.276 93.274 98.273 98.271 91.269 75.266 90.263 103.260 103.256 103.252 103.248 103.242 103.236 104.228 104.219 107.207 108.195 108.182 108.167 47.150 0.000 0.000 0.000 0.000 0.000 0.000 0.000 0.000 55.503 81.485 86.469 70.466 87.477 75.500 65.535 65.578 68.625 11.659 0.000 0.933 0.940 0.000 0.000 0.000 0.000 0.000 0.000 0.000 0.000 0.000 0.000 0.000 0.000 0.000 0.000 0.000 0.000 0.000 0.000 0.000 0.000 0.000 0.000 0.000 0.000 0.000
73.283 46.283 68.283 82.282 80.281 60.280 45.279 41.277 61.276 78.274 77.272 70.270 65.267 75.264 96.261 104.257 103.253 103.249 103.244 103.238 103.230 107.221 82.207 70.194 69.179 73.160 76.133 15.088 4.044 0.689 0.517 0.000 0.000 0.000 0.000 53.645 89.621 72.599 64.593 74.600 85.620 69.649 65.685 65.728 71.781 15.874 9.925 1.948 0.964 6.964 4.964 0.000 0.000 0.000 0.000 0.000 0.000 0.000 0.000 0.000 0.000 0.000 0.000 0.000 0.000 0.000 0.000 0.000 0.000 0.000 0.000 0.000 0.000
63.285 34.285 56.284 71.284 67.283 44.282 30.280 34.279 54.277 68.275 66.273 66.271 67.268 65.266 84.262 101.259 103.255 103.251 103.246 103.241 102.235 65.228 0.000 0.000 0.000 0.000 0.000 0.000 0.000 60.087 80.070 32.045 18.019 13.987 60.926 77.812 94.754 71.714 65.705 63.712 80.729 82.754 68.786 65.822 65.865 68.915 77.949 15.968 10.980 0.000 19.964 0.000 0.000 0.000 0.000 0.000 0.000 0.000 0.000 0.000 0.000 0.000 0.000 0.000 0.000 0.000 0.000 0.000 0.000 0.000 0.000 0.000 0.000
76.287 72.287 67.287 66.286 67.285 69.284 70.282 73.281 72.279 68.277 67.275 67.273 67.270 66.267 73.264 95.261 104.257 103.253 105.250 77.245 43.240 0.000 0.000 0.000 0.000 0.000 0.000 0.000 0.000 25.075 47.063 50.045 54.026 68.014 64.980 85.924 82.871 56.796 63.803 65.814 67.831 80.854 72.881 67.911 65.942 64.971 81.990 72.997 66.997 0.000 0.000 0.000 0.000 0.000 0.000 0.000 0.000 0.000 0.000 0.000 0.000 0.000 0.000 0.000 0.000 0.000 0.000 0.000 0.000 0.000 0.000 0.000 0.000
66.290 67.289 67.289 67.288 67.287 67.286 67.285 67.283 67.281 67.279 67.277 67.275 67.272 67.269 65.266 86.262 103.259 105.256 101.253 27.251 0.000 0.000 0.000 0.000 0.000 0.000 0.000 0.000 0.000 0.000 0.000 0.000 0.000 52.065 69.055 95.031 69.010 0.000 51.896 66.909 64.928 68.950 69.973 78.997 68.020 66.037 65.043 61.031 2.014 0.000 0.000 0.000 0.000 0.000 0.000 0.000 0.000 0.000 0.000 0.000 0.000 0.000 0.000 0.000 0.000 0.000 0.000 0.000 0.000 0.000 0.000 0.000 25.585
67.292 67.292 67.291 67.291 67.290 67.289 67.287 66.286 66.284 67.282 67.279 67.277 67.274 67.271 66.268 74.264 89.261 100.258 88.256 14.254 0.000 0.000 0.000 0.000 0.000 0.000 0.000 0.000 0.000 0.000 0.000 0.000 0.000 29.126 78.145 103.137 13.126 0.000 49.975 67.999 66.022 65.043 73.065 84.085 72.104 66.116 70.112 3.072 0.000 0.000 0.000 0.000 0.000 0.000 0.000 0.000 0.000 0.000 0.000 0.000 0.000 0.000 0.000 0.000 0.000 0.000 0.000 0.000 0.000 0.000 0.000 0.000 82.664
67.295 67.295 67.294 67.293 67.292 67.291 67.290 71.288 72.286 68.284 67.282 67.279 67.276 67.273 67.270 66.266 69.263 78.260 78.257 19.256 0.000 0.000 0.000 0.000 0.000 0.000 20.927 0.000 0.000 0.000 0.000 0.000 0.000 1.282 82.262 97.244 20.233 0.000 34.032 65.089 66.117 66.138 65.157 70.176 72.194 68.209 70.219 0.000 0.000 0.000 0.000 0.000 0.000 0.000 0.000 0.000 0.000 0.000 0.000 0.000 0.000 0.000 0.000 0.000 0.000 0.000 0.000 0.000 0.000 0.000 0.000 66.887 75.796
67.298 67.298 67.297 67.296 67.295 67.294 66.293 78.291 83.289 70.287 67.284 67.282 67.279 67.275 67.272 67.268 67.265 66.261 69.258 50.256 0.000 0.000 0.000 0.000 0.000 62.928 83.927 45.925 36.917 35.906 0.000 0.000 0.000 63.451 105.386 79.345 79.328 6.348 0.000 51.207 68.219 66.234 66.250 64.267 80.287 84.309 78.336 1.431 0.000 0.000 0.000 0.000 0.000 0.000 0.000 0.000 0.000 0.000 0.000 0.000 0.000 0.000 0.000 0.000 0.000 0.000 0.000 0.000 0.000 0.000 41.051 91.979 77.904
67.301 67.301 67.300 67.300 67.299 67.297 66.296 79.294 85.292 69.290 67.287 67.284 67.281 67.278 67.274 67.270 67.266 67.262 67.258 73.254 44.249 0.000 0.000 0.000 2.929 25.929 40.929 62.931 70.920 74.895 48.847 24.782 59.693 97.568 95.485 75.423 57.387 15.367 0.000 51.313 68.319 67.328 70.341 65.357 74.377 97.403 94.442 39.510 3.567 19.593 0.000 0.000 0.000 0.000 0.000 0.000 0.000 45.102 75.102 79.102 0.000 0.000 88.102 149.102 0.000 0.000 0.000 0.000 0.000 0.000 78.123 134.072 117.010
64.305 65.305 66.304 66.303 67.302 67.301 65.299 80.298 83.296 66.293 67.291 67.288 67.284 67.281 67.277 67.273 67.268 67.263 67.258 67.252 73.244 53.235 4.228 0.000 0.000 0.000 0.000 38.951 69.936 65.907 68.863 72.805 84.730 101.643 85.565 53.473 3.430 0.000 0.000 50.413 67.415 70.420 83.429 69.442 79.460 80.485 99.517 103.560 86.597 36.620 0.000 0.000 0.000 0.000 0.000 0.000 0.000 0.000 36.102 64.102 78.102 110.102 148.102 71.102 0.000 0.000 0.000 0.000 0.000 64.336 74.246 75.177 78.112
85.309 80.308 75.308 73.307 69.306 65.305 65.303 80.301 83.299 65.297 67.294 67.291 67.288 67.284 67.280 67.275 66.270 65.265 66.258 66.251 66.242 72.232 49.221 26.206 1.190 0.000 0.000 37.986 75.966 69.935 64.895 77.843 100.781 94.709 62.660 0.000 0.000 0.000 0.000 48.512 66.508 71.507 78.512 73.523 78.538 77.558 90.584 84.614 77.643 50.669 5.701 0.000 0.000 0.000 0.000 0.000 0.000 0.000 0.000 32.102 110.102 113.102 116.102 1.102 11.102 0.101 0.000 7.501 41.501 69.425 138.348 102.284 134.172
105.313 104.312 100.312 95.311 91.310 86.309 81.307 77.305 72.303 66.301 67.298 67.295 67.291 67.287 66.283 68.278 74.273 79.267 78.260 76.252 70.242 65.231 69.217 75.199 39.174 20.140 24.098 58.041 81.006 71.973 67.936 90.894 102.840 58.751 3.706 0.000 0.000 11.690 18.670 52.616 65.596 70.589 86.591 76.599 69.611 62.626 68.646 86.668 83.691 89.713 8.733 0.000 0.000 0.000 0.000 0.000 0.000 0.000 0.000 0.000 0.000 0.000 0.000 0.000 8.102 0.000 0.000 0.000 76.576 67.516 77.449 100.346 76.522
