results3_8e3_rain/res_3e8f-0158.wd
ncols         241
nrows         181
xllcorner     12693529.787448
yllcorner     3542525.717860
cellsize      155.156523
NODATA_value  -9999.000000
[rows 99 to 131 of 181, columns 73 to 145 of 241]
59.394 59.370 59.346 58.320 58.294 63.267 66.239 63.213 59.194 59.184 53.185 9.191 0.000 0.000 0.000 0.000 0.000 14.438 72.405 97.362 95.355 94.512 101.182 101.111 94.215 94.913 94.762 94.655 95.552 95.455 94.368 98.295 57.244 0.000 0.000 0.000 0.000 0.000 0.000 33.104 59.034 70.917 38.770 20.564 50.475 53.396 51.309 55.194 51.976 49.622 19.281 44.038 47.911 62.827 68.765 71.719 69.686 64.662 57.646 52.637 47.633 25.625 0.000 0.000 0.000 0.000 20.086 38.086 50.086 74.086 75.086 75.086 75.085
59.443 59.421 58.397 56.371 60.344 65.315 66.282 66.246 60.219 57.203 62.197 62.196 23.198 0.000 17.075 47.022 23.909 3.707 60.613 100.492 95.742 95.758 101.241 93.527 95.316 94.972 94.886 94.777 94.672 94.574 96.488 95.420 31.378 0.000 0.000 0.000 0.000 0.000 1.438 37.261 43.185 54.100 3.038 0.000 45.600 53.541 52.450 56.319 56.121 26.871 0.000 38.942 52.884 57.821 78.771 79.731 79.702 80.680 81.666 79.657 60.653 0.000 0.000 0.000 0.000 0.000 0.000 37.085 50.085 74.085 75.084 75.084 75.084
59.493 58.473 58.450 61.424 64.396 65.366 40.329 4.270 33.234 69.213 42.204 16.200 8.199 0.000 28.127 78.083 74.996 66.880 85.761 96.911 93.899 101.324 94.808 95.614 95.182 95.119 95.004 94.896 94.787 95.680 93.589 81.519 28.472 1.460 0.000 0.000 0.000 1.689 40.570 47.441 45.345 46.262 19.204 0.000 51.783 69.719 62.630 57.511 32.316 0.000 0.000 21.903 11.864 51.804 76.764 80.734 78.710 78.692 78.679 80.672 53.669 47.675 47.677 53.677 0.000 0.000 0.000 14.084 49.084 74.083 75.083 75.083 75.083
58.546 57.528 62.506 65.480 65.451 65.422 30.400 0.000 0.222 12.210 3.207 0.000 0.000 0.000 21.225 84.185 90.114 98.027 97.986 95.111 101.664 101.454 94.776 95.487 95.339 95.232 95.125 95.015 94.899 100.771 50.668 18.595 2.527 0.236 5.115 8.093 0.000 31.787 49.695 45.590 45.490 44.398 50.313 16.221 45.030 70.922 69.840 67.780 0.000 0.000 0.000 0.000 0.000 49.766 78.749 82.730 79.713 78.699 76.688 65.681 46.678 42.678 43.679 27.678 0.000 0.000 0.000 0.000 45.082 74.082 75.082 75.082 71.081
57.602 63.586 65.565 65.538 63.506 69.470 39.449 0.000 0.000 0.000 0.000 0.000 0.000 0.000 32.363 90.316 93.255 97.132 96.369 96.382 101.852 94.162 95.868 95.544 95.459 95.351 95.247 99.142 105.024 59.837 28.717 3.665 0.000 0.000 0.000 5.072 33.050 55.936 49.835 42.732 47.629 51.528 48.427 46.320 60.195 64.098 54.029 61.990 0.000 0.000 0.000 0.000 0.000 55.744 79.736 84.725 83.713 79.702 74.693 43.687 41.683 42.682 49.681 0.000 0.000 0.000 0.000 39.081 43.081 72.081 75.081 75.081 69.080
64.663 65.650 65.629 64.602 42.566 8.504 27.476 29.476 0.000 0.000 0.000 0.000 0.000 23.666 76.548 90.470 93.375 95.533 96.543 102.183 102.024 95.137 95.840 95.679 95.574 95.469 99.369 61.281 21.216 0.000 38.698 24.684 0.000 0.000 0.000 0.000 41.143 75.071 65.977 60.873 55.765 56.657 54.548 55.438 68.333 62.247 46.188 48.160 0.000 0.000 0.000 0.000 0.000 55.731 83.727 48.720 46.712 78.702 81.695 51.690 42.687 47.685 17.683 0.000 0.000 0.000 0.000 12.081 39.080 57.080 73.080 76.080 69.079
65.730 65.721 61.701 65.674 47.652 0.000 18.476 48.476 0.000 0.000 0.000 0.000 13.880 75.785 89.692 95.614 95.585 95.727 102.467 102.329 94.465 96.241 95.891 95.801 95.688 95.580 99.480 71.398 3.343 0.000 8.694 11.689 0.000 0.000 0.000 0.000 28.308 60.230 65.128 75.018 70.903 58.786 61.668 70.553 65.450 53.368 45.316 46.301 20.348 21.359 0.000 0.000 0.000 53.723 87.720 1.717 0.000 27.699 74.696 64.692 45.690 24.687 0.000 0.000 0.000 0.000 0.000 0.000 12.080 36.079 62.079 72.079 65.079
63.805 60.801 59.781 75.740 54.715 0.000 17.476 45.476 0.000 0.000 0.000 8.047 71.976 84.900 94.830 97.710 96.955 94.985 102.594 93.775 95.549 92.108 94.036 95.914 95.799 96.684 90.573 80.488 28.415 0.000 0.000 0.000 0.000 0.000 0.000 15.740 50.550 55.413 55.288 57.167 66.044 68.917 71.786 65.657 52.545 46.461 45.407 44.382 48.382 33.371 0.000 0.000 0.000 42.716 79.714 45.711 34.705 26.700 69.697 75.694 55.692 0.000 0.000 6.692 0.000 0.000 0.000 0.000 0.000 31.079 55.078 60.078 47.078
57.888 66.898 62.881 3.792 4.753 0.000 8.476 8.476 0.000 0.000 0.000 9.118 88.075 90.019 97.931 97.097 96.119 102.820 102.712 95.734 95.421 95.263 95.145 94.028 94.909 96.785 53.641 4.564 0.000 0.000 0.000 0.000 0.000 19.322 36.175 50.931 61.738 58.583 57.446 54.317 55.188 58.052 69.902 70.743 62.612 51.523 44.468 44.439 46.429 0.000 0.000 0.000 0.000 27.712 69.710 47.708 43.704 43.700 75.696 78.694 61.693 24.692 14.692 57.692 0.000 0.000 0.000 0.000 0.000 34.078 58.078 53.078 39.077
58.981 69.022 56.054 0.000 0.000 0.000 5.476 17.476 1.476 0.000 0.390 75.232 85.192 97.136 97.132 96.275 103.013 102.919 95.046 96.821 96.472 96.380 96.261 96.144 98.025 47.905 0.000 0.000 0.000 0.000 0.000 8.844 34.702 51.469 64.273 60.070 58.890 58.734 58.596 59.468 57.340 56.200 30.027 48.802 73.636 55.552 43.503 46.476 44.466 32.472 0.000 0.000 0.000 28.709 61.707 39.705 0.000 0.000 31.695 68.694 57.693 66.692 73.692 32.692 0.000 0.000 0.000 0.000 0.000 9.077 49.077 47.077 40.077
57.071 61.153 60.260 36.421 0.000 0.000 0.000 3.476 6.476 0.000 28.473 88.382 95.321 97.243 97.403 95.526 103.098 95.334 97.115 96.681 96.612 96.492 97.377 98.260 60.143 0.000 0.000 0.000 0.000 0.000 11.176 53.987 64.793 60.579 59.377 59.186 59.016 58.868 58.737 58.618 58.504 67.381 6.204 0.000 41.579 50.546 42.517 51.497 51.486 33.479 0.000 0.000 0.000 0.000 45.702 82.701 50.699 0.000 24.694 69.693 63.693 54.692 54.692 0.000 0.000 0.000 0.000 0.000 0.000 0.000 28.076 39.076 40.076
69.141 7.260 63.413 61.581 50.782 9.905 0.216 0.000 0.000 19.636 78.569 92.501 98.442 97.427 96.582 103.244 103.175 96.282 96.981 96.830 96.719 97.610 99.494 60.377 0.000 0.000 0.000 0.000 9.767 40.626 51.365 63.134 59.904 59.678 56.470 56.283 56.122 56.984 58.865 58.764 61.678 38.616 0.000 0.000 21.553 46.538 45.521 63.508 59.501 0.000 0.000 0.000 0.000 0.000 29.699 74.698 86.697 43.695 69.694 83.693 75.692 51.692 44.691 16.691 0.000 0.000 0.000 0.000 0.000 0.000 34.076 40.076 44.076
51.181 4.331 65.552 55.709 62.860 55.025 16.310 3.598 12.702 79.702 88.665 98.624 97.512 97.779 95.807 103.303 95.570 97.363 97.024 96.940 97.833 98.732 52.613 0.000 0.000 0.000 0.000 2.123 52.908 63.745 61.525 60.280 62.010 61.760 67.541 72.353 67.203 60.080 53.977 57.893 63.828 21.790 0.000 0.000 17.542 49.532 50.522 72.514 60.510 0.000 0.000 0.000 0.000 0.000 17.697 69.696 78.695 83.694 79.693 79.693 83.692 67.691 46.691 47.690 16.690 9.689 0.000 0.000 0.000 36.075 41.075 39.075 44.075
0.000 0.000 33.754 84.842 47.925 0.000 0.000 17.781 77.807 82.803 96.783 97.693 97.973 95.904 103.387 95.828 97.637 97.214 97.157 98.046 94.941 49.872 0.000 0.000 0.000 0.000 8.442 55.290 63.100 60.921 60.712 64.450 39.096 17.812 20.579 37.386 63.259 65.157 66.071 58.002 58.952 19.925 0.000 0.000 0.000 30.525 48.521 55.517 54.514 3.515 0.000 0.000 0.000 0.000 17.695 60.695 73.694 78.693 79.693 80.692 76.692 72.691 57.690 45.690 49.690 55.689 0.000 0.000 0.000 2.075 39.075 40.075 42.075
0.000 0.000 10.868 85.981 73.071 0.000 0.000 24.939 85.940 93.931 97.884 99.079 99.116 103.703 103.510 96.778 97.494 97.356 97.258 92.155 82.013 32.942 0.000 0.000 7.861 43.769 52.594 64.440 61.283 61.125 64.950 42.714 0.539 0.000 0.000 23.352 61.290 58.217 62.148 68.092 68.053 46.034 0.000 0.000 0.000 12.522 50.520 44.517 51.516 2.515 0.000 0.000 0.000 0.000 22.694 47.694 64.693 78.693 73.692 66.692 68.691 29.691 54.690 63.690 56.689 52.689 0.000 0.000 0.000 0.000 0.000 34.075 39.074
0.000 0.000 0.000 14.145 63.308 2.984 13.110 79.096 91.085 98.068 98.087 98.264 104.052 103.882 96.065 97.864 97.531 97.460 90.371 56.303 0.000 0.000 0.000 16.041 61.953 55.853 63.724 61.594 61.466 62.348 40.249 1.055 0.000 0.000 0.000 22.380 64.332 58.272 58.213 60.165 64.133 66.124 18.152 0.000 0.000 0.000 31.518 50.517 25.517 0.000 0.000 0.000 0.000 0.000 15.693 43.693 54.692 61.692 53.692 50.691 15.691 0.000 3.690 47.689 51.689 60.689 0.000 0.000 0.000 0.000 0.000 28.074 39.074
0.000 0.000 0.000 0.000 0.939 13.209 82.251 87.249 98.241 98.174 99.459 99.532 104.212 96.363 98.143 97.712 97.653 87.551 76.465 40.384 0.000 0.000 0.000 56.129 78.059 62.964 54.855 62.745 60.641 63.551 33.493 0.000 0.000 0.000 18.531 53.455 60.388 59.325 59.268 56.222 52.191 54.178 16.180 0.000 0.000 0.000 12.517 57.517 5.517 0.000 0.000 0.000 0.000 0.000 15.692 45.692 44.692 43.691 41.691 47.691 0.000 0.000 0.000 22.689 45.688 63.688 7.688 0.000 0.000 0.000 0.000 0.000 32.074
0.000 0.000 0.000 0.000 0.000 85.442 84.434 98.418 98.373 99.577 99.650 104.505 104.363 97.316 99.002 96.846 82.731 71.638 45.551 0.000 0.000 0.000 50.412 68.288 68.188 75.089 62.989 52.890 58.799 68.724 71.679 34.699 0.000 0.000 17.607 65.522 59.441 59.371 58.311 54.264 48.233 49.215 15.209 0.000 0.000 0.000 0.000 30.517 38.517 0.000 0.000 0.000 0.000 0.000 23.692 47.691 41.691 42.691 42.690 44.690 27.690 0.000 0.000 0.000 32.688 53.687 31.687 5.687 0.000 0.000 0.000 0.000 27.074
0.000 0.000 0.000 0.000 24.805 85.683 97.626 98.587 99.597 101.784 104.772 104.641 96.622 98.387 95.040 83.941 72.796 44.717 0.000 0.000 0.000 52.655 73.536 59.421 51.316 65.217 77.120 65.028 67.943 68.867 55.799 61.720 40.526 2.916 25.767 57.586 53.482 60.407 55.342 47.292 46.259 50.241 12.234 0.000 0.000 0.000 0.000 17.516 57.516 2.516 0.000 0.000 0.000 0.000 0.000 29.690 44.690 42.690 42.690 42.690 50.689 0.000 0.000 0.000 0.000 34.687 45.687 51.687 0.000 0.000 0.000 0.000 0.000
0.000 0.000 0.000 0.000 67.926 93.859 99.806 98.711 98.980 97.061 104.897 96.904 98.670 93.239 82.171 57.052 0.000 0.000 0.000 0.000 52.892 73.773 60.657 49.545 49.440 51.341 62.247 77.159 68.077 53.002 60.930 62.855 36.772 0.000 22.669 82.571 69.496 58.431 52.358 48.301 45.272 46.257 40.250 4.254 0.000 0.000 0.000 0.000 36.516 8.516 0.000 0.000 0.000 0.000 0.000 9.690 46.690 42.690 42.690 42.689 44.689 28.689 0.000 0.000 0.000 15.687 42.687 45.687 0.000 0.000 0.000 0.000 0.000
0.000 0.000 0.000 71.238 68.114 74.032 88.943 100.117 97.181 105.132 105.017 97.837 93.524 82.377 61.271 0.000 0.000 34.521 0.000 5.135 78.011 60.890 49.773 50.662 49.557 52.459 66.368 75.283 76.205 60.133 56.066 66.998 40.935 0.000 0.000 13.535 26.499 8.465 0.000 18.282 49.272 56.263 57.258 43.257 0.000 0.000 0.000 0.000 0.000 0.000 0.000 0.000 0.000 0.000 0.000 10.689 46.689 45.689 48.689 43.689 40.689 49.689 0.000 0.000 0.000 22.686 56.686 61.686 0.000 0.000 0.000 0.000 0.000
0.000 0.000 10.464 72.361 69.263 70.182 80.157 96.323 105.350 105.242 97.116 93.882 81.552 55.477 0.000 0.000 51.571 50.521 32.421 16.260 66.126 50.002 50.884 49.773 50.669 65.571 71.482 35.400 26.327 78.261 64.200 42.136 3.036 0.000 0.000 0.000 0.000 0.000 0.000 15.274 67.269 61.264 58.261 54.260 9.260 0.000 0.000 0.000 0.000 0.000 0.000 0.000 0.000 0.000 0.000 34.689 43.689 18.689 0.000 18.689 43.689 47.688 0.000 0.000 0.000 24.686 60.686 29.686 0.000 0.000 0.000 0.000 0.000
0.000 85.654 73.567 70.479 68.400 69.278 70.522 74.587 105.454 96.357 92.119 81.709 55.666 0.000 0.000 0.000 55.621 53.573 73.481 57.357 50.230 51.107 49.989 52.877 72.773 69.676 50.588 46.509 51.441 79.383 76.339 40.311 0.000 0.000 0.000 0.000 0.000 0.000 0.000 15.271 74.268 74.265 69.262 60.261 5.261 0.000 0.000 0.000 0.000 0.000 0.000 0.000 0.000 0.000 7.689 46.689 48.689 0.000 0.000 3.688 46.688 47.688 0.000 0.000 0.000 0.000 31.686 0.000 0.000 0.000 0.000 0.000 0.000
1.828 83.741 97.670 89.596 74.498 75.655 67.704 105.651 105.554 75.240 79.917 55.815 0.000 0.000 0.000 0.000 57.720 70.666 68.574 50.457 50.332 50.208 61.088 72.974 61.869 50.772 50.685 50.608 51.544 60.493 78.461 74.458 35.512 0.000 0.000 0.000 0.000 0.000 0.000 0.000 60.266 62.264 74.263 75.262 31.261 0.000 0.000 0.000 0.000 0.000 0.000 0.000 0.000 0.000 38.689 48.689 25.689 0.000 0.000 7.688 47.688 45.688 0.000 0.000 0.000 0.000 0.000 0.000 0.000 0.000 0.000 0.000 0.000
19.905 96.844 99.777 99.707 94.681 84.836 105.839 105.745 67.399 62.176 0.000 0.000 0.000 0.000 0.000 0.000 68.873 73.799 49.691 51.565 51.434 63.304 72.180 54.064 50.956 50.858 50.771 50.695 50.632 50.585 59.555 79.547 72.566 46.597 37.610 41.613 10.614 0.000 0.000 0.000 0.000 40.263 80.262 80.262 41.261 0.000 0.000 0.000 0.000 0.000 0.000 0.000 0.000 0.000 27.688 26.688 0.000 0.000 0.000 0.000 27.688 54.688 0.000 0.000 0.000 0.000 0.000 0.000 0.000 0.000 0.000 0.000 0.000
90.021 99.953 99.893 99.779 104.023 95.081 105.930 67.500 70.182 64.875 0.000 0.000 0.000 0.000 0.000 62.259 74.099 50.966 51.825 51.679 59.533 72.394 50.265 51.144 51.034 50.934 50.845 50.769 50.706 50.658 50.626 54.610 55.609 50.615 51.619 58.615 40.615 0.000 0.000 0.000 0.000 0.000 35.262 71.262 34.261 0.000 0.000 0.000 0.000 0.000 0.000 0.000 0.000 0.000 0.000 0.000 0.000 0.000 0.000 0.000 0.000 6.688 0.000 0.000 0.000 0.000 0.000 0.000 0.000 0.000 0.000 0.000 0.000
96.125 96.065 99.978 101.140 98.188 106.106 106.018 72.161 56.598 1.759 4.758 1.758 0.000 0.000 0.000 79.419 56.300 52.140 51.966 53.791 74.626 54.476 51.339 51.215 51.102 50.998 50.907 50.829 50.766 50.717 50.681 49.657 48.643 51.637 33.635 0.000 0.000 0.000 0.000 0.000 0.000 0.000 0.000 64.261 52.261 19.261 0.000 0.000 0.000 0.000 0.000 0.000 0.000 0.000 0.000 0.000 0.000 0.000 0.000 0.000 0.000 0.000 0.000 0.000 0.000 0.000 0.000 0.000 0.000 0.000 0.000 0.000 0.000
75.239 75.174 79.153 75.310 106.278 106.192 83.675 64.864 55.769 0.000 0.000 1.758 0.000 0.000 0.000 54.699 50.540 50.331 49.106 61.893 54.706 48.543 49.402 49.276 49.160 49.051 49.955 50.875 50.812 50.762 49.724 47.693 49.670 49.656 46.650 36.651 39.651 41.650 40.650 42.649 13.649 0.000 0.000 2.261 61.261 33.261 0.000 0.000 0.000 0.000 0.000 0.000 0.000 0.000 0.000 0.000 0.000 0.000 0.000 0.000 0.000 0.000 0.000 0.000 0.000 0.000 0.000 0.000 0.000 0.000 0.000 0.000 0.000
90.354 112.243 77.490 107.549 106.361 66.233 56.825 0.000 71.124 29.454 0.000 0.000 0.000 0.000 98.525 77.138 47.829 55.536 66.234 64.970 60.762 58.588 58.448 58.327 57.212 51.091 46.985 50.905 50.844 50.797 49.759 49.724 53.687 53.666 54.656 64.653 64.652 60.651 53.650 52.649 31.649 0.000 0.000 0.000 20.261 26.261 0.000 0.000 0.000 0.000 0.000 0.000 0.000 0.000 0.000 0.000 0.000 0.000 0.000 0.000 0.000 0.000 0.000 0.000 0.000 0.000 0.000 0.000 0.000 0.000 0.000 0.000 0.000
138.435 117.032 115.079 106.516 106.441 94.322 0.000 38.127 66.126 139.786 115.285 1.566 46.034 35.473 96.912 56.500 54.102 125.751 116.325 111.990 111.783 110.599 109.476 108.373 107.268 78.117 44.991 50.915 50.862 50.822 50.790 42.757 0.000 0.000 0.000 0.000 0.000 0.000 17.649 69.649 48.649 19.648 0.000 0.000 0.000 0.000 0.000 0.000 0.000 0.000 0.000 0.000 0.000 0.000 0.000 0.000 0.000 0.000 0.000 0.000 0.000 0.000 0.000 0.000 0.000 0.000 0.000 0.000 0.000 0.000 0.000 0.000 0.000
96.604 116.191 106.656 106.587 90.847 0.000 0.000 0.000 9.471 61.279 49.015 0.000 27.363 0.000 56.149 52.847 62.330 118.040 0.000 3.882 0.000 54.547 63.485 124.420 37.370 0.000 54.947 50.903 50.867 51.840 33.822 0.000 0.000 0.000 0.000 0.000 0.000 0.000 0.000 22.649 69.648 25.648 0.000 0.000 0.000 0.000 0.000 0.000 0.000 0.000 0.000 0.000 0.000 0.000 0.000 0.000 0.000 0.000 0.000 0.000 0.000 0.000 0.000 0.000 0.000 0.000 0.000 0.000 0.000 0.000 0.000 0.000 0.000
117.361 115.415 106.720 115.339 117.186 37.474 0.000 17.008 44.008 53.843 30.482 7.587 48.693 94.229 92.689 85.409 0.000 37.040 0.000 15.774 37.666 65.558 110.498 73.452 38.423 0.000 0.000 56.883 50.862 51.847 32.838 0.000 0.000 0.000 0.000 0.000 0.000 0.000 0.000 0.000 16.648 55.648 20.648 0.000 0.000 0.000 0.000 0.000 0.000 0.000 0.000 0.000 0.000 0.000 0.000 0.000 0.000 0.000 0.000 0.000 0.000 0.000 0.000 0.000 0.000 0.000 0.000 0.000 0.000 0.000 0.000 0.000 0.000
115.495 106.836 106.780 95.845 38.610 0.000 0.000 0.000 5.711 32.603 0.000 0.000 41.592 85.305 138.971 74.690 0.000 0.000 0.000 0.000 0.000 79.520 114.495 44.469 41.446 0.000 0.000 0.000 55.854 49.848 47.844 45.845 33.845 0.000 0.000 0.000 0.000 0.000 0.000 0.000 11.648 69.647 27.647 0.000 0.000 0.000 0.000 0.000 0.000 0.000 0.000 0.000 0.000 0.000 0.000 0.000 0.000 0.000 0.000 0.000 0.000 0.000 0.000 0.000 0.000 0.000 0.000 0.000 0.000 0.000 0.000 0.000 0.000
