results3_8e3_rain/res_3e8f-0182.wd
ncols         241
nrows         181
xllcorner     12693529.787448
yllcorner     3542525.717860
cellsize      155.156523
NODATA_value  -9999.000000
[rows 0 to 32 of 181, columns 146 to 218 of 241]
0.000 0.000 0.000 0.000 0.000 0.000 0.000 0.000 0.000 0.000 0.000 0.000 0.000 0.000 5.726 16.579 17.342 17.050 16.729 16.397 16.070 15.764 15.492 15.260 15.070 14.923 14.814 14.739 14.691 14.664 14.653 19.649 0.000 0.000 0.000 0.000 0.000 0.000 0.000 0.000 0.000 0.000 0.000 0.000 0.000 0.000 0.000 0.000 0.000 19.494 26.494 0.000 0.000 45.585 50.585 0.000 0.000 0.000 0.000 0.000 0.000 0.000 0.000 0.000 0.000 0.000 0.000 0.000 0.000 0.000 0.000 0.000 0.000
0.000 0.000 0.000 0.000 0.000 0.000 0.000 0.000 0.000 0.000 0.000 0.000 0.000 1.274 16.873 17.669 17.396 17.081 16.740 16.391 16.049 15.731 17.452 16.217 15.028 14.885 14.781 14.711 14.669 14.650 14.645 19.645 0.000 0.000 0.000 0.000 0.000 0.000 0.000 0.000 0.000 0.000 0.000 0.000 0.000 0.000 0.000 0.000 16.494 38.494 14.494 0.000 24.585 57.585 51.585 0.000 0.000 0.000 0.000 0.000 0.000 0.000 0.000 0.000 0.000 0.000 0.000 0.000 36.577 0.000 0.000 0.000 0.000
0.000 0.000 0.000 0.000 0.000 0.000 0.000 0.000 0.000 0.000 0.000 0.000 0.000 20.505 19.158 17.829 17.491 17.136 16.761 16.377 16.003 17.661 17.367 15.127 14.942 14.806 14.713 14.655 14.626 14.619 16.635 10.640 0.000 0.000 0.000 0.000 0.000 0.000 0.000 0.000 0.000 0.000 0.000 0.000 0.000 0.000 0.000 0.000 28.494 0.000 0.000 19.585 50.585 12.585 0.000 0.000 0.000 0.000 0.000 0.000 0.000 0.000 0.000 0.000 5.579 0.000 0.000 0.000 39.577 11.577 0.000 0.000 0.000
0.000 0.000 0.000 0.000 0.000 0.000 0.000 0.000 0.000 0.000 0.000 0.000 3.047 19.917 18.427 17.996 17.603 17.212 16.792 16.353 16.924 16.542 15.227 14.983 14.806 14.686 14.611 14.572 14.559 20.566 0.000 0.000 0.000 0.000 0.000 0.000 0.000 0.000 0.000 0.000 0.000 0.000 0.000 13.494 0.000 0.000 0.000 12.494 72.494 2.494 0.000 25.585 52.585 0.000 0.000 0.000 0.000 0.000 0.000 0.000 0.000 0.000 11.580 17.580 36.579 0.000 0.000 29.578 38.578 39.578 11.577 0.000 0.000
0.000 0.000 0.000 0.000 0.000 0.000 0.000 0.000 0.000 0.000 0.000 8.164 1.344 2.965 18.637 18.124 17.715 17.315 16.843 16.318 16.800 16.357 15.015 14.773 14.614 14.519 14.473 14.461 15.474 16.520 0.000 0.000 0.000 0.000 0.000 0.000 0.000 0.000 0.000 0.000 0.000 0.000 14.494 37.494 32.494 0.000 0.000 28.494 56.494 0.000 0.000 0.000 52.585 7.586 0.000 0.000 0.000 0.000 0.000 0.000 0.000 0.000 51.580 55.580 57.579 0.000 0.000 42.578 37.578 37.578 47.578 0.000 0.000
0.000 0.000 0.000 0.000 0.000 0.000 0.000 0.000 0.000 0.000 10.880 3.484 1.855 1.284 1.407 16.149 17.819 17.489 16.949 18.274 17.602 15.069 14.704 14.479 14.356 14.305 14.301 14.324 20.355 0.000 0.000 0.000 0.000 0.000 0.000 0.000 0.000 0.000 0.000 0.000 0.000 0.000 0.000 17.494 38.494 30.495 28.495 10.494 41.494 14.494 0.000 0.000 37.586 50.586 41.586 39.586 48.586 0.000 0.000 0.000 0.000 0.000 51.580 53.580 58.579 37.579 26.578 43.578 46.578 0.000 0.000 0.000 11.572
0.000 0.000 0.000 0.000 0.000 0.000 0.000 0.000 0.000 0.000 7.276 3.982 3.616 3.121 0.436 0.626 10.923 18.874 18.188 18.228 15.266 14.614 14.253 14.083 14.028 14.043 14.101 14.181 9.268 0.000 0.000 0.000 0.000 0.000 34.504 67.504 1.504 0.000 7.504 48.504 0.000 0.000 0.000 14.494 38.495 51.495 86.495 48.495 49.495 20.494 0.000 0.000 34.586 53.586 38.586 34.586 51.586 0.000 0.000 0.000 0.000 0.000 38.580 44.580 40.580 40.579 44.578 47.578 55.578 0.000 0.000 0.000 34.572
0.000 0.000 0.000 0.000 0.000 0.000 0.000 0.000 0.000 30.516 30.965 7.544 3.159 3.399 3.053 0.792 0.368 5.895 18.700 16.186 14.617 13.870 13.609 13.571 13.630 13.740 14.878 12.029 0.000 0.000 0.000 0.000 0.000 0.000 9.504 55.504 62.505 44.505 36.505 8.505 0.000 0.000 0.000 0.000 0.000 12.495 79.495 58.495 5.495 0.000 0.000 0.000 0.000 46.586 61.586 59.586 61.586 53.585 45.585 48.584 47.583 56.582 60.581 57.580 58.580 58.579 53.578 48.578 45.578 0.000 0.000 0.000 0.000
0.000 0.000 0.000 0.000 0.000 0.000 0.000 0.000 24.624 42.068 43.524 33.036 9.623 2.041 3.058 0.835 2.780 8.063 6.531 16.199 13.146 12.639 12.743 12.963 13.181 14.407 14.643 0.000 0.000 0.000 0.000 0.000 0.000 0.000 0.000 7.505 53.505 63.505 68.505 7.505 0.000 0.000 0.000 0.000 0.000 8.495 51.495 43.495 48.495 15.495 0.000 0.000 30.587 58.587 43.587 37.586 44.586 56.586 44.585 43.584 52.583 61.583 48.582 44.581 47.580 53.579 59.578 61.578 59.577 45.576 36.575 19.574 28.573
0.000 0.000 0.000 0.000 0.000 0.000 0.000 20.746 30.180 45.607 43.028 43.452 35.876 12.308 1.190 4.736 14.267 6.451 2.240 3.028 6.129 10.798 11.763 12.355 12.724 18.066 0.000 0.000 0.000 0.000 0.000 0.000 7.506 5.506 0.000 0.000 20.505 66.505 19.505 0.000 0.000 0.000 0.000 0.000 0.000 47.496 57.496 33.495 49.495 69.495 9.495 0.000 36.587 60.587 39.587 33.587 36.586 49.586 38.585 38.585 40.584 42.583 39.582 40.581 34.580 38.579 44.578 45.578 43.577 52.576 54.575 57.574 65.573
0.000 0.000 0.000 0.000 0.000 0.000 25.867 24.312 47.743 44.151 43.531 42.867 43.120 38.177 20.681 12.398 8.081 0.000 0.045 4.357 2.161 3.337 11.154 11.971 17.295 0.000 0.000 0.000 0.000 0.000 0.000 2.506 44.506 3.506 0.000 0.000 27.505 67.505 6.505 0.000 0.000 0.000 0.000 0.000 42.498 86.497 19.496 22.495 44.495 71.495 11.495 0.000 33.588 58.588 38.588 31.587 34.587 36.586 32.586 31.585 38.584 54.583 37.582 33.581 47.580 43.579 40.579 47.578 47.577 50.576 59.575 63.574 50.573
0.000 0.000 0.000 0.000 0.000 29.908 18.421 46.894 45.328 44.724 44.076 43.367 42.561 42.598 39.402 25.100 4.405 0.333 0.065 46.207 4.517 0.078 0.101 14.082 10.188 0.000 0.000 0.000 0.000 0.000 0.000 2.506 40.506 35.506 44.506 56.506 60.505 50.505 0.000 0.000 5.502 41.501 56.501 61.500 85.499 41.499 0.000 0.000 46.494 34.494 0.000 0.000 36.589 63.589 50.588 34.588 82.588 110.587 59.586 35.586 51.585 98.584 50.583 27.582 92.581 65.580 40.579 47.578 49.577 39.576 48.574 61.574 44.573
0.000 0.000 0.000 0.000 0.000 19.395 41.016 47.514 45.951 45.341 44.682 43.962 43.160 42.251 42.239 41.150 30.329 4.944 50.808 47.866 0.355 0.147 0.052 0.057 0.000 0.000 0.000 0.000 0.000 0.000 5.506 39.506 35.506 40.506 54.506 64.506 48.506 35.505 0.505 0.000 3.502 50.502 49.501 45.500 84.500 44.499 0.000 0.000 25.494 17.494 0.000 29.590 57.590 59.589 53.589 41.589 40.588 73.588 114.587 52.586 45.585 102.584 53.583 27.582 99.581 69.580 32.579 34.578 40.577 31.575 45.574 44.573 32.572
0.000 0.000 0.000 0.000 23.912 34.261 49.733 47.194 46.621 46.008 45.350 44.639 43.863 43.025 42.067 41.330 40.190 52.540 52.213 0.987 0.488 9.599 0.000 0.000 0.000 0.000 0.000 0.000 0.505 55.505 58.506 40.506 39.506 54.506 64.506 50.506 33.506 35.505 35.505 33.504 31.503 43.502 46.501 56.501 96.500 30.500 0.000 0.000 62.494 12.494 0.000 26.591 56.590 56.590 43.590 35.590 31.589 41.589 38.588 78.587 109.586 126.585 107.584 96.583 122.581 116.580 107.579 53.578 33.577 50.575 45.574 34.573 29.572
0.000 0.000 0.000 25.096 34.562 52.005 48.462 47.909 47.330 46.719 46.071 45.378 44.648 43.808 43.264 40.898 52.576 52.572 36.773 19.078 6.239 0.000 0.000 0.000 0.000 0.000 0.000 0.000 41.505 8.505 0.000 19.506 57.506 61.506 53.507 38.507 4.507 0.000 2.504 37.504 33.504 43.503 42.502 65.501 62.500 0.000 0.000 4.493 65.493 11.493 0.000 24.591 54.591 66.591 45.591 51.591 74.590 51.590 33.589 57.588 80.587 114.586 80.584 60.583 108.582 98.580 73.579 42.578 28.577 99.575 67.574 39.573 29.572
0.000 0.000 0.000 30.629 50.236 49.735 49.202 48.648 48.072 47.469 47.833 47.175 45.418 44.996 42.422 52.638 52.586 40.346 41.967 39.589 23.551 4.549 0.000 0.000 0.000 0.000 0.000 43.505 12.505 0.000 0.000 0.000 25.506 57.507 35.507 33.508 39.509 2.509 0.000 38.505 36.504 42.503 43.502 65.501 61.500 0.000 0.000 25.493 72.493 8.493 0.000 26.592 57.592 60.592 41.592 41.592 87.592 122.591 71.590 39.589 55.588 102.586 62.585 29.584 95.582 82.581 40.579 32.578 25.577 106.575 70.574 42.573 43.572
0.000 0.000 31.235 48.554 52.020 50.496 49.961 49.411 48.842 49.248 47.640 46.941 46.604 44.033 53.072 52.787 41.846 42.696 41.697 32.048 12.796 0.000 0.000 0.000 0.000 0.000 0.000 39.505 13.505 0.000 0.000 0.000 0.000 0.000 0.000 38.509 35.510 34.510 36.509 38.507 34.505 42.504 44.502 56.501 52.499 14.496 33.495 66.493 17.493 0.000 0.000 26.593 53.593 59.593 45.594 30.594 32.593 57.593 44.592 26.590 44.589 99.587 55.586 21.584 92.583 77.581 35.580 31.578 27.577 105.575 70.574 42.573 33.572
0.000 30.506 43.916 53.334 51.794 51.267 50.736 50.193 50.632 50.063 48.406 48.119 45.555 54.010 53.490 43.508 44.510 42.392 29.586 0.000 0.000 0.000 0.000 0.000 0.000 0.000 0.000 0.000 13.505 0.000 0.000 0.000 0.000 0.000 0.000 0.000 42.512 52.512 63.511 51.508 40.506 44.505 41.503 46.501 39.498 58.496 76.494 64.493 10.492 0.000 0.000 25.593 51.594 56.595 62.596 60.596 48.595 38.595 51.593 83.592 102.590 123.589 103.587 86.585 120.583 113.581 95.580 55.578 28.577 103.575 75.574 47.573 34.571
27.575 39.096 53.589 53.070 52.555 52.042 51.523 51.990 51.454 49.831 49.582 47.035 55.235 54.601 45.076 46.228 47.170 25.426 0.000 0.000 0.000 0.000 0.000 0.000 0.000 0.000 0.000 0.000 0.000 0.000 0.000 0.000 0.000 0.000 0.000 0.000 40.515 44.514 62.513 21.510 1.508 51.506 42.503 45.501 41.498 29.495 48.493 63.491 50.490 9.489 0.000 0.000 16.595 59.596 61.598 54.598 42.598 51.597 102.595 93.594 74.592 75.590 76.587 76.585 76.583 77.582 79.580 50.578 30.577 102.575 78.574 41.573 35.571
31.053 54.714 54.275 53.801 53.316 52.823 52.319 51.815 51.226 51.012 48.484 56.571 55.895 46.542 47.762 46.754 42.245 1.710 0.000 0.000 0.000 0.000 0.000 0.000 0.000 0.000 0.000 0.000 0.000 0.000 0.000 0.000 0.000 0.000 0.000 0.000 41.519 52.518 36.516 0.000 5.509 48.507 45.504 12.501 2.498 33.494 47.491 62.489 59.489 28.488 0.000 0.000 0.000 0.000 28.602 43.602 27.601 88.600 89.598 38.596 44.594 86.591 57.588 29.586 75.584 65.582 45.580 43.578 34.577 102.575 73.574 30.572 31.571
48.871 56.432 54.995 54.545 54.084 54.611 53.140 52.588 52.413 49.910 57.944 57.254 46.916 49.169 48.165 48.546 17.886 0.000 0.000 0.000 0.000 0.000 0.000 0.000 0.000 0.000 0.000 0.000 0.000 0.000 0.000 0.000 0.000 0.000 0.000 8.527 61.524 59.521 63.519 60.516 56.512 56.509 50.506 9.502 2.497 33.492 46.488 64.486 71.486 34.487 0.000 0.000 0.000 0.000 22.607 35.606 55.604 102.603 65.601 25.598 93.596 94.592 43.589 30.586 51.584 107.582 66.580 34.578 34.577 97.575 115.574 102.572 107.570
58.565 56.148 55.729 55.300 54.859 56.422 53.906 53.778 51.313 59.333 58.635 42.222 46.432 50.493 46.963 24.245 0.000 0.000 0.000 0.000 0.000 0.000 0.000 0.000 0.000 0.000 0.000 0.000 0.000 0.000 0.000 0.000 0.000 0.000 0.000 60.530 59.528 60.525 62.521 61.518 59.514 60.511 53.508 8.505 0.000 34.488 46.483 69.481 42.484 0.000 0.000 0.000 0.000 20.615 50.612 29.610 94.608 88.606 32.604 88.601 101.598 50.593 38.589 41.586 36.583 67.581 106.580 63.578 26.577 97.576 100.574 74.572 16.569
49.243 55.867 56.473 56.063 55.655 55.171 55.086 52.661 60.685 60.033 25.452 30.633 33.519 52.191 35.817 0.000 0.000 0.000 0.000 0.000 0.000 0.000 0.000 50.026 39.026 0.000 0.000 0.000 0.000 0.000 0.000 0.000 0.000 0.000 0.000 37.535 31.532 34.528 38.524 33.520 32.516 31.513 33.509 37.505 31.499 24.488 39.477 18.471 0.000 0.000 0.000 0.000 0.000 22.618 45.616 36.614 37.612 37.610 29.607 50.605 51.603 0.000 0.000 12.584 42.582 35.581 57.580 50.579 32.577 65.576 13.575 0.000 11.567
27.958 43.605 56.228 58.848 56.387 56.333 53.915 61.808 61.289 34.607 0.000 43.970 0.000 55.811 24.315 0.000 0.000 0.000 0.000 0.000 0.000 0.000 0.000 57.026 51.025 0.000 0.000 0.000 0.000 0.000 0.000 0.000 0.000 23.574 0.000 38.543 34.539 34.532 34.527 34.522 34.518 34.514 34.511 36.508 14.505 0.000 9.466 40.454 10.444 0.000 0.000 0.000 23.625 54.623 42.621 41.619 33.617 34.614 34.611 32.608 46.607 6.607 0.000 0.000 13.581 38.580 33.579 46.579 45.578 0.000 0.000 0.000 11.566
19.720 27.364 50.007 54.582 57.540 55.080 62.586 62.239 41.491 17.298 0.000 60.621 58.523 44.936 0.000 0.000 0.000 0.000 0.000 0.000 0.000 0.000 60.032 66.028 37.024 0.000 0.000 0.000 0.000 0.000 0.000 0.000 0.000 40.574 38.568 35.556 34.547 31.536 35.529 35.524 35.519 35.515 35.512 38.510 11.508 0.000 0.000 38.437 38.433 8.428 0.000 0.000 8.627 41.627 34.626 33.624 32.621 32.617 32.614 32.610 33.608 42.608 0.000 0.000 0.000 6.580 39.579 42.578 40.578 0.000 0.000 0.000 35.565
23.503 34.135 38.759 36.659 48.215 62.992 62.838 46.477 25.239 18.742 0.000 40.346 53.013 26.475 0.000 0.000 0.000 0.000 48.075 54.072 46.065 44.051 53.037 46.028 36.019 0.000 0.000 0.000 0.000 0.000 0.000 0.000 0.000 38.580 35.575 34.566 8.556 0.000 40.528 34.525 34.520 34.516 34.513 35.511 9.509 0.000 0.000 39.425 38.424 9.423 0.000 0.000 38.630 34.632 34.632 34.631 33.628 33.621 37.617 0.000 4.608 7.608 0.000 0.000 0.000 0.000 39.578 34.578 34.578 35.578 0.000 7.565 37.565
35.246 48.885 24.602 23.475 63.056 63.054 49.471 36.197 32.533 37.372 0.000 7.405 42.709 0.000 0.000 0.000 0.000 44.082 48.079 50.075 48.072 0.000 0.000 0.000 48.006 31.992 0.000 0.000 0.000 0.000 0.000 0.000 6.602 48.592 45.584 20.576 0.000 0.000 53.531 39.526 35.521 34.516 38.512 15.511 0.000 14.403 52.405 33.412 37.415 9.417 0.000 0.000 0.000 39.640 34.640 38.639 5.637 0.000 0.000 0.000 0.000 0.000 0.000 0.000 0.000 0.000 39.578 34.578 34.578 39.578 0.000 0.000 11.565
55.953 44.538 24.602 20.100 63.019 24.513 30.238 32.466 36.141 54.724 64.175 52.159 0.000 0.000 0.000 0.000 42.089 36.085 42.082 57.079 56.076 0.000 0.000 0.000 0.000 48.978 0.000 0.000 0.000 34.650 0.000 0.000 50.611 49.603 55.593 48.579 13.565 67.552 64.538 62.529 60.522 52.514 33.509 20.510 0.000 28.400 81.400 35.404 36.408 10.412 0.000 0.000 0.000 44.649 30.648 35.647 6.646 0.000 0.000 0.000 0.000 0.000 0.000 0.000 0.000 35.578 37.578 39.578 33.578 38.578 0.000 0.000 8.564
64.540 51.637 33.938 62.613 20.537 22.324 21.491 21.132 30.698 58.231 53.639 24.899 0.000 0.000 41.098 7.096 49.092 41.089 52.085 47.081 26.079 0.000 0.000 0.000 0.000 52.965 28.961 0.000 0.000 30.650 38.650 42.643 44.628 46.617 36.604 33.582 41.564 41.552 61.541 44.532 38.522 36.510 16.500 0.000 4.406 23.397 91.393 47.396 13.399 0.000 0.000 0.000 2.658 57.658 30.656 37.655 9.653 0.000 0.000 0.000 0.000 0.000 0.000 0.000 14.578 37.578 52.578 50.578 43.578 2.578 0.000 0.000 9.564
62.598 60.840 62.183 39.470 27.373 23.515 23.151 21.725 28.313 43.861 39.250 0.000 0.000 0.000 44.100 65.098 60.096 61.092 43.089 0.000 0.000 0.000 0.000 0.000 43.952 34.956 26.956 0.000 0.000 0.000 42.657 46.651 46.642 46.632 30.625 0.000 37.557 38.550 62.543 48.534 42.523 28.505 35.481 50.448 70.415 59.390 83.377 48.389 12.394 0.000 0.000 0.000 0.000 55.668 31.665 32.662 37.660 0.000 0.000 0.000 0.000 0.000 0.000 0.000 0.000 7.578 56.578 53.578 6.578 0.000 0.000 0.000 5.564
60.678 62.124 61.328 60.340 42.485 22.132 22.717 23.331 21.962 24.651 0.000 0.000 0.000 0.000 60.103 50.102 48.100 44.096 0.000 0.000 0.000 0.000 0.000 44.947 35.948 31.950 14.953 0.000 0.000 0.000 42.670 50.664 59.654 58.646 60.640 48.640 0.000 6.548 65.546 49.540 23.532 0.000 38.472 48.449 75.415 37.372 21.334 0.000 0.000 0.000 0.000 0.000 8.690 46.681 33.675 34.669 37.664 10.663 0.000 0.000 0.000 0.000 0.000 0.000 0.000 0.000 13.578 14.578 0.000 0.000 0.000 0.000 6.564
62.130 61.107 63.219 63.382 47.053 23.652 26.279 25.916 23.555 24.129 0.000 40.110 0.000 6.109 54.107 54.107 61.106 0.000 0.000 19.016 7.016 0.000 0.000 39.946 33.944 27.941 0.000 0.000 0.000 0.000 40.688 41.679 43.667 42.656 40.647 32.641 0.000 0.000 67.555 53.546 38.534 1.514 37.485 48.460 72.423 28.350 24.255 7.188 0.000 0.000 0.000 0.000 8.699 53.692 32.683 34.674 34.666 35.661 39.657 11.655 0.000 0.000 0.000 0.000 0.000 0.000 0.000 0.000 0.000 0.000 0.000 0.000 0.000
61.818 64.017 63.208 63.907 37.526 28.171 47.828 41.501 23.211 0.910 0.000 37.110 52.110 57.110 43.110 64.111 56.111 0.000 0.000 33.016 64.016 16.012 0.000 40.948 34.940 31.931 0.000 0.000 48.772 44.750 40.717 42.696 47.679 47.664 45.651 56.637 48.617 8.596 67.572 59.555 59.540 51.522 32.502 50.483 58.467 0.000 27.146 10.122 0.000 0.000 0.000 0.000 18.715 57.705 29.693 31.677 32.665 33.658 38.655 10.654 0.000 0.000 0.000 0.000 0.000 0.000 0.000 0.000 0.000 0.000 0.000 0.000 0.000
