results3_8e3_rain/res_3e8f-0059.wd
ncols         241
nrows         181
xllcorner     12693529.787448
yllcorner     3542525.717860
cellsize      155.156523
NODATA_value  -9999.000000
[rows 33 to 65 of 181, columns 74 to 147 of 241]
0.000 0.000 0.000 0.000 0.000 0.000 0.000 0.000 0.000 0.000 0.000 0.000 0.000 0.000 0.000 0.000 0.000 0.000 0.000 0.000 0.000 0.000 0.000 0.000 0.000 0.000 0.000 0.000 0.000 0.000 0.000 0.000 0.000 0.000 0.000 0.000 0.000 0.000 33.937 56.938 61.939 17.941 0.000 0.000 26.994 41.013 7.999 0.000 31.031 34.038 28.036 29.023 29.998 29.963 29.916 29.863 28.807 34.755 54.706 1.382 7.799 5.445 40.877 57.421 62.004 60.616 61.269 59.854 61.989 57.086 56.667 56.697 58.997 58.252
0.000 0.000 0.000 0.000 0.000 0.000 0.000 0.000 0.000 0.000 0.000 0.000 0.000 0.000 0.000 0.000 0.000 0.000 0.000 0.000 0.000 0.000 0.000 0.000 0.000 0.000 0.000 0.000 0.000 0.000 0.000 0.000 0.000 0.000 0.000 0.000 0.000 0.000 0.000 8.938 3.938 0.000 0.000 0.000 0.000 23.073 0.000 0.000 21.056 45.082 44.083 34.070 30.042 29.998 29.939 29.867 28.791 50.729 48.717 0.000 30.962 43.661 57.226 61.791 61.372 60.993 60.547 61.653 57.710 56.974 57.261 59.597 58.865 58.651
0.000 0.000 0.000 0.000 0.000 0.000 0.000 0.000 0.000 0.000 0.000 0.000 0.000 0.000 0.000 0.000 0.000 28.354 60.354 13.354 0.000 0.000 0.000 0.000 0.000 0.000 0.000 0.000 0.000 0.000 0.000 0.000 0.000 0.000 0.000 0.000 0.000 0.000 0.000 0.000 0.000 0.000 0.000 0.000 0.000 15.133 0.000 0.000 0.000 23.149 41.145 41.131 32.101 30.050 29.974 27.876 43.760 52.655 0.000 16.892 41.427 56.010 62.576 62.140 61.733 61.255 63.329 59.350 57.410 57.837 60.191 59.464 59.258 58.960
0.000 0.000 0.000 0.000 0.000 0.000 0.000 0.000 0.000 0.000 15.352 53.352 0.000 0.000 0.000 0.000 0.000 35.354 86.354 42.354 0.000 0.000 0.000 0.000 0.000 0.000 0.000 0.000 0.000 0.000 0.000 0.000 0.000 0.000 0.000 0.000 0.000 0.000 0.000 0.000 0.000 0.000 0.000 0.000 0.000 18.194 19.223 26.238 12.240 22.220 30.216 43.209 34.182 30.126 27.033 37.901 47.719 36.475 12.000 41.357 58.843 63.378 62.922 62.490 61.983 62.022 61.010 57.963 58.433 60.792 60.066 59.861 59.563 59.282
0.000 0.000 0.000 0.000 0.000 0.000 0.000 0.000 0.000 0.000 36.352 71.352 60.352 47.353 2.352 0.000 20.355 74.355 82.354 47.354 0.000 0.000 0.000 0.000 17.214 0.000 0.000 0.000 0.000 0.000 0.000 0.000 0.000 0.000 0.000 0.000 1.232 0.000 0.000 0.000 5.237 23.237 0.000 0.000 34.231 49.225 52.237 50.251 36.264 30.274 29.292 43.305 34.293 26.239 40.132 53.976 41.740 29.527 44.167 48.693 61.211 63.733 63.275 62.736 62.737 60.697 58.633 59.056 61.412 60.682 60.473 60.170 59.883 59.597
0.000 0.000 0.000 0.000 0.000 0.000 0.000 0.000 0.000 0.000 7.352 69.352 52.353 33.353 0.000 16.355 66.355 77.355 84.355 43.355 0.000 0.000 0.000 0.000 55.214 39.214 0.000 0.000 0.000 0.000 0.000 0.000 0.000 0.000 0.000 18.232 30.232 32.232 0.000 0.000 14.236 39.237 18.238 32.238 55.237 58.239 59.249 56.265 43.289 30.322 27.371 44.429 35.445 39.403 57.282 51.129 0.000 27.725 46.448 59.038 64.571 64.097 63.530 63.488 61.421 59.437 59.714 62.060 61.325 61.107 60.793 60.493 60.195 59.907
0.000 0.000 0.000 0.000 0.000 0.000 0.000 0.000 0.000 0.000 0.000 0.000 20.354 58.354 54.355 42.356 55.356 75.356 86.356 39.355 0.000 0.000 0.000 0.000 17.214 41.214 43.215 0.000 0.000 0.000 0.000 0.000 0.000 0.000 0.000 34.232 35.232 47.232 30.233 19.235 33.236 34.237 30.238 37.239 44.241 42.245 35.254 54.270 20.305 36.356 39.440 29.594 41.656 54.647 51.464 0.000 2.748 39.201 55.861 64.441 64.956 64.381 64.293 61.202 60.420 60.422 62.745 62.003 61.774 61.447 61.130 60.810 60.498 60.205
0.000 0.000 0.000 0.000 0.000 0.000 0.000 0.000 0.000 0.000 0.000 0.000 10.354 77.355 72.356 62.356 52.357 76.357 84.356 79.355 64.354 19.353 0.000 0.000 0.000 0.000 51.216 35.216 33.217 44.217 39.218 2.218 0.000 0.000 0.000 34.231 33.232 54.232 60.233 49.235 41.236 33.237 30.239 31.240 32.243 31.246 29.252 37.258 0.000 0.000 0.000 34.851 57.939 56.063 0.000 1.660 39.110 52.740 62.364 65.879 65.411 66.160 62.078 61.669 61.203 63.484 62.729 62.485 62.142 61.808 61.466 61.121 60.782 60.482
0.000 0.000 0.000 0.000 0.000 0.000 0.000 0.000 0.000 0.000 0.000 0.000 0.000 10.355 49.356 24.358 60.359 79.359 84.358 82.356 80.354 69.352 28.351 0.000 0.000 0.000 7.216 46.216 46.217 59.217 57.218 50.218 45.219 0.000 0.000 1.230 38.231 57.232 64.233 56.234 40.236 29.237 30.239 30.241 30.243 30.246 30.249 34.252 0.000 0.000 0.000 5.019 42.187 11.603 9.021 43.971 48.632 60.307 66.875 66.695 64.897 63.181 63.329 62.094 64.298 63.519 63.248 62.885 62.531 62.171 61.805 61.425 61.027 61.700
0.000 0.000 0.000 0.000 0.000 0.000 0.000 0.000 0.000 0.000 0.000 0.000 0.000 0.000 0.000 81.361 81.361 83.361 83.360 82.357 76.354 70.351 41.349 0.000 0.000 0.000 0.000 0.000 14.217 59.217 53.218 68.219 65.220 44.222 23.225 24.228 33.231 55.232 64.233 55.234 38.236 28.237 33.239 32.241 30.243 30.245 30.247 31.249 23.248 0.000 0.000 0.000 0.000 3.521 46.489 49.377 57.165 67.838 67.915 66.250 68.057 65.641 63.161 65.221 64.391 64.078 63.683 63.304 62.923 62.541 62.156 60.750 69.201 66.826
0.000 0.000 0.000 0.000 0.000 16.011 39.011 0.000 16.979 56.974 45.968 49.963 24.960 0.000 0.000 17.363 89.364 83.365 80.364 77.360 80.354 71.349 34.346 0.000 0.000 0.000 0.000 0.000 0.000 0.000 3.218 57.219 58.220 9.221 0.000 0.229 37.232 55.232 60.233 50.234 41.236 39.237 1.239 8.242 36.243 30.245 30.246 31.247 37.247 45.247 7.247 0.000 0.000 19.126 52.039 55.897 66.667 68.848 68.465 71.810 70.351 64.574 66.301 65.371 64.985 64.543 64.130 63.722 63.317 62.915 62.529 68.217 0.000 0.000
0.000 0.000 0.000 0.000 0.000 16.012 59.011 1.000 50.984 52.976 64.968 47.961 32.957 0.000 0.000 5.365 74.367 86.372 83.370 83.363 84.354 78.345 32.340 0.000 0.000 0.000 0.000 0.000 0.000 0.000 0.000 0.000 42.220 1.220 0.000 0.000 43.232 40.232 52.233 9.233 0.000 0.000 0.000 0.000 2.244 40.245 34.245 0.000 27.247 61.247 44.247 0.000 0.000 23.791 57.615 66.496 69.592 69.333 73.549 72.822 65.996 67.472 66.441 65.965 65.463 65.008 64.569 64.138 63.708 63.273 62.827 67.372 9.934 0.000
58.169 48.168 0.000 0.000 0.000 10.013 70.015 46.005 47.990 53.977 77.966 78.957 73.949 27.942 0.000 0.000 0.000 34.387 88.381 83.369 84.354 81.339 40.328 0.000 0.000 0.000 0.000 0.000 0.000 0.000 0.000 0.000 0.216 0.000 0.000 0.000 0.000 0.000 0.000 0.000 0.000 0.000 0.000 0.000 0.000 0.000 15.245 12.245 0.000 0.000 0.000 0.000 13.101 50.547 67.500 69.167 70.088 74.435 74.075 67.045 68.536 67.503 66.972 66.419 65.923 65.452 64.999 64.553 64.105 63.641 63.134 65.510 48.497 5.047
70.169 52.168 48.166 0.000 0.000 0.000 62.030 64.013 63.994 75.977 72.963 84.951 83.942 44.935 0.000 0.000 0.000 10.409 90.397 83.378 84.354 81.328 41.306 0.000 0.000 2.012 49.986 61.956 30.937 0.000 0.000 0.000 0.000 0.000 0.000 0.000 0.000 0.000 0.000 0.000 0.000 0.000 0.000 0.000 0.000 0.000 0.000 0.242 0.000 0.000 0.000 11.020 51.545 68.517 69.102 75.289 74.790 68.336 68.874 69.332 68.462 67.933 67.366 66.846 66.352 65.880 65.423 64.971 64.517 64.051 70.561 11.035 0.000 18.043
75.170 54.168 55.164 47.159 0.000 52.089 47.062 55.024 67.997 71.974 82.958 83.944 82.931 51.922 0.000 0.000 0.000 9.441 89.422 83.392 84.355 79.313 59.263 43.184 44.111 44.039 51.989 72.947 39.917 0.000 0.000 0.000 0.000 0.000 0.000 0.000 0.000 0.000 0.000 0.000 0.000 0.000 0.000 0.000 0.000 0.000 0.000 0.000 0.000 9.073 39.857 49.378 68.375 69.974 76.657 76.059 68.881 70.575 69.881 69.302 68.799 68.259 67.741 67.241 66.760 66.295 65.840 65.390 64.940 71.485 17.023 0.000 0.000 3.035
70.172 68.169 51.163 55.154 55.138 46.117 39.104 0.000 0.000 13.962 72.951 83.934 81.919 66.899 33.872 0.000 0.000 58.493 79.459 84.413 83.362 84.307 74.248 50.179 47.110 46.043 54.983 72.927 55.867 41.785 42.720 46.672 57.642 21.630 0.000 0.000 0.000 0.000 0.000 0.000 0.000 0.000 0.000 0.000 0.000 0.000 0.000 0.000 0.000 20.268 60.113 68.066 70.721 77.519 77.135 69.606 71.251 70.449 70.048 69.571 69.076 68.582 68.094 67.617 67.153 66.699 66.253 65.811 71.369 17.927 0.000 0.000 0.000 1.973
16.176 84.173 55.168 49.155 50.143 52.137 52.134 41.143 0.000 0.000 0.000 17.922 88.910 78.886 56.844 48.773 55.689 54.580 56.507 64.439 65.372 52.306 49.241 47.175 47.107 46.040 54.975 69.909 48.841 45.768 50.704 66.654 69.624 54.618 28.618 0.000 0.000 0.000 0.000 0.000 0.000 0.000 0.000 0.000 0.000 0.000 0.000 0.000 11.087 52.942 68.559 71.403 78.047 77.823 70.301 71.926 71.122 70.741 70.285 69.828 69.364 68.898 68.436 67.981 67.535 67.095 66.661 72.230 17.800 0.000 0.000 0.000 0.000 0.000
83.181 84.181 70.179 0.000 0.000 57.153 53.151 64.152 55.152 0.000 0.000 0.000 76.915 73.889 58.846 49.786 46.714 46.631 49.551 62.464 70.382 73.305 66.237 56.171 49.105 48.037 63.966 66.894 41.819 45.743 45.673 46.615 50.583 29.600 0.000 0.000 0.000 0.489 0.000 0.000 0.000 0.000 0.000 0.000 0.000 0.000 14.267 45.953 53.827 67.353 78.670 78.289 71.354 71.944 72.499 71.795 71.412 70.968 70.534 70.094 69.651 69.210 68.771 68.338 67.910 68.487 75.067 18.648 0.000 0.000 0.000 0.000 0.000 0.000
84.187 84.189 84.190 71.192 54.186 54.173 54.166 45.163 0.000 11.010 18.011 69.989 66.947 69.909 62.865 63.811 63.749 63.680 66.602 61.484 61.387 63.294 67.229 68.169 66.105 62.035 72.960 70.881 58.798 59.713 59.629 61.551 36.492 0.000 0.000 0.000 0.000 1.491 0.000 0.000 0.000 0.000 0.000 0.000 1.212 48.837 49.472 70.515 71.091 79.768 79.280 73.842 73.551 72.931 72.452 72.060 71.630 71.209 70.786 70.362 69.939 69.518 69.101 68.689 69.280 72.875 5.471 0.000 0.000 0.000 0.000 0.000 0.000 5.862
83.194 83.198 84.200 81.200 59.194 53.185 54.177 55.170 47.165 0.000 62.033 59.009 59.975 60.936 55.893 59.844 64.791 72.738 57.693 0.000 0.000 8.256 66.218 62.170 62.110 62.039 61.959 61.872 61.780 61.683 61.580 59.469 54.342 27.172 0.000 3.022 46.797 53.491 65.151 34.877 0.000 0.000 0.000 0.000 50.411 61.136 73.065 73.713 80.500 80.170 74.495 74.164 73.420 73.081 72.680 72.269 71.860 71.449 71.039 70.630 70.224 69.823 69.427 70.036 72.648 20.261 0.000 0.000 0.000 0.000 0.000 0.000 0.000 26.867
73.202 73.209 84.213 84.212 74.206 50.197 53.187 54.176 54.161 60.129 69.078 53.041 50.006 47.969 54.927 69.882 68.835 53.786 33.739 0.000 0.000 0.000 0.000 51.182 46.126 46.051 45.965 45.869 46.767 49.658 50.539 50.403 49.234 50.003 48.638 48.229 56.896 63.526 61.084 67.604 65.018 59.506 57.015 59.430 71.043 74.537 74.326 80.969 80.767 75.136 74.782 74.026 73.690 73.286 72.888 72.488 72.088 71.689 71.291 70.895 70.504 70.122 70.749 71.381 10.014 0.000 0.000 0.000 0.000 0.000 0.000 0.000 0.000 37.900
39.213 51.224 79.232 83.230 64.221 47.209 46.198 54.188 54.173 53.147 47.110 48.072 54.040 71.005 69.966 52.923 45.880 35.833 0.000 55.579 64.532 60.460 61.367 64.251 67.162 66.075 66.979 69.873 68.761 65.644 67.515 62.368 48.191 51.967 50.681 55.361 73.032 79.633 76.056 69.436 63.942 65.504 71.996 76.876 75.317 81.548 81.198 75.123 76.732 75.313 74.646 74.298 73.891 73.496 73.100 72.705 72.315 71.927 71.541 71.155 71.774 69.414 65.066 16.724 0.000 0.000 0.000 0.000 0.000 0.000 0.000 0.000 24.034 27.970
0.000 44.242 63.260 74.255 49.240 41.219 48.209 46.203 53.195 54.178 54.142 47.097 64.077 56.046 45.007 47.965 39.929 0.000 64.692 67.626 67.558 69.480 70.391 73.291 77.199 76.106 76.004 75.884 77.761 78.640 76.511 64.364 50.194 51.992 51.758 51.503 54.240 27.917 0.493 89.142 130.832 108.431 74.410 75.962 82.551 82.101 75.575 78.301 75.712 75.264 74.900 74.497 74.102 73.705 73.310 72.920 72.539 72.165 71.791 73.410 68.023 56.692 11.379 0.000 0.000 0.000 0.000 0.000 0.000 0.000 0.000 22.160 35.098 24.035
0.000 0.000 20.310 55.292 37.266 0.000 43.215 48.222 48.227 54.227 43.185 0.000 48.125 46.096 48.052 49.000 58.941 72.864 69.758 71.674 77.595 87.513 131.424 128.326 128.234 128.146 128.048 128.897 112.759 44.646 47.524 45.385 53.227 52.051 48.857 46.654 28.507 0.000 0.000 0.000 55.689 72.799 77.451 83.245 82.928 75.180 76.877 76.172 75.863 75.489 75.100 74.709 74.312 73.913 73.514 73.126 72.756 73.401 72.050 63.670 52.215 9.954 0.000 0.000 0.000 0.000 0.000 0.000 0.000 0.000 13.279 34.222 26.162 14.101
18.540 7.492 70.379 48.335 0.000 0.000 0.000 42.242 55.263 47.320 0.000 0.345 56.201 47.160 58.106 71.043 70.973 75.892 78.802 71.717 57.635 48.553 44.467 42.353 45.267 46.198 33.144 0.000 49.733 46.660 45.553 49.425 53.279 50.127 41.964 48.748 29.628 0.000 0.000 51.057 68.078 77.846 83.720 83.509 75.768 77.452 76.744 76.446 76.072 75.698 75.314 74.923 74.526 74.120 73.707 73.315 73.957 69.635 58.338 15.004 0.000 0.000 0.000 0.000 0.000 0.000 0.000 0.000 0.000 0.000 31.336 30.288 16.229 13.167
88.569 76.557 0.000 5.335 0.022 0.000 0.000 0.000 0.000 51.470 49.481 57.424 54.314 54.239 54.167 71.093 85.015 73.931 53.843 51.757 46.674 48.598 39.538 0.000 51.284 48.234 37.186 0.000 50.780 45.709 46.606 53.480 51.340 49.214 31.124 0.000 0.000 47.667 45.543 62.341 78.271 83.978 76.704 77.273 77.931 77.324 77.026 76.659 76.294 75.919 75.535 75.144 74.748 74.333 74.880 74.470 64.121 48.844 11.664 0.000 0.000 0.000 0.000 0.000 0.000 0.000 0.000 6.668 5.628 20.554 32.442 20.366 12.298 26.234
74.607 64.611 0.000 0.000 65.076 58.061 52.041 0.000 3.707 69.609 66.550 53.480 54.394 54.313 55.232 76.149 128.062 120.973 67.882 122.793 43.708 47.627 47.549 49.461 47.351 47.267 47.180 49.059 44.899 44.788 53.680 52.552 49.385 44.264 33.194 0.000 0.000 49.789 56.660 78.684 77.586 84.342 77.755 78.342 77.889 77.596 77.245 76.891 76.525 76.148 75.762 75.371 74.988 76.586 72.010 53.565 40.214 41.956 7.810 0.000 0.000 0.000 0.000 0.000 0.000 0.000 0.000 15.708 20.662 34.594 28.510 18.435 27.365 27.299
61.650 5.669 0.000 0.000 48.091 57.067 54.020 71.931 65.805 70.708 78.630 69.553 54.470 54.386 54.299 53.208 47.113 42.016 46.919 43.826 47.737 47.652 47.570 47.484 47.392 47.304 47.209 46.097 50.969 52.865 53.774 37.663 0.000 37.264 0.000 0.000 0.000 54.014 75.952 79.976 85.380 84.899 77.854 78.505 78.144 77.826 77.488 77.133 76.766 76.388 75.995 75.588 74.247 36.013 0.000 0.000 0.000 0.000 0.000 0.000 0.000 0.000 12.062 7.050 6.021 4.971 8.898 17.794 33.720 27.647 18.572 28.499 24.429 15.362
49.699 54.744 0.089 53.154 49.130 48.096 66.043 58.967 74.875 83.789 63.710 49.631 47.549 50.462 53.370 54.271 54.166 47.059 45.953 46.854 46.762 47.676 47.594 47.513 52.430 49.347 46.256 47.151 50.017 53.929 42.889 0.000 0.000 0.000 0.000 9.752 129.632 73.338 80.367 78.353 85.802 77.686 80.200 81.680 78.402 78.081 77.745 77.389 77.017 77.642 74.240 61.742 52.398 10.205 0.000 0.000 0.000 0.000 0.000 0.000 0.000 14.078 14.074 14.068 15.042 14.994 15.929 29.851 29.777 13.704 16.632 18.560 15.491 13.424
34.747 28.865 53.102 49.178 48.179 59.146 63.089 74.018 80.940 46.863 45.789 46.713 48.632 47.544 44.447 52.340 53.223 54.100 52.981 46.875 45.781 44.696 45.617 51.543 110.470 78.396 58.318 41.234 0.000 55.947 63.964 0.000 0.000 0.000 0.000 53.875 64.778 81.662 79.705 86.533 86.182 78.782 79.307 79.969 78.671 78.355 78.020 77.662 78.271 76.925 29.582 0.000 0.000 0.000 0.000 0.000 0.000 0.000 0.000 0.000 0.000 21.083 17.088 14.107 15.083 13.036 24.974 31.904 15.833 16.761 24.690 22.620 16.552 13.485
0.000 0.000 46.265 49.278 51.263 72.218 83.150 97.075 79.003 7.936 64.869 64.800 48.723 48.635 47.534 45.418 48.286 54.137 51.997 52.885 54.791 52.710 50.637 46.571 41.510 46.452 41.385 0.000 0.000 0.000 50.056 42.079 0.000 0.000 0.000 64.095 80.978 81.061 79.084 86.853 78.519 81.014 82.515 79.253 78.957 78.647 78.318 77.968 75.481 30.203 0.000 0.000 0.000 0.000 0.000 0.000 0.000 0.000 0.000 0.000 20.653 0.000 0.000 22.190 12.149 23.092 35.028 22.959 17.888 22.818 26.748 19.679 14.611 12.545
0.000 0.000 44.414 50.406 66.376 77.315 125.218 119.131 121.062 127.007 122.954 123.895 48.824 48.739 47.637 47.514 46.366 41.163 50.987 52.875 53.789 51.715 53.651 53.595 54.548 47.515 0.000 0.000 0.000 0.000 51.126 36.102 0.000 0.000 55.603 77.397 81.334 80.323 87.435 87.152 79.583 80.124 80.809 79.541 79.260 78.960 79.636 54.413 0.000 0.000 0.000 0.000 0.000 0.000 0.000 0.000 0.000 32.826 21.787 11.728 15.653 15.564 16.456 16.315 19.229 32.157 29.086 24.016 24.945 22.875 20.805 16.736 13.669 15.603
0.000 0.000 45.572 62.556 70.520 76.447 47.277 46.167 45.109 42.075 43.044 43.001 48.941 48.861 64.759 64.636 40.501 0.000 37.914 50.840 52.774 50.711 52.657 52.610 53.572 49.546 0.000 0.000 0.000 49.312 34.219 0.000 0.000 56.949 65.802 82.651 81.549 80.728 87.698 79.271 81.792 84.323 80.095 79.841 79.584 78.295 65.855 24.634 0.000 0.000 0.000 0.000 0.000 19.030 14.013 13.981 13.932 17.865 29.807 32.743 18.669 13.584 15.489 17.385 32.297 31.219 17.145 26.073 27.001 25.931 18.861 14.793 13.726 23.661
