results3_8e3_rain/res_3e8f-0144.wd
ncols         241
nrows         181
xllcorner     12693529.787448
yllcorner     3542525.717860
cellsize      155.156523
NODATA_value  -9999.000000
[rows 132 to 164 of 181, columns 0 to 72 of 241]
95.487 100.487 104.487 104.486 106.485 106.484 100.482 91.480 77.478 66.476 65.473 66.470 65.466 64.462 69.457 83.452 94.446 99.439 99.431 96.421 88.410 79.397 70.380 64.360 69.333 71.302 70.265 71.225 69.190 64.158 78.127 101.097 68.072 0.000 0.000 0.000 7.817 59.811 71.805 68.784 70.768 76.758 94.757 80.762 64.770 63.780 63.794 75.809 96.826 37.844 10.866 5.900 0.000 0.000 0.000 0.000 0.000 0.000 0.000 0.000 0.000 0.000 2.270 0.270 27.271 7.197 11.122 52.025 74.884 78.785 78.679 88.766 116.232
73.491 75.491 78.491 84.490 94.489 100.488 105.486 105.484 98.482 84.480 73.477 67.473 71.470 78.465 91.461 106.455 105.449 102.442 102.434 105.424 105.413 101.399 89.383 77.364 69.341 64.315 65.286 64.255 65.227 73.201 95.178 103.158 15.146 0.000 0.000 0.000 17.824 45.831 63.858 72.854 73.841 70.827 71.829 81.834 76.839 69.845 73.852 81.861 94.873 35.886 21.904 27.933 7.964 0.000 0.000 0.000 0.000 0.000 0.000 0.000 0.000 0.000 0.000 0.000 9.349 0.000 59.147 81.069 76.951 85.925 76.989 116.354 105.113
65.496 65.496 65.495 67.494 72.493 76.492 83.491 92.489 100.486 103.484 97.481 95.478 97.474 100.470 99.465 92.459 83.453 81.446 81.438 86.428 92.417 99.405 102.390 101.373 90.353 80.331 75.307 73.284 82.261 98.241 99.225 85.213 18.207 0.000 0.000 0.000 0.000 0.000 46.942 73.932 52.915 40.880 55.899 70.905 85.907 89.908 91.909 92.912 88.917 15.924 2.931 30.965 27.994 16.026 22.045 16.055 0.000 0.000 0.000 0.000 0.000 0.000 43.569 13.518 79.427 101.363 134.219 90.194 85.247 66.206 102.272 106.792 106.701
66.501 66.500 66.500 66.499 65.498 64.497 66.495 71.493 77.491 87.489 97.486 99.482 92.479 82.474 76.470 68.464 64.458 64.451 64.443 66.434 71.424 77.412 84.399 96.383 101.367 103.348 102.330 98.311 101.293 94.278 76.267 68.261 47.264 5.286 0.000 0.000 0.000 0.000 40.035 73.018 16.006 0.000 48.982 73.980 92.976 100.971 86.965 89.960 75.959 33.961 0.000 58.002 27.021 19.040 30.054 30.064 1.089 0.000 0.000 0.000 0.000 30.673 49.619 122.560 151.484 134.366 117.922 116.869 108.541 107.182 107.060 106.931 72.153
66.505 66.505 66.505 66.504 66.503 66.502 66.500 65.498 65.496 68.494 74.491 73.488 69.484 65.480 65.475 65.470 66.464 66.457 66.450 66.441 65.432 64.421 66.409 72.396 79.382 88.367 96.352 92.337 81.323 69.312 65.303 70.299 78.301 54.309 32.315 32.305 18.278 19.229 55.145 76.100 26.086 8.099 68.068 100.055 102.046 81.035 84.021 83.004 70.997 60.002 11.011 39.021 13.049 1.085 14.068 1.082 3.113 1.119 0.000 0.000 0.000 11.728 74.674 80.595 76.583 77.743 75.718 107.507 107.405 107.297 74.497 77.276 79.149
66.511 66.510 66.510 66.509 66.508 66.507 66.506 66.504 66.502 66.499 65.496 65.493 65.489 66.485 66.481 66.476 66.470 66.464 66.457 66.450 66.441 66.432 66.421 65.410 64.398 65.385 69.373 67.361 66.351 70.342 73.336 72.332 70.332 72.333 72.332 69.321 69.300 73.265 48.215 34.151 23.138 41.144 86.137 100.127 80.116 73.103 72.082 52.036 48.023 11.037 0.000 0.000 1.227 3.246 0.000 0.000 7.137 22.124 37.087 7.027 20.950 83.807 90.797 88.870 86.857 87.939 107.699 107.605 88.739 95.531 88.387 94.161 86.005
66.516 66.516 66.515 66.515 66.514 66.513 66.511 66.510 66.508 66.505 66.502 66.499 66.496 66.492 66.487 66.483 66.478 66.472 66.466 65.459 72.451 74.443 66.434 65.424 64.414 65.404 67.394 70.385 73.377 72.370 67.365 68.362 75.361 78.360 74.357 68.349 65.336 74.317 5.298 0.000 8.170 81.203 90.207 77.201 69.190 89.177 35.166 0.000 0.000 1.270 2.318 2.323 2.306 3.296 0.000 0.000 32.174 74.150 103.110 64.051 96.940 105.101 102.066 101.158 107.961 107.877 107.790 100.821 102.700 102.400 101.263 100.196 18.115
66.522 66.522 66.521 66.521 66.520 66.519 66.517 66.516 66.514 66.512 69.509 69.506 67.502 71.498 69.494 66.490 66.486 66.481 65.475 63.469 74.462 82.455 68.447 65.439 67.431 70.422 72.415 71.407 68.401 70.396 75.393 77.391 78.390 78.389 73.387 67.383 76.376 95.368 14.362 0.000 0.000 55.290 78.287 75.279 79.266 99.250 33.240 0.000 2.332 2.324 2.338 2.344 2.329 4.337 0.000 30.285 82.237 98.190 101.126 106.130 103.300 100.293 108.189 108.117 108.041 100.128 100.915 101.790 101.472 101.446 94.379 71.288 0.000
66.528 66.527 66.527 66.527 66.526 66.525 66.524 66.522 66.521 67.518 74.516 74.513 51.509 19.505 40.501 70.498 64.494 67.490 73.485 76.480 76.474 72.467 68.461 69.454 72.447 71.440 70.434 72.429 76.425 76.421 78.419 77.418 68.418 63.419 65.419 78.419 97.418 107.419 29.420 0.000 0.000 30.379 86.373 88.363 95.345 94.316 30.303 0.000 2.341 0.375 1.388 2.388 0.000 8.385 34.380 78.340 100.267 103.289 102.384 102.391 101.487 108.326 108.259 100.329 101.131 101.995 101.783 101.641 101.600 93.534 85.494 0.000 0.000
66.534 66.534 66.533 66.533 66.532 66.531 66.530 66.529 66.528 68.526 77.523 88.520 64.517 1.513 7.506 55.506 81.503 73.500 71.496 71.491 69.486 68.480 70.475 72.469 70.463 66.458 68.453 80.449 82.447 72.445 66.445 63.445 63.447 68.449 82.452 98.455 95.460 79.467 51.481 19.511 13.512 57.475 86.463 68.454 59.433 51.368 16.354 0.548 0.455 21.441 12.435 2.432 0.000 27.440 78.420 100.346 102.549 101.548 101.662 108.517 108.456 108.392 100.388 102.275 101.988 101.864 101.811 101.740 95.667 82.605 72.569 0.000 0.000
66.540 66.540 66.540 66.539 66.539 66.538 66.537 66.536 66.535 68.534 78.532 65.529 21.523 3.525 0.000 23.516 77.514 69.511 71.507 70.502 68.498 71.493 72.488 69.484 66.479 62.475 72.472 86.469 73.468 63.468 64.469 69.471 79.474 90.479 101.484 94.490 72.499 67.509 86.524 93.541 94.549 98.546 73.550 34.558 6.567 0.000 0.730 0.747 0.000 34.450 21.459 1.519 32.544 78.490 100.519 102.716 101.740 108.684 108.631 108.576 100.653 101.453 102.344 102.043 102.030 101.972 101.898 102.809 90.731 61.648 50.609 8.609 2.609
65.547 65.546 66.546 66.546 66.545 66.545 66.544 66.544 66.543 69.542 79.541 50.540 0.000 9.536 47.536 49.529 66.525 68.522 56.518 38.514 76.510 71.506 67.502 66.498 64.495 66.491 82.489 85.487 67.487 70.489 82.492 91.496 100.501 98.507 86.515 72.524 65.535 81.548 85.564 73.581 54.597 52.612 40.632 20.661 9.710 3.812 1.875 21.903 16.916 0.000 0.000 26.613 78.654 101.767 102.795 100.913 108.785 108.735 100.814 101.626 102.505 102.313 102.192 102.170 102.118 102.068 105.000 68.870 48.801 0.000 0.000 0.000 0.000
74.554 72.553 69.552 67.552 64.552 64.552 64.552 64.551 63.551 68.550 80.549 63.549 44.551 52.546 70.544 66.540 63.536 69.533 64.530 51.526 71.523 65.520 64.516 64.513 66.510 80.507 88.505 54.504 46.506 96.509 101.514 96.520 85.527 75.535 67.544 63.555 74.569 86.584 54.602 29.623 12.645 3.671 20.704 19.745 9.799 10.866 13.917 41.942 25.929 0.000 0.000 58.893 100.930 100.058 108.924 108.880 108.833 100.849 102.744 102.470 102.363 102.333 104.291 99.241 101.212 102.184 113.163 0.000 0.000 0.000 0.000 0.000 0.000
75.561 77.560 83.558 84.558 84.559 81.559 82.560 81.559 80.559 80.558 82.558 65.557 69.557 68.555 65.552 68.549 68.547 67.544 72.541 74.539 68.536 62.533 64.530 66.527 80.524 85.522 74.520 68.520 77.522 100.527 83.534 74.543 66.551 64.561 66.572 65.585 79.600 88.618 52.638 28.662 16.691 18.725 21.767 13.817 14.874 20.934 22.986 16.018 0.000 0.000 37.137 79.151 109.046 109.008 108.967 101.081 101.888 102.787 102.496 102.493 103.452 103.407 76.364 54.302 89.301 103.295 108.304 48.361 0.000 0.000 0.000 0.000 0.000
68.570 62.568 15.563 17.562 26.566 73.567 70.568 70.568 70.567 74.567 83.566 64.566 65.565 64.563 67.561 71.559 72.557 70.555 69.553 72.551 73.549 70.546 64.544 81.542 87.539 78.536 84.533 101.532 98.535 80.543 68.554 64.565 66.575 66.586 65.598 70.612 86.629 88.648 80.671 83.697 54.730 16.771 8.822 7.882 19.946 27.012 17.074 14.128 6.152 32.297 80.314 109.117 109.083 101.222 102.032 102.920 102.733 102.620 102.605 103.558 101.518 95.478 20.457 0.000 71.395 106.392 103.398 102.418 0.000 0.000 0.000 0.000 0.000
66.580 58.580 0.000 0.000 8.575 69.576 65.576 65.576 65.576 69.575 83.575 61.574 65.573 69.572 71.571 72.569 69.568 66.566 64.565 66.563 76.562 89.560 84.558 85.556 62.554 56.550 108.544 94.542 61.544 21.554 41.575 69.588 66.598 66.610 68.623 61.638 45.655 35.675 47.699 87.727 63.762 16.808 11.868 6.942 16.016 21.093 15.172 20.241 20.323 58.435 109.168 100.411 104.150 103.055 102.870 102.760 102.737 102.702 103.661 103.624 68.585 44.531 30.530 33.536 84.493 105.478 101.479 92.494 10.527 0.000 0.000 0.000 0.000
66.590 66.592 49.596 0.000 9.585 70.585 66.585 66.585 65.584 66.584 81.584 68.583 71.582 73.582 72.581 67.579 64.578 65.577 65.576 64.575 74.574 97.574 93.573 80.572 73.570 64.565 40.552 29.546 16.545 0.000 22.606 71.612 66.621 68.632 51.645 25.660 10.678 7.699 49.722 66.749 35.782 7.830 10.901 16.003 23.084 19.172 13.280 6.382 9.687 57.669 109.234 103.299 103.061 102.883 102.868 102.833 102.793 102.756 100.722 91.691 24.668 0.000 41.595 100.584 105.563 103.549 97.546 87.551 5.561 0.000 0.000 0.000 0.000
63.599 65.600 62.601 0.000 5.594 70.594 65.594 63.593 65.593 69.593 73.592 72.592 72.592 70.591 64.590 65.590 65.589 66.588 66.588 71.587 89.587 88.587 81.588 90.588 88.589 59.590 0.000 0.000 0.000 0.000 20.630 71.634 66.642 69.652 40.665 2.681 36.699 62.720 82.743 51.767 3.786 0.019 0.050 5.086 15.143 15.234 15.361 9.638 6.421 109.419 109.329 102.204 103.052 102.953 102.919 102.882 102.845 104.811 89.778 72.750 32.728 8.717 56.670 86.644 95.624 104.611 93.604 82.603 4.605 0.000 0.000 0.000 0.000
70.607 68.607 57.608 0.000 56.603 64.603 66.602 70.602 71.602 72.602 70.601 71.601 69.601 65.600 65.600 66.600 66.599 65.599 67.599 90.599 89.600 71.601 84.602 82.604 86.608 84.616 47.634 3.645 12.651 42.654 47.649 67.652 66.659 66.669 61.682 53.698 70.717 69.738 63.762 85.788 33.810 0.027 0.065 9.113 14.168 12.255 13.364 37.528 61.932 109.503 104.531 104.280 104.020 103.007 102.968 102.932 103.896 101.862 56.831 33.802 45.777 46.754 100.724 102.699 82.679 92.665 87.656 60.652 25.651 0.000 0.000 0.000 0.000
71.614 72.615 69.615 57.617 71.613 71.612 71.611 72.611 72.611 73.610 85.610 67.610 65.610 65.610 66.610 66.610 66.610 67.610 81.611 92.611 67.612 71.614 98.616 90.619 78.624 81.631 84.641 68.650 73.656 88.660 81.662 69.667 62.674 62.684 73.697 89.713 76.732 48.754 20.780 75.812 64.857 13.933 17.005 22.086 18.161 9.255 11.326 52.610 104.856 109.582 101.511 104.163 105.091 103.054 103.017 102.981 95.946 85.912 42.880 13.851 22.824 23.798 84.772 126.749 107.729 83.714 75.704 54.698 63.695 16.695 0.000 2.857 6.857
76.622 76.622 72.622 72.622 72.621 73.620 73.620 69.619 66.619 65.619 28.619 18.619 69.619 66.619 66.620 66.620 65.620 68.621 92.622 78.623 63.624 69.626 86.628 103.632 98.637 95.643 93.650 89.657 85.663 84.668 92.672 89.678 83.686 79.696 82.709 86.725 48.744 12.766 11.792 27.824 23.873 8.937 17.996 28.063 24.139 15.244 8.400 51.649 109.728 109.656 104.404 106.248 103.135 103.103 104.065 100.029 83.993 76.960 82.928 88.897 72.869 94.842 109.817 126.794 135.775 119.759 81.748 86.741 61.737 0.000 0.000 0.000 0.000
15.629 16.628 76.628 71.629 71.629 66.628 63.628 65.628 60.628 13.628 13.628 2.628 70.629 66.629 66.629 66.630 66.630 84.631 91.632 64.634 66.635 66.638 69.640 75.644 77.648 77.653 73.659 76.665 92.670 85.676 76.681 79.688 86.696 90.706 93.718 90.733 65.752 30.774 13.798 12.819 0.000 1.946 12.981 22.030 6.084 0.000 21.598 81.841 109.796 101.747 105.472 105.209 103.192 103.150 104.112 99.075 86.040 52.006 58.973 101.942 112.913 144.885 135.860 107.836 95.816 112.800 91.787 85.780 60.776 0.000 0.000 0.000 0.000
2.636 11.636 25.633 80.636 65.636 63.636 65.636 65.637 66.637 13.637 4.637 59.637 67.638 66.638 66.639 66.640 68.641 92.642 77.643 63.644 66.646 66.649 66.651 65.655 65.659 65.663 64.668 71.673 100.679 79.684 10.689 18.696 30.703 81.713 91.724 75.739 80.757 67.780 19.807 16.836 1.875 6.919 19.953 11.991 0.000 0.000 39.757 109.928 109.863 104.629 106.369 102.276 103.237 103.197 103.158 103.121 90.085 53.050 68.017 104.985 100.955 134.926 129.900 98.875 103.854 89.836 70.823 88.814 66.811 0.829 0.000 0.000 0.000
64.645 60.645 0.000 72.645 82.645 83.645 64.645 76.645 83.645 59.646 57.646 67.647 66.647 66.648 66.649 66.649 85.650 89.652 64.653 66.655 65.657 64.659 66.662 66.665 66.669 66.673 65.677 73.682 102.687 83.692 29.697 2.703 53.710 78.718 91.728 70.740 60.757 19.784 12.814 15.841 13.872 21.900 25.920 0.000 0.000 18.679 80.928 109.991 101.886 105.607 105.348 103.326 103.282 103.242 103.203 104.165 95.129 84.093 107.059 132.027 119.995 136.966 133.938 127.912 134.888 100.868 77.853 87.842 95.839 24.845 0.000 0.000 0.000
66.653 65.654 60.656 66.654 65.653 13.653 87.653 79.653 66.654 67.654 67.655 66.655 66.656 66.657 66.658 69.659 92.660 75.662 65.663 66.665 72.667 80.669 66.672 64.675 66.679 65.682 68.686 92.690 100.694 75.699 63.704 51.709 73.714 72.721 33.728 18.737 15.747 0.000 4.823 4.845 5.869 6.892 8.906 0.000 21.745 78.895 101.062 110.052 102.848 103.490 103.411 103.368 103.326 103.286 103.246 104.208 95.171 78.135 74.101 107.067 97.035 111.003 113.974 101.945 103.919 75.896 52.877 66.864 133.857 86.856 21.859 11.859 33.858
66.660 66.661 66.662 66.661 66.661 60.661 76.661 92.662 68.662 65.663 66.664 66.664 66.665 66.666 65.668 88.669 90.670 64.671 66.673 67.674 64.677 26.679 85.682 80.685 67.688 65.691 83.695 102.698 86.702 66.706 66.710 67.714 70.719 74.723 11.728 12.732 0.000 1.808 16.812 0.000 0.000 0.000 0.000 0.000 44.863 102.032 110.168 110.111 102.733 103.566 103.449 103.412 103.369 103.328 103.288 102.250 87.212 89.176 109.141 128.106 127.072 132.040 137.008 123.977 121.947 108.919 57.896 55.880 131.870 95.864 33.861 26.859 91.858
66.668 66.668 66.668 66.668 66.668 66.669 66.669 77.670 92.670 68.671 65.672 66.673 66.674 64.676 72.677 93.678 73.680 65.681 67.682 65.683 7.686 4.689 73.692 74.695 80.698 79.700 87.703 86.706 67.710 65.713 67.716 70.720 75.723 75.725 0.000 0.000 0.000 3.804 27.804 14.801 15.800 14.800 0.000 6.005 53.129 107.251 110.224 102.072 103.785 103.519 103.498 103.452 103.410 103.369 103.329 103.291 89.253 85.216 106.180 107.144 107.109 110.075 110.041 109.007 113.973 86.938 62.909 77.889 92.877 31.871 0.000 0.000 35.858
66.675 68.675 68.674 66.675 66.676 66.676 66.677 66.678 77.679 92.680 68.681 63.682 63.683 80.685 92.686 86.688 63.689 66.691 62.691 8.690 5.696 59.699 66.702 66.704 72.707 89.709 89.712 82.714 75.717 67.720 54.723 24.725 89.727 69.729 0.000 0.000 0.000 2.799 16.800 9.800 23.800 12.800 0.000 6.175 26.260 110.332 110.278 102.941 103.674 103.579 103.536 103.492 103.450 103.409 103.369 104.331 99.292 89.255 84.218 83.182 83.146 83.110 83.075 87.039 60.999 4.950 30.912 86.892 82.879 43.871 5.867 0.000 34.858
67.682 4.682 5.680 66.682 65.683 64.684 64.685 63.686 63.687 76.688 91.689 84.691 91.692 93.694 80.696 64.697 71.699 71.701 59.702 0.000 7.709 70.710 66.712 68.714 92.716 99.718 77.720 68.722 75.725 82.727 70.729 6.731 49.733 67.734 0.000 0.000 0.000 3.794 9.796 6.798 20.799 0.000 0.000 6.286 11.618 110.384 108.193 103.905 103.645 103.621 103.574 103.531 103.489 103.448 103.409 103.370 104.331 103.294 101.256 100.218 100.181 101.145 103.109 77.073 19.036 0.000 15.899 71.886 102.875 93.868 66.862 42.858 59.857
66.690 65.690 0.690 65.691 76.691 80.692 84.693 89.694 92.695 93.696 93.698 93.699 79.701 66.703 82.705 99.707 100.709 100.712 93.715 71.721 6.720 67.721 65.722 74.724 102.725 89.727 66.729 65.730 67.732 70.734 61.736 6.737 26.739 26.741 0.000 0.000 0.000 9.787 4.791 0.000 3.799 0.000 14.274 15.547 6.272 110.434 112.143 107.780 103.700 103.655 103.611 103.568 103.527 103.486 103.447 103.408 103.370 103.332 103.294 103.255 104.216 107.179 79.144 12.108 0.000 1.420 0.000 16.877 72.869 103.862 94.857 70.855 47.856
66.697 68.698 64.700 66.699 81.699 80.699 76.700 72.701 71.703 67.704 88.706 78.708 89.710 80.712 96.714 92.717 85.719 86.722 97.725 103.728 92.729 93.731 85.732 93.733 101.735 74.736 65.737 66.738 66.740 65.741 65.742 67.744 62.746 11.749 71.757 62.763 1.769 3.776 0.000 0.000 0.000 5.194 83.260 80.470 110.528 110.482 106.020 106.848 103.729 103.691 103.647 103.605 103.564 103.524 103.484 103.446 103.408 103.370 103.332 105.292 110.249 79.213 19.178 0.000 0.000 0.174 0.000 0.000 13.861 64.853 99.850 49.848 0.000
68.704 4.704 63.705 66.705 66.706 66.706 65.707 66.709 68.710 66.712 78.714 73.716 82.718 93.721 81.723 66.726 67.729 68.732 69.735 74.737 87.739 97.741 103.742 101.743 90.744 66.745 66.745 66.746 66.747 66.748 67.749 90.750 63.751 3.754 67.758 17.763 11.768 4.772 0.000 0.000 0.000 15.158 103.365 105.572 110.572 104.353 104.059 103.793 103.771 103.724 103.681 103.640 103.599 103.560 103.521 103.484 103.446 103.410 105.373 90.332 44.275 11.244 0.000 2.379 0.382 20.355 27.355 0.000 0.000 35.841 97.840 49.839 0.000
69.710 2.711 63.711 66.712 66.712 66.713 66.715 67.716 5.718 65.720 69.722 80.724 80.727 88.730 93.733 79.736 64.739 64.741 64.744 66.747 68.749 69.751 70.752 70.753 69.753 68.753 64.754 64.754 65.754 66.755 77.755 91.755 62.756 56.757 58.758 0.000 0.000 4.772 0.000 0.000 0.000 19.228 102.346 110.656 110.614 103.210 103.939 103.843 103.800 103.756 103.714 103.673 103.634 103.595 103.557 103.520 103.484 103.449 108.416 64.390 0.000 0.000 1.544 0.000 0.412 15.359 22.355 0.000 0.000 38.831 98.830 57.829 0.000
