results3_8e3_rain/res_3e8f-0109.wd
ncols         241
nrows         181
xllcorner     12693529.787448
yllcorner     3542525.717860
cellsize      155.156523
NODATA_value  -9999.000000
[rows 132 to 164 of 181, columns 0 to 72 of 241]
94.130 99.129 103.129 103.128 105.127 105.125 99.124 90.122 76.119 65.116 64.113 65.110 64.105 63.101 68.096 82.090 93.083 98.075 98.066 95.055 87.042 78.027 69.009 62.985 67.955 69.920 68.879 69.834 67.795 62.760 76.725 99.692 66.665 0.000 0.000 0.000 6.308 58.300 70.294 67.269 69.247 75.231 93.225 79.222 63.223 62.225 62.229 74.235 95.241 36.247 9.254 4.271 0.000 0.000 0.000 0.000 0.000 0.000 0.000 0.000 0.000 0.000 0.000 0.000 25.992 5.913 9.835 50.734 73.588 77.486 77.377 87.462 114.926
72.134 74.134 77.133 83.132 93.131 99.130 104.128 104.126 97.123 83.121 72.117 66.113 70.109 77.104 90.099 105.093 104.086 101.078 101.068 104.058 104.045 100.030 88.012 75.990 67.964 62.934 63.902 62.868 63.836 71.807 93.781 101.759 13.746 0.000 0.000 0.000 16.316 44.324 62.355 71.348 72.330 69.308 70.304 80.301 75.298 68.294 72.290 80.286 93.284 34.282 20.279 26.287 6.296 0.000 0.000 0.000 0.000 0.000 0.000 0.000 0.000 0.000 0.000 0.000 8.070 0.000 57.859 79.779 75.657 84.627 75.689 115.051 103.808
64.139 64.138 64.138 66.137 71.136 75.135 82.133 91.131 99.128 102.125 96.122 94.118 96.114 99.109 98.103 91.097 82.090 80.082 80.073 85.062 91.050 98.036 101.019 99.999 88.977 78.952 73.926 71.899 80.874 96.851 97.832 83.819 16.813 0.000 0.000 0.000 0.000 0.000 45.453 72.440 51.416 39.369 54.382 69.380 84.373 88.363 90.350 91.338 87.326 14.317 1.299 29.302 26.306 14.309 20.311 14.311 0.000 0.000 0.000 0.000 0.000 0.000 42.294 12.242 78.148 100.081 132.933 88.905 83.955 64.910 100.974 105.487 105.393
65.144 65.144 65.143 65.142 64.141 63.140 65.138 70.136 76.133 86.130 96.127 98.123 91.119 81.114 75.108 67.102 63.095 63.088 63.079 65.069 70.057 76.044 83.028 95.011 99.992 101.972 100.950 96.929 99.909 92.892 74.879 66.871 45.873 3.897 0.000 0.000 0.000 0.000 38.564 71.542 14.524 0.000 47.475 72.465 91.451 99.433 85.412 88.387 74.367 32.354 0.000 56.316 25.315 17.312 28.311 28.311 0.000 0.000 0.000 0.000 0.000 29.402 48.347 121.285 150.206 133.086 116.638 115.581 107.251 105.889 105.763 105.630 70.852
65.149 65.149 65.148 65.148 65.146 65.145 65.143 64.141 64.139 67.136 73.132 72.129 68.124 64.119 64.114 64.108 65.101 65.094 65.086 65.076 64.066 63.054 65.040 71.025 78.009 86.992 94.975 90.958 79.943 67.929 63.919 68.913 76.913 52.920 30.922 30.906 16.869 17.806 53.699 74.639 24.616 6.624 66.579 98.555 100.533 79.508 82.475 81.433 69.400 58.378 9.355 37.332 11.325 0.064 12.312 0.000 1.922 0.000 0.000 0.000 0.000 10.460 73.404 79.321 75.306 76.464 74.436 106.225 106.119 106.008 73.204 75.981 77.850
65.155 65.155 65.154 65.153 65.152 65.151 65.149 65.147 65.145 65.142 64.139 64.135 64.130 65.125 65.120 65.114 65.108 65.102 65.094 65.085 65.076 65.065 65.053 64.041 63.027 64.013 67.999 65.986 64.973 68.963 71.955 70.950 68.948 70.946 70.941 67.926 67.896 71.850 46.785 32.700 21.676 39.677 84.661 98.642 78.619 71.590 70.549 50.468 46.423 9.402 0.000 0.000 0.145 2.205 0.000 0.000 5.922 20.896 35.848 5.780 19.695 82.543 89.528 87.598 85.582 86.661 106.422 106.326 87.454 94.244 87.097 92.868 84.709
65.161 65.161 65.160 65.159 65.158 65.157 65.156 65.154 65.151 65.149 65.145 65.141 65.137 65.132 65.127 65.122 65.116 65.110 65.103 64.096 71.087 73.078 65.068 64.057 63.045 64.034 66.023 69.012 72.002 70.994 65.988 66.984 73.981 76.977 72.971 66.959 63.940 72.915 3.890 0.000 6.712 79.747 88.747 75.732 67.710 87.684 33.663 0.000 0.000 0.151 1.213 1.214 1.211 2.208 0.000 0.000 30.949 72.918 101.869 62.803 95.684 103.839 100.799 99.888 106.693 106.606 106.516 99.540 101.417 101.114 99.975 98.906 16.821
65.167 65.167 65.166 65.166 65.165 65.164 65.162 65.160 65.158 65.156 68.153 68.149 66.144 70.138 68.133 65.129 65.125 65.119 64.114 62.107 73.099 81.091 67.082 64.073 66.064 69.054 71.046 70.037 67.030 69.024 74.019 76.016 77.014 77.011 72.007 66.000 74.990 93.979 12.970 0.000 0.000 53.854 76.846 73.830 77.804 97.775 31.755 0.000 1.212 1.212 1.214 1.218 1.213 3.210 0.000 29.061 81.009 96.955 99.884 104.880 102.043 99.032 106.929 106.854 106.776 98.853 99.638 100.511 100.191 100.162 93.094 70.000 0.000
65.173 65.173 65.173 65.172 65.171 65.170 65.169 65.168 65.166 66.164 73.161 73.157 50.152 18.143 39.139 69.137 63.134 66.130 72.125 75.119 75.112 71.105 67.098 68.090 71.082 70.075 69.068 71.062 75.056 75.052 77.050 76.048 67.047 62.046 64.045 77.043 96.041 106.040 28.041 0.000 0.000 28.968 84.956 86.936 93.904 92.855 28.827 0.000 1.212 0.000 0.230 1.229 0.000 7.210 33.179 77.121 99.037 102.051 101.138 101.139 100.231 107.071 107.001 99.060 99.860 100.722 100.508 100.364 100.320 92.253 84.212 0.000 0.000
65.180 65.180 65.180 65.179 65.178 65.178 65.177 65.175 65.174 67.172 76.170 87.167 63.164 0.158 6.142 54.146 80.144 72.141 70.136 70.131 68.126 67.120 69.113 71.107 69.101 65.095 67.089 79.085 81.082 71.079 65.079 62.079 62.080 67.082 81.084 97.087 94.092 78.099 50.114 18.149 12.145 56.093 85.073 67.056 58.019 49.915 14.871 0.000 0.000 20.246 11.245 1.240 0.000 26.244 77.211 99.123 101.316 100.306 100.414 107.269 107.205 107.139 99.123 101.007 100.719 100.593 100.538 100.465 94.389 81.326 71.289 0.000 0.000
65.187 65.187 65.186 65.186 65.186 65.185 65.184 65.183 65.182 67.181 77.179 64.177 20.174 2.180 0.000 22.159 76.157 68.153 70.149 69.144 67.139 70.134 71.129 68.124 65.119 61.114 71.110 85.107 72.105 62.105 63.106 68.109 78.112 89.117 100.123 93.130 71.139 66.151 85.167 92.187 93.194 97.187 72.188 33.194 5.201 0.000 0.000 0.000 0.000 33.247 20.248 0.340 31.353 77.286 99.302 101.488 100.503 107.443 107.387 107.330 99.393 100.191 101.080 100.778 100.763 100.703 100.627 101.536 89.456 60.370 49.330 7.330 1.330
64.194 64.194 65.193 65.193 65.193 65.193 65.192 65.191 65.191 68.190 78.189 49.188 0.000 8.187 46.185 48.175 65.170 67.166 55.162 37.158 75.154 70.149 66.145 65.140 63.136 65.132 81.130 84.128 66.128 69.130 81.133 90.138 99.144 97.151 85.160 71.170 64.183 80.199 84.217 72.238 53.256 51.273 39.297 19.333 8.391 2.524 0.713 20.779 15.782 0.000 0.000 25.433 77.453 100.553 101.570 99.679 107.548 107.496 99.558 100.369 101.246 101.053 100.930 100.906 100.853 100.801 103.731 67.598 47.527 0.000 0.000 0.000 0.000
73.202 71.201 68.200 66.200 63.200 63.200 63.200 63.200 62.199 67.199 79.198 62.198 43.200 51.196 69.192 65.187 62.183 68.179 63.175 50.171 70.168 64.164 63.160 63.157 65.153 79.150 87.148 53.148 45.149 95.153 100.159 95.166 84.174 74.184 66.195 62.208 73.224 85.243 53.265 28.291 11.319 2.352 19.394 18.448 8.522 9.624 12.736 40.788 24.785 0.000 0.000 57.687 99.715 98.834 107.694 107.647 107.598 99.596 101.489 101.213 101.105 101.074 103.030 97.979 99.949 100.921 111.898 0.000 0.000 0.000 0.000 0.000 0.000
74.210 76.209 82.207 83.206 83.207 80.208 81.209 80.208 79.208 79.208 81.207 64.207 68.207 67.204 64.201 67.198 67.194 66.191 71.188 73.185 67.182 61.179 63.176 65.173 79.170 84.167 73.165 67.165 76.168 99.174 82.183 73.193 65.203 63.215 65.228 64.244 78.263 87.285 51.311 27.341 15.378 17.422 20.477 12.545 13.625 19.715 21.800 14.852 0.000 0.000 35.919 77.930 107.822 107.781 107.739 99.833 100.637 101.535 101.243 101.239 102.196 102.150 75.105 53.042 88.040 102.034 107.043 47.101 0.000 0.000 0.000 0.000 0.000
67.219 61.217 14.212 16.211 25.215 72.217 69.217 69.217 69.217 73.217 82.216 63.216 64.215 63.213 66.211 70.209 71.206 69.204 68.201 71.199 72.197 69.194 63.192 80.189 86.186 77.183 83.180 100.179 97.183 79.192 67.206 63.219 65.231 65.244 64.259 69.277 85.298 87.322 79.351 82.386 53.428 15.482 7.549 6.629 18.717 25.809 15.898 12.971 4.998 31.120 79.104 107.897 107.861 99.977 100.785 101.671 101.483 101.368 101.352 102.305 100.263 94.222 19.201 0.000 70.136 105.133 102.139 101.159 0.000 0.000 0.000 0.000 0.000
65.230 57.230 0.000 0.000 7.226 68.226 64.226 64.227 64.226 68.226 82.226 60.225 64.224 68.223 70.221 71.220 68.218 65.216 63.214 65.213 75.211 88.209 83.208 84.206 61.203 55.199 107.193 93.190 60.193 20.205 40.230 68.245 65.258 65.272 67.287 60.306 44.329 34.355 46.386 86.422 62.468 15.529 10.608 5.706 14.804 19.908 14.015 19.107 19.194 57.271 107.951 99.168 102.906 101.810 101.623 101.512 101.488 101.452 102.409 102.372 67.332 43.276 29.274 32.280 83.236 104.221 100.221 91.236 9.271 0.000 0.000 0.000 0.000
65.241 65.243 48.248 0.000 8.236 69.236 65.236 65.236 64.236 65.235 80.235 67.235 70.234 72.233 71.232 66.231 63.230 64.228 64.227 63.226 73.225 96.225 92.224 79.223 72.221 63.216 39.201 28.195 15.194 0.000 21.266 70.273 65.284 67.297 50.313 24.331 9.357 6.384 48.414 65.450 34.492 6.557 9.649 14.782 21.887 18.003 12.146 5.290 8.621 56.518 108.020 102.056 101.817 101.638 101.622 101.586 101.545 101.507 99.472 90.440 23.417 0.000 40.341 99.330 104.307 102.294 96.290 86.295 4.305 0.000 0.000 0.000 0.000
62.251 64.251 61.253 0.000 4.246 69.246 64.246 62.245 64.245 68.245 72.244 71.244 71.244 69.243 63.243 64.242 64.241 65.241 65.240 70.240 88.240 87.240 80.241 89.242 87.243 58.244 0.000 0.000 0.000 0.000 19.293 70.298 65.308 68.321 39.336 1.359 35.384 61.409 81.439 50.469 2.495 0.000 0.000 3.885 13.958 14.076 14.243 8.589 5.616 108.214 108.119 100.964 101.809 101.709 101.675 101.636 101.599 103.563 88.530 71.500 31.478 7.466 55.418 85.391 94.370 103.356 92.349 81.348 3.350 0.000 0.000 0.000 0.000
69.259 67.260 56.260 0.000 55.256 63.256 65.255 69.255 70.255 71.254 69.254 70.254 68.254 64.253 64.253 65.253 65.253 64.253 66.253 89.253 88.254 70.255 83.257 81.260 85.264 83.273 46.294 2.308 11.316 41.319 46.315 66.320 65.329 65.342 60.359 52.381 69.404 68.431 62.461 84.494 32.524 0.000 0.000 7.916 12.984 11.092 12.230 36.432 60.865 108.302 103.294 103.039 102.779 101.765 101.725 101.688 102.651 100.616 55.583 32.554 44.528 45.504 99.473 101.447 81.427 91.412 86.402 59.398 24.396 0.000 0.000 0.000 0.000
70.267 71.267 68.268 56.270 70.267 70.265 70.265 71.264 71.264 72.264 84.264 66.263 64.264 64.264 65.264 65.264 65.264 66.265 80.265 91.266 66.268 70.269 97.272 89.276 77.282 80.290 83.302 67.313 72.321 87.326 80.329 68.336 61.346 61.359 72.376 88.396 75.420 47.448 19.481 74.523 63.582 12.682 15.777 20.879 16.971 8.081 10.168 51.463 103.713 108.383 100.274 102.924 103.852 101.813 101.775 101.738 94.702 84.667 41.634 12.604 21.576 22.549 83.522 125.497 106.477 82.462 74.451 53.444 62.442 15.442 0.000 1.601 5.601
75.274 75.275 71.275 71.276 71.275 72.274 72.274 68.274 65.274 64.274 27.273 17.272 68.274 65.274 65.275 65.275 64.276 67.276 91.277 77.279 62.281 68.283 85.286 102.290 97.296 94.303 92.312 88.321 84.328 83.335 91.341 88.349 82.359 78.372 81.389 85.409 47.432 11.460 10.492 26.533 22.600 7.686 16.770 26.852 22.942 14.060 7.220 50.466 108.534 108.460 103.169 105.011 101.897 101.864 102.825 98.787 82.751 75.716 81.683 87.651 71.622 93.594 108.568 125.544 134.524 118.507 80.495 85.488 60.484 0.000 0.000 0.000 0.000
14.282 15.282 75.282 70.283 70.283 65.283 62.283 64.283 59.283 12.283 12.284 1.284 69.285 65.285 65.286 65.286 65.287 83.288 90.289 63.291 65.293 65.296 68.299 74.304 76.309 76.315 72.322 75.330 91.337 84.343 75.351 78.359 85.370 89.383 92.398 89.418 64.440 29.467 12.495 11.518 0.000 0.709 11.767 20.817 4.879 0.000 20.403 80.642 108.604 100.517 104.238 103.973 101.955 101.912 102.873 97.835 84.798 50.763 57.729 100.697 111.667 143.638 134.611 106.587 94.566 111.549 90.535 84.527 59.523 0.000 0.000 0.000 0.000
1.292 10.291 24.288 79.291 64.292 62.292 64.292 64.293 65.293 12.293 3.294 58.296 66.295 65.296 65.296 65.297 67.298 91.299 76.301 62.303 65.305 65.308 65.312 64.316 64.321 64.326 63.332 70.339 99.345 78.352 9.359 17.367 29.378 80.390 90.405 74.423 79.445 66.473 18.502 15.526 0.607 5.683 18.724 10.770 0.000 0.000 38.555 108.741 108.673 103.399 105.136 101.042 102.001 101.960 101.920 101.882 88.844 51.809 66.774 103.741 99.710 133.680 128.652 97.627 102.604 88.586 69.571 87.561 65.557 0.000 0.000 0.000 0.000
63.303 59.302 0.000 71.301 81.301 82.301 63.301 75.302 82.302 58.303 56.304 66.305 65.305 65.306 65.307 65.308 84.309 88.310 63.312 65.314 64.317 63.320 65.323 65.327 65.332 65.337 64.342 72.348 101.354 82.360 28.366 1.375 52.385 77.395 90.408 69.423 59.444 18.477 11.514 14.549 12.598 20.647 24.675 0.000 0.000 17.489 79.727 108.807 100.661 104.377 104.117 102.094 102.048 102.007 101.966 102.927 93.889 82.853 105.818 130.784 118.751 135.720 132.691 126.664 133.639 99.618 76.602 86.591 94.587 23.596 0.000 0.000 0.000
65.311 64.312 59.314 65.311 64.310 12.310 86.310 78.311 65.311 66.312 66.313 65.314 65.315 65.316 65.317 68.318 91.320 74.321 64.323 65.325 71.328 79.331 65.334 63.338 65.342 64.347 67.352 91.357 99.362 74.368 62.374 50.382 72.389 71.398 32.408 17.419 14.431 0.000 3.530 3.558 4.596 5.632 7.653 0.000 20.588 77.716 99.865 108.870 101.623 102.261 102.182 102.137 102.094 102.051 102.011 102.971 93.933 76.896 72.860 105.825 95.791 109.759 112.728 100.698 102.671 74.647 51.627 65.613 132.606 85.605 20.606 10.605 32.604
65.319 65.319 65.320 65.319 65.319 59.319 75.319 91.320 67.321 64.321 65.322 65.324 65.325 65.326 64.327 87.329 89.330 63.332 65.334 66.336 63.339 25.342 84.345 79.349 66.353 64.357 82.361 101.366 85.370 65.376 65.381 66.387 69.393 73.399 10.406 11.413 0.000 0.509 15.516 0.000 0.000 0.000 0.000 0.000 43.726 100.868 108.992 108.932 101.509 102.339 102.220 102.181 102.137 102.095 102.054 101.014 85.976 87.938 107.901 126.865 125.830 130.796 135.763 122.731 120.699 107.670 56.646 54.628 130.617 94.612 32.608 25.605 90.603
65.326 65.326 65.327 65.327 65.327 65.327 65.328 76.329 91.330 67.331 64.332 65.333 65.334 63.336 71.337 92.339 72.341 64.342 66.344 64.345 6.349 3.353 72.356 73.359 79.363 78.366 86.370 85.374 66.378 64.383 66.387 69.392 74.396 74.399 0.000 0.000 0.000 2.501 26.504 13.500 14.499 13.499 0.000 4.966 52.041 106.099 109.050 100.853 102.561 102.293 102.271 102.223 102.180 102.137 102.096 102.056 88.017 83.979 104.941 105.904 105.868 108.833 108.797 107.762 112.726 85.689 61.658 76.637 91.624 30.617 0.000 0.000 34.602
65.334 67.334 67.333 65.334 65.335 65.336 65.337 65.337 76.338 91.340 67.341 62.343 62.344 79.346 91.348 85.349 62.351 65.353 61.354 7.353 4.360 58.364 65.367 65.370 71.373 88.376 88.379 81.383 74.386 66.390 53.393 23.397 88.400 68.402 0.000 0.000 0.000 1.496 15.498 8.498 22.498 11.498 0.000 5.185 25.243 109.164 109.107 101.722 102.451 102.354 102.310 102.265 102.221 102.179 102.137 103.097 98.058 88.019 82.981 81.943 81.906 81.869 81.832 85.794 59.753 3.701 29.661 85.639 81.625 42.616 4.610 0.000 33.601
66.342 3.341 4.339 65.342 64.343 63.344 63.345 62.346 62.347 75.349 90.350 83.352 90.354 92.356 79.358 63.360 70.362 70.364 58.366 0.000 6.373 69.375 65.378 67.380 91.383 98.385 76.388 67.391 74.394 81.397 69.400 5.402 48.405 66.406 0.000 0.000 0.000 2.490 8.493 5.496 19.497 0.000 0.000 5.373 10.727 109.219 106.978 102.684 102.423 102.397 102.349 102.304 102.261 102.219 102.178 102.137 103.098 102.059 100.020 98.981 98.942 99.905 101.867 75.830 17.792 0.000 14.646 70.632 101.620 92.611 65.605 41.600 58.600
65.350 64.350 0.000 64.351 75.352 79.353 83.353 88.354 91.356 92.357 92.359 92.361 78.363 65.366 81.368 98.370 99.373 99.376 92.379 70.386 5.385 66.386 64.388 73.390 101.392 88.395 65.397 64.399 66.402 69.404 60.406 5.409 25.411 25.413 0.000 0.000 0.000 8.482 3.488 0.000 2.497 0.000 13.321 14.672 5.809 109.271 110.927 106.561 102.479 102.433 102.387 102.343 102.300 102.258 102.217 102.177 102.138 102.098 102.059 102.019 102.978 105.940 77.903 10.867 0.000 0.000 0.000 15.622 71.612 102.603 93.598 69.596 46.598
65.359 67.359 63.363 65.361 80.360 79.361 75.362 71.363 70.364 66.366 87.368 77.370 88.373 79.375 95.378 91.380 84.383 85.386 96.390 102.394 91.395 92.397 84.399 92.400 100.402 73.404 64.406 65.407 65.409 64.411 64.413 66.415 61.417 10.421 70.428 61.434 0.451 2.470 0.000 0.000 0.000 4.122 82.219 79.437 109.367 109.320 104.805 105.629 102.509 102.469 102.424 102.380 102.338 102.296 102.256 102.216 102.177 102.138 102.098 104.057 109.012 77.975 17.939 0.000 0.000 0.000 0.000 0.000 12.602 63.593 98.588 48.586 0.000
67.366 3.366 62.368 65.368 65.368 65.369 64.369 65.370 67.372 65.374 77.377 72.380 81.382 92.385 80.388 65.391 66.394 67.397 68.400 73.403 86.406 96.408 102.409 100.411 89.412 65.413 65.414 65.416 65.417 65.418 66.419 89.421 62.423 2.426 66.430 16.437 10.448 3.459 0.000 0.000 0.000 14.054 102.263 104.462 109.411 103.143 102.842 102.575 102.552 102.503 102.459 102.416 102.374 102.334 102.294 102.255 102.216 102.178 104.140 89.098 43.039 10.007 0.000 0.000 0.000 0.000 0.000 0.000 0.000 34.578 96.576 48.575 0.000
68.374 1.374 62.375 65.375 65.376 65.376 65.377 66.378 4.378 64.383 68.386 79.389 79.392 87.395 92.398 78.401 63.404 63.407 63.411 65.414 67.416 68.418 69.420 69.421 68.422 67.423 63.423 63.424 64.425 65.425 76.426 90.426 61.427 55.428 57.430 0.000 0.000 3.459 0.000 0.000 0.000 18.090 101.201 109.495 109.453 101.998 102.724 102.626 102.582 102.536 102.493 102.451 102.410 102.370 102.331 102.293 102.255 102.219 107.185 63.158 0.000 0.000 0.000 0.000 0.000 0.000 0.000 0.000 0.000 37.564 97.564 56.562 0.000
