results3_8e3_rain/res_3e8f-0138.wd
ncols         241
nrows         181
xllcorner     12693529.787448
yllcorner     3542525.717860
cellsize      155.156523
NODATA_value  -9999.000000
[rows 132 to 164 of 181, columns 0 to 72 of 241]
95.286 100.286 104.286 104.285 106.284 106.283 100.281 91.279 77.277 66.275 65.272 66.269 65.265 64.261 69.256 83.251 94.245 99.238 99.229 96.220 88.208 79.195 70.178 64.157 69.129 71.097 70.060 71.019 68.984 63.952 77.920 100.889 67.864 0.000 0.000 0.000 7.598 59.591 71.585 68.564 70.547 76.536 94.535 80.539 64.546 63.556 63.568 75.583 96.599 37.616 10.637 5.669 0.000 0.000 0.000 0.000 0.000 0.000 0.000 0.000 0.000 0.000 0.267 0.030 27.087 7.011 10.935 51.837 74.695 78.596 78.488 88.575 116.041
73.291 75.290 78.290 84.289 94.288 100.287 105.285 105.283 98.281 84.279 73.276 67.272 71.269 78.264 91.260 106.254 105.248 102.240 102.232 105.222 105.211 101.197 89.181 77.161 69.138 64.111 65.081 64.050 65.022 72.995 94.972 102.952 14.939 0.000 0.000 0.000 17.605 45.612 63.639 72.635 73.621 70.607 71.608 81.612 76.616 69.621 73.627 81.635 94.645 35.657 21.674 27.702 7.731 0.000 0.000 0.000 0.000 0.000 0.000 0.000 0.000 0.000 0.000 0.000 9.164 0.000 58.959 80.881 76.762 85.735 76.799 116.163 104.922
65.295 65.295 65.294 67.294 72.293 76.291 83.290 92.288 100.286 103.283 97.280 95.277 97.273 100.269 99.264 92.258 83.252 81.245 81.236 86.227 92.215 99.203 102.187 101.170 90.150 80.127 75.104 73.079 82.057 98.036 99.019 85.007 18.002 0.000 0.000 0.000 0.000 0.000 46.725 73.715 52.697 40.661 55.679 70.684 85.685 89.685 91.685 92.686 88.689 15.695 2.700 30.732 27.760 15.792 21.811 15.821 0.000 0.000 0.000 0.000 0.000 0.000 43.382 13.332 79.241 101.176 134.031 90.006 85.058 66.016 102.082 106.601 106.509
66.300 66.299 66.299 66.298 65.297 64.296 66.294 71.293 77.290 87.288 97.285 99.281 92.278 82.273 76.268 68.263 64.257 64.250 64.242 66.233 71.222 77.210 84.196 96.181 101.164 103.145 102.126 98.107 101.089 94.074 76.062 68.056 47.059 5.082 0.000 0.000 0.000 0.000 39.820 72.803 15.791 0.000 48.764 73.760 92.755 100.749 86.741 89.734 75.730 33.731 0.000 57.767 26.785 18.804 29.821 29.832 0.881 0.000 0.000 0.000 0.000 30.486 49.433 122.374 151.297 134.179 117.734 116.680 108.352 106.992 106.870 106.741 71.963
66.305 66.304 66.304 66.303 66.302 66.301 66.299 65.298 65.295 68.293 74.290 73.287 69.283 65.279 65.274 65.268 66.263 66.256 66.248 66.240 65.230 64.219 66.207 72.194 79.179 88.164 96.148 92.133 81.120 69.108 65.099 70.095 78.097 54.104 32.110 32.100 18.072 19.021 54.933 75.887 25.872 7.885 67.852 99.837 101.826 80.814 83.798 82.777 70.768 59.770 10.777 38.785 12.810 0.866 13.837 0.859 2.924 0.931 0.000 0.000 0.000 11.541 74.488 80.408 76.396 77.556 75.531 107.319 107.216 107.108 74.308 77.086 78.959
66.310 66.310 66.309 66.309 66.308 66.306 66.305 66.303 66.301 66.298 65.296 65.292 65.288 66.284 66.280 66.275 66.269 66.263 66.256 66.248 66.239 66.230 66.219 65.208 64.195 65.183 69.170 67.158 66.148 70.139 73.132 72.129 70.128 72.129 72.127 69.117 69.094 73.058 48.006 33.939 22.925 40.930 85.922 99.911 79.899 72.883 71.859 51.810 47.793 10.802 0.000 0.000 1.048 3.075 0.000 0.000 6.950 21.937 36.900 6.841 20.764 83.621 90.610 88.683 86.670 87.751 107.511 107.417 88.551 95.343 88.198 93.972 85.815
66.315 66.315 66.315 66.314 66.313 66.312 66.311 66.309 66.307 66.304 66.302 66.298 66.295 66.290 66.286 66.282 66.277 66.271 66.265 65.258 72.250 74.241 66.232 65.222 64.212 65.202 67.192 70.182 73.174 72.167 67.162 68.159 75.158 78.157 74.153 68.145 65.131 74.111 5.092 0.000 7.958 80.991 89.994 76.987 68.974 88.959 34.947 0.000 0.000 1.081 2.140 2.145 2.132 3.122 0.000 0.000 31.988 73.964 102.924 63.865 96.754 104.915 101.879 100.971 107.775 107.691 107.603 100.633 102.512 102.212 101.074 100.007 17.925
66.321 66.321 66.321 66.320 66.319 66.318 66.317 66.315 66.313 66.311 69.308 69.305 67.301 71.297 69.293 66.289 66.284 66.280 65.274 63.268 74.261 82.253 68.246 65.237 67.229 70.221 72.213 71.205 68.199 70.194 75.191 77.189 78.187 78.186 73.184 67.180 76.173 95.165 14.158 0.000 0.000 55.080 78.077 75.068 79.052 99.034 33.022 0.000 2.144 2.140 2.155 2.165 2.152 4.160 0.000 30.101 82.053 98.005 100.941 105.945 103.114 100.107 108.004 107.931 107.855 99.941 100.727 101.602 101.284 101.258 94.191 71.100 0.000
66.327 66.327 66.327 66.326 66.325 66.324 66.323 66.322 66.320 67.318 74.315 74.312 51.308 19.303 40.299 70.296 64.293 67.289 73.284 76.279 76.273 72.266 68.259 69.252 72.246 71.239 70.233 72.227 76.223 76.220 78.218 77.217 68.217 63.217 65.217 78.217 97.216 107.217 29.218 0.000 0.000 30.173 86.166 88.154 95.134 94.101 30.085 0.000 2.149 0.197 1.206 2.206 0.000 8.206 34.199 78.157 100.083 103.105 102.199 102.206 101.302 108.142 108.074 100.143 100.944 101.808 101.596 101.453 101.412 93.346 85.306 0.000 0.000
66.333 66.333 66.333 66.332 66.332 66.331 66.330 66.329 66.327 68.325 77.323 88.320 64.316 1.313 7.304 55.305 81.302 73.299 71.295 71.290 69.285 68.279 70.273 72.268 70.262 66.257 68.252 80.248 82.245 72.244 66.243 63.244 63.246 68.248 82.251 98.254 95.259 79.267 51.281 19.312 13.312 57.273 86.260 68.250 59.226 51.153 16.132 0.400 0.292 21.260 12.254 2.247 0.000 27.260 78.239 100.163 102.366 101.364 101.477 108.333 108.272 108.208 100.202 102.088 101.802 101.678 101.624 101.553 95.479 82.417 72.381 0.000 0.000
66.340 66.339 66.339 66.339 66.338 66.338 66.337 66.336 66.335 68.333 78.331 65.329 21.324 3.326 0.000 23.316 77.313 69.310 71.306 70.302 68.297 71.292 72.288 69.283 66.278 62.274 72.271 86.268 73.267 63.267 64.268 69.271 79.274 90.279 101.284 94.291 72.299 67.310 86.325 93.343 94.351 98.348 73.351 34.360 6.369 0.000 0.572 0.593 0.000 34.268 21.275 1.341 32.368 78.311 100.338 102.534 101.557 108.501 108.448 108.392 100.467 101.268 102.158 101.858 101.844 101.785 101.712 102.622 90.544 61.461 50.421 8.421 2.421
65.346 65.346 66.346 66.345 66.345 66.345 66.344 66.343 66.343 69.341 79.340 50.339 0.000 9.336 47.336 49.329 66.325 68.321 56.317 38.314 76.310 71.306 67.302 66.298 64.294 66.291 82.288 85.287 67.287 70.289 82.292 91.296 100.302 98.308 86.316 72.325 65.336 81.350 85.367 73.385 54.401 52.416 40.437 20.468 9.520 3.628 1.711 21.741 16.753 0.000 0.000 26.440 78.477 101.587 102.614 100.730 108.603 108.553 100.629 101.441 102.320 102.128 102.007 101.984 101.932 101.882 104.814 68.683 48.614 0.000 0.000 0.000 0.000
74.353 72.353 69.352 67.352 64.352 64.352 64.352 64.351 63.351 68.350 80.349 63.349 44.351 52.346 70.343 66.339 63.336 69.332 64.329 51.326 71.323 65.319 64.316 64.313 66.309 80.307 88.305 54.304 46.306 96.309 101.314 96.320 85.328 75.336 67.346 63.358 74.371 86.388 54.406 29.428 12.452 3.479 20.513 19.557 9.614 10.687 13.748 41.776 25.764 0.000 0.000 58.716 100.751 99.878 108.743 108.698 108.651 100.665 102.559 102.285 102.178 102.148 104.106 99.056 101.026 101.999 112.977 0.000 0.000 0.000 0.000 0.000 0.000
75.361 77.360 83.358 84.357 84.358 81.359 82.359 81.359 80.359 80.358 82.358 65.357 69.357 68.355 65.352 68.349 68.347 67.344 72.341 74.338 68.336 62.333 64.330 66.327 80.324 85.322 74.320 68.320 77.322 100.327 83.335 74.344 66.353 64.363 66.375 65.388 79.404 88.422 52.444 28.469 16.499 18.535 21.579 13.632 14.693 20.758 22.815 15.850 0.000 0.000 36.958 78.971 108.866 108.827 108.787 100.898 101.704 102.603 102.312 102.309 103.267 103.222 76.179 54.117 89.116 103.110 108.119 48.176 0.000 0.000 0.000 0.000 0.000
68.369 62.368 15.363 17.362 26.366 73.367 70.367 70.367 70.367 74.367 83.366 64.366 65.365 64.363 67.361 71.359 72.357 70.355 69.353 72.351 73.349 70.347 64.344 81.342 87.339 78.336 84.333 101.333 98.336 80.344 68.356 64.367 66.377 66.389 65.402 70.416 86.434 88.454 80.477 83.505 54.540 16.583 8.637 7.700 19.767 26.837 16.904 13.960 5.984 32.125 80.137 108.937 108.903 101.039 101.849 102.736 102.549 102.436 102.421 103.374 101.334 95.294 20.273 0.000 71.211 106.207 103.213 102.233 0.000 0.000 0.000 0.000 0.000
66.380 58.380 0.000 0.000 8.375 69.376 65.376 65.376 65.376 69.375 83.375 61.374 65.374 69.372 71.371 72.369 69.368 66.366 64.365 66.363 76.362 89.360 84.359 85.357 62.354 56.350 108.345 94.342 61.345 21.355 41.377 69.390 66.401 66.413 68.427 61.442 45.460 35.481 47.506 87.536 63.572 16.621 11.684 6.762 15.840 20.921 15.004 20.076 20.158 58.265 108.989 100.228 103.967 102.872 102.686 102.577 102.553 102.518 103.477 103.440 68.401 44.347 30.345 33.351 84.309 105.294 101.295 92.309 10.343 0.000 0.000 0.000 0.000
66.390 66.391 49.396 0.000 9.385 70.385 66.385 66.385 65.384 66.384 81.384 68.383 71.383 73.382 72.381 67.380 64.379 65.378 65.377 64.376 74.375 97.374 93.373 80.373 73.371 64.366 40.353 29.347 16.346 0.000 22.408 71.415 66.424 68.436 51.449 25.465 10.484 7.506 49.531 66.559 35.593 7.644 10.718 15.825 22.909 19.002 13.115 6.223 9.531 57.500 109.055 103.116 102.878 102.700 102.685 102.650 102.610 102.572 100.538 91.507 24.484 0.000 41.411 100.400 105.379 103.365 97.362 87.367 5.377 0.000 0.000 0.000 0.000
63.399 65.400 62.401 0.000 5.394 70.394 65.394 63.393 65.393 69.393 73.393 72.392 72.392 70.391 64.391 65.390 65.389 66.389 66.388 71.388 89.388 88.388 81.388 90.389 88.390 59.391 0.000 0.000 0.000 0.000 20.433 71.437 66.445 69.456 40.470 2.486 36.505 62.527 82.551 51.576 3.597 0.000 0.000 4.911 14.970 15.065 15.197 9.485 6.304 109.241 109.151 102.022 102.869 102.770 102.736 102.699 102.662 104.627 89.595 72.566 32.544 8.534 56.486 86.461 95.440 104.427 93.420 82.419 4.421 0.000 0.000 0.000 0.000
70.407 68.407 57.408 0.000 56.403 64.403 66.403 70.402 71.402 72.402 70.402 71.401 69.401 65.401 65.400 66.400 66.400 65.400 67.400 90.400 89.401 71.402 84.403 82.406 86.410 84.417 47.436 3.447 12.454 42.457 47.453 67.456 66.463 66.474 61.488 53.504 70.523 69.546 63.571 85.598 33.622 0.000 0.000 8.938 13.995 12.085 13.198 37.368 61.776 109.326 104.349 104.097 103.838 102.824 102.785 102.749 103.713 101.679 56.648 33.619 45.594 46.571 100.540 102.515 82.496 92.482 87.473 60.468 25.467 0.000 0.000 0.000 0.000
71.414 72.415 69.415 57.417 71.413 71.412 71.411 72.411 72.411 73.411 85.411 67.411 65.410 65.410 66.410 66.410 66.411 67.411 81.411 92.412 67.413 71.415 98.417 90.420 78.425 81.433 84.443 68.452 73.459 88.463 81.465 69.470 62.478 62.489 73.503 89.519 76.539 48.562 20.589 75.623 64.670 13.749 16.825 21.908 17.986 9.082 11.156 52.442 104.688 109.406 101.329 103.980 104.909 102.872 102.835 102.798 95.763 85.729 42.697 13.668 22.641 23.615 84.588 126.565 107.546 83.531 75.521 54.514 63.512 16.512 0.000 2.675 6.675
76.422 76.422 72.422 72.422 72.421 73.421 73.420 69.420 66.420 65.420 28.420 18.420 69.420 66.420 66.420 66.421 65.421 68.422 92.422 78.424 63.425 69.427 86.430 103.433 98.438 95.445 93.452 89.459 85.466 84.471 92.476 89.482 83.490 79.501 82.515 86.531 48.551 12.574 11.601 27.634 23.686 8.754 17.816 27.885 23.963 15.070 8.227 51.475 109.552 109.480 104.222 106.066 102.953 102.921 103.883 99.846 83.811 76.777 82.745 88.715 72.686 94.659 109.634 126.611 135.591 119.576 81.565 86.557 61.554 0.000 0.000 0.000 0.000
15.429 16.429 76.428 71.429 71.429 66.429 63.429 65.428 60.428 13.429 13.429 2.429 70.429 66.430 66.430 66.431 66.431 84.432 91.433 64.435 66.437 66.439 69.442 75.445 77.450 77.455 73.461 76.468 92.473 85.479 76.485 79.492 86.500 90.511 93.524 90.540 65.559 30.582 13.606 12.628 0.000 1.763 12.801 21.851 5.907 0.000 21.423 81.665 109.621 101.566 105.291 105.027 103.010 102.968 103.930 98.893 85.857 51.823 58.791 101.759 112.730 144.702 135.677 107.653 95.633 112.617 91.604 85.596 60.593 0.000 0.000 0.000 0.000
2.437 11.436 25.433 80.436 65.437 63.437 65.437 65.437 66.437 13.437 4.438 59.438 67.439 66.439 66.440 66.441 68.442 92.443 77.444 63.446 66.448 66.450 66.453 65.457 65.461 65.466 64.471 71.476 100.482 79.487 10.493 18.500 30.508 81.518 91.530 75.545 80.564 67.588 19.615 16.643 1.688 6.738 19.771 11.811 0.000 0.000 39.580 109.753 109.688 104.448 106.187 102.095 103.055 103.015 102.976 102.939 89.903 52.868 67.835 104.803 100.772 134.744 129.717 98.693 103.671 89.653 70.640 88.631 66.628 0.646 0.000 0.000 0.000
64.445 60.445 0.000 72.445 82.445 83.445 64.445 76.445 83.446 59.446 57.447 67.447 66.448 66.449 66.450 66.450 85.452 89.453 64.454 66.456 65.458 64.461 66.464 66.467 66.471 66.475 65.480 73.485 102.490 83.495 29.500 2.507 53.514 78.522 91.533 70.546 60.563 19.591 12.623 15.651 13.684 21.716 25.736 0.000 0.000 18.504 80.751 109.817 101.706 105.426 105.167 103.145 103.101 103.060 103.021 103.983 94.947 83.911 106.877 131.844 119.813 136.783 133.755 127.729 134.706 100.686 77.670 87.660 95.657 24.664 0.000 0.000 0.000
66.453 65.454 60.457 66.454 65.454 13.453 87.454 79.454 66.454 67.455 67.456 66.456 66.457 66.458 66.459 69.460 92.461 75.463 65.464 66.466 72.469 80.471 66.474 64.477 66.481 65.485 68.489 92.493 100.498 75.502 63.507 51.513 73.519 72.525 33.533 18.542 15.553 0.000 4.633 4.655 5.682 6.707 8.721 0.000 21.575 78.721 100.886 109.878 102.668 103.309 103.230 103.187 103.145 103.104 103.065 104.026 94.989 77.953 73.918 106.885 96.852 110.821 113.791 101.763 103.737 75.714 52.695 66.682 133.675 86.675 21.677 11.677 33.677
66.461 66.461 66.462 66.462 66.461 60.461 76.462 92.462 68.463 65.464 66.464 66.465 66.466 66.467 65.469 88.470 90.471 64.473 66.474 67.476 64.478 26.481 85.484 80.487 67.490 65.494 83.498 102.501 86.505 66.509 66.514 67.518 70.523 74.527 11.533 12.538 0.000 1.616 16.620 0.000 0.000 0.000 0.000 0.000 44.696 101.861 109.995 109.938 102.553 103.385 103.268 103.231 103.188 103.147 103.107 102.068 87.031 88.994 108.959 127.924 126.890 131.857 136.826 123.795 121.765 108.737 57.714 55.698 131.688 95.683 33.679 26.678 91.677
66.468 66.468 66.469 66.469 66.469 66.469 66.470 77.471 92.471 68.472 65.473 66.474 66.475 64.477 72.478 93.480 73.481 65.482 67.484 65.485 7.488 4.491 73.494 74.497 80.500 79.503 87.506 86.509 67.513 65.516 67.520 70.523 75.526 75.529 0.000 0.000 0.000 3.611 27.612 14.609 15.608 14.608 0.000 5.852 52.969 107.082 110.051 101.893 103.605 103.339 103.318 103.271 103.229 103.188 103.148 103.109 89.071 85.034 105.998 106.962 106.927 109.893 109.859 108.825 113.791 86.756 62.727 77.708 92.695 31.689 0.000 0.000 35.677
66.475 68.475 68.475 66.476 66.476 66.477 66.478 66.479 77.480 92.481 68.482 63.483 63.485 80.486 92.488 86.489 63.491 66.492 62.493 8.492 5.498 59.502 66.504 66.507 72.509 89.512 89.515 82.517 75.520 67.523 54.526 24.529 89.531 69.533 0.000 0.000 0.000 2.607 16.607 9.607 23.607 12.608 0.000 6.030 26.110 110.160 110.106 102.762 103.494 103.398 103.355 103.312 103.269 103.228 103.188 104.149 99.111 89.073 84.036 83.000 82.964 82.928 82.893 86.857 60.817 4.768 30.731 86.710 82.697 43.690 5.685 0.000 34.676
67.483 4.482 5.480 66.483 65.484 64.485 64.486 63.487 63.488 76.489 91.490 84.492 91.494 93.495 80.497 64.499 71.501 71.503 59.504 0.000 7.511 70.512 66.514 68.516 92.519 99.521 77.523 68.525 75.528 82.530 70.532 6.535 49.537 67.538 0.000 0.000 0.000 3.601 9.603 6.606 20.607 0.000 0.000 6.151 11.487 110.213 108.014 103.725 103.465 103.441 103.394 103.350 103.308 103.267 103.228 103.188 104.150 103.112 101.074 100.037 100.000 100.963 102.927 76.891 18.854 0.000 15.717 71.704 102.694 93.686 66.681 42.677 59.676
66.490 65.491 0.491 65.492 76.492 80.493 84.494 89.495 92.496 93.497 93.499 93.501 79.502 66.504 82.507 99.509 100.511 100.514 93.517 71.523 6.522 67.523 65.524 74.526 102.528 89.530 66.531 65.533 67.535 70.537 61.539 6.541 26.543 26.545 0.000 0.000 0.000 9.594 4.599 0.000 3.607 0.000 14.134 15.419 6.204 110.263 111.964 107.601 103.520 103.475 103.431 103.388 103.346 103.306 103.266 103.227 103.189 103.151 103.112 103.074 104.035 106.998 78.962 11.927 0.000 0.000 0.000 16.696 72.688 103.681 94.676 70.674 47.675
66.498 68.499 64.501 66.500 81.500 80.500 76.501 72.502 71.504 67.505 88.507 78.509 89.511 80.514 96.516 92.518 85.521 86.524 97.527 103.530 92.532 93.533 85.534 93.536 101.537 74.538 65.540 66.541 66.543 65.544 65.546 67.547 62.549 11.553 71.560 62.567 1.574 3.582 0.000 0.000 0.000 5.036 83.107 80.318 110.357 110.311 105.841 106.668 103.550 103.511 103.467 103.424 103.383 103.343 103.304 103.265 103.227 103.189 103.151 105.111 110.068 79.031 18.996 0.000 0.000 0.000 0.000 0.000 13.680 64.673 99.669 49.667 0.000
68.505 4.506 63.507 66.507 66.507 66.508 65.509 66.510 68.511 66.513 78.515 73.518 82.520 93.523 81.525 66.528 67.531 68.534 69.537 74.539 87.541 97.543 103.544 101.545 90.546 66.547 66.548 66.549 66.550 66.551 67.552 90.553 63.555 3.557 67.562 17.567 11.573 4.577 0.000 0.000 0.000 14.995 103.203 105.409 110.401 104.175 103.880 103.613 103.591 103.544 103.501 103.459 103.419 103.379 103.341 103.303 103.265 103.229 105.191 90.151 44.094 11.062 0.000 0.079 0.010 1.660 8.658 0.000 0.000 35.661 97.660 49.659 0.000
69.512 2.512 63.513 66.513 66.514 66.515 66.516 67.517 5.519 65.521 69.524 80.526 80.529 88.531 93.534 79.537 64.540 64.544 64.547 66.549 68.551 69.553 70.554 70.555 69.556 68.556 64.557 64.557 65.558 66.558 77.558 91.558 62.559 56.560 58.562 0.000 0.000 4.577 0.000 0.000 0.000 19.061 102.177 110.485 110.443 103.032 103.760 103.664 103.621 103.577 103.534 103.493 103.454 103.415 103.377 103.340 103.303 103.268 108.235 64.209 0.000 0.000 1.412 0.000 0.069 0.121 3.659 0.000 0.000 38.651 98.650 57.649 0.000
