results3_8e3_rain/res_3e8f-0085.wd
ncols         241
nrows         181
xllcorner     12693529.787448
yllcorner     3542525.717860
cellsize      155.156523
NODATA_value  -9999.000000
[rows 33 to 65 of 181, columns 146 to 218 of 241]
60.826 60.061 59.811 60.476 27.166 38.870 60.593 54.320 32.961 0.000 0.000 17.134 0.000 0.000 14.154 39.170 26.172 0.000 0.000 0.000 30.771 38.743 0.000 23.380 15.329 16.251 20.118 28.982 46.833 37.724 32.623 27.540 28.471 28.409 27.354 26.299 25.238 33.152 43.065 35.009 34.959 32.903 11.843 25.791 33.732 0.000 2.034 4.248 27.993 25.770 30.554 40.334 33.089 27.751 0.000 0.000 10.014 10.197 17.094 0.000 0.000 0.000 0.000 0.000 0.000 0.000 0.000 0.000 0.000 0.000 0.000 0.000 0.000
60.710 60.476 60.152 60.850 38.557 56.286 59.050 52.883 0.000 0.000 0.000 19.134 0.000 0.000 0.000 23.211 23.203 31.192 0.000 43.873 31.799 18.715 27.591 18.449 16.346 16.241 15.121 16.995 44.868 42.755 42.653 44.563 37.485 39.416 38.351 38.289 38.224 39.153 43.084 41.026 41.975 36.928 13.886 12.858 0.000 0.000 0.000 10.128 17.961 12.763 18.558 31.358 31.183 29.048 0.000 0.000 0.000 15.714 0.000 0.000 0.000 0.000 0.000 0.000 0.000 19.124 18.143 20.161 10.176 13.184 0.000 0.000 0.000
61.119 60.802 60.503 60.208 59.927 60.666 52.438 39.280 0.000 0.000 0.000 0.000 0.000 0.000 0.000 20.261 17.235 30.183 35.082 26.947 35.838 33.729 14.607 15.481 16.364 16.249 28.130 32.008 35.888 28.774 25.669 35.575 9.492 16.417 11.347 11.281 11.216 14.152 40.090 29.036 26.989 28.948 13.916 15.897 0.000 0.000 6.175 63.176 0.000 0.000 0.000 0.000 32.238 31.210 0.000 0.000 0.000 13.231 10.487 12.642 10.748 18.828 24.897 16.968 39.038 46.106 44.143 29.166 9.182 8.193 12.201 0.000 0.000
61.441 61.142 60.844 60.555 61.276 56.013 37.756 28.518 37.518 0.000 0.000 0.000 0.000 0.000 0.000 17.338 16.295 19.220 15.118 25.997 28.876 31.755 20.630 15.503 15.381 15.260 40.141 46.021 27.902 21.785 21.675 22.577 19.490 19.412 19.340 20.273 23.209 20.147 41.091 33.040 30.996 30.960 12.932 26.917 52.917 0.000 0.000 51.224 0.000 0.000 0.000 0.000 32.321 30.344 8.439 13.501 11.526 9.492 9.589 9.690 8.774 15.840 22.896 9.968 28.042 46.119 42.157 22.179 7.194 7.204 12.210 0.000 0.000
61.777 61.474 61.178 60.890 57.611 43.354 32.055 0.000 0.000 0.000 0.000 22.283 0.000 0.000 0.000 16.458 17.385 17.286 16.171 16.045 21.916 14.785 14.653 16.522 15.395 14.271 38.151 35.034 42.915 46.790 45.669 40.568 36.480 38.401 34.329 38.262 38.198 39.139 43.085 41.037 41.996 37.962 12.937 24.922 46.917 0.000 0.000 54.273 0.000 0.000 0.000 0.000 29.380 32.408 11.471 9.538 9.587 9.621 9.687 9.757 8.819 15.862 24.879 0.000 0.000 4.171 47.186 23.201 7.212 7.220 11.224 0.000 0.000
62.105 61.800 61.505 61.214 50.924 32.738 0.000 0.000 0.000 0.000 20.332 23.283 36.191 36.058 23.884 16.652 16.502 17.369 17.235 16.098 14.957 15.816 15.676 15.538 14.406 23.279 42.160 21.047 34.935 11.790 44.644 34.544 33.461 33.385 30.314 35.247 36.184 36.126 43.073 41.027 37.988 37.956 12.933 26.918 45.912 0.000 0.000 47.322 0.000 0.000 0.000 0.000 33.413 32.437 8.500 10.592 9.662 10.721 10.779 10.835 11.881 19.911 0.000 0.000 0.000 5.209 47.216 28.225 15.234 9.240 12.243 0.000 0.000
62.424 62.115 62.827 55.539 43.133 32.935 0.000 0.000 0.000 0.000 17.382 34.327 28.231 17.100 18.942 18.763 16.603 15.453 17.304 16.153 17.000 16.847 16.696 15.549 15.410 35.281 35.163 35.061 34.989 0.000 16.574 14.505 15.435 15.364 16.294 20.228 23.165 21.108 41.056 35.010 28.972 30.942 13.920 25.907 44.901 0.000 0.000 20.371 11.391 0.000 0.000 0.000 27.420 10.429 0.000 5.670 11.748 15.820 22.876 22.922 22.960 24.990 0.000 0.000 0.000 53.240 46.245 48.251 36.258 11.263 12.266 0.000 0.000
62.724 62.407 62.151 47.983 0.000 0.000 0.000 0.000 0.000 0.000 33.486 28.413 18.305 19.171 19.019 18.857 18.695 16.535 15.374 15.210 17.043 15.875 15.711 14.553 16.406 31.270 22.149 31.045 31.971 0.000 0.000 30.465 29.410 29.341 29.272 31.205 31.142 32.084 44.032 39.987 34.949 36.920 12.899 21.888 49.884 0.000 0.000 79.401 48.411 15.426 2.432 0.000 0.000 0.000 0.000 0.000 8.842 17.936 21.983 21.016 24.047 26.100 12.188 17.237 33.262 48.266 46.272 46.278 34.283 11.289 11.293 0.000 0.000
62.983 63.637 55.388 38.257 0.000 0.000 0.000 0.000 0.000 40.822 34.663 18.535 19.403 19.261 19.108 18.948 18.785 18.619 15.448 16.270 16.086 15.901 16.720 15.548 15.390 18.247 23.117 34.998 21.880 33.724 38.595 31.482 40.398 30.320 31.247 34.178 33.113 32.054 42.002 37.956 25.918 24.889 13.869 20.861 49.863 0.000 0.000 70.422 60.427 37.434 6.439 0.000 0.000 0.000 0.000 0.000 0.000 29.098 21.105 15.113 12.112 27.176 14.227 16.262 24.282 45.292 47.299 45.304 31.310 11.316 8.325 12.345 6.354
71.168 68.771 41.508 31.400 0.000 0.000 0.000 19.293 33.181 33.980 27.811 22.660 19.513 19.361 19.205 19.044 17.879 20.708 25.530 21.337 16.131 16.922 15.719 15.528 15.359 15.210 22.076 22.951 20.827 27.698 26.578 21.471 33.379 13.295 21.218 28.146 27.080 21.019 39.965 32.917 12.878 11.848 14.829 16.825 20.843 0.000 0.000 48.438 28.441 65.446 51.450 0.000 0.000 39.450 13.435 11.403 11.349 13.255 24.226 18.220 0.000 39.265 27.283 23.301 21.314 32.322 48.327 40.331 23.335 12.340 8.347 15.356 39.363
0.000 0.000 20.472 38.436 0.000 0.000 21.522 31.404 45.271 29.106 27.942 27.783 20.626 19.467 19.307 19.143 25.977 33.806 34.624 26.419 21.178 15.939 14.707 15.486 19.308 16.159 15.026 13.901 19.781 20.662 19.549 20.445 22.351 15.264 21.184 26.110 28.041 23.978 39.921 33.871 15.829 14.797 14.775 10.765 0.000 0.000 0.000 4.450 23.454 23.460 57.466 72.476 65.476 33.465 19.451 20.426 20.390 23.346 45.323 63.323 72.353 71.337 73.339 72.345 66.351 60.355 52.358 35.359 18.361 9.363 10.366 23.370 42.373
12.051 0.000 0.000 0.000 0.000 0.000 24.640 44.533 36.391 39.232 36.068 25.904 18.740 19.576 19.411 30.246 35.081 30.915 25.742 22.539 25.222 19.949 19.685 15.401 20.230 14.092 14.967 15.848 14.732 14.620 14.512 14.410 13.316 14.227 14.145 18.068 23.996 22.930 40.870 34.817 13.771 14.735 14.709 13.696 0.000 0.000 0.000 8.460 34.465 23.473 25.480 40.486 51.488 61.485 63.477 69.462 72.440 72.416 71.400 67.394 58.398 56.393 58.390 61.390 63.390 64.390 62.389 66.388 58.386 25.385 12.384 31.384 48.385
50.648 7.280 0.000 0.000 0.000 26.071 41.864 34.696 26.530 34.363 38.194 39.024 28.855 17.685 27.516 36.349 26.186 18.032 17.889 19.772 0.000 0.000 0.000 12.201 16.118 18.014 17.903 14.792 14.681 15.573 14.468 14.369 14.274 15.185 14.100 14.021 13.946 16.877 33.813 32.755 14.705 14.663 14.631 15.613 16.613 0.000 0.000 7.466 25.472 26.487 38.494 25.500 5.506 9.510 45.512 69.505 53.491 48.477 51.466 44.458 30.453 19.446 10.440 8.435 9.431 19.426 17.422 12.417 51.411 66.406 44.402 42.399 46.397
0.000 20.913 0.000 0.000 25.525 35.277 42.052 25.855 28.672 26.495 24.320 32.145 36.970 31.794 35.618 24.447 18.284 19.138 19.008 26.890 0.000 0.000 0.000 9.085 18.028 28.941 29.840 24.735 20.628 22.523 18.421 17.322 15.228 14.137 14.051 14.969 13.892 13.818 16.750 25.687 13.630 13.581 14.540 13.512 0.000 0.000 0.000 0.000 0.000 40.509 24.511 9.515 23.524 25.539 71.556 52.553 35.545 17.537 8.528 9.519 10.509 11.499 11.489 11.480 10.471 8.463 7.455 8.446 16.437 53.427 61.420 46.415 45.411
0.000 6.546 28.790 30.255 28.774 43.460 28.213 22.001 23.808 22.625 19.446 18.267 33.087 39.903 42.718 30.535 20.367 17.226 25.117 0.000 0.000 0.000 0.000 12.027 21.968 28.882 29.783 29.679 31.574 39.470 37.369 33.272 31.177 27.086 20.998 15.914 13.833 14.755 13.681 18.612 11.548 12.490 13.437 15.384 36.310 0.000 0.000 0.000 2.545 44.530 4.524 13.526 4.538 43.565 61.619 21.609 9.598 11.597 11.591 11.580 11.567 11.553 8.538 8.525 7.512 8.500 8.489 8.477 24.463 39.447 12.434 72.429 44.427
0.000 5.936 28.569 21.201 39.857 39.575 34.338 25.128 18.935 19.751 20.572 31.391 34.207 26.014 28.814 37.610 38.422 28.284 0.000 0.000 0.000 0.000 17.113 23.029 26.935 25.835 26.731 26.624 24.518 31.415 32.315 32.218 33.123 30.032 28.942 29.855 20.770 15.688 16.609 13.533 14.461 13.394 12.332 14.278 29.236 0.000 0.000 0.000 2.560 46.541 8.532 0.000 0.000 0.000 28.746 10.666 11.642 9.663 9.660 9.645 8.626 7.606 8.587 8.569 7.552 8.537 7.523 6.509 9.493 5.463 1.446 65.440 74.447
0.000 2.590 22.350 32.122 41.878 32.647 32.435 34.238 32.053 22.874 28.698 37.520 26.335 19.134 17.913 23.669 33.428 40.203 3.995 0.000 20.629 20.433 15.198 24.039 28.910 29.793 25.681 25.568 17.461 14.358 14.258 14.162 13.068 10.975 17.884 31.794 30.705 29.618 24.533 15.450 13.369 14.293 13.222 13.160 14.119 0.000 0.000 0.000 17.596 0.000 0.000 0.000 0.000 0.000 7.954 0.000 0.000 7.755 6.739 6.715 7.687 9.659 9.634 9.612 8.592 8.574 6.558 6.545 7.536 0.000 0.000 0.000 68.473
0.000 1.314 25.194 44.060 34.885 31.700 31.517 32.338 31.164 32.994 37.826 26.657 20.478 20.276 20.033 18.726 19.417 25.107 41.786 39.326 17.825 16.472 15.208 16.018 27.872 25.748 36.631 24.508 17.398 15.297 16.199 15.104 20.010 27.917 23.824 17.732 23.640 33.547 30.455 29.364 20.274 13.186 13.101 14.022 11.962 0.000 0.000 17.632 5.633 0.000 0.000 20.320 15.320 14.270 6.162 0.000 0.000 12.862 9.829 9.788 9.747 9.710 9.679 9.653 9.629 9.609 9.591 8.577 9.570 11.575 1.573 0.000 10.498
0.000 14.176 39.135 35.037 23.904 28.753 33.594 28.433 34.272 40.111 31.957 19.803 18.643 20.460 20.219 23.784 24.408 18.022 28.717 24.368 20.872 17.424 14.144 20.954 24.812 26.697 17.587 44.435 32.328 22.232 14.138 20.045 38.952 48.859 41.765 18.670 20.574 23.476 27.377 32.278 30.178 26.077 14.974 11.866 18.746 24.589 0.000 0.000 13.670 0.000 0.000 0.000 10.371 10.328 10.262 15.221 14.134 10.002 8.926 9.864 9.803 9.756 9.720 9.690 9.664 9.641 9.621 9.604 8.591 8.583 9.571 12.551 8.525
1.180 35.176 41.133 26.051 20.941 22.813 24.674 35.529 39.379 50.221 49.086 41.958 30.830 19.704 22.597 0.000 0.000 16.858 22.693 19.555 0.000 15.207 18.991 35.842 34.724 37.640 0.000 9.315 49.248 43.164 29.076 34.986 52.895 52.802 50.707 19.610 25.509 25.406 27.300 15.192 24.082 29.970 28.853 27.723 40.565 49.432 0.000 0.000 3.708 28.746 0.000 0.000 33.465 14.410 14.338 14.266 14.181 15.086 9.009 7.939 11.844 8.792 8.756 8.725 8.697 9.671 8.647 7.627 7.609 7.594 7.577 7.559 6.539
0.274 46.217 32.170 21.093 20.996 20.883 33.760 31.630 48.494 63.308 60.210 57.112 52.015 42.928 33.870 0.000 0.000 0.000 10.642 21.605 0.000 0.000 11.771 29.698 28.604 43.499 15.353 16.264 49.184 54.101 50.016 48.929 51.840 51.747 52.652 31.552 23.448 25.340 25.226 15.108 23.988 17.867 36.746 7.609 46.359 68.143 38.827 8.631 0.000 6.785 0.000 9.753 69.615 22.510 24.415 24.325 20.237 21.154 13.085 8.038 0.000 8.811 8.788 11.757 14.727 24.698 14.671 9.647 10.626 10.606 10.586 10.567 10.549
32.381 36.305 30.235 28.156 23.066 34.964 28.854 41.738 19.658 0.000 40.334 59.267 58.190 59.124 42.084 0.000 0.000 0.000 4.630 27.617 0.000 0.000 8.625 23.575 18.495 45.400 56.295 56.205 52.122 52.041 51.959 52.875 51.787 51.696 51.601 45.500 20.392 22.278 20.156 15.028 25.895 26.764 29.656 0.000 31.117 66.956 36.706 54.436 15.156 0.599 12.073 67.891 55.732 27.600 21.485 23.383 17.290 11.207 9.138 7.092 0.000 14.855 22.826 30.791 37.756 46.723 35.693 15.666 9.641 10.618 10.596 10.575 10.556
43.462 32.386 32.311 28.231 35.146 32.055 34.954 58.811 45.742 28.675 49.525 58.430 57.354 56.294 36.259 0.000 0.000 0.000 0.000 0.000 0.000 0.000 14.528 23.483 34.402 50.312 52.222 52.139 52.060 51.982 51.904 51.823 51.739 51.650 51.555 51.454 37.344 27.224 20.093 12.952 16.800 16.638 21.458 40.207 26.036 60.860 46.605 53.251 59.942 45.573 50.234 59.005 34.824 35.673 21.544 20.432 12.334 9.246 10.169 12.100 26.023 31.929 49.871 48.824 47.783 46.746 46.713 36.682 14.654 9.629 10.605 10.583 10.562
34.543 22.467 24.391 36.312 33.233 33.156 3.094 0.000 37.824 63.759 58.662 57.576 59.502 41.441 27.398 11.422 0.000 0.000 0.000 0.000 0.000 0.000 20.477 37.426 49.319 52.225 52.143 52.068 51.996 51.925 51.851 51.775 51.695 51.610 51.517 51.416 52.305 46.181 38.042 29.887 27.716 30.530 21.332 38.127 16.959 58.842 0.000 12.020 46.789 18.537 9.287 65.072 28.885 32.724 30.587 11.469 9.366 10.275 10.193 18.117 39.041 49.966 46.904 46.852 46.807 43.766 42.730 40.696 39.666 13.638 9.612 9.588 9.566
24.625 21.549 34.472 34.395 29.318 49.243 3.173 12.104 51.970 58.876 57.788 57.708 57.637 33.569 33.471 44.446 0.000 0.000 0.000 0.000 0.000 0.000 0.000 0.000 46.222 58.125 53.056 51.994 51.932 51.869 51.802 51.732 51.657 51.576 51.488 51.390 51.279 52.152 53.007 49.839 49.646 52.435 32.214 38.008 11.833 52.708 0.000 0.000 42.657 12.501 22.306 56.110 36.922 28.751 32.610 9.491 10.387 9.295 11.211 21.133 42.059 42.990 47.928 46.874 41.826 38.783 42.744 47.708 46.676 35.646 16.618 15.593 14.570
20.711 34.632 35.554 23.477 34.401 55.325 48.250 54.171 60.075 57.987 57.906 57.833 54.770 38.726 0.000 0.000 0.000 0.000 0.000 0.000 0.000 0.000 0.000 0.000 0.000 2.997 43.964 52.920 51.870 51.816 51.757 51.694 51.626 51.551 51.469 53.376 52.269 52.144 50.993 52.815 51.596 51.348 41.083 38.859 15.658 27.448 57.135 35.891 43.680 12.504 40.326 34.141 36.942 24.749 18.611 10.497 10.397 10.306 18.223 23.146 24.074 29.006 36.945 34.890 35.840 46.795 46.755 46.717 46.683 47.652 41.623 37.596 35.571
35.794 35.714 24.636 20.559 35.483 54.407 60.332 59.254 58.172 58.092 58.017 58.947 49.884 42.840 0.000 0.000 0.000 0.000 0.000 0.000 0.000 0.000 0.000 0.000 0.000 19.903 46.884 52.852 51.813 51.768 51.717 51.661 51.600 51.534 53.460 53.376 53.279 45.160 50.009 52.832 55.576 53.279 46.911 42.686 30.492 14.292 62.066 44.858 46.671 11.507 57.355 21.187 1.955 18.692 9.589 10.491 9.398 18.311 24.230 23.154 23.083 22.017 14.957 10.901 40.851 46.805 46.762 46.724 46.688 46.655 47.625 47.597 47.571
32.875 23.794 21.716 19.640 36.564 56.490 58.416 58.341 58.267 58.194 58.123 60.053 38.979 36.909 0.000 0.000 0.000 0.000 0.000 0.000 0.000 0.000 0.000 0.000 0.000 33.828 52.816 51.793 51.762 51.725 51.682 51.634 53.581 52.524 52.461 52.391 46.310 24.209 40.049 49.929 0.796 0.000 24.598 31.482 40.331 27.162 47.981 65.803 50.639 17.498 59.400 0.000 0.000 7.630 10.563 10.480 12.394 22.311 20.232 21.158 23.088 26.023 19.963 20.908 36.857 46.810 46.767 46.727 46.691 46.657 46.626 46.597 46.570
23.952 21.872 26.795 31.719 46.645 58.572 58.500 58.429 58.360 58.293 58.229 59.163 46.071 0.000 0.000 0.000 0.000 0.000 0.000 18.606 0.000 0.000 0.000 0.000 0.000 8.766 43.758 50.742 51.718 51.688 51.652 51.612 53.568 51.520 51.469 51.415 35.362 31.318 0.000 0.000 0.000 0.000 9.402 16.314 38.189 24.046 28.892 71.735 54.584 33.448 43.348 0.000 37.702 14.634 10.555 10.471 12.387 21.306 32.229 32.157 34.089 40.025 34.966 45.911 46.859 46.812 46.769 46.728 46.691 46.657 46.625 46.595 46.567
25.027 21.949 28.873 47.798 58.725 58.654 58.584 58.516 58.451 58.390 58.337 64.300 0.000 0.000 0.000 0.000 0.000 0.000 18.606 30.606 17.607 32.609 28.610 0.000 0.000 30.713 37.709 48.698 51.680 51.656 51.627 52.594 51.558 51.519 51.479 47.440 36.406 41.383 0.000 0.000 0.000 0.000 26.293 18.184 36.065 11.940 13.806 61.663 60.514 52.361 38.196 37.965 26.771 21.650 10.551 10.462 10.378 20.298 42.223 49.152 48.085 48.023 39.964 46.909 46.859 46.811 46.767 46.727 46.689 46.654 46.621 46.591 46.563
23.100 21.023 35.948 55.875 59.804 58.734 58.666 58.600 58.537 58.479 58.429 65.400 0.000 0.000 0.000 0.000 0.000 0.000 7.606 27.606 27.607 26.609 29.612 13.621 21.636 29.663 29.668 46.662 52.649 51.630 51.606 51.580 51.550 51.520 52.489 44.461 40.438 34.425 0.000 0.000 0.000 0.000 0.000 18.065 36.947 13.843 9.728 48.597 65.448 62.286 43.111 21.928 20.768 21.643 12.539 9.448 10.364 13.286 24.213 44.144 47.078 47.017 38.959 46.905 46.855 46.807 46.763 46.723 46.685 46.649 46.616 46.586 46.557
22.172 24.096 44.023 59.951 58.881 58.813 58.747 58.682 58.619 58.559 60.502 58.470 0.000 0.000 0.000 0.000 0.000 0.000 0.000 32.606 38.606 43.607 34.610 33.615 27.624 23.635 34.638 48.633 51.623 51.608 54.589 52.568 51.545 51.521 51.498 46.477 38.461 33.454 8.461 0.000 0.000 0.000 0.000 0.000 28.815 14.757 10.668 43.550 74.397 55.223 34.034 24.869 26.730 24.615 19.515 8.427 10.346 9.270 13.199 32.131 47.068 47.008 38.951 46.898 46.847 46.801 46.757 46.716 46.678 46.642 46.609 46.579 46.550
22.242 32.168 52.095 60.025 58.957 58.891 58.826 58.762 58.699 59.636 57.549 45.509 29.509 0.000 0.000 0.000 0.000 0.000 0.000 33.605 42.605 42.604 46.604 48.607 31.611 30.615 45.615 51.611 51.602 51.590 52.576 51.558 51.540 51.521 51.503 49.488 37.476 38.469 32.469 0.000 0.000 0.000 0.000 0.000 14.740 14.704 8.637 53.536 41.369 47.175 16.932 36.786 30.670 23.570 23.481 14.399 9.322 10.250 9.181 21.116 44.054 45.995 39.940 46.887 47.838 46.791 46.748 46.707 46.669 46.634 46.600 46.570 46.541
