results3_8e3_rain/res_3e8f-0087.wd
ncols         241
nrows         181
xllcorner     12693529.787448
yllcorner     3542525.717860
cellsize      155.156523
NODATA_value  -9999.000000
[rows 33 to 65 of 181, columns 73 to 145 of 241]
0.000 0.000 0.000 0.000 0.000 0.000 0.000 0.000 0.000 0.000 0.000 0.000 0.000 0.000 0.000 0.000 0.000 0.000 0.000 0.000 0.000 0.000 0.000 0.000 0.000 0.000 0.000 0.000 0.000 0.000 0.000 0.000 0.000 0.000 0.000 0.000 0.000 0.000 0.000 35.870 58.871 63.872 19.874 0.000 0.000 28.938 42.961 9.944 0.948 32.972 35.982 29.980 30.964 31.934 31.889 31.829 31.755 30.667 36.559 56.406 3.071 10.385 7.826 43.108 59.617 64.168 62.746 63.368 61.925 64.033 59.107 58.679 58.668
0.000 0.000 0.000 0.000 0.000 0.000 0.000 0.000 0.000 0.000 0.000 0.000 0.000 0.000 0.000 0.000 0.000 0.000 0.000 0.000 0.000 0.000 0.000 0.000 0.000 0.000 0.000 0.000 0.000 0.000 0.000 0.000 0.000 0.000 0.000 0.000 0.000 0.000 0.000 0.000 10.871 5.872 0.000 0.000 0.000 0.000 25.036 0.000 0.000 23.004 47.037 46.040 36.025 31.994 31.944 31.875 31.789 30.691 52.591 50.498 0.000 33.362 45.986 59.475 63.996 63.544 63.134 62.660 63.739 59.772 59.024 59.270 61.584
0.000 0.000 0.000 0.000 0.000 0.000 0.000 0.000 0.000 0.000 0.000 0.000 0.000 0.000 0.000 0.000 0.000 0.000 31.430 63.430 16.430 0.000 0.000 0.000 0.000 0.000 0.000 0.000 0.000 0.000 0.000 0.000 0.000 0.000 0.000 0.000 0.000 0.000 0.000 0.000 0.000 0.000 0.000 0.000 0.000 0.000 17.111 0.000 0.000 0.000 25.122 43.118 43.103 34.072 32.017 31.938 29.836 45.719 54.614 0.000 19.137 43.715 58.282 64.812 64.344 63.909 63.405 65.453 61.451 59.500 59.883 62.215 61.469
0.000 0.000 0.000 0.000 0.000 0.000 0.000 0.000 0.000 0.000 0.000 18.431 56.431 0.000 0.000 0.000 0.000 0.000 38.430 89.430 45.430 0.000 0.000 0.000 0.000 0.000 0.000 0.000 0.000 0.000 0.000 0.000 0.000 0.000 0.000 0.000 0.000 0.000 0.000 0.000 0.000 0.000 0.000 0.000 0.000 0.000 20.185 21.220 28.237 14.238 24.211 32.206 45.199 36.172 32.116 29.024 39.898 49.735 38.531 14.139 43.560 61.078 65.614 65.143 64.690 64.161 64.178 63.146 60.091 60.514 62.853 62.107 61.883
0.000 0.000 0.000 0.000 0.000 0.000 0.000 0.000 0.000 0.000 0.000 39.431 74.431 63.431 50.431 5.431 0.000 23.431 77.430 85.430 50.430 0.000 0.000 0.000 0.000 19.240 0.000 0.000 0.000 0.000 0.000 0.000 0.000 0.000 0.000 0.000 0.000 3.247 0.000 0.000 0.000 7.248 25.248 0.000 0.000 36.234 51.225 54.238 52.253 38.267 32.278 31.297 45.313 36.303 28.250 42.145 55.997 43.790 31.639 46.325 50.886 63.424 65.949 65.485 64.934 64.918 62.862 60.797 61.169 63.507 62.759 62.532 62.210
0.000 0.000 0.000 0.000 0.000 0.000 0.000 0.000 0.000 0.000 0.000 10.431 72.431 55.431 36.431 0.000 19.431 69.431 80.431 87.430 46.430 0.000 0.000 0.000 0.000 57.240 41.240 0.000 0.000 0.000 0.000 0.000 0.000 0.000 0.000 0.000 20.247 32.247 34.247 0.000 0.000 16.248 41.248 20.248 34.246 57.243 60.244 61.254 58.271 45.298 32.336 29.391 46.455 37.476 41.435 59.310 53.153 0.000 29.909 48.636 61.236 66.777 66.305 65.735 65.685 63.608 61.636 61.858 64.186 63.435 63.201 62.870 62.552
0.000 0.000 0.000 0.000 0.000 0.000 0.000 0.000 0.000 0.000 0.000 0.000 0.000 23.432 61.432 57.432 45.432 58.431 78.431 89.430 42.429 0.000 0.000 0.000 0.000 19.240 43.240 45.240 0.000 0.000 0.000 0.000 0.000 0.000 0.000 0.000 36.247 37.247 49.247 32.247 21.248 35.248 36.248 32.248 39.249 46.249 44.252 37.261 56.279 22.317 38.377 41.477 31.639 43.710 56.704 53.507 0.000 4.884 41.454 58.072 66.645 67.160 66.588 66.498 63.405 62.651 62.592 64.899 64.143 63.900 63.558 63.225 62.888
0.000 0.000 0.000 0.000 0.000 0.000 0.000 0.000 0.000 0.000 0.000 0.000 0.000 13.432 80.432 75.432 65.432 55.432 79.431 87.430 82.428 67.426 22.424 0.000 0.000 0.000 0.000 53.240 37.241 35.241 46.241 41.241 4.241 0.000 0.000 0.245 36.246 35.247 56.247 62.247 51.248 43.248 35.249 32.249 33.250 34.252 33.255 31.261 39.268 0.294 0.000 0.761 36.915 60.022 58.165 0.000 3.656 41.315 54.948 64.565 68.079 67.614 68.366 64.289 63.925 63.395 65.661 64.895 64.639 64.284 63.937 63.580 63.218
0.000 0.000 0.000 0.000 0.000 0.000 0.000 0.000 0.000 0.000 0.000 0.000 0.000 0.000 13.432 52.433 27.433 63.433 82.433 87.431 85.428 83.425 72.422 31.420 0.000 0.000 0.000 9.241 48.241 48.241 61.241 59.241 52.242 47.242 0.000 0.000 3.246 40.247 59.247 66.247 58.248 42.248 31.249 32.250 32.251 32.253 32.256 32.259 36.262 0.000 0.000 0.000 7.107 44.299 13.768 11.106 45.999 50.766 62.479 69.061 68.888 67.097 65.391 65.596 64.302 66.494 65.705 65.426 65.053 64.691 64.320 63.941 63.545
0.000 0.000 0.000 0.000 0.000 0.000 0.000 0.000 0.000 0.000 0.000 0.000 0.000 0.000 0.000 0.000 84.436 84.435 86.435 86.433 85.429 79.424 73.420 44.417 0.000 0.000 0.000 0.000 0.000 16.241 61.241 55.241 70.242 67.242 46.243 25.244 26.246 35.246 57.247 66.247 57.248 40.249 30.249 35.251 34.252 32.254 32.255 32.257 33.259 25.258 0.000 0.000 0.000 0.000 5.501 48.551 51.463 59.297 70.000 70.092 68.434 70.255 67.893 65.376 67.428 66.593 66.273 65.872 65.488 65.101 64.713 64.320 62.898
0.000 0.000 0.000 0.000 0.000 0.000 19.289 42.288 0.000 20.246 60.238 49.227 53.218 28.212 0.000 0.000 20.438 92.438 86.439 83.436 80.430 83.423 74.416 37.412 0.000 0.000 0.000 0.000 0.000 0.000 0.000 5.242 59.242 60.242 11.242 0.000 2.246 39.247 57.247 62.247 52.248 43.249 41.250 3.251 10.252 38.254 32.255 32.256 33.258 39.258 47.258 9.258 0.000 0.000 21.184 54.136 58.019 68.814 71.014 70.639 73.957 72.503 66.781 68.512 67.581 67.193 66.747 66.331 65.920 65.513 65.111 64.727 70.418
0.000 0.000 0.000 0.000 0.000 0.000 19.290 62.287 4.274 54.255 56.240 68.226 51.214 36.207 0.000 0.000 8.439 77.441 89.446 86.442 86.433 87.421 81.410 35.403 0.000 0.000 0.000 0.000 0.000 0.000 0.000 0.000 0.000 44.242 3.242 0.000 0.000 45.247 42.247 54.247 11.248 0.000 0.000 0.000 0.000 4.254 42.255 36.256 0.000 29.258 63.258 46.258 0.000 0.000 25.924 59.759 68.653 71.763 71.511 75.720 74.978 68.199 69.684 68.656 68.181 67.677 67.220 66.779 66.348 65.920 65.491 65.058 69.630
17.567 61.564 51.562 0.000 0.000 0.000 13.294 73.295 49.281 51.260 57.240 81.222 82.206 77.194 31.182 0.000 0.000 0.000 37.461 91.453 86.438 87.419 84.400 43.387 0.000 0.000 0.000 0.000 0.000 0.000 0.000 0.000 0.000 2.242 0.000 0.000 0.000 0.000 0.000 0.000 0.000 0.000 0.000 0.000 0.000 0.000 0.000 17.256 14.255 0.000 0.000 0.000 0.000 15.328 52.744 69.691 71.358 72.283 76.644 76.264 69.261 70.755 69.724 69.194 68.642 68.145 67.673 67.219 66.774 66.329 65.874 65.385 67.796
17.567 73.564 55.560 51.555 0.000 0.000 0.342 65.320 67.294 67.265 79.238 76.215 88.196 87.180 48.170 0.000 0.000 0.000 13.486 93.471 86.447 87.417 84.385 44.357 0.000 0.000 4.990 52.958 64.922 33.898 0.000 0.000 0.000 0.000 0.000 0.000 0.000 0.000 0.000 0.000 0.000 0.000 0.000 0.000 0.000 0.000 0.000 0.000 2.255 0.000 0.000 0.000 13.298 53.802 70.756 71.331 77.542 77.029 70.579 71.112 71.566 70.694 70.164 69.597 69.076 68.581 68.109 67.651 67.200 66.749 66.290 72.812 13.304
81.569 78.565 57.559 58.550 50.539 0.000 55.410 50.368 58.310 71.269 75.231 86.206 87.182 86.162 55.147 0.000 0.000 0.000 12.524 92.500 86.462 87.416 82.364 62.301 46.202 47.111 47.022 54.961 75.911 42.874 0.000 0.000 0.000 0.000 0.000 0.000 0.000 0.000 0.000 0.000 0.000 0.000 0.000 0.000 0.000 0.000 0.000 0.000 0.000 0.000 11.405 42.178 51.678 70.658 72.243 78.923 78.315 71.144 72.833 72.133 71.549 71.042 70.500 69.980 69.479 68.996 68.530 68.075 67.625 67.177 73.726 19.269 0.000
78.572 73.568 71.560 54.548 58.528 58.496 49.456 42.433 0.000 0.000 17.213 76.194 87.164 85.139 70.109 37.068 0.000 0.000 61.586 82.543 87.486 86.422 87.354 77.280 53.195 50.109 49.027 57.954 75.885 58.814 44.715 45.637 49.579 60.543 24.529 0.000 0.000 0.000 0.000 0.000 0.000 0.000 0.000 0.000 0.000 0.000 0.000 0.000 0.000 0.000 22.609 62.444 70.384 73.026 79.815 79.414 71.890 73.528 72.718 72.312 71.830 71.330 70.833 70.342 69.863 69.396 68.940 68.493 68.050 73.609 20.167 0.000 0.000
67.577 19.573 87.567 58.554 52.529 53.504 55.485 55.475 44.485 0.000 0.000 0.000 21.142 92.120 82.084 60.026 51.932 58.825 57.690 59.600 67.516 68.433 55.351 52.270 50.187 50.104 49.022 57.942 72.863 51.781 48.694 53.617 69.557 72.522 57.515 31.515 0.000 0.000 0.000 0.000 0.000 0.000 0.000 0.000 0.000 0.000 0.000 0.000 0.000 13.467 55.303 70.904 73.738 80.376 80.135 72.607 74.223 73.411 73.022 72.559 72.097 71.627 71.157 70.692 70.234 69.785 69.342 68.906 74.473 20.041 0.000 0.000 0.000
13.584 86.582 87.579 73.573 0.000 0.523 60.505 56.497 67.495 58.495 0.000 0.000 0.156 80.115 77.079 62.022 52.944 49.853 49.750 52.651 65.544 73.443 76.347 69.262 59.180 52.098 51.015 66.930 69.843 44.753 48.663 48.579 49.511 53.472 32.494 0.000 0.000 0.000 3.134 0.000 0.000 0.000 0.000 0.000 0.000 0.000 0.000 16.716 48.380 56.226 69.731 81.038 80.644 73.695 74.275 74.818 74.103 73.712 73.260 72.818 72.372 71.924 71.478 71.035 70.597 70.166 70.739 77.316 20.894 0.000 0.000 0.000 0.000
91.592 87.593 87.592 87.587 74.580 57.559 57.531 57.513 48.502 0.000 14.225 21.225 73.197 70.146 73.097 66.039 66.970 66.892 66.806 69.711 64.568 64.448 66.332 70.251 71.174 69.094 65.010 75.920 73.825 61.726 62.626 62.526 64.434 39.364 0.000 0.000 0.000 0.000 4.134 0.000 0.000 0.000 0.000 0.000 0.000 3.591 51.376 51.940 72.950 73.501 82.149 81.652 76.201 75.900 75.269 74.780 74.378 73.939 73.510 73.080 72.649 72.220 71.794 71.372 70.955 71.542 75.132 7.724 0.000 0.000 0.000 0.000 0.000
90.600 86.606 86.609 87.605 84.593 62.572 56.546 57.522 58.500 50.478 0.000 65.253 62.221 63.174 64.123 59.066 63.004 67.938 75.872 60.819 0.000 0.000 11.283 69.234 65.170 65.095 65.010 64.914 64.811 64.702 64.587 64.466 62.335 57.186 29.986 0.000 5.678 49.451 56.134 67.798 37.529 0.000 0.000 0.000 0.000 52.784 63.590 75.516 76.149 82.904 82.561 76.875 76.532 75.777 75.428 75.017 74.596 74.178 73.759 73.341 72.925 72.513 72.106 71.705 72.309 74.916 22.524 0.000 0.000 0.000 0.000 0.000 0.000
76.607 76.623 76.632 87.629 87.615 77.591 53.560 56.528 57.496 57.457 63.394 72.314 56.258 53.207 51.155 58.100 73.042 71.984 56.927 36.873 0.000 0.000 0.000 0.000 54.175 49.108 49.019 48.917 48.804 49.683 52.555 53.415 53.254 52.057 52.787 51.366 50.905 59.541 66.154 63.730 70.261 67.652 62.101 59.567 61.935 73.495 76.988 76.773 83.400 83.184 77.535 77.170 76.402 76.055 75.640 75.232 74.823 74.414 74.006 73.601 73.197 72.800 72.412 73.033 73.659 12.287 0.000 0.000 0.000 0.000 0.000 0.000 0.000
0.000 42.646 54.668 82.665 86.647 67.615 50.574 49.535 57.500 57.461 56.411 50.350 51.292 57.241 74.190 73.136 56.081 49.029 38.978 0.000 58.622 67.568 63.484 64.378 67.246 70.144 69.041 69.929 72.805 71.673 68.535 70.384 65.210 51.002 54.740 53.406 58.035 75.654 82.211 78.708 72.132 66.592 68.104 74.550 79.389 77.792 84.010 83.650 77.553 79.151 77.719 77.040 76.681 76.263 75.858 75.452 75.048 74.648 74.252 73.858 73.464 74.076 71.710 67.357 19.008 0.000 0.000 0.000 0.000 0.000 0.000 0.000 0.000
0.000 0.000 47.730 66.717 77.692 52.649 44.587 51.538 49.506 56.476 57.438 57.384 50.317 67.276 59.228 48.174 51.118 43.072 0.000 67.755 70.676 70.597 72.507 73.403 76.289 80.181 79.073 78.954 78.813 80.669 81.527 79.375 67.202 53.001 54.763 54.484 54.174 56.829 30.327 2.759 91.963 133.503 111.031 76.963 78.477 85.019 84.564 78.019 80.735 78.135 77.676 77.300 76.887 76.481 76.074 75.668 75.269 74.879 74.497 74.115 75.726 70.331 58.995 13.676 0.000 0.000 0.000 0.000 0.000 0.000 0.000 0.000 31.051
0.009 0.000 2.805 23.781 58.756 40.703 0.000 46.525 51.511 51.498 57.480 46.432 0.000 51.317 49.273 51.213 52.146 62.069 75.965 72.833 74.732 80.638 90.542 134.439 131.325 131.218 131.116 131.001 131.826 115.663 47.530 50.386 48.222 56.036 54.827 51.594 49.347 31.162 0.000 0.000 0.705 58.301 75.375 79.994 85.730 85.404 77.640 79.326 78.611 78.292 77.907 77.507 77.105 76.698 76.288 75.879 75.482 75.103 75.740 74.381 65.992 54.528 12.261 0.000 0.000 0.000 0.000 0.000 0.000 0.000 0.000 22.201 43.130
74.015 21.979 10.905 73.845 51.848 0.000 0.000 0.000 45.517 58.523 50.554 0.000 3.480 59.402 50.333 61.261 74.182 74.094 78.993 81.882 74.779 60.681 51.585 47.485 45.354 48.252 49.170 36.107 0.000 52.628 49.542 48.417 52.266 56.095 52.914 44.719 51.459 32.311 0.000 0.000 53.618 70.645 80.398 86.226 86.004 78.243 79.916 79.198 78.890 78.506 78.121 77.727 77.325 76.917 76.501 76.078 75.676 76.309 71.980 60.676 17.334 0.000 0.000 0.000 0.000 0.000 0.000 0.000 0.000 0.000 0.000 40.271 39.213
84.033 92.016 79.992 0.000 8.943 3.039 0.000 0.000 0.000 0.000 54.659 52.643 60.558 57.477 57.397 57.315 74.227 88.132 77.030 56.924 54.821 49.722 51.632 42.562 0.000 54.265 51.207 40.151 0.000 53.678 48.595 49.475 56.328 54.163 52.015 33.908 0.000 0.000 50.206 48.084 64.886 80.814 86.500 79.201 79.762 80.409 79.793 79.485 79.108 78.733 78.348 77.953 77.552 77.145 76.720 77.256 76.836 66.478 51.194 14.010 0.000 0.000 0.000 0.000 0.000 0.000 0.000 0.000 15.677 14.629 29.539 41.402 29.309
74.059 78.058 68.056 0.000 0.000 68.134 61.162 55.160 0.000 6.874 72.780 69.712 56.633 57.550 57.464 58.374 79.279 131.177 124.071 70.963 125.857 46.756 50.660 50.568 52.464 50.337 50.240 50.139 51.997 47.812 47.684 56.558 55.410 52.215 47.074 35.991 0.000 0.000 52.328 59.198 81.221 80.119 86.866 80.253 80.832 80.371 80.069 79.709 79.345 78.969 78.583 78.186 77.785 77.392 78.980 74.389 55.933 42.573 44.309 10.159 0.000 0.000 0.000 0.000 0.000 0.000 0.000 0.000 24.725 29.670 43.587 37.487 27.396
70.087 65.102 9.118 0.000 0.000 51.202 60.192 57.159 75.085 68.969 73.874 81.793 72.711 57.626 57.536 57.440 56.336 50.227 45.113 49.999 46.889 50.784 50.684 50.587 50.486 50.380 50.278 50.168 49.039 53.891 55.770 56.664 40.537 0.000 40.074 0.000 0.000 0.000 56.551 78.487 82.508 87.896 87.418 80.354 80.998 80.629 80.303 79.956 79.593 79.215 78.828 78.425 78.008 76.657 38.417 0.000 0.000 0.000 0.000 0.000 0.000 0.000 0.000 21.146 16.132 15.097 14.038 17.952 26.828 42.740 36.653 27.563 37.476
62.112 53.145 58.196 3.285 56.313 52.279 51.246 69.197 62.127 78.041 86.956 66.875 52.793 50.707 53.614 56.512 57.401 57.281 50.156 49.033 49.916 49.807 50.706 50.609 50.514 55.419 52.322 49.219 50.098 52.943 56.841 45.793 0.000 0.000 0.000 0.000 12.295 132.173 75.876 82.901 80.883 88.318 80.196 82.704 84.177 80.892 80.563 80.218 79.854 79.472 80.088 76.676 64.166 54.813 12.615 0.000 0.000 0.000 0.000 0.000 0.000 0.000 23.165 23.160 23.153 24.121 24.066 24.989 38.896 38.809 22.722 25.636 27.552
37.127 38.170 32.237 56.346 52.374 51.356 62.315 66.257 77.187 84.110 50.034 48.958 49.880 51.795 50.700 47.594 55.474 56.340 57.198 56.060 49.935 48.823 47.723 48.630 54.543 113.458 81.374 61.286 44.192 0.000 58.857 66.873 0.000 0.000 0.000 0.000 56.419 67.320 84.202 82.240 89.053 88.700 81.295 81.814 82.470 81.165 80.842 80.499 80.132 80.732 79.377 32.027 0.000 0.000 0.000 0.000 0.000 0.000 0.000 0.000 0.000 0.000 30.171 26.176 23.199 24.170 22.115 34.042 40.960 24.876 25.792 33.708 31.626
0.000 0.000 0.000 49.487 52.483 54.455 75.402 86.330 100.253 82.180 11.111 68.044 67.973 51.892 51.799 50.689 48.560 51.408 57.236 55.073 55.940 57.829 55.732 53.646 49.568 44.497 49.431 44.358 0.000 0.000 0.000 52.970 44.994 0.000 0.000 0.000 66.642 83.523 83.603 81.621 89.376 81.041 83.531 85.026 81.758 81.456 81.140 80.803 80.445 77.946 32.662 0.000 0.000 0.000 0.000 0.000 0.000 0.000 0.000 0.000 0.000 29.829 0.000 0.000 31.295 21.247 32.181 44.106 32.025 26.943 31.861 35.779 28.699
0.000 0.000 0.000 47.632 53.616 69.578 80.510 128.406 122.314 124.244 130.188 126.134 127.075 52.003 51.914 50.804 50.668 49.498 44.263 54.057 55.923 56.819 54.730 56.653 56.587 57.531 50.493 0.000 0.000 0.000 0.000 54.042 39.018 0.000 0.000 58.161 79.950 83.883 82.868 89.964 89.678 82.108 82.645 83.325 82.052 81.765 81.458 82.128 56.899 0.000 0.000 0.000 0.000 0.000 0.000 0.000 0.000 0.000 42.026 30.982 20.914 24.829 24.727 25.602 25.440 28.340 41.256 38.175 33.093 34.011 31.930 29.849 25.770
13.767 0.000 0.000 48.792 65.773 73.731 79.652 50.471 49.355 48.295 45.261 46.231 46.189 52.130 52.051 67.947 67.808 43.653 0.000 40.967 53.877 55.796 53.716 55.650 55.594 56.548 52.518 0.000 0.000 0.000 52.236 37.139 0.000 0.000 59.515 68.364 85.208 84.102 83.276 90.231 81.805 84.322 86.848 82.615 82.357 82.095 80.800 68.351 27.125 0.000 0.000 0.000 0.000 0.000 28.259 23.240 23.203 23.148 27.071 39.005 41.932 27.847 22.750 24.640 26.521 41.420 40.329 26.244 35.161 36.079 34.997 27.918 23.839
