results3_8e3_rain/res_3e8f-0079.wd
ncols         241
nrows         181
xllcorner     12693529.787448
yllcorner     3542525.717860
cellsize      155.156523
NODATA_value  -9999.000000
[rows 33 to 65 of 181, columns 146 to 218 of 241]
60.429 59.667 59.420 60.089 26.784 38.492 60.218 53.949 32.595 0.000 0.000 15.340 0.000 0.000 12.361 37.378 24.380 0.000 0.000 0.000 28.973 36.944 0.000 21.577 13.527 14.448 18.317 27.183 45.039 35.933 30.836 25.757 26.691 26.633 25.582 24.532 23.479 31.408 41.343 33.303 33.269 31.236 10.206 24.183 32.163 0.000 0.995 1.680 25.418 23.320 28.216 38.108 30.981 25.788 0.000 0.000 8.319 8.446 15.374 0.000 0.000 0.000 0.000 0.000 0.000 0.000 0.000 0.000 0.000 0.000 0.000 0.000 0.000
60.308 60.076 59.756 60.457 38.168 55.900 58.668 52.504 0.000 0.000 0.000 17.339 0.000 0.000 0.000 21.421 21.413 29.403 0.000 42.077 30.002 16.917 25.790 16.647 14.543 14.439 13.319 15.194 43.070 40.960 40.861 42.775 35.700 37.635 36.575 36.518 36.462 37.402 41.348 39.305 40.269 35.238 12.213 11.198 0.000 0.000 0.000 7.556 15.433 10.325 16.222 29.126 29.048 26.977 0.000 0.000 0.000 13.805 0.000 0.000 0.000 0.000 0.000 0.000 0.000 16.790 15.803 17.815 7.825 10.831 0.000 0.000 0.000
60.711 60.396 60.100 59.809 59.532 60.274 52.050 38.894 0.000 0.000 0.000 0.000 0.000 0.000 0.000 18.474 15.447 28.393 33.291 25.153 34.041 31.930 12.807 13.679 14.561 14.445 26.326 30.206 34.088 26.976 23.873 33.782 7.702 14.630 9.565 9.505 9.447 12.392 38.342 27.299 25.263 27.234 12.211 14.198 0.000 0.000 3.621 60.622 0.000 0.000 0.000 0.000 30.108 29.096 0.000 0.000 0.000 11.164 8.344 10.453 8.528 16.585 22.633 14.682 36.731 43.777 41.803 26.819 6.830 5.837 9.842 0.000 0.000
61.025 60.729 60.435 60.149 60.875 55.616 37.362 28.128 37.128 0.000 0.000 0.000 0.000 0.000 0.000 15.554 14.509 17.432 13.327 24.203 27.080 29.956 18.828 13.700 13.576 13.455 38.335 44.216 26.098 19.983 19.875 20.779 17.694 17.619 17.551 18.489 21.431 18.377 39.329 31.287 29.251 29.222 11.200 25.185 51.172 0.000 0.000 48.688 0.000 0.000 0.000 0.000 30.181 28.203 6.282 11.335 9.361 7.343 7.414 7.487 6.547 13.594 20.632 7.682 25.733 43.786 39.813 19.828 4.838 4.845 9.848 0.000 0.000
61.354 61.054 60.762 60.478 57.203 42.951 31.657 0.000 0.000 0.000 0.000 20.531 0.000 0.000 0.000 14.678 15.603 15.501 14.382 14.253 20.120 12.986 12.851 14.718 13.588 12.463 36.343 33.225 41.107 44.984 43.864 38.763 34.677 36.601 32.532 36.469 36.411 37.357 41.309 39.268 40.233 36.205 11.184 23.169 45.160 0.000 0.000 51.755 0.000 0.000 0.000 0.000 27.231 30.255 9.307 7.362 7.404 7.434 7.484 7.536 6.580 13.610 22.621 0.000 0.000 1.824 44.834 20.843 4.851 4.856 8.858 0.000 0.000
61.674 61.372 61.082 60.796 50.511 32.328 0.000 0.000 0.000 0.000 18.583 21.532 34.436 34.299 22.118 14.878 14.723 15.586 15.448 14.306 13.162 14.017 13.873 13.732 12.597 21.468 40.348 19.234 33.123 9.980 42.835 32.734 31.651 31.577 28.508 33.444 34.385 34.332 41.284 39.243 36.208 36.181 11.160 25.147 44.140 0.000 0.000 44.822 0.000 0.000 0.000 0.000 31.258 30.278 6.330 8.404 7.460 8.506 8.551 8.592 9.626 17.647 0.000 0.000 0.000 2.851 44.855 25.861 12.866 6.869 9.871 0.000 0.000
61.985 61.679 62.397 55.114 42.715 32.521 0.000 0.000 0.000 0.000 15.634 32.577 26.477 15.342 17.178 16.993 14.828 13.672 15.518 14.362 15.204 15.046 14.891 13.741 13.598 33.466 33.345 33.242 33.170 0.000 14.761 12.687 13.617 13.547 14.479 18.415 21.355 19.301 39.253 33.211 27.177 29.150 12.131 24.119 43.113 0.000 0.000 17.890 8.917 0.000 0.000 0.000 25.264 8.271 0.000 3.464 9.525 13.580 20.623 20.656 20.684 22.706 0.000 0.000 0.000 50.874 43.876 45.879 33.882 8.885 9.886 0.000 0.000
62.275 61.963 61.713 47.547 0.000 0.000 0.000 0.000 0.000 0.000 31.743 26.667 16.554 17.415 17.258 17.089 16.922 14.757 13.590 13.420 15.247 14.074 13.905 12.742 14.590 29.451 20.326 29.220 30.145 0.000 0.000 28.638 27.582 27.515 27.446 29.381 29.320 30.265 42.216 38.173 33.138 35.112 11.093 20.084 48.082 0.000 0.000 76.931 45.944 12.961 0.000 0.000 0.000 0.000 0.000 0.000 6.596 15.668 19.703 18.727 21.749 23.786 9.848 14.881 30.896 45.895 43.897 43.898 31.900 8.902 8.904 0.000 0.000
62.524 63.187 54.944 37.815 0.000 0.000 0.000 0.000 0.000 39.092 32.927 16.793 17.656 17.508 17.350 17.184 17.015 16.843 13.666 14.482 14.291 14.099 14.911 13.733 13.570 16.423 21.289 33.167 20.045 31.883 36.752 29.644 38.560 28.484 29.411 32.343 31.280 30.223 40.172 36.128 24.092 23.065 12.048 19.043 48.048 0.000 0.000 67.960 57.967 34.979 3.991 0.000 0.000 0.000 0.000 0.000 0.000 26.791 18.796 12.801 9.797 24.843 11.878 13.900 21.912 42.915 44.917 42.917 28.918 8.919 5.923 9.932 3.936
70.701 68.316 41.060 30.955 0.000 0.000 0.000 17.585 31.468 32.257 26.081 20.923 17.769 17.612 17.449 17.282 16.111 18.935 23.749 19.550 14.336 15.120 13.909 13.710 13.534 13.380 20.242 21.112 18.985 25.852 24.731 19.624 31.532 11.449 19.372 26.300 25.234 19.174 38.121 31.075 11.037 10.008 12.992 14.991 19.019 0.000 0.000 45.982 25.987 62.995 49.004 0.000 0.000 37.049 11.040 9.020 8.981 10.910 21.888 15.884 0.000 36.909 24.920 20.930 18.936 29.938 45.938 37.937 20.936 9.935 5.936 12.938 36.940
0.000 0.000 20.025 37.990 0.000 0.000 19.827 29.703 43.562 27.389 26.216 26.050 18.886 17.721 17.554 17.385 24.213 32.035 32.847 24.634 19.383 14.135 12.894 13.663 17.478 14.323 13.185 12.056 17.932 18.810 17.695 18.590 20.495 13.408 19.327 24.252 26.183 22.120 38.063 32.014 13.972 12.940 12.920 8.911 0.000 0.000 0.000 1.998 21.004 21.013 55.025 70.045 63.056 31.058 17.053 18.038 18.014 20.981 42.964 60.962 69.982 68.966 70.963 69.964 63.964 57.963 49.960 32.957 15.953 6.950 7.948 20.946 39.945
11.401 0.000 0.000 0.000 0.000 0.000 22.952 42.838 34.688 37.519 34.346 24.174 17.003 17.832 17.661 28.490 33.320 29.148 23.968 20.757 23.428 18.144 17.869 13.570 18.392 12.249 13.119 13.996 12.877 12.761 12.651 12.547 11.451 12.361 12.277 16.199 22.126 21.059 38.999 32.945 11.899 12.862 12.836 11.822 0.000 0.000 0.000 6.011 32.016 21.027 23.040 38.054 49.066 59.073 61.075 67.068 70.054 70.037 69.024 65.019 56.018 54.010 56.004 58.999 60.994 61.989 59.983 63.977 55.971 22.965 9.959 28.954 45.950
49.930 6.384 0.000 0.000 0.000 24.413 40.191 33.009 24.832 32.654 36.476 37.298 27.121 15.944 25.769 34.596 24.428 16.268 16.120 18.000 0.000 0.000 0.000 10.357 14.270 16.162 16.048 12.932 12.818 13.707 12.599 12.497 12.400 13.308 12.222 12.141 12.064 14.993 31.927 30.868 12.816 12.773 12.740 13.720 14.720 0.000 0.000 5.017 23.024 24.040 36.053 23.067 3.081 7.095 43.105 67.105 51.098 46.088 49.078 42.070 28.063 17.053 8.043 6.034 7.025 17.016 15.007 9.998 48.989 63.979 41.970 39.962 43.956
0.000 19.838 0.000 0.000 23.910 33.636 40.389 24.175 26.979 24.790 22.605 30.422 35.239 30.055 33.873 22.696 16.529 17.378 17.244 25.122 0.000 0.000 0.000 7.231 16.171 27.081 27.977 22.868 18.757 20.649 16.543 15.441 13.344 12.251 12.162 13.077 11.997 11.921 14.850 23.785 11.725 11.673 12.630 11.600 0.000 0.000 0.000 0.000 0.000 38.056 22.064 7.079 21.098 23.121 69.146 50.150 33.145 15.139 6.131 7.121 8.109 9.096 9.083 9.069 8.056 6.044 5.032 6.019 14.007 50.994 58.980 43.969 42.961
0.000 5.292 27.382 28.742 27.185 41.830 26.556 20.325 22.117 20.922 17.733 16.545 31.357 38.166 40.974 28.786 18.614 15.471 23.357 0.000 0.000 0.000 0.000 10.164 20.103 27.014 27.912 27.804 29.695 37.588 35.483 31.382 29.284 25.189 19.098 14.010 11.926 12.845 11.768 16.695 9.628 10.565 11.508 13.450 34.364 0.000 0.000 0.000 0.010 42.064 2.070 11.086 2.110 41.146 59.208 19.202 7.194 9.193 9.187 9.174 9.158 9.140 6.122 6.104 5.087 6.071 6.056 6.042 22.026 37.009 9.987 69.973 41.966
0.000 4.657 27.112 19.658 38.260 37.942 32.680 23.452 17.244 18.048 18.859 29.670 32.477 24.278 27.070 35.862 36.671 26.534 0.000 0.000 0.000 0.000 15.243 21.159 25.064 23.961 24.853 24.742 22.632 29.525 30.420 30.319 31.221 28.125 27.031 27.940 18.851 13.765 14.682 11.601 12.525 11.453 10.386 12.327 27.279 0.000 0.000 0.000 0.008 44.066 6.068 0.000 0.000 0.000 26.338 8.259 9.235 7.254 7.248 7.231 6.209 5.185 6.161 6.139 5.118 6.099 5.081 4.065 7.049 3.029 0.000 62.971 71.968
0.000 1.337 20.753 30.520 40.254 31.001 30.770 32.558 30.359 21.169 26.984 35.798 24.605 17.397 16.168 21.919 31.675 38.461 2.242 0.000 18.767 18.567 13.328 22.165 27.033 27.913 23.796 23.679 15.567 12.459 12.355 12.254 11.155 9.058 15.962 29.868 28.775 27.683 22.592 13.504 11.418 12.336 11.259 11.192 12.147 0.000 0.000 0.000 0.003 0.000 0.000 0.000 0.000 0.000 5.548 0.000 0.000 5.339 4.321 4.294 5.262 7.230 7.200 7.172 6.147 6.125 4.104 4.087 5.075 0.000 0.000 0.000 65.972
0.000 0.151 23.540 42.415 33.234 30.037 29.841 30.650 29.466 31.286 36.111 24.934 18.747 18.539 18.288 16.970 17.649 23.319 39.944 37.480 15.968 14.607 13.336 14.141 25.991 23.863 34.741 22.612 15.496 13.390 14.287 13.187 18.088 25.990 21.893 15.795 21.697 31.599 28.501 27.404 18.308 11.213 11.121 12.036 9.970 0.000 0.000 0.000 0.000 0.000 0.000 17.922 12.922 11.870 3.759 0.000 0.000 10.441 7.405 7.361 7.315 7.273 7.236 7.204 7.175 7.149 7.125 6.105 7.090 9.084 0.000 0.000 7.979
0.000 12.462 37.451 33.365 22.231 27.074 31.906 26.737 32.568 38.400 30.239 18.079 16.912 18.724 18.474 22.025 22.632 16.221 26.890 22.528 19.017 15.556 12.268 19.072 22.926 24.806 15.693 42.531 30.418 20.316 12.217 18.119 37.021 46.922 39.823 16.722 18.620 21.516 25.410 30.304 28.196 24.088 12.977 9.860 16.728 22.555 0.000 0.000 0.000 0.000 0.000 0.000 7.975 7.929 7.858 12.810 11.717 7.579 6.498 7.431 7.364 7.311 7.268 7.232 7.199 7.170 7.143 7.119 6.097 6.077 7.050 10.022 5.993
0.000 33.471 39.438 24.362 19.252 21.120 22.975 33.824 37.668 48.506 47.366 40.232 29.100 17.969 20.859 0.000 0.000 15.045 20.869 17.724 0.000 13.333 17.109 33.955 32.833 35.745 0.000 7.402 47.329 41.240 27.147 33.051 50.954 50.856 48.755 17.651 23.545 23.434 25.321 13.205 22.086 27.965 26.840 25.700 38.527 47.383 0.000 0.000 0.000 0.000 0.000 0.000 31.075 12.014 11.935 11.855 11.762 12.661 6.577 5.502 9.401 6.337 6.294 6.257 6.222 7.189 6.159 5.130 5.104 5.078 5.051 5.023 3.997
0.000 44.512 30.468 19.395 19.296 19.179 32.049 29.915 46.777 61.590 58.487 55.385 50.285 41.195 32.135 0.000 0.000 0.000 8.815 19.776 0.000 0.000 9.882 27.806 26.708 41.596 13.440 14.345 47.258 52.169 48.078 46.985 49.890 49.792 50.690 29.584 21.473 23.357 23.235 13.108 21.978 15.848 34.718 5.572 44.299 66.066 36.724 6.515 0.000 0.000 0.000 7.385 67.235 20.118 22.012 21.913 17.816 18.725 10.649 5.599 0.000 6.344 6.315 9.279 12.242 22.206 12.172 7.140 8.110 8.081 8.052 8.024 7.997
30.672 34.597 28.530 26.452 21.359 33.251 27.128 40.013 17.933 0.000 38.606 57.537 56.459 57.392 40.351 0.000 0.000 0.000 2.802 25.789 0.000 0.000 6.731 21.679 16.595 43.493 54.378 54.279 50.189 50.101 50.012 50.922 49.829 49.732 49.630 43.522 18.407 20.284 18.153 13.015 23.871 24.729 27.613 0.000 29.030 64.858 34.591 52.306 13.029 0.000 9.732 65.537 53.361 25.212 19.083 20.969 14.865 8.773 6.696 4.645 0.000 12.378 20.345 28.303 35.262 44.222 33.184 13.149 7.115 8.083 8.053 8.023 7.996
41.748 30.674 30.601 26.524 33.438 30.338 33.199 57.074 44.010 26.944 47.795 56.700 55.622 54.562 34.526 0.000 0.000 0.000 0.000 0.000 0.000 0.000 12.631 21.585 32.501 48.404 50.301 50.206 50.118 50.033 49.948 49.862 49.772 49.677 49.576 49.467 35.349 25.221 18.080 10.927 14.763 14.586 19.391 38.116 23.934 58.746 44.476 51.091 57.752 43.320 47.928 56.668 32.461 33.288 19.141 18.014 9.903 6.805 7.719 9.641 23.550 29.447 47.382 46.328 45.280 44.236 44.194 34.156 12.119 7.085 8.053 8.022 7.993
32.824 20.752 22.678 34.604 31.530 31.465 1.422 0.000 36.091 62.027 56.930 55.844 57.769 39.708 25.665 9.689 0.000 0.000 0.000 0.000 0.000 0.000 18.579 35.528 47.420 50.320 50.216 50.126 50.044 49.966 49.887 49.805 49.720 49.629 49.530 49.422 50.303 44.169 36.020 27.852 25.666 28.464 19.248 36.024 14.843 56.717 0.000 9.830 44.569 16.280 6.993 62.746 26.527 30.337 28.178 9.044 6.929 7.826 7.734 15.648 36.562 47.478 44.408 44.348 44.295 41.247 40.202 38.161 37.122 11.085 7.051 7.019 6.988
22.903 19.830 32.757 32.684 27.614 47.553 1.479 10.363 50.235 57.143 56.056 55.976 55.904 31.836 31.738 42.713 0.000 0.000 0.000 0.000 0.000 0.000 0.000 0.000 44.330 56.241 51.119 50.038 49.968 49.899 49.828 49.753 49.674 49.588 49.494 49.389 49.271 50.135 50.977 47.795 47.585 50.354 30.114 35.889 9.699 50.562 0.000 0.000 40.414 10.239 20.020 53.795 34.564 26.355 30.191 7.056 7.941 6.838 8.744 18.657 39.573 40.495 45.424 44.362 39.306 36.254 40.207 45.163 44.122 33.084 14.048 13.014 11.982
18.985 32.909 33.834 21.761 32.690 53.621 46.548 52.446 58.345 56.255 56.174 56.100 53.036 36.992 0.000 0.000 0.000 0.000 0.000 0.000 0.000 0.000 0.000 0.000 0.000 1.025 41.980 50.940 49.890 49.834 49.773 49.706 49.634 49.556 49.468 51.370 50.256 50.122 48.960 50.766 49.525 49.255 38.966 36.721 13.501 25.271 54.925 33.659 41.433 10.242 38.053 31.851 34.581 22.328 16.174 8.050 7.941 7.841 15.748 20.662 21.580 26.504 34.434 32.370 33.312 44.258 44.209 44.163 44.120 45.080 39.043 35.008 32.975
34.064 33.987 22.911 18.837 33.764 52.691 58.614 57.529 56.442 56.360 56.284 57.213 48.150 41.106 0.000 0.000 0.000 0.000 0.000 0.000 0.000 0.000 0.000 0.000 0.000 17.845 44.868 50.852 49.818 49.774 49.723 49.666 49.602 49.532 51.454 51.366 51.263 43.137 47.976 50.785 53.495 51.174 44.773 40.527 28.314 12.095 59.847 42.619 44.418 9.245 55.098 18.974 0.000 16.204 7.126 8.029 6.931 15.837 21.747 20.662 20.581 19.506 12.437 8.372 38.313 44.258 44.207 44.160 44.116 44.075 45.036 45.000 44.966
31.140 22.063 19.987 17.913 34.839 54.766 56.690 56.613 56.535 56.460 56.389 58.318 37.245 35.175 0.000 0.000 0.000 0.000 0.000 0.000 0.000 0.000 0.000 0.000 0.000 31.792 50.794 49.782 49.757 49.722 49.680 49.631 51.577 50.517 50.451 50.378 44.293 22.188 38.022 47.904 0.000 0.000 22.427 29.300 38.133 24.948 45.748 63.553 48.374 15.223 57.121 0.000 0.000 5.159 8.096 8.011 9.919 19.828 17.741 18.657 20.578 23.504 17.435 18.370 34.311 44.255 44.203 44.155 44.109 44.067 44.028 43.990 43.955
22.214 20.137 25.061 29.987 44.915 56.842 56.769 56.697 56.626 56.558 56.493 57.427 44.336 0.000 0.000 0.000 0.000 0.000 0.000 16.571 0.000 0.000 0.000 0.000 0.000 6.737 41.735 48.725 49.706 49.678 49.643 49.603 51.558 49.509 49.456 49.400 33.344 29.298 0.000 0.000 0.000 0.000 7.209 14.112 35.973 21.815 26.644 69.471 52.304 31.152 41.041 0.000 35.261 12.177 8.090 7.998 9.906 18.817 29.731 29.649 31.571 37.498 32.429 43.364 44.304 44.248 44.195 44.146 44.100 44.057 44.017 43.979 43.943
23.286 20.209 27.135 46.062 56.990 56.919 56.848 56.779 56.713 56.652 56.599 62.561 0.000 0.000 0.000 0.000 0.000 0.000 16.571 28.572 15.573 30.575 26.576 0.000 0.000 28.685 35.685 46.678 49.663 49.641 49.613 50.580 49.544 49.504 49.463 45.423 34.387 39.363 0.000 0.000 0.000 0.000 24.087 15.966 33.833 9.694 11.544 59.384 58.217 50.042 35.851 35.575 24.344 19.201 8.087 7.986 7.892 17.802 39.717 46.636 45.559 45.487 37.418 44.354 44.294 44.237 44.184 44.135 44.088 44.045 44.004 43.965 43.929
21.356 19.281 34.207 54.135 58.064 56.995 56.926 56.860 56.796 56.738 56.688 63.659 0.000 0.000 0.000 0.000 0.000 0.000 5.571 25.572 25.573 24.575 27.579 11.588 19.605 27.634 27.641 44.638 50.627 49.610 49.588 49.562 49.533 49.502 50.470 42.441 38.418 32.404 0.000 0.000 0.000 0.000 0.000 15.833 34.700 11.583 7.454 46.306 63.137 59.949 40.745 19.530 18.341 19.194 10.073 6.968 7.873 10.784 21.699 41.619 44.544 44.472 36.404 44.341 44.280 44.224 44.171 44.121 44.074 44.030 43.989 43.950 43.913
20.425 22.350 42.278 58.207 57.138 57.070 57.003 56.937 56.875 56.815 58.759 56.728 0.000 0.000 0.000 0.000 0.000 0.000 0.000 30.571 36.572 41.573 32.576 31.582 25.592 21.604 32.609 46.607 49.598 49.585 52.567 50.546 49.523 49.499 49.476 44.455 36.439 31.431 6.438 0.000 0.000 0.000 0.000 0.000 26.550 12.485 8.384 41.249 72.075 52.873 31.652 22.459 24.296 22.160 17.044 5.942 7.848 6.760 10.678 29.599 44.525 44.454 36.387 44.324 44.264 44.207 44.154 44.104 44.057 44.013 43.971 43.932 43.896
20.492 30.419 50.348 58.278 57.210 57.144 57.078 57.013 56.951 57.888 55.804 43.766 27.765 0.000 0.000 0.000 0.000 0.000 0.000 31.571 40.571 40.570 44.570 46.573 29.578 28.583 43.584 49.582 49.575 49.564 50.550 49.534 49.516 49.497 49.479 47.464 35.452 36.445 30.444 0.000 0.000 0.000 0.000 0.000 12.466 12.424 6.348 51.233 39.041 44.815 14.532 34.360 28.224 21.107 21.002 11.906 6.817 7.732 6.652 18.575 41.502 43.433 37.366 44.303 45.244 44.188 44.135 44.085 44.038 43.993 43.952 43.913 43.876
