results3_8e3_rain/res_3e8f-0095.wd
ncols         241
nrows         181
xllcorner     12693529.787448
yllcorner     3542525.717860
cellsize      155.156523
NODATA_value  -9999.000000
[rows 33 to 65 of 181, columns 73 to 145 of 241]
0.000 0.000 0.000 0.000 0.000 0.000 0.000 0.000 0.000 0.000 0.000 0.000 0.000 0.000 0.000 0.000 0.000 0.000 0.000 0.000 0.000 0.000 0.000 0.000 0.000 0.000 0.000 0.000 0.000 0.000 0.000 0.000 0.000 0.000 0.000 0.000 0.000 0.000 0.000 36.265 59.266 64.268 20.270 0.000 0.000 29.337 43.361 10.344 1.346 33.368 36.381 30.379 31.363 32.332 32.286 32.224 32.146 31.052 36.934 56.760 3.408 10.923 8.330 43.589 60.090 64.635 63.209 63.826 62.379 64.484 59.554 59.129 59.117
0.000 0.000 0.000 0.000 0.000 0.000 0.000 0.000 0.000 0.000 0.000 0.000 0.000 0.000 0.000 0.000 0.000 0.000 0.000 0.000 0.000 0.000 0.000 0.000 0.000 0.000 0.000 0.000 0.000 0.000 0.000 0.000 0.000 0.000 0.000 0.000 0.000 0.000 0.000 0.000 11.267 6.267 0.000 0.000 0.000 0.000 25.439 0.000 0.000 23.403 47.438 46.442 36.427 32.395 32.344 32.274 32.186 31.084 52.976 50.868 0.000 33.867 46.480 59.957 64.471 64.013 63.599 63.121 64.197 60.227 59.483 59.728 62.040
0.000 0.000 0.000 0.000 0.000 0.000 0.000 0.000 0.000 0.000 0.000 0.000 0.000 0.000 0.000 0.000 0.000 0.000 31.894 63.894 16.894 0.000 0.000 0.000 0.000 0.000 0.000 0.000 0.000 0.000 0.000 0.000 0.000 0.000 0.000 0.000 0.000 0.000 0.000 0.000 0.000 0.000 0.000 0.000 0.000 0.000 17.517 0.000 0.000 0.000 25.527 43.523 43.508 34.476 32.422 32.342 30.240 46.123 55.019 0.000 19.610 44.197 58.764 65.291 64.818 64.379 63.872 65.917 61.912 59.966 60.349 62.680 61.933
0.000 0.000 0.000 0.000 0.000 0.000 0.000 0.000 0.000 0.000 0.000 18.895 56.895 0.000 0.000 0.000 0.000 0.000 38.894 89.894 45.894 0.000 0.000 0.000 0.000 0.000 0.000 0.000 0.000 0.000 0.000 0.000 0.000 0.000 0.000 0.000 0.000 0.000 0.000 0.000 0.000 0.000 0.000 0.000 0.000 0.000 20.595 21.631 28.649 14.649 24.620 32.615 45.607 36.580 32.524 29.433 40.309 50.150 38.957 14.584 44.022 61.549 66.089 65.617 65.163 64.632 64.647 63.614 60.565 60.989 63.327 62.581 62.355
0.000 0.000 0.000 0.000 0.000 0.000 0.000 0.000 0.000 0.000 0.000 39.895 74.895 63.895 50.895 5.895 0.000 23.895 77.894 85.894 50.894 0.000 0.000 0.000 0.000 19.655 0.000 0.000 0.000 0.000 0.000 0.000 0.000 0.000 0.000 0.000 0.000 3.661 0.000 0.000 0.000 7.662 25.662 0.000 0.000 36.647 51.637 54.650 52.666 38.679 32.690 31.709 45.725 36.714 28.661 42.557 56.411 44.212 32.074 46.773 51.345 63.890 66.420 65.957 65.406 65.390 63.334 61.278 61.652 63.990 63.243 63.015 62.691
0.000 0.000 0.000 0.000 0.000 0.000 0.000 0.000 0.000 0.000 0.000 10.895 72.895 55.895 36.896 0.000 19.895 69.895 80.895 87.894 46.894 0.000 0.000 0.000 0.000 57.655 41.655 0.000 0.000 0.000 0.000 0.000 0.000 0.000 0.000 0.000 20.661 32.661 34.661 0.000 0.000 16.662 41.662 20.662 34.660 57.657 60.657 61.667 58.684 45.711 32.750 29.807 46.869 37.889 41.849 59.724 53.568 0.000 30.356 49.088 61.695 67.242 66.774 66.207 66.158 64.082 62.122 62.347 64.676 63.927 63.694 63.363 63.043
0.000 0.000 0.000 0.000 0.000 0.000 0.000 0.000 0.000 0.000 0.000 0.000 0.000 23.896 61.896 57.896 45.896 58.895 78.895 89.894 42.893 0.000 0.000 0.000 0.000 19.655 43.655 45.655 0.000 0.000 0.000 0.000 0.000 0.000 0.000 0.000 36.661 37.661 49.661 32.662 21.662 35.662 36.663 32.663 39.663 46.663 44.666 37.676 56.694 22.731 38.794 41.900 32.055 44.126 57.121 53.923 0.000 5.337 41.907 58.528 67.105 67.625 67.056 66.969 63.880 63.142 63.085 65.395 64.643 64.403 64.063 63.730 63.390
0.000 0.000 0.000 0.000 0.000 0.000 0.000 0.000 0.000 0.000 0.000 0.000 0.000 13.896 80.896 75.896 65.896 55.896 79.895 87.894 82.892 67.890 22.888 0.000 0.000 0.000 0.000 53.655 37.656 35.656 46.656 41.656 4.656 0.000 0.000 0.661 36.661 35.661 56.661 62.662 51.662 43.663 35.663 32.664 33.665 34.666 33.670 31.676 39.684 0.708 0.000 1.158 37.324 60.439 58.587 0.000 4.108 41.768 55.403 65.023 68.540 68.080 68.836 64.762 64.418 63.890 66.161 65.400 65.149 64.798 64.455 64.098 63.734
0.000 0.000 0.000 0.000 0.000 0.000 0.000 0.000 0.000 0.000 0.000 0.000 0.000 0.000 13.896 52.897 27.898 63.897 82.897 87.895 85.892 83.889 72.886 31.883 0.000 0.000 0.000 9.656 48.656 48.656 61.656 59.656 52.656 47.657 0.000 0.000 3.661 40.661 59.661 66.662 58.662 42.663 31.664 32.665 32.666 32.668 32.670 32.674 36.677 0.000 0.000 0.000 7.522 44.720 14.200 11.549 46.448 51.219 62.935 69.520 69.350 67.564 65.863 66.090 64.797 66.993 66.212 65.939 65.574 65.218 64.853 64.477 64.077
0.000 0.000 0.000 0.000 0.000 0.000 0.000 0.000 0.000 0.000 0.000 0.000 0.000 0.000 0.000 0.000 84.900 84.899 86.899 86.896 85.892 79.888 73.883 44.881 0.000 0.000 0.000 0.000 0.000 16.656 61.656 55.656 70.657 67.657 46.658 25.659 26.660 35.661 57.661 66.662 57.662 40.663 30.664 35.665 34.666 32.668 32.670 32.672 33.674 25.673 0.000 0.000 0.000 0.000 5.944 48.998 51.914 59.751 70.456 70.551 68.896 70.726 68.379 65.867 67.925 67.098 66.786 66.393 66.019 65.642 65.265 64.879 63.456
0.000 0.000 0.000 0.000 0.000 0.000 19.781 42.779 0.000 20.733 60.723 49.712 53.702 28.697 0.000 0.000 20.902 92.902 86.903 83.900 80.894 83.886 74.880 37.875 0.000 0.000 0.000 0.000 0.000 0.000 0.000 5.657 59.657 60.657 11.657 0.000 2.661 39.661 57.662 62.662 52.662 43.663 41.664 3.665 10.667 38.669 32.670 32.671 33.673 39.673 47.673 9.673 0.000 0.000 21.633 54.586 58.472 69.270 71.472 71.098 74.412 72.962 67.266 69.004 68.082 67.702 67.265 66.860 66.461 66.069 65.683 65.318 71.027
0.000 0.000 0.000 0.000 0.000 0.000 19.782 62.777 4.763 54.742 56.725 68.711 51.699 36.691 0.000 0.000 8.903 77.905 89.910 86.906 86.896 87.885 81.873 35.866 0.000 0.000 0.000 0.000 0.000 0.000 0.000 0.000 0.000 44.657 3.657 0.000 0.000 45.661 42.662 54.662 11.662 0.000 0.000 0.000 0.000 4.669 42.670 36.671 0.000 29.673 63.673 46.673 0.000 0.000 26.377 60.213 69.108 72.220 71.970 76.175 75.433 68.676 70.171 69.151 68.684 68.190 67.744 67.315 66.898 66.488 66.082 65.683 70.307
18.052 62.049 52.047 0.000 0.000 0.000 13.789 73.786 49.769 51.747 57.725 81.707 82.690 77.677 31.665 0.000 0.000 0.000 37.926 91.917 86.902 87.882 84.863 43.849 0.000 0.000 0.000 0.000 0.000 0.000 0.000 0.000 0.000 2.657 0.000 0.000 0.000 0.000 0.000 0.000 0.000 0.000 0.000 0.000 0.000 0.000 0.000 17.670 14.670 0.000 0.000 0.000 0.000 15.785 53.200 70.147 71.816 72.742 77.103 76.721 69.735 71.236 70.213 69.691 69.147 68.660 68.199 67.758 67.329 66.903 66.475 66.026 68.505
18.052 74.049 56.045 52.040 0.000 0.000 0.825 65.808 67.781 67.751 79.723 76.700 88.680 87.663 48.652 0.000 0.000 0.000 13.950 93.936 86.911 87.880 84.847 44.819 0.000 0.000 5.443 53.410 65.374 34.349 0.000 0.000 0.000 0.000 0.000 0.000 0.000 0.000 0.000 0.000 0.000 0.000 0.000 0.000 0.000 0.000 0.000 0.000 2.670 0.000 0.000 0.000 13.756 54.259 71.214 71.790 78.003 77.491 71.048 71.584 72.043 71.177 70.655 70.096 69.583 69.097 68.636 68.190 67.754 67.322 66.887 73.441 13.973
82.054 79.050 58.044 59.035 51.024 0.000 55.888 50.852 58.796 71.754 75.716 86.689 87.665 86.644 55.628 0.000 0.000 0.000 12.989 92.965 86.926 87.879 82.826 62.761 46.660 47.567 47.476 55.413 76.362 43.325 0.000 0.000 0.000 0.000 0.000 0.000 0.000 0.000 0.000 0.000 0.000 0.000 0.000 0.000 0.000 0.000 0.000 0.000 0.000 0.000 11.862 42.635 52.136 71.116 72.701 79.380 78.774 71.612 73.304 72.608 72.029 71.528 70.992 70.479 69.986 69.512 69.056 68.612 68.177 67.744 74.312 19.876 0.000
79.057 74.053 72.045 55.033 59.013 58.980 49.939 42.916 0.000 0.000 17.697 76.678 87.647 85.620 70.589 37.546 0.000 0.224 62.053 83.009 87.950 86.885 87.816 77.739 53.652 50.565 49.481 58.406 76.336 59.263 45.162 46.083 50.024 60.987 24.973 0.000 0.000 0.000 0.000 0.000 0.000 0.000 0.000 0.000 0.000 0.000 0.000 0.000 0.000 0.000 23.066 62.901 70.841 73.484 80.271 79.871 72.356 73.997 73.191 72.788 72.311 71.817 71.325 70.841 70.369 69.910 69.464 69.027 68.595 74.167 20.739 0.000 0.000
68.062 20.058 88.051 59.039 53.014 53.990 55.969 55.959 44.968 0.000 0.000 0.000 21.624 92.600 82.562 60.502 52.405 59.295 58.158 60.066 67.980 68.896 55.812 52.729 50.645 50.560 49.476 58.394 73.313 52.229 49.141 54.062 70.001 72.965 57.958 31.958 0.000 0.000 0.000 0.000 0.000 0.000 0.000 0.000 0.000 0.000 0.000 0.000 0.000 13.922 55.759 71.361 74.195 80.834 80.592 73.071 74.690 73.881 73.496 73.036 72.578 72.114 71.649 71.190 70.739 70.297 69.863 69.435 75.011 20.589 0.000 0.000 0.000
14.069 87.067 88.063 74.058 0.000 1.007 60.990 56.980 67.978 58.978 0.000 0.000 0.630 80.595 77.557 62.497 53.417 50.323 50.219 53.118 66.009 73.906 76.808 69.721 59.637 52.553 51.468 67.381 70.292 45.201 49.109 49.024 49.954 53.915 32.937 0.000 0.000 0.000 3.554 0.000 0.000 0.000 0.000 0.000 0.000 0.000 0.000 17.168 48.833 56.680 70.186 81.496 81.103 74.155 74.737 75.282 74.570 74.182 73.733 73.296 72.854 72.410 71.969 71.531 71.100 70.675 71.255 77.839 21.425 0.000 0.000 0.000 0.000
92.077 88.078 88.076 88.071 75.062 58.039 58.013 57.996 48.985 0.000 14.699 21.699 73.670 70.622 73.573 66.513 67.443 67.363 67.276 70.179 65.033 64.910 66.792 70.709 71.630 69.549 65.463 76.371 74.274 62.174 63.071 62.969 64.876 39.804 0.000 0.000 0.000 0.000 4.554 0.000 0.000 0.000 0.000 0.000 0.000 4.042 51.827 52.392 73.403 73.954 82.602 82.107 76.660 76.361 75.732 75.245 74.845 74.410 73.984 73.557 73.130 72.705 72.284 71.867 71.455 72.048 75.644 8.241 0.000 0.000 0.000 0.000 0.000
91.085 87.091 87.093 88.089 85.076 63.054 57.029 58.004 58.982 50.960 0.000 65.729 62.696 63.650 64.599 59.541 63.477 68.410 76.343 61.288 0.000 0.000 11.742 69.692 65.626 65.550 65.462 65.365 65.260 65.149 65.031 64.908 62.775 57.623 30.420 0.000 6.096 49.869 56.554 68.223 37.960 0.000 0.000 0.000 0.000 53.235 64.041 75.967 76.601 83.355 83.013 77.331 76.990 76.238 75.890 75.482 75.064 74.648 74.232 73.818 73.405 72.997 72.594 72.198 72.806 75.417 23.030 0.000 0.000 0.000 0.000 0.000 0.000
77.092 77.108 77.117 88.114 88.099 78.074 54.043 57.011 57.978 57.938 63.873 72.791 56.735 53.683 51.631 58.575 73.516 72.456 57.398 37.343 0.000 0.000 0.000 0.000 54.630 49.563 49.471 49.367 49.252 50.130 52.998 53.856 53.692 52.492 53.218 51.790 51.324 59.957 66.571 64.155 70.697 68.097 62.549 60.016 62.384 73.944 77.438 77.224 83.852 83.635 77.989 77.626 76.860 76.516 76.103 75.697 75.290 74.884 74.479 74.077 73.677 73.282 72.898 73.523 74.153 12.785 0.000 0.000 0.000 0.000 0.000 0.000 0.000
0.000 43.131 55.154 83.151 87.132 68.100 51.058 50.018 57.981 57.942 56.890 50.829 51.769 57.718 74.666 73.611 56.555 49.502 39.450 0.000 59.085 68.029 63.944 64.836 67.703 70.599 69.494 70.380 73.253 72.119 68.977 70.824 65.647 51.435 55.168 53.829 58.451 76.064 82.616 79.129 72.576 67.042 68.554 75.000 79.838 78.241 84.461 84.102 78.004 79.603 78.173 77.496 77.139 76.723 76.320 75.916 75.515 75.118 74.724 74.333 73.942 74.557 72.194 67.844 19.499 0.000 0.000 0.000 0.000 0.000 0.000 0.000 0.000
0.000 0.000 48.218 67.204 78.179 53.135 45.071 52.021 49.988 56.957 57.918 57.864 50.795 67.753 59.704 48.649 51.592 43.545 0.000 68.220 71.140 71.059 72.967 73.862 76.746 80.636 79.526 79.405 79.261 81.114 81.969 79.814 67.638 53.433 55.191 54.907 54.589 57.232 30.702 3.170 92.433 133.963 111.485 77.414 78.925 85.466 85.012 78.469 81.186 78.588 78.130 77.756 77.344 76.941 76.535 76.132 75.735 75.348 74.968 74.589 76.202 70.811 59.477 14.160 0.000 0.000 0.000 0.000 0.000 0.000 0.000 0.000 32.930
0.522 0.000 3.295 24.269 59.244 41.189 0.000 47.007 51.993 51.979 57.962 46.913 0.000 51.794 49.749 51.689 52.620 62.541 76.435 73.300 75.196 81.101 91.003 134.898 131.782 131.673 131.569 131.452 132.274 116.108 47.972 50.825 48.659 56.469 55.255 52.018 49.765 31.575 0.000 0.000 1.142 58.767 75.831 80.444 86.175 85.849 78.087 79.775 79.061 78.743 78.360 77.962 77.562 77.156 76.749 76.342 75.947 75.570 76.210 74.853 66.467 55.007 12.742 0.000 0.000 0.000 0.000 0.000 0.000 0.000 0.000 24.090 45.015
74.512 22.474 11.398 74.335 52.338 0.000 0.000 0.000 45.999 59.005 51.036 0.000 3.960 59.880 50.811 61.737 74.656 74.566 79.463 82.350 75.244 61.145 52.047 47.945 45.811 48.707 49.624 36.560 0.000 53.071 49.984 48.857 52.702 56.528 53.343 45.144 51.879 32.727 0.000 0.000 54.074 71.100 80.849 86.670 86.449 78.688 80.363 79.646 79.340 78.957 78.574 78.181 77.781 77.375 76.961 76.540 76.141 76.776 72.449 61.147 17.807 0.000 0.000 0.000 0.000 0.000 0.000 0.000 0.000 0.000 0.000 42.164 41.103
84.530 92.511 80.487 0.000 9.434 3.531 0.000 0.000 0.000 0.000 55.143 53.127 61.040 57.957 57.876 57.791 74.702 88.605 77.500 57.392 55.287 50.186 52.095 43.023 0.000 54.720 51.661 40.604 0.000 54.122 49.037 49.915 56.766 54.598 52.446 34.337 0.000 0.000 50.649 48.528 65.334 81.262 86.945 79.644 80.205 80.854 80.238 79.932 79.556 79.183 78.799 78.407 78.007 77.603 77.180 77.718 77.300 66.944 51.662 14.479 0.000 0.000 0.000 0.000 0.000 0.000 0.000 0.000 17.582 16.532 31.440 43.299 31.205
74.556 78.555 68.552 0.000 0.000 68.628 61.656 55.654 0.000 7.362 73.266 70.197 57.116 58.031 57.944 58.852 79.754 131.650 124.542 71.431 126.324 47.220 51.122 51.029 52.922 50.793 50.694 50.591 52.446 48.259 48.128 57.000 55.849 52.651 47.506 36.422 0.000 0.000 52.768 59.639 81.664 80.562 87.310 80.695 81.275 80.815 80.513 80.155 79.793 79.418 79.034 78.639 78.239 77.848 79.438 74.851 56.396 43.039 44.776 10.627 0.000 0.000 0.000 0.000 0.000 0.000 0.000 0.000 26.632 31.575 45.490 39.387 29.294
70.585 65.599 9.615 0.000 0.000 51.697 60.687 57.652 75.577 69.458 74.362 82.279 73.196 58.109 58.017 57.918 56.813 50.701 45.585 50.469 47.356 51.249 51.147 51.047 50.944 50.836 50.732 50.621 49.489 54.338 56.215 57.108 40.978 0.000 40.506 0.000 0.000 0.000 56.989 78.926 82.947 88.334 87.858 80.795 81.439 81.072 80.747 80.401 80.039 79.664 79.278 78.876 78.462 77.113 38.874 0.000 0.000 0.000 0.000 0.000 0.000 0.000 0.000 23.110 18.084 17.035 15.965 19.870 28.739 44.646 38.557 29.465 39.376
62.610 53.643 58.694 3.783 56.811 52.776 51.742 69.692 62.620 78.531 87.445 67.363 53.279 51.191 54.096 56.992 57.878 57.756 50.628 49.502 50.383 50.272 51.168 51.069 50.972 55.875 52.777 49.671 50.549 53.391 57.287 46.238 0.000 0.000 0.000 0.000 12.728 132.607 76.311 83.338 81.319 88.753 80.634 83.143 84.617 81.333 81.006 80.662 80.300 79.920 80.537 77.127 64.619 55.267 13.070 0.000 0.000 0.000 0.000 0.000 0.000 0.000 25.171 25.137 25.106 26.057 25.990 26.905 40.807 40.715 24.626 27.539 29.454
37.625 38.668 32.736 56.845 52.873 51.854 62.812 66.753 77.681 84.602 50.524 49.447 50.367 52.280 51.184 48.075 55.952 56.816 57.671 56.529 50.401 49.287 48.185 49.090 55.001 113.915 81.829 61.739 44.644 0.000 59.303 67.319 0.000 0.000 0.000 0.000 56.851 67.753 84.635 82.674 89.485 89.133 81.732 82.252 82.909 81.605 81.283 80.942 80.577 81.178 79.825 32.476 0.000 0.000 0.000 0.000 0.000 0.000 0.000 0.000 0.000 0.000 32.205 28.162 25.144 26.099 24.034 35.955 42.868 26.781 27.695 35.611 33.528
0.000 0.000 0.000 49.987 52.983 54.954 75.900 86.826 100.747 82.673 11.603 68.535 68.462 52.380 52.284 51.172 49.040 51.885 57.709 55.542 56.406 58.292 56.193 54.105 50.026 44.953 49.886 44.813 0.000 0.000 0.000 53.416 45.441 0.000 0.000 0.000 67.073 83.954 84.034 82.053 89.806 81.475 83.966 85.463 82.196 81.895 81.580 81.245 80.888 78.392 33.108 0.000 0.000 0.000 0.000 0.000 0.000 0.000 0.000 0.000 0.000 31.608 1.517 0.000 33.211 23.160 34.091 46.013 33.930 28.846 33.763 37.681 30.601
0.000 0.000 0.000 48.134 54.118 70.079 81.009 128.904 122.810 124.739 130.681 126.626 127.565 52.492 52.402 51.289 51.150 49.977 44.737 54.525 56.389 57.282 55.191 57.112 57.044 57.987 50.949 0.000 0.000 0.000 0.000 54.489 39.465 0.000 0.000 58.589 80.379 84.313 83.298 90.392 90.107 82.541 83.079 83.760 82.488 82.203 81.897 82.568 57.341 0.000 0.000 0.000 0.000 0.000 0.000 0.000 0.000 0.000 43.876 32.828 22.754 26.654 26.563 27.466 27.329 30.239 43.157 40.076 34.994 35.911 33.830 31.749 27.671
14.288 0.000 0.000 49.297 66.277 74.235 80.154 50.970 49.851 48.791 45.756 46.724 46.681 52.621 52.541 68.434 68.293 44.135 0.000 41.433 54.341 56.257 54.176 56.107 56.050 57.004 52.973 0.000 0.000 0.000 52.684 37.587 0.000 0.000 59.942 68.791 85.636 84.530 83.705 90.657 82.235 84.753 87.281 83.049 82.792 82.531 81.237 68.790 27.565 0.000 0.000 0.000 0.000 0.000 30.118 25.099 25.061 25.004 28.924 40.855 43.779 29.692 24.602 26.506 28.401 43.309 42.223 28.140 37.057 37.976 36.896 29.816 25.739
