results3_8e3_rain/res_3e8f-0185.wd
ncols         241
nrows         181
xllcorner     12693529.787448
yllcorner     3542525.717860
cellsize      155.156523
NODATA_value  -9999.000000
[rows 66 to 98 of 181, columns 146 to 218 of 241]
37.747 52.685 74.627 75.573 75.523 75.476 75.433 75.392 75.355 78.324 14.305 0.000 2.175 0.000 0.000 0.000 0.000 0.644 47.645 22.645 0.000 29.643 59.642 59.641 59.641 66.641 72.640 72.638 72.635 72.631 72.626 72.622 72.616 72.611 72.606 74.601 59.597 60.595 52.594 0.000 0.000 0.000 0.000 0.000 28.938 35.929 44.910 38.874 16.824 14.792 29.766 50.743 58.719 52.696 47.672 47.649 37.625 34.602 34.578 37.556 58.533 70.511 65.490 54.469 61.449 68.430 72.412 72.394 71.377 71.361 71.346 71.331 71.316
40.807 59.745 77.686 75.632 75.584 75.539 75.498 75.456 80.415 69.383 39.368 36.383 0.000 0.000 0.000 0.000 0.000 18.644 20.644 0.000 0.000 0.000 29.638 60.638 69.638 72.637 72.636 72.634 72.632 76.629 74.625 72.621 72.617 72.612 71.608 63.604 57.600 63.598 53.597 0.000 0.000 0.000 0.000 20.930 34.931 39.926 35.920 0.000 1.772 11.760 31.742 34.723 48.702 57.680 46.658 45.635 43.612 34.588 34.565 33.542 39.519 63.497 70.475 55.455 57.434 59.415 61.396 65.379 69.362 71.345 72.330 71.315 71.301
45.866 66.802 76.740 75.686 75.641 75.600 73.561 72.520 27.467 12.424 43.402 49.398 14.401 0.000 0.000 0.000 0.000 0.000 0.000 0.000 0.000 13.634 42.635 62.635 72.635 72.634 72.633 72.631 72.629 74.627 73.624 72.620 72.617 73.613 63.610 61.606 64.603 59.600 51.598 0.000 0.000 0.000 0.000 38.929 41.929 3.926 2.923 0.000 6.741 39.733 41.720 51.704 54.685 65.665 63.644 51.622 40.599 32.575 34.552 34.528 29.505 43.482 60.460 64.439 69.419 66.399 59.380 64.362 67.345 67.329 65.313 67.298 70.284
50.923 73.855 77.787 78.732 75.693 76.658 71.627 17.597 1.552 42.444 43.418 48.406 56.404 0.000 0.000 0.000 0.000 0.000 0.000 0.000 0.000 25.633 48.633 61.633 73.633 72.632 72.631 72.629 72.627 73.625 72.623 72.620 72.618 69.615 63.612 28.608 1.605 0.000 0.000 0.000 0.000 0.000 0.000 34.929 41.929 0.000 0.000 0.000 56.719 42.712 37.701 65.687 70.670 71.652 75.631 69.609 57.586 37.562 34.538 34.514 32.490 33.467 39.445 40.423 47.402 55.382 62.363 66.345 67.328 68.312 64.296 67.281 68.267
32.982 37.909 47.820 23.764 80.739 77.714 62.691 39.675 9.674 0.000 0.000 0.000 0.000 0.000 0.000 0.000 0.000 0.000 0.000 0.000 0.000 26.632 51.631 54.631 70.630 72.630 72.629 72.627 76.626 75.624 72.622 72.620 73.618 64.616 67.615 0.000 0.000 0.000 0.000 0.000 0.000 0.000 0.000 0.000 28.929 37.929 0.000 0.000 87.702 50.696 32.686 63.673 71.657 71.640 71.620 74.598 73.574 53.549 36.524 34.499 32.475 35.451 36.428 44.406 49.385 38.365 38.345 43.327 48.310 54.294 59.278 63.264 67.250
79.048 57.979 0.000 0.000 84.787 76.766 63.750 45.737 12.731 0.000 0.000 0.000 0.000 0.000 0.000 0.000 0.000 0.000 0.000 0.000 0.000 0.000 12.629 56.629 72.629 72.628 72.627 72.626 74.625 73.623 72.622 72.620 73.619 61.617 71.617 0.000 0.000 0.000 0.000 0.000 0.000 0.000 0.000 0.000 0.000 4.928 12.928 0.000 24.693 40.683 33.672 63.661 71.647 71.631 72.611 72.589 72.563 65.537 41.510 37.484 35.459 32.434 53.411 65.388 71.366 55.346 48.327 44.309 42.291 39.275 39.260 39.245 67.231
55.126 0.000 0.000 81.970 81.856 79.812 70.805 55.794 11.781 0.000 0.000 0.000 0.000 0.000 0.000 0.000 0.000 0.000 0.000 0.000 0.000 0.000 38.627 61.627 73.627 72.626 72.626 73.625 72.624 72.623 72.621 72.620 73.619 66.618 31.618 0.000 0.000 0.000 0.000 0.000 0.000 0.000 0.000 0.000 0.000 0.000 0.000 0.000 0.000 37.672 36.660 54.650 69.639 72.624 66.606 62.582 68.554 59.524 42.496 41.469 50.443 45.417 68.392 72.369 71.347 69.326 69.307 66.289 64.272 61.256 57.240 49.226 69.212
82.172 72.172 78.143 34.084 0.000 0.839 76.865 50.853 11.817 0.000 14.057 0.000 0.000 0.000 0.000 0.000 0.000 0.000 0.000 0.000 0.000 1.625 54.626 66.626 73.625 72.625 72.624 74.624 74.623 72.622 72.621 72.620 71.619 67.618 16.618 0.000 0.000 0.000 0.000 0.000 0.000 0.000 0.000 0.000 0.000 0.000 0.000 0.000 0.000 0.000 25.647 51.642 69.634 70.622 51.606 54.578 56.547 53.509 38.480 35.453 58.426 67.398 71.372 73.348 73.326 74.305 72.286 72.268 73.251 72.235 73.220 73.206 72.193
84.219 76.201 81.171 32.140 0.000 0.000 67.944 15.938 0.000 0.000 46.057 9.057 0.000 0.000 0.000 0.000 0.000 0.000 0.000 0.000 0.000 0.624 57.624 69.624 73.624 72.624 72.623 73.623 73.622 72.621 72.620 73.620 69.619 64.619 14.618 0.000 0.000 0.000 0.000 0.000 0.000 0.000 0.000 0.000 0.000 0.000 0.000 0.000 17.637 19.637 30.639 46.637 68.631 70.625 16.618 0.000 0.000 43.485 37.461 32.437 46.409 65.378 71.350 73.326 73.303 73.283 71.264 71.246 72.230 71.214 71.199 72.186 72.172
76.285 76.241 76.202 74.165 61.134 47.090 40.030 39.015 35.041 38.052 41.056 41.057 13.057 0.000 0.000 0.000 0.000 0.000 18.621 20.621 0.000 10.622 56.623 70.623 72.623 72.623 72.622 72.622 72.621 72.621 72.620 72.619 54.619 49.618 47.618 42.618 6.618 0.000 0.000 0.000 0.000 0.000 0.000 0.000 0.000 0.000 0.000 0.000 21.636 47.636 38.636 42.634 62.631 63.627 36.624 0.000 0.000 0.000 34.444 39.426 38.396 57.354 70.325 71.301 71.279 71.259 71.240 71.223 71.207 71.192 71.178 71.164 71.151
76.325 76.276 76.229 75.186 72.146 74.106 48.070 27.054 65.055 38.058 42.060 18.058 0.000 0.000 0.000 0.000 0.000 0.000 18.621 64.621 13.621 1.622 55.622 69.622 73.622 72.622 74.622 75.621 73.621 72.620 72.620 70.619 63.619 54.618 55.618 54.618 7.618 0.000 0.000 0.000 0.000 0.000 0.000 0.000 0.000 0.000 0.000 0.000 15.635 50.635 42.634 49.633 64.630 59.628 65.626 0.000 0.000 0.000 0.000 0.000 0.000 47.317 70.296 71.274 71.253 71.233 71.215 71.199 71.183 71.169 71.155 71.142 71.130
76.361 76.310 77.254 79.203 76.158 76.119 75.090 76.074 67.068 45.066 17.066 0.000 0.000 0.000 0.000 0.000 0.000 0.000 5.621 57.621 44.621 34.621 50.621 72.621 72.621 72.621 72.621 72.621 72.620 72.620 72.619 72.619 70.618 49.618 53.618 60.617 3.617 0.000 0.000 0.000 0.000 0.000 0.000 0.000 0.000 0.000 0.000 0.000 11.635 62.634 6.634 29.632 52.630 59.629 20.628 0.000 0.000 0.000 0.000 0.000 0.000 1.292 59.267 72.246 71.225 71.206 71.189 71.173 71.159 71.145 71.132 71.120 71.108
79.399 75.351 72.273 74.213 77.164 77.121 79.098 76.084 74.077 61.073 10.072 0.000 0.000 0.000 0.000 0.000 0.000 0.000 0.000 13.621 48.620 40.621 56.621 74.621 72.621 72.620 72.620 72.620 72.620 72.619 72.619 72.619 73.618 62.618 49.617 53.617 59.617 1.617 0.000 0.000 0.000 0.000 0.000 0.000 0.000 0.000 0.000 0.000 0.000 7.634 0.000 0.000 37.630 56.629 0.000 0.000 0.000 0.000 0.000 0.000 0.000 0.000 47.243 68.219 71.196 71.177 71.161 71.147 71.134 71.121 71.109 71.097 71.085
72.445 33.422 0.000 0.000 0.000 69.104 74.095 80.087 76.081 65.078 15.077 0.000 49.081 19.081 0.000 0.000 0.000 0.000 0.000 0.000 40.620 44.620 65.620 73.620 74.620 75.620 72.620 72.620 72.619 72.619 72.619 72.618 72.618 73.617 52.617 34.617 43.617 4.616 0.000 0.000 0.000 0.000 0.000 0.000 0.000 0.000 0.000 0.000 0.000 0.000 0.000 0.000 26.629 59.629 0.000 0.000 0.000 0.000 0.000 0.000 0.000 0.000 0.000 48.190 68.162 71.145 71.132 71.120 71.108 71.097 71.086 71.074 71.063
67.484 24.471 0.000 0.000 44.097 42.097 59.093 78.088 75.084 60.081 41.080 45.081 49.081 15.081 0.000 0.000 0.000 0.000 11.619 0.000 41.620 52.620 72.620 72.620 75.620 75.620 72.619 72.619 72.619 72.619 72.618 72.618 72.618 73.617 69.617 64.617 53.616 33.616 27.616 0.000 0.000 0.000 0.000 0.000 0.000 0.000 0.000 0.000 0.000 0.000 0.000 0.000 28.629 20.629 0.000 0.000 0.000 0.000 0.000 0.000 0.000 0.000 0.000 0.000 53.117 69.109 71.101 71.092 71.082 71.072 71.062 71.051 71.040
73.514 54.507 26.514 0.000 0.000 44.094 44.090 66.087 78.084 56.083 43.082 48.082 26.082 0.000 0.000 0.000 0.000 0.000 40.619 33.619 38.619 55.619 74.619 74.619 75.619 72.619 72.619 72.619 72.619 72.618 72.618 72.618 72.617 72.617 72.617 74.616 63.616 51.616 40.615 41.615 34.615 25.614 30.614 0.000 0.000 0.000 0.000 0.000 0.000 0.000 0.000 0.000 31.629 6.629 0.000 0.000 0.000 0.000 0.000 0.000 0.000 0.000 0.000 0.000 38.079 66.075 70.070 71.064 71.057 71.049 71.039 71.029 71.017
76.537 67.529 20.522 0.000 0.000 0.000 43.088 48.086 75.085 63.083 44.082 47.082 22.082 0.000 0.000 0.000 0.000 0.000 43.619 36.619 39.619 57.619 76.619 75.619 73.619 73.619 72.619 72.619 72.618 72.618 72.618 73.618 73.617 73.617 67.616 58.616 62.616 69.615 62.615 60.615 48.615 35.614 42.614 0.614 0.000 0.000 0.000 0.000 0.000 0.000 0.000 0.000 0.000 0.000 0.000 0.000 0.000 0.000 0.000 0.000 0.000 0.000 0.000 0.000 30.044 61.043 71.041 73.038 73.033 73.026 72.017 71.007 70.995
76.555 51.550 0.000 0.000 0.000 0.000 0.000 50.085 63.084 57.083 56.083 53.082 43.082 21.082 0.000 0.000 0.000 0.000 42.618 35.619 40.619 55.619 67.619 64.619 59.619 61.619 66.619 71.618 73.618 73.618 71.618 61.617 59.617 64.617 53.616 50.616 50.615 61.615 65.615 60.615 46.614 35.614 7.614 0.000 0.000 0.000 0.000 0.000 0.000 0.000 0.000 0.000 0.000 0.000 0.000 0.000 0.000 0.000 0.000 0.000 0.917 0.000 0.000 0.000 18.009 43.012 49.014 51.013 51.010 52.005 60.998 69.987 70.973
75.569 41.566 0.000 0.000 0.000 0.000 0.000 45.084 39.084 38.084 46.083 46.083 46.082 42.082 15.082 0.000 0.000 0.000 47.618 42.618 47.618 57.618 60.619 63.619 21.619 0.000 0.000 12.618 73.618 70.618 59.618 14.617 0.000 0.000 52.616 84.615 77.615 56.615 62.615 56.614 45.614 30.614 33.614 0.000 0.000 0.000 0.000 0.000 0.000 0.000 0.000 0.000 0.000 0.000 0.000 0.000 0.000 0.000 13.917 3.917 21.917 42.921 53.931 52.947 70.972 78.983 79.988 77.990 79.989 66.987 49.981 67.970 70.954
73.580 38.577 0.000 0.000 0.000 0.000 0.000 45.084 41.084 20.084 0.000 0.000 0.078 0.000 0.000 0.000 0.000 0.000 53.618 47.618 42.618 38.618 24.618 0.000 0.000 0.000 0.000 0.000 0.000 0.000 46.617 8.617 0.000 0.000 0.000 47.615 80.615 40.615 41.614 40.614 36.614 39.614 86.614 45.614 0.000 0.000 0.000 0.000 0.000 0.000 0.000 0.000 0.000 0.000 0.000 0.000 12.890 3.890 0.000 0.000 7.912 89.917 85.925 67.936 68.950 65.960 66.966 88.970 81.971 67.971 47.968 56.960 55.939
59.588 40.587 34.589 0.000 0.000 0.000 0.000 0.000 43.084 27.084 0.000 0.000 0.000 0.000 0.000 0.000 0.000 0.000 53.618 53.618 54.618 37.618 12.618 0.000 0.000 0.000 0.000 0.000 0.000 0.000 42.617 19.617 0.000 0.000 0.000 46.615 95.615 59.614 62.614 57.614 42.614 60.614 114.614 111.614 42.614 0.000 0.000 0.000 0.000 0.000 0.000 0.000 0.000 0.000 0.000 0.000 2.890 20.890 10.892 8.895 17.903 92.909 59.915 67.923 58.933 39.940 50.947 93.951 59.955 46.958 53.963 7.961 0.000
43.594 43.592 29.592 0.000 0.000 0.000 0.000 0.000 0.000 0.000 0.000 0.000 0.000 0.000 0.000 0.000 0.000 0.000 56.618 47.618 41.618 39.618 13.618 0.000 0.000 0.000 0.000 0.000 0.000 39.617 32.617 57.617 53.617 0.000 5.614 52.614 58.614 50.614 93.614 82.614 53.614 6.614 70.614 125.614 9.614 0.000 0.000 0.000 0.000 0.000 0.000 0.000 21.889 18.889 13.889 2.889 71.889 109.889 100.890 96.892 43.895 87.899 55.904 44.910 91.916 72.923 92.929 73.934 43.939 51.943 0.000 0.000 0.000
46.597 47.595 39.595 0.000 0.000 0.000 0.000 0.000 0.000 0.000 0.000 0.000 0.000 0.000 0.000 0.000 0.000 0.000 10.618 51.618 41.618 19.618 0.000 0.000 0.000 0.000 0.000 0.000 0.000 41.617 38.617 14.617 0.000 0.000 0.000 26.614 5.614 0.000 6.614 48.614 4.614 0.000 26.614 92.614 47.614 0.000 0.000 0.000 0.000 0.000 0.000 0.000 0.000 3.888 0.000 0.000 27.889 7.888 71.886 75.887 26.888 87.889 64.892 37.896 55.900 105.905 119.911 53.917 41.924 8.934 0.000 0.000 17.756
45.600 46.598 46.597 50.597 42.597 0.000 0.000 0.000 0.000 0.000 0.000 0.000 0.000 0.000 0.000 0.000 0.000 0.000 0.000 41.618 37.618 21.618 0.000 0.000 0.000 0.000 0.000 0.000 42.617 39.617 16.617 0.000 0.000 0.000 0.000 0.614 0.000 0.000 0.000 52.613 1.613 0.000 26.614 0.000 0.000 0.000 0.000 0.000 0.000 0.000 0.000 0.000 0.000 12.888 6.888 8.888 1.888 0.000 47.881 66.880 25.879 89.878 69.879 39.880 88.884 91.888 86.893 94.899 58.905 0.000 0.000 0.723 31.739
47.602 25.599 36.597 45.597 45.597 45.597 44.597 0.000 0.000 0.000 0.000 0.000 0.000 0.000 0.000 0.000 0.000 0.000 0.000 43.617 39.617 23.617 0.000 0.000 0.000 0.000 0.000 0.000 0.000 45.617 17.617 0.000 0.000 0.000 0.000 0.000 0.000 4.613 16.613 39.613 43.613 20.613 0.000 0.000 0.000 0.000 0.000 0.000 0.000 0.000 0.000 0.000 0.000 1.888 0.000 5.888 0.000 0.000 50.877 70.875 30.871 90.866 75.864 89.864 89.866 48.869 41.874 86.881 35.893 0.000 0.000 32.707 40.717
52.604 0.000 0.000 42.597 31.597 0.000 44.597 34.597 0.000 0.000 0.000 0.000 0.000 0.000 0.000 0.000 0.000 0.000 0.000 42.617 39.617 27.617 0.000 0.000 0.000 0.000 0.000 0.000 0.000 0.000 0.000 0.000 0.000 0.000 0.000 0.000 0.000 0.000 55.613 72.613 33.613 0.000 0.000 0.000 0.000 0.000 0.000 0.000 0.000 0.000 0.000 0.000 0.000 0.000 0.000 10.888 0.000 0.000 85.874 71.871 32.864 90.851 87.847 79.846 71.847 57.850 58.853 27.857 0.000 0.000 16.688 35.694 42.699
49.605 0.000 0.000 29.597 21.597 0.000 0.000 0.000 0.000 53.600 49.600 40.600 0.000 0.000 0.000 0.000 0.000 0.000 0.000 46.617 42.617 24.617 0.000 0.000 0.000 0.000 0.000 0.000 0.000 0.000 0.000 0.000 0.000 0.000 0.000 0.000 0.000 0.000 18.612 102.612 68.612 0.000 0.000 0.000 0.000 0.000 0.000 0.000 0.000 0.000 0.000 0.000 0.000 0.000 0.000 0.000 0.000 0.000 17.874 0.000 0.000 64.827 105.826 84.826 83.826 81.828 84.832 32.838 0.000 0.000 20.681 34.683 35.684
65.605 0.000 0.000 0.000 0.000 51.602 38.602 0.000 49.600 43.600 43.600 35.600 0.000 0.000 0.000 0.000 0.000 0.000 0.000 46.617 41.617 29.617 0.000 0.000 0.000 0.000 0.000 0.000 0.000 0.000 0.000 0.000 0.000 0.000 0.000 0.000 0.000 0.000 0.000 46.612 38.612 9.612 0.000 0.000 0.000 0.000 0.000 0.000 0.000 0.000 0.000 0.000 0.000 0.000 0.000 0.000 0.000 0.000 0.000 0.000 0.000 11.805 47.804 48.804 46.804 46.806 43.810 39.824 0.000 0.000 13.672 34.672 32.671
76.605 65.604 47.604 48.603 47.603 41.602 42.602 43.601 41.600 46.600 45.600 36.600 33.600 0.000 0.000 0.000 0.000 0.000 0.000 33.617 0.000 0.000 0.000 0.000 0.000 0.000 0.000 0.000 0.000 0.000 0.000 0.000 0.000 0.000 0.000 0.000 0.000 0.000 0.000 0.000 45.612 8.612 0.000 0.000 0.000 0.000 0.000 0.000 0.000 0.000 0.000 0.000 0.000 0.000 0.000 0.000 0.000 0.000 0.000 0.000 0.000 2.782 35.783 34.783 34.781 50.780 45.778 0.000 0.000 0.000 6.663 47.662 59.658
76.604 70.604 40.604 40.603 40.603 23.602 24.602 28.601 38.601 47.600 44.600 36.600 39.600 28.600 0.000 0.000 0.000 0.000 0.000 0.000 0.000 0.000 0.000 0.000 0.000 0.000 0.000 0.000 0.000 0.000 0.000 0.000 0.000 0.000 0.000 0.000 0.000 0.000 0.000 0.000 2.612 48.612 7.612 0.000 0.000 0.000 0.000 0.000 0.000 0.000 0.000 0.000 0.000 0.000 0.000 0.000 0.000 0.000 0.000 0.000 27.750 30.760 34.762 34.762 36.759 55.754 45.744 28.724 0.000 0.000 42.657 63.653 70.647
76.604 74.604 44.604 41.603 21.603 0.000 0.000 0.000 0.000 38.600 41.600 39.600 32.600 0.000 0.000 0.000 0.000 0.000 0.000 0.000 0.000 0.000 0.000 0.000 0.000 0.000 0.000 0.000 0.000 0.000 0.000 0.000 0.000 0.000 0.000 0.000 0.000 0.000 0.000 0.000 0.612 51.612 13.612 0.000 0.000 0.000 0.000 0.000 0.000 0.000 0.000 0.000 0.000 0.000 0.000 0.000 0.000 0.000 0.000 0.000 38.741 35.744 34.745 30.743 43.739 60.732 44.721 33.704 28.681 28.665 52.654 69.646 70.637
76.604 74.604 27.604 31.603 0.000 0.000 0.000 0.000 0.000 0.000 29.600 42.599 34.599 0.000 0.000 0.000 0.000 0.000 0.000 0.000 0.000 0.000 0.000 0.000 0.000 0.000 0.000 0.000 0.000 0.000 0.000 0.000 0.000 0.000 0.000 0.000 0.000 0.000 0.000 0.000 0.000 0.612 19.612 0.000 0.000 0.000 0.000 0.000 0.000 0.000 0.000 0.000 7.711 15.711 0.000 0.000 0.000 0.000 0.000 32.723 30.728 29.730 34.730 48.727 61.722 51.715 35.704 33.690 35.674 32.660 53.649 71.638 70.628
76.604 50.604 0.000 0.000 0.000 0.000 0.000 0.000 0.000 0.000 0.000 32.599 39.599 37.599 0.000 0.000 0.000 0.000 0.000 0.000 0.000 0.000 0.000 0.000 0.000 0.000 0.000 0.000 0.000 0.000 0.000 0.000 0.000 0.000 0.000 0.000 0.000 0.000 0.000 0.000 0.000 0.000 0.000 0.000 0.000 0.000 0.000 0.000 0.000 0.000 0.000 0.000 0.000 8.711 10.711 0.000 37.712 29.713 27.714 39.717 53.719 58.719 60.717 60.713 46.708 34.700 33.690 33.679 32.666 34.653 57.642 72.630 70.619
