results3_8e3_rain/res_3e8f-0179.wd
ncols         241
nrows         181
xllcorner     12693529.787448
yllcorner     3542525.717860
cellsize      155.156523
NODATA_value  -9999.000000
[rows 132 to 164 of 181, columns 0 to 72 of 241]
96.134 101.134 105.133 105.132 107.131 107.130 101.128 92.127 78.124 67.122 66.119 67.116 66.112 65.108 70.103 84.098 95.093 100.086 100.078 97.070 89.059 80.047 71.032 65.013 69.989 71.959 70.925 71.886 69.854 64.823 78.794 101.765 68.741 0.000 0.000 0.000 8.516 60.510 72.505 69.485 71.470 77.462 95.463 81.468 65.477 64.489 64.503 76.520 97.538 38.557 11.580 6.614 0.000 0.000 0.000 0.000 0.000 0.000 0.000 0.000 0.000 0.000 2.850 0.850 27.850 7.791 11.733 52.645 75.510 79.415 79.311 89.400 116.868
74.138 76.138 79.137 85.137 95.136 101.134 106.133 106.131 99.129 85.126 74.123 68.120 72.116 79.112 92.107 107.102 106.096 103.090 103.082 106.073 106.062 102.050 90.035 78.018 69.996 64.972 65.944 64.915 65.889 73.864 95.842 103.824 15.812 0.000 0.000 0.000 18.522 46.529 64.554 73.551 74.539 71.528 72.531 82.537 77.544 70.552 74.561 82.572 95.585 36.600 22.619 28.648 8.678 0.000 0.000 0.000 0.000 0.000 0.000 0.000 0.000 0.000 0.000 0.000 9.944 0.000 59.764 81.691 77.577 86.554 77.621 116.988 105.749
66.143 66.143 66.142 68.141 73.140 77.139 84.137 93.136 101.133 104.131 98.128 96.125 98.121 101.117 100.112 93.107 84.101 82.094 82.086 87.078 93.067 100.056 103.042 102.026 91.008 80.987 75.965 73.943 82.921 98.902 99.887 85.875 18.871 0.000 0.000 0.000 0.000 0.000 47.632 74.624 53.609 41.578 56.598 71.605 86.609 90.613 92.617 93.622 89.630 16.640 3.649 31.680 28.708 16.737 22.750 16.755 0.000 0.000 0.000 0.000 0.000 0.000 44.186 14.134 80.038 101.980 134.839 90.817 85.874 66.835 102.904 107.429 107.339
67.148 67.148 67.147 67.146 66.145 65.144 67.142 72.141 78.138 88.136 98.133 100.130 93.126 83.122 77.117 69.112 65.106 65.100 65.092 67.084 72.074 78.063 85.051 97.037 102.021 104.004 102.986 98.968 101.952 94.938 76.927 68.921 47.924 5.946 0.000 0.000 0.000 0.000 40.719 73.704 16.694 0.000 49.677 74.676 93.675 101.673 87.672 90.670 76.673 34.680 0.696 58.716 27.736 19.753 30.758 30.761 1.764 0.000 0.000 0.000 0.000 31.293 50.239 123.179 152.101 134.986 118.544 117.494 109.168 107.813 107.693 107.566 72.789
67.153 67.153 67.152 67.152 67.151 67.149 67.148 66.146 66.144 69.141 75.138 74.135 70.132 66.128 66.123 66.118 67.112 67.106 67.099 67.091 66.082 65.072 67.061 73.049 80.035 89.021 97.007 92.993 81.980 69.969 65.961 70.958 78.959 54.967 32.974 32.965 18.941 19.897 55.820 76.780 26.769 8.783 68.757 100.747 102.741 81.735 84.726 83.714 71.713 60.722 11.726 39.737 13.769 1.780 14.768 1.765 3.768 1.764 0.000 0.000 0.000 12.349 75.295 81.215 77.203 78.365 76.342 108.135 108.034 107.927 75.129 77.909 79.783
67.158 67.158 67.158 67.157 67.156 67.155 67.153 67.152 67.150 67.147 66.144 66.141 66.138 67.134 67.129 67.125 67.119 67.114 67.107 67.100 67.092 67.083 67.073 66.062 65.051 66.039 70.027 68.016 67.006 70.998 73.992 72.989 70.989 72.990 72.989 69.980 69.961 73.930 48.884 34.827 23.817 41.825 86.820 100.814 80.807 73.798 72.783 52.747 48.744 11.770 0.000 0.000 1.845 3.847 0.000 0.000 7.778 22.760 37.717 7.655 21.575 84.430 91.419 89.492 87.479 88.562 108.324 108.231 89.369 96.162 89.019 94.794 86.638
67.164 67.164 67.163 67.163 67.162 67.161 67.159 67.158 67.156 67.153 67.151 67.147 67.144 67.140 67.136 67.132 67.127 67.121 67.116 66.109 73.102 75.094 67.085 66.076 65.066 66.057 68.048 71.039 74.031 73.025 68.020 69.017 76.016 79.015 75.013 69.006 65.994 74.977 5.960 0.000 8.848 81.879 90.885 77.882 69.876 89.868 35.861 0.000 0.000 1.907 2.936 2.935 2.907 3.900 0.000 0.000 32.807 74.781 103.739 64.678 97.565 105.725 102.689 101.781 108.582 108.500 108.414 101.449 103.330 103.030 101.894 100.828 18.747
67.170 67.170 67.169 67.169 67.168 67.167 67.165 67.164 67.162 67.160 70.157 70.154 68.151 72.147 70.143 67.139 67.135 67.130 66.125 64.119 75.112 83.105 69.098 66.090 68.082 71.074 73.067 72.060 69.054 71.050 76.046 78.044 79.043 79.042 74.041 68.037 77.031 96.024 15.018 0.000 0.000 55.958 78.958 75.953 79.946 99.937 33.932 0.000 2.976 2.955 2.965 2.962 2.938 4.945 0.000 30.907 82.863 98.817 101.752 106.755 103.924 100.916 108.808 108.736 108.662 100.754 101.542 102.418 102.101 102.075 95.009 71.919 0.000
67.176 67.176 67.175 67.175 67.174 67.173 67.172 67.171 67.169 68.167 75.164 75.161 52.158 20.154 41.150 71.147 65.143 68.139 74.135 77.129 77.124 73.118 69.111 70.105 73.098 72.092 71.086 73.080 77.076 77.073 79.071 78.070 69.070 64.070 66.070 79.070 98.069 108.070 30.071 0.000 0.000 31.038 87.034 89.028 96.017 95.001 30.998 0.000 2.997 1.004 2.007 3.010 0.000 8.996 34.994 78.959 100.889 103.913 103.007 103.014 102.110 108.943 108.877 100.953 101.756 102.621 102.411 102.269 102.228 94.163 86.123 0.000 0.000
67.182 67.182 67.182 67.181 67.181 67.180 67.179 67.178 67.176 69.174 78.172 89.169 65.165 2.162 8.156 56.155 82.153 74.149 72.145 72.140 70.135 69.130 71.125 73.119 71.114 67.108 69.104 81.100 83.097 73.095 67.095 64.095 64.096 69.098 83.100 99.103 96.107 80.114 52.126 20.153 14.154 58.122 87.113 69.108 60.095 52.052 17.061 1.127 1.058 22.050 13.049 3.060 0.000 28.051 79.034 100.962 103.168 102.168 102.283 109.131 109.071 109.008 101.011 102.899 102.614 102.491 102.438 102.368 96.295 83.233 73.198 0.000 0.000
67.189 67.188 67.188 67.188 67.187 67.187 67.186 67.185 67.184 69.182 79.180 66.177 22.171 4.172 0.000 24.165 78.163 70.160 72.156 71.152 69.147 72.143 73.138 70.133 67.129 63.125 73.121 87.118 74.117 64.117 65.117 70.119 80.122 91.126 102.130 95.136 73.143 68.152 87.165 94.180 95.187 99.184 74.187 35.194 7.202 0.000 1.288 1.295 0.000 35.064 22.079 2.123 33.146 79.098 101.131 103.331 102.357 109.295 109.243 109.189 101.274 102.075 102.967 102.668 102.656 102.598 102.526 103.437 91.360 62.277 51.237 9.237 3.237
66.195 66.195 67.195 67.194 67.194 67.194 67.193 67.192 67.191 70.190 80.189 51.188 0.000 10.184 48.185 50.178 67.174 69.171 57.167 39.163 77.160 72.156 68.152 67.148 65.144 67.140 83.138 86.136 68.136 71.137 83.139 92.142 101.147 99.152 87.159 73.166 66.176 82.187 86.201 74.216 55.229 53.241 41.257 21.280 10.317 4.394 2.422 22.440 17.457 0.000 0.000 27.197 79.253 102.374 103.406 101.527 109.394 109.345 101.433 102.247 103.128 102.936 102.816 102.795 102.744 102.695 105.627 69.498 49.429 0.000 0.000 0.000 0.000
75.202 73.202 70.201 68.201 65.201 65.201 65.201 65.200 64.199 69.199 81.198 64.198 45.199 53.195 71.192 67.188 64.185 70.182 65.178 52.175 72.172 66.168 65.165 65.162 67.158 81.155 89.153 55.152 47.153 97.155 102.159 97.165 86.171 76.178 68.186 64.195 75.207 87.220 55.236 30.253 13.272 4.294 21.320 20.352 10.393 11.443 14.476 42.491 26.474 0.000 0.000 59.490 101.532 100.665 109.530 109.487 109.441 101.467 103.364 103.091 102.985 102.957 104.916 99.867 101.838 102.812 113.791 0.000 0.000 0.000 0.000 0.000 0.000
76.210 78.209 84.207 85.207 85.208 82.208 83.208 82.208 81.208 81.207 83.207 66.206 70.205 69.203 66.201 69.198 69.195 68.192 73.190 75.187 69.184 63.181 65.178 67.175 81.172 86.170 75.167 69.167 78.168 101.172 84.179 75.186 67.194 65.202 67.212 66.223 80.236 89.251 53.269 29.289 17.313 19.341 22.376 14.416 15.461 21.508 23.548 16.573 0.000 0.000 37.735 79.752 109.649 109.611 109.572 101.698 102.506 103.407 103.117 103.115 104.075 104.031 76.989 54.928 89.929 103.924 108.933 48.991 0.000 0.000 0.000 0.000 0.000
69.219 63.217 16.212 18.211 27.215 74.216 71.216 71.216 71.216 75.216 84.215 65.214 66.213 65.212 68.210 72.208 73.206 71.203 70.201 73.199 74.197 71.194 65.192 82.189 88.186 79.183 85.180 102.179 99.181 81.187 69.198 65.207 67.216 67.226 66.236 71.248 87.263 89.279 81.299 84.322 55.349 17.384 9.426 8.475 20.527 27.582 17.633 14.682 6.709 32.870 80.907 109.718 109.684 101.836 102.648 103.537 103.351 103.239 103.226 104.180 102.141 96.103 21.083 0.000 72.024 107.021 104.028 103.048 0.000 0.000 0.000 0.000 0.000
67.229 59.229 0.000 0.223 9.224 70.225 66.225 66.225 66.224 70.224 84.224 62.223 66.222 70.221 72.219 73.218 70.216 67.214 65.213 67.211 77.209 90.208 85.206 86.204 63.201 57.197 109.191 95.188 62.189 22.198 42.218 70.229 67.238 67.248 69.259 62.272 46.287 36.305 48.325 88.349 64.379 17.418 12.468 7.530 16.592 21.657 15.725 20.785 20.867 59.002 109.767 101.023 104.764 103.671 103.486 103.378 103.356 103.322 104.282 104.247 69.209 45.156 31.157 34.164 85.123 106.109 102.110 93.125 11.160 0.000 0.000 0.000 0.000
67.239 67.240 50.245 0.234 10.234 71.234 67.234 67.233 66.233 67.233 82.232 69.232 72.231 74.230 73.229 68.228 65.226 66.225 66.224 65.223 75.222 98.221 94.220 81.219 74.217 65.212 41.198 30.192 17.191 0.000 23.246 72.252 67.259 69.269 52.280 26.293 11.309 8.327 50.348 67.372 36.400 8.441 11.500 16.584 23.653 19.729 13.823 6.907 10.202 58.229 109.831 103.912 103.675 103.498 103.484 103.451 103.412 103.376 101.343 92.314 25.292 0.000 42.223 101.214 106.193 104.181 98.178 88.184 6.194 0.000 0.000 0.000 0.000
64.248 66.249 63.250 0.000 6.243 71.243 66.242 64.242 66.242 70.241 74.241 73.241 73.240 71.239 65.239 66.238 66.237 67.236 67.235 72.235 90.234 89.234 82.234 91.235 89.235 60.236 0.000 0.000 0.000 0.000 21.269 72.272 67.279 70.288 41.299 3.312 37.328 63.347 83.367 52.389 4.409 0.490 0.565 5.653 15.707 15.788 15.896 10.142 6.806 110.012 109.924 102.817 103.666 103.568 103.536 103.499 103.465 105.431 90.400 73.373 33.353 9.344 57.299 87.275 96.256 105.243 94.237 83.237 5.240 0.000 0.000 0.000 0.000
71.256 69.256 58.257 0.000 57.252 65.252 67.251 71.251 72.251 73.250 71.250 72.250 70.249 66.249 66.248 67.248 67.247 66.247 68.247 91.247 90.247 72.247 85.248 83.250 87.253 85.260 48.277 4.287 13.292 43.293 48.288 68.290 67.296 67.304 62.316 54.329 71.345 70.364 64.386 86.409 34.432 0.516 0.590 9.680 14.733 12.812 13.910 38.058 62.450 110.095 105.141 104.893 104.634 103.622 103.584 103.550 104.516 102.483 57.453 34.426 46.403 47.382 101.353 103.330 83.312 93.299 88.291 61.288 26.287 0.000 0.000 0.000 0.000
72.263 73.264 70.264 58.266 72.262 72.261 72.260 73.260 73.259 74.259 86.259 68.259 66.258 66.258 67.258 67.258 67.258 68.258 82.258 93.258 68.259 72.260 99.262 91.264 79.268 82.275 85.284 69.292 74.297 89.300 82.301 70.304 63.310 63.319 74.330 90.343 77.360 49.379 21.402 76.430 65.470 14.533 17.595 22.664 18.733 9.820 11.887 53.166 105.413 110.172 102.121 104.775 105.705 103.669 103.634 103.599 96.565 86.533 43.503 14.475 23.450 24.426 85.402 127.380 108.363 84.350 76.341 55.336 64.334 17.334 0.000 3.532 7.532
77.271 77.271 73.271 73.271 73.270 74.269 74.269 70.268 67.268 66.268 29.268 19.268 70.268 67.268 67.268 67.268 66.268 69.268 93.269 79.269 64.270 70.272 87.274 104.277 99.281 96.286 94.293 90.299 86.304 85.307 93.311 90.316 84.322 80.330 83.341 87.355 49.371 13.390 12.413 28.441 24.483 9.538 18.589 28.647 24.717 15.816 8.974 52.225 110.315 110.245 105.013 106.860 103.749 103.718 104.681 100.647 84.613 77.581 83.551 89.522 73.496 95.471 110.448 127.427 136.410 120.396 82.386 87.381 62.379 0.000 0.000 0.000 0.000
16.278 17.278 77.277 72.278 72.278 67.277 64.277 66.277 61.277 14.277 14.277 3.277 71.277 67.277 67.277 67.278 67.278 85.279 92.279 65.280 67.282 67.283 70.286 76.289 78.292 78.297 74.302 77.307 93.311 86.316 77.320 80.325 87.332 91.340 94.350 91.363 66.379 31.398 14.419 13.438 0.000 2.546 13.576 22.619 6.668 0.000 22.182 82.428 110.383 102.353 106.082 105.820 103.805 103.765 104.728 99.693 86.659 52.627 59.596 102.567 113.540 145.515 136.491 108.470 96.452 113.438 92.428 86.423 61.422 0.450 0.000 0.000 0.000
3.286 12.285 26.282 81.285 66.285 64.285 66.285 66.285 67.285 14.285 5.286 60.286 68.286 67.286 67.287 67.287 69.288 93.289 78.290 64.291 67.292 67.294 67.297 66.300 66.303 66.307 65.311 72.315 101.320 80.324 11.328 19.333 31.340 82.347 92.357 76.369 81.385 68.405 20.428 17.452 2.486 7.523 20.552 12.583 0.000 0.000 40.347 110.513 110.448 105.236 106.978 102.887 103.849 103.811 103.774 103.738 90.704 53.671 68.640 105.611 101.582 135.556 130.532 99.510 104.491 90.476 71.465 89.460 67.460 1.475 0.000 0.000 0.000
65.294 61.294 0.000 73.294 83.294 84.294 65.294 77.294 84.294 60.294 58.294 68.295 67.295 67.296 67.296 67.297 86.298 90.299 65.300 67.301 66.303 65.305 67.307 67.310 67.313 67.316 66.320 74.324 103.328 84.332 30.336 3.341 54.346 79.353 92.361 71.371 61.385 20.408 13.435 16.458 14.483 22.509 26.526 0.556 0.000 19.264 81.518 110.575 102.490 106.214 105.957 103.937 103.894 103.856 103.818 104.782 95.748 84.714 107.683 132.652 120.623 137.596 134.570 128.547 135.527 101.510 78.498 88.490 96.489 25.494 0.000 0.000 0.000
67.302 66.303 61.306 67.303 66.302 14.302 88.302 80.302 67.302 68.303 68.303 67.304 67.304 67.305 67.306 70.307 93.307 76.308 66.310 67.311 73.313 81.315 67.317 65.320 67.323 66.326 69.329 93.332 101.336 76.339 64.343 52.347 74.351 73.356 34.362 19.369 16.377 0.000 5.445 5.461 6.481 7.501 9.514 0.000 22.314 79.474 101.651 110.634 103.453 104.097 104.020 103.978 103.938 103.899 103.861 104.825 95.790 78.756 74.723 107.692 97.662 111.634 114.607 102.582 104.559 76.540 53.525 67.515 134.511 87.513 22.521 12.526 34.529
67.310 67.310 67.311 67.310 67.310 61.310 77.310 93.310 69.311 66.311 67.312 67.313 67.313 67.314 66.315 89.316 91.317 65.318 67.319 68.321 65.323 27.325 86.327 81.330 68.332 66.335 84.338 103.341 87.344 67.347 67.350 68.353 71.356 75.360 12.362 13.366 0.000 2.436 17.438 0.000 0.459 0.000 0.000 0.000 45.422 102.605 110.748 110.692 103.337 104.172 104.057 104.021 103.980 103.941 103.903 102.866 87.831 89.796 109.763 128.731 127.700 132.670 137.641 124.614 122.588 109.565 58.546 56.534 132.528 96.525 34.524 27.527 92.531
67.317 67.317 67.318 67.317 67.318 67.318 67.318 78.318 93.319 69.320 66.320 67.321 67.322 65.323 73.324 94.326 74.327 66.328 68.329 66.329 8.332 5.335 74.337 75.339 81.342 80.344 88.346 87.349 68.351 66.354 68.357 71.359 76.361 76.363 0.000 0.000 0.000 4.434 28.434 15.434 16.434 15.434 0.000 6.516 53.664 107.818 110.802 102.673 104.390 104.125 104.106 104.061 104.021 103.981 103.943 103.906 89.871 85.836 106.802 107.768 107.736 110.705 110.674 109.644 114.614 87.585 63.562 78.548 93.540 32.536 0.000 0.000 36.534
67.324 69.324 69.324 67.325 67.325 67.325 67.326 67.326 78.327 93.328 69.329 64.330 64.331 81.332 93.334 87.335 64.336 67.337 63.338 9.336 6.342 60.345 67.347 67.349 73.351 90.353 90.355 83.357 76.359 68.361 55.364 25.366 90.367 70.368 0.000 0.000 0.000 3.431 17.431 10.432 24.433 13.433 0.000 6.662 26.759 110.908 110.855 103.543 104.278 104.184 104.143 104.101 104.060 104.021 103.983 104.946 99.909 89.874 84.839 83.805 83.771 83.739 83.707 87.674 61.640 5.598 31.569 87.555 83.547 44.544 6.545 0.000 35.537
68.331 5.331 6.331 67.332 66.332 65.333 65.333 64.334 64.335 77.336 92.337 85.339 92.340 94.341 81.343 65.345 72.346 72.348 60.349 0.000 8.354 71.356 67.357 69.359 93.360 100.362 78.364 69.365 76.367 83.369 71.370 7.372 50.374 68.375 0.000 0.000 0.000 4.427 10.429 7.431 21.432 0.000 0.000 6.734 12.055 110.958 108.792 104.507 104.248 104.225 104.180 104.139 104.098 104.059 104.021 103.984 104.948 103.912 101.876 100.841 100.806 101.772 103.739 77.707 19.673 0.000 16.562 72.555 103.550 94.548 67.547 43.545 60.541
67.338 66.339 1.339 66.339 77.340 81.340 85.341 90.342 93.343 94.344 94.346 94.347 80.349 67.350 83.352 100.354 101.356 101.358 94.361 72.367 7.366 68.366 66.367 75.368 103.370 90.371 67.372 66.374 68.375 71.376 62.378 7.379 27.380 27.382 0.000 0.000 0.000 10.422 5.425 0.000 4.432 0.000 14.742 15.977 6.499 111.007 112.742 108.381 104.303 104.259 104.217 104.175 104.135 104.096 104.059 104.022 103.985 103.949 103.913 103.876 104.840 107.805 79.772 12.739 0.000 5.571 0.000 17.553 73.551 104.550 95.549 71.547 48.543
67.345 69.346 65.347 67.347 82.347 81.348 77.348 73.350 72.351 68.352 89.354 79.356 90.357 81.359 97.361 93.364 86.366 87.368 98.371 104.374 93.375 94.376 86.377 94.378 102.379 75.380 66.381 67.382 67.383 66.384 66.385 68.386 63.387 12.390 72.397 63.402 2.407 4.413 0.000 0.000 0.000 5.721 83.772 80.977 111.100 111.054 106.619 107.449 104.331 104.294 104.252 104.211 104.171 104.133 104.095 104.058 104.022 103.986 103.950 105.912 110.871 79.837 19.805 0.000 0.000 2.571 1.570 0.000 14.551 65.552 100.551 50.551 0.000
69.352 5.352 64.353 67.353 67.354 67.355 66.356 67.357 69.358 67.360 79.362 74.364 83.366 94.368 82.371 67.373 68.376 69.378 70.381 75.383 88.385 98.386 104.387 102.388 91.388 67.389 67.389 67.390 67.390 67.391 68.391 91.392 64.393 4.395 68.399 18.402 12.406 5.409 0.000 0.000 0.000 15.701 103.907 106.118 111.143 104.949 104.658 104.393 104.372 104.327 104.285 104.245 104.206 104.168 104.131 104.095 104.059 104.024 105.989 90.951 44.896 11.867 0.000 4.571 2.571 22.571 29.570 0.000 0.000 36.554 98.554 50.554 0.000
70.359 3.359 64.359 67.360 67.361 67.362 67.363 68.364 6.366 66.368 70.370 81.372 81.374 89.377 94.380 80.382 65.385 65.388 65.390 67.393 69.395 70.396 71.397 71.398 70.398 69.398 65.398 65.398 66.398 67.398 78.398 92.398 63.398 57.399 59.400 0.000 0.000 5.409 0.000 0.000 0.000 19.789 102.909 111.228 111.186 103.807 104.538 104.443 104.401 104.358 104.317 104.278 104.240 104.203 104.166 104.131 104.096 104.062 109.031 65.006 0.000 0.000 2.572 0.571 2.571 17.571 24.570 0.000 0.000 39.557 99.557 58.557 0.000
