results3_8e3_rain/res_3e8f-0113.wd
ncols         241
nrows         181
xllcorner     12693529.787448
yllcorner     3542525.717860
cellsize      155.156523
NODATA_value  -9999.000000
[rows 99 to 131 of 181, columns 0 to 72 of 241]
0.000 0.000 0.000 0.000 0.000 59.229 99.229 101.229 92.229 87.228 0.000 0.000 0.000 0.000 0.000 1.225 0.226 67.227 64.227 0.000 0.000 0.224 3.224 62.224 61.224 2.223 0.000 0.000 0.000 8.675 0.000 0.000 0.000 0.000 14.534 60.530 56.520 55.503 56.478 57.451 70.421 59.389 63.353 55.313 57.271 55.224 56.175 61.123 62.068 60.011 63.952 56.891 56.829 58.766 61.699 75.628 76.566 61.517 47.473 0.000 0.000 0.000 0.000 0.000 25.372 80.368 77.358 64.340 39.318 34.296 78.275 55.254 57.235
0.000 0.000 0.000 0.000 0.000 60.230 100.230 100.230 0.000 0.000 0.000 0.000 0.000 0.000 0.000 0.226 12.227 78.227 67.227 5.226 2.226 2.226 65.225 64.224 68.224 0.000 0.000 0.000 0.000 66.675 58.675 0.000 0.000 0.000 73.578 83.572 69.563 62.550 56.531 58.507 77.480 62.449 68.415 68.376 59.333 74.287 66.237 67.184 57.128 65.070 65.010 62.948 56.885 57.821 61.754 58.658 20.593 10.555 0.000 0.000 0.000 0.000 0.000 28.373 65.372 77.368 84.360 74.348 50.333 51.317 65.300 56.284 57.267
5.233 0.000 0.000 0.000 0.000 47.230 96.230 105.230 15.231 0.000 0.000 0.000 0.000 0.000 0.000 0.000 1.227 85.227 66.227 67.227 69.226 66.226 63.225 64.225 62.224 0.223 0.000 0.000 0.000 59.675 59.675 60.674 59.666 59.653 58.627 68.618 77.612 24.602 88.587 78.568 83.543 68.514 13.480 84.442 82.399 81.353 85.302 74.248 57.191 60.131 65.069 65.006 61.942 57.879 46.837 0.000 0.000 0.000 0.000 0.000 0.000 0.000 0.000 38.374 65.375 65.372 76.367 75.360 58.350 58.339 57.326 57.313 57.299
73.233 76.233 8.233 0.000 0.000 57.231 96.231 101.231 111.231 16.231 0.000 0.000 0.000 0.000 7.229 7.228 5.228 22.228 70.227 67.227 85.227 99.226 74.226 59.225 0.000 0.000 0.000 0.000 0.000 0.000 58.677 59.679 59.673 59.665 59.659 58.663 58.663 57.658 58.648 63.633 75.611 69.584 12.551 84.513 85.470 63.423 70.371 87.316 81.257 68.194 58.130 64.065 64.997 67.918 52.877 0.000 0.000 0.000 0.000 0.000 0.000 0.000 0.000 0.377 16.381 62.379 59.377 59.373 57.368 57.361 57.353 57.344 57.333
87.233 70.233 70.233 72.232 74.232 93.232 101.231 101.231 101.231 103.231 77.231 16.231 0.000 65.229 72.229 73.229 35.228 30.228 93.228 101.227 96.227 92.226 75.226 0.000 0.000 0.000 0.000 0.000 0.000 0.000 0.000 59.693 58.681 57.676 58.682 59.710 59.719 59.720 59.715 60.704 79.685 74.659 57.626 59.588 70.545 81.497 58.445 70.388 71.325 64.258 84.193 67.128 59.062 0.032 0.000 0.000 0.000 0.000 0.000 0.000 0.000 0.000 0.000 0.000 8.388 62.388 57.388 57.388 57.387 57.385 57.382 55.376 53.369
102.233 92.233 73.233 77.233 95.232 101.232 101.232 101.232 101.231 96.231 68.231 74.231 2.230 56.230 91.229 99.229 99.229 83.228 98.228 105.228 15.228 0.000 0.000 0.000 0.000 0.000 0.000 0.000 0.000 0.000 0.000 59.720 0.000 0.000 0.000 60.778 59.783 59.788 59.789 60.782 76.766 81.741 58.708 59.668 59.624 77.575 78.523 56.465 64.398 83.321 75.255 53.191 0.000 0.000 0.000 0.000 0.000 0.000 0.000 0.000 0.000 0.000 0.000 0.000 5.395 62.397 57.399 57.403 57.408 56.411 55.412 60.410 61.407
102.233 102.233 97.233 100.233 101.233 101.232 101.232 101.232 101.232 97.232 72.231 89.231 0.000 0.000 69.230 93.229 101.229 102.229 101.229 106.228 9.228 0.000 0.000 0.000 0.000 0.000 0.000 0.000 0.000 0.000 0.000 59.746 0.000 0.000 61.846 59.840 59.848 59.861 59.870 59.869 76.856 81.831 58.795 59.753 59.707 60.658 81.606 75.550 82.483 72.372 53.313 0.000 0.000 0.000 0.000 0.000 0.000 0.000 0.000 0.000 0.000 0.000 0.000 0.000 60.401 57.404 57.409 57.419 57.431 56.439 58.444 62.447 63.448
100.233 101.233 101.233 101.233 101.233 101.233 101.233 101.232 101.232 102.232 97.232 104.232 28.231 7.231 57.230 76.230 99.230 101.229 102.229 90.229 4.228 0.000 0.000 0.000 0.000 0.000 0.000 0.000 0.000 0.000 0.000 53.773 58.800 58.826 57.853 59.886 59.910 59.936 59.961 59.970 76.958 81.930 58.890 59.843 59.793 59.743 64.694 87.648 67.611 0.000 0.000 0.000 0.000 0.000 0.000 0.000 0.000 0.000 0.000 0.000 0.000 0.000 0.000 0.000 13.405 64.408 60.416 61.431 59.457 55.470 62.478 63.486 61.492
97.234 102.234 101.234 101.233 101.233 101.233 101.233 101.233 101.233 101.232 102.232 95.232 79.231 70.231 64.231 91.230 101.230 101.230 106.229 9.229 0.000 0.000 0.000 0.000 0.000 0.000 0.000 0.000 0.000 0.000 0.000 0.000 0.000 0.000 0.000 59.943 59.968 60.013 60.069 60.090 76.077 83.042 59.992 59.935 59.880 59.827 59.779 65.736 18.702 0.000 0.000 0.000 0.000 0.000 0.000 0.000 0.000 0.000 0.000 0.000 0.000 0.000 0.000 0.000 0.000 1.408 0.000 0.000 5.498 64.505 62.514 63.526 60.539
97.234 102.234 101.234 101.234 101.234 101.234 101.233 101.233 101.233 101.233 102.232 87.232 66.232 65.231 74.231 98.231 101.230 101.230 107.230 12.230 3.230 0.000 0.000 0.000 0.000 0.000 0.000 0.000 0.000 0.000 0.000 0.000 0.000 0.000 0.000 55.975 60.007 57.078 60.213 60.242 79.220 83.168 60.099 60.028 59.963 59.906 59.859 56.815 6.759 0.000 0.000 0.000 0.000 0.000 0.000 0.000 0.000 0.000 0.000 0.000 0.000 56.585 0.000 0.000 0.000 0.000 0.000 0.000 60.532 61.537 63.548 63.564 60.586
100.235 101.235 101.235 101.234 101.234 101.234 101.234 101.234 101.234 101.233 101.233 98.233 75.232 76.232 93.231 100.231 101.231 101.230 108.230 25.230 0.000 0.000 0.000 0.000 0.000 0.000 0.000 0.000 0.000 0.000 0.000 0.000 0.000 0.000 0.000 0.000 56.007 0.000 59.464 60.447 88.393 75.309 60.209 60.115 60.037 72.977 62.934 57.909 0.000 0.000 0.000 0.000 0.000 0.000 0.000 0.000 0.000 0.000 0.000 0.000 8.585 67.585 52.586 0.000 0.000 0.000 0.000 61.570 64.561 63.564 60.576 56.596 56.627
101.235 101.235 101.235 101.235 101.235 101.235 101.235 101.234 101.234 101.234 101.233 101.233 103.233 103.232 102.232 101.231 101.231 103.231 92.231 35.231 0.000 0.000 0.000 0.000 0.000 0.000 0.000 0.000 0.000 0.000 0.000 0.000 0.000 0.000 0.000 0.000 0.000 0.000 59.733 60.686 94.597 63.468 60.314 60.184 72.093 81.031 59.992 59.976 58.993 0.000 0.000 0.000 0.000 0.000 0.000 0.000 0.000 0.000 0.000 0.000 0.000 63.586 64.586 51.586 0.000 57.585 59.583 63.579 62.578 60.583 59.596 55.618 63.654
100.236 99.236 101.236 101.236 101.236 101.236 101.235 101.235 101.235 101.234 101.234 101.234 101.233 101.233 101.232 101.232 102.231 85.231 13.231 4.231 62.231 76.231 22.231 0.000 0.000 3.230 0.000 0.000 0.000 0.000 0.000 0.000 0.000 0.000 0.000 1.886 1.869 0.000 56.048 66.968 89.842 60.651 57.393 60.215 60.121 60.063 60.028 60.011 60.009 57.009 0.000 0.000 0.000 0.000 0.000 0.000 0.000 0.000 0.000 0.000 0.000 58.586 54.586 60.586 55.586 63.586 63.586 62.586 58.588 61.594 56.606 55.626 55.658
90.236 90.236 99.236 101.236 101.236 101.236 101.236 101.236 101.236 101.235 101.235 102.234 103.233 101.233 101.232 101.232 101.232 23.231 7.231 62.231 72.231 82.231 81.231 74.231 66.230 7.230 0.000 0.000 0.000 0.000 0.000 0.000 0.000 0.000 1.921 60.904 63.852 63.712 60.443 59.297 68.150 55.901 0.000 56.163 60.111 60.072 60.045 60.030 59.025 0.000 0.000 0.000 0.000 0.000 0.000 0.000 60.584 71.584 0.000 0.000 59.585 57.586 57.586 54.586 62.587 63.587 63.588 60.590 63.594 63.600 61.609 56.621 45.633
72.237 77.237 96.237 102.237 101.237 101.237 101.237 101.237 101.236 101.236 103.235 89.235 85.234 100.233 105.233 102.232 97.232 79.232 82.231 88.231 82.231 83.231 62.231 55.231 1.230 0.000 0.000 0.000 0.000 0.000 0.000 0.000 0.000 0.000 51.938 57.955 60.923 60.840 60.717 60.625 62.563 0.000 0.000 0.000 55.090 60.068 60.051 60.040 60.035 0.000 0.000 0.000 0.000 0.000 0.000 20.584 77.584 59.585 57.585 57.585 57.585 57.586 55.586 60.586 63.587 63.588 59.590 63.593 63.597 62.602 56.609 57.616 47.622
56.238 71.238 90.238 103.238 104.238 104.238 102.238 101.238 102.237 101.237 102.236 40.236 11.234 59.233 77.233 98.232 105.232 103.232 103.232 89.231 12.231 0.000 0.000 0.000 0.000 0.000 0.000 0.000 0.000 6.903 8.903 0.000 0.000 0.000 0.000 57.057 61.045 59.009 59.959 61.924 62.913 0.000 0.000 0.000 0.000 53.059 60.050 60.044 57.039 0.000 0.000 0.000 0.000 0.000 0.000 0.000 19.585 73.585 56.585 56.585 57.585 56.586 56.586 62.586 63.587 61.589 49.591 2.595 67.600 61.604 61.608 61.613 47.616
20.238 42.238 75.239 81.239 75.239 77.239 94.239 102.239 98.238 91.238 90.238 25.237 0.000 0.000 0.000 35.232 70.232 96.232 103.232 0.231 0.000 0.000 0.000 0.000 0.000 0.000 0.000 0.000 0.000 48.903 69.903 14.903 0.000 0.000 0.000 57.170 63.191 62.192 71.187 72.197 62.253 7.418 0.000 0.000 0.000 0.000 57.048 58.046 0.000 0.000 0.000 0.000 0.000 0.000 0.000 0.000 0.000 78.585 81.585 61.585 55.585 53.585 63.586 63.586 58.587 0.000 0.000 0.000 8.602 66.605 63.608 63.611 53.612
0.000 0.000 56.241 65.241 17.241 3.241 66.240 95.240 86.239 82.239 96.239 63.238 23.239 0.000 0.000 0.000 0.000 41.233 72.233 0.000 0.000 0.000 0.000 0.000 0.000 0.000 0.000 0.000 0.000 0.000 53.904 71.904 2.903 0.000 0.000 48.262 62.355 60.383 90.399 83.426 61.483 63.583 9.692 0.000 0.000 0.000 52.048 0.000 0.000 0.000 0.000 0.000 0.000 0.000 0.000 0.000 0.000 0.000 66.585 83.585 68.585 62.585 63.586 58.586 0.000 0.000 0.000 0.000 0.000 58.607 63.608 63.610 58.611
0.000 0.000 52.243 97.243 54.242 3.242 55.241 87.241 89.241 100.240 102.240 105.239 111.239 50.239 19.239 0.000 0.000 0.000 12.234 7.234 0.000 0.233 0.000 0.000 0.000 0.000 0.000 0.000 0.000 0.000 54.904 69.904 0.000 6.905 10.905 0.000 55.584 63.587 93.598 75.625 63.672 62.738 67.801 0.000 0.000 0.000 0.000 0.000 0.000 0.000 0.000 0.000 0.000 0.000 0.000 0.000 0.000 0.000 0.000 4.585 71.585 61.585 59.585 0.000 0.000 0.000 0.000 0.000 57.607 56.607 58.608 52.609 0.000
25.247 40.247 74.245 92.244 100.244 69.243 82.243 105.242 102.242 101.241 101.241 101.240 101.240 107.239 110.238 66.238 25.237 7.236 70.235 84.235 77.234 79.234 35.234 11.234 8.234 0.000 0.000 0.000 0.000 0.000 33.904 55.904 61.904 61.905 64.905 23.906 56.810 85.782 87.783 64.803 62.841 62.898 65.972 11.094 6.148 0.000 0.000 0.000 0.000 0.000 0.000 0.000 0.000 0.000 0.000 0.000 0.000 0.000 0.000 0.000 0.000 0.000 5.585 0.000 0.000 0.000 0.000 59.607 54.607 52.607 0.000 0.000 0.000
98.248 101.247 101.247 99.246 97.245 98.245 100.244 100.243 101.243 102.242 102.241 101.241 94.240 98.239 101.239 105.238 109.237 110.236 102.235 98.235 95.234 90.234 92.234 85.234 41.234 19.234 0.000 0.000 0.000 0.000 0.000 0.000 0.000 0.000 0.000 81.002 69.969 98.949 89.947 76.962 63.993 63.038 63.096 67.163 63.201 0.000 0.000 0.000 0.000 0.000 0.000 0.000 0.000 0.000 0.000 0.000 0.000 0.000 0.000 0.000 0.000 0.000 0.000 0.000 0.000 0.000 0.000 0.000 0.000 0.000 0.000 0.000 0.000
101.249 96.249 94.248 93.248 87.247 84.246 85.246 85.245 91.244 96.243 96.242 89.241 73.241 88.240 101.239 101.238 101.237 101.236 101.235 101.235 102.234 102.234 105.234 106.234 106.234 106.234 45.234 0.000 0.000 0.000 0.000 0.000 0.000 0.000 0.000 53.132 79.114 84.098 68.095 85.106 73.131 63.167 63.212 66.259 9.293 0.000 0.000 0.000 0.000 0.000 0.000 0.000 0.000 0.000 0.000 0.000 0.000 0.000 0.000 0.000 0.000 0.000 0.000 0.000 0.000 0.000 0.000 0.000 0.000 0.000 0.000 0.000 0.000
71.250 44.250 66.250 80.249 78.249 58.248 43.247 39.246 59.245 76.244 75.243 68.242 63.241 73.240 94.239 102.238 101.237 101.236 101.235 101.235 101.234 105.234 80.234 68.234 67.234 71.234 74.234 13.234 2.234 0.000 0.000 0.000 0.000 0.000 0.000 51.280 87.256 70.235 62.229 72.237 83.257 67.287 63.324 63.368 69.420 13.510 7.551 0.000 0.000 0.000 0.000 0.000 0.000 0.000 0.000 0.000 0.000 0.000 0.000 0.000 0.000 0.000 0.000 0.000 0.000 0.000 0.000 0.000 0.000 0.000 0.000 0.000 0.000
61.252 32.252 54.251 69.251 65.250 42.250 28.249 32.248 52.247 66.246 64.244 64.243 65.242 63.240 82.239 99.238 101.237 101.236 101.235 101.234 100.234 63.234 0.000 0.000 0.000 0.000 0.000 0.000 0.000 57.620 77.620 29.619 15.616 11.604 58.558 75.452 92.397 69.356 63.348 61.356 78.374 80.399 66.431 63.468 63.510 66.559 75.593 13.622 8.629 0.000 0.000 0.000 0.000 0.000 0.000 0.000 0.000 0.000 0.000 0.000 0.000 0.000 0.000 0.000 0.000 0.000 0.000 0.000 0.000 0.000 0.000 0.000 0.000
74.254 70.254 65.253 64.253 65.252 67.251 68.250 71.249 70.248 66.247 65.246 65.244 65.243 64.241 71.239 93.238 102.236 101.235 103.234 75.234 41.234 0.000 0.000 0.000 0.000 0.000 0.000 0.000 0.000 22.621 44.621 47.622 51.625 65.638 62.619 83.572 80.523 54.444 61.452 63.464 65.483 78.506 70.533 65.563 63.593 62.622 79.639 70.643 64.636 0.000 0.000 0.000 0.000 0.000 0.000 0.000 0.000 0.000 0.000 0.000 0.000 0.000 0.000 0.000 0.000 0.000 0.000 0.000 0.000 0.000 0.000 0.000 0.000
64.256 65.256 65.255 65.255 65.254 65.253 65.252 65.251 65.250 65.248 65.247 65.245 65.243 65.241 63.240 84.238 101.236 103.234 99.233 25.233 0.000 0.000 0.000 0.000 0.000 0.000 0.000 0.000 0.000 0.000 0.000 0.000 0.000 49.702 66.709 92.696 66.678 0.000 49.553 64.567 62.586 66.609 67.632 76.656 65.679 63.696 62.699 58.676 0.000 0.000 0.000 0.000 0.000 0.000 0.000 0.000 0.000 0.000 0.000 0.000 0.000 0.000 0.000 0.000 0.000 0.000 0.000 0.000 0.000 0.000 0.000 0.000 23.601
65.258 65.258 65.258 65.257 65.256 65.255 65.254 64.253 64.252 65.250 65.248 65.246 65.244 65.242 64.240 72.237 87.235 98.233 86.232 12.231 0.000 0.000 0.000 0.000 0.000 0.000 0.000 0.000 0.000 0.000 0.000 0.000 0.000 26.760 75.818 100.823 10.817 0.000 47.639 65.664 63.688 62.710 70.731 81.751 69.769 63.783 67.786 0.737 0.000 0.000 0.000 0.000 0.000 0.000 0.000 0.000 0.000 0.000 0.000 0.000 0.000 0.000 0.000 0.000 0.000 0.000 0.000 0.000 0.000 0.000 0.000 0.000 80.677
65.261 65.261 65.260 65.260 65.259 65.258 65.257 69.255 70.254 66.252 65.250 65.248 65.245 65.243 65.240 64.237 67.234 76.232 76.229 17.228 0.000 0.000 0.000 0.000 0.000 0.000 18.815 0.000 0.000 0.000 0.000 0.000 0.000 0.000 79.980 94.962 17.949 0.000 31.700 62.762 63.791 63.812 62.831 67.849 69.865 65.879 67.887 0.000 0.000 0.000 0.000 0.000 0.000 0.000 0.000 0.000 0.000 0.000 0.000 0.000 0.000 0.000 0.000 0.000 0.000 0.000 0.000 0.000 0.000 0.000 0.000 64.899 73.807
65.264 65.264 65.263 65.262 65.262 65.260 64.259 76.258 81.256 68.254 65.252 65.249 65.246 65.244 65.240 65.237 65.234 64.230 67.227 48.224 0.000 0.000 0.000 0.000 0.000 60.816 81.816 43.813 34.803 33.790 0.000 0.000 0.000 61.278 103.160 77.097 77.068 4.090 0.000 48.891 65.904 63.917 63.932 61.947 77.964 81.981 75.997 0.000 0.000 0.000 0.000 0.000 0.000 0.000 0.000 0.000 0.000 0.000 0.000 0.000 0.000 0.000 0.000 0.000 0.000 0.000 0.000 0.000 0.000 0.000 39.065 89.992 75.916
65.267 65.267 65.266 65.265 65.264 65.263 64.262 77.260 83.258 67.256 65.254 65.251 65.248 65.245 65.241 65.237 65.233 65.228 65.223 71.217 42.210 0.000 0.000 0.000 0.817 23.817 38.817 60.820 68.807 72.778 46.721 22.645 57.542 95.396 93.284 73.198 55.135 13.113 0.000 49.009 66.014 65.022 68.032 63.045 72.062 95.085 92.122 37.200 1.273 17.299 0.000 0.000 0.000 0.000 0.000 0.000 0.000 0.000 0.000 0.000 0.000 0.000 0.000 0.000 0.000 0.000 0.000 0.000 0.000 0.000 76.138 132.086 115.022
62.270 63.270 64.269 64.269 65.268 65.266 63.265 78.263 81.261 64.259 65.256 65.253 65.250 65.246 65.242 65.237 65.232 65.226 65.220 65.212 71.202 51.189 2.180 0.000 0.000 0.000 0.000 36.844 67.826 63.792 66.741 70.672 82.584 99.480 83.382 51.277 1.212 0.000 0.000 48.122 65.121 68.124 81.129 67.139 77.153 78.174 97.205 101.251 84.294 34.314 0.000 0.000 0.000 0.000 0.000 0.000 0.000 0.000 0.000 0.000 0.000 0.000 0.000 0.000 0.000 0.000 0.000 0.000 0.000 62.356 72.264 73.193 76.126
83.274 78.273 73.273 71.272 67.271 63.270 63.268 78.266 81.264 63.262 65.259 65.256 65.252 65.248 65.243 65.238 64.232 63.226 64.218 64.209 64.198 70.185 47.172 24.157 0.000 0.000 0.000 35.885 73.861 67.825 62.777 75.717 98.644 92.557 60.489 0.000 0.000 0.000 0.000 46.234 64.227 69.222 76.223 71.228 76.238 75.254 88.275 82.303 75.329 48.350 3.373 0.000 0.000 0.000 0.000 0.000 0.000 0.000 0.000 0.000 0.000 0.000 0.000 0.000 9.149 0.000 0.000 5.527 39.527 67.449 136.368 100.303 132.187
103.278 102.277 98.277 93.276 89.275 84.274 79.272 75.270 70.268 64.265 65.262 65.259 65.255 65.250 64.246 66.240 72.234 77.226 76.218 74.208 68.196 63.182 67.164 73.142 37.106 18.066 22.017 55.950 78.908 69.869 65.827 88.777 100.715 56.617 1.557 0.000 0.000 9.445 16.421 50.355 63.328 68.316 84.311 74.313 67.318 60.327 66.340 84.355 81.371 87.385 6.396 0.000 0.000 0.000 0.000 0.000 0.000 0.000 0.000 0.000 0.000 0.000 0.000 0.000 6.149 0.000 0.000 0.000 74.605 65.542 75.473 98.366 74.540
