results2_8e3_rain/res_3e8f.totaltm
ncols         241
nrows         181
xllcorner     12693529.787448
yllcorner     3542525.717860
cellsize      155.156523
NODATA_value  -9999.000000
[rows 93 to 123 of 181, columns 0 to 69 of 241]
0.000 0.000 0.000 0.000 0.000 0.000 0.000 0.000 0.000 89.495 527.458 527.464 368.939 0.000 0.000 0.000 0.000 0.000 0.000 0.000 0.000 0.000 0.000 477.389 0.000 470.801 0.000 0.000 0.000 0.000 0.000 532.396 0.000 546.053 546.423 499.078 550.224 550.251 550.747 537.634 550.097 553.454 553.641 553.842 553.904 553.828 553.669 553.662 553.868 553.894 553.927 555.170 553.941 551.593 551.796 551.969 552.121 552.924 553.428 553.589 553.892 554.038 557.368 557.291 556.542 552.000 551.868 514.206 0.000 0.000
0.000 0.000 0.000 0.000 0.000 0.000 0.000 0.000 0.000 0.000 527.604 527.648 527.499 332.989 0.000 0.000 0.000 0.000 0.000 0.000 0.000 0.000 477.409 477.476 457.664 524.097 427.343 431.349 0.000 0.000 0.000 533.149 0.000 546.190 546.617 508.102 0.000 0.000 550.764 550.787 552.917 553.433 551.566 550.831 553.609 551.937 549.958 551.716 553.614 552.317 552.453 552.582 551.341 551.544 551.720 551.884 552.057 552.331 552.613 553.026 553.563 553.977 528.565 0.000 518.341 551.895 550.571 517.351 0.000 453.859
0.000 0.000 88.736 0.000 0.000 0.000 333.074 422.907 0.000 0.000 527.531 527.901 527.861 201.501 0.000 0.000 0.000 0.000 0.000 0.000 0.000 0.000 457.668 511.370 500.841 525.376 444.318 431.508 200.962 0.000 0.000 533.248 0.000 546.026 546.632 505.624 0.000 0.000 531.490 451.856 551.377 552.719 552.592 553.077 553.591 553.198 552.492 550.930 553.564 544.803 550.846 551.093 551.286 551.454 551.614 551.766 551.919 552.108 552.369 552.605 553.289 524.058 0.000 0.000 0.000 519.373 550.541 522.574 0.000 480.600
0.000 0.000 511.564 473.646 388.143 0.000 0.000 528.588 528.538 528.457 527.981 527.944 527.915 368.777 0.000 0.000 0.000 0.000 332.954 332.947 0.000 471.914 472.041 515.421 526.732 525.396 447.294 447.129 447.039 0.000 327.391 547.546 0.000 546.141 546.746 546.849 0.000 0.000 523.722 438.037 550.191 552.585 551.766 550.009 552.701 551.787 547.661 551.162 553.538 541.549 549.892 551.041 551.203 551.349 551.489 551.628 551.764 551.900 552.055 552.432 553.152 517.933 0.000 0.000 0.000 398.498 528.811 496.596 502.298 557.750
0.000 0.000 511.623 520.766 521.414 444.948 410.115 528.650 526.804 526.177 525.378 526.055 525.309 0.000 0.000 0.000 0.000 0.000 367.814 368.639 201.146 435.236 438.486 526.799 526.771 525.153 407.748 435.170 400.258 0.000 279.357 547.701 547.710 547.810 547.878 547.925 547.933 547.941 549.661 549.699 550.091 552.554 552.469 552.454 552.689 552.565 552.371 550.666 553.528 541.416 549.912 550.968 551.114 551.244 551.363 551.480 551.593 551.690 551.907 534.910 0.000 0.000 0.000 0.000 490.108 558.800 528.916 0.000 533.846 559.913
0.000 0.000 0.000 504.314 521.471 529.574 532.596 535.113 485.419 438.916 0.000 0.000 0.000 0.000 0.000 0.000 332.111 333.258 528.209 201.285 0.000 0.000 0.000 526.840 526.803 512.780 0.000 0.000 0.000 0.000 0.000 545.913 543.401 363.592 546.203 545.776 545.830 546.192 549.628 548.002 550.089 552.192 552.231 550.936 549.864 550.026 551.833 553.293 553.302 544.588 549.366 549.949 550.993 551.119 551.231 550.342 550.422 551.449 551.756 526.699 0.000 0.000 0.000 0.000 515.170 559.514 557.915 543.053 559.622 560.533
0.000 0.000 0.000 0.000 0.000 525.579 536.164 536.278 534.933 534.044 0.000 0.000 0.000 0.000 0.000 270.121 270.236 528.443 528.266 0.000 0.000 270.172 387.844 527.283 526.861 368.614 0.000 0.000 0.000 433.924 0.000 0.000 0.000 0.000 460.171 545.739 545.531 545.121 545.724 546.735 550.064 548.052 550.091 545.452 547.367 545.603 546.641 549.893 550.033 549.621 549.558 549.370 549.444 550.964 551.150 551.093 551.271 551.337 539.504 0.000 0.000 0.000 0.000 0.000 504.909 559.538 559.551 558.879 539.492 532.400
0.000 0.000 0.000 0.000 0.000 526.350 536.273 536.293 0.000 0.000 0.000 0.000 0.000 0.000 0.000 269.481 441.740 529.030 529.075 409.538 368.918 368.804 527.916 527.819 527.767 201.292 0.000 0.000 0.000 546.450 545.730 0.000 0.000 65.830 546.416 547.033 546.556 545.855 545.714 547.566 550.038 548.449 550.064 550.019 547.977 549.410 549.276 549.867 547.581 549.562 549.599 549.323 549.361 549.973 550.945 550.076 482.921 445.667 0.000 0.000 0.000 0.000 0.000 516.087 558.994 559.551 559.915 559.573 552.614 554.523
410.211 90.086 0.000 0.000 0.000 511.810 535.678 536.548 450.594 0.000 0.000 0.000 0.000 0.000 0.000 201.552 333.457 529.100 529.131 529.404 529.947 529.120 527.966 527.910 527.290 269.742 0.000 0.000 0.000 546.489 546.547 546.778 546.831 546.906 546.481 547.072 547.086 489.432 549.863 549.872 550.015 548.869 456.406 549.997 549.798 549.736 549.814 549.839 547.550 548.209 549.721 549.826 549.878 549.920 537.316 0.000 0.000 0.000 0.000 0.000 0.000 0.000 0.000 538.036 559.210 559.482 559.955 560.015 560.060 560.196
531.107 531.065 427.988 0.000 0.000 523.639 535.703 536.584 536.615 453.229 0.000 0.000 0.000 0.000 422.963 422.955 409.860 467.105 530.226 529.439 533.490 534.757 531.130 524.453 88.877 0.000 0.000 0.000 0.000 0.000 545.981 546.816 546.906 546.987 547.068 547.113 547.121 546.637 547.466 548.398 549.708 548.905 452.756 549.959 549.930 548.452 549.206 549.815 549.506 549.075 547.891 549.395 549.826 549.885 544.419 0.000 0.000 0.000 0.000 0.000 0.000 0.000 0.000 270.705 476.805 559.622 559.744 559.927 560.008 560.116
534.097 530.402 530.403 530.876 531.332 535.148 536.633 536.642 536.646 536.605 531.970 453.248 201.736 528.831 530.726 530.949 492.636 483.533 534.984 536.045 535.511 534.789 531.347 201.219 0.000 0.000 0.000 0.000 0.000 0.000 0.000 546.706 546.059 545.859 547.114 547.570 547.659 547.740 547.810 548.033 549.694 549.585 547.029 547.961 549.213 549.199 547.779 549.199 549.238 548.525 549.343 549.367 548.068 256.849 0.000 0.000 0.000 0.000 0.000 0.000 0.000 0.000 0.000 0.000 434.003 559.601 559.697 559.844 559.940 560.031
536.546 534.988 531.123 531.993 535.523 536.676 536.695 536.706 536.706 535.719 529.911 531.346 369.162 522.475 534.630 535.959 536.005 533.121 535.888 536.159 450.329 0.000 0.000 0.000 0.000 0.000 0.000 0.000 0.000 0.000 0.000 546.573 0.000 0.000 0.000 547.584 547.645 547.725 547.796 547.988 549.630 549.621 547.673 547.917 547.958 549.099 549.089 546.492 548.521 548.986 548.996 544.226 0.000 0.000 0.000 0.000 0.000 0.000 0.000 0.000 0.000 0.000 0.000 0.000 406.538 559.512 559.592 559.740 559.844 559.384
536.578 536.611 535.936 536.549 536.707 536.737 536.765 536.783 536.785 535.941 530.897 534.479 0.000 0.000 530.004 534.995 536.193 536.388 536.244 536.228 431.903 0.000 0.000 0.000 0.000 0.000 0.000 0.000 0.000 0.000 0.000 546.455 190.527 191.945 547.464 547.523 547.603 547.675 547.740 547.796 549.617 549.608 547.647 547.889 547.946 548.101 549.076 548.986 548.975 548.791 544.014 0.000 0.000 0.000 0.000 0.000 0.000 0.000 0.000 0.000 0.000 0.000 0.000 0.000 558.950 559.138 559.416 559.603 559.722 559.275
536.516 536.643 536.688 536.724 536.761 536.800 536.836 536.864 536.878 536.899 535.955 535.925 479.932 423.209 523.452 531.638 536.081 536.451 536.387 534.437 400.753 0.000 0.000 0.000 0.000 0.000 0.000 0.000 0.000 0.000 0.000 543.203 546.312 546.450 546.539 547.485 547.559 547.628 547.692 547.754 549.596 549.591 547.600 547.853 547.906 547.953 548.465 548.976 548.627 0.000 0.000 0.000 0.000 0.000 0.000 0.000 0.000 0.000 0.000 0.000 0.000 0.000 0.000 0.000 464.108 559.226 559.311 559.560 559.633 558.335
535.933 536.704 536.730 536.770 536.815 536.861 536.903 536.936 536.959 536.963 536.995 535.542 532.451 530.414 528.686 534.691 536.582 536.520 536.484 432.062 0.000 0.000 0.000 0.000 0.000 0.000 0.000 0.000 0.000 0.000 0.000 0.000 0.000 0.000 0.000 547.453 547.520 547.589 547.661 547.736 549.388 549.576 547.765 547.814 547.864 547.912 547.953 548.522 473.069 0.000 0.000 0.000 0.000 0.000 0.000 0.000 0.000 0.000 0.000 0.000 0.000 0.000 0.000 0.000 0.000 312.616 229.609 0.000 406.105 561.402
535.949 536.739 536.769 536.816 536.868 536.918 536.962 537.000 537.029 537.045 537.068 534.143 529.378 529.061 531.271 535.978 536.669 536.589 536.547 441.995 388.129 0.000 0.000 0.000 0.000 0.000 0.000 0.000 0.000 0.000 0.000 0.000 0.000 0.000 0.000 544.899 547.453 545.471 547.641 547.721 549.471 549.557 547.730 547.768 547.814 547.862 547.904 545.954 422.587 0.000 0.000 0.000 0.000 0.000 0.000 0.000 0.000 0.000 0.000 0.000 0.000 557.223 0.000 0.000 0.000 0.000 0.000 192.826 561.189 561.316
536.590 536.761 536.806 536.861 536.918 536.969 537.015 537.056 537.090 537.115 537.122 536.190 531.594 531.756 535.103 536.579 536.755 536.667 536.620 473.539 0.000 0.000 0.000 0.000 0.000 0.000 0.000 0.000 0.000 0.000 0.000 0.000 0.000 0.000 0.000 0.000 544.874 0.000 547.172 547.708 549.459 549.143 547.709 547.717 547.752 547.841 547.867 546.733 0.000 0.000 0.000 0.000 0.000 0.000 0.000 0.000 0.000 0.000 0.000 0.000 433.214 557.853 555.583 0.000 0.000 0.000 193.920 561.136 561.261 561.288
536.744 536.789 536.839 536.903 536.963 537.016 537.063 537.104 537.141 537.172 537.191 537.132 537.091 537.030 536.934 536.846 536.810 536.776 534.868 492.675 0.000 0.000 0.000 0.000 0.000 0.000 0.000 0.000 0.000 0.000 0.000 0.000 0.000 0.000 0.000 0.000 0.000 0.000 547.133 547.698 549.445 548.175 547.701 547.656 547.714 547.814 547.236 547.214 547.036 0.000 0.000 0.000 0.000 0.000 0.000 0.000 0.000 0.000 0.000 0.000 0.000 557.907 557.837 553.894 194.602 559.097 560.615 561.156 561.172 561.061
536.586 536.431 536.865 536.937 537.002 537.057 537.105 537.146 537.183 537.217 537.241 537.191 537.119 537.035 536.980 536.908 536.844 533.606 444.974 401.056 527.642 531.641 467.251 0.000 0.000 388.226 0.000 0.000 0.000 0.000 0.000 0.000 0.000 0.000 0.000 351.245 350.200 189.168 543.608 548.460 549.364 547.703 545.597 547.571 547.453 547.298 547.217 547.190 547.157 545.626 0.000 0.000 0.000 0.000 0.000 0.000 0.000 0.000 0.000 0.000 122.467 557.962 557.243 557.837 557.886 561.058 561.083 561.099 559.824 561.025
534.674 534.713 536.529 536.958 537.032 537.092 537.140 537.181 537.219 537.253 537.270 537.248 537.219 537.051 537.012 536.947 536.825 469.441 423.336 527.662 530.757 532.751 532.626 531.193 529.188 423.213 0.000 0.000 0.000 0.000 0.000 0.000 0.000 0.000 353.505 545.453 546.468 546.616 546.680 546.493 548.558 543.406 0.000 544.895 547.301 547.212 547.188 547.160 547.004 0.000 0.000 0.000 0.000 0.000 0.000 0.000 558.536 559.233 0.000 0.000 558.130 558.031 557.926 557.249 560.949 561.033 561.058 560.853 560.937 560.989
530.968 532.072 535.814 536.977 537.040 537.115 537.167 537.211 537.252 537.322 537.409 534.693 533.844 536.708 536.978 536.873 535.844 532.353 532.991 534.155 532.979 532.930 527.640 521.517 333.551 88.598 0.000 0.000 0.000 0.000 0.000 84.869 188.129 0.000 535.291 541.566 546.426 546.680 546.846 546.985 547.899 0.000 0.000 0.000 544.076 547.173 547.153 547.124 547.085 127.374 0.000 0.000 0.000 0.000 0.000 490.221 559.235 559.263 558.301 558.243 558.176 558.118 557.773 560.651 560.975 561.004 560.058 560.834 560.886 560.788
522.935 530.765 534.753 537.013 537.110 537.156 537.185 537.209 537.360 537.397 537.444 501.652 439.390 525.729 531.959 536.059 536.022 535.833 535.809 534.351 442.032 0.000 0.000 0.000 0.000 0.000 0.000 0.000 0.000 423.608 433.909 189.969 189.615 188.465 0.000 539.966 545.843 543.431 545.083 547.638 547.842 0.000 0.000 0.000 0.000 541.355 547.110 547.085 545.635 0.000 0.000 0.000 0.000 0.000 0.000 0.000 487.034 559.971 558.052 558.066 558.118 558.178 558.285 560.871 560.944 560.829 550.760 346.351 560.854 560.539
463.291 504.899 531.663 532.961 531.782 532.279 535.717 537.351 537.394 537.430 537.468 474.595 0.000 0.000 0.000 492.757 530.326 535.498 535.779 270.643 0.000 0.000 0.000 0.000 0.000 0.000 0.000 0.000 0.000 475.387 476.213 455.423 248.336 189.607 0.000 539.745 545.648 545.179 546.167 547.611 547.638 428.042 0.000 0.000 0.000 0.000 545.630 546.674 0.000 0.000 0.000 0.000 0.000 0.000 0.000 0.000 0.000 560.117 560.215 559.480 557.503 556.444 560.819 560.851 559.289 0.000 0.000 0.000 433.465 560.519
0.000 0.000 523.251 530.128 456.419 388.870 529.920 537.070 536.882 533.937 538.182 529.303 470.287 0.000 0.000 0.000 0.000 502.812 530.782 0.000 0.000 0.000 0.000 0.000 0.000 0.000 0.000 0.000 0.000 0.000 476.232 477.176 380.668 0.000 0.000 528.186 545.180 542.806 547.543 547.578 544.781 544.623 438.321 0.000 0.000 0.000 539.637 0.000 0.000 0.000 0.000 0.000 0.000 0.000 0.000 0.000 0.000 0.000 560.229 560.666 560.683 560.701 560.786 559.209 0.000 0.000 0.000 0.000 0.000 559.610
0.000 0.000 519.144 537.718 521.491 389.020 522.576 537.096 537.366 538.875 539.181 539.154 539.129 516.856 461.531 0.000 0.000 0.000 443.173 423.834 84.420 270.393 0.000 0.000 0.000 0.000 0.000 0.000 0.000 0.000 476.325 477.206 248.646 423.697 442.153 0.000 537.826 542.798 547.505 545.787 544.604 543.502 543.447 0.000 0.000 0.000 0.000 0.000 0.000 0.000 0.000 0.000 0.000 0.000 0.000 0.000 0.000 0.000 0.000 391.553 560.661 560.166 559.338 0.000 0.000 0.000 0.000 126.521 558.469 558.541
474.802 502.151 532.231 537.743 539.162 531.151 534.221 539.164 539.191 539.216 539.212 539.176 539.125 539.086 539.035 530.843 475.041 423.978 532.024 536.725 533.716 534.649 493.929 440.040 428.704 0.000 0.000 0.000 0.000 0.000 474.023 477.228 478.153 478.204 479.070 479.117 537.998 546.603 547.022 543.157 542.873 543.354 543.229 443.208 419.633 0.000 0.000 0.000 0.000 0.000 0.000 0.000 0.000 0.000 0.000 0.000 0.000 0.000 0.000 0.000 122.006 122.523 405.382 0.000 0.000 0.000 0.000 557.342 557.403 555.731
538.719 539.083 539.163 539.224 539.253 539.137 539.052 538.913 539.216 539.548 539.444 539.212 537.952 538.389 538.986 539.083 539.184 539.185 539.139 538.369 538.018 537.468 537.667 536.872 504.065 461.682 0.000 0.000 0.000 0.000 0.000 0.000 0.000 0.000 0.000 543.883 543.915 546.979 546.999 545.826 542.719 542.922 542.408 542.304 541.775 0.000 0.000 0.000 0.000 0.000 0.000 0.000 0.000 0.000 0.000 0.000 0.000 0.000 0.000 0.000 0.000 0.000 0.000 0.000 0.000 0.000 0.000 0.000 0.000 0.000
539.037 539.103 539.188 539.282 539.326 536.606 536.731 536.697 537.634 539.605 539.460 539.116 534.316 537.256 539.059 539.138 539.221 539.221 539.177 539.138 539.107 539.060 539.028 538.988 538.931 538.874 510.181 0.000 0.000 0.000 0.000 0.000 0.000 0.000 0.000 533.775 546.046 546.447 543.444 545.789 544.784 542.412 542.234 542.182 436.786 0.000 165.388 166.968 0.000 0.000 0.000 0.000 0.000 0.000 0.000 0.000 0.000 0.000 0.000 0.000 0.000 0.000 0.000 0.000 0.000 0.000 0.000 0.000 0.000 0.000
531.595 508.515 530.544 539.328 539.398 526.065 506.887 500.617 527.004 539.653 539.107 539.163 535.014 535.013 539.103 539.238 539.276 539.291 539.231 539.180 539.135 539.104 535.408 531.507 531.236 532.242 532.201 446.122 369.603 200.934 196.322 0.000 0.000 0.000 0.000 529.705 546.024 543.738 541.373 544.582 544.756 543.096 542.128 541.904 541.809 450.994 428.113 232.252 168.986 169.975 160.424 0.000 0.000 0.000 0.000 0.000 0.000 0.000 0.000 0.000 0.000 0.000 0.000 0.000 0.000 0.000 0.000 0.000 0.000 0.000
529.161 488.478 521.966 539.375 539.461 505.650 480.999 488.529 519.621 539.714 539.127 539.223 539.541 535.051 539.165 539.175 539.313 539.352 539.291 539.220 538.993 530.093 0.000 0.000 0.000 0.000 0.000 0.000 0.000 514.619 516.533 489.216 456.616 444.390 538.012 544.822 546.001 543.269 541.533 540.471 544.504 544.489 542.780 541.729 541.593 541.477 541.389 451.200 433.238 0.000 160.349 0.000 0.000 0.000 0.000 0.000 0.000 0.000 0.000 0.000 0.000 0.000 0.000 0.000 0.000 0.000 0.000 0.000 0.000 0.000
539.406 539.443 539.468 538.967 539.577 539.675 539.745 539.719 539.773 539.821 539.746 539.688 539.621 539.278 539.221 539.232 539.551 539.386 539.469 533.377 504.146 0.000 0.000 0.000 0.000 0.000 0.000 0.000 0.000 473.781 516.584 521.207 527.220 540.793 540.850 545.685 545.699 534.602 540.473 541.246 542.461 544.408 543.914 542.261 541.291 539.725 541.296 540.420 539.939 0.000 0.000 0.000 0.000 0.000 0.000 0.000 0.000 0.000 0.000 0.000 0.000 0.000 0.000 0.000 0.000 0.000 0.000 0.000 0.000 0.000
