results2_8e3_rain/res_3e8f-0098.wd
ncols         241
nrows         181
xllcorner     12693529.787448
yllcorner     3542525.717860
cellsize      155.156523
NODATA_value  -9999.000000
[rows 99 to 131 of 181, columns 0 to 72 of 241]
0.000 0.000 0.000 0.000 0.000 58.655 98.655 100.655 91.654 86.654 0.000 0.000 0.000 0.000 0.000 0.000 0.000 66.652 63.652 0.000 0.000 0.000 2.650 61.649 60.649 1.649 0.000 0.000 0.000 7.901 0.000 0.000 0.000 0.000 13.755 59.751 55.741 54.723 55.697 56.669 69.638 58.605 62.568 54.527 56.483 54.435 55.384 60.330 61.273 59.214 63.153 56.090 56.026 57.960 60.892 74.818 75.754 60.704 46.657 0.000 0.000 0.000 0.000 0.000 24.428 79.424 76.413 63.393 38.370 33.347 77.326 54.306 56.287
0.000 0.000 0.000 0.000 0.000 59.656 99.656 99.655 0.000 0.000 0.000 0.000 0.000 0.000 0.000 0.000 11.653 77.653 66.652 4.652 1.652 1.651 64.651 63.650 67.650 0.000 0.000 0.000 0.000 65.901 57.901 0.000 0.000 0.000 72.800 82.795 68.785 61.771 55.751 57.727 76.699 61.668 67.631 67.591 58.547 73.499 65.448 66.393 56.335 64.275 64.213 62.149 56.084 57.018 60.948 57.849 19.782 9.743 0.000 0.000 0.000 0.000 0.000 27.419 64.420 76.416 83.408 73.394 49.378 50.360 64.343 55.327 56.310
4.658 0.000 0.000 0.000 0.000 46.656 95.656 104.656 14.656 0.000 0.000 0.000 0.000 0.000 0.000 0.000 0.653 84.653 65.653 66.652 68.652 65.651 62.651 63.650 61.650 0.000 0.000 0.000 0.000 58.901 58.901 59.899 58.892 58.878 57.851 67.842 76.835 23.825 87.810 77.790 82.764 67.734 12.699 83.660 81.616 80.568 84.515 73.460 56.400 59.338 64.274 64.209 61.142 57.078 46.034 0.000 0.000 0.000 0.000 0.000 0.000 0.000 0.000 37.418 64.417 64.413 75.407 74.398 57.386 57.374 56.361 56.347 56.333
72.659 75.658 7.658 0.000 0.000 56.657 95.657 100.657 110.657 15.657 0.000 0.000 0.000 0.000 6.655 6.654 4.654 21.653 69.653 66.653 84.652 98.652 73.651 58.651 0.000 0.000 0.000 0.000 0.000 0.000 57.903 58.905 58.898 58.890 58.884 57.888 57.888 56.883 57.873 62.857 74.835 68.806 11.772 83.733 84.688 62.640 69.587 86.529 80.468 67.403 57.337 63.270 64.199 67.118 52.076 0.000 0.000 0.000 0.000 0.000 0.000 0.000 0.000 0.000 15.416 61.414 58.409 58.404 56.396 56.388 56.378 56.368 56.357
86.659 69.659 69.658 71.658 73.658 92.657 100.657 100.657 100.657 102.657 76.657 15.657 0.000 64.655 71.655 72.655 34.654 29.654 92.653 100.653 95.653 91.652 74.652 0.000 0.000 0.000 0.000 0.000 0.000 0.000 0.000 58.919 57.906 56.901 57.908 58.937 58.946 58.947 58.942 59.930 78.911 73.884 56.850 58.810 69.766 80.716 57.662 69.603 70.539 63.470 83.402 66.335 58.267 0.000 0.000 0.000 0.000 0.000 0.000 0.000 0.000 0.000 0.000 0.000 7.417 61.416 56.414 56.411 56.407 56.403 56.397 54.390 52.382
101.659 91.659 72.659 76.658 94.658 100.658 100.658 100.657 100.657 95.657 67.657 73.657 1.656 55.655 90.655 98.655 98.655 82.654 97.654 104.654 14.653 0.000 0.000 0.000 0.000 0.000 0.000 0.000 0.000 0.000 0.000 58.947 0.000 0.000 0.000 60.007 59.013 59.018 59.018 60.011 75.994 80.968 57.934 58.893 58.847 76.797 77.743 55.683 63.615 82.534 74.466 52.400 0.000 0.000 0.000 0.000 0.000 0.000 0.000 0.000 0.000 0.000 0.000 0.000 4.419 61.419 56.419 56.419 56.420 55.419 54.416 59.413 60.408
101.659 101.659 96.659 99.659 100.658 100.658 100.658 100.658 100.658 96.658 71.657 88.657 0.000 0.000 68.655 92.655 100.655 101.655 100.654 105.654 8.654 0.000 0.000 0.000 0.000 0.000 0.000 0.000 0.000 0.000 0.000 58.974 0.000 0.000 61.077 59.071 59.080 59.092 59.102 59.101 76.087 81.061 58.025 58.981 58.933 59.883 80.829 74.772 81.702 71.588 52.527 0.000 0.000 0.000 0.000 0.000 0.000 0.000 0.000 0.000 0.000 0.000 0.000 0.000 59.421 56.422 56.424 56.428 56.433 55.436 57.437 61.437 62.436
99.659 100.659 100.659 100.659 100.659 100.659 100.658 100.658 100.658 101.658 96.658 103.657 27.657 6.657 56.656 75.656 98.655 100.655 101.655 89.655 3.654 0.000 0.000 0.000 0.000 0.000 0.000 0.000 0.000 0.000 0.000 53.002 58.029 58.057 57.084 59.119 59.143 59.170 59.196 59.205 76.193 81.164 58.122 59.074 59.022 58.970 63.920 86.872 66.834 0.000 0.000 0.000 0.000 0.000 0.000 0.000 0.000 0.000 0.000 0.000 0.000 0.000 0.000 0.000 12.423 63.424 59.428 60.435 58.449 54.455 61.459 62.463 60.467
96.660 101.660 100.660 100.659 100.659 100.659 100.659 100.659 100.659 100.658 101.658 94.658 78.657 69.657 63.657 90.656 100.656 100.656 105.655 8.655 0.000 0.000 0.000 0.000 0.000 0.000 0.000 0.000 0.000 0.000 0.000 0.000 0.000 0.000 0.000 59.177 59.203 59.249 59.308 59.329 75.316 82.279 59.227 59.169 59.112 59.057 59.008 64.963 17.928 0.000 0.000 0.000 0.000 0.000 0.000 0.000 0.000 0.000 0.000 0.000 0.000 0.000 0.000 0.000 0.000 0.423 0.000 0.000 4.473 63.476 61.482 62.489 59.499
96.660 101.660 100.660 100.660 100.660 100.660 100.659 100.659 100.659 100.659 101.658 86.658 65.658 64.657 73.657 97.657 100.656 100.656 106.656 11.656 2.656 0.000 0.000 0.000 0.000 0.000 0.000 0.000 0.000 0.000 0.000 0.000 0.000 0.000 0.000 55.210 59.243 56.316 59.456 59.486 78.463 82.409 59.338 59.265 59.197 59.139 59.090 56.045 5.987 0.000 0.000 0.000 0.000 0.000 0.000 0.000 0.000 0.000 0.000 0.000 0.000 55.521 0.000 0.000 0.000 0.000 0.000 0.000 59.493 60.496 62.503 62.514 59.529
99.661 100.661 100.661 100.660 100.660 100.660 100.660 100.660 100.660 100.659 100.659 97.658 74.658 75.658 92.657 99.657 100.657 100.656 107.656 24.656 0.000 0.000 0.000 0.000 0.000 0.000 0.000 0.000 0.000 0.000 0.000 0.000 0.000 0.000 0.000 0.000 55.243 0.000 58.715 59.697 87.642 74.556 59.452 59.354 59.274 72.212 62.168 57.142 0.000 0.000 0.000 0.000 0.000 0.000 0.000 0.000 0.000 0.000 0.000 0.000 7.521 66.521 51.521 0.000 0.000 0.000 0.000 60.514 63.509 62.512 59.520 55.533 55.555
100.661 100.661 100.661 100.661 100.661 100.661 100.661 100.660 100.660 100.660 100.659 100.659 102.659 102.658 101.658 100.657 100.657 102.657 91.657 34.656 0.000 0.000 0.000 0.000 0.000 0.000 0.000 0.000 0.000 0.000 0.000 0.000 0.000 0.000 0.000 0.000 0.000 0.000 58.993 59.945 93.853 62.719 59.560 59.426 71.332 80.268 59.228 59.211 58.228 0.000 0.000 0.000 0.000 0.000 0.000 0.000 0.000 0.000 0.000 0.000 0.000 62.521 63.521 50.521 0.000 56.522 58.521 62.519 61.519 59.523 58.531 54.545 62.568
99.662 98.662 100.662 100.662 100.662 100.662 100.661 100.661 100.661 100.660 100.660 100.659 100.659 100.658 100.658 100.658 101.657 84.657 12.657 3.657 61.657 75.657 21.657 0.000 0.000 2.656 0.000 0.000 0.000 0.000 0.000 0.000 0.000 0.000 0.000 1.185 1.166 0.000 55.318 66.236 89.105 59.908 56.642 59.458 59.361 59.301 59.265 59.247 59.246 56.246 0.000 0.000 0.000 0.000 0.000 0.000 0.000 0.000 0.000 0.000 0.000 57.521 53.521 59.521 54.522 62.522 62.523 61.523 57.525 60.529 55.536 54.548 54.565
89.662 89.662 98.663 100.663 100.662 100.662 100.662 100.662 100.662 100.661 100.661 101.660 102.659 100.659 100.658 100.658 100.658 22.657 6.657 61.657 71.657 81.657 80.657 73.656 65.656 6.656 0.000 0.000 0.000 0.000 0.000 0.000 0.000 0.000 1.225 60.203 63.146 63.003 59.726 58.575 67.424 55.166 0.000 55.405 59.351 59.310 59.283 59.267 58.261 0.000 0.000 0.000 0.000 0.000 0.000 0.000 59.520 70.520 0.000 0.000 58.521 56.521 56.521 53.522 61.522 62.523 62.524 59.525 62.528 62.532 60.537 55.544 44.551
71.663 76.663 95.663 101.663 100.663 100.663 100.663 100.663 100.662 100.662 102.661 88.661 84.660 99.659 104.659 101.658 96.658 78.658 81.657 87.657 81.657 82.657 61.657 54.656 0.656 0.000 0.000 0.000 0.000 0.000 0.000 0.000 0.000 0.000 51.246 57.258 60.222 60.136 60.009 59.914 61.850 0.000 0.000 0.000 54.328 59.306 59.288 59.277 59.272 0.000 0.000 0.000 0.000 0.000 0.000 19.520 76.520 58.520 56.520 56.520 56.520 56.521 54.521 59.522 62.522 62.523 58.525 62.527 62.530 61.533 55.537 56.541 46.544
55.664 70.664 89.664 102.664 103.664 103.664 101.664 100.664 101.663 100.663 101.662 39.662 10.660 58.659 76.659 97.658 104.658 102.658 102.658 88.657 11.657 0.000 0.000 0.000 0.000 0.000 0.000 0.000 0.000 6.235 8.235 0.000 0.000 0.000 0.000 56.362 60.349 58.311 59.260 61.223 62.212 0.000 0.000 0.000 0.000 52.297 59.288 59.281 56.276 0.000 0.000 0.000 0.000 0.000 0.000 0.000 18.520 72.520 55.520 55.520 56.520 55.521 55.521 61.522 62.522 60.524 48.525 1.528 66.531 60.534 60.536 60.539 46.541
19.664 41.664 74.665 80.666 74.666 76.665 93.665 101.665 97.664 90.664 89.664 24.663 0.000 0.000 0.000 34.658 69.658 95.658 102.658 0.000 0.000 0.000 0.000 0.000 0.000 0.000 0.000 0.000 0.000 48.235 69.235 14.235 0.000 0.000 0.000 56.478 62.499 61.501 70.495 71.506 61.563 6.733 0.000 0.000 0.000 0.000 56.286 57.284 0.000 0.000 0.000 0.000 0.000 0.000 0.000 0.000 0.000 77.520 80.520 60.520 54.520 52.521 62.521 62.521 57.522 0.000 0.000 0.000 7.533 65.534 62.536 62.538 52.539
0.000 0.000 55.667 64.667 16.667 2.667 65.666 94.666 85.666 81.665 95.665 62.665 22.665 0.000 0.000 0.000 0.000 40.659 71.659 0.000 0.000 0.000 0.000 0.000 0.000 0.000 0.000 0.000 0.000 0.000 53.235 71.235 2.235 0.000 0.000 47.573 61.669 59.698 89.714 82.742 60.801 62.903 9.016 0.000 0.000 0.000 51.286 0.000 0.000 0.000 0.000 0.000 0.000 0.000 0.000 0.000 0.000 0.000 65.520 82.520 67.520 61.520 62.521 57.521 0.000 0.000 0.000 0.000 0.000 57.535 62.536 62.537 57.538
0.000 0.000 51.669 96.669 53.669 2.668 54.668 86.667 88.667 99.666 101.666 104.666 110.665 49.665 18.665 0.000 0.000 0.000 11.660 6.660 0.000 0.000 0.000 0.000 0.000 0.000 0.000 0.000 0.000 0.000 54.236 69.236 0.000 6.237 10.237 0.000 54.905 62.908 92.920 74.947 62.996 62.064 67.128 0.000 0.000 0.000 0.000 0.000 0.000 0.000 0.000 0.000 0.000 0.000 0.000 0.000 0.000 0.000 0.000 3.520 70.520 60.520 58.520 0.000 0.000 0.000 0.000 0.000 56.535 55.536 57.536 51.537 0.000
24.674 39.673 73.671 91.671 99.670 68.670 81.669 104.668 101.668 100.667 100.667 100.666 100.666 106.665 109.665 65.664 24.663 6.662 69.661 83.661 76.661 78.660 34.660 10.660 7.660 0.000 0.000 0.000 0.000 0.000 33.236 55.236 61.236 61.237 64.237 23.238 56.139 85.110 87.110 64.131 62.171 62.228 65.305 10.431 5.486 0.000 0.000 0.000 0.000 0.000 0.000 0.000 0.000 0.000 0.000 0.000 0.000 0.000 0.000 0.000 0.000 0.000 4.520 0.000 0.000 0.000 0.000 58.535 53.535 51.535 0.000 0.000 0.000
97.674 100.674 100.673 98.672 96.672 97.671 99.670 99.670 100.669 101.668 101.668 100.667 93.666 97.666 100.665 104.664 108.663 109.662 101.661 97.661 94.661 89.660 91.660 84.660 40.660 18.660 0.000 0.000 0.000 0.000 0.000 0.000 0.000 0.000 0.000 80.337 69.303 98.282 89.280 76.296 63.327 62.374 62.433 66.502 62.542 0.000 0.000 0.000 0.000 0.000 0.000 0.000 0.000 0.000 0.000 0.000 0.000 0.000 0.000 0.000 0.000 0.000 0.000 0.000 0.000 0.000 0.000 0.000 0.000 0.000 0.000 0.000 0.000
100.675 95.675 93.675 92.674 86.673 83.673 84.672 84.671 90.670 95.670 95.669 88.668 72.667 87.666 100.665 100.664 100.663 100.662 100.661 100.661 101.661 101.660 104.660 105.660 105.660 105.660 44.660 0.000 0.000 0.000 0.000 0.000 0.000 0.000 0.000 52.471 78.453 83.436 67.433 84.444 72.470 62.507 62.552 65.601 8.637 0.000 0.000 0.000 0.000 0.000 0.000 0.000 0.000 0.000 0.000 0.000 0.000 0.000 0.000 0.000 0.000 0.000 0.000 0.000 0.000 0.000 0.000 0.000 0.000 0.000 0.000 0.000 0.000
70.677 43.677 65.676 79.676 77.675 57.674 42.674 38.673 58.672 75.671 74.670 67.669 62.667 72.666 93.665 101.664 100.663 100.662 100.661 100.661 100.660 104.660 79.660 67.660 66.660 70.660 73.660 12.660 1.660 0.000 0.000 0.000 0.000 0.000 0.000 50.624 86.600 69.577 61.571 71.579 82.600 66.631 62.669 62.713 68.767 12.859 6.901 0.000 0.000 0.000 0.000 0.000 0.000 0.000 0.000 0.000 0.000 0.000 0.000 0.000 0.000 0.000 0.000 0.000 0.000 0.000 0.000 0.000 0.000 0.000 0.000 0.000 0.000
60.679 31.678 53.678 68.677 64.677 41.676 27.675 31.674 51.673 65.672 63.671 63.669 64.668 62.667 81.665 98.664 100.663 100.662 100.661 100.660 99.660 62.660 0.000 0.000 0.000 0.000 0.000 0.000 0.000 56.977 76.976 28.975 14.972 10.960 57.912 74.802 91.745 68.702 62.694 60.702 77.720 79.747 65.779 62.817 62.860 65.909 74.943 12.972 7.979 0.000 0.000 0.000 0.000 0.000 0.000 0.000 0.000 0.000 0.000 0.000 0.000 0.000 0.000 0.000 0.000 0.000 0.000 0.000 0.000 0.000 0.000 0.000 0.000
73.681 69.680 64.680 63.679 64.679 66.678 67.677 70.676 69.675 65.673 64.672 64.670 64.669 63.667 70.666 92.664 101.663 100.661 102.660 74.660 40.660 0.000 0.000 0.000 0.000 0.000 0.000 0.000 0.000 21.977 43.977 46.978 50.982 64.994 61.975 82.927 79.875 53.793 60.802 62.814 64.833 77.857 69.884 64.915 62.946 61.974 78.991 69.993 63.986 0.000 0.000 0.000 0.000 0.000 0.000 0.000 0.000 0.000 0.000 0.000 0.000 0.000 0.000 0.000 0.000 0.000 0.000 0.000 0.000 0.000 0.000 0.000 0.000
63.683 64.683 64.682 64.682 64.681 64.680 64.679 64.678 64.676 64.675 64.673 64.672 64.670 64.668 62.666 83.664 100.662 102.660 98.659 24.659 0.000 0.000 0.000 0.000 0.000 0.000 0.000 0.000 0.000 0.000 0.000 0.000 0.000 49.061 66.068 92.054 66.036 0.000 48.906 63.920 61.940 65.963 66.987 76.011 65.034 63.051 62.054 58.024 0.000 0.000 0.000 0.000 0.000 0.000 0.000 0.000 0.000 0.000 0.000 0.000 0.000 0.000 0.000 0.000 0.000 0.000 0.000 0.000 0.000 0.000 0.000 0.000 23.023
64.685 64.685 64.685 64.684 64.683 64.682 64.681 63.680 63.678 64.677 64.675 64.673 64.671 64.668 63.666 71.664 86.661 97.659 85.658 11.657 0.000 0.000 0.000 0.000 0.000 0.000 0.000 0.000 0.000 0.000 0.000 0.000 0.000 26.121 75.181 100.186 10.179 0.000 46.995 65.020 63.045 62.068 70.090 81.110 69.129 63.143 67.149 0.111 0.000 0.000 0.000 0.000 0.000 0.000 0.000 0.000 0.000 0.000 0.000 0.000 0.000 0.000 0.000 0.000 0.000 0.000 0.000 0.000 0.000 0.000 0.000 0.000 80.099
64.688 64.688 64.687 64.687 64.686 64.685 64.683 68.682 69.680 65.678 64.676 64.674 64.672 64.669 64.666 63.663 66.661 75.658 75.655 16.654 0.000 0.000 0.000 0.000 0.000 0.000 18.227 0.000 0.000 0.000 0.000 0.000 0.000 0.000 79.349 94.330 17.315 0.000 31.058 62.122 63.152 63.174 62.193 67.211 69.228 65.242 67.251 0.000 0.000 0.000 0.000 0.000 0.000 0.000 0.000 0.000 0.000 0.000 0.000 0.000 0.000 0.000 0.000 0.000 0.000 0.000 0.000 0.000 0.000 0.000 0.000 64.322 73.230
64.691 64.690 64.690 64.689 64.688 64.687 63.686 75.684 80.683 67.681 64.678 64.676 64.673 64.670 64.667 64.663 64.660 63.656 66.652 47.650 0.000 0.000 0.000 0.000 0.000 60.227 81.227 43.224 34.214 33.201 0.000 0.000 0.000 60.662 102.537 76.470 76.435 3.457 0.000 48.256 65.269 63.283 63.297 61.313 77.329 81.347 75.362 0.000 0.000 0.000 0.000 0.000 0.000 0.000 0.000 0.000 0.000 0.000 0.000 0.000 0.000 0.000 0.000 0.000 0.000 0.000 0.000 0.000 0.000 0.000 38.489 89.415 75.339
64.694 64.694 64.693 64.692 64.691 64.690 63.689 76.687 82.685 66.683 64.680 64.678 64.675 64.671 64.667 64.663 64.659 64.654 64.649 70.643 41.635 0.000 0.000 0.000 0.227 23.228 38.229 60.232 68.218 72.187 46.128 22.048 56.940 94.786 92.668 72.577 54.500 12.478 0.000 48.378 65.383 64.391 67.401 62.414 71.430 94.453 91.488 36.562 0.659 16.694 0.000 0.000 0.000 0.000 0.000 0.000 0.000 0.000 0.000 0.000 0.000 0.000 0.000 0.000 0.000 0.000 0.000 0.000 0.000 0.000 75.563 131.510 114.446
61.697 62.697 63.696 63.696 64.695 64.693 62.692 77.690 80.688 63.686 64.683 64.680 64.676 64.673 64.668 64.664 64.658 64.652 64.646 64.638 70.628 50.615 1.605 0.000 0.000 0.000 0.000 36.256 67.237 63.202 66.149 70.077 81.985 98.875 82.772 50.670 0.600 0.000 0.000 47.495 64.495 67.497 80.502 66.511 76.526 77.546 96.577 100.624 83.677 33.701 0.000 0.000 0.000 0.000 0.000 0.000 0.000 0.000 0.000 0.000 0.000 0.000 0.000 0.000 0.000 0.000 0.000 0.000 0.000 61.784 71.691 72.618 75.550
82.701 77.701 72.700 70.699 66.698 62.697 62.695 77.693 80.691 62.689 64.686 64.682 64.679 64.675 64.670 64.665 63.659 62.652 63.644 63.634 63.623 69.610 46.595 23.580 0.000 0.000 0.000 35.299 73.274 67.237 62.187 75.125 98.049 91.958 59.874 0.000 0.000 0.000 0.000 45.613 63.604 68.599 75.599 70.604 75.614 74.629 87.651 81.680 74.710 47.732 2.753 0.000 0.000 0.000 0.000 0.000 0.000 0.000 0.000 0.000 0.000 0.000 0.000 0.000 8.586 0.000 0.000 4.956 38.956 66.877 135.796 99.729 131.613
102.705 101.705 97.704 92.703 88.702 83.701 78.699 74.697 69.695 63.692 64.689 64.686 64.682 64.677 63.672 65.666 71.660 76.652 75.643 73.633 67.621 62.606 66.588 72.565 36.528 17.486 21.436 55.366 78.323 69.283 65.239 88.189 100.127 56.032 0.962 0.000 0.000 8.832 15.807 49.738 62.710 67.696 83.691 73.692 66.697 59.706 65.718 83.734 80.750 86.764 5.774 0.000 0.000 0.000 0.000 0.000 0.000 0.000 0.000 0.000 0.000 0.000 0.000 0.000 5.586 0.000 0.000 0.000 74.035 64.971 74.901 97.794 73.966
