results2_8e3_rain/res_3e8f-0056.wd
ncols         241
nrows         181
xllcorner     12693529.787448
yllcorner     3542525.717860
cellsize      155.156523
NODATA_value  -9999.000000
[rows 33 to 65 of 181, columns 74 to 147 of 241]
0.000 0.000 0.000 0.000 0.000 0.000 0.000 0.000 0.000 0.000 0.000 0.000 0.000 0.000 0.000 0.000 0.000 0.000 0.000 0.000 0.000 0.000 0.000 0.000 0.000 0.000 0.000 0.000 0.000 0.000 0.000 0.000 0.000 0.000 0.000 0.000 0.000 0.000 33.546 56.547 61.548 17.550 0.000 0.000 26.603 40.621 7.608 0.000 30.640 33.646 27.644 28.632 29.609 29.575 29.532 29.482 28.432 34.390 54.357 1.062 7.337 5.019 40.476 57.030 61.620 60.239 60.898 59.490 61.630 56.733 56.317 56.357 58.662 57.923
0.000 0.000 0.000 0.000 0.000 0.000 0.000 0.000 0.000 0.000 0.000 0.000 0.000 0.000 0.000 0.000 0.000 0.000 0.000 0.000 0.000 0.000 0.000 0.000 0.000 0.000 0.000 0.000 0.000 0.000 0.000 0.000 0.000 0.000 0.000 0.000 0.000 0.000 0.000 8.547 3.547 0.000 0.000 0.000 0.000 22.678 0.000 0.000 20.663 44.687 43.689 33.676 29.650 29.608 29.551 29.482 28.411 50.356 48.357 0.000 30.530 43.243 56.822 61.397 60.986 60.613 60.174 61.286 57.348 56.616 56.916 59.256 58.529 58.319
0.000 0.000 0.000 0.000 0.000 0.000 0.000 0.000 0.000 0.000 0.000 0.000 0.000 0.000 0.000 0.000 0.000 27.681 59.681 12.681 0.000 0.000 0.000 0.000 0.000 0.000 0.000 0.000 0.000 0.000 0.000 0.000 0.000 0.000 0.000 0.000 0.000 0.000 0.000 0.000 0.000 0.000 0.000 0.000 0.000 14.736 0.000 0.000 0.000 22.751 40.748 40.734 31.705 29.656 29.582 27.485 43.372 52.269 0.000 16.480 41.011 55.600 62.173 61.745 61.345 60.874 62.953 58.979 57.045 57.485 59.844 59.122 58.920 58.627
0.000 0.000 0.000 0.000 0.000 0.000 0.000 0.000 0.000 0.000 14.678 52.678 0.000 0.000 0.000 0.000 0.000 34.681 85.681 41.681 0.000 0.000 0.000 0.000 0.000 0.000 0.000 0.000 0.000 0.000 0.000 0.000 0.000 0.000 0.000 0.000 0.000 0.000 0.000 0.000 0.000 0.000 0.000 0.000 0.000 17.793 18.821 25.836 11.838 21.819 29.816 42.808 33.782 29.727 26.636 37.505 47.324 36.078 11.596 40.949 58.434 62.972 62.521 62.095 61.594 61.638 60.632 57.591 58.075 60.440 59.718 59.518 59.224 58.948
0.000 0.000 0.000 0.000 0.000 0.000 0.000 0.000 0.000 0.000 35.678 70.678 59.678 46.679 1.678 0.000 19.682 73.681 81.681 46.681 0.000 0.000 0.000 0.000 16.807 0.000 0.000 0.000 0.000 0.000 0.000 0.000 0.000 0.000 0.000 0.000 0.827 0.000 0.000 0.000 4.832 22.832 0.000 0.000 33.828 48.823 51.834 49.848 35.861 29.871 28.888 42.901 33.888 25.835 39.730 53.575 41.340 29.122 43.760 48.286 60.805 63.330 62.876 62.342 62.348 60.312 58.253 58.692 61.054 60.329 60.125 59.826 59.543 59.262
0.000 0.000 0.000 0.000 0.000 0.000 0.000 0.000 0.000 0.000 6.678 68.678 51.679 32.679 0.000 15.682 65.682 76.682 83.682 42.682 0.000 0.000 0.000 0.000 54.807 38.807 0.000 0.000 0.000 0.000 0.000 0.000 0.000 0.000 0.000 17.827 29.827 31.827 0.000 0.000 13.832 38.833 17.834 31.834 54.834 57.836 58.845 55.861 42.885 29.917 26.964 44.020 35.035 38.994 56.876 50.725 0.000 27.311 46.038 58.631 64.167 63.695 63.131 63.094 61.030 59.050 59.344 61.696 60.967 60.754 60.445 60.150 59.855 59.570
0.000 0.000 0.000 0.000 0.000 0.000 0.000 0.000 0.000 0.000 0.000 0.000 19.680 57.680 53.682 41.682 54.683 74.683 85.682 38.682 0.000 0.000 0.000 0.000 16.807 40.807 42.808 0.000 0.000 0.000 0.000 0.000 0.000 0.000 0.000 33.827 34.827 46.828 29.829 18.830 32.832 33.833 29.834 36.836 43.838 41.842 34.850 53.866 19.900 35.949 39.031 29.179 41.239 54.230 51.053 0.000 2.358 38.772 55.448 64.035 64.552 63.980 63.895 60.807 60.026 60.047 62.377 61.640 61.417 61.095 60.783 60.467 60.158 59.868
0.000 0.000 0.000 0.000 0.000 0.000 0.000 0.000 0.000 0.000 0.000 0.000 9.680 76.681 71.682 61.683 51.684 75.684 83.683 78.683 63.682 18.681 0.000 0.000 0.000 0.000 50.809 34.809 32.810 43.810 38.811 1.811 0.000 0.000 0.000 33.827 32.827 53.828 59.829 48.830 40.831 32.833 29.835 30.837 31.839 30.843 28.848 36.854 0.000 0.000 0.000 34.428 57.513 55.633 0.000 1.298 38.721 52.335 61.959 65.475 65.009 65.760 61.679 61.268 60.822 63.110 62.361 62.123 61.786 61.457 61.120 60.779 60.443 60.144
0.000 0.000 0.000 0.000 0.000 0.000 0.000 0.000 0.000 0.000 0.000 0.000 0.000 9.682 48.683 23.685 59.686 78.686 83.685 81.683 79.682 68.680 27.679 0.000 0.000 0.000 6.809 45.809 45.810 58.810 56.811 49.812 44.812 0.000 0.000 0.825 37.827 56.827 63.829 55.830 39.831 28.833 29.835 29.837 29.839 29.842 29.845 33.848 0.000 0.000 0.000 4.590 41.753 11.156 8.618 43.592 48.243 59.910 66.476 66.295 64.497 62.781 62.924 61.708 63.918 63.145 62.881 62.524 62.177 61.823 61.461 61.086 60.689 61.363
0.000 0.000 0.000 0.000 0.000 0.000 0.000 0.000 0.000 0.000 0.000 0.000 0.000 0.000 0.000 80.688 80.688 82.688 82.687 81.685 75.682 69.679 40.677 0.000 0.000 0.000 0.000 0.000 13.810 58.811 52.811 67.812 64.813 43.815 22.819 23.823 32.826 54.827 63.828 54.830 37.831 27.833 32.835 31.837 29.839 29.842 29.843 30.845 22.844 0.000 0.000 0.000 0.000 3.147 46.105 48.993 56.775 67.443 67.518 65.853 67.662 65.238 62.772 64.836 64.012 63.705 63.316 62.945 62.571 62.196 61.817 60.415 68.864 66.489
0.000 0.000 0.000 0.000 0.000 15.314 38.314 0.000 16.275 56.271 45.266 49.262 24.259 0.000 0.000 16.690 88.691 82.692 79.691 76.687 79.682 70.677 33.675 0.000 0.000 0.000 0.000 0.000 0.000 0.000 2.812 56.812 57.813 8.814 0.000 0.000 36.827 54.827 59.828 49.829 40.831 38.832 0.835 7.838 35.840 29.841 29.842 30.843 36.843 44.843 6.843 0.000 0.000 18.784 51.666 55.512 66.276 68.454 68.070 71.421 69.963 64.183 65.912 64.987 64.606 64.170 63.765 63.364 62.967 62.573 62.196 67.892 0.000 0.000
0.000 0.000 0.000 0.000 0.000 15.314 58.314 0.299 50.279 52.273 64.266 47.260 32.256 0.000 0.000 4.692 73.694 85.700 82.697 82.691 83.682 77.674 31.669 0.000 0.000 0.000 0.000 0.000 0.000 0.000 0.000 0.000 41.813 0.813 0.000 0.000 42.827 39.827 51.828 8.829 0.000 0.000 0.000 0.000 1.840 39.841 33.841 0.000 26.843 60.843 43.843 0.000 0.000 23.416 57.231 66.105 69.198 68.936 73.154 72.431 65.602 67.080 66.053 65.581 65.084 64.635 64.203 63.780 63.359 62.934 62.502 67.065 9.656 0.000
57.456 47.455 0.000 0.000 0.000 9.315 69.316 45.305 47.288 53.276 77.265 78.257 73.250 27.243 0.000 0.000 0.000 33.714 87.708 82.697 83.683 80.668 39.658 0.000 0.000 0.000 0.000 0.000 0.000 0.000 0.000 0.000 0.000 0.000 0.000 0.000 0.000 0.000 0.000 0.000 0.000 0.000 0.000 0.000 0.000 0.000 14.841 11.841 0.000 0.000 0.000 0.000 12.694 50.149 67.103 68.769 69.687 74.030 73.675 66.646 68.140 67.110 66.583 66.035 65.543 65.079 64.632 64.194 63.755 63.302 62.812 65.211 48.247 4.874
69.456 51.454 47.453 0.000 0.000 0.000 61.328 63.312 63.293 75.276 72.263 84.252 83.243 44.237 0.000 0.000 0.000 9.735 89.724 82.706 83.683 80.658 40.638 0.000 0.000 1.356 49.326 61.300 30.282 0.000 0.000 0.000 0.000 0.000 0.000 0.000 0.000 0.000 0.000 0.000 0.000 0.000 0.000 0.000 0.000 0.000 0.000 0.000 0.000 0.000 0.000 10.596 51.128 68.106 68.693 74.873 74.379 67.926 68.467 68.929 68.063 67.538 66.976 66.460 65.971 65.505 65.054 64.609 64.164 63.709 70.231 10.721 0.000 17.855
74.457 53.454 54.451 46.446 0.000 51.383 46.357 54.322 67.296 71.273 82.258 83.245 82.234 51.225 0.000 0.000 0.000 8.767 88.749 82.720 83.685 78.645 58.597 42.522 43.453 43.385 51.333 72.293 39.264 0.000 0.000 0.000 0.000 0.000 0.000 0.000 0.000 0.000 0.000 0.000 0.000 0.000 0.000 0.000 0.000 0.000 0.000 0.000 0.000 8.633 39.420 48.948 67.950 69.553 76.234 75.641 68.465 70.163 69.472 68.897 68.398 67.861 67.348 66.852 66.377 65.917 65.469 65.026 64.583 71.137 16.684 0.000 0.000 2.810
69.458 67.456 50.451 54.442 54.428 45.409 38.397 0.000 0.000 13.263 72.252 83.236 81.222 66.204 33.178 0.000 0.000 57.817 78.784 83.740 82.691 83.639 73.582 49.517 46.451 45.387 54.329 72.274 55.218 41.139 42.077 46.031 57.002 20.991 0.000 0.000 0.000 0.000 0.000 0.000 0.000 0.000 0.000 0.000 0.000 0.000 0.000 0.000 0.000 19.824 59.672 67.629 70.288 77.088 76.708 69.183 70.832 70.033 69.636 69.164 68.672 68.183 67.698 67.226 66.767 66.318 65.878 65.442 71.007 17.572 0.000 0.000 0.000 1.721
15.462 83.460 54.455 48.443 49.433 51.427 51.425 40.434 0.000 0.000 0.000 17.226 88.215 78.192 56.153 48.085 55.005 53.901 55.831 63.765 64.702 51.639 48.577 46.513 46.449 45.385 54.321 69.258 48.193 45.123 50.061 66.013 68.985 53.979 27.979 0.000 0.000 0.000 0.000 0.000 0.000 0.000 0.000 0.000 0.000 0.000 0.000 0.000 10.631 52.492 68.114 70.962 77.606 77.387 69.870 71.499 70.700 70.323 69.870 69.417 68.957 68.495 68.038 67.588 67.146 66.711 66.282 71.856 17.432 0.000 0.000 0.000 0.000 0.000
82.467 83.467 69.466 0.000 0.000 56.444 52.442 63.443 54.443 0.000 0.000 0.000 76.221 73.196 58.155 49.098 46.029 45.950 48.873 61.790 69.711 72.637 65.572 55.510 48.447 47.381 63.314 66.244 41.172 45.100 45.032 45.977 49.946 28.962 0.000 0.000 0.000 0.000 0.000 0.000 0.000 0.000 0.000 0.000 0.000 0.000 13.792 45.483 53.365 66.897 78.218 77.842 70.912 71.506 72.065 71.365 70.987 70.547 70.117 69.680 69.242 68.804 68.370 67.941 67.517 68.099 74.683 18.270 0.000 0.000 0.000 0.000 0.000 0.000
83.473 83.475 83.476 70.479 53.474 53.462 53.456 44.453 0.000 10.313 17.313 69.293 66.252 69.216 62.174 63.122 63.063 62.997 65.922 60.809 60.716 62.628 66.566 67.508 65.447 61.380 72.308 70.232 58.153 59.071 58.991 60.916 35.859 0.000 0.000 0.000 0.000 0.898 0.000 0.000 0.000 0.000 0.000 0.000 0.763 48.341 48.991 70.042 70.625 79.310 78.826 73.393 73.106 72.490 72.016 71.627 71.202 70.785 70.366 69.946 69.526 69.110 68.697 68.289 68.884 72.483 5.083 0.000 0.000 0.000 0.000 0.000 0.000 4.520
82.480 82.484 83.486 80.486 58.482 52.474 53.467 54.462 46.458 0.000 61.335 58.312 59.279 60.243 55.202 59.155 64.104 72.053 57.010 0.000 0.000 7.591 65.555 61.509 61.452 61.384 61.307 61.224 61.136 61.042 60.944 58.837 53.715 26.553 0.000 2.449 46.182 52.899 64.572 34.307 0.000 0.000 0.000 0.000 49.942 60.654 72.586 73.239 80.033 79.708 74.039 73.712 72.972 72.638 72.241 71.834 71.429 71.022 70.616 70.211 69.808 69.411 69.020 69.633 72.248 19.865 0.000 0.000 0.000 0.000 0.000 0.000 0.000 25.524
72.487 72.494 83.498 83.498 73.493 49.485 52.477 53.468 53.454 59.425 68.378 52.343 49.310 47.275 54.235 69.192 68.147 53.100 33.055 0.000 0.000 0.000 0.000 50.522 45.469 45.396 45.313 45.222 46.124 49.019 49.905 49.774 48.613 49.391 48.042 47.654 56.307 62.943 60.509 67.042 64.474 58.977 56.501 58.929 70.557 74.055 73.847 80.494 80.296 74.672 74.323 73.571 73.240 72.840 72.446 72.050 71.654 71.259 70.865 70.473 70.085 69.708 70.338 70.974 9.611 0.000 0.000 0.000 0.000 0.000 0.000 0.000 0.000 36.554
38.497 50.508 78.515 82.515 63.507 46.497 45.488 53.480 53.467 52.444 46.409 47.373 53.343 70.310 69.273 52.232 45.191 35.145 0.000 54.906 63.861 59.791 60.702 63.589 66.504 65.419 66.328 69.226 68.118 65.005 66.882 61.741 47.571 51.356 50.082 54.773 72.448 79.056 75.482 68.878 63.401 64.977 71.482 76.374 74.825 81.064 80.717 74.649 76.261 74.847 74.184 73.841 73.438 73.048 72.655 72.265 71.879 71.495 71.112 70.730 71.353 68.996 64.652 16.313 0.000 0.000 0.000 0.000 0.000 0.000 0.000 0.000 22.678 26.619
0.000 43.524 62.541 73.538 48.525 40.507 47.499 45.496 52.489 53.474 53.440 46.398 63.380 55.351 44.314 47.274 39.239 0.000 64.015 66.951 66.886 68.811 69.725 72.629 76.539 75.450 75.352 75.236 77.118 78.002 75.878 63.737 49.573 51.380 51.155 50.910 53.656 27.353 0.142 88.584 130.296 107.908 73.898 75.459 82.062 81.614 75.095 77.825 75.240 74.796 74.436 74.038 73.647 73.254 72.863 72.477 72.100 71.730 71.360 72.982 67.599 56.272 10.962 0.000 0.000 0.000 0.000 0.000 0.000 0.000 0.000 20.795 33.737 22.679
0.000 0.000 19.587 54.571 36.548 0.000 42.507 47.515 47.521 53.523 42.481 0.000 47.427 45.400 47.359 48.309 58.253 72.179 69.078 70.998 76.922 86.843 130.757 127.662 127.574 127.490 127.394 128.249 112.117 44.008 46.890 44.757 52.605 51.436 48.249 46.054 27.913 0.000 0.000 0.000 55.166 72.282 76.942 82.750 82.436 74.694 76.395 75.694 75.389 75.019 74.635 74.247 73.855 73.460 73.065 72.681 72.315 72.964 71.616 63.240 51.790 9.531 0.000 0.000 0.000 0.000 0.000 0.000 0.000 0.000 11.906 32.853 24.797 12.740
17.796 6.753 69.650 47.610 0.000 0.000 0.000 41.536 54.557 46.614 0.000 0.000 55.502 46.463 57.411 70.351 70.284 75.208 78.121 71.039 56.961 47.882 43.799 41.689 44.607 45.539 32.487 0.000 49.092 46.022 44.919 48.795 52.656 49.509 41.352 48.145 29.029 0.000 0.000 50.543 67.563 77.334 83.218 83.011 75.276 76.964 76.260 75.966 75.596 75.226 74.846 74.459 74.066 73.664 73.256 72.868 73.514 69.195 57.901 14.570 0.000 0.000 0.000 0.000 0.000 0.000 0.000 0.000 0.000 0.000 29.960 28.915 14.859 11.801
87.824 75.814 0.000 4.610 0.000 0.000 0.000 0.000 0.000 50.764 48.777 56.723 53.615 53.541 53.472 70.401 84.326 73.245 53.161 51.078 45.999 47.926 38.868 0.000 50.623 47.575 36.528 0.000 50.137 45.068 45.969 52.849 50.714 48.592 30.506 0.000 0.000 47.153 45.030 61.828 77.759 83.473 76.204 76.776 77.438 76.835 76.540 76.177 75.816 75.445 75.065 74.678 74.286 73.876 74.427 74.022 63.676 48.402 11.224 0.000 0.000 0.000 0.000 0.000 0.000 0.000 0.000 5.271 4.234 19.165 31.059 18.987 10.924 24.863
73.861 63.866 0.000 0.000 64.356 57.341 51.322 0.000 2.997 68.901 65.844 52.777 53.693 53.614 54.536 75.455 127.372 120.286 67.199 122.114 43.032 46.954 46.879 48.795 46.689 46.607 46.524 48.406 44.252 44.145 53.041 51.918 48.757 43.641 32.573 0.000 0.000 49.275 56.146 78.172 77.076 83.834 77.254 77.844 77.395 77.105 76.758 76.408 76.045 75.672 75.290 74.902 74.523 76.126 71.556 53.115 39.768 41.513 7.368 0.000 0.000 0.000 0.000 0.000 0.000 0.000 0.000 14.309 19.266 33.201 27.123 17.052 25.987 25.924
60.904 4.923 0.000 0.000 47.370 56.347 53.302 71.215 65.093 69.998 77.923 68.848 53.767 53.685 53.601 52.513 46.422 41.329 46.236 43.146 47.061 46.979 46.900 46.817 46.729 46.643 46.552 45.444 50.320 52.219 53.132 37.025 0.000 36.641 0.000 0.000 0.000 53.499 75.438 79.464 84.871 84.391 77.352 78.005 77.647 77.333 76.998 76.647 76.283 75.909 75.520 75.118 73.780 35.548 0.000 0.000 0.000 0.000 0.000 0.000 0.000 0.000 10.644 5.633 4.605 3.558 7.489 16.391 32.321 26.252 17.181 27.112 23.047 13.983
48.953 54.000 0.000 52.429 48.408 47.376 65.324 58.250 74.161 83.078 63.000 48.924 46.844 49.760 52.670 53.575 53.474 46.371 45.269 46.174 46.086 47.003 46.924 46.846 51.766 48.685 45.598 46.496 49.366 53.281 42.242 0.000 0.000 0.000 0.000 9.233 129.113 72.821 79.852 77.840 85.292 77.179 79.696 81.179 77.904 77.586 77.253 76.901 76.532 77.162 73.764 61.270 51.930 9.739 0.000 0.000 0.000 0.000 0.000 0.000 0.000 12.659 12.655 12.650 13.625 13.580 14.518 28.444 28.374 12.306 15.237 17.170 14.105 12.041
34.002 28.124 52.370 48.451 47.455 58.424 62.370 73.300 80.225 46.150 45.078 46.004 47.925 46.839 43.745 51.641 52.529 53.411 52.297 46.196 45.105 44.024 44.948 50.876 109.805 77.734 57.658 40.577 0.000 55.297 63.313 0.000 0.000 0.000 0.000 53.355 64.258 81.144 79.189 86.021 85.671 78.274 78.801 79.465 78.170 77.857 77.526 77.171 77.784 76.441 29.102 0.000 0.000 0.000 0.000 0.000 0.000 0.000 0.000 0.000 0.000 19.664 15.669 12.687 13.664 11.619 23.561 30.494 14.427 15.359 23.292 21.226 15.161 12.098
0.000 0.000 45.536 48.551 50.538 71.496 82.430 96.357 78.287 7.221 64.157 64.089 48.013 47.927 46.829 44.717 47.590 53.447 51.314 52.206 54.116 52.038 49.969 45.905 40.845 45.788 40.723 0.000 0.000 0.000 49.400 41.422 0.000 0.000 0.000 63.573 80.456 80.541 78.567 86.338 78.006 80.504 82.007 78.748 78.455 78.148 77.821 77.475 74.992 29.716 0.000 0.000 0.000 0.000 0.000 0.000 0.000 0.000 0.000 0.000 19.208 0.000 0.000 20.766 10.727 21.673 33.612 21.546 16.479 21.413 25.346 18.281 13.217 11.154
0.000 0.000 43.686 49.679 65.650 76.591 124.497 118.412 120.346 126.291 122.240 123.182 48.112 48.028 46.928 46.809 45.667 40.473 50.305 52.198 53.115 51.045 52.983 52.929 53.883 46.850 0.000 0.000 0.000 0.000 50.466 35.444 0.000 0.000 55.076 76.873 80.811 79.801 86.917 86.635 79.069 79.612 80.299 79.033 78.755 78.457 79.137 53.915 0.000 0.000 0.000 0.000 0.000 0.000 0.000 0.000 0.000 31.374 20.337 10.280 14.209 14.124 15.020 14.885 17.803 30.734 27.667 22.600 23.533 21.466 19.400 15.335 12.271 14.209
0.000 0.000 44.843 61.828 69.793 75.722 46.556 45.448 44.392 41.359 42.329 42.286 48.226 48.146 64.044 63.925 39.796 0.000 37.235 50.166 52.103 50.043 51.991 51.946 52.906 48.880 0.000 0.000 0.000 48.643 33.555 0.000 0.000 56.418 65.273 82.124 81.023 80.204 87.178 78.753 81.276 83.809 79.583 79.331 79.076 77.790 65.353 24.134 0.000 0.000 0.000 0.000 0.000 17.571 12.555 12.524 12.477 16.412 28.356 31.295 17.224 12.143 14.051 15.952 30.868 29.793 15.723 24.654 25.586 24.519 17.453 13.388 12.325 22.263
