results2_8e3_rain/res_3e8f-0190.wd
ncols         241
nrows         181
xllcorner     12693529.787448
yllcorner     3542525.717860
cellsize      155.156523
NODATA_value  -9999.000000
[rows 99 to 131 of 181, columns 73 to 145 of 241]
59.865 59.841 59.816 58.790 58.763 63.735 66.707 63.680 59.659 59.650 53.651 9.657 0.000 0.000 0.000 0.000 0.000 14.858 72.825 97.780 95.773 94.929 101.597 101.526 94.626 95.322 95.169 95.059 95.954 95.855 94.765 98.688 57.635 0.000 0.000 0.000 0.000 0.000 0.000 34.719 60.644 72.539 40.406 22.201 52.106 55.020 52.926 56.806 53.622 51.347 21.032 45.792 49.664 64.577 70.514 73.467 71.433 66.408 59.393 54.384 49.381 27.374 0.000 0.000 0.000 0.000 21.760 39.760 51.760 75.760 76.760 76.759 76.759
59.916 59.893 58.869 56.843 60.814 65.784 66.751 66.713 60.686 57.670 62.664 62.663 23.664 0.000 17.490 47.438 24.325 4.125 61.030 100.909 96.159 96.174 101.656 93.938 95.726 95.380 95.292 95.180 95.072 94.970 96.879 95.807 31.760 0.000 0.000 0.000 0.000 0.000 3.024 38.898 44.802 55.713 4.644 0.000 47.224 55.164 54.072 57.947 57.771 28.559 0.000 40.694 54.636 59.572 80.520 81.480 81.450 82.428 83.414 81.405 62.401 0.405 0.418 1.425 0.000 0.000 0.000 38.759 51.759 75.759 76.759 76.759 76.759
59.967 58.947 58.923 61.897 64.868 65.836 40.799 4.738 33.700 69.680 42.671 16.667 8.665 0.000 28.542 78.498 75.412 67.296 86.177 97.327 94.315 101.739 95.220 96.025 95.591 95.526 95.409 95.298 95.185 96.074 93.977 81.899 28.840 1.811 0.000 0.000 0.000 3.250 42.149 49.046 46.952 47.870 20.811 0.000 53.403 71.340 64.253 59.139 33.955 0.000 0.654 23.655 13.615 53.555 78.515 82.484 80.460 80.441 80.429 82.421 55.418 49.423 49.425 55.426 0.000 0.000 0.000 15.759 50.759 75.759 76.759 76.759 76.758
59.022 58.003 62.980 65.954 65.924 65.894 30.872 0.000 0.690 12.679 3.675 0.000 0.000 0.000 21.640 84.599 90.529 98.442 98.401 95.526 102.078 101.869 95.187 95.896 95.747 95.638 95.529 95.417 95.297 101.164 51.054 18.972 2.888 0.474 6.859 9.794 0.000 33.351 51.277 47.185 47.092 46.003 51.919 17.831 46.645 72.539 71.460 69.402 0.000 0.000 43.654 0.000 0.000 51.517 80.501 84.481 81.464 80.449 78.438 67.431 48.428 44.428 45.428 29.427 0.000 0.000 0.000 0.000 46.758 75.758 76.758 76.758 72.758
58.079 64.063 66.041 66.014 63.981 69.944 39.922 0.000 0.000 0.000 0.000 0.000 0.000 0.000 32.777 90.730 93.669 97.546 96.782 96.795 102.265 94.573 96.278 95.953 95.866 95.757 95.651 99.543 105.422 60.230 29.104 4.048 0.000 0.000 0.000 6.730 34.665 57.526 51.424 44.326 49.227 53.130 50.032 47.929 61.807 65.712 55.645 63.607 0.000 0.000 11.654 0.000 0.000 57.497 81.489 86.477 85.464 81.453 76.444 45.438 43.434 44.432 51.431 0.000 0.000 0.000 0.000 40.758 44.758 73.758 76.758 76.758 70.758
65.142 66.128 66.107 65.079 43.042 8.979 27.950 29.950 0.000 0.000 0.000 0.000 0.000 24.080 76.961 90.884 93.788 95.946 96.956 102.595 102.437 95.548 96.249 96.088 95.981 95.875 99.774 61.684 21.617 0.000 39.084 25.068 0.000 0.000 0.000 0.000 42.740 76.662 67.567 62.466 57.362 58.257 56.151 57.045 69.942 63.858 47.801 49.773 0.000 0.000 0.000 0.000 0.000 57.485 85.480 50.473 48.464 80.454 83.448 53.443 44.439 49.436 19.434 0.000 0.000 0.000 0.000 13.758 40.758 58.758 74.758 77.757 70.757
66.211 66.201 62.181 66.153 48.130 0.000 18.950 48.950 0.000 0.000 0.000 0.000 14.294 76.198 90.105 96.026 95.997 96.139 102.878 102.741 94.876 96.651 96.300 96.210 96.095 95.987 99.885 71.802 3.746 0.000 9.079 12.073 0.000 0.000 0.000 0.000 29.893 61.816 66.716 76.609 72.498 60.385 63.270 72.158 67.057 54.978 46.927 47.913 21.958 22.970 0.000 0.000 0.000 55.477 89.474 3.471 0.000 29.453 76.450 66.446 47.443 26.440 0.000 0.000 0.000 0.000 0.000 0.000 13.758 37.757 63.757 73.757 66.757
64.287 61.283 60.262 76.221 55.195 0.000 17.950 45.950 0.000 0.000 0.000 8.461 72.389 85.313 95.242 98.122 97.367 95.397 103.005 94.185 95.960 92.518 94.445 96.322 96.207 97.091 90.979 80.892 28.819 0.000 0.000 0.000 0.000 0.000 0.000 17.303 52.123 56.993 56.873 58.756 67.637 70.514 73.386 67.260 54.151 48.069 47.016 45.992 49.992 34.981 0.000 0.000 0.000 44.471 81.469 47.466 36.460 28.455 71.452 77.449 57.447 0.000 0.000 8.450 0.000 0.000 0.000 0.000 0.000 32.757 56.757 61.757 48.757
58.373 67.383 63.365 4.273 5.234 0.000 8.950 8.950 0.000 0.000 0.000 9.533 88.489 90.432 98.343 97.509 96.530 103.230 103.122 96.144 95.831 95.672 95.554 94.437 95.317 97.192 54.047 4.970 0.000 0.000 0.000 0.000 0.000 20.845 37.710 52.484 63.304 60.158 59.028 55.905 56.780 59.648 71.501 72.346 64.217 53.130 46.076 46.048 48.038 0.000 0.000 0.000 0.000 29.468 71.466 49.464 45.460 45.456 77.452 80.451 63.450 26.450 16.450 59.450 0.000 0.000 0.000 0.000 0.000 35.757 59.757 54.757 40.757
59.467 69.509 56.542 0.000 0.000 0.000 5.950 17.950 1.950 0.000 0.783 75.649 85.605 97.548 97.543 96.686 103.423 103.330 95.456 97.231 96.882 96.789 96.670 96.552 98.433 48.312 0.000 0.000 0.000 0.000 0.000 10.313 36.188 52.979 65.802 61.617 60.451 60.306 60.177 61.055 58.932 57.795 31.625 50.404 75.241 57.159 45.111 48.085 46.075 34.081 0.000 0.000 0.000 30.466 63.464 41.462 0.000 0.000 33.452 70.451 59.451 68.451 75.451 34.451 0.000 0.000 0.000 0.000 0.000 10.757 50.757 48.757 41.757
57.559 61.644 60.753 36.917 0.000 0.000 0.000 3.950 6.950 0.000 28.876 88.791 95.732 97.654 97.814 95.937 103.508 95.743 97.525 97.091 97.022 96.902 97.786 98.669 60.551 0.000 0.000 0.000 0.000 0.000 12.602 55.439 66.271 62.083 60.902 60.731 60.576 60.440 60.318 60.205 60.096 68.976 7.801 0.000 43.185 52.154 44.125 53.105 53.095 35.088 0.000 0.000 0.000 0.000 47.460 84.459 52.458 0.000 26.452 71.452 65.451 56.451 56.451 0.000 0.000 0.000 0.000 0.000 0.000 0.000 29.756 40.756 41.756
69.632 7.753 63.910 62.080 51.280 10.401 0.631 0.000 0.000 20.045 78.977 92.911 98.852 97.837 96.992 103.654 103.585 96.692 97.390 97.239 97.129 98.019 99.903 60.786 0.000 0.000 0.000 0.000 11.113 41.989 52.765 64.569 61.374 61.178 57.994 57.829 57.684 58.558 60.449 60.353 63.272 40.212 0.000 0.000 23.161 48.146 47.130 65.117 61.110 0.000 0.000 0.000 0.000 0.000 31.458 76.457 88.456 45.455 71.453 85.452 77.452 53.451 46.451 18.451 0.000 0.000 0.000 0.000 0.000 0.000 35.756 41.756 45.756
51.672 4.826 66.054 56.213 63.360 55.506 16.757 4.024 13.118 80.113 89.074 99.033 97.921 98.188 96.216 103.714 95.980 97.773 97.433 97.350 98.242 99.141 53.022 0.000 0.000 0.000 0.000 3.377 54.238 65.088 62.900 61.698 63.478 63.260 69.068 73.905 68.772 61.661 55.566 59.487 65.426 23.389 0.000 0.000 19.150 51.140 52.131 74.123 62.119 0.000 0.000 0.000 0.000 0.000 19.457 71.456 80.455 85.454 81.453 81.453 85.452 69.452 48.451 49.451 18.451 11.451 0.000 0.000 0.000 37.756 42.756 40.756 45.756
0.000 0.000 34.267 85.358 48.441 0.000 0.000 18.196 78.219 83.213 97.192 98.102 98.382 96.313 103.797 96.237 98.046 97.623 97.566 98.455 95.350 50.281 0.000 0.000 0.000 0.000 9.654 56.515 64.375 62.224 62.050 65.845 40.581 19.318 22.112 38.951 64.840 66.747 67.668 59.603 60.555 21.530 0.000 0.000 0.000 32.134 50.130 57.126 56.123 5.124 0.000 0.000 0.000 0.000 19.455 62.455 75.455 80.454 81.453 82.453 78.452 74.452 59.451 47.451 51.451 57.451 0.000 0.000 0.000 3.756 40.756 41.756 43.756
0.000 0.000 11.388 86.510 73.606 0.000 0.000 25.345 86.346 94.338 98.291 99.486 99.524 104.112 103.920 97.187 97.903 97.764 97.667 92.564 82.422 33.351 0.000 0.000 9.039 44.954 53.793 65.655 62.522 62.384 66.232 44.051 1.855 0.000 0.000 24.947 62.889 59.820 63.755 69.700 69.663 47.645 0.000 0.000 0.000 14.131 52.129 46.126 53.125 4.124 0.000 0.000 0.000 0.000 24.455 49.454 66.454 80.454 75.453 68.453 70.452 31.452 56.451 65.451 58.451 54.451 0.000 0.000 0.000 0.000 0.756 35.756 40.756
0.000 0.000 0.000 14.688 63.866 3.356 13.495 79.492 91.486 98.472 98.492 98.671 104.460 104.290 96.473 98.272 97.939 97.868 90.780 56.712 0.000 0.000 0.000 17.205 63.124 57.030 64.910 62.790 62.673 63.557 41.442 2.270 0.000 0.000 0.000 24.000 65.951 59.889 59.830 61.782 65.750 67.742 19.773 0.000 0.000 0.000 33.127 52.126 27.126 0.000 0.000 0.000 0.000 0.000 17.454 45.454 56.454 63.453 55.453 52.453 17.452 0.000 5.451 49.451 53.451 62.451 0.000 0.000 0.000 0.000 0.000 29.756 40.756
0.000 0.000 0.000 0.000 1.326 13.581 82.636 87.643 98.640 98.576 99.863 99.938 104.619 96.771 98.551 98.120 98.061 87.960 76.873 40.793 0.000 0.000 0.000 57.287 79.220 64.131 56.028 63.923 61.821 64.730 34.664 0.000 0.000 0.000 20.195 55.102 62.025 60.956 60.895 57.847 53.815 55.801 17.803 0.000 0.000 0.000 14.127 59.126 7.126 0.000 0.000 0.000 0.000 0.000 17.454 47.454 46.453 45.453 43.453 49.453 0.000 0.000 0.000 24.451 47.451 65.450 9.450 0.000 0.000 0.000 0.000 0.755 33.755
0.000 0.000 0.000 0.000 0.000 85.827 84.823 98.813 98.771 99.978 100.054 104.912 104.770 97.724 99.409 97.254 83.139 72.046 45.960 0.000 0.000 0.000 51.553 69.435 69.340 76.246 64.148 54.052 59.960 69.879 72.820 35.818 0.000 0.000 19.289 67.188 61.093 61.013 59.947 55.896 49.861 50.843 16.837 0.000 0.000 0.000 0.000 32.126 40.126 0.000 0.000 0.000 0.000 0.000 25.453 49.453 43.453 44.453 44.453 46.453 29.453 0.000 0.000 0.000 34.450 55.450 33.450 7.450 0.000 0.000 0.000 0.000 28.755
0.000 0.000 0.000 0.000 25.199 86.076 98.020 98.984 99.996 102.186 105.177 105.046 97.029 98.794 95.447 84.348 73.204 45.125 0.000 0.000 0.000 53.784 74.671 60.561 52.460 66.363 78.268 66.176 69.088 70.004 56.921 62.815 41.568 4.041 27.484 59.267 55.145 62.057 56.984 48.928 47.892 51.872 13.864 0.000 0.000 0.000 0.000 19.126 59.126 4.126 0.000 0.000 0.000 0.000 0.000 31.453 46.453 44.453 44.453 44.452 52.452 0.000 0.000 0.000 0.000 36.450 47.450 53.450 0.000 0.000 0.000 0.000 0.000
0.000 0.000 0.000 0.000 68.323 94.255 100.203 99.109 99.381 97.463 105.302 97.310 99.076 93.645 82.578 57.459 0.000 0.000 0.000 0.000 54.011 74.897 61.785 50.677 50.575 52.478 63.385 78.296 69.211 54.129 62.045 63.953 37.850 0.000 24.367 84.251 71.162 60.087 54.003 49.939 46.907 47.890 41.883 5.887 0.000 0.000 0.000 0.000 38.126 10.126 0.000 0.000 0.000 0.000 0.000 11.453 48.453 44.453 44.452 44.452 46.452 30.452 0.000 0.000 0.000 17.450 44.450 47.450 0.000 0.000 0.000 0.000 0.000
0.000 0.000 0.000 71.638 68.513 74.431 89.342 100.517 97.582 105.536 105.422 98.243 93.930 82.784 61.678 0.000 0.000 35.617 0.000 6.244 79.124 62.008 50.896 51.788 50.686 53.590 67.498 76.412 77.331 61.254 57.178 68.100 42.029 0.000 0.000 15.208 28.166 10.126 0.000 19.918 50.907 57.897 58.892 44.891 0.000 0.000 0.000 0.000 0.000 0.000 0.000 0.000 0.000 0.000 0.000 12.452 48.452 47.452 50.452 45.452 42.452 51.452 0.000 0.000 0.000 24.450 58.450 63.450 0.000 0.000 0.000 0.000 0.000
0.000 0.000 10.866 72.762 69.663 70.582 80.558 96.724 105.754 105.646 97.521 94.287 81.958 55.883 0.000 0.000 52.665 51.617 33.519 17.364 67.235 51.115 52.001 50.893 51.791 66.696 72.606 36.524 27.448 79.378 65.313 43.242 4.135 0.000 0.000 0.000 0.000 0.000 0.000 16.910 68.905 62.899 59.896 55.895 10.895 0.000 0.000 0.000 0.000 0.000 0.000 0.000 0.000 0.000 0.000 36.452 45.452 20.452 0.000 20.452 45.452 49.452 0.000 0.000 0.000 26.450 62.450 31.450 0.000 0.000 0.000 0.000 0.000
0.000 86.060 73.970 70.881 68.802 69.680 70.924 74.989 105.858 96.762 92.524 82.114 56.071 0.000 0.000 0.000 56.713 54.666 74.577 58.458 51.335 52.216 51.101 53.993 73.890 70.795 51.708 47.629 52.559 80.499 77.452 41.421 0.000 0.000 0.000 0.000 0.000 0.000 0.000 16.906 75.903 75.900 70.897 61.896 6.896 0.000 0.000 0.000 0.000 0.000 0.000 0.000 0.000 0.000 9.452 48.452 50.452 0.000 0.000 5.452 48.452 49.452 0.000 0.000 0.000 0.000 33.450 0.000 0.000 0.000 0.000 0.000 0.000
2.223 84.149 98.074 89.998 74.900 76.058 68.106 106.055 105.958 75.645 80.323 56.221 0.000 0.000 0.000 0.000 58.809 71.757 69.667 51.554 51.433 51.312 62.196 74.085 62.982 51.887 51.801 51.724 52.659 61.607 79.574 75.569 36.624 0.000 0.000 0.000 0.000 0.000 0.000 0.000 61.901 63.899 75.898 76.897 32.897 0.000 0.000 0.000 0.000 0.000 0.000 0.000 0.000 0.000 40.452 50.452 27.452 0.000 0.000 9.452 49.452 47.452 0.000 0.000 0.000 0.000 0.000 0.000 0.000 0.000 0.000 0.000 0.000
20.294 97.244 100.178 100.109 95.083 85.239 106.242 106.149 67.809 62.581 0.000 0.220 0.000 0.000 0.000 0.000 69.956 74.885 50.780 52.658 52.531 64.405 73.284 55.171 52.066 51.970 51.884 51.808 51.746 51.698 60.667 80.659 73.678 47.709 38.722 42.725 11.726 0.000 0.000 0.000 0.900 41.899 81.898 81.897 42.897 0.000 0.000 0.000 0.000 0.000 0.000 0.000 0.000 0.000 29.452 28.452 0.000 0.000 0.000 0.000 29.452 56.452 0.000 0.000 0.000 0.000 0.000 0.000 0.000 0.000 0.000 0.000 0.000
90.416 100.352 100.293 100.181 104.425 95.484 106.333 67.919 70.602 65.276 0.000 0.000 0.000 0.000 0.000 63.330 75.175 52.046 52.910 52.767 60.626 73.492 51.365 52.249 52.141 52.043 51.955 51.880 51.818 51.770 51.738 55.721 56.720 51.727 52.731 59.727 41.727 0.000 0.000 0.000 0.000 0.000 36.897 72.897 35.897 0.000 0.000 0.000 0.000 0.000 0.000 0.000 0.000 0.000 0.000 0.000 0.000 0.000 0.000 0.000 0.000 8.452 0.000 0.000 0.000 0.000 0.000 0.000 0.000 0.000 0.000 0.000 0.000
96.522 96.464 100.378 101.541 98.589 106.508 106.421 72.593 57.048 2.175 5.175 2.175 0.000 0.000 0.000 80.485 57.369 53.215 53.045 54.876 75.716 55.570 52.437 52.317 52.206 52.105 52.015 51.939 51.877 51.828 51.792 50.768 49.755 52.749 34.747 0.000 0.000 0.000 0.000 0.000 0.000 0.000 0.000 65.897 53.897 20.897 0.000 0.000 0.000 0.000 0.000 0.000 0.000 0.000 0.000 0.000 0.000 0.000 0.000 0.000 0.000 0.000 0.000 0.000 0.000 0.000 0.000 0.000 0.000 0.000 0.000 0.000 0.000
75.637 75.573 79.552 75.711 106.679 106.594 84.095 65.306 56.242 0.000 0.175 2.175 0.000 0.000 0.000 55.756 51.601 51.398 50.180 62.974 55.793 49.635 50.497 50.375 50.262 50.156 51.061 51.984 51.921 51.872 50.834 48.805 50.781 50.767 47.762 37.764 40.764 42.764 41.764 43.763 14.763 0.000 0.000 3.897 62.897 34.897 0.000 0.000 0.000 0.000 0.000 0.000 0.000 0.000 0.000 0.000 0.000 0.000 0.000 0.000 0.000 0.000 0.000 0.000 0.000 0.000 0.000 0.000 0.000 0.000 0.000 0.000 0.000
90.753 112.642 77.890 107.949 106.762 66.640 57.238 0.000 71.652 30.000 0.000 0.000 0.000 0.000 99.561 78.182 48.881 56.597 67.304 66.048 61.847 59.678 59.542 59.425 58.312 52.195 48.091 52.012 51.953 51.906 50.869 50.835 54.798 54.778 55.768 65.766 65.765 61.764 54.764 53.763 32.763 0.000 0.000 0.000 21.897 27.897 0.000 0.000 0.000 0.000 0.000 0.000 0.000 0.000 0.000 0.000 0.000 0.000 0.000 0.000 0.000 0.000 0.000 0.000 0.000 0.000 0.000 0.000 0.000 0.000 0.000 0.000 0.000
138.833 117.431 115.478 106.916 106.841 94.727 0.000 38.691 66.691 140.350 115.821 2.089 47.098 36.519 97.940 57.530 55.144 126.804 117.392 113.068 112.868 111.688 110.569 109.469 108.367 79.219 46.097 52.023 51.970 51.931 51.900 43.867 0.000 0.000 0.000 0.000 0.000 0.000 18.763 70.763 49.763 20.763 0.000 0.000 0.000 0.000 0.000 0.000 0.000 0.000 0.000 0.000 0.000 0.000 0.000 0.000 0.000 0.000 0.000 0.000 0.000 0.000 0.000 0.000 0.000 0.000 0.000 0.000 0.000 0.000 0.000 0.000 0.000
97.002 116.590 107.055 106.987 91.247 0.000 0.000 0.000 10.074 61.886 49.625 0.000 28.346 0.000 57.148 53.856 63.361 119.082 0.000 4.963 0.000 55.638 64.578 125.515 38.466 0.000 56.054 52.011 51.975 52.949 34.932 0.000 0.000 0.000 0.000 0.000 0.000 0.000 0.000 23.763 70.763 26.763 0.000 0.000 0.000 0.000 0.000 0.000 0.000 0.000 0.000 0.000 0.000 0.000 0.000 0.000 0.000 0.000 0.000 0.000 0.000 0.000 0.000 0.000 0.000 0.000 0.000 0.000 0.000 0.000 0.000 0.000 0.000
117.759 115.813 107.119 115.737 117.585 37.873 0.000 17.645 44.645 54.496 31.167 8.380 49.593 95.155 93.649 86.384 0.000 38.082 0.000 16.858 38.753 66.648 111.590 74.546 39.517 0.000 0.000 57.991 51.971 52.956 33.947 0.000 0.000 0.000 0.000 0.000 0.000 0.000 0.000 0.000 17.763 56.763 21.763 0.000 0.000 0.000 0.000 0.000 0.000 0.000 0.000 0.000 0.000 0.000 0.000 0.000 0.000 0.000 0.000 0.000 0.000 0.000 0.000 0.000 0.000 0.000 0.000 0.000 0.000 0.000 0.000 0.000 0.000
115.892 107.234 107.178 96.243 39.008 0.000 0.000 0.000 6.363 33.288 0.000 0.000 42.491 86.222 139.910 75.647 0.000 0.000 0.000 0.000 0.000 80.612 115.588 45.562 42.540 0.000 0.000 0.000 56.963 50.958 48.954 46.955 34.955 0.000 0.000 0.000 0.000 0.000 0.000 0.000 12.763 70.763 28.762 0.000 0.000 0.000 0.000 0.000 0.000 0.000 0.000 0.000 0.000 0.000 0.000 0.000 0.000 0.000 0.000 0.000 0.000 0.000 0.000 0.000 0.000 0.000 0.000 0.000 0.000 0.000 0.000 0.000 0.000
