results2_8e3_rain/res_3e8f-0140.wd
ncols         241
nrows         181
xllcorner     12693529.787448
yllcorner     3542525.717860
cellsize      155.156523
NODATA_value  -9999.000000
[rows 99 to 131 of 181, columns 0 to 72 of 241]
0.000 0.000 0.000 0.000 0.000 60.308 100.308 102.307 93.307 88.307 0.000 0.000 0.000 0.000 0.000 2.305 1.305 68.305 65.305 0.000 0.000 1.304 4.303 63.303 62.302 3.302 0.000 0.000 0.000 10.053 0.000 0.000 0.000 0.000 15.916 61.912 57.903 56.886 57.862 58.836 71.807 60.776 64.741 56.703 58.661 56.617 57.569 62.518 63.466 61.411 65.354 58.296 58.238 60.177 63.113 77.044 77.985 62.937 48.894 0.000 0.000 0.000 0.000 0.000 26.930 81.926 78.915 65.898 40.875 35.852 79.830 56.808 58.786
0.000 0.000 0.000 0.000 0.000 61.308 101.308 101.308 0.000 0.000 0.000 0.000 0.000 0.000 0.000 1.305 13.305 79.305 68.305 6.305 3.304 3.304 66.304 65.303 69.303 0.303 0.000 0.000 0.000 68.053 60.053 0.000 0.000 0.000 74.958 84.953 70.945 63.931 57.913 59.890 78.864 63.834 69.800 69.763 60.722 75.677 67.629 68.577 58.524 66.467 66.410 64.351 58.292 59.232 63.168 60.074 22.011 11.974 0.000 0.000 0.000 0.000 0.000 29.944 66.940 78.935 85.927 75.915 51.900 52.884 66.867 57.849 58.830
6.311 0.000 0.000 0.000 0.000 48.309 97.309 106.309 16.309 0.000 0.000 0.000 0.000 0.000 0.000 0.306 2.306 86.306 67.305 68.305 70.305 67.304 64.304 65.303 63.303 1.303 0.000 0.000 0.000 61.053 61.053 62.052 61.045 61.031 60.006 69.998 78.991 25.981 89.967 79.948 84.925 69.897 14.864 85.827 83.786 82.740 86.692 75.639 58.584 61.526 66.466 66.406 63.346 59.291 48.251 0.000 0.000 0.000 0.000 0.000 0.000 0.000 0.000 39.949 66.949 66.947 77.942 76.936 59.927 59.916 58.904 58.890 58.875
74.311 77.311 9.311 0.000 0.000 58.309 97.309 102.309 112.309 17.309 0.000 0.000 0.000 0.000 8.307 8.307 6.306 23.306 71.306 68.305 86.305 100.304 75.304 60.304 0.000 0.000 0.000 0.000 0.000 0.000 60.055 61.057 61.051 61.043 61.037 60.041 60.041 59.036 60.026 65.011 76.990 70.964 13.932 85.895 86.854 64.808 71.758 88.704 82.647 69.586 59.524 65.460 66.396 69.337 54.294 0.000 0.000 0.000 0.000 0.000 0.000 0.000 0.000 1.955 17.960 63.961 60.960 60.958 58.955 58.950 58.943 58.934 58.922
88.311 71.311 71.311 73.310 75.310 94.310 102.310 102.309 102.309 104.309 78.309 17.309 0.308 66.307 73.307 74.307 36.307 31.306 94.306 102.306 97.305 93.305 76.304 0.304 0.000 0.000 0.000 0.000 0.000 0.000 0.000 61.071 60.058 59.054 60.059 61.087 61.095 61.096 61.091 62.080 81.062 76.036 59.005 60.968 71.926 82.879 59.829 71.773 72.712 65.647 85.582 68.516 60.442 1.392 0.000 0.000 0.000 0.000 0.000 0.000 0.000 0.000 0.000 0.000 9.975 63.977 58.979 58.982 58.985 58.986 58.984 56.980 54.972
103.311 93.311 74.311 78.311 96.310 102.310 102.310 102.310 102.310 97.309 69.309 75.309 3.308 57.308 92.307 100.307 100.307 84.307 99.306 106.306 16.306 0.000 0.000 0.000 0.000 0.000 0.000 0.000 0.000 0.000 0.000 61.097 0.000 0.000 0.000 62.152 61.157 61.162 61.162 62.156 78.140 83.116 60.083 61.045 61.002 78.955 79.904 57.848 65.783 84.707 76.642 54.579 0.000 0.000 0.000 0.000 0.000 0.000 0.000 0.000 0.000 0.000 0.000 0.000 6.989 63.992 58.998 59.007 59.017 58.024 57.028 62.029 63.026
103.311 103.311 98.311 101.311 102.311 102.310 102.310 102.310 102.310 98.310 73.310 90.309 0.000 0.000 70.308 94.308 102.307 103.307 102.307 107.306 10.306 0.000 0.000 0.000 0.000 0.000 0.000 0.000 0.000 0.000 0.000 61.123 0.169 0.196 63.217 61.211 61.220 61.232 61.241 61.240 78.227 83.202 60.168 61.128 61.083 62.035 82.985 76.931 83.865 73.757 54.700 0.000 0.000 0.000 0.000 0.000 0.000 0.000 0.000 0.000 0.000 0.000 0.000 0.000 62.000 59.005 59.014 59.030 59.051 58.065 60.075 64.081 65.084
101.311 102.311 102.311 102.311 102.311 102.311 102.311 102.310 102.310 103.310 98.310 105.310 29.309 8.309 58.308 77.308 100.308 102.307 103.307 91.307 5.307 0.000 0.000 0.000 0.000 0.000 0.000 0.000 0.000 0.000 0.000 55.148 60.173 60.199 59.224 61.256 61.279 61.305 61.329 61.337 78.326 83.299 60.260 61.214 61.166 61.117 66.070 89.025 68.989 0.000 0.000 0.000 0.000 0.000 0.000 0.000 0.000 0.000 0.000 0.000 0.000 0.000 0.000 0.000 15.006 66.013 62.025 63.049 61.091 57.112 64.126 65.137 63.146
98.312 103.312 102.312 102.312 102.311 102.311 102.311 102.311 102.311 102.310 103.310 96.310 80.309 71.309 65.309 92.308 102.308 102.308 107.308 10.307 0.000 0.000 0.000 0.000 0.000 0.000 0.000 0.000 0.000 0.000 0.000 0.000 0.000 0.000 0.000 61.311 61.335 61.379 61.433 61.453 77.441 84.406 61.358 61.304 61.249 61.198 61.152 67.110 20.077 0.000 0.000 0.000 0.000 0.000 0.000 0.000 0.000 0.000 0.000 0.000 0.000 0.000 0.000 0.000 0.000 3.015 1.020 0.000 7.154 66.165 64.179 65.195 62.213
98.312 103.312 102.312 102.312 102.312 102.312 102.311 102.311 102.311 102.311 103.310 88.310 67.310 66.309 75.309 99.309 102.308 102.308 108.308 13.308 4.308 0.000 0.000 0.000 0.000 0.000 0.000 0.000 0.000 0.000 0.000 0.000 0.000 0.000 0.000 57.342 61.373 58.441 61.572 61.601 80.579 84.528 61.462 61.393 61.330 61.275 61.229 58.187 8.132 0.000 0.000 0.000 0.000 0.000 0.000 0.000 0.000 0.000 0.000 0.000 0.000 58.294 0.000 0.000 0.000 0.000 0.000 0.238 62.207 63.214 65.229 65.251 62.281
101.313 102.313 102.313 102.312 102.312 102.312 102.312 102.312 102.311 102.311 102.311 99.310 76.310 77.310 94.309 101.309 102.309 102.308 109.308 26.308 0.000 0.000 0.000 0.000 0.000 0.000 0.000 0.000 0.000 0.000 0.000 0.000 0.000 0.000 0.000 0.000 57.373 0.000 60.815 61.798 89.746 76.665 61.568 61.477 61.402 74.344 64.302 59.277 0.000 0.000 0.000 0.000 0.000 0.000 0.000 0.000 0.000 0.000 0.000 0.000 10.294 69.294 54.294 0.000 0.000 0.000 0.276 63.265 66.251 65.255 62.272 58.300 58.343
102.313 102.313 102.313 102.313 102.313 102.313 102.313 102.312 102.312 102.312 102.311 102.311 104.310 104.310 103.310 102.309 102.309 104.309 93.309 36.308 0.000 0.000 0.000 0.000 0.000 0.000 0.000 0.000 0.000 0.000 0.000 0.000 0.000 0.000 0.000 0.000 0.000 0.000 61.075 62.029 95.943 64.818 61.669 61.544 73.456 82.396 61.358 61.343 60.359 0.000 0.000 0.000 0.000 0.000 0.000 0.000 0.000 0.000 0.000 0.000 0.000 65.294 66.294 53.294 0.292 59.290 61.287 65.280 64.277 62.285 61.303 57.335 65.387
101.314 100.314 102.314 102.314 102.314 102.313 102.313 102.313 102.313 102.312 102.312 102.311 102.311 102.310 102.310 102.310 103.309 86.309 14.309 5.309 63.309 77.309 23.309 0.000 0.000 4.308 0.000 0.000 0.000 0.000 0.000 0.000 0.000 0.000 0.000 3.187 3.171 0.079 57.379 68.302 91.180 61.995 58.746 61.574 61.483 61.427 61.393 61.376 61.375 58.375 0.000 0.000 0.000 0.000 0.000 0.000 0.000 0.000 0.000 0.000 0.000 60.294 56.294 62.294 57.294 65.292 65.291 64.291 60.293 63.303 58.321 57.351 57.402
91.314 91.314 100.314 102.314 102.314 102.314 102.314 102.314 102.313 102.313 102.312 103.312 104.311 102.311 102.310 102.310 102.309 24.309 8.309 63.309 73.309 83.309 82.309 75.308 67.308 8.308 0.000 0.000 0.000 0.000 0.000 0.000 0.000 0.000 3.221 62.205 65.155 65.020 61.761 60.619 69.478 57.236 0.000 57.524 61.474 61.435 61.410 61.395 60.390 0.000 0.000 0.000 0.000 0.000 0.000 0.000 62.293 73.293 0.000 0.000 61.294 59.294 59.294 56.294 64.295 65.295 65.296 62.298 65.303 65.312 63.326 58.345 47.364
73.315 78.315 97.315 103.315 102.315 102.315 102.315 102.314 102.314 102.314 104.313 90.313 86.312 101.311 106.310 103.310 98.310 80.309 83.309 89.309 83.309 84.309 63.309 56.308 2.308 0.000 0.000 0.000 0.000 0.000 0.000 0.000 0.164 0.000 53.238 59.255 62.224 62.144 62.025 61.936 63.876 0.000 0.000 0.000 56.452 61.431 61.415 61.404 61.399 0.000 0.000 0.000 0.000 0.000 0.000 22.293 79.293 61.293 59.294 59.294 59.294 59.294 57.294 62.295 65.295 65.297 61.299 65.303 65.309 64.317 58.326 59.337 49.346
57.315 72.316 91.316 104.316 105.316 105.316 103.316 102.315 103.315 102.315 103.314 41.313 12.312 60.311 78.311 99.310 106.310 104.309 104.309 90.309 13.309 0.000 0.000 0.000 0.000 0.000 0.000 0.000 0.000 8.169 10.169 0.167 0.166 0.165 0.000 58.353 62.341 60.307 61.259 63.225 64.215 0.000 0.000 0.000 0.000 54.423 61.415 61.408 58.404 0.000 0.000 0.000 0.000 0.000 0.000 0.000 21.293 75.293 58.294 58.294 59.294 58.294 58.294 64.295 65.296 63.298 51.301 4.305 69.313 63.319 63.326 63.333 49.337
21.316 43.316 76.317 82.317 76.317 78.317 95.317 103.316 99.316 92.316 91.315 26.315 0.000 0.000 0.000 36.310 71.310 97.310 104.310 1.309 0.000 0.000 0.000 0.000 0.000 0.000 0.000 0.000 0.000 50.169 71.169 16.169 1.169 0.166 0.000 58.462 64.482 63.484 72.479 73.490 63.544 8.703 0.000 0.000 0.000 0.000 58.413 59.410 0.000 0.000 0.000 0.000 0.000 0.000 0.000 0.000 0.000 80.294 83.294 63.294 57.294 55.294 65.294 65.295 60.295 0.000 0.000 0.000 10.317 68.322 65.326 65.330 55.332
0.000 0.000 57.319 66.319 18.318 4.318 67.318 96.317 87.317 83.317 97.316 64.316 24.316 0.000 0.000 0.000 0.000 42.310 73.310 0.000 0.000 0.000 0.000 0.000 0.000 0.000 0.000 0.000 0.000 0.000 55.169 73.169 4.169 0.000 0.000 49.552 63.641 61.668 91.684 84.711 62.767 64.863 10.969 0.000 0.000 0.000 53.413 0.000 0.000 0.000 0.000 0.000 0.000 0.000 0.000 0.000 0.000 0.000 68.294 85.294 70.294 64.294 65.294 60.294 0.000 0.000 0.000 0.000 0.000 60.324 65.326 65.328 60.330
0.000 0.000 53.320 98.320 55.320 4.319 56.319 88.318 90.318 101.318 103.317 106.317 112.316 51.316 20.316 0.000 0.000 0.000 13.310 8.310 0.000 1.309 0.000 0.000 0.000 0.000 0.000 0.000 0.000 0.000 56.169 71.169 1.169 8.170 12.170 0.000 56.862 64.865 94.876 76.903 64.949 64.014 69.075 0.000 0.000 0.000 0.000 0.000 0.000 0.000 0.000 0.000 0.000 0.000 0.000 0.000 0.000 0.000 0.000 6.294 73.294 63.294 61.294 0.000 0.000 0.000 0.000 0.000 59.325 58.325 60.326 54.327 0.000
26.324 41.324 75.322 93.322 101.321 70.321 83.320 106.320 103.319 102.319 102.318 102.317 102.317 108.316 111.316 67.314 26.313 8.312 71.311 85.310 78.309 80.309 36.308 12.307 9.306 0.000 0.000 0.000 0.000 0.000 35.169 57.169 63.169 63.170 66.170 25.171 58.079 87.053 89.054 66.075 64.113 64.168 67.241 12.361 7.413 0.000 0.000 0.000 0.000 0.000 0.000 0.000 0.000 0.000 0.000 0.000 0.000 0.000 0.000 0.000 0.000 0.000 7.294 0.000 0.000 0.000 0.000 61.325 56.325 54.325 0.000 0.000 0.000
99.325 102.325 102.324 100.323 98.323 99.322 101.321 101.321 102.320 103.319 103.319 102.318 95.317 99.316 102.316 106.315 110.313 111.312 103.311 99.310 96.310 91.309 93.308 86.307 42.306 20.305 0.000 0.000 0.000 0.000 0.000 0.000 0.000 0.000 0.000 82.264 71.232 100.214 91.213 78.229 65.260 64.305 64.362 68.427 64.465 0.000 0.000 0.000 0.000 0.000 0.000 0.000 0.000 0.000 0.000 0.000 0.000 0.000 0.000 0.000 0.000 0.000 0.000 0.000 0.000 0.000 0.000 0.000 0.000 0.000 0.000 0.000 0.000
102.326 97.326 95.325 94.325 88.324 85.324 86.323 86.322 92.321 97.321 97.320 90.319 74.318 89.317 102.316 102.315 102.314 102.312 102.311 102.311 103.310 103.309 106.308 107.307 107.305 107.304 46.303 0.000 0.000 0.000 0.000 0.000 0.000 0.000 0.000 54.388 80.371 85.357 69.356 86.368 74.393 64.430 64.474 67.521 10.556 0.000 0.000 0.000 0.000 0.000 0.000 0.000 0.000 0.000 0.000 0.000 0.000 0.000 0.000 0.000 0.000 0.000 0.000 0.000 0.000 0.000 0.000 0.000 0.000 0.000 0.000 0.000 0.000
72.327 45.327 67.327 81.326 79.326 59.325 44.324 40.323 60.323 77.322 76.321 69.320 64.318 74.317 95.316 103.315 102.314 102.313 102.312 102.311 102.310 106.309 81.308 69.306 68.305 72.304 75.301 14.298 3.294 0.137 0.060 0.000 0.000 0.000 0.000 52.528 88.507 71.488 63.484 73.494 84.515 68.546 64.584 64.628 70.681 14.773 8.819 0.852 0.000 0.000 0.000 0.000 0.000 0.000 0.000 0.000 0.000 0.000 0.000 0.000 0.000 0.000 0.000 0.000 0.000 0.000 0.000 0.000 0.000 0.000 0.000 0.000 0.000
62.329 33.329 55.328 70.328 66.327 43.327 29.326 33.325 53.324 67.323 65.322 65.320 66.319 64.318 83.316 100.315 102.314 102.313 102.311 102.311 101.310 64.309 0.000 0.000 0.000 0.000 0.000 0.000 0.000 58.858 78.856 30.854 16.849 12.836 59.792 76.691 93.640 70.604 64.599 62.609 79.628 81.655 67.688 64.725 64.768 67.819 76.855 14.882 9.894 0.000 0.000 0.000 0.000 0.000 0.000 0.000 0.000 0.000 0.000 0.000 0.000 0.000 0.000 0.000 0.000 0.000 0.000 0.000 0.000 0.000 0.000 0.000 0.000
75.331 71.331 66.330 65.330 66.329 68.328 69.327 72.326 71.325 67.324 66.323 66.321 66.320 65.318 72.317 94.315 103.314 102.312 104.311 76.311 42.310 0.000 0.000 0.000 0.000 0.000 0.000 0.000 0.000 23.857 45.857 48.856 52.857 66.867 63.849 84.804 81.758 55.687 62.700 64.714 66.734 79.758 71.786 66.817 64.849 63.879 80.899 71.909 65.905 0.000 0.000 0.000 0.000 0.000 0.000 0.000 0.000 0.000 0.000 0.000 0.000 0.000 0.000 0.000 0.000 0.000 0.000 0.000 0.000 0.000 0.000 0.000 0.000
65.333 66.333 66.332 66.332 66.331 66.330 66.329 66.328 66.327 66.326 66.324 66.322 66.321 66.319 64.317 85.315 102.314 104.312 100.311 26.310 0.000 0.000 0.000 0.000 0.000 0.000 0.000 0.000 0.000 0.000 0.000 0.000 0.000 50.927 67.931 93.918 67.902 0.000 50.800 65.815 63.835 67.858 68.882 77.907 66.930 64.948 63.955 59.948 0.927 0.000 0.000 0.000 0.000 0.000 0.000 0.000 0.000 0.000 0.000 0.000 0.000 0.000 0.000 0.000 0.000 0.000 0.000 0.000 0.000 0.000 0.000 0.000 24.626
66.335 66.335 66.334 66.334 66.333 66.332 66.331 65.330 65.329 66.327 66.325 66.324 66.322 66.320 65.317 73.315 88.313 99.311 87.310 13.309 0.000 0.000 0.000 0.000 0.000 0.000 0.000 0.000 0.000 0.000 0.000 0.000 0.000 27.981 77.032 102.036 12.030 0.000 48.884 66.909 64.934 63.956 71.978 82.999 71.017 65.029 69.026 1.987 0.000 0.000 0.000 0.000 0.000 0.000 0.000 0.000 0.000 0.000 0.000 0.000 0.000 0.000 0.000 0.000 0.000 0.000 0.000 0.000 0.000 0.000 0.000 0.000 81.704
66.337 66.337 66.337 66.336 66.335 66.335 66.333 70.332 71.331 67.329 66.327 66.325 66.323 66.320 66.318 65.315 68.313 77.310 77.308 18.307 0.000 0.000 0.000 0.000 0.000 0.000 19.931 0.000 0.000 0.000 0.000 0.000 0.000 0.278 81.178 96.163 19.152 0.000 32.944 64.004 65.034 65.055 64.075 69.094 71.111 67.125 69.132 0.000 0.000 0.000 0.000 0.000 0.000 0.000 0.000 0.000 0.000 0.000 0.000 0.000 0.000 0.000 0.000 0.000 0.000 0.000 0.000 0.000 0.000 0.000 0.000 65.926 74.835
66.340 66.340 66.339 66.339 66.338 66.337 65.336 77.334 82.333 69.331 66.329 66.327 66.324 66.321 66.318 66.315 66.312 65.309 68.306 49.303 0.000 0.000 0.000 0.000 0.000 61.932 82.931 44.929 35.920 34.908 0.000 0.000 0.000 62.440 104.338 78.285 78.264 5.287 0.000 50.129 67.142 65.157 65.173 63.190 79.208 83.228 77.246 0.385 0.000 0.000 0.000 0.000 0.000 0.000 0.000 0.000 0.000 0.000 0.000 0.000 0.000 0.000 0.000 0.000 0.000 0.000 0.000 0.000 0.000 0.000 40.090 91.018 76.943
66.343 66.343 66.342 66.342 66.341 66.340 65.338 78.337 84.335 68.333 66.331 66.328 66.326 66.323 66.319 66.316 66.312 66.307 66.303 72.297 43.291 0.000 0.000 0.000 1.932 24.932 39.933 61.935 69.923 73.896 47.845 23.775 58.681 96.549 94.449 74.374 56.332 14.309 0.000 50.242 67.248 66.257 69.269 64.285 73.304 96.331 93.373 38.461 2.513 18.538 0.000 0.000 0.000 0.000 0.000 0.000 0.000 0.000 0.000 0.000 0.000 0.000 0.000 0.432 0.000 0.000 0.000 0.000 0.000 0.000 77.163 133.111 116.049
63.346 64.346 65.345 65.345 66.344 66.343 64.341 79.340 82.338 65.336 66.333 66.330 66.327 66.324 66.320 66.316 66.311 66.306 66.300 66.293 72.284 52.272 3.264 0.000 0.000 0.000 0.000 37.957 68.941 64.910 67.862 71.799 83.719 100.625 84.536 52.431 2.381 0.000 0.000 49.349 66.350 69.354 82.363 68.376 78.394 79.419 98.454 102.503 85.541 35.563 0.000 0.000 0.000 0.000 0.000 0.000 0.000 0.000 0.000 0.000 0.000 0.000 1.520 0.009 0.000 0.000 0.000 0.000 0.000 63.377 73.287 74.217 77.151
84.349 79.349 74.349 72.348 68.347 64.346 64.344 79.343 82.341 64.338 66.336 66.333 66.330 66.326 66.322 66.317 65.312 64.306 65.299 65.290 65.280 71.269 48.256 25.242 0.221 0.000 0.000 36.995 74.973 68.940 63.896 76.841 99.773 93.694 61.640 0.000 0.000 0.000 0.000 47.455 65.449 70.447 77.452 72.461 77.476 76.496 89.523 83.555 76.584 49.609 4.640 0.000 0.000 0.000 0.000 0.000 0.000 0.000 0.000 0.000 0.000 0.000 0.021 0.014 10.149 0.000 0.000 6.545 40.545 68.468 137.389 101.325 133.212
104.353 103.353 99.352 94.352 90.351 85.349 80.348 76.346 71.344 65.342 66.339 66.336 66.332 66.328 65.324 67.319 73.313 78.306 77.299 75.289 69.279 64.266 68.250 74.229 38.197 19.161 23.116 57.054 80.016 70.980 66.941 89.895 101.836 57.740 2.690 0.000 0.000 10.647 17.625 51.566 64.544 69.535 85.535 75.542 68.552 61.568 67.587 85.609 82.631 88.652 7.670 0.000 0.000 0.000 0.000 0.000 0.000 0.000 0.000 0.000 0.000 0.000 0.000 0.000 7.150 0.000 0.000 0.000 75.621 66.560 76.492 99.387 75.562
