results2_8e3_rain/res_3e8f-0132.wd
ncols         241
nrows         181
xllcorner     12693529.787448
yllcorner     3542525.717860
cellsize      155.156523
NODATA_value  -9999.000000
[rows 33 to 65 of 181, columns 146 to 218 of 241]
63.451 62.675 62.409 63.056 29.727 41.409 63.110 56.813 35.418 0.000 0.000 30.960 6.961 11.962 27.965 52.973 39.974 5.973 0.000 0.000 44.823 52.802 10.764 37.720 29.685 30.647 34.586 43.524 61.457 52.408 47.361 42.324 43.292 43.264 42.238 41.213 40.185 48.156 58.126 50.100 50.076 48.050 27.022 40.998 48.974 0.000 19.318 24.268 48.162 46.066 50.973 60.881 53.787 48.745 3.724 0.000 31.656 31.668 38.671 16.665 0.000 0.000 0.000 0.000 0.000 0.000 0.000 0.000 0.000 0.000 0.000 0.000 0.000
63.380 63.134 62.795 63.476 41.164 58.873 61.617 55.436 0.000 0.000 8.959 32.959 0.000 0.000 0.000 36.993 36.986 44.972 7.943 57.903 45.852 32.812 41.771 32.728 30.685 30.639 29.586 31.530 59.474 57.425 57.380 59.340 52.306 54.275 53.246 53.219 53.191 54.164 58.137 56.112 57.089 52.067 29.048 28.033 1.026 0.000 16.243 30.212 38.151 33.063 38.972 51.882 51.807 49.769 7.752 0.000 0.000 36.694 8.695 0.000 0.000 0.000 0.000 0.000 0.000 38.739 37.739 39.738 29.737 32.737 0.000 0.000 0.000
63.836 63.507 63.193 62.882 62.582 63.301 55.052 41.877 0.000 0.000 0.000 0.959 0.000 0.000 0.000 34.018 31.007 43.986 48.954 40.914 49.869 47.825 28.780 29.734 30.688 30.640 42.589 46.537 50.485 43.437 40.392 50.352 24.316 31.283 26.253 26.225 26.197 29.171 55.146 44.123 42.102 44.083 29.068 31.058 11.058 0.000 26.199 83.185 8.168 0.000 0.000 0.814 52.789 51.773 10.763 0.000 0.000 33.718 30.721 32.735 30.741 38.744 44.744 36.743 58.742 65.740 63.739 48.738 28.737 27.737 31.736 1.736 0.000
64.208 63.895 63.583 63.278 63.983 58.697 40.411 31.144 40.144 0.000 0.000 0.000 0.000 0.000 0.000 31.056 30.038 33.010 28.973 39.931 42.885 45.838 34.790 29.742 29.693 29.644 54.594 60.543 42.494 36.445 36.400 37.360 34.323 34.290 34.259 35.230 38.203 35.177 56.153 48.131 46.112 46.095 28.083 42.074 68.071 0.000 18.170 71.161 0.000 0.000 0.000 2.788 52.781 50.772 28.765 33.759 31.751 29.739 29.738 29.742 28.745 35.746 42.746 29.744 47.742 65.741 61.740 41.738 26.737 26.737 31.736 0.000 0.000
64.597 64.278 63.966 63.664 60.373 46.093 34.752 0.000 0.000 0.000 0.000 35.460 0.000 4.364 0.000 30.110 31.081 31.043 29.999 29.952 35.902 28.852 28.801 30.749 29.699 28.648 52.598 49.549 57.501 61.451 60.404 55.364 51.327 53.294 49.263 53.233 53.206 54.181 58.158 56.137 57.119 53.104 28.093 40.085 62.082 0.000 13.149 74.129 0.000 0.000 0.000 0.000 49.774 52.770 31.765 29.760 29.756 29.751 29.749 29.749 28.750 35.751 44.750 0.747 0.000 23.741 66.740 42.739 26.738 26.736 30.736 0.000 0.000
64.981 64.654 64.339 64.038 53.754 35.549 0.000 0.000 0.000 0.000 33.482 36.460 49.420 49.364 37.291 30.194 30.133 31.080 31.028 29.975 28.921 29.866 29.811 29.757 28.704 37.652 56.603 35.555 49.509 26.454 59.402 49.364 48.328 48.295 45.264 50.235 51.208 51.184 58.161 56.141 53.124 53.110 28.099 42.092 61.089 0.000 0.000 67.076 0.000 0.000 0.000 0.000 53.771 52.769 28.765 30.762 29.761 30.759 30.758 30.757 31.757 39.756 19.755 0.000 0.000 24.743 66.741 47.739 34.738 28.736 31.735 0.000 0.000
65.360 65.017 65.700 58.397 46.054 35.802 0.000 0.000 0.000 0.000 30.504 47.478 41.436 30.382 32.316 32.242 30.177 29.117 31.059 30.000 30.941 30.881 30.822 29.764 29.708 49.655 49.605 49.559 49.525 0.000 31.388 29.360 30.328 30.295 31.264 35.235 38.208 36.184 56.162 50.142 44.126 46.113 29.103 41.096 60.093 0.000 0.000 40.023 31.002 0.000 0.000 0.000 47.770 30.769 0.000 25.764 31.765 35.767 42.766 42.765 42.763 44.762 16.760 0.000 8.750 72.746 65.743 67.740 55.737 30.735 31.734 0.000 0.000
65.725 65.356 65.045 50.795 2.494 0.000 0.000 0.000 0.000 8.594 46.553 41.513 31.465 32.410 32.348 32.282 32.217 30.153 29.090 29.026 30.961 29.895 29.831 28.769 30.710 45.654 36.602 45.554 46.507 5.452 5.401 45.362 44.327 44.294 44.262 46.233 46.206 47.182 59.160 55.141 50.125 52.112 28.102 37.097 65.094 0.000 0.000 98.992 67.982 34.965 21.958 0.000 0.000 0.000 0.000 0.000 28.771 37.777 41.776 40.774 43.770 45.767 31.763 36.760 52.754 67.749 65.745 65.741 53.737 30.734 30.731 6.727 0.000
66.058 66.638 58.328 41.154 0.000 0.000 0.000 0.000 0.000 53.636 47.600 31.554 32.503 32.446 32.385 32.320 32.255 32.189 29.122 30.052 29.981 29.909 30.839 29.771 29.708 32.650 37.597 49.546 36.497 48.448 53.402 46.361 55.325 45.290 46.259 49.229 48.202 47.178 57.156 53.137 41.121 40.108 29.099 36.094 65.092 0.000 0.000 89.972 79.966 56.957 25.950 0.000 0.000 1.886 0.000 0.000 0.000 48.793 40.788 34.783 31.778 46.772 33.767 35.762 43.756 64.751 66.746 64.741 50.737 30.733 27.728 31.724 25.719
74.312 71.808 44.476 34.338 0.000 0.000 0.000 31.839 45.794 46.714 40.656 35.602 32.546 32.487 32.425 32.360 31.294 34.226 39.156 35.081 30.002 30.922 29.843 29.769 29.702 29.642 36.588 37.537 35.488 42.442 41.397 36.357 48.320 28.285 36.253 43.223 42.196 36.171 55.149 48.129 28.113 27.100 30.092 32.088 36.090 0.000 0.000 67.959 47.954 84.947 70.936 6.918 7.902 58.887 32.871 30.855 30.836 32.813 43.801 37.792 5.785 58.778 46.772 42.765 40.759 51.753 67.747 59.742 42.737 31.732 27.727 34.721 58.715
0.000 0.000 23.430 41.384 0.000 0.000 33.932 43.883 57.831 41.769 40.709 40.651 33.592 32.530 32.467 32.402 39.335 47.266 48.194 40.115 35.024 29.932 28.843 29.759 33.689 30.629 29.575 28.525 34.478 35.432 34.390 35.349 37.312 30.277 36.245 41.215 43.187 39.162 55.139 49.119 31.102 30.089 30.080 26.075 0.000 0.000 0.000 23.949 42.946 42.939 76.929 91.916 84.902 52.887 38.872 39.857 39.841 42.824 64.811 82.801 91.792 90.784 92.776 91.769 85.762 79.755 71.749 54.743 37.737 28.731 29.725 42.719 61.713
16.722 0.000 0.000 0.000 0.000 5.029 36.981 56.931 48.878 51.821 48.762 38.702 31.640 32.577 32.511 43.445 48.378 44.310 39.240 36.160 39.046 33.941 33.840 29.734 34.667 28.611 29.560 30.511 29.465 29.421 29.379 29.339 28.302 29.267 29.234 33.204 39.176 38.150 56.127 50.106 29.089 30.074 30.064 29.058 4.051 0.000 0.000 27.944 53.941 42.935 44.926 59.915 70.902 80.888 82.874 88.860 91.845 91.831 90.819 86.808 77.798 75.789 77.780 80.772 82.765 83.757 81.750 85.743 77.737 44.730 31.724 50.718 67.712
55.892 14.028 0.000 0.000 2.121 38.077 54.031 46.983 38.930 46.874 50.815 51.754 41.691 30.625 40.557 49.489 39.421 31.356 31.295 33.241 1.074 1.948 0.839 26.673 30.633 32.587 32.541 29.495 29.451 30.408 29.366 29.327 29.290 30.255 29.222 29.191 29.162 32.136 49.112 48.090 30.071 30.056 30.045 31.040 32.045 0.000 0.000 26.942 44.940 45.934 57.926 44.915 24.903 28.890 64.877 88.864 72.850 67.837 70.825 63.814 49.803 38.794 29.784 27.775 28.767 38.759 36.751 31.744 70.737 85.730 63.723 61.717 65.710
0.000 29.164 7.213 1.214 37.164 47.128 54.085 38.038 40.986 38.930 36.871 44.809 49.743 44.675 48.604 37.532 31.462 32.398 32.343 40.308 0.000 0.000 0.000 23.630 32.604 43.565 44.523 39.479 35.435 37.393 33.352 32.313 30.276 29.241 29.208 30.176 29.147 29.119 32.094 41.071 29.051 29.034 30.020 29.011 0.000 0.000 0.000 7.941 5.942 59.937 43.929 28.918 42.905 44.892 90.880 71.867 54.855 36.843 27.831 28.820 29.809 30.798 30.788 30.779 29.769 27.761 26.752 27.744 35.737 72.729 80.722 65.715 64.709
0.000 16.252 39.262 41.259 40.223 55.186 40.144 34.097 36.046 34.990 31.931 30.868 45.800 52.727 55.651 43.573 33.499 30.432 38.371 4.339 0.000 0.000 0.000 26.614 36.587 43.548 44.505 44.461 46.418 54.376 52.336 48.297 46.261 42.225 36.192 31.160 29.130 30.101 29.075 34.050 27.028 28.008 28.990 30.974 51.952 0.000 0.000 0.000 21.948 63.943 23.934 32.923 23.907 62.893 80.883 40.871 28.860 30.848 30.836 30.825 30.813 30.802 27.792 27.781 26.772 27.762 27.753 27.745 43.737 58.729 31.721 91.713 63.707
0.000 16.328 39.326 32.312 51.284 51.248 46.207 37.161 31.110 32.055 32.995 43.931 46.860 38.783 41.700 50.612 51.527 41.460 0.000 0.000 0.000 0.000 31.672 37.626 41.581 40.535 41.489 41.444 39.400 46.358 47.318 47.280 48.243 45.208 44.175 45.142 36.111 31.081 32.053 29.027 30.002 28.980 27.960 29.943 44.930 0.000 0.000 0.000 21.961 65.952 27.943 3.933 0.000 8.890 47.888 29.876 30.864 28.853 28.842 28.830 27.818 26.806 27.795 27.784 26.773 27.763 26.754 25.745 28.737 24.729 20.720 84.710 93.703
0.000 13.408 33.399 43.381 53.353 44.317 44.275 46.229 44.178 35.123 41.064 49.999 38.928 31.846 30.754 36.649 46.537 53.420 17.276 9.133 34.989 34.849 29.719 38.637 43.575 44.522 40.473 40.425 32.381 29.339 29.299 29.261 28.225 26.190 33.156 47.123 46.091 45.060 40.030 31.002 28.975 29.949 28.927 28.908 29.895 0.000 0.000 0.000 36.983 3.962 7.953 0.000 0.000 0.000 26.901 6.882 9.868 26.859 25.848 25.836 26.823 28.810 28.798 28.786 27.775 27.764 25.754 25.745 26.737 14.731 0.000 4.703 87.697
0.000 12.497 36.483 55.460 46.428 43.391 43.349 44.302 43.251 45.197 50.139 39.076 33.004 32.921 32.820 31.693 32.551 38.410 55.273 53.136 31.986 30.838 29.717 30.629 42.561 40.506 51.455 39.403 32.358 30.317 31.279 30.242 35.206 43.171 39.137 33.103 39.070 49.038 46.006 44.975 35.945 28.917 28.890 29.866 27.849 0.000 0.000 37.035 25.024 0.000 0.000 38.968 33.965 32.955 24.935 0.000 0.000 31.867 28.856 28.842 28.828 28.814 28.801 28.788 28.776 28.765 28.754 27.744 28.735 30.727 20.720 0.000 29.690
0.701 25.601 50.576 46.546 35.511 40.471 45.426 40.379 46.328 52.274 44.219 32.160 31.093 33.014 32.911 36.752 37.566 31.394 42.271 38.151 34.979 31.802 28.683 35.599 39.536 41.486 32.439 59.375 47.332 37.293 29.256 35.221 54.186 64.151 57.117 34.083 36.049 39.015 42.982 47.948 45.915 41.882 30.850 27.818 34.785 40.741 0.000 12.045 33.056 0.000 0.000 8.970 28.973 28.964 28.949 33.934 32.913 28.886 27.867 28.850 28.833 28.817 28.803 28.789 28.777 28.765 28.753 28.743 27.732 27.723 28.712 31.699 27.689
12.775 46.716 52.676 37.638 32.598 34.555 36.508 47.459 51.407 62.353 61.304 54.252 43.195 32.132 35.060 1.923 0.000 30.331 36.267 33.218 0.000 29.708 33.613 50.548 49.498 52.462 0.000 24.328 64.301 58.268 44.233 50.199 68.165 68.131 66.097 35.062 41.028 40.993 42.957 30.921 39.885 45.848 44.810 43.772 56.732 65.697 0.000 0.000 23.099 48.142 0.000 0.000 51.994 32.980 32.961 32.942 32.920 33.896 27.876 26.857 30.838 27.820 27.804 27.790 27.777 28.764 27.752 26.741 26.730 26.719 26.708 26.697 25.687
11.846 57.813 43.773 32.732 32.688 32.642 45.593 43.541 60.490 75.427 72.392 69.348 64.302 55.258 46.223 0.000 0.000 0.000 24.249 35.235 0.000 0.000 26.515 44.484 43.445 58.402 30.343 31.307 64.276 69.243 65.211 64.178 67.145 67.111 68.077 47.043 39.007 40.971 40.934 30.895 39.855 33.814 52.771 23.726 62.676 84.617 55.529 25.474 0.000 26.185 0.000 28.065 88.029 41.001 42.975 42.951 38.928 39.905 31.884 26.864 8.841 27.820 27.805 30.790 33.776 43.763 33.750 28.738 29.727 29.715 29.704 29.693 29.683
43.951 47.916 41.873 39.828 34.781 46.733 40.680 53.623 31.583 1.541 52.487 71.447 70.408 71.374 54.352 0.000 0.000 0.000 18.244 41.240 0.000 0.000 23.448 38.427 33.397 60.360 71.319 71.283 67.251 67.220 67.189 68.157 67.125 67.092 67.059 61.024 35.988 37.950 35.911 30.870 41.827 42.782 45.735 2.685 47.630 83.568 53.495 71.420 32.321 18.228 30.169 86.102 74.055 46.019 39.988 41.960 35.935 29.911 27.891 25.875 0.000 33.816 41.804 49.790 56.776 65.762 54.749 34.736 28.724 29.712 29.700 29.689 29.679
55.090 44.028 43.975 39.925 46.876 43.827 46.772 70.687 57.667 40.644 61.590 70.546 69.509 68.478 48.459 0.000 0.000 0.000 0.000 0.000 0.000 0.000 29.401 38.382 49.354 65.322 67.289 67.257 67.226 67.196 67.167 67.137 67.106 67.074 67.041 67.007 52.970 42.932 35.891 28.847 32.801 32.753 37.702 56.648 42.591 77.530 63.462 70.391 77.313 63.239 68.177 77.119 53.072 54.032 39.998 38.968 30.940 27.915 28.893 30.871 44.848 50.824 68.806 67.790 66.775 65.760 65.746 55.733 33.720 28.708 29.696 29.685 29.674
46.198 34.132 36.074 48.021 44.972 44.928 14.894 0.000 49.755 75.725 70.682 69.640 71.602 53.570 39.547 23.563 0.000 0.000 0.000 0.000 0.000 0.000 35.373 52.345 64.316 67.286 67.257 67.229 67.201 67.173 67.146 67.117 67.088 67.057 67.025 66.991 67.955 61.916 53.873 45.827 43.778 46.726 37.671 54.615 33.557 75.497 8.434 29.369 64.302 36.238 27.180 83.127 47.080 51.039 49.004 29.972 27.944 28.918 28.893 36.870 57.848 68.826 65.807 65.790 65.773 62.758 61.744 59.730 58.717 32.704 28.692 28.681 28.670
36.294 33.228 46.168 46.114 41.064 61.019 14.982 23.957 63.872 70.819 69.773 69.731 69.691 45.652 45.596 56.580 0.000 0.000 0.000 0.000 0.000 0.000 0.000 2.311 61.277 73.250 68.225 67.200 67.175 67.150 67.125 67.099 67.071 67.043 67.012 66.979 66.943 67.903 68.859 65.810 65.757 68.701 48.643 54.584 28.526 69.468 5.408 7.349 60.289 30.232 40.178 74.128 55.082 47.042 51.006 27.974 28.945 27.918 29.893 39.869 60.847 61.826 66.806 65.788 60.771 57.755 61.740 66.726 65.713 54.700 35.687 34.676 33.665
32.385 46.318 47.257 35.201 46.150 67.102 60.059 66.015 71.958 69.907 69.861 69.818 66.780 50.750 0.684 0.000 0.000 0.000 0.000 0.000 0.000 0.000 0.000 0.000 6.232 18.213 59.193 68.172 67.150 67.128 67.106 67.082 67.057 67.030 67.001 68.969 67.934 67.895 66.850 68.799 67.741 67.678 57.615 55.554 32.495 44.439 74.383 53.328 61.274 30.222 58.172 52.125 55.080 43.041 37.005 28.973 28.944 28.917 36.891 41.867 42.845 47.824 55.804 53.785 54.768 65.752 65.737 65.722 65.708 66.695 60.683 56.671 54.659
47.469 47.403 36.341 32.284 47.232 66.182 72.135 71.088 70.039 69.991 69.945 70.901 61.860 54.830 0.000 0.000 0.000 0.000 0.000 0.000 0.000 0.000 0.000 0.000 15.205 35.179 62.161 68.144 67.126 67.107 67.087 67.066 67.044 67.019 68.993 68.963 68.930 60.892 65.847 68.794 71.729 69.658 63.583 59.520 47.463 31.410 79.358 62.307 64.258 29.210 75.165 39.119 20.072 37.035 28.001 28.970 27.941 36.914 42.888 41.864 41.842 40.821 33.801 29.782 59.764 65.748 65.732 65.717 65.703 65.690 66.677 66.665 66.654
44.548 35.482 33.421 31.364 48.310 68.260 70.211 70.164 70.118 70.072 70.027 71.981 50.930 48.880 0.000 0.000 0.000 0.000 0.000 0.000 0.000 0.000 0.000 0.000 0.000 49.136 68.128 67.116 67.103 67.088 67.071 67.052 69.033 68.011 67.988 67.962 61.932 39.896 55.852 65.800 16.723 7.641 41.542 48.480 57.428 44.379 65.331 83.285 68.239 35.196 77.159 1.107 13.056 26.026 28.995 28.964 30.936 40.909 38.884 39.860 41.838 44.816 38.797 39.778 55.760 65.743 65.727 65.712 65.698 65.684 65.671 65.659 65.648
35.623 33.558 38.497 43.440 58.386 70.335 70.287 70.240 70.196 70.153 70.111 71.066 57.998 0.000 0.000 0.000 0.000 0.000 0.000 34.020 0.000 13.022 0.000 0.000 0.000 24.101 59.098 66.091 67.082 67.070 67.056 67.040 69.023 67.005 66.985 66.964 50.939 46.910 8.865 10.832 0.000 0.000 26.462 33.431 55.390 41.347 46.304 89.261 72.219 51.177 61.136 11.091 56.052 33.018 28.987 28.958 30.930 39.903 50.878 50.855 52.832 58.811 53.791 64.772 65.755 65.738 65.722 65.706 65.692 65.678 65.665 65.653 65.641
36.693 33.629 40.569 59.512 70.459 70.408 70.360 70.315 70.272 70.233 70.199 76.175 0.000 0.000 0.000 0.000 0.000 0.000 34.019 46.020 33.021 48.022 44.023 0.000 14.056 46.070 53.073 64.070 67.063 67.054 67.042 68.030 67.016 67.001 66.985 62.969 51.953 56.939 0.000 0.000 0.000 10.407 43.414 35.392 53.354 29.316 31.277 79.237 78.197 70.157 56.118 56.078 45.042 40.009 28.978 28.949 28.922 38.896 60.872 67.848 66.826 66.805 58.785 65.766 65.748 65.731 65.715 65.700 65.686 65.672 65.659 65.646 65.634
34.760 32.698 47.638 67.582 71.529 70.478 70.431 70.386 70.345 70.308 70.278 77.259 0.000 0.000 0.000 0.000 0.000 0.000 23.019 43.020 43.020 42.022 45.025 29.031 37.043 45.051 45.053 62.052 68.047 67.040 67.031 67.021 67.009 66.997 67.985 59.973 55.963 49.956 0.000 0.000 0.000 3.401 7.394 35.369 54.320 31.285 27.250 66.214 83.176 80.137 61.099 40.063 39.029 39.997 30.968 27.940 28.913 31.888 42.864 62.841 65.819 65.798 57.779 65.760 65.742 65.725 65.708 65.693 65.679 65.665 65.652 65.639 65.627
33.825 35.763 55.704 71.649 70.596 70.546 70.499 70.454 70.413 70.377 72.346 70.323 0.000 0.000 0.000 0.000 0.000 0.000 9.019 48.019 54.020 59.021 50.023 49.027 43.032 39.037 50.038 64.037 67.034 67.028 70.021 68.013 67.004 66.994 66.985 61.977 53.970 48.966 23.968 0.000 0.000 0.000 0.000 0.000 46.272 32.254 28.226 61.193 92.155 73.116 52.079 43.045 45.013 42.983 37.955 26.929 28.903 27.879 31.855 50.833 65.811 65.791 57.771 65.752 65.734 65.717 65.701 65.686 65.671 65.657 65.644 65.632 65.620
33.886 43.825 63.767 71.713 70.661 70.611 70.564 70.519 70.477 71.440 69.407 57.365 41.365 0.000 0.000 0.000 0.000 0.000 11.019 49.019 58.019 58.019 62.019 64.021 47.023 46.026 61.026 67.025 67.022 67.018 68.012 67.006 66.999 66.992 66.985 64.979 52.974 53.971 47.970 0.000 0.000 0.000 0.000 0.000 32.243 32.231 26.208 71.176 59.137 65.094 35.057 55.025 48.996 41.968 41.942 32.917 27.892 28.869 27.846 39.824 62.803 64.782 58.763 65.744 66.726 65.709 65.693 65.678 65.663 65.649 65.636 65.624 65.612
