results2_8e3_rain/res_3e8f-0098.wd
ncols         241
nrows         181
xllcorner     12693529.787448
yllcorner     3542525.717860
cellsize      155.156523
NODATA_value  -9999.000000
[rows 33 to 65 of 181, columns 146 to 218 of 241]
61.563 60.793 60.537 61.197 27.881 39.578 61.294 55.014 33.644 0.000 0.000 20.837 0.000 1.844 17.849 42.865 29.867 0.000 0.000 0.000 34.519 42.493 0.379 27.185 19.138 20.067 23.947 32.823 50.686 41.584 36.488 31.410 32.345 32.288 31.236 30.185 29.126 37.039 46.943 38.882 38.827 36.766 15.697 29.633 37.555 0.000 6.759 11.459 35.217 32.990 37.768 47.544 40.310 35.033 0.000 0.000 17.486 17.583 24.527 2.527 0.000 0.000 0.000 0.000 0.000 0.000 0.000 0.000 0.000 0.000 0.000 0.000 0.000
61.459 61.220 60.891 61.582 39.284 57.006 59.764 53.593 0.000 0.000 0.000 22.836 0.000 0.000 0.000 26.903 26.896 34.889 0.000 47.612 35.547 22.474 31.368 22.245 20.153 20.060 18.952 20.837 48.721 46.617 46.522 48.440 41.368 43.303 42.243 42.184 42.121 43.050 46.977 44.917 45.863 40.812 17.765 16.733 0.000 0.000 3.536 17.400 25.201 19.987 25.770 38.555 38.352 36.224 0.000 0.000 0.000 22.861 0.000 0.000 0.000 0.000 0.000 0.000 0.000 25.521 24.526 26.532 16.536 19.538 0.000 0.000 0.000
61.881 61.559 61.254 60.954 60.666 61.399 53.164 40.002 0.000 0.000 0.000 0.000 0.000 0.000 0.000 23.949 20.926 33.881 38.795 30.678 39.583 37.488 18.384 19.274 20.171 20.069 31.962 35.853 39.744 32.641 29.545 39.459 13.383 20.314 15.250 15.188 15.126 18.062 44.000 32.945 30.896 32.854 17.820 19.801 0.000 0.000 13.449 70.406 0.000 0.000 0.000 0.000 39.321 38.288 0.000 0.000 0.000 20.139 17.270 19.345 17.393 25.427 31.453 23.475 45.496 52.516 50.527 35.533 15.538 14.541 18.543 0.000 0.000
62.216 61.911 61.608 61.313 62.028 56.758 38.493 29.247 38.247 0.000 0.000 0.000 0.000 0.000 0.000 21.017 19.979 22.915 18.827 29.722 32.618 35.513 24.405 19.295 19.188 19.082 43.976 49.869 31.762 25.657 25.558 26.469 23.391 23.320 23.255 24.192 27.132 24.073 45.017 36.967 34.923 34.887 16.861 30.850 56.862 0.000 5.406 58.368 0.000 0.000 0.000 0.000 39.322 37.318 15.332 20.336 18.326 16.287 16.327 16.371 15.408 22.436 29.457 16.476 34.497 52.520 48.531 28.538 13.542 13.544 18.546 0.000 0.000
62.566 62.258 61.956 61.661 58.376 44.112 32.802 0.000 0.000 0.000 0.000 25.835 0.000 0.000 0.000 20.122 21.059 20.974 19.875 19.766 25.655 18.542 18.428 20.315 19.204 18.096 41.990 38.886 46.780 50.667 49.560 44.470 40.392 42.322 38.257 42.195 42.136 43.081 47.029 44.983 45.943 41.911 16.888 28.876 50.875 0.000 0.355 61.291 0.000 0.000 0.000 0.000 36.329 39.331 18.341 16.352 16.356 16.357 16.378 16.406 15.432 22.452 31.464 0.000 0.000 10.537 53.541 29.545 13.548 13.550 17.551 0.000 0.000
62.910 62.598 62.296 61.999 51.703 33.511 0.000 0.000 0.000 0.000 23.877 26.835 39.756 39.642 27.491 20.291 20.162 21.047 20.932 19.814 18.693 19.572 19.451 19.332 18.218 27.108 46.004 24.904 38.804 15.672 48.545 38.459 37.386 37.319 34.255 39.195 40.138 40.085 47.036 44.992 41.955 41.926 16.904 30.892 49.887 0.000 0.000 54.212 0.000 0.000 0.000 0.000 40.334 39.338 15.351 17.373 16.390 17.406 17.425 17.444 18.462 26.476 6.484 0.000 0.000 11.551 53.552 34.554 21.555 15.556 18.557 0.000 0.000
63.246 62.928 63.632 56.336 43.927 33.719 0.000 0.000 0.000 0.000 20.920 37.873 31.790 20.678 22.542 22.388 20.251 19.121 20.993 19.864 20.732 20.601 20.472 19.346 19.227 39.115 39.012 38.924 38.861 0.000 20.489 18.434 19.375 19.313 20.251 24.192 27.136 25.084 45.037 38.996 32.961 34.933 17.912 29.899 48.894 0.000 0.000 27.134 18.102 0.000 0.000 0.000 34.335 17.336 0.000 12.400 18.427 22.452 29.470 29.484 29.495 31.506 3.513 0.000 0.000 59.563 52.563 54.563 42.563 17.563 18.563 0.000 0.000
63.564 63.235 62.968 48.787 0.569 0.000 0.000 0.000 0.000 0.000 37.009 31.947 21.854 22.740 22.610 22.470 22.331 20.194 19.056 18.915 20.772 19.629 19.489 18.354 20.228 35.112 26.008 34.919 35.856 0.000 0.000 34.414 33.366 33.306 33.245 35.187 35.131 36.080 48.034 43.993 38.959 40.932 16.913 25.901 53.896 0.000 0.000 86.087 55.071 22.048 9.037 0.000 0.000 0.000 0.000 0.000 15.466 24.506 28.521 27.527 30.530 32.539 18.551 23.572 39.579 54.576 52.574 52.573 40.572 17.571 17.571 0.000 0.000
63.844 64.480 56.218 39.078 0.000 0.000 0.000 0.000 0.000 44.296 38.161 22.052 22.940 22.818 22.688 22.551 22.411 22.268 19.122 19.970 19.812 19.654 20.500 19.354 19.220 22.098 26.988 38.887 25.788 37.658 42.547 35.444 44.369 34.301 35.238 38.178 37.122 36.071 46.025 41.985 29.951 28.924 17.906 24.895 53.893 0.000 0.000 77.056 67.048 44.035 13.027 0.000 0.000 0.000 0.000 0.000 0.000 35.586 27.580 21.574 18.558 33.571 20.578 22.586 30.589 51.588 53.586 51.583 37.581 17.579 14.578 18.579 12.579
72.047 69.624 42.345 32.230 0.000 0.000 0.000 22.696 36.601 37.431 31.288 26.160 23.035 22.906 22.772 22.634 21.493 24.347 29.194 25.030 19.854 20.676 19.504 19.342 19.199 19.073 25.960 26.854 24.750 31.641 30.538 25.445 37.365 17.293 25.226 32.165 31.108 25.057 44.010 36.970 16.936 15.909 18.891 20.883 24.888 0.000 0.000 55.035 35.029 72.019 58.010 0.000 0.000 45.843 19.820 17.785 17.738 19.671 30.642 24.630 0.000 45.608 33.607 29.606 27.604 38.601 54.597 46.593 29.590 18.586 14.584 21.582 45.579
0.000 0.000 21.306 39.268 0.000 0.000 24.888 34.790 48.678 32.539 31.401 31.266 24.133 22.998 22.861 22.722 29.580 37.433 38.277 30.102 24.896 19.693 18.497 19.312 23.162 20.036 18.924 17.819 23.717 24.617 23.522 24.433 26.352 19.279 25.211 30.148 32.090 28.038 43.990 37.949 19.914 18.886 18.867 14.857 0.000 0.000 0.000 11.019 30.014 30.003 63.984 78.946 71.909 39.866 25.833 26.798 26.759 29.717 51.689 69.673 78.670 77.646 79.635 78.628 72.621 66.616 58.610 41.604 24.599 15.594 16.589 29.585 48.581
13.319 0.000 0.000 0.000 0.000 0.000 27.987 47.898 39.781 42.647 39.510 29.371 22.233 23.093 22.953 33.812 38.671 34.529 29.380 26.206 28.935 23.703 23.482 19.245 24.102 17.986 18.881 19.781 18.684 18.589 18.499 18.413 17.333 18.259 18.191 22.127 28.068 27.013 44.964 38.921 17.884 18.855 18.834 17.822 0.000 0.000 0.000 15.010 41.005 29.995 31.976 46.947 57.915 67.880 69.848 75.816 78.782 78.750 77.724 73.705 64.690 62.673 64.659 67.648 69.639 70.630 68.622 72.615 64.608 31.601 18.595 37.589 54.583
52.061 9.077 0.000 0.000 0.000 29.343 45.174 38.036 29.900 37.760 41.619 42.477 32.334 21.190 31.046 39.903 29.764 21.632 21.508 23.408 0.000 0.000 0.000 16.084 20.014 21.927 21.834 18.741 18.648 19.558 18.471 18.387 18.309 19.235 18.166 18.101 18.040 20.984 37.933 36.888 18.848 18.815 18.791 19.777 20.777 0.000 0.000 14.006 32.002 32.996 44.978 31.952 11.923 15.893 51.864 75.834 59.805 54.777 57.753 50.732 36.714 25.697 16.681 14.668 15.656 25.645 23.635 18.625 57.616 72.608 50.600 48.593 52.586
0.000 23.094 0.761 0.000 28.709 38.512 45.332 29.172 32.022 29.876 27.730 35.583 40.436 35.286 39.137 27.990 21.851 22.725 22.613 30.511 0.000 0.000 0.000 12.993 21.945 32.872 33.788 28.700 24.611 26.524 22.439 21.358 19.280 18.206 18.137 19.071 18.009 17.951 20.897 29.848 17.805 17.768 18.738 17.718 0.000 0.000 0.000 0.000 0.000 47.009 30.989 15.960 29.931 31.905 77.881 58.853 41.826 23.801 14.778 15.757 16.738 17.719 17.702 17.686 16.672 14.659 13.647 14.636 22.625 59.615 67.606 52.597 51.589
0.000 9.156 31.656 33.268 31.906 46.664 31.469 25.299 27.141 25.990 22.841 21.692 36.539 43.384 46.226 34.070 23.926 20.805 28.709 0.000 0.000 0.000 0.000 15.951 25.901 32.828 33.746 33.659 35.572 43.487 41.404 37.324 35.248 31.174 25.104 20.037 17.973 18.913 17.857 22.804 15.756 16.713 17.675 19.639 40.592 0.000 0.000 0.000 9.083 51.042 11.010 19.969 10.938 49.915 67.901 27.872 15.845 17.824 17.803 17.782 17.761 17.740 14.721 14.704 13.687 14.672 14.659 14.646 30.634 45.622 18.610 78.600 50.591
0.000 8.718 31.500 24.241 42.985 42.768 37.581 28.412 22.255 23.103 23.954 34.803 37.647 29.483 32.312 41.139 41.978 31.860 0.000 0.000 0.000 0.000 21.033 26.959 30.879 29.795 30.708 30.620 28.533 35.448 36.367 36.288 37.212 34.139 33.069 34.001 24.935 19.872 20.813 17.756 18.703 17.654 16.611 18.573 33.544 0.000 0.000 0.000 9.124 53.068 15.039 0.000 0.000 0.000 34.938 16.890 17.860 15.846 15.827 15.806 14.783 13.761 14.740 14.720 13.702 14.685 13.670 12.656 15.643 11.630 7.614 71.602 80.592
0.000 5.499 25.383 35.213 45.025 35.844 35.674 37.515 35.363 26.215 32.068 40.919 29.762 22.591 21.402 27.194 36.988 43.798 7.623 0.000 24.473 24.307 19.108 27.972 32.863 33.766 29.672 29.579 21.491 18.407 18.327 18.250 17.175 15.102 22.031 35.962 34.894 33.829 28.765 19.704 17.646 18.591 17.540 17.497 18.469 0.000 0.000 0.000 24.221 0.000 0.000 0.000 0.000 0.000 14.022 0.000 0.000 13.872 12.856 12.832 13.806 15.781 15.757 15.735 14.715 14.697 12.680 12.665 13.653 1.643 0.000 0.000 74.588
0.000 4.395 28.322 47.202 38.058 34.908 34.758 35.611 34.467 36.325 41.185 30.042 23.890 23.719 23.511 22.247 22.983 28.720 45.449 43.061 21.639 20.342 19.119 19.959 31.836 29.732 40.635 28.534 21.445 19.363 20.284 19.209 24.135 32.063 27.992 21.921 27.852 37.784 34.716 33.650 24.585 17.523 17.463 18.408 16.366 0.000 0.000 24.317 12.318 0.000 0.000 26.180 21.181 20.156 12.107 0.000 0.000 18.914 15.891 15.861 15.830 15.799 15.773 15.749 15.727 15.707 15.689 14.673 15.659 17.647 7.640 0.000 16.588
0.000 17.364 42.308 38.215 27.099 31.971 36.839 31.705 37.569 43.434 35.305 23.175 22.039 23.883 23.675 27.300 27.977 21.649 32.391 28.096 24.679 21.303 18.068 24.908 28.789 30.693 21.602 48.478 36.392 26.314 18.240 24.167 43.095 53.023 45.952 22.880 24.809 27.738 31.666 36.595 34.524 30.452 19.380 16.305 23.221 29.115 0.000 0.000 20.416 0.000 0.000 0.000 16.206 16.181 16.143 21.109 20.055 15.980 14.934 15.893 15.851 15.815 15.786 15.760 15.737 15.716 15.697 15.679 14.662 14.647 15.633 18.613 14.595
4.428 38.389 44.331 29.250 24.151 26.040 27.922 38.799 42.672 53.537 52.424 45.316 34.207 23.100 26.008 0.000 0.000 20.510 26.371 23.254 0.000 19.122 22.942 39.817 38.720 41.650 0.000 13.384 53.330 47.263 33.194 39.124 57.054 56.983 54.912 23.840 29.767 29.692 31.617 19.540 28.462 34.383 33.302 32.210 45.100 54.008 0.000 0.000 10.514 35.613 0.000 0.000 39.255 20.221 20.176 20.129 20.076 21.019 14.971 13.927 17.867 14.825 14.796 14.770 14.746 15.724 14.703 13.683 13.665 13.648 13.631 13.613 12.596
3.467 49.434 35.378 24.304 24.216 24.117 37.010 34.898 51.781 66.619 63.540 60.458 55.375 46.300 37.250 0.000 0.000 0.000 14.328 25.296 0.000 0.000 15.761 33.700 32.623 47.537 19.418 20.346 53.281 58.216 54.149 53.082 56.014 55.944 56.874 35.801 27.726 29.648 29.568 19.486 28.402 22.318 41.233 12.135 50.962 72.810 43.584 13.440 0.000 13.712 0.000 15.425 75.339 28.272 30.212 30.156 26.100 27.049 19.005 13.976 0.000 14.821 14.802 17.779 20.755 30.731 20.708 15.687 16.667 16.648 16.630 16.612 16.595
35.540 39.501 33.443 31.372 26.291 38.201 32.105 45.003 22.935 0.000 43.658 62.600 61.534 62.477 45.442 0.000 0.000 0.000 8.317 31.307 0.000 0.000 12.641 27.600 22.535 49.457 60.372 60.299 56.233 56.169 56.106 57.041 55.975 55.907 55.837 49.764 24.688 26.607 24.523 19.434 30.343 31.253 34.179 0.000 35.802 71.686 41.503 59.296 20.037 5.812 17.670 73.512 61.403 33.317 27.245 29.181 23.122 17.070 15.026 12.996 0.000 20.835 28.814 36.789 43.762 52.737 41.713 21.690 15.669 16.648 16.629 16.610 16.593
46.652 35.588 35.522 31.451 38.375 35.294 38.203 62.075 49.020 31.967 52.834 61.751 60.684 59.631 39.600 0.000 0.000 0.000 0.000 0.000 0.000 0.000 18.562 27.525 38.459 54.386 56.313 56.246 56.184 56.123 56.063 56.002 55.939 55.873 55.804 55.732 41.654 31.571 24.481 17.385 21.282 21.172 26.050 44.880 30.757 65.631 51.446 58.205 65.003 50.829 55.685 64.553 40.442 41.350 27.270 26.201 18.139 15.083 16.033 17.987 31.931 37.871 55.832 54.800 53.770 52.742 52.716 42.692 20.669 15.648 16.627 16.608 16.590
37.746 25.675 27.606 39.535 36.464 36.395 6.340 0.000 41.103 67.048 61.962 60.885 62.820 44.765 30.727 14.749 0.000 0.000 0.000 0.000 0.000 0.000 24.520 41.478 53.391 56.315 56.249 56.189 56.133 56.077 56.022 55.965 55.905 55.842 55.776 55.704 56.626 50.541 42.447 34.343 32.229 35.105 25.971 42.832 21.716 63.635 0.000 17.074 51.943 23.814 14.690 70.571 34.464 38.369 36.286 17.214 15.149 16.091 16.038 23.987 44.935 55.885 52.844 52.808 52.776 49.746 48.719 46.693 45.669 19.647 15.625 15.605 15.586
27.835 24.762 37.691 37.620 32.550 52.483 6.422 15.364 55.242 62.158 61.080 61.009 60.945 36.883 36.793 47.771 0.000 0.000 0.000 0.000 0.000 0.000 0.000 0.000 50.312 62.233 57.178 56.129 56.081 56.032 55.982 55.930 55.875 55.816 55.753 55.683 55.606 56.520 57.422 54.311 54.186 57.046 36.898 42.760 16.642 57.558 0.000 0.000 47.882 17.796 27.690 61.579 42.474 34.377 38.293 15.219 16.154 15.094 17.040 26.988 47.939 48.892 53.851 52.813 47.779 44.748 48.720 53.693 52.668 41.644 22.622 21.602 20.582
23.925 37.849 38.776 26.704 37.634 58.566 51.499 57.429 63.343 61.264 61.191 61.125 58.068 42.028 0.000 0.000 0.000 0.000 0.000 0.000 0.000 0.000 0.000 0.000 0.000 7.128 48.103 57.068 56.030 55.989 55.945 55.898 55.849 55.795 55.736 57.671 56.597 56.511 55.410 57.295 56.160 55.995 45.817 43.667 20.534 32.398 62.199 41.043 48.907 17.799 45.693 39.583 42.474 30.373 24.289 16.217 16.152 16.093 24.039 28.988 29.940 34.895 42.853 40.815 41.781 52.749 52.719 52.691 52.666 53.641 47.619 43.597 41.577
39.011 38.933 27.859 23.787 38.717 57.648 63.580 62.510 61.436 61.365 61.296 62.232 53.175 46.134 0.000 0.000 0.000 0.000 0.000 0.000 0.000 0.000 0.000 0.000 4.050 24.050 51.036 57.012 55.982 55.949 55.911 55.871 55.826 55.778 57.726 57.667 57.599 49.516 54.413 57.299 60.164 57.956 51.709 47.558 35.431 19.301 67.156 50.023 51.903 16.800 62.703 26.584 7.468 24.352 15.274 16.207 15.145 24.088 30.035 28.985 28.938 27.894 20.853 16.815 46.779 52.747 52.717 52.688 52.662 52.637 53.614 53.592 53.572
36.092 27.014 24.940 22.868 39.799 59.730 61.663 61.596 61.528 61.462 61.398 63.333 42.264 40.199 0.000 0.000 0.000 0.000 0.000 0.000 0.000 0.000 0.000 0.000 0.000 37.986 56.978 55.962 55.939 55.912 55.881 55.846 57.809 56.767 56.722 56.673 50.616 28.544 44.426 54.323 5.243 0.000 29.504 36.427 45.329 32.219 53.103 70.989 55.885 22.796 64.733 0.000 0.362 13.295 16.248 16.191 18.135 28.080 26.029 26.980 28.933 31.890 25.849 26.811 42.776 52.743 52.713 52.684 52.657 52.632 52.608 52.586 52.565
27.169 25.092 30.019 34.948 49.879 61.812 61.746 61.682 61.619 61.558 61.499 62.438 49.351 0.000 0.000 0.000 0.000 0.000 0.000 22.799 0.000 1.802 0.000 0.000 0.000 12.932 47.928 54.918 55.902 55.880 55.855 55.826 57.794 55.760 55.724 55.686 39.648 35.617 0.000 0.000 0.000 0.000 14.376 21.319 43.238 29.145 34.047 76.947 59.851 38.765 48.702 0.000 43.318 20.281 16.231 16.177 18.123 27.070 38.020 37.972 39.927 45.884 40.844 51.806 52.771 52.738 52.707 52.678 52.651 52.626 52.602 52.579 52.558
28.242 25.167 32.095 51.025 61.957 61.892 61.828 61.766 61.707 61.652 61.604 67.570 0.000 0.000 0.000 0.000 0.000 0.000 22.799 34.799 21.800 36.802 32.804 0.000 2.858 34.881 41.886 52.881 55.869 55.852 55.832 56.809 55.783 55.755 55.727 51.700 40.675 45.659 0.000 0.000 0.000 0.000 31.305 23.235 41.158 17.078 18.992 66.901 65.807 57.711 43.609 43.468 32.353 27.280 16.220 16.163 16.109 26.058 48.008 54.962 53.917 53.876 45.836 52.799 52.764 52.731 52.700 52.671 52.644 52.618 52.594 52.571 52.550
26.314 24.240 39.169 59.101 63.034 61.970 61.908 61.849 61.791 61.739 61.694 68.667 0.000 0.000 0.000 0.000 0.000 0.000 11.799 31.799 31.800 30.802 33.807 17.818 25.836 33.849 33.853 50.850 56.842 55.829 55.813 55.794 55.773 55.752 56.730 48.711 44.694 38.685 0.000 0.000 0.000 0.000 0.000 23.159 42.082 19.016 14.943 53.860 70.766 67.664 48.555 27.442 26.345 27.268 18.204 15.147 16.094 19.043 29.995 49.950 52.906 52.865 44.826 52.790 52.755 52.722 52.691 52.662 52.635 52.609 52.585 52.562 52.541
25.382 27.310 47.241 63.174 62.110 62.047 61.987 61.928 61.872 61.817 63.767 61.738 0.000 0.000 0.000 0.000 0.000 0.000 0.000 36.798 42.799 47.801 38.804 37.810 31.819 27.826 38.828 52.826 55.819 55.809 58.796 56.781 55.765 55.749 55.732 50.718 42.707 37.702 12.705 0.000 0.000 0.000 0.000 0.000 33.997 19.961 15.904 48.829 79.733 60.623 39.504 30.402 32.316 30.245 25.183 14.127 16.075 15.027 18.980 37.936 52.894 52.853 44.815 52.779 52.745 52.712 52.681 52.652 52.625 52.600 52.575 52.553 52.531
25.449 35.378 55.310 63.245 62.183 62.123 62.064 62.007 61.950 62.892 60.821 48.779 32.779 0.000 0.000 0.000 0.000 0.000 0.000 37.797 46.798 46.797 50.798 52.800 35.804 34.807 49.808 55.805 55.800 55.792 56.782 55.770 55.758 55.745 55.733 53.722 41.714 42.710 36.709 0.000 0.000 0.000 0.000 0.000 19.949 19.926 13.884 58.820 46.715 52.592 22.438 42.346 36.274 29.212 29.156 20.104 15.055 16.008 14.963 26.920 49.879 51.840 45.802 52.767 53.733 52.700 52.670 52.641 52.614 52.589 52.565 52.542 52.521
