results2_8e3_rain/res_3e8f-0111.wd
ncols         241
nrows         181
xllcorner     12693529.787448
yllcorner     3542525.717860
cellsize      155.156523
NODATA_value  -9999.000000
[rows 99 to 131 of 181, columns 0 to 72 of 241]
0.000 0.000 0.000 0.000 0.000 59.152 99.152 101.152 92.152 87.152 0.000 0.000 0.000 0.000 0.000 1.147 0.149 67.150 64.150 0.000 0.000 0.147 3.148 62.147 61.147 2.146 0.000 0.000 0.000 8.571 0.000 0.000 0.000 0.000 14.429 60.425 56.415 55.398 56.373 57.346 70.316 59.283 63.247 55.208 57.164 55.118 56.068 61.016 61.961 59.904 63.844 56.784 56.721 58.657 61.591 75.519 76.457 61.408 47.363 0.000 0.000 0.000 0.000 0.000 25.246 80.241 77.231 64.213 39.191 34.169 78.147 55.127 57.108
0.000 0.000 0.000 0.000 0.000 60.153 100.153 100.153 0.000 0.000 0.000 0.000 0.000 0.000 0.000 0.148 12.150 78.150 67.150 5.150 2.149 2.149 65.148 64.148 68.147 0.000 0.000 0.000 0.000 66.571 58.571 0.000 0.000 0.000 73.473 83.468 69.459 62.445 56.426 58.402 77.375 62.344 68.309 68.270 59.227 74.181 66.131 67.078 57.021 64.963 64.903 62.841 56.777 57.713 61.645 58.549 20.484 10.446 0.000 0.000 0.000 0.000 0.000 28.245 65.244 77.241 84.233 74.220 50.205 51.189 65.172 56.156 57.139
5.156 0.000 0.000 0.000 0.000 47.153 96.153 105.153 15.154 0.000 0.000 0.000 0.000 0.000 0.000 0.000 1.150 85.150 66.150 67.150 69.149 66.149 63.148 64.148 62.148 0.146 0.000 0.000 0.000 59.571 59.571 60.569 59.562 59.548 58.523 68.514 77.507 24.497 88.482 78.463 83.438 68.409 13.375 84.337 82.294 81.247 85.196 74.142 57.085 60.024 64.962 64.899 61.834 57.771 46.729 0.000 0.000 0.000 0.000 0.000 0.000 0.000 0.000 38.246 65.246 65.244 76.239 75.231 58.221 58.209 57.197 57.184 57.170
73.156 76.156 8.156 0.000 0.000 57.154 96.154 101.154 111.154 16.154 0.000 0.000 0.000 0.000 7.152 7.152 5.151 22.151 70.150 67.150 85.150 99.149 74.149 59.148 0.000 0.000 0.000 0.000 0.000 0.000 58.573 59.575 59.569 59.561 59.555 58.558 58.559 57.554 58.544 63.528 75.506 69.479 12.446 84.408 85.365 63.317 70.266 87.210 81.150 68.088 58.024 63.958 64.889 67.810 52.769 0.000 0.000 0.000 0.000 0.000 0.000 0.000 0.000 0.248 16.251 62.250 59.247 59.243 57.238 57.231 57.223 57.213 57.202
87.156 70.156 70.156 72.155 74.155 93.155 101.154 101.154 101.154 103.154 77.154 16.154 0.000 65.152 72.152 73.152 35.151 30.151 93.151 101.150 96.150 92.149 75.149 0.000 0.000 0.000 0.000 0.000 0.000 0.000 0.000 59.589 58.576 57.572 58.577 59.606 59.615 59.616 59.611 60.599 79.580 74.554 57.522 59.483 70.440 81.392 58.339 70.282 71.219 64.152 84.086 67.021 58.955 0.000 0.000 0.000 0.000 0.000 0.000 0.000 0.000 0.000 0.000 0.000 8.258 62.258 57.257 57.257 57.256 57.254 57.250 55.244 53.236
102.156 92.156 73.156 77.156 95.155 101.155 101.155 101.155 101.155 96.154 68.154 74.154 2.153 56.153 91.152 99.152 99.152 83.151 98.151 105.151 15.151 0.000 0.000 0.000 0.000 0.000 0.000 0.000 0.000 0.000 0.000 59.616 0.000 0.000 0.000 60.674 59.679 59.684 59.685 60.678 76.662 81.637 58.603 59.564 59.519 77.470 78.418 56.360 64.293 83.215 75.148 53.085 0.000 0.000 0.000 0.000 0.000 0.000 0.000 0.000 0.000 0.000 0.000 0.000 5.264 62.266 57.268 57.272 57.276 56.278 55.278 60.277 61.273
102.156 102.156 97.156 100.156 101.156 101.155 101.155 101.155 101.155 97.155 72.155 89.154 0.000 0.000 69.153 93.152 101.152 102.152 101.152 106.151 9.151 0.000 0.000 0.000 0.000 0.000 0.000 0.000 0.000 0.000 0.000 59.642 0.000 0.000 61.743 59.736 59.745 59.757 59.766 59.766 76.752 81.727 58.691 59.649 59.603 60.553 81.502 75.446 82.378 72.267 53.208 0.000 0.000 0.000 0.000 0.000 0.000 0.000 0.000 0.000 0.000 0.000 0.000 0.000 60.270 57.272 57.277 57.286 57.297 56.304 58.309 62.312 63.312
100.156 101.156 101.156 101.156 101.156 101.156 101.156 101.155 101.155 102.155 97.155 104.155 28.154 7.154 57.153 76.153 99.153 101.152 102.152 90.152 4.151 0.000 0.000 0.000 0.000 0.000 0.000 0.000 0.000 0.000 0.000 53.669 58.696 58.722 57.749 59.783 59.806 59.833 59.858 59.866 76.855 81.827 58.786 59.739 59.689 59.639 64.590 87.543 67.506 0.000 0.000 0.000 0.000 0.000 0.000 0.000 0.000 0.000 0.000 0.000 0.000 0.000 0.000 0.000 13.273 64.276 60.284 61.297 59.322 55.334 62.342 63.349 61.355
97.157 102.157 101.157 101.157 101.156 101.156 101.156 101.156 101.156 101.155 102.155 95.155 79.155 70.154 64.154 91.153 101.153 101.153 106.153 9.152 0.000 0.000 0.000 0.000 0.000 0.000 0.000 0.000 0.000 0.000 0.000 0.000 0.000 0.000 0.000 59.840 59.865 59.910 59.966 59.987 75.975 82.939 59.888 59.832 59.776 59.723 59.675 65.632 18.597 0.000 0.000 0.000 0.000 0.000 0.000 0.000 0.000 0.000 0.000 0.000 0.000 0.000 0.000 0.000 0.000 1.276 0.000 0.000 5.361 64.367 62.376 63.387 60.400
97.157 102.157 101.157 101.157 101.157 101.157 101.157 101.156 101.156 101.156 102.156 87.155 66.155 65.154 74.154 98.154 101.153 101.153 107.153 12.153 3.153 0.000 0.000 0.000 0.000 0.000 0.000 0.000 0.000 0.000 0.000 0.000 0.000 0.000 0.000 55.872 59.904 56.975 60.111 60.140 79.118 83.065 59.996 59.925 59.859 59.803 59.755 56.712 6.655 0.000 0.000 0.000 0.000 0.000 0.000 0.000 0.000 0.000 0.000 0.000 0.000 56.443 0.000 0.000 0.000 0.000 0.000 0.000 60.393 61.398 63.408 63.423 60.445
100.158 101.158 101.158 101.158 101.157 101.157 101.157 101.157 101.157 101.156 101.156 98.156 75.155 76.155 93.154 100.154 101.154 101.154 108.153 25.153 0.000 0.000 0.000 0.000 0.000 0.000 0.000 0.000 0.000 0.000 0.000 0.000 0.000 0.000 0.000 0.000 55.904 0.000 59.363 60.345 88.292 75.207 60.107 60.012 59.934 72.874 62.831 57.805 0.000 0.000 0.000 0.000 0.000 0.000 0.000 0.000 0.000 0.000 0.000 0.000 8.443 67.443 52.443 0.000 0.000 0.000 0.000 61.429 64.420 63.423 60.434 56.454 56.483
101.158 101.158 101.158 101.158 101.158 101.158 101.158 101.157 101.157 101.157 101.156 101.156 103.156 103.155 102.155 101.154 101.154 103.154 92.154 35.154 0.000 0.000 0.000 0.000 0.000 0.000 0.000 0.000 0.000 0.000 0.000 0.000 0.000 0.000 0.000 0.000 0.000 0.000 59.632 60.586 94.496 63.366 60.212 60.082 71.991 80.928 59.889 59.873 58.890 0.000 0.000 0.000 0.000 0.000 0.000 0.000 0.000 0.000 0.000 0.000 0.000 63.443 64.443 51.443 0.000 57.442 59.441 63.437 62.436 60.441 59.453 55.474 63.508
100.159 99.159 101.159 101.159 101.159 101.159 101.158 101.158 101.158 101.157 101.157 101.157 101.156 101.156 101.155 101.155 102.154 85.154 13.154 4.154 62.154 76.154 22.154 0.000 0.000 3.153 0.000 0.000 0.000 0.000 0.000 0.000 0.000 0.000 0.000 1.790 1.773 0.000 55.949 66.869 89.742 60.550 57.292 60.113 60.018 59.960 59.925 59.908 59.906 56.906 0.000 0.000 0.000 0.000 0.000 0.000 0.000 0.000 0.000 0.000 0.000 58.443 54.443 60.443 55.444 63.444 63.443 62.443 58.445 61.451 56.463 55.481 55.511
90.159 90.159 99.159 101.159 101.159 101.159 101.159 101.159 101.159 101.158 101.158 102.157 103.156 101.156 101.155 101.155 101.155 23.154 7.154 62.154 72.154 82.154 81.154 74.154 66.154 7.153 0.000 0.000 0.000 0.000 0.000 0.000 0.000 0.000 1.825 60.808 63.756 63.615 60.346 59.199 68.052 55.801 0.000 56.061 60.009 59.969 59.942 59.927 58.922 0.000 0.000 0.000 0.000 0.000 0.000 0.000 60.442 71.442 0.000 0.000 59.443 57.443 57.443 54.444 62.444 63.445 63.446 60.448 63.451 63.457 61.465 56.477 45.488
72.160 77.160 96.160 102.160 101.160 101.160 101.160 101.160 101.159 101.159 103.158 89.158 85.157 100.156 105.156 102.155 97.155 79.155 82.154 88.154 82.154 83.154 62.154 55.154 1.154 0.000 0.000 0.000 0.000 0.000 0.000 0.000 0.000 0.000 51.842 57.860 60.827 60.744 60.620 60.528 62.466 0.000 0.000 0.000 54.987 59.965 59.948 59.937 59.932 0.000 0.000 0.000 0.000 0.000 0.000 20.442 77.442 59.442 57.442 57.442 57.443 57.443 55.443 60.444 63.445 63.446 59.448 63.450 63.454 62.459 56.465 57.472 47.477
56.161 71.161 90.161 103.161 104.161 104.161 102.161 101.161 102.160 101.160 102.159 40.159 11.157 59.156 77.156 98.155 105.155 103.155 103.155 89.154 12.154 0.000 0.000 0.000 0.000 0.000 0.000 0.000 0.000 6.811 8.811 0.000 0.000 0.000 0.000 56.961 60.949 58.914 59.863 61.828 62.817 0.000 0.000 0.000 0.000 52.956 59.948 59.941 56.936 0.000 0.000 0.000 0.000 0.000 0.000 0.000 19.442 73.442 56.442 56.442 57.443 56.443 56.443 62.444 63.445 61.446 49.449 2.452 67.456 61.460 61.465 61.469 47.471
20.161 42.161 75.162 81.162 75.162 77.162 94.162 102.162 98.161 91.161 90.160 25.160 0.000 0.000 0.000 35.155 70.155 96.155 103.155 0.154 0.000 0.000 0.000 0.000 0.000 0.000 0.000 0.000 0.000 48.811 69.812 14.812 0.000 0.000 0.000 57.075 63.096 62.098 71.092 72.103 62.158 7.324 0.000 0.000 0.000 0.000 56.945 57.943 0.000 0.000 0.000 0.000 0.000 0.000 0.000 0.000 0.000 78.442 81.442 61.442 55.443 53.443 63.443 63.444 58.444 0.000 0.000 0.000 8.459 66.462 63.464 63.467 53.468
0.000 0.000 56.164 65.164 17.164 3.163 66.163 95.163 86.162 82.162 96.162 63.161 23.162 0.000 0.000 0.000 0.000 41.156 72.156 0.000 0.000 0.000 0.000 0.000 0.000 0.000 0.000 0.000 0.000 0.000 53.812 71.812 2.812 0.000 0.000 48.168 62.261 60.289 90.305 83.332 61.390 63.489 9.599 0.000 0.000 0.000 51.945 0.000 0.000 0.000 0.000 0.000 0.000 0.000 0.000 0.000 0.000 0.000 66.442 83.442 68.443 62.443 63.443 58.443 0.000 0.000 0.000 0.000 0.000 58.463 63.465 63.466 58.467
0.000 0.000 52.166 97.166 54.165 3.165 55.164 87.164 89.163 100.163 102.163 105.162 111.162 50.162 19.162 0.000 0.000 0.000 12.157 7.157 0.000 0.155 0.000 0.000 0.000 0.000 0.000 0.000 0.000 0.000 54.812 69.812 0.000 6.813 10.813 0.000 55.491 63.494 93.505 75.531 63.579 62.645 67.708 0.000 0.000 0.000 0.000 0.000 0.000 0.000 0.000 0.000 0.000 0.000 0.000 0.000 0.000 0.000 0.000 4.443 71.443 61.443 59.443 0.000 0.000 0.000 0.000 0.000 57.464 56.464 58.464 52.465 0.000
25.170 40.169 74.168 92.167 100.167 69.166 82.166 105.165 102.165 101.164 101.163 101.163 101.162 107.162 110.161 66.160 25.160 7.159 70.158 84.157 77.157 79.157 35.157 11.157 8.157 0.000 0.000 0.000 0.000 0.000 33.812 55.812 61.812 61.813 64.813 23.814 56.718 85.690 87.690 64.710 62.749 62.805 65.880 11.002 6.056 0.000 0.000 0.000 0.000 0.000 0.000 0.000 0.000 0.000 0.000 0.000 0.000 0.000 0.000 0.000 0.000 0.000 5.443 0.000 0.000 0.000 0.000 59.464 54.464 52.464 0.000 0.000 0.000
98.171 101.170 101.170 99.169 97.168 98.168 100.167 100.166 101.166 102.165 102.164 101.164 94.163 98.162 101.161 105.160 109.160 110.159 102.158 98.158 95.157 90.157 92.157 85.157 41.157 19.157 0.000 0.000 0.000 0.000 0.000 0.000 0.000 0.000 0.000 80.911 69.877 98.857 89.855 76.870 63.901 62.947 63.005 67.071 63.110 0.000 0.000 0.000 0.000 0.000 0.000 0.000 0.000 0.000 0.000 0.000 0.000 0.000 0.000 0.000 0.000 0.000 0.000 0.000 0.000 0.000 0.000 0.000 0.000 0.000 0.000 0.000 0.000
101.172 96.172 94.171 93.170 87.170 84.169 85.168 85.168 91.167 96.166 96.165 89.164 73.163 88.162 101.161 101.160 101.160 101.159 101.158 101.158 102.157 102.157 105.157 106.157 106.157 106.157 45.157 0.000 0.000 0.000 0.000 0.000 0.000 0.000 0.000 53.041 79.023 84.007 68.004 85.015 73.040 63.076 63.120 66.168 9.202 0.000 0.000 0.000 0.000 0.000 0.000 0.000 0.000 0.000 0.000 0.000 0.000 0.000 0.000 0.000 0.000 0.000 0.000 0.000 0.000 0.000 0.000 0.000 0.000 0.000 0.000 0.000 0.000
71.173 44.173 66.173 80.172 78.171 58.171 43.170 39.169 59.168 76.167 75.166 68.165 63.164 73.163 94.162 102.161 101.159 101.159 101.158 101.157 101.157 105.157 80.157 68.157 67.157 71.157 74.156 13.156 2.156 0.000 0.000 0.000 0.000 0.000 0.000 51.190 87.166 70.144 62.138 72.146 83.166 67.196 63.233 63.277 69.330 13.419 7.461 0.000 0.000 0.000 0.000 0.000 0.000 0.000 0.000 0.000 0.000 0.000 0.000 0.000 0.000 0.000 0.000 0.000 0.000 0.000 0.000 0.000 0.000 0.000 0.000 0.000 0.000
61.175 32.175 54.174 69.174 65.173 42.172 28.172 32.171 52.170 66.168 64.167 64.166 65.165 63.163 82.162 99.161 101.159 101.158 101.158 101.157 100.157 63.157 0.000 0.000 0.000 0.000 0.000 0.000 0.000 57.532 77.532 29.531 15.528 11.515 58.469 75.362 92.307 69.265 63.258 61.265 78.283 80.309 66.341 63.377 63.419 66.468 75.502 13.531 8.538 0.000 0.000 0.000 0.000 0.000 0.000 0.000 0.000 0.000 0.000 0.000 0.000 0.000 0.000 0.000 0.000 0.000 0.000 0.000 0.000 0.000 0.000 0.000 0.000
74.177 70.177 65.176 64.176 65.175 67.174 68.173 71.172 70.171 66.170 65.168 65.167 65.165 64.164 71.162 93.160 102.159 101.158 103.157 75.156 41.157 0.000 0.000 0.000 0.000 0.000 0.000 0.000 0.000 22.532 44.532 47.533 51.537 65.549 62.531 83.483 80.433 54.354 61.362 63.374 65.392 78.416 70.443 65.472 63.503 62.531 79.549 70.552 64.545 0.000 0.000 0.000 0.000 0.000 0.000 0.000 0.000 0.000 0.000 0.000 0.000 0.000 0.000 0.000 0.000 0.000 0.000 0.000 0.000 0.000 0.000 0.000 0.000
64.179 65.179 65.178 65.178 65.177 65.176 65.175 65.174 65.173 65.171 65.170 65.168 65.166 65.164 63.162 84.160 101.159 103.157 99.156 25.155 0.000 0.000 0.000 0.000 0.000 0.000 0.000 0.000 0.000 0.000 0.000 0.000 0.000 49.614 66.620 92.607 66.590 0.000 49.463 64.477 62.497 66.519 67.542 76.566 65.589 63.606 62.609 58.585 0.000 0.000 0.000 0.000 0.000 0.000 0.000 0.000 0.000 0.000 0.000 0.000 0.000 0.000 0.000 0.000 0.000 0.000 0.000 0.000 0.000 0.000 0.000 0.000 23.519
65.181 65.181 65.181 65.180 65.179 65.178 65.177 64.176 64.174 65.173 65.171 65.169 65.167 65.165 64.162 72.160 87.158 98.156 86.154 12.153 0.000 0.000 0.000 0.000 0.000 0.000 0.000 0.000 0.000 0.000 0.000 0.000 0.000 26.672 75.730 100.735 10.729 0.000 47.549 65.574 63.598 62.621 70.642 81.662 69.680 63.693 67.697 0.648 0.000 0.000 0.000 0.000 0.000 0.000 0.000 0.000 0.000 0.000 0.000 0.000 0.000 0.000 0.000 0.000 0.000 0.000 0.000 0.000 0.000 0.000 0.000 0.000 80.595
65.184 65.184 65.183 65.183 65.182 65.181 65.179 69.178 70.176 66.175 65.173 65.170 65.168 65.165 65.163 64.160 67.157 76.154 76.152 17.151 0.000 0.000 0.000 0.000 0.000 0.000 18.735 0.000 0.000 0.000 0.000 0.000 0.000 0.000 79.893 94.875 17.862 0.000 31.611 62.672 63.702 63.723 62.742 67.760 69.776 65.790 67.798 0.000 0.000 0.000 0.000 0.000 0.000 0.000 0.000 0.000 0.000 0.000 0.000 0.000 0.000 0.000 0.000 0.000 0.000 0.000 0.000 0.000 0.000 0.000 0.000 64.818 73.725
65.187 65.186 65.186 65.185 65.184 65.183 64.182 76.180 81.179 68.177 65.174 65.172 65.169 65.166 65.163 65.160 65.156 64.152 67.149 48.146 0.000 0.000 0.000 0.000 0.000 60.736 81.735 43.733 34.723 33.710 0.000 0.000 0.000 61.193 103.074 77.011 76.981 4.003 0.000 48.803 65.815 63.829 63.843 61.858 77.875 81.892 75.908 0.000 0.000 0.000 0.000 0.000 0.000 0.000 0.000 0.000 0.000 0.000 0.000 0.000 0.000 0.000 0.000 0.000 0.000 0.000 0.000 0.000 0.000 0.000 38.983 89.910 75.834
65.190 65.189 65.189 65.188 65.187 65.186 64.185 77.183 83.181 67.179 65.176 65.174 65.171 65.167 65.164 65.160 65.155 65.150 65.145 71.139 42.132 0.000 0.000 0.000 0.736 23.736 38.737 60.740 68.726 72.697 46.640 22.563 57.459 95.312 93.199 73.113 55.048 13.025 0.000 48.921 65.926 64.933 67.944 62.956 71.973 94.996 92.032 37.110 1.186 17.213 0.000 0.000 0.000 0.000 0.000 0.000 0.000 0.000 0.000 0.000 0.000 0.000 0.000 0.000 0.000 0.000 0.000 0.000 0.000 0.000 76.057 132.004 114.940
62.193 63.193 64.192 64.191 65.190 65.189 63.188 78.186 81.184 64.181 65.179 65.176 65.172 65.169 65.165 65.160 65.155 65.149 65.142 65.134 71.124 51.111 2.102 0.000 0.000 0.000 0.000 36.763 67.745 63.712 66.660 70.590 82.502 99.397 83.299 51.194 1.128 0.000 0.000 48.034 65.034 68.036 81.041 67.051 77.065 78.086 97.117 101.162 84.206 34.227 0.000 0.000 0.000 0.000 0.000 0.000 0.000 0.000 0.000 0.000 0.000 0.000 0.000 0.000 0.000 0.000 0.000 0.000 0.000 62.275 72.183 73.111 76.044
83.196 78.196 73.196 71.195 67.194 63.193 63.191 78.189 81.187 63.184 65.182 65.178 65.175 65.171 65.166 65.161 64.155 63.148 64.140 64.131 64.120 70.107 47.093 24.078 0.000 0.000 0.000 35.805 73.781 67.744 62.697 75.636 98.562 92.475 60.405 0.000 0.000 0.000 0.000 46.147 64.139 69.135 76.135 71.140 76.150 75.166 88.187 82.214 75.241 48.262 3.284 0.000 0.000 0.000 0.000 0.000 0.000 0.000 0.000 0.000 0.000 0.000 0.000 0.000 9.069 0.000 0.000 5.446 39.446 67.368 136.287 100.221 132.106
103.200 102.200 98.200 93.199 89.198 84.196 79.195 75.193 70.190 64.188 65.185 65.181 65.177 65.173 64.168 66.162 72.156 77.149 76.140 74.130 68.118 63.103 67.086 73.063 37.027 17.987 21.938 55.870 78.828 69.789 65.746 88.697 100.635 56.537 1.475 0.000 0.000 9.359 16.335 50.269 63.242 68.229 84.224 74.225 67.230 60.239 66.252 84.267 81.282 87.296 6.307 0.000 0.000 0.000 0.000 0.000 0.000 0.000 0.000 0.000 0.000 0.000 0.000 0.000 6.069 0.000 0.000 0.000 74.524 65.461 75.392 98.285 74.458
