results2_8e3_rain/res_3e8f-0098.wd
ncols         241
nrows         181
xllcorner     12693529.787448
yllcorner     3542525.717860
cellsize      155.156523
NODATA_value  -9999.000000
[rows 33 to 65 of 181, columns 73 to 145 of 241]
0.000 0.000 0.000 0.000 0.000 0.000 0.000 0.000 0.000 0.000 0.000 0.000 0.000 0.000 0.000 0.000 0.000 0.000 0.000 0.000 0.000 0.000 0.000 0.000 0.000 0.000 0.000 0.000 0.000 0.000 0.000 0.000 0.000 0.000 0.000 0.000 0.000 0.000 0.000 36.413 59.414 64.415 20.417 0.000 0.000 29.486 43.511 10.493 1.495 33.516 36.530 30.528 31.512 32.481 32.434 32.372 32.293 31.197 37.076 56.896 3.531 11.122 8.519 43.770 60.268 64.811 63.383 63.998 62.550 64.653 59.723 59.300 59.288
0.000 0.000 0.000 0.000 0.000 0.000 0.000 0.000 0.000 0.000 0.000 0.000 0.000 0.000 0.000 0.000 0.000 0.000 0.000 0.000 0.000 0.000 0.000 0.000 0.000 0.000 0.000 0.000 0.000 0.000 0.000 0.000 0.000 0.000 0.000 0.000 0.000 0.000 0.000 0.000 11.414 6.415 0.000 0.000 0.000 0.000 25.590 0.000 0.000 23.552 47.588 46.592 36.577 32.545 32.494 32.424 32.335 31.233 53.122 51.009 0.000 34.055 46.664 60.138 64.649 64.190 63.774 63.295 64.369 60.398 59.657 59.902 62.214
0.000 0.000 0.000 0.000 0.000 0.000 0.000 0.000 0.000 0.000 0.000 0.000 0.000 0.000 0.000 0.000 0.000 0.000 32.055 64.055 17.055 0.000 0.000 0.000 0.000 0.000 0.000 0.000 0.000 0.000 0.000 0.000 0.000 0.000 0.000 0.000 0.000 0.000 0.000 0.000 0.000 0.000 0.000 0.000 0.000 0.000 17.669 0.000 0.000 0.000 25.679 43.675 43.660 34.628 32.573 32.494 30.392 46.276 55.172 0.000 19.786 44.378 58.944 65.470 64.996 64.556 64.048 66.092 62.087 60.142 60.527 62.858 62.110
0.000 0.000 0.000 0.000 0.000 0.000 0.000 0.000 0.000 0.000 0.000 19.056 57.056 0.000 0.000 0.000 0.000 0.000 39.055 90.055 46.055 0.000 0.000 0.000 0.000 0.000 0.000 0.000 0.000 0.000 0.000 0.000 0.000 0.000 0.000 0.000 0.000 0.000 0.000 0.000 0.000 0.000 0.000 0.000 0.000 0.000 20.749 21.785 28.803 14.803 24.773 32.768 45.760 36.733 32.677 29.586 40.463 50.306 39.117 14.751 44.195 61.726 66.267 65.795 65.341 64.810 64.823 63.790 60.744 61.169 63.508 62.762 62.536
0.000 0.000 0.000 0.000 0.000 0.000 0.000 0.000 0.000 0.000 0.000 40.056 75.056 64.057 51.057 6.057 0.051 24.056 78.056 86.055 51.055 0.000 0.000 0.000 0.000 19.809 0.000 0.000 0.000 0.000 0.000 0.000 0.000 0.000 0.000 0.000 0.000 3.816 0.000 0.000 0.000 7.817 25.817 0.000 0.000 36.801 51.791 54.804 52.820 38.833 32.844 31.863 45.879 36.868 28.815 42.712 56.567 44.371 32.238 46.941 51.517 64.065 66.597 66.134 65.584 65.568 63.511 61.459 61.836 64.174 63.427 63.199 62.875
0.000 0.000 0.000 0.000 0.000 0.000 0.000 0.000 0.000 0.000 0.000 11.056 73.056 56.057 37.057 0.000 20.057 70.056 81.056 88.055 47.055 0.000 0.000 0.000 0.000 57.809 41.809 0.000 0.000 0.000 0.000 0.000 0.000 0.000 0.000 0.000 20.816 32.816 34.816 0.000 0.000 16.817 41.817 20.816 34.815 57.811 60.811 61.821 58.839 45.866 32.906 29.963 47.024 38.044 42.004 59.879 53.723 0.000 30.524 49.258 61.867 67.416 66.950 66.384 66.336 64.261 62.306 62.533 64.863 64.115 63.883 63.551 63.231
0.000 0.000 0.000 0.000 0.000 0.000 0.000 0.000 0.000 0.000 0.000 0.000 0.000 24.057 62.057 58.057 46.057 59.057 79.056 90.055 43.055 0.000 0.000 0.000 0.000 19.809 43.809 45.810 0.000 0.000 0.000 0.000 0.000 0.000 0.000 0.000 36.816 37.816 49.816 32.816 21.817 35.817 36.817 32.817 39.817 46.818 44.821 37.830 56.849 22.886 38.950 42.059 32.210 44.282 57.277 54.078 0.000 5.507 42.076 58.699 67.278 67.800 67.233 67.147 64.059 63.328 63.273 65.585 64.834 64.596 64.256 63.924 63.583
0.000 0.000 0.000 0.000 0.000 0.000 0.000 0.000 0.000 0.000 0.000 0.000 0.000 14.057 81.057 76.057 66.058 56.057 80.057 88.055 83.053 68.051 23.049 0.000 0.000 0.000 0.000 53.810 37.810 35.810 46.810 41.811 4.811 0.000 0.000 0.816 36.816 35.816 56.816 62.817 51.817 43.817 35.818 32.818 33.819 34.821 33.825 31.831 39.840 0.863 0.000 1.309 37.476 60.595 58.744 0.000 4.277 41.937 55.573 65.194 68.713 68.255 69.012 64.941 64.605 64.078 66.351 65.593 65.344 64.996 64.654 64.298 63.932
0.000 0.000 0.000 0.000 0.000 0.000 0.000 0.000 0.000 0.000 0.000 0.000 0.000 0.000 14.058 53.058 28.059 64.059 83.058 88.056 86.053 84.050 73.047 32.044 0.000 0.000 0.000 9.810 48.810 48.810 61.811 59.811 52.811 47.811 0.000 0.000 3.816 40.816 59.816 66.817 58.817 42.818 31.818 32.819 32.821 32.823 32.825 32.829 36.833 0.000 0.000 0.000 7.677 44.878 14.361 11.714 46.616 51.389 63.106 69.692 69.524 67.739 66.040 66.275 64.984 67.183 66.405 66.136 65.774 65.421 65.059 64.684 64.283
0.000 0.000 0.000 0.000 0.000 0.000 0.000 0.000 0.000 0.000 0.000 0.000 0.000 0.000 0.000 0.000 85.061 85.061 87.060 87.058 86.054 80.049 74.044 45.042 0.000 0.000 0.000 0.000 0.000 16.810 61.811 55.811 70.811 67.812 46.812 25.814 26.815 35.816 57.816 66.817 57.817 40.818 30.819 35.820 34.821 32.823 32.825 32.828 33.829 25.829 0.000 0.000 0.000 0.000 6.109 49.165 52.083 59.921 70.627 70.723 69.069 70.903 68.562 66.053 68.114 67.290 66.982 66.594 66.224 65.852 65.478 65.096 63.673
0.000 0.000 0.000 0.000 0.000 0.000 19.951 42.949 0.000 20.900 60.891 49.880 53.870 28.864 0.000 0.000 21.063 93.063 87.064 84.061 81.055 84.047 75.041 38.036 0.000 0.000 0.000 0.000 0.000 0.000 0.000 5.811 59.811 60.812 11.812 0.000 2.815 39.816 57.816 62.817 52.817 43.818 41.819 3.820 10.822 38.824 32.825 32.827 33.828 39.828 47.828 9.828 0.000 0.000 21.800 54.755 58.641 69.440 71.643 71.270 74.583 73.134 67.448 69.191 68.272 67.896 67.464 67.063 66.670 66.284 65.906 65.550 71.266
0.000 0.000 0.000 0.000 0.000 0.000 19.953 62.947 4.932 54.910 56.893 68.878 51.866 36.858 0.000 0.000 9.065 78.066 90.071 87.067 87.058 88.046 82.034 36.027 0.000 0.000 0.000 0.000 0.000 0.000 0.000 0.000 0.000 44.812 3.812 0.000 0.000 45.816 42.816 54.817 11.817 0.000 0.000 0.000 0.000 4.824 42.825 36.826 0.000 29.828 63.828 46.828 0.000 0.000 26.546 60.383 69.278 72.391 72.142 76.346 75.603 68.856 70.354 69.339 68.876 68.386 67.944 67.521 67.111 66.709 66.314 65.929 70.576
18.218 62.216 52.214 0.000 0.000 0.000 13.960 73.955 49.938 51.915 57.893 81.874 82.858 77.844 31.831 0.000 0.000 0.000 38.087 92.079 87.063 88.043 85.024 44.010 0.000 0.000 0.000 0.000 0.000 0.000 0.000 0.000 0.000 2.812 0.000 0.000 0.000 0.000 0.000 0.000 0.000 0.000 0.000 0.000 0.000 0.000 0.000 17.826 14.825 0.000 0.000 0.000 0.000 15.955 53.370 70.318 71.987 72.914 77.275 76.892 69.913 71.417 70.397 69.880 69.340 68.856 68.401 67.965 67.543 67.127 66.710 66.279 68.789
18.219 74.216 56.212 52.207 0.000 0.000 0.992 65.976 67.949 67.919 79.891 76.867 88.847 87.830 48.819 0.000 0.000 0.000 14.112 94.097 87.072 88.041 85.008 44.979 0.000 0.000 5.601 53.568 65.531 34.506 0.000 0.000 0.000 0.000 0.000 0.000 0.000 0.000 0.000 0.000 0.000 0.000 0.000 0.000 0.000 0.000 0.000 0.000 2.825 0.000 0.000 0.000 13.926 54.429 71.384 71.961 78.176 77.663 71.224 71.762 72.223 71.360 70.840 70.285 69.775 69.294 68.838 68.398 67.969 67.545 67.121 73.688 14.238
82.221 79.217 58.211 59.202 51.191 0.000 56.052 51.019 58.963 71.922 75.883 86.857 87.832 86.811 55.795 0.000 0.000 0.000 13.152 93.127 87.088 88.040 82.986 62.921 46.819 47.725 47.634 55.571 76.519 43.482 0.000 0.000 0.000 0.000 0.000 0.000 0.000 0.000 0.000 0.000 0.000 0.000 0.000 0.000 0.000 0.000 0.000 0.000 0.000 0.000 12.031 42.804 52.306 71.286 72.872 79.550 78.945 71.787 73.480 72.786 72.209 71.711 71.178 70.669 70.178 69.709 69.257 68.819 68.389 67.964 74.540 20.114 0.000
79.224 74.219 72.212 55.200 59.180 59.147 50.104 43.083 0.000 0.000 17.864 76.844 87.813 85.786 70.755 37.711 0.000 0.374 62.216 83.171 88.111 87.046 87.976 77.899 53.811 50.723 49.639 58.563 76.493 59.420 45.318 46.238 50.179 61.142 25.128 0.000 0.000 0.000 0.000 0.000 0.000 0.000 0.000 0.000 0.000 0.000 0.000 0.000 0.000 0.000 23.234 63.070 71.011 73.654 80.440 80.040 72.529 74.172 73.368 72.967 72.492 72.000 71.511 71.030 70.561 70.107 69.664 69.231 68.805 74.383 20.961 0.000 0.000
68.229 20.225 88.218 59.206 53.181 54.157 56.136 56.125 45.135 0.000 0.000 0.000 21.790 92.766 82.727 60.667 52.568 59.456 58.320 60.228 68.142 69.057 55.972 52.889 50.804 50.718 49.633 58.551 73.470 52.386 49.296 54.217 70.156 73.120 58.113 32.113 0.000 0.000 0.000 0.000 0.000 0.000 0.000 0.000 0.000 0.000 0.000 0.000 0.000 14.090 55.927 71.530 74.365 81.003 80.761 73.243 74.863 74.056 73.673 73.215 72.759 72.297 71.835 71.379 70.931 70.492 70.061 69.637 75.218 20.800 0.000 0.000 0.000
14.236 87.234 88.230 74.224 0.000 1.173 61.157 57.147 68.144 59.144 0.000 0.000 0.795 80.761 77.722 62.662 53.580 50.486 50.381 53.280 66.171 74.066 76.968 69.880 59.796 52.712 51.626 67.539 70.449 45.357 49.265 49.179 50.109 54.070 33.091 0.000 0.000 0.000 3.703 0.000 0.000 0.000 0.000 0.000 0.000 0.000 0.000 17.334 49.000 56.848 70.354 81.665 81.272 74.326 74.908 75.455 74.744 74.357 73.911 73.475 73.034 72.593 72.154 71.719 71.291 70.868 71.452 78.039 21.628 0.000 0.000 0.000 0.000
92.243 88.244 88.243 88.237 75.228 58.203 58.179 58.162 49.151 0.000 14.863 21.863 73.833 70.786 73.737 66.677 67.606 67.526 67.439 70.341 65.194 65.071 66.952 70.868 71.789 69.707 65.620 76.528 74.431 62.330 63.226 63.124 65.030 39.958 0.000 0.000 0.000 0.000 4.703 0.000 0.000 0.000 0.000 0.000 0.000 4.207 51.992 52.558 73.569 74.121 82.768 82.275 76.829 76.531 75.903 75.418 75.019 74.585 74.161 73.735 73.311 72.888 72.468 72.054 71.644 72.239 75.838 8.438 0.000 0.000 0.000 0.000 0.000
91.252 87.258 87.260 88.255 85.242 63.220 57.195 58.170 59.148 51.125 0.056 65.893 62.860 63.814 64.763 59.705 63.641 68.573 76.506 61.451 0.000 0.000 11.902 69.851 65.784 65.708 65.620 65.522 65.416 65.304 65.186 65.062 62.928 57.776 30.572 0.000 6.244 50.017 56.703 68.374 38.113 0.000 0.000 0.000 0.000 53.399 64.206 76.132 76.766 83.520 83.179 77.499 77.159 76.408 76.062 75.654 75.237 74.823 74.409 73.996 73.585 73.178 72.778 72.383 72.994 75.607 23.223 0.000 0.000 0.000 0.000 0.000 0.000
77.259 77.275 77.284 88.281 88.265 78.240 54.209 57.177 58.144 58.104 64.039 72.956 56.899 53.848 51.795 58.739 73.680 72.620 57.561 37.506 0.000 0.000 0.000 0.000 54.789 49.721 49.629 49.524 49.409 50.285 53.153 54.010 53.845 52.644 53.368 51.939 51.471 60.104 66.718 64.306 70.852 68.256 62.710 60.178 62.547 74.108 77.603 77.389 84.017 83.800 78.156 77.794 77.029 76.686 76.274 75.870 75.464 75.058 74.655 74.254 73.856 73.463 73.081 73.708 74.339 12.973 0.000 0.000 0.000 0.000 0.000 0.000 0.000
0.000 43.298 55.322 83.318 87.299 68.266 51.224 50.184 58.147 58.107 57.056 50.994 51.934 57.882 74.830 73.775 56.719 49.665 39.613 0.000 59.245 68.190 64.104 64.995 67.861 70.757 69.651 70.536 73.409 72.274 69.132 70.977 65.800 51.587 55.318 53.978 58.598 76.209 82.760 79.279 72.734 67.203 68.716 75.163 80.001 78.404 84.626 84.268 78.169 79.769 78.340 77.664 77.308 76.893 76.491 76.088 75.688 75.292 74.900 74.510 74.121 74.738 72.376 68.027 19.683 0.000 0.000 0.000 0.000 0.000 0.000 0.000 0.000
0.000 0.000 48.386 67.372 78.346 53.302 45.238 52.187 50.154 57.122 58.084 58.029 50.960 67.918 59.869 48.813 51.756 43.709 0.000 68.382 71.301 71.220 73.127 74.021 76.904 80.794 79.683 79.561 79.417 81.269 82.124 79.968 67.791 53.585 55.341 55.055 54.735 57.374 30.834 3.315 92.600 134.128 111.649 77.577 79.088 85.629 85.176 78.633 81.351 78.753 78.296 77.923 77.513 77.110 76.706 76.304 75.908 75.522 75.143 74.766 76.380 70.990 59.657 14.342 0.000 0.000 0.000 0.000 0.000 0.000 0.000 0.000 33.736
0.694 0.000 3.464 24.438 59.412 41.357 0.000 47.173 52.159 52.145 58.127 47.078 0.000 51.959 49.914 51.853 52.783 62.705 76.597 73.462 75.358 81.261 91.163 135.057 131.941 131.832 131.726 131.609 132.430 116.263 48.126 50.979 48.811 56.620 55.405 52.166 49.912 31.719 0.000 0.000 1.304 58.936 75.996 80.607 86.337 86.012 78.250 79.939 79.225 78.909 78.526 78.129 77.730 77.326 76.919 76.513 76.120 75.744 76.385 75.029 66.645 55.185 12.921 0.000 0.000 0.000 0.000 0.000 0.000 0.000 0.000 24.893 45.820
74.684 22.645 11.568 74.504 52.506 0.000 0.000 0.000 46.165 59.171 51.203 0.000 4.126 60.046 50.975 61.901 74.820 74.730 79.626 82.512 75.406 61.305 52.207 48.104 45.970 48.866 49.782 36.717 0.000 53.226 50.139 49.010 52.855 56.680 53.494 45.293 52.026 32.873 0.000 0.000 54.239 71.265 81.013 86.832 86.610 78.850 80.525 79.809 79.504 79.122 78.740 78.348 77.949 77.544 77.131 76.711 76.313 76.949 72.623 61.322 17.983 0.000 0.000 0.000 0.000 0.000 0.000 0.000 0.000 0.000 0.000 42.966 41.906
84.702 92.683 80.658 0.000 9.604 3.701 0.000 0.000 0.000 0.000 55.310 53.293 61.206 58.123 58.041 57.956 74.866 88.768 77.663 57.554 55.448 50.347 52.255 43.183 0.000 54.879 51.819 40.762 0.000 54.277 49.192 50.069 56.919 54.750 52.597 34.488 0.000 0.000 50.809 48.689 65.496 81.424 87.106 79.805 80.366 81.016 80.401 80.095 79.720 79.348 78.965 78.573 78.175 77.771 77.349 77.888 77.471 67.117 51.835 14.653 0.000 0.000 0.000 0.000 0.000 0.000 0.000 0.000 18.376 17.327 32.236 44.098 32.006
74.728 78.727 68.724 0.000 0.000 68.798 61.827 55.825 0.000 7.530 73.434 70.364 57.283 58.197 58.109 59.017 79.919 131.814 124.705 71.594 126.485 47.381 51.283 51.188 53.081 50.952 50.852 50.749 52.603 48.414 48.283 57.154 56.002 52.803 47.658 36.573 0.000 0.000 52.928 59.799 81.824 80.723 87.471 80.855 81.436 80.976 80.675 80.318 79.957 79.583 79.199 78.805 78.406 78.016 79.607 75.021 56.568 43.211 44.949 10.801 0.000 0.000 0.000 0.000 0.000 0.000 0.000 0.000 27.425 32.369 46.285 40.184 30.093
70.757 65.771 9.787 0.000 0.000 51.867 60.857 57.822 75.746 69.627 74.530 82.447 73.363 58.275 58.183 58.084 56.978 50.865 45.748 50.631 47.518 51.410 51.307 51.207 51.104 50.995 50.890 50.778 49.645 54.494 56.370 57.262 41.132 0.000 40.658 0.000 0.000 0.000 57.148 79.085 83.106 88.492 88.017 80.955 81.600 81.233 80.909 80.564 80.202 79.828 79.442 79.042 78.628 77.280 39.042 0.000 0.000 0.000 0.000 0.000 0.000 0.000 0.000 23.921 18.889 17.834 16.760 20.662 29.530 45.439 39.350 30.260 40.173
62.782 53.815 58.866 3.955 56.982 52.947 51.912 69.862 62.790 78.701 87.614 67.531 53.447 51.358 54.262 57.158 58.043 57.920 50.792 49.665 50.545 50.433 51.329 51.229 51.132 56.034 52.935 49.829 50.706 53.547 57.442 46.393 0.000 0.000 0.000 0.000 12.884 132.763 76.469 83.495 81.477 88.911 80.793 83.302 84.777 81.494 81.167 80.824 80.462 80.083 80.702 77.292 64.785 55.434 13.238 0.000 0.000 0.000 0.000 0.000 0.000 0.000 26.003 25.954 25.910 26.855 26.783 27.696 41.597 41.505 25.418 28.332 30.248
37.797 38.840 32.908 57.017 53.045 52.025 62.983 66.923 77.851 84.772 50.693 49.616 50.535 52.448 51.351 48.241 56.118 56.981 57.834 56.692 50.563 49.449 48.345 49.250 55.160 114.073 81.988 61.897 44.802 0.000 59.458 67.474 0.000 0.000 0.000 0.000 57.007 67.908 84.792 82.831 89.641 89.290 81.890 82.411 83.068 81.765 81.444 81.103 80.739 81.341 79.989 32.640 0.000 0.000 0.000 0.000 0.000 0.000 0.000 0.000 0.000 0.000 33.051 28.983 25.944 26.891 24.822 36.742 43.655 27.569 28.484 36.401 34.320
0.000 0.000 0.000 50.160 53.155 55.126 76.072 86.997 100.918 82.843 11.773 68.704 68.630 52.548 52.452 51.339 49.206 52.050 57.873 55.705 56.568 58.453 56.354 54.265 50.185 45.112 50.045 44.971 0.000 0.000 0.000 53.572 45.596 0.000 0.000 0.000 67.228 84.109 84.190 82.208 89.961 81.631 84.123 85.621 82.355 82.055 81.740 81.405 81.050 78.554 33.271 0.000 0.000 0.000 0.000 0.000 0.000 0.000 0.000 0.000 0.000 32.312 2.245 0.000 33.994 23.942 34.873 46.795 34.714 29.631 34.549 38.468 31.390
0.000 0.000 0.000 48.307 54.291 70.251 81.181 129.075 122.981 124.909 130.851 126.796 127.734 52.661 52.570 51.457 51.316 50.142 44.901 54.688 56.550 57.443 55.351 57.271 57.203 58.146 51.107 0.000 0.000 0.000 0.000 54.645 39.621 0.000 0.000 58.743 80.534 84.468 83.453 90.546 90.261 82.697 83.236 83.917 82.646 82.361 82.056 82.728 57.501 0.000 0.000 0.000 0.000 0.000 0.000 0.000 0.000 0.000 44.609 33.561 23.484 27.379 27.295 28.215 28.095 31.011 43.932 40.853 35.773 36.692 34.613 32.534 28.457
14.466 0.000 0.000 49.470 66.450 74.408 80.326 51.141 50.022 48.961 45.926 46.894 46.851 52.791 52.710 68.603 68.460 44.301 0.000 41.595 54.502 56.418 54.335 56.267 56.209 57.162 53.131 0.000 0.000 0.000 52.841 37.743 0.000 0.000 60.095 68.945 85.790 84.684 83.859 90.811 82.390 84.909 87.437 83.206 82.949 82.688 81.395 68.949 27.725 0.000 0.000 0.000 0.000 0.000 30.852 25.833 25.795 25.738 29.658 41.589 44.512 30.426 25.341 27.255 29.160 44.074 42.993 28.912 37.833 38.754 37.675 30.598 26.522
