results2_8e3_rain/res_3e8f-0142.wd
ncols         241
nrows         181
xllcorner     12693529.787448
yllcorner     3542525.717860
cellsize      155.156523
NODATA_value  -9999.000000
[rows 0 to 32 of 181, columns 146 to 218 of 241]
0.000 0.000 0.000 0.000 0.000 0.000 0.000 0.000 0.000 0.000 0.000 0.000 0.000 0.000 5.242 16.108 16.887 16.614 16.311 15.997 15.687 15.396 15.137 14.915 14.735 14.594 14.490 14.418 14.372 14.347 14.336 19.332 0.000 0.000 0.000 0.000 0.000 0.000 0.000 0.000 0.000 0.000 0.000 0.000 0.000 0.000 0.000 0.000 0.000 15.928 22.927 0.000 0.000 41.392 46.392 0.000 0.000 0.000 0.000 0.000 0.000 0.000 0.000 0.000 0.000 0.000 0.000 0.000 0.000 0.000 0.000 0.000 0.000
0.000 0.000 0.000 0.000 0.000 0.000 0.000 0.000 0.000 0.000 0.000 0.000 0.000 0.806 16.377 17.194 16.939 16.644 16.323 15.992 15.667 15.365 17.098 15.874 14.695 14.558 14.458 14.392 14.352 14.333 14.329 19.328 0.000 0.000 0.000 0.000 0.000 0.000 0.000 0.000 0.000 0.000 0.000 0.000 0.000 0.000 0.000 0.000 12.928 34.928 10.928 0.000 20.393 53.393 47.392 0.000 0.000 0.000 0.000 0.000 0.000 0.000 0.000 0.000 0.000 0.000 0.000 0.000 32.358 0.000 0.000 0.000 0.000
0.000 0.000 0.000 0.000 0.000 0.000 0.000 0.000 0.000 0.000 0.000 0.000 0.000 20.010 18.663 17.350 17.033 16.700 16.346 15.981 15.625 17.298 17.018 14.789 14.612 14.483 14.394 14.339 14.310 14.304 16.319 10.323 0.000 0.000 0.000 0.000 0.000 0.000 0.000 0.000 0.000 0.000 0.000 0.000 0.000 0.000 0.000 0.000 24.929 0.000 0.000 15.394 46.393 8.393 0.000 0.000 0.000 0.000 0.000 0.000 0.000 0.000 0.000 0.000 1.368 0.000 0.000 0.000 35.359 7.358 0.000 0.000 0.000
0.000 0.000 0.000 0.000 0.000 0.000 0.000 0.000 0.000 0.000 0.000 0.000 2.763 19.388 17.917 17.510 17.143 16.775 16.379 15.961 16.552 16.187 14.885 14.652 14.483 14.368 14.296 14.259 14.247 20.253 0.000 0.000 0.000 0.000 0.000 0.000 0.000 0.000 0.000 0.000 0.000 0.000 0.000 9.930 0.000 0.000 0.000 8.930 68.930 0.000 0.000 21.394 48.394 0.000 0.000 0.000 0.000 0.000 0.000 0.000 0.000 0.000 7.369 13.368 32.368 0.000 0.000 25.359 34.359 35.359 7.359 0.000 0.000
0.000 0.000 0.000 0.000 0.000 0.000 0.000 0.000 0.000 0.000 0.000 8.075 1.287 2.686 18.107 17.631 17.253 16.880 16.434 15.932 16.436 16.011 14.684 14.451 14.299 14.209 14.164 14.153 15.165 16.209 0.000 0.000 0.000 0.000 0.000 0.000 0.000 0.000 0.000 0.000 0.000 0.000 10.930 33.931 28.931 0.000 0.000 24.931 52.930 0.000 0.000 0.000 48.396 3.397 0.000 0.000 0.000 0.000 0.000 0.000 0.000 0.000 47.369 51.369 53.368 0.000 0.000 38.360 33.359 33.359 43.359 0.000 0.000
0.000 0.000 0.000 0.000 0.000 0.000 0.000 0.000 0.000 0.000 10.757 3.380 1.769 1.226 1.293 15.654 17.359 17.058 16.545 17.897 17.250 14.738 14.387 14.171 14.053 14.004 14.000 14.022 20.052 0.000 0.000 0.000 0.000 0.000 0.000 0.000 0.000 0.000 0.000 0.000 0.000 0.000 0.000 13.931 34.931 26.931 24.931 6.931 37.931 10.931 0.000 0.000 33.397 46.398 37.399 35.399 44.399 0.000 0.000 0.000 0.000 0.000 47.370 49.369 54.368 33.365 22.363 39.361 42.360 0.000 0.000 0.000 7.332
0.000 0.000 0.000 0.000 0.000 0.000 0.000 0.000 0.000 0.000 7.133 3.858 3.505 3.018 0.384 0.569 10.470 18.448 17.792 17.860 14.929 14.302 13.955 13.792 13.740 13.754 13.809 13.885 8.969 0.000 0.000 0.000 0.000 0.000 30.947 63.947 0.000 0.000 3.948 44.948 0.000 0.000 0.000 10.931 34.931 47.932 82.932 44.932 45.932 16.931 0.000 0.000 30.398 49.399 34.399 30.399 47.399 0.000 0.000 0.000 0.000 0.000 34.372 40.370 36.368 36.366 40.363 43.361 51.360 0.000 0.000 0.000 30.332
0.000 0.000 0.000 0.000 0.000 0.000 0.000 0.000 0.000 30.305 30.784 7.389 3.016 3.270 2.947 0.740 0.340 5.472 18.313 15.822 14.305 13.588 13.339 13.303 13.359 13.464 14.596 11.741 0.000 0.000 0.000 0.000 0.000 0.000 5.947 51.948 58.948 40.948 32.948 4.948 0.000 0.000 0.000 0.000 0.000 8.933 75.933 54.933 1.933 0.000 0.000 0.000 0.000 42.401 57.401 55.400 57.398 49.396 41.394 44.390 43.386 52.382 56.376 53.372 54.369 54.366 49.363 44.361 41.359 0.000 0.000 0.000 0.000
0.000 0.000 0.000 0.000 0.000 0.000 0.000 0.000 24.356 41.827 43.309 32.846 9.460 1.889 2.942 0.774 2.602 7.612 6.167 15.811 12.881 12.405 12.509 12.721 12.930 14.147 14.371 0.000 0.000 0.000 0.000 0.000 0.000 0.000 0.000 3.948 49.948 59.948 64.948 3.948 0.000 0.000 0.000 0.000 0.000 4.934 47.934 39.934 44.933 11.933 0.000 0.000 26.405 54.403 39.402 33.401 40.399 52.397 40.394 39.391 48.387 57.383 44.378 40.374 43.370 49.367 55.363 57.360 55.356 41.350 32.346 15.341 24.338
0.000 0.000 0.000 0.000 0.000 0.000 0.000 20.428 29.886 45.336 42.780 43.226 35.671 12.123 1.064 4.571 14.063 6.326 2.149 2.916 6.005 10.640 11.573 12.142 12.494 17.820 0.000 0.000 0.000 0.000 0.000 0.000 3.951 1.951 0.000 0.000 16.949 62.949 15.949 0.000 0.000 0.000 0.000 0.000 0.000 43.936 53.935 29.934 45.934 65.934 5.934 0.000 32.407 56.406 35.405 29.403 32.401 45.399 34.396 34.392 36.388 38.384 35.380 36.375 30.371 34.367 40.363 41.359 39.355 48.350 50.345 53.341 61.337
0.000 0.000 0.000 0.000 0.000 0.000 25.504 23.971 47.422 43.851 43.251 42.606 42.875 37.942 20.439 12.172 7.819 0.000 0.020 4.258 2.161 3.216 11.002 11.778 17.085 0.000 0.000 0.000 0.000 0.000 0.000 0.000 40.952 0.000 0.000 0.000 23.950 63.950 2.949 0.000 0.000 0.000 0.000 0.000 38.942 82.939 15.937 18.935 40.934 67.934 7.934 0.000 29.409 54.408 34.407 27.406 30.404 32.401 28.398 27.394 34.390 50.386 33.382 29.377 43.372 39.368 36.363 43.359 43.354 46.350 55.345 59.340 46.336
0.000 0.000 0.000 0.000 0.000 29.508 18.038 46.529 44.981 44.395 43.765 43.072 42.281 42.330 39.143 24.862 4.211 0.175 0.028 45.877 4.397 0.056 0.072 13.882 9.984 0.000 0.000 0.000 0.000 0.000 0.000 0.000 36.952 31.952 40.953 52.952 56.952 46.951 0.000 0.000 1.949 37.949 52.949 57.947 81.945 37.943 0.000 0.000 42.934 30.934 0.000 0.000 32.413 59.412 46.411 30.409 78.407 106.404 55.401 31.397 47.393 94.388 46.384 23.379 88.374 61.369 36.364 43.359 45.354 35.349 44.344 57.340 40.335
0.000 0.000 0.000 0.000 0.000 18.978 40.611 47.124 45.578 44.985 44.342 43.636 42.848 41.952 41.951 40.879 30.081 4.760 50.491 47.566 0.253 0.106 0.037 0.041 0.000 0.000 0.000 0.000 0.000 0.000 1.952 35.952 31.952 36.953 50.953 60.953 44.953 31.952 0.000 0.000 0.000 46.950 45.949 41.948 80.947 40.945 0.000 0.000 21.935 13.935 0.000 25.419 53.417 55.416 49.414 37.413 36.410 69.408 110.404 48.400 41.396 98.391 49.386 23.381 95.375 65.370 28.365 30.359 36.354 27.349 41.344 40.339 28.334
0.000 0.000 0.000 0.000 23.446 33.816 49.304 46.780 46.222 45.624 44.981 44.284 43.521 42.694 41.747 41.015 39.880 52.237 51.906 0.785 0.352 9.463 0.000 0.000 0.000 0.000 0.000 0.000 0.000 51.950 54.951 36.952 35.953 50.953 60.954 46.954 29.954 31.953 31.954 29.955 27.954 39.952 42.951 52.949 92.948 26.947 0.000 0.000 58.935 8.935 0.000 22.422 52.421 52.420 39.419 31.417 27.415 37.412 34.408 74.404 105.399 122.394 103.389 92.383 118.377 112.371 103.365 49.360 29.354 46.349 41.343 30.338 25.333
0.000 0.000 0.000 24.594 34.076 51.536 48.008 47.469 46.905 46.309 45.674 44.994 44.276 43.448 42.912 40.560 52.266 52.265 36.445 18.785 5.958 0.000 0.000 0.000 0.000 0.000 0.000 0.000 37.948 4.949 0.000 15.953 53.953 57.954 49.955 34.956 0.957 0.000 0.000 33.957 29.956 39.954 38.953 61.951 58.950 0.000 0.000 0.936 61.936 7.936 0.000 20.425 50.425 62.425 41.424 47.423 70.420 47.417 29.413 53.409 76.403 110.398 76.392 56.385 104.379 94.373 69.366 38.360 24.354 95.348 63.343 35.337 25.332
0.000 0.000 0.000 30.111 49.730 49.242 48.723 48.184 47.622 47.032 47.409 46.764 45.018 44.607 42.046 52.308 52.270 39.995 41.623 39.272 23.245 4.243 0.000 0.000 0.000 0.000 0.000 39.948 8.948 0.000 0.000 0.000 21.954 53.955 31.956 29.959 35.962 0.000 0.000 34.959 32.958 38.956 39.954 61.952 57.950 0.000 0.000 21.937 68.937 4.936 0.000 22.429 53.429 56.430 37.430 37.429 83.427 118.424 67.419 35.414 51.408 98.402 58.395 25.388 91.381 78.374 36.367 28.361 21.354 102.348 66.342 38.336 39.331
0.000 0.000 30.672 48.010 51.490 49.980 49.458 48.922 48.366 48.785 47.190 46.503 46.177 43.621 52.692 52.434 41.472 42.321 41.341 31.717 12.478 0.000 0.000 0.000 0.000 0.000 0.000 35.947 9.947 0.000 0.000 0.000 0.000 0.000 0.000 34.963 31.966 30.969 32.968 34.964 30.961 38.958 40.956 52.953 48.950 10.945 29.942 62.939 13.937 0.000 0.000 22.433 49.434 55.435 41.437 26.437 28.435 53.431 40.427 22.421 40.414 95.406 51.398 17.391 88.383 73.375 31.368 27.361 23.355 101.348 66.342 38.336 29.330
0.000 29.908 43.334 52.767 51.241 50.728 50.209 49.680 50.131 49.574 47.929 47.654 45.103 53.576 53.082 43.094 44.104 41.992 29.208 0.000 0.000 0.000 0.000 0.000 0.000 0.000 0.000 0.000 9.947 0.000 0.000 0.000 0.000 0.000 0.000 0.000 38.972 48.972 59.970 47.967 36.963 40.961 37.958 42.955 35.950 54.945 72.941 60.938 6.937 0.000 0.000 21.435 47.438 52.441 58.445 56.446 44.444 34.441 47.435 79.428 98.420 119.411 99.402 82.393 116.385 109.377 91.369 51.362 24.355 99.348 71.341 43.335 30.328
26.948 38.482 52.989 52.483 51.981 51.480 50.973 51.452 50.927 49.316 49.080 46.544 54.754 54.142 44.628 45.794 46.746 24.984 0.000 0.000 0.000 0.000 0.000 0.000 0.000 0.000 0.000 0.000 0.000 0.000 0.000 0.000 0.000 0.000 0.000 0.000 36.978 40.977 58.975 17.971 0.000 47.964 38.962 41.958 37.950 25.943 44.939 59.937 46.936 5.935 0.000 0.000 12.442 55.447 57.457 50.459 38.456 47.452 98.445 89.437 70.427 71.417 72.406 72.396 72.387 73.378 75.370 46.362 26.355 98.348 74.341 37.334 31.328
30.414 54.084 53.656 53.194 52.720 52.238 51.746 51.253 50.675 50.472 47.955 56.049 55.393 46.058 47.297 46.311 41.830 1.338 0.000 0.000 0.000 0.000 0.000 0.000 0.000 0.000 0.000 0.000 0.000 0.000 0.000 0.000 0.000 0.000 0.000 0.000 37.986 48.984 32.982 0.000 1.975 44.970 41.967 8.965 0.000 29.938 43.936 58.935 55.934 24.934 0.000 0.000 0.000 0.000 24.477 39.475 23.471 84.465 85.457 34.447 40.436 82.423 53.410 25.398 71.388 61.378 41.370 39.363 30.355 98.348 69.340 26.333 27.327
48.211 55.783 54.357 53.917 53.466 54.004 52.544 52.001 51.837 49.345 57.383 56.712 46.395 48.667 47.683 48.084 17.448 0.000 0.000 0.000 0.000 0.000 0.000 0.000 0.000 0.000 0.000 0.000 0.000 0.000 0.000 0.000 0.000 0.000 0.000 5.000 57.995 55.991 59.988 56.986 52.980 52.975 46.972 5.969 0.000 29.935 42.933 60.932 67.932 30.933 0.000 0.000 0.000 0.000 18.499 31.494 51.488 98.480 61.470 21.459 89.445 90.429 39.413 26.399 47.388 103.378 62.370 30.363 30.356 93.348 111.340 98.331 103.321
57.887 55.481 55.071 54.652 54.220 55.792 53.286 53.167 50.712 58.735 58.056 41.668 45.897 49.975 46.462 23.764 0.000 0.000 0.000 0.000 0.000 0.000 0.000 0.000 0.000 0.000 0.000 0.000 0.000 0.000 0.000 0.000 0.000 0.000 0.000 57.005 56.002 56.998 58.993 57.989 55.984 56.979 49.975 4.972 0.000 30.935 42.930 65.927 38.929 0.000 0.000 0.000 0.000 16.540 46.525 25.516 90.506 84.496 28.485 84.473 97.459 46.434 34.415 37.397 32.386 63.377 102.370 59.363 22.356 93.349 96.341 70.329 12.316
48.548 55.181 55.796 55.395 54.995 54.519 54.443 52.026 60.051 59.416 24.870 30.067 32.975 51.657 35.292 0.000 0.000 0.000 0.000 0.000 0.000 0.000 0.000 46.677 35.677 0.000 0.000 0.000 0.000 0.000 0.000 0.000 0.000 0.000 0.000 34.014 28.010 31.004 34.999 29.993 28.988 27.983 29.977 33.971 27.961 20.940 35.924 14.916 0.000 0.000 0.000 0.000 0.000 18.555 41.547 32.537 33.526 33.514 25.502 46.491 47.482 0.000 0.000 8.389 38.382 31.375 53.369 46.363 28.358 61.351 9.346 0.000 7.307
27.246 42.901 55.532 58.160 55.706 55.659 53.248 61.141 60.638 33.946 0.000 43.389 0.000 55.261 23.778 0.000 0.000 0.000 0.000 0.000 0.000 0.000 0.000 53.677 47.676 0.000 0.000 0.000 0.000 0.000 0.000 0.000 0.000 20.074 0.000 35.027 31.020 31.011 31.004 30.997 30.991 30.986 30.981 32.976 10.971 0.000 5.911 36.898 6.886 0.000 0.000 0.000 19.589 50.578 38.570 37.559 29.547 30.532 30.518 28.505 42.498 2.500 0.000 0.000 9.377 34.372 29.367 42.364 41.361 0.000 0.000 0.000 7.302
18.990 26.641 49.291 53.873 56.838 54.385 61.891 61.558 40.805 16.615 0.000 60.024 57.929 44.358 0.000 0.000 0.000 0.000 0.000 0.000 0.000 0.000 56.686 62.679 33.675 0.000 0.000 0.000 0.000 0.000 0.000 0.000 0.000 37.074 35.065 32.047 31.033 28.017 32.008 32.001 31.995 31.989 31.984 34.980 7.977 0.000 0.000 34.879 34.874 4.868 0.000 0.000 4.600 37.600 30.595 29.585 28.569 28.550 28.532 28.514 29.504 38.502 0.000 0.000 0.000 2.368 35.365 38.363 36.362 0.000 0.000 0.000 31.298
22.754 33.394 38.024 35.931 47.494 62.274 62.130 45.766 24.535 18.041 0.000 39.731 52.407 25.882 0.000 0.000 0.000 0.000 44.742 50.737 42.728 40.710 49.692 42.680 32.669 0.000 0.000 0.000 0.000 0.000 0.000 0.000 0.000 35.083 32.075 31.062 5.047 0.000 37.009 31.005 30.998 30.992 30.987 31.983 5.980 0.000 0.000 35.865 34.864 5.863 0.000 0.000 34.613 30.625 30.625 30.616 29.596 29.565 33.548 0.000 0.502 3.502 0.000 0.000 0.000 0.000 35.363 30.362 30.361 31.361 0.000 3.296 33.296
34.480 48.126 23.850 22.728 62.327 62.327 48.737 35.470 31.813 36.657 0.000 6.763 42.085 0.000 0.000 0.000 0.000 40.751 44.746 46.742 44.738 0.000 0.000 0.000 44.652 28.635 0.000 0.000 0.000 0.000 0.000 0.000 3.114 45.101 42.089 17.078 0.000 0.000 50.016 36.010 32.002 30.994 34.988 11.985 0.000 10.840 48.843 29.851 33.854 5.856 0.000 0.000 0.000 35.664 30.662 34.659 1.656 0.000 0.000 0.000 0.000 0.000 0.000 0.000 0.000 0.000 35.361 30.361 30.361 35.361 0.000 0.000 7.295
55.171 43.763 23.833 19.339 62.281 23.757 29.489 31.724 35.407 54.000 63.464 51.474 0.000 0.000 0.000 0.000 38.760 32.756 38.751 53.746 52.743 0.000 0.000 0.000 0.000 45.618 0.000 0.000 0.000 31.183 0.000 0.000 47.128 46.117 52.103 45.084 10.066 64.048 61.029 59.016 57.005 48.994 29.986 16.986 0.000 24.838 77.838 31.842 32.846 6.851 0.000 0.000 0.000 40.704 26.703 31.702 2.703 0.000 0.000 0.000 0.000 0.000 0.000 0.000 0.000 31.360 33.360 35.360 29.360 34.360 0.000 0.000 4.294
63.743 50.846 33.153 61.831 19.758 21.552 20.728 20.376 29.950 57.494 52.915 24.195 0.000 0.000 37.773 3.771 45.766 37.760 48.755 43.749 22.746 0.000 0.000 0.000 0.000 49.602 25.596 0.000 0.000 27.183 35.184 39.174 41.153 43.137 33.120 30.090 38.065 38.049 58.035 41.022 35.008 32.991 12.976 0.000 0.851 19.835 87.830 43.834 9.837 0.000 0.000 0.000 0.000 53.745 26.743 33.741 5.741 0.000 0.000 0.000 0.000 0.000 0.000 0.000 10.359 33.359 48.360 46.360 39.360 0.000 0.000 0.000 5.293
61.787 60.033 61.354 38.666 26.579 22.730 22.373 20.955 27.549 43.105 38.510 0.000 0.000 0.000 40.776 61.774 56.770 57.765 39.760 0.000 0.000 0.000 0.000 0.000 40.586 31.591 23.591 0.000 0.000 0.000 39.193 43.186 43.172 43.160 27.150 0.000 34.057 35.049 59.040 45.029 39.014 24.986 31.952 46.910 66.868 55.832 79.813 44.826 8.831 0.000 0.000 0.000 0.000 51.788 27.783 28.780 33.780 0.000 0.000 0.000 0.000 0.000 0.000 0.000 0.000 3.359 52.359 49.359 2.359 0.000 0.000 0.000 1.292
59.854 61.281 60.503 59.525 41.678 21.334 21.926 22.547 21.181 23.868 0.000 0.000 0.000 0.000 56.781 46.779 44.776 40.771 0.000 0.000 0.000 0.000 0.000 41.581 32.582 28.583 11.587 0.000 0.000 0.000 39.211 47.203 56.191 55.179 57.171 45.174 0.000 3.048 62.048 46.041 20.034 0.000 34.937 44.910 71.867 33.812 17.764 0.000 0.000 0.000 0.000 0.000 4.859 42.835 29.823 30.816 33.818 6.833 0.000 0.000 0.000 0.000 0.000 0.000 0.000 0.000 9.359 10.359 0.000 0.000 0.000 0.000 2.292
61.283 60.266 62.385 62.555 46.234 22.840 25.476 25.120 22.762 23.318 0.000 36.791 0.000 2.789 50.787 50.786 57.785 0.000 0.000 15.674 3.674 0.000 0.000 36.580 30.577 24.573 0.000 0.000 0.000 0.000 37.237 38.225 40.209 39.194 37.183 29.176 0.000 0.000 64.063 50.054 35.045 0.000 33.949 44.925 68.880 24.786 20.666 3.584 0.000 0.000 0.000 0.000 4.884 49.870 28.856 30.845 30.842 31.848 35.858 7.862 0.000 0.000 0.000 0.000 0.000 0.000 0.000 0.000 0.000 0.000 0.000 0.000 0.000
60.961 63.165 62.362 63.068 36.694 27.347 47.013 40.698 22.427 0.256 0.000 33.791 48.791 53.791 39.791 60.793 52.793 0.000 0.000 29.674 60.674 12.668 0.000 37.583 31.572 28.560 0.000 0.000 45.350 41.322 37.277 39.249 44.226 44.207 42.189 53.172 45.148 5.120 64.088 56.067 56.048 48.023 28.986 46.961 54.940 0.000 23.532 6.502 0.000 0.000 0.000 0.000 14.922 53.906 25.888 27.863 28.858 29.861 34.864 6.865 0.000 0.000 0.000 0.000 0.000 0.000 0.000 0.000 0.000 0.000 0.000 0.000 0.000
