results2_8e3_rain/res_3e8f-0118.wd
ncols         241
nrows         181
xllcorner     12693529.787448
yllcorner     3542525.717860
cellsize      155.156523
NODATA_value  -9999.000000
[rows 33 to 65 of 181, columns 146 to 218 of 241]
62.732 61.959 61.696 62.348 29.023 40.711 62.417 56.127 34.742 0.000 0.000 27.544 3.545 8.546 24.550 49.560 36.560 2.558 0.000 0.000 41.357 49.329 7.279 34.221 26.175 27.124 31.043 39.963 57.876 48.812 43.752 38.703 39.663 39.628 38.597 37.567 36.533 44.483 54.426 46.392 46.362 44.330 23.294 37.261 45.220 0.000 15.249 20.098 43.982 41.870 46.759 56.646 49.527 44.465 0.000 0.000 27.295 27.323 34.334 12.332 0.000 0.000 0.000 0.000 0.000 0.000 0.000 0.000 0.000 0.000 0.000 0.000 0.000
62.649 62.405 62.070 62.755 40.448 58.162 60.911 54.733 0.000 0.000 5.544 29.544 0.000 0.000 0.000 33.585 33.576 41.557 4.518 54.464 42.396 29.343 38.288 29.230 27.174 27.114 26.044 27.971 55.898 53.833 53.774 55.723 48.679 50.639 49.603 49.568 49.531 50.489 54.447 52.412 53.382 48.355 25.331 24.314 0.000 0.000 12.120 26.056 33.978 28.869 34.760 47.653 47.554 45.510 3.509 0.000 0.000 32.373 4.377 0.000 0.000 0.000 0.000 0.000 0.000 34.478 33.478 35.478 25.478 28.478 0.000 0.000 0.000
63.093 62.766 62.455 62.148 61.852 62.576 54.332 41.162 0.000 0.000 0.000 0.000 0.000 0.000 0.000 30.619 27.604 40.575 45.532 37.479 46.418 44.359 25.299 26.239 27.178 27.114 39.047 42.979 46.911 39.847 36.789 46.737 20.690 27.648 22.609 22.571 22.534 25.496 51.460 40.428 38.400 40.377 25.359 27.351 7.360 0.000 22.056 79.030 4.004 0.000 0.000 0.000 48.527 47.513 6.507 0.000 0.000 29.418 26.425 28.451 26.465 34.472 40.476 32.477 54.478 61.479 59.479 44.479 24.478 23.478 27.478 0.000 0.000
63.451 63.141 62.832 62.530 63.238 57.958 39.680 30.421 39.421 0.000 0.000 0.000 0.000 0.000 0.000 27.669 26.646 29.607 25.558 36.501 39.439 42.376 31.312 26.248 26.183 26.118 51.052 56.986 38.921 32.857 32.798 33.745 30.697 30.653 30.613 31.574 34.538 31.502 52.469 44.440 42.414 42.394 24.379 38.370 64.370 0.000 14.017 67.004 0.000 0.000 0.000 0.000 48.514 46.508 24.501 29.490 27.477 25.456 25.455 25.463 24.471 31.476 38.479 25.478 43.478 61.480 57.480 37.480 22.479 22.479 27.478 0.000 0.000
63.826 63.511 63.202 62.902 59.612 45.337 34.009 0.000 0.000 0.000 0.000 32.213 0.000 1.083 0.000 26.742 27.702 27.651 26.592 26.528 32.462 25.394 25.326 27.258 26.190 25.124 49.058 45.993 53.929 57.863 56.801 51.747 47.699 49.655 45.615 49.576 49.540 50.506 54.475 52.448 53.424 49.405 24.391 36.383 58.379 0.000 8.992 69.966 0.000 0.000 0.000 0.000 45.507 48.504 27.499 25.492 25.484 25.476 25.474 25.477 24.480 31.483 40.484 0.000 0.000 19.482 62.482 38.481 22.480 22.479 26.478 0.000 0.000
64.196 63.875 63.564 63.263 52.971 34.771 0.000 0.000 0.000 0.000 30.244 33.214 46.159 46.084 33.985 26.854 26.772 27.701 27.631 26.559 25.486 26.413 26.339 26.267 25.196 34.128 53.062 32.000 45.939 22.866 55.796 45.744 44.698 44.655 41.615 46.576 47.541 47.508 54.478 52.452 49.429 49.411 24.398 38.390 57.386 0.000 0.000 62.903 0.000 0.000 0.000 0.000 49.504 48.502 24.499 26.495 25.493 26.490 26.490 26.490 27.491 35.492 15.492 0.000 0.000 20.485 62.484 43.482 30.481 24.479 27.478 0.000 0.000
64.560 64.227 64.917 57.615 45.238 35.004 0.000 0.000 0.000 0.000 27.274 44.238 38.181 27.107 29.018 28.919 26.831 25.750 27.671 26.592 27.511 27.431 27.352 26.275 26.200 46.130 46.064 46.006 45.961 0.000 27.773 25.736 26.694 26.652 27.612 31.574 34.539 32.507 52.477 46.452 40.430 42.413 25.401 37.393 56.389 0.000 0.000 35.840 26.815 0.000 0.000 0.000 43.503 26.503 0.000 21.498 27.501 31.503 38.504 38.503 38.502 40.501 12.500 0.000 4.495 68.490 61.487 63.484 51.482 26.479 27.478 0.000 0.000
64.909 64.555 64.262 50.042 1.744 0.000 0.000 0.000 0.000 5.397 43.340 38.285 28.220 29.145 29.061 28.971 28.883 26.798 25.712 25.625 27.537 26.449 26.363 25.279 27.201 42.127 33.059 41.997 42.939 1.859 1.786 41.734 40.691 40.648 40.608 42.570 42.535 43.502 55.474 51.449 46.427 48.411 24.399 33.392 61.389 0.000 0.000 94.803 63.790 30.770 17.761 0.000 0.000 0.000 0.000 0.000 24.510 33.519 37.519 36.517 39.513 41.510 27.508 32.506 48.500 63.494 61.490 61.486 49.482 26.479 26.476 2.473 0.000
65.223 65.824 57.533 40.373 0.000 0.000 0.000 0.000 0.000 50.454 44.404 28.341 29.270 29.193 29.110 29.023 28.934 28.845 25.754 26.660 26.563 26.465 27.370 26.280 26.196 29.120 34.049 45.983 32.920 44.852 49.788 42.734 51.686 41.642 42.601 45.563 44.527 43.495 53.466 49.441 37.420 36.404 25.393 32.386 61.385 0.000 0.000 85.779 75.772 52.760 21.752 0.000 0.000 0.000 0.000 0.000 0.000 44.544 36.538 30.532 27.525 42.520 29.515 31.510 39.504 60.498 62.493 60.488 46.483 26.479 23.475 27.470 21.466
73.459 70.986 43.674 33.545 0.000 0.000 0.000 28.736 42.674 43.561 37.481 32.405 29.328 29.247 29.162 29.075 27.986 30.895 35.800 31.698 26.589 27.480 26.374 26.274 26.185 26.106 33.035 33.968 31.904 38.841 37.782 32.728 44.679 24.634 32.592 39.553 38.517 32.484 51.455 44.430 24.409 23.393 26.382 28.377 32.381 0.000 0.000 63.763 43.758 80.748 66.734 2.712 3.692 54.672 28.652 26.630 26.605 28.574 39.558 33.547 1.537 54.529 42.522 38.515 36.508 47.502 63.495 55.489 38.484 27.478 23.473 30.468 54.462
0.000 0.000 22.631 40.588 0.000 0.000 30.867 40.798 54.725 38.636 37.553 37.471 30.389 29.304 29.218 29.130 36.040 43.949 44.852 36.744 31.616 26.491 25.371 26.257 30.164 27.086 26.016 24.950 30.887 31.827 30.770 31.717 33.668 26.622 32.580 37.540 39.504 35.471 51.441 45.415 27.393 26.376 26.364 22.358 0.000 0.000 0.000 19.753 38.748 38.740 72.727 87.709 80.691 48.673 34.654 35.633 35.612 38.590 60.573 78.560 87.549 86.538 88.529 87.521 81.513 75.505 67.498 50.491 33.485 24.478 25.472 38.466 57.460
15.459 0.000 0.000 0.000 0.000 2.008 33.936 53.866 45.790 48.707 45.623 35.538 28.452 29.364 29.276 40.186 45.097 41.008 35.916 32.809 35.641 30.498 30.362 26.218 31.130 25.058 25.992 26.929 25.869 25.810 25.755 25.703 24.654 25.608 25.565 29.525 35.487 34.453 52.423 46.396 25.373 26.355 26.341 25.334 0.318 0.000 0.000 23.747 49.743 38.735 40.724 55.708 66.692 76.674 78.657 84.638 87.619 87.601 86.585 82.571 73.558 71.547 73.536 76.527 78.517 79.509 77.501 81.493 73.485 40.478 27.472 46.465 63.459
54.476 12.213 0.000 0.000 0.000 35.074 51.014 43.942 35.863 43.780 47.694 48.606 38.517 27.426 37.334 46.242 36.153 28.070 27.994 29.936 0.000 0.000 0.000 23.124 27.080 29.024 28.965 25.906 25.848 26.791 25.737 25.685 25.636 26.590 25.547 25.506 25.468 28.433 45.401 44.373 26.348 26.328 26.313 27.304 28.305 0.000 0.000 22.745 40.743 41.736 53.724 40.709 20.693 24.677 60.661 84.644 68.627 63.610 66.595 59.580 45.567 34.555 25.543 23.532 24.522 34.512 32.503 27.494 66.486 81.478 59.471 57.464 61.458
0.000 26.949 4.835 0.000 34.300 44.193 51.106 35.023 37.940 35.855 33.767 41.677 46.584 41.489 45.392 34.296 28.205 29.124 29.056 37.004 0.000 0.000 0.000 20.073 29.042 39.994 40.939 35.882 31.825 33.770 29.717 28.665 26.617 25.570 25.527 26.485 25.447 25.410 28.377 37.347 25.320 25.297 26.278 25.266 0.000 0.000 0.000 3.747 1.748 55.740 39.728 24.712 38.695 40.680 86.665 67.650 50.634 32.619 23.604 24.589 25.575 26.562 26.549 26.537 25.526 23.515 22.505 23.496 31.487 68.478 76.470 61.462 60.456
0.000 13.801 36.721 38.570 37.408 52.291 37.195 31.106 33.019 31.932 28.843 27.750 42.654 49.553 52.449 40.345 30.247 27.165 35.102 1.056 0.000 0.000 0.000 23.055 33.020 39.970 40.915 40.858 42.802 50.747 48.694 44.643 42.595 38.548 32.504 27.462 25.422 26.385 25.350 30.317 23.287 24.261 25.237 27.215 48.184 0.000 0.000 0.000 17.762 59.750 19.735 28.714 19.697 58.682 76.671 36.657 24.642 26.627 26.612 26.597 26.583 26.569 23.555 23.542 22.529 23.518 23.507 23.497 39.487 54.478 27.469 87.460 59.452
0.000 13.731 36.678 29.582 48.471 48.369 43.275 34.187 28.099 29.012 29.922 40.828 43.728 35.622 38.507 47.388 48.274 38.187 0.000 0.000 0.000 0.000 28.133 34.072 38.013 36.953 37.894 37.834 35.777 42.722 43.670 43.619 44.571 41.525 40.480 41.437 32.396 27.357 28.320 25.285 26.252 25.222 24.195 26.172 41.154 0.000 0.000 0.000 17.789 61.762 23.748 0.000 0.000 4.680 43.679 25.665 26.649 24.635 24.621 24.606 23.590 22.575 23.560 23.546 22.533 23.520 22.508 21.497 24.487 20.478 16.468 80.457 89.445
0.000 10.716 30.678 40.610 50.526 41.438 41.352 43.266 41.180 32.094 38.005 46.911 35.810 28.698 27.569 33.424 43.276 50.123 13.928 5.739 31.549 31.365 26.194 35.087 40.006 40.936 36.872 36.809 28.750 25.695 25.643 25.593 24.545 22.499 29.454 43.411 42.369 41.328 36.288 27.251 25.215 26.181 25.150 25.124 26.107 0.000 0.000 0.000 32.843 0.000 3.748 0.000 0.000 0.000 22.701 2.674 5.656 22.645 21.631 21.615 22.598 24.581 24.565 24.550 23.535 23.522 21.509 21.497 22.487 10.480 0.000 0.444 83.433
0.000 9.739 33.707 52.653 43.583 40.507 40.427 41.346 40.262 42.178 47.092 36.003 29.904 29.790 29.648 28.465 29.282 35.100 51.921 49.741 28.544 27.351 26.192 27.076 38.988 36.915 47.848 35.779 28.720 26.666 27.615 26.566 31.518 39.472 35.427 29.383 35.340 45.297 42.256 41.215 32.175 25.137 25.100 26.067 24.042 0.000 0.000 32.910 20.897 0.000 0.000 34.797 29.794 28.779 20.750 0.000 0.000 27.658 24.643 24.625 24.606 24.587 24.570 24.553 24.538 24.523 24.509 23.496 24.485 26.474 16.464 0.000 25.425
0.000 22.793 47.761 43.711 32.649 37.579 42.505 37.427 43.346 49.264 41.184 29.103 28.014 29.910 29.768 33.507 34.287 28.074 38.916 34.760 31.536 28.304 25.148 32.038 35.954 37.888 28.826 55.742 43.684 33.633 25.584 31.537 50.491 60.445 53.400 30.355 32.310 35.266 39.222 44.178 42.135 38.092 27.048 24.003 30.952 36.887 0.000 7.924 28.938 0.000 0.000 4.801 24.805 24.792 24.771 29.752 28.723 24.685 23.659 24.636 24.614 24.593 24.574 24.556 24.539 24.523 24.508 24.494 23.481 23.468 24.454 27.437 23.423
9.934 43.879 49.833 34.781 29.722 31.656 33.586 44.511 48.432 59.347 58.278 51.210 40.140 29.069 32.007 0.000 0.000 26.992 32.910 29.846 0.000 26.181 30.058 46.972 45.905 48.857 0.000 20.678 60.642 54.598 40.553 46.508 64.462 64.417 62.372 31.327 37.281 37.235 39.188 27.141 36.094 42.047 40.998 39.943 52.877 61.822 0.000 0.000 18.993 44.049 0.000 0.000 47.834 28.815 28.789 28.762 28.732 29.701 23.673 22.647 26.621 23.597 23.576 23.558 23.540 24.523 23.507 22.492 22.477 22.463 22.448 22.433 21.420
8.989 54.955 40.911 29.859 29.802 29.739 42.671 40.600 57.524 72.414 69.371 66.321 61.267 52.218 43.184 0.000 0.000 0.000 20.886 31.869 0.000 0.000 22.931 40.889 39.836 54.778 26.698 27.650 60.608 65.565 61.522 60.478 63.434 63.390 64.345 43.299 35.252 37.204 37.155 27.105 36.054 30.004 48.953 19.896 58.791 80.703 51.577 21.500 0.000 22.105 0.000 23.934 83.883 36.844 38.809 38.776 34.744 35.713 27.684 22.657 4.625 23.598 23.578 26.558 29.540 39.522 29.505 24.489 25.474 25.459 25.444 25.429 25.415
41.078 45.043 38.996 36.944 31.887 43.826 37.761 50.692 28.650 0.000 49.473 68.434 67.390 68.351 51.328 0.000 0.000 0.000 14.880 37.875 0.000 0.000 19.845 34.817 29.773 56.721 67.665 67.617 63.574 63.533 63.491 64.449 63.407 63.363 63.319 57.273 32.225 34.175 32.123 27.069 38.014 38.961 41.916 0.000 43.689 79.623 49.527 67.424 28.287 14.161 26.078 81.985 69.920 41.870 35.827 37.790 31.755 25.723 23.695 21.674 0.000 29.594 37.578 45.559 52.540 61.521 50.503 30.486 24.470 25.454 25.439 25.424 25.410
52.203 41.143 41.087 37.032 43.976 40.918 43.854 67.760 54.733 37.708 58.613 67.554 66.507 65.470 45.448 0.000 0.000 0.000 0.000 0.000 0.000 0.000 25.788 34.762 45.717 61.670 63.624 63.581 63.540 63.501 63.461 63.421 63.380 63.338 63.294 63.248 49.200 39.148 32.094 25.035 28.974 28.908 33.834 52.728 38.652 73.574 59.483 66.383 73.275 59.174 64.088 73.009 48.943 49.888 35.841 34.800 26.763 23.729 24.698 26.669 40.637 46.605 64.581 63.560 62.539 61.520 61.501 51.483 29.466 24.450 25.434 25.419 25.404
43.302 31.238 33.179 45.122 42.068 42.017 11.977 0.000 46.815 72.778 67.717 66.662 68.615 50.575 36.546 20.563 0.000 0.000 0.000 0.000 0.000 0.000 31.758 48.727 60.662 63.618 63.579 63.542 63.505 63.469 63.432 63.395 63.356 63.315 63.272 63.227 64.178 58.125 50.067 42.005 39.938 42.865 33.786 50.698 29.618 71.538 4.449 25.349 60.258 32.172 23.092 79.019 42.955 46.899 44.850 25.807 23.768 24.732 24.699 32.668 53.638 64.609 61.583 61.559 61.538 58.517 57.498 55.479 54.462 28.445 24.429 24.413 24.398
33.394 30.329 43.268 43.210 38.155 58.105 12.062 21.027 60.934 67.873 66.815 66.763 66.715 42.668 42.598 53.580 0.000 0.000 0.000 0.000 0.000 0.000 0.000 0.000 57.586 69.562 64.533 63.502 63.470 63.437 63.404 63.369 63.333 63.294 63.253 63.209 63.160 64.106 65.047 61.980 61.907 64.828 44.745 50.661 24.583 65.513 1.416 3.306 56.237 26.163 36.090 70.022 50.958 42.903 46.853 23.810 24.770 23.733 25.699 35.668 56.637 57.609 62.582 61.558 56.535 53.514 57.494 62.475 61.457 50.440 31.423 30.407 29.392
29.484 43.416 44.353 32.294 43.239 64.186 57.137 63.086 69.022 66.963 66.909 66.859 63.815 47.784 0.000 0.000 0.000 0.000 0.000 0.000 0.000 0.000 0.000 0.000 2.533 14.513 55.489 64.463 63.436 63.407 63.377 63.346 63.313 63.277 63.238 65.195 64.148 64.094 63.033 64.962 63.882 63.795 53.705 51.620 28.539 40.461 70.374 49.293 57.221 26.152 54.085 48.019 50.955 38.900 32.852 24.808 24.769 24.732 32.698 37.666 38.635 43.607 51.580 49.555 50.532 61.510 61.490 61.470 61.451 62.434 56.417 52.401 50.385
44.568 44.499 33.436 29.375 44.319 63.265 69.213 68.160 67.104 67.050 66.998 67.948 58.903 51.870 0.000 0.000 0.000 0.000 0.000 0.000 0.000 0.000 0.000 0.000 11.501 31.468 58.447 64.425 63.403 63.379 63.353 63.325 63.295 63.262 65.227 65.187 65.142 57.090 62.028 64.954 67.865 65.766 59.662 55.573 43.494 27.418 75.342 58.270 60.203 25.140 71.080 35.014 15.942 32.891 23.846 24.804 23.765 32.728 38.694 37.662 37.632 36.603 29.576 25.551 55.528 61.505 61.484 61.464 61.445 61.427 62.410 62.394 62.378
41.646 32.578 30.514 28.454 45.396 65.342 67.289 67.237 67.185 67.135 67.085 69.034 47.978 45.924 0.000 0.000 0.000 0.000 0.000 0.000 0.000 0.000 0.000 0.000 0.000 45.414 64.404 63.389 63.372 63.352 63.330 63.306 65.280 64.251 64.219 64.184 58.144 36.095 52.034 61.963 12.856 3.742 37.604 44.518 53.445 40.375 61.308 79.242 64.180 31.124 73.081 0.000 8.911 21.877 24.837 24.797 26.759 36.723 34.689 35.657 37.627 40.598 34.571 35.546 51.522 61.500 61.478 61.458 61.439 61.421 61.403 61.387 61.371
32.720 30.653 35.589 40.529 55.472 67.417 67.365 67.314 67.266 67.219 67.173 68.124 55.051 0.000 0.000 0.000 0.000 0.000 0.000 30.263 0.000 9.265 0.000 0.000 0.000 20.369 55.365 62.357 63.344 63.329 63.310 63.290 65.267 63.243 63.216 63.187 47.154 43.114 5.052 7.007 0.000 0.000 22.493 29.449 51.392 37.332 42.271 85.211 68.153 47.096 57.040 6.969 51.913 28.869 24.827 24.788 26.751 35.715 46.682 46.650 48.620 54.592 49.565 60.540 61.516 61.493 61.471 61.451 61.432 61.413 61.396 61.379 61.363
33.790 30.724 37.661 56.601 67.544 67.490 67.439 67.390 67.344 67.302 67.265 73.238 0.000 0.000 0.000 0.000 0.000 0.000 30.263 42.263 29.264 44.266 40.267 0.000 10.311 42.329 49.332 60.328 63.320 63.307 63.293 64.276 63.257 63.237 63.216 59.194 48.172 53.154 0.000 0.000 0.000 6.427 39.427 31.395 49.342 25.288 27.234 75.179 74.124 66.068 52.012 51.955 40.903 35.858 24.817 24.778 24.741 34.706 56.673 63.642 62.612 62.584 54.557 61.532 61.508 61.485 61.464 61.443 61.424 61.405 61.388 61.371 61.355
31.856 29.791 44.729 64.670 68.614 67.561 67.511 67.463 67.419 67.380 67.347 74.326 0.000 0.000 0.000 0.000 0.000 0.000 19.262 39.263 39.264 38.266 41.270 25.278 33.293 41.303 41.307 58.305 64.299 63.289 63.277 63.264 63.249 63.233 64.216 56.200 52.186 46.177 0.000 0.000 0.000 0.000 3.394 31.361 50.295 27.246 23.198 62.148 79.095 76.041 56.987 35.935 34.887 35.844 26.803 23.766 24.730 27.696 38.664 58.633 61.603 61.575 53.549 61.524 61.500 61.477 61.455 61.434 61.415 61.396 61.379 61.362 61.346
30.920 32.856 52.795 68.737 67.682 67.630 67.580 67.533 67.489 67.451 69.418 67.394 0.000 0.000 0.000 0.000 0.000 0.000 5.262 44.262 50.263 55.264 46.267 45.272 39.280 35.285 46.287 60.286 63.281 63.274 66.264 64.253 63.242 63.229 63.216 58.205 50.196 45.191 20.194 0.000 0.000 0.000 0.000 0.000 42.229 28.203 24.165 57.119 88.067 69.013 47.961 38.912 40.868 38.826 33.788 22.752 24.717 23.684 27.652 46.622 61.593 61.566 53.539 61.514 61.490 61.467 61.446 61.425 61.406 61.387 61.370 61.353 61.337
30.982 40.919 60.858 68.801 67.747 67.696 67.646 67.599 67.554 68.516 66.481 54.437 38.437 0.000 0.000 0.000 0.000 0.000 7.262 45.262 54.262 54.262 58.262 60.265 43.268 42.271 57.272 63.270 63.266 63.260 64.253 63.244 63.235 63.225 63.216 61.208 49.201 50.197 44.197 0.000 0.000 0.000 0.000 0.000 28.189 28.172 22.141 67.096 55.043 60.983 30.931 50.886 44.845 37.806 37.770 28.736 23.703 24.671 23.640 35.611 58.582 60.555 54.529 61.504 62.480 61.457 61.435 61.415 61.396 61.377 61.360 61.343 61.327
