results2_8e3_rain/res_3e8f-0044.wd
ncols         241
nrows         181
xllcorner     12693529.787448
yllcorner     3542525.717860
cellsize      155.156523
NODATA_value  -9999.000000
[rows 99 to 131 of 181, columns 0 to 73 of 241]
0.000 0.000 0.000 0.000 0.000 45.279 85.278 87.274 78.266 73.265 0.000 0.000 0.000 0.000 0.000 0.000 0.000 53.204 50.203 0.000 0.000 0.000 0.000 48.136 47.134 0.000 0.000 0.000 0.000 0.000 0.000 0.000 0.000 0.000 3.277 49.275 45.271 44.262 45.249 46.233 59.213 48.191 52.168 44.144 46.119 44.093 45.065 50.035 51.004 48.972 52.939 45.905 45.871 47.837 50.801 64.763 65.729 50.692 36.671 0.000 0.000 0.000 0.000 0.000 15.175 70.175 67.175 54.173 29.172 24.171 68.172 45.175 47.180 47.189
0.000 0.000 0.000 0.000 0.000 46.289 86.288 86.287 0.000 0.000 0.000 0.000 0.000 0.000 0.000 0.000 0.000 64.205 53.204 0.000 0.000 0.000 51.158 50.149 54.144 0.000 0.000 0.000 0.000 55.359 47.359 0.000 0.000 0.000 62.305 72.303 58.298 51.291 45.281 47.267 66.250 51.229 57.205 57.183 48.159 63.132 55.103 56.072 46.040 54.007 53.973 51.938 45.903 46.868 50.833 47.784 9.756 0.000 0.000 0.000 0.000 0.000 0.000 18.171 55.172 67.172 74.171 64.171 40.171 41.171 55.173 46.176 47.181 47.189
0.000 0.000 0.000 0.000 0.000 33.300 82.300 91.301 1.308 0.000 0.000 0.000 0.000 0.000 0.000 0.000 0.000 71.208 52.205 53.200 55.191 52.180 49.167 50.158 48.151 0.000 0.000 0.000 0.000 48.359 48.360 49.360 48.357 48.350 47.336 57.332 66.329 13.325 77.317 67.306 72.290 57.270 2.241 73.224 71.200 70.173 74.144 63.112 46.078 49.044 54.008 53.972 50.936 46.901 35.878 0.000 0.000 0.000 0.000 0.000 0.000 0.000 0.000 28.170 55.170 55.169 66.169 65.169 48.169 48.170 47.172 47.175 47.180 47.187
59.347 62.346 0.000 0.000 0.000 43.312 82.311 87.312 97.316 2.319 0.000 0.000 0.000 0.000 0.000 0.000 0.000 8.214 56.210 53.203 71.194 85.184 60.174 45.165 0.000 0.000 0.000 0.000 0.000 0.000 47.362 48.364 48.361 48.358 48.356 47.361 47.363 46.362 47.357 52.349 64.336 58.322 1.298 73.271 74.246 52.218 59.187 76.154 70.118 57.081 47.044 53.007 53.967 56.923 41.900 0.000 0.000 0.000 0.000 0.000 0.000 0.000 0.000 0.000 6.168 52.167 49.167 49.167 47.167 47.168 47.170 47.173 47.178 46.183
73.348 56.347 56.345 58.341 60.335 79.326 87.322 87.321 87.322 89.323 63.325 2.325 0.000 51.247 58.246 59.243 21.237 16.226 79.218 87.210 82.199 78.187 61.180 0.000 0.000 0.000 0.000 0.000 0.000 0.000 0.000 48.374 47.367 46.365 47.371 48.392 48.400 48.403 48.401 49.396 68.386 63.373 46.359 48.326 59.297 70.266 47.234 59.198 60.160 53.120 73.081 56.043 48.005 0.000 0.000 0.000 0.000 0.000 0.000 0.000 0.000 0.000 0.000 0.000 0.000 52.165 47.164 47.164 47.165 47.165 47.167 45.170 43.174 45.179
88.350 78.349 59.347 63.344 81.340 87.334 87.331 87.329 87.328 82.327 54.327 60.327 0.000 42.248 77.250 85.247 85.242 69.235 84.228 91.221 1.209 0.000 0.000 0.000 0.000 0.000 0.000 0.000 0.000 0.000 0.000 48.391 0.000 0.000 0.000 49.438 48.443 48.448 48.450 49.448 65.439 70.425 47.406 48.378 48.349 66.317 67.283 45.246 53.205 72.158 64.118 42.080 0.000 0.000 0.000 0.000 0.000 0.000 0.000 0.000 0.000 0.000 0.000 0.000 0.000 52.162 47.162 47.162 47.162 46.162 45.164 50.166 51.169 52.174
88.354 88.354 83.352 86.349 87.346 87.342 87.339 87.336 87.334 83.332 58.330 75.329 0.000 0.000 55.258 79.255 87.250 88.244 87.238 92.233 0.000 0.000 0.000 0.000 0.000 0.000 0.000 0.000 0.000 0.000 0.000 48.409 0.000 0.000 50.483 48.479 48.486 48.496 48.504 48.506 65.499 70.484 47.462 48.434 48.403 49.370 70.336 64.299 71.255 61.189 42.153 0.000 0.000 0.000 0.000 0.000 0.000 0.000 0.000 0.000 0.000 0.000 0.000 0.000 50.160 47.161 47.161 47.160 47.160 46.159 48.159 52.161 53.164 53.168
86.360 87.360 87.358 87.356 87.353 87.350 87.347 87.344 87.341 88.338 83.334 90.330 14.326 0.000 43.271 62.266 85.260 87.254 88.248 76.240 0.000 0.000 0.000 0.000 0.000 0.000 0.000 0.000 0.000 0.000 0.000 42.428 47.447 47.466 46.486 48.511 48.528 48.547 48.566 48.573 65.567 70.549 47.523 48.492 48.459 48.426 53.393 76.360 56.329 0.000 0.000 0.000 0.000 0.000 0.000 0.000 0.000 0.000 0.000 0.000 0.000 0.000 0.000 0.000 3.160 54.160 50.160 51.159 49.157 45.154 52.154 53.156 51.159 51.162
83.368 88.367 87.366 87.364 87.362 87.359 87.356 87.353 87.349 87.344 88.339 81.332 65.323 56.308 50.289 77.278 87.271 87.265 92.261 0.000 0.000 0.000 0.000 0.000 0.000 0.000 0.000 0.000 0.000 0.000 0.000 0.000 0.000 0.000 0.000 48.550 48.567 48.599 48.639 48.654 64.647 71.624 48.591 48.554 48.517 48.482 48.450 54.418 7.373 0.000 0.000 0.000 0.000 0.000 0.000 0.000 0.000 0.000 0.000 0.000 0.000 0.000 0.000 0.000 0.000 0.000 0.000 0.000 0.000 54.146 52.148 53.150 50.152 45.156
83.376 88.376 87.375 87.374 87.372 87.369 87.366 87.363 87.358 87.352 88.345 73.337 52.326 51.313 60.299 84.289 87.280 87.274 93.271 0.000 0.000 0.000 0.000 0.000 0.000 0.000 0.000 0.000 0.000 0.000 0.000 0.000 0.000 0.000 0.000 44.571 48.594 45.643 48.738 48.758 67.744 71.709 48.663 48.616 48.572 48.536 48.507 45.489 0.000 0.000 0.000 0.000 0.000 0.000 0.000 0.000 0.000 0.000 0.000 0.000 0.000 46.089 0.000 0.000 0.000 0.000 0.000 0.000 50.131 51.137 53.141 53.143 50.146 46.149
86.386 87.386 87.386 87.385 87.383 87.381 87.378 87.374 87.369 87.363 87.355 84.345 61.333 62.320 79.308 86.297 87.289 87.282 94.278 11.279 0.000 0.000 0.000 0.000 0.000 0.000 0.000 0.000 0.000 0.000 0.000 0.000 0.000 0.000 0.000 0.000 44.593 0.000 47.910 48.898 76.862 63.805 48.737 48.673 48.622 61.582 51.556 46.542 0.000 0.000 0.000 0.000 0.000 0.000 0.000 0.000 0.000 0.000 0.000 0.000 0.000 57.089 42.090 0.000 0.000 0.000 0.000 51.121 54.126 53.131 50.134 46.138 46.140 44.144
87.397 87.397 87.397 87.397 87.396 87.394 87.391 87.388 87.383 87.376 87.366 87.355 89.341 89.328 88.315 87.304 87.295 89.289 78.282 21.280 0.000 0.000 0.000 0.000 0.000 0.000 0.000 0.000 0.000 0.000 0.000 0.000 0.000 0.000 0.000 0.000 0.000 0.000 48.095 49.063 83.002 51.913 48.808 48.720 60.658 69.617 48.592 48.581 47.590 0.000 0.000 0.000 0.000 0.000 0.000 0.000 0.000 0.000 0.000 0.000 0.000 53.090 54.090 41.092 0.000 47.107 49.110 53.116 52.121 50.126 49.129 45.132 53.135 56.137
86.409 85.410 87.410 87.410 87.410 87.409 87.407 87.403 87.399 87.391 87.381 87.368 87.351 87.335 87.321 87.309 88.301 71.296 0.000 0.000 48.275 62.274 8.273 0.000 0.000 0.000 0.000 0.000 0.000 0.000 0.000 0.000 0.000 0.000 0.000 0.000 0.000 0.000 44.313 55.257 78.169 49.038 45.862 48.740 48.676 48.637 48.613 48.602 48.600 45.599 0.000 0.000 0.000 0.000 0.000 0.000 0.000 0.000 0.000 0.000 0.000 48.090 44.091 50.093 45.098 53.103 53.108 52.113 48.118 51.122 46.125 45.127 45.130 38.133
76.421 76.422 85.424 87.425 87.426 87.425 87.424 87.422 87.418 87.411 87.401 88.385 89.362 87.341 87.325 87.313 87.304 9.299 0.000 48.280 58.277 68.274 67.272 60.271 52.270 0.000 0.000 0.000 0.000 0.000 0.000 0.000 0.000 0.000 0.000 48.911 51.870 51.774 48.587 47.483 56.381 44.209 0.000 44.704 48.668 48.641 48.623 48.613 47.609 0.000 0.000 0.000 0.000 0.000 0.000 0.000 50.081 61.081 0.000 0.000 49.087 47.089 47.091 44.093 52.097 53.101 53.106 50.111 53.115 53.118 51.121 46.123 35.125 0.000
58.433 63.436 82.439 88.442 87.443 87.443 87.443 87.443 87.440 87.435 89.426 75.409 71.371 86.342 91.326 88.313 83.305 65.298 68.292 74.284 68.278 69.275 48.273 41.271 0.000 0.000 0.000 0.000 0.000 0.000 0.000 0.000 0.000 0.000 39.953 45.953 48.926 48.866 48.777 48.709 50.662 0.000 0.000 0.000 43.653 48.637 48.626 48.618 48.614 0.000 0.000 0.000 0.000 0.000 0.000 10.081 67.081 49.082 47.083 47.084 47.086 47.088 45.090 50.092 53.096 53.100 49.104 53.109 53.114 52.116 46.118 47.120 37.121 0.000
42.444 57.448 76.456 89.460 90.462 90.461 88.464 87.466 88.466 87.464 88.461 26.456 0.000 45.332 63.323 84.312 91.304 89.298 89.293 75.288 0.000 0.000 0.000 0.000 0.000 0.000 0.000 0.000 0.000 0.000 0.000 0.000 0.000 0.000 0.000 45.024 49.014 46.987 47.948 49.915 50.897 0.000 0.000 0.000 0.000 41.631 48.624 48.620 45.617 0.000 0.000 0.000 0.000 0.000 0.000 0.000 9.081 63.082 46.083 46.084 47.086 46.087 46.089 52.091 53.094 51.098 39.101 0.000 57.115 51.116 51.117 51.118 37.118 0.000
6.451 28.458 61.477 67.483 61.484 63.477 80.488 88.492 84.494 77.495 76.497 11.499 0.000 0.000 0.000 21.307 56.303 82.298 89.295 0.000 0.000 0.000 0.000 0.000 0.000 0.000 0.000 0.000 0.000 36.608 57.609 2.609 0.000 0.000 0.000 45.106 51.120 50.120 59.112 60.108 50.113 0.000 0.000 0.000 0.000 0.000 45.622 46.621 0.000 0.000 0.000 0.000 0.000 0.000 0.000 0.000 0.000 68.082 71.083 51.084 45.085 43.086 53.088 53.090 48.092 0.000 0.000 0.000 0.000 56.115 53.115 53.116 43.117 0.000
0.000 0.000 42.511 51.512 3.513 0.000 52.518 81.520 72.523 68.527 82.534 49.546 9.572 0.000 0.000 0.000 0.000 27.296 58.295 0.000 0.000 0.000 0.000 0.000 0.000 0.000 0.000 0.000 0.000 0.000 41.610 59.610 0.000 0.000 0.000 36.173 50.242 48.262 78.273 71.291 49.336 51.449 0.000 0.000 0.000 0.000 40.621 0.000 0.000 0.000 0.000 0.000 0.000 0.000 0.000 0.000 0.000 0.000 56.083 73.084 58.085 52.086 53.087 48.088 0.000 0.000 0.000 0.000 0.000 48.114 53.115 53.115 48.116 0.000
0.000 0.000 38.544 83.543 40.543 0.000 41.548 73.549 75.552 86.557 88.565 91.579 97.599 36.625 5.639 0.000 0.000 0.000 0.000 0.000 0.000 0.000 0.000 0.000 0.000 0.000 0.000 0.000 0.000 0.000 42.612 57.612 0.000 0.000 0.000 0.000 43.411 51.415 81.426 63.449 51.493 50.562 55.637 0.000 0.000 0.000 0.000 0.000 0.000 0.000 0.000 0.000 0.000 0.000 0.000 0.000 0.000 0.000 0.000 0.000 61.085 51.085 49.086 0.000 0.000 0.000 0.000 0.000 47.112 46.113 48.114 42.114 0.000 0.000
11.606 26.598 60.580 78.574 86.575 55.584 68.577 91.577 88.579 87.585 87.593 87.605 87.621 93.639 96.654 52.672 11.681 0.000 56.706 70.706 63.706 65.705 21.704 0.000 0.000 0.000 0.000 0.000 0.000 0.000 21.613 43.615 49.621 49.628 52.635 11.643 44.578 73.562 75.567 52.588 50.623 50.670 53.713 0.000 0.000 0.000 0.000 0.000 0.000 0.000 0.000 0.000 0.000 0.000 0.000 0.000 0.000 0.000 0.000 0.000 0.000 0.000 0.000 0.000 0.000 0.000 0.000 49.112 44.112 42.112 0.000 0.000 0.000 0.000
84.614 87.610 87.603 85.599 83.599 84.601 86.600 86.602 87.605 88.611 88.618 87.629 80.641 84.655 87.668 91.681 95.691 96.701 88.706 84.708 81.707 76.705 78.703 71.701 27.699 5.698 0.000 0.000 0.000 0.000 0.000 0.000 0.000 0.000 0.000 68.717 57.696 86.688 77.693 64.712 51.743 50.784 50.832 54.902 50.901 0.000 0.000 0.000 0.000 0.000 0.000 0.000 0.000 0.000 0.000 0.000 0.000 0.000 0.000 0.000 0.000 0.000 0.000 0.000 0.000 0.000 0.000 0.000 0.000 0.000 0.000 0.000 0.000 0.000
87.628 82.626 80.623 79.621 73.620 70.622 71.623 71.625 77.629 82.635 82.642 75.651 59.661 74.672 87.683 87.693 87.701 87.708 87.711 87.712 88.710 88.708 91.704 92.701 92.699 92.698 31.697 0.000 0.000 0.000 0.000 0.000 0.000 0.000 0.000 40.812 66.803 71.800 55.807 72.825 60.854 50.890 50.931 53.972 0.000 0.000 0.000 0.000 0.000 0.000 0.000 0.000 0.000 0.000 0.000 0.000 0.000 0.000 0.000 0.000 0.000 0.000 0.000 0.000 0.000 0.000 0.000 0.000 0.000 0.000 0.000 0.000 0.000 0.000
57.644 30.644 52.642 66.642 64.642 44.643 29.645 25.648 45.652 62.658 61.665 54.673 49.681 59.691 80.700 88.707 87.714 87.718 87.720 87.718 87.715 91.711 66.705 54.702 53.699 57.698 60.697 0.000 0.000 0.000 0.000 0.000 0.000 0.000 0.000 38.917 74.906 57.901 49.910 59.930 70.957 54.991 51.032 51.084 57.164 1.221 0.000 0.000 0.000 0.000 0.000 0.000 0.000 0.000 0.000 0.000 0.000 0.000 0.000 0.000 0.000 0.000 0.000 0.000 0.000 0.000 0.000 0.000 0.000 0.000 0.000 0.000 0.000 0.000
47.663 18.662 40.662 55.662 51.663 28.665 14.667 18.671 38.675 52.680 50.687 50.694 51.702 49.710 68.718 85.725 87.730 87.732 87.732 87.728 86.722 49.716 0.000 0.000 0.000 0.000 0.000 0.000 0.000 45.183 65.184 17.185 3.186 0.000 46.096 63.033 80.002 56.990 51.005 49.026 66.054 68.086 54.124 51.168 51.222 54.273 63.309 1.324 0.000 0.000 0.000 0.000 0.000 0.000 0.000 0.000 0.000 0.000 0.000 0.000 0.000 0.000 0.000 0.000 0.000 0.000 0.000 0.000 0.000 0.000 0.000 0.000 0.000 0.000
60.682 56.682 51.682 50.683 51.684 53.686 54.689 57.693 56.697 52.703 51.709 51.716 51.723 50.731 57.738 79.744 88.748 87.750 89.748 61.740 27.731 0.000 0.000 0.000 0.000 0.000 0.000 0.000 0.000 10.183 32.184 35.186 39.188 53.194 50.160 71.119 68.079 42.053 49.092 51.119 53.146 66.176 58.209 53.245 51.282 50.314 67.335 58.340 52.340 0.000 0.000 0.000 0.000 0.000 0.000 0.000 0.000 0.000 0.000 0.000 0.000 0.000 0.000 0.000 0.000 0.000 0.000 0.000 0.000 0.000 0.000 0.000 0.000 11.842
50.702 51.702 51.703 51.704 51.706 51.708 51.711 51.715 51.720 51.725 51.731 51.738 51.745 51.753 49.760 70.766 87.771 89.773 85.770 11.755 0.000 0.000 0.000 0.000 0.000 0.000 0.000 0.000 0.000 0.000 0.000 0.000 0.000 37.235 54.231 80.205 54.142 0.000 37.192 52.211 50.236 54.263 55.292 64.320 53.347 51.368 50.376 46.358 0.000 0.000 0.000 0.000 0.000 0.000 0.000 0.000 0.000 0.000 0.000 0.000 0.000 0.000 0.000 0.000 0.000 0.000 0.000 0.000 0.000 0.000 0.000 0.000 17.016 81.939
51.722 51.723 51.724 51.725 51.727 51.730 51.733 50.737 50.742 51.748 51.754 51.761 51.768 51.775 50.783 58.790 73.797 84.802 72.806 0.000 0.000 0.000 0.000 0.000 0.000 0.000 0.000 0.000 0.000 0.000 0.000 0.000 0.000 14.279 63.325 88.331 0.000 0.000 35.273 53.299 51.325 50.350 58.375 69.398 57.420 51.436 55.444 0.000 0.000 0.000 0.000 0.000 0.000 0.000 0.000 0.000 0.000 0.000 0.000 0.000 0.000 0.000 0.000 0.000 0.000 0.000 0.000 0.000 0.000 0.000 0.000 0.000 74.093 88.038
51.743 51.744 51.745 51.746 51.749 51.751 51.755 55.759 56.764 52.770 51.777 51.784 51.791 51.799 51.807 50.816 53.824 62.834 62.845 3.867 0.000 0.000 0.000 0.000 0.000 0.000 6.008 0.000 0.000 0.000 0.000 0.000 0.000 0.000 67.458 82.462 5.505 0.000 19.329 50.386 51.416 51.439 50.459 55.479 57.497 53.512 55.522 0.000 0.000 0.000 0.000 0.000 0.000 0.000 0.000 0.000 0.000 0.000 0.000 0.000 0.000 0.000 0.000 0.000 0.000 0.000 0.000 0.000 0.000 0.000 0.000 58.320 67.226 67.152
51.764 51.765 51.766 51.768 51.770 51.773 50.777 62.782 67.787 54.793 51.799 51.807 51.815 51.823 51.832 51.842 51.852 50.863 53.876 34.889 0.000 0.000 0.000 0.000 0.000 48.008 69.009 31.009 22.004 20.997 0.000 0.000 0.000 48.668 90.589 64.556 64.549 0.000 0.000 36.502 53.515 51.530 51.546 49.562 65.579 69.595 63.609 0.000 0.000 0.000 0.000 0.000 0.000 0.000 0.000 0.000 0.000 0.000 0.000 0.000 0.000 0.000 0.000 0.000 0.000 0.000 0.000 0.000 0.000 0.000 32.489 83.414 69.336 82.270
51.786 51.786 51.788 51.789 51.792 51.795 50.799 63.804 69.809 53.816 51.822 51.830 51.838 51.847 51.857 51.868 51.880 51.893 51.908 57.926 28.952 0.000 0.000 0.000 0.000 11.009 26.010 48.014 56.008 59.991 33.958 9.910 44.843 82.747 80.675 60.624 42.586 0.581 0.000 36.606 53.612 52.621 55.632 50.646 59.662 82.682 79.710 24.766 0.000 4.885 0.000 0.000 0.000 0.000 0.000 0.000 0.000 0.000 0.000 0.000 0.000 0.000 0.000 0.000 0.000 0.000 0.000 0.000 0.000 0.000 69.564 125.510 108.445 130.354
48.807 49.808 50.809 50.811 51.814 51.817 49.821 64.826 67.832 50.838 51.845 51.853 51.862 51.872 51.882 51.894 51.906 51.920 51.937 51.955 57.978 38.002 0.000 0.000 0.000 0.000 0.000 24.030 55.021 51.003 53.973 57.930 69.873 86.804 70.739 38.681 0.000 0.000 0.000 35.705 52.706 55.710 68.718 54.728 64.742 65.760 84.785 88.822 71.867 21.885 0.000 0.000 0.000 0.000 0.000 0.000 0.000 0.000 0.000 0.000 0.000 0.000 0.000 0.000 0.000 0.000 0.000 0.000 0.000 55.787 65.693 66.620 69.552 88.527
69.829 64.829 59.831 57.833 53.836 49.839 49.844 64.849 67.854 49.861 51.869 51.877 51.886 51.896 51.907 51.919 50.932 49.947 50.964 50.982 51.003 57.027 34.056 11.071 0.000 0.000 0.000 23.056 61.046 55.028 50.001 62.964 85.915 79.857 47.798 0.000 0.000 0.000 0.000 33.803 51.798 56.797 63.800 58.807 63.818 62.831 75.849 69.871 62.894 35.905 0.000 0.000 0.000 0.000 0.000 0.000 0.000 0.000 0.000 0.000 0.000 0.000 0.000 0.000 0.000 0.000 0.000 0.000 32.959 60.881 129.800 93.733 125.617 109.289
89.851 88.851 84.853 79.855 75.858 70.861 65.866 61.871 56.877 50.884 51.892 51.900 51.910 51.920 50.932 52.944 58.958 63.973 62.989 61.007 55.027 50.048 54.070 60.088 24.107 5.115 9.111 43.091 66.079 57.063 53.041 76.011 87.967 43.912 0.000 0.000 0.000 0.000 3.954 37.906 50.887 55.880 71.880 61.884 54.891 47.899 53.910 71.921 68.932 74.938 0.000 0.000 0.000 0.000 0.000 0.000 0.000 0.000 0.000 0.000 0.000 0.000 0.000 0.000 0.000 0.000 0.000 0.000 68.037 58.976 68.907 91.800 67.973 107.428
