results2_8e3_rain/res_3e8f-0190.wd
ncols         241
nrows         181
xllcorner     12693529.787448
yllcorner     3542525.717860
cellsize      155.156523
NODATA_value  -9999.000000
[rows 33 to 65 of 181, columns 146 to 218 of 241]
64.833 64.049 63.775 64.413 31.073 42.743 64.430 58.117 36.697 0.000 0.000 36.366 12.366 17.367 33.368 58.372 45.372 11.370 0.000 0.294 50.278 58.265 16.242 43.215 35.194 36.170 40.133 49.095 67.054 58.024 52.995 47.972 48.952 48.934 47.918 46.901 45.883 53.864 63.845 55.828 55.813 53.798 32.783 46.770 54.762 0.000 25.333 30.305 54.234 52.175 57.118 67.065 60.021 54.999 9.989 0.000 37.940 37.933 44.930 22.933 0.000 0.000 0.000 0.000 0.000 0.000 0.000 0.000 0.000 0.000 0.000 0.000 0.000
64.783 64.530 64.183 64.855 42.533 60.231 62.964 56.774 0.000 0.000 14.366 38.366 0.000 0.000 0.000 42.383 42.378 50.368 13.349 63.324 51.294 38.270 47.245 38.219 36.193 36.166 35.133 37.099 65.064 63.034 63.006 64.981 57.959 59.940 58.922 58.904 58.886 59.868 63.851 61.835 62.820 57.807 34.795 33.786 6.780 0.000 22.277 36.259 44.223 39.171 45.115 58.057 58.022 56.001 13.991 0.000 0.000 42.921 14.918 0.000 0.000 0.000 0.000 0.000 1.818 44.813 43.807 45.801 35.797 38.793 5.791 0.000 0.000
65.262 64.926 64.604 64.285 63.976 64.683 56.423 43.239 0.000 0.000 0.000 6.366 0.000 0.000 0.000 39.398 36.390 49.375 54.355 46.330 55.303 53.277 34.250 35.223 36.195 36.166 48.135 52.103 56.071 49.041 46.013 55.988 29.965 36.944 31.925 31.906 31.889 34.871 60.855 49.840 47.827 49.815 34.805 36.797 16.793 0.000 32.239 89.232 14.228 0.000 0.000 7.025 59.008 57.993 16.983 0.000 0.000 39.911 36.904 38.888 36.875 44.863 50.851 42.839 64.824 71.813 69.806 54.800 34.796 33.792 37.790 7.788 0.000
65.657 65.337 65.017 64.705 65.401 60.104 41.804 32.521 41.521 0.000 0.000 0.000 0.000 0.000 0.000 36.421 35.408 38.388 34.365 45.340 48.312 51.284 40.255 35.227 35.197 35.168 60.137 66.106 48.076 42.046 42.017 42.992 39.969 39.947 39.927 40.909 43.891 40.874 61.858 53.844 51.831 51.821 33.812 47.806 73.802 0.000 24.206 77.203 0.000 0.000 0.000 9.009 58.993 56.980 34.964 39.941 37.923 35.909 35.898 35.885 34.873 41.862 48.852 35.841 53.825 71.811 67.803 47.798 32.793 32.790 37.787 5.786 0.000
66.071 65.743 65.424 65.116 61.820 47.528 36.166 0.000 0.000 0.000 0.000 40.592 3.578 9.556 1.520 35.458 36.431 36.406 35.379 35.350 41.321 34.291 34.261 36.231 35.201 34.170 58.140 55.110 63.080 67.049 66.019 60.994 56.970 58.949 54.929 58.910 58.892 59.875 63.860 61.847 62.835 58.825 33.817 45.811 67.808 0.000 19.178 80.171 0.000 0.000 0.000 0.000 55.976 58.968 37.954 35.935 35.919 35.905 35.893 35.882 34.871 41.862 50.854 6.847 0.000 29.803 72.799 48.794 32.790 32.786 36.784 3.782 0.000
66.481 66.143 65.819 65.514 55.236 37.023 0.000 0.000 0.000 0.000 38.621 41.605 54.586 54.561 42.528 35.487 35.454 36.424 36.393 35.362 34.331 35.299 35.267 35.235 34.204 43.173 62.143 41.113 55.085 32.050 65.018 54.993 53.970 53.949 50.929 55.910 56.892 56.876 63.861 61.847 58.836 58.826 33.819 47.814 66.811 0.000 5.155 73.133 0.000 0.000 0.000 0.000 59.968 58.962 34.948 36.928 35.912 36.899 36.888 36.878 37.868 45.859 25.854 0.000 0.000 30.798 72.795 53.791 40.786 34.782 37.779 4.778 0.000
66.887 66.527 67.195 59.887 47.587 37.305 0.000 0.000 0.000 0.000 35.637 52.622 46.601 35.575 37.543 37.508 35.475 34.442 36.409 35.375 36.341 36.307 36.273 35.240 35.207 55.175 55.144 55.117 55.095 0.000 37.008 34.991 35.969 35.948 36.928 40.909 43.891 41.874 61.859 55.846 49.835 51.826 34.819 46.814 65.812 0.000 0.000 46.072 37.047 0.000 0.000 0.000 53.966 36.964 0.000 31.915 37.903 41.892 48.882 48.873 48.863 50.855 22.848 0.000 14.802 78.797 71.792 73.787 61.782 36.777 37.773 5.771 0.000
67.281 66.886 66.545 52.251 3.919 0.000 0.000 0.000 0.000 13.694 51.668 46.645 36.621 37.593 37.562 37.529 37.494 35.460 34.424 34.388 36.352 35.315 35.279 34.243 36.208 51.175 42.144 51.113 52.084 11.049 11.016 50.991 49.968 49.946 49.926 51.906 51.888 52.871 64.856 60.843 55.832 57.823 33.816 42.812 70.811 0.000 0.000 105.035 74.023 41.004 27.995 0.000 0.000 0.000 0.000 0.000 34.891 43.885 47.877 46.867 49.857 51.848 37.836 42.820 58.806 73.797 71.790 71.783 59.777 36.771 36.766 12.762 0.000
67.647 68.190 59.850 42.653 0.000 0.000 0.000 1.766 1.751 58.721 52.695 36.670 37.643 37.615 37.583 37.550 37.514 37.478 34.441 35.402 35.362 35.323 36.283 35.245 35.209 38.174 43.141 55.110 42.079 54.047 59.017 51.991 60.966 50.943 51.922 54.902 53.884 52.867 62.852 58.838 46.827 45.818 34.811 41.808 70.808 0.000 0.000 96.011 86.004 62.994 31.986 0.000 0.000 7.917 2.914 0.000 5.886 54.880 46.872 40.862 37.852 52.842 39.830 41.817 49.805 70.795 72.787 70.779 56.772 36.765 33.757 37.750 31.739
75.932 73.378 46.012 35.858 0.000 0.000 3.794 36.781 50.766 51.744 45.721 40.696 37.669 37.639 37.607 37.572 36.536 39.498 44.458 40.416 35.373 36.330 35.287 35.246 35.208 35.171 42.137 43.105 41.074 48.043 47.014 41.987 53.962 33.939 41.917 48.897 47.878 41.861 60.845 53.831 33.819 32.810 35.803 37.801 41.804 0.000 0.000 73.995 53.990 90.981 76.970 12.951 13.935 64.921 38.910 36.898 36.886 38.877 49.868 43.858 11.847 64.837 52.825 48.814 46.803 57.792 73.783 65.774 48.766 37.758 33.750 40.740 64.728
0.000 0.000 24.960 42.909 0.000 0.000 38.806 48.799 62.787 46.769 45.748 45.724 38.696 37.666 37.632 37.597 44.559 52.519 53.477 45.433 40.385 35.336 34.289 35.244 39.204 36.167 35.132 34.099 40.068 41.038 40.009 40.982 42.957 35.933 41.911 46.890 48.871 44.853 60.837 54.822 36.810 35.800 35.792 31.787 0.000 0.000 0.000 29.983 48.979 48.972 82.961 97.947 90.934 58.920 44.908 45.896 45.885 48.875 70.864 88.854 97.843 96.832 98.821 97.810 91.799 85.789 77.779 60.770 43.761 34.752 35.743 48.733 67.722
19.029 0.000 0.000 0.000 0.000 9.830 41.826 61.822 53.813 56.799 53.779 43.755 36.727 37.695 37.661 48.623 53.584 49.543 44.500 41.452 44.396 39.342 39.289 35.239 40.196 34.159 35.125 36.092 35.061 35.031 35.003 34.976 33.950 34.926 34.903 38.882 44.862 43.843 61.826 55.811 34.798 35.787 35.777 34.769 9.758 0.000 0.000 33.974 59.971 48.965 50.956 65.944 76.932 86.919 88.907 94.895 97.883 97.872 96.861 92.850 83.839 81.828 83.817 86.805 88.795 89.784 87.774 91.764 83.755 50.746 37.736 56.727 73.717
58.452 17.253 0.000 0.000 6.811 42.833 58.846 51.849 43.845 51.833 55.814 56.790 46.761 35.728 45.691 54.652 44.611 36.569 36.527 38.479 6.407 7.345 6.286 32.225 36.184 38.149 38.116 35.084 35.053 36.023 34.995 34.968 34.942 35.917 34.894 34.872 34.852 37.832 54.815 53.798 35.784 35.772 35.761 36.753 37.747 0.000 0.000 32.969 50.967 51.961 63.953 50.942 30.930 34.917 70.905 94.893 78.881 73.869 76.858 69.846 55.835 44.824 35.812 33.801 34.790 44.779 42.769 37.759 76.749 91.740 69.730 67.721 71.712
0.000 33.054 11.441 5.658 41.788 51.847 58.875 42.885 45.884 43.873 41.855 49.831 54.800 49.764 53.725 42.682 36.638 37.596 37.559 45.531 0.000 0.000 0.000 29.190 38.167 49.137 50.106 45.074 41.044 43.014 38.986 37.958 35.932 34.908 34.884 35.861 34.840 34.820 37.801 46.784 34.768 34.755 35.744 34.735 3.730 0.000 0.000 13.967 11.965 65.960 49.952 34.942 48.929 50.915 96.902 77.890 60.878 42.866 33.855 34.843 35.831 36.819 36.808 36.796 35.785 33.774 32.763 33.753 41.743 78.734 86.724 71.714 70.706
0.000 20.468 43.612 45.743 44.837 59.892 44.922 38.933 40.932 39.921 36.903 35.877 50.844 57.805 60.761 48.713 38.664 35.618 43.581 9.556 0.000 0.000 0.000 32.179 42.156 49.127 50.095 50.064 52.033 60.004 57.975 53.948 51.922 47.897 41.873 36.849 34.827 35.806 34.786 39.767 32.750 33.735 34.723 36.714 57.709 0.000 0.000 0.000 27.967 69.962 29.954 38.944 29.928 68.911 86.899 46.887 34.876 36.864 36.851 36.839 36.827 36.815 33.803 33.791 32.780 33.768 33.757 33.747 49.737 64.728 37.718 97.707 69.698
0.000 20.737 43.796 36.866 55.925 55.964 50.986 41.994 35.990 36.978 37.957 48.929 51.894 43.851 46.801 55.745 56.687 46.632 3.590 0.000 5.326 4.287 37.238 43.189 47.153 46.118 47.085 47.053 45.022 51.992 52.964 52.937 53.910 50.885 49.860 50.836 41.813 36.791 37.770 34.749 35.731 34.714 33.699 35.688 50.682 0.000 0.000 0.000 27.973 71.967 33.960 9.952 0.000 14.903 53.896 35.885 36.873 34.861 34.848 34.836 33.823 32.811 33.798 33.786 32.774 33.762 32.751 31.741 34.731 30.722 26.713 90.698 99.688
0.000 17.947 37.969 48.001 58.031 49.053 49.064 51.065 49.058 40.042 46.020 54.989 43.951 36.904 35.847 41.780 51.706 58.632 22.558 14.462 40.365 40.297 35.239 44.188 49.146 50.109 46.074 46.041 38.009 34.979 34.951 34.924 33.898 31.872 38.847 52.822 51.798 50.775 45.752 36.730 34.709 35.690 34.672 34.658 35.649 0.000 0.000 0.000 42.984 9.972 13.966 0.000 0.000 0.000 32.895 12.884 15.872 32.858 31.845 31.833 32.820 34.807 34.793 34.781 33.768 33.756 31.744 31.733 32.723 20.716 0.000 10.686 93.673
0.000 17.134 41.133 60.139 51.147 48.152 48.152 49.145 48.133 50.114 55.089 44.057 38.017 37.967 37.903 36.822 37.726 43.633 60.549 58.463 37.375 36.297 35.231 36.178 48.135 46.098 57.062 45.026 37.994 35.965 36.937 35.911 40.885 48.859 44.833 38.808 44.783 54.758 51.734 50.710 41.686 34.663 34.642 35.622 33.608 0.000 0.000 43.014 31.008 0.000 0.000 44.922 39.920 38.915 30.906 0.000 0.000 37.853 34.843 34.830 34.816 34.802 34.788 34.775 34.762 34.749 34.737 33.725 34.714 36.703 26.690 0.000 35.658
5.409 30.323 55.289 51.274 40.265 45.256 50.246 45.232 51.214 57.192 49.166 37.134 36.094 38.043 37.976 41.880 42.743 36.623 47.541 43.466 40.375 37.283 34.212 41.159 45.118 47.084 38.051 65.008 52.977 42.949 34.923 40.897 59.871 69.845 62.820 39.794 41.768 44.742 48.715 53.689 51.662 47.636 36.609 33.582 40.552 46.509 0.000 18.020 39.026 0.000 0.000 14.923 34.925 34.918 34.907 39.892 38.876 34.858 33.843 34.828 34.813 34.798 34.783 34.769 34.755 34.742 34.729 34.716 33.704 33.691 34.677 37.660 33.650
17.495 51.459 57.428 42.403 37.382 39.363 41.343 52.321 56.299 67.276 66.249 59.217 48.181 37.137 40.077 6.979 0.000 35.575 41.528 38.483 1.377 35.250 39.174 56.128 55.093 58.069 0.000 29.976 69.957 63.933 49.908 55.883 73.857 73.832 71.806 40.779 46.753 46.725 48.697 36.668 45.639 51.608 50.577 49.544 62.508 71.466 4.422 0.000 29.050 54.074 0.000 0.000 57.937 38.926 38.911 38.895 38.877 39.860 33.843 32.827 36.810 33.793 33.777 33.762 33.748 34.734 33.721 32.707 32.694 32.681 32.667 32.653 31.641
16.617 62.592 48.559 37.528 37.499 37.470 50.441 48.412 65.387 80.362 77.335 74.307 69.276 60.245 51.218 0.000 0.000 0.000 29.512 40.499 0.000 0.000 32.107 50.086 49.059 64.030 35.989 36.963 69.941 74.917 70.893 69.869 72.844 72.819 73.793 52.766 44.738 46.709 46.679 36.648 45.616 39.582 58.547 29.510 68.470 90.426 61.378 31.328 0.000 32.098 0.000 33.988 93.961 46.938 48.918 48.898 44.879 45.860 37.843 32.826 14.807 33.786 33.770 36.755 39.740 49.726 39.712 34.699 35.685 35.671 35.658 35.645 35.632
48.765 52.730 46.690 44.651 39.614 51.578 45.540 58.498 36.474 6.450 57.425 76.398 75.371 76.348 59.333 0.000 0.000 0.000 23.507 46.503 0.000 0.000 29.062 44.048 39.027 66.002 76.973 76.948 72.925 72.902 72.879 73.856 72.831 72.806 72.780 66.753 41.724 43.694 41.663 36.629 47.594 48.557 51.519 8.479 53.436 89.389 59.338 77.277 38.195 24.122 36.071 92.016 79.978 51.949 45.924 47.901 41.879 35.860 33.842 31.829 0.000 39.773 47.762 55.748 62.733 71.718 60.704 40.689 34.675 35.662 35.648 35.635 35.622
59.947 48.875 48.819 44.772 51.729 48.688 51.642 75.567 62.560 45.540 66.515 75.488 74.463 73.443 53.433 0.000 0.000 0.000 0.000 1.503 0.000 0.000 35.031 44.018 54.999 70.977 72.954 72.931 72.909 72.888 72.866 72.843 72.819 72.795 72.769 72.742 58.712 48.681 41.648 34.612 38.574 38.534 43.493 62.450 48.405 83.357 69.306 76.249 83.186 69.126 74.074 83.027 58.988 59.955 45.927 44.902 36.879 33.857 34.837 36.817 50.793 56.773 74.756 73.741 72.725 71.710 71.695 61.680 39.666 34.652 35.638 35.625 35.612
51.081 39.003 40.941 52.888 49.842 49.803 19.774 0.000 54.660 80.636 75.607 74.578 76.551 58.530 44.522 28.547 0.000 0.000 0.000 0.000 0.000 0.000 41.013 57.994 69.974 72.954 72.934 72.914 72.894 72.873 72.853 72.831 72.809 72.785 72.759 72.732 73.702 67.670 59.635 51.597 49.556 52.513 43.469 60.423 39.377 81.329 14.279 35.227 70.173 42.120 33.073 89.029 52.991 56.957 54.928 35.901 33.876 34.853 34.832 42.810 63.788 74.768 71.750 71.733 71.717 68.701 67.686 65.671 64.656 38.642 34.628 34.614 34.601
41.192 38.117 51.052 50.996 45.948 65.908 19.877 28.863 68.784 75.737 74.699 74.664 74.632 50.603 50.578 61.571 0.000 0.000 0.000 0.000 0.000 0.000 0.000 7.972 66.949 78.931 73.914 72.896 72.878 72.860 72.841 72.820 72.799 72.776 72.752 72.725 72.695 73.662 74.625 71.585 71.541 74.493 54.445 60.397 34.350 75.303 11.255 13.207 66.158 36.111 46.067 80.026 60.989 52.956 56.926 33.898 34.872 33.848 35.826 45.804 66.782 67.762 72.743 71.726 66.709 63.692 67.676 72.661 71.646 60.631 41.617 40.603 39.590
37.292 51.219 52.155 40.098 51.047 72.003 64.964 70.927 76.875 74.829 74.788 74.748 71.710 55.671 5.615 1.593 0.000 0.000 0.000 0.000 0.000 0.000 0.000 0.000 11.920 23.908 64.894 73.879 72.863 72.847 72.829 72.811 72.791 72.770 72.746 74.720 73.691 73.658 72.620 74.576 73.528 73.475 63.421 61.371 38.323 50.277 80.232 59.187 67.142 36.099 64.058 58.019 60.984 48.951 42.921 34.893 34.867 34.842 42.819 47.797 48.775 53.755 61.736 59.717 60.699 71.682 71.666 71.650 71.635 72.620 66.606 62.592 60.578
52.384 52.314 41.250 37.192 52.140 71.093 77.049 76.007 74.961 74.917 74.874 75.832 66.790 59.757 0.000 0.000 0.000 0.000 0.000 0.000 0.000 0.000 0.000 0.000 20.904 40.887 67.875 73.862 72.849 72.835 72.819 72.803 72.785 72.765 74.743 74.719 74.691 66.658 71.619 74.574 77.518 75.458 69.395 65.342 53.295 37.251 85.208 68.166 70.125 35.085 81.046 45.010 25.976 42.944 33.914 34.886 33.860 42.835 48.811 47.789 47.767 46.746 39.727 35.708 65.690 71.672 71.656 71.639 71.624 71.609 72.594 72.580 72.566
49.470 40.402 38.339 36.281 53.228 73.179 75.133 75.089 75.046 75.003 74.960 76.914 55.861 53.809 0.000 0.000 0.000 0.000 0.000 0.000 0.000 0.000 0.000 0.000 0.000 54.861 73.855 72.847 72.836 72.824 72.811 72.796 74.780 73.762 73.743 73.721 67.696 45.665 61.626 71.581 22.514 13.443 47.358 54.306 63.263 50.223 71.184 89.145 74.106 41.069 83.033 6.998 18.965 31.934 34.905 34.877 36.851 46.826 44.802 45.780 47.758 50.737 44.717 45.698 61.679 71.662 71.644 71.628 71.612 71.597 71.582 71.568 71.554
40.551 38.484 43.422 48.364 63.311 75.262 75.216 75.172 75.130 75.089 75.049 76.003 62.932 0.000 0.000 0.000 0.000 0.000 2.803 39.803 0.803 18.804 0.000 0.000 0.000 29.842 64.839 71.833 72.825 72.815 72.803 72.791 74.777 72.762 72.745 72.727 56.706 52.680 14.638 16.609 0.000 0.000 32.287 39.262 61.229 47.194 52.159 95.123 78.087 57.052 67.017 16.984 61.953 38.923 34.894 34.867 36.841 45.817 56.793 56.770 58.748 64.727 59.707 70.687 71.668 71.650 71.633 71.616 71.600 71.584 71.569 71.555 71.541
41.627 38.562 45.501 64.444 75.391 75.342 75.296 75.253 75.212 75.175 75.142 81.118 0.000 0.000 0.000 0.000 0.000 0.000 39.803 51.803 38.803 53.804 49.804 0.000 19.818 51.825 58.825 69.821 72.815 72.807 72.797 73.787 72.775 72.762 72.749 68.735 57.721 62.710 0.000 0.000 0.000 16.236 49.243 41.224 59.197 35.167 37.134 85.101 84.067 76.033 62.001 61.969 50.939 45.910 34.883 34.856 34.830 44.806 66.782 73.759 72.737 72.716 64.695 71.676 71.656 71.638 71.620 71.603 71.587 71.571 71.556 71.541 71.527
39.700 37.636 52.576 72.519 76.467 75.418 75.373 75.330 75.292 75.257 75.228 82.208 0.000 0.000 0.000 0.000 0.000 0.000 28.803 48.803 48.803 47.804 50.805 34.807 42.812 50.815 50.815 67.812 73.807 72.801 72.793 72.784 72.774 72.764 73.753 65.743 61.734 55.728 0.000 0.000 0.000 9.229 13.223 41.196 60.169 37.141 33.111 72.080 89.047 86.014 66.983 45.953 44.924 45.897 36.870 33.844 34.819 37.794 48.771 68.748 71.726 71.704 63.683 71.663 71.644 71.625 71.607 71.590 71.574 71.558 71.542 71.527 71.513
38.769 40.706 60.647 76.591 75.539 75.491 75.446 75.405 75.367 75.333 77.303 75.279 0.000 0.000 0.000 0.000 0.000 0.000 14.803 53.803 59.803 64.803 55.804 54.805 48.807 44.808 55.807 69.805 72.801 72.796 75.789 73.782 72.774 72.766 72.757 67.750 59.744 54.741 29.745 0.000 0.000 0.000 0.000 3.169 52.141 38.117 34.090 67.059 98.026 78.994 57.964 48.936 50.908 48.882 43.856 32.831 34.806 33.782 37.759 56.736 71.713 71.692 63.671 71.650 71.631 71.612 71.594 71.576 71.560 71.544 71.528 71.513 71.499
38.835 48.773 68.714 76.659 75.608 75.561 75.517 75.476 75.439 76.406 74.373 62.326 46.326 0.000 0.000 0.000 0.000 0.000 16.803 54.803 63.803 63.802 67.802 69.802 52.803 51.803 66.802 72.800 72.796 72.792 73.786 72.780 72.774 72.767 72.761 70.755 58.750 59.748 53.748 0.000 0.000 0.000 0.000 0.000 38.110 38.096 32.073 77.041 65.004 70.972 40.944 60.917 54.892 47.866 47.842 38.817 33.793 34.769 33.746 45.723 68.700 70.679 64.657 71.637 72.617 71.598 71.580 71.562 71.545 71.529 71.513 71.498 71.484
