results2_8e3_rain/res_3e8f-0099.wd
ncols         241
nrows         181
xllcorner     12693529.787448
yllcorner     3542525.717860
cellsize      155.156523
NODATA_value  -9999.000000
[rows 66 to 98 of 181, columns 73 to 145 of 241]
68.525 32.514 0.000 57.711 74.690 73.661 73.633 0.000 45.061 45.044 58.054 54.062 53.042 52.998 51.933 127.839 115.678 0.000 0.000 0.000 48.500 43.443 48.360 51.304 51.258 53.216 54.177 59.134 60.095 61.051 51.991 0.000 0.000 49.296 99.295 81.205 85.057 85.135 83.181 91.108 83.573 84.045 84.776 83.541 83.312 84.100 53.940 0.000 0.000 0.000 0.000 0.000 0.000 0.000 30.135 28.115 28.078 28.026 27.960 27.891 31.816 44.736 41.655 26.572 37.488 46.405 25.325 28.246 34.168 39.090 35.014 28.938 26.864
53.527 59.504 0.000 45.915 69.881 68.854 62.856 15.935 0.000 0.000 51.127 64.200 53.200 52.170 53.128 34.089 0.000 0.000 0.000 0.000 0.000 0.000 59.302 57.279 55.250 38.213 41.173 48.131 49.099 54.067 45.029 0.000 0.000 0.000 59.537 77.442 84.373 84.459 91.550 91.337 83.654 84.335 84.039 83.821 83.603 78.409 36.271 0.000 0.465 33.465 0.000 0.000 0.000 36.173 31.174 28.152 28.114 28.062 28.001 27.933 27.860 27.784 34.704 48.624 49.542 32.461 26.382 27.303 28.226 32.149 31.073 26.998 26.925
55.535 54.471 59.342 57.153 71.065 64.018 65.002 62.014 0.000 0.000 0.000 66.413 61.387 56.353 58.321 5.299 0.000 0.000 0.000 0.000 0.000 0.000 58.269 54.260 45.249 0.000 0.000 46.117 58.103 57.089 0.000 0.000 5.250 62.130 53.874 57.693 64.766 79.821 91.749 83.411 84.957 84.514 84.317 84.092 81.871 64.660 43.466 49.465 47.465 28.465 0.000 0.000 0.000 0.000 45.234 27.205 28.163 32.110 40.048 29.981 27.909 26.833 30.755 45.676 52.596 44.517 30.438 25.360 27.283 27.207 27.132 27.057 25.985
55.573 53.502 57.404 68.290 62.208 55.153 74.119 63.106 15.120 0.000 8.791 58.652 74.582 69.536 69.504 72.487 0.000 0.000 0.000 0.000 4.231 4.235 56.244 47.242 50.237 0.000 0.000 0.000 94.107 121.098 36.098 0.000 61.371 56.268 56.105 56.010 52.090 92.114 91.937 84.465 88.063 84.802 84.586 84.364 76.130 28.895 0.000 51.465 29.465 0.000 0.000 0.000 33.437 32.401 31.325 27.273 31.222 43.165 48.102 46.034 38.962 28.886 37.808 45.729 24.650 30.571 43.493 40.416 36.340 44.265 25.190 27.115 25.042
53.627 59.559 69.480 61.396 53.324 53.265 66.216 74.170 70.135 73.063 74.930 69.824 64.752 66.704 55.673 54.657 0.000 0.000 0.000 5.226 61.227 60.229 48.231 50.228 51.220 55.205 54.195 0.000 5.120 0.000 0.000 7.756 67.594 60.466 55.304 56.394 54.437 92.275 54.098 61.680 76.269 84.082 84.861 82.647 41.388 0.000 0.000 0.000 0.000 0.000 0.000 34.498 28.473 28.440 28.391 29.340 39.286 48.227 47.162 47.092 43.018 38.941 48.862 31.783 26.703 27.625 27.547 37.472 50.397 37.322 25.247 26.171 32.099
59.691 70.629 60.560 53.491 54.426 54.368 56.310 40.222 66.186 64.126 56.041 52.960 51.898 67.854 69.826 56.812 0.000 0.000 0.000 61.224 57.224 54.224 47.222 51.219 51.211 51.199 51.185 10.162 13.133 14.107 16.057 83.918 80.787 69.658 68.613 57.610 92.561 92.425 56.157 62.801 57.570 64.367 83.131 57.975 0.000 0.000 0.000 0.000 0.000 0.000 0.000 34.523 28.518 28.497 28.459 29.411 38.356 48.294 47.226 46.154 43.077 47.998 41.917 25.836 27.756 27.677 27.601 37.526 45.453 24.380 27.305 30.223 49.154
70.761 60.704 53.642 54.581 54.523 55.471 36.433 0.000 23.262 51.214 54.146 54.079 54.027 51.989 75.965 59.953 0.000 0.000 0.000 38.222 55.220 49.219 50.217 51.213 51.206 51.197 51.184 62.167 2.144 6.132 23.145 76.072 85.971 7.860 89.782 79.973 92.680 54.743 68.382 65.020 54.886 51.683 48.321 33.148 0.000 0.000 30.121 0.000 0.000 0.000 0.000 30.552 28.581 28.570 28.536 28.490 29.433 35.368 43.296 43.220 43.139 47.056 24.973 27.889 27.808 26.728 32.652 49.579 32.510 26.442 29.369 10.264 11.198
60.836 53.782 54.725 54.668 54.612 57.561 13.518 11.484 4.387 49.319 54.252 56.184 54.141 53.111 71.092 67.083 0.000 0.000 0.000 0.000 46.217 49.215 51.213 51.210 51.204 51.197 53.188 39.177 0.000 0.000 73.317 76.256 87.167 93.039 87.141 85.176 92.781 75.799 78.498 63.336 56.238 49.162 0.000 0.000 0.000 0.000 28.121 0.000 0.000 0.000 0.000 0.000 31.685 28.665 28.628 28.578 28.518 28.448 28.372 35.290 43.204 31.116 28.028 27.941 27.857 30.776 43.700 43.629 25.565 27.508 30.467 0.000 0.000
53.916 54.863 54.808 54.752 54.697 54.644 58.595 59.546 59.483 55.424 55.360 35.262 52.242 53.222 69.209 68.203 0.000 0.000 0.000 0.000 45.214 51.213 51.211 51.208 51.204 51.200 39.194 0.000 0.000 1.752 78.552 84.469 87.371 87.318 86.394 92.917 85.291 88.005 82.691 67.630 57.568 56.564 56.703 0.000 0.000 0.000 25.121 32.122 25.122 0.000 0.000 0.000 46.808 27.778 28.733 28.677 28.611 29.536 28.453 28.364 28.271 28.176 28.082 27.990 26.903 32.820 47.744 24.674 27.611 27.559 29.523 4.516 0.000
54.999 54.947 54.892 54.836 54.779 54.723 54.670 54.622 54.576 54.535 58.503 0.000 45.341 54.328 70.317 65.318 1.372 0.000 0.000 0.000 50.212 53.211 53.210 53.208 51.205 54.203 0.000 0.000 0.000 70.904 76.791 87.695 87.573 87.679 85.724 93.130 86.431 91.073 86.961 87.893 75.842 63.822 52.842 47.842 49.842 0.000 0.000 31.123 26.122 32.117 33.101 31.061 36.963 46.905 28.849 29.787 38.715 45.632 27.541 28.442 28.339 28.236 28.134 27.036 31.944 50.859 44.781 33.710 26.648 27.595 29.550 44.510 62.449
55.085 55.033 54.978 54.921 54.861 54.799 54.742 57.695 55.664 54.635 58.614 0.000 45.454 54.433 71.413 63.406 3.421 0.000 0.000 0.000 23.211 33.211 32.209 32.207 53.206 38.204 0.000 0.000 0.000 73.095 83.015 87.918 87.871 86.972 93.783 93.475 87.503 88.344 87.200 87.141 88.085 79.040 44.003 0.000 0.000 0.000 0.000 29.125 29.127 26.127 28.127 29.119 28.077 35.029 48.973 31.907 29.828 39.738 27.635 28.524 28.409 28.294 28.182 28.076 35.978 48.890 35.810 47.739 25.677 26.622 31.572 52.524 64.469
55.173 55.121 55.067 55.009 54.944 57.868 59.806 31.750 52.750 55.729 57.704 17.680 48.589 53.536 65.497 63.473 4.463 0.000 0.000 0.000 0.000 0.000 0.000 0.000 34.206 0.000 0.000 0.000 21.537 71.367 88.254 88.130 88.243 86.325 94.061 86.099 91.803 87.495 87.447 87.378 87.317 77.249 38.126 0.000 0.000 0.000 0.000 0.000 32.133 33.140 20.159 28.210 29.199 29.161 33.107 49.038 31.955 28.855 28.739 28.611 28.478 28.348 26.224 32.109 51.004 31.911 30.831 44.760 28.698 26.644 33.594 59.546 64.496
55.264 55.212 55.160 55.105 57.038 32.924 34.865 0.000 14.856 50.828 54.791 58.748 54.685 57.625 62.566 67.526 6.494 0.000 0.000 0.000 0.000 0.000 0.000 0.000 0.000 0.000 0.000 4.828 80.707 82.584 88.475 88.428 87.544 94.563 94.321 87.167 87.879 87.748 87.677 87.612 86.556 66.515 0.000 0.000 0.000 0.000 0.000 0.000 0.000 24.139 0.000 35.365 32.348 28.310 28.256 30.185 47.097 35.989 27.856 28.702 28.545 27.397 32.259 34.132 33.018 29.922 27.841 27.773 27.713 28.661 41.614 63.569 64.525
55.354 55.303 55.256 55.212 60.179 0.000 0.000 21.079 12.991 46.935 55.886 53.835 55.777 67.712 39.616 33.571 0.000 0.000 0.000 0.000 0.000 0.000 0.000 0.000 0.000 0.000 0.000 67.948 72.879 86.789 88.670 88.798 86.891 94.785 86.676 88.348 88.040 87.978 87.902 87.835 79.779 56.740 0.000 0.000 0.000 0.000 0.000 0.000 0.000 0.000 0.000 39.538 34.517 28.477 26.421 29.350 29.261 45.147 37.995 28.794 29.605 27.435 34.282 34.141 31.014 24.916 27.839 27.776 29.721 43.673 62.631 64.592 67.556
56.442 54.392 54.347 54.310 57.286 27.293 24.253 56.166 61.094 55.035 52.982 59.930 69.877 72.830 0.000 0.000 0.000 0.000 0.000 0.000 0.000 0.000 0.000 0.000 0.000 0.000 0.000 70.139 78.074 87.984 88.975 88.012 95.195 94.996 87.711 88.413 88.273 88.193 88.118 88.049 69.984 51.926 0.000 0.000 0.000 0.000 0.000 0.000 0.000 0.000 0.000 37.732 35.704 35.659 32.601 25.533 27.449 28.343 44.185 43.875 40.646 37.458 30.293 29.138 25.981 26.891 27.825 31.770 51.723 63.681 63.644 64.611 63.582
70.525 69.475 68.431 66.394 63.364 64.339 64.299 61.241 62.183 64.128 64.077 70.026 71.972 29.901 0.000 0.000 0.000 0.000 0.000 0.000 0.000 0.000 0.000 0.000 0.000 8.656 16.577 71.395 88.286 89.194 89.143 88.370 95.381 87.196 88.868 88.553 88.486 88.403 88.329 86.259 68.183 39.055 0.000 0.000 0.000 0.000 0.000 0.000 0.000 0.000 0.000 27.954 31.910 34.854 35.794 34.730 31.662 27.590 21.526 0.000 0.000 0.000 0.000 0.000 29.879 27.842 30.799 51.758 64.719 63.685 64.654 67.626 63.604
66.602 68.553 67.509 69.470 71.436 70.402 69.363 67.316 65.267 65.219 66.172 62.125 62.083 0.000 0.000 0.000 0.000 0.000 0.000 0.000 0.000 0.000 0.000 0.000 0.000 57.736 80.679 79.577 88.483 89.371 89.498 87.600 95.553 89.294 88.897 88.770 88.684 88.605 88.535 84.476 64.434 0.000 0.000 0.000 0.000 0.000 0.000 0.000 0.000 0.000 35.383 30.221 27.126 29.053 33.990 35.931 35.877 36.832 27.802 0.000 0.000 0.000 0.000 0.000 30.816 28.798 44.772 65.742 63.713 63.685 63.659 64.637 63.619
54.674 54.625 55.582 62.543 71.507 77.471 65.434 59.393 54.352 52.309 51.266 57.220 36.151 0.000 0.000 0.000 0.000 0.000 0.000 0.000 0.000 0.000 0.000 0.000 0.000 63.872 79.828 87.753 89.668 89.636 88.766 95.859 95.712 91.317 89.120 88.957 88.878 88.799 88.730 83.675 58.642 0.000 0.000 0.000 0.000 0.000 0.000 0.000 0.000 35.682 30.546 30.419 30.322 29.244 26.180 31.127 35.085 36.058 33.048 0.000 0.000 0.000 0.000 33.757 27.771 31.764 59.748 63.727 63.704 63.682 63.662 63.644 63.630
53.740 53.693 57.651 62.612 64.577 67.542 57.508 53.472 54.436 54.400 56.365 34.337 0.000 0.000 0.000 0.000 0.000 0.000 0.000 0.000 0.000 0.000 0.000 0.000 0.000 50.052 79.006 88.940 89.840 89.971 88.080 95.994 88.874 90.544 89.222 89.154 89.064 88.983 88.911 79.853 52.818 0.000 0.000 0.000 0.000 0.000 0.000 0.000 34.946 30.819 30.699 30.589 30.498 30.422 30.361 27.312 26.279 29.266 36.286 36.381 0.000 0.000 0.000 27.744 28.745 46.740 63.728 62.713 62.696 63.679 63.663 63.648 63.637
53.801 53.756 55.716 56.679 54.645 53.613 54.583 53.552 53.521 53.489 58.456 3.426 0.000 0.000 0.000 0.000 0.000 0.000 0.000 0.000 0.000 0.000 0.000 0.000 1.488 58.277 87.207 90.130 90.102 89.234 96.239 96.121 91.876 89.574 89.426 89.334 89.244 89.158 90.078 70.007 57.958 0.000 0.000 34.647 0.000 34.374 36.323 36.226 31.073 30.950 30.840 30.742 30.657 30.586 30.528 30.483 29.453 26.440 35.449 36.476 29.476 0.000 0.000 35.729 27.727 35.722 41.713 44.701 48.688 54.674 60.661 62.650 62.641
54.858 54.816 54.778 54.743 54.712 53.683 53.657 53.632 53.608 52.581 60.544 11.485 0.000 0.000 0.000 0.000 0.000 0.000 0.000 0.000 0.000 0.000 0.000 0.000 42.641 78.511 89.417 90.305 90.446 88.538 96.345 89.338 91.008 89.689 89.611 89.513 89.419 89.328 90.236 62.141 40.049 0.000 0.000 30.647 0.000 29.425 31.369 31.281 31.172 31.067 30.970 30.882 30.804 30.737 30.682 30.639 28.610 30.595 36.593 33.599 0.000 0.000 0.000 34.716 33.713 32.708 31.700 30.691 29.680 33.669 44.659 40.650 42.643
52.910 52.871 52.836 52.804 52.776 52.751 52.730 53.712 55.697 57.682 32.654 0.000 0.000 0.000 0.000 0.000 0.000 0.000 0.000 0.795 9.784 0.000 0.000 12.969 53.832 84.713 90.604 90.590 89.618 96.530 96.443 92.332 90.036 89.884 89.787 89.689 89.593 89.497 85.398 32.270 0.000 0.000 0.000 30.647 36.625 31.533 31.447 31.357 31.266 31.177 31.091 31.011 30.939 30.876 30.824 30.782 27.753 36.735 36.729 32.729 0.000 0.000 0.000 33.706 32.702 33.697 33.690 33.682 33.673 33.664 32.656 32.648 31.642
53.958 53.922 56.890 60.861 63.837 67.816 69.800 72.789 71.786 63.795 1.840 12.940 36.983 5.006 0.000 0.000 0.000 0.000 0.000 40.806 67.781 7.746 0.000 47.105 80.008 89.896 90.794 90.723 89.946 96.606 88.779 90.462 90.142 90.063 89.963 89.865 89.766 90.669 77.591 0.000 0.000 0.000 0.000 10.671 30.694 31.634 33.530 33.436 31.359 31.283 31.207 31.133 31.065 31.005 30.954 27.914 32.884 35.865 36.858 27.859 0.000 0.000 0.000 17.700 38.694 38.688 35.681 32.674 32.666 33.658 34.651 34.645 33.641
56.002 54.969 61.940 70.915 71.894 70.876 69.864 68.858 65.862 59.878 34.917 51.964 70.001 39.030 23.055 0.000 0.000 0.000 11.868 50.834 64.788 3.711 22.561 64.338 89.195 92.082 90.923 91.135 89.110 96.669 90.768 90.480 90.330 90.235 90.138 90.041 89.938 91.821 35.706 0.000 0.000 0.000 0.000 0.000 26.847 32.781 13.602 13.496 30.451 31.390 31.320 31.250 31.184 31.125 30.075 28.035 37.004 36.985 33.978 27.990 34.042 0.000 0.000 0.000 49.684 64.680 57.673 53.666 49.659 45.652 48.646 48.641 31.638
56.042 56.013 58.987 61.965 60.946 58.932 56.922 54.919 52.924 52.939 61.966 63.998 61.029 58.056 62.080 10.102 0.000 0.000 51.902 81.875 32.826 28.749 62.633 86.490 91.365 91.225 91.347 89.302 96.754 89.181 90.893 90.577 90.503 90.407 90.314 90.222 93.123 49.972 0.000 0.000 0.000 0.000 0.000 0.000 29.066 34.041 0.000 0.000 27.559 31.506 31.434 31.362 31.296 31.237 28.187 36.145 37.114 36.092 27.081 31.082 31.094 0.000 0.000 0.000 17.680 47.675 65.666 64.658 64.651 64.646 64.641 58.637 48.634
56.080 56.054 56.031 55.011 54.994 55.982 55.974 55.972 53.977 54.989 60.009 63.034 59.060 54.086 57.108 12.123 0.000 0.000 43.962 53.938 31.893 64.825 79.734 88.626 91.518 91.456 90.559 97.140 96.897 90.176 90.903 90.759 90.668 90.577 90.490 90.412 93.359 0.000 0.000 8.740 17.740 0.000 0.000 30.423 33.311 32.275 39.320 0.000 27.721 31.640 31.549 31.469 31.400 29.340 31.289 37.247 37.213 29.188 30.171 31.162 31.159 0.000 0.000 0.000 0.000 0.000 47.657 63.649 63.643 63.639 63.634 64.631 64.629
56.115 56.093 56.072 56.054 56.039 56.027 56.020 55.018 54.021 58.031 62.047 62.068 57.093 53.119 58.143 11.160 0.000 0.000 40.047 9.023 55.982 79.924 85.849 91.768 91.629 91.847 89.841 97.356 89.605 91.314 90.999 90.927 90.833 90.744 90.657 97.576 81.542 0.000 4.740 54.740 40.740 0.000 0.000 25.535 33.482 32.427 32.365 38.224 35.965 34.784 31.655 31.564 31.494 28.435 36.384 37.340 33.305 28.276 31.254 31.236 33.221 37.233 0.000 0.000 0.000 0.000 0.000 60.637 63.635 63.631 63.628 64.625 62.622
56.150 56.130 56.110 56.093 56.079 56.068 55.061 54.058 56.060 60.067 63.079 59.098 54.124 53.154 56.185 38.213 25.242 26.225 22.155 23.124 63.089 84.040 89.980 91.885 92.036 90.037 97.733 97.553 90.616 91.327 91.179 91.086 90.995 90.907 95.818 38.695 53.691 23.729 54.739 62.741 0.000 0.000 0.000 24.700 33.655 32.586 32.490 42.343 53.129 26.878 36.720 32.640 29.578 31.521 37.471 36.426 27.389 30.359 31.333 31.306 18.257 19.245 0.000 0.000 0.000 0.000 0.000 41.629 62.627 63.624 63.621 67.618 63.616
56.185 56.165 56.147 56.130 56.117 56.106 54.098 54.094 58.094 65.097 66.105 62.123 57.150 55.187 55.232 57.266 57.287 66.279 7.224 41.230 79.208 86.169 92.118 92.100 91.245 98.055 97.899 90.982 91.759 91.419 91.342 91.244 91.154 91.073 99.011 0.000 36.796 38.757 28.747 30.744 0.000 0.000 0.000 27.910 33.852 32.771 38.667 54.530 31.329 0.000 17.710 30.699 28.655 36.602 37.551 33.506 30.467 31.436 31.413 33.398 0.000 0.000 0.000 0.000 0.000 0.000 33.623 14.624 53.619 63.616 63.614 68.611 63.609
56.218 56.199 56.181 56.165 56.151 55.140 54.132 56.126 63.123 40.123 16.122 15.137 12.167 42.214 59.288 54.331 57.362 38.381 0.397 46.366 84.344 90.316 92.224 92.484 90.520 98.198 91.324 92.098 91.663 91.601 91.493 91.397 91.304 92.218 90.144 12.086 11.941 0.000 0.000 0.000 0.000 0.000 27.335 35.177 33.074 31.978 51.878 55.781 0.000 0.000 0.000 26.791 32.741 37.682 37.626 27.578 31.538 31.507 31.486 34.475 0.000 0.000 0.000 0.000 0.000 0.000 12.623 0.000 41.610 63.609 63.607 69.605 63.603
56.250 56.231 56.213 56.198 55.184 54.172 56.162 59.155 67.151 26.149 0.000 0.000 0.000 0.000 41.374 56.408 57.451 43.499 45.555 71.519 88.496 92.442 92.634 90.673 98.451 98.330 92.309 92.001 91.850 91.744 91.643 91.545 91.448 94.352 79.260 8.173 0.000 0.000 0.000 0.000 0.000 0.000 27.492 34.390 33.287 31.190 59.087 19.934 0.000 0.000 33.059 37.932 37.838 37.760 35.694 30.641 31.599 31.569 31.549 33.540 0.000 37.625 0.000 0.000 0.000 0.000 0.000 0.000 34.602 63.602 63.601 63.600 63.598
56.280 56.261 56.244 56.228 55.214 54.201 58.190 62.182 66.176 24.174 0.000 0.000 0.000 0.000 21.426 64.477 59.535 65.607 78.658 87.663 91.646 92.674 91.844 98.664 98.561 91.654 92.426 92.081 91.995 91.889 91.789 91.692 95.592 58.482 30.371 0.000 0.000 0.000 0.000 0.000 0.000 29.964 34.752 33.605 35.496 32.408 56.347 0.000 0.000 28.342 35.187 51.039 39.919 36.825 32.750 30.693 30.650 31.619 31.601 31.598 36.619 32.625 23.625 0.000 0.000 0.000 30.590 32.591 31.595 63.596 63.595 63.595 63.594
56.308 56.290 56.273 56.257 54.243 56.229 62.216 63.205 61.198 48.197 9.203 0.000 0.000 0.000 0.000 17.541 13.604 53.737 84.807 88.826 92.794 92.985 91.126 98.758 90.973 92.750 92.313 92.245 94.131 93.029 91.932 91.840 97.745 20.614 0.000 0.000 0.000 0.000 0.000 11.532 50.421 50.177 37.947 34.783 45.681 40.601 41.545 2.549 0.000 26.497 31.309 42.118 37.975 41.869 35.790 38.731 37.688 34.657 31.639 30.631 30.633 36.633 0.000 0.000 0.000 0.000 27.589 27.589 37.590 63.591 63.591 63.590 63.590
