results2_8e3_rain/res_3e8f-0132.wd
ncols         241
nrows         181
xllcorner     12693529.787448
yllcorner     3542525.717860
cellsize      155.156523
NODATA_value  -9999.000000
[rows 99 to 131 of 181, columns 73 to 145 of 241]
58.358 58.336 58.314 57.291 57.268 62.244 65.220 62.197 58.180 58.172 52.173 8.178 0.000 0.000 0.000 0.000 0.000 13.565 71.558 96.523 94.521 93.681 100.358 100.287 93.392 94.090 93.939 93.831 94.729 94.632 93.545 97.472 56.420 0.000 0.000 0.000 0.000 0.000 0.000 29.883 55.805 67.651 35.388 17.237 47.189 50.126 48.046 51.934 48.696 46.305 15.944 40.691 44.561 59.474 65.411 68.364 66.329 61.304 54.287 49.278 44.274 22.266 0.000 0.000 0.000 0.000 16.675 34.674 46.674 70.674 71.674 71.673 71.673
58.401 58.381 57.360 55.337 59.313 64.287 65.258 65.226 59.203 56.189 61.183 61.182 22.183 0.000 16.270 46.217 23.105 2.907 59.790 99.665 94.915 94.932 100.418 92.706 94.495 94.151 94.065 93.956 93.852 93.754 95.669 94.601 30.559 0.000 0.000 0.000 0.000 0.000 0.000 34.057 39.999 50.933 0.077 0.000 42.348 50.292 49.201 53.064 52.850 23.577 0.000 35.591 49.532 54.467 75.415 76.374 76.344 77.321 78.306 76.296 57.292 0.000 0.000 0.000 0.000 0.000 0.000 33.672 46.672 70.671 71.671 71.671 71.670
58.446 57.428 57.407 60.384 63.359 64.332 39.300 3.247 32.216 68.197 41.189 15.185 7.184 0.000 27.323 77.277 74.190 66.073 84.945 96.092 93.077 100.500 93.989 94.796 94.363 94.300 94.185 94.077 93.969 94.863 92.774 80.705 27.655 0.655 0.000 0.000 0.000 0.000 37.439 44.290 42.201 43.149 16.179 0.000 48.563 66.494 59.400 54.273 29.061 0.000 0.000 18.551 8.510 48.448 73.407 77.376 75.351 75.332 75.318 77.310 50.307 44.311 44.313 50.313 0.000 0.000 0.000 10.671 45.670 70.669 71.668 71.668 71.667
57.493 56.477 61.457 64.434 64.408 64.382 29.363 0.000 0.000 11.194 2.192 0.000 0.000 0.000 20.420 83.379 89.308 97.219 97.174 94.296 100.846 100.633 93.959 94.669 94.522 94.414 94.307 94.198 94.083 99.957 49.857 17.791 1.727 0.000 1.947 4.947 0.000 28.715 46.588 42.465 42.364 41.282 47.210 13.078 41.848 67.722 66.631 64.566 0.000 0.000 0.000 0.000 0.000 46.407 75.390 79.370 76.352 75.337 73.325 62.318 43.314 39.314 40.314 24.313 0.000 0.000 0.000 0.000 41.667 70.666 71.666 71.665 67.665
56.543 62.529 64.509 64.486 62.457 68.425 38.406 0.000 0.000 0.000 0.000 0.000 0.000 0.000 31.559 89.511 92.449 96.324 95.558 95.569 101.037 93.347 95.053 94.728 94.643 94.535 94.431 98.325 104.207 59.024 27.907 2.858 0.000 0.000 0.000 1.947 29.948 52.843 46.731 39.617 44.509 48.407 45.302 43.175 57.028 60.916 50.838 58.794 0.000 0.000 0.000 0.000 0.000 52.384 76.376 81.364 80.351 76.338 71.329 40.322 38.318 39.317 46.316 0.000 0.000 0.000 0.000 35.664 39.664 68.664 71.664 71.663 65.662
63.597 64.585 64.567 63.542 41.510 7.455 26.430 28.430 0.000 0.000 0.000 0.000 0.000 22.865 75.745 89.666 92.569 94.726 95.735 101.373 101.212 94.325 95.026 94.866 94.760 94.654 98.555 60.466 20.397 0.000 37.889 23.876 0.000 0.000 0.000 0.000 38.052 71.980 62.877 57.764 52.649 53.534 51.416 52.294 65.173 59.076 43.010 44.978 0.000 0.000 0.000 0.000 0.000 52.369 80.365 45.359 43.349 75.337 78.330 48.324 39.321 44.319 14.317 0.000 0.000 0.000 0.000 8.663 35.663 53.662 69.662 72.661 65.661
64.657 64.648 60.631 64.606 46.586 0.000 17.430 47.430 0.000 0.000 0.000 0.000 13.081 74.984 88.891 94.811 94.781 94.922 101.660 101.521 93.656 95.430 95.079 94.989 94.875 94.768 98.668 70.587 2.536 0.000 7.885 10.880 0.000 0.000 0.000 0.000 25.230 57.145 62.033 71.913 67.789 55.663 58.535 67.410 62.295 50.205 42.147 43.130 17.179 18.192 0.000 0.000 0.000 50.357 84.356 0.000 0.000 24.332 71.328 61.324 42.322 21.320 0.000 0.000 0.000 0.000 0.000 0.000 8.662 32.661 58.660 68.660 61.659
62.723 59.719 58.702 74.665 53.643 0.000 16.430 44.430 0.000 0.000 0.000 7.249 71.177 84.100 94.029 96.909 96.152 94.181 101.789 92.968 94.741 91.299 93.226 95.103 94.988 95.873 89.762 79.677 27.607 0.000 0.000 0.000 0.000 0.000 0.000 12.707 47.493 52.338 52.199 54.064 62.930 65.794 68.653 62.515 49.394 43.302 42.244 41.217 45.217 30.204 0.000 0.000 0.000 39.348 76.345 42.338 31.334 23.330 66.327 72.324 52.322 0.000 0.000 3.317 0.000 0.000 0.000 0.000 0.000 27.659 51.659 56.658 43.658
56.797 65.806 61.791 2.711 3.677 0.000 7.429 7.429 0.000 0.000 0.000 8.321 87.278 89.221 97.132 96.297 95.317 102.018 101.908 94.928 94.615 94.455 94.337 93.219 94.099 95.974 52.830 3.754 0.000 0.000 0.000 0.000 0.000 16.385 33.208 47.921 58.696 55.516 54.360 51.216 52.075 54.928 66.769 67.602 59.462 48.368 41.308 41.277 43.266 0.000 0.000 0.000 0.000 24.341 66.339 44.335 40.333 40.329 72.325 75.322 58.320 21.318 11.317 54.317 0.000 0.000 0.000 0.000 0.000 30.658 54.657 49.657 35.657
57.879 67.915 54.945 0.000 0.000 0.000 4.429 16.429 0.429 0.000 0.000 74.436 84.396 96.339 96.334 95.477 102.213 102.118 94.243 96.017 95.667 95.573 95.454 95.335 97.216 47.095 0.000 0.000 0.000 0.000 0.000 6.036 31.855 48.563 61.319 57.072 55.855 55.670 55.510 56.365 54.224 53.075 26.895 45.661 70.486 52.397 40.345 43.316 41.305 29.312 0.000 0.000 0.000 25.338 58.334 36.332 0.000 0.000 28.321 65.320 54.319 63.317 70.317 29.317 0.000 0.000 0.000 0.000 0.000 5.657 45.656 43.656 36.656
55.959 60.032 59.128 35.273 0.000 0.000 0.000 2.429 5.429 0.000 27.687 87.591 94.528 96.449 96.607 94.729 102.299 94.533 96.314 95.878 95.809 95.687 96.571 97.453 59.335 0.000 0.000 0.000 0.000 0.000 8.460 51.216 61.966 57.692 56.433 56.192 55.981 55.800 55.645 55.509 55.383 64.253 3.074 0.000 38.425 47.391 39.359 48.338 48.326 30.319 0.000 0.000 0.000 0.000 42.328 79.326 47.323 0.000 21.319 66.318 60.317 51.316 51.315 0.000 0.000 0.000 0.000 0.000 0.000 0.000 24.655 35.655 36.655
68.021 6.126 62.264 60.417 49.608 8.732 0.000 0.000 0.000 18.851 77.784 91.713 97.652 96.635 95.788 102.446 102.377 95.483 96.180 96.028 95.917 96.806 98.689 59.571 0.000 0.000 0.000 0.000 7.203 38.035 48.705 60.404 57.102 56.805 53.530 53.284 53.076 53.905 55.762 55.643 58.547 35.479 0.000 0.000 18.397 43.381 42.364 60.350 56.342 0.000 0.000 0.000 0.000 0.000 26.323 71.322 83.320 40.318 66.317 80.317 72.316 48.315 41.314 13.313 0.000 0.000 0.000 0.000 0.000 0.000 30.654 36.654 40.654
50.056 3.188 64.382 54.526 61.673 53.856 15.164 2.804 11.918 78.919 87.881 97.838 96.723 96.988 95.013 102.506 94.774 96.566 96.225 96.140 97.031 97.929 51.809 0.000 0.000 0.000 0.000 0.008 50.371 61.197 58.919 57.594 59.232 58.897 64.597 69.337 64.137 56.980 50.855 54.755 60.681 18.638 0.000 0.000 14.386 46.374 47.364 69.356 57.351 0.000 0.000 0.000 0.000 0.000 14.320 66.319 75.318 80.317 76.316 76.315 80.314 64.314 43.313 44.312 13.310 6.310 0.000 0.000 0.000 32.653 37.653 35.653 40.653
0.000 0.000 32.552 83.629 46.704 0.000 0.000 17.005 77.030 82.025 96.002 96.909 97.186 95.114 102.590 95.034 96.842 96.417 96.359 97.247 94.141 49.071 0.000 0.000 0.000 0.000 6.217 53.044 60.713 58.463 58.181 61.820 36.335 14.952 17.626 34.329 60.154 62.024 62.921 54.842 55.785 16.755 0.000 0.000 0.000 27.367 45.362 52.358 51.355 0.353 0.000 0.000 0.000 0.000 14.317 57.317 70.316 75.315 76.315 77.314 73.313 69.313 54.312 42.311 46.310 52.309 0.000 0.000 0.000 0.000 35.652 36.652 38.652
0.000 0.000 9.644 84.736 71.809 0.000 0.000 24.175 85.171 93.158 97.106 98.297 98.330 102.910 102.715 95.985 96.700 96.560 96.461 91.358 81.213 32.142 0.000 0.000 5.708 41.600 50.391 62.200 58.976 58.761 62.522 40.171 0.000 0.000 0.000 20.201 58.125 55.041 58.966 64.905 64.862 42.841 0.000 0.000 0.000 9.364 47.361 41.358 48.357 0.000 0.000 0.000 0.000 0.000 19.315 44.315 61.315 75.314 70.313 63.313 65.313 26.312 51.311 60.310 53.309 49.309 0.000 0.000 0.000 0.000 0.000 30.651 35.651
0.000 0.000 0.000 12.862 61.988 2.232 12.383 78.347 90.324 97.299 97.312 97.485 103.265 103.092 95.275 97.072 96.738 96.666 89.576 55.507 0.000 0.000 0.000 13.918 59.817 53.699 61.548 59.390 59.229 60.084 37.974 0.000 0.000 0.000 0.000 19.147 61.106 55.050 54.996 56.950 60.918 62.906 14.924 0.000 0.000 0.000 28.359 47.358 22.357 0.000 0.000 0.000 0.000 0.000 12.314 40.313 51.313 58.313 50.312 47.312 12.312 0.000 0.309 44.309 48.308 57.308 0.000 0.000 0.000 0.000 0.000 24.651 35.650
0.000 0.000 0.000 0.000 0.313 12.535 81.533 86.507 97.485 97.408 98.686 98.753 103.427 95.575 97.354 96.922 96.861 86.758 75.671 39.589 0.000 0.000 0.000 54.020 75.941 60.834 52.710 60.585 58.467 61.372 31.317 0.000 0.000 0.000 15.152 50.135 57.101 56.059 56.017 52.980 48.955 50.942 12.942 0.000 0.000 0.000 9.358 54.358 2.357 0.000 0.000 0.000 0.000 0.000 12.312 42.312 41.312 40.311 38.311 44.311 0.000 0.000 0.000 19.308 42.307 60.307 4.306 0.000 0.000 0.000 0.000 0.000 28.650
0.000 0.000 0.000 0.000 0.000 84.729 83.704 97.673 97.616 98.811 98.877 103.723 103.579 96.530 98.214 96.056 81.940 70.846 44.758 0.000 0.000 0.000 48.342 66.202 66.092 72.984 60.875 50.771 56.681 66.618 69.606 32.701 0.000 0.000 14.168 62.140 56.105 56.068 55.032 51.000 44.978 45.965 11.961 0.000 0.000 0.000 0.000 27.357 35.357 0.000 0.000 0.000 0.000 0.000 20.312 44.311 38.310 39.310 39.310 41.309 24.309 0.000 0.000 0.000 29.306 50.306 28.305 2.305 0.000 0.000 0.000 0.000 23.650
0.000 0.000 0.000 0.000 24.062 84.947 96.884 97.836 98.838 101.018 103.992 103.860 95.839 97.602 94.253 83.152 72.006 43.926 0.000 0.000 0.000 50.612 71.481 57.355 49.242 63.135 75.035 62.944 65.868 66.814 53.790 59.795 38.771 1.126 22.214 54.152 50.111 57.076 52.041 44.012 42.992 46.980 8.975 0.000 0.000 0.000 0.000 14.357 54.357 0.000 0.000 0.000 0.000 0.000 0.000 26.310 41.309 39.309 39.309 39.308 47.308 0.000 0.000 0.000 0.000 31.305 42.305 48.304 0.000 0.000 0.000 0.000 0.000
0.000 0.000 0.000 0.000 67.177 93.111 99.054 97.954 98.217 96.292 104.119 96.123 97.887 92.454 81.386 56.265 0.000 0.000 0.000 0.000 50.871 71.742 58.616 47.496 47.384 49.281 60.186 75.103 66.033 50.979 58.943 60.919 34.891 0.000 19.178 79.142 66.112 55.083 49.046 45.015 41.998 42.988 36.984 0.986 0.000 0.000 0.000 0.000 33.357 5.356 0.000 0.000 0.000 0.000 0.000 6.309 43.308 39.308 39.308 39.308 41.307 25.307 0.000 0.000 0.000 12.304 39.304 42.304 0.000 0.000 0.000 0.000 0.000
0.000 0.000 0.000 70.478 67.358 73.276 88.185 99.355 96.414 104.356 104.240 97.056 92.742 81.594 60.487 0.000 0.000 32.549 0.000 3.134 76.000 58.870 47.745 48.627 47.518 50.417 64.327 73.247 74.181 58.128 54.086 65.046 38.982 0.000 0.000 10.127 23.112 5.097 0.000 15.003 45.997 52.991 53.988 39.988 0.000 0.000 0.000 0.000 0.000 0.000 0.000 0.000 0.000 0.000 0.000 7.308 43.308 42.308 45.308 40.307 37.307 46.306 0.000 0.000 0.000 19.304 53.304 58.304 0.000 0.000 0.000 0.000 0.000
0.000 0.000 9.698 71.598 68.501 69.421 79.395 95.557 104.576 104.467 96.337 93.102 80.771 54.695 0.000 0.000 49.602 48.549 30.441 14.268 64.125 47.993 48.868 47.751 48.643 63.544 69.456 33.379 24.316 76.265 62.227 40.196 1.103 0.000 0.000 0.000 0.000 0.000 0.000 11.998 63.995 57.992 54.990 50.989 5.989 0.000 0.000 0.000 0.000 0.000 0.000 0.000 0.000 0.000 0.000 31.307 40.307 15.307 0.000 15.306 40.306 44.306 0.000 0.000 0.000 21.304 57.304 26.304 0.000 0.000 0.000 0.000 0.000
0.000 84.882 72.799 69.713 67.636 68.514 69.756 73.818 104.681 95.580 91.341 80.930 54.886 0.000 0.000 0.000 53.655 51.603 71.506 55.373 48.239 49.108 47.983 50.866 70.758 67.660 48.573 44.499 49.438 77.391 74.360 38.345 0.000 0.000 0.000 0.000 0.000 0.000 0.000 11.996 70.994 70.992 65.990 56.989 1.989 0.000 0.000 0.000 0.000 0.000 0.000 0.000 0.000 0.000 4.306 43.307 45.307 0.000 0.000 0.305 43.305 44.305 0.000 0.000 0.000 0.000 28.303 0.000 0.000 0.000 0.000 0.000 0.000
1.077 82.964 96.901 88.830 73.732 74.889 66.935 104.879 104.782 74.464 79.140 55.037 0.000 0.000 0.000 0.000 55.761 68.704 66.605 48.481 48.349 48.217 59.091 70.972 59.863 48.765 48.678 48.605 49.545 58.502 76.477 72.478 33.529 0.000 0.000 0.000 0.000 0.000 0.000 0.000 56.992 58.991 70.990 71.989 27.989 0.000 0.000 0.000 0.000 0.000 0.000 0.000 0.000 0.000 35.306 45.306 22.306 0.000 0.000 4.305 44.305 42.305 0.000 0.000 0.000 0.000 0.000 0.000 0.000 0.000 0.000 0.000 0.000
19.164 96.085 99.013 98.943 93.915 84.069 105.069 104.974 66.616 61.401 0.000 0.000 0.000 0.000 0.000 0.000 66.923 71.845 47.731 49.597 49.458 61.321 70.191 52.069 48.958 48.858 48.771 48.697 48.637 48.593 57.567 77.562 70.581 44.610 35.622 39.625 8.626 0.000 0.000 0.000 0.000 36.990 76.989 76.989 37.989 0.000 0.000 0.000 0.000 0.000 0.000 0.000 0.000 0.000 24.306 23.306 0.000 0.000 0.000 0.000 24.305 51.305 0.000 0.000 0.000 0.000 0.000 0.000 0.000 0.000 0.000 0.000 0.000
89.269 99.196 99.131 99.016 103.257 94.314 105.161 66.701 69.381 64.110 0.000 0.000 0.000 0.000 0.000 60.334 72.165 49.023 49.874 49.719 57.565 70.418 48.282 49.156 49.042 48.940 48.850 48.774 48.713 48.667 48.637 52.622 53.621 48.628 49.631 56.627 38.627 0.000 0.000 0.000 0.000 0.000 31.989 67.988 30.988 0.000 0.000 0.000 0.000 0.000 0.000 0.000 0.000 0.000 0.000 0.000 0.000 0.000 0.000 0.000 0.000 3.305 0.000 0.000 0.000 0.000 0.000 0.000 0.000 0.000 0.000 0.000 0.000
95.370 95.307 99.217 100.377 97.422 105.339 105.250 71.339 55.744 0.980 3.980 0.979 0.000 0.000 0.000 77.504 54.377 50.209 50.025 51.840 72.666 52.506 49.362 49.232 49.114 49.008 48.915 48.837 48.774 48.726 48.691 47.668 46.655 49.649 31.646 0.000 0.000 0.000 0.000 0.000 0.000 0.000 0.000 60.988 48.988 15.987 0.000 0.000 0.000 0.000 0.000 0.000 0.000 0.000 0.000 0.000 0.000 0.000 0.000 0.000 0.000 0.000 0.000 0.000 0.000 0.000 0.000 0.000 0.000 0.000 0.000 0.000 0.000
74.483 74.416 78.393 74.548 105.513 105.426 82.876 64.027 54.877 0.000 0.000 0.979 0.000 0.000 0.000 52.799 48.632 48.412 47.175 59.951 52.751 46.577 47.427 47.296 47.175 47.063 47.965 48.884 48.821 48.772 47.734 45.704 47.680 47.666 44.660 34.661 37.660 39.658 38.657 40.656 11.656 0.000 0.000 0.000 57.987 29.987 0.000 0.000 0.000 0.000 0.000 0.000 0.000 0.000 0.000 0.000 0.000 0.000 0.000 0.000 0.000 0.000 0.000 0.000 0.000 0.000 0.000 0.000 0.000 0.000 0.000 0.000 0.000
89.598 111.485 76.730 106.787 105.597 65.458 56.038 0.000 70.137 28.435 0.000 0.000 0.000 0.000 96.664 75.263 45.939 53.632 64.314 63.036 58.812 56.624 56.475 56.348 55.228 49.105 44.997 48.915 48.854 48.806 47.769 47.734 51.697 51.676 52.666 62.662 62.660 58.658 51.657 50.656 29.655 0.000 0.000 0.000 16.987 22.987 0.000 0.000 0.000 0.000 0.000 0.000 0.000 0.000 0.000 0.000 0.000 0.000 0.000 0.000 0.000 0.000 0.000 0.000 0.000 0.000 0.000 0.000 0.000 0.000 0.000 0.000 0.000
137.679 116.275 114.319 105.755 105.678 93.551 0.000 37.077 65.077 138.735 114.271 0.723 44.140 33.603 95.066 54.647 52.231 123.862 114.414 110.066 109.837 108.632 107.501 106.393 105.285 76.131 43.003 48.926 48.872 48.832 48.800 40.767 0.000 0.000 0.000 0.000 0.000 0.000 15.656 67.655 46.655 17.654 0.000 0.000 0.000 0.000 0.000 0.000 0.000 0.000 0.000 0.000 0.000 0.000 0.000 0.000 0.000 0.000 0.000 0.000 0.000 0.000 0.000 0.000 0.000 0.000 0.000 0.000 0.000 0.000 0.000 0.000 0.000
95.849 115.434 105.897 105.827 90.087 0.000 0.000 0.000 8.362 60.156 47.883 0.000 25.601 0.000 54.350 51.030 60.477 116.169 0.000 1.923 0.000 52.567 61.504 122.438 35.387 0.000 52.958 48.913 48.876 49.849 31.832 0.000 0.000 0.000 0.000 0.000 0.000 0.000 0.000 20.654 67.654 23.653 0.000 0.000 0.000 0.000 0.000 0.000 0.000 0.000 0.000 0.000 0.000 0.000 0.000 0.000 0.000 0.000 0.000 0.000 0.000 0.000 0.000 0.000 0.000 0.000 0.000 0.000 0.000 0.000 0.000 0.000 0.000
116.606 114.659 105.962 114.580 116.427 36.715 0.000 15.852 42.852 52.643 29.223 6.142 47.061 92.550 90.953 83.646 0.000 35.169 0.000 13.740 35.653 63.565 108.511 71.467 36.438 0.000 0.000 54.892 48.872 49.856 30.847 0.000 0.000 0.000 0.000 0.000 0.000 0.000 0.000 0.000 14.653 53.653 18.652 0.000 0.000 0.000 0.000 0.000 0.000 0.000 0.000 0.000 0.000 0.000 0.000 0.000 0.000 0.000 0.000 0.000 0.000 0.000 0.000 0.000 0.000 0.000 0.000 0.000 0.000 0.000 0.000 0.000 0.000
114.741 106.080 106.023 95.087 37.852 0.000 0.000 0.000 4.552 31.342 0.000 0.000 39.953 83.635 137.266 72.956 0.000 0.000 0.000 0.000 0.000 77.531 112.508 42.482 39.460 0.000 0.000 0.000 53.863 47.857 45.853 43.854 31.854 0.000 0.000 0.000 0.000 0.000 0.000 0.000 9.652 67.652 25.652 0.000 0.000 0.000 0.000 0.000 0.000 0.000 0.000 0.000 0.000 0.000 0.000 0.000 0.000 0.000 0.000 0.000 0.000 0.000 0.000 0.000 0.000 0.000 0.000 0.000 0.000 0.000 0.000 0.000 0.000
