results2_8e3_rain/res_3e8f-0099.wd
ncols         241
nrows         181
xllcorner     12693529.787448
yllcorner     3542525.717860
cellsize      155.156523
NODATA_value  -9999.000000
[rows 132 to 164 of 181, columns 0 to 72 of 241]
93.750 98.749 102.749 102.748 104.747 104.745 98.744 89.742 75.739 64.736 63.733 64.729 63.725 62.721 67.715 81.709 92.702 97.694 97.685 94.674 86.661 77.646 68.627 62.603 67.572 69.536 68.495 69.449 67.409 62.373 76.338 99.305 66.277 0.000 0.000 0.000 5.907 57.899 69.892 66.866 68.844 74.827 92.820 78.818 62.818 61.820 61.824 73.830 94.836 35.842 8.848 3.863 0.000 0.000 0.000 0.000 0.000 0.000 0.000 0.000 0.000 0.000 0.000 0.000 25.624 5.545 9.466 50.364 73.217 77.115 77.005 87.089 114.552
71.754 73.754 76.753 82.752 92.751 98.750 103.748 103.746 96.743 82.741 71.737 65.733 69.729 76.724 89.719 104.713 103.706 100.697 100.688 103.677 103.664 99.649 87.630 75.608 67.582 62.552 63.518 62.483 63.451 71.422 93.395 101.373 13.360 0.000 0.000 0.000 15.915 43.923 61.955 70.948 71.929 68.907 69.902 79.899 74.895 67.891 71.887 79.883 92.880 33.877 19.870 25.879 5.888 0.000 0.000 0.000 0.000 0.000 0.000 0.000 0.000 0.000 0.000 0.000 7.703 0.000 57.490 79.409 75.287 84.257 75.318 114.678 103.435
63.759 63.759 63.758 65.757 70.756 74.755 81.753 90.751 98.748 101.745 95.742 93.738 95.734 98.729 97.723 90.717 81.710 79.702 79.692 84.682 90.669 97.655 100.638 99.618 88.595 78.570 73.543 71.516 80.490 96.467 97.448 83.434 16.428 0.000 0.000 0.000 0.000 0.000 45.056 72.042 51.017 38.969 53.982 68.980 83.972 87.961 89.949 90.935 86.924 13.915 0.893 28.894 25.897 13.900 19.901 13.901 0.000 0.000 0.000 0.000 0.000 0.000 41.930 11.877 77.782 99.715 132.566 88.536 83.586 64.540 100.603 105.114 105.019
64.764 64.764 64.763 64.763 63.761 62.760 64.758 69.756 75.753 85.751 95.747 97.743 90.739 80.734 74.728 66.722 62.715 62.707 62.698 64.688 69.676 75.663 82.648 94.630 99.611 101.590 100.568 96.547 99.527 92.509 74.495 66.488 45.490 3.514 0.000 0.000 0.000 0.000 38.171 71.147 14.129 0.000 47.078 72.068 91.053 99.034 85.011 87.986 73.965 31.951 0.000 55.908 24.905 16.902 27.901 27.901 0.000 0.000 0.000 0.000 0.000 29.038 47.982 120.920 149.840 132.719 116.271 115.214 106.882 105.520 105.393 105.259 70.482
64.770 64.769 64.769 64.768 64.767 64.766 64.764 63.762 63.759 66.756 72.753 71.749 67.744 63.739 63.734 63.728 64.722 64.714 64.706 64.696 63.685 62.673 64.660 70.645 77.628 86.611 94.593 90.576 79.561 67.547 63.537 68.531 76.531 52.538 30.540 30.523 16.485 17.420 53.309 74.247 24.223 6.231 66.184 98.159 100.137 79.111 82.077 81.032 68.998 57.974 8.949 36.924 10.914 0.000 11.901 0.000 1.563 0.000 0.000 0.000 0.000 10.096 73.040 78.956 74.941 76.098 74.070 105.859 105.752 105.640 72.835 75.612 77.481
64.775 64.775 64.775 64.774 64.773 64.772 64.770 64.768 64.765 64.762 63.759 63.755 63.751 64.746 64.740 64.735 64.729 64.722 64.714 64.706 64.696 64.685 64.673 63.660 62.646 63.632 67.618 65.605 64.592 68.582 71.574 70.568 68.566 70.565 70.560 67.543 67.513 71.466 46.398 32.310 21.285 39.286 84.269 98.249 78.225 71.195 70.153 50.069 46.022 8.998 0.000 0.000 0.000 1.854 0.000 0.000 5.563 20.536 35.488 5.419 19.333 82.181 89.165 87.234 85.217 86.296 106.058 105.961 87.087 93.877 86.729 92.500 84.340
64.781 64.781 64.781 64.780 64.779 64.778 64.776 64.774 64.772 64.769 64.766 64.762 64.757 64.752 64.747 64.742 64.737 64.731 64.724 63.716 70.707 72.698 64.688 63.677 62.665 63.654 65.642 68.632 71.622 70.614 65.608 66.603 73.600 76.597 72.590 66.578 63.558 72.532 3.506 0.000 6.322 79.358 88.357 75.342 67.319 87.292 33.270 0.000 0.000 0.000 0.854 0.854 0.854 1.854 0.000 0.000 30.589 72.558 101.509 62.442 95.323 103.477 100.436 99.524 106.331 106.244 106.153 99.175 101.051 100.748 99.608 98.538 16.453
64.788 64.788 64.787 64.787 64.786 64.785 64.783 64.781 64.779 64.777 67.773 67.769 65.765 69.758 67.754 64.750 64.745 64.740 63.734 61.727 72.720 80.712 66.703 63.694 65.684 68.675 70.666 69.658 66.650 68.644 73.640 75.636 76.634 76.631 71.627 65.620 74.610 93.598 12.589 0.000 0.000 53.468 76.460 73.443 77.416 97.385 31.365 0.000 0.853 0.853 0.853 0.854 0.854 2.854 0.000 28.702 80.650 96.596 99.524 104.520 101.682 98.670 106.569 106.494 106.415 98.490 99.274 100.146 99.826 99.797 92.728 69.634 0.000
64.794 64.794 64.794 64.793 64.792 64.791 64.790 64.789 64.787 65.785 72.782 72.778 49.773 17.764 38.759 68.758 62.755 65.751 71.745 74.740 74.733 70.726 66.719 67.711 70.703 69.696 68.689 70.682 74.677 74.673 76.671 75.669 66.668 61.668 63.667 76.665 95.663 105.662 27.663 0.000 0.000 28.585 84.573 86.552 93.518 92.468 28.439 0.000 0.853 0.000 0.000 0.854 0.000 6.854 32.822 76.763 98.679 101.692 100.779 100.779 99.870 106.713 106.642 98.699 99.499 100.360 100.146 100.000 99.956 91.889 83.847 0.000 0.000
64.801 64.801 64.801 64.800 64.800 64.799 64.798 64.797 64.795 66.793 75.791 86.788 62.785 0.000 5.763 53.767 79.765 71.762 69.758 69.752 67.747 66.741 68.735 70.728 68.722 64.716 66.711 78.706 80.703 70.701 64.701 61.701 61.702 66.704 80.707 96.710 93.715 77.723 49.738 17.773 11.769 55.714 84.693 66.675 57.637 49.530 14.485 0.000 0.000 19.855 10.855 0.855 0.000 25.888 76.855 98.766 100.958 99.948 100.055 106.913 106.849 106.782 98.763 100.646 100.358 100.232 100.176 100.103 94.026 80.962 70.925 0.000 0.000
64.808 64.808 64.808 64.807 64.807 64.806 64.806 64.805 64.803 66.802 76.800 63.798 19.795 1.802 0.000 21.781 75.778 67.775 69.770 68.766 66.761 69.756 70.751 67.745 64.740 60.736 70.732 84.729 71.728 61.728 62.729 67.732 77.736 88.741 99.747 92.754 70.764 65.776 84.793 91.813 92.819 96.810 71.812 32.818 4.824 0.000 0.000 0.000 0.000 32.855 19.855 0.042 31.000 76.931 98.946 101.131 100.146 107.089 107.033 106.975 99.034 99.832 100.720 100.418 100.403 100.342 100.266 101.174 89.093 60.007 48.966 6.966 0.966
63.816 63.815 64.815 64.814 64.814 64.814 64.814 64.813 64.812 67.811 77.810 48.810 0.000 7.809 45.807 47.797 64.792 66.788 54.784 36.780 74.775 69.771 65.767 64.762 62.758 64.755 80.752 83.751 65.751 68.753 80.757 89.762 98.768 96.776 84.785 70.796 63.810 79.826 83.845 71.866 52.884 50.895 38.925 18.962 8.017 2.171 0.386 20.457 15.459 0.000 0.000 25.085 77.101 100.199 101.215 99.323 107.195 107.143 99.201 100.011 100.888 100.694 100.572 100.547 100.494 100.442 103.372 67.237 47.165 0.000 0.000 0.000 0.000
72.823 70.823 67.822 65.821 62.822 62.822 62.822 62.822 61.821 66.821 78.820 61.820 42.823 50.818 68.814 64.809 61.805 67.801 62.797 49.794 69.790 63.786 62.783 62.779 64.776 78.773 86.771 52.771 44.772 94.777 99.783 94.791 83.799 73.810 65.822 61.836 72.853 84.873 52.896 27.923 10.954 1.991 19.032 18.088 8.167 9.285 12.404 40.461 24.460 0.000 0.000 57.336 99.362 98.481 107.344 107.296 107.247 99.240 101.132 100.857 100.748 100.717 102.673 97.622 99.591 100.563 111.541 0.000 0.000 0.000 0.000 0.000 0.000
73.831 75.830 81.828 82.828 82.829 79.830 80.830 79.830 78.830 78.830 80.829 63.829 67.829 66.827 63.824 66.820 66.817 65.814 70.811 72.808 66.805 60.802 62.799 64.796 78.793 83.790 72.788 66.788 75.792 98.798 81.808 72.818 64.829 62.842 64.856 63.873 77.893 86.916 50.944 26.977 15.017 17.067 20.122 12.192 13.277 19.376 21.468 14.523 0.000 0.000 35.571 77.580 107.474 107.433 107.390 99.478 100.282 101.179 100.887 100.883 101.840 101.794 74.749 52.685 87.684 101.678 106.687 46.746 0.000 0.000 0.000 0.000 0.000
66.841 60.839 13.833 15.833 24.837 71.839 68.839 68.839 68.839 72.839 81.839 62.838 63.837 62.836 65.834 69.831 70.829 68.826 67.824 70.822 71.819 68.817 62.815 79.812 85.810 76.806 82.804 99.803 96.807 78.817 66.831 62.845 64.858 64.872 63.887 68.906 84.929 86.955 78.986 82.024 53.070 15.127 7.197 6.281 18.374 25.473 15.567 12.643 4.669 30.784 78.759 107.550 107.513 99.623 100.431 101.316 101.128 101.014 100.998 101.950 99.908 93.867 18.846 0.000 69.782 104.778 101.785 100.805 0.000 0.000 0.000 0.000 0.000
64.852 56.852 0.000 0.000 6.848 67.848 63.849 63.849 63.849 67.848 81.848 59.847 63.847 67.846 69.844 70.842 67.841 64.839 62.837 64.836 74.834 87.833 82.831 83.829 60.827 54.823 106.816 92.814 59.818 19.830 39.857 67.872 64.885 64.900 66.916 59.936 43.962 33.990 46.023 86.062 62.110 15.175 10.259 5.361 14.465 19.575 13.688 18.784 18.872 56.938 107.605 98.815 102.553 101.456 101.269 101.159 101.134 101.098 102.056 102.018 66.978 42.922 28.921 31.927 82.883 103.868 99.869 90.884 8.919 0.000 0.000 0.000 0.000
64.863 64.865 47.870 0.000 7.858 68.858 64.858 64.858 63.858 64.858 79.857 66.857 69.856 71.856 70.855 65.854 62.853 63.851 63.850 62.850 72.849 95.848 91.848 78.847 71.845 62.841 38.825 27.819 14.818 0.000 20.893 69.901 64.912 66.926 49.942 23.960 8.991 6.020 48.053 65.090 34.135 6.204 9.301 14.440 21.551 17.674 11.824 4.977 8.313 56.190 107.676 101.704 101.463 101.285 101.269 101.233 101.192 101.154 99.119 90.087 23.064 0.000 39.988 98.978 103.955 101.942 95.938 85.943 3.954 0.000 0.000 0.000 0.000
61.872 63.873 60.875 0.000 3.868 68.868 63.868 61.868 63.868 67.867 71.867 70.867 70.866 68.866 62.866 63.865 63.864 64.864 64.864 69.863 87.864 86.864 79.865 88.866 86.867 57.869 0.000 0.000 0.000 0.000 18.921 69.927 64.937 67.950 38.964 0.992 35.023 61.047 81.078 50.110 2.137 0.000 0.000 3.548 13.624 13.748 13.925 8.286 5.378 107.873 107.776 100.611 101.456 101.357 101.323 101.284 101.247 103.211 88.177 71.148 31.126 7.115 55.066 85.040 94.019 103.005 91.998 80.997 2.999 0.000 0.000 0.000 0.000
68.881 66.882 55.883 0.000 54.879 62.878 64.878 68.878 69.877 70.877 68.877 69.876 67.876 63.876 63.876 64.876 64.876 63.876 65.877 88.877 87.878 69.879 82.881 80.884 84.889 82.899 45.921 1.935 10.943 40.947 45.944 65.948 64.958 64.972 59.991 52.018 69.042 68.069 62.101 84.135 32.167 0.000 0.000 7.579 12.650 10.763 11.907 36.118 60.557 107.962 102.944 102.687 102.427 101.413 101.373 101.336 102.300 100.265 55.232 32.203 44.177 45.153 99.122 101.097 81.077 91.062 86.053 59.048 24.047 0.000 0.000 0.000 0.000
69.889 70.890 67.891 55.893 69.889 69.888 69.888 70.887 70.887 71.887 83.886 65.886 63.887 63.887 64.887 64.888 64.888 65.889 79.889 90.890 65.892 69.894 96.897 88.901 76.907 79.916 82.929 66.940 71.948 86.954 79.958 67.965 60.976 60.990 72.009 88.032 75.057 47.086 19.121 74.164 63.227 12.332 15.433 20.540 16.635 7.748 9.838 51.136 103.387 108.044 99.924 102.573 103.501 101.462 101.424 101.387 94.351 84.316 41.284 12.253 21.225 22.199 83.172 125.148 106.128 82.113 74.103 53.096 62.093 15.093 0.000 1.269 5.269
74.896 74.897 70.898 70.899 70.898 71.898 71.897 67.897 64.897 63.897 26.896 16.894 67.897 64.898 64.898 64.899 63.900 66.901 90.902 76.903 61.905 67.908 84.911 101.916 96.922 93.930 91.939 87.948 83.956 82.963 90.970 87.978 81.990 78.004 81.022 85.044 47.069 11.098 10.131 26.175 22.246 7.335 16.426 26.512 22.604 13.725 6.885 50.130 108.195 108.121 102.819 104.660 101.547 101.513 102.474 98.437 82.401 75.366 81.333 87.302 71.273 93.245 108.219 125.196 134.176 118.160 80.148 85.141 60.137 0.000 0.000 0.000 0.000
13.903 14.905 74.905 69.906 69.907 64.907 61.907 63.907 58.907 11.907 11.907 0.908 68.908 64.909 64.909 64.910 64.911 82.912 89.914 62.916 64.918 64.921 67.925 73.929 75.935 75.942 71.949 74.957 90.964 83.972 74.979 77.989 85.000 89.015 92.032 89.052 64.076 29.104 12.133 11.157 0.000 0.365 11.426 20.477 4.540 0.000 20.063 80.302 108.267 100.168 103.888 103.623 101.606 101.562 102.523 97.485 84.449 50.414 57.380 100.348 111.318 143.290 134.264 106.240 94.219 111.202 90.189 84.181 59.177 0.000 0.000 0.000 0.000
0.915 9.914 23.911 78.914 63.915 61.916 63.916 63.916 64.917 11.917 2.918 57.921 65.920 64.920 64.920 64.921 66.922 90.924 75.926 61.928 64.930 64.933 64.937 63.942 63.947 63.953 62.959 69.966 98.973 77.980 8.987 16.996 29.009 80.022 90.038 74.057 79.081 66.110 18.140 15.163 0.262 5.338 18.380 10.428 0.000 0.000 38.213 108.405 108.336 103.051 104.787 100.693 101.652 101.611 101.571 101.533 88.496 51.460 66.426 103.393 99.362 133.333 128.305 97.280 102.259 88.240 69.226 87.217 65.214 0.000 0.000 0.000 0.000
62.929 58.927 0.000 70.925 80.925 81.925 62.925 74.926 81.926 57.927 55.928 65.929 64.930 64.930 64.931 64.932 83.934 87.935 62.937 64.939 63.942 62.945 64.949 64.953 64.958 64.963 63.969 71.975 100.982 81.988 27.994 1.005 52.017 77.028 90.041 69.057 59.080 18.114 11.154 14.190 12.243 20.297 24.327 0.000 0.000 17.151 79.386 108.471 100.314 104.029 103.769 101.745 101.700 101.658 101.618 102.579 93.541 82.505 105.470 130.436 118.404 135.374 132.345 126.318 133.294 99.274 76.259 86.249 94.246 23.256 0.000 0.000 0.000
64.936 63.936 58.939 64.935 63.934 11.934 85.935 77.935 64.936 65.937 65.938 64.939 64.940 64.941 64.942 67.943 90.944 73.946 63.948 64.950 70.953 78.957 64.960 62.964 64.969 63.974 66.979 90.984 98.990 73.996 62.003 50.013 72.021 71.030 32.040 17.052 14.066 0.000 3.170 3.201 4.242 5.281 7.304 0.000 20.259 77.381 99.525 108.535 101.275 101.914 101.834 101.789 101.746 101.703 101.663 102.623 93.585 76.548 72.513 105.478 95.445 109.413 112.382 100.353 102.327 74.304 51.285 65.272 132.266 85.267 20.269 10.270 32.270
64.944 64.944 64.944 64.944 64.943 58.943 74.944 90.944 66.945 63.946 64.947 64.948 64.949 64.951 63.952 86.954 88.955 62.957 64.959 65.961 62.964 24.968 83.971 78.975 65.979 63.983 81.988 100.993 84.998 65.004 65.010 66.017 69.023 73.030 10.039 11.045 0.000 0.148 15.156 0.000 0.000 0.000 0.000 0.000 43.403 100.538 108.658 108.598 101.162 101.992 101.873 101.834 101.790 101.748 101.707 100.667 85.628 87.591 107.554 126.519 125.484 130.451 135.418 122.386 120.356 107.328 56.305 54.289 130.279 94.275 32.272 25.271 90.270
64.951 64.951 64.951 64.951 64.952 64.952 64.952 75.953 90.954 66.955 63.957 64.958 64.959 62.961 70.962 91.964 71.966 63.967 65.969 63.971 5.975 2.978 71.982 72.985 78.989 77.993 85.997 85.002 66.006 64.011 66.016 69.021 74.025 74.029 0.000 0.000 0.000 2.140 26.143 13.139 14.137 13.137 0.000 4.671 51.732 105.772 108.717 100.508 102.214 101.947 101.924 101.876 101.833 101.790 101.749 101.709 87.670 83.632 104.595 105.558 105.522 108.487 108.453 107.418 112.383 85.348 61.319 76.300 91.288 30.282 0.000 0.000 34.270
64.959 66.958 66.958 64.959 64.960 64.960 64.961 64.962 75.963 90.964 66.966 61.967 61.969 78.971 90.973 84.974 61.976 64.978 60.979 6.978 3.985 57.989 64.993 64.996 70.999 88.003 88.006 81.010 74.014 66.018 53.022 23.026 88.029 68.031 0.000 0.000 0.000 1.134 15.136 8.136 22.136 11.136 0.000 4.903 24.954 108.833 108.775 101.376 102.105 102.008 101.963 101.918 101.874 101.832 101.791 102.751 97.711 87.673 82.635 81.597 81.560 81.524 81.487 85.451 59.411 3.360 29.323 85.303 81.290 42.283 4.279 0.000 33.270
65.966 2.966 3.963 64.967 63.968 62.969 62.970 61.971 61.972 74.973 89.975 82.977 89.979 91.981 78.983 62.985 69.987 69.989 57.991 0.000 5.999 69.001 65.004 67.006 91.009 98.012 76.015 67.018 74.021 81.025 69.028 5.031 48.034 66.035 0.000 0.000 0.000 2.126 8.130 5.134 19.135 0.000 0.000 5.113 10.473 108.889 106.634 102.339 102.078 102.051 102.003 101.958 101.915 101.873 101.831 101.791 102.752 101.713 99.674 98.635 98.597 99.560 101.523 75.486 17.448 0.000 14.310 70.298 101.288 92.280 65.276 41.272 58.270
64.975 63.975 0.000 63.976 74.977 78.977 82.978 87.979 90.981 91.982 91.984 91.986 77.989 64.991 80.993 97.996 98.998 99.001 92.005 70.012 5.011 66.012 64.014 73.016 101.019 88.021 65.024 64.026 66.029 69.032 60.034 5.037 25.039 25.041 0.000 0.000 0.000 8.119 3.124 0.000 2.135 0.000 13.050 14.423 5.677 108.942 110.583 106.216 102.134 102.087 102.041 101.997 101.954 101.912 101.871 101.831 101.792 101.752 101.713 101.673 102.633 105.595 77.559 10.522 0.000 0.000 0.000 15.290 71.282 102.276 93.271 69.269 46.270
64.983 66.984 62.987 64.986 79.985 78.986 74.987 70.988 69.989 65.991 86.993 76.996 87.998 79.001 95.003 91.006 84.009 85.012 96.015 102.019 91.021 92.023 84.025 92.027 100.029 73.030 64.032 65.034 65.036 64.039 64.041 66.043 61.045 10.049 70.056 61.062 0.084 2.105 0.000 0.000 0.000 3.817 81.924 79.144 109.038 108.992 104.461 105.284 102.164 102.124 102.078 102.035 101.992 101.951 101.910 101.870 101.831 101.792 101.753 103.712 108.667 77.629 17.594 0.000 0.000 0.000 0.000 0.000 12.275 63.269 98.265 48.263 0.000
66.991 2.990 61.993 64.993 64.993 64.994 63.995 64.996 66.997 65.000 77.002 72.005 81.008 92.010 80.013 65.016 66.019 67.022 68.026 73.029 86.031 96.033 102.035 100.037 89.038 65.040 65.041 65.043 65.044 65.045 66.047 89.049 62.051 2.054 66.059 16.067 10.079 3.092 0.000 0.000 0.000 13.741 101.951 104.147 109.082 102.800 102.498 102.230 102.207 102.158 102.114 102.071 102.029 101.988 101.948 101.909 101.871 101.833 103.795 88.753 42.694 9.662 0.000 0.000 0.000 0.000 0.000 0.000 0.000 34.258 96.257 48.256 0.000
67.999 1.000 62.000 65.001 65.001 65.002 65.003 66.003 4.003 64.008 68.012 79.014 79.017 87.020 92.023 78.026 63.029 63.033 63.036 65.039 67.042 68.044 69.046 69.047 68.048 67.049 63.050 63.051 64.052 65.052 76.053 90.054 61.055 55.056 57.058 0.000 0.000 3.092 0.000 0.000 0.000 17.766 100.876 109.166 109.124 101.655 102.380 102.282 102.237 102.192 102.148 102.106 102.065 102.025 101.986 101.947 101.910 101.873 106.839 62.812 0.000 0.000 0.000 0.000 0.000 0.000 0.000 0.000 0.000 37.249 97.249 56.248 0.000
