results2_8e3_rain/res_3e8f-0071.wd
ncols         241
nrows         181
xllcorner     12693529.787448
yllcorner     3542525.717860
cellsize      155.156523
NODATA_value  -9999.000000
[rows 96 to 127 of 181, columns 0 to 73 of 241]
0.000 0.000 64.900 22.900 0.901 0.000 0.000 62.900 66.899 66.899 62.898 62.897 64.897 0.000 0.000 0.000 0.000 0.000 0.000 0.000 0.000 22.879 22.879 47.879 109.879 83.878 11.878 12.878 20.878 0.000 0.000 126.657 0.000 62.645 86.649 91.650 0.000 0.000 36.503 6.482 61.451 95.416 82.375 59.331 97.283 82.231 54.177 71.121 120.062 47.002 54.941 55.879 55.815 55.750 55.686 55.621 55.558 55.496 55.434 56.370 62.281 30.236 0.000 0.000 0.000 1.305 31.292 19.267 21.144 50.064 55.025 53.999 53.980 53.964
0.000 0.000 44.900 66.901 69.901 10.901 2.901 61.900 58.900 57.899 56.898 57.898 56.897 0.000 0.000 0.000 0.000 0.000 0.000 0.000 0.000 7.879 8.879 96.880 98.880 79.879 2.878 7.878 1.878 0.000 0.000 142.658 131.658 137.659 142.674 145.676 122.672 63.642 81.581 58.543 60.508 95.471 94.431 115.387 140.340 130.289 105.236 64.180 123.121 47.061 54.999 55.935 55.871 55.805 55.739 55.673 55.611 55.552 57.499 40.458 0.000 0.000 0.000 0.000 17.175 60.194 29.213 0.000 32.101 71.067 52.037 54.013 53.994 53.979
0.000 0.000 0.000 39.901 52.901 64.902 77.902 90.901 28.900 8.900 0.000 0.000 0.000 0.000 0.000 0.000 0.000 0.000 61.897 0.000 0.000 0.000 0.000 58.882 60.881 45.880 0.000 0.000 0.000 0.000 0.000 57.658 50.658 0.000 64.712 54.708 54.697 58.673 109.637 56.602 60.567 91.531 92.491 68.448 58.401 59.350 83.297 133.241 109.182 50.121 54.058 54.994 55.928 55.861 55.792 54.723 54.660 55.603 58.552 35.505 0.000 0.000 0.000 0.000 25.156 77.159 51.153 39.116 59.092 78.066 56.043 54.022 54.005 53.990
0.000 0.000 0.000 0.000 0.000 56.903 96.903 98.902 89.901 84.900 0.000 0.000 0.000 0.000 0.000 0.000 0.000 64.897 61.897 0.000 0.000 0.000 0.886 59.884 58.884 0.000 0.000 0.000 0.000 5.904 0.000 0.000 0.000 0.000 11.753 57.748 53.736 52.717 53.690 54.661 67.628 56.593 60.554 52.511 54.465 52.415 53.361 58.304 59.245 57.183 61.119 54.053 53.986 55.917 58.845 72.768 73.702 58.648 44.600 0.000 0.000 0.000 0.000 0.000 22.135 77.133 74.124 61.104 36.084 31.064 75.045 52.027 54.012 54.000
0.000 0.000 0.000 0.000 0.000 57.904 97.904 97.904 0.000 0.000 0.000 0.000 0.000 0.000 0.000 0.000 9.897 75.897 64.897 2.896 0.000 0.000 62.888 61.886 65.886 0.000 0.000 0.000 0.000 63.904 55.904 0.000 0.000 0.000 70.800 80.793 66.783 59.768 53.747 55.722 74.693 59.659 65.621 65.579 56.533 71.483 63.429 64.371 54.310 62.247 62.182 60.115 54.047 54.977 58.904 55.801 17.731 7.689 0.000 0.000 0.000 0.000 0.000 25.111 62.116 74.113 81.105 71.092 47.077 48.061 62.045 53.031 54.018 54.006
2.911 0.000 0.000 0.000 0.000 44.906 93.906 102.906 12.907 0.000 0.000 0.000 0.000 0.000 0.000 0.000 0.000 82.898 63.897 64.896 66.895 63.893 60.890 61.888 59.887 0.000 0.000 0.000 0.000 56.904 56.904 57.902 56.895 56.880 55.853 65.843 74.836 21.825 85.809 75.788 80.761 65.730 10.693 81.651 79.605 78.554 82.500 71.441 54.379 57.314 62.246 62.178 59.108 55.040 43.994 0.000 0.000 0.000 0.000 0.000 0.000 0.000 0.000 35.107 62.103 62.099 73.092 72.082 55.070 55.058 54.045 54.033 54.022 54.012
70.911 73.911 5.911 0.000 0.000 54.907 93.907 98.907 108.908 13.908 0.000 0.000 0.000 0.000 4.901 4.901 2.900 19.899 67.898 64.897 82.895 96.893 71.891 56.890 0.000 0.000 0.000 0.000 0.000 0.000 55.906 56.909 56.902 56.894 56.887 55.891 55.891 54.886 55.875 60.858 72.835 66.805 9.769 81.728 82.682 60.630 67.575 84.514 78.450 65.382 55.313 61.242 62.168 65.082 50.038 0.000 0.000 0.000 0.000 0.000 0.000 0.000 0.000 0.000 13.091 59.088 56.082 56.074 54.065 54.054 54.044 54.034 54.025 53.016
84.911 67.911 67.911 69.911 71.910 90.909 98.908 98.908 98.908 100.909 74.909 13.909 0.000 62.902 69.902 70.901 32.901 27.900 90.899 98.898 93.896 89.894 72.893 0.000 0.000 0.000 0.000 0.000 0.000 0.000 0.000 56.924 55.910 54.905 55.912 56.943 56.953 56.954 56.948 57.936 76.915 71.887 54.852 56.810 67.763 78.711 55.654 67.592 68.524 61.452 81.380 64.310 56.239 0.000 0.000 0.000 0.000 0.000 0.000 0.000 0.000 0.000 0.000 0.000 5.082 59.079 54.074 54.068 54.060 54.051 54.043 52.034 50.027 52.019
99.912 89.912 70.912 74.911 92.911 98.910 98.910 98.909 98.909 93.909 65.909 71.909 0.000 53.902 88.902 96.902 96.902 80.901 95.900 102.899 12.898 0.000 0.000 0.000 0.000 0.000 0.000 0.000 0.000 0.000 0.000 56.953 0.000 0.000 0.000 58.016 57.023 57.028 57.029 58.021 74.004 78.976 55.940 56.897 56.849 74.796 75.739 53.676 61.604 80.520 72.448 50.379 0.000 0.000 0.000 0.000 0.000 0.000 0.000 0.000 0.000 0.000 0.000 0.000 2.075 59.073 54.069 54.063 54.056 53.049 52.042 57.035 58.028 59.022
99.912 99.912 94.912 97.912 98.911 98.911 98.911 98.910 98.910 94.910 69.910 86.910 0.000 0.000 66.904 90.903 98.903 99.902 98.901 103.901 6.900 0.000 0.000 0.000 0.000 0.000 0.000 0.000 0.000 0.000 0.000 56.982 0.000 0.000 59.091 57.084 57.093 57.107 57.117 57.117 74.102 79.074 56.036 56.990 56.940 57.886 78.830 72.769 79.696 69.576 50.512 0.000 0.000 0.000 0.000 0.000 0.000 0.000 0.000 0.000 0.000 0.000 0.000 0.000 57.071 54.069 54.065 54.059 54.052 53.046 55.040 59.035 60.029 60.025
97.913 98.913 98.913 98.913 98.912 98.912 98.912 98.911 98.911 99.911 94.910 101.910 25.909 4.908 54.906 73.905 96.904 98.903 99.903 87.902 1.901 0.000 0.000 0.000 0.000 0.000 0.000 0.000 0.000 0.000 0.000 51.011 56.040 56.069 55.098 57.135 57.160 57.189 57.217 57.226 74.214 79.183 56.139 57.088 57.033 56.979 61.925 84.875 64.835 0.000 0.000 0.000 0.000 0.000 0.000 0.000 0.000 0.000 0.000 0.000 0.000 0.000 0.000 0.000 10.069 61.067 57.063 58.057 56.048 52.043 59.038 60.034 58.030 58.027
94.914 99.914 98.914 98.914 98.913 98.913 98.913 98.913 98.912 98.912 99.911 92.911 76.910 67.909 61.907 88.906 98.906 98.905 103.904 6.904 0.000 0.000 0.000 0.000 0.000 0.000 0.000 0.000 0.000 0.000 0.000 0.000 0.000 0.000 0.000 57.197 57.224 57.273 57.335 57.357 73.344 80.305 57.250 57.189 57.128 57.070 57.018 62.971 15.934 0.000 0.000 0.000 0.000 0.000 0.000 0.000 0.000 0.000 0.000 0.000 0.000 0.000 0.000 0.000 0.000 0.000 0.000 0.000 2.041 61.039 59.036 60.034 57.031 52.029
94.915 99.915 98.915 98.915 98.915 98.914 98.914 98.914 98.913 98.913 99.912 84.911 63.911 62.910 71.909 95.908 98.907 98.906 104.906 9.906 0.905 0.000 0.000 0.000 0.000 0.000 0.000 0.000 0.000 0.000 0.000 0.000 0.000 0.000 0.000 53.232 57.266 54.344 57.492 57.524 76.499 80.442 57.367 57.289 57.218 57.157 57.105 54.058 3.996 0.000 0.000 0.000 0.000 0.000 0.000 0.000 0.000 0.000 0.000 0.000 0.000 53.020 0.000 0.000 0.000 0.000 0.000 0.000 57.036 58.036 60.034 60.033 57.032 53.031
97.916 98.916 98.916 98.916 98.916 98.916 98.916 98.915 98.915 98.914 98.913 95.913 72.912 73.911 90.910 97.909 98.908 98.908 105.907 22.907 0.000 0.000 0.000 0.000 0.000 0.000 0.000 0.000 0.000 0.000 0.000 0.000 0.000 0.000 0.000 0.000 53.266 0.000 56.766 57.747 85.689 72.597 57.487 57.384 57.299 70.234 60.187 55.159 0.000 0.000 0.000 0.000 0.000 0.000 0.000 0.000 0.000 0.000 0.000 0.000 5.020 64.020 49.020 0.000 0.000 0.000 0.000 58.031 61.032 60.033 57.033 53.032 53.032 51.033
98.918 98.918 98.918 98.918 98.918 98.917 98.917 98.917 98.916 98.916 98.915 98.914 100.913 100.912 99.911 98.910 98.910 100.909 89.909 32.908 0.000 0.000 0.000 0.000 0.000 0.000 0.000 0.000 0.000 0.000 0.000 0.000 0.000 0.000 0.000 0.000 0.000 0.000 57.060 58.009 91.911 60.770 57.601 57.460 69.361 78.293 57.250 57.232 56.250 0.000 0.000 0.000 0.000 0.000 0.000 0.000 0.000 0.000 0.000 0.000 0.000 60.020 61.021 48.021 0.000 54.026 56.027 60.029 59.030 57.031 56.031 52.031 60.032 63.033
97.919 96.919 98.919 98.919 98.919 98.919 98.919 98.919 98.918 98.917 98.917 98.915 98.914 98.913 98.912 98.911 99.911 82.910 10.910 1.910 59.910 73.910 19.910 0.000 0.000 0.909 0.000 0.000 0.000 0.000 0.000 0.000 0.000 0.000 0.000 0.000 0.000 0.000 53.404 64.317 87.179 57.970 54.688 57.494 57.390 57.327 57.289 57.270 57.268 54.268 0.000 0.000 0.000 0.000 0.000 0.000 0.000 0.000 0.000 0.000 0.000 55.020 51.021 57.021 52.023 60.025 60.026 59.027 55.029 58.030 53.030 52.030 52.031 45.032
87.921 87.921 96.921 98.921 98.921 98.921 98.921 98.921 98.920 98.919 98.918 99.917 100.916 98.914 98.913 98.913 98.912 20.911 4.911 59.911 69.910 79.910 78.910 71.909 63.909 4.909 0.000 0.000 0.000 0.000 0.000 0.000 0.000 0.000 0.000 58.341 61.277 61.128 57.836 56.676 65.516 53.243 0.000 53.437 57.380 57.337 57.307 57.291 56.285 0.000 0.000 0.000 0.000 0.000 0.000 0.000 57.018 68.018 0.000 0.000 56.020 54.020 54.021 51.021 59.023 60.024 60.025 57.027 60.028 60.028 58.029 53.029 42.030 0.000
69.922 74.923 93.923 99.923 98.923 98.923 98.923 98.923 98.922 98.922 100.921 86.919 82.917 97.916 102.914 99.914 94.913 76.913 79.912 85.912 79.911 80.910 59.910 52.910 0.000 0.000 0.000 0.000 0.000 0.000 0.000 0.000 0.000 0.000 49.405 55.405 58.362 58.270 58.136 58.035 59.967 0.000 0.000 0.000 52.356 57.332 57.314 57.302 57.296 0.000 0.000 0.000 0.000 0.000 0.000 17.018 74.018 56.018 54.018 54.019 54.019 54.020 52.020 57.021 60.022 60.023 56.025 60.026 60.027 59.028 53.028 54.029 44.029 0.000
53.924 68.924 87.925 100.926 101.926 101.926 99.926 98.925 99.925 98.924 99.924 37.922 8.919 56.916 74.915 95.914 102.914 100.914 100.914 86.912 9.912 0.000 0.000 0.000 0.000 0.000 0.000 0.000 0.000 4.430 6.430 0.000 0.000 0.000 0.000 54.512 58.496 56.456 57.401 59.362 60.351 0.000 0.000 0.000 0.000 50.323 57.313 57.306 54.301 0.000 0.000 0.000 0.000 0.000 0.000 0.000 16.018 70.018 53.018 53.019 54.019 53.020 53.020 59.021 60.022 58.023 46.024 0.000 64.027 58.027 58.028 58.028 44.028 0.000
17.924 39.925 72.928 78.929 72.929 74.928 91.928 99.928 95.928 88.928 87.927 22.927 0.000 0.000 0.000 32.915 67.915 93.916 100.917 0.000 0.000 0.000 0.000 0.000 0.000 0.000 0.000 0.000 0.000 46.430 67.430 12.430 0.000 0.000 0.000 54.634 60.656 59.657 68.651 69.662 59.723 4.904 0.000 0.000 0.000 0.000 54.311 55.308 0.000 0.000 0.000 0.000 0.000 0.000 0.000 0.000 0.000 75.018 78.018 58.019 52.019 50.019 60.020 60.020 55.021 0.000 0.000 0.000 5.027 63.027 60.027 60.028 50.028 0.000
0.000 0.000 53.932 62.932 14.932 0.932 63.931 92.931 83.931 79.931 93.931 60.932 20.934 0.000 0.000 0.000 0.000 38.919 69.922 0.000 0.000 0.000 0.000 0.000 0.000 0.000 0.000 0.000 0.000 0.000 51.431 69.431 0.430 0.000 0.000 45.735 59.835 57.866 87.883 80.913 58.975 61.084 7.204 0.000 0.000 0.000 49.310 0.000 0.000 0.000 0.000 0.000 0.000 0.000 0.000 0.000 0.000 0.000 63.018 80.019 65.019 59.019 60.019 55.020 0.000 0.000 0.000 0.000 0.000 55.027 60.027 60.027 55.027 0.000
0.000 0.000 49.937 94.936 51.936 0.935 52.935 84.935 86.934 97.934 99.934 102.935 108.936 47.937 16.938 0.000 0.000 0.000 9.929 4.931 0.000 0.000 0.000 0.000 0.000 0.000 0.000 0.000 0.000 0.000 52.431 67.431 0.000 4.434 8.435 0.000 53.085 61.089 91.101 73.130 61.182 60.255 65.323 0.000 0.000 0.000 0.000 0.000 0.000 0.000 0.000 0.000 0.000 0.000 0.000 0.000 0.000 0.000 0.000 1.019 68.019 58.019 56.019 0.000 0.000 0.000 0.000 0.000 54.026 53.027 55.027 49.027 0.000 0.000
22.945 37.944 71.941 89.940 97.940 66.940 79.938 102.938 99.937 98.937 98.937 98.937 98.938 104.938 107.938 63.938 22.938 4.936 67.934 81.934 74.935 76.935 32.935 8.935 5.935 0.000 0.000 0.000 0.000 0.000 31.431 53.432 59.433 59.434 62.435 21.437 54.333 83.302 85.303 62.325 60.368 60.429 63.511 8.645 3.704 0.000 0.000 0.000 0.000 0.000 0.000 0.000 0.000 0.000 0.000 0.000 0.000 0.000 0.000 0.000 0.000 0.000 2.019 0.000 0.000 0.000 0.000 56.026 51.026 49.026 0.000 0.000 0.000 0.000
95.947 98.946 98.945 96.944 94.943 95.942 97.942 97.941 98.941 99.940 99.940 98.940 91.940 95.940 98.940 102.939 106.938 107.937 99.936 95.935 92.935 87.935 89.935 82.935 38.934 16.934 0.000 0.000 0.000 0.000 0.000 0.000 0.000 0.000 0.000 78.542 67.506 96.485 87.483 74.500 61.534 60.584 60.647 64.720 60.762 0.000 0.000 0.000 0.000 0.000 0.000 0.000 0.000 0.000 0.000 0.000 0.000 0.000 0.000 0.000 0.000 0.000 0.000 0.000 0.000 0.000 0.000 0.000 0.000 0.000 0.000 0.000 0.000 0.000
98.949 93.948 91.948 90.947 84.946 81.945 82.945 82.944 88.944 93.943 93.943 86.942 70.942 85.942 98.941 98.940 98.939 98.938 98.937 98.937 99.936 99.936 102.935 103.935 103.935 103.934 42.934 0.000 0.000 0.000 0.000 0.000 0.000 0.000 0.000 50.684 76.665 81.648 65.645 82.658 70.685 60.725 60.774 63.826 6.864 0.000 0.000 0.000 0.000 0.000 0.000 0.000 0.000 0.000 0.000 0.000 0.000 0.000 0.000 0.000 0.000 0.000 0.000 0.000 0.000 0.000 0.000 0.000 0.000 0.000 0.000 0.000 0.000 0.000
68.951 41.951 63.951 77.950 75.949 55.949 40.948 36.947 56.947 73.946 72.945 65.945 60.944 70.943 91.943 99.942 98.941 98.940 98.939 98.938 98.937 102.936 77.935 65.935 64.935 68.934 71.934 10.934 0.000 0.000 0.000 0.000 0.000 0.000 0.000 48.846 84.820 67.797 59.792 69.801 80.824 64.857 60.898 60.945 67.003 11.101 5.146 0.000 0.000 0.000 0.000 0.000 0.000 0.000 0.000 0.000 0.000 0.000 0.000 0.000 0.000 0.000 0.000 0.000 0.000 0.000 0.000 0.000 0.000 0.000 0.000 0.000 0.000 0.000
58.954 29.954 51.954 66.953 62.953 39.952 25.951 29.951 49.950 63.949 61.948 61.947 62.946 60.946 79.945 96.944 98.942 98.941 98.940 98.939 97.938 60.937 0.000 0.000 0.000 0.000 0.000 0.000 0.000 55.215 75.215 27.215 13.211 9.198 56.149 73.033 89.973 66.930 60.923 58.932 75.952 77.981 64.015 61.056 61.101 64.154 73.191 11.221 6.228 0.000 0.000 0.000 0.000 0.000 0.000 0.000 0.000 0.000 0.000 0.000 0.000 0.000 0.000 0.000 0.000 0.000 0.000 0.000 0.000 0.000 0.000 0.000 0.000 0.000
71.958 67.958 62.957 61.957 62.956 64.956 65.955 68.954 67.953 63.952 62.951 62.950 62.949 61.948 68.947 90.945 99.944 98.943 100.942 72.941 38.940 0.000 0.000 0.000 0.000 0.000 0.000 0.000 0.000 20.216 42.216 45.217 49.221 63.235 60.215 81.164 78.111 52.026 59.037 61.052 63.072 76.098 68.128 63.160 61.193 60.224 77.242 68.244 62.236 0.000 0.000 0.000 0.000 0.000 0.000 0.000 0.000 0.000 0.000 0.000 0.000 0.000 0.000 0.000 0.000 0.000 0.000 0.000 0.000 0.000 0.000 0.000 0.000 16.402
61.962 62.961 62.961 62.961 62.960 62.959 62.958 62.958 62.957 62.955 62.954 62.953 62.952 62.950 60.949 81.947 98.946 100.945 96.943 22.943 0.000 0.000 0.000 0.000 0.000 0.000 0.000 0.000 0.000 0.000 0.000 0.000 0.000 47.305 64.312 90.298 64.279 0.000 47.149 62.165 60.187 64.212 65.238 74.264 63.288 61.306 60.309 56.276 0.000 0.000 0.000 0.000 0.000 0.000 0.000 0.000 0.000 0.000 0.000 0.000 0.000 0.000 0.000 0.000 0.000 0.000 0.000 0.000 0.000 0.000 0.000 0.000 21.574 86.497
62.965 62.965 62.965 62.964 62.964 62.963 62.962 61.961 61.960 62.959 62.958 62.956 62.955 62.953 61.951 69.949 84.948 95.946 83.945 9.944 0.000 0.000 0.000 0.000 0.000 0.000 0.000 0.000 0.000 0.000 0.000 0.000 0.000 24.368 73.431 98.437 8.429 0.000 45.245 63.273 61.300 60.324 68.347 79.370 67.389 61.404 65.411 0.000 0.000 0.000 0.000 0.000 0.000 0.000 0.000 0.000 0.000 0.000 0.000 0.000 0.000 0.000 0.000 0.000 0.000 0.000 0.000 0.000 0.000 0.000 0.000 0.000 78.650 92.595
62.970 62.969 62.969 62.969 62.968 62.967 62.966 66.965 67.964 63.963 62.961 62.959 62.958 62.956 62.954 61.951 64.949 73.947 73.945 14.944 0.000 0.000 0.000 0.000 0.000 0.000 16.540 0.000 0.000 0.000 0.000 0.000 0.000 0.000 77.609 92.588 15.571 0.000 29.313 60.382 61.415 61.438 60.458 65.478 67.496 63.511 65.520 0.000 0.000 0.000 0.000 0.000 0.000 0.000 0.000 0.000 0.000 0.000 0.000 0.000 0.000 0.000 0.000 0.000 0.000 0.000 0.000 0.000 0.000 0.000 0.000 62.874 71.781 71.708
62.974 62.974 62.974 62.973 62.972 62.972 61.971 73.969 78.968 65.967 62.965 62.963 62.961 62.959 62.956 62.954 62.951 61.948 64.946 45.944 0.000 0.000 0.000 0.000 0.000 58.540 79.540 41.537 32.527 31.513 0.000 0.000 0.000 58.940 100.807 74.735 74.696 1.718 0.000 46.526 63.539 61.555 61.570 59.587 75.605 79.623 73.639 0.000 0.000 0.000 0.000 0.000 0.000 0.000 0.000 0.000 0.000 0.000 0.000 0.000 0.000 0.000 0.000 0.000 0.000 0.000 0.000 0.000 0.000 0.000 37.042 87.968 73.890 86.824
