results2_8e3_rain/res_3e8f-0157.wd
ncols         241
nrows         181
xllcorner     12693529.787448
yllcorner     3542525.717860
cellsize      155.156523
NODATA_value  -9999.000000
[rows 66 to 98 of 181, columns 73 to 145 of 241]
71.279 35.268 0.000 60.402 77.381 76.350 76.323 0.000 47.724 47.708 60.722 56.732 55.713 55.667 54.599 130.500 118.328 0.000 0.000 0.000 51.063 46.001 50.908 53.846 53.795 55.748 56.702 61.648 62.599 63.550 54.509 0.000 0.000 51.792 101.792 83.705 87.568 87.656 85.708 93.627 86.116 86.594 87.333 86.105 85.882 86.677 56.522 0.000 0.000 0.000 0.000 0.000 0.000 0.000 41.416 39.393 39.354 39.301 39.237 39.171 43.100 56.026 52.951 37.878 48.806 57.735 36.665 39.595 45.527 50.459 46.391 40.326 38.261
56.281 62.256 0.138 48.625 72.588 71.560 65.563 18.649 0.000 0.000 53.801 66.880 55.881 54.850 55.806 36.765 0.000 0.000 0.000 0.000 0.000 0.000 61.841 59.815 57.783 40.742 43.696 50.644 51.605 56.572 47.540 0.000 0.000 0.000 62.033 79.940 86.877 86.969 94.055 93.848 86.188 86.876 86.587 86.376 86.164 80.976 38.843 0.000 3.031 36.031 0.000 0.000 0.000 47.495 42.460 39.426 39.385 39.334 39.275 39.211 39.143 39.073 46.001 59.929 60.858 43.788 37.718 38.650 39.582 43.515 42.449 38.384 38.320
58.290 57.222 62.085 59.881 73.787 66.738 67.721 64.735 0.000 0.000 0.000 69.108 64.080 59.045 61.012 7.988 0.000 0.000 0.000 0.000 0.000 0.000 60.801 56.791 47.779 0.000 0.000 48.625 60.606 59.591 0.000 0.000 7.736 64.617 56.364 60.187 67.264 82.324 94.247 85.928 87.482 87.046 86.856 86.638 84.424 67.220 46.031 52.031 50.031 31.031 0.000 0.000 0.000 5.530 56.504 38.468 39.425 43.375 51.318 41.256 39.189 38.121 42.050 56.980 63.909 55.840 41.771 36.703 38.637 38.571 38.506 38.441 37.377
58.332 56.255 60.150 71.029 64.942 57.883 76.848 65.836 17.853 0.000 11.509 61.362 77.288 72.239 72.206 75.188 0.000 0.000 0.000 0.000 6.754 6.758 58.770 49.768 52.762 0.000 0.000 0.000 96.604 123.595 38.589 0.000 63.855 58.752 58.591 58.498 54.581 94.601 94.429 86.974 90.579 87.325 87.116 86.901 78.674 31.447 0.000 54.031 32.031 0.000 0.000 0.000 44.633 43.591 42.556 38.518 42.474 54.423 59.366 57.304 50.238 40.170 49.100 57.030 35.960 41.891 54.823 51.756 47.690 55.626 36.562 38.498 36.434
56.390 62.317 72.233 64.144 56.067 56.005 68.953 76.905 72.871 75.797 77.656 72.545 67.469 69.419 58.386 57.370 0.000 0.000 0.000 7.747 63.749 62.751 50.754 52.750 53.740 57.720 56.707 0.000 7.610 1.597 0.539 10.244 70.076 62.946 57.785 58.876 56.921 94.757 56.591 64.181 78.776 86.596 87.382 85.175 43.925 0.000 0.000 0.000 0.000 0.000 0.000 45.699 39.674 39.645 39.612 40.574 50.528 59.476 58.419 58.356 54.290 50.221 60.151 43.080 38.010 38.941 38.874 48.808 61.743 48.680 36.618 37.555 43.491
62.458 73.392 63.319 56.246 57.178 57.116 59.055 42.962 68.927 66.864 58.775 55.691 54.625 70.579 72.550 59.535 0.000 0.000 0.000 63.745 59.745 56.744 49.743 53.738 53.728 53.713 53.694 12.663 15.627 16.595 18.539 86.398 83.264 72.133 71.088 60.085 95.034 94.902 58.644 65.292 60.068 66.871 85.643 60.493 0.000 0.000 0.000 0.000 0.000 0.000 0.000 45.724 39.720 39.703 39.674 40.636 49.590 59.536 58.477 57.412 54.344 59.273 53.202 37.130 39.059 38.990 38.923 48.858 56.795 35.734 38.674 41.613 60.548
73.532 63.472 56.407 57.343 57.281 58.228 39.188 0.000 26.009 53.958 56.888 56.818 56.763 54.724 78.698 62.686 0.000 0.000 0.000 40.742 57.740 51.738 52.736 53.730 53.722 53.709 53.693 64.670 4.638 8.619 25.623 78.546 88.441 10.328 92.249 82.441 95.151 57.215 70.859 67.502 57.373 54.177 50.827 35.660 0.000 0.000 41.276 0.000 0.000 0.000 0.000 41.752 39.781 39.773 39.746 39.707 40.658 46.602 54.539 54.472 54.400 58.327 36.253 39.179 39.107 38.037 43.969 60.905 43.844 37.787 40.732 21.675 22.597
63.612 56.555 57.496 57.436 57.378 60.325 16.280 14.245 7.143 52.072 57.001 58.929 56.884 55.854 73.834 69.825 0.000 0.000 0.000 0.000 48.735 51.734 53.731 53.726 53.719 53.710 55.698 41.684 0.000 0.000 75.788 78.721 89.629 95.499 89.601 87.639 95.250 78.264 80.966 65.808 58.713 51.639 0.000 0.000 0.000 0.000 39.276 0.000 0.000 0.000 0.000 0.000 42.877 39.861 39.830 39.787 39.735 39.674 39.607 46.535 54.459 42.381 39.304 39.227 39.152 42.081 55.013 54.950 36.891 38.838 41.791 8.758 0.000
56.696 57.642 57.585 57.527 57.470 57.415 61.363 62.312 62.246 58.184 58.117 38.013 54.992 55.973 71.959 70.955 0.000 0.000 0.000 0.000 47.732 53.731 53.728 53.724 53.719 53.713 41.706 0.000 0.000 4.154 81.020 86.924 89.823 89.768 88.846 95.384 87.745 90.462 85.150 70.092 60.032 59.028 59.163 0.000 0.000 0.000 36.276 43.276 36.276 0.000 0.000 0.000 57.991 38.964 39.925 39.877 39.819 40.753 39.680 39.602 39.520 39.436 39.353 39.272 38.195 44.121 59.053 35.990 38.932 38.881 40.838 15.809 0.000
57.785 57.731 57.675 57.617 57.559 57.501 57.446 57.394 57.346 57.302 61.269 0.000 48.099 57.086 73.075 68.081 4.127 0.000 0.000 0.000 52.730 55.729 55.726 55.724 53.721 56.718 0.000 0.000 0.000 73.288 79.216 90.130 90.011 90.119 88.167 95.589 88.878 93.521 89.412 90.346 78.297 66.278 55.298 50.297 52.297 0.000 0.000 42.277 37.276 43.271 44.257 42.220 48.131 58.079 40.030 40.976 49.912 56.840 38.759 39.672 39.582 39.491 39.401 38.314 43.233 62.157 56.087 45.024 37.967 38.916 40.871 55.830 73.787
57.876 57.823 57.767 57.709 57.647 57.584 57.525 60.473 58.440 57.410 61.387 0.000 48.219 57.196 74.175 66.167 6.174 0.000 0.000 0.000 25.729 35.728 34.725 34.724 55.722 40.720 0.000 0.000 0.000 75.494 85.427 90.339 90.297 89.401 96.214 95.919 89.941 90.784 89.642 89.586 90.531 81.488 46.452 0.000 0.000 0.000 0.000 40.279 40.280 37.280 39.279 40.272 39.234 46.191 60.142 43.083 41.014 50.935 38.844 39.746 39.645 39.543 39.445 39.352 47.265 60.187 47.116 59.052 36.995 37.945 42.898 63.855 75.810
57.970 57.917 57.862 57.803 57.738 60.663 62.596 34.534 55.532 58.510 60.483 20.458 51.361 56.305 68.263 66.237 7.227 0.000 0.000 0.000 0.000 0.000 1.724 1.724 36.723 0.000 0.000 0.000 23.933 73.766 90.660 90.541 90.658 88.744 96.482 88.524 94.231 89.927 89.882 89.815 89.756 79.691 40.572 0.000 0.000 0.000 0.000 0.000 43.286 44.291 31.308 39.354 40.343 40.310 44.262 60.201 43.128 40.040 39.938 39.824 39.708 39.593 37.484 43.383 62.290 43.209 42.137 56.074 40.018 37.969 44.923 70.881 75.838
58.066 58.013 57.960 57.904 59.838 35.732 37.664 0.000 17.644 53.615 57.576 61.530 57.463 60.398 65.335 70.292 9.269 0.000 0.000 0.000 0.000 2.724 54.724 61.724 0.000 0.000 0.000 7.217 83.099 84.980 90.874 90.831 89.950 96.965 96.732 89.584 90.300 90.172 90.104 90.041 88.986 68.947 0.000 0.000 0.000 0.000 0.000 0.000 0.000 35.291 0.000 46.491 43.476 39.443 39.395 41.332 58.255 47.159 39.042 39.906 39.768 38.637 43.516 45.405 44.305 41.220 39.149 39.088 39.035 39.989 52.946 74.907 75.869
58.161 58.109 58.060 58.015 62.979 0.968 0.000 23.878 15.786 49.728 58.677 56.624 58.562 70.491 42.385 36.329 1.300 0.000 0.000 0.000 0.000 52.724 58.724 60.724 0.000 0.000 0.000 70.336 75.267 89.179 91.063 91.194 89.289 97.180 89.081 90.758 90.453 90.394 90.321 90.257 82.202 59.165 0.000 0.000 0.000 0.000 0.000 0.000 0.000 0.000 0.000 50.645 45.626 39.591 37.542 40.479 40.400 56.300 49.166 39.989 40.822 38.673 45.538 45.415 42.304 36.219 39.151 39.095 41.047 55.004 73.966 75.931 78.900
59.254 57.203 57.156 57.116 60.089 30.087 27.054 58.969 63.895 57.835 55.780 62.726 72.670 75.619 0.000 0.000 0.000 0.000 0.000 0.000 0.000 20.724 27.724 29.724 0.000 0.000 0.000 72.522 80.458 90.370 91.362 90.400 97.576 97.383 90.110 90.816 90.679 90.602 90.530 90.463 72.401 54.345 0.000 0.000 0.000 0.000 0.000 0.000 0.000 0.000 0.000 48.817 46.793 46.753 43.702 36.641 38.568 39.474 55.334 55.060 51.858 48.693 41.548 40.414 37.278 38.200 39.142 43.094 63.052 75.015 74.982 75.953 74.928
73.343 72.291 71.246 69.206 66.173 67.145 67.106 64.049 64.990 66.936 66.884 72.830 74.772 32.696 0.000 0.000 0.000 0.000 0.000 0.000 0.000 0.000 0.000 0.000 0.000 11.032 18.953 73.773 90.665 91.574 91.524 90.752 97.755 89.583 91.260 90.949 90.885 90.805 90.733 88.666 70.592 41.469 0.000 0.000 0.000 0.000 0.000 0.000 0.000 0.000 0.000 39.014 42.975 45.926 46.873 45.816 42.757 38.694 32.637 0.000 0.000 0.000 0.000 0.000 41.193 39.160 42.123 63.086 76.053 75.022 75.994 78.970 74.950
69.426 71.375 70.329 72.288 74.251 73.216 72.176 70.130 68.082 68.035 68.988 64.939 64.894 0.000 0.000 0.000 0.000 0.000 0.000 0.000 0.000 0.000 0.000 0.000 0.000 60.111 83.054 81.952 90.858 91.746 91.873 89.976 97.921 91.676 91.283 91.160 91.077 91.000 90.933 86.875 66.835 0.000 0.000 0.000 0.000 0.000 0.000 0.000 0.000 0.000 46.394 41.250 38.167 40.103 45.047 46.995 46.948 47.908 38.882 0.000 0.000 0.000 0.000 0.000 42.142 40.126 56.103 77.076 75.050 75.026 75.004 75.984 74.968
57.503 57.453 58.408 65.366 74.328 80.291 68.253 62.213 57.173 55.133 54.093 60.046 38.970 0.000 0.000 0.000 0.000 0.000 0.000 0.000 0.000 0.000 0.000 0.000 0.000 66.247 82.201 90.124 92.038 92.005 91.134 98.217 98.075 93.693 91.500 91.340 91.264 91.188 91.121 86.068 61.036 0.000 0.000 0.000 0.000 0.000 0.000 0.000 0.000 46.658 41.538 41.426 41.340 40.272 37.216 42.169 46.133 47.109 44.101 0.000 0.000 0.000 0.000 45.096 39.106 43.100 71.085 75.066 75.047 75.028 75.010 74.994 74.982
56.576 56.527 60.482 65.441 67.403 70.367 60.331 56.297 57.263 57.232 59.204 37.182 0.000 0.000 0.000 0.000 0.000 0.000 0.000 0.000 0.000 0.000 0.000 0.000 0.000 52.429 81.377 91.306 92.204 92.334 90.443 98.348 91.239 92.914 91.595 91.531 91.444 91.366 91.296 82.240 55.206 0.000 0.000 0.000 0.000 0.000 0.000 0.000 45.890 41.778 41.672 41.576 41.496 41.430 41.376 38.334 37.305 40.293 47.312 47.396 0.000 0.000 0.000 39.086 40.087 58.082 75.071 74.058 74.043 75.028 75.014 75.002 74.992
56.644 56.597 58.554 59.514 57.476 56.442 57.409 56.379 56.351 56.327 61.309 6.297 0.000 0.000 0.000 0.000 0.000 0.000 0.000 0.000 0.000 0.000 0.000 0.000 3.799 60.663 89.574 92.490 92.460 91.590 98.585 98.471 94.237 91.938 91.794 91.705 91.618 91.535 92.458 72.389 60.342 0.000 0.000 45.502 0.000 45.264 47.219 47.134 42.001 41.893 41.797 41.711 41.637 41.575 41.524 41.485 40.459 37.449 46.456 47.481 40.481 0.000 0.000 47.075 39.073 47.069 53.061 56.051 60.039 66.027 72.016 74.007 73.999
57.708 57.663 57.621 57.583 57.547 56.515 56.485 56.459 56.436 55.418 63.406 14.400 0.000 0.000 0.000 0.000 0.000 0.000 0.000 0.000 0.000 0.000 0.000 0.000 44.934 80.851 91.766 92.655 92.795 90.887 98.688 91.688 93.363 92.047 91.973 91.878 91.787 91.699 92.610 64.518 42.430 0.000 0.000 41.502 0.000 40.308 42.260 42.183 42.088 41.996 41.912 41.835 41.767 41.709 41.661 41.624 39.598 41.585 47.584 44.590 0.000 0.000 0.000 46.066 45.064 44.059 43.053 42.045 41.036 45.026 56.018 52.010 54.004
55.768 55.725 55.686 55.649 55.616 55.585 55.558 56.534 58.516 60.503 35.497 2.498 0.000 0.000 0.000 0.000 0.000 0.000 0.000 3.170 12.161 0.000 0.000 15.294 56.153 87.046 92.943 92.932 91.959 98.868 98.782 94.678 92.385 92.236 92.143 92.048 91.955 91.862 87.767 34.643 0.000 0.000 0.000 41.502 47.482 42.402 42.328 42.250 42.171 42.093 42.018 41.949 41.886 41.832 41.786 41.751 38.725 47.711 47.705 43.706 0.000 0.000 0.000 45.059 44.056 45.052 45.046 45.040 45.032 45.025 44.018 44.012 43.007
56.825 56.784 59.747 63.712 66.681 70.652 72.627 75.605 74.589 66.580 4.580 15.598 39.653 7.679 0.000 0.000 0.000 0.000 0.000 43.178 70.153 10.114 0.000 49.436 82.337 92.228 93.128 93.058 92.281 98.941 91.114 92.802 92.485 92.410 92.312 92.218 92.122 93.029 79.953 0.000 0.000 0.000 0.000 21.522 41.542 42.490 44.400 44.318 42.252 42.186 42.120 42.057 41.998 41.946 41.902 38.868 43.842 46.826 47.820 38.821 0.000 0.000 0.000 29.054 50.050 50.046 47.041 44.035 44.029 45.023 46.018 46.013 45.009
58.878 57.840 64.805 73.773 74.743 73.716 72.692 71.672 68.656 62.648 37.647 54.659 72.683 41.704 25.726 1.735 0.000 0.000 14.250 53.211 67.160 6.074 24.912 66.677 91.529 94.412 93.253 93.464 91.440 99.003 93.100 92.815 92.667 92.576 92.482 92.388 92.288 94.176 38.065 0.000 0.000 0.000 0.000 0.000 37.674 43.617 24.463 24.371 41.333 42.280 42.220 42.160 42.103 42.053 41.010 38.975 47.949 47.933 44.928 38.939 44.985 0.000 0.000 0.000 61.044 76.041 69.036 65.031 61.026 57.021 60.017 60.013 43.009
58.928 58.894 61.861 64.830 63.802 61.776 59.753 57.733 55.717 55.707 64.703 66.707 63.717 60.728 64.739 12.745 0.000 0.000 54.289 84.257 35.200 31.112 64.985 88.831 93.698 93.553 93.671 91.626 99.086 91.504 93.219 92.906 92.835 92.742 92.653 92.564 95.467 52.321 0.000 0.000 0.000 0.000 0.000 0.000 39.864 44.842 0.000 0.000 38.427 42.382 42.320 42.259 42.202 42.152 39.109 47.074 48.047 47.028 38.019 42.020 42.032 0.000 0.000 0.000 29.041 59.038 77.032 76.027 76.023 76.019 76.015 70.012 60.009
58.977 58.946 58.915 57.886 57.859 58.833 58.810 58.790 56.773 57.760 62.751 65.748 61.749 56.753 59.757 14.759 0.000 0.000 46.360 56.328 34.270 67.189 82.085 90.966 93.849 93.780 92.878 99.456 99.225 92.494 93.224 93.082 92.994 92.906 92.822 92.747 95.696 0.000 0.000 11.065 20.065 0.000 0.000 41.172 44.076 43.044 50.083 0.000 38.568 42.499 42.421 42.353 42.294 40.243 42.200 48.164 48.136 40.114 41.100 42.092 42.090 0.000 0.000 0.000 0.000 0.000 59.028 75.023 75.019 75.016 75.013 76.011 76.009
59.025 58.996 58.968 58.940 58.913 58.888 58.865 57.844 56.824 60.807 64.794 64.784 59.780 55.778 60.778 13.776 0.000 0.000 42.463 11.423 58.364 82.289 88.199 94.105 93.954 94.164 92.153 99.663 91.913 93.625 93.313 93.244 93.153 93.067 92.984 99.906 83.873 0.000 7.064 57.065 43.065 0.000 0.000 36.268 44.223 43.175 43.122 49.001 46.778 45.624 42.514 42.437 42.378 39.328 47.284 48.248 44.217 39.193 42.174 42.158 44.146 48.157 0.000 0.000 0.000 0.000 0.000 72.017 75.015 75.013 75.011 76.009 74.008
59.074 59.047 59.019 58.993 58.967 58.942 57.918 56.896 58.874 62.852 65.832 61.816 56.807 55.802 58.799 40.791 27.769 28.714 24.606 25.539 65.475 86.404 92.326 94.216 94.355 92.345 100.025 99.852 92.918 93.632 93.487 93.398 93.310 93.225 98.139 41.020 56.016 26.054 57.064 65.066 0.000 0.000 0.000 35.411 44.372 43.312 43.229 53.103 63.919 37.705 47.572 43.505 40.452 42.405 48.362 47.325 38.293 41.268 42.245 42.222 29.178 30.167 0.000 0.000 0.000 0.000 0.000 53.013 74.012 75.010 75.009 79.007 75.006
59.124 59.097 59.070 59.044 59.019 58.994 56.970 56.947 60.923 67.896 68.865 64.842 59.829 57.824 57.825 59.820 59.803 68.766 9.708 43.651 81.592 88.527 94.456 94.422 93.554 100.334 100.184 93.273 94.055 93.718 93.645 93.551 93.464 93.385 101.326 0.000 39.119 41.081 31.071 33.068 0.000 0.000 0.000 38.592 44.542 43.471 49.381 65.263 42.091 0.000 28.565 41.558 39.522 47.478 48.434 44.396 41.364 42.338 42.318 44.305 0.000 0.000 0.000 0.000 0.000 0.000 45.011 26.011 65.009 75.008 75.006 80.005 75.004
59.174 59.147 59.121 59.095 59.070 58.046 57.022 58.999 65.975 42.945 18.889 17.858 14.843 44.841 61.857 56.862 59.857 40.840 2.807 48.766 86.715 92.664 94.552 94.795 92.818 100.472 93.605 94.383 93.953 93.895 93.791 93.698 93.609 94.526 92.454 14.398 14.259 0.000 0.000 0.000 0.000 0.000 37.963 45.825 43.733 42.648 62.561 66.477 0.000 0.000 0.000 37.641 43.599 48.549 48.502 38.461 42.428 42.402 42.385 45.375 0.000 0.000 0.000 0.000 0.000 0.000 24.011 0.000 53.005 75.005 75.004 81.003 75.002
59.223 59.197 59.171 59.146 58.121 57.097 59.073 62.052 70.033 29.019 0.000 0.000 0.000 0.000 43.900 58.912 59.924 45.929 47.917 73.888 90.849 94.775 94.948 92.970 100.715 100.599 94.585 94.281 94.134 94.032 93.935 93.841 93.748 96.656 81.567 10.483 0.000 0.000 0.000 0.000 0.000 0.000 38.101 45.010 43.917 41.828 69.737 30.607 0.000 0.000 43.877 48.765 48.685 48.619 46.564 41.519 42.484 42.459 42.443 44.436 0.000 48.518 0.518 0.000 0.000 0.000 0.000 0.000 46.002 75.002 75.002 75.001 75.000
59.272 59.246 59.221 59.196 58.171 57.146 61.123 65.103 69.087 27.078 0.000 0.000 0.000 0.000 23.932 66.963 61.996 68.036 81.042 90.023 93.984 94.992 94.142 100.920 100.821 93.919 94.696 94.355 94.273 94.171 94.076 93.983 97.887 60.781 32.674 0.000 0.000 0.000 0.000 0.000 0.721 40.512 45.331 44.199 46.095 43.012 66.952 0.000 0.000 39.126 45.988 61.858 50.756 47.677 43.615 41.567 41.531 42.506 42.492 42.490 47.511 43.518 34.518 0.000 0.000 0.000 41.998 43.999 43.000 75.000 75.000 74.999 74.999
59.320 59.296 59.271 59.245 57.220 59.194 65.170 66.148 64.133 51.129 12.145 0.000 0.000 0.000 0.000 20.013 16.062 56.177 87.194 91.175 95.116 95.286 93.410 101.010 93.228 95.009 94.576 94.513 96.403 95.306 94.214 94.127 100.036 22.909 0.000 0.000 0.000 0.000 0.000 21.932 60.845 60.674 48.511 45.360 56.253 51.170 52.109 13.090 0.871 37.264 42.091 52.925 48.804 52.717 46.652 49.604 48.568 45.543 42.528 41.522 41.525 47.525 0.000 0.000 0.000 0.000 38.998 38.998 48.998 74.998 74.998 74.998 74.998
