results2_8e3_rain/res_3e8f-0063.wd
ncols         241
nrows         181
xllcorner     12693529.787448
yllcorner     3542525.717860
cellsize      155.156523
NODATA_value  -9999.000000
[rows 99 to 131 of 181, columns 0 to 73 of 241]
0.000 0.000 0.000 0.000 0.000 55.598 95.598 97.597 88.595 83.594 0.000 0.000 0.000 0.000 0.000 0.000 0.000 63.589 60.589 0.000 0.000 0.000 0.000 58.567 57.566 0.000 0.000 0.000 0.000 4.711 0.000 0.000 0.000 0.000 10.563 56.558 52.547 51.528 52.502 53.473 66.441 55.406 59.368 51.326 53.280 51.230 52.178 57.122 58.063 56.002 59.940 52.875 52.810 54.742 57.672 71.596 72.531 57.480 43.432 0.000 0.000 0.000 0.000 0.000 20.982 75.981 72.976 59.960 34.945 29.928 73.912 50.897 52.884 52.874
0.000 0.000 0.000 0.000 0.000 56.601 96.601 96.601 0.000 0.000 0.000 0.000 0.000 0.000 0.000 0.000 8.589 74.589 63.589 1.588 0.000 0.000 61.575 60.571 64.570 0.000 0.000 0.000 0.000 62.711 54.711 0.000 0.000 0.000 69.609 79.603 65.593 58.579 52.558 54.534 73.505 58.472 64.434 64.393 55.347 70.297 62.244 63.187 53.128 61.066 61.002 58.936 52.869 53.801 57.730 54.628 16.560 6.520 0.000 0.000 0.000 0.000 0.000 23.962 60.966 72.965 79.959 69.949 45.936 46.923 60.910 51.898 52.887 52.878
1.613 0.000 0.000 0.000 0.000 43.603 92.603 101.604 11.605 0.000 0.000 0.000 0.000 0.000 0.000 0.000 0.000 81.590 62.590 63.588 65.586 62.582 59.578 60.575 58.572 0.000 0.000 0.000 0.000 55.711 55.711 56.710 55.703 55.689 54.661 64.652 73.645 20.635 84.619 74.598 79.572 64.541 9.505 80.464 78.418 77.368 81.314 70.256 53.195 56.131 61.065 60.998 57.929 53.863 42.818 0.000 0.000 0.000 0.000 0.000 0.000 0.000 0.000 33.959 60.956 60.952 71.947 70.939 53.929 53.919 52.908 52.898 52.889 52.881
69.613 72.613 4.613 0.000 0.000 53.606 92.606 97.606 107.607 12.608 0.000 0.000 0.000 0.000 3.597 3.596 1.595 18.592 66.591 63.589 81.586 95.583 70.580 55.577 0.000 0.000 0.000 0.000 0.000 0.000 54.714 55.716 55.710 55.702 55.696 54.700 54.700 53.695 54.685 59.668 71.645 65.616 8.581 80.540 81.494 59.443 66.388 83.329 77.265 64.198 54.130 60.061 60.988 63.904 48.861 0.000 0.000 0.000 0.000 0.000 0.000 0.000 0.000 0.000 11.945 57.942 54.937 54.931 52.923 52.914 52.905 52.897 52.889 51.883
83.613 66.613 66.613 68.612 70.611 89.609 97.608 97.608 97.608 99.609 73.610 12.610 0.000 61.598 68.598 69.597 31.596 26.594 89.593 97.591 92.588 88.585 71.582 0.000 0.000 0.000 0.000 0.000 0.000 0.000 0.000 55.731 54.718 53.713 54.720 55.751 55.761 55.762 55.757 56.745 75.725 70.697 53.662 55.621 66.574 77.523 54.467 66.406 67.339 60.267 80.197 63.128 55.058 0.000 0.000 0.000 0.000 0.000 0.000 0.000 0.000 0.000 0.000 0.000 3.938 57.934 52.930 52.924 52.917 52.910 52.902 50.895 48.889 50.883
98.614 88.614 69.614 73.613 91.612 97.611 97.610 97.610 97.610 92.610 64.610 70.610 0.000 52.598 87.599 95.599 95.598 79.596 94.595 101.593 11.592 0.000 0.000 0.000 0.000 0.000 0.000 0.000 0.000 0.000 0.000 55.760 0.000 0.000 0.000 56.824 55.830 55.836 55.837 56.829 72.812 77.785 54.750 55.707 55.659 73.607 74.551 52.489 60.418 79.334 71.263 49.195 0.000 0.000 0.000 0.000 0.000 0.000 0.000 0.000 0.000 0.000 0.000 0.000 0.929 57.927 52.924 52.919 52.912 51.906 50.899 55.893 56.888 57.883
98.615 98.615 93.615 96.614 97.613 97.613 97.612 97.612 97.611 93.611 68.611 85.611 0.000 0.000 65.602 89.601 97.600 98.598 97.597 102.596 5.594 0.000 0.000 0.000 0.000 0.000 0.000 0.000 0.000 0.000 0.000 55.788 0.000 0.000 57.898 55.891 55.901 55.914 55.924 55.924 72.910 77.882 54.844 55.799 55.749 56.696 77.641 71.581 78.508 68.390 49.326 0.000 0.000 0.000 0.000 0.000 0.000 0.000 0.000 0.000 0.000 0.000 0.000 0.000 55.923 52.922 52.919 52.914 52.908 51.902 53.896 57.891 58.887 58.883
96.616 97.616 97.616 97.616 97.615 97.615 97.614 97.614 97.613 98.613 93.612 100.611 24.610 3.608 53.605 72.603 95.602 97.601 98.600 86.599 0.596 0.000 0.000 0.000 0.000 0.000 0.000 0.000 0.000 0.000 0.000 49.817 54.846 54.876 53.905 55.941 55.967 55.996 56.023 56.033 73.020 77.990 54.947 55.896 55.842 55.788 60.735 83.685 63.646 0.000 0.000 0.000 0.000 0.000 0.000 0.000 0.000 0.000 0.000 0.000 0.000 0.000 0.000 0.000 8.922 59.920 55.917 56.912 54.904 50.897 57.892 58.888 56.885 56.882
93.618 98.618 97.618 97.617 97.617 97.616 97.616 97.615 97.615 97.614 98.614 91.613 75.611 66.610 60.608 87.606 97.605 97.603 102.603 5.602 0.000 0.000 0.000 0.000 0.000 0.000 0.000 0.000 0.000 0.000 0.000 0.000 0.000 0.000 0.000 56.003 56.030 56.079 56.140 56.163 72.150 79.111 56.056 55.996 55.935 55.878 55.826 61.780 14.743 0.000 0.000 0.000 0.000 0.000 0.000 0.000 0.000 0.000 0.000 0.000 0.000 0.000 0.000 0.000 0.000 0.000 0.000 0.000 0.892 59.889 57.887 58.885 55.883 50.881
93.620 98.620 97.619 97.619 97.619 97.619 97.618 97.618 97.617 97.616 98.615 83.614 62.613 61.611 70.610 94.608 97.607 97.606 103.605 8.605 0.000 0.000 0.000 0.000 0.000 0.000 0.000 0.000 0.000 0.000 0.000 0.000 0.000 0.000 0.000 52.038 56.072 53.149 56.297 56.329 75.304 79.247 56.173 56.096 56.025 55.964 55.912 52.866 2.804 0.000 0.000 0.000 0.000 0.000 0.000 0.000 0.000 0.000 0.000 0.000 0.000 51.860 0.000 0.000 0.000 0.000 0.000 0.000 55.882 56.883 58.883 58.882 55.881 51.879
96.622 97.622 97.622 97.622 97.621 97.621 97.621 97.620 97.619 97.618 97.617 94.616 71.615 72.613 89.612 96.611 97.609 97.608 104.608 21.607 0.000 0.000 0.000 0.000 0.000 0.000 0.000 0.000 0.000 0.000 0.000 0.000 0.000 0.000 0.000 0.000 52.072 0.000 55.569 56.550 84.492 71.401 56.292 56.189 56.105 69.040 58.994 53.966 0.000 0.000 0.000 0.000 0.000 0.000 0.000 0.000 0.000 0.000 0.000 0.000 3.860 62.860 47.860 0.000 0.000 0.000 0.000 56.875 59.878 58.879 55.879 51.879 51.879 49.878
97.624 97.624 97.624 97.624 97.624 97.624 97.623 97.623 97.622 97.621 97.620 97.619 99.617 99.616 98.614 97.613 97.612 99.611 88.610 31.609 0.000 0.000 0.000 0.000 0.000 0.000 0.000 0.000 0.000 0.000 0.000 0.000 0.000 0.000 0.000 0.000 0.000 0.000 55.861 56.811 90.714 59.573 56.406 56.265 68.166 77.099 56.056 56.038 55.056 0.000 0.000 0.000 0.000 0.000 0.000 0.000 0.000 0.000 0.000 0.000 0.000 58.860 59.860 46.861 0.000 52.868 54.869 58.872 57.875 55.876 54.877 50.877 58.877 61.877
96.627 95.627 97.627 97.627 97.627 97.627 97.626 97.626 97.625 97.624 97.623 97.621 97.620 97.618 97.616 97.615 98.614 81.613 9.613 0.613 58.615 72.615 18.614 0.000 0.000 0.000 0.000 0.000 0.000 0.000 0.000 0.000 0.000 0.000 0.000 0.000 0.000 0.000 52.204 63.117 85.980 56.772 53.492 56.298 56.195 56.132 56.094 56.076 56.074 53.074 0.000 0.000 0.000 0.000 0.000 0.000 0.000 0.000 0.000 0.000 0.000 53.860 49.861 55.862 50.864 58.866 58.868 57.871 53.872 56.874 51.875 50.875 50.875 43.876
86.629 86.629 95.630 97.630 97.630 97.630 97.630 97.629 97.629 97.628 97.626 98.624 99.622 97.620 97.618 97.617 97.616 19.616 3.616 58.616 68.615 78.615 77.614 70.614 62.614 3.613 0.000 0.000 0.000 0.000 0.000 0.000 0.000 0.000 0.000 57.136 60.073 59.924 56.634 55.475 64.316 52.044 0.000 52.242 56.185 56.142 56.113 56.096 55.090 0.000 0.000 0.000 0.000 0.000 0.000 0.000 55.856 66.856 0.000 0.000 54.859 52.860 52.861 49.862 57.863 58.865 58.867 55.869 58.871 58.872 56.873 51.873 40.874 0.000
68.632 73.632 92.633 98.633 97.633 97.633 97.633 97.633 97.633 97.632 99.630 85.628 81.625 96.622 101.620 98.619 93.619 75.619 78.618 84.617 78.616 79.615 58.614 51.614 0.000 0.000 0.000 0.000 0.000 0.000 0.000 0.000 0.000 0.000 48.200 54.200 57.158 57.067 56.933 56.833 58.765 0.000 0.000 0.000 51.161 56.137 56.118 56.106 56.101 0.000 0.000 0.000 0.000 0.000 0.000 15.856 72.856 54.857 52.857 52.858 52.859 52.859 50.860 55.861 58.863 58.865 54.866 58.869 58.870 57.871 51.872 52.872 42.872 0.000
52.634 67.635 86.636 99.637 100.637 100.637 98.637 97.637 98.637 97.637 98.635 36.633 7.627 55.623 73.621 94.621 101.621 99.622 99.621 85.619 8.617 0.000 0.000 0.000 0.000 0.000 0.000 0.000 0.000 3.217 5.218 0.000 0.000 0.000 0.000 53.307 57.292 55.252 56.197 58.158 59.147 0.000 0.000 0.000 0.000 49.127 56.118 56.111 53.106 0.000 0.000 0.000 0.000 0.000 0.000 0.000 14.857 68.857 51.857 51.858 52.858 51.859 51.860 57.861 58.862 56.864 44.865 0.000 62.870 56.871 56.871 56.871 42.872 0.000
16.635 38.637 71.641 77.642 71.642 73.640 90.642 98.642 94.642 87.642 86.642 21.642 0.000 0.000 0.000 31.622 66.623 92.625 99.627 0.000 0.000 0.000 0.000 0.000 0.000 0.000 0.000 0.000 0.000 45.218 66.218 11.218 0.000 0.000 0.000 53.429 59.450 58.452 67.445 68.457 58.518 3.698 0.000 0.000 0.000 0.000 53.115 54.113 0.000 0.000 0.000 0.000 0.000 0.000 0.000 0.000 0.000 73.857 76.857 56.858 50.858 48.859 58.859 58.860 53.861 0.000 0.000 0.000 3.870 61.870 58.871 58.871 48.871 0.000
0.000 0.000 52.648 61.648 13.648 0.000 62.648 91.648 82.648 78.648 92.648 59.650 19.654 0.000 0.000 0.000 0.000 37.631 68.636 0.000 0.000 0.000 0.000 0.000 0.000 0.000 0.000 0.000 0.000 0.000 50.218 68.218 0.000 0.000 0.000 44.529 58.629 56.660 86.676 79.706 57.769 59.878 5.997 0.000 0.000 0.000 48.115 0.000 0.000 0.000 0.000 0.000 0.000 0.000 0.000 0.000 0.000 0.000 61.857 78.858 63.858 57.858 58.859 53.859 0.000 0.000 0.000 0.000 0.000 53.870 58.870 58.870 53.871 0.000
0.000 0.000 48.655 93.655 50.655 0.000 51.654 83.654 85.653 96.654 98.654 101.656 107.658 46.662 15.663 0.000 0.000 0.000 8.649 3.654 0.000 0.000 0.000 0.000 0.000 0.000 0.000 0.000 0.000 0.000 51.219 66.219 0.000 3.224 7.224 0.000 51.878 59.882 89.894 71.923 59.975 59.048 64.116 0.000 0.000 0.000 0.000 0.000 0.000 0.000 0.000 0.000 0.000 0.000 0.000 0.000 0.000 0.000 0.000 0.000 66.858 56.858 54.858 0.000 0.000 0.000 0.000 0.000 52.869 51.870 53.870 47.870 0.000 0.000
21.669 36.668 70.663 88.662 96.661 65.662 78.660 101.659 98.659 97.659 97.660 97.661 97.662 103.664 106.665 62.666 21.665 3.663 66.659 80.659 73.661 75.662 31.662 7.662 4.662 0.000 0.000 0.000 0.000 0.000 30.219 52.220 58.222 58.223 61.225 20.228 53.125 82.095 84.095 61.118 59.160 59.222 62.304 7.437 2.496 0.000 0.000 0.000 0.000 0.000 0.000 0.000 0.000 0.000 0.000 0.000 0.000 0.000 0.000 0.000 0.000 0.000 0.858 0.000 0.000 0.000 0.000 54.869 49.869 47.869 0.000 0.000 0.000 0.000
94.671 97.670 97.668 95.667 93.666 94.666 96.665 96.665 97.664 98.664 98.664 97.665 90.666 94.667 97.667 101.667 105.666 106.665 98.663 94.663 91.663 86.663 88.662 81.662 37.662 15.661 0.000 0.000 0.000 0.000 0.000 0.000 0.000 0.000 0.000 77.333 66.298 95.277 86.275 73.292 60.327 59.376 59.440 63.512 59.555 0.000 0.000 0.000 0.000 0.000 0.000 0.000 0.000 0.000 0.000 0.000 0.000 0.000 0.000 0.000 0.000 0.000 0.000 0.000 0.000 0.000 0.000 0.000 0.000 0.000 0.000 0.000 0.000 0.000
97.675 92.674 90.673 89.672 83.671 80.671 81.670 81.670 87.669 92.669 92.669 85.669 69.670 84.670 97.670 97.670 97.669 97.668 97.667 97.666 98.665 98.664 101.663 102.662 102.662 102.661 41.661 0.000 0.000 0.000 0.000 0.000 0.000 0.000 0.000 49.475 75.456 80.440 64.437 81.450 69.477 59.517 59.566 62.618 5.656 0.000 0.000 0.000 0.000 0.000 0.000 0.000 0.000 0.000 0.000 0.000 0.000 0.000 0.000 0.000 0.000 0.000 0.000 0.000 0.000 0.000 0.000 0.000 0.000 0.000 0.000 0.000 0.000 0.000
67.679 40.678 62.678 76.677 74.676 54.676 39.675 35.675 55.674 72.674 71.674 64.674 59.674 69.674 90.673 98.673 97.672 97.671 97.670 97.668 97.667 101.665 76.664 64.663 63.662 67.661 70.661 9.661 0.000 0.000 0.000 0.000 0.000 0.000 0.000 47.637 83.611 66.589 58.583 68.593 79.616 63.649 59.690 59.738 65.795 9.893 3.938 0.000 0.000 0.000 0.000 0.000 0.000 0.000 0.000 0.000 0.000 0.000 0.000 0.000 0.000 0.000 0.000 0.000 0.000 0.000 0.000 0.000 0.000 0.000 0.000 0.000 0.000 0.000
57.683 28.683 50.683 65.682 61.682 38.681 24.680 28.680 48.680 62.679 60.679 60.678 61.678 59.678 78.677 95.676 97.676 97.674 97.673 97.672 96.670 59.667 0.000 0.000 0.000 0.000 0.000 0.000 0.000 54.004 74.004 26.004 12.001 7.988 54.939 71.823 88.764 65.721 59.714 57.724 74.744 76.773 62.808 59.848 59.894 62.947 71.983 10.013 5.021 0.000 0.000 0.000 0.000 0.000 0.000 0.000 0.000 0.000 0.000 0.000 0.000 0.000 0.000 0.000 0.000 0.000 0.000 0.000 0.000 0.000 0.000 0.000 0.000 0.000
70.688 66.688 61.688 60.687 61.687 63.686 64.686 67.685 66.685 62.684 61.684 61.683 61.683 60.682 67.681 89.680 98.679 97.678 99.677 71.675 37.672 0.000 0.000 0.000 0.000 0.000 0.000 0.000 0.000 19.005 41.005 44.006 48.010 62.024 59.005 79.954 76.901 50.817 57.829 59.844 61.865 74.891 66.921 61.953 59.986 59.017 76.034 67.036 61.028 0.000 0.000 0.000 0.000 0.000 0.000 0.000 0.000 0.000 0.000 0.000 0.000 0.000 0.000 0.000 0.000 0.000 0.000 0.000 0.000 0.000 0.000 0.000 0.000 15.499
60.694 61.693 61.693 61.693 61.692 61.692 61.691 61.691 61.690 61.690 61.689 61.688 61.687 61.687 59.686 80.685 97.684 99.683 95.681 21.681 0.000 0.000 0.000 0.000 0.000 0.000 0.000 0.000 0.000 0.000 0.000 0.000 0.000 46.095 63.102 89.088 63.069 0.000 45.942 60.958 58.980 63.005 64.031 73.057 62.081 60.099 59.102 55.069 0.000 0.000 0.000 0.000 0.000 0.000 0.000 0.000 0.000 0.000 0.000 0.000 0.000 0.000 0.000 0.000 0.000 0.000 0.000 0.000 0.000 0.000 0.000 0.000 20.671 85.594
61.699 61.699 61.699 61.699 61.698 61.698 61.697 60.696 60.696 61.695 61.694 61.693 61.692 61.691 60.690 68.689 83.688 94.687 82.686 8.685 0.000 0.000 0.000 0.000 0.000 0.000 0.000 0.000 0.000 0.000 0.000 0.000 0.000 23.158 72.221 97.226 7.218 0.000 44.038 62.066 60.093 59.118 67.141 78.163 66.183 60.198 64.205 0.000 0.000 0.000 0.000 0.000 0.000 0.000 0.000 0.000 0.000 0.000 0.000 0.000 0.000 0.000 0.000 0.000 0.000 0.000 0.000 0.000 0.000 0.000 0.000 0.000 77.747 91.692
61.705 61.705 61.705 61.704 61.704 61.704 61.703 65.702 66.702 62.701 61.700 61.699 61.698 61.697 61.695 60.694 63.693 72.691 72.690 13.689 0.000 0.000 0.000 0.000 0.000 0.000 15.331 0.000 0.000 0.000 0.000 0.000 0.000 0.000 76.399 91.378 14.360 0.000 28.107 59.175 60.208 60.232 59.252 64.272 66.290 62.305 64.314 0.000 0.000 0.000 0.000 0.000 0.000 0.000 0.000 0.000 0.000 0.000 0.000 0.000 0.000 0.000 0.000 0.000 0.000 0.000 0.000 0.000 0.000 0.000 0.000 61.972 70.878 70.805
61.711 61.711 61.711 61.711 61.710 61.710 60.709 72.708 77.708 64.707 61.706 61.705 61.703 61.702 61.700 61.699 61.697 60.695 63.694 44.693 0.000 0.000 0.000 0.000 0.000 57.332 78.331 40.329 31.319 30.305 0.000 0.000 0.000 57.732 99.599 73.525 73.483 0.522 0.000 45.320 62.334 60.349 60.365 58.382 74.399 78.417 72.433 0.000 0.000 0.000 0.000 0.000 0.000 0.000 0.000 0.000 0.000 0.000 0.000 0.000 0.000 0.000 0.000 0.000 0.000 0.000 0.000 0.000 0.000 0.000 36.140 87.065 72.988 85.921
61.718 61.718 61.718 61.717 61.717 61.716 60.716 73.715 79.714 63.713 61.712 61.711 61.709 61.708 61.706 61.704 61.702 61.700 61.698 67.696 38.695 0.000 0.000 0.000 0.000 20.333 35.334 57.337 65.323 69.291 43.229 19.145 54.030 91.865 89.739 69.642 51.560 9.555 0.000 45.452 62.458 61.466 64.477 59.491 68.509 91.532 88.569 33.643 0.000 13.804 0.000 0.000 0.000 0.000 0.000 0.000 0.000 0.000 0.000 0.000 0.000 0.000 0.000 0.000 0.000 0.000 0.000 0.000 0.000 0.000 73.215 129.161 112.096 134.004
58.725 59.725 60.724 60.724 61.724 61.723 59.722 74.721 77.721 60.719 61.718 61.717 61.715 61.714 61.712 61.709 61.707 61.704 61.701 61.698 67.694 47.691 0.000 0.000 0.000 0.000 0.000 33.363 64.344 60.308 63.252 67.176 79.079 95.961 79.848 47.745 0.000 0.000 0.000 44.579 61.578 64.581 77.587 63.597 73.612 74.634 93.667 97.717 80.778 30.804 0.000 0.000 0.000 0.000 0.000 0.000 0.000 0.000 0.000 0.000 0.000 0.000 0.000 0.000 0.000 0.000 0.000 0.000 0.000 59.438 69.344 70.270 73.201 92.176
79.732 74.732 69.731 67.731 63.731 59.730 59.729 74.728 77.727 59.726 61.725 61.724 61.722 61.720 61.718 61.715 60.712 59.709 60.705 60.700 60.694 66.687 43.675 20.666 0.000 0.000 0.000 32.407 70.382 64.345 59.294 72.229 95.149 89.050 56.949 0.000 0.000 0.000 0.000 42.705 60.697 65.692 72.692 67.698 72.709 71.725 84.749 78.780 71.812 44.831 0.000 0.000 0.000 0.000 0.000 0.000 0.000 0.000 0.000 0.000 0.000 0.000 0.000 0.000 6.253 0.000 0.000 2.613 36.613 64.533 133.450 97.382 129.265 112.937
99.739 98.739 94.739 89.738 85.738 80.737 75.737 71.736 66.735 60.734 61.732 61.731 61.729 61.727 60.724 62.722 68.718 73.714 72.710 70.704 64.697 59.687 63.674 69.656 33.627 14.591 18.544 52.477 75.434 66.395 62.351 85.299 97.236 53.143 0.000 0.000 0.000 5.941 12.914 46.841 59.811 64.797 80.793 70.794 63.800 56.810 62.824 80.841 77.860 83.877 2.901 0.000 0.000 0.000 0.000 0.000 0.000 0.000 0.000 0.000 0.000 0.000 0.000 0.000 3.254 0.000 0.000 0.000 71.693 62.628 72.557 95.449 71.620 111.074
