results2_8e3_rain/res_3e8f-0140.wd
ncols         241
nrows         181
xllcorner     12693529.787448
yllcorner     3542525.717860
cellsize      155.156523
NODATA_value  -9999.000000
[rows 0 to 32 of 181, columns 146 to 218 of 241]
0.000 0.000 0.000 0.000 0.000 0.000 0.000 0.000 0.000 0.000 0.000 0.000 0.000 0.000 5.199 16.065 16.846 16.575 16.274 15.961 15.652 15.363 15.105 14.884 14.704 14.564 14.461 14.389 14.343 14.318 14.307 19.303 0.000 0.000 0.000 0.000 0.000 0.000 0.000 0.000 0.000 0.000 0.000 0.000 0.000 0.000 0.000 0.000 0.000 15.580 22.580 0.000 0.000 40.970 45.970 0.000 0.000 0.000 0.000 0.000 0.000 0.000 0.000 0.000 0.000 0.000 0.000 0.000 0.000 0.000 0.000 0.000 0.000
0.000 0.000 0.000 0.000 0.000 0.000 0.000 0.000 0.000 0.000 0.000 0.000 0.000 0.765 16.333 17.151 16.899 16.605 16.286 15.956 15.633 15.332 17.067 15.843 14.665 14.528 14.429 14.363 14.323 14.304 14.300 19.300 0.000 0.000 0.000 0.000 0.000 0.000 0.000 0.000 0.000 0.000 0.000 0.000 0.000 0.000 0.000 0.000 12.581 34.580 10.580 0.000 19.971 52.971 46.970 0.000 0.000 0.000 0.000 0.000 0.000 0.000 0.000 0.000 0.000 0.000 0.000 0.000 31.931 0.000 0.000 0.000 0.000
0.000 0.000 0.000 0.000 0.000 0.000 0.000 0.000 0.000 0.000 0.000 0.000 0.000 19.965 18.619 17.307 16.992 16.660 16.308 15.945 15.591 17.266 16.986 14.759 14.583 14.454 14.365 14.310 14.282 14.275 16.290 10.295 0.000 0.000 0.000 0.000 0.000 0.000 0.000 0.000 0.000 0.000 0.000 0.000 0.000 0.000 0.000 0.000 24.582 0.000 0.000 14.972 45.971 7.971 0.000 0.000 0.000 0.000 0.000 0.000 0.000 0.000 0.000 0.000 0.941 0.000 0.000 0.000 34.931 6.931 0.000 0.000 0.000
0.000 0.000 0.000 0.000 0.000 0.000 0.000 0.000 0.000 0.000 0.000 0.000 2.738 19.340 17.871 17.467 17.102 16.736 16.342 15.926 16.519 16.155 14.854 14.622 14.454 14.339 14.268 14.230 14.219 20.225 0.000 0.000 0.000 0.000 0.000 0.000 0.000 0.000 0.000 0.000 0.000 0.000 0.000 9.583 0.000 0.000 0.000 8.583 68.583 0.000 0.000 20.972 47.972 0.000 0.000 0.000 0.000 0.000 0.000 0.000 0.000 0.000 6.942 12.942 31.941 0.000 0.000 24.932 33.931 34.931 6.931 0.000 0.000
0.000 0.000 0.000 0.000 0.000 0.000 0.000 0.000 0.000 0.000 0.000 8.067 1.282 2.663 18.060 17.587 17.212 16.841 16.397 15.897 16.404 15.980 14.654 14.422 14.271 14.181 14.136 14.125 15.137 16.181 0.000 0.000 0.000 0.000 0.000 0.000 0.000 0.000 0.000 0.000 0.000 0.000 10.583 33.583 28.584 0.000 0.000 24.583 52.583 0.000 0.000 0.000 47.974 2.975 0.000 0.000 0.000 0.000 0.000 0.000 0.000 0.000 46.942 50.942 52.941 0.000 0.000 37.932 32.932 32.931 42.931 0.000 0.000
0.000 0.000 0.000 0.000 0.000 0.000 0.000 0.000 0.000 0.000 10.745 3.371 1.761 1.221 1.283 15.609 17.318 17.020 16.509 17.863 17.218 14.708 14.358 14.143 14.026 13.977 13.973 13.995 20.025 0.000 0.000 0.000 0.000 0.000 0.000 0.000 0.000 0.000 0.000 0.000 0.000 0.000 0.000 13.584 34.584 26.584 24.585 6.584 37.584 10.584 0.000 0.000 32.975 45.976 36.976 34.976 43.976 0.000 0.000 0.000 0.000 0.000 46.943 48.942 53.941 32.938 21.936 38.933 41.932 0.000 0.000 0.000 6.900
0.000 0.000 0.000 0.000 0.000 0.000 0.000 0.000 0.000 0.000 7.120 3.847 3.495 3.009 0.379 0.564 10.430 18.410 17.756 17.827 14.899 14.274 13.928 13.766 13.714 13.728 13.782 13.858 8.942 0.000 0.000 0.000 0.000 0.000 30.600 63.600 0.000 0.000 3.601 44.601 0.000 0.000 0.000 10.584 34.584 47.585 82.585 44.585 45.585 16.584 0.000 0.000 29.976 48.977 33.977 29.976 46.976 0.000 0.000 0.000 0.000 0.000 33.946 39.944 35.941 35.939 39.936 42.933 50.932 0.000 0.000 0.000 29.900
0.000 0.000 0.000 0.000 0.000 0.000 0.000 0.000 0.000 30.286 30.767 7.374 3.003 3.258 2.937 0.735 0.338 5.435 18.279 15.789 14.277 13.562 13.314 13.278 13.335 13.439 14.571 11.715 0.000 0.000 0.000 0.000 0.000 0.000 5.600 51.601 58.601 40.601 32.601 4.601 0.000 0.000 0.000 0.000 0.000 8.586 75.586 54.586 1.586 0.000 0.000 0.000 0.000 41.978 56.978 54.977 56.976 48.973 40.970 43.966 42.961 51.956 55.950 52.946 53.942 53.939 48.936 43.933 40.930 0.000 0.000 0.000 0.000
0.000 0.000 0.000 0.000 0.000 0.000 0.000 0.000 24.331 41.804 43.289 32.828 9.445 1.875 2.932 0.769 2.586 7.573 6.137 15.774 12.857 12.383 12.488 12.699 12.907 14.123 14.347 0.000 0.000 0.000 0.000 0.000 0.000 0.000 0.000 3.601 49.601 59.601 64.601 3.601 0.000 0.000 0.000 0.000 0.000 4.588 47.587 39.587 44.587 11.587 0.000 0.000 25.983 53.981 38.980 32.978 39.976 51.974 39.971 38.967 47.962 56.957 43.952 39.948 42.943 48.939 54.935 56.931 54.927 40.921 31.915 14.910 23.906
0.000 0.000 0.000 0.000 0.000 0.000 0.000 20.399 29.859 45.311 42.757 43.205 35.652 12.106 1.052 4.556 14.044 6.315 2.141 2.906 5.993 10.626 11.556 12.122 12.473 17.798 0.000 0.000 0.000 0.000 0.000 0.000 3.605 1.605 0.000 0.000 16.602 62.602 15.602 0.000 0.000 0.000 0.000 0.000 0.000 43.590 53.589 29.588 45.587 65.587 5.587 0.000 31.984 55.983 34.982 28.980 31.978 44.975 33.972 33.968 35.964 37.959 34.954 35.949 29.944 33.940 39.935 40.930 38.925 47.920 49.915 52.910 60.905
0.000 0.000 0.000 0.000 0.000 0.000 25.471 23.940 47.393 43.823 43.225 42.582 42.852 37.920 20.417 12.151 7.795 0.000 0.018 4.249 2.161 3.205 10.988 11.760 17.066 0.000 0.000 0.000 0.000 0.000 0.000 0.000 40.605 0.000 0.000 0.000 23.603 63.603 2.602 0.000 0.000 0.000 0.000 0.000 38.596 82.593 15.590 18.588 40.588 67.587 7.587 0.000 28.987 53.986 33.985 26.983 29.981 31.978 27.974 26.970 33.966 49.961 32.956 28.951 42.945 38.940 35.935 42.930 42.925 45.919 54.914 58.909 45.904
0.000 0.000 0.000 0.000 0.000 29.472 18.003 46.495 44.949 44.365 43.736 43.045 42.255 42.305 39.119 24.841 4.194 0.160 0.025 45.847 4.386 0.054 0.069 13.864 9.965 0.000 0.000 0.000 0.000 0.000 0.000 0.000 36.606 31.606 40.606 52.606 56.605 46.605 0.000 0.000 1.603 37.604 52.603 57.601 81.599 37.597 0.000 0.000 42.588 30.588 0.000 0.000 31.991 58.990 45.988 29.986 77.984 105.981 54.977 30.973 46.968 93.963 45.958 22.952 87.947 60.941 35.935 42.930 44.924 34.918 43.913 56.907 39.902
0.000 0.000 0.000 0.000 0.000 18.940 40.574 47.089 45.544 44.952 44.311 43.606 42.820 41.924 41.925 40.854 30.059 4.744 50.462 47.539 0.244 0.102 0.036 0.039 0.000 0.000 0.000 0.000 0.000 0.000 1.605 35.606 31.606 36.606 50.607 60.607 44.606 31.606 0.000 0.000 0.000 46.605 45.604 41.602 80.601 40.599 0.000 0.000 21.588 13.588 0.000 24.998 52.996 54.994 48.993 36.991 35.988 68.985 109.981 47.976 40.971 97.966 48.960 22.954 94.948 64.942 27.936 29.930 35.924 26.918 40.912 39.906 27.901
0.000 0.000 0.000 0.000 23.404 33.775 49.264 46.742 46.185 45.589 44.947 44.251 43.489 42.664 41.717 40.986 39.852 52.209 51.878 0.767 0.340 9.450 0.000 0.000 0.000 0.000 0.000 0.000 0.000 51.604 54.605 36.606 35.606 50.607 60.608 46.608 29.607 31.607 31.608 29.609 27.609 39.607 42.605 52.604 92.602 26.601 0.000 0.000 58.589 8.589 0.000 22.001 52.000 51.999 38.997 30.995 26.993 36.989 33.985 73.980 104.975 121.969 102.963 91.956 117.950 111.943 102.936 48.930 28.923 45.917 40.911 29.905 24.899
0.000 0.000 0.000 24.548 34.032 51.493 47.966 47.429 46.866 46.271 45.638 44.959 44.242 43.415 42.880 40.529 52.237 52.237 36.414 18.757 5.931 0.000 0.000 0.000 0.000 0.000 0.000 0.000 37.602 4.603 0.000 15.606 53.607 57.608 49.609 34.610 0.611 0.000 0.000 33.611 29.610 39.609 38.607 61.605 58.604 0.000 0.000 0.590 61.590 7.589 0.000 20.004 50.004 62.003 41.003 47.001 69.999 46.995 28.991 52.985 75.979 109.973 75.966 55.959 103.951 93.944 68.937 37.930 23.923 94.916 62.910 34.904 24.898
0.000 0.000 0.000 30.064 49.684 49.197 48.679 48.141 47.580 46.992 47.371 46.726 44.982 44.571 42.011 52.278 52.240 39.963 41.591 39.242 23.216 4.214 0.000 0.000 0.000 0.000 0.000 39.601 8.601 0.000 0.000 0.000 21.608 53.609 31.610 29.614 35.617 0.000 0.000 34.614 32.613 38.611 39.609 61.607 57.605 0.000 0.000 21.592 68.591 4.590 0.000 22.008 53.009 56.009 37.009 37.008 83.005 118.002 66.997 34.991 50.984 97.977 57.969 24.961 90.953 77.946 35.938 27.930 20.923 101.916 65.909 37.902 38.896
0.000 0.000 30.621 47.960 51.442 49.932 49.413 48.877 48.322 48.742 47.149 46.463 46.138 43.583 52.657 52.402 41.438 42.286 41.308 31.686 12.448 0.000 0.000 0.000 0.000 0.000 0.000 35.601 9.601 0.000 0.000 0.000 0.000 0.000 0.000 34.618 31.622 30.624 32.623 34.619 30.616 38.613 40.611 52.608 48.604 10.600 29.596 62.593 13.592 0.000 0.000 22.012 49.013 55.015 41.016 26.016 28.014 53.010 40.005 21.998 39.990 94.982 50.973 16.964 87.955 72.947 30.939 26.931 22.923 100.915 65.908 37.900 28.893
0.000 29.853 43.281 52.715 51.191 50.678 50.161 49.633 50.085 49.529 47.885 47.612 45.062 53.536 53.044 43.056 44.067 41.955 29.173 0.000 0.000 0.000 0.000 0.000 0.000 0.000 0.000 0.000 9.601 0.000 0.000 0.000 0.000 0.000 0.000 0.000 38.628 48.628 59.626 47.622 36.618 40.616 37.613 42.610 35.604 54.599 72.595 60.593 6.591 0.000 0.000 21.015 47.018 52.021 58.025 56.026 44.024 34.020 47.014 79.006 97.997 118.987 98.977 81.967 115.957 108.948 90.939 50.931 23.922 98.914 70.906 42.899 29.891
26.891 38.426 52.934 52.429 51.928 51.428 50.923 51.403 50.879 49.269 49.034 46.499 54.710 54.100 44.587 45.754 46.707 24.943 0.000 0.000 0.000 0.000 0.000 0.000 0.000 0.000 0.000 0.000 0.000 0.000 0.000 0.000 0.000 0.000 0.000 0.000 36.634 40.633 58.631 17.627 0.000 47.620 38.617 41.613 37.605 25.598 44.594 59.591 46.590 5.589 0.000 0.000 12.023 55.027 57.038 50.040 38.037 47.032 98.024 89.015 70.004 70.993 71.981 71.970 71.959 72.949 74.940 45.931 25.922 97.914 73.905 36.897 30.889
30.356 54.026 53.599 53.138 52.665 52.185 51.694 51.201 50.624 50.422 47.907 56.001 55.347 46.013 47.254 46.270 41.792 1.304 0.000 0.000 0.000 0.000 0.000 0.000 0.000 0.000 0.000 0.000 0.000 0.000 0.000 0.000 0.000 0.000 0.000 0.000 37.642 48.640 32.639 0.000 1.631 44.626 41.623 8.620 0.000 29.593 43.591 58.589 55.588 24.588 0.000 0.000 0.000 0.000 24.059 39.057 23.053 84.046 85.037 34.026 40.013 81.999 52.985 24.972 70.960 60.949 40.940 38.931 29.922 97.913 68.904 25.894 26.887
48.151 55.724 54.298 53.860 53.410 53.949 52.489 51.948 51.784 49.293 57.332 56.663 46.348 48.622 47.639 48.042 17.408 0.000 0.000 0.000 0.000 0.000 0.000 0.000 0.000 0.000 0.000 0.000 0.000 0.000 0.000 0.000 0.000 0.000 0.000 4.657 57.651 55.648 59.645 56.642 52.636 52.631 46.628 5.625 0.000 29.590 42.588 60.586 67.586 30.587 0.000 0.000 0.000 0.000 18.083 31.078 51.071 98.062 61.051 21.039 89.024 90.005 38.988 25.972 46.960 102.949 61.940 29.931 29.922 92.913 110.903 97.890 102.877
57.825 55.420 55.011 54.593 54.162 55.734 53.229 53.111 50.658 58.681 58.003 41.617 45.849 49.928 46.416 23.719 0.000 0.000 0.000 0.000 0.000 0.000 0.000 0.000 0.000 0.000 0.000 0.000 0.000 0.000 0.000 0.000 0.000 0.000 0.000 56.662 55.659 56.655 58.650 57.646 55.640 56.635 49.631 4.628 0.000 30.590 42.584 65.581 38.583 0.000 0.000 0.000 0.000 16.128 46.112 25.101 90.091 84.079 28.067 84.054 97.038 46.011 33.990 36.970 31.957 62.948 101.939 58.931 21.923 92.914 95.903 69.888 11.869
48.485 55.119 55.734 55.334 54.935 54.460 54.384 51.968 59.993 59.360 24.817 30.016 32.925 51.608 35.244 0.000 0.000 0.000 0.000 0.000 0.000 0.000 0.000 46.356 35.355 0.000 0.000 0.000 0.000 0.000 0.000 0.000 0.000 0.000 0.000 33.672 27.668 30.662 34.656 29.650 28.644 27.639 29.634 33.628 27.617 20.595 35.579 14.570 0.000 0.000 0.000 0.000 0.000 18.145 41.135 32.124 33.112 33.098 25.085 46.073 47.064 0.000 0.000 7.961 37.953 30.945 52.938 45.931 27.925 60.916 8.910 0.000 6.853
27.181 42.837 55.468 58.097 55.643 55.597 53.187 61.080 60.578 33.886 0.000 43.336 0.000 55.210 23.728 0.000 0.000 0.000 0.000 0.000 0.000 0.000 0.000 53.356 47.355 0.000 0.000 0.000 0.000 0.000 0.000 0.000 0.000 19.734 0.000 34.685 30.678 30.669 30.661 30.655 30.648 30.643 30.637 32.632 10.627 0.000 5.565 36.552 6.540 0.000 0.000 0.000 19.183 50.171 38.161 37.149 29.134 30.117 30.102 28.088 42.080 2.082 0.000 0.000 8.947 33.942 28.937 41.932 40.929 0.000 0.000 0.000 6.841
18.923 26.575 49.226 53.808 56.774 54.321 61.827 61.495 40.742 16.553 0.000 59.970 57.875 44.305 0.000 0.000 0.000 0.000 0.000 0.000 0.000 0.000 56.364 62.358 33.353 0.000 0.000 0.000 0.000 0.000 0.000 0.000 0.000 36.734 34.725 31.705 30.691 27.675 31.666 31.659 31.652 31.646 31.641 34.637 7.634 0.000 0.000 34.532 34.528 4.522 0.000 0.000 4.196 37.195 30.189 29.176 28.157 28.135 28.117 28.097 29.087 38.085 0.000 0.000 0.000 1.938 34.935 37.932 35.930 0.000 0.000 0.000 30.830
22.686 33.326 37.957 35.864 47.428 62.208 62.065 45.701 24.470 17.977 0.000 39.675 52.351 25.828 0.000 0.000 0.000 0.000 44.422 50.418 42.409 40.390 49.371 42.359 32.347 0.000 0.000 0.000 0.000 0.000 0.000 0.000 0.000 34.743 31.735 30.721 4.706 0.000 36.667 30.662 30.656 30.649 30.644 31.640 5.637 0.000 0.000 35.518 34.517 5.516 0.000 0.000 34.210 30.224 30.223 30.211 29.182 29.150 33.134 0.000 0.068 3.084 0.000 0.000 0.000 0.000 34.932 29.931 29.930 30.930 0.000 2.818 32.818
34.410 48.057 23.781 22.660 62.261 62.261 48.670 35.403 31.747 36.592 0.000 6.705 42.028 0.000 0.000 0.000 0.000 40.432 44.427 46.423 44.418 0.000 0.000 0.000 44.330 28.313 0.000 0.000 0.000 0.000 0.000 0.000 2.776 44.762 41.750 16.738 0.000 0.000 49.674 35.668 31.659 30.651 34.645 11.643 0.000 10.493 48.496 29.504 33.507 5.509 0.000 0.000 0.000 35.268 30.267 34.264 1.262 0.000 0.000 0.000 0.000 0.000 0.000 0.000 0.000 0.000 34.930 29.930 29.930 34.930 0.000 0.000 6.805
55.100 43.692 23.762 19.269 62.214 23.688 29.421 31.657 35.341 53.934 63.399 51.411 0.000 0.000 0.000 0.000 38.442 32.437 38.432 53.427 52.424 0.000 0.000 0.000 0.000 45.295 0.000 0.000 0.000 30.847 0.000 0.000 46.790 45.779 51.764 44.744 9.726 63.707 60.688 58.675 56.663 48.652 29.643 16.643 0.000 24.490 77.491 31.495 32.499 6.504 0.000 0.000 0.000 40.314 26.314 31.315 2.324 0.000 0.000 0.000 0.000 0.000 0.000 0.000 0.000 30.929 32.929 34.929 28.929 33.929 0.000 0.000 3.786
63.670 50.774 33.081 61.760 19.687 21.482 20.658 20.307 29.882 57.426 52.849 24.130 0.000 0.000 37.455 3.453 45.447 37.442 48.436 43.430 22.427 0.000 0.000 0.000 0.000 49.278 25.273 0.000 0.000 26.847 34.847 38.837 40.816 42.800 32.782 29.750 37.725 37.709 57.694 40.681 34.666 32.649 12.634 0.000 0.506 19.487 87.482 43.486 9.490 0.000 0.000 0.000 0.000 53.360 26.359 33.359 5.361 0.000 0.000 0.000 0.000 0.000 0.000 0.000 9.929 32.929 47.929 45.929 38.929 0.000 0.000 0.000 4.756
61.713 59.959 61.279 38.593 26.506 22.658 22.302 20.884 27.479 43.036 38.443 0.000 0.000 0.000 40.458 61.456 56.452 57.447 39.442 0.000 0.000 0.000 0.000 0.000 40.262 31.267 23.268 0.000 0.000 0.000 38.858 42.849 42.836 42.823 26.813 0.000 33.717 34.708 58.700 44.689 38.673 24.644 31.610 46.567 66.524 55.486 79.466 44.479 8.484 0.000 0.000 0.000 0.000 51.407 27.403 28.400 33.401 0.000 0.000 0.000 0.000 0.000 0.000 0.000 0.000 2.929 51.929 48.929 1.929 0.000 0.000 0.000 0.259
59.778 61.204 60.428 59.450 41.604 21.260 21.853 22.475 21.110 23.797 0.000 0.000 0.000 0.000 56.463 46.461 44.458 40.453 0.000 0.000 0.000 0.000 0.000 41.257 32.258 28.259 11.263 0.000 0.000 0.000 38.876 46.867 55.855 54.843 56.835 44.837 0.000 2.708 61.708 45.701 19.693 0.000 34.594 44.567 71.523 33.466 17.416 0.000 0.000 0.000 0.000 0.000 4.484 42.458 29.445 30.439 33.441 6.458 0.000 0.000 0.000 0.000 0.000 0.000 0.000 0.000 8.928 9.928 0.000 0.000 0.000 0.000 0.138
61.205 60.189 62.308 62.479 46.158 22.766 25.402 25.047 22.689 23.246 0.000 36.473 0.000 2.471 50.469 50.468 57.468 0.000 0.000 15.353 3.353 0.000 0.000 36.256 30.253 24.249 0.000 0.000 0.000 0.000 36.903 37.890 39.874 38.859 36.847 28.840 0.000 0.000 63.724 49.714 34.705 0.000 33.607 44.582 68.536 24.440 20.317 3.233 0.000 0.000 0.000 0.000 4.510 49.496 28.481 30.469 30.467 31.475 35.485 7.489 0.000 0.000 0.000 0.000 0.000 0.000 0.000 0.000 0.000 0.000 0.000 0.000 0.000
60.882 63.087 62.284 62.991 36.617 27.271 46.938 40.624 22.354 0.203 0.000 33.473 48.473 53.473 39.474 60.476 52.476 0.000 0.000 29.353 60.353 12.347 0.000 37.259 31.248 28.236 0.000 0.000 45.020 40.990 36.944 38.915 43.892 43.872 41.854 52.836 44.811 4.783 63.749 55.728 55.708 47.683 28.645 46.619 54.598 0.000 23.179 6.149 0.000 0.000 0.000 0.000 14.551 53.534 25.515 27.489 28.484 29.488 34.492 6.493 0.000 0.000 0.000 0.000 0.000 0.000 0.000 0.000 0.000 0.000 0.000 0.000 0.000
