results2_8e3_rain/res_3e8f-0111.wd
ncols         241
nrows         181
xllcorner     12693529.787448
yllcorner     3542525.717860
cellsize      155.156523
NODATA_value  -9999.000000
[rows 66 to 98 of 181, columns 73 to 145 of 241]
69.200 33.189 0.000 58.369 75.348 74.319 74.291 0.000 45.710 45.693 58.703 54.712 53.691 53.647 52.581 128.486 116.321 0.000 0.000 0.000 49.120 44.062 48.976 51.919 51.872 53.829 54.789 59.745 60.704 61.660 52.599 0.000 0.000 49.896 99.896 81.807 85.660 85.740 83.786 91.712 84.183 84.657 85.391 84.158 83.931 84.721 54.563 0.000 0.000 0.000 0.000 0.000 0.000 0.000 33.496 31.478 31.443 31.394 31.332 31.266 35.196 48.122 45.046 29.969 40.891 49.814 28.739 31.666 37.593 42.521 38.450 32.380 30.311
54.201 60.178 0.000 46.578 70.543 69.516 63.518 16.599 0.000 0.000 51.778 64.853 53.852 52.822 53.780 34.740 0.000 0.000 0.000 0.000 0.000 0.000 59.917 57.893 55.863 38.826 41.786 48.741 49.708 54.676 45.638 0.000 0.000 0.000 60.136 78.042 84.973 85.060 92.149 91.938 84.262 84.945 84.651 84.435 84.219 79.027 36.891 0.000 1.082 34.082 0.000 0.000 0.000 39.533 34.533 31.512 31.476 31.428 31.370 31.307 31.238 31.166 38.092 52.017 52.941 35.866 29.792 30.719 31.647 35.576 34.505 30.436 30.368
56.209 55.144 60.013 57.820 71.731 64.683 65.667 62.680 0.000 0.000 0.000 67.070 62.043 57.009 58.976 5.954 0.000 0.000 0.000 0.000 0.000 0.000 58.881 54.872 45.861 0.000 0.000 46.726 58.712 57.698 0.000 0.000 5.845 62.725 54.470 58.290 65.364 80.420 92.346 84.013 85.562 85.121 84.926 84.704 82.485 65.276 44.083 50.083 48.083 29.083 0.000 0.000 0.000 0.000 48.590 30.563 31.522 35.473 43.415 33.352 31.284 30.213 34.140 49.066 55.992 47.917 33.844 28.772 30.700 30.630 30.560 30.491 29.423
56.248 54.175 58.076 68.960 62.876 55.820 74.786 63.773 15.788 0.000 9.454 59.313 75.242 70.195 70.163 73.145 0.000 0.000 0.000 0.000 4.841 4.845 56.855 47.853 50.848 0.000 0.000 0.000 94.714 121.706 36.706 0.000 61.964 56.862 56.699 56.605 52.685 92.707 92.532 85.065 88.665 85.407 85.192 84.972 76.740 29.508 0.000 52.083 30.083 0.000 0.000 0.000 36.781 35.746 34.675 30.626 34.578 46.525 51.466 49.402 42.334 32.263 41.190 49.116 28.042 33.968 46.895 43.824 39.753 47.683 28.614 30.545 28.477
54.303 60.234 70.153 62.068 53.995 53.935 66.885 74.838 70.803 73.731 75.595 70.488 65.415 67.366 56.335 55.319 0.000 0.000 0.000 5.835 61.837 60.839 48.841 50.838 51.829 55.813 54.802 0.000 5.725 0.000 0.000 8.349 68.187 61.058 55.897 56.986 55.030 92.867 54.693 62.277 76.868 84.684 85.465 83.253 41.997 0.000 0.000 0.000 0.000 0.000 0.000 37.838 31.815 31.784 31.737 32.690 42.639 51.583 50.522 50.456 46.386 42.314 52.240 35.166 30.091 31.018 30.946 40.875 53.806 40.737 28.667 29.598 35.531
60.368 71.304 61.235 54.165 55.099 55.040 56.981 40.892 66.856 64.795 56.708 53.627 52.564 68.520 70.491 57.477 0.000 0.000 0.000 61.833 57.833 54.833 47.832 51.828 51.820 51.807 51.791 10.766 13.736 14.706 16.652 84.511 81.379 70.249 69.204 58.201 93.150 93.015 56.751 63.395 58.167 64.965 83.732 58.578 0.000 0.000 0.000 0.000 0.000 0.000 0.000 37.861 31.858 31.837 31.801 32.756 41.705 51.646 50.583 49.514 46.442 51.368 45.292 29.216 31.141 31.067 30.995 40.925 48.858 27.790 30.722 33.649 52.583
71.439 61.380 54.318 55.256 55.197 56.145 37.106 0.000 23.933 51.884 54.816 54.748 54.695 52.658 76.633 60.621 0.000 0.000 0.000 38.831 55.829 49.828 50.826 51.821 51.814 51.804 51.790 62.771 2.746 6.731 23.740 76.665 86.561 8.449 90.370 80.561 93.268 55.332 68.972 65.612 55.479 52.278 48.920 33.749 0.000 0.000 33.425 0.000 0.000 0.000 0.000 33.889 31.917 31.906 31.875 31.830 32.777 38.716 46.648 46.576 46.500 50.422 28.344 31.265 31.188 30.114 36.042 52.974 35.909 29.846 32.781 13.691 14.625
61.515 54.460 55.402 55.344 55.288 58.237 14.193 12.158 5.061 49.992 54.924 56.855 54.811 53.782 71.763 67.754 0.000 0.000 0.000 0.000 46.825 49.824 51.822 51.818 51.812 51.804 53.795 39.783 0.000 0.000 73.911 76.846 87.755 93.625 87.728 85.763 93.369 76.385 79.085 63.925 56.828 49.752 0.000 0.000 0.000 0.000 31.425 0.000 0.000 0.000 0.000 0.000 35.014 31.996 31.961 31.914 31.857 31.791 31.719 38.642 46.561 34.478 31.395 31.314 31.234 34.158 47.087 47.020 28.958 30.905 33.864 0.842 0.000
54.595 55.542 55.487 55.430 55.374 55.321 59.271 60.222 60.159 56.099 56.034 35.934 52.914 53.895 69.882 68.878 0.000 0.000 0.000 0.000 45.823 51.822 51.819 51.816 51.812 51.807 39.801 0.000 0.000 2.315 79.148 85.056 87.956 87.901 86.978 93.504 85.874 88.589 83.276 68.215 58.154 57.150 57.288 0.000 0.000 0.000 28.426 35.426 28.426 0.000 0.000 0.000 50.131 31.102 32.060 32.007 31.945 32.874 31.796 31.712 31.624 31.534 31.446 31.359 30.277 36.199 51.126 28.060 31.001 30.950 32.913 7.899 0.000
55.679 55.627 55.572 55.516 55.458 55.401 55.348 55.299 55.253 55.211 59.179 0.000 46.016 55.003 70.993 65.997 2.040 0.000 0.000 0.000 50.821 53.820 53.818 53.816 51.813 54.811 0.000 0.000 0.000 71.452 77.363 88.273 88.152 88.259 86.305 93.714 87.012 91.654 87.544 88.476 76.425 64.406 53.426 48.426 50.426 0.000 0.000 34.427 29.426 35.422 36.407 34.369 40.276 50.222 32.170 33.111 42.043 48.965 30.878 31.785 31.688 31.590 31.494 30.402 35.315 54.234 48.160 37.094 30.034 30.983 32.938 47.899 65.843
55.767 55.715 55.660 55.602 55.541 55.478 55.422 58.373 56.343 55.314 59.292 0.000 46.130 55.108 72.088 64.079 4.084 0.000 0.000 0.000 23.820 33.819 32.818 32.816 53.814 38.812 0.000 0.000 0.000 73.655 83.582 88.490 88.446 87.548 94.359 94.055 88.081 88.923 87.779 87.721 88.666 79.621 44.585 0.000 0.000 0.000 0.000 32.429 32.431 29.431 31.431 32.424 31.385 38.339 52.286 35.224 33.150 43.064 30.968 31.862 31.753 31.645 31.539 31.439 39.347 52.263 39.187 51.120 29.061 30.008 34.960 55.914 67.863
55.857 55.805 55.750 55.692 55.626 58.549 60.487 32.430 53.430 56.410 58.384 18.360 49.267 54.213 66.172 64.146 5.132 0.000 0.000 0.000 0.000 0.000 0.000 0.000 34.814 0.000 0.000 0.000 22.100 71.930 88.820 88.699 88.814 86.897 94.634 86.674 92.378 88.072 88.024 87.956 87.896 77.829 38.707 0.000 0.000 0.000 0.000 0.000 35.437 36.443 23.461 31.510 32.500 32.464 36.413 52.348 35.269 32.175 32.065 31.944 31.819 31.696 29.579 35.470 54.370 35.283 34.206 48.139 32.080 30.028 36.980 62.935 67.888
55.949 55.897 55.845 55.789 57.722 33.606 35.546 0.000 15.539 51.511 55.473 59.429 55.365 58.303 63.242 68.200 7.166 0.000 0.000 0.000 0.000 0.000 0.000 0.000 0.000 0.000 0.000 5.390 81.270 83.148 89.040 88.994 88.112 95.131 94.891 87.739 88.452 88.323 88.252 88.187 87.132 67.092 0.000 0.000 0.000 0.000 0.000 0.000 0.000 27.443 0.000 38.656 35.640 31.604 31.553 33.486 50.403 39.301 31.176 32.030 31.882 30.742 35.611 37.491 36.383 33.292 31.215 31.150 31.094 32.044 44.999 66.957 67.916
56.041 55.990 55.943 55.899 60.865 0.000 0.000 21.766 13.677 47.620 56.570 54.519 56.459 68.392 40.294 34.247 0.000 0.000 0.000 0.000 0.000 0.000 0.000 0.000 0.000 0.000 0.000 68.510 73.441 87.351 89.234 89.363 87.457 95.351 87.244 88.918 88.610 88.550 88.474 88.409 80.353 57.314 0.000 0.000 0.000 0.000 0.000 0.000 0.000 0.000 0.000 42.819 37.799 31.761 29.709 32.642 32.558 48.450 41.307 32.117 32.938 30.778 37.633 37.499 34.379 28.286 31.213 31.153 33.101 47.055 66.015 67.978 70.944
57.131 55.081 55.036 54.999 57.976 27.983 24.943 56.856 61.782 55.722 53.669 60.616 70.562 73.513 0.000 0.000 0.000 0.000 0.000 0.000 0.000 0.000 0.000 0.000 0.000 0.000 0.000 70.700 78.635 88.546 89.537 88.575 95.757 95.560 88.278 88.981 88.842 88.763 88.689 88.620 70.556 52.499 0.000 0.000 0.000 0.000 0.000 0.000 0.000 0.000 0.000 41.002 38.976 38.933 35.879 28.814 30.736 31.635 47.486 47.193 43.977 40.799 33.642 32.496 29.346 30.261 31.199 35.147 55.102 67.062 67.027 67.996 66.969
71.215 70.166 69.122 67.085 64.055 65.031 64.990 61.932 62.873 64.818 64.766 70.714 72.659 30.586 0.000 0.000 0.000 0.000 0.000 0.000 0.000 0.000 0.000 0.000 0.000 9.216 17.137 71.955 88.846 89.754 89.703 88.931 95.940 87.759 89.432 89.119 89.052 88.970 88.897 86.828 68.753 39.626 0.000 0.000 0.000 0.000 0.000 0.000 0.000 0.000 0.000 31.212 35.170 38.117 39.060 38.000 34.936 30.869 24.807 0.000 0.000 0.000 0.000 0.000 33.250 31.214 34.174 55.134 68.098 67.065 68.036 71.010 66.988
67.295 69.246 68.202 70.163 72.128 71.095 70.056 68.009 65.960 65.912 66.864 62.817 62.773 0.000 0.000 0.000 0.000 0.000 0.000 0.000 0.000 0.000 0.000 0.000 0.000 58.296 81.239 80.136 89.042 89.930 90.057 88.159 96.111 89.855 89.459 89.334 89.249 89.171 89.101 85.042 65.001 0.000 0.000 0.000 0.000 0.000 0.000 0.000 0.000 0.000 38.617 33.464 30.375 32.306 37.246 39.190 39.140 40.097 31.068 0.000 0.000 0.000 0.000 0.000 34.189 32.172 48.147 69.119 67.091 67.065 67.041 68.020 67.002
55.368 55.320 56.277 63.237 72.201 78.165 66.128 60.088 55.046 53.005 51.962 57.915 36.844 0.000 0.000 0.000 0.000 0.000 0.000 0.000 0.000 0.000 0.000 0.000 0.000 64.432 80.387 88.312 90.226 90.193 89.323 96.413 96.268 91.876 89.681 89.519 89.441 89.362 89.294 84.240 59.207 0.000 0.000 0.000 0.000 0.000 0.000 0.000 0.000 38.900 33.771 33.651 33.559 32.486 29.426 34.376 38.336 39.310 36.301 0.000 0.000 0.000 0.000 37.132 31.146 35.139 63.124 67.104 67.083 67.062 67.043 67.026 67.012
54.437 54.390 58.347 63.308 65.272 68.238 58.203 54.168 55.133 55.098 57.064 35.037 0.000 0.000 0.000 0.000 0.000 0.000 0.000 0.000 0.000 0.000 0.000 0.000 0.000 50.614 79.565 89.497 90.396 90.526 88.636 96.547 89.430 91.102 89.781 89.714 89.624 89.545 89.473 80.416 53.381 0.000 0.000 0.000 0.000 0.000 0.000 0.000 38.149 34.029 33.915 33.812 33.725 33.654 33.596 30.550 29.519 32.506 39.525 39.615 0.000 0.000 0.000 31.120 32.121 50.116 67.105 66.090 66.074 67.058 67.043 67.029 67.018
54.500 54.455 56.414 57.377 55.342 54.310 55.279 54.249 54.220 54.191 59.160 4.131 0.000 0.000 0.000 0.000 0.000 0.000 0.000 0.000 0.000 0.000 0.000 0.000 2.024 58.844 87.765 90.685 90.656 89.787 96.790 96.673 92.431 90.130 89.983 89.892 89.803 89.718 90.639 70.569 58.520 0.000 0.000 37.811 0.000 37.553 39.505 39.413 34.269 34.152 34.049 33.956 33.876 33.809 33.754 33.712 32.683 29.671 38.679 39.705 32.705 0.000 0.000 39.105 31.104 39.099 45.090 48.079 52.066 58.053 64.041 66.030 66.022
55.560 55.517 55.478 55.442 55.410 54.381 54.354 54.330 54.307 53.284 61.255 12.197 0.000 0.000 0.000 0.000 0.000 0.000 0.000 0.000 0.000 0.000 0.000 0.000 43.167 79.058 89.967 90.857 90.997 89.089 96.895 89.889 91.561 90.243 90.167 90.069 89.977 89.886 90.795 62.701 40.610 0.000 0.000 33.811 0.000 32.602 34.548 34.465 34.362 34.263 34.171 34.088 34.014 33.951 33.899 33.859 31.831 33.817 39.815 36.821 0.000 0.000 0.000 38.093 37.090 36.085 35.078 34.069 33.058 37.048 48.038 44.030 46.023
53.614 53.574 53.538 53.505 53.475 53.449 53.427 54.408 56.394 58.384 33.378 0.420 0.000 0.000 0.000 0.000 0.000 0.000 0.000 1.352 10.343 0.000 0.000 13.509 54.371 85.257 91.151 91.139 90.167 97.078 96.991 92.883 90.587 90.436 90.340 90.244 90.148 90.053 85.956 32.828 0.000 0.000 0.000 33.812 39.790 34.703 34.622 34.538 34.451 34.367 34.286 34.210 34.142 34.083 34.033 33.994 30.966 39.950 39.943 35.944 0.000 0.000 0.000 37.083 36.080 37.074 37.068 37.060 37.051 37.043 36.035 36.028 35.022
54.665 54.628 57.594 61.564 64.537 68.514 70.496 73.482 72.476 64.480 2.507 13.578 37.625 5.650 0.000 0.000 0.000 0.000 0.000 41.361 68.337 8.301 0.000 47.648 80.550 90.440 91.339 91.269 90.493 97.153 89.326 91.010 90.691 90.614 90.514 90.417 90.320 91.223 78.147 0.000 0.000 0.000 0.000 13.834 33.856 34.799 36.701 36.611 34.539 34.467 34.395 34.326 34.261 34.205 34.157 31.118 36.090 39.073 40.066 31.067 0.000 0.000 0.000 21.077 42.071 42.065 39.059 36.051 36.044 37.037 38.030 38.024 37.020
56.712 55.678 62.647 71.619 72.595 71.575 70.560 69.550 66.547 60.554 35.576 52.614 70.648 39.674 23.698 0.000 0.000 0.000 12.426 51.391 65.344 4.264 23.110 64.884 89.740 92.626 91.467 91.680 89.655 97.216 91.314 91.027 90.878 90.784 90.688 90.592 90.490 92.374 36.260 0.000 0.000 0.000 0.000 0.000 30.001 35.938 16.769 16.669 33.626 34.568 34.502 34.436 34.373 34.318 33.271 31.232 40.204 40.186 37.179 31.191 37.240 0.000 0.000 0.000 53.062 68.058 61.051 57.044 53.037 49.031 52.025 52.020 35.017
56.755 56.724 59.696 62.671 61.650 59.632 57.618 55.610 53.608 53.614 62.630 64.653 61.678 58.701 62.722 10.740 0.000 0.000 52.462 82.434 33.382 29.302 63.183 87.037 91.909 91.769 91.890 89.845 97.299 89.724 91.437 91.123 91.050 90.954 90.863 90.772 93.673 50.524 0.000 0.000 0.000 0.000 0.000 0.000 32.208 37.184 0.000 0.000 30.728 34.678 34.610 34.542 34.479 34.423 31.376 39.337 40.307 39.287 30.276 34.277 34.289 0.000 0.000 0.000 21.057 51.053 69.044 68.036 68.029 68.024 68.019 62.015 52.012
56.796 56.768 56.743 55.720 55.700 56.684 56.671 56.663 54.661 55.665 60.676 63.692 59.711 54.730 57.747 12.759 0.000 0.000 44.525 54.499 32.450 65.378 80.284 89.173 92.062 91.999 91.100 97.681 97.442 90.718 91.446 91.303 91.213 91.123 91.037 90.959 93.907 0.000 0.000 9.285 18.285 0.000 0.000 33.546 36.440 35.405 42.448 0.000 30.881 34.805 34.719 34.642 34.577 32.521 34.473 40.433 40.402 32.378 33.362 34.353 34.350 0.000 0.000 0.000 0.000 0.000 51.035 67.027 67.021 67.017 67.013 68.009 68.007
56.835 56.810 56.787 56.766 56.747 56.732 56.720 55.712 54.708 58.709 62.715 62.727 57.743 53.761 58.778 11.790 0.000 0.000 40.615 9.587 56.541 80.478 86.399 92.314 92.172 92.387 90.381 97.894 90.144 91.854 91.540 91.469 91.376 91.288 91.202 98.122 82.088 0.000 5.284 55.285 41.285 0.000 0.000 28.651 36.601 35.549 35.491 41.357 39.112 37.941 34.818 34.733 34.666 31.610 39.562 40.521 36.488 31.461 34.440 34.423 36.409 40.420 0.000 0.000 0.000 0.000 0.000 64.015 67.012 67.009 67.006 68.003 66.000
56.873 56.851 56.829 56.809 56.792 56.776 55.764 54.755 56.750 60.748 63.750 59.759 54.774 53.793 56.815 38.832 25.846 26.816 22.733 23.692 63.649 84.594 90.529 92.430 92.577 90.575 98.267 98.089 91.154 91.866 91.718 91.627 91.537 91.450 96.361 39.240 54.235 24.274 55.284 63.286 0.000 0.000 0.000 27.807 36.765 35.699 35.609 45.470 56.267 30.029 39.880 35.804 32.745 34.692 40.644 39.603 30.568 33.539 34.515 34.490 21.444 22.432 0.000 0.000 0.000 0.000 0.000 45.007 66.004 67.001 66.998 70.996 66.993
56.912 56.890 56.869 56.850 56.833 56.818 54.806 54.796 58.788 65.782 66.778 62.784 57.799 55.824 55.856 57.878 57.888 66.871 7.810 41.800 79.768 86.721 92.664 92.642 91.783 98.585 98.431 91.516 92.295 91.956 91.881 91.784 91.695 91.614 99.553 0.000 37.340 39.302 29.291 31.289 0.000 0.000 0.000 31.006 36.952 35.875 41.777 57.647 34.457 0.000 20.869 33.859 31.817 39.768 40.720 36.678 33.642 34.613 34.591 36.577 0.000 0.000 0.000 0.000 0.000 0.000 37.001 18.001 56.997 66.994 66.991 71.989 66.986
56.950 56.928 56.908 56.890 56.873 55.858 54.845 56.834 63.825 40.815 16.798 15.799 12.815 42.848 59.905 54.937 57.959 38.968 0.959 46.930 84.901 90.866 92.768 93.023 91.056 98.727 91.855 92.631 92.198 92.137 92.030 91.935 91.844 92.759 90.685 12.628 12.484 0.000 0.000 0.000 0.000 0.000 30.409 38.259 36.161 35.071 54.976 58.884 0.000 0.000 0.000 29.944 35.898 40.843 40.791 30.746 34.709 34.680 34.661 37.650 0.000 0.000 0.000 0.000 0.000 0.000 16.001 0.000 44.987 66.986 66.984 72.982 66.980
56.987 56.965 56.946 56.927 55.910 54.895 56.882 59.871 67.862 26.856 0.000 0.000 0.000 0.000 41.979 57.007 58.041 44.077 46.115 72.077 89.049 92.988 93.174 91.208 98.976 98.857 92.839 92.533 92.383 92.279 92.179 92.082 91.987 94.891 79.800 8.714 0.000 0.000 0.000 0.000 0.000 0.000 30.558 37.462 36.364 34.272 62.174 23.029 0.000 0.000 36.196 41.076 40.989 40.916 38.855 33.806 34.767 34.739 34.721 36.713 0.000 40.795 0.000 0.000 0.000 0.000 0.000 0.000 37.979 66.979 66.978 66.977 66.975
57.022 57.001 56.982 56.964 55.946 54.930 58.916 62.905 66.896 24.892 0.000 0.000 0.000 0.000 22.025 65.071 60.122 66.185 79.223 88.219 92.195 93.217 92.380 99.187 99.086 92.180 92.954 92.611 92.527 92.422 92.324 92.228 96.129 59.021 30.910 0.000 0.000 0.000 0.000 0.000 0.000 33.006 37.804 36.665 38.561 35.478 59.420 0.000 0.000 31.462 38.316 54.176 43.064 39.977 35.909 33.856 33.816 34.788 34.771 34.768 39.788 35.795 26.795 0.000 0.000 0.000 33.967 35.968 34.972 66.973 66.972 66.972 66.971
57.056 57.036 57.017 56.999 54.981 56.964 62.949 63.935 61.926 48.924 9.934 0.000 0.000 0.000 0.000 18.131 14.191 54.319 85.373 89.379 93.338 93.522 91.658 99.279 91.497 93.274 92.839 92.773 94.661 93.561 92.466 92.376 98.282 21.151 0.000 0.000 0.000 0.000 0.000 14.544 53.439 53.207 40.989 37.834 48.737 43.661 44.606 5.610 0.000 29.609 34.429 45.248 41.115 45.019 38.947 41.893 40.853 37.825 34.807 33.800 33.802 39.802 0.000 0.000 0.000 0.000 30.966 30.966 40.967 66.968 66.967 66.967 66.966
