results2_8e3_rain/res_3e8f-0101.wd
ncols         241
nrows         181
xllcorner     12693529.787448
yllcorner     3542525.717860
cellsize      155.156523
NODATA_value  -9999.000000
[rows 99 to 131 of 181, columns 73 to 145 of 241]
56.464 56.447 56.430 55.414 55.398 60.383 63.367 60.352 56.341 56.336 50.337 6.339 0.000 0.000 0.000 0.000 0.000 12.030 70.105 95.106 93.123 92.298 99.002 98.929 92.032 92.726 92.571 92.460 93.353 93.252 92.161 96.082 55.025 0.000 0.000 0.000 0.000 0.000 0.000 23.126 49.038 60.861 28.562 10.389 40.333 43.261 41.171 45.044 41.776 39.336 8.930 33.647 37.496 52.392 58.318 61.263 59.223 54.195 47.176 42.165 37.160 15.152 0.000 0.000 0.000 0.000 9.136 27.135 39.135 63.134 64.134 64.134 64.133
56.492 56.475 55.459 53.443 57.427 62.410 63.392 63.369 57.354 54.346 59.342 59.342 20.342 0.000 15.055 45.014 21.933 1.628 58.386 98.278 93.538 93.562 99.064 91.354 93.140 92.792 92.702 92.588 92.479 92.377 94.286 93.211 29.159 0.000 0.000 0.000 0.000 0.000 0.000 27.325 33.258 44.182 0.000 0.000 35.511 43.448 42.344 46.190 45.949 16.642 0.000 28.542 42.469 47.380 68.318 69.272 69.238 70.212 71.194 69.184 50.179 0.000 0.000 0.000 0.000 0.000 0.000 26.132 39.131 63.131 64.130 64.129 64.129
56.519 55.504 55.488 58.472 61.456 62.439 37.421 1.382 30.360 66.350 39.345 13.343 5.342 0.000 26.096 76.053 72.967 64.826 83.620 94.744 91.722 99.150 92.645 93.449 93.013 92.945 92.826 92.713 92.599 93.490 91.396 79.317 26.240 0.000 0.000 0.000 0.000 0.000 30.763 37.592 35.487 36.426 9.459 0.000 41.753 59.675 52.567 47.424 22.186 0.000 0.000 11.509 1.454 41.342 66.303 70.270 68.243 68.222 68.207 70.197 43.193 37.197 37.198 43.198 0.000 0.000 0.000 3.130 38.128 63.127 64.126 64.125 64.124
55.547 54.533 59.518 62.502 62.485 62.469 27.458 0.000 0.000 9.350 0.347 0.000 0.000 0.000 19.179 82.136 88.057 95.948 95.869 92.972 99.508 99.287 92.619 93.328 93.177 93.065 92.953 92.837 92.715 98.589 48.490 16.423 0.356 0.000 0.000 0.000 0.000 22.083 39.934 35.791 35.673 34.577 40.491 6.337 35.074 60.930 59.827 57.752 0.000 0.000 0.000 0.000 0.000 39.300 68.283 72.262 69.243 68.226 66.213 55.205 36.200 32.199 33.199 17.199 0.000 0.000 0.000 0.000 34.124 63.123 64.122 64.122 60.120
54.576 60.564 62.549 62.532 60.513 66.494 36.483 0.000 0.000 0.000 0.000 0.000 0.000 0.000 30.306 88.254 91.184 95.044 94.259 94.254 99.707 92.016 93.720 93.392 93.304 93.192 93.082 96.967 102.835 57.659 26.554 1.514 0.000 0.000 0.000 0.000 23.354 46.232 40.100 32.966 37.839 41.717 38.593 36.445 50.275 54.147 44.057 52.007 0.000 0.000 0.000 0.000 0.000 45.274 69.266 74.254 73.240 69.226 64.216 33.208 31.204 32.202 39.201 0.000 0.000 0.000 0.000 28.120 32.120 61.120 64.119 64.118 58.117
61.607 62.597 62.583 61.564 39.543 5.511 24.497 26.496 0.000 0.000 0.000 0.000 0.000 21.602 74.483 88.401 91.296 93.441 94.436 100.055 99.888 92.999 93.699 93.536 93.428 93.320 97.216 59.115 19.000 0.000 36.541 22.531 0.000 0.000 0.000 0.000 31.476 65.390 56.269 51.135 45.998 46.860 44.720 45.576 58.436 52.324 36.248 38.211 0.000 0.000 0.000 0.000 0.000 45.257 73.253 38.248 36.237 68.224 71.215 41.209 32.205 37.203 7.202 0.000 0.000 0.000 0.000 1.119 28.118 46.117 62.116 65.115 58.114
62.642 62.635 58.620 62.598 44.583 0.000 15.496 45.496 0.000 0.000 0.000 0.000 11.819 73.721 87.625 93.540 93.503 93.634 100.353 100.209 92.339 94.111 93.757 93.666 93.551 93.444 97.347 69.276 1.250 0.000 6.537 9.534 0.000 0.000 0.000 0.000 18.684 50.584 55.451 65.307 61.158 49.005 51.850 60.702 55.569 43.466 35.399 36.379 10.433 11.446 0.000 0.000 0.000 43.244 77.242 0.000 0.000 17.216 64.212 54.208 35.205 14.204 0.000 0.000 0.000 0.000 0.000 0.000 1.116 25.115 51.114 61.113 54.112
60.681 57.679 56.666 72.625 51.607 0.000 14.496 42.496 0.000 0.000 0.000 5.992 69.918 82.837 92.762 95.635 94.871 92.892 100.486 91.659 93.429 89.985 91.909 93.785 93.670 94.556 88.451 78.381 26.346 0.000 0.000 0.000 0.000 0.000 0.000 6.243 40.992 45.810 45.645 47.485 56.322 59.152 61.975 55.812 42.674 36.571 35.504 34.474 38.473 23.459 0.000 0.000 0.000 32.232 69.229 35.221 24.216 16.213 59.209 65.206 45.204 0.000 0.000 0.000 0.000 0.000 0.000 0.000 0.000 20.112 44.112 49.111 36.110
54.726 63.736 59.738 0.653 1.615 0.000 5.496 5.496 0.000 0.000 0.000 7.067 86.021 87.959 95.864 95.022 94.035 100.722 100.609 93.623 93.307 93.145 93.024 91.905 92.785 94.661 51.521 2.451 0.000 0.000 0.000 0.000 0.000 10.031 26.829 41.495 52.232 49.020 47.836 44.664 45.493 48.305 60.088 60.897 52.743 41.639 34.573 34.539 36.527 0.000 0.000 0.000 0.000 17.224 59.221 37.217 33.215 33.211 65.206 68.203 51.200 14.197 4.196 47.195 0.000 0.000 0.000 0.000 0.000 23.111 47.110 42.109 28.108
55.771 65.799 52.825 0.000 0.000 0.000 2.496 14.496 0.000 0.000 0.000 73.188 83.143 95.080 95.068 94.202 100.923 100.826 92.945 94.715 94.363 94.267 94.145 94.025 95.904 45.783 0.000 0.000 0.000 0.000 0.000 0.101 25.505 42.232 54.963 50.675 49.419 49.202 49.014 49.844 47.679 46.489 20.174 38.944 63.763 45.669 33.612 36.581 34.568 22.576 0.000 0.000 0.000 18.220 51.215 29.213 0.000 0.000 21.201 58.199 47.198 56.196 63.195 22.195 0.000 0.000 0.000 0.000 0.000 0.000 38.107 36.107 29.107
53.812 57.866 56.937 33.031 0.000 0.000 0.000 0.495 3.494 0.000 26.462 86.353 93.281 95.192 95.342 93.455 101.012 93.242 95.019 94.580 94.508 94.384 95.265 96.145 58.025 0.000 0.000 0.000 0.000 0.000 2.552 45.191 55.778 51.430 50.115 49.824 49.569 49.354 49.173 49.020 48.892 57.798 0.000 0.000 31.697 40.661 32.627 41.604 41.591 23.583 0.000 0.000 0.000 0.000 35.207 72.205 40.202 0.000 14.197 59.196 53.195 44.194 44.193 0.000 0.000 0.000 0.000 0.000 0.000 0.000 17.105 28.105 29.105
65.836 3.914 60.027 58.125 47.244 6.325 0.000 0.000 0.000 17.655 76.570 90.484 96.409 95.381 94.524 101.163 101.091 94.194 94.889 94.733 94.619 95.506 97.387 58.266 0.000 0.000 0.000 0.000 1.494 32.158 42.813 54.408 50.985 50.595 47.244 46.936 46.680 47.473 49.305 49.171 52.071 29.012 0.000 0.000 11.668 36.651 35.631 53.616 49.608 0.000 0.000 0.000 0.000 0.000 19.202 64.200 76.198 33.195 59.195 73.194 65.193 41.192 34.190 6.189 0.000 0.000 0.000 0.000 0.000 0.000 23.104 29.104 33.104
47.824 0.954 62.133 52.197 59.283 51.406 12.608 1.562 10.774 77.740 86.678 96.615 95.484 95.736 93.750 101.224 93.491 95.280 94.936 94.849 95.737 96.632 50.510 0.000 0.000 0.000 0.000 0.000 44.710 55.425 53.070 51.642 53.161 52.720 58.331 62.995 57.743 50.552 44.403 48.290 54.210 12.167 0.000 0.000 7.655 39.643 40.632 62.623 50.617 0.000 0.000 0.000 0.000 0.000 7.197 59.196 68.195 73.194 69.193 69.192 73.191 57.190 36.189 37.187 6.186 0.000 0.000 0.000 0.000 25.102 30.102 28.102 33.102
0.000 0.000 30.211 81.247 44.287 0.000 0.000 15.913 75.891 80.852 94.803 95.689 95.948 93.861 101.310 93.756 95.562 95.134 95.073 95.958 92.849 47.777 0.000 0.000 0.000 0.000 0.816 47.403 55.073 52.762 52.402 55.931 30.295 8.793 11.365 27.971 53.746 55.587 56.466 48.374 49.312 10.279 0.000 0.000 0.000 20.635 38.630 45.625 44.622 0.000 0.000 0.000 0.000 0.000 7.194 50.193 63.192 68.192 69.191 70.190 66.189 62.189 47.187 35.186 39.185 45.184 0.000 0.000 0.000 0.000 28.101 29.101 31.101
0.000 0.000 7.253 82.295 69.329 0.000 0.000 23.055 84.025 91.983 95.907 97.076 97.090 101.639 101.438 94.710 95.422 95.280 95.178 90.072 79.924 30.851 0.000 0.000 0.455 36.200 45.017 56.700 53.419 53.149 56.842 34.387 0.000 0.000 0.000 13.776 51.685 48.586 52.499 58.430 58.383 36.360 0.000 0.000 0.000 2.631 40.628 34.625 41.624 0.000 0.000 0.000 0.000 0.000 12.191 37.191 54.190 68.190 63.189 56.189 58.188 19.188 44.186 53.185 46.183 42.183 0.000 0.000 0.000 0.000 0.000 23.099 28.099
0.000 0.000 0.000 10.350 59.405 1.096 11.305 77.226 89.172 96.120 96.109 96.261 102.002 101.825 94.005 95.800 95.463 95.388 88.296 54.225 0.000 0.000 0.000 8.677 54.575 48.374 56.183 53.963 53.754 54.571 32.433 0.000 0.000 0.000 0.000 12.674 54.631 48.572 48.514 50.465 54.431 56.417 8.432 0.000 0.000 0.000 21.626 40.625 15.624 0.000 0.000 0.000 0.000 0.000 5.189 33.189 44.188 51.188 43.187 40.187 5.188 0.000 0.000 37.183 41.182 50.182 0.000 0.000 0.000 0.000 0.000 17.099 28.098
0.000 0.000 0.000 0.000 0.000 11.483 80.433 85.373 96.322 96.220 97.476 97.525 102.168 94.312 96.087 95.651 95.588 85.483 74.393 38.309 0.000 0.000 0.000 48.779 70.685 55.537 47.378 55.213 53.064 55.948 25.886 0.000 0.000 0.000 8.601 43.614 50.594 49.558 49.519 46.485 42.460 44.447 6.446 0.000 0.000 0.000 2.625 47.624 0.000 0.000 0.000 0.000 0.000 0.000 5.187 35.187 34.186 33.186 31.185 37.185 0.000 0.000 0.000 12.182 35.181 53.180 0.000 0.000 0.000 0.000 0.000 0.000 21.097
0.000 0.000 0.000 0.000 0.000 83.615 82.572 96.519 96.439 97.613 97.658 102.471 102.324 95.268 96.949 94.788 80.670 69.573 43.483 0.000 0.000 0.000 43.131 60.976 60.847 67.713 55.578 45.449 51.341 61.273 64.276 27.425 0.000 0.000 7.588 55.586 49.572 49.548 48.521 44.495 38.476 39.464 5.460 0.000 0.000 0.000 0.000 20.623 28.623 0.000 0.000 0.000 0.000 0.000 13.186 37.185 31.185 32.184 32.184 34.183 17.182 0.000 0.000 0.000 22.179 43.178 21.177 0.000 0.000 0.000 0.000 0.000 16.097
0.000 0.000 0.000 0.000 22.893 83.791 95.722 96.661 97.646 99.808 102.745 102.610 94.582 96.342 92.990 81.886 70.736 42.654 0.000 0.000 0.000 45.428 66.286 52.146 44.016 57.890 69.771 57.664 60.578 61.526 48.521 54.574 33.642 0.000 15.577 47.572 43.560 50.542 45.520 37.500 36.484 40.474 2.470 0.000 0.000 0.000 0.000 7.623 47.623 0.000 0.000 0.000 0.000 0.000 0.000 19.184 34.183 32.183 32.182 32.182 40.181 0.000 0.000 0.000 0.000 24.176 35.176 41.175 0.000 0.000 0.000 0.000 0.000
0.000 0.000 0.000 0.000 65.995 91.932 97.871 96.761 97.011 95.072 102.873 94.870 96.631 91.196 80.125 55.002 0.000 0.000 0.000 0.000 45.698 66.571 53.438 42.306 42.180 44.061 54.952 69.857 60.782 45.731 53.709 55.709 29.709 0.000 12.571 72.565 59.556 48.539 42.519 38.499 35.487 36.480 30.476 0.000 0.000 0.000 0.000 0.000 26.623 0.000 0.000 0.000 0.000 0.000 0.000 0.000 36.181 32.181 32.181 32.181 34.180 18.179 0.000 0.000 0.000 5.175 32.175 35.175 0.000 0.000 0.000 0.000 0.000
0.000 0.000 0.000 69.274 66.161 72.080 86.985 98.148 95.196 103.113 102.996 95.804 91.487 80.337 59.228 0.000 0.000 27.601 0.000 0.000 70.825 53.719 42.591 43.461 42.337 45.223 59.120 68.031 68.960 52.909 48.875 59.845 33.777 0.000 0.000 3.562 16.559 0.000 0.000 8.490 39.485 46.481 47.479 33.479 0.000 0.000 0.000 0.000 0.000 0.000 0.000 0.000 0.000 0.000 0.000 0.174 36.180 35.180 38.180 33.180 30.179 39.179 0.000 0.000 0.000 12.175 46.175 51.175 0.000 0.000 0.000 0.000 0.000
0.000 0.000 8.484 70.388 67.294 68.213 78.183 94.338 103.336 103.226 95.088 91.850 79.518 53.439 0.000 0.000 44.659 43.601 25.487 9.312 59.058 42.890 43.744 42.610 43.486 58.373 64.273 28.188 19.120 71.069 57.036 35.018 0.000 0.000 0.000 0.000 0.000 0.000 0.000 5.486 57.483 51.481 48.479 44.479 0.000 0.000 0.000 0.000 0.000 0.000 0.000 0.000 0.000 0.000 0.000 24.178 33.179 8.179 0.000 8.179 33.179 37.178 0.000 0.000 0.000 14.174 50.174 19.174 0.000 0.000 0.000 0.000 0.000
0.000 83.658 71.580 68.498 66.422 67.298 68.536 72.593 103.442 94.331 90.089 79.677 53.633 0.000 0.000 0.000 48.717 46.658 66.547 50.392 43.206 44.038 42.887 45.749 65.623 62.510 43.411 39.328 44.261 72.213 69.184 33.172 0.000 0.000 0.000 0.000 0.000 0.000 0.000 5.484 64.482 64.480 59.479 50.479 0.000 0.000 0.000 0.000 0.000 0.000 0.000 0.000 0.000 0.000 0.000 36.177 38.178 0.000 0.000 0.000 36.178 37.178 0.000 0.000 0.000 0.000 21.174 0.000 0.000 0.000 0.000 0.000 0.000
0.000 81.737 95.680 87.611 72.513 73.667 65.709 103.643 103.544 73.208 77.887 53.784 0.000 0.000 0.000 0.000 50.834 63.767 61.652 43.502 43.335 43.171 54.017 65.876 54.748 43.633 43.534 43.451 44.385 53.338 71.313 67.316 28.372 0.000 0.000 0.000 0.000 0.000 0.000 0.000 50.481 52.479 64.479 65.478 21.477 0.000 0.000 0.000 0.000 0.000 0.000 0.000 0.000 0.000 28.176 38.177 15.177 0.000 0.000 0.000 37.178 35.178 0.000 0.000 0.000 0.000 0.000 0.000 0.000 0.000 0.000 0.000 0.000
17.967 94.871 97.796 97.723 92.693 82.843 103.834 103.738 65.339 60.131 0.000 0.000 0.000 0.000 0.000 0.000 62.017 66.926 42.790 44.630 44.460 56.293 65.135 46.990 43.859 43.742 43.641 43.557 43.490 43.441 52.413 72.408 65.428 39.460 30.473 34.476 3.477 0.000 0.000 0.000 0.000 30.479 70.478 70.477 31.477 0.000 0.000 0.000 0.000 0.000 0.000 0.000 0.000 0.000 17.176 16.176 0.000 0.000 0.000 0.000 17.177 44.177 0.000 0.000 0.000 0.000 0.000 0.000 0.000 0.000 0.000 0.000 0.000
88.062 97.983 97.915 97.796 102.034 93.087 103.928 65.396 68.063 62.834 0.000 0.000 0.000 0.000 0.000 55.487 67.292 44.129 44.954 44.769 52.583 65.405 43.240 44.090 43.955 43.835 43.732 43.645 43.576 43.525 43.491 47.474 48.473 43.480 44.483 51.479 33.478 0.000 0.000 0.000 0.000 0.000 25.477 61.477 24.476 0.000 0.000 0.000 0.000 0.000 0.000 0.000 0.000 0.000 0.000 0.000 0.000 0.000 0.000 0.000 0.000 0.000 0.000 0.000 0.000 0.000 0.000 0.000 0.000 0.000 0.000 0.000 0.000
94.161 94.094 98.001 99.158 96.199 104.109 104.018 69.986 54.331 0.000 0.000 0.000 0.000 0.000 0.000 72.682 49.537 45.343 45.127 46.909 67.699 47.505 44.331 44.175 44.036 43.913 43.805 43.716 43.645 43.591 43.551 42.525 41.510 44.503 26.500 0.000 0.000 0.000 0.000 0.000 0.000 0.000 0.000 54.476 42.476 9.475 0.000 0.000 0.000 0.000 0.000 0.000 0.000 0.000 0.000 0.000 0.000 0.000 0.000 0.000 0.000 0.000 0.000 0.000 0.000 0.000 0.000 0.000 0.000 0.000 0.000 0.000 0.000
73.273 73.203 77.177 73.329 104.288 104.199 81.572 62.629 53.343 0.000 0.000 0.000 0.000 0.000 0.000 48.021 43.830 43.578 42.304 55.041 47.799 41.585 42.402 42.244 42.103 41.973 42.861 43.769 43.697 43.642 42.599 40.565 42.538 42.522 39.514 29.513 32.511 34.509 33.506 35.505 6.504 0.000 0.000 0.000 51.475 23.475 0.000 0.000 0.000 0.000 0.000 0.000 0.000 0.000 0.000 0.000 0.000 0.000 0.000 0.000 0.000 0.000 0.000 0.000 0.000 0.000 0.000 0.000 0.000 0.000 0.000 0.000 0.000
88.388 110.273 75.515 105.568 104.375 64.209 54.761 0.000 68.346 26.544 0.000 0.000 0.000 0.000 92.007 70.553 41.185 48.834 59.472 58.151 53.872 51.634 51.449 51.297 50.158 44.018 39.896 43.803 43.733 43.680 42.637 42.598 46.556 46.533 47.521 57.515 57.512 53.509 46.506 45.504 24.503 0.000 0.000 0.000 10.475 16.475 0.000 0.000 0.000 0.000 0.000 0.000 0.000 0.000 0.000 0.000 0.000 0.000 0.000 0.000 0.000 0.000 0.000 0.000 0.000 0.000 0.000 0.000 0.000 0.000 0.000 0.000 0.000
136.470 115.064 113.105 104.537 104.458 92.311 0.000 35.129 63.129 136.744 112.258 0.000 39.603 29.033 90.462 49.997 47.523 119.103 109.597 105.218 104.906 103.628 102.464 101.336 100.213 71.044 37.901 43.814 43.753 43.708 43.672 35.635 0.000 0.000 0.000 0.000 0.000 0.000 10.504 62.503 41.502 12.501 0.000 0.000 0.000 0.000 0.000 0.000 0.000 0.000 0.000 0.000 0.000 0.000 0.000 0.000 0.000 0.000 0.000 0.000 0.000 0.000 0.000 0.000 0.000 0.000 0.000 0.000 0.000 0.000 0.000 0.000 0.000
94.641 114.225 104.684 104.612 88.871 0.000 0.000 0.000 6.298 58.046 45.772 0.000 21.173 0.000 49.813 46.448 55.809 111.456 0.000 0.000 0.000 47.509 56.443 117.371 30.315 0.000 47.850 43.800 43.758 44.727 26.708 0.000 0.000 0.000 0.000 0.000 0.000 0.000 0.000 15.502 62.501 18.500 0.000 0.000 0.000 0.000 0.000 0.000 0.000 0.000 0.000 0.000 0.000 0.000 0.000 0.000 0.000 0.000 0.000 0.000 0.000 0.000 0.000 0.000 0.000 0.000 0.000 0.000 0.000 0.000 0.000 0.000 0.000
115.401 113.451 104.751 113.368 115.214 35.502 0.000 13.720 40.720 50.368 27.012 3.799 42.744 88.210 86.529 79.175 0.000 30.456 0.000 8.456 30.456 58.457 103.427 66.390 31.362 0.000 0.000 49.776 43.753 44.735 25.724 0.000 0.000 0.000 0.000 0.000 0.000 0.000 0.000 0.000 9.499 48.499 13.498 0.000 0.000 0.000 0.000 0.000 0.000 0.000 0.000 0.000 0.000 0.000 0.000 0.000 0.000 0.000 0.000 0.000 0.000 0.000 0.000 0.000 0.000 0.000 0.000 0.000 0.000 0.000 0.000 0.000 0.000
113.537 104.873 104.814 93.877 36.641 0.000 0.000 0.000 2.335 28.696 0.000 0.000 35.733 79.357 132.919 68.547 0.000 0.000 0.000 0.000 0.000 72.434 107.420 37.400 34.381 0.000 0.000 0.000 48.741 42.735 40.731 38.731 26.731 0.000 0.000 0.000 0.000 0.000 0.000 0.000 4.498 62.498 20.497 0.000 0.000 0.000 0.000 0.000 0.000 0.000 0.000 0.000 0.000 0.000 0.000 0.000 0.000 0.000 0.000 0.000 0.000 0.000 0.000 0.000 0.000 0.000 0.000 0.000 0.000 0.000 0.000 0.000 0.000
