results2_8e3_rain/res_3e8f-0108.wd
ncols         241
nrows         181
xllcorner     12693529.787448
yllcorner     3542525.717860
cellsize      155.156523
NODATA_value  -9999.000000
[rows 33 to 65 of 181, columns 146 to 218 of 241]
62.139 61.368 61.108 61.764 28.443 40.136 61.847 55.562 34.184 0.000 0.000 24.429 0.431 5.435 21.439 46.452 33.453 0.000 0.000 0.000 38.174 46.140 4.080 31.008 22.951 23.887 27.786 36.684 54.573 45.491 40.415 35.353 36.301 36.256 35.216 34.177 33.134 41.069 50.996 42.951 42.913 40.872 19.825 33.781 41.728 0.000 11.447 16.237 40.074 37.923 42.775 52.625 45.464 40.380 0.000 0.000 23.119 23.155 30.135 8.135 0.000 0.000 0.000 0.000 0.000 0.000 0.000 0.000 0.000 0.000 0.000 0.000 0.000
62.046 61.804 61.472 62.160 39.857 57.575 60.329 54.154 0.000 0.000 2.428 26.428 0.000 0.000 0.000 30.482 30.473 38.455 1.397 51.293 39.219 26.158 35.091 26.020 23.950 23.875 22.787 24.694 52.601 50.517 50.442 52.377 45.320 47.269 46.223 46.178 46.131 47.077 51.023 48.978 49.940 44.904 21.873 20.851 0.000 0.000 8.282 22.191 30.062 24.921 30.777 43.636 43.507 41.450 0.000 0.000 0.000 28.256 0.285 0.000 0.000 0.000 0.000 0.000 0.000 30.454 29.454 31.454 21.454 24.454 0.000 0.000 0.000
62.478 62.154 61.846 61.542 61.250 61.978 53.739 40.573 0.000 0.000 0.000 0.000 0.000 0.000 0.000 27.522 24.504 37.467 42.409 34.329 43.253 41.180 22.107 23.032 23.955 23.876 35.792 39.705 43.618 36.536 33.460 43.393 17.333 24.279 19.229 19.182 19.134 22.086 48.040 36.999 34.964 36.934 21.911 23.900 3.913 0.000 18.209 75.182 0.127 0.000 0.000 0.000 44.479 43.462 2.459 0.000 0.000 25.356 22.399 24.424 22.438 30.446 36.450 28.452 50.453 57.454 55.455 40.455 20.454 19.454 23.454 0.000 0.000
62.825 62.518 62.211 61.912 62.624 57.348 39.077 29.825 38.825 0.000 0.000 0.000 0.000 0.000 0.000 24.581 23.552 26.503 22.438 33.362 36.283 39.203 28.124 23.044 22.964 22.883 47.800 53.716 35.632 29.549 29.470 30.401 27.340 27.284 27.233 28.185 31.139 28.094 49.052 41.015 38.982 38.956 20.937 34.927 60.926 0.000 10.162 63.148 0.000 0.000 0.000 0.000 44.467 42.461 20.456 25.448 23.437 21.414 21.423 21.435 20.445 27.451 34.453 21.453 39.454 57.455 53.456 33.456 18.455 18.455 23.455 0.000 0.000
63.188 62.876 62.570 62.272 58.984 44.714 33.396 0.000 0.000 0.000 0.000 29.253 0.000 0.000 0.000 23.669 24.620 24.554 23.479 23.397 29.313 22.228 22.142 24.058 22.974 21.891 45.810 42.728 50.645 54.556 53.472 48.402 44.341 46.286 42.235 46.187 46.142 47.100 51.060 49.026 49.996 45.971 20.954 32.943 54.939 0.000 5.131 66.100 0.000 0.000 0.000 0.000 41.462 44.460 23.457 21.453 21.447 21.441 21.444 21.449 20.455 27.458 36.460 0.000 0.000 15.458 58.458 34.457 18.456 18.455 22.455 0.000 0.000
63.545 63.228 62.921 62.622 52.326 34.130 0.000 0.000 0.000 0.000 27.290 30.253 43.186 43.092 30.969 23.807 23.705 24.615 24.526 23.436 22.344 23.252 23.160 23.071 21.984 30.900 49.819 28.742 42.664 19.560 52.460 42.393 41.336 41.284 38.234 43.187 44.143 44.102 51.065 49.032 46.003 45.981 20.964 34.954 53.949 0.000 0.000 59.021 0.000 0.000 0.000 0.000 45.460 44.459 20.458 22.459 21.459 22.460 22.462 22.465 23.467 31.468 11.469 0.000 0.000 16.462 58.461 39.459 26.458 20.456 23.455 0.000 0.000
63.895 63.569 64.266 56.967 44.569 34.349 0.000 0.000 0.000 0.000 24.328 41.284 35.213 24.120 26.009 25.886 23.777 22.675 24.576 23.476 24.376 24.276 24.177 23.081 22.990 42.904 42.825 42.757 42.708 0.000 24.417 22.374 23.327 23.279 24.231 28.185 31.141 29.101 49.065 43.033 37.006 38.984 21.968 33.958 52.954 0.000 0.000 31.942 22.911 0.000 0.000 0.000 39.460 22.459 0.000 17.465 23.472 27.478 34.480 34.480 34.480 36.479 8.478 0.000 0.473 64.467 57.464 59.462 47.459 22.457 23.455 0.000 0.000
64.229 63.888 63.608 49.410 1.135 0.000 0.000 0.000 0.000 2.481 40.410 35.341 25.261 26.168 26.063 25.951 25.841 23.734 22.626 22.518 24.408 23.298 23.191 22.088 23.992 38.902 29.822 38.753 39.704 0.000 0.000 38.358 37.320 37.273 37.226 39.180 39.137 40.097 52.061 48.030 43.003 44.983 20.967 29.958 57.954 0.000 0.000 90.895 59.880 26.857 13.846 0.000 0.000 0.000 0.000 0.000 20.485 29.499 33.501 32.498 35.493 37.490 23.488 28.487 44.482 59.474 57.469 57.464 45.460 22.457 22.454 0.000 0.000
64.525 65.145 56.869 39.720 0.000 0.000 0.000 0.000 0.000 47.552 41.490 25.411 26.323 26.227 26.123 26.014 25.904 25.792 22.678 23.561 23.440 23.319 24.201 23.089 22.986 25.892 30.807 42.728 29.651 41.550 46.462 39.381 48.322 38.269 39.219 42.173 41.129 40.089 50.053 46.022 33.996 32.975 21.961 28.953 57.951 0.000 0.000 81.865 71.856 48.844 17.836 0.000 0.000 0.000 0.000 0.000 0.000 40.533 32.526 26.518 23.504 38.501 25.497 27.492 35.486 56.479 58.473 56.467 42.461 22.456 19.451 23.444 17.440
72.745 70.297 43.002 32.881 0.000 0.000 0.000 25.903 39.826 40.686 34.586 29.491 26.394 26.293 26.188 26.079 24.967 27.853 32.735 28.608 23.472 24.336 23.205 23.081 22.971 22.874 29.786 30.703 28.622 35.536 34.456 29.382 41.319 21.262 29.210 36.162 35.118 29.077 48.041 41.009 20.983 19.962 22.948 24.942 28.946 0.000 0.000 59.843 39.837 76.828 62.819 0.000 0.000 50.681 24.665 22.642 22.612 24.574 35.555 29.544 0.000 50.512 38.506 34.499 32.492 43.484 59.476 51.469 34.462 23.456 19.449 26.443 50.436
0.000 0.000 21.962 39.922 0.000 0.000 28.058 37.980 51.890 35.781 34.676 34.573 27.470 26.364 26.256 26.146 33.034 40.920 41.799 33.664 28.505 23.350 22.201 23.059 26.944 23.847 22.760 21.677 27.597 28.519 27.443 28.373 30.309 23.251 29.198 34.148 36.103 32.061 48.024 41.992 23.964 22.943 22.928 18.921 0.000 0.000 0.000 15.827 34.821 34.811 68.794 83.761 76.730 44.697 30.673 31.648 31.622 34.595 56.575 74.560 83.549 82.530 84.518 83.507 77.498 71.488 63.480 46.471 29.463 20.456 21.448 34.441 53.434
14.376 0.000 0.000 0.000 0.000 0.000 31.137 51.067 42.975 45.870 42.764 32.656 25.548 26.438 26.327 37.215 42.104 37.993 32.877 29.743 32.536 27.358 27.190 23.010 27.900 21.811 22.728 23.649 22.572 22.497 22.425 22.358 21.294 22.236 22.182 26.131 32.084 31.042 49.003 42.969 21.940 22.917 22.901 21.892 0.000 0.000 0.000 19.816 45.811 34.801 36.784 51.760 62.733 72.706 74.681 80.657 83.633 83.609 82.590 78.573 69.558 67.541 69.528 72.515 74.504 75.493 73.483 77.473 69.465 36.456 23.448 42.440 59.433
53.255 10.628 0.000 0.000 0.000 32.417 48.286 41.178 33.072 40.963 44.853 45.741 35.628 24.514 34.399 43.285 33.174 25.070 24.974 26.897 0.000 0.000 0.000 19.891 23.837 25.767 25.694 22.619 22.546 23.474 22.404 22.338 22.275 23.217 22.162 22.110 22.062 25.018 41.978 40.942 22.911 22.885 22.866 23.855 24.855 0.000 0.000 18.811 36.807 37.798 49.782 36.761 16.736 20.712 56.689 80.665 64.643 59.621 62.602 55.584 41.567 30.551 21.536 19.522 20.509 30.497 28.486 23.476 62.466 77.456 55.447 53.439 57.431
0.000 25.000 2.743 0.000 31.698 41.548 48.411 32.288 35.172 33.057 30.943 38.827 43.710 38.590 42.470 31.351 25.239 26.138 26.052 33.975 0.000 0.000 0.000 16.827 25.788 36.729 37.660 32.589 28.518 30.447 26.379 25.314 23.252 22.194 22.138 23.086 22.037 21.991 24.949 33.910 21.876 21.847 22.823 21.808 0.000 0.000 0.000 0.000 0.000 51.803 35.787 20.764 34.740 36.718 82.696 63.674 46.652 28.632 19.612 20.594 21.577 22.560 22.544 22.529 21.515 19.501 18.489 19.477 27.466 64.456 72.446 57.437 56.429
0.000 11.592 34.397 36.114 34.849 49.668 34.521 28.391 30.270 29.152 26.035 24.916 39.794 46.668 49.539 37.411 27.292 24.193 32.123 0.000 0.000 0.000 0.000 19.803 29.760 36.699 37.630 37.559 39.489 47.419 45.352 41.288 39.227 35.168 29.112 24.059 22.009 22.961 21.916 26.875 19.837 20.803 21.773 23.745 44.707 0.000 0.000 0.000 13.851 55.823 15.800 24.769 15.744 54.722 72.706 32.682 20.660 22.641 22.623 22.604 22.586 22.568 19.551 19.535 18.519 19.505 19.491 19.479 35.467 50.456 23.445 83.434 55.424
0.000 11.377 34.269 27.096 45.914 45.755 40.614 31.486 25.365 26.246 27.128 38.007 40.882 32.749 35.607 44.462 45.325 35.220 0.000 0.000 0.000 0.000 24.895 30.822 34.750 33.677 34.603 34.530 32.458 39.389 40.323 40.260 41.199 38.140 37.084 38.029 28.978 23.928 24.881 21.836 22.794 21.756 20.722 22.692 37.669 0.000 0.000 0.000 13.878 57.840 19.820 0.000 0.000 0.721 39.722 21.690 22.666 20.650 20.633 20.615 19.596 18.576 19.558 19.540 18.523 19.508 18.493 17.480 20.468 16.456 12.444 76.431 85.416
0.000 8.272 28.204 38.089 47.956 38.823 38.696 40.574 38.457 29.341 35.224 44.105 32.977 25.838 24.680 30.505 40.325 47.142 10.915 2.672 28.381 28.170 22.968 31.840 36.741 37.656 33.576 33.499 25.425 22.357 22.291 22.229 21.168 19.110 26.053 39.998 38.945 37.893 32.843 23.795 21.749 22.705 21.666 21.632 22.610 0.000 0.000 0.000 28.944 0.000 0.000 0.000 0.000 0.000 18.771 0.000 1.662 18.660 17.646 17.627 18.605 20.584 20.564 20.544 19.526 19.510 17.494 17.480 18.467 6.458 0.000 0.000 79.400
0.000 7.234 31.186 50.102 40.998 37.886 37.772 38.659 37.547 39.435 44.324 33.209 27.086 26.945 26.772 25.551 26.330 32.109 48.891 46.661 25.400 24.162 22.969 23.828 35.720 33.631 44.548 32.463 25.389 23.321 24.257 23.196 28.136 36.078 32.021 25.965 31.910 41.856 38.803 37.751 28.700 21.651 21.604 22.561 20.528 0.000 0.000 29.027 17.010 0.000 0.000 30.870 25.868 24.852 16.821 0.000 0.000 23.682 20.664 20.641 20.616 20.591 20.569 20.548 20.529 20.511 20.494 19.478 20.464 22.451 12.439 0.000 21.390
0.000 20.245 45.203 41.134 30.047 34.950 39.848 34.744 40.637 46.530 38.427 26.323 25.212 27.084 26.912 30.599 31.334 25.073 35.879 31.682 28.397 25.108 21.917 28.783 32.681 34.599 25.521 52.417 40.346 30.282 22.221 28.161 47.103 57.046 49.989 26.932 28.876 31.819 35.763 40.707 38.651 34.595 23.539 20.480 27.414 33.331 0.000 4.043 25.060 0.000 0.000 0.876 20.883 20.867 20.840 25.812 24.773 20.721 19.688 20.657 20.626 20.597 20.572 20.551 20.530 20.511 20.493 20.476 19.460 19.444 20.427 23.406 19.389
7.344 41.299 47.249 32.184 27.107 29.020 30.928 41.830 45.729 56.621 55.531 48.444 37.356 26.268 29.193 0.000 0.000 23.972 29.870 26.790 0.000 22.959 26.809 43.705 42.622 45.563 0.000 17.340 57.295 51.240 37.183 43.126 61.070 61.013 58.956 27.899 33.841 33.782 35.723 23.663 32.602 38.540 37.476 36.405 49.319 58.247 0.000 0.000 15.128 40.196 0.000 0.000 43.917 24.893 24.860 24.824 24.785 25.744 19.709 18.675 22.634 19.599 19.574 19.552 19.531 20.511 19.492 18.473 18.455 18.438 18.420 18.401 17.384
6.389 52.357 38.308 27.247 27.176 27.097 40.012 37.921 54.826 69.693 66.633 63.567 58.500 49.439 40.398 0.000 0.000 0.000 17.841 28.819 0.000 0.000 19.657 37.606 36.540 51.468 23.368 24.308 57.254 62.200 58.146 57.091 60.036 59.981 60.924 39.867 31.808 33.747 33.684 23.619 32.553 26.487 45.421 16.345 55.210 77.093 47.919 17.810 0.000 18.264 0.000 20.040 79.976 32.927 34.883 34.841 30.800 31.761 23.727 18.703 0.642 19.591 19.573 22.552 25.531 35.510 25.490 20.470 21.451 21.432 21.414 21.396 21.379
38.468 42.432 36.381 34.321 29.253 41.180 35.101 48.017 25.963 0.000 46.740 65.692 64.638 65.591 48.563 0.000 0.000 0.000 11.833 34.826 0.000 0.000 16.555 31.521 26.466 53.401 64.329 64.269 60.214 60.161 60.109 61.057 60.004 59.950 59.894 53.836 28.776 30.713 28.647 23.577 34.506 35.435 38.377 0.000 40.083 75.994 45.856 63.700 24.503 10.333 22.222 78.103 66.021 37.958 31.904 33.856 27.812 21.772 19.738 17.714 0.000 25.593 33.576 41.554 48.531 57.509 46.487 26.467 20.447 21.427 21.408 21.390 21.373
49.582 38.522 38.463 34.401 41.337 38.269 41.194 65.085 52.045 35.006 55.894 64.825 63.769 62.725 42.699 0.000 0.000 0.000 0.000 0.000 0.000 0.000 22.489 31.457 42.402 58.341 60.280 60.224 60.172 60.123 60.073 60.024 59.973 59.921 59.866 59.809 45.748 35.683 28.613 21.538 25.457 25.371 30.275 49.140 35.044 69.947 55.811 62.633 69.476 55.341 60.231 69.130 45.048 45.979 31.920 30.868 22.821 19.778 20.740 22.703 36.658 42.613 60.583 59.556 58.531 57.507 57.485 47.463 25.442 20.422 21.403 21.384 21.366
40.675 28.610 30.547 42.485 39.424 39.366 9.320 0.000 44.125 70.079 65.008 63.943 65.888 47.841 33.809 17.828 0.000 0.000 0.000 0.000 0.000 0.000 28.453 45.418 57.344 60.280 60.225 60.175 60.129 60.083 60.038 59.992 59.944 59.894 59.841 59.785 60.724 54.658 46.585 38.504 36.415 39.317 30.211 47.100 26.008 67.937 0.803 21.543 56.429 28.326 19.230 75.140 39.060 42.990 40.929 21.875 19.826 20.781 20.739 28.699 49.659 60.620 57.587 57.557 57.530 54.505 53.481 51.458 50.437 24.416 20.396 20.377 20.359
30.763 27.696 40.632 40.569 35.508 55.451 9.400 18.355 58.251 65.180 64.113 64.053 63.998 39.945 39.867 50.847 0.000 0.000 0.000 0.000 0.000 0.000 0.000 0.000 54.278 66.211 61.165 60.124 60.084 60.045 60.004 59.961 59.917 59.870 59.820 59.766 59.707 60.640 61.565 58.480 58.382 61.271 41.154 47.043 20.949 61.881 0.000 0.000 52.371 22.305 32.223 66.141 47.063 38.994 42.932 19.877 20.827 19.781 21.738 31.697 52.658 53.620 58.587 57.556 52.528 49.502 53.477 58.453 57.431 46.410 27.390 26.370 25.352
26.851 40.781 41.714 29.651 40.590 61.531 54.474 60.416 66.342 64.276 64.213 64.157 61.107 45.073 0.000 0.000 0.000 0.000 0.000 0.000 0.000 0.000 0.000 0.000 0.000 11.122 52.100 61.072 60.041 60.007 59.971 59.934 59.893 59.850 59.804 61.753 60.696 60.631 59.556 61.468 60.362 60.231 50.090 47.970 24.864 36.756 66.601 45.481 53.380 22.298 50.218 44.137 47.058 34.989 28.929 20.874 20.824 20.778 28.734 33.693 34.655 39.618 47.585 45.553 46.524 57.497 57.472 57.448 57.425 58.403 52.382 48.363 46.344
41.933 41.862 30.794 26.730 41.668 60.609 66.550 65.491 64.428 64.367 64.308 65.253 56.203 49.167 0.000 0.000 0.000 0.000 0.000 0.000 0.000 0.000 0.000 0.000 8.054 28.054 55.043 61.023 59.999 59.972 59.941 59.908 59.873 59.834 61.792 61.746 61.694 53.632 58.560 61.475 64.368 62.202 56.004 51.884 39.782 23.680 71.566 54.463 56.371 21.290 67.215 31.131 12.042 28.977 19.920 20.867 19.818 28.772 34.729 33.688 33.650 32.614 25.580 21.548 51.519 57.491 57.465 57.441 57.418 57.396 58.375 58.355 58.336
39.010 29.939 27.871 25.807 42.745 62.686 64.628 64.570 64.513 64.456 64.401 66.344 45.283 43.225 0.000 0.000 0.000 0.000 0.000 0.000 0.000 0.000 0.000 0.000 0.000 42.000 60.993 59.980 59.961 59.939 59.914 59.886 61.855 60.822 60.786 60.745 54.700 32.646 48.575 58.505 9.433 0.264 33.843 40.780 49.701 36.614 57.522 75.433 60.350 27.276 69.220 0.000 5.002 17.959 20.908 20.857 22.809 32.764 30.721 31.681 33.643 36.607 30.574 31.542 47.512 57.484 57.458 57.433 57.410 57.387 57.366 57.346 57.327
30.083 28.013 32.946 37.882 52.821 64.762 64.705 64.649 64.596 64.544 64.494 65.441 52.362 0.000 0.000 0.000 0.000 0.000 0.000 26.832 0.000 5.835 0.000 0.000 0.000 16.952 51.949 58.941 59.928 59.911 59.890 59.867 61.841 59.813 59.783 59.750 43.716 39.677 1.591 3.539 0.000 0.000 18.739 25.692 47.627 33.554 38.476 81.397 64.320 43.245 53.170 3.079 48.005 24.948 20.895 20.845 22.798 31.753 42.711 42.672 44.634 50.599 45.565 56.534 57.504 57.476 57.450 57.425 57.401 57.378 57.357 57.337 57.317
31.152 28.083 35.017 53.954 64.894 64.836 64.780 64.727 64.677 64.631 64.591 70.562 0.000 0.000 0.000 0.000 0.000 0.000 26.832 38.832 25.833 40.835 36.837 0.000 6.887 38.907 45.912 56.908 59.899 59.886 59.869 60.850 59.829 59.806 59.782 55.758 44.735 49.718 0.000 0.000 0.000 2.681 35.681 27.624 45.562 21.499 23.431 71.361 70.288 62.214 48.138 48.061 36.992 31.933 20.880 20.831 20.784 30.741 52.700 59.661 58.624 58.589 50.556 57.524 57.495 57.467 57.440 57.415 57.391 57.369 57.347 57.327 57.307
29.219 27.151 42.086 62.024 65.965 64.908 64.854 64.802 64.755 64.713 64.678 71.655 0.000 0.000 0.000 0.000 0.000 0.000 15.831 35.832 35.833 34.835 37.840 21.850 29.866 37.878 37.883 54.881 60.874 59.864 59.851 59.836 59.819 59.801 60.783 52.765 48.750 42.741 0.000 0.000 0.000 0.000 0.000 27.562 46.500 23.447 19.390 58.327 75.258 72.184 53.108 32.035 30.970 31.913 22.861 19.813 20.768 23.726 34.686 54.648 57.612 57.577 49.545 57.513 57.484 57.456 57.429 57.404 57.381 57.358 57.336 57.316 57.297
28.283 30.216 50.152 66.091 65.033 64.977 64.924 64.874 64.828 64.786 66.752 64.726 0.000 0.000 0.000 0.000 0.000 0.000 1.831 40.831 46.832 51.834 42.837 41.843 35.851 31.858 42.860 56.859 59.854 59.846 62.836 60.823 59.810 59.796 59.783 54.770 46.760 41.755 16.758 0.000 0.000 0.000 0.000 0.000 38.428 24.399 20.355 53.300 84.234 65.156 44.073 35.002 36.941 34.888 29.839 18.793 20.750 19.710 23.671 42.634 57.598 57.564 49.532 57.501 57.472 57.444 57.418 57.393 57.369 57.347 57.325 57.305 57.286
28.344 38.279 58.216 66.156 65.099 65.045 64.992 64.942 64.895 65.854 63.818 51.772 35.771 0.000 0.000 0.000 0.000 0.000 3.830 41.831 50.831 50.831 54.832 56.834 39.838 38.841 53.842 59.841 59.837 59.830 60.822 59.813 59.802 59.792 59.781 57.772 45.765 46.761 40.761 0.000 0.000 0.000 0.000 0.000 24.386 24.367 18.332 63.283 51.221 57.134 27.028 46.960 40.906 33.857 33.813 24.771 19.730 20.692 19.654 31.618 54.584 56.550 50.518 57.488 58.459 57.431 57.405 57.380 57.357 57.334 57.313 57.293 57.274
