results2_8e3_rain/res_3e8f-0190.wd
ncols         241
nrows         181
xllcorner     12693529.787448
yllcorner     3542525.717860
cellsize      155.156523
NODATA_value  -9999.000000
[rows 99 to 131 of 181, columns 0 to 72 of 241]
0.000 0.000 0.000 0.000 0.000 61.175 101.175 103.175 94.174 89.174 0.000 0.000 0.000 0.000 0.000 3.172 2.171 69.171 66.171 0.000 0.000 2.171 5.171 64.171 63.171 4.171 0.000 0.000 0.000 11.138 0.000 0.000 0.000 0.000 16.995 62.991 58.982 57.964 58.941 59.914 72.886 61.854 65.820 57.782 59.740 57.696 58.648 63.598 64.546 62.491 66.435 59.378 59.320 61.261 64.197 78.128 79.069 64.022 49.978 0.000 0.000 0.000 0.000 0.000 28.039 83.034 80.023 67.006 41.982 36.958 80.935 57.912 59.889
0.000 0.000 0.000 0.000 0.000 62.175 102.175 102.175 0.000 0.000 0.000 0.000 0.000 0.000 0.000 2.172 14.172 80.171 69.171 7.171 4.171 4.171 67.171 66.171 70.171 1.171 0.000 0.000 0.000 69.138 61.138 0.000 0.000 0.087 76.038 86.032 72.023 65.009 58.991 60.968 79.942 64.912 70.879 70.841 61.800 76.755 68.708 69.657 59.603 67.547 67.490 65.432 59.374 60.316 64.252 61.159 23.095 13.059 0.000 0.000 0.000 0.000 0.000 31.056 68.051 80.045 87.037 77.025 53.010 53.993 67.975 58.956 59.937
7.176 0.176 0.000 0.000 0.000 49.175 98.175 107.175 17.175 0.000 0.000 0.000 0.000 0.000 0.000 1.172 3.172 87.172 68.171 69.171 71.171 68.171 65.171 66.171 64.171 2.171 0.000 0.000 0.000 62.138 62.138 63.136 62.128 62.113 61.086 71.077 80.069 27.059 91.045 81.026 86.002 70.974 15.941 86.904 84.863 83.818 87.770 76.718 59.662 62.605 67.546 67.486 64.428 60.377 49.337 0.000 0.000 0.000 0.000 0.000 0.000 0.000 0.000 41.062 68.062 68.060 79.055 78.048 61.039 61.028 60.016 60.002 59.986
75.176 78.176 10.176 0.000 0.000 59.175 98.175 103.175 113.175 18.175 0.000 0.000 0.000 0.000 9.172 9.172 7.172 24.172 72.172 69.171 87.171 101.171 76.171 61.171 0.171 0.000 0.000 0.000 0.000 0.000 61.140 62.142 62.134 62.125 62.117 61.119 61.118 60.113 61.103 66.088 78.067 72.040 15.008 86.972 87.930 65.885 72.835 89.782 83.724 70.664 60.602 66.539 67.476 70.426 55.381 0.000 0.000 0.000 0.000 0.000 0.000 0.000 0.000 3.069 19.075 65.076 62.076 62.074 60.071 60.066 60.059 60.049 60.037
89.176 72.176 72.176 74.176 76.176 95.175 103.175 103.175 103.175 105.175 79.174 18.174 1.173 67.173 74.172 75.172 37.172 32.172 95.172 103.171 98.171 94.171 77.171 1.171 0.000 0.000 0.000 0.000 0.000 0.000 0.000 62.158 61.142 60.135 61.139 62.164 62.171 62.172 62.167 63.155 82.137 77.112 60.081 62.043 73.002 83.956 60.905 72.850 73.789 66.724 86.659 69.591 61.512 2.469 0.000 0.000 0.000 0.000 0.000 0.000 0.000 0.000 0.000 0.000 11.093 65.094 60.097 60.101 60.104 60.105 60.104 58.099 56.091
104.176 94.176 75.176 79.176 97.176 103.176 103.175 103.175 103.175 98.175 70.174 76.174 4.173 58.173 93.172 101.172 101.172 85.172 100.172 107.172 17.171 0.000 0.000 0.000 0.000 0.000 0.000 0.000 0.000 0.000 0.000 62.189 0.000 0.000 0.000 63.226 62.231 62.236 62.237 63.230 79.214 84.190 61.158 62.120 62.077 80.031 80.980 58.924 66.859 85.784 77.718 55.655 0.000 0.000 0.000 0.000 0.000 0.000 0.000 0.000 0.000 0.000 0.000 0.000 8.108 65.112 60.118 60.128 60.139 59.147 58.152 63.153 64.150
104.177 104.176 99.176 102.176 103.176 103.176 103.176 103.175 103.175 99.175 74.174 91.174 0.000 0.000 71.172 95.172 103.172 104.172 103.172 108.172 11.171 0.000 0.000 0.000 0.000 0.000 0.000 0.000 0.000 0.000 0.000 62.221 1.248 1.268 64.284 62.283 62.293 62.305 62.314 62.313 79.300 84.276 61.242 62.201 62.157 63.109 84.060 78.006 84.940 74.833 55.776 0.000 0.000 0.000 0.000 0.000 0.000 0.000 0.000 0.000 0.000 0.000 0.000 0.000 63.121 60.126 60.137 60.154 60.177 59.193 61.204 65.210 66.213
102.177 103.177 103.177 103.176 103.176 103.176 103.176 103.175 103.175 104.175 99.174 106.174 30.174 9.173 59.173 78.172 101.172 103.172 104.172 92.171 6.171 0.000 0.000 0.000 0.000 0.000 0.000 0.000 0.000 0.000 0.000 56.237 61.253 61.273 60.295 62.328 62.351 62.377 62.401 62.409 79.398 84.371 61.332 62.287 62.239 62.191 67.144 90.099 70.063 0.000 0.000 0.000 0.000 0.000 0.000 0.000 0.000 0.000 0.000 0.000 0.000 0.000 0.000 0.000 16.128 67.135 63.147 64.175 62.222 58.244 65.259 66.271 64.281
99.177 104.177 103.177 103.177 103.176 103.176 103.176 103.176 103.175 103.175 104.175 97.174 81.174 72.173 66.173 93.172 103.172 103.172 108.171 11.171 0.000 0.000 0.000 0.000 0.000 0.000 0.000 0.000 0.000 0.000 0.000 0.000 0.000 0.000 0.000 62.383 62.407 62.450 62.505 62.524 78.512 85.477 62.429 62.375 62.322 62.271 62.225 68.184 21.151 0.000 0.000 0.000 0.000 0.000 0.000 0.000 0.000 0.000 0.000 0.000 0.000 0.000 0.000 0.000 0.000 4.139 2.143 0.000 8.293 67.303 65.317 66.335 63.354
99.177 104.177 103.177 103.177 103.177 103.177 103.176 103.176 103.176 103.175 104.175 89.174 68.174 67.173 76.173 100.172 103.172 103.172 109.171 14.171 5.171 0.000 0.000 0.000 0.000 0.000 0.000 0.000 0.000 0.000 0.000 0.000 0.000 0.000 0.000 58.414 62.444 59.513 62.643 62.670 81.648 85.598 62.532 62.464 62.401 62.347 62.301 59.260 9.205 0.000 0.000 0.000 0.000 0.000 0.000 0.000 0.000 0.000 0.000 0.000 0.000 59.437 0.000 0.000 0.000 0.000 0.000 1.379 63.354 64.357 66.372 66.396 63.428
102.178 103.178 103.177 103.177 103.177 103.177 103.177 103.176 103.176 103.175 103.175 100.174 77.174 78.173 95.173 102.172 103.172 103.171 110.171 27.171 0.000 0.000 0.000 0.000 0.000 0.000 0.000 0.000 0.000 0.000 0.000 0.000 0.000 0.000 0.000 0.000 58.444 0.000 61.884 62.866 90.814 77.733 62.637 62.546 62.472 75.415 65.374 60.349 0.000 0.000 0.000 0.000 0.000 0.000 0.000 0.000 0.000 0.000 0.000 0.000 11.437 70.437 55.437 0.000 0.000 0.000 1.415 64.404 67.395 66.400 63.418 59.449 59.495
103.178 103.178 103.178 103.178 103.178 103.177 103.177 103.177 103.176 103.176 103.175 103.174 105.174 105.173 104.172 103.172 103.171 105.171 94.171 37.170 0.000 0.000 0.000 0.000 0.000 0.000 0.000 0.000 0.000 0.000 0.000 0.000 0.000 0.000 0.000 0.000 0.000 0.000 62.144 63.095 97.008 65.883 62.736 62.612 74.526 83.467 62.429 62.414 61.430 0.000 0.000 0.000 0.000 0.000 0.000 0.000 0.000 0.000 0.000 0.000 0.000 66.437 67.437 54.436 1.435 60.432 62.426 66.421 65.421 63.430 62.451 58.486 66.543
102.178 101.178 103.178 103.178 103.178 103.178 103.177 103.177 103.176 103.176 103.175 103.175 103.174 103.173 103.172 103.172 104.171 87.171 15.170 6.170 64.169 78.169 24.169 0.000 0.000 5.169 0.000 0.000 0.000 0.000 0.000 0.000 0.000 0.000 0.000 4.173 4.146 0.989 58.452 69.363 92.238 63.056 59.811 62.642 62.552 62.497 62.463 62.447 62.446 59.446 0.000 0.000 0.000 0.000 0.000 0.000 0.000 0.000 0.000 0.000 0.438 61.437 57.437 63.437 58.436 66.435 66.434 65.434 61.438 64.449 59.470 58.503 58.559
92.179 92.179 101.179 103.179 103.179 103.178 103.178 103.177 103.177 103.176 103.176 104.175 105.174 103.173 103.172 103.171 103.171 25.170 9.170 64.169 74.169 84.169 83.169 76.169 68.169 9.169 0.000 0.000 0.000 0.000 0.000 0.000 0.000 0.000 4.220 63.201 66.153 66.033 62.801 61.666 70.527 58.292 0.000 58.593 62.543 62.505 62.480 62.466 61.461 0.000 0.000 0.000 0.000 0.000 0.000 0.000 63.438 74.438 0.000 0.000 62.438 60.438 60.438 57.438 65.438 66.438 66.440 63.443 66.449 66.459 64.475 59.496 48.517
74.179 79.179 98.180 104.180 103.179 103.179 103.179 103.178 103.177 103.177 105.176 91.175 87.174 102.173 107.172 104.171 99.170 81.169 84.169 90.169 84.169 85.169 64.169 57.169 3.169 0.169 0.000 0.000 0.000 0.000 0.000 0.182 1.182 0.000 54.239 60.258 63.231 63.160 63.053 62.971 64.914 0.000 0.000 0.000 57.522 62.502 62.485 62.475 62.470 0.470 0.000 0.000 0.000 0.000 0.000 23.438 80.438 62.438 60.438 60.438 60.438 60.438 58.438 63.439 66.439 66.441 62.444 66.448 66.455 65.464 59.476 60.488 50.498
58.180 73.180 92.180 105.180 106.180 106.180 104.179 103.179 104.178 103.177 104.177 42.176 13.174 61.173 79.172 100.170 107.169 105.168 105.168 91.168 14.168 0.000 0.000 0.000 0.000 0.000 0.000 0.000 0.000 9.182 11.182 1.182 1.182 1.182 0.000 59.361 63.352 61.323 62.281 64.251 65.243 0.000 0.000 0.000 0.000 55.493 62.485 62.479 59.474 0.000 0.000 0.000 0.000 0.000 0.000 0.000 22.438 76.438 59.438 59.438 60.438 59.438 59.439 65.439 66.440 64.442 52.446 5.451 70.460 64.467 64.475 64.482 50.487
22.180 44.180 77.181 83.181 77.181 79.181 96.180 104.180 100.179 93.178 92.177 27.177 0.000 0.000 0.000 37.169 72.169 98.167 105.166 2.167 0.000 0.000 0.000 0.000 0.000 0.000 0.000 0.000 0.000 51.182 72.182 17.182 2.182 1.182 0.000 59.473 65.495 64.499 73.497 74.510 64.564 9.720 0.000 0.000 0.000 0.000 59.483 60.481 0.000 0.000 0.000 0.000 0.000 0.000 0.000 0.000 0.000 81.438 84.438 64.438 58.438 56.438 66.439 66.439 61.439 0.000 0.000 0.000 11.465 69.470 66.475 66.479 56.482
0.000 0.000 58.183 67.183 19.182 5.182 68.181 97.180 88.180 84.179 98.178 65.177 25.176 0.000 0.000 0.000 0.000 43.165 74.162 0.000 0.000 0.000 0.000 0.000 0.000 0.000 0.000 0.000 0.000 0.000 56.182 74.182 5.182 0.000 0.000 50.563 64.654 62.682 92.699 85.727 63.782 65.877 11.981 0.000 0.000 0.000 54.483 0.000 0.000 0.000 0.000 0.000 0.000 0.000 0.000 0.000 0.000 0.000 69.438 86.438 71.438 65.438 66.439 61.439 0.000 0.000 0.000 0.000 0.000 61.473 66.475 66.478 61.480
0.000 0.000 54.185 99.184 56.184 5.183 57.182 89.181 91.180 102.179 104.178 107.177 113.175 52.174 21.172 0.000 0.000 0.000 14.157 9.153 0.142 2.133 0.000 0.000 0.000 0.000 0.000 0.000 0.000 0.000 57.182 72.182 2.182 9.182 13.182 0.000 57.874 65.877 95.889 77.916 65.961 65.025 70.085 0.000 0.000 0.000 0.000 0.000 0.000 0.000 0.000 0.000 0.000 0.000 0.000 0.000 0.000 0.000 0.000 7.438 74.438 64.438 62.438 0.000 0.000 0.000 0.000 0.474 60.474 59.474 61.476 55.477 0.000
27.189 42.188 76.187 94.186 102.185 71.184 84.183 107.182 104.181 103.180 103.179 103.177 103.175 109.173 112.171 68.167 27.163 9.159 72.155 86.149 79.141 81.133 37.124 13.117 10.111 0.000 0.000 0.000 0.000 0.000 36.182 58.182 64.182 64.182 67.183 26.183 59.091 88.064 90.065 67.085 65.122 65.177 68.248 13.365 8.416 0.000 0.000 0.000 0.000 0.000 0.000 0.000 0.000 0.000 0.000 0.000 0.000 0.000 0.000 0.000 0.438 0.438 8.438 0.000 0.000 0.000 0.000 62.474 57.474 55.474 0.000 0.000 0.000
100.190 103.189 103.188 101.188 99.187 100.186 102.185 102.184 103.182 104.181 104.179 103.178 96.176 100.173 103.170 107.167 111.163 112.159 104.154 100.148 97.141 92.133 94.124 87.115 43.106 21.097 0.000 0.000 0.000 0.000 0.000 0.000 0.000 0.000 0.000 83.275 72.243 101.224 92.222 79.237 66.267 65.311 65.366 69.431 65.468 0.000 0.000 0.000 0.000 0.000 0.000 0.000 0.000 0.000 0.000 0.000 0.000 0.000 0.000 0.000 0.000 0.000 0.000 0.000 0.000 0.000 0.000 0.000 0.000 0.000 0.000 0.000 0.000
103.191 98.191 96.190 95.189 89.188 86.187 87.186 87.185 93.184 98.182 98.180 91.178 75.176 90.174 103.171 103.167 103.164 103.159 103.154 103.149 104.142 104.133 107.123 108.112 108.101 108.088 47.072 0.000 0.000 0.000 0.000 0.000 0.000 0.000 0.000 55.399 81.381 86.366 70.363 87.374 75.398 65.433 65.476 68.523 11.557 0.000 0.831 0.839 0.000 0.000 0.000 0.000 0.000 0.000 0.000 0.000 0.000 0.000 0.000 0.000 0.000 0.000 0.000 0.000 0.000 0.000 0.000 0.000 0.000 0.000 0.000 0.000 0.000
73.192 46.192 68.192 82.191 80.190 60.189 45.188 41.187 61.185 78.183 77.182 70.179 65.177 75.174 96.172 104.168 103.165 103.160 103.156 103.150 103.144 107.135 82.123 70.111 69.098 73.081 76.057 15.018 3.978 0.630 0.457 0.000 0.000 0.000 0.000 53.541 89.517 72.496 64.490 74.498 85.517 69.547 65.584 65.627 71.680 15.772 9.823 1.847 0.863 6.863 4.863 0.000 0.000 0.000 0.000 0.000 0.000 0.000 0.000 0.000 0.000 0.000 0.000 0.000 0.000 0.000 0.000 0.000 0.000 0.000 0.000 0.000 0.000
63.194 34.194 56.193 71.193 67.192 44.191 30.190 34.188 54.187 68.185 66.183 66.181 67.178 65.176 84.173 101.169 103.166 103.162 103.158 103.153 102.148 65.142 0.000 0.000 0.000 0.000 0.000 0.000 0.000 59.969 79.953 31.931 17.908 13.878 60.819 77.707 94.650 71.610 65.603 63.610 80.627 82.653 68.684 65.721 65.764 68.814 77.848 15.868 10.879 0.000 19.863 0.000 0.000 0.000 0.000 0.000 0.000 0.000 0.000 0.000 0.000 0.000 0.000 0.000 0.000 0.000 0.000 0.000 0.000 0.000 0.000 0.000 0.000
76.196 72.196 67.196 66.195 67.194 69.193 70.192 73.190 72.189 68.187 67.185 67.182 67.180 66.177 73.174 95.171 104.168 103.164 105.161 77.157 43.152 0.000 0.000 0.000 0.000 0.000 0.000 0.000 0.000 24.958 46.948 49.931 53.915 67.906 64.873 85.818 82.767 56.692 63.700 65.712 67.730 80.753 72.780 67.810 65.841 64.870 81.889 72.896 66.896 0.000 0.000 0.000 0.000 0.000 0.000 0.000 0.000 0.000 0.000 0.000 0.000 0.000 0.000 0.000 0.000 0.000 0.000 0.000 0.000 0.000 0.000 0.000 0.000
66.198 67.198 67.198 67.197 67.196 67.195 67.194 67.192 67.191 67.189 67.187 67.184 67.182 67.179 65.176 86.173 103.170 105.167 101.164 27.162 0.000 0.000 0.000 0.000 0.000 0.000 0.000 0.000 0.000 0.000 0.000 0.000 0.000 51.957 68.949 94.927 68.906 0.000 51.794 66.808 64.827 68.849 69.872 78.897 67.919 65.937 64.942 60.931 1.913 0.000 0.000 0.000 0.000 0.000 0.000 0.000 0.000 0.000 0.000 0.000 0.000 0.000 0.000 0.000 0.000 0.000 0.000 0.000 0.000 0.000 0.000 0.000 25.495
67.201 67.201 67.200 67.200 67.199 67.198 67.196 66.195 66.193 67.191 67.189 67.186 67.183 67.181 66.178 74.174 89.171 100.168 88.166 14.165 0.000 0.000 0.000 0.000 0.000 0.000 0.000 0.000 0.000 0.000 0.000 0.000 0.000 29.017 78.040 103.033 13.023 0.000 49.874 67.898 65.921 64.943 72.964 83.985 72.003 66.015 70.012 2.971 0.000 0.000 0.000 0.000 0.000 0.000 0.000 0.000 0.000 0.000 0.000 0.000 0.000 0.000 0.000 0.000 0.000 0.000 0.000 0.000 0.000 0.000 0.000 0.000 82.575
67.204 67.204 67.203 67.202 67.201 67.200 67.199 71.197 72.195 68.193 67.191 67.188 67.186 67.183 67.179 66.176 69.173 78.170 78.167 19.166 0.000 0.000 0.000 0.000 0.000 0.000 20.833 0.000 0.000 0.000 0.000 0.000 0.000 1.182 82.160 97.143 20.131 0.000 33.931 64.988 66.017 66.038 65.057 70.076 72.094 68.109 70.119 0.000 0.000 0.000 0.000 0.000 0.000 0.000 0.000 0.000 0.000 0.000 0.000 0.000 0.000 0.000 0.000 0.000 0.000 0.000 0.000 0.000 0.000 0.000 0.000 66.798 75.706
67.207 67.207 67.206 67.205 67.204 67.203 66.202 78.200 83.198 70.196 67.194 67.191 67.188 67.185 67.181 67.178 67.174 66.171 69.168 50.165 0.000 0.000 0.000 0.000 0.000 62.834 83.833 45.831 36.823 35.812 0.000 0.000 0.000 63.356 105.288 79.246 79.228 6.248 0.000 51.107 68.120 66.134 66.150 64.168 80.187 84.209 78.235 1.333 0.000 0.000 0.000 0.000 0.000 0.000 0.000 0.000 0.000 0.000 0.000 0.000 0.000 0.000 0.000 0.000 0.000 0.000 0.000 0.000 0.000 0.000 40.961 91.889 77.815
67.210 67.210 67.209 67.209 67.208 67.206 66.205 79.203 85.201 69.199 67.196 67.194 67.190 67.187 67.184 67.180 67.176 67.172 67.167 73.163 44.158 0.000 0.000 0.000 2.835 25.835 40.835 62.837 70.826 74.801 48.752 24.687 59.598 97.472 95.388 75.324 57.288 15.268 0.000 51.214 68.220 67.230 70.242 65.258 74.278 97.304 94.343 39.414 3.471 19.497 0.000 0.000 0.000 0.000 0.000 0.000 0.000 45.012 75.012 79.012 0.000 0.000 88.013 149.013 0.000 0.000 0.000 0.000 0.000 0.000 78.033 133.982 116.921
64.213 65.213 66.213 66.212 67.211 67.210 65.208 80.206 83.204 66.202 67.199 67.197 67.193 67.190 67.186 67.182 67.177 67.172 67.167 67.161 73.153 53.143 4.136 0.000 0.000 0.000 0.000 38.857 69.842 65.813 68.769 72.710 84.635 101.547 85.469 53.375 3.331 0.000 0.000 50.315 67.317 70.322 83.331 69.344 79.362 80.387 99.420 103.463 86.501 36.524 0.000 0.000 0.000 0.000 0.000 0.000 0.000 0.000 36.012 64.012 78.012 110.013 148.013 71.013 0.000 0.000 0.000 0.000 0.000 64.246 74.157 75.087 78.023
85.217 80.217 75.216 73.216 69.215 65.213 65.212 80.210 83.208 65.206 67.203 67.200 67.197 67.193 67.189 67.184 66.179 65.173 66.167 66.160 66.151 72.141 49.129 26.114 1.098 0.000 0.000 37.892 75.872 69.841 64.800 77.749 100.686 94.613 62.564 0.000 0.000 0.000 0.000 48.415 66.410 71.410 78.415 73.425 78.440 77.461 90.487 84.517 77.546 50.573 5.604 0.000 0.000 0.000 0.000 0.000 0.000 0.000 0.000 32.012 110.012 113.013 116.013 1.013 11.013 0.002 0.000 7.412 41.412 69.336 138.258 102.195 134.082
105.221 104.221 100.220 95.220 91.219 86.217 81.216 77.214 72.212 66.209 67.207 67.204 67.200 67.196 66.192 68.187 74.182 79.175 78.168 76.160 70.151 65.139 69.125 75.107 39.082 20.047 24.005 57.948 80.912 71.879 67.843 90.800 102.745 58.656 3.610 0.000 0.000 11.593 18.573 52.519 65.499 70.492 86.494 76.501 69.513 62.529 68.549 86.572 83.595 89.617 8.636 0.000 0.000 0.000 0.000 0.000 0.000 0.000 0.000 0.000 0.000 0.000 0.000 0.000 8.013 0.000 0.000 0.000 76.487 67.427 77.360 100.256 76.432
