results2_8e3_rain/res_3e8f-0036.wd
ncols         241
nrows         181
xllcorner     12693529.787448
yllcorner     3542525.717860
cellsize      155.156523
NODATA_value  -9999.000000
[rows 99 to 131 of 181, columns 0 to 74 of 241]
0.000 0.000 0.000 0.000 0.000 36.029 76.027 78.020 69.010 64.009 0.000 0.000 0.000 0.000 0.000 0.000 0.000 43.912 40.912 0.000 0.000 0.000 0.000 38.833 37.831 0.000 0.000 0.000 0.000 0.000 0.000 0.000 0.000 0.000 0.000 43.276 39.277 38.278 39.279 40.279 53.279 42.278 46.276 38.276 40.276 38.276 39.275 44.275 45.274 43.274 47.274 40.274 40.275 42.276 45.278 59.281 60.284 45.288 31.290 0.000 0.000 0.000 0.000 0.000 10.823 65.824 62.830 49.842 24.856 19.873 63.892 40.913 42.938 42.965 42.996
0.000 0.000 0.000 0.000 0.000 37.042 77.041 77.039 0.000 0.000 0.000 0.000 0.000 0.000 0.000 0.000 0.000 54.914 43.914 0.000 0.000 0.000 41.861 40.849 44.844 0.000 0.000 0.000 0.000 49.288 41.288 0.000 0.000 0.000 56.289 66.285 52.286 45.286 39.287 41.288 60.287 45.286 51.281 51.283 42.283 57.282 49.281 50.280 40.279 48.278 48.277 46.276 40.276 41.277 45.278 42.280 4.281 0.000 0.000 0.000 0.000 0.000 0.000 13.834 50.833 62.835 69.841 59.851 35.863 36.878 50.895 41.914 42.937 42.961 42.989
0.000 0.000 0.000 0.000 0.000 24.057 73.057 82.056 0.000 0.000 0.000 0.000 0.000 0.000 0.000 0.000 0.000 61.915 42.918 43.914 45.904 42.890 39.873 40.861 38.852 0.000 0.000 0.000 0.000 42.288 42.289 43.291 42.292 42.293 41.292 51.293 60.294 7.295 71.296 61.297 66.297 51.297 0.000 67.292 65.291 64.289 68.288 57.286 40.284 43.282 48.280 48.279 45.278 41.277 30.277 0.000 0.000 0.000 0.000 0.000 0.000 0.000 0.000 23.836 50.839 50.843 61.849 60.857 43.868 43.881 42.896 42.914 42.933 42.955 41.979
50.121 53.121 0.000 0.000 0.000 34.074 73.073 78.075 88.082 0.000 0.000 0.000 0.000 0.000 0.000 0.000 0.000 0.000 46.930 43.922 61.908 75.895 50.882 35.871 0.000 0.000 0.000 0.000 0.000 0.000 41.290 42.292 42.293 42.294 42.297 41.300 41.303 40.305 41.307 46.308 58.309 52.309 0.000 67.303 68.301 46.298 53.295 70.292 64.289 51.286 41.283 47.281 48.279 51.277 36.277 0.000 0.000 0.000 0.000 0.000 0.000 0.000 0.000 0.000 1.844 47.849 44.855 44.862 42.871 42.883 42.896 42.911 42.928 41.947 40.968
64.122 47.121 47.119 49.114 51.106 70.093 78.089 78.088 78.091 80.095 54.097 0.000 0.000 41.994 48.993 49.990 11.982 6.970 69.950 77.936 72.914 68.899 51.890 0.000 0.000 0.000 0.000 0.000 0.000 0.000 0.000 42.295 41.295 40.296 41.300 42.309 42.313 42.316 42.318 43.320 62.321 57.321 40.323 42.316 53.311 64.307 41.303 53.299 54.295 47.291 67.287 50.284 42.281 0.000 0.000 0.000 0.000 0.000 0.000 0.000 0.000 0.000 0.000 0.000 0.000 47.856 42.860 42.866 42.873 42.883 42.894 40.907 38.922 40.939 46.956
79.126 69.125 50.122 54.118 72.112 78.105 78.101 78.099 78.099 73.099 45.100 51.100 0.000 32.995 67.998 75.995 75.988 59.978 74.967 81.958 0.000 0.000 0.000 0.000 0.000 0.000 0.000 0.000 0.000 0.000 0.000 42.300 0.000 0.000 0.000 43.322 42.325 42.328 42.331 43.334 59.334 64.334 41.332 42.327 42.323 60.318 61.313 39.307 47.302 66.296 58.291 36.287 0.000 0.000 0.000 0.000 0.000 0.000 0.000 0.000 0.000 0.000 0.000 0.000 0.000 47.861 42.863 42.868 42.874 41.881 40.891 45.902 46.915 47.929 48.944
79.132 79.131 74.128 77.125 78.121 78.116 78.112 78.109 78.107 74.105 49.103 66.101 0.000 0.000 46.009 70.005 77.998 78.990 77.981 82.974 0.000 0.000 0.000 0.000 0.000 0.000 0.000 0.000 0.000 0.000 0.000 42.305 0.000 0.000 44.333 42.333 42.337 42.342 42.346 42.349 59.350 64.349 41.345 42.340 42.334 43.328 64.323 58.317 65.310 55.300 36.295 0.000 0.000 0.000 0.000 0.000 0.000 0.000 0.000 0.000 0.000 0.000 0.000 0.000 45.862 42.863 42.865 42.868 42.873 41.879 43.886 47.896 48.906 48.918 48.931
77.139 78.139 78.137 78.134 78.131 78.127 78.123 78.119 78.116 79.112 74.107 81.102 5.097 0.000 34.025 53.018 76.010 78.002 78.994 66.984 0.000 0.000 0.000 0.000 0.000 0.000 0.000 0.000 0.000 0.000 0.000 36.311 41.317 41.325 40.333 42.342 42.349 42.356 42.364 42.368 59.369 64.366 41.360 42.354 42.347 42.340 47.334 70.328 50.321 0.000 0.000 0.000 0.000 0.000 0.000 0.000 0.000 0.000 0.000 0.000 0.000 0.000 0.000 0.000 0.000 49.864 45.866 46.868 44.872 40.875 47.881 48.888 46.897 46.907 43.918
74.149 79.148 78.147 78.145 78.142 78.139 78.135 78.131 78.126 78.120 79.113 72.105 56.093 47.074 41.048 68.034 78.024 78.016 83.011 0.000 0.000 0.000 0.000 0.000 0.000 0.000 0.000 0.000 0.000 0.000 0.000 0.000 0.000 0.000 0.000 42.354 42.360 42.371 42.385 42.391 58.391 65.386 42.378 42.369 42.360 42.352 42.345 48.340 1.330 0.000 0.000 0.000 0.000 0.000 0.000 0.000 0.000 0.000 0.000 0.000 0.000 0.000 0.000 0.000 0.000 0.000 0.000 0.000 0.000 49.869 47.874 48.880 45.888 40.896 49.904
74.161 79.160 78.159 78.157 78.155 78.152 78.148 78.144 78.138 78.131 79.122 64.111 43.097 42.080 51.062 75.048 78.037 78.029 84.024 0.000 0.000 0.000 0.000 0.000 0.000 0.000 0.000 0.000 0.000 0.000 0.000 0.000 0.000 0.000 0.000 38.361 42.368 39.384 42.415 42.422 61.419 65.410 42.397 42.384 42.373 42.364 42.357 39.353 0.000 0.000 0.000 0.000 0.000 0.000 0.000 0.000 0.000 0.000 0.000 0.000 0.000 41.789 0.000 0.000 0.000 0.000 0.000 0.000 45.851 46.859 48.865 48.872 45.879 41.886 51.893
77.174 78.174 78.173 78.172 78.170 78.167 78.164 78.159 78.153 78.145 78.134 75.121 52.106 53.089 70.073 77.059 78.048 78.039 85.034 2.034 0.000 0.000 0.000 0.000 0.000 0.000 0.000 0.000 0.000 0.000 0.000 0.000 0.000 0.000 0.000 0.000 38.367 0.000 41.468 42.464 70.454 57.438 42.418 42.399 42.385 55.374 45.366 40.362 0.000 0.000 0.000 0.000 0.000 0.000 0.000 0.000 0.000 0.000 0.000 0.000 0.000 52.789 37.790 0.000 0.000 0.000 0.000 46.836 49.844 48.851 45.857 41.863 41.869 39.876 43.885
78.188 78.188 78.188 78.188 78.187 78.185 78.181 78.177 78.171 78.162 78.150 78.135 80.117 80.099 79.083 78.068 78.057 80.047 69.039 12.036 0.000 0.000 0.000 0.000 0.000 0.000 0.000 0.000 0.000 0.000 0.000 0.000 0.000 0.000 0.000 0.000 0.000 0.000 41.524 42.515 76.496 45.470 42.438 42.411 54.393 63.381 42.373 42.369 41.370 0.000 0.000 0.000 0.000 0.000 0.000 0.000 0.000 0.000 0.000 0.000 0.000 48.790 49.791 36.793 0.000 42.815 44.821 48.830 47.837 45.844 44.850 40.855 48.860 51.865 0.000
77.204 76.204 78.205 78.205 78.205 78.204 78.202 78.198 78.192 78.183 78.170 78.152 78.130 78.109 78.091 78.076 79.065 62.055 0.000 0.000 39.032 53.031 0.000 0.000 0.000 0.000 0.000 0.000 0.000 0.000 0.000 0.000 0.000 0.000 0.000 0.000 0.000 0.000 37.591 48.574 71.548 42.508 39.454 42.416 42.396 42.384 42.376 42.372 42.371 39.370 0.000 0.000 0.000 0.000 0.000 0.000 0.000 0.000 0.000 0.000 0.000 43.790 39.792 45.795 40.802 48.810 48.817 47.825 43.832 46.838 41.843 40.848 40.852 33.858 0.000
67.220 67.222 76.224 78.225 78.225 78.225 78.224 78.222 78.217 78.209 78.195 79.174 80.144 78.117 78.096 78.081 78.072 0.009 0.000 39.039 49.034 59.031 58.029 51.027 43.026 0.000 0.000 0.000 0.000 0.000 0.000 0.000 0.000 0.000 0.000 41.775 44.763 44.734 41.676 40.645 49.613 37.560 0.000 38.404 42.392 42.383 42.377 42.374 41.372 0.000 0.000 0.000 0.000 0.000 0.000 0.000 45.776 56.777 0.000 0.000 44.786 42.788 42.791 39.795 47.801 48.807 48.814 45.822 48.828 48.834 46.838 41.841 30.844 0.000 0.000
49.235 54.239 73.244 79.247 78.247 78.248 78.250 78.250 78.248 78.241 80.229 66.207 62.156 77.119 82.097 79.082 74.071 56.061 59.053 65.044 59.036 60.032 39.029 32.027 0.000 0.000 0.000 0.000 0.000 0.000 0.000 0.000 0.000 0.000 32.788 38.788 41.780 41.763 41.736 41.716 43.701 0.000 0.000 0.000 37.386 42.381 42.376 42.374 42.373 0.000 0.000 0.000 0.000 0.000 0.000 5.776 62.777 44.777 42.779 42.781 42.784 42.787 40.790 45.794 48.799 48.805 44.811 48.820 48.826 47.831 41.834 42.836 32.838 0.000 0.000
33.246 48.258 67.269 80.272 81.269 81.271 79.278 78.282 79.283 78.280 79.275 17.268 0.000 36.106 54.094 75.079 82.069 80.061 80.055 66.049 0.000 0.000 0.000 0.000 0.000 0.000 0.000 0.000 0.000 0.000 0.000 0.000 0.000 0.000 0.000 37.811 41.809 39.801 40.790 42.781 43.776 0.000 0.000 0.000 0.000 35.377 42.375 42.373 39.373 0.000 0.000 0.000 0.000 0.000 0.000 0.000 4.777 58.778 41.779 41.781 42.783 41.786 41.788 47.792 48.796 46.802 34.806 0.000 52.828 46.829 46.831 46.833 32.834 0.000 0.000
0.000 19.279 52.302 58.304 52.287 54.289 71.310 79.318 75.322 68.323 67.324 2.324 0.000 0.000 0.000 12.073 47.067 73.061 80.057 0.000 0.000 0.000 0.000 0.000 0.000 0.000 0.000 0.000 0.000 28.960 49.961 0.000 0.000 0.000 0.000 37.838 43.843 42.844 51.843 52.844 42.847 0.000 0.000 0.000 0.000 0.000 39.373 40.373 0.000 0.000 0.000 0.000 0.000 0.000 0.000 0.000 0.000 63.778 66.779 46.781 40.783 38.785 48.787 48.789 43.793 0.000 0.000 0.000 0.000 51.828 48.829 48.830 38.831 0.000 0.000
0.000 0.000 33.355 42.357 0.000 0.000 43.357 72.360 63.364 59.368 73.374 40.382 0.431 0.000 0.000 0.000 0.000 18.059 49.058 0.000 0.000 0.000 0.000 0.000 0.000 0.000 0.000 0.000 0.000 0.000 33.963 51.964 0.000 0.000 0.000 28.859 42.882 40.890 70.896 63.904 41.921 43.961 0.000 0.000 0.000 0.000 34.372 0.000 0.000 0.000 0.000 0.000 0.000 0.000 0.000 0.000 0.000 0.000 51.780 68.781 53.782 47.784 48.785 43.787 0.000 0.000 0.000 0.000 0.000 43.827 48.828 48.829 43.830 0.000 0.000
0.000 0.000 29.408 74.413 31.436 0.000 32.402 64.403 66.406 77.413 79.424 82.444 88.486 27.511 0.000 0.000 0.000 0.000 0.000 0.000 0.000 0.000 0.000 0.000 0.000 0.000 0.000 0.000 0.000 0.000 34.965 49.966 0.000 0.000 0.000 0.000 35.937 43.940 73.947 55.957 43.975 43.001 48.028 0.000 0.000 0.000 0.000 0.000 0.000 0.000 0.000 0.000 0.000 0.000 0.000 0.000 0.000 0.000 0.000 0.000 56.782 46.783 44.784 0.000 0.000 0.000 0.000 0.000 42.825 41.826 43.827 37.828 0.000 0.000 0.000
2.492 17.482 51.458 69.453 77.459 46.463 59.447 82.444 79.446 78.453 78.465 78.484 78.511 84.536 87.566 43.585 2.596 0.000 47.626 61.627 54.626 56.625 12.624 0.000 0.000 0.000 0.000 0.000 0.000 0.000 13.967 35.969 41.977 41.985 44.994 4.004 36.989 65.988 67.994 45.005 43.021 43.040 46.056 0.000 0.000 0.000 0.000 0.000 0.000 0.000 0.000 0.000 0.000 0.000 0.000 0.000 0.000 0.000 0.000 0.000 0.000 0.000 0.000 0.000 0.000 0.000 0.000 44.824 39.824 37.825 0.000 0.000 0.000 0.000 0.000
75.503 78.498 78.488 76.484 74.484 75.484 77.480 77.480 78.483 79.490 79.502 78.517 71.537 75.558 78.578 82.595 86.608 87.621 79.627 75.628 72.628 67.626 69.623 62.621 18.619 0.000 0.000 0.000 0.000 0.000 0.000 0.000 0.000 0.000 0.000 61.030 50.027 79.029 70.037 57.049 44.064 43.082 43.102 47.130 43.129 0.000 0.000 0.000 0.000 0.000 0.000 0.000 0.000 0.000 0.000 0.000 0.000 0.000 0.000 0.000 0.000 0.000 0.000 0.000 0.000 0.000 0.000 0.000 0.000 0.000 0.000 0.000 0.000 0.000 0.000
78.521 73.518 71.514 70.512 64.511 61.511 62.511 62.513 68.517 73.524 73.535 66.548 50.564 65.580 78.596 78.609 78.620 78.629 78.633 78.634 79.632 79.628 82.624 83.621 83.618 83.616 22.615 0.000 0.000 0.000 0.000 0.000 0.000 0.000 0.000 33.060 59.061 64.066 48.076 65.090 53.106 43.123 43.142 46.159 0.000 0.000 0.000 0.000 0.000 0.000 0.000 0.000 0.000 0.000 0.000 0.000 0.000 0.000 0.000 0.000 0.000 0.000 0.000 0.000 0.000 0.000 0.000 0.000 0.000 0.000 0.000 0.000 0.000 0.000 0.000
48.542 21.541 43.539 57.538 55.538 35.539 20.541 16.544 36.549 53.556 52.566 45.577 40.590 50.604 71.617 79.628 78.636 78.642 78.644 78.642 78.638 82.633 57.626 45.621 44.618 48.616 51.615 0.000 0.000 0.000 0.000 0.000 0.000 0.000 0.000 31.089 67.092 50.100 42.114 52.129 63.146 47.164 43.184 43.207 49.239 0.000 0.000 0.000 0.000 0.000 0.000 0.000 0.000 0.000 0.000 0.000 0.000 0.000 0.000 0.000 0.000 0.000 0.000 0.000 0.000 0.000 0.000 0.000 0.000 0.000 0.000 0.000 0.000 0.000 76.219
38.566 9.565 31.565 46.565 42.566 19.568 5.570 9.574 29.580 43.587 41.596 41.606 42.618 40.629 59.640 76.650 78.656 78.660 78.659 78.654 77.647 40.640 0.000 0.000 0.000 0.000 0.000 0.000 0.000 37.122 57.123 9.124 0.000 0.000 38.126 55.116 72.118 49.129 43.150 41.169 58.187 60.205 46.224 43.246 43.271 46.301 55.314 0.000 0.000 0.000 0.000 0.000 0.000 0.000 0.000 0.000 0.000 0.000 0.000 0.000 0.000 0.000 0.000 0.000 0.000 0.000 0.000 0.000 0.000 0.000 0.000 0.000 0.000 0.000 74.290
51.591 47.591 42.591 41.592 42.594 44.596 45.599 48.604 47.610 43.617 42.626 42.636 42.646 41.656 48.666 70.675 79.681 78.683 80.680 52.670 18.658 0.000 0.000 0.000 0.000 0.000 0.000 0.000 0.000 2.122 24.123 27.126 31.131 45.138 42.136 63.134 60.136 34.151 41.188 43.209 45.228 58.245 50.263 45.282 43.301 42.319 59.329 50.334 44.333 0.000 0.000 0.000 0.000 0.000 0.000 0.000 0.000 0.000 0.000 0.000 0.000 0.000 0.000 0.000 0.000 0.000 0.000 0.000 0.000 0.000 0.000 0.000 0.000 10.521 87.423
41.617 42.617 42.618 42.619 42.622 42.625 42.628 42.634 42.640 42.647 42.656 42.665 42.675 42.685 40.695 61.704 78.710 80.713 76.708 2.689 0.000 0.000 0.000 0.000 0.000 0.000 0.000 0.000 0.000 0.000 0.000 0.000 0.000 29.147 46.149 72.147 46.141 0.000 29.242 44.255 42.271 46.287 47.302 56.318 45.333 43.344 42.349 38.341 0.000 0.000 0.000 0.000 0.000 0.000 0.000 0.000 0.000 0.000 0.000 0.000 0.000 0.000 0.000 0.000 0.000 0.000 0.000 0.000 0.000 0.000 0.000 0.000 15.698 80.619 90.536
42.644 42.644 42.645 42.647 42.650 42.653 42.657 41.663 41.669 42.677 42.686 42.695 42.705 42.716 41.726 49.736 64.744 75.750 63.753 0.000 0.000 0.000 0.000 0.000 0.000 0.000 0.000 0.000 0.000 0.000 0.000 0.000 0.000 6.156 55.165 80.167 0.000 0.000 27.284 45.299 43.314 42.329 50.343 61.356 49.368 43.378 47.383 0.000 0.000 0.000 0.000 0.000 0.000 0.000 0.000 0.000 0.000 0.000 0.000 0.000 0.000 0.000 0.000 0.000 0.000 0.000 0.000 0.000 0.000 0.000 0.000 0.000 72.777 86.720 86.650
42.671 42.672 42.673 42.675 42.678 42.682 42.686 46.692 47.699 43.707 42.716 42.725 42.736 42.747 42.758 41.770 44.781 53.792 53.801 0.000 0.000 0.000 0.000 0.000 0.000 0.000 0.000 0.000 0.000 0.000 0.000 0.000 0.000 0.000 59.190 74.189 0.000 0.000 11.313 42.342 43.359 43.372 42.385 47.397 49.408 45.417 47.423 0.000 0.000 0.000 0.000 0.000 0.000 0.000 0.000 0.000 0.000 0.000 0.000 0.000 0.000 0.000 0.000 0.000 0.000 0.000 0.000 0.000 0.000 0.000 0.000 57.010 65.913 65.837 65.764
42.699 42.699 42.701 42.703 42.706 42.710 41.715 53.722 58.729 45.737 42.746 42.756 42.767 42.779 42.792 42.805 42.820 41.837 44.859 25.896 0.000 0.000 0.000 0.000 0.000 39.297 60.298 22.300 13.300 12.300 0.000 0.000 0.000 40.233 82.217 56.212 56.215 0.000 0.000 28.400 45.408 43.418 43.428 41.439 57.450 61.461 55.469 0.000 0.000 0.000 0.000 0.000 0.000 0.000 0.000 0.000 0.000 0.000 0.000 0.000 0.000 0.000 0.000 0.000 0.000 0.000 0.000 0.000 0.000 0.000 31.185 82.108 68.027 80.958 102.839
42.726 42.727 42.729 42.731 42.735 42.739 41.744 54.751 60.758 44.767 42.776 42.787 42.799 42.811 42.825 42.841 42.858 42.878 42.903 48.934 19.968 0.000 0.000 0.000 0.000 2.298 17.299 39.301 47.302 51.301 25.297 1.285 36.268 74.250 72.235 52.226 34.220 0.000 0.000 28.451 45.456 44.463 47.473 42.483 51.494 74.507 71.524 16.556 0.000 0.000 0.000 0.000 0.000 0.000 0.000 0.000 0.000 0.000 0.000 0.000 0.000 0.000 0.000 0.000 0.000 0.000 0.000 0.000 0.000 0.000 68.263 124.207 107.140 129.046 107.635
39.755 40.755 41.757 41.760 42.763 42.768 40.774 55.780 58.788 41.797 42.807 42.818 42.830 42.844 42.859 42.875 42.894 42.916 42.941 42.970 49.002 29.036 0.000 0.000 0.000 0.000 0.000 15.306 46.306 42.305 45.301 49.292 61.278 78.263 62.249 30.237 0.000 0.000 0.000 27.498 44.501 47.508 60.517 46.527 56.538 57.550 76.566 80.588 63.613 13.624 0.000 0.000 0.000 0.000 0.000 0.000 0.000 0.000 0.000 0.000 0.000 0.000 0.000 0.000 0.000 0.000 0.000 0.000 0.000 54.493 64.396 65.321 68.250 87.223 106.804
60.783 55.784 50.786 48.788 44.792 40.797 40.803 55.809 58.817 40.826 42.837 42.848 42.861 42.875 42.891 42.909 41.929 40.951 41.976 42.005 42.036 48.071 25.114 2.139 0.000 0.000 0.000 14.312 52.313 46.313 41.310 54.302 77.290 71.276 39.262 0.000 0.000 0.000 0.000 25.542 43.545 48.552 55.560 50.570 55.581 54.592 67.604 61.617 54.629 27.636 0.000 0.000 0.000 0.000 0.000 0.000 0.000 0.000 0.000 0.000 0.000 0.000 0.000 0.000 0.000 0.000 0.000 0.000 31.671 59.590 128.506 92.437 124.318 107.988 106.035
80.811 79.812 75.814 70.817 66.821 61.826 56.832 52.839 47.847 41.856 42.866 42.878 42.892 42.907 41.923 43.941 49.962 54.984 54.009 52.037 46.067 41.100 45.134 51.164 15.194 0.000 0.300 34.318 57.323 48.326 44.325 67.318 79.305 35.290 0.000 0.000 0.000 0.000 0.000 29.585 42.587 47.594 63.604 53.614 46.624 39.633 45.641 63.648 60.653 66.654 0.000 0.000 0.000 0.000 0.000 0.000 0.000 0.000 0.000 0.000 0.000 0.000 0.000 0.000 0.000 0.000 0.000 0.000 66.751 57.688 67.617 90.508 66.678 106.131 97.466
