results2_8e3_rain/res_3e8f-0067.wd
ncols         241
nrows         181
xllcorner     12693529.787448
yllcorner     3542525.717860
cellsize      155.156523
NODATA_value  -9999.000000
[rows 32 to 63 of 181, columns 74 to 147 of 241]
0.000 0.000 0.000 0.000 0.000 0.000 0.000 0.000 0.000 0.000 0.000 0.000 0.000 0.000 0.000 0.000 0.000 0.000 0.000 0.000 0.000 0.000 0.000 0.000 0.000 0.000 0.000 0.000 0.000 0.000 0.000 0.000 0.000 0.000 0.000 0.000 0.000 0.000 18.728 26.729 42.731 45.735 2.742 30.752 43.768 43.779 41.778 34.777 29.790 29.794 30.788 30.773 30.749 30.715 30.672 31.622 32.567 28.508 45.444 55.375 0.000 0.000 40.204 47.829 58.404 61.014 60.648 60.318 61.918 60.064 57.196 57.222 56.824 59.057
0.000 0.000 0.000 0.000 0.000 0.000 0.000 0.000 0.000 0.000 0.000 0.000 0.000 0.000 0.000 0.000 0.000 0.000 0.000 0.000 0.000 0.000 0.000 0.000 0.000 0.000 0.000 0.000 0.000 0.000 0.000 0.000 0.000 0.000 0.000 0.000 0.000 0.000 34.729 57.730 62.731 18.733 0.000 0.000 27.788 41.809 8.793 0.000 31.824 34.831 28.828 29.813 30.785 30.745 30.692 30.629 29.560 35.486 55.398 2.047 8.781 6.346 41.717 58.243 62.811 61.407 62.046 60.619 62.742 57.828 57.401 57.408 59.698 58.944
0.000 0.000 0.000 0.000 0.000 0.000 0.000 0.000 0.000 0.000 0.000 0.000 0.000 0.000 0.000 0.000 0.000 0.000 0.000 0.000 0.000 0.000 0.000 0.000 0.000 0.000 0.000 0.000 0.000 0.000 0.000 0.000 0.000 0.000 0.000 0.000 0.000 0.000 0.000 9.730 4.731 0.000 0.000 0.000 0.000 23.874 0.000 0.000 21.851 45.878 44.879 34.865 30.834 30.787 30.723 30.644 29.557 51.480 49.439 0.000 31.873 44.541 58.073 62.618 62.183 61.789 61.330 62.423 58.469 57.722 57.986 60.311 59.569 59.346
0.000 0.000 0.000 0.000 0.000 0.000 0.000 0.000 0.000 0.000 0.000 0.000 0.000 0.000 0.000 0.000 0.000 29.707 61.707 14.707 0.000 0.000 0.000 0.000 0.000 0.000 0.000 0.000 0.000 0.000 0.000 0.000 0.000 0.000 0.000 0.000 0.000 0.000 0.000 0.000 0.000 0.000 0.000 0.000 0.000 15.939 0.000 0.000 0.000 23.952 41.947 41.932 32.901 30.847 30.768 28.665 44.546 53.438 0.000 17.751 42.297 56.870 63.419 62.967 62.545 62.055 64.116 60.125 58.174 58.574 60.917 60.180 59.965 59.658
0.000 0.000 0.000 0.000 0.000 0.000 0.000 0.000 0.000 0.000 16.706 54.706 0.000 0.000 0.000 0.000 0.000 36.707 87.707 43.707 0.000 0.000 0.000 0.000 0.000 0.000 0.000 0.000 0.000 0.000 0.000 0.000 0.000 0.000 0.000 0.000 0.000 0.000 0.000 0.000 0.000 0.000 0.000 0.000 0.000 19.005 20.036 27.051 13.053 23.029 31.025 44.017 34.989 30.931 27.837 38.703 48.523 37.288 12.832 42.204 59.695 64.226 63.760 63.316 62.796 62.824 61.801 58.742 59.182 61.530 60.793 60.579 60.273 59.984
0.000 0.000 0.000 0.000 0.000 0.000 0.000 0.000 0.000 0.000 37.706 72.706 61.707 48.707 3.707 0.000 21.707 75.707 83.707 48.707 0.000 0.000 0.000 0.000 18.044 0.000 0.000 0.000 0.000 0.000 0.000 0.000 0.000 0.000 0.000 0.000 2.054 0.000 0.000 0.000 6.057 24.057 0.000 0.000 35.047 50.040 53.051 51.065 37.078 31.088 30.106 44.121 35.108 27.053 40.945 54.787 42.556 30.357 45.006 49.537 62.056 64.573 64.108 63.561 63.552 61.502 59.427 59.817 62.162 61.421 61.201 60.889 60.594 60.301
0.000 0.000 0.000 0.000 0.000 0.000 0.000 0.000 0.000 0.000 8.706 70.706 53.707 34.707 0.000 17.708 67.708 78.708 85.707 44.707 0.000 0.000 0.000 0.000 56.044 40.044 0.000 0.000 0.000 0.000 0.000 0.000 0.000 0.000 0.000 19.054 31.054 33.054 0.000 0.000 15.057 40.057 19.057 33.056 56.054 59.055 60.064 57.081 44.105 31.140 28.191 45.252 36.270 40.227 58.102 51.945 0.000 28.580 47.296 59.882 65.413 64.934 64.361 64.312 62.237 60.246 60.487 62.820 62.073 61.845 61.521 61.213 60.907 60.612
0.000 0.000 0.000 0.000 0.000 0.000 0.000 0.000 0.000 0.000 0.000 0.000 21.707 59.708 55.708 43.708 56.708 76.708 87.708 40.707 0.000 0.000 0.000 0.000 18.044 42.044 44.044 0.000 0.000 0.000 0.000 0.000 0.000 0.000 0.000 35.054 36.054 48.054 31.055 20.056 34.056 35.057 31.058 38.058 45.059 43.062 36.071 55.088 21.123 37.176 40.264 30.427 42.493 55.484 52.293 0.000 3.542 40.088 56.716 65.286 65.795 65.216 65.123 62.028 61.244 61.207 63.517 62.762 62.522 62.184 61.857 61.529 61.210 60.912
0.000 0.000 0.000 0.000 0.000 0.000 0.000 0.000 0.000 0.000 0.000 0.000 11.708 78.708 73.709 63.709 53.709 77.709 85.708 80.707 65.705 20.703 0.000 0.000 0.000 0.000 52.045 36.045 34.045 45.046 40.046 3.046 0.000 0.000 0.000 35.054 34.054 55.055 61.055 50.056 42.057 34.057 31.058 32.059 33.061 32.064 30.070 38.076 0.000 0.000 0.000 35.698 58.791 56.922 0.000 2.418 39.925 53.582 63.205 66.717 66.247 66.993 62.909 62.504 61.998 64.266 63.499 63.242 62.887 62.541 62.190 61.837 61.493 61.189
0.000 0.000 0.000 0.000 0.000 0.000 0.000 0.000 0.000 0.000 0.000 0.000 0.000 11.709 50.709 25.710 61.711 80.710 85.709 83.707 81.704 70.702 29.700 0.000 0.000 0.000 8.045 47.045 47.045 60.046 58.046 51.046 46.047 0.000 0.000 2.053 39.054 58.054 65.055 57.056 41.057 30.058 31.059 31.060 31.062 31.064 31.068 35.070 0.000 0.000 0.000 5.875 43.053 12.491 9.834 44.743 49.436 61.131 67.706 67.527 65.729 64.014 64.172 62.900 65.091 64.299 64.016 63.639 63.273 62.901 62.524 62.137 61.736 62.406
0.000 0.000 0.000 0.000 0.000 0.000 0.000 0.000 0.000 0.000 0.000 0.000 0.000 0.000 0.000 82.713 82.713 84.713 84.711 83.708 77.704 71.700 42.698 0.000 0.000 0.000 0.000 0.000 15.045 60.046 54.046 69.047 66.047 45.048 24.050 25.053 34.054 56.054 65.055 56.056 39.057 29.058 34.059 33.060 31.062 31.064 31.066 32.067 24.067 0.000 0.000 0.000 0.000 4.244 47.267 50.167 57.971 68.656 68.739 67.076 68.881 66.482 63.974 66.023 65.182 64.856 64.448 64.056 63.661 63.265 62.867 61.452 69.907 67.532
0.000 0.000 0.000 0.000 0.000 17.449 40.448 0.000 18.417 58.410 47.402 51.395 26.391 0.000 0.000 18.715 90.716 84.717 81.714 78.709 81.703 72.697 35.694 0.000 0.000 0.000 0.000 0.000 0.000 0.000 4.046 58.047 59.047 10.048 0.000 1.053 38.054 56.054 61.055 51.056 42.057 40.058 2.059 9.061 37.062 31.064 31.065 32.066 38.066 46.066 8.066 0.000 0.000 19.885 52.827 56.699 67.480 69.669 69.288 72.620 71.161 65.390 67.110 66.171 65.775 65.320 64.895 64.472 64.051 63.631 63.226 68.898 0.000 0.000
0.000 0.000 0.000 0.000 0.000 17.450 60.448 2.439 52.424 54.412 66.401 49.392 34.386 0.000 0.000 6.717 75.719 87.724 84.720 84.712 85.702 79.693 33.686 0.000 0.000 0.000 0.000 0.000 0.000 0.000 0.000 0.000 43.047 2.047 0.000 0.000 44.054 41.055 53.055 10.055 0.000 0.000 0.000 0.000 3.063 41.064 35.064 0.000 28.066 62.066 45.066 0.000 0.000 24.593 58.425 67.313 70.416 70.159 74.373 73.638 66.816 68.288 67.250 66.766 66.253 65.786 65.333 64.887 64.439 63.982 63.509 68.017 10.522 0.000
59.664 49.663 0.000 0.000 0.000 11.452 71.455 47.444 49.428 55.413 79.398 80.386 75.377 29.367 0.000 0.000 0.000 35.739 89.731 84.718 85.701 82.684 41.672 0.000 0.000 0.000 0.000 0.000 0.000 0.000 0.000 0.000 1.047 0.000 0.000 0.000 0.000 0.000 0.000 0.000 0.000 0.000 0.000 0.000 0.000 0.000 16.064 13.064 0.000 0.000 0.000 0.000 13.956 51.385 68.335 70.001 70.923 75.278 74.908 67.876 69.361 68.322 67.783 67.222 66.715 66.232 65.766 65.304 64.837 64.350 63.812 66.137 49.027 5.421
71.664 53.661 49.658 0.000 0.000 0.000 63.476 65.455 65.433 77.411 74.394 86.379 85.366 46.358 0.000 0.000 0.000 11.761 91.749 84.727 85.700 82.671 42.647 0.000 0.000 3.319 51.290 63.258 32.236 0.000 0.000 0.000 0.000 0.000 0.000 0.000 0.000 0.000 0.000 0.000 0.000 0.000 0.000 0.000 0.000 0.000 0.000 1.064 0.000 0.000 0.000 11.904 52.417 69.378 69.957 76.155 75.648 69.188 69.720 70.170 69.292 68.756 68.181 67.651 67.147 66.664 66.193 65.726 65.254 64.768 71.252 11.695 0.000 18.484
76.665 55.661 56.655 48.647 0.000 53.551 48.516 56.469 69.436 73.406 84.386 85.368 84.352 53.341 0.000 0.000 0.000 10.796 90.775 84.741 85.700 80.654 60.597 44.510 45.428 45.348 53.293 74.247 41.214 0.000 0.000 0.000 0.000 0.000 0.000 0.000 0.000 0.000 0.000 0.000 0.000 0.000 0.000 0.000 0.000 0.000 0.000 0.000 0.000 9.989 40.766 50.275 69.262 70.852 77.535 76.930 69.746 71.434 70.732 70.145 69.634 69.086 68.560 68.051 67.560 67.083 66.616 66.153 65.687 72.215 17.733 0.000 0.000 3.620
71.667 69.662 52.654 56.639 56.616 47.587 40.569 0.000 0.000 15.392 74.378 85.355 83.335 68.311 35.277 0.000 0.000 59.852 80.814 85.763 84.707 85.646 75.579 51.503 48.427 47.353 56.287 74.225 57.160 43.070 43.999 47.946 58.914 22.901 0.000 0.000 0.000 0.000 0.000 0.000 0.000 0.000 0.000 0.000 0.000 0.000 0.000 0.000 0.000 21.190 61.028 68.973 71.620 78.415 78.021 70.486 72.123 71.313 70.905 70.420 69.917 69.415 68.918 68.432 67.958 67.494 67.036 66.581 72.127 18.671 0.000 0.000 0.000 2.689
17.672 85.667 56.659 50.640 51.622 53.610 53.604 42.614 0.000 0.000 0.000 19.338 90.322 80.292 58.243 50.162 57.067 55.947 57.866 65.791 66.717 53.644 50.571 48.498 48.423 47.349 56.277 71.205 50.130 47.051 51.981 67.926 70.894 55.888 29.888 0.000 0.000 0.000 0.000 0.000 0.000 0.000 0.000 0.000 0.000 0.000 0.000 0.000 12.033 53.876 69.483 72.321 78.962 78.729 71.196 72.812 72.000 71.612 71.147 70.682 70.210 69.736 69.266 68.803 68.346 67.897 67.452 73.010 18.568 0.000 0.000 0.000 0.000 0.000
84.678 85.677 71.674 0.000 0.000 58.629 54.624 65.624 56.623 0.000 0.000 0.000 78.322 75.292 60.242 51.174 48.093 48.002 50.914 63.818 71.727 74.641 67.565 57.492 50.419 49.344 65.267 68.187 43.106 47.023 46.947 47.884 51.849 30.868 0.000 0.000 0.000 1.633 0.000 0.000 0.000 0.000 0.000 0.000 0.000 0.000 15.254 46.927 54.785 68.298 79.606 79.217 72.273 72.855 73.400 72.687 72.296 71.844 71.402 70.954 70.504 70.054 69.607 69.165 68.728 69.296 75.866 19.438 0.000 0.000 0.000 0.000 0.000 0.000
85.687 85.687 85.686 72.685 55.673 55.652 55.640 46.633 0.000 12.424 19.424 71.400 68.354 71.311 64.260 65.200 65.130 65.054 67.968 62.839 62.731 64.628 68.556 69.488 67.417 63.340 74.259 72.172 60.082 60.990 60.899 62.814 37.750 0.000 0.000 0.000 0.000 2.633 0.000 0.000 0.000 0.000 0.000 0.000 2.170 49.872 50.470 71.495 72.056 80.718 80.222 74.773 74.474 73.846 73.359 72.958 72.520 72.091 71.660 71.228 70.797 70.368 69.944 69.523 70.106 73.692 6.279 0.000 0.000 0.000 0.000 0.000 0.000 8.468
84.696 84.700 85.700 82.695 60.683 54.666 55.650 56.636 48.624 0.000 63.449 60.422 61.382 62.338 57.288 61.233 66.175 74.115 59.067 0.000 0.000 9.585 67.543 63.486 63.420 63.342 63.255 63.161 63.061 62.956 62.845 60.724 55.587 28.404 0.000 4.172 47.950 54.634 66.288 36.009 0.000 0.000 0.000 0.000 51.367 62.130 74.056 74.695 81.465 81.127 75.441 75.100 74.348 74.001 73.592 73.172 72.755 72.336 71.918 71.501 71.088 70.679 70.276 70.877 73.481 21.086 0.000 0.000 0.000 0.000 0.000 0.000 0.000 29.479
74.708 74.716 85.718 85.712 75.698 51.679 54.659 55.638 55.611 61.565 70.501 54.456 51.414 49.370 56.322 71.271 70.219 55.166 35.117 0.000 0.000 0.000 0.000 52.495 47.435 47.353 47.259 47.156 48.046 50.928 51.799 51.651 50.470 51.220 49.828 49.393 58.046 64.663 62.220 68.731 66.122 60.584 58.068 60.456 72.040 75.531 75.317 81.950 81.740 76.095 75.733 74.967 74.623 74.210 73.804 73.396 72.988 72.581 72.175 71.772 71.373 70.984 71.604 72.228 10.855 0.000 0.000 0.000 0.000 0.000 0.000 0.000 0.000 40.523
40.723 52.739 80.745 84.737 65.718 48.692 47.668 55.645 55.619 54.582 48.535 49.488 55.448 72.406 71.360 54.311 47.264 37.215 0.000 56.914 65.864 61.787 62.688 65.565 68.471 67.376 68.273 71.159 70.038 66.911 68.772 63.613 49.421 53.179 51.871 56.528 74.175 80.754 77.198 70.573 65.048 66.582 73.050 77.907 76.327 82.547 82.190 76.103 77.705 76.276 75.600 75.244 74.828 74.425 74.021 73.619 73.220 72.825 72.431 72.037 72.649 70.282 65.928 17.578 0.000 0.000 0.000 0.000 0.000 0.000 0.000 0.000 26.689 30.612
0.000 45.771 64.785 75.774 50.746 42.704 49.675 47.657 54.638 55.611 55.568 48.513 65.484 57.445 46.399 49.350 41.310 0.000 66.036 68.965 68.892 70.808 71.713 74.607 78.507 77.408 77.298 77.168 79.036 79.905 77.766 65.607 51.422 53.204 52.950 52.671 55.374 28.980 1.370 90.311 131.939 109.506 75.462 76.994 83.559 83.103 76.566 79.285 76.688 76.231 75.858 75.448 75.044 74.639 74.235 73.838 73.449 73.067 72.687 74.297 68.903 57.566 12.247 0.000 0.000 0.000 0.000 0.000 0.000 0.000 0.000 24.842 37.767 26.692
0.000 0.880 21.850 56.828 38.787 0.000 44.672 49.668 49.664 55.656 44.612 0.000 49.530 47.493 49.441 50.382 60.315 74.225 71.108 73.016 78.930 88.842 132.747 129.642 129.544 129.449 129.343 130.181 114.032 45.910 48.778 46.628 54.457 53.266 50.054 47.832 29.669 0.000 0.000 0.000 56.765 73.862 78.498 84.264 83.942 76.182 77.871 77.159 76.842 76.460 76.063 75.664 75.259 74.851 74.444 74.048 73.671 74.309 72.951 64.563 53.099 10.833 0.000 0.000 0.000 0.000 0.000 0.000 0.000 0.000 15.984 36.917 28.845 16.772
20.087 9.030 71.927 49.903 0.000 0.000 0.000 43.681 56.695 48.738 0.000 1.707 57.612 48.555 59.491 72.421 72.343 77.253 80.154 73.061 58.972 49.884 45.791 43.670 46.577 47.502 34.444 0.000 51.002 47.923 46.808 50.669 54.512 51.347 43.170 49.935 30.802 0.000 0.000 52.114 69.137 78.899 84.752 84.535 76.781 78.457 77.742 77.437 77.055 76.673 76.281 75.882 75.477 75.062 74.641 74.241 74.876 70.548 59.245 15.904 0.000 0.000 0.000 0.000 0.000 0.000 0.000 0.000 0.000 0.000 34.052 32.995 18.925 15.852
90.119 78.103 0.000 6.952 1.219 0.000 0.000 0.000 0.000 52.863 50.860 58.788 55.700 55.624 55.548 72.468 86.383 75.291 55.195 53.101 48.012 49.929 40.865 0.000 52.592 49.538 38.486 0.000 52.051 46.974 47.863 54.728 52.576 50.440 32.343 0.000 0.000 48.722 46.598 63.395 79.323 85.019 77.733 78.296 78.947 78.333 78.028 77.653 77.281 76.898 76.506 76.107 75.703 75.280 75.818 75.400 65.044 49.761 12.577 0.000 0.000 0.000 0.000 0.000 0.000 0.000 0.000 9.443 8.396 23.309 35.177 23.088 15.009 28.933
76.158 66.160 0.000 0.000 66.392 59.400 53.390 0.000 5.087 70.992 67.930 54.856 55.775 55.694 56.610 77.522 129.429 122.332 69.234 124.137 45.045 48.958 48.874 50.779 48.661 48.571 48.478 50.347 46.177 46.058 54.942 53.804 50.625 45.495 34.419 0.000 0.000 50.845 57.715 79.737 78.636 85.386 78.785 79.367 78.908 78.608 78.251 77.890 77.516 77.132 76.738 76.338 75.948 77.538 72.951 54.496 41.138 42.875 8.726 0.000 0.000 0.000 0.000 0.000 0.000 0.000 0.000 18.489 23.436 37.356 31.259 21.170 30.089 30.011
63.200 7.218 0.000 0.000 49.434 58.418 55.380 73.300 67.182 72.088 80.010 70.932 55.851 55.765 55.675 54.580 48.479 43.375 48.271 45.170 49.074 48.982 48.893 48.801 48.703 48.608 48.507 47.387 52.251 54.139 55.041 38.923 0.000 38.494 0.000 0.000 0.000 55.071 77.008 81.029 86.426 85.943 78.887 79.533 79.166 78.842 78.497 78.136 77.761 77.376 76.975 76.561 75.212 36.973 0.000 0.000 0.000 0.000 0.000 0.000 0.000 0.000 14.899 9.886 8.852 7.794 11.710 20.590 36.504 30.419 21.331 31.247 27.165 18.087
51.245 56.295 1.477 54.515 50.491 49.460 67.411 60.339 76.252 85.169 65.090 51.012 48.930 51.842 54.747 55.643 55.533 48.418 47.304 48.197 48.098 49.005 48.917 48.829 53.741 50.652 47.556 48.444 51.300 55.206 44.162 0.000 0.000 0.000 0.000 10.819 130.696 74.399 81.425 79.408 86.849 78.728 81.236 82.711 79.428 79.101 78.758 78.396 78.017 78.635 75.225 62.717 53.366 11.170 0.000 0.000 0.000 0.000 0.000 0.000 0.000 16.918 16.913 16.906 17.876 17.821 18.746 32.656 32.570 16.486 19.402 21.319 18.239 16.161
36.278 30.365 54.523 50.566 49.556 60.520 64.464 75.394 82.319 48.244 47.171 48.096 50.015 48.926 45.826 53.714 54.590 55.459 54.332 48.217 47.116 46.024 46.939 52.859 111.781 79.703 59.620 42.532 0.000 57.223 65.240 0.000 0.000 0.000 0.000 54.943 65.844 82.726 80.766 87.587 87.233 79.827 80.347 81.003 79.700 79.379 79.038 78.673 79.275 77.922 30.574 0.000 0.000 0.000 0.000 0.000 0.000 0.000 0.000 0.000 0.000 23.924 19.929 16.951 17.923 15.869 27.798 34.717 18.635 19.553 27.471 25.390 19.311 16.234
0.000 0.000 47.668 50.670 52.647 73.599 84.530 98.456 80.385 9.319 66.254 66.185 50.109 50.021 48.918 46.797 49.656 55.496 53.347 54.225 56.123 54.035 51.957 47.886 42.820 47.758 42.689 0.000 0.000 0.000 51.335 43.358 0.000 0.000 0.000 65.166 82.047 82.128 80.147 87.910 79.572 82.062 83.559 80.292 79.991 79.676 79.341 78.985 76.488 31.205 0.000 0.000 0.000 0.000 0.000 0.000 0.000 0.000 0.000 0.000 23.569 0.000 0.000 25.045 14.998 25.933 37.860 25.781 20.700 25.619 29.539 22.459 17.381 15.305
