results2_8e3_rain/res_3e8f-0118.wd
ncols         241
nrows         181
xllcorner     12693529.787448
yllcorner     3542525.717860
cellsize      155.156523
NODATA_value  -9999.000000
[rows 0 to 32 of 181, columns 146 to 218 of 241]
0.000 0.000 0.000 0.000 0.000 0.000 0.000 0.000 0.000 0.000 0.000 0.000 0.000 0.000 4.617 15.496 16.296 16.046 15.766 15.474 15.185 14.913 14.670 14.463 14.293 14.161 14.064 13.996 13.953 13.929 13.919 18.915 0.000 0.000 0.000 0.000 0.000 0.000 0.000 0.000 0.000 0.000 0.000 0.000 0.000 0.000 0.000 0.000 0.000 10.147 17.147 0.000 0.000 34.276 39.276 0.000 0.000 0.000 0.000 0.000 0.000 0.000 0.000 0.000 0.000 0.000 0.000 0.000 0.000 0.000 0.000 0.000 0.000
0.000 0.000 0.000 0.000 0.000 0.000 0.000 0.000 0.000 0.000 0.000 0.000 0.000 0.227 15.737 16.576 16.346 16.075 15.779 15.471 15.167 14.885 16.635 15.425 14.256 14.127 14.034 13.971 13.934 13.916 13.912 18.911 0.000 0.000 0.000 0.000 0.000 0.000 0.000 0.000 0.000 0.000 0.000 0.000 0.000 0.000 0.000 0.000 7.148 29.147 5.147 0.000 13.277 46.277 40.276 0.000 0.000 0.000 0.000 0.000 0.000 0.000 0.000 0.000 0.000 0.000 0.000 0.000 25.219 0.000 0.000 0.000 0.000
0.000 0.000 0.000 0.000 0.000 0.000 0.000 0.000 0.000 0.000 0.000 0.000 0.000 19.347 18.014 16.726 16.436 16.130 15.803 15.463 15.130 16.824 16.560 14.345 14.179 14.057 13.973 13.921 13.895 13.889 15.903 9.907 0.000 0.000 0.000 0.000 0.000 0.000 0.000 0.000 0.000 0.000 0.000 0.000 0.000 0.000 0.000 0.000 19.150 0.000 0.000 8.279 39.279 1.277 0.000 0.000 0.000 0.000 0.000 0.000 0.000 0.000 0.000 0.000 0.000 0.000 0.000 0.000 28.220 0.215 0.000 0.000 0.000
0.000 0.000 0.000 0.000 0.000 0.000 0.000 0.000 0.000 0.000 0.000 0.000 2.430 18.684 17.247 16.876 16.543 16.207 15.840 15.449 16.064 15.720 14.436 14.217 14.057 13.949 13.882 13.846 13.835 19.841 0.000 0.000 0.000 0.000 0.000 0.000 0.000 0.000 0.000 0.000 0.000 0.000 0.000 4.154 0.000 0.000 0.000 3.152 63.151 0.000 0.000 14.280 41.280 0.000 0.000 0.000 0.000 0.000 0.000 0.000 0.000 0.000 0.233 6.237 25.237 0.000 0.000 18.221 27.220 28.220 0.215 0.000 0.000
0.000 0.000 0.000 0.000 0.000 0.000 0.000 0.000 0.000 0.000 0.000 7.953 1.211 2.361 17.414 16.988 16.652 16.315 15.900 15.427 15.959 15.557 14.247 14.028 13.885 13.800 13.758 13.747 14.758 15.800 0.000 0.000 0.000 0.000 0.000 0.000 0.000 0.000 0.000 0.000 0.000 0.000 5.154 28.154 23.154 0.000 0.000 19.152 47.152 0.000 0.000 0.000 41.284 0.000 0.000 0.000 0.000 0.000 0.000 0.000 0.000 0.000 40.239 44.238 46.237 0.000 0.000 31.222 26.221 26.220 36.220 0.000 0.000
0.000 0.000 0.000 0.000 0.000 0.000 0.000 0.000 0.000 0.000 10.592 3.236 1.650 1.147 1.153 15.011 16.762 16.499 16.020 17.402 16.787 14.300 13.968 13.765 13.654 13.607 13.603 13.624 19.652 0.000 0.000 0.000 0.000 0.000 0.000 0.000 0.000 0.000 0.000 0.000 0.000 0.000 0.000 8.154 29.155 21.156 19.156 1.155 32.154 5.154 0.000 0.000 26.287 39.289 30.290 28.290 37.290 0.000 0.000 0.000 0.000 0.000 40.240 42.238 47.236 26.232 15.228 32.224 35.222 0.000 0.000 0.000 0.165
0.000 0.000 0.000 0.000 0.000 0.000 0.000 0.000 0.000 0.000 6.940 3.688 3.354 2.877 0.315 0.496 9.887 17.901 17.276 17.375 14.485 13.890 13.561 13.408 13.359 13.372 13.424 13.495 8.574 0.000 0.000 0.000 0.000 0.000 25.189 58.189 0.000 0.000 0.000 0.000 0.000 0.000 0.000 5.155 29.155 42.156 77.157 39.157 40.155 11.154 0.000 0.000 23.289 42.291 27.291 23.291 40.290 0.000 0.000 0.000 0.000 0.000 27.244 33.241 29.237 29.233 33.228 36.225 44.222 0.000 0.000 0.000 23.173
0.000 0.000 0.000 0.000 0.000 0.000 0.000 0.000 0.000 30.020 30.539 7.177 2.821 3.095 2.803 0.669 0.304 4.980 17.810 15.337 13.889 13.212 12.979 12.947 13.001 13.099 14.224 11.359 0.000 0.000 0.000 0.000 0.000 0.000 0.184 46.190 53.191 35.191 27.191 0.000 0.000 0.000 0.000 0.000 0.000 3.158 70.160 49.160 0.000 0.000 0.000 0.000 0.000 35.294 50.293 48.292 50.290 42.286 34.281 37.275 36.268 45.260 49.250 46.244 47.239 47.233 42.228 37.224 34.220 0.000 0.000 0.000 0.000
0.000 0.000 0.000 0.000 0.000 0.000 0.000 0.000 23.996 41.502 43.019 32.587 9.235 1.681 2.787 0.696 2.376 7.069 5.731 15.275 12.523 12.090 12.197 12.400 12.598 13.801 14.012 0.000 0.000 0.000 0.000 0.000 0.000 0.000 0.000 0.000 44.192 54.192 59.192 0.000 0.000 0.000 0.000 0.000 0.000 0.000 42.164 34.164 39.165 6.165 0.000 0.000 19.301 47.298 32.296 26.294 33.291 45.287 33.282 32.276 41.270 50.262 37.254 33.247 36.240 42.234 48.228 50.222 48.215 34.206 25.197 8.190 17.183
0.000 0.000 0.000 0.000 0.000 0.000 0.000 20.003 29.491 44.972 42.446 42.920 35.392 11.869 0.897 4.352 13.795 6.170 2.040 2.774 5.836 10.427 11.320 11.857 12.189 17.495 0.000 0.000 0.000 0.000 0.000 0.000 0.000 0.000 0.000 0.000 11.193 57.193 10.192 0.000 0.000 0.000 0.000 0.000 0.000 38.172 48.168 24.166 40.166 60.166 0.159 0.000 25.304 49.302 28.300 22.298 25.294 38.290 27.285 27.279 29.272 31.265 28.257 29.250 23.242 27.235 33.228 34.221 32.213 41.205 43.197 46.189 54.182
0.000 0.000 0.000 0.000 0.000 0.000 25.021 23.515 46.993 43.449 42.874 42.254 42.543 37.623 20.113 11.869 7.471 0.000 0.000 4.126 2.161 3.056 10.798 11.519 16.806 0.000 0.000 0.000 0.000 0.000 0.000 0.000 35.198 0.000 0.000 0.000 18.194 58.194 0.000 0.000 0.000 0.000 0.000 0.000 33.180 77.176 10.171 13.168 35.167 62.167 2.166 0.000 22.308 47.307 27.305 20.302 23.299 25.294 21.289 20.283 27.276 43.268 26.260 22.252 36.244 32.237 29.229 36.221 36.212 39.204 48.196 52.188 39.181
0.000 0.000 0.000 0.000 0.000 28.976 17.528 46.042 44.518 43.956 43.348 42.677 41.905 41.969 38.795 24.544 3.951 0.000 0.000 45.441 4.238 0.028 0.036 13.616 9.711 0.000 0.000 0.000 0.000 0.000 0.000 0.000 31.199 26.199 35.199 47.198 51.196 41.196 0.000 0.000 0.000 32.192 47.191 52.189 76.185 32.182 0.000 0.000 37.168 25.168 0.000 0.000 25.314 52.313 39.311 23.308 71.304 99.299 48.294 24.287 40.280 87.272 39.264 16.255 81.247 54.238 29.230 36.221 38.212 28.203 37.195 50.186 33.178
0.000 0.000 0.000 0.000 0.000 18.424 40.072 46.606 45.081 44.509 43.887 43.201 42.430 41.550 41.565 40.516 29.749 4.515 50.065 47.168 0.126 0.054 0.019 0.020 0.000 0.000 0.000 0.000 0.000 0.000 0.000 30.199 26.199 31.199 45.199 55.199 39.198 26.197 0.000 0.000 0.000 41.194 40.192 36.190 75.188 35.186 0.000 0.000 16.169 8.169 0.000 18.326 46.322 48.320 42.317 30.314 29.311 62.306 103.300 41.293 34.285 91.277 42.268 16.259 88.249 58.240 21.231 23.222 29.212 20.203 34.194 33.185 21.176
0.000 0.000 0.000 0.000 22.828 33.224 48.732 46.228 45.690 45.112 44.488 43.810 43.063 42.252 41.317 40.593 39.463 51.821 51.487 0.527 0.177 9.271 0.000 0.000 0.000 0.000 0.000 0.000 0.000 46.199 49.199 31.199 30.200 45.200 55.201 41.201 24.199 26.199 26.200 24.201 22.200 34.197 37.195 47.193 87.190 21.188 0.000 0.000 53.170 3.170 0.000 15.330 45.329 45.327 32.325 24.322 20.319 30.313 27.307 67.300 98.291 115.282 96.273 85.263 111.253 105.242 96.232 42.222 22.213 39.203 34.193 23.184 18.175
0.000 0.000 0.000 23.928 33.432 50.912 47.404 46.885 46.340 45.762 45.146 44.483 43.781 42.967 42.442 40.107 51.841 51.843 35.996 18.373 5.556 0.000 0.000 0.000 0.000 0.000 0.000 0.000 0.000 0.000 0.000 10.200 48.201 52.201 44.203 29.204 0.000 0.000 0.000 28.204 24.202 34.200 33.197 56.195 53.193 0.000 0.000 0.000 56.173 2.171 0.000 13.336 43.336 55.335 34.334 40.332 63.328 40.323 22.316 46.308 69.299 103.288 69.278 49.267 97.256 87.245 62.234 31.224 17.213 88.203 56.193 28.183 18.173
0.000 0.000 0.000 29.425 49.058 48.588 48.088 47.567 47.023 46.451 46.845 46.216 44.487 44.089 41.544 51.863 51.840 39.521 41.155 38.833 22.818 3.816 0.000 0.000 0.000 0.000 0.000 0.000 0.000 0.000 0.000 0.000 16.201 48.203 26.205 24.210 30.215 0.000 0.000 29.208 27.206 33.203 34.200 56.197 52.195 0.000 0.000 16.178 63.176 0.000 0.000 15.343 46.344 49.344 30.344 30.343 76.339 111.334 60.326 28.317 44.307 91.296 51.284 18.272 84.260 71.248 29.236 21.225 14.214 95.203 59.193 31.182 32.172
0.000 0.000 29.926 47.289 50.788 49.295 48.792 48.272 47.734 48.169 46.591 45.921 45.610 43.072 52.185 51.962 40.972 41.818 40.859 31.263 12.037 0.000 0.000 0.000 0.000 0.000 0.000 0.000 0.000 0.000 0.000 0.000 0.000 0.000 0.000 29.215 26.221 25.224 27.221 29.215 25.210 33.207 35.203 47.199 43.195 5.189 24.185 57.181 8.178 0.000 0.000 15.349 42.351 48.354 34.356 19.356 21.353 46.347 33.339 15.328 33.317 88.304 44.290 10.277 81.263 66.250 24.238 20.226 16.215 94.203 59.192 31.181 22.170
0.000 29.116 42.563 52.016 50.509 50.013 49.511 48.998 49.466 48.925 47.296 47.037 44.503 52.999 52.539 42.542 43.563 41.459 28.700 0.000 0.000 0.000 0.000 0.000 0.000 0.000 0.000 0.000 0.000 0.000 0.000 0.000 0.000 0.000 0.000 0.000 33.229 43.229 54.226 42.220 31.214 35.210 32.207 37.202 30.195 49.189 67.184 55.181 1.179 0.000 0.000 14.354 40.359 45.365 51.371 49.373 37.370 27.363 40.353 72.341 91.328 112.312 92.297 75.282 109.267 102.253 84.240 44.227 17.215 92.204 64.193 36.182 23.170
26.120 37.670 52.193 51.705 51.220 50.735 50.244 50.739 50.230 48.634 48.413 45.893 54.116 53.533 44.031 45.215 46.181 24.402 0.000 0.000 0.000 0.000 0.000 0.000 0.000 0.000 0.000 0.000 0.000 0.000 0.000 0.000 0.000 0.000 0.000 0.000 31.238 35.237 53.234 12.227 0.000 42.215 33.212 36.205 32.196 20.187 39.183 54.180 41.178 0.170 0.000 0.000 5.366 48.374 50.392 43.395 31.391 40.382 91.371 82.356 63.340 64.322 65.304 65.286 65.270 66.255 68.241 39.228 19.216 91.204 67.193 30.182 24.175
29.569 53.250 52.836 52.389 51.930 51.464 50.986 50.508 49.944 49.756 47.254 55.356 54.727 45.413 46.676 45.717 41.270 0.858 0.000 0.000 0.000 0.000 0.000 0.000 0.000 0.000 0.000 0.000 0.000 0.000 0.000 0.000 0.000 0.000 0.000 0.000 32.249 43.247 27.245 0.000 0.000 39.224 36.220 3.213 0.000 24.182 38.180 53.177 50.176 19.174 0.000 0.000 0.000 0.000 17.427 32.424 16.416 77.405 78.391 27.374 33.354 75.332 46.311 18.290 64.272 54.256 34.242 32.229 23.216 91.204 62.192 19.180 20.171
47.339 54.925 53.512 53.086 52.649 53.201 51.754 51.225 51.074 48.596 56.641 55.994 45.705 48.001 47.040 47.467 16.860 0.000 0.000 0.000 0.000 0.000 0.000 0.000 0.000 0.000 0.000 0.000 0.000 0.000 0.000 0.000 0.000 0.000 0.000 0.000 52.261 50.258 54.255 51.253 47.247 47.237 41.232 0.219 0.000 24.180 37.177 55.174 62.173 25.174 0.000 0.000 0.000 0.000 11.466 24.458 44.446 91.431 54.414 14.394 82.371 83.343 32.316 19.292 40.272 96.256 55.242 23.229 23.217 86.205 104.192 91.176 96.159
56.992 54.598 54.201 53.794 53.375 54.959 52.466 52.359 49.917 57.944 57.289 40.934 45.188 49.287 45.794 23.121 0.000 0.000 0.000 0.000 0.000 0.000 0.000 0.000 0.000 0.000 0.000 0.000 0.000 0.000 0.000 0.000 0.000 0.000 0.000 51.287 50.277 51.270 53.264 52.258 50.251 51.244 44.239 0.000 0.000 25.182 37.175 60.168 33.170 0.000 0.000 0.000 0.000 9.540 39.513 18.495 83.478 77.459 21.440 77.419 90.394 39.352 27.319 30.290 25.269 56.254 95.241 52.229 15.218 86.206 89.193 63.175 5.154
47.630 54.274 54.900 54.510 54.122 53.657 53.591 51.186 59.212 58.601 24.100 29.318 32.252 50.948 34.596 0.000 0.000 0.000 0.000 0.000 0.000 0.000 0.000 41.348 30.347 0.000 0.000 0.000 0.000 0.000 0.000 0.000 0.000 0.000 0.000 28.298 22.289 25.280 29.272 24.264 23.257 22.249 24.242 28.234 22.219 15.191 30.172 9.152 0.000 0.000 0.000 0.000 0.000 11.566 34.552 25.533 26.512 26.489 18.468 39.448 40.434 0.000 0.000 1.275 31.260 24.250 46.239 39.229 21.220 54.209 2.201 0.000 0.112
26.305 41.970 54.611 57.249 54.805 54.768 52.367 60.260 59.777 33.073 0.000 42.620 0.000 54.531 23.064 0.000 0.000 0.000 0.000 0.000 0.000 0.000 0.000 48.349 42.347 0.000 0.000 0.000 0.000 0.000 0.000 0.000 0.000 14.395 0.000 29.317 25.303 25.290 25.279 25.271 25.262 25.255 25.247 27.240 5.233 0.000 0.141 31.117 1.099 0.000 0.000 0.000 12.607 43.608 31.596 30.574 22.546 23.519 23.494 21.472 35.459 0.000 0.000 0.000 2.253 27.246 22.236 35.229 34.225 0.000 0.000 0.000 0.088
18.024 25.686 48.345 52.937 55.910 53.466 60.972 60.657 39.898 15.713 0.000 59.235 57.143 43.591 0.000 0.000 0.000 0.000 0.000 0.000 0.000 0.000 51.362 57.352 28.344 0.000 0.000 0.000 0.000 0.000 0.000 0.000 0.000 31.395 29.382 26.350 25.317 22.297 26.286 26.277 26.268 26.260 26.252 29.246 2.239 0.000 0.000 29.089 29.082 0.000 0.000 0.000 0.000 30.662 23.649 22.623 21.581 21.546 21.517 21.487 22.473 31.473 0.000 0.000 0.000 0.000 28.230 31.227 29.225 0.000 0.000 0.000 24.099
21.764 32.414 37.054 34.968 46.542 61.325 61.195 44.827 23.604 17.115 0.000 38.918 51.605 25.098 0.000 0.000 0.000 0.000 39.453 45.445 37.431 35.401 44.372 37.353 27.335 0.000 0.000 0.000 0.000 0.000 0.000 0.000 0.000 29.410 26.399 25.386 0.000 0.000 31.289 25.282 25.273 25.264 25.257 26.253 0.243 0.000 0.000 30.069 29.068 0.016 0.000 0.000 27.729 23.729 23.717 23.686 22.611 22.566 26.541 0.000 0.000 0.000 0.000 0.000 0.000 0.000 28.226 23.225 23.224 24.223 0.000 0.000 26.098
33.467 47.123 22.855 21.741 61.367 61.369 47.766 34.509 30.862 35.713 0.000 5.916 41.260 0.000 0.000 0.000 0.000 35.467 39.460 41.453 39.446 0.000 0.000 0.000 39.308 23.281 0.000 0.000 0.000 0.000 0.000 0.000 0.000 39.434 36.421 11.407 0.000 0.000 44.300 30.290 26.279 25.267 29.259 6.256 0.000 5.037 43.040 24.050 28.052 0.010 0.000 0.000 0.000 28.809 23.803 27.793 0.000 0.000 0.000 0.000 0.000 0.000 0.000 0.000 0.000 0.000 28.224 23.223 23.223 28.223 0.000 0.000 0.066
54.137 42.737 22.816 18.332 61.308 22.757 28.498 30.745 34.439 53.044 62.526 50.569 0.000 0.000 0.000 0.000 33.482 27.475 33.467 48.460 47.455 0.000 0.000 0.000 0.000 40.254 0.000 0.000 0.000 25.577 0.000 0.000 41.502 40.471 46.445 39.415 4.383 58.352 55.321 53.301 51.284 43.268 24.256 11.256 0.000 19.034 72.034 26.038 27.040 1.040 0.000 0.000 0.000 33.895 19.893 24.891 0.000 0.000 0.000 0.000 0.000 0.000 0.000 0.000 0.000 24.221 26.222 28.222 22.222 27.222 0.000 0.000 0.000
62.688 49.799 32.112 60.797 18.726 20.530 19.717 19.377 28.964 56.521 51.962 23.266 0.000 0.000 32.519 0.000 40.489 32.483 43.475 38.465 17.460 0.000 0.000 0.000 0.000 44.228 20.220 0.000 0.000 21.577 29.578 33.564 35.533 37.505 27.475 24.424 32.382 32.354 52.330 35.309 29.288 27.263 7.242 0.000 0.000 14.030 82.024 38.028 4.031 0.000 0.000 0.000 0.000 46.983 19.984 26.987 0.000 0.000 0.000 0.000 0.000 0.000 0.000 0.000 3.220 26.221 41.221 39.221 32.221 0.000 0.000 0.000 0.000
60.713 58.963 60.253 37.598 25.524 21.687 21.342 19.935 26.542 42.112 37.537 0.000 0.000 0.000 35.520 56.515 51.503 52.493 34.484 0.000 0.000 0.000 0.000 0.000 35.203 26.210 18.212 0.000 0.000 0.000 33.593 37.581 37.560 37.540 21.525 0.000 28.367 29.352 53.336 39.318 33.296 19.256 26.208 41.148 61.089 50.034 74.005 39.019 3.025 0.000 0.000 0.000 0.000 45.071 21.073 22.087 27.130 0.000 0.000 0.000 0.000 0.000 0.000 0.000 0.000 0.000 45.220 42.220 0.000 0.000 0.000 0.000 0.000
58.762 60.159 59.405 58.440 40.604 20.271 20.874 21.506 20.151 22.848 0.000 0.000 0.000 0.000 51.525 41.522 39.515 35.504 0.000 0.000 0.000 0.000 0.000 36.195 27.196 23.199 6.205 0.000 0.000 0.000 33.619 41.607 50.589 49.571 51.560 39.565 0.000 0.000 56.342 40.333 14.323 0.000 29.185 39.147 66.087 28.010 11.943 0.000 0.000 0.000 0.000 0.000 0.000 36.156 23.152 24.157 27.173 0.226 0.000 0.000 0.000 0.000 0.000 0.000 0.000 0.000 2.220 3.220 0.000 0.000 0.000 0.000 0.000
60.157 59.145 61.273 61.452 45.141 21.758 24.404 24.059 21.712 22.280 0.000 31.544 0.000 0.000 45.534 45.533 52.531 0.000 0.000 10.347 0.000 0.000 0.000 31.194 25.188 19.183 0.000 0.000 0.000 0.000 31.659 32.639 34.616 33.595 31.579 23.571 0.000 0.000 58.358 44.349 29.339 0.000 28.202 39.166 63.102 18.976 14.815 0.000 0.000 0.000 0.000 0.000 0.000 43.245 22.223 24.216 24.232 25.269 29.287 1.288 0.000 0.000 0.000 0.000 0.000 0.000 0.000 0.000 0.000 0.000 0.000 0.000 0.000
59.820 62.030 61.233 61.946 35.581 26.244 45.920 39.616 21.356 0.000 0.000 28.544 43.545 48.545 34.543 55.545 47.545 0.000 0.000 24.347 55.348 7.338 0.000 32.198 26.181 23.162 0.000 0.000 39.832 35.787 31.718 33.676 38.642 38.614 36.590 47.570 39.551 0.000 58.384 50.367 50.345 42.310 23.255 41.215 49.179 0.000 17.528 0.400 0.000 0.000 0.000 0.000 8.442 47.357 19.278 21.254 22.268 23.291 28.304 0.307 0.000 0.000 0.000 0.000 0.000 0.000 0.000 0.000 0.000 0.000 0.000 0.000 0.000
