results2_8e3_rain/res_3e8f-0142.wd
ncols         241
nrows         181
xllcorner     12693529.787448
yllcorner     3542525.717860
cellsize      155.156523
NODATA_value  -9999.000000
[rows 33 to 65 of 181, columns 73 to 145 of 241]
0.000 0.000 0.000 0.000 0.000 0.000 0.000 0.000 0.000 0.000 0.000 0.000 0.000 0.000 0.000 0.000 0.000 0.000 0.000 0.000 0.000 0.000 0.000 0.000 0.000 0.000 0.000 0.000 0.000 0.000 0.000 0.000 0.000 0.000 0.000 0.000 0.000 0.000 0.000 38.640 61.642 66.643 22.646 0.000 0.000 31.724 45.753 12.733 3.734 35.756 38.772 32.771 33.753 34.719 34.668 34.599 34.510 33.399 39.251 59.021 5.553 13.699 11.001 46.182 62.649 67.177 65.737 66.341 64.880 66.971 62.030 61.633 61.624
0.000 0.000 0.000 0.000 0.000 0.000 0.000 0.000 0.000 0.000 0.000 0.000 0.000 0.000 0.000 0.000 0.000 0.000 0.000 0.000 0.000 0.000 0.000 0.000 0.000 0.000 0.000 0.000 0.000 0.000 0.000 0.000 0.000 0.000 0.000 0.000 0.000 0.000 0.000 0.000 13.642 8.643 0.000 0.000 0.000 0.000 27.844 0.000 0.000 25.797 49.838 48.843 38.827 34.792 34.738 34.663 34.568 33.455 55.326 53.173 0.000 36.545 49.120 62.559 67.047 66.572 66.145 65.655 66.719 62.740 62.029 62.283 64.588
0.000 0.000 0.000 0.000 0.000 0.000 0.000 0.000 0.000 0.000 0.000 0.000 0.000 0.000 0.000 0.000 0.000 0.000 34.248 66.248 19.247 0.000 0.000 0.000 0.000 0.000 0.000 0.000 0.000 0.000 0.000 0.000 0.000 0.000 0.000 0.000 0.000 0.000 0.000 0.000 0.000 0.000 0.000 0.000 0.000 0.000 19.935 0.000 0.000 0.000 27.941 45.936 45.920 36.885 34.829 34.747 32.644 48.527 57.424 0.000 22.199 46.814 61.377 67.889 67.402 66.951 66.434 68.469 64.459 62.553 62.951 65.278 64.526
0.000 0.000 0.000 0.000 0.000 0.000 0.000 0.000 0.000 0.000 0.000 21.249 59.249 0.000 0.000 0.000 0.000 0.000 41.248 92.248 48.247 0.000 0.000 0.000 0.000 0.000 0.000 0.000 0.000 0.000 0.000 0.000 0.000 0.000 0.000 0.000 0.000 0.000 0.000 0.000 0.000 0.000 0.000 0.000 0.000 0.000 23.026 24.068 31.086 17.085 27.049 35.041 48.030 39.001 34.944 31.854 42.734 52.586 41.418 17.099 46.583 64.137 68.685 68.212 67.753 67.216 67.224 66.188 63.190 63.635 65.975 65.228 64.997
0.000 0.000 0.000 0.000 0.000 0.000 0.000 0.000 0.000 0.000 0.000 42.249 77.249 66.249 53.249 8.249 2.249 26.248 80.248 88.248 53.247 0.000 0.000 0.000 0.000 22.103 1.103 0.000 0.000 0.000 0.000 0.000 0.000 0.000 0.000 0.000 0.000 6.109 0.000 0.000 0.000 10.109 28.109 0.000 0.000 39.089 54.076 57.090 55.106 41.119 35.129 34.148 48.158 39.144 31.092 44.991 58.850 46.667 34.564 49.296 53.898 66.466 69.008 68.551 68.002 67.985 65.930 63.938 64.339 66.685 65.944 65.715 65.385
0.000 0.000 0.000 0.000 0.000 0.000 0.000 0.000 0.000 0.000 0.000 13.249 75.249 58.249 39.249 1.249 22.249 72.249 83.248 90.247 49.247 0.000 0.000 0.000 0.000 60.103 44.104 0.000 0.000 0.000 0.000 0.000 0.000 0.000 0.000 0.000 23.109 35.109 37.109 0.000 0.000 19.110 44.109 23.108 37.106 60.101 63.100 64.111 61.129 48.157 35.202 32.263 49.310 40.327 44.289 62.168 56.009 0.000 32.874 51.622 64.249 69.815 69.362 68.804 68.761 66.694 64.813 65.067 67.412 66.679 66.454 66.123 65.795
0.000 0.000 0.000 0.000 0.000 0.000 0.000 0.000 0.000 0.000 0.000 0.000 0.000 26.249 64.250 60.250 48.249 61.249 81.248 92.247 45.246 0.000 0.000 0.000 0.000 22.104 46.104 48.104 0.000 0.000 0.000 0.000 0.000 0.000 0.000 0.000 39.109 40.109 52.109 35.110 24.110 38.110 39.110 35.110 42.109 49.109 47.113 40.123 59.143 25.179 41.257 44.391 34.493 46.563 59.568 56.383 0.000 7.861 44.435 61.069 69.663 70.200 69.647 69.573 66.499 65.858 65.829 68.162 67.437 67.217 66.890 66.559 66.206
0.000 0.000 0.000 0.000 0.000 0.000 0.000 0.000 0.000 0.000 0.000 0.000 0.000 16.250 83.250 78.250 68.250 58.250 82.249 90.247 85.245 70.241 25.239 0.000 0.000 0.000 2.104 56.104 40.104 38.104 49.104 44.105 7.105 0.000 0.000 3.109 39.109 38.109 59.109 65.110 54.110 46.110 38.111 35.111 36.112 37.114 36.118 34.126 42.139 3.159 0.000 3.550 39.710 62.865 61.037 0.584 6.614 44.287 57.934 67.568 71.101 70.659 71.432 67.380 67.148 66.642 68.944 68.220 68.003 67.684 67.361 67.011 66.628
0.000 0.000 0.000 0.000 0.000 0.000 0.000 0.000 0.000 0.000 0.000 0.000 0.000 0.000 16.250 55.251 30.251 66.251 85.250 90.248 88.244 86.240 75.237 34.234 0.000 0.000 0.000 12.104 51.104 51.104 64.105 62.105 55.105 50.105 0.000 0.000 6.109 43.109 62.110 69.110 61.110 45.111 34.112 35.113 35.114 35.116 35.120 35.125 39.130 0.000 0.000 0.000 9.930 47.150 16.656 14.014 48.947 53.737 65.467 72.065 71.912 70.147 68.470 68.815 67.544 69.776 69.039 68.812 68.494 68.183 67.856 67.496 67.075
0.000 0.000 0.000 0.000 0.000 0.000 0.000 0.000 0.000 0.000 0.000 0.000 0.000 0.000 0.000 1.252 87.253 87.253 89.252 89.249 88.245 82.239 76.234 47.231 0.000 0.000 0.000 0.000 0.000 19.104 64.105 58.105 73.105 70.105 49.106 28.107 29.109 38.109 60.110 69.110 60.110 43.111 33.112 38.113 37.115 35.117 35.120 35.123 36.125 28.124 0.000 0.000 0.000 0.000 8.424 51.486 54.419 62.271 72.988 73.095 71.453 73.332 71.064 68.593 70.692 69.913 69.654 69.318 69.006 68.695 68.382 68.044 66.613
0.000 0.000 0.000 0.000 0.000 0.000 22.185 45.183 0.000 23.127 63.117 52.105 56.095 31.088 0.000 0.000 23.256 95.256 89.257 86.253 83.246 86.237 77.229 40.224 0.000 0.000 0.000 0.000 0.000 0.000 0.000 8.105 62.105 63.105 14.106 0.000 5.109 42.109 60.110 65.110 55.110 46.111 44.112 6.114 13.116 41.118 35.120 35.122 36.123 42.123 50.123 12.123 0.000 0.000 24.129 57.089 60.984 71.793 74.006 73.637 76.927 75.499 69.950 71.740 70.870 70.544 70.169 69.832 69.512 69.211 68.933 68.686 74.504
0.000 0.000 0.000 0.000 0.000 0.000 22.188 65.180 7.161 57.137 59.119 71.103 54.090 39.082 0.000 0.000 11.258 80.260 92.265 89.260 89.249 90.235 84.222 38.213 0.000 0.000 0.000 0.000 0.000 0.000 0.000 0.000 0.000 47.105 6.106 0.000 1.109 48.109 45.110 57.110 14.110 0.000 0.000 0.000 0.000 7.119 45.120 39.121 2.122 32.123 66.123 49.123 2.123 0.000 28.884 62.725 71.628 74.748 74.504 78.686 77.942 71.319 72.868 71.901 71.489 71.054 70.675 70.323 69.999 69.705 69.451 69.264 74.214
20.462 64.457 54.453 0.000 0.000 0.000 16.199 76.188 52.167 54.142 60.119 84.099 85.082 80.068 34.054 0.000 0.000 0.000 40.284 94.273 89.254 90.231 87.209 46.194 0.000 0.000 0.000 0.000 0.000 0.000 0.000 0.000 0.000 5.105 0.000 0.000 0.000 0.000 0.000 0.000 0.000 0.000 0.000 0.000 0.000 0.000 0.000 20.122 17.122 0.000 0.000 0.000 0.000 18.296 55.713 72.666 74.342 75.275 79.627 79.237 72.354 73.900 72.924 72.454 71.965 71.539 71.147 70.788 70.458 70.159 69.901 69.706 72.618
20.462 76.457 58.450 54.442 0.000 0.000 3.221 68.205 70.176 70.145 82.116 79.091 91.070 90.053 51.040 0.000 0.000 0.000 16.314 96.295 89.264 90.228 87.190 47.158 0.000 0.000 7.739 55.703 67.664 36.637 0.000 0.000 0.000 0.000 0.000 0.000 0.000 0.000 0.000 0.000 0.000 0.000 0.000 0.000 0.000 0.000 0.000 0.000 5.122 0.000 0.000 0.000 16.261 56.768 73.728 74.310 80.538 80.029 73.633 74.190 74.683 73.855 73.377 72.866 72.407 71.982 71.589 71.224 70.884 70.571 70.289 77.041 17.830
84.465 81.457 60.447 61.434 53.418 0.362 58.260 53.237 61.186 74.146 78.108 89.080 90.055 89.032 58.015 0.000 0.000 0.000 15.362 95.328 89.280 90.225 85.164 65.092 48.979 49.876 49.775 57.707 78.651 45.610 0.000 0.000 0.000 0.000 0.000 0.000 0.000 0.000 0.000 0.000 0.000 0.000 0.000 0.000 0.000 0.000 0.000 0.000 0.000 0.000 14.353 45.130 54.637 73.623 75.213 81.883 81.289 74.184 75.899 75.227 74.679 74.214 73.720 73.253 72.811 72.395 72.003 71.633 71.284 70.954 77.641 23.341 0.000
81.469 76.460 74.448 57.430 61.405 61.365 52.317 45.295 0.000 0.000 20.088 79.068 90.037 88.007 72.971 39.921 0.000 2.531 64.445 85.374 90.303 89.229 90.151 80.066 55.969 52.872 51.780 60.698 78.622 61.543 47.434 48.348 52.284 63.245 27.229 0.000 0.000 0.000 0.000 0.000 0.000 0.000 0.000 0.000 0.000 0.000 0.000 0.000 0.000 0.000 25.553 65.393 73.340 75.987 82.764 82.367 74.910 76.574 75.791 75.414 74.967 74.507 74.054 73.613 73.188 72.783 72.395 72.023 71.665 77.319 23.980 0.000 0.000
70.475 22.465 90.453 61.435 55.405 56.375 58.347 58.332 47.337 0.000 0.000 0.062 24.016 94.989 84.942 62.870 54.753 61.617 60.513 62.421 70.328 71.236 58.144 55.052 52.959 52.865 51.773 60.684 75.596 54.506 51.410 56.325 72.260 75.222 60.214 34.214 0.000 0.000 0.000 0.000 0.000 0.000 0.000 0.000 0.000 0.000 0.000 0.000 0.000 16.393 58.239 73.850 76.690 83.327 83.083 75.609 77.248 76.460 76.099 75.665 75.236 74.804 74.375 73.955 73.547 73.152 72.770 72.399 78.035 23.677 0.000 0.000 0.000
16.483 89.474 90.463 76.453 0.000 3.383 63.365 59.350 70.342 61.340 0.000 0.084 3.023 82.990 79.937 64.866 55.773 52.669 52.570 55.469 68.354 76.243 79.136 72.041 61.949 54.857 53.764 69.669 72.573 47.475 51.375 51.284 52.209 56.167 35.191 0.000 0.000 0.000 5.747 0.000 0.000 0.000 0.000 0.000 0.000 0.000 0.000 19.614 51.285 59.143 72.658 83.986 83.600 76.666 77.259 77.823 77.130 76.763 76.337 75.924 75.510 75.096 74.688 74.286 73.894 73.510 74.135 80.766 24.401 0.000 0.000 0.000 0.000
94.491 90.483 90.474 90.460 77.441 60.408 60.382 60.359 51.342 0.298 17.167 24.126 76.063 73.010 75.951 68.883 69.804 69.718 69.629 72.529 67.376 67.245 69.117 73.026 73.939 71.850 67.756 78.656 76.552 64.444 65.333 65.225 67.124 42.049 0.000 0.000 0.000 0.000 6.747 0.000 0.000 0.000 0.000 0.000 0.000 6.474 54.261 54.833 75.850 76.408 85.057 84.576 79.156 78.870 78.256 77.786 77.405 76.990 76.586 76.182 75.782 75.385 74.993 74.608 74.231 74.859 78.493 11.129 0.000 0.000 0.000 0.000 0.000
93.499 89.494 89.487 90.475 87.454 65.425 59.395 60.363 61.327 53.272 2.205 68.150 65.092 66.035 66.976 61.911 65.841 70.769 78.699 63.643 0.000 0.000 14.062 72.006 67.931 67.848 67.753 67.648 67.535 67.415 67.290 67.157 65.016 59.854 32.639 0.000 8.277 52.053 58.747 70.435 40.192 0.000 0.000 0.000 0.550 55.665 66.471 78.402 79.041 85.794 85.459 79.808 79.483 78.745 78.413 78.021 77.621 77.225 76.830 76.438 76.050 75.667 75.291 74.923 75.561 78.204 25.848 0.000 0.000 0.000 0.000 0.000 0.000
79.505 79.507 79.507 90.497 90.476 80.445 56.409 59.371 60.330 60.283 66.230 75.176 59.119 56.064 54.006 60.944 75.881 74.817 59.756 39.699 0.000 0.000 0.000 0.079 56.931 51.858 51.760 51.648 51.525 52.393 55.253 56.100 55.926 54.714 55.425 53.979 53.502 62.133 68.755 66.364 72.950 70.401 64.886 62.375 64.757 76.349 79.859 79.652 86.287 86.071 80.450 80.101 79.350 79.020 78.623 78.234 77.845 77.457 77.072 76.691 76.313 75.942 75.583 76.232 76.888 15.546 0.000 0.000 0.000 0.000 0.000 0.000 0.000
0.000 45.523 57.538 85.530 89.507 70.470 53.425 52.381 60.341 60.301 59.255 53.204 54.147 60.094 77.039 75.980 58.920 51.863 41.810 0.000 61.406 70.347 66.257 67.143 70.004 72.893 71.781 72.659 75.523 74.379 71.228 73.063 67.875 53.649 57.367 56.011 60.618 78.222 84.776 81.318 74.843 69.363 70.904 77.366 82.217 80.638 86.890 86.539 80.440 82.048 80.631 79.968 79.625 79.224 78.837 78.449 78.065 77.686 77.311 76.940 76.570 77.206 74.864 70.535 22.212 0.000 0.000 0.000 0.000 0.000 0.000 0.000 0.000
0.000 0.000 50.592 69.578 80.551 55.505 47.439 54.387 52.353 59.323 60.288 60.237 53.170 70.127 62.076 51.017 53.956 45.905 0.000 70.550 73.465 73.379 75.281 76.169 79.047 82.930 81.813 81.683 81.530 83.372 84.217 82.050 69.862 55.642 57.382 57.078 56.739 59.362 32.809 5.288 94.737 136.327 113.859 79.790 81.307 87.863 87.422 80.890 83.617 81.030 80.585 80.224 79.827 79.438 79.048 78.661 78.280 77.910 77.547 77.187 78.820 73.448 62.133 16.834 0.000 0.000 0.000 0.000 0.000 0.000 0.000 0.000 43.761
2.842 0.000 5.661 26.638 61.615 43.560 0.000 49.374 54.362 54.350 60.335 49.286 0.000 54.169 52.121 54.056 54.982 64.897 78.781 75.636 77.525 83.422 93.318 137.207 134.084 133.968 133.857 133.732 134.542 118.363 50.217 53.059 50.880 58.674 57.442 54.181 51.898 33.678 0.000 0.000 3.507 61.220 78.234 82.831 88.558 88.238 80.492 82.191 81.488 81.182 80.811 80.426 80.040 79.649 79.256 78.866 78.487 78.126 78.781 77.441 69.074 57.635 15.384 0.000 0.000 0.000 0.000 0.000 0.000 0.000 0.081 34.951 55.861
76.842 24.815 13.752 76.700 54.710 0.000 0.000 0.000 48.371 61.379 53.418 0.000 6.342 62.258 53.183 64.104 77.018 76.921 81.809 84.688 77.575 63.468 54.364 50.255 48.114 51.002 51.914 38.845 0.000 55.322 52.228 51.090 54.923 58.734 55.531 47.306 53.993 34.774 0.000 0.794 56.484 73.515 83.247 89.050 88.829 81.078 82.763 82.057 81.762 81.391 81.020 80.641 80.254 79.863 79.463 79.059 78.675 79.325 75.011 63.723 20.398 0.000 0.000 0.000 0.000 0.000 0.000 0.000 0.000 0.000 3.128 53.040 51.955
86.861 94.850 82.832 0.000 11.814 5.919 0.971 0.000 0.000 0.000 57.538 55.520 63.426 60.337 60.250 60.160 77.064 90.960 79.848 59.731 57.618 52.511 54.413 45.336 0.000 57.014 53.950 42.890 0.000 56.374 51.283 52.151 58.990 56.807 54.641 36.520 0.000 1.312 53.130 50.949 67.738 83.657 89.326 82.015 82.581 83.240 82.634 82.338 81.973 81.612 81.240 80.860 80.475 80.084 79.676 80.231 79.829 69.487 54.216 17.041 0.000 0.000 0.000 0.000 0.000 0.000 0.000 1.438 28.394 27.327 42.216 54.126 42.044
76.888 80.893 70.895 0.000 0.000 71.008 64.017 57.994 1.937 9.809 75.677 72.595 59.506 60.415 60.321 61.223 82.118 134.007 126.890 73.772 128.656 49.546 53.441 53.341 55.226 53.089 52.984 52.874 54.718 50.518 50.378 59.241 58.078 54.863 49.705 38.613 0.000 0.155 55.192 62.042 84.052 82.941 89.683 83.062 83.647 83.195 82.904 82.555 82.204 81.841 81.468 81.086 80.700 80.322 81.926 77.360 58.922 45.578 47.326 13.183 0.000 0.000 0.000 0.000 0.000 0.000 0.000 1.479 37.435 42.370 56.285 50.203 40.125
72.918 67.939 11.960 0.000 2.129 54.089 63.063 60.023 77.959 71.867 76.767 84.677 75.587 60.494 60.396 60.291 59.178 53.059 47.934 52.810 49.689 53.574 53.465 53.359 53.249 53.133 53.022 52.904 51.763 56.603 58.471 59.356 43.217 0.000 42.705 0.000 0.000 0.067 59.375 81.303 85.314 90.673 90.212 83.154 83.806 83.446 83.131 82.795 82.444 82.080 81.706 81.317 80.916 79.578 41.347 0.000 0.000 0.000 0.000 0.000 0.000 0.000 0.000 33.877 28.843 27.788 26.712 30.609 39.512 55.432 49.353 40.275 50.201
64.946 55.986 61.045 6.143 59.170 55.156 54.124 72.076 65.011 80.931 89.846 69.760 55.672 53.579 56.478 59.367 60.246 60.115 52.979 51.844 52.716 52.597 53.486 53.380 53.277 58.173 55.069 51.957 52.826 55.659 59.548 48.495 0.000 0.000 0.000 0.000 15.069 134.950 78.666 85.691 83.668 91.080 82.976 85.494 86.976 83.701 83.383 83.049 82.697 82.329 82.958 79.561 67.068 57.728 15.538 0.000 0.000 0.000 0.000 0.000 0.000 0.000 35.962 35.911 35.865 36.809 36.739 37.657 51.574 51.495 35.418 38.344 40.273
39.962 41.013 35.091 59.216 55.250 54.240 65.202 69.145 80.076 87.002 52.925 51.846 52.763 54.671 53.569 50.454 58.323 59.178 60.022 58.871 52.734 51.612 50.502 51.400 57.305 116.213 84.122 64.027 46.927 0.000 61.565 69.582 0.000 0.000 0.000 0.000 59.190 70.087 86.970 85.007 91.792 91.450 84.067 84.595 85.260 83.965 83.652 83.320 82.967 83.580 82.237 34.899 0.000 0.000 0.000 0.000 0.000 0.000 0.000 0.000 0.000 0.000 43.013 38.940 35.897 36.844 34.779 46.706 53.630 37.555 38.482 46.411 44.342
0.000 0.000 0.000 52.378 55.376 57.351 78.299 89.226 103.148 85.075 14.006 70.936 70.861 54.775 54.674 53.556 51.415 54.250 60.062 57.884 58.738 60.615 58.509 56.414 52.329 47.252 52.180 47.104 0.000 0.000 0.000 55.687 47.713 0.000 0.000 1.646 69.413 86.276 86.353 84.370 92.104 83.792 86.292 87.797 84.539 84.247 83.940 83.615 83.269 80.787 35.512 0.000 0.000 0.000 0.000 0.000 0.000 0.000 0.000 0.000 0.000 42.204 12.137 0.088 43.938 33.890 44.827 56.758 44.686 39.614 44.544 48.474 41.407
0.000 0.000 0.000 50.541 56.527 72.488 83.418 131.310 125.216 127.145 133.087 129.032 129.969 54.893 54.798 53.679 53.531 52.347 47.091 56.864 58.717 59.603 57.504 59.419 59.346 60.285 53.243 0.000 0.000 0.000 0.000 56.765 41.739 0.000 0.000 60.816 82.662 86.608 85.596 92.673 92.396 84.852 85.397 86.086 84.822 84.545 84.248 84.929 59.708 0.000 0.000 0.000 0.000 0.000 0.000 0.000 0.000 0.000 54.486 43.441 33.369 37.271 37.194 38.129 38.026 40.952 53.882 50.813 45.743 46.673 44.604 42.536 38.471
16.790 0.000 0.000 51.720 68.700 76.657 82.574 53.382 52.261 51.200 48.166 49.136 49.092 55.030 54.945 70.832 70.683 46.515 0.000 43.764 56.665 58.574 56.485 58.411 58.349 59.299 55.265 0.000 0.123 1.049 54.975 39.870 0.000 0.000 62.190 71.040 87.903 86.808 85.988 92.930 84.529 87.056 89.591 85.366 85.117 84.863 83.578 71.144 29.926 0.000 0.000 0.000 0.000 0.000 40.718 35.698 35.661 35.606 39.531 51.467 54.396 40.317 35.241 37.166 39.084 54.009 52.938 38.868 47.799 48.730 47.663 40.596 36.532
