results2_8e3_rain/res_3e8f-0194.wd
ncols         241
nrows         181
xllcorner     12693529.787448
yllcorner     3542525.717860
cellsize      155.156523
NODATA_value  -9999.000000
[rows 66 to 98 of 181, columns 146 to 218 of 241]
38.005 52.943 74.884 75.829 75.779 75.733 75.690 75.651 75.615 78.585 14.566 0.000 2.433 0.000 0.000 0.000 0.000 0.913 47.913 22.913 0.000 29.911 59.910 59.910 59.909 66.909 72.908 72.906 72.903 72.899 72.894 72.889 72.884 72.879 72.873 74.869 59.865 60.862 52.862 0.000 0.000 0.000 0.000 0.000 29.201 36.191 45.172 39.135 17.084 15.054 30.028 51.004 58.981 52.957 47.933 47.910 37.886 34.862 34.838 37.815 58.792 70.770 65.749 54.728 61.707 68.688 72.669 72.651 71.634 71.618 71.602 71.587 71.572
41.065 60.003 77.943 75.889 75.840 75.796 75.755 75.715 80.677 69.646 39.632 36.648 0.000 0.000 0.000 0.000 0.000 18.913 20.913 0.000 0.000 0.000 29.907 60.907 69.906 72.906 72.904 72.902 72.900 76.897 74.893 72.889 72.885 72.880 71.876 63.872 57.868 63.866 53.864 0.000 0.000 0.000 0.000 21.192 35.193 40.188 36.182 0.000 2.038 12.023 32.005 34.985 48.963 57.941 46.919 45.896 43.872 34.848 34.825 33.801 39.778 63.756 70.734 55.713 57.692 59.672 61.653 65.635 69.618 71.601 72.586 71.570 71.556
46.124 67.059 76.997 75.943 75.897 75.856 73.817 72.778 27.732 12.691 43.668 49.665 14.668 0.000 0.000 0.000 0.000 0.000 0.000 0.000 0.000 13.903 42.904 62.904 72.904 72.903 72.902 72.900 72.898 74.895 73.892 72.889 72.885 73.882 63.878 61.874 64.871 59.867 51.866 0.000 0.000 0.000 0.000 39.191 42.191 4.188 3.185 0.000 7.005 39.996 41.983 51.966 54.947 65.926 63.905 51.882 40.859 32.835 34.811 34.787 29.764 43.741 60.718 64.697 69.676 66.656 59.637 64.619 67.601 67.585 65.569 67.553 70.539
51.182 74.113 78.044 78.989 75.948 76.913 71.880 17.848 1.807 42.716 43.686 48.674 56.671 0.000 0.000 0.000 0.000 0.000 0.000 0.000 0.000 25.902 48.902 61.902 73.901 72.901 72.899 72.898 72.896 73.894 72.891 72.889 72.886 69.883 63.880 28.876 1.873 0.000 0.000 0.000 0.000 0.000 0.000 35.191 42.191 0.000 0.000 0.000 56.982 42.975 37.963 65.949 70.932 71.913 75.892 69.870 57.846 37.822 34.797 34.773 32.748 33.725 39.702 40.680 47.659 55.639 62.619 66.601 67.584 68.567 64.551 67.536 68.521
33.241 38.167 48.077 24.020 80.995 77.968 62.944 39.924 9.917 0.000 0.000 0.000 0.000 0.000 0.000 0.000 0.000 0.000 0.000 0.000 0.000 26.901 51.900 54.900 70.899 72.899 72.898 72.896 76.895 75.893 72.891 72.889 73.887 64.885 67.883 0.000 0.000 0.000 0.000 0.000 0.000 0.000 0.000 0.000 29.191 38.191 0.000 0.000 87.965 50.958 32.948 63.934 71.919 71.901 71.881 74.858 73.834 53.808 36.783 34.758 32.733 35.709 36.685 44.663 49.641 38.621 38.601 43.583 48.565 54.548 59.533 63.518 67.503
79.308 58.238 0.000 0.000 85.042 77.020 64.002 45.987 12.978 0.000 0.000 0.000 0.000 0.000 0.000 0.000 0.000 0.000 0.000 0.000 0.000 0.000 12.898 56.898 72.898 72.897 72.896 72.895 74.894 73.892 72.891 72.889 73.888 61.886 71.885 0.000 0.000 0.000 0.000 0.000 0.000 0.000 0.000 0.000 0.000 5.191 13.191 0.000 24.955 40.945 33.934 63.922 71.908 71.891 72.872 72.849 72.823 65.796 41.769 37.742 35.716 32.691 53.667 65.644 71.622 55.601 48.582 44.563 42.546 39.529 39.513 39.499 67.484
55.386 0.000 0.000 82.228 82.112 80.067 71.058 56.045 12.030 0.000 0.000 0.000 0.000 0.000 0.000 0.000 0.000 0.000 0.000 0.000 0.000 0.000 38.897 61.896 73.896 72.896 72.895 73.894 72.893 72.892 72.890 72.889 73.888 66.887 31.887 0.000 0.000 0.000 0.000 0.000 0.000 0.000 0.000 0.000 0.000 0.000 0.000 0.000 0.000 37.934 36.922 54.912 69.900 72.885 66.866 62.841 68.813 59.782 42.754 41.726 50.700 45.673 68.648 72.624 71.602 69.581 69.561 66.543 64.526 61.509 57.494 49.479 69.465
82.432 72.432 78.402 34.343 0.000 1.092 77.116 51.105 12.068 0.000 14.313 0.000 0.000 0.000 0.000 0.000 0.000 0.000 0.000 0.000 0.000 1.895 54.895 66.895 73.895 72.894 72.894 74.893 74.892 72.891 72.890 72.889 71.888 67.888 16.887 0.000 0.000 0.000 0.000 0.000 0.000 0.000 0.000 0.000 0.000 0.000 0.000 0.000 0.000 0.000 25.909 51.903 69.895 70.883 51.867 54.838 56.806 53.767 38.737 35.710 58.682 67.654 71.628 73.603 73.580 74.559 72.540 72.522 73.504 72.488 73.473 73.458 72.445
84.480 76.461 81.431 32.399 0.000 0.000 68.198 16.191 0.000 0.000 46.313 9.313 0.000 0.000 0.000 0.000 0.000 0.000 0.000 0.000 0.000 0.894 57.894 69.894 73.894 72.893 72.893 73.892 73.891 72.891 72.890 73.889 69.889 64.888 14.888 0.000 0.000 0.000 0.000 0.000 0.000 0.000 0.000 0.000 0.000 0.000 0.000 0.000 17.898 19.899 30.900 46.898 68.892 70.885 16.879 0.000 0.000 43.743 37.719 32.694 46.665 65.633 71.605 73.580 73.557 73.537 71.517 71.499 72.482 71.466 71.451 72.437 72.424
76.546 76.501 76.462 74.424 61.392 47.347 40.285 39.271 35.297 38.308 41.313 41.314 13.314 0.000 0.000 0.000 0.000 0.000 18.891 20.891 0.000 10.892 56.893 70.893 72.893 72.892 72.892 72.892 72.891 72.890 72.890 72.889 54.889 49.888 47.888 42.888 6.888 0.000 0.000 0.000 0.000 0.000 0.000 0.000 0.000 0.000 0.000 0.000 21.897 47.897 38.897 42.895 62.892 63.888 36.885 0.000 0.000 0.000 34.700 39.682 38.652 57.609 70.580 71.555 71.533 71.512 71.493 71.475 71.459 71.444 71.429 71.415 71.402
76.586 76.537 76.489 75.445 72.404 74.363 48.326 27.310 65.311 38.315 42.316 18.315 0.000 0.000 0.000 0.000 0.000 0.000 18.891 64.891 13.891 1.892 55.892 69.892 73.892 72.892 74.891 75.891 73.890 72.890 72.889 70.889 63.889 54.888 55.888 54.888 7.888 0.000 0.000 0.000 0.000 0.000 0.000 0.000 0.000 0.000 0.000 0.000 15.897 50.896 42.896 49.894 64.892 59.889 65.888 0.000 0.000 0.000 0.000 0.000 0.000 47.569 70.550 71.528 71.506 71.486 71.468 71.451 71.435 71.420 71.406 71.393 71.380
76.622 76.572 77.514 79.462 76.416 76.376 75.347 76.330 67.325 45.323 17.323 0.000 0.000 0.000 0.000 0.000 0.000 0.000 5.891 57.891 44.891 34.891 50.891 72.891 72.891 72.891 72.891 72.890 72.890 72.890 72.889 72.889 70.888 49.888 53.888 60.888 3.887 0.000 0.000 0.000 0.000 0.000 0.000 0.000 0.000 0.000 0.000 0.000 11.896 62.896 6.895 29.893 52.891 59.890 20.889 0.000 0.000 0.000 0.000 0.000 0.000 1.546 59.522 72.500 71.478 71.458 71.441 71.425 71.410 71.396 71.383 71.370 71.357
79.662 75.613 72.533 74.473 77.423 77.379 79.355 76.341 74.333 61.330 10.329 0.000 0.000 0.000 0.000 0.000 0.000 0.000 0.000 13.891 48.891 40.891 56.891 74.891 72.891 72.891 72.890 72.890 72.890 72.889 72.889 72.889 73.888 62.888 49.888 53.887 59.887 1.887 0.000 0.000 0.000 0.000 0.000 0.000 0.000 0.000 0.000 0.000 0.000 7.896 0.000 0.000 37.891 56.890 0.000 0.000 0.000 0.000 0.000 0.000 0.000 0.000 47.497 68.472 71.448 71.428 71.412 71.398 71.384 71.371 71.359 71.346 71.334
72.708 33.685 0.000 0.000 0.000 69.362 74.353 80.344 76.338 65.335 15.334 0.000 49.338 19.338 0.000 0.000 0.000 0.000 0.000 0.000 40.890 44.890 65.890 73.890 74.890 75.890 72.890 72.890 72.889 72.889 72.889 72.888 72.888 73.888 52.888 34.887 43.887 4.887 0.000 0.000 0.000 0.000 0.000 0.000 0.000 0.000 0.000 0.000 0.000 0.000 0.000 0.000 26.891 59.890 0.000 0.000 0.000 0.000 0.000 0.000 0.000 0.000 0.000 48.442 68.413 71.396 71.382 71.369 71.358 71.346 71.334 71.322 71.311
67.747 24.735 0.000 0.000 44.354 42.354 59.350 78.345 75.341 60.338 41.337 45.338 49.338 15.338 0.000 0.000 0.000 0.000 11.889 0.000 41.890 52.890 72.890 72.890 75.890 75.890 72.890 72.889 72.889 72.889 72.889 72.888 72.888 73.888 69.887 64.887 53.887 33.887 27.886 0.000 0.000 0.000 0.000 0.000 0.000 0.000 0.000 0.000 0.000 0.000 0.000 0.000 28.890 20.890 0.000 0.000 0.000 0.000 0.000 0.000 0.000 0.000 0.000 0.000 53.366 69.359 71.350 71.341 71.331 71.321 71.310 71.299 71.287
73.778 54.771 26.779 0.000 0.000 44.351 44.348 66.344 78.342 56.340 43.339 48.339 26.339 0.000 0.000 0.000 0.000 0.000 40.889 33.889 38.890 55.890 74.890 74.890 75.890 72.890 72.889 72.889 72.889 72.889 72.888 72.888 72.888 72.887 72.887 74.887 63.887 51.886 40.886 41.886 34.886 25.886 30.885 0.000 0.000 0.000 0.000 0.000 0.000 0.000 0.000 0.000 31.890 6.890 0.000 0.000 0.000 0.000 0.000 0.000 0.000 0.000 0.000 0.000 38.327 66.324 70.319 71.312 71.305 71.296 71.287 71.276 71.264
76.801 67.793 20.786 0.000 0.000 0.000 43.345 48.343 75.342 63.340 44.340 47.339 22.339 0.000 0.000 0.000 0.000 0.000 43.889 36.889 39.889 57.889 76.889 75.889 73.889 73.889 72.889 72.889 72.889 72.888 72.888 73.888 73.888 73.887 67.887 58.887 62.886 69.886 62.886 60.886 48.886 35.885 42.885 0.885 0.000 0.000 0.000 0.000 0.000 0.000 0.000 0.000 0.000 0.000 0.000 0.000 0.000 0.000 0.000 0.000 0.000 0.000 0.000 0.000 30.292 61.291 71.289 73.285 73.280 73.273 72.264 71.253 71.241
76.820 51.815 0.000 0.000 0.000 0.000 0.000 50.342 63.341 57.341 56.340 53.340 43.339 21.339 0.000 0.000 0.000 0.000 42.889 35.889 40.889 55.889 67.889 64.889 59.889 61.889 66.889 71.889 73.889 73.888 71.888 61.888 59.888 64.887 53.887 50.886 50.886 61.886 65.886 60.886 46.885 35.885 7.885 0.000 0.000 0.000 0.000 0.000 0.000 0.000 0.000 0.000 0.000 0.000 0.000 0.000 0.000 0.000 0.000 0.000 1.161 0.000 0.000 0.000 18.256 43.259 49.261 51.260 51.257 52.251 61.244 70.233 71.219
75.835 41.831 0.000 0.000 0.000 0.000 0.000 45.341 39.341 38.341 46.340 46.340 46.339 42.339 15.339 0.000 0.000 0.000 47.889 42.889 47.889 57.889 60.889 63.889 21.889 0.000 0.000 12.889 73.889 70.888 59.888 14.888 0.000 0.000 52.886 84.886 77.886 56.886 62.886 56.886 45.885 30.885 33.885 0.000 0.000 0.000 0.000 0.000 0.000 0.000 0.000 0.000 0.000 0.000 0.000 0.000 0.000 0.000 14.161 4.161 22.161 43.166 54.176 53.192 71.218 79.229 80.235 78.236 80.236 67.233 50.226 68.216 71.199
73.846 38.843 0.000 0.000 0.000 0.000 0.000 45.341 41.341 20.341 0.000 0.000 0.339 0.000 0.000 0.000 0.000 0.000 53.889 47.889 42.889 38.889 24.889 0.000 0.000 0.000 0.000 0.000 0.000 0.000 46.888 8.888 0.000 0.000 0.000 47.886 80.886 40.886 41.885 40.885 36.885 39.885 86.885 45.885 0.000 0.000 0.000 0.000 0.000 0.000 0.000 0.000 0.000 0.000 0.000 0.000 13.134 4.134 0.000 0.000 8.156 90.161 86.169 68.181 69.196 66.206 67.212 89.215 82.217 68.217 48.214 57.205 56.183
59.854 40.852 34.855 0.000 0.000 0.000 0.000 0.000 43.341 27.341 0.000 0.000 0.000 0.000 0.000 0.000 0.000 0.000 53.889 53.889 54.889 37.889 12.889 0.000 0.000 0.000 0.000 0.000 0.000 0.000 42.888 19.888 0.000 0.000 0.000 46.886 95.886 59.885 62.885 57.885 42.885 60.885 114.885 111.885 42.885 0.000 0.000 0.000 0.000 0.000 0.000 0.000 0.000 0.000 0.000 0.000 3.134 21.134 11.136 9.139 18.147 93.153 60.160 68.168 59.177 40.185 51.192 94.196 60.200 47.203 54.208 8.206 0.000
43.859 43.858 29.858 0.000 0.000 0.000 0.000 0.000 0.000 0.000 0.000 0.000 0.000 0.000 0.000 0.000 0.000 0.000 56.889 47.889 41.889 39.889 13.889 0.000 0.000 0.000 0.000 0.000 0.000 39.887 32.887 57.888 53.887 0.000 5.886 52.886 58.885 50.885 93.885 82.885 53.885 6.885 70.885 125.885 9.885 0.000 0.000 0.000 0.000 0.000 0.000 0.000 22.133 19.133 14.133 3.133 72.133 110.133 101.134 97.136 44.139 88.143 56.148 45.154 92.161 73.167 93.173 74.179 44.184 52.188 0.000 0.000 0.000
46.863 47.861 39.861 0.000 0.000 0.000 0.000 0.000 0.000 0.000 0.000 0.000 0.000 0.000 0.000 0.000 0.000 0.000 10.889 51.889 41.888 19.889 0.000 0.000 0.000 0.000 0.000 0.000 0.000 41.887 38.887 14.887 0.000 0.000 0.000 26.885 5.885 0.000 6.885 48.885 4.885 0.000 26.885 92.885 47.885 0.000 0.000 0.000 0.000 0.000 0.000 0.000 0.000 4.132 0.000 0.000 28.132 8.132 72.130 76.130 27.131 88.133 65.136 38.139 56.144 106.149 120.155 54.161 42.168 9.178 0.000 0.000 17.993
45.866 46.864 46.863 50.863 42.863 0.000 0.000 0.000 0.000 0.000 0.000 0.000 0.000 0.000 0.000 0.000 0.000 0.000 0.000 41.888 37.888 21.888 0.000 0.000 0.000 0.000 0.000 0.000 42.887 39.887 16.887 0.000 0.000 0.000 0.000 0.885 0.000 0.000 0.000 52.885 1.885 0.000 26.885 0.000 0.000 0.000 0.000 0.000 0.000 0.000 0.000 0.000 0.000 13.132 7.132 9.132 2.132 0.000 48.125 67.124 26.123 90.122 70.122 40.124 89.127 92.131 87.137 95.143 59.149 0.000 0.000 0.960 31.975
47.868 25.865 36.864 45.863 45.863 45.863 44.863 0.000 0.000 0.000 0.000 0.000 0.000 0.000 0.000 0.000 0.000 0.000 0.000 43.888 39.888 23.888 0.000 0.000 0.000 0.000 0.000 0.000 0.000 45.887 17.887 0.000 0.000 0.000 0.000 0.000 0.000 4.884 16.884 39.884 43.884 20.884 0.000 0.000 0.000 0.000 0.000 0.000 0.000 0.000 0.000 0.000 0.000 2.132 0.132 6.132 0.000 0.000 51.120 71.118 31.114 91.109 76.107 90.107 90.109 49.112 42.117 87.124 36.137 0.000 0.000 32.945 40.954
52.870 0.000 0.000 42.863 31.863 0.000 44.863 34.863 0.000 0.000 0.000 0.000 0.000 0.000 0.000 0.000 0.000 0.000 0.000 42.888 39.888 27.888 0.000 0.000 0.000 0.000 0.000 0.000 0.000 0.000 0.000 0.000 0.000 0.000 0.000 0.000 0.000 0.000 55.884 72.884 33.884 0.000 0.000 0.000 0.000 0.000 0.000 0.000 0.000 0.000 0.000 0.000 0.000 0.000 0.000 11.132 0.000 0.000 86.117 72.114 33.107 91.094 88.089 80.088 72.089 58.092 59.096 28.100 0.000 0.000 16.924 35.931 42.936
49.872 0.000 0.000 29.863 21.863 0.000 0.000 0.000 0.000 53.868 49.868 40.868 0.000 0.000 0.000 0.000 0.000 0.000 0.000 46.888 42.888 24.888 0.000 0.000 0.000 0.000 0.000 0.000 0.000 0.000 0.000 0.000 0.000 0.000 0.000 0.000 0.000 0.000 18.884 102.884 68.884 0.000 0.000 0.000 0.000 0.000 0.000 0.000 0.000 0.000 0.000 0.000 0.000 0.000 0.000 0.000 0.000 0.000 18.117 0.000 0.000 65.069 106.068 85.067 84.068 82.070 85.074 33.080 0.000 0.000 20.916 34.919 35.920
65.872 0.000 0.000 0.000 0.000 51.870 38.869 0.000 49.868 43.868 43.868 35.868 0.000 0.000 0.000 0.000 0.000 0.000 0.000 46.888 41.888 29.888 0.000 0.000 0.000 0.000 0.000 0.000 0.000 0.000 0.000 0.000 0.000 0.000 0.000 0.000 0.000 0.000 0.000 46.884 38.884 9.884 0.000 0.000 0.000 0.000 0.000 0.000 0.000 0.000 0.000 0.000 0.000 0.000 0.000 0.000 0.000 0.000 0.000 0.000 0.000 12.046 48.046 49.045 47.045 47.047 44.051 40.066 0.000 0.000 13.907 34.907 32.906
76.872 65.871 47.871 48.871 47.870 41.870 42.869 43.869 41.868 46.868 45.868 36.868 33.868 0.000 0.000 0.000 0.000 0.000 0.000 33.888 0.000 0.000 0.000 0.000 0.000 0.000 0.000 0.000 0.000 0.000 0.000 0.000 0.000 0.000 0.000 0.000 0.000 0.000 0.000 0.000 45.884 8.884 0.000 0.000 0.000 0.000 0.000 0.000 0.000 0.000 0.000 0.000 0.000 0.000 0.000 0.000 0.000 0.000 0.000 0.000 0.000 3.023 36.023 35.023 35.022 51.020 46.018 0.000 0.000 0.000 6.899 47.897 59.893
76.872 70.871 40.871 40.871 40.870 23.870 24.869 28.869 38.868 47.868 44.868 36.868 39.868 28.868 0.000 0.000 0.000 0.000 0.000 0.000 0.000 0.000 0.000 0.000 0.000 0.000 0.000 0.000 0.000 0.000 0.000 0.000 0.000 0.000 0.000 0.000 0.000 0.000 0.000 0.000 2.884 48.884 7.884 0.000 0.000 0.000 0.000 0.000 0.000 0.000 0.000 0.000 0.000 0.000 0.000 0.000 0.000 0.000 0.000 0.000 27.990 31.000 35.002 35.002 36.999 55.993 45.983 28.963 0.000 0.000 42.892 63.888 70.882
76.872 74.871 44.871 41.871 21.870 0.000 0.000 0.000 0.000 38.868 41.868 39.868 32.868 0.000 0.000 0.000 0.000 0.000 0.000 0.000 0.000 0.000 0.000 0.000 0.000 0.000 0.000 0.000 0.000 0.000 0.000 0.000 0.000 0.000 0.000 0.000 0.000 0.000 0.000 0.000 0.884 51.884 13.883 0.000 0.000 0.000 0.000 0.000 0.000 0.000 0.000 0.000 0.000 0.000 0.000 0.000 0.000 0.000 0.000 0.000 38.980 35.983 34.984 30.982 43.978 60.971 44.959 33.942 28.918 28.901 52.889 69.880 70.872
76.871 74.871 27.871 31.871 0.000 0.000 0.000 0.000 0.000 0.000 29.868 42.868 34.867 0.000 0.000 0.000 0.000 0.000 0.000 0.000 0.000 0.000 0.000 0.000 0.000 0.000 0.000 0.000 0.000 0.000 0.000 0.000 0.000 0.000 0.000 0.000 0.000 0.000 0.000 0.000 0.000 0.883 19.883 0.000 0.000 0.000 0.000 0.000 0.000 0.000 0.000 0.000 7.949 15.949 0.000 0.000 0.000 0.000 0.000 32.961 30.967 29.969 34.969 48.966 61.961 51.953 35.942 33.927 35.911 32.896 53.884 71.873 70.862
76.871 50.871 0.000 0.000 0.000 0.000 0.000 0.000 0.000 0.000 0.000 32.867 39.867 37.867 0.000 0.000 0.000 0.000 0.000 0.000 0.000 0.000 0.000 0.000 0.000 0.000 0.000 0.000 0.000 0.000 0.000 0.000 0.000 0.000 0.000 0.000 0.000 0.000 0.000 0.000 0.000 0.000 0.000 0.000 0.000 0.000 0.000 0.000 0.000 0.000 0.000 0.000 0.000 8.949 10.949 0.000 37.950 29.951 27.952 39.956 53.958 58.958 60.956 60.952 46.946 34.938 33.928 33.915 32.902 34.889 57.876 72.865 70.853
