results2_8e3_rain/res_3e8f-0036.wd
ncols         241
nrows         181
xllcorner     12693529.787448
yllcorner     3542525.717860
cellsize      155.156523
NODATA_value  -9999.000000
[rows 99 to 131 of 181, columns 75 to 149 of 241]
43.030 42.068 42.109 47.153 50.201 47.251 43.289 43.307 37.299 0.000 0.000 0.000 0.000 0.000 0.000 3.210 61.517 86.677 84.820 84.104 91.022 90.950 84.074 84.770 84.615 84.503 85.395 85.293 84.200 88.120 47.064 0.000 0.000 0.000 0.000 0.000 0.000 0.000 24.846 36.723 4.499 0.000 16.128 19.094 17.045 20.974 17.738 15.300 0.000 8.759 12.712 27.659 33.615 36.581 34.555 29.536 22.522 17.513 12.510 0.000 0.000 0.000 0.000 0.000 0.000 2.599 14.596 38.593 39.591 39.588 39.586 37.586 0.000 0.000 0.000
42.019 40.051 44.086 49.124 50.166 50.229 44.271 41.288 46.291 46.289 7.289 0.000 7.240 37.210 14.166 0.000 50.047 90.012 85.347 85.442 91.082 83.407 85.194 84.844 84.752 84.636 84.525 84.420 86.326 85.248 21.195 0.000 0.000 0.000 0.000 0.000 0.000 3.320 9.151 20.062 0.000 0.000 11.315 19.286 18.232 22.140 21.939 0.000 0.000 3.725 17.691 22.636 43.601 44.574 44.553 45.536 46.524 44.515 25.511 0.000 0.000 0.000 0.000 0.000 0.000 1.583 14.569 38.563 39.559 39.554 39.551 32.548 0.000 0.000 0.000
42.005 45.033 48.062 49.090 24.111 0.000 17.277 53.284 26.287 0.283 0.000 0.000 18.270 68.224 65.122 56.907 75.535 86.639 83.640 91.166 84.710 85.516 85.077 85.007 84.883 84.767 84.649 85.537 83.438 71.350 18.272 0.000 0.000 0.000 0.000 0.000 6.607 13.488 11.378 12.313 0.000 0.000 17.533 35.502 28.457 23.415 0.000 0.000 0.000 0.000 0.000 16.593 41.579 45.562 43.546 43.533 43.522 45.514 18.509 12.505 12.503 18.502 0.000 0.000 0.000 0.000 13.537 38.533 39.528 39.522 39.516 22.510 0.000 0.000 0.000
45.991 49.014 49.039 49.063 14.078 0.000 0.000 0.000 0.000 0.000 0.000 0.000 11.346 74.295 80.193 88.037 87.893 84.980 91.572 91.317 84.698 85.407 85.253 85.137 85.019 84.897 84.769 90.641 40.538 8.444 0.000 0.000 0.000 0.000 0.000 0.000 15.726 11.648 11.560 10.498 16.506 0.000 10.782 36.731 35.681 33.649 0.000 0.000 0.000 0.000 0.000 14.566 43.559 47.549 44.538 43.528 41.518 30.511 11.506 7.503 8.502 0.000 0.000 0.000 0.000 0.000 9.511 38.507 39.500 39.492 35.482 2.468 7.439 11.425 0.000
48.975 48.995 47.017 53.047 23.061 0.000 0.000 0.000 0.000 0.000 0.000 0.000 22.474 80.414 83.326 87.158 86.342 86.324 91.798 84.118 85.818 85.486 85.393 85.275 85.157 89.032 94.889 49.719 18.628 0.000 0.000 0.000 0.000 0.000 0.000 22.053 15.924 8.819 13.715 17.616 14.514 12.341 26.084 29.958 19.887 27.852 0.000 0.000 0.000 0.000 0.000 20.546 44.543 49.538 48.531 44.522 39.512 8.505 6.502 7.501 14.501 0.000 0.000 0.000 0.000 3.489 7.491 36.486 39.476 39.466 33.455 4.442 3.425 4.414 0.000
48.960 47.975 25.986 0.000 11.058 13.057 0.000 0.000 0.000 0.000 0.000 13.788 66.662 80.571 83.454 85.583 86.562 92.194 92.005 85.119 85.813 85.645 85.531 85.417 89.303 51.186 11.037 0.000 28.628 14.627 0.000 0.000 0.000 0.000 7.182 41.183 32.098 26.988 21.866 22.736 20.593 21.427 34.253 28.131 12.056 14.021 0.000 0.000 0.000 0.000 0.000 20.530 48.529 13.531 11.526 43.517 46.504 16.498 7.495 12.498 0.000 0.000 0.000 0.000 0.000 0.000 3.480 21.471 37.454 40.443 33.433 4.422 3.409 3.393 5.369
44.945 48.959 30.967 0.000 2.056 32.056 0.000 0.000 0.000 0.000 4.007 65.914 79.816 85.726 85.680 85.803 92.529 92.367 84.487 86.249 85.888 85.790 85.670 85.557 89.452 61.370 0.000 0.000 0.000 1.627 0.000 0.000 0.000 0.000 0.000 26.397 31.299 41.171 37.027 24.868 27.694 36.522 31.370 19.258 11.187 12.154 0.000 0.000 0.000 0.000 0.000 18.516 52.513 0.000 0.000 0.000 39.489 29.486 10.485 0.000 0.000 0.000 0.000 0.000 0.000 0.000 0.000 0.439 26.426 36.421 29.414 5.406 3.397 3.384 2.364
42.930 58.949 37.958 0.000 1.055 29.055 0.000 0.000 0.000 0.000 62.101 75.043 84.970 87.839 87.067 85.080 92.678 83.832 85.592 82.138 84.055 85.925 85.805 86.689 80.578 70.474 18.474 0.000 0.000 0.000 0.000 0.000 0.000 0.000 16.960 21.710 21.531 23.368 32.202 35.016 37.795 31.597 18.448 12.344 11.280 10.256 14.280 0.000 0.000 0.000 0.000 7.505 44.494 10.483 0.000 0.000 34.478 40.475 20.473 0.000 0.000 0.000 0.000 0.000 0.000 0.000 0.000 0.000 19.405 24.402 11.398 3.394 3.390 0.370 10.356
45.910 0.000 0.000 0.000 0.000 0.000 0.000 0.000 0.000 0.000 78.252 80.197 88.098 87.248 86.250 92.940 92.815 85.808 85.483 85.312 85.184 84.059 84.936 86.815 43.696 0.000 0.000 0.000 0.000 0.000 0.000 0.000 2.790 17.542 28.210 24.951 23.746 20.569 21.398 24.200 35.873 36.623 28.481 17.390 10.334 10.308 12.305 0.000 0.000 0.000 0.000 0.000 34.477 12.473 8.471 8.470 40.470 43.463 26.460 0.000 0.000 0.000 0.000 0.000 0.000 0.000 0.000 0.000 22.390 17.387 3.384 3.384 2.382 4.380 0.000
38.896 0.000 0.000 0.000 0.000 0.000 0.000 0.000 0.000 65.602 75.461 87.362 87.330 86.452 93.161 93.054 85.157 86.915 86.553 86.447 86.317 86.190 88.065 37.940 0.000 0.000 0.000 0.000 0.000 0.000 1.724 18.319 30.989 26.683 25.389 25.140 24.935 25.765 23.621 22.514 0.000 14.543 39.463 21.401 9.360 12.337 10.328 0.000 0.000 0.000 0.000 0.000 26.464 4.461 0.000 0.000 0.000 33.447 22.444 31.435 38.431 0.000 0.000 0.000 0.000 0.000 0.000 0.000 13.380 11.372 4.371 6.377 4.379 0.000 0.000
42.887 18.884 0.000 0.000 0.000 0.000 0.000 0.000 18.870 78.744 85.625 87.502 87.628 85.719 93.257 85.477 87.242 86.793 86.710 86.577 87.449 88.321 50.193 0.000 0.000 0.000 0.000 0.000 0.000 21.311 31.980 27.541 26.155 25.814 25.523 25.283 25.089 24.933 24.809 33.721 0.000 0.000 7.428 16.393 8.367 17.351 17.343 0.000 0.000 0.000 0.000 0.000 10.455 47.446 15.437 0.000 0.000 34.435 28.434 19.430 19.428 0.000 0.000 0.000 0.000 0.000 0.000 0.000 0.000 3.352 4.352 0.000 0.000 0.000 0.000
45.883 43.881 32.880 0.000 0.000 0.000 0.000 10.112 68.996 82.879 88.769 87.709 86.828 93.419 93.343 86.439 87.123 86.958 86.834 87.710 89.581 50.451 0.000 0.000 0.000 0.000 0.000 8.404 19.131 30.643 27.198 26.712 23.274 22.897 22.605 23.381 25.207 25.071 27.960 4.840 0.000 0.000 0.000 12.375 11.365 29.356 25.351 0.000 0.000 0.000 0.000 0.000 0.000 39.433 51.429 8.424 34.423 48.426 40.426 16.425 9.424 0.000 0.000 0.000 0.000 0.000 0.000 0.000 0.000 4.335 8.336 0.000 0.000 0.000 0.000
47.880 37.880 44.879 36.878 0.000 0.000 3.336 70.230 79.120 89.019 87.853 88.075 86.060 93.483 85.760 87.538 87.183 87.085 87.963 88.849 42.715 0.000 0.000 0.000 0.000 0.000 20.974 31.676 29.348 27.930 29.457 28.834 34.334 38.894 33.621 26.429 20.287 24.183 30.120 0.000 0.000 0.000 0.000 15.369 16.362 38.357 26.355 0.000 0.000 0.000 0.000 0.000 0.000 34.424 43.422 48.420 44.419 44.420 48.421 32.420 11.418 12.415 0.000 0.000 0.000 0.000 0.000 0.193 5.314 3.320 8.321 0.000 0.000 0.000 0.000
15.879 66.879 29.878 0.000 0.000 8.532 68.443 73.347 87.254 88.101 88.325 86.203 93.572 86.045 87.842 87.403 87.331 88.206 85.086 40.008 0.000 0.000 0.000 0.000 0.000 23.556 31.272 28.980 28.655 32.274 6.865 0.000 0.000 3.725 29.556 31.428 32.328 24.256 25.217 0.000 0.000 0.000 0.000 0.000 14.359 21.357 20.356 0.000 0.000 0.000 0.000 0.000 0.000 25.417 38.416 43.415 44.415 45.416 41.417 37.417 22.415 10.413 14.410 20.409 0.000 0.000 0.000 0.000 3.312 4.313 6.310 0.000 0.000 0.000 0.000
0.000 67.878 54.877 0.000 0.000 15.622 76.556 84.474 88.358 89.492 89.469 93.944 93.714 87.009 87.713 87.560 87.449 82.331 72.168 23.088 0.000 0.000 0.000 12.295 21.141 32.840 29.579 29.317 33.017 10.645 0.000 0.000 0.000 0.000 27.450 24.398 28.341 34.297 34.275 12.286 0.000 0.000 0.000 0.000 16.357 10.356 17.356 0.000 0.000 0.000 0.000 0.000 0.000 12.411 29.411 43.410 38.410 31.411 33.414 0.000 19.413 28.411 21.409 17.408 0.000 0.000 0.000 0.000 0.000 0.000 3.297 8.291 0.000 0.000 0.000
0.000 0.000 44.877 0.000 3.886 69.776 81.689 88.603 88.559 88.679 94.353 94.155 86.330 88.114 87.765 87.680 80.578 46.501 0.000 0.000 0.000 0.000 30.602 24.450 32.287 30.085 29.888 30.691 8.452 0.000 0.000 0.000 0.000 0.000 30.397 24.374 24.343 26.316 30.300 32.298 0.000 0.000 0.000 0.000 0.000 16.356 0.000 0.000 0.000 0.000 0.000 0.000 0.000 8.407 19.406 26.406 18.406 15.406 0.000 0.000 0.000 12.409 16.408 25.408 0.000 0.000 0.000 0.000 0.000 0.000 3.291 4.288 0.000 0.000 0.000
0.000 0.000 0.000 4.083 72.996 77.906 88.827 88.696 89.922 89.942 94.539 86.664 88.426 87.977 87.901 77.785 66.686 30.593 0.000 0.000 0.000 24.896 46.755 31.615 23.472 31.326 29.197 32.109 2.114 0.000 0.000 0.000 0.000 19.361 26.367 25.357 25.340 22.324 18.312 20.308 0.000 0.000 0.000 0.000 0.000 23.355 0.000 0.000 0.000 0.000 0.000 0.000 0.000 10.403 9.402 8.402 6.401 12.401 0.000 0.000 0.000 0.000 10.407 28.407 0.000 0.000 0.000 0.000 0.000 0.000 0.000 9.283 22.281 0.000 0.000
0.000 0.000 0.000 76.169 75.110 89.036 88.933 90.081 90.100 94.874 94.711 87.630 89.298 87.124 72.992 61.885 35.785 0.000 0.000 0.000 19.165 37.036 36.909 43.783 31.661 21.550 27.465 37.434 40.510 3.619 0.000 0.000 0.000 31.355 25.355 25.348 24.337 20.326 14.318 15.314 0.000 0.000 0.000 0.000 0.000 0.000 0.000 0.000 0.000 0.000 0.000 0.000 0.000 12.400 6.399 7.398 7.397 9.397 0.000 0.000 0.000 0.000 0.000 18.406 0.000 0.000 0.000 0.000 0.000 0.000 0.000 0.000 0.000 0.000 0.000
0.000 0.000 15.410 76.315 88.239 89.164 90.131 92.272 95.175 95.027 86.971 88.716 85.350 74.233 63.066 34.975 0.000 0.000 0.000 21.410 42.294 28.176 20.060 33.947 45.841 33.747 36.678 37.653 24.679 30.728 9.781 0.000 0.000 23.350 19.348 26.343 21.335 13.327 12.320 16.316 0.000 0.000 0.000 0.000 0.000 0.000 0.000 0.000 0.000 0.000 0.000 0.000 0.000 0.000 9.395 7.394 7.394 7.392 15.390 0.000 0.000 0.000 0.000 0.000 0.000 0.000 0.000 0.000 0.000 0.000 0.000 0.000 0.000 0.000 0.000
0.000 0.000 58.504 84.442 90.376 89.254 89.489 87.533 95.315 87.282 89.029 83.581 72.497 47.361 0.000 0.000 0.000 0.000 21.623 42.527 29.423 18.316 18.209 20.105 31.008 45.921 36.846 21.823 29.824 31.833 5.835 0.000 0.000 48.348 35.345 24.341 18.334 14.327 11.319 12.315 6.313 0.000 0.000 0.000 0.000 0.000 0.000 0.000 0.000 0.000 0.000 0.000 0.000 0.000 11.391 7.391 7.391 7.390 9.388 0.000 0.000 0.000 0.000 0.000 0.000 0.000 0.000 0.000 0.000 0.000 0.000 0.000 0.000 0.000 0.000
0.000 61.765 58.660 64.582 79.483 90.635 87.671 95.577 95.449 88.224 83.895 72.734 51.612 0.000 0.000 3.674 0.000 0.000 46.720 29.652 18.557 19.455 18.353 21.257 35.167 44.080 44.965 28.968 24.962 35.946 9.890 0.000 0.000 0.000 0.000 0.000 0.000 0.000 15.314 22.313 23.312 9.310 0.000 0.000 0.000 0.000 0.000 0.000 0.000 0.000 0.000 0.000 0.000 0.000 11.389 10.390 13.389 8.388 5.386 14.384 0.000 0.000 0.000 0.000 0.000 0.000 0.000 0.000 0.000 0.000 0.000 0.000 0.000 0.000 0.000
1.032 62.870 59.793 60.713 70.679 86.826 95.818 95.699 87.532 84.281 71.937 45.847 0.000 0.000 20.702 19.674 1.629 0.000 34.885 18.803 19.700 18.594 19.493 34.402 40.324 4.269 0.000 47.123 33.109 11.099 0.000 0.000 0.000 0.000 0.000 0.000 0.000 0.000 33.312 27.311 24.310 20.309 0.000 0.000 0.000 0.000 0.000 0.000 0.000 0.000 0.000 0.000 0.000 0.000 8.386 0.000 0.000 0.000 8.383 12.383 0.000 0.000 0.000 0.000 0.000 0.000 0.000 0.000 0.000 0.000 0.000 0.000 0.000 0.000 0.000
64.147 61.021 58.934 59.804 61.034 65.082 95.934 86.799 82.543 72.119 46.063 0.000 0.000 0.000 24.730 22.682 42.580 26.394 19.133 19.974 18.845 21.729 41.624 38.533 19.457 15.404 20.384 48.291 45.254 9.242 0.000 0.000 0.000 0.000 0.000 0.000 0.000 0.000 40.310 40.309 35.309 26.308 0.000 0.000 0.000 0.000 0.000 0.000 0.000 0.000 0.000 0.000 0.000 11.382 13.384 0.000 0.000 0.000 11.382 12.381 0.000 0.000 0.000 0.000 0.000 0.000 0.000 0.000 0.000 0.000 0.000 0.000 0.000 0.000 0.000
88.230 80.144 65.034 66.179 58.213 96.151 96.044 65.692 70.350 46.237 0.000 0.000 0.000 0.000 26.805 39.744 37.631 19.469 19.280 19.117 29.977 41.852 30.743 19.648 19.568 19.506 20.458 29.403 47.373 43.374 4.423 0.000 0.000 0.000 0.000 0.000 0.000 0.000 26.309 28.308 40.307 41.307 0.000 0.000 0.000 0.000 0.000 0.000 0.000 0.000 0.000 0.000 3.381 13.381 0.000 0.000 0.000 0.000 12.381 10.381 0.000 0.000 0.000 0.000 0.000 0.000 0.000 0.000 0.000 0.000 0.000 0.000 0.000 0.000 0.000
90.342 90.259 85.220 75.362 96.358 96.254 57.871 52.652 0.000 0.000 0.000 0.000 0.000 0.000 37.942 42.859 18.730 20.571 20.400 32.238 41.092 22.962 19.847 19.747 19.663 19.594 19.538 19.492 28.463 48.456 41.473 15.501 6.513 10.515 0.000 0.000 0.000 0.000 0.000 6.307 46.306 46.306 7.305 0.000 0.000 0.000 0.000 0.000 0.000 0.000 0.000 0.000 0.000 0.000 0.000 0.000 0.000 0.000 0.000 19.380 0.000 0.000 0.000 0.000 0.000 0.000 0.000 0.000 0.000 0.000 0.000 0.000 0.000 0.000 0.000
90.462 90.336 94.565 85.611 96.459 57.966 60.641 55.384 0.000 0.000 0.000 0.000 0.000 31.325 43.163 20.020 20.860 20.687 28.511 41.344 19.192 20.056 19.937 19.832 19.743 19.669 19.609 19.563 19.531 23.515 24.513 19.519 20.521 27.518 9.518 0.000 0.000 0.000 0.000 0.000 1.305 37.305 0.302 0.000 0.000 0.000 0.000 0.000 0.000 0.000 0.000 0.000 0.000 0.000 0.000 0.000 0.000 0.000 0.000 0.000 0.000 0.000 0.000 0.000 0.000 0.000 0.000 0.000 0.000 0.000 0.000 0.000 0.000 0.000 0.000
90.552 91.702 88.737 96.654 96.556 62.605 46.994 0.000 0.000 0.000 0.000 0.000 0.000 48.487 25.365 21.196 21.004 22.806 43.613 23.434 20.275 20.135 20.011 19.902 19.808 19.730 19.668 19.619 19.583 18.559 17.545 20.539 2.536 0.000 0.000 0.000 0.000 0.000 0.000 0.000 0.000 30.304 18.303 0.000 0.000 0.000 0.000 0.000 0.000 0.000 0.000 0.000 0.000 0.000 0.000 0.000 0.000 0.000 0.000 0.000 0.000 0.000 0.000 0.000 0.000 0.000 0.000 0.000 0.000 0.000 0.000 0.000 0.000 0.000 0.000
69.732 65.880 96.846 96.750 74.165 55.297 46.135 0.000 0.000 0.000 0.000 0.000 0.000 23.772 19.614 19.397 18.155 30.919 23.700 17.506 18.340 18.198 18.072 17.956 18.857 19.776 19.712 19.663 18.625 16.594 18.571 18.556 15.549 5.550 8.548 10.547 9.546 11.545 0.000 0.000 0.000 0.000 27.303 0.000 0.000 0.000 0.000 0.000 0.000 0.000 0.000 0.000 0.000 0.000 0.000 0.000 0.000 0.000 0.000 0.000 0.000 0.000 0.000 0.000 0.000 0.000 0.000 0.000 0.000 0.000 0.000 0.000 0.000 0.000 0.000
68.076 98.125 96.939 56.769 47.337 0.000 61.393 19.514 0.000 0.000 0.000 0.000 67.549 46.216 16.922 24.622 35.301 34.015 29.764 27.549 27.383 27.246 26.121 19.996 15.887 19.805 19.743 19.696 18.658 18.623 22.587 22.566 23.555 33.551 33.549 29.547 22.546 21.545 0.543 0.000 0.000 0.000 0.000 0.000 0.000 0.000 0.000 0.000 0.000 0.000 0.000 0.000 0.000 0.000 0.000 0.000 0.000 0.000 0.000 0.000 0.000 0.000 0.000 0.000 0.000 0.000 0.000 0.000 0.000 0.000 0.000 0.000 0.000 0.000 0.000
105.673 97.112 97.028 84.869 0.000 28.508 56.508 129.637 105.054 0.000 13.880 3.881 65.881 25.622 23.235 94.867 85.414 81.074 80.794 79.544 78.396 77.281 76.171 47.019 13.891 19.814 19.760 19.719 19.688 11.655 0.000 0.000 0.000 0.000 0.000 0.000 0.000 38.544 17.543 0.000 0.000 0.000 0.000 0.000 0.000 0.000 0.000 0.000 0.000 0.000 0.000 0.000 0.000 0.000 0.000 0.000 0.000 0.000 0.000 0.000 0.000 0.000 0.000 0.000 0.000 0.000 0.000 0.000 0.000 0.000 0.000 0.000 0.000 0.000 0.000
97.268 97.191 81.441 0.000 0.000 0.000 0.186 50.472 38.471 0.000 0.000 0.000 25.474 22.157 31.530 87.198 0.000 0.000 0.000 23.436 32.376 93.312 6.262 0.000 23.846 19.800 19.763 20.735 2.718 0.000 0.000 0.000 0.000 0.000 0.000 0.000 0.000 0.000 38.543 0.000 0.000 0.000 0.000 0.000 0.000 0.000 0.000 0.000 0.000 0.000 0.000 0.000 0.000 0.000 0.000 0.000 0.000 0.000 0.000 0.000 0.000 0.000 0.000 0.000 0.000 0.000 0.000 0.000 0.000 0.000 0.000 0.000 0.000 0.000 0.000
97.339 105.947 107.790 28.078 0.000 5.310 32.310 42.303 19.887 0.000 18.526 64.126 62.384 55.003 0.000 6.198 0.000 0.000 6.388 34.388 79.362 42.328 7.303 0.000 0.000 25.778 19.757 20.741 1.731 0.000 0.000 0.000 0.000 0.000 0.000 0.000 0.000 0.000 0.000 0.000 0.000 0.000 0.000 0.000 0.000 0.000 0.000 0.000 0.000 0.000 0.000 0.000 0.000 0.000 0.000 0.000 0.000 0.000 0.000 0.000 0.000 0.000 0.000 0.000 0.000 0.000 0.000 0.000 0.000 0.000 0.000 0.000 0.000 0.000 0.000
97.405 86.460 29.222 0.000 0.000 0.000 0.000 19.543 0.000 0.000 11.927 55.468 108.932 44.467 0.000 0.000 0.000 0.000 0.000 48.368 83.355 13.337 10.320 0.000 0.000 0.000 24.745 18.740 16.735 14.735 2.735 0.000 0.000 0.000 0.000 0.000 0.000 0.000 0.000 0.000 0.000 0.000 0.000 0.000 0.000 0.000 0.000 0.000 0.000 0.000 0.000 0.000 0.000 0.000 0.000 0.000 0.000 0.000 0.000 0.000 0.000 0.000 0.000 0.000 0.000 0.000 0.000 0.000 0.000 0.000 0.000 0.000 0.000 0.000 0.000
