results2_8e3_rain/res_3e8f-0111.wd
ncols         241
nrows         181
xllcorner     12693529.787448
yllcorner     3542525.717860
cellsize      155.156523
NODATA_value  -9999.000000
[rows 0 to 32 of 181, columns 146 to 218 of 241]
0.000 0.000 0.000 0.000 0.000 0.000 0.000 0.000 0.000 0.000 0.000 0.000 0.000 0.000 4.384 15.268 16.075 15.833 15.562 15.278 14.997 14.733 14.496 14.294 14.129 14.000 13.905 13.839 13.797 13.774 13.764 18.760 0.000 0.000 0.000 0.000 0.000 0.000 0.000 0.000 0.000 0.000 0.000 0.000 0.000 0.000 0.000 0.000 0.000 7.774 14.774 0.000 0.000 31.268 36.268 0.000 0.000 0.000 0.000 0.000 0.000 0.000 0.000 0.000 0.000 0.000 0.000 0.000 0.000 0.000 0.000 0.000 0.000
0.000 0.000 0.000 0.000 0.000 0.000 0.000 0.000 0.000 0.000 0.000 0.000 0.000 0.044 15.500 16.346 16.124 15.862 15.575 15.276 14.981 14.706 16.462 15.257 14.093 13.967 13.876 13.815 13.778 13.761 13.757 18.756 0.000 0.000 0.000 0.000 0.000 0.000 0.000 0.000 0.000 0.000 0.000 0.000 0.000 0.000 0.000 0.000 4.776 26.775 2.774 0.000 10.271 43.269 37.268 0.000 0.000 0.000 0.000 0.000 0.000 0.000 0.000 0.000 0.000 0.000 0.000 0.000 22.200 0.000 0.000 0.000 0.000
0.000 0.000 0.000 0.000 0.000 0.000 0.000 0.000 0.000 0.000 0.000 0.000 0.000 19.093 17.770 16.491 16.212 15.916 15.599 15.269 14.944 16.646 16.389 14.179 14.017 13.899 13.817 13.766 13.740 13.734 15.748 9.752 0.000 0.000 0.000 0.000 0.000 0.000 0.000 0.000 0.000 0.000 0.000 0.000 0.000 0.000 0.000 0.000 16.777 0.000 0.000 5.273 36.272 0.000 0.000 0.000 0.000 0.000 0.000 0.000 0.000 0.000 0.000 0.000 0.000 0.000 0.000 0.000 25.201 0.000 0.000 0.000 0.000
0.000 0.000 0.000 0.000 0.000 0.000 0.000 0.000 0.000 0.000 0.000 0.000 2.317 18.418 16.995 16.637 16.316 15.993 15.637 15.257 15.882 15.546 14.269 14.054 13.899 13.793 13.727 13.693 13.682 19.688 0.000 0.000 0.000 0.000 0.000 0.000 0.000 0.000 0.000 0.000 0.000 0.000 0.000 1.787 0.000 0.000 0.000 0.779 60.779 0.000 0.000 11.273 38.274 0.000 0.000 0.000 0.000 0.000 0.000 0.000 0.000 0.000 0.000 3.221 22.220 0.000 0.000 15.202 24.201 25.201 0.000 0.000 0.000
0.000 0.000 0.000 0.000 0.000 0.000 0.000 0.000 0.000 0.000 0.000 7.906 1.183 2.251 17.154 16.746 16.425 16.101 15.699 15.238 15.780 15.387 14.085 13.871 13.731 13.648 13.607 13.596 14.607 15.648 0.000 0.000 0.000 0.000 0.000 0.000 0.000 0.000 0.000 0.000 0.000 0.000 2.787 25.787 20.787 0.000 0.000 16.780 44.781 0.000 0.000 0.000 38.278 0.000 0.000 0.000 0.000 0.000 0.000 0.000 0.000 0.000 37.223 41.221 43.220 0.000 0.000 28.203 23.202 23.201 33.201 0.000 0.000
0.000 0.000 0.000 0.000 0.000 0.000 0.000 0.000 0.000 0.000 10.533 3.181 1.606 1.118 1.104 14.768 16.535 16.286 15.821 17.217 16.614 14.138 13.813 13.614 13.505 13.460 13.456 13.476 19.504 0.000 0.000 0.000 0.000 0.000 0.000 0.000 0.000 0.000 0.000 0.000 0.000 0.000 0.000 5.787 26.788 18.789 16.790 0.000 29.784 2.784 0.000 0.000 23.282 36.284 27.285 25.285 34.285 0.000 0.000 0.000 0.000 0.000 37.225 39.222 44.219 23.215 12.210 29.205 32.203 0.000 0.000 0.000 0.000
0.000 0.000 0.000 0.000 0.000 0.000 0.000 0.000 0.000 0.000 6.869 3.624 3.298 2.824 0.291 0.470 9.662 17.687 17.083 17.196 14.321 13.737 13.415 13.265 13.217 13.230 13.281 13.350 8.427 0.000 0.000 0.000 0.000 0.000 22.829 55.829 0.000 0.000 0.000 0.000 0.000 0.000 0.000 2.788 26.788 39.789 74.791 36.791 37.786 8.785 0.000 0.000 20.284 39.286 24.286 20.286 37.285 0.000 0.000 0.000 0.000 0.000 24.229 30.225 26.220 26.215 30.210 33.206 41.203 0.000 0.000 0.000 20.145
0.000 0.000 0.000 0.000 0.000 0.000 0.000 0.000 0.000 29.916 30.449 7.099 2.748 3.030 2.749 0.644 0.291 4.845 17.628 15.161 13.737 13.074 12.847 12.815 12.868 12.964 14.085 11.218 0.000 0.000 0.000 0.000 0.000 0.000 0.000 43.830 50.831 32.831 24.831 0.000 0.000 0.000 0.000 0.000 0.000 0.791 67.794 46.794 0.000 0.000 0.000 0.000 0.000 32.290 47.289 45.287 47.285 39.280 31.274 34.267 33.258 42.248 46.237 43.229 44.222 44.216 39.210 34.204 31.200 0.000 0.000 0.000 0.000
0.000 0.000 0.000 0.000 0.000 0.000 0.000 0.000 23.865 41.383 42.912 32.492 9.151 1.604 2.730 0.668 2.297 6.897 5.583 15.084 12.393 11.974 12.082 12.281 12.474 13.673 13.879 0.000 0.000 0.000 0.000 0.000 0.000 0.000 0.000 0.000 41.832 51.832 56.831 0.000 0.000 0.000 0.000 0.000 0.000 0.000 39.799 31.799 36.800 3.800 0.000 0.000 16.298 44.295 29.293 23.290 30.287 42.282 30.276 29.268 38.260 47.251 34.241 30.232 33.225 39.217 45.209 47.202 45.194 31.182 22.172 5.163 14.155
0.000 0.000 0.000 0.000 0.000 0.000 0.000 19.848 29.347 44.839 42.324 42.807 35.288 11.774 0.837 4.273 13.700 6.118 2.003 2.725 5.775 10.349 11.226 11.752 12.076 17.374 0.000 0.000 0.000 0.000 0.000 0.000 0.000 0.000 0.000 0.000 8.833 54.833 7.832 0.000 0.000 0.000 0.000 0.000 0.000 35.808 45.804 21.802 37.801 57.801 0.000 0.000 22.301 46.300 25.297 19.294 22.290 35.285 24.279 24.271 26.263 28.254 25.245 26.236 20.227 24.218 30.209 31.201 29.191 38.181 40.171 43.162 51.154
0.000 0.000 0.000 0.000 0.000 0.000 24.846 23.349 46.837 43.302 42.737 42.125 42.422 37.506 19.994 11.759 7.345 0.000 0.000 4.079 2.161 2.996 10.723 11.424 16.703 0.000 0.000 0.000 0.000 0.000 0.000 0.000 32.839 0.000 0.000 0.000 15.835 55.834 0.000 0.000 0.000 0.000 0.000 0.000 30.818 74.813 7.807 10.804 32.802 59.802 0.000 0.000 19.307 44.306 24.303 17.300 20.295 22.290 18.283 17.276 24.267 40.258 23.249 19.239 33.229 29.220 26.210 33.200 33.190 36.180 45.170 49.160 36.151
0.000 0.000 0.000 0.000 0.000 28.783 17.343 45.865 44.349 43.796 43.197 42.533 41.767 41.837 38.668 24.427 3.856 0.000 0.000 45.284 4.182 0.019 0.023 13.517 9.610 0.000 0.000 0.000 0.000 0.000 0.000 0.000 28.839 23.839 32.839 44.838 48.837 38.836 0.000 0.000 0.000 29.831 44.830 49.827 73.822 29.820 0.000 0.000 34.803 22.803 0.000 0.000 22.314 49.313 36.310 20.306 68.302 96.296 45.289 21.281 37.272 84.263 36.253 13.242 78.232 51.221 26.211 33.200 35.190 25.179 34.169 47.158 30.148
0.000 0.000 0.000 0.000 0.000 18.223 39.877 46.418 44.900 44.336 43.721 43.042 42.278 41.403 41.425 40.384 29.629 4.426 49.909 47.024 0.083 0.036 0.012 0.013 0.000 0.000 0.000 0.000 0.000 0.000 0.000 27.840 23.840 28.840 42.840 52.839 36.838 23.838 0.000 0.000 0.000 38.833 37.831 33.829 72.826 32.824 0.000 0.000 13.804 5.804 0.000 15.329 43.324 45.321 39.318 27.315 26.310 59.304 100.297 38.288 31.279 88.269 39.258 13.247 85.235 55.224 18.212 20.201 26.190 17.178 31.167 30.156 18.146
0.000 0.000 0.000 0.000 22.604 33.010 48.525 46.028 45.498 44.927 44.310 43.637 42.897 42.091 41.161 40.439 39.311 51.665 51.330 0.444 0.118 9.197 0.000 0.000 0.000 0.000 0.000 0.000 0.000 43.839 46.839 28.840 27.840 42.841 52.842 38.841 21.840 23.839 23.840 21.842 19.840 31.837 34.834 44.831 84.829 18.826 0.000 0.000 50.807 0.805 0.000 12.334 42.332 42.330 29.328 21.324 17.320 27.313 24.306 64.297 95.286 112.275 93.263 82.251 108.239 102.226 93.214 39.202 19.190 36.178 31.166 20.155 15.143
0.000 0.000 0.000 23.688 33.198 50.686 47.186 46.673 46.135 45.564 44.954 44.297 43.601 42.792 42.271 39.941 51.684 51.686 35.830 18.218 5.402 0.000 0.000 0.000 0.000 0.000 0.000 0.000 0.000 0.000 0.000 7.840 45.841 49.842 41.844 26.846 0.000 0.000 0.000 25.845 21.843 31.840 30.837 53.834 50.832 0.000 0.000 0.000 53.810 0.000 0.000 10.341 40.341 52.340 31.338 37.336 60.331 37.325 19.316 43.306 66.295 100.283 66.270 46.256 94.243 84.229 59.216 28.203 14.190 85.178 53.165 25.153 15.142
0.000 0.000 0.000 29.177 48.815 48.352 47.858 47.344 46.806 46.240 46.641 46.018 44.294 43.901 41.362 51.700 51.682 39.347 40.983 38.668 22.656 3.654 0.000 0.000 0.000 0.000 0.000 0.000 0.000 0.000 0.000 0.000 13.842 45.844 23.846 21.852 27.858 0.000 0.000 26.850 24.847 30.844 31.840 53.837 49.834 0.000 0.000 13.816 60.814 0.000 0.000 12.349 43.350 46.351 27.351 27.349 73.345 108.338 57.329 25.318 41.305 88.292 48.277 15.262 81.247 68.233 26.218 18.204 11.191 92.178 56.165 28.152 29.139
0.000 0.000 29.657 47.028 50.534 49.048 48.551 48.038 47.505 47.947 46.374 45.710 45.405 42.873 52.000 51.789 40.790 41.634 40.681 31.094 11.872 0.000 0.000 0.000 0.000 0.000 0.000 0.000 0.000 0.000 0.000 0.000 0.000 0.000 0.000 26.858 23.865 22.868 24.865 26.858 22.852 30.848 32.843 44.838 40.833 2.827 21.822 54.818 5.816 0.000 0.000 12.357 39.360 45.363 31.366 16.365 18.362 43.354 30.344 12.332 30.317 85.302 41.285 7.268 78.252 63.236 21.221 17.206 13.191 91.178 56.164 28.151 19.137
0.000 28.831 42.285 51.745 50.245 49.754 49.259 48.752 49.225 48.690 47.067 46.813 44.285 52.790 52.342 42.341 43.367 41.266 28.515 0.000 0.000 0.000 0.000 0.000 0.000 0.000 0.000 0.000 0.000 0.000 0.000 0.000 0.000 0.000 0.000 0.000 30.874 40.874 51.871 39.864 28.856 32.852 29.847 34.841 27.834 46.827 64.821 52.818 0.000 0.000 0.000 11.363 37.369 42.376 48.384 46.386 34.382 24.374 37.362 69.348 88.331 109.312 89.294 72.275 106.256 99.239 81.223 41.207 14.192 89.178 61.164 33.150 20.137
25.821 37.377 51.907 51.424 50.945 50.466 49.981 50.481 49.978 48.388 48.171 45.657 53.884 53.313 43.814 45.005 45.976 24.193 0.000 0.000 0.000 0.000 0.000 0.000 0.000 0.000 0.000 0.000 0.000 0.000 0.000 0.000 0.000 0.000 0.000 0.000 28.885 32.883 50.879 9.871 0.000 39.858 30.854 33.844 29.834 17.825 36.819 51.816 38.813 0.000 0.000 0.000 2.378 45.387 47.409 40.412 28.407 37.397 88.383 79.366 60.346 61.325 62.302 62.281 62.260 63.241 65.224 36.208 16.192 88.178 64.163 27.150 21.141
29.265 52.949 52.541 52.099 51.646 51.185 50.712 50.239 49.681 49.498 47.001 55.106 54.486 45.180 46.451 45.500 41.063 0.691 0.000 0.000 0.000 0.000 0.000 0.000 0.000 0.000 0.000 0.000 0.000 0.000 0.000 0.000 0.000 0.000 0.000 0.000 29.897 40.895 24.893 0.000 0.000 36.869 33.866 0.855 0.000 21.819 35.816 50.813 47.811 16.810 0.000 0.000 0.000 0.000 14.452 29.448 13.438 74.425 75.408 24.387 30.364 72.337 43.311 15.286 61.263 51.243 31.225 29.208 20.193 88.177 59.162 16.147 17.136
47.024 54.615 53.207 52.786 52.354 52.911 51.469 50.945 50.799 48.326 56.372 55.735 45.455 47.759 46.807 47.243 16.644 0.000 0.000 0.000 0.000 0.000 0.000 0.000 0.000 0.000 0.000 0.000 0.000 0.000 0.000 0.000 0.000 0.000 0.000 0.000 49.911 47.908 51.904 48.902 44.895 44.884 38.879 0.000 0.000 21.816 34.812 52.809 59.808 22.809 0.000 0.000 0.000 0.000 8.499 21.489 41.474 88.456 51.436 11.413 79.385 80.351 29.319 16.290 37.264 93.242 52.224 20.209 20.193 83.177 101.160 88.141 93.119
56.669 54.280 53.887 53.485 53.070 54.659 52.170 52.067 49.630 57.659 57.012 40.668 44.932 49.038 45.552 22.888 0.000 0.000 0.000 0.000 0.000 0.000 0.000 0.000 0.000 0.000 0.000 0.000 0.000 0.000 0.000 0.000 0.000 0.000 0.000 48.942 47.929 48.921 50.914 49.908 47.900 48.892 41.886 0.000 0.000 22.818 34.810 57.801 30.805 0.000 0.000 0.000 0.000 6.588 36.556 15.535 80.514 74.491 18.468 74.442 87.412 36.362 24.324 27.291 22.259 53.239 92.222 49.208 12.195 83.180 86.159 60.137 2.113
47.300 53.948 54.577 54.192 53.807 53.346 53.285 50.883 58.910 58.307 23.822 29.047 31.991 50.691 34.343 0.000 0.000 0.000 0.000 0.000 0.000 0.000 0.000 39.193 28.192 0.000 0.000 0.000 0.000 0.000 0.000 0.000 0.000 0.000 0.000 25.954 19.944 22.933 26.924 21.915 20.906 19.898 21.889 25.878 19.859 12.828 27.807 6.783 0.000 0.000 0.000 0.000 0.000 8.621 31.603 22.581 23.554 23.527 15.501 36.478 37.460 0.000 0.000 0.000 28.245 21.231 43.219 36.208 18.199 51.189 0.000 0.000 0.000
25.966 41.634 54.279 56.921 54.481 54.446 52.049 59.942 59.467 32.758 0.000 42.342 0.000 54.267 22.806 0.000 0.000 0.000 0.000 0.000 0.000 0.000 0.000 46.194 40.191 0.000 0.000 0.000 0.000 0.000 0.000 0.000 0.000 12.067 0.000 26.976 22.960 22.945 22.932 22.922 22.913 22.904 22.895 24.885 2.872 0.000 0.000 28.742 0.000 0.000 0.000 0.000 9.671 40.671 28.656 27.631 19.597 20.563 20.533 18.507 32.491 0.000 0.000 0.000 0.000 24.222 19.214 32.207 31.203 0.000 0.000 0.000 0.000
17.677 25.341 48.004 52.599 55.576 53.135 60.642 60.333 39.571 15.387 0.000 58.950 56.859 43.314 0.000 0.000 0.000 0.000 0.000 0.000 0.000 0.000 49.209 55.197 26.189 0.000 0.000 0.000 0.000 0.000 0.000 0.000 0.000 29.067 27.051 24.015 22.976 19.953 23.939 23.929 23.919 23.910 23.902 26.896 0.000 0.000 0.000 26.701 26.687 0.000 0.000 0.000 0.000 27.737 20.721 19.689 18.639 18.596 18.561 18.525 19.508 28.507 0.000 0.000 0.000 0.000 25.207 28.204 26.202 0.000 0.000 0.000 21.043
21.408 32.061 36.704 34.622 46.199 60.984 60.859 44.488 23.268 16.782 0.000 38.624 51.315 24.814 0.000 0.000 0.000 0.000 37.315 43.307 35.290 33.255 42.221 35.199 25.178 0.000 0.000 0.000 0.000 0.000 0.000 0.000 0.000 27.084 24.072 23.056 0.000 0.000 28.943 22.935 22.925 22.914 22.907 23.902 0.000 0.000 0.000 27.675 26.672 0.000 0.000 0.000 24.818 20.818 20.803 20.766 19.675 19.620 23.590 0.000 0.000 0.000 0.000 0.000 0.000 0.000 25.203 20.202 20.201 21.200 0.000 0.000 23.043
33.102 46.761 22.496 21.385 61.023 61.025 47.417 34.163 30.519 35.373 0.000 5.610 40.962 0.000 0.000 0.000 0.000 33.332 37.324 39.316 37.308 0.000 0.000 0.000 37.146 21.114 0.000 0.000 0.000 0.000 0.000 0.000 0.000 37.113 34.098 9.081 0.000 0.000 41.955 27.944 23.930 22.917 26.908 3.905 0.000 2.636 40.640 21.652 25.656 0.000 0.000 0.000 0.000 25.915 20.908 24.896 0.000 0.000 0.000 0.000 0.000 0.000 0.000 0.000 0.000 0.000 25.200 20.200 20.199 25.199 0.000 0.000 0.000
53.764 42.368 22.449 17.969 60.958 22.396 28.141 30.392 34.090 52.700 62.188 50.243 0.000 0.000 0.000 0.000 31.350 25.341 31.333 46.324 45.319 0.000 0.000 0.000 0.000 38.083 0.000 0.000 0.000 23.281 0.000 0.000 39.192 38.156 44.126 37.090 2.052 56.016 52.979 50.956 48.936 40.917 21.903 8.904 0.000 16.632 69.633 23.638 24.643 0.000 0.000 0.000 0.000 31.020 17.017 22.015 0.000 0.000 0.000 0.000 0.000 0.000 0.000 0.000 0.000 21.197 23.198 25.198 19.198 24.198 0.000 0.000 0.000
62.308 49.421 31.737 60.424 18.353 20.161 19.353 19.017 28.608 56.171 51.619 22.931 0.000 0.000 30.393 0.000 38.358 30.351 41.341 36.330 15.324 0.000 0.000 0.000 0.000 42.052 18.042 0.000 0.000 19.281 27.281 31.265 33.228 35.195 25.160 22.100 30.051 30.018 49.989 32.965 26.940 24.911 4.885 0.000 0.000 11.628 79.621 35.626 1.633 0.000 0.000 0.000 0.000 44.127 17.128 24.131 0.000 0.000 0.000 0.000 0.000 0.000 0.000 0.000 0.177 23.196 38.197 36.197 29.197 0.000 0.000 0.000 0.000
60.326 58.577 59.856 37.213 25.144 21.311 20.970 19.567 26.178 41.754 37.186 0.000 0.000 0.000 33.394 54.388 49.374 50.363 32.352 0.000 0.000 0.000 0.000 0.000 33.023 24.031 16.033 0.000 0.000 0.000 31.299 35.285 35.261 35.237 19.219 0.000 26.033 27.015 50.996 36.975 30.949 16.901 23.843 38.770 58.699 47.632 71.597 36.612 0.622 0.000 0.000 0.000 0.000 42.233 18.236 19.252 24.304 0.000 0.000 0.000 0.000 0.000 0.000 0.000 0.000 0.000 42.196 39.196 0.000 0.000 0.000 0.000 0.000
58.368 59.752 59.009 58.048 40.216 19.887 20.494 21.131 19.780 22.480 0.000 0.000 0.000 0.000 49.400 39.396 37.388 33.375 0.000 0.000 0.000 0.000 0.000 34.013 25.015 21.018 4.025 0.000 0.000 0.000 31.330 39.316 48.294 47.273 49.260 37.266 0.000 0.000 54.003 37.992 11.980 0.000 26.815 36.768 63.696 25.603 9.523 0.000 0.000 0.000 0.000 0.000 0.000 33.337 20.332 21.337 24.356 0.000 0.000 0.000 0.000 0.000 0.000 0.000 0.000 0.000 0.000 0.177 0.000 0.000 0.000 0.000 0.000
59.750 58.741 60.871 61.054 44.746 21.367 24.017 23.676 21.333 21.906 0.000 29.421 0.000 0.000 43.410 43.409 50.407 0.000 0.000 8.191 0.000 0.000 0.000 29.012 23.006 16.999 0.000 0.000 0.000 0.000 29.377 30.354 32.326 31.301 29.282 21.273 0.000 0.000 56.022 42.011 26.998 0.000 25.835 36.792 60.714 16.562 12.370 0.000 0.000 0.000 0.000 0.000 0.000 40.446 19.418 21.409 21.426 22.471 26.490 0.000 0.000 0.000 0.000 0.000 0.000 0.000 0.000 0.000 0.000 0.000 0.000 0.000 0.000
59.408 61.620 60.825 61.541 35.179 25.845 45.525 39.224 20.968 0.000 0.000 26.422 41.422 46.423 32.421 53.423 45.424 0.000 0.000 22.191 53.192 5.181 0.000 30.017 23.997 20.975 0.000 0.000 37.582 33.529 29.447 31.397 36.356 36.323 34.294 45.270 37.248 0.000 56.052 48.032 48.005 39.963 20.898 38.850 46.806 0.000 15.024 0.000 0.000 0.000 0.000 0.000 5.688 44.584 16.486 18.455 19.470 20.497 25.510 0.000 0.000 0.000 0.000 0.000 0.000 0.000 0.000 0.000 0.000 0.000 0.000 0.000 0.000
