results2_8e3_rain/res_3e8f-0056.wd
ncols         241
nrows         181
xllcorner     12693529.787448
yllcorner     3542525.717860
cellsize      155.156523
NODATA_value  -9999.000000
[rows 132 to 164 of 181, columns 0 to 73 of 241]
88.814 93.814 97.814 97.814 99.815 99.815 93.815 84.815 70.816 59.816 58.816 59.817 58.817 57.817 62.818 76.818 87.818 92.817 92.816 89.814 81.811 72.807 63.799 57.787 62.769 64.744 63.713 64.674 62.641 57.609 71.577 94.545 61.518 0.000 0.000 0.000 1.173 53.163 65.156 62.129 64.106 70.089 88.083 74.081 58.082 57.085 57.090 69.096 90.103 31.111 4.123 0.000 0.000 0.000 0.000 0.000 0.000 0.000 0.000 0.000 0.000 0.000 0.000 0.000 22.073 1.981 5.874 46.775 69.627 73.523 73.412 83.495 110.957 101.304
66.825 68.825 71.825 77.826 87.826 93.826 98.826 98.827 91.827 77.827 66.828 60.828 64.829 71.829 84.829 99.830 98.829 95.829 95.828 98.826 98.823 94.818 82.810 70.799 62.784 57.764 58.740 57.714 58.688 66.665 88.642 96.623 8.610 0.000 0.000 0.000 11.184 39.190 57.225 66.218 67.199 64.177 65.174 75.172 70.169 63.165 67.161 75.157 88.155 29.153 15.149 21.170 1.179 0.000 0.000 0.000 0.000 0.000 0.000 0.000 0.000 0.000 0.000 0.000 4.144 0.000 53.904 75.823 71.699 80.668 71.727 111.086 99.841 101.351
58.837 58.837 58.837 60.837 65.837 69.838 76.838 85.838 93.839 96.839 90.839 88.840 90.840 93.841 92.842 85.842 76.842 74.842 74.841 79.839 85.836 92.832 95.825 94.816 83.804 73.789 68.771 66.753 75.735 91.719 92.705 78.695 11.690 0.000 0.000 0.000 0.000 0.000 40.334 67.320 46.295 34.245 49.264 64.264 79.256 83.245 85.231 86.217 82.206 9.199 0.000 24.186 21.189 9.191 15.191 9.191 0.000 0.000 0.000 0.000 0.000 0.000 38.362 8.309 74.215 96.142 128.986 84.954 80.001 60.954 97.015 101.519 101.420 110.146
59.848 59.848 59.848 59.849 58.849 57.849 59.850 64.850 70.850 80.851 90.851 92.852 85.853 75.853 69.854 61.855 57.855 57.856 57.855 59.854 64.851 70.848 77.842 89.835 94.826 96.816 95.804 91.792 94.780 87.771 69.764 61.762 40.764 0.000 0.000 0.000 0.000 0.000 33.457 66.434 9.417 0.000 42.373 67.363 86.348 94.327 80.302 83.275 69.252 27.238 0.000 51.199 20.197 12.193 23.192 23.191 0.000 0.000 0.000 0.000 0.000 25.470 44.415 117.352 146.271 129.147 112.695 111.635 103.302 101.943 101.811 101.670 66.892 111.806
59.860 59.860 59.860 59.861 59.861 59.861 59.862 58.862 58.863 61.863 67.864 66.864 62.865 58.866 58.867 58.868 59.870 59.870 59.870 59.870 58.868 57.866 59.862 65.857 72.851 81.844 89.837 85.830 74.824 62.820 58.820 63.825 71.840 47.880 25.891 25.876 11.832 12.748 48.604 69.541 19.523 1.540 61.492 93.469 95.445 74.415 77.377 76.327 64.290 53.264 4.239 32.214 6.205 0.000 7.191 0.000 0.000 0.000 0.000 0.000 0.000 6.529 69.472 75.389 71.372 72.527 70.498 102.297 102.186 102.069 69.254 72.027 73.895 75.555
59.872 59.872 59.872 59.873 59.873 59.874 59.874 59.875 59.875 59.875 58.876 58.876 58.877 59.878 59.880 59.882 59.884 59.886 59.887 59.887 59.886 59.885 59.883 58.880 57.877 58.874 62.870 60.867 59.866 63.867 66.871 65.879 63.892 65.910 65.917 62.906 62.873 66.806 41.671 27.603 16.597 34.625 79.602 93.577 73.547 66.511 65.462 45.368 41.316 4.290 0.000 0.000 0.000 0.000 0.000 0.000 2.023 16.997 31.953 1.881 15.759 78.613 85.599 83.667 81.651 82.729 102.504 102.403 83.512 90.299 83.149 88.917 80.755 59.692
59.884 59.884 59.885 59.885 59.885 59.886 59.887 59.887 59.888 59.888 59.888 59.889 59.889 59.891 59.893 59.897 59.900 59.902 59.904 58.905 65.906 67.906 59.905 58.905 57.904 58.903 60.903 63.904 66.906 65.910 60.917 61.927 68.939 71.952 67.960 61.959 58.949 67.934 0.000 0.000 1.663 74.721 83.716 70.691 62.656 82.620 28.592 0.000 0.000 0.000 0.000 0.000 0.000 0.000 0.000 0.000 27.048 69.017 97.967 58.895 91.763 99.915 96.874 95.962 102.790 102.699 102.603 95.604 97.476 97.171 96.029 94.957 12.870 0.000
59.897 59.897 59.897 59.898 59.898 59.899 59.900 59.900 59.901 59.901 62.901 62.901 60.901 64.902 62.906 59.912 59.916 59.920 58.922 56.924 67.926 75.927 61.928 58.929 60.930 63.932 65.935 64.939 61.944 63.951 68.961 70.973 71.986 72.000 67.011 61.020 70.029 89.046 8.099 0.000 0.000 48.865 71.849 68.814 72.765 92.722 26.695 0.000 0.000 0.000 0.000 0.000 0.000 0.000 0.000 25.160 77.108 93.052 95.979 100.971 98.127 95.115 103.040 102.961 102.878 94.924 95.705 96.574 96.252 96.221 89.150 66.054 0.000 0.000
59.909 59.909 59.910 59.910 59.911 59.912 59.913 59.914 59.914 60.915 67.915 67.914 44.912 12.910 33.917 63.928 57.934 60.938 66.941 69.944 69.946 65.948 61.951 62.954 65.957 64.961 63.966 65.972 69.981 69.991 72.003 71.017 62.033 57.049 59.066 72.082 91.101 101.124 23.152 0.000 0.000 24.024 80.000 81.952 88.870 87.806 23.772 0.000 0.000 0.000 0.000 0.000 0.000 3.314 29.281 73.222 95.136 98.148 97.233 97.232 96.321 103.192 103.117 95.139 95.934 96.792 96.575 96.428 96.382 88.313 80.270 0.000 0.000 0.000
59.922 59.922 59.922 59.923 59.924 59.925 59.926 59.928 59.929 61.929 70.929 81.928 57.924 0.000 0.933 48.951 74.955 66.958 64.961 64.964 62.967 61.970 63.974 65.978 63.983 59.989 61.996 74.005 76.016 66.029 60.044 57.060 57.079 62.099 76.120 92.143 89.168 73.198 45.233 13.283 7.280 51.208 80.178 62.123 52.958 44.860 9.816 0.000 0.000 0.000 0.000 0.000 0.000 22.348 73.315 95.225 97.415 96.406 96.512 103.405 103.336 103.265 95.206 97.083 96.792 96.663 96.605 96.530 90.452 77.387 67.349 0.000 0.000 0.000
59.934 59.935 59.935 59.936 59.937 59.938 59.940 59.942 59.944 61.945 71.945 58.943 14.934 0.000 0.000 16.975 70.976 62.979 64.981 63.984 61.988 64.992 65.997 63.002 60.008 56.015 66.024 80.035 67.049 57.064 58.082 63.102 73.124 84.148 95.173 88.201 66.232 61.265 80.301 87.336 88.350 92.348 67.379 28.405 0.570 0.000 0.000 0.000 0.000 0.000 0.000 0.000 27.462 73.392 95.407 97.590 96.608 103.595 103.534 103.471 95.483 96.277 97.159 96.854 96.835 96.772 96.694 97.601 85.519 56.432 45.391 3.391 0.000 0.000
58.947 58.947 59.947 59.948 59.950 59.952 59.954 59.957 59.959 62.962 72.964 43.966 0.000 3.012 41.009 42.999 59.997 61.999 50.001 32.005 70.009 65.014 61.019 60.025 58.032 60.041 76.051 79.064 61.080 64.098 76.119 85.143 94.168 92.195 80.225 66.257 59.293 75.331 79.371 67.408 48.437 46.457 34.587 14.701 3.891 0.000 0.000 16.609 11.608 0.000 0.000 21.548 73.564 96.661 97.679 95.788 103.711 103.654 95.657 96.462 97.333 97.136 97.010 96.982 96.925 96.870 99.798 63.663 43.591 0.000 0.000 0.000 0.000 0.000
67.960 65.960 62.960 60.960 57.963 57.966 57.969 57.972 56.975 61.979 73.984 56.991 38.008 46.015 64.017 60.015 57.016 63.017 58.021 45.025 65.029 59.035 58.041 58.047 60.055 74.065 82.076 48.090 40.108 90.130 95.154 90.181 79.210 69.240 61.274 57.310 68.351 80.395 48.442 23.490 6.531 0.000 14.809 13.923 4.114 5.369 8.528 36.609 20.609 0.000 0.000 53.799 95.830 94.950 103.876 103.823 103.768 95.699 97.583 97.305 97.193 97.158 99.110 94.054 96.020 96.988 107.963 0.000 0.000 0.000 0.000 0.000 0.000 0.000
68.974 70.973 76.971 77.971 77.975 74.979 75.983 74.987 73.991 73.996 76.001 59.008 63.017 62.024 59.028 62.030 62.032 61.035 66.039 68.044 62.049 56.055 58.062 60.069 74.077 79.086 68.098 62.113 71.133 94.158 77.188 68.219 60.250 58.283 60.319 59.360 73.405 82.456 46.513 22.580 10.667 12.816 15.918 8.067 9.273 15.464 17.608 10.690 0.000 0.000 32.024 74.048 104.025 103.977 103.928 95.944 96.743 97.634 97.339 97.331 98.284 98.234 71.185 49.116 84.109 98.099 103.104 43.157 0.000 0.000 0.000 0.000 0.000 0.000
61.990 55.988 8.979 10.979 19.988 66.993 63.998 64.002 64.007 68.011 77.017 58.023 59.030 58.036 61.041 65.045 66.049 64.053 63.058 66.063 67.069 64.076 58.083 75.090 81.098 72.107 78.117 95.131 92.152 74.183 62.221 58.255 60.288 60.323 59.361 64.405 80.455 82.511 74.575 77.650 48.742 10.863 2.980 2.187 14.447 21.607 11.748 8.855 1.122 27.186 75.213 104.114 104.071 96.096 96.899 97.778 97.587 97.469 97.449 98.398 96.352 90.307 15.282 0.000 66.203 101.195 98.197 97.210 0.000 0.000 0.000 0.000 0.000 0.000
60.008 52.008 0.000 0.000 2.003 63.009 59.014 59.018 59.022 63.027 77.032 55.038 59.044 63.049 65.055 66.060 63.065 60.070 58.076 60.082 70.089 83.096 78.104 79.112 56.119 50.125 102.131 88.142 55.162 15.201 35.257 63.293 60.326 60.360 62.398 55.443 39.499 29.558 41.628 81.701 57.790 10.912 6.045 1.359 10.619 15.767 9.925 15.077 15.404 53.401 104.180 95.295 99.028 97.924 97.735 97.622 97.593 97.553 98.507 98.466 63.422 39.361 25.353 28.354 79.304 100.283 96.276 87.278 5.279 0.000 0.000 0.000 0.000 0.000
60.027 60.029 43.039 0.000 3.014 64.025 60.030 60.034 59.038 60.042 75.047 62.052 65.058 67.064 66.069 61.075 58.081 59.087 59.093 58.100 68.108 91.116 87.125 74.133 67.141 58.145 34.141 23.145 10.154 0.000 16.315 65.335 60.362 62.394 45.428 19.470 4.540 1.612 43.679 60.736 29.803 1.951 5.178 10.432 17.721 13.918 8.104 1.605 4.991 52.667 104.263 98.183 97.937 97.756 97.737 97.697 97.652 97.610 95.571 86.535 19.508 0.000 36.418 95.404 100.377 98.358 92.348 82.345 0.314 0.000 0.000 0.000 0.000 0.000
57.043 59.045 56.048 0.000 0.000 64.047 59.048 57.050 59.053 63.057 67.061 66.066 66.072 64.078 58.085 59.091 59.097 60.104 60.111 65.119 83.127 82.136 75.146 84.156 82.167 53.175 0.000 0.000 0.000 0.000 14.353 65.369 60.394 63.424 34.451 0.000 30.609 56.659 76.715 45.763 0.000 0.000 0.000 0.000 9.914 10.079 10.361 4.926 3.461 104.496 104.382 97.096 97.933 97.830 97.792 97.749 97.708 99.667 84.630 67.596 27.569 3.552 51.497 81.466 90.441 99.423 88.413 77.411 0.000 0.000 0.000 0.000 0.000 0.000
64.057 62.059 51.061 0.000 50.076 58.067 60.066 64.066 65.068 66.071 64.075 65.080 63.087 59.093 59.100 60.106 60.113 59.120 61.128 84.136 83.146 65.156 78.167 76.180 80.194 78.212 41.241 0.000 6.355 36.366 41.375 61.395 60.423 60.457 55.502 47.572 64.629 63.689 57.758 79.837 27.938 0.000 0.000 3.828 8.943 7.121 8.355 32.681 57.198 104.598 99.442 99.171 98.907 97.889 97.844 97.803 98.762 96.722 51.685 28.650 40.619 41.590 95.553 97.523 77.499 87.481 82.472 55.474 20.497 0.000 0.000 0.000 0.000 0.000
65.070 66.072 63.076 51.084 65.084 65.082 65.081 66.082 66.083 67.085 79.088 61.093 59.101 59.109 60.116 60.122 60.129 61.136 75.145 86.153 61.163 65.175 92.187 84.202 72.219 75.240 78.269 62.310 67.344 82.367 75.388 63.413 56.444 56.481 67.528 83.585 70.645 42.712 14.790 69.891 59.038 8.258 11.476 16.713 12.908 4.106 6.282 47.639 99.942 104.686 96.421 99.061 99.984 97.940 97.898 97.855 90.814 80.775 37.737 8.701 17.668 18.635 79.603 121.574 102.549 78.531 70.519 49.516 58.521 11.520 0.000 0.000 1.535 22.535
70.081 70.085 66.088 66.093 66.095 67.095 67.096 63.096 60.097 59.098 22.098 12.103 63.117 60.125 60.132 60.138 59.145 62.152 86.161 72.170 57.180 63.192 80.206 97.221 92.239 89.261 87.287 83.317 79.346 78.371 86.396 83.425 77.458 73.497 76.542 80.596 42.655 6.722 5.800 21.900 18.066 3.261 12.457 22.641 18.873 10.087 3.320 46.627 104.852 104.770 99.321 101.151 98.033 97.994 98.950 94.907 78.866 71.826 77.787 83.750 67.715 89.681 104.649 121.620 130.594 114.574 76.559 81.551 56.549 0.000 0.000 0.000 0.000 0.000
9.089 10.097 70.100 65.104 65.107 60.109 57.110 59.111 54.112 7.111 7.105 0.000 64.140 60.143 60.148 60.154 60.160 78.167 85.176 58.185 60.196 60.209 63.223 69.239 71.257 71.277 67.300 70.325 86.350 79.375 70.402 73.433 80.468 84.506 87.550 84.600 59.658 24.722 7.788 6.843 0.000 0.000 7.452 16.520 0.742 0.000 16.555 76.805 104.932 96.686 100.388 100.118 98.095 98.046 99.001 93.958 80.916 46.875 53.836 96.798 107.761 139.726 130.693 102.662 90.634 107.611 86.592 80.580 55.574 0.000 0.000 0.000 0.000 0.000
0.000 5.114 19.110 74.117 59.121 57.123 59.125 59.127 60.129 7.131 0.000 53.165 61.159 60.160 60.164 60.169 62.175 86.182 71.190 57.199 60.211 60.224 60.238 59.254 59.272 59.291 58.311 65.333 94.356 73.379 4.403 12.437 24.474 75.510 85.550 69.598 74.655 61.721 13.787 10.841 0.000 1.288 14.378 6.449 0.000 0.000 34.743 105.088 105.010 99.566 101.291 97.191 98.144 98.097 98.052 98.008 84.965 47.923 62.883 99.844 95.806 129.770 124.734 93.701 98.670 84.642 65.620 83.603 61.594 0.000 0.000 0.000 0.000 0.000
58.144 54.136 0.000 66.134 76.136 77.138 58.140 70.143 77.147 53.153 51.167 61.171 60.173 60.175 60.179 60.184 79.189 83.196 58.203 60.212 59.223 58.237 60.253 60.269 60.286 60.303 59.322 67.341 96.361 77.380 23.396 0.000 47.483 72.508 85.544 64.587 54.641 13.721 6.800 9.892 8.035 16.178 20.268 0.000 0.000 13.737 75.948 105.165 96.846 100.542 100.276 98.246 98.195 98.147 98.101 99.056 90.013 78.970 101.929 126.889 114.850 131.812 128.774 122.738 129.703 95.670 72.641 82.620 90.605 19.600 0.000 0.000 0.000 0.000
60.152 59.151 54.154 60.150 59.150 7.152 81.155 73.158 60.162 61.168 61.176 60.181 60.185 60.189 60.193 63.198 86.203 69.209 59.215 60.223 66.234 74.249 60.267 58.284 60.299 59.315 62.332 86.349 94.367 69.385 57.406 45.434 67.467 66.496 27.531 12.566 9.603 0.000 0.000 0.000 0.153 1.212 3.249 0.000 16.917 73.996 96.109 105.241 97.805 98.431 98.345 98.293 98.244 98.196 98.149 99.104 90.059 73.016 68.974 101.933 91.893 105.853 108.814 96.774 98.733 70.692 47.656 61.628 128.608 81.594 16.579 6.565 28.552 49.544
60.161 60.161 60.162 60.162 60.164 54.166 70.169 86.172 62.177 59.182 60.188 60.193 60.197 60.202 59.206 82.211 84.216 58.221 60.226 61.232 58.241 20.258 79.283 74.299 61.313 59.327 77.341 96.356 80.372 60.389 60.408 61.430 64.454 68.480 5.517 6.541 0.000 0.000 0.000 0.000 0.000 0.000 0.000 0.000 40.105 97.190 105.388 105.315 97.697 98.512 98.387 98.342 98.291 98.243 98.196 97.150 82.105 84.062 104.019 122.977 121.936 126.895 131.854 118.811 116.764 103.710 52.662 50.629 126.606 90.590 28.577 21.563 86.548 119.541
60.171 60.169 60.171 60.174 60.177 60.179 60.183 71.186 86.190 62.195 59.200 60.206 60.210 58.215 66.220 87.225 67.230 59.234 61.237 59.237 1.239 0.000 67.310 68.317 74.327 73.338 81.350 80.363 61.376 59.391 61.407 64.424 69.440 69.453 0.000 0.000 0.000 0.000 0.000 0.000 0.000 0.000 0.000 1.897 48.511 102.457 105.460 97.061 98.745 98.471 98.441 98.387 98.337 98.288 98.241 98.195 84.150 80.106 101.063 102.020 101.978 104.937 104.895 103.852 108.802 81.722 57.655 72.619 87.597 26.584 0.000 0.000 30.536 56.534
60.182 62.176 62.177 60.186 60.190 60.193 60.196 60.200 71.204 86.208 62.213 57.219 57.224 74.229 86.234 80.239 57.244 60.248 56.249 2.243 0.000 53.336 60.330 60.333 66.339 83.348 83.358 76.369 69.380 61.392 48.404 18.419 83.431 63.438 0.000 0.000 0.000 0.000 0.000 0.000 0.000 0.000 0.000 2.239 22.032 105.605 105.532 97.926 98.639 98.535 98.483 98.432 98.381 98.333 98.286 99.240 94.195 84.150 79.106 78.063 78.021 77.979 77.939 81.900 55.869 0.000 25.615 81.597 77.578 38.564 0.539 0.000 29.526 75.527
61.200 0.000 0.000 60.203 59.204 58.207 58.210 57.213 57.217 70.222 85.227 78.232 85.237 87.243 74.249 58.254 65.260 65.266 53.270 0.000 1.340 64.341 60.342 62.345 86.350 93.358 71.366 62.375 69.384 76.392 64.399 0.414 43.427 61.429 0.000 0.000 0.000 0.000 0.000 0.000 0.000 0.000 0.000 2.596 8.080 105.675 103.203 98.883 98.615 98.581 98.526 98.474 98.425 98.376 98.329 98.283 99.238 98.194 96.149 95.106 95.062 96.020 97.980 71.941 13.905 0.000 10.595 66.574 97.554 88.535 61.513 37.506 54.514 57.519
60.217 59.223 0.000 59.218 70.219 74.220 78.223 83.226 86.230 87.235 87.240 87.246 73.251 60.257 76.263 93.269 94.277 94.285 87.295 65.312 0.335 61.348 59.351 68.355 96.360 83.366 60.373 59.381 61.388 64.395 55.400 0.411 20.422 20.424 0.000 0.000 0.000 0.000 0.000 0.000 0.000 0.000 10.324 11.853 4.258 105.740 107.146 102.763 98.674 98.619 98.567 98.516 98.466 98.418 98.372 98.326 98.281 98.237 98.192 98.147 99.102 102.060 74.020 6.981 0.000 0.000 0.000 11.552 67.529 98.509 89.494 65.491 42.506 11.512
60.229 62.229 58.236 60.233 75.233 74.234 70.235 66.238 65.241 61.248 82.254 72.259 83.265 74.271 90.277 86.284 79.292 80.302 91.313 97.327 86.344 87.353 79.359 87.364 95.369 68.374 59.380 60.387 60.393 59.399 59.405 61.411 56.417 5.420 65.419 56.419 0.000 0.000 0.000 0.000 0.000 0.792 78.984 76.201 105.843 105.795 101.027 101.833 98.706 98.658 98.606 98.555 98.507 98.460 98.414 98.369 98.324 98.280 98.236 100.190 105.140 74.098 14.059 0.000 0.000 0.000 0.000 0.000 8.503 59.477 94.464 44.459 0.000 0.000
62.242 0.000 57.246 60.245 60.245 60.246 59.248 60.249 62.251 60.261 72.268 67.273 76.279 87.285 75.291 60.298 61.307 62.317 63.328 68.341 81.353 91.361 97.368 95.373 84.378 60.383 60.388 60.393 60.399 60.404 61.408 84.413 57.416 0.000 61.419 11.418 5.418 0.000 0.000 0.000 0.000 10.507 98.794 100.992 105.885 99.383 99.055 98.781 98.750 98.694 98.643 98.594 98.546 98.500 98.455 98.410 98.367 98.324 100.282 85.235 39.170 6.134 0.000 0.000 0.000 0.000 0.000 0.000 0.000 30.432 92.427 44.422 0.000 0.000
63.254 0.000 57.257 60.257 60.257 60.259 60.260 61.262 0.000 59.279 63.283 74.288 74.293 82.299 87.305 73.312 58.320 58.331 58.343 60.355 62.365 63.373 64.378 64.383 63.387 62.391 58.395 58.400 59.405 60.410 71.413 85.415 56.417 50.419 52.419 0.000 0.000 0.000 0.000 0.000 0.000 14.486 97.605 105.958 105.921 98.230 98.939 98.833 98.781 98.729 98.679 98.631 98.584 98.539 98.495 98.452 98.410 98.369 103.331 59.301 0.000 0.000 0.000 0.000 0.000 0.000 0.000 0.000 0.000 33.393 93.387 52.381 0.000 0.000
