results2_8e3_rain/res_3e8f-0071.wd
ncols         241
nrows         181
xllcorner     12693529.787448
yllcorner     3542525.717860
cellsize      155.156523
NODATA_value  -9999.000000
[rows 32 to 63 of 181, columns 74 to 147 of 241]
0.000 0.000 0.000 0.000 0.000 0.000 0.000 0.000 0.000 0.000 0.000 0.000 0.000 0.000 0.000 0.000 0.000 0.000 0.000 0.000 0.000 0.000 0.000 0.000 0.000 0.000 0.000 0.000 0.000 0.000 0.000 0.000 0.000 0.000 0.000 0.000 0.000 0.000 19.003 27.004 43.006 46.010 3.017 31.027 44.044 44.054 42.053 35.052 30.065 30.068 31.062 31.046 31.020 30.985 30.939 31.886 32.826 28.760 45.686 55.605 0.000 0.000 40.486 48.122 58.693 61.296 60.925 60.590 62.186 60.329 57.457 57.481 57.076 59.305
0.000 0.000 0.000 0.000 0.000 0.000 0.000 0.000 0.000 0.000 0.000 0.000 0.000 0.000 0.000 0.000 0.000 0.000 0.000 0.000 0.000 0.000 0.000 0.000 0.000 0.000 0.000 0.000 0.000 0.000 0.000 0.000 0.000 0.000 0.000 0.000 0.000 0.000 35.004 58.005 63.006 19.008 0.000 0.000 28.064 42.085 9.069 0.075 32.099 35.106 29.103 30.087 31.058 31.016 30.961 30.895 29.821 35.739 55.636 2.282 9.134 6.669 42.018 58.538 63.100 61.691 62.325 60.894 63.012 58.095 57.665 57.664 59.950 59.193
0.000 0.000 0.000 0.000 0.000 0.000 0.000 0.000 0.000 0.000 0.000 0.000 0.000 0.000 0.000 0.000 0.000 0.000 0.000 0.000 0.000 0.000 0.000 0.000 0.000 0.000 0.000 0.000 0.000 0.000 0.000 0.000 0.000 0.000 0.000 0.000 0.000 0.000 0.000 10.005 5.006 0.000 0.000 0.000 0.000 24.152 0.000 0.000 22.127 46.155 45.156 35.141 31.110 31.061 30.995 30.913 29.824 51.740 49.688 0.000 32.200 44.856 58.377 62.914 62.474 62.075 61.611 62.700 58.742 57.992 58.247 60.568 59.823 59.596
0.000 0.000 0.000 0.000 0.000 0.000 0.000 0.000 0.000 0.000 0.000 0.000 0.000 0.000 0.000 0.000 0.000 30.178 62.178 15.178 0.000 0.000 0.000 0.000 0.000 0.000 0.000 0.000 0.000 0.000 0.000 0.000 0.000 0.000 0.000 0.000 0.000 0.000 0.000 0.000 0.000 0.000 0.000 0.000 0.000 16.219 0.000 0.000 0.000 24.230 42.226 42.211 33.178 31.124 31.044 28.940 44.819 53.711 0.000 18.057 42.608 57.178 63.721 63.263 62.837 62.342 64.398 60.404 58.449 58.840 61.179 60.439 60.220 59.910
0.000 0.000 0.000 0.000 0.000 0.000 0.000 0.000 0.000 0.000 17.178 55.178 0.000 0.000 0.000 0.000 0.000 37.178 88.178 44.178 0.000 0.000 0.000 0.000 0.000 0.000 0.000 0.000 0.000 0.000 0.000 0.000 0.000 0.000 0.000 0.000 0.000 0.000 0.000 0.000 0.000 0.000 0.000 0.000 0.000 19.287 20.318 27.334 13.335 23.310 31.306 44.297 35.270 31.211 28.116 38.982 48.804 37.573 13.126 42.505 59.999 64.529 64.059 63.612 63.088 63.111 62.085 59.023 59.452 61.796 61.056 60.838 60.529 60.237
0.000 0.000 0.000 0.000 0.000 0.000 0.000 0.000 0.000 0.000 38.178 73.178 62.178 49.178 4.178 0.000 22.179 76.178 84.178 49.178 0.000 0.000 0.000 0.000 18.332 0.000 0.000 0.000 0.000 0.000 0.000 0.000 0.000 0.000 0.000 0.000 2.340 0.000 0.000 0.000 6.342 24.342 0.000 0.000 35.330 50.322 53.334 51.348 37.361 31.371 30.389 44.404 35.392 27.336 41.227 55.070 42.841 30.649 45.302 49.836 62.356 64.873 64.406 63.856 63.844 61.790 59.713 60.091 62.432 61.687 61.464 61.149 60.851 60.556
0.000 0.000 0.000 0.000 0.000 0.000 0.000 0.000 0.000 0.000 9.178 71.178 54.179 35.179 0.000 18.179 68.179 79.179 86.178 45.178 0.000 0.000 0.000 0.000 56.332 40.332 0.000 0.000 0.000 0.000 0.000 0.000 0.000 0.000 0.000 19.340 31.340 33.340 0.000 0.000 15.342 40.342 19.342 33.341 56.338 59.339 60.348 57.364 44.389 31.424 28.475 45.538 36.557 40.514 58.388 52.229 0.000 28.882 47.596 60.182 65.712 65.232 64.658 64.607 62.530 60.537 60.766 63.094 62.344 62.111 61.785 61.473 61.165 60.868
0.000 0.000 0.000 0.000 0.000 0.000 0.000 0.000 0.000 0.000 0.000 0.000 22.179 60.179 56.180 44.180 57.180 77.179 88.179 41.178 0.000 0.000 0.000 0.000 18.332 42.332 44.332 0.000 0.000 0.000 0.000 0.000 0.000 0.000 0.000 35.340 36.340 48.340 31.341 20.341 34.342 35.342 31.342 38.343 45.343 43.346 36.355 55.371 21.407 37.460 40.551 30.716 42.784 55.775 52.581 0.000 3.811 40.399 57.019 65.586 66.094 65.514 65.420 62.323 61.539 61.489 63.794 63.036 62.792 62.450 62.120 61.789 61.468 61.168
0.000 0.000 0.000 0.000 0.000 0.000 0.000 0.000 0.000 0.000 0.000 0.000 12.179 79.180 74.180 64.180 54.180 78.180 86.179 81.177 66.175 21.173 0.000 0.000 0.000 0.000 52.333 36.333 34.333 45.333 40.334 3.334 0.000 0.000 0.000 35.340 34.340 55.340 61.341 50.341 42.342 34.342 31.343 32.344 33.346 32.349 30.354 38.360 0.000 0.000 0.000 35.992 59.087 57.220 0.000 2.694 40.223 53.883 63.505 67.016 66.545 67.291 63.206 62.804 62.284 64.548 63.776 63.515 63.156 62.807 62.452 62.097 61.751 61.445
0.000 0.000 0.000 0.000 0.000 0.000 0.000 0.000 0.000 0.000 0.000 0.000 0.000 12.180 51.180 26.182 62.182 81.181 86.180 84.177 82.175 71.172 30.170 0.000 0.000 0.000 8.333 47.333 47.333 60.333 58.334 51.334 46.334 0.000 0.000 2.339 39.340 58.340 65.341 57.341 41.342 30.343 31.344 31.345 31.347 31.349 31.352 35.354 0.000 0.000 0.000 6.172 43.353 12.799 10.120 45.017 49.725 61.426 68.003 67.824 66.026 64.312 64.474 63.189 65.376 64.580 64.293 63.912 63.542 63.165 62.785 62.396 61.993 62.663
0.000 0.000 0.000 0.000 0.000 0.000 0.000 0.000 0.000 0.000 0.000 0.000 0.000 0.000 0.000 83.184 83.184 85.183 85.181 84.178 78.174 72.170 43.168 0.000 0.000 0.000 0.000 0.000 15.333 60.333 54.334 69.334 66.335 45.336 24.337 25.339 34.340 56.340 65.341 56.341 39.342 29.343 34.344 33.345 31.347 31.349 31.350 32.352 24.351 0.000 0.000 0.000 0.000 4.502 47.545 50.449 58.260 68.950 69.035 67.372 69.176 66.783 64.266 66.311 65.467 65.137 64.725 64.329 63.929 63.528 63.125 61.708 70.163 67.788
0.000 0.000 0.000 0.000 0.000 17.958 40.958 0.000 18.923 58.916 47.907 51.899 26.894 0.000 0.000 19.186 91.187 85.187 82.185 79.180 82.173 73.167 36.163 0.000 0.000 0.000 0.000 0.000 0.000 0.000 4.334 58.334 59.335 10.335 0.000 1.339 38.340 56.340 61.341 51.341 42.342 40.343 2.344 9.345 37.347 31.348 31.350 32.351 38.351 46.351 8.351 0.000 0.000 20.162 53.110 56.986 67.771 69.962 69.582 72.910 71.451 65.683 67.401 66.459 66.059 65.601 65.171 64.744 64.317 63.892 63.481 69.148 0.000 0.000
0.000 0.000 0.000 0.000 0.000 17.959 60.957 2.947 52.931 54.918 66.906 49.896 34.890 0.000 0.000 7.188 76.189 88.194 85.191 85.182 86.172 80.162 34.155 0.000 0.000 0.000 0.000 0.000 0.000 0.000 0.000 0.000 43.335 2.335 0.000 0.000 44.340 41.340 53.341 10.341 0.000 0.000 0.000 0.000 3.348 41.348 35.349 0.000 28.351 62.351 45.351 0.000 0.000 24.883 58.717 67.606 70.711 70.455 74.668 73.930 67.110 68.581 67.541 67.054 66.538 66.067 65.610 65.159 64.705 64.242 63.760 68.256 10.743 0.000
60.198 50.196 0.000 0.000 0.000 11.962 71.965 47.953 49.936 55.918 79.903 80.890 75.879 29.868 0.000 0.000 0.000 36.209 90.202 85.188 86.170 83.153 42.140 0.000 0.000 0.000 0.000 0.000 0.000 0.000 0.000 0.000 1.335 0.000 0.000 0.000 0.000 0.000 0.000 0.000 0.000 0.000 0.000 0.000 0.000 0.000 16.349 13.349 0.000 0.000 0.000 0.000 14.263 51.686 68.634 70.300 71.222 75.580 75.206 68.174 69.657 68.616 68.075 67.511 67.000 66.514 66.043 65.576 65.103 64.609 64.061 66.372 49.230 5.577
72.198 54.194 50.190 0.000 0.000 0.000 63.987 65.965 65.940 77.917 74.897 86.881 85.867 46.858 0.000 0.000 0.000 12.232 92.219 85.197 86.169 83.139 43.114 0.000 0.000 3.773 51.742 63.709 32.687 0.000 0.000 0.000 0.000 0.000 0.000 0.000 0.000 0.000 0.000 0.000 0.000 0.000 0.000 0.000 0.000 0.000 0.000 1.348 0.000 0.000 0.000 12.221 52.729 69.687 70.263 76.464 75.954 69.493 70.022 70.470 69.590 69.051 68.474 67.941 67.434 66.947 66.471 66.000 65.523 65.029 71.506 11.939 0.000 18.708
77.198 56.193 57.186 49.177 0.000 54.070 49.032 56.980 69.944 73.911 84.889 85.869 84.852 53.839 0.000 0.000 0.000 11.268 91.246 85.211 86.169 81.120 61.062 44.970 45.886 45.803 53.746 74.699 41.664 0.000 0.000 0.000 0.000 0.000 0.000 0.000 0.000 0.000 0.000 0.000 0.000 0.000 0.000 0.000 0.000 0.000 0.000 0.000 0.000 10.316 41.091 50.596 69.578 71.166 77.848 77.241 70.056 71.741 71.037 70.448 69.934 69.383 68.854 68.342 67.848 67.368 66.897 66.429 65.958 72.480 17.993 0.000 0.000 3.980
72.201 70.195 53.185 57.168 57.142 48.109 41.089 0.000 0.000 15.896 74.880 85.854 83.833 68.807 35.770 0.000 0.000 60.326 81.287 86.234 85.175 86.112 76.043 51.964 48.884 47.807 56.739 74.675 57.608 43.515 44.442 48.388 59.354 23.341 0.000 0.000 0.000 0.000 0.000 0.000 0.000 0.000 0.000 0.000 0.000 0.000 0.000 0.000 0.000 21.518 61.355 69.297 71.942 78.735 78.338 70.800 72.435 71.622 71.211 70.724 70.219 69.714 69.214 68.725 68.248 67.780 67.319 66.860 72.401 18.941 0.000 0.000 0.000 3.166
18.206 86.201 57.190 51.169 52.148 54.134 54.126 43.136 0.000 0.000 0.000 19.836 90.817 80.785 58.734 50.647 57.549 56.424 58.340 66.262 67.185 54.109 51.034 48.957 48.880 47.803 56.728 71.654 50.577 47.496 52.423 68.367 71.334 56.327 30.327 0.000 0.000 0.000 0.000 0.000 0.000 0.000 0.000 0.000 0.000 0.000 0.000 0.000 12.370 54.209 69.812 72.648 79.288 79.051 71.515 73.128 72.314 71.923 71.456 70.988 70.513 70.037 69.564 69.098 68.638 68.186 67.738 73.292 18.847 0.000 0.000 0.000 0.000 0.064
85.213 86.211 72.207 0.000 0.000 59.153 55.147 66.146 57.146 0.000 0.000 0.000 78.816 75.784 60.731 51.660 48.576 48.481 51.389 64.289 72.195 75.106 68.027 57.951 50.875 49.797 65.718 68.636 43.552 47.467 47.388 48.323 52.287 31.307 0.000 0.000 0.000 2.028 0.000 0.000 0.000 0.000 0.000 0.000 0.000 0.000 15.605 47.274 55.126 68.634 79.940 79.548 72.600 73.180 73.722 73.006 72.612 72.157 71.712 71.262 70.809 70.356 69.907 69.462 69.023 69.587 76.155 19.723 0.000 0.000 0.000 0.000 0.000 0.000
86.223 86.223 86.221 73.217 56.202 56.178 56.163 47.155 0.000 12.920 19.920 71.895 68.847 71.802 64.749 65.685 65.613 65.534 68.445 63.311 63.200 65.093 69.017 69.946 67.872 63.793 74.709 72.620 60.527 61.432 61.338 63.251 38.185 0.000 0.000 0.000 0.000 3.028 0.000 0.000 0.000 0.000 0.000 0.000 2.515 50.241 50.825 71.843 72.399 81.055 80.557 75.105 74.803 74.172 73.682 73.278 72.838 72.406 71.972 71.538 71.104 70.673 70.246 69.822 70.403 73.986 6.570 0.000 0.000 0.000 0.000 0.000 0.000 9.679
85.234 85.237 86.235 83.228 61.213 55.192 56.173 57.155 49.140 0.000 63.946 60.917 61.875 62.828 57.777 61.719 66.658 74.597 59.546 0.000 0.000 10.048 68.003 63.944 63.875 63.794 63.705 63.608 63.505 63.397 63.282 61.158 56.017 28.829 0.000 4.571 48.347 55.028 66.682 36.404 0.000 0.000 0.000 0.000 51.704 62.483 74.408 75.043 81.807 81.467 75.777 75.433 74.679 74.329 73.917 73.495 73.074 72.653 72.232 71.813 71.397 70.986 70.580 71.179 73.780 21.383 0.000 0.000 0.000 0.000 0.000 0.000 0.000 30.688
75.247 75.256 86.256 86.247 76.229 52.205 55.180 56.155 56.124 62.071 71.001 54.953 51.907 49.860 56.810 71.757 70.703 55.649 35.597 0.000 0.000 0.000 0.000 52.951 47.889 47.805 47.708 47.602 48.489 51.367 52.235 52.083 50.897 51.641 50.239 49.795 58.441 65.056 62.615 69.126 66.511 60.965 58.440 60.820 72.392 75.883 75.668 82.298 82.085 76.435 76.070 75.302 74.955 74.540 74.131 73.720 73.309 72.900 72.491 72.085 71.684 71.293 71.910 72.532 11.156 0.000 0.000 0.000 0.000 0.000 0.000 0.000 0.000 41.731
41.265 53.283 81.286 85.275 66.251 49.219 48.188 56.161 56.130 55.088 49.036 49.985 55.941 72.896 71.847 54.796 47.747 37.698 0.000 57.378 66.327 62.247 63.146 66.021 68.924 67.827 68.721 71.604 70.480 67.349 69.206 64.043 49.846 53.598 52.282 56.929 74.568 81.139 77.595 70.974 65.440 66.964 73.422 78.272 76.684 82.901 82.542 76.451 78.050 76.618 75.939 75.580 75.162 74.756 74.349 73.944 73.543 73.145 72.749 72.352 72.961 70.592 66.236 17.884 0.000 0.000 0.000 0.000 0.000 0.000 0.000 0.000 27.897 31.819
0.000 46.326 65.331 76.316 51.282 43.231 50.194 48.170 55.146 56.115 56.069 49.010 65.977 57.935 46.885 49.834 41.792 0.000 66.503 69.429 69.355 71.269 72.171 75.063 78.961 77.859 77.746 77.613 79.477 80.343 78.199 66.036 51.846 53.622 53.361 53.072 55.761 29.338 1.711 90.732 132.333 109.887 75.835 77.360 83.915 83.458 76.917 79.633 77.034 76.575 76.199 75.786 75.379 74.971 74.565 74.165 73.773 73.389 73.006 74.614 69.217 57.878 12.557 0.000 0.000 0.000 0.000 0.000 0.000 0.000 0.000 26.050 38.975 27.900
0.000 1.419 22.397 57.375 39.328 0.000 45.186 50.179 50.170 56.159 45.113 0.000 50.021 47.981 49.926 50.864 60.793 74.699 71.577 73.482 79.394 89.303 133.206 130.098 129.997 129.900 129.791 130.626 114.473 46.347 49.211 47.057 54.881 53.684 50.467 48.237 30.068 0.000 0.000 0.000 57.147 74.238 78.869 84.625 84.300 76.537 78.224 77.508 77.190 76.805 76.405 76.003 75.595 75.185 74.775 74.377 73.997 74.633 73.272 64.882 53.415 11.147 0.000 0.000 0.000 0.000 0.000 0.000 0.000 0.000 17.194 38.125 30.054 17.980
20.618 9.556 72.470 50.458 0.000 0.000 0.000 44.188 57.198 49.235 0.000 2.187 58.106 49.042 59.975 72.901 72.820 77.726 80.624 73.527 59.435 50.345 46.250 44.126 47.030 47.954 34.894 0.000 51.441 48.360 47.242 51.099 54.938 51.768 43.585 50.342 31.205 0.000 0.000 52.488 69.512 79.271 85.116 84.898 77.139 78.813 78.096 77.788 77.404 77.019 76.625 76.223 75.814 75.397 74.974 74.571 75.203 70.873 59.568 16.225 0.000 0.000 0.000 0.000 0.000 0.000 0.000 0.000 0.000 0.000 35.262 34.205 20.134 17.061
90.651 78.633 0.000 7.529 1.706 0.000 0.000 0.000 0.000 53.349 51.339 59.261 56.182 56.107 56.029 72.947 86.858 75.763 55.664 53.568 48.476 50.391 41.325 0.000 53.045 49.990 38.937 0.000 52.490 47.411 48.297 55.159 53.003 50.863 32.763 0.000 0.000 49.095 46.971 63.767 79.695 85.387 78.097 78.658 79.306 78.690 78.382 78.005 77.631 77.245 76.851 76.449 76.042 75.617 76.152 75.731 65.372 50.088 12.903 0.000 0.000 0.000 0.000 0.000 0.000 0.000 0.000 10.656 9.609 24.522 36.388 24.298 16.218 30.141
76.691 66.692 0.000 0.000 66.844 59.862 53.856 0.000 5.566 71.473 68.409 55.334 56.255 56.173 57.088 77.999 129.903 122.804 69.703 124.604 45.509 49.419 49.333 51.235 49.115 49.023 48.927 50.793 46.618 46.496 55.377 54.237 51.053 45.919 34.841 0.000 0.000 51.218 58.087 80.109 79.006 85.755 79.149 79.729 79.268 78.966 78.606 78.243 77.867 77.480 77.084 76.682 76.289 77.876 73.285 54.828 41.468 43.203 9.053 0.000 0.000 0.000 0.000 0.000 0.000 0.000 0.000 19.703 24.649 38.568 32.470 22.381 31.299 31.220
63.733 7.751 0.000 0.000 49.897 58.885 55.850 73.775 67.659 72.567 80.489 71.411 56.329 56.244 56.153 55.056 48.953 43.846 48.739 45.636 49.537 49.444 49.352 49.257 49.157 49.060 48.956 47.833 52.694 54.579 55.479 39.358 0.000 38.919 0.000 0.000 0.000 55.444 77.380 81.401 86.794 86.312 79.252 79.896 79.527 79.201 78.854 78.491 78.113 77.726 77.322 76.905 75.555 37.314 0.000 0.000 0.000 0.000 0.000 0.000 0.000 0.000 16.117 11.103 10.069 9.011 12.926 21.804 37.717 31.632 22.544 32.458 28.376 19.297
51.777 56.829 1.961 54.990 50.963 49.932 67.884 60.815 76.730 85.647 65.569 51.491 49.409 52.320 55.224 56.119 56.006 48.889 47.773 48.663 48.561 49.466 49.375 49.285 54.195 51.104 48.005 48.891 51.744 55.647 44.602 0.000 0.000 0.000 0.000 11.194 131.071 74.773 81.798 79.779 87.219 79.095 81.602 83.075 79.790 79.461 79.116 78.752 78.371 78.986 75.574 63.063 53.710 11.512 0.000 0.000 0.000 0.000 0.000 0.000 0.000 18.136 18.131 18.124 19.093 19.038 19.962 33.871 33.785 17.700 20.615 22.532 19.451 17.372
36.804 30.881 55.010 51.046 50.033 60.996 64.940 75.872 82.797 48.723 47.650 48.575 50.494 49.404 46.303 54.190 55.064 55.930 54.800 48.682 47.578 46.484 47.397 53.314 112.235 80.155 60.070 42.980 0.000 57.664 65.681 0.000 0.000 0.000 0.000 55.319 66.219 83.101 81.139 87.958 87.603 80.195 80.714 81.369 80.064 79.741 79.397 79.031 79.630 78.275 30.925 0.000 0.000 0.000 0.000 0.000 0.000 0.000 0.000 0.000 0.000 25.141 21.147 18.169 19.141 17.086 29.015 35.933 19.850 20.767 28.685 26.603 20.524 17.446
0.000 0.000 48.152 51.151 53.127 74.078 85.008 98.934 80.864 9.798 66.733 66.665 50.589 50.500 49.396 47.273 50.130 55.967 53.814 54.689 56.585 54.495 52.414 48.341 43.274 48.211 43.140 0.000 0.000 0.000 51.776 43.800 0.000 0.000 0.000 65.543 82.423 82.503 80.521 88.282 79.943 82.431 83.927 80.659 80.356 80.039 79.702 79.344 76.845 31.560 0.000 0.000 0.000 0.000 0.000 0.000 0.000 0.000 0.000 0.000 24.795 0.000 0.000 26.264 16.216 27.151 39.077 26.997 21.916 26.835 30.754 23.674 18.595 16.518
