results2_8e3_rain/res_3e8f-0044.wd
ncols         241
nrows         181
xllcorner     12693529.787448
yllcorner     3542525.717860
cellsize      155.156523
NODATA_value  -9999.000000
[rows 99 to 131 of 181, columns 74 to 147 of 241]
47.200 47.213 46.230 46.249 51.270 54.294 51.320 47.340 47.350 41.346 0.000 0.000 0.000 0.000 0.000 0.000 5.100 63.348 88.455 86.551 85.791 92.620 92.549 85.665 86.361 86.205 86.093 86.986 86.884 85.791 89.711 48.654 0.000 0.000 0.000 0.000 0.000 0.000 4.075 29.925 41.760 9.527 0.000 21.104 24.067 22.014 25.937 22.697 20.176 0.000 14.009 17.954 32.893 38.844 41.806 39.777 34.756 27.742 22.733 17.730 0.000 0.000 0.000 0.000 0.000 0.000 8.472 20.472 44.471 45.471 45.470 45.470 43.469 0.000
47.198 46.210 44.224 48.240 53.258 54.279 54.310 48.331 45.340 50.341 50.340 11.340 0.000 8.817 38.790 15.750 0.000 51.778 91.723 87.030 87.097 92.678 84.992 86.779 86.429 86.338 86.223 86.113 86.009 87.915 86.837 22.784 0.000 0.000 0.000 0.000 0.000 0.000 8.225 14.145 25.069 0.000 0.000 16.280 24.247 23.188 27.101 26.979 0.000 0.000 8.970 22.932 27.871 48.833 49.803 49.780 50.762 51.749 49.741 30.737 0.000 0.000 0.000 0.000 0.000 0.000 7.470 20.468 44.467 45.466 45.465 45.465 38.464 0.000
46.195 46.205 49.217 52.230 53.243 28.253 0.000 21.334 57.337 30.339 4.339 0.000 0.000 19.844 69.803 66.710 58.517 77.185 88.291 85.279 92.760 86.289 87.094 86.657 86.587 86.465 86.350 86.234 87.123 85.025 72.938 19.861 0.000 0.000 0.000 0.000 0.000 11.599 18.455 16.361 17.304 0.000 0.000 22.490 40.452 33.390 28.300 3.139 0.000 0.000 0.000 0.000 21.829 46.813 50.794 48.777 48.763 48.752 50.744 23.740 17.739 17.738 23.738 0.000 0.000 0.000 0.000 19.463 44.462 45.461 45.461 45.460 28.459 0.000
45.191 50.199 53.209 53.220 53.231 18.237 0.000 0.000 0.332 0.000 0.000 0.000 0.000 12.914 75.866 81.773 89.630 89.501 86.588 93.147 92.904 86.270 86.980 86.827 86.712 86.596 86.476 86.350 92.224 42.123 10.030 0.000 0.000 0.000 0.000 0.000 2.856 20.745 16.633 16.542 15.481 21.485 0.000 15.739 41.681 40.619 38.571 0.000 0.000 0.000 0.000 0.000 19.803 48.795 52.784 49.772 48.761 46.751 35.745 16.741 12.739 13.738 0.000 0.000 0.000 0.000 0.000 15.459 44.458 45.457 45.456 41.455 8.453 13.449
51.185 53.193 53.201 51.210 57.223 27.229 0.000 0.000 0.000 0.000 0.000 0.000 0.000 24.031 81.974 84.892 88.732 87.922 87.905 93.363 85.680 87.382 87.053 86.962 86.846 86.730 90.608 96.468 51.301 20.211 0.000 0.000 0.000 0.000 0.000 4.015 26.968 20.890 13.793 18.692 22.593 19.490 17.312 31.047 34.914 24.835 32.794 0.000 0.000 0.000 0.000 0.000 25.785 49.781 54.775 53.767 49.758 44.749 13.743 11.739 12.738 19.738 0.000 0.000 0.000 0.000 9.455 13.455 42.455 45.454 45.453 39.451 10.450 9.447
53.179 53.185 52.192 30.196 0.000 15.227 17.226 0.000 0.000 0.000 0.000 0.000 15.321 68.203 82.118 85.005 87.138 88.120 93.739 93.560 86.673 87.370 87.205 87.094 86.982 90.871 52.757 12.612 0.000 30.211 16.210 0.000 0.000 0.000 0.000 12.063 46.111 37.056 31.958 26.840 27.711 25.568 26.400 39.222 33.095 17.015 18.976 0.000 0.000 0.000 0.000 0.000 25.771 53.770 18.770 16.764 48.755 51.744 21.738 12.736 17.737 0.000 0.000 0.000 0.000 0.000 0.000 9.453 27.452 43.451 46.449 39.448 10.447 9.445
53.173 49.178 53.184 35.188 0.000 6.226 36.226 0.000 0.000 0.000 0.000 5.528 67.439 81.346 87.260 87.217 87.342 94.058 93.903 86.028 87.795 87.438 87.344 87.227 87.117 91.015 62.936 0.000 0.000 0.208 3.210 0.000 0.000 0.000 0.000 0.000 31.357 36.266 46.142 42.001 29.844 32.673 41.500 36.345 24.229 16.154 17.119 0.000 0.000 0.000 0.000 0.000 23.760 57.757 0.000 0.000 0.000 44.733 34.731 15.730 0.000 0.000 0.000 0.000 0.000 0.000 0.000 0.000 6.448 32.448 42.447 35.446 11.445 9.443
48.166 47.171 63.180 42.184 0.000 5.226 33.226 0.000 0.000 0.000 0.000 63.617 76.560 86.489 89.361 88.591 86.606 94.199 85.361 87.126 83.677 85.599 87.473 87.357 88.244 82.136 72.036 20.036 0.000 0.000 0.000 0.000 0.000 0.000 0.000 21.961 26.694 26.509 28.344 37.176 39.992 42.778 36.582 23.430 17.322 16.254 15.228 19.254 4.254 0.000 0.000 0.000 12.751 49.742 15.732 4.729 0.000 39.725 45.723 25.722 0.000 0.000 0.000 0.000 0.000 0.000 0.000 0.000 1.446 25.445 30.444 17.444 9.443 9.442
54.159 50.161 0.000 0.000 0.000 0.000 0.000 0.000 0.000 0.000 0.941 79.763 81.704 89.605 88.758 87.763 94.448 94.329 87.331 87.011 86.845 86.722 85.601 86.482 88.366 45.251 0.000 0.000 0.000 0.000 0.000 0.000 0.000 7.823 22.593 33.228 29.950 28.733 25.548 26.370 29.170 40.867 41.622 33.472 22.374 15.313 15.284 17.282 0.000 0.000 0.000 0.000 0.000 39.729 17.726 13.725 13.722 45.719 48.716 31.714 0.000 0.000 27.693 0.000 0.000 0.000 0.000 0.000 4.444 28.443 23.442 9.442 9.441 8.441
56.152 43.153 0.000 0.000 0.000 0.000 0.000 0.000 0.000 0.000 67.061 76.944 88.853 88.825 87.949 94.657 94.556 86.666 88.430 88.074 87.973 87.848 87.727 89.606 39.486 0.000 0.000 0.000 0.000 0.000 0.000 6.718 23.458 36.053 31.727 30.411 30.144 29.926 30.744 28.586 27.451 1.042 19.567 44.462 26.389 14.341 17.315 15.307 3.311 0.000 0.000 0.000 0.000 31.720 9.718 0.000 0.000 1.713 38.708 27.704 36.697 43.694 2.693 0.000 0.000 0.000 0.000 0.000 0.000 19.441 17.440 10.440 12.441 10.441
48.148 47.148 23.145 0.000 0.000 0.000 0.000 0.000 0.000 20.326 80.205 87.097 88.982 89.112 87.208 94.748 86.974 88.746 88.302 88.225 88.097 88.974 89.851 51.728 0.000 0.000 0.000 0.000 0.000 0.000 26.347 36.979 32.602 31.207 30.852 30.544 30.290 30.084 29.917 29.780 38.680 0.000 0.000 12.420 21.378 13.349 22.330 22.320 4.315 0.000 0.000 0.000 0.000 15.713 52.707 20.701 0.000 0.000 39.699 33.697 24.694 24.692 0.000 0.000 0.000 0.000 0.000 0.000 0.000 0.000 9.437 10.437 0.000 0.000
0.000 50.144 48.143 37.142 0.000 0.000 0.000 0.000 11.558 70.447 84.336 90.233 89.179 88.303 94.902 94.830 87.931 88.621 88.460 88.342 89.224 91.101 51.976 0.000 0.000 0.000 0.000 0.000 13.522 24.236 35.715 32.248 31.766 28.320 27.929 27.625 28.389 30.204 30.059 32.939 9.809 0.000 0.000 0.000 17.357 16.345 34.335 30.329 0.000 0.000 0.000 0.000 0.000 0.000 44.697 56.695 13.691 39.690 53.692 45.691 21.690 14.688 0.000 0.000 0.000 0.000 0.000 0.000 0.000 4.433 10.434 14.434 0.000 0.000
0.000 52.143 42.142 49.141 41.141 2.140 0.000 4.772 71.670 80.566 90.470 89.311 89.538 87.529 94.963 87.239 89.023 88.674 88.581 89.465 90.356 44.228 0.000 0.000 0.000 0.000 0.000 26.116 36.810 34.470 33.030 34.535 33.893 39.378 43.922 38.637 31.436 25.285 29.175 35.107 0.000 0.000 0.000 0.000 20.347 21.341 43.336 31.333 0.000 0.000 0.000 0.000 0.000 0.000 39.691 48.690 53.688 49.687 49.688 53.687 37.686 16.684 17.680 0.000 0.000 0.000 0.000 0.000 6.432 11.432 9.432 14.432 0.000 0.000
0.000 20.142 71.141 34.141 0.000 0.000 9.959 69.874 74.783 88.693 89.546 89.775 87.660 95.047 87.513 89.316 88.883 88.816 89.696 86.583 41.508 0.000 0.000 0.000 0.000 0.000 28.707 36.423 34.131 33.804 37.402 11.968 0.000 0.000 8.744 34.567 36.432 37.327 29.251 30.209 0.000 0.000 0.000 0.000 1.342 19.338 26.335 25.334 0.000 0.000 0.000 0.000 0.000 0.000 30.686 43.686 48.685 49.684 50.684 46.684 42.683 27.681 15.678 19.674 25.673 0.000 0.000 0.000 0.000 9.431 10.431 12.431 0.000 0.000
0.000 0.000 72.140 59.140 0.000 0.000 17.044 77.982 85.903 89.792 90.930 90.913 95.400 95.182 88.472 89.181 89.034 88.927 83.816 73.661 24.584 0.000 0.000 0.000 17.446 26.292 37.992 34.737 34.489 38.212 15.807 0.000 0.000 0.000 0.000 32.454 29.399 33.339 39.292 39.268 17.280 0.000 0.000 0.000 0.000 21.335 15.334 22.333 0.000 0.000 0.000 0.000 0.000 0.000 17.682 34.682 48.682 43.681 36.682 38.683 0.000 24.678 33.675 26.673 22.672 0.000 0.000 0.000 0.000 0.000 4.430 9.429 14.429 0.000
0.000 0.000 0.125 49.139 0.000 5.297 71.192 83.108 90.026 89.985 90.110 95.791 95.602 87.781 89.570 89.227 89.147 82.050 47.977 0.000 0.000 0.000 0.000 35.757 29.602 37.437 35.234 35.044 35.876 13.750 0.000 0.000 0.000 0.000 0.000 35.397 29.372 29.339 31.311 35.294 37.291 0.000 0.000 0.000 0.000 2.333 21.332 0.000 0.000 0.000 0.000 0.000 0.000 0.000 13.679 24.679 31.678 23.678 20.678 0.000 0.000 0.000 17.673 21.671 30.670 0.000 0.000 0.000 0.000 0.000 0.000 9.428 10.428 0.000
0.000 0.000 0.000 0.000 5.485 74.403 79.316 90.240 90.113 91.343 91.367 95.968 88.101 89.869 89.427 89.358 79.247 68.153 32.065 0.000 0.000 0.000 30.058 51.913 36.767 28.619 36.466 34.327 37.221 7.164 0.000 0.000 0.000 0.000 24.357 31.364 30.353 30.335 27.318 23.306 25.301 0.000 0.000 0.000 0.000 0.000 28.329 0.000 0.000 0.000 0.000 0.000 0.000 0.000 15.677 14.676 13.676 11.675 17.675 0.000 0.000 0.000 0.000 15.668 33.668 0.000 0.000 0.000 0.000 0.000 0.000 2.428 15.428 28.427
0.000 0.000 0.000 0.000 77.568 76.511 90.440 90.340 91.491 91.514 96.288 96.133 89.062 90.736 88.569 74.444 63.342 37.247 0.000 0.000 0.000 24.338 42.203 42.069 48.937 36.806 26.683 32.580 42.517 45.520 8.657 0.000 0.000 0.000 36.351 30.350 30.343 29.332 25.320 19.311 20.306 0.000 0.000 0.000 0.000 0.000 1.326 9.324 0.000 0.000 0.000 0.000 0.000 0.000 17.675 11.674 12.673 12.673 14.672 0.000 0.000 0.000 0.000 2.667 23.665 1.663 0.000 0.000 0.000 0.000 0.000 0.000 0.000 0.000
0.000 0.000 0.000 16.801 77.709 89.635 90.562 91.531 93.675 96.576 96.434 88.389 90.141 86.783 75.672 64.514 36.428 0.000 0.000 0.000 26.597 47.473 33.349 25.225 39.104 50.987 38.881 41.794 42.746 29.744 35.794 14.857 0.000 0.000 28.345 24.343 31.337 26.329 18.319 17.312 21.307 0.000 0.000 0.000 0.000 0.000 0.000 28.323 0.000 0.000 0.000 0.000 0.000 0.000 0.000 14.671 12.671 12.670 12.669 20.668 0.000 0.000 0.000 0.000 4.663 15.662 21.661 0.000 0.000 0.000 0.000 0.000 0.000 0.000
0.000 0.000 0.000 59.893 85.831 91.765 90.646 90.883 88.929 96.710 88.688 90.442 85.001 73.923 48.794 0.000 0.000 0.000 0.000 26.823 47.721 34.610 23.494 23.379 25.266 36.159 51.059 41.970 26.930 34.916 36.920 10.920 0.000 0.000 53.342 40.340 29.334 23.327 19.318 16.309 17.305 11.301 0.000 0.000 0.000 0.000 0.000 7.323 0.000 0.000 0.000 0.000 0.000 0.000 0.000 16.669 12.669 12.668 12.668 14.667 0.000 0.000 0.000 0.000 0.000 12.660 15.660 0.000 0.000 0.000 0.000 0.000 0.000 0.000
0.000 0.000 63.155 60.046 65.965 80.866 92.020 89.058 96.959 96.837 89.624 85.302 74.147 53.032 0.000 0.000 8.949 0.000 0.000 51.927 34.853 23.751 24.641 23.530 26.424 40.324 49.226 50.097 34.088 30.072 41.049 14.984 0.000 0.000 0.000 0.000 0.000 0.000 0.000 20.303 27.301 28.299 14.297 0.000 0.000 0.000 0.000 0.000 0.000 0.000 0.000 0.000 0.000 0.000 0.000 16.667 15.668 18.667 13.667 10.665 19.664 0.000 0.000 0.000 0.000 26.659 31.660 0.000 0.000 0.000 0.000 0.000 0.000 0.000
0.000 2.365 64.264 61.172 62.089 72.055 88.203 97.189 97.075 88.919 85.674 73.337 47.254 0.000 0.000 25.982 24.950 6.904 0.000 40.104 24.014 24.902 23.787 24.677 39.575 45.488 9.426 0.383 52.254 38.234 16.220 0.000 0.000 0.000 0.000 0.000 0.000 0.000 0.000 38.299 32.298 29.296 25.295 0.000 0.000 0.000 0.000 0.000 0.000 0.000 0.000 0.000 0.000 0.000 4.664 13.665 0.000 0.000 0.000 13.663 17.663 0.000 0.000 0.000 0.000 30.659 0.000 0.000 0.000 0.000 0.000 0.000 0.000 0.000
77.534 65.457 62.372 60.295 61.169 62.401 66.452 97.299 88.171 83.923 73.506 47.457 0.000 0.000 0.000 30.015 27.964 47.858 31.655 24.371 25.198 24.057 26.930 46.815 43.713 24.628 20.566 25.536 53.434 50.392 14.377 0.000 0.000 0.000 0.000 0.000 0.000 0.000 0.000 45.296 45.295 40.294 31.294 0.000 0.000 0.000 0.000 0.000 0.000 0.000 0.000 0.000 0.000 0.000 16.663 18.664 0.000 0.000 0.000 16.662 17.662 0.000 0.000 0.000 0.000 1.658 0.000 0.000 0.000 0.000 0.000 0.000 0.000 0.000
75.611 89.555 81.484 66.384 67.534 59.572 97.505 97.404 67.054 71.724 47.618 0.000 0.000 0.000 0.000 32.100 45.034 42.912 24.735 24.529 24.351 35.198 47.062 35.941 24.835 24.746 24.675 25.618 34.557 52.522 48.521 9.574 0.000 0.000 0.000 0.000 0.000 0.000 0.000 31.294 33.293 45.292 46.291 2.290 0.000 0.000 0.000 0.000 0.000 0.000 0.000 0.000 0.000 8.662 18.662 0.000 0.000 0.000 0.000 17.662 15.662 0.000 0.000 0.000 0.000 0.000 0.000 0.000 0.000 0.000 0.000 0.000 0.000 0.000
88.746 91.669 91.595 86.562 76.709 97.702 97.604 59.201 53.989 0.000 0.000 0.000 0.000 0.000 0.000 43.251 48.160 24.019 25.846 25.658 37.481 46.321 28.178 25.052 24.941 24.847 24.769 24.705 24.652 33.619 53.610 46.628 20.658 11.669 15.671 0.000 0.000 0.000 0.000 0.000 11.292 51.291 51.290 12.289 0.000 0.000 0.000 0.000 0.000 0.000 0.000 0.000 0.000 0.000 0.000 0.000 0.000 0.000 0.000 0.000 24.661 0.000 0.000 0.000 0.000 0.000 0.000 0.000 0.000 0.000 0.000 0.000 0.000 0.000
91.858 91.788 91.667 95.902 86.952 97.798 59.272 61.940 56.701 0.000 0.000 0.000 0.000 0.000 36.673 48.494 25.336 26.161 25.971 33.778 46.595 24.428 25.279 25.147 25.031 24.932 24.849 24.782 24.729 24.693 28.674 29.671 24.676 25.678 32.674 14.674 0.000 0.000 0.000 0.000 0.000 6.290 42.289 5.288 0.000 0.000 0.000 0.000 0.000 0.000 0.000 0.000 0.000 0.000 0.000 0.000 0.000 0.000 0.000 0.000 0.000 0.000 0.000 0.000 0.000 0.000 0.000 0.000 0.000 0.000 0.000 0.000 0.000 0.000
87.971 91.875 93.030 90.069 97.985 97.891 63.876 48.234 0.000 0.000 0.000 0.000 0.000 0.000 53.852 30.716 26.529 26.318 28.100 48.888 28.692 25.517 25.363 25.226 25.105 25.001 24.914 24.844 24.790 24.749 23.722 22.706 25.698 7.694 0.000 0.000 0.000 0.000 0.000 0.000 0.000 0.000 35.288 23.288 0.000 0.000 0.000 0.000 0.000 0.000 0.000 0.000 0.000 0.000 0.000 0.000 0.000 0.000 0.000 0.000 0.000 0.000 0.000 0.000 0.000 0.000 0.000 0.000 0.000 0.000 0.000 0.000 0.000 0.000
67.081 71.053 67.203 98.169 98.077 75.456 56.535 47.286 0.000 0.000 0.000 0.000 0.000 0.000 29.168 24.989 24.748 23.482 36.222 28.982 22.769 23.587 23.430 23.291 23.164 24.053 24.963 24.892 24.837 23.794 21.760 23.733 23.716 20.707 10.706 13.704 15.702 14.700 16.699 0.000 0.000 0.000 0.000 32.287 4.286 0.000 0.000 0.000 0.000 0.000 0.000 0.000 0.000 0.000 0.000 0.000 0.000 0.000 0.000 0.000 0.000 0.000 0.000 0.000 0.000 0.000 0.000 0.000 0.000 0.000 0.000 0.000 0.000 0.000
104.153 69.393 99.445 98.259 58.085 48.640 0.000 62.368 20.422 0.000 0.000 0.000 0.000 73.063 51.664 22.326 29.992 40.640 39.326 35.051 32.815 32.632 32.481 31.343 25.205 21.085 24.993 24.924 24.872 23.829 23.791 27.750 27.726 28.714 38.708 38.704 34.702 27.700 26.698 5.697 0.000 0.000 0.000 0.000 0.000 0.000 0.000 0.000 0.000 0.000 0.000 0.000 0.000 0.000 0.000 0.000 0.000 0.000 0.000 0.000 0.000 0.000 0.000 0.000 0.000 0.000 0.000 0.000 0.000 0.000 0.000 0.000 0.000 0.000
108.946 106.986 98.425 98.344 86.186 0.000 29.373 57.373 130.478 105.863 0.000 20.006 9.734 71.462 31.098 28.659 100.254 90.761 86.390 86.083 84.808 83.645 82.519 81.397 52.230 19.088 25.002 24.941 24.896 24.861 16.826 0.000 0.000 0.000 0.000 0.000 0.000 0.000 43.697 22.696 0.000 0.000 0.000 0.000 0.000 0.000 0.000 0.000 0.000 0.000 0.000 0.000 0.000 0.000 0.000 0.000 0.000 0.000 0.000 0.000 0.000 0.000 0.000 0.000 0.000 0.000 0.000 0.000 0.000 0.000 0.000 0.000 0.000 0.000
108.110 98.575 98.502 82.754 0.000 0.000 0.000 0.666 51.256 39.247 0.000 2.177 0.000 30.955 27.609 36.958 92.605 0.000 0.000 0.000 28.688 37.623 98.552 11.497 0.000 29.037 24.985 24.943 25.912 7.893 0.000 0.000 0.000 0.000 0.000 0.000 0.000 0.000 0.000 43.696 0.000 0.000 0.000 0.000 0.000 0.000 0.000 0.000 0.000 0.000 0.000 0.000 0.000 0.000 0.000 0.000 0.000 0.000 0.000 0.000 0.000 0.000 0.000 0.000 0.000 0.000 0.000 0.000 0.000 0.000 0.000 0.000 0.000 0.000
107.339 98.643 107.254 109.099 29.387 0.000 6.056 33.056 42.999 20.623 0.000 23.729 69.455 67.793 60.427 0.000 11.605 0.000 0.000 11.635 39.635 84.606 47.570 12.542 0.000 0.000 30.960 24.935 25.917 6.906 0.000 0.000 0.000 0.000 0.000 0.000 0.000 0.000 0.000 0.000 0.000 0.000 0.000 0.000 0.000 0.000 0.000 0.000 0.000 0.000 0.000 0.000 0.000 0.000 0.000 0.000 0.000 0.000 0.000 0.000 0.000 0.000 0.000 0.000 0.000 0.000 0.000 0.000 0.000 0.000 0.000 0.000 0.000 0.000
98.766 98.707 87.765 30.529 0.000 0.000 0.000 0.000 20.063 0.000 0.000 17.277 60.844 114.334 49.881 0.000 0.000 0.000 0.000 0.000 53.612 88.598 18.579 15.560 0.000 0.000 0.000 29.921 23.914 21.909 19.908 7.907 0.000 0.000 0.000 0.000 0.000 0.000 0.000 0.000 0.000 0.000 0.000 0.000 0.000 0.000 0.000 0.000 0.000 0.000 0.000 0.000 0.000 0.000 0.000 0.000 0.000 0.000 0.000 0.000 0.000 0.000 0.000 0.000 0.000 0.000 0.000 0.000 0.000 0.000 0.000 0.000 0.000 0.000
