results2_8e3_rain/res_3e8f-0132.wd
ncols         241
nrows         181
xllcorner     12693529.787448
yllcorner     3542525.717860
cellsize      155.156523
NODATA_value  -9999.000000
[rows 0 to 32 of 181, columns 146 to 218 of 241]
0.000 0.000 0.000 0.000 0.000 0.000 0.000 0.000 0.000 0.000 0.000 0.000 0.000 0.000 5.005 15.876 16.663 16.399 16.105 15.799 15.497 15.214 14.960 14.744 14.568 14.431 14.329 14.259 14.214 14.189 14.178 19.175 0.000 0.000 0.000 0.000 0.000 0.000 0.000 0.000 0.000 0.000 0.000 0.000 0.000 0.000 0.000 0.000 0.000 13.905 20.905 0.000 0.000 38.961 43.961 0.000 0.000 0.000 0.000 0.000 0.000 0.000 0.000 0.000 0.000 0.000 0.000 0.000 0.000 0.000 0.000 0.000 0.000
0.000 0.000 0.000 0.000 0.000 0.000 0.000 0.000 0.000 0.000 0.000 0.000 0.000 0.580 16.134 16.959 16.714 16.429 16.117 15.795 15.478 15.183 16.923 15.704 14.529 14.395 14.298 14.233 14.194 14.175 14.172 19.171 0.000 0.000 0.000 0.000 0.000 0.000 0.000 0.000 0.000 0.000 0.000 0.000 0.000 0.000 0.000 0.000 10.906 32.906 8.905 0.000 17.962 50.961 44.961 0.000 0.000 0.000 0.000 0.000 0.000 0.000 0.000 0.000 0.000 0.000 0.000 0.000 29.918 0.000 0.000 0.000 0.000
0.000 0.000 0.000 0.000 0.000 0.000 0.000 0.000 0.000 0.000 0.000 0.000 0.000 19.761 18.418 17.114 16.807 16.484 16.140 15.785 15.437 17.119 16.845 14.621 14.449 14.322 14.235 14.181 14.153 14.147 16.162 10.166 0.000 0.000 0.000 0.000 0.000 0.000 0.000 0.000 0.000 0.000 0.000 0.000 0.000 0.000 0.000 0.000 22.907 0.000 0.000 12.963 43.963 5.962 0.000 0.000 0.000 0.000 0.000 0.000 0.000 0.000 0.000 0.000 0.000 0.000 0.000 0.000 32.918 4.918 0.000 0.000 0.000
0.000 0.000 0.000 0.000 0.000 0.000 0.000 0.000 0.000 0.000 0.000 0.000 2.632 19.123 17.664 17.270 16.916 16.560 16.175 15.767 16.368 16.010 14.715 14.488 14.322 14.209 14.140 14.103 14.091 20.098 0.000 0.000 0.000 0.000 0.000 0.000 0.000 0.000 0.000 0.000 0.000 0.000 0.000 7.910 0.000 0.000 0.000 6.909 66.908 0.000 0.000 18.963 45.964 0.000 0.000 0.000 0.000 0.000 0.000 0.000 0.000 0.000 4.932 10.931 29.931 0.000 0.000 22.919 31.919 32.919 4.918 0.000 0.000
0.000 0.000 0.000 0.000 0.000 0.000 0.000 0.000 0.000 0.000 0.000 8.030 1.259 2.558 17.845 17.388 17.026 16.666 16.232 15.741 16.256 15.839 14.519 14.292 14.143 14.054 14.011 13.999 15.012 16.055 0.000 0.000 0.000 0.000 0.000 0.000 0.000 0.000 0.000 0.000 0.000 0.000 8.910 31.910 26.910 0.000 0.000 22.909 50.909 0.000 0.000 0.000 45.966 0.968 0.000 0.000 0.000 0.000 0.000 0.000 0.000 0.000 44.932 48.932 50.931 0.000 0.000 35.920 30.920 30.919 40.919 0.000 0.000
0.000 0.000 0.000 0.000 0.000 0.000 0.000 0.000 0.000 0.000 10.693 3.327 1.724 1.196 1.238 15.410 17.133 16.846 16.347 17.710 17.075 14.573 14.229 14.018 13.903 13.854 13.850 13.872 19.901 0.000 0.000 0.000 0.000 0.000 0.000 0.000 0.000 0.000 0.000 0.000 0.000 0.000 0.000 11.910 32.911 24.911 22.911 4.911 35.910 8.910 0.000 0.000 30.968 43.969 34.970 32.970 41.970 0.000 0.000 0.000 0.000 0.000 44.933 46.932 51.930 30.928 19.925 36.922 39.920 0.000 0.000 0.000 4.885
0.000 0.000 0.000 0.000 0.000 0.000 0.000 0.000 0.000 0.000 7.060 3.794 3.449 2.965 0.358 0.541 10.249 18.240 17.598 17.677 14.762 14.147 13.806 13.647 13.596 13.610 13.663 13.738 8.819 0.000 0.000 0.000 0.000 0.000 28.929 61.930 0.000 0.000 1.930 42.930 0.000 0.000 0.000 8.911 32.911 45.912 80.912 42.912 43.911 14.910 0.000 0.000 27.969 46.971 31.971 27.971 44.970 0.000 0.000 0.000 0.000 0.000 31.936 37.934 33.931 33.928 37.925 40.922 48.920 0.000 0.000 0.000 27.885
0.000 0.000 0.000 0.000 0.000 0.000 0.000 0.000 0.000 30.198 30.691 7.309 2.943 3.204 2.893 0.713 0.326 5.268 18.126 15.640 14.148 13.446 13.203 13.168 13.224 13.326 14.456 11.597 0.000 0.000 0.000 0.000 0.000 0.000 3.930 49.930 56.930 38.930 30.930 2.930 0.000 0.000 0.000 0.000 0.000 6.914 73.914 52.914 0.000 0.000 0.000 0.000 0.000 39.973 54.973 52.972 54.970 46.967 38.964 41.959 40.954 49.948 53.941 50.936 51.932 51.928 46.925 41.921 38.919 0.000 0.000 0.000 0.000
0.000 0.000 0.000 0.000 0.000 0.000 0.000 0.000 24.220 41.704 43.200 32.749 9.375 1.811 2.884 0.744 2.514 7.397 6.000 15.608 12.746 12.286 12.392 12.600 12.805 14.016 14.236 0.000 0.000 0.000 0.000 0.000 0.000 0.000 0.000 1.930 47.931 57.931 62.931 1.930 0.000 0.000 0.000 0.000 0.000 2.916 45.916 37.915 42.916 9.916 0.000 0.000 23.979 51.977 36.975 30.974 37.971 49.969 37.965 36.960 45.955 54.950 41.944 37.939 40.934 46.929 52.925 54.920 52.915 38.908 29.902 12.897 21.892
0.000 0.000 0.000 0.000 0.000 0.000 0.000 20.267 29.736 45.198 42.654 43.110 35.566 12.028 1.000 4.488 13.960 6.265 2.106 2.861 5.941 10.560 11.478 12.034 12.379 17.698 0.000 0.000 0.000 0.000 0.000 0.000 1.937 0.000 0.000 0.000 14.932 60.932 13.931 0.000 0.000 0.000 0.000 0.000 0.000 41.919 51.918 27.917 43.916 63.916 3.916 0.000 29.981 53.980 32.978 26.976 29.974 42.971 31.967 31.962 33.957 35.952 32.946 33.940 27.935 31.930 37.925 38.919 36.914 45.908 47.902 50.896 58.891
0.000 0.000 0.000 0.000 0.000 0.000 25.321 23.798 47.260 43.699 43.108 42.473 42.750 37.822 20.316 12.057 7.686 0.000 0.009 4.208 2.161 3.156 10.925 11.680 16.980 0.000 0.000 0.000 0.000 0.000 0.000 0.000 38.937 0.000 0.000 0.000 21.934 61.933 0.932 0.000 0.000 0.000 0.000 0.000 36.926 80.923 13.919 16.918 38.917 65.917 5.916 0.000 26.984 51.983 31.982 24.980 27.977 29.974 25.970 24.965 31.960 47.954 30.948 26.942 40.937 36.931 33.925 40.919 40.913 43.907 52.901 56.895 43.890
0.000 0.000 0.000 0.000 0.000 29.307 17.845 46.344 44.806 44.229 43.607 42.923 42.139 42.194 39.012 24.742 4.113 0.096 0.013 45.711 4.336 0.045 0.058 13.781 9.881 0.000 0.000 0.000 0.000 0.000 0.000 0.000 34.937 29.938 38.937 50.937 54.936 44.935 0.000 0.000 0.000 35.936 50.935 55.933 79.930 35.928 0.000 0.000 40.917 28.917 0.000 0.000 29.989 56.988 43.986 27.984 75.981 103.977 52.973 28.968 44.963 91.957 43.951 20.945 85.938 58.932 33.926 40.919 42.913 32.906 41.900 54.894 37.888
0.000 0.000 0.000 0.000 0.000 18.768 40.407 46.928 45.390 44.805 44.170 43.472 42.690 41.800 41.805 40.742 29.956 4.667 50.330 47.415 0.204 0.086 0.030 0.033 0.000 0.000 0.000 0.000 0.000 0.000 0.000 33.937 29.938 34.938 48.938 58.938 42.937 29.937 0.000 0.000 0.000 44.937 43.936 39.934 78.932 38.931 0.000 0.000 19.918 11.918 0.000 22.998 50.995 52.993 46.991 34.989 33.986 66.982 107.978 45.973 38.967 95.961 46.954 20.947 92.940 62.933 25.926 27.920 33.913 24.906 38.899 37.893 25.887
0.000 0.000 0.000 0.000 23.212 33.591 49.087 46.571 46.020 45.430 44.794 44.104 43.348 42.527 41.584 40.855 39.723 52.082 51.749 0.682 0.285 9.392 0.000 0.000 0.000 0.000 0.000 0.000 0.000 49.934 52.935 34.937 33.938 48.939 58.939 44.940 27.938 29.938 29.940 27.942 25.942 37.940 40.938 50.936 90.934 24.932 0.000 0.000 56.919 6.919 0.000 20.001 50.000 49.998 36.997 28.995 24.992 34.988 31.983 71.978 102.971 119.965 100.957 89.950 115.942 109.935 100.927 46.920 26.913 43.906 38.899 27.892 22.886
0.000 0.000 0.000 24.341 33.832 51.299 47.779 47.248 46.691 46.102 45.474 44.800 44.089 43.266 42.734 40.389 52.107 52.108 36.276 18.632 5.809 0.000 0.000 0.000 0.000 0.000 0.000 0.000 35.931 2.933 0.000 13.938 51.939 55.940 47.941 32.943 0.000 0.000 0.000 31.945 27.944 37.942 36.940 59.938 56.937 0.000 0.000 0.000 59.920 5.920 0.000 18.005 48.005 60.004 39.003 45.002 67.999 44.995 26.990 50.984 73.977 107.969 73.961 53.953 101.945 91.937 66.929 35.921 21.913 92.906 60.898 32.891 22.884
0.000 0.000 0.000 29.851 49.475 48.994 48.482 47.950 47.394 46.812 47.196 46.556 44.817 44.411 41.856 52.141 52.109 39.817 41.447 39.108 23.086 4.084 0.000 0.000 0.000 0.000 0.000 37.930 6.930 0.000 0.000 0.000 19.940 51.941 29.943 27.948 33.953 0.000 0.000 32.948 30.947 36.945 37.942 59.940 55.938 0.000 0.000 19.923 66.922 2.921 0.000 20.010 51.011 54.011 35.011 35.010 81.007 116.003 64.997 32.991 48.983 95.974 55.965 22.956 88.947 75.939 33.930 25.921 18.913 99.905 63.898 35.890 36.883
0.000 0.000 30.389 47.736 51.224 49.720 49.205 48.675 48.126 48.551 46.963 46.282 45.962 43.413 52.500 52.256 41.283 42.131 41.159 31.547 12.313 0.000 0.000 0.000 0.000 0.000 0.000 33.930 7.930 0.000 0.000 0.000 0.000 0.000 0.000 32.953 29.958 28.961 30.959 32.954 28.950 36.948 38.945 50.941 46.938 8.933 27.929 60.925 11.924 0.000 0.000 20.015 47.016 53.018 39.020 24.020 26.018 51.013 38.007 19.999 37.990 92.980 48.970 14.960 85.950 70.940 28.931 24.922 20.914 98.905 63.897 35.889 26.881
0.000 29.607 43.041 52.482 50.963 50.456 49.944 49.421 49.878 49.328 47.689 47.420 44.876 53.357 52.876 42.885 43.900 41.790 29.016 0.000 0.000 0.000 0.000 0.000 0.000 0.000 0.000 0.000 7.930 0.000 0.000 0.000 0.000 0.000 0.000 0.000 36.965 46.965 57.963 45.959 34.953 38.951 35.948 40.944 33.938 52.932 70.928 58.925 4.924 0.000 0.000 19.018 45.022 50.026 56.031 54.033 42.030 32.025 45.018 77.008 95.998 116.987 96.975 79.964 113.953 106.942 88.932 48.923 21.914 96.905 68.896 40.888 27.880
26.634 38.174 52.687 52.187 51.692 51.197 50.696 51.181 50.662 49.057 48.826 46.297 54.512 53.911 44.402 45.575 46.532 24.762 0.000 0.000 0.000 0.000 0.000 0.000 0.000 0.000 0.000 0.000 0.000 0.000 0.000 0.000 0.000 0.000 0.000 0.000 34.973 38.972 56.969 15.964 0.000 45.955 36.952 39.948 35.939 23.931 42.927 57.924 44.922 3.921 0.000 0.000 10.028 53.033 55.047 48.049 36.046 45.039 96.030 87.020 68.007 68.994 69.980 69.967 69.955 70.944 72.933 43.923 23.914 95.905 71.896 34.887 28.879
30.093 53.767 53.344 52.888 52.420 51.944 51.458 50.970 50.397 50.200 47.689 55.786 55.140 45.813 47.062 46.086 41.619 1.153 0.000 0.000 0.000 0.000 0.000 0.000 0.000 0.000 0.000 0.000 0.000 0.000 0.000 0.000 0.000 0.000 0.000 0.000 35.983 46.981 30.979 0.000 0.000 42.961 39.959 6.956 0.000 27.926 41.924 56.922 53.921 22.920 0.000 0.000 0.000 0.000 22.073 37.071 21.065 82.056 83.045 32.033 38.018 80.001 50.985 22.970 68.956 58.944 38.934 36.924 27.914 95.905 66.895 23.886 24.878
47.880 55.457 54.036 53.601 53.156 53.699 52.244 51.707 51.547 49.060 57.101 56.440 46.133 48.415 47.440 47.851 17.226 0.000 0.000 0.000 0.000 0.000 0.000 0.000 0.000 0.000 0.000 0.000 0.000 0.000 0.000 0.000 0.000 0.000 0.000 3.000 55.994 53.990 57.987 54.985 50.979 50.971 44.966 3.963 0.000 27.923 40.921 58.919 65.919 28.919 0.000 0.000 0.000 0.000 16.103 29.096 49.087 96.075 59.063 19.048 87.030 88.009 36.989 23.971 44.956 100.944 59.934 27.924 27.915 90.905 108.895 95.883 100.871
57.547 55.145 54.740 54.326 53.899 55.476 52.974 52.860 50.410 58.435 57.765 41.389 45.628 49.714 46.209 23.520 0.000 0.000 0.000 0.000 0.000 0.000 0.000 0.000 0.000 0.000 0.000 0.000 0.000 0.000 0.000 0.000 0.000 0.000 0.000 55.007 54.003 54.998 56.993 55.988 53.983 54.976 47.971 2.967 0.000 28.923 40.917 63.914 36.916 0.000 0.000 0.000 0.000 14.159 44.139 23.124 88.111 82.097 26.082 82.066 95.047 44.016 31.991 34.969 29.954 60.943 99.933 56.924 19.915 90.906 93.896 67.881 9.865
48.200 54.837 55.455 55.059 54.663 54.191 54.119 51.707 59.732 59.107 24.578 29.783 32.701 51.388 35.028 0.000 0.000 0.000 0.000 0.000 0.000 0.000 0.000 44.817 33.817 0.000 0.000 0.000 0.000 0.000 0.000 0.000 0.000 0.000 0.000 32.018 26.013 29.006 33.000 27.993 26.987 25.981 27.974 31.967 25.955 18.930 33.912 12.903 0.000 0.000 0.000 0.000 0.000 16.181 39.168 30.153 31.136 31.119 23.102 44.088 45.077 0.000 0.000 5.959 35.949 28.940 50.932 43.924 25.917 58.908 6.902 0.000 4.853
26.889 42.547 55.182 57.814 55.363 55.320 52.913 60.806 60.311 33.614 0.000 43.097 0.000 54.984 23.507 0.000 0.000 0.000 0.000 0.000 0.000 0.000 0.000 51.818 45.817 0.000 0.000 0.000 0.000 0.000 0.000 0.000 0.000 18.089 0.000 33.033 29.025 29.015 29.006 28.999 28.992 28.985 28.979 30.973 8.967 0.000 3.897 34.883 4.870 0.000 0.000 0.000 17.231 48.214 36.200 35.183 27.161 28.140 28.122 26.105 40.096 0.081 0.000 0.000 6.943 31.938 26.929 39.924 38.921 0.000 0.000 0.000 4.846
18.623 26.278 48.932 53.517 56.485 54.035 61.542 61.215 40.460 16.272 0.000 59.725 57.630 44.066 0.000 0.000 0.000 0.000 0.000 0.000 0.000 0.000 54.828 60.821 31.815 0.000 0.000 0.000 0.000 0.000 0.000 0.000 0.000 35.089 33.078 30.057 29.040 26.022 30.011 30.004 29.996 29.990 29.983 32.978 5.975 0.000 0.000 32.862 32.857 2.850 0.000 0.000 2.248 35.246 28.236 27.217 26.186 26.160 26.138 26.116 27.106 36.105 0.000 0.000 0.000 0.000 32.925 35.923 33.921 0.000 0.000 0.000 28.842
22.378 33.022 37.656 35.565 47.132 61.913 61.774 45.409 24.181 17.689 0.000 39.422 52.102 25.584 0.000 0.000 0.000 0.000 42.897 48.892 40.881 38.858 47.836 40.821 30.808 0.000 0.000 0.000 0.000 0.000 0.000 0.000 0.000 33.100 30.090 29.075 3.057 0.000 35.014 29.008 29.001 28.993 28.987 29.982 3.978 0.000 0.000 33.846 32.845 3.844 0.000 0.000 32.267 28.286 28.283 28.262 27.208 27.174 31.156 0.000 0.000 1.104 0.000 0.000 0.000 0.000 32.922 27.921 27.920 28.920 0.000 0.840 30.840
34.095 47.745 23.472 22.353 61.962 61.963 48.368 35.105 31.451 36.298 0.000 6.441 41.772 0.000 0.000 0.000 0.000 38.909 42.903 44.898 42.893 0.000 0.000 0.000 42.787 26.767 0.000 0.000 0.000 0.000 0.000 0.000 1.140 43.120 40.108 15.095 0.000 0.000 48.022 34.015 30.006 28.996 32.989 9.986 0.000 8.820 46.823 27.831 31.835 3.837 0.000 0.000 0.000 33.348 28.346 32.341 0.000 0.000 0.000 0.000 0.000 0.000 0.000 0.000 0.000 0.000 32.920 27.920 27.920 32.919 0.000 0.000 4.839
54.778 43.373 23.446 18.956 61.911 23.377 29.112 31.352 35.039 53.637 63.107 51.130 0.000 0.000 0.000 0.000 36.921 30.915 36.909 51.903 50.899 0.000 0.000 0.000 0.000 43.746 0.000 0.000 0.000 29.223 0.000 0.000 45.161 44.143 50.125 43.103 8.082 62.061 59.038 57.024 55.010 46.997 27.988 14.987 0.000 22.817 75.818 29.822 30.826 4.831 0.000 0.000 0.000 38.413 24.414 29.416 0.472 0.000 0.000 0.000 0.000 0.000 0.000 0.000 0.000 28.918 30.919 32.919 26.919 31.919 0.000 0.000 1.839
63.342 50.448 32.757 61.438 19.366 21.164 20.344 19.997 29.575 57.124 52.553 23.841 0.000 0.000 35.937 1.934 43.927 35.921 46.914 41.907 20.903 0.000 0.000 0.000 0.000 47.726 23.720 0.000 0.000 25.223 33.224 37.213 39.188 41.168 31.147 28.111 36.082 36.063 56.046 39.031 33.015 30.995 10.978 0.000 0.000 17.813 85.809 41.813 7.817 0.000 0.000 0.000 0.000 51.477 24.479 31.488 3.517 0.000 0.000 0.000 0.000 0.000 0.000 0.000 7.917 30.918 45.918 43.918 36.918 0.000 0.000 0.000 2.839
61.379 59.626 60.937 38.261 26.178 22.334 21.981 20.567 27.166 42.727 38.140 0.000 0.000 0.000 38.940 59.938 54.933 55.927 37.920 0.000 0.000 0.000 0.000 0.000 38.707 29.713 21.714 0.000 0.000 0.000 37.236 41.226 41.210 41.195 25.184 0.000 32.072 33.063 57.053 43.040 37.023 22.990 29.952 44.905 64.858 53.814 77.792 42.805 6.811 0.000 0.000 0.000 0.000 49.540 25.538 26.541 31.551 0.000 0.000 0.000 0.000 0.000 0.000 0.000 0.000 0.917 49.917 46.918 0.000 0.000 0.000 0.000 0.000
59.439 60.856 60.087 59.113 41.270 20.930 21.526 22.151 20.790 23.479 0.000 0.000 0.000 0.000 54.946 44.944 42.941 38.934 0.000 0.000 0.000 0.000 0.000 39.701 30.702 26.704 9.708 0.000 0.000 0.000 37.257 45.247 54.232 53.218 55.209 43.212 0.000 1.063 60.063 44.055 18.046 0.000 32.935 42.904 69.856 31.793 15.739 0.000 0.000 0.000 0.000 0.000 2.637 40.605 27.591 28.588 31.594 4.614 0.000 0.000 0.000 0.000 0.000 0.000 0.000 0.000 6.917 7.917 0.000 0.000 0.000 0.000 0.000
60.856 59.841 61.963 62.137 45.819 22.430 25.069 24.718 22.363 22.921 0.000 34.960 0.000 0.957 48.953 48.953 55.952 0.000 0.000 13.815 1.815 0.000 0.000 34.700 28.696 22.692 0.000 0.000 0.000 0.000 35.288 36.272 38.254 37.236 35.223 27.215 0.000 0.000 62.081 48.071 33.060 0.000 31.949 42.921 66.869 22.765 18.632 1.521 0.000 0.000 0.000 0.000 2.669 47.652 26.636 28.624 28.624 29.634 33.648 5.653 0.000 0.000 0.000 0.000 0.000 0.000 0.000 0.000 0.000 0.000 0.000 0.000 0.000
60.528 62.735 61.934 62.643 36.272 26.929 46.599 40.288 22.023 0.002 0.000 31.960 46.960 51.960 37.960 58.962 50.963 0.000 0.000 27.815 58.815 10.809 0.000 35.703 29.690 26.676 0.000 0.000 43.423 39.388 35.335 37.301 42.275 42.251 40.231 51.210 43.182 3.149 62.111 54.086 54.064 46.035 26.992 44.961 52.935 0.000 21.444 4.382 0.000 0.000 0.000 0.000 12.718 51.698 23.677 25.648 26.645 27.651 32.657 4.658 0.000 0.000 0.000 0.000 0.000 0.000 0.000 0.000 0.000 0.000 0.000 0.000 0.000
