results2_8e3_rain/res_3e8f-0101.wd
ncols         241
nrows         181
xllcorner     12693529.787448
yllcorner     3542525.717860
cellsize      155.156523
NODATA_value  -9999.000000
[rows 33 to 65 of 181, columns 146 to 218 of 241]
61.737 60.967 60.710 61.368 28.051 39.747 61.461 55.180 33.808 0.000 0.000 21.928 0.000 2.935 18.940 43.955 30.957 0.000 0.000 0.000 35.600 43.570 1.483 28.357 20.301 21.230 25.114 33.996 51.866 42.770 37.679 32.606 33.545 33.492 32.444 31.397 30.344 38.264 48.175 40.121 40.073 38.020 16.960 30.905 38.838 0.000 8.257 12.996 36.789 34.598 39.410 49.221 42.024 36.822 0.000 0.000 19.394 19.462 26.422 4.422 0.000 0.000 0.000 0.000 0.000 0.000 0.000 0.000 0.000 0.000 0.000 0.000 0.000
61.637 61.397 61.067 61.757 39.457 57.178 59.935 53.763 0.000 0.000 0.000 23.928 0.000 0.000 0.000 27.990 27.983 35.976 0.000 48.707 36.641 23.574 32.489 23.391 21.308 21.219 20.116 22.008 49.898 47.800 47.712 49.634 42.567 44.507 43.451 43.397 43.340 44.274 48.208 46.153 47.106 42.061 19.021 17.994 0.000 0.000 5.056 18.941 26.775 21.595 27.412 40.231 40.059 37.959 0.000 0.000 0.000 24.658 0.000 0.000 0.000 0.000 0.000 0.000 0.000 27.094 26.097 28.099 18.101 21.102 0.000 0.000 0.000
62.062 61.739 61.433 61.132 60.843 61.574 53.338 40.174 0.000 0.000 0.000 0.000 0.000 0.000 0.000 25.032 22.011 34.968 39.886 31.774 40.683 38.597 19.506 20.411 21.318 21.224 33.124 37.022 40.920 33.823 30.733 40.653 14.582 21.518 16.458 16.401 16.344 19.286 45.229 34.179 32.136 34.098 19.069 21.055 1.076 0.000 14.971 71.938 0.000 0.000 0.000 0.000 41.024 39.997 0.000 0.000 0.000 21.854 18.944 20.993 19.025 27.045 33.060 25.071 47.082 54.092 52.097 37.100 17.102 16.104 20.105 0.000 0.000
62.400 62.095 61.791 61.494 62.208 56.936 38.669 29.422 38.422 0.000 0.000 0.000 0.000 0.000 0.000 22.096 21.061 24.001 19.917 30.818 33.721 36.625 25.527 20.429 20.332 20.234 45.135 51.036 32.936 26.837 26.745 27.662 24.590 24.524 24.463 25.405 28.350 25.296 46.245 38.199 36.160 36.127 18.104 32.092 58.097 0.000 6.919 59.902 0.000 0.000 0.000 0.000 41.015 39.008 17.009 22.006 19.993 17.960 17.984 18.013 17.035 24.052 31.064 18.073 36.083 54.095 50.100 30.103 15.105 15.106 20.106 0.000 0.000
62.754 62.445 62.142 61.846 58.560 44.294 32.982 0.000 0.000 0.000 0.000 26.864 0.000 0.000 0.000 21.195 22.136 22.056 20.963 20.861 26.758 19.654 19.550 21.447 20.345 19.246 43.148 40.051 47.952 51.847 50.747 45.663 41.591 43.525 39.465 43.408 43.354 44.303 48.255 46.213 47.177 43.148 18.127 30.115 52.111 0.000 1.884 62.850 0.000 0.000 0.000 0.000 38.014 41.013 20.014 18.016 18.014 18.010 18.021 18.038 17.053 24.064 33.071 0.000 0.000 12.104 55.106 31.107 15.108 15.109 19.109 0.000 0.000
63.102 62.789 62.485 62.187 51.891 33.698 0.000 0.000 0.000 0.000 24.904 27.864 40.790 40.683 28.542 21.354 21.233 22.126 22.018 20.907 19.795 20.683 20.572 20.463 19.357 28.256 47.159 26.067 39.974 16.851 49.733 39.653 38.585 38.523 35.464 40.408 41.355 41.306 48.261 46.221 43.188 43.160 18.140 32.128 51.123 0.000 0.000 55.763 0.000 0.000 0.000 0.000 42.014 41.015 17.019 19.029 18.037 19.044 19.054 19.064 20.074 28.081 8.086 0.000 0.000 13.113 55.113 36.113 23.112 17.112 20.112 0.000 0.000
63.443 63.122 63.824 56.527 44.120 33.909 0.000 0.000 0.000 0.000 21.944 38.900 32.822 21.717 23.589 23.445 21.317 20.196 22.076 20.955 21.833 21.711 21.592 20.476 20.365 40.262 40.167 40.085 40.027 0.000 21.681 19.630 20.574 20.517 21.460 25.405 28.354 26.306 46.262 40.224 34.192 36.166 19.147 31.135 50.130 0.000 0.000 28.677 19.643 0.000 0.000 0.000 36.014 19.014 0.000 14.045 20.061 24.076 31.086 31.092 31.097 33.102 5.105 0.000 0.000 61.121 54.120 56.119 44.117 19.116 20.115 0.000 0.000
63.765 63.433 63.162 48.977 0.736 0.000 0.000 0.000 0.000 0.214 38.028 32.969 22.882 23.775 23.653 23.522 23.393 21.264 20.136 20.004 21.871 20.738 20.608 19.483 21.367 36.259 27.162 36.080 37.021 0.000 0.000 35.611 34.566 34.511 34.454 36.400 36.349 37.301 49.259 45.221 40.190 42.165 18.147 27.136 55.131 0.000 0.000 87.626 56.609 23.584 10.572 0.000 0.000 0.000 0.000 0.000 17.088 26.114 30.122 29.123 32.121 34.124 20.128 25.138 41.138 56.132 54.128 54.125 42.122 19.120 19.118 0.000 0.000
64.050 64.681 56.415 39.273 0.000 0.000 0.000 0.000 0.000 45.293 39.169 23.067 23.962 23.848 23.726 23.598 23.467 23.334 20.198 21.056 20.909 20.762 21.619 20.483 20.359 23.246 28.144 40.050 26.958 38.837 43.734 36.638 45.568 35.506 36.447 39.391 38.340 37.292 47.250 43.213 31.182 30.157 19.140 26.131 55.128 0.000 0.000 78.593 68.583 45.570 14.562 0.000 0.000 0.000 0.000 0.000 0.000 37.171 29.165 23.157 20.141 35.145 22.146 24.148 32.145 53.140 55.136 53.131 39.127 19.123 16.120 20.116 14.114
72.258 69.828 42.544 32.428 0.000 0.000 0.000 23.668 37.580 38.421 32.288 27.168 24.051 23.930 23.805 23.677 22.544 25.408 30.265 26.112 20.948 21.783 20.623 20.473 20.340 20.223 27.117 28.019 25.922 32.821 31.726 26.639 38.564 18.498 26.436 33.379 32.327 26.279 45.236 38.199 18.167 17.143 20.126 22.119 26.123 0.000 0.000 56.569 36.562 73.552 59.543 0.000 0.000 47.380 21.360 19.329 19.290 21.235 32.211 26.198 0.000 47.169 35.165 31.161 29.156 40.149 56.143 48.137 31.132 20.126 16.121 23.117 47.111
0.000 0.000 21.505 39.467 0.000 0.000 25.848 35.756 49.652 33.522 32.393 32.267 25.143 24.017 23.889 23.759 30.626 38.489 39.344 31.180 25.988 20.799 19.617 20.444 24.306 21.189 20.084 18.987 24.892 25.799 24.710 25.628 27.553 20.485 26.422 31.364 33.310 29.261 45.217 39.179 21.146 20.121 20.103 16.094 0.000 0.000 0.000 12.551 31.546 31.534 65.514 80.477 73.441 41.401 27.370 28.339 28.305 31.269 53.244 71.228 80.220 79.198 81.185 80.176 74.167 68.159 60.151 43.144 26.136 17.130 18.123 31.117 50.111
13.638 0.000 0.000 0.000 0.000 0.000 28.940 48.858 40.748 43.624 40.495 30.366 23.237 24.106 23.975 34.843 39.712 35.579 30.440 27.278 30.025 24.809 24.603 20.382 25.250 19.142 20.045 20.951 19.861 19.773 19.689 19.609 18.535 19.466 19.403 23.343 29.289 28.238 46.193 40.153 19.119 20.092 20.072 19.062 0.000 0.000 0.000 16.541 42.535 31.524 33.505 48.476 59.445 69.412 71.382 77.352 80.322 80.293 79.269 75.250 66.234 64.217 66.202 69.190 71.179 72.168 70.159 74.150 66.141 33.133 20.126 39.118 56.112
52.422 9.545 0.000 0.000 0.000 30.271 46.115 38.986 30.860 38.730 42.598 43.465 33.331 22.197 32.062 40.929 30.799 22.675 22.560 24.466 0.000 0.000 0.000 17.233 21.168 23.087 23.001 19.914 19.828 20.744 19.662 19.585 19.512 20.443 19.379 19.319 19.263 22.211 39.164 38.122 20.085 20.055 20.032 21.019 22.019 0.000 0.000 15.535 33.531 34.522 46.504 33.479 13.450 17.422 53.394 77.366 61.339 56.313 59.290 52.270 38.251 27.234 18.217 16.203 17.190 27.178 25.166 20.156 59.146 74.137 52.128 50.120 54.112
0.000 23.668 1.304 0.000 29.610 39.428 46.261 30.114 32.974 30.838 28.702 36.566 41.427 36.288 40.148 29.011 22.880 23.762 23.658 31.562 0.000 0.000 0.000 14.149 23.104 34.036 34.958 29.875 25.793 27.712 23.633 22.557 20.485 19.417 19.352 20.291 19.233 19.180 22.130 31.085 19.045 19.010 19.983 18.964 0.000 0.000 0.000 0.000 0.000 48.530 32.512 17.485 31.457 33.430 79.406 60.380 43.354 25.330 16.308 17.287 18.268 19.249 19.231 19.215 18.200 16.187 15.174 16.162 24.151 61.140 69.130 54.120 53.112
0.000 9.889 32.481 34.125 32.793 47.570 32.390 26.232 28.087 26.946 23.807 22.668 37.525 44.380 47.231 35.085 24.950 21.837 29.747 0.000 0.000 0.000 0.000 17.110 27.064 33.996 34.919 34.838 36.757 44.677 42.600 38.526 36.455 32.387 26.321 21.259 19.200 20.145 19.092 24.044 16.999 17.960 18.924 20.891 41.847 0.000 0.000 0.000 10.592 52.557 12.528 21.491 12.462 51.438 69.421 29.394 17.368 19.346 19.325 19.304 19.284 19.264 16.245 16.227 15.210 16.195 16.181 16.167 32.155 47.143 20.131 80.120 52.110
0.000 9.518 32.332 25.100 43.867 43.668 38.496 29.340 23.194 24.053 24.914 35.772 38.627 30.474 33.313 42.150 42.999 32.888 0.000 0.000 0.000 0.000 22.189 28.119 32.044 30.965 31.884 31.801 29.720 36.641 37.565 37.492 38.422 35.354 34.288 35.225 26.164 21.106 22.051 18.999 19.950 18.905 17.864 19.830 34.803 0.000 0.000 0.000 10.627 54.579 16.554 0.000 0.000 0.000 36.447 18.406 19.378 17.361 17.343 17.322 16.300 15.278 16.257 16.237 15.219 16.202 15.187 14.173 17.160 13.147 9.133 73.120 82.106
0.000 6.332 26.231 36.078 45.907 36.741 36.585 38.437 36.296 27.159 33.022 41.882 30.735 23.576 22.398 28.202 38.008 44.827 8.656 0.373 25.610 25.450 20.260 29.132 34.029 34.938 30.850 30.763 22.681 19.603 19.528 19.456 18.386 16.319 23.253 37.189 36.126 35.066 30.007 20.951 18.897 19.846 18.799 18.760 19.733 0.000 0.000 0.000 25.710 0.000 0.000 0.000 0.000 0.000 15.515 0.000 0.000 15.378 14.363 14.341 15.316 17.291 17.268 17.247 16.227 16.209 14.192 14.177 15.164 3.154 0.000 0.000 76.095
0.000 5.247 29.182 48.073 38.942 35.804 35.665 36.529 35.396 37.263 42.133 31.000 24.857 24.696 24.501 23.253 24.005 29.757 46.504 44.150 22.758 21.480 20.270 21.119 33.004 30.906 41.815 29.721 22.637 20.561 21.488 20.418 25.349 33.282 29.216 23.151 29.087 39.024 35.961 34.900 25.841 18.783 18.727 19.676 17.638 0.000 0.000 25.802 13.793 0.000 0.000 27.643 22.643 21.623 13.582 0.000 0.000 20.411 17.390 17.362 17.333 17.304 17.278 17.255 17.234 17.214 17.196 16.179 17.165 19.152 9.141 0.000 18.090
0.000 18.228 43.177 39.091 27.984 32.867 37.744 32.619 38.493 44.367 36.247 24.126 22.998 24.852 24.657 28.303 29.000 22.694 33.453 29.181 25.793 22.442 19.222 26.072 29.960 31.870 22.784 49.668 37.588 27.515 19.446 25.378 44.311 54.245 47.179 24.113 26.047 28.981 32.915 37.849 35.783 31.717 20.651 17.581 24.504 30.406 0.000 0.836 21.868 0.000 0.000 0.000 17.664 17.643 17.610 22.578 21.529 17.465 16.423 17.387 17.348 17.314 17.286 17.262 17.239 17.218 17.199 17.181 16.164 16.148 17.131 20.110 16.092
5.301 39.261 45.206 30.130 25.038 26.935 28.825 39.711 43.591 54.466 53.361 46.260 35.158 24.057 26.971 0.000 0.000 21.564 27.435 24.327 0.000 20.272 24.103 40.986 39.894 42.829 0.000 14.580 54.530 48.468 34.403 40.338 58.273 58.207 56.141 25.075 31.007 30.938 32.868 20.797 29.726 35.653 34.578 33.494 46.393 55.308 0.000 0.000 11.953 37.038 0.000 0.000 40.707 21.677 21.637 21.594 21.546 22.496 16.453 15.413 19.360 16.319 16.291 16.267 16.244 17.222 16.201 15.181 15.162 15.144 15.126 15.107 14.090
4.341 50.309 36.255 25.186 25.103 25.011 37.911 35.806 52.696 67.544 64.471 61.395 56.317 47.247 38.200 0.000 0.000 0.000 15.395 26.365 0.000 0.000 16.933 34.876 33.803 48.723 20.611 21.544 54.484 59.423 55.361 54.298 57.235 57.171 58.105 37.038 28.969 30.897 30.823 20.747 29.670 23.592 42.514 13.424 52.265 74.125 44.917 14.785 0.000 15.124 0.000 16.858 76.780 29.720 31.666 31.615 27.566 28.519 20.481 15.454 0.000 16.310 16.293 19.271 22.247 32.224 22.202 17.181 18.161 18.141 18.122 18.104 18.086
36.415 40.377 34.322 32.255 27.178 39.094 33.003 45.908 23.844 0.000 44.585 63.531 62.468 63.415 46.383 0.000 0.000 0.000 9.385 32.375 0.000 0.000 13.820 28.782 23.720 50.648 61.568 61.500 57.438 57.379 57.320 58.260 57.198 57.136 57.071 51.003 25.933 27.858 25.780 20.699 31.615 32.532 35.464 0.000 37.117 73.011 42.843 60.653 21.415 7.210 19.079 74.935 62.836 34.759 28.694 30.636 24.583 18.536 16.496 14.469 0.000 22.320 30.300 38.276 45.251 54.226 43.203 23.180 17.159 18.138 18.119 18.099 18.081
47.526 36.464 36.400 32.333 39.261 36.184 39.099 62.978 49.927 32.879 53.753 62.675 61.611 60.562 40.532 0.000 0.000 0.000 0.000 0.000 0.000 0.000 19.746 28.711 39.649 55.581 57.512 57.450 57.392 57.335 57.279 57.222 57.164 57.103 57.040 56.973 42.901 32.824 25.742 18.653 22.558 22.457 27.345 46.188 32.075 66.959 52.790 59.568 66.383 52.223 57.091 65.970 41.869 42.786 28.714 27.652 19.595 16.545 17.499 19.456 33.403 39.349 57.313 56.283 55.254 54.228 54.203 44.179 22.156 17.135 18.114 18.095 18.076
38.619 26.550 28.484 40.416 37.348 37.283 7.231 0.000 42.009 67.956 62.875 61.803 63.741 45.689 31.653 15.674 0.000 0.000 0.000 0.000 0.000 0.000 25.706 42.667 54.585 57.513 57.452 57.396 57.343 57.292 57.240 57.187 57.132 57.074 57.013 56.946 57.875 51.796 43.709 35.614 33.509 36.394 27.272 44.143 23.037 64.962 0.000 18.447 53.326 25.208 16.093 71.984 35.886 39.801 37.726 18.661 16.602 17.549 17.500 25.454 46.406 57.360 54.321 54.287 54.257 51.228 50.202 48.177 47.153 21.131 17.110 17.090 17.070
28.706 25.636 38.567 38.500 33.433 53.369 7.311 16.258 56.142 63.063 61.989 61.921 61.861 37.802 37.717 48.695 0.000 0.000 0.000 0.000 0.000 0.000 0.000 0.000 51.511 63.437 58.385 57.339 57.294 57.249 57.202 57.154 57.103 57.049 56.990 56.926 56.856 57.776 58.686 55.584 55.469 58.340 38.204 44.076 17.968 58.891 0.000 0.000 49.268 19.189 29.090 62.988 43.891 35.805 39.730 16.664 17.604 16.550 18.500 28.452 49.406 50.363 55.324 54.289 49.257 46.227 50.200 55.174 54.149 43.126 24.104 23.084 22.064
24.795 38.721 39.651 27.582 38.515 59.451 52.387 58.321 64.239 62.165 62.096 62.033 58.979 42.941 0.000 0.000 0.000 0.000 0.000 0.000 0.000 0.000 0.000 0.000 0.000 8.338 49.313 58.281 57.246 57.208 57.167 57.124 57.078 57.028 56.974 58.914 57.846 57.767 56.674 58.568 57.444 57.292 47.129 44.991 21.868 33.743 63.559 42.415 50.290 19.190 47.091 40.987 43.885 31.799 25.725 17.660 17.602 17.548 25.497 30.450 31.405 36.363 44.324 42.288 43.255 54.225 54.196 54.170 54.145 55.121 49.098 45.077 43.057
39.879 39.804 28.732 24.663 39.596 58.530 64.466 63.400 62.330 62.262 62.197 63.136 54.081 47.042 0.000 0.000 0.000 0.000 0.000 0.000 0.000 0.000 0.000 0.000 5.263 25.263 52.250 58.228 57.200 57.169 57.135 57.097 57.056 57.012 58.964 58.909 58.847 50.771 55.676 58.571 61.448 59.256 53.029 48.890 36.772 20.653 68.519 51.396 53.286 18.190 64.098 27.983 8.864 25.780 16.712 17.651 16.595 25.542 31.492 30.445 30.401 29.360 22.321 18.285 48.252 54.221 54.192 54.164 54.139 54.114 55.092 55.070 55.049
36.958 27.882 25.811 23.742 40.675 60.610 62.546 62.482 62.418 62.356 62.295 64.233 43.168 41.105 0.000 0.000 0.000 0.000 0.000 0.000 0.000 0.000 0.000 0.000 0.000 39.203 58.195 57.180 57.159 57.134 57.106 57.074 59.039 58.001 57.959 57.914 51.862 29.795 45.688 55.593 6.520 0.000 30.840 37.769 46.678 33.577 54.470 72.365 57.269 24.186 66.128 0.000 1.785 14.745 17.693 17.638 19.584 29.533 27.484 28.438 30.395 33.354 27.316 28.280 44.246 54.215 54.185 54.158 54.132 54.107 54.084 54.062 54.041
28.032 25.958 30.887 35.819 50.753 62.689 62.626 62.565 62.506 62.449 62.393 63.335 50.251 0.000 0.000 0.000 0.000 0.000 0.000 24.021 0.000 3.024 0.000 0.000 0.000 14.150 49.147 56.138 57.123 57.103 57.080 57.053 59.024 56.993 56.960 56.925 40.890 36.862 0.000 0.591 0.000 0.000 15.722 22.669 44.594 30.509 35.418 78.326 61.238 40.158 50.101 0.028 44.767 21.727 17.677 17.624 19.572 28.522 39.474 39.429 41.386 47.346 42.308 53.273 54.239 54.208 54.178 54.150 54.124 54.099 54.075 54.053 54.032
29.104 26.031 32.961 51.894 62.829 62.766 62.705 62.647 62.591 62.540 62.495 68.463 0.000 0.000 0.000 0.000 0.000 0.000 24.021 36.021 23.023 38.024 34.027 0.000 4.080 36.102 43.106 54.102 57.092 57.076 57.058 58.036 57.013 56.988 56.962 52.936 41.914 46.899 0.000 0.000 0.000 0.000 32.657 24.592 42.521 18.447 20.368 68.284 67.198 59.110 45.016 44.890 33.788 28.721 17.663 17.609 17.557 27.509 49.462 56.418 55.376 55.336 47.299 54.264 54.230 54.199 54.169 54.141 54.115 54.090 54.066 54.044 54.023
27.173 25.102 40.033 59.967 63.903 62.842 62.782 62.726 62.672 62.624 62.584 69.559 0.000 0.000 0.000 0.000 0.000 0.000 13.021 33.021 33.022 32.025 35.029 19.040 27.058 35.071 35.075 52.073 58.065 57.054 57.039 57.022 57.003 56.983 57.964 49.945 45.930 39.922 0.000 0.000 0.000 0.000 0.000 24.521 43.451 20.390 16.322 55.246 72.160 69.066 49.966 28.864 27.776 28.706 19.646 16.592 17.541 20.493 31.448 51.405 54.364 54.325 46.288 54.253 54.220 54.188 54.159 54.131 54.104 54.079 54.056 54.033 54.012
26.240 28.169 48.102 64.037 62.975 62.915 62.857 62.801 62.749 62.700 64.659 62.631 0.000 0.000 0.000 0.000 0.000 0.000 0.000 38.021 44.021 49.023 40.026 39.032 33.041 29.048 40.051 54.049 57.043 57.034 60.022 58.009 56.994 56.979 56.964 51.951 43.941 38.936 13.939 0.000 0.000 0.000 0.000 0.000 35.372 21.339 17.286 50.218 81.129 62.028 40.919 31.826 33.747 31.681 26.623 15.571 17.522 16.476 20.432 39.390 54.350 54.312 46.275 54.241 54.208 54.177 54.147 54.119 54.093 54.068 54.045 54.022 54.001
26.304 36.235 56.169 64.105 63.045 62.987 62.930 62.875 62.821 63.770 61.720 49.675 33.675 0.000 0.000 0.000 0.000 0.000 1.018 39.019 48.020 48.020 52.020 54.023 37.027 36.030 51.031 57.029 57.025 57.017 58.008 56.998 56.987 56.975 56.964 54.954 42.947 43.943 37.942 0.000 0.000 0.000 0.000 0.000 21.328 21.306 15.268 60.209 48.113 53.999 23.857 43.772 37.706 30.648 30.596 21.547 16.501 17.457 16.415 28.374 51.335 53.297 47.261 54.227 55.195 54.164 54.135 54.107 54.081 54.056 54.033 54.010 53.989
