results2_8e3_rain/res_3e8f-0077.wd
ncols         241
nrows         181
xllcorner     12693529.787448
yllcorner     3542525.717860
cellsize      155.156523
NODATA_value  -9999.000000
[rows 66 to 98 of 181, columns 73 to 145 of 241]
66.971 30.962 0.000 56.197 73.178 72.150 72.124 0.000 43.579 43.563 56.573 52.581 51.562 51.521 50.460 126.371 114.218 0.000 0.000 0.000 47.113 42.062 46.986 49.935 49.892 51.852 52.816 57.779 58.743 59.702 50.643 0.000 0.000 48.015 98.015 79.925 83.776 83.853 81.897 89.830 82.285 82.753 83.482 82.244 82.011 82.797 52.635 0.000 0.000 0.000 0.000 0.000 0.000 0.000 24.275 22.256 22.220 22.169 22.105 22.038 25.964 38.882 35.791 20.694 31.594 40.500 19.411 22.327 28.245 33.164 29.085 23.007 20.931
51.973 57.952 0.000 44.393 68.361 67.335 61.337 14.413 0.000 0.000 49.643 62.713 51.713 50.685 51.645 32.608 0.000 0.000 0.000 0.000 0.000 0.000 57.938 55.916 53.888 36.852 39.815 46.777 47.749 52.719 43.681 0.000 0.000 0.000 58.259 76.164 83.094 83.180 90.277 90.062 82.368 83.047 82.748 82.527 82.306 77.110 34.971 0.000 0.000 32.167 0.000 0.000 0.000 30.313 25.313 22.292 22.254 22.203 22.142 22.075 22.001 21.920 28.834 42.743 43.651 26.561 20.474 21.390 22.308 26.228 25.149 21.071 20.995
53.981 52.922 57.801 55.621 69.537 62.493 63.477 60.489 0.000 0.000 0.000 64.916 59.891 54.859 56.829 3.808 0.000 0.000 0.000 0.000 0.000 0.000 56.911 52.902 43.892 0.000 0.000 44.767 56.756 55.743 0.000 0.000 3.976 60.855 52.598 56.418 63.490 78.546 90.478 82.133 83.675 83.229 83.030 82.802 80.578 63.364 42.167 48.167 46.167 27.167 0.000 0.000 0.000 0.000 39.373 21.344 22.301 26.248 34.187 24.118 22.044 20.965 24.881 39.794 46.706 38.619 24.534 19.451 21.370 21.290 21.211 21.134 20.058
54.018 51.953 55.861 66.753 60.674 53.622 72.590 61.577 13.591 0.000 7.276 57.144 73.077 68.033 68.003 70.986 0.000 0.000 0.000 0.000 2.884 2.887 54.893 45.891 48.886 0.000 0.000 0.000 92.766 119.755 34.754 0.000 60.096 54.994 54.832 54.737 50.818 90.848 90.669 83.189 86.785 83.521 83.302 83.077 74.840 27.602 0.000 50.167 28.167 0.000 0.000 0.000 27.575 26.538 25.463 21.411 25.359 37.302 42.238 40.168 33.093 23.014 31.931 39.846 18.761 24.676 37.592 34.511 30.431 38.351 19.273 21.195 19.120
52.077 58.011 67.935 59.855 51.786 51.730 64.683 72.638 68.605 71.537 73.409 68.307 63.239 65.193 54.163 53.148 0.000 0.000 0.000 3.880 59.881 58.883 46.884 48.882 49.876 53.866 52.860 0.000 3.788 0.000 0.000 6.477 66.318 59.192 54.033 55.124 53.168 91.011 52.829 60.408 74.994 82.805 83.581 81.364 40.102 0.000 0.000 0.000 0.000 0.000 0.000 28.636 22.611 22.578 22.529 23.477 33.423 42.362 41.296 41.224 37.147 33.067 42.984 25.899 20.815 21.731 21.649 31.569 44.490 31.413 19.334 20.255 26.181
58.142 69.080 59.014 51.947 52.885 52.829 54.773 38.688 64.654 62.596 54.515 51.438 50.378 66.336 68.309 55.295 0.000 0.000 0.000 59.879 55.879 52.879 45.878 49.876 49.871 49.863 49.853 8.836 11.810 12.800 14.763 82.636 79.511 68.386 67.344 56.344 91.299 91.162 54.891 61.532 56.300 63.093 81.854 56.697 0.000 0.000 0.000 0.000 0.000 0.000 0.000 28.661 22.656 22.635 22.596 23.548 32.492 42.429 41.359 40.284 37.205 42.122 36.038 19.953 21.868 21.785 21.705 31.626 39.550 18.474 21.396 24.311 43.240
69.211 59.154 52.094 53.034 52.978 53.928 34.891 0.000 21.727 49.680 52.616 52.551 52.501 50.464 74.441 58.429 0.000 0.000 0.000 36.878 53.877 47.876 48.874 49.872 49.868 49.862 49.854 60.845 0.827 4.827 21.854 74.792 84.697 6.591 88.516 78.709 91.419 53.483 67.119 63.756 53.619 50.414 47.047 31.872 0.000 0.000 24.264 0.000 0.000 0.000 0.000 24.690 22.720 22.708 22.674 22.626 23.568 29.502 37.429 37.350 37.266 41.180 19.093 22.006 21.921 20.838 26.758 43.682 26.609 20.539 23.464 4.354 5.287
59.284 52.230 53.174 53.118 53.064 56.015 11.973 9.940 2.847 47.781 52.717 54.651 52.609 51.580 69.561 65.551 0.000 0.000 0.000 0.000 44.874 47.873 49.872 49.870 49.867 49.862 51.857 37.851 0.000 0.000 72.033 74.980 85.898 91.774 85.880 83.916 91.521 74.541 77.239 62.076 54.976 47.899 0.000 0.000 0.000 0.000 22.264 0.000 0.000 0.000 0.000 0.000 25.824 22.804 22.766 22.715 22.653 22.582 22.504 29.419 37.331 25.240 22.148 22.058 21.970 24.887 37.808 37.734 19.667 21.609 24.567 0.000 0.000
52.360 53.309 53.255 53.200 53.146 53.094 57.046 57.999 57.939 53.882 53.820 33.725 50.705 51.686 67.671 66.664 0.000 0.000 0.000 0.000 43.872 49.872 49.871 49.869 49.866 49.864 37.860 0.000 0.000 0.564 77.265 83.200 86.109 86.059 85.137 91.657 84.038 86.752 81.436 66.374 56.311 55.307 55.448 0.000 0.000 0.000 19.265 26.266 19.266 0.000 0.000 0.000 40.949 21.918 22.872 22.815 22.748 23.671 22.585 22.493 22.397 22.300 22.202 22.108 21.017 26.931 41.852 18.780 21.716 21.663 23.628 0.000 0.000
53.440 53.389 53.336 53.281 53.225 53.170 53.119 53.072 53.027 52.987 56.957 0.000 43.801 52.788 68.775 63.769 0.000 0.000 0.000 0.000 48.871 51.871 51.870 51.868 49.867 52.866 0.000 0.000 0.000 69.706 75.549 86.444 86.321 86.428 84.472 91.873 85.181 89.822 85.710 86.641 74.589 62.569 51.590 46.589 48.589 0.000 0.000 25.267 20.266 26.261 27.246 25.205 31.106 41.047 22.990 23.926 32.852 39.768 21.674 22.572 22.466 22.360 22.255 21.154 26.058 44.970 38.890 27.818 20.754 21.700 23.655 38.613 56.555
53.523 53.472 53.419 53.362 53.304 53.243 53.188 56.142 54.111 53.083 57.063 0.000 43.909 52.889 69.871 61.868 1.899 0.000 0.000 0.000 21.871 31.870 30.869 30.868 51.867 36.866 0.000 0.000 0.000 71.877 81.782 86.677 86.628 85.728 92.539 92.225 86.257 87.097 85.952 85.892 86.835 77.790 42.752 0.000 0.000 0.000 0.000 23.269 23.271 20.272 22.271 23.264 22.222 29.173 43.116 26.048 23.967 33.874 21.769 22.655 22.536 22.418 22.303 22.194 30.093 43.002 29.920 41.847 19.784 20.728 25.678 46.630 58.577
53.609 53.557 53.504 53.447 53.384 56.310 58.250 30.195 51.193 54.173 56.148 16.125 47.038 51.988 63.953 61.933 2.929 0.000 0.000 0.000 0.000 0.000 0.000 0.000 32.867 0.000 0.000 0.000 20.313 70.143 87.024 86.896 87.005 85.086 92.823 84.859 90.561 86.252 86.203 86.133 86.071 76.002 36.877 0.000 0.000 0.000 0.000 0.000 26.278 27.284 14.304 22.357 23.346 23.307 27.252 43.181 26.096 22.994 22.875 22.743 22.607 22.473 20.346 26.227 45.119 26.023 24.940 38.868 22.805 20.750 27.700 53.652 58.604
53.695 53.644 53.593 53.539 55.474 31.363 33.307 0.000 13.294 49.266 53.231 57.189 53.129 56.073 61.019 65.983 4.956 0.000 0.000 0.000 0.000 0.000 0.000 0.000 0.000 0.000 0.000 3.604 79.483 81.359 87.247 87.197 86.312 93.333 93.087 85.930 86.641 86.509 86.436 86.370 85.313 65.272 0.000 0.000 0.000 0.000 0.000 0.000 0.000 18.284 0.000 29.515 26.497 22.459 22.403 24.331 41.241 30.130 21.994 22.835 22.675 21.522 26.380 28.249 27.132 24.033 21.950 21.880 21.820 22.767 35.719 57.675 58.633
53.782 53.732 53.684 53.642 58.609 0.000 0.000 19.506 11.422 45.368 54.320 52.272 54.217 66.156 38.066 32.025 0.000 0.000 0.000 0.000 0.000 0.000 0.000 0.000 0.000 0.000 0.000 66.725 71.655 85.565 87.444 87.571 85.663 93.559 85.445 87.115 86.805 86.742 86.664 86.597 78.540 55.500 0.000 0.000 0.000 0.000 0.000 0.000 0.000 0.000 0.000 33.691 28.670 22.629 20.571 23.499 23.407 39.290 32.135 22.929 23.735 21.561 28.403 28.259 25.127 19.027 21.948 21.883 23.827 37.779 56.736 58.697 61.662
54.866 52.816 52.772 52.735 55.711 25.715 22.675 54.591 59.520 53.462 51.411 58.361 68.311 71.266 0.000 0.000 0.000 0.000 0.000 0.000 0.000 0.000 0.000 0.000 0.000 0.000 0.000 68.917 76.852 86.762 87.752 86.789 93.976 93.773 86.483 87.183 87.041 86.960 86.884 86.814 68.748 50.689 0.000 0.000 0.000 0.000 0.000 0.000 0.000 0.000 0.000 31.890 29.861 29.815 26.756 19.685 21.599 22.490 38.328 38.011 34.777 31.584 24.414 23.255 20.092 20.999 21.932 25.876 45.828 57.785 57.748 58.715 57.687
68.945 67.895 66.852 64.815 61.784 62.759 62.719 59.662 60.604 62.551 62.501 68.451 70.399 28.333 0.000 0.000 0.000 0.000 0.000 0.000 0.000 0.000 0.000 0.000 0.000 7.434 15.355 70.173 87.065 87.973 87.922 87.149 94.164 85.973 87.642 87.326 87.257 87.173 87.098 85.027 66.950 37.819 0.000 0.000 0.000 0.000 0.000 0.000 0.000 0.000 0.000 22.117 26.071 29.014 29.952 28.886 25.816 21.743 15.676 0.000 0.000 0.000 0.000 0.000 23.986 21.948 24.904 45.862 58.823 57.788 58.756 61.729 57.706
65.018 66.969 65.926 67.888 69.853 68.820 67.780 65.734 63.685 63.637 64.589 60.543 60.503 0.000 0.000 0.000 0.000 0.000 0.000 0.000 0.000 0.000 0.000 0.000 0.000 56.513 79.458 78.357 87.264 88.153 88.279 86.381 94.339 88.073 87.674 87.546 87.459 87.378 87.307 83.247 63.204 0.000 0.000 0.000 0.000 0.000 0.000 0.000 0.000 0.000 29.557 24.390 21.293 23.218 28.152 30.091 30.036 30.989 21.958 0.000 0.000 0.000 0.000 0.000 24.920 22.902 38.875 59.844 57.814 57.786 57.761 58.738 57.720
53.085 53.038 53.995 60.957 69.921 75.886 63.848 57.808 52.765 50.721 49.677 55.629 34.566 0.000 0.000 0.000 0.000 0.000 0.000 0.000 0.000 0.000 0.000 0.000 0.000 62.648 78.606 86.534 88.451 88.419 87.550 94.649 94.500 90.098 87.900 87.736 87.655 87.575 87.505 82.449 57.416 0.000 0.000 0.000 0.000 0.000 0.000 0.000 0.000 29.865 24.724 24.594 24.493 23.413 20.347 25.292 29.248 30.219 27.210 0.000 0.000 0.000 0.000 27.857 21.872 25.865 53.849 57.827 57.804 57.782 57.762 57.744 57.729
52.147 52.102 56.060 61.023 62.988 65.954 55.920 51.884 52.846 52.807 54.768 32.730 0.000 0.000 0.000 0.000 0.000 0.000 0.000 0.000 0.000 0.000 0.000 0.000 0.000 48.825 77.785 87.722 88.625 88.757 86.867 94.786 87.661 89.329 88.005 87.935 87.844 87.762 87.689 78.629 51.594 0.000 0.000 0.000 0.000 0.000 0.000 0.000 29.137 25.006 24.881 24.768 24.673 24.594 24.531 21.480 20.446 23.431 30.451 30.548 0.000 0.000 0.000 21.843 22.845 40.839 57.827 56.812 56.794 57.777 57.761 57.746 57.735
52.204 52.161 54.122 55.087 53.054 52.023 52.993 51.961 51.928 51.893 56.859 1.840 0.000 0.000 0.000 0.000 0.000 0.000 0.000 0.000 0.000 0.000 0.000 0.000 0.352 57.043 85.987 88.915 88.890 88.024 95.035 94.915 90.665 88.361 88.212 88.118 88.027 87.939 88.858 68.786 56.736 0.000 0.000 28.868 0.000 28.582 30.529 30.427 25.269 25.140 25.026 24.924 24.836 24.762 24.701 24.654 23.623 20.609 29.617 30.645 23.644 0.000 0.000 29.827 21.825 29.820 35.810 38.798 42.785 48.771 54.758 56.746 56.737
53.256 53.216 53.180 53.148 53.119 52.092 52.066 52.041 52.013 50.979 58.934 9.889 0.000 0.000 0.000 0.000 0.000 0.000 0.000 0.000 0.000 0.000 0.000 0.000 41.472 77.308 88.208 89.096 89.238 87.331 95.142 88.131 89.799 88.479 88.399 88.300 88.205 88.111 89.019 60.921 38.829 0.000 0.000 24.868 0.000 23.636 25.577 25.485 25.371 25.261 25.160 25.067 24.986 24.916 24.858 24.813 22.782 24.766 30.763 27.769 0.000 0.000 0.000 28.813 27.810 26.805 25.796 24.786 23.775 27.764 38.754 34.745 36.737
51.303 51.267 51.234 51.206 51.181 51.159 51.140 52.123 54.104 56.075 31.008 0.000 0.000 0.000 0.000 0.000 0.000 0.000 0.000 0.000 8.564 0.000 0.000 11.773 52.642 83.514 89.401 89.386 88.414 95.330 95.241 91.128 88.829 88.676 88.578 88.478 88.381 88.283 84.183 31.052 0.000 0.000 0.000 24.869 30.845 25.749 25.659 25.564 25.468 25.374 25.284 25.200 25.124 25.058 25.003 24.959 21.928 30.909 30.901 26.901 0.000 0.000 0.000 27.802 26.798 27.792 27.785 27.776 27.767 27.757 26.749 26.741 25.735
52.346 52.313 55.285 59.261 62.240 66.224 68.213 71.206 70.205 62.208 0.377 11.530 35.554 3.572 0.000 0.000 0.000 0.000 0.000 39.588 66.564 6.534 0.000 45.904 78.809 88.697 89.593 89.522 88.746 95.406 87.578 89.260 88.938 88.858 88.756 88.656 88.556 89.457 76.378 0.000 0.000 0.000 0.000 4.893 24.918 25.855 27.745 27.645 25.564 25.484 25.403 25.325 25.253 25.189 25.136 22.092 27.061 30.040 31.032 22.032 0.000 0.000 0.000 11.795 32.788 32.782 29.774 26.766 26.758 27.750 28.743 28.737 27.732
54.384 53.356 60.332 69.311 70.296 69.285 68.281 67.284 64.300 58.340 33.441 50.515 68.559 37.591 21.619 0.000 0.000 0.000 10.642 49.613 63.571 2.503 21.338 63.129 87.993 90.882 89.724 89.937 87.912 95.469 89.570 89.281 89.128 89.032 88.934 88.835 88.730 90.612 34.495 0.000 0.000 0.000 0.000 0.000 21.079 27.010 7.821 7.708 24.659 25.594 25.519 25.444 25.374 25.311 24.258 22.215 31.182 31.161 28.153 22.165 28.217 0.000 0.000 0.000 43.778 58.773 51.765 47.757 43.750 39.743 42.736 42.731 25.727
54.419 54.395 57.374 60.358 59.346 57.340 55.340 53.350 51.372 51.412 60.473 62.530 59.577 56.615 60.646 8.674 0.000 0.000 50.672 80.649 31.605 27.533 61.418 85.281 90.162 90.026 90.150 88.106 95.554 87.986 89.697 89.380 89.304 89.206 89.112 89.019 91.918 48.765 0.000 0.000 0.000 0.000 0.000 0.000 23.310 28.283 0.000 0.000 21.771 25.713 25.637 25.559 25.488 25.425 22.371 30.327 31.292 30.269 21.256 25.257 25.269 0.000 0.000 0.000 11.772 41.767 59.757 58.748 58.741 58.734 58.729 52.725 42.722
54.450 54.430 54.412 53.399 53.390 54.387 54.391 54.404 52.427 53.462 58.508 61.557 57.603 52.644 55.678 10.701 0.000 0.000 42.725 52.706 30.667 63.606 78.520 87.418 90.316 90.259 89.365 95.948 95.700 88.984 89.710 89.564 89.472 89.379 89.291 89.211 92.157 0.000 0.000 7.544 16.544 0.000 0.000 24.687 27.569 26.530 33.577 0.000 21.940 25.853 25.755 25.668 25.593 23.529 25.474 31.429 31.392 23.365 24.347 25.337 25.334 0.000 0.000 0.000 0.000 0.000 41.747 57.737 57.731 57.726 57.721 58.717 58.715
54.479 54.462 54.447 54.436 54.430 54.428 54.434 53.447 52.469 56.500 60.541 60.587 55.634 51.680 56.722 9.751 0.000 0.000 38.797 7.782 54.752 78.703 84.636 90.563 90.430 90.653 88.651 96.169 88.418 90.125 89.808 89.734 89.639 89.548 89.460 96.378 80.343 0.000 3.544 53.544 39.544 0.000 0.000 19.805 27.749 26.690 26.624 32.473 30.196 29.003 25.863 25.764 25.688 22.624 30.568 31.522 27.484 22.453 25.429 25.410 27.396 31.407 0.000 0.000 0.000 0.000 0.000 54.724 57.720 57.716 57.713 58.709 56.707
54.506 54.491 54.478 54.469 54.463 54.463 53.468 52.481 54.501 58.530 61.569 57.614 52.666 51.721 54.778 36.832 23.899 24.917 20.883 21.875 61.855 82.818 88.769 90.682 90.841 88.848 96.554 96.370 89.431 90.141 89.990 89.896 89.803 89.714 94.623 37.498 52.494 22.533 53.543 61.545 0.000 0.000 0.000 18.980 27.932 26.858 26.756 36.599 47.370 21.100 30.929 26.840 23.771 25.710 31.655 30.607 21.567 24.535 25.508 25.480 12.432 13.419 0.000 0.000 0.000 0.000 0.000 35.714 56.711 57.707 57.704 61.701 57.698
54.532 54.518 54.506 54.497 54.492 54.492 52.496 52.507 56.525 63.551 64.589 60.637 55.694 53.761 53.836 55.898 55.949 64.969 5.944 39.979 77.974 84.949 90.909 90.901 90.054 96.881 96.722 89.802 90.577 90.235 90.156 90.056 89.965 89.882 97.820 0.000 35.601 37.562 27.551 29.548 0.000 0.000 0.000 22.204 28.142 27.054 32.944 48.797 25.583 0.000 11.912 24.896 22.847 30.789 31.734 27.685 24.644 25.611 25.586 27.570 0.000 0.000 0.000 0.000 0.000 0.000 27.707 8.707 47.702 57.698 57.695 62.692 57.689
54.556 54.542 54.530 54.522 54.517 53.515 52.518 54.526 61.540 38.561 14.600 13.650 10.712 40.793 57.906 52.976 56.031 37.067 0.000 45.123 83.114 89.099 91.020 91.290 89.335 97.027 90.150 90.921 90.484 90.419 90.309 90.211 90.117 91.029 88.954 10.895 10.748 0.000 0.000 0.000 0.000 0.000 21.659 29.489 27.377 26.274 46.167 50.063 0.000 0.000 0.000 20.985 26.931 31.867 31.807 21.755 25.712 25.680 25.657 28.645 0.000 0.000 0.000 0.000 0.000 0.000 6.706 0.000 35.690 57.689 57.687 63.685 57.682
54.577 54.563 54.552 54.543 53.538 52.535 54.536 57.540 65.547 24.554 0.000 0.000 0.000 0.000 40.020 55.069 56.130 42.200 44.289 70.275 87.269 91.230 91.436 89.487 97.285 97.162 91.137 90.826 90.673 90.564 90.461 90.361 90.263 93.165 78.071 6.983 0.000 0.000 0.000 0.000 0.000 0.000 21.829 28.717 27.604 25.498 53.388 14.225 0.000 0.000 27.266 32.128 32.026 31.942 29.872 24.815 25.771 25.739 25.718 27.708 0.000 31.787 0.000 0.000 0.000 0.000 0.000 0.000 28.681 57.680 57.679 57.678 57.676
54.596 54.582 54.570 54.562 53.555 52.551 56.550 60.550 64.553 22.555 0.000 0.000 0.000 0.000 20.085 63.150 58.222 64.314 77.392 86.421 90.425 91.470 90.653 97.503 97.398 90.487 91.256 90.908 90.820 90.711 90.609 90.509 94.408 57.296 29.184 0.000 0.000 0.000 0.000 0.000 0.000 24.345 29.110 27.947 29.824 26.727 50.660 0.000 0.000 22.585 29.405 45.235 34.104 31.002 26.924 24.864 24.818 25.786 25.767 25.762 30.781 26.787 17.787 0.000 0.000 0.000 24.667 26.668 25.672 57.673 57.673 57.672 57.670
54.611 54.598 54.587 54.578 52.571 54.566 60.562 61.559 59.558 46.559 7.560 0.000 0.000 0.000 0.000 16.223 12.295 52.442 83.545 87.592 91.581 91.789 89.944 97.598 89.812 91.585 91.145 91.075 92.958 91.853 90.753 90.659 96.562 19.429 0.000 0.000 0.000 0.000 0.000 5.972 44.850 44.579 32.321 29.136 40.017 34.928 35.866 0.000 0.000 20.765 25.533 36.304 32.151 36.040 29.958 32.898 31.853 28.821 25.801 24.793 24.794 30.794 0.000 0.000 0.000 0.000 21.665 21.666 31.667 57.667 57.667 57.666 57.665
