results2_8e3_rain/res_3e8f-0101.wd
ncols         241
nrows         181
xllcorner     12693529.787448
yllcorner     3542525.717860
cellsize      155.156523
NODATA_value  -9999.000000
[rows 132 to 164 of 181, columns 0 to 72 of 241]
93.828 98.828 102.828 102.827 104.826 104.824 98.823 89.820 75.818 64.815 63.812 64.808 63.804 62.799 67.794 81.788 92.781 97.773 97.764 94.753 86.740 77.725 68.706 62.682 67.652 69.616 68.574 69.528 67.489 62.453 76.418 99.385 66.357 0.000 0.000 0.000 5.989 57.981 69.974 66.948 68.926 74.910 92.903 78.900 62.901 61.903 61.907 73.912 94.918 35.924 8.930 3.946 0.000 0.000 0.000 0.000 0.000 0.000 0.000 0.000 0.000 0.000 0.000 0.000 25.699 5.620 9.541 50.440 73.293 77.190 77.080 87.165 114.628
71.833 73.833 76.832 82.831 92.830 98.829 103.827 103.825 96.822 82.819 71.816 65.812 69.808 76.803 89.798 104.791 103.784 100.776 100.767 103.756 103.743 99.728 87.709 75.687 67.661 62.631 63.598 62.563 63.531 71.501 93.475 101.453 13.439 0.000 0.000 0.000 15.997 44.005 62.036 71.030 72.011 68.989 69.984 79.981 74.977 67.973 71.969 79.965 92.962 33.959 19.953 25.961 5.970 0.000 0.000 0.000 0.000 0.000 0.000 0.000 0.000 0.000 0.000 0.000 7.778 0.000 57.565 79.485 75.362 84.332 75.393 114.754 103.511
63.838 63.838 63.837 65.836 70.835 74.834 81.832 90.830 98.827 101.824 95.821 93.817 95.813 98.808 97.802 90.796 81.789 79.781 79.771 84.761 90.748 97.734 100.717 99.697 88.674 78.649 73.622 71.595 80.570 96.547 97.528 83.514 16.507 0.000 0.000 0.000 0.000 0.000 45.137 72.123 51.099 39.051 54.064 69.062 84.054 88.043 90.030 91.017 87.005 13.996 0.975 28.976 25.979 13.982 19.983 13.983 0.000 0.000 0.000 0.000 0.000 0.000 42.004 11.951 77.857 99.789 132.641 88.612 83.661 64.615 100.678 105.190 105.095
64.843 64.843 64.842 64.841 63.840 62.839 64.837 69.835 75.832 85.829 95.826 97.822 90.818 80.813 74.807 66.801 62.794 62.786 62.777 64.767 69.755 75.742 82.726 94.709 99.690 101.669 100.647 96.626 99.606 92.588 74.575 66.567 45.569 3.593 0.000 0.000 0.000 0.000 38.251 71.228 14.210 0.000 47.159 72.149 91.134 99.115 85.093 88.067 74.046 32.033 0.000 55.990 24.987 16.984 27.983 27.983 0.000 0.000 0.000 0.000 0.000 29.112 48.057 120.995 149.915 132.794 116.346 115.289 106.957 105.595 105.469 105.335 70.557
64.848 64.848 64.848 64.847 64.846 64.844 64.843 63.841 63.838 66.835 72.832 71.828 67.823 63.818 63.813 63.807 64.800 64.793 64.785 64.775 63.764 62.752 64.738 70.723 77.707 86.690 94.672 90.655 79.639 67.626 63.616 68.610 76.610 52.616 30.619 30.602 16.564 17.499 53.389 74.328 24.304 6.312 66.265 98.240 100.218 79.192 82.158 81.114 69.080 58.055 9.030 37.006 10.996 0.000 11.983 0.000 1.636 0.000 0.000 0.000 0.000 10.170 73.114 79.031 75.016 76.172 74.145 105.933 105.827 105.715 72.911 75.687 77.557
64.854 64.854 64.853 64.853 64.852 64.850 64.849 64.847 64.844 64.841 63.838 63.834 63.829 64.824 64.819 64.814 64.807 64.801 64.793 64.784 64.775 64.764 64.752 63.739 62.725 63.711 67.697 65.683 64.671 68.660 71.652 70.647 68.645 70.644 70.638 67.622 67.592 71.545 46.477 32.390 21.365 39.366 84.349 98.329 78.305 71.276 70.233 50.150 46.103 9.079 0.000 0.000 0.000 1.929 0.000 0.000 5.637 20.610 35.561 5.493 19.407 82.255 89.239 87.308 85.291 86.370 106.132 106.035 87.162 93.952 86.804 92.575 84.416
64.860 64.860 64.860 64.859 64.858 64.857 64.855 64.853 64.851 64.848 64.845 64.841 64.836 64.831 64.826 64.821 64.815 64.809 64.802 63.795 70.786 72.777 64.766 63.755 62.744 63.732 65.721 68.710 71.701 70.692 65.686 66.682 73.679 76.675 72.669 66.657 63.637 72.611 3.585 0.000 6.402 79.438 88.437 75.422 67.399 87.372 33.350 0.000 0.000 0.000 0.930 0.930 0.930 1.929 0.000 0.000 30.663 72.632 101.583 62.516 95.397 103.551 100.510 99.599 106.405 106.318 106.227 99.249 101.126 100.823 99.683 98.613 16.529
64.867 64.866 64.866 64.865 64.864 64.863 64.862 64.860 64.858 64.855 67.852 67.848 65.843 69.837 67.832 64.828 64.824 64.819 63.813 61.806 72.798 80.790 66.781 63.772 65.763 68.753 70.744 69.736 66.729 68.723 73.718 75.715 76.712 76.710 71.705 65.698 74.688 93.677 12.668 0.000 0.000 53.547 76.539 73.522 77.496 97.465 31.445 0.000 0.930 0.930 0.930 0.931 0.930 2.929 0.000 28.776 80.724 96.669 99.598 104.594 101.756 98.744 106.643 106.567 106.488 98.564 99.348 100.221 99.901 99.872 92.803 69.709 0.000
64.873 64.873 64.873 64.872 64.871 64.870 64.869 64.867 64.866 65.863 72.860 72.857 49.852 17.842 38.838 68.836 62.833 65.829 71.824 74.818 74.812 70.805 66.797 67.789 70.782 69.774 68.767 70.761 74.756 74.752 76.749 75.747 66.746 61.746 63.745 76.743 95.741 105.740 27.741 0.000 0.000 28.663 84.651 86.631 93.597 92.547 28.519 0.000 0.930 0.000 0.000 0.933 0.000 6.928 32.896 76.837 98.752 101.766 100.852 100.853 99.944 106.786 106.716 98.773 99.572 100.434 100.220 100.074 100.031 91.963 83.921 0.000 0.000
64.880 64.880 64.879 64.879 64.878 64.877 64.876 64.875 64.874 66.872 75.869 86.867 62.864 0.000 5.842 53.845 79.844 71.841 69.836 69.831 67.825 66.819 68.813 70.807 68.800 64.794 66.789 78.785 80.781 70.779 64.779 61.779 61.780 66.782 80.785 96.788 93.793 77.800 49.815 17.851 11.846 55.792 84.772 66.753 57.715 49.609 14.564 0.000 0.000 19.936 10.936 0.935 0.000 25.962 76.929 98.840 101.032 100.021 100.129 106.986 106.922 106.855 98.837 100.720 100.432 100.306 100.250 100.177 94.100 81.036 70.999 0.000 0.000
64.887 64.887 64.886 64.886 64.885 64.885 64.884 64.883 64.882 66.881 76.879 63.877 19.874 1.881 0.000 21.859 75.857 67.853 69.849 68.844 66.839 69.834 70.829 67.824 64.819 60.814 70.810 84.807 71.806 61.806 62.807 67.810 77.814 88.818 99.824 92.832 70.841 65.854 84.870 91.890 92.896 96.888 71.889 32.896 4.902 0.000 0.000 0.000 0.000 32.936 19.937 0.090 31.073 77.004 99.019 101.204 100.219 107.161 107.105 107.047 99.108 99.906 100.794 100.492 100.476 100.416 100.340 101.248 89.167 60.081 49.040 7.040 1.040
63.894 63.894 64.893 64.893 64.893 64.893 64.892 64.892 64.891 67.890 77.889 48.888 0.000 7.887 45.885 47.875 64.870 66.866 54.862 36.858 74.854 69.849 65.845 64.841 62.836 64.833 80.830 83.829 65.829 68.831 80.834 89.840 98.846 96.853 84.862 70.873 63.887 79.903 83.922 71.943 52.960 50.973 39.002 19.039 8.094 2.245 0.453 20.524 15.525 0.000 0.000 25.157 77.174 100.272 101.288 99.396 107.267 107.215 99.274 100.085 100.962 100.768 100.645 100.621 100.568 100.516 103.445 67.311 47.239 0.000 0.000 0.000 0.000
72.902 70.901 67.900 65.900 62.900 62.900 62.900 62.900 61.900 66.899 78.899 61.899 42.901 50.897 68.893 64.887 61.883 67.879 62.875 49.872 69.868 63.865 62.861 62.857 64.854 78.851 86.849 52.849 44.850 94.854 99.860 94.868 83.877 73.887 65.899 61.913 72.929 84.949 52.972 27.999 11.029 2.066 19.106 18.162 8.240 9.354 12.472 40.528 24.527 0.000 0.000 57.408 99.435 98.553 107.416 107.368 107.319 99.313 101.205 100.930 100.821 100.790 102.746 97.695 99.664 100.636 111.614 0.000 0.000 0.000 0.000 0.000 0.000
73.910 75.909 81.907 82.906 82.908 79.908 80.909 79.909 78.909 78.908 80.908 63.908 67.907 66.905 63.902 66.899 66.895 65.892 70.889 72.886 66.883 60.880 62.877 64.874 78.871 83.868 72.866 66.866 75.869 98.876 81.885 72.895 64.906 62.919 64.933 63.949 77.969 86.992 51.019 27.052 15.091 17.140 20.195 12.265 13.349 19.445 21.536 14.591 0.000 0.000 35.642 77.652 107.545 107.504 107.461 99.550 100.355 101.252 100.960 100.956 101.913 101.867 74.822 52.758 87.757 101.751 106.760 46.819 0.000 0.000 0.000 0.000 0.000
66.919 60.918 13.912 15.911 24.916 71.917 68.918 68.918 68.918 72.917 81.917 62.917 63.916 62.914 65.912 69.910 70.907 68.904 67.902 70.900 71.898 68.895 62.893 79.890 85.888 76.884 82.881 99.881 96.885 78.894 66.909 62.922 64.935 64.948 63.964 68.983 85.005 87.031 79.061 82.098 53.143 15.200 7.270 6.353 18.445 25.542 15.635 12.710 4.737 30.853 78.830 107.621 107.584 99.695 100.504 101.389 101.201 101.086 101.070 102.023 99.981 93.940 18.919 0.000 69.855 104.851 101.858 100.878 0.000 0.000 0.000 0.000 0.000
64.930 56.930 0.000 0.000 6.926 67.927 63.927 63.927 63.927 67.927 81.926 59.926 63.925 67.924 69.922 70.921 67.919 64.917 62.915 64.914 74.912 87.911 82.909 83.907 60.905 54.900 106.894 92.892 59.895 19.908 39.934 67.949 64.962 64.977 66.993 60.012 44.037 34.065 46.097 86.136 62.184 15.248 10.330 5.432 14.535 19.643 13.755 18.851 18.938 57.007 107.676 98.887 102.625 101.528 101.341 101.231 101.207 101.170 102.128 102.091 67.051 42.995 28.993 32.000 82.956 103.940 99.941 90.956 8.991 0.000 0.000 0.000 0.000
64.941 64.943 47.948 0.000 7.936 68.937 64.937 64.937 63.936 64.936 79.936 66.935 69.935 71.934 70.933 65.932 62.931 63.930 63.929 62.928 72.927 95.926 91.926 78.925 71.923 62.918 38.903 27.897 14.896 0.000 20.970 69.978 64.989 67.003 50.018 24.037 9.067 6.095 48.127 65.164 34.209 6.276 9.372 14.510 21.620 17.741 11.890 5.042 8.377 56.257 107.746 101.776 101.536 101.357 101.342 101.306 101.265 101.227 99.191 90.160 23.136 0.000 40.061 99.050 104.028 102.014 96.010 86.016 4.026 0.000 0.000 0.000 0.000
61.951 63.952 60.954 0.000 3.947 68.947 63.946 61.946 63.946 67.946 71.945 70.945 70.945 68.944 62.944 63.943 63.943 64.942 64.942 69.941 87.942 86.942 79.943 88.944 86.945 57.947 0.000 0.000 0.000 0.000 18.998 70.004 65.013 68.026 39.041 1.068 35.097 61.122 81.152 50.184 2.211 0.000 0.000 3.617 13.693 13.815 13.991 8.348 5.427 107.942 107.847 100.684 101.529 101.429 101.395 101.356 101.319 103.283 88.250 71.221 31.198 7.188 55.139 85.112 94.092 103.078 92.071 81.070 3.072 0.000 0.000 0.000 0.000
68.959 66.960 55.961 0.000 54.957 62.956 64.956 68.956 69.956 70.955 68.955 69.955 67.955 63.955 63.955 64.954 64.954 63.954 65.955 88.955 87.956 69.957 82.959 80.962 84.967 82.976 45.998 2.012 11.020 41.024 46.020 66.025 65.035 65.049 60.067 52.093 69.116 68.143 62.175 84.209 32.240 0.000 0.000 7.649 12.719 10.831 11.973 36.183 60.620 108.031 103.015 102.760 102.499 101.485 101.445 101.408 102.372 100.337 55.304 32.275 44.249 45.226 99.194 101.169 81.149 91.134 86.125 59.121 24.119 0.000 0.000 0.000 0.000
69.967 70.968 67.969 55.971 69.968 69.966 69.966 70.966 70.965 71.965 83.965 65.964 63.965 63.965 64.965 64.966 64.966 65.967 79.967 90.968 65.970 69.972 96.975 88.979 76.985 79.993 83.006 67.017 72.025 87.031 80.035 68.042 61.052 61.066 72.084 88.107 75.132 47.161 19.195 74.238 63.300 12.404 15.503 20.609 16.704 7.817 9.906 51.203 103.454 108.113 99.996 102.645 103.573 101.534 101.496 101.459 94.423 84.388 41.356 12.325 21.298 22.271 83.244 125.220 106.200 82.185 74.175 53.168 62.165 15.165 0.000 1.339 5.339
74.975 74.976 70.976 70.977 70.976 71.976 71.975 67.975 64.975 63.975 26.974 16.973 67.975 64.976 64.976 64.977 63.978 66.978 90.980 76.981 61.983 67.986 84.989 101.993 96.999 94.007 92.016 88.025 84.033 83.040 91.046 88.055 82.066 78.080 81.098 85.119 47.144 11.172 10.206 26.248 22.319 7.407 16.497 26.582 22.674 13.794 6.954 50.199 108.265 108.190 102.891 104.732 101.619 101.585 102.546 98.509 82.473 75.438 81.405 87.374 71.345 93.317 108.291 125.268 134.248 118.232 80.220 85.213 60.209 0.000 0.000 0.000 0.000
13.981 14.983 74.983 69.984 69.985 64.985 61.985 63.985 58.985 11.985 11.985 0.986 68.986 64.987 64.987 64.988 64.989 82.990 89.992 62.993 64.996 64.999 68.002 74.007 76.012 76.019 72.026 75.034 91.041 84.048 75.056 78.065 85.077 89.091 92.107 89.128 64.152 29.179 12.208 11.231 0.000 0.435 11.496 20.547 4.610 0.000 20.133 80.371 108.336 100.240 103.960 103.695 101.677 101.634 102.595 97.557 84.521 50.486 57.452 100.420 111.390 143.362 134.335 106.311 94.291 111.274 90.261 84.253 59.249 0.000 0.000 0.000 0.000
0.994 9.992 23.989 78.993 63.994 61.994 63.994 63.994 64.995 11.995 2.996 57.999 65.998 64.998 64.998 64.999 67.000 91.002 76.003 62.005 65.008 65.011 65.015 64.019 64.024 64.030 63.036 70.043 99.050 78.057 9.064 17.073 29.085 80.098 90.114 74.133 79.156 66.185 18.214 15.238 0.332 5.409 18.451 10.499 0.000 0.000 38.283 108.474 108.405 103.122 104.859 100.765 101.724 101.683 101.643 101.604 88.567 51.532 66.498 103.465 99.434 133.404 128.377 97.352 102.330 88.312 69.298 87.289 65.285 0.000 0.000 0.000 0.000
63.007 59.004 0.000 71.003 81.003 82.003 63.003 75.004 82.004 58.005 56.006 66.007 65.008 65.008 65.009 65.010 84.011 88.013 63.015 65.017 64.020 63.023 65.026 65.031 65.035 65.041 64.046 72.052 101.059 82.065 28.071 1.082 52.093 77.103 90.117 69.133 59.155 18.189 11.228 14.264 12.316 20.369 24.399 0.000 0.000 17.220 79.456 108.540 100.385 104.100 103.840 101.817 101.771 101.730 101.689 102.650 93.613 82.576 105.542 130.508 118.476 135.445 132.417 126.390 133.366 99.346 76.330 86.320 94.317 23.327 0.000 0.000 0.000
65.014 64.014 59.017 65.013 64.012 12.012 86.013 78.013 65.014 66.014 66.015 65.017 65.017 65.018 65.019 68.021 91.022 74.024 64.026 65.028 71.031 79.034 65.038 63.042 65.046 64.051 67.056 91.061 99.067 74.073 62.080 50.089 72.097 71.106 32.116 17.128 14.141 0.000 3.244 3.274 4.315 5.353 7.376 0.000 20.326 77.450 99.595 108.604 101.347 101.985 101.905 101.860 101.817 101.775 101.734 102.695 93.657 76.620 72.584 105.550 95.516 109.484 112.454 100.425 102.398 74.375 51.356 65.343 132.337 85.338 20.340 10.340 32.340
65.022 65.022 65.022 65.021 65.021 59.021 75.022 91.022 67.023 64.024 65.025 65.026 65.027 65.028 64.030 87.031 89.033 63.034 65.036 66.039 63.042 25.045 84.049 79.052 66.056 64.061 82.065 101.070 85.075 65.081 65.087 66.093 69.100 73.106 10.115 11.121 0.000 0.222 15.231 0.000 0.000 0.000 0.000 0.000 43.469 100.605 108.726 108.666 101.233 102.063 101.944 101.905 101.861 101.819 101.778 100.738 85.700 87.662 107.626 126.590 125.556 130.522 135.489 122.458 120.427 107.399 56.376 54.360 130.350 94.346 32.342 25.341 90.340
65.029 65.029 65.029 65.029 65.029 65.030 65.030 76.031 91.032 67.033 64.034 65.036 65.037 63.039 71.040 92.042 72.043 64.045 66.047 64.048 6.052 3.056 72.059 73.063 79.067 78.070 86.074 85.079 66.083 64.088 66.093 69.098 74.102 74.105 0.000 0.000 0.000 2.214 26.217 13.213 14.212 13.212 0.000 4.731 51.795 105.839 108.785 100.579 102.285 102.018 101.995 101.947 101.904 101.862 101.821 101.781 87.742 83.703 104.666 105.630 105.594 108.559 108.524 107.490 112.454 85.419 61.390 76.370 91.358 30.352 0.000 0.000 34.340
65.036 67.036 67.036 65.037 65.038 65.038 65.039 65.040 76.041 91.042 67.044 62.045 62.047 79.049 91.050 85.052 62.054 65.056 61.057 7.056 4.063 58.067 65.070 65.073 71.076 88.080 88.083 81.087 74.091 66.095 53.099 23.102 88.106 68.108 0.000 0.000 0.000 1.209 15.211 8.211 22.211 11.211 0.000 4.961 25.014 108.901 108.843 101.447 102.176 102.079 102.034 101.989 101.946 101.903 101.862 102.822 97.783 87.744 82.706 81.668 81.631 81.595 81.559 85.522 59.482 3.431 29.394 85.373 81.361 42.353 4.349 0.000 33.340
66.044 3.044 4.041 65.044 64.046 63.047 63.048 62.049 62.050 75.051 90.053 83.055 90.057 92.058 79.061 63.063 70.065 70.067 58.069 0.000 6.077 69.079 65.081 67.084 91.086 98.089 76.092 67.095 74.098 81.102 69.105 5.108 48.110 66.112 0.000 0.000 0.000 2.201 8.205 5.209 19.210 0.000 0.000 5.166 10.525 108.956 106.705 102.410 102.149 102.122 102.074 102.029 101.986 101.944 101.903 101.862 102.823 101.784 99.745 98.707 98.668 99.631 101.594 75.557 17.519 0.000 14.381 70.368 101.358 92.350 65.346 41.342 58.340
65.053 64.053 0.000 64.054 75.055 79.055 83.056 88.057 91.058 92.060 92.062 92.064 78.066 65.068 81.071 98.073 99.076 99.079 92.082 70.089 5.089 66.090 64.092 73.094 101.096 88.099 65.101 64.103 66.106 69.109 60.111 5.114 25.116 25.118 0.000 0.000 0.000 8.194 3.199 0.000 2.210 0.000 13.106 14.474 5.704 109.010 110.653 106.286 102.205 102.158 102.112 102.068 102.025 101.983 101.942 101.902 101.863 101.824 101.784 101.745 102.704 105.666 77.630 10.594 0.000 0.000 0.000 15.360 71.352 102.345 93.341 69.339 46.340
65.061 67.062 63.065 65.063 80.063 79.064 75.064 71.065 70.067 66.069 87.071 77.073 88.076 79.078 95.081 91.084 84.086 85.089 96.093 102.097 91.099 92.100 84.102 92.104 100.106 73.108 64.110 65.112 65.114 64.116 64.118 66.120 61.122 10.126 70.133 61.138 0.159 2.181 0.000 0.000 0.000 3.880 81.984 79.204 109.106 109.059 104.532 105.355 102.235 102.195 102.149 102.106 102.063 102.022 101.981 101.942 101.902 101.864 101.824 103.783 108.738 77.701 17.665 0.000 0.000 0.000 0.000 0.000 12.345 63.338 98.334 48.333 0.000
67.069 3.068 62.071 65.071 65.071 65.072 64.072 65.073 67.074 65.077 77.080 72.083 81.085 92.088 80.091 65.094 66.097 67.100 68.103 73.106 86.109 96.111 102.113 100.114 89.116 65.117 65.118 65.120 65.121 65.123 66.124 89.126 62.128 2.131 66.135 16.143 10.156 3.168 0.000 0.000 0.000 13.805 102.015 104.212 109.150 102.870 102.569 102.301 102.278 102.229 102.185 102.142 102.100 102.059 102.019 101.980 101.942 101.904 103.866 88.824 42.765 9.733 0.000 0.000 0.000 0.000 0.000 0.000 0.000 34.327 96.326 48.325 0.000
68.077 1.077 62.078 65.078 65.079 65.079 65.080 66.081 4.080 64.086 68.089 79.092 79.095 87.098 92.101 78.104 63.107 63.110 63.114 65.117 67.120 68.122 69.123 69.125 68.126 67.126 63.127 63.128 64.129 65.130 76.130 90.131 61.132 55.133 57.135 0.000 0.000 3.168 0.000 0.000 0.000 17.833 100.942 109.233 109.191 101.725 102.450 102.353 102.308 102.263 102.219 102.177 102.136 102.096 102.057 102.018 101.981 101.945 106.911 62.884 0.000 0.000 0.000 0.000 0.000 0.000 0.000 0.000 0.000 37.318 97.317 56.316 0.000
