results2_8e3_rain/res_3e8f-0122.wd
ncols         241
nrows         181
xllcorner     12693529.787448
yllcorner     3542525.717860
cellsize      155.156523
NODATA_value  -9999.000000
[rows 66 to 98 of 181, columns 146 to 218 of 241]
30.970 45.908 67.849 68.794 68.742 68.692 68.644 68.596 68.550 71.512 7.489 0.000 0.000 0.000 0.000 0.000 0.000 0.000 39.459 14.459 0.000 21.457 51.454 51.454 51.456 58.457 64.457 64.455 64.452 64.448 64.443 64.437 64.430 64.423 64.417 66.412 51.407 52.404 44.403 0.000 0.000 0.000 0.000 0.000 20.470 27.459 36.436 30.394 8.340 6.268 21.225 42.190 50.158 44.128 39.098 39.068 29.040 26.012 25.984 28.958 49.932 61.907 56.884 45.861 52.839 59.819 63.799 63.781 62.763 62.746 62.730 62.716 62.701
34.027 52.965 70.906 68.852 68.802 68.755 68.708 68.658 73.600 62.558 32.538 29.547 0.000 0.000 0.000 0.000 0.000 10.458 12.459 0.000 0.000 0.000 21.445 52.446 61.446 64.446 64.446 64.445 64.442 68.439 66.435 64.430 64.425 64.420 63.415 55.411 49.408 55.406 45.405 0.000 0.000 0.000 0.000 12.461 26.462 31.455 27.446 0.000 0.000 3.204 23.185 26.161 40.134 49.108 38.081 37.053 35.026 25.999 25.972 24.946 30.920 54.896 61.872 46.850 48.828 50.808 52.788 56.770 60.752 62.736 63.720 62.705 62.691
39.082 60.019 69.958 68.905 68.859 68.818 66.776 65.726 20.636 5.581 36.559 42.555 7.556 0.000 0.000 0.000 0.000 0.000 0.000 0.000 0.000 5.433 34.436 54.437 64.437 64.437 64.437 64.435 64.433 66.430 65.427 64.424 64.420 65.416 55.413 53.411 56.409 51.407 43.406 0.000 0.000 0.000 0.000 30.461 33.461 0.000 0.000 0.000 0.000 31.160 33.150 43.132 46.112 57.088 55.064 43.038 32.012 23.985 25.959 25.933 20.908 34.884 51.860 55.838 60.816 57.796 50.777 55.758 58.741 58.725 56.709 58.694 61.681
44.136 67.070 71.004 71.951 68.913 69.881 64.854 10.834 0.000 35.572 36.563 41.558 49.557 0.000 0.000 0.000 0.000 0.000 0.000 0.000 0.000 17.429 40.430 53.430 65.429 64.429 64.428 64.427 64.425 65.423 64.420 64.418 64.415 61.412 55.411 20.411 0.000 0.000 0.000 0.000 0.000 0.000 0.000 26.460 33.460 0.000 0.000 0.000 48.117 34.126 29.121 57.108 62.091 63.071 67.048 61.024 48.999 28.972 25.946 25.921 23.895 24.871 30.847 31.825 38.804 46.783 53.764 57.746 58.729 59.713 55.697 58.683 59.670
26.192 31.121 41.036 16.982 73.960 70.939 55.924 32.923 2.954 0.000 0.000 0.000 0.000 0.000 0.000 0.000 0.000 0.000 0.000 0.000 0.000 18.426 43.423 46.422 62.422 64.421 64.420 64.419 68.418 67.416 64.414 64.412 65.410 56.408 59.407 0.000 0.000 0.000 0.000 0.000 0.000 0.000 0.000 0.000 20.460 29.460 0.000 0.000 79.108 42.107 24.101 55.089 63.074 63.056 63.035 66.011 64.986 44.960 27.933 25.907 23.882 26.857 27.834 35.811 40.790 29.770 29.751 34.733 39.716 45.700 50.685 54.671 58.658
72.255 51.188 0.000 0.000 78.007 69.990 56.982 38.979 5.985 0.000 0.000 0.000 0.000 0.000 0.000 0.000 0.000 0.000 0.000 0.000 0.000 0.000 4.415 48.415 64.415 64.414 64.413 64.412 66.411 65.409 64.408 64.406 65.404 53.403 63.403 0.000 0.000 0.000 0.000 0.000 0.000 0.000 0.000 0.000 0.000 0.000 0.000 0.000 16.101 32.094 25.085 55.074 63.061 63.044 64.024 64.001 63.975 56.947 32.920 28.894 26.868 23.843 44.819 56.797 62.775 46.755 39.737 35.719 33.702 30.687 30.672 30.659 58.646
48.327 0.000 0.000 75.178 75.072 73.032 64.033 49.029 5.021 0.000 0.000 0.000 0.000 0.000 0.000 0.000 0.000 0.000 0.000 0.000 0.000 0.000 30.408 53.408 65.408 64.407 64.406 65.406 64.404 64.403 64.402 64.400 65.399 58.398 23.397 0.000 0.000 0.000 0.000 0.000 0.000 0.000 0.000 0.000 0.000 0.000 0.000 0.000 0.000 29.082 28.071 46.062 61.050 64.036 58.017 53.993 59.965 50.935 33.907 32.880 41.854 36.828 59.804 63.781 62.760 60.740 60.721 57.704 55.688 52.673 48.659 40.646 60.633
75.368 65.366 71.338 27.283 0.000 0.000 70.091 44.081 5.051 0.000 7.251 0.000 0.000 0.000 0.000 0.000 0.000 0.000 0.000 0.000 0.000 0.000 46.401 58.401 65.401 64.401 64.400 66.399 66.398 64.397 64.396 64.395 63.394 59.393 8.392 0.000 0.000 0.000 0.000 0.000 0.000 0.000 0.000 0.000 0.000 0.000 0.000 0.000 0.000 0.000 17.057 43.051 61.043 62.032 43.016 45.989 47.958 44.920 29.892 26.865 49.839 58.813 62.788 64.764 64.743 65.723 63.705 63.689 64.673 63.659 64.645 64.632 63.620
77.410 69.392 74.364 25.335 0.000 0.000 61.159 9.153 0.000 0.000 39.251 2.251 0.000 0.000 0.000 0.000 0.000 0.000 0.000 0.000 0.000 0.000 49.395 61.395 65.395 64.395 64.394 65.394 65.393 64.392 64.391 65.389 61.388 56.387 6.386 0.000 0.000 0.000 0.000 0.000 0.000 0.000 0.000 0.000 0.000 0.000 0.000 0.000 9.043 11.044 22.047 38.045 60.040 62.033 8.027 0.000 0.000 34.897 28.874 23.851 37.825 56.796 62.769 64.746 64.725 64.705 62.688 62.672 63.657 62.643 62.630 63.618 63.607
69.471 69.429 69.392 67.358 54.328 40.287 33.233 32.219 28.240 31.248 34.251 34.251 6.251 0.000 0.000 0.000 0.000 0.000 10.368 12.368 0.000 2.388 48.389 62.389 64.389 64.389 64.389 64.388 64.388 64.387 64.386 64.384 46.383 41.382 39.380 34.377 0.000 0.000 0.000 0.000 0.000 0.000 0.000 0.000 0.000 0.000 0.000 0.000 13.043 39.043 30.043 34.041 54.038 55.034 28.031 0.000 0.000 0.000 25.858 30.841 29.814 48.777 61.748 62.725 62.705 62.686 62.670 62.655 62.641 62.628 62.615 62.604 62.593
69.508 69.461 69.417 68.376 65.338 67.301 41.268 20.252 58.252 31.253 35.254 11.253 0.000 0.000 0.000 0.000 0.000 0.000 10.368 56.368 5.369 0.000 47.383 61.383 65.384 64.384 66.384 67.383 65.383 64.382 64.381 62.380 55.378 46.377 47.375 46.374 0.000 0.000 0.000 0.000 0.000 0.000 0.000 0.000 0.000 0.000 0.000 0.000 7.042 42.042 34.041 41.039 56.036 51.034 57.033 0.000 0.000 0.000 0.000 0.000 0.000 38.749 61.722 62.701 62.683 62.666 62.650 62.636 62.623 62.611 62.600 62.589 62.579
69.540 69.492 70.439 72.391 69.348 69.312 68.284 69.269 60.262 38.260 10.259 0.000 0.000 0.000 0.000 0.000 0.000 0.000 0.000 49.369 36.370 26.372 42.376 64.378 64.379 64.379 64.379 64.379 64.378 64.377 64.376 64.375 62.374 41.372 45.371 52.369 0.000 0.000 0.000 0.000 0.000 0.000 0.000 0.000 0.000 0.000 0.000 0.000 3.042 54.042 0.000 21.037 44.035 51.034 12.033 0.000 0.000 0.000 0.000 0.000 0.000 0.000 50.690 63.676 62.659 62.644 62.630 62.617 62.605 62.594 62.584 62.574 62.564
72.574 68.528 65.456 67.400 70.353 70.312 72.290 69.276 67.269 54.265 3.264 0.000 0.000 0.000 0.000 0.000 0.000 0.000 0.000 5.369 40.369 32.370 48.372 66.374 64.375 64.375 64.375 64.375 64.374 64.373 64.372 64.371 65.370 54.368 41.366 45.364 51.360 0.000 0.000 0.000 0.000 0.000 0.000 0.000 0.000 0.000 0.000 0.000 0.000 0.000 0.000 0.000 29.034 48.033 0.000 0.000 0.000 0.000 0.000 0.000 0.000 0.000 38.671 59.653 62.635 62.621 62.608 62.597 62.587 62.577 62.568 62.559 62.550
65.614 26.592 0.000 0.000 0.000 62.295 67.286 73.278 69.272 58.269 8.267 0.000 42.268 12.268 0.000 0.000 0.000 0.000 0.000 0.000 32.367 36.368 57.369 65.370 66.371 67.372 64.372 64.371 64.371 64.370 64.369 64.367 64.366 65.364 44.362 26.359 35.357 0.000 0.000 0.000 0.000 0.000 0.000 0.000 0.000 0.000 0.000 0.000 0.000 0.000 0.000 0.000 18.033 51.033 0.000 0.000 0.000 0.000 0.000 0.000 0.000 0.000 0.000 39.631 59.609 62.595 62.585 62.576 62.568 62.560 62.552 62.543 62.535
60.647 17.634 0.000 0.000 37.286 35.287 52.282 71.277 68.273 53.270 34.269 38.268 42.268 8.268 0.000 0.000 0.000 0.000 3.359 0.000 33.365 44.366 64.367 64.368 67.368 67.369 64.369 64.369 64.368 64.367 64.366 64.364 64.363 65.360 61.358 56.355 45.352 25.347 19.345 0.000 0.000 0.000 0.000 0.000 0.000 0.000 0.000 0.000 0.000 0.000 0.000 0.000 20.033 12.033 0.000 0.000 0.000 0.000 0.000 0.000 0.000 0.000 0.000 0.000 44.573 60.568 62.561 62.555 62.549 62.542 62.536 62.529 62.521
66.672 47.664 19.670 0.000 0.000 37.283 37.279 59.276 71.273 49.271 36.269 41.269 19.268 0.000 0.000 0.000 0.000 0.000 32.359 25.360 30.362 47.363 66.364 66.365 67.366 64.366 64.366 64.366 64.366 64.365 64.363 64.362 64.360 64.358 64.355 66.352 55.349 43.345 32.342 33.339 26.337 17.336 22.336 0.000 0.000 0.000 0.000 0.000 0.000 0.000 0.000 0.000 23.032 0.000 0.000 0.000 0.000 0.000 0.000 0.000 0.000 0.000 0.000 0.000 29.543 57.541 61.538 62.534 62.530 62.526 62.520 62.514 62.508
69.690 60.682 13.676 0.000 0.000 0.000 36.277 41.274 68.272 56.271 37.270 40.269 15.268 0.000 0.000 0.000 0.000 0.000 35.358 28.359 31.360 49.361 68.362 67.363 65.364 65.365 64.365 64.364 64.364 64.363 64.361 65.360 65.358 65.355 59.352 50.349 54.346 61.343 54.340 52.338 40.336 27.335 34.335 0.000 0.000 0.000 0.000 0.000 0.000 0.000 0.000 0.000 0.000 0.000 0.000 0.000 0.000 0.000 0.000 0.000 0.000 0.000 0.000 0.000 21.516 52.516 62.515 64.514 64.512 64.510 63.506 62.501 62.495
69.703 44.697 0.000 0.000 0.000 0.000 0.000 43.272 56.271 50.270 49.269 46.269 36.268 14.268 0.000 0.000 0.000 0.000 34.357 27.358 32.359 47.360 59.361 56.362 51.363 53.364 58.364 63.363 65.362 65.361 63.360 53.358 51.357 56.354 45.349 42.346 42.343 53.341 57.339 52.337 38.335 27.334 0.000 0.000 0.000 0.000 0.000 0.000 0.000 0.000 0.000 0.000 0.000 0.000 0.000 0.000 0.000 0.000 0.000 0.000 0.000 0.000 0.000 0.000 9.488 34.491 40.494 42.495 42.495 43.495 52.493 61.490 62.484
68.712 34.708 0.000 0.000 0.000 0.000 0.000 38.271 32.271 31.270 39.269 39.269 39.268 35.268 8.268 0.000 0.000 0.000 39.356 34.357 39.357 49.358 52.359 55.361 13.362 0.000 0.000 4.362 65.361 62.360 51.358 6.358 0.000 0.000 44.346 76.343 69.341 48.338 54.337 48.335 37.333 22.332 25.331 0.000 0.000 0.000 0.000 0.000 0.000 0.000 0.000 0.000 0.000 0.000 0.000 0.000 0.000 0.000 0.000 0.000 13.418 34.418 45.424 44.437 62.458 70.468 71.473 69.477 71.480 58.481 41.482 59.482 62.477
66.718 31.714 0.000 0.000 0.000 0.000 0.000 38.271 34.270 13.270 0.000 0.000 0.000 0.000 0.000 0.000 0.000 0.000 45.355 39.355 34.356 30.356 16.357 0.000 0.000 0.000 0.000 0.000 0.000 0.000 38.355 0.354 0.000 0.000 0.000 39.339 72.338 32.336 33.334 32.333 28.332 31.331 78.330 37.329 0.000 0.000 0.000 0.000 0.000 0.000 0.000 0.000 0.000 0.000 0.000 0.000 0.000 0.000 0.000 0.000 0.000 81.413 77.418 59.428 60.440 57.448 58.455 80.460 73.465 59.469 39.474 48.477 47.477
52.721 33.718 27.718 0.000 0.000 0.000 0.000 0.000 36.270 20.270 0.000 0.000 0.000 0.000 0.000 0.000 0.000 0.000 45.354 45.354 46.354 29.355 4.355 0.000 0.000 0.000 0.000 0.000 0.000 0.000 34.352 11.351 0.000 0.000 0.000 38.337 87.336 51.334 54.332 49.330 34.330 52.330 106.329 103.329 34.329 0.000 0.000 0.000 0.000 0.000 0.000 0.000 0.000 0.000 0.000 0.000 0.000 12.379 2.379 0.385 9.395 84.403 51.409 59.416 50.424 31.432 42.438 85.444 51.450 38.458 45.465 0.000 0.000
36.722 36.719 22.719 0.000 0.000 0.000 0.000 0.000 0.000 0.000 0.000 0.000 0.000 0.000 0.000 0.000 0.000 0.000 48.353 39.353 33.353 31.353 5.354 0.000 0.000 0.000 0.000 0.000 0.000 31.350 24.350 49.350 45.350 0.000 0.000 44.336 50.335 42.333 85.330 74.326 45.328 0.000 62.329 117.328 1.328 0.000 0.000 0.000 0.000 0.000 0.000 0.000 0.000 0.000 0.000 0.000 63.378 101.379 92.380 88.382 35.388 79.394 47.399 36.404 83.410 64.417 84.422 65.428 35.435 43.445 0.000 0.000 0.000
39.721 40.719 32.718 0.000 0.000 0.000 0.000 0.000 0.000 0.000 0.000 0.000 0.000 0.000 0.000 0.000 0.000 0.000 2.352 43.352 33.352 11.352 0.000 0.000 0.000 0.000 0.000 0.000 0.000 33.349 30.349 6.350 0.000 0.000 0.000 18.335 0.000 0.000 0.000 40.316 0.000 0.000 18.328 84.328 39.328 0.000 0.000 0.000 0.000 0.000 0.000 0.000 0.000 0.000 0.000 0.000 19.378 0.000 63.378 67.379 18.382 79.385 56.388 29.392 47.397 97.402 111.407 45.412 33.416 0.430 0.000 0.000 9.340
38.720 39.718 39.718 43.716 35.716 0.000 0.000 0.000 0.000 0.000 0.000 0.000 0.000 0.000 0.000 0.000 0.000 0.000 0.000 33.351 29.351 13.351 0.000 0.000 0.000 0.000 0.000 0.000 34.348 31.349 8.349 0.000 0.000 0.000 0.000 0.000 0.000 0.000 0.000 44.306 0.000 0.000 18.328 0.000 0.000 0.000 0.000 0.000 0.000 0.000 0.000 0.000 0.000 0.000 0.000 0.000 0.000 0.000 39.375 58.376 17.376 81.376 61.378 31.380 80.383 83.387 78.391 86.396 50.401 0.000 0.000 0.000 23.332
40.717 18.718 29.717 38.716 38.715 38.715 37.714 0.000 0.000 0.000 0.000 0.000 0.000 0.000 0.000 0.000 0.000 0.000 0.000 35.350 31.350 15.350 0.000 0.000 0.000 0.000 0.000 0.000 0.000 37.348 9.349 0.000 0.000 0.000 0.000 0.000 0.000 0.000 8.295 31.297 35.294 12.294 0.000 0.000 0.000 0.000 0.000 0.000 0.000 0.000 0.000 0.000 0.000 0.000 0.000 0.000 0.000 0.000 42.372 62.372 22.370 82.367 67.366 81.367 81.369 40.371 33.376 78.381 27.391 0.000 0.000 24.313 32.320
45.713 0.000 0.000 35.715 24.715 0.000 37.714 27.714 0.000 0.000 0.000 0.000 0.000 0.000 0.000 0.000 0.000 0.000 0.000 34.349 31.349 19.349 0.000 0.000 0.000 0.000 0.000 0.000 0.000 0.000 0.000 0.000 0.000 0.000 0.000 0.000 0.000 0.000 47.293 64.292 25.291 0.000 0.000 0.000 0.000 0.000 0.000 0.000 0.000 0.000 0.000 0.000 0.000 0.000 0.000 0.000 0.000 0.000 77.370 63.369 24.365 82.357 79.354 71.352 63.353 49.355 50.359 19.362 0.000 0.000 8.302 27.306 34.310
42.708 0.000 0.000 22.715 14.715 0.000 0.000 0.000 0.000 46.658 42.657 33.657 0.000 0.000 0.000 0.000 0.000 0.000 0.000 38.348 34.349 16.349 0.000 0.000 0.000 0.000 0.000 0.000 0.000 0.000 0.000 0.000 0.000 0.000 0.000 0.000 0.000 0.000 10.291 94.289 60.288 0.000 0.000 0.000 0.000 0.000 0.000 0.000 0.000 0.000 0.000 0.000 0.000 0.000 0.000 0.000 0.000 0.000 9.370 0.000 0.000 56.343 97.339 76.337 75.337 73.338 76.342 24.346 0.000 0.000 12.299 26.299 27.301
58.702 0.000 0.000 0.000 0.000 44.671 31.670 0.000 42.660 36.658 36.657 28.657 0.000 0.000 0.000 0.000 0.000 0.000 0.000 38.348 33.348 21.348 0.000 0.000 0.000 0.000 0.000 0.000 0.000 0.000 0.000 0.000 0.000 0.000 0.000 0.000 0.000 0.000 0.000 38.286 30.283 1.277 0.000 0.000 0.000 0.000 0.000 0.000 0.000 0.000 0.000 0.000 0.000 0.000 0.000 0.000 0.000 0.000 0.000 0.000 0.000 3.332 39.322 40.319 38.319 38.320 35.324 31.335 0.000 0.000 5.295 26.291 24.292
69.695 58.688 40.684 41.680 40.676 34.672 35.669 36.665 34.661 39.659 38.657 29.656 26.656 0.000 0.000 0.000 0.000 0.000 0.000 25.348 0.000 0.000 0.000 0.000 0.000 0.000 0.000 0.000 0.000 0.000 0.000 0.000 0.000 0.000 0.000 0.000 0.000 0.000 0.000 0.000 37.279 0.085 0.000 0.000 0.000 0.000 0.000 0.000 0.000 0.000 0.000 0.000 0.000 0.000 0.000 0.000 0.000 0.000 0.000 0.000 0.000 0.000 27.299 26.299 26.300 42.300 37.300 0.000 0.000 0.000 0.000 39.279 51.281
69.690 63.687 33.683 33.680 33.677 16.672 17.669 21.665 31.661 40.658 37.657 29.656 32.655 21.655 0.000 0.000 0.000 0.000 0.000 0.000 0.000 0.000 0.000 0.000 0.000 0.000 0.000 0.000 0.000 0.000 0.000 0.000 0.000 0.000 0.000 0.000 0.000 0.000 0.000 0.000 0.000 0.355 0.000 0.000 0.000 0.000 0.000 0.000 0.000 0.000 0.000 0.000 0.000 0.000 0.000 0.000 0.000 0.000 0.000 0.000 19.256 22.262 26.275 26.279 28.281 47.280 37.276 20.264 0.000 0.000 34.258 55.266 62.270
69.687 67.685 37.683 34.681 14.679 0.000 0.000 0.000 0.000 31.657 34.656 32.655 25.654 0.000 0.000 0.000 0.000 0.000 0.000 0.000 0.000 0.000 0.000 0.000 0.000 0.000 0.000 0.000 0.000 0.000 0.000 0.000 0.000 0.000 0.000 0.000 0.000 0.000 0.000 0.000 0.000 3.157 0.000 0.000 0.000 0.000 0.000 0.000 0.000 0.000 0.000 0.000 0.000 0.000 0.000 0.000 0.000 0.000 0.000 0.000 30.251 27.254 26.260 22.263 35.264 52.263 36.260 25.253 20.247 20.246 44.251 61.256 62.260
69.684 67.683 20.683 24.682 0.000 0.000 0.000 0.000 0.000 0.000 22.655 35.654 27.653 0.000 0.000 0.000 0.000 0.000 0.000 0.000 0.000 0.000 0.000 0.000 0.000 0.000 0.000 0.000 0.000 0.000 0.000 0.000 0.000 0.000 0.000 0.000 0.000 0.000 0.000 0.000 0.000 0.000 0.000 0.000 0.000 0.000 0.000 0.000 0.000 0.000 0.000 0.000 0.000 0.550 0.000 0.000 0.000 0.000 0.000 24.237 22.242 21.245 26.248 40.250 53.250 43.249 27.246 25.243 27.241 24.241 45.243 63.247 62.251
69.681 43.682 0.000 0.000 0.000 0.000 0.000 0.000 0.000 0.000 0.000 25.653 32.652 30.651 0.000 0.000 0.000 0.000 0.000 0.000 0.000 0.000 0.000 0.000 0.000 0.000 0.000 0.000 0.000 0.000 0.000 0.000 0.000 0.000 0.000 0.000 0.000 0.000 0.000 0.000 0.000 0.000 0.000 0.000 0.000 0.000 0.000 0.000 0.000 0.000 0.000 0.000 0.000 0.068 2.218 0.000 29.225 21.226 19.228 31.232 45.235 50.237 52.238 52.238 38.237 26.236 25.234 25.233 24.232 26.233 49.235 64.238 62.242
