results2_8e3_rain/res_3e8f-0157.wd
ncols         241
nrows         181
xllcorner     12693529.787448
yllcorner     3542525.717860
cellsize      155.156523
NODATA_value  -9999.000000
[rows 33 to 65 of 181, columns 73 to 145 of 241]
0.000 0.000 0.000 0.000 0.000 0.000 0.000 0.000 0.000 0.000 0.000 0.000 0.000 0.000 0.000 0.000 0.000 0.000 0.000 0.000 0.000 0.000 0.000 0.000 0.000 0.000 0.000 0.000 0.000 0.000 0.000 0.000 0.000 0.000 0.000 0.000 0.000 0.000 0.000 39.177 62.178 67.180 23.182 0.000 0.000 32.260 46.288 13.268 4.268 36.290 39.306 33.304 34.286 35.251 35.199 35.128 35.038 33.924 39.774 59.541 6.066 14.198 11.490 46.661 63.124 67.652 66.212 66.815 65.352 67.441 62.498 62.104 62.095
0.000 0.000 0.000 0.000 0.000 0.000 0.000 0.000 0.000 0.000 0.000 0.000 0.000 0.000 0.000 0.000 0.000 0.000 0.000 0.000 0.000 0.000 0.000 0.000 0.000 0.000 0.000 0.000 0.000 0.000 0.000 0.000 0.000 0.000 0.000 0.000 0.000 0.000 0.000 0.000 14.179 9.179 0.000 0.000 0.000 0.000 28.380 0.000 0.000 26.331 50.372 49.377 39.360 35.325 35.269 35.192 35.095 33.979 55.848 53.694 0.000 37.040 49.611 63.044 67.529 67.052 66.624 66.133 67.195 63.214 62.508 62.762 65.065
0.000 0.000 0.000 0.000 0.000 0.000 0.000 0.000 0.000 0.000 0.000 0.000 0.000 0.000 0.000 0.000 0.000 0.000 34.716 66.716 19.716 0.000 0.000 0.000 0.000 0.000 0.000 0.000 0.000 0.000 0.000 0.000 0.000 0.000 0.000 0.000 0.000 0.000 0.000 0.000 0.000 0.000 0.000 0.000 0.000 0.000 20.471 0.000 0.000 0.000 28.475 46.470 46.453 37.418 35.360 35.277 33.171 49.050 57.944 0.000 22.696 47.310 61.869 68.377 67.888 67.435 66.917 68.951 64.939 63.041 63.439 65.765 65.012
0.000 0.000 0.000 0.000 0.000 0.000 0.000 0.000 0.000 0.000 0.000 21.718 59.718 0.000 0.000 0.000 0.000 0.000 41.716 92.716 48.716 0.000 0.000 0.000 0.000 0.000 0.000 0.000 0.000 0.000 0.000 0.000 0.000 0.000 0.000 0.000 0.000 0.000 0.000 0.000 0.000 0.000 0.000 0.000 0.000 0.000 23.562 24.603 31.622 17.620 27.584 35.575 48.564 39.535 35.477 32.386 43.261 53.108 41.933 17.605 47.083 64.633 69.178 68.703 68.242 67.704 67.710 66.674 63.685 64.131 66.470 65.723 65.491
0.000 0.000 0.000 0.000 0.000 0.000 0.000 0.000 0.000 0.000 0.000 42.718 77.718 66.718 53.718 8.718 2.718 26.717 80.717 88.716 53.716 0.000 0.000 0.000 0.000 22.643 1.643 0.000 0.000 0.000 0.000 0.000 0.000 0.000 0.000 0.000 0.000 6.647 0.000 0.000 0.000 10.646 28.646 0.000 0.000 39.625 54.612 57.626 55.642 41.655 35.664 34.682 48.693 39.680 31.628 45.527 59.380 47.187 35.074 49.800 54.398 66.963 69.503 69.044 68.494 68.476 66.421 64.440 64.843 67.189 66.448 66.219 65.887
0.000 0.000 0.000 0.000 0.000 0.000 0.000 0.000 0.000 0.000 0.000 13.718 75.718 58.718 39.718 1.718 22.718 72.717 83.717 90.716 49.716 0.000 0.000 0.000 0.000 60.643 44.643 0.000 0.000 0.000 0.000 0.000 0.000 0.000 0.000 0.000 23.647 35.647 37.647 0.000 0.000 19.647 44.646 23.645 37.643 60.637 63.636 64.646 61.665 48.693 35.736 32.797 49.845 40.863 44.829 62.713 56.547 0.000 33.375 52.122 64.748 70.312 69.858 69.300 69.256 67.189 65.321 65.577 67.924 67.192 66.968 66.636 66.305
0.000 0.000 0.000 0.000 0.000 0.000 0.000 0.000 0.000 0.000 0.000 0.000 0.000 26.718 64.718 60.718 48.718 61.718 81.717 92.716 45.715 0.000 0.000 0.000 0.000 22.643 46.643 48.643 0.000 0.000 0.000 0.000 0.000 0.000 0.000 0.000 39.647 40.647 52.647 35.647 24.647 38.647 39.647 35.647 42.646 49.646 47.649 40.659 59.678 25.714 41.792 44.925 35.028 47.100 60.112 56.948 0.019 8.350 44.929 61.565 70.159 70.697 70.144 70.070 66.997 66.371 66.344 68.680 67.958 67.741 67.415 67.083 66.728
0.000 0.000 0.000 0.000 0.000 0.000 0.000 0.000 0.000 0.000 0.000 0.000 0.000 16.719 83.719 78.719 68.719 58.718 82.717 90.716 85.713 70.710 25.707 0.000 0.000 0.000 2.643 56.644 40.644 38.644 49.644 44.644 7.644 0.000 0.000 3.647 39.647 38.647 59.647 65.647 54.647 46.648 38.648 35.648 36.649 37.650 36.654 34.662 42.675 3.695 0.000 4.083 40.240 63.396 61.572 1.002 7.086 44.771 58.423 68.060 71.596 71.155 71.929 67.880 67.665 67.160 69.465 68.746 68.534 68.218 67.899 67.548 67.161
0.000 0.000 0.000 0.000 0.000 0.000 0.000 0.000 0.000 0.000 0.000 0.000 0.000 0.000 16.719 55.720 30.720 66.720 85.718 90.716 88.713 86.709 75.705 34.702 0.000 0.000 0.000 12.644 51.644 51.644 64.644 62.644 55.644 50.644 0.000 0.000 6.647 43.647 62.647 69.647 61.648 45.648 34.649 35.649 35.651 35.653 35.656 35.661 39.666 0.000 0.000 0.000 10.456 47.671 17.162 14.488 49.425 54.221 65.955 72.556 72.405 70.643 68.968 69.332 68.062 70.298 69.567 69.347 69.035 68.731 68.408 68.051 67.625
0.000 0.000 0.000 0.000 0.000 0.000 0.000 0.000 0.000 0.000 0.000 0.000 0.000 0.000 0.000 1.721 87.722 87.722 89.721 89.718 88.713 82.707 76.702 47.698 0.000 0.000 0.000 0.000 0.000 19.644 64.644 58.644 73.644 70.645 49.645 28.646 29.647 38.647 60.647 69.648 60.648 43.648 33.649 38.650 37.652 35.654 35.656 35.659 36.661 28.660 0.000 0.000 0.000 0.000 8.918 51.971 54.902 62.756 73.476 73.585 71.944 73.829 71.575 69.108 71.213 70.441 70.189 69.861 69.558 69.257 68.953 68.622 67.188
0.000 0.000 0.000 0.000 0.000 0.000 22.673 45.670 0.000 23.613 63.603 52.591 56.580 31.573 0.000 0.000 23.724 95.725 89.725 86.721 83.714 86.705 77.697 40.692 0.000 0.000 0.000 0.000 0.000 0.000 0.000 8.644 62.644 63.645 14.645 0.000 5.647 42.647 60.647 65.648 55.648 46.649 44.650 6.651 13.652 41.655 35.657 35.658 36.660 42.660 50.659 12.659 0.000 0.000 24.619 57.576 61.471 72.280 74.494 74.125 77.409 75.985 70.459 72.257 71.394 71.077 70.710 70.383 70.074 69.787 69.524 69.296 75.130
0.000 0.000 0.000 0.000 0.000 0.000 22.676 65.668 7.648 57.624 59.605 71.589 54.576 39.567 0.000 0.000 11.726 80.728 92.733 89.728 89.717 90.702 84.689 38.680 0.000 0.000 0.000 0.000 0.000 0.000 0.000 0.000 0.000 47.645 6.645 0.000 1.647 48.647 45.647 57.648 14.648 0.000 0.000 0.000 0.000 7.656 45.657 39.658 2.659 32.659 66.659 49.659 2.659 0.000 29.373 63.213 72.116 75.237 74.992 79.168 78.423 71.822 73.379 72.420 72.016 71.590 71.220 70.880 70.570 70.293 70.061 69.907 74.906
20.951 64.945 54.941 0.000 0.000 0.000 16.687 76.675 52.654 54.628 60.605 84.584 85.567 80.552 34.538 0.000 0.000 0.000 40.752 94.742 89.722 90.699 87.676 46.660 0.000 0.000 0.000 0.000 0.000 0.000 0.000 0.000 0.000 5.645 0.000 0.000 0.000 0.000 0.000 0.000 0.000 0.000 0.000 0.000 0.000 0.000 0.000 20.658 17.659 0.000 0.000 0.000 0.000 18.784 56.201 73.154 74.831 75.764 80.113 79.720 72.854 74.407 73.438 72.975 72.495 72.077 71.696 71.349 71.033 70.753 70.521 70.365 73.343
20.952 76.945 58.936 54.927 0.000 0.000 3.711 68.693 70.663 70.631 82.601 79.576 91.555 90.537 51.524 0.000 0.000 0.000 16.782 96.763 89.732 90.695 87.657 47.624 0.000 0.000 8.197 56.160 68.120 37.093 0.000 0.000 0.000 0.000 0.000 0.000 0.000 0.000 0.000 0.000 0.000 0.000 0.000 0.000 0.000 0.000 0.000 0.000 5.659 0.000 0.000 0.000 16.749 57.256 74.217 74.799 81.027 80.518 74.129 74.689 75.186 74.364 73.892 73.389 72.938 72.522 72.139 71.785 71.460 71.165 70.905 77.688 18.515
84.954 81.945 60.933 61.918 53.895 0.841 58.751 53.724 61.673 74.632 78.593 89.565 90.539 89.516 58.498 0.000 0.000 0.000 15.832 95.797 89.748 90.692 85.630 65.557 49.441 50.336 50.234 58.164 79.107 46.066 0.000 0.000 0.000 0.000 0.000 0.000 0.000 0.000 0.000 0.000 0.000 0.000 0.000 0.000 0.000 0.000 0.000 0.000 0.000 0.000 14.839 45.617 55.124 74.111 75.701 82.368 81.775 74.679 76.397 75.729 75.185 74.725 74.237 73.777 73.342 72.934 72.552 72.193 71.857 71.542 78.247 23.968 0.000
81.959 76.948 74.934 57.915 61.887 61.848 52.802 45.780 0.000 0.000 20.572 79.552 90.521 88.491 73.453 40.402 0.000 3.003 64.916 85.844 90.771 89.696 90.616 80.530 56.431 53.333 52.238 61.155 79.078 61.997 47.886 48.799 52.734 63.695 27.679 0.000 0.000 0.000 0.000 0.000 0.000 0.000 0.000 0.000 0.000 0.000 0.000 0.000 0.000 0.000 26.039 65.880 73.826 76.474 83.248 82.852 75.403 77.071 76.290 75.917 75.474 75.019 74.572 74.136 73.719 73.321 72.942 72.580 72.233 77.899 24.573 0.000 0.000
70.966 22.954 90.940 61.920 55.888 56.858 58.830 58.814 47.816 0.000 0.000 0.535 24.502 95.472 85.423 63.350 55.230 62.090 60.985 62.891 70.797 71.703 58.609 55.516 53.421 53.326 52.232 61.141 76.051 54.959 51.862 56.776 72.710 75.671 60.663 34.663 0.000 0.000 0.000 0.000 0.000 0.000 0.000 0.000 0.000 0.000 0.000 0.000 0.000 16.878 58.724 74.336 77.176 83.812 83.568 76.100 77.743 76.957 76.599 76.169 75.744 75.316 74.893 74.478 74.077 73.689 73.314 72.951 78.596 24.248 0.000 0.000 0.000
16.974 89.963 90.951 76.939 0.000 3.865 63.847 59.829 70.818 61.809 0.000 0.550 3.508 83.472 80.418 65.345 56.249 53.144 53.042 55.939 68.823 76.710 79.602 72.504 62.411 55.317 54.222 70.126 73.028 47.927 51.827 51.733 52.658 56.616 35.639 0.000 0.000 0.000 6.191 0.000 0.000 0.000 0.000 0.000 0.000 0.000 0.000 20.099 51.770 59.627 73.143 84.472 84.087 77.154 77.749 78.315 77.625 77.260 76.838 76.428 76.017 75.608 75.204 74.808 74.421 74.043 74.675 81.312 24.954 0.000 0.000 0.000 0.000
94.982 90.972 90.961 90.946 77.925 60.890 60.863 60.838 51.818 0.773 17.657 24.609 76.545 73.491 76.431 69.361 70.280 70.192 70.102 73.000 67.845 67.713 69.582 73.489 74.400 72.309 68.213 79.112 77.006 64.896 65.784 65.673 67.572 42.495 0.000 0.000 0.000 0.000 7.191 0.000 0.000 0.000 0.000 0.000 0.000 6.967 54.750 55.318 76.334 76.892 85.538 85.059 79.642 79.358 78.746 78.279 77.900 77.488 77.086 76.686 76.289 75.896 75.509 75.128 74.756 75.389 79.028 11.670 0.000 0.000 0.000 0.000 0.000
93.990 89.983 89.974 90.960 87.938 65.908 59.876 60.843 61.807 53.755 2.689 68.632 65.573 66.516 67.455 62.389 66.317 71.243 79.173 64.115 0.000 0.000 14.526 72.470 68.392 68.307 68.210 68.103 67.988 67.866 67.739 67.605 65.461 60.298 33.081 0.000 8.716 52.493 59.191 70.882 40.642 0.000 0.000 0.000 0.951 56.161 66.958 78.886 79.524 86.274 85.939 80.293 79.969 79.233 78.904 78.514 78.116 77.723 77.331 76.942 76.557 76.177 75.806 75.441 76.084 78.730 26.379 0.000 0.000 0.000 0.000 0.000 0.000
79.996 79.996 79.994 90.982 90.959 80.928 56.891 59.852 60.812 60.766 66.712 75.657 59.600 56.543 54.484 61.421 76.356 75.292 60.230 40.173 0.000 0.000 0.000 0.493 57.392 52.316 52.216 52.102 51.977 52.843 55.701 56.546 56.370 55.155 55.864 54.416 53.939 62.572 69.198 66.812 73.402 70.858 65.346 62.835 65.213 76.826 80.340 80.134 86.767 86.550 80.932 80.586 79.836 79.509 79.113 78.727 78.339 77.954 77.572 77.194 76.819 76.451 76.095 76.748 77.407 16.069 0.000 0.000 0.000 0.000 0.000 0.000 0.000
0.000 46.009 58.023 86.014 89.990 70.953 53.907 52.863 60.823 60.783 59.737 53.685 54.627 60.573 77.516 76.456 59.395 52.337 42.284 0.000 61.866 70.806 66.714 67.597 70.460 73.350 72.236 73.112 75.975 74.828 71.675 73.508 68.317 54.089 57.803 56.445 61.052 78.658 85.218 81.766 75.298 69.822 71.366 77.830 82.682 81.110 87.370 87.020 80.920 82.528 81.114 80.452 80.111 79.712 79.327 78.941 78.559 78.182 77.810 77.441 77.074 77.714 75.375 71.049 22.728 0.000 0.000 0.000 0.000 0.000 0.000 0.000 0.000
0.000 0.000 51.075 70.060 81.034 55.987 47.921 54.869 52.835 59.804 60.769 60.718 53.650 70.605 62.553 51.492 54.430 46.378 0.000 71.013 73.926 73.839 75.739 76.626 79.503 83.386 82.267 82.136 81.981 83.821 84.663 82.494 70.302 56.079 57.816 57.508 57.166 59.789 33.248 5.738 95.197 136.791 114.324 80.257 81.775 88.338 87.898 81.368 84.096 81.510 81.067 80.708 80.313 79.925 79.537 79.152 78.774 78.406 78.046 77.688 79.323 73.955 62.641 17.345 0.000 0.000 0.000 0.000 0.000 0.000 0.000 0.000 45.408
3.311 0.000 6.141 27.120 62.097 44.042 0.000 49.856 54.844 54.831 60.817 49.767 0.000 54.645 52.597 54.530 55.455 65.368 79.248 76.100 77.987 83.883 93.777 137.664 134.540 134.424 134.311 134.184 134.992 118.811 50.662 53.502 51.319 59.110 57.873 54.606 52.314 34.086 0.000 0.000 3.980 61.691 78.704 83.300 89.031 88.711 80.968 82.668 81.966 81.662 81.292 80.910 80.525 80.136 79.745 79.357 78.980 78.621 79.279 77.941 69.575 58.140 15.891 0.000 0.000 0.000 0.000 0.000 0.000 0.000 1.699 36.629 57.517
77.312 25.288 14.229 77.181 55.191 0.000 0.000 0.000 48.852 61.861 53.899 0.000 6.819 62.734 53.658 64.578 77.490 77.391 82.277 85.153 78.038 63.929 54.823 50.713 48.570 51.458 52.368 39.299 0.000 55.768 52.673 51.533 55.363 59.169 55.961 47.729 54.399 35.155 0.000 1.262 56.970 73.992 83.720 89.523 89.302 81.552 83.238 82.534 82.240 81.870 81.501 81.123 80.739 80.349 79.952 79.549 79.167 79.819 75.507 64.221 20.898 0.000 0.000 0.000 0.000 0.000 0.000 0.000 0.000 0.000 4.762 54.696 53.610
87.331 95.322 83.306 0.277 12.296 6.403 1.445 0.451 0.000 0.000 58.019 55.999 63.904 60.813 60.725 60.634 77.535 91.429 80.315 60.197 58.082 52.973 54.873 45.795 0.000 57.469 54.405 43.343 0.000 56.821 51.728 52.594 59.429 57.243 55.073 36.948 0.000 1.650 53.643 51.434 68.220 84.135 89.799 82.487 83.053 83.713 83.109 82.814 82.451 82.091 81.721 81.343 80.958 80.569 80.164 80.721 80.320 69.981 54.711 17.537 0.000 0.000 0.000 0.000 0.000 0.000 0.000 3.123 30.079 28.997 43.872 55.782 43.699
77.359 81.365 71.368 0.000 0.000 71.482 64.483 58.457 2.397 10.299 76.160 73.075 59.983 60.891 60.795 61.696 82.589 134.476 127.358 74.237 129.120 50.007 53.901 53.799 55.683 53.545 53.438 53.327 55.169 50.967 50.824 59.685 58.519 55.300 50.139 39.044 0.000 0.405 55.692 62.529 84.532 83.417 90.156 83.533 84.119 83.668 83.378 83.031 82.681 82.319 81.948 81.568 81.183 80.807 82.413 77.849 59.414 46.072 47.821 13.679 0.000 0.000 0.000 0.000 0.000 0.000 0.000 3.167 39.116 44.040 57.948 51.863 41.783
73.389 68.411 12.432 0.000 2.603 54.562 63.534 60.492 78.430 72.346 77.247 85.156 76.065 60.970 60.870 60.764 59.650 53.528 48.402 53.275 50.153 54.036 53.925 53.817 53.706 53.589 53.477 53.357 52.214 57.052 58.919 59.802 43.660 0.000 43.139 0.000 0.000 0.347 59.864 81.786 85.791 91.141 90.681 83.625 84.277 83.918 83.604 83.270 82.920 82.557 82.185 81.798 81.398 80.062 41.832 0.000 0.000 0.000 0.000 0.000 0.000 0.000 0.000 35.561 30.524 29.463 28.378 32.262 41.180 57.100 51.017 41.937 51.861
65.417 56.458 61.518 6.618 59.644 55.630 54.597 72.549 65.485 81.408 90.324 70.238 56.149 54.055 56.952 59.840 60.717 60.585 53.446 52.309 53.179 53.059 53.946 53.839 53.733 58.628 55.523 52.409 53.278 56.109 59.997 48.944 0.000 0.000 0.000 0.000 15.544 135.424 79.144 86.167 84.141 91.546 83.444 85.963 87.446 84.172 83.855 83.522 83.172 82.805 83.436 80.040 67.550 58.211 16.022 0.000 0.000 0.000 0.000 0.000 0.000 0.000 37.642 37.598 37.549 38.487 38.410 39.322 53.241 53.162 37.084 40.008 41.935
40.433 41.485 35.565 59.691 55.726 54.715 65.677 69.620 80.552 87.479 53.402 52.323 53.239 55.147 54.044 50.927 58.795 59.647 60.490 59.336 53.197 52.073 50.961 51.858 57.761 116.668 84.576 64.481 47.379 0.000 62.015 70.033 0.000 0.000 0.000 0.000 59.666 70.561 87.443 85.478 92.255 91.914 84.534 85.063 85.729 84.435 84.123 83.793 83.441 84.055 82.714 35.377 0.000 0.000 0.000 0.000 0.000 0.000 0.000 0.000 0.000 0.000 44.687 40.639 37.587 38.525 36.454 48.376 55.299 39.223 40.149 48.076 46.006
0.000 0.000 0.000 52.855 55.854 57.828 78.776 89.703 103.625 85.553 14.484 71.414 71.338 55.251 55.150 54.029 51.887 54.720 60.529 58.348 59.200 61.076 58.968 56.871 52.785 47.707 52.634 47.557 0.000 0.000 0.000 56.141 48.168 0.000 0.000 2.095 69.892 86.747 86.822 84.837 92.566 84.257 86.758 88.264 85.007 84.716 84.411 84.086 83.742 81.262 35.988 0.000 0.000 0.000 0.000 0.000 0.000 0.000 0.000 0.000 0.000 43.853 13.780 1.711 45.634 35.572 46.503 58.430 46.357 41.284 46.212 50.141 43.073
0.000 0.000 0.000 51.021 57.006 72.967 83.897 131.788 125.694 127.623 133.565 129.510 130.447 55.370 55.274 54.154 54.004 52.817 47.558 57.328 59.179 60.062 57.962 59.875 59.801 60.739 53.697 0.000 0.000 0.000 0.000 57.222 42.195 0.000 0.000 61.255 83.121 87.072 86.060 93.132 92.857 85.315 85.862 86.552 85.289 85.013 84.717 85.399 60.179 0.000 0.000 0.000 0.000 0.000 0.000 0.000 0.000 0.000 56.154 45.107 35.032 38.927 38.846 39.775 39.697 42.627 55.556 52.485 47.414 48.343 46.273 44.204 40.138
17.279 0.000 0.000 52.202 69.182 77.139 83.055 53.861 52.739 51.679 48.645 49.614 49.570 55.507 55.422 71.308 71.157 46.987 0.000 44.227 57.126 59.033 56.942 58.867 58.804 59.752 55.717 0.000 0.558 1.506 55.437 40.330 0.000 0.000 62.641 71.490 88.359 87.268 86.449 93.389 84.991 87.519 90.055 85.831 85.582 85.329 84.045 71.613 30.396 0.000 0.000 0.000 0.000 0.000 42.395 37.375 37.336 37.279 41.202 53.135 56.062 41.979 36.901 38.826 40.753 55.681 54.611 40.540 49.470 50.401 49.333 42.266 38.201
