results2_8e3_rain/res_3e8f-0037.wd
ncols         241
nrows         181
xllcorner     12693529.787448
yllcorner     3542525.717860
cellsize      155.156523
NODATA_value  -9999.000000
[rows 132 to 164 of 181, columns 0 to 74 of 241]
73.111 78.111 82.113 82.116 84.120 84.125 78.131 69.138 55.146 44.155 43.165 44.177 43.191 42.205 47.222 61.240 72.260 77.282 77.305 74.331 66.358 57.387 48.418 42.448 47.480 49.520 48.547 49.563 47.572 42.578 56.579 79.571 46.548 0.000 0.000 0.000 0.000 38.838 50.832 47.808 49.800 55.802 73.810 59.817 43.823 42.826 42.826 54.823 75.816 16.805 0.000 0.000 0.000 0.000 0.000 0.000 0.000 0.000 0.000 0.000 0.000 0.000 0.000 0.000 18.755 0.000 2.276 43.207 66.072 69.973 69.862 79.945 107.407 97.751 97.698
51.138 53.139 56.141 62.144 72.147 78.152 83.158 83.165 76.173 62.183 51.193 45.206 49.219 56.234 69.251 84.270 83.290 80.312 80.335 83.360 83.386 79.414 67.443 55.472 47.502 42.533 43.559 42.579 43.594 51.605 73.613 81.616 0.000 0.000 0.000 0.000 0.000 24.845 42.852 51.845 52.838 49.843 50.859 60.869 55.874 48.874 52.870 60.862 73.847 14.809 0.368 0.439 0.000 0.000 0.000 0.000 0.000 0.000 0.000 0.000 0.000 0.000 0.000 0.000 0.756 0.000 50.347 72.272 68.153 77.123 68.183 107.540 96.295 97.799 103.034
43.165 43.166 43.168 45.171 50.175 54.180 61.186 70.193 78.201 81.210 75.221 73.233 75.247 78.263 77.280 70.299 61.319 59.341 59.364 64.389 70.414 77.441 80.468 79.496 68.524 58.552 53.578 51.600 60.620 76.638 77.653 63.665 0.000 0.000 0.000 0.000 0.000 0.000 25.888 52.882 31.864 19.873 34.914 49.927 64.930 68.927 70.919 71.909 67.901 0.000 0.000 0.259 0.000 0.000 0.000 0.000 0.000 0.000 0.000 0.000 0.000 0.000 34.883 4.836 70.757 92.650 125.463 81.422 76.466 57.417 93.476 97.973 97.869 106.604 96.117
44.192 44.193 44.195 44.198 43.202 42.207 44.213 49.220 55.228 65.238 75.248 77.260 70.274 60.290 54.308 46.328 42.348 42.370 42.393 44.417 49.442 55.468 62.494 74.521 79.548 81.575 80.601 76.626 79.649 72.673 54.697 46.727 25.773 0.000 0.000 0.000 0.000 0.000 18.931 51.933 0.000 0.000 27.997 52.998 71.994 79.984 65.971 68.956 54.948 12.957 0.000 9.226 0.000 0.000 0.000 0.000 0.000 0.000 0.000 0.000 0.000 21.981 40.930 113.871 142.790 125.652 109.184 108.115 99.777 98.424 98.283 98.134 63.360 108.271 99.861
44.219 44.220 44.222 44.225 44.230 44.235 44.241 43.248 43.255 46.264 52.275 51.287 47.300 43.317 43.335 43.356 44.377 44.399 44.422 44.445 43.470 42.495 44.520 50.546 57.573 66.600 74.626 70.653 59.680 47.707 43.738 48.774 56.820 32.880 10.921 10.946 0.000 0.000 33.972 54.986 5.024 0.000 47.080 79.074 81.063 60.047 63.025 61.997 49.979 38.968 0.000 0.000 0.000 0.000 0.000 0.000 0.000 0.000 0.000 0.000 0.000 3.035 65.983 71.901 67.883 69.031 66.995 98.798 98.681 98.557 65.734 68.505 70.370 72.030 21.990
44.246 44.248 44.250 44.253 44.257 44.262 44.268 44.275 44.283 44.291 43.301 43.312 43.325 44.342 44.362 44.384 44.406 44.429 44.451 44.474 44.498 44.522 44.547 43.573 42.599 43.626 47.653 45.681 44.710 48.740 51.774 50.811 48.853 50.899 50.939 47.972 48.005 52.016 27.001 13.016 2.062 20.178 65.169 79.156 59.139 52.116 51.085 31.028 27.003 0.000 0.000 0.000 0.000 0.000 0.000 0.000 0.000 13.563 28.546 0.000 12.229 75.112 82.106 80.177 78.160 79.235 99.018 98.910 80.005 86.788 79.634 85.399 77.235 56.169 0.000
44.274 44.275 44.277 44.280 44.284 44.290 44.296 44.302 44.310 44.318 44.326 44.336 44.348 44.365 44.389 44.413 44.436 44.459 44.481 43.503 50.526 52.550 44.574 43.599 42.625 43.652 45.680 48.709 51.739 50.772 45.807 46.844 53.884 56.926 52.965 46.999 44.027 53.043 0.000 0.000 0.000 60.273 69.264 56.245 48.220 68.194 14.174 0.000 0.000 0.000 0.000 0.000 0.000 0.000 0.000 0.000 23.622 65.581 94.530 55.437 88.275 96.424 93.385 92.475 99.320 99.224 99.123 92.104 93.972 93.664 92.519 91.443 9.353 0.000 0.000
44.301 44.302 44.304 44.307 44.312 44.317 44.324 44.330 44.337 44.344 47.351 47.358 45.367 49.382 47.415 44.444 44.468 44.490 43.511 41.533 52.555 60.577 46.601 43.626 45.651 48.678 50.707 49.737 46.768 48.802 53.838 55.876 56.916 56.956 51.995 46.032 55.064 74.086 0.000 0.000 0.000 34.379 57.368 54.341 58.303 78.268 12.243 0.000 0.000 0.000 0.000 0.000 0.000 0.000 0.000 21.713 73.666 89.608 92.529 97.509 94.652 91.636 99.587 99.502 99.414 91.436 92.213 93.077 92.752 92.718 85.644 62.544 0.000 0.000 0.000
44.328 44.329 44.331 44.335 44.339 44.345 44.352 44.359 44.366 45.372 52.378 52.380 29.379 0.000 18.447 48.480 42.503 45.523 51.543 54.563 54.584 50.605 46.628 47.652 50.678 49.704 48.733 50.763 54.796 54.831 56.867 55.906 46.947 41.988 44.030 57.071 76.112 86.153 8.204 0.000 0.000 9.498 65.487 67.449 74.384 73.333 9.287 0.000 0.000 0.000 0.000 0.000 0.000 0.000 25.815 69.769 91.687 94.698 93.777 93.770 92.853 99.749 99.669 91.661 92.453 93.306 93.086 92.936 92.887 84.815 76.770 0.000 0.000 0.000 0.000
44.354 44.355 44.358 44.361 44.367 44.374 44.381 44.389 44.396 46.403 55.407 66.406 42.392 0.000 0.000 33.527 59.542 51.558 49.575 49.593 47.613 46.633 48.655 50.678 48.703 44.730 46.758 58.789 60.822 50.858 44.896 41.936 41.978 47.021 61.066 77.112 74.160 58.210 30.257 0.000 0.000 36.628 65.637 47.583 38.453 30.392 0.000 0.000 0.000 0.000 0.000 0.000 0.000 18.922 69.868 91.775 93.964 92.954 93.058 99.979 99.905 99.828 91.734 93.606 93.313 93.181 93.120 93.041 86.960 73.892 63.853 0.000 0.000 0.000 0.000
44.381 44.382 44.384 44.388 44.394 44.402 44.411 44.419 44.428 46.436 56.443 43.447 0.000 0.000 0.000 1.577 55.582 47.593 49.607 48.623 46.641 49.661 50.682 47.704 44.728 40.754 50.782 64.813 51.847 41.884 42.924 47.966 58.009 69.054 80.101 73.152 51.207 46.272 65.357 72.503 73.643 77.750 52.849 13.795 0.000 0.000 0.000 0.000 0.000 0.000 0.000 0.000 24.022 69.954 91.962 94.141 93.161 100.187 100.120 100.052 92.022 92.811 93.689 93.382 93.360 93.295 93.213 94.116 82.031 52.940 41.896 0.000 0.000 0.000 0.000
43.408 43.408 44.409 44.413 44.421 44.431 44.441 44.451 44.462 47.472 57.483 28.492 0.000 0.000 25.622 27.615 44.616 46.625 34.637 16.653 54.669 49.688 45.708 44.729 42.752 44.777 60.804 63.835 45.870 48.909 60.951 69.994 79.039 77.086 65.135 51.187 44.246 60.314 64.397 52.510 33.678 31.881 20.216 1.424 0.016 0.000 0.000 12.428 7.428 0.000 0.000 18.103 70.121 93.218 94.237 92.345 100.316 100.252 92.205 93.006 93.873 93.673 93.544 93.514 93.455 93.397 96.322 60.181 40.106 0.000 0.000 0.000 0.000 0.000 0.000
52.436 50.434 47.431 45.435 42.446 42.460 42.472 42.484 41.496 46.510 58.525 41.548 22.591 30.617 48.631 44.637 41.644 47.654 42.666 29.681 49.697 43.715 42.733 42.753 44.775 58.798 66.824 32.854 24.890 74.931 79.977 75.023 64.069 54.116 46.165 42.218 53.277 65.341 33.407 8.463 0.000 0.000 2.693 2.063 0.076 1.272 4.383 32.429 16.428 0.000 0.000 50.351 92.389 91.512 100.501 100.441 100.379 92.254 94.131 93.852 93.737 93.699 95.648 90.590 92.553 93.521 104.495 0.000 0.000 0.000 0.000 0.000 0.000 0.000 0.000
53.467 55.463 61.448 62.451 62.471 59.490 60.505 59.518 58.531 58.545 60.562 43.583 47.609 46.631 43.647 46.659 46.670 45.681 50.694 52.709 46.724 40.741 42.759 44.777 58.797 63.817 52.841 46.869 55.904 78.951 62.004 53.052 45.099 43.144 45.192 44.245 58.304 67.367 31.429 7.473 0.000 1.370 4.363 1.784 4.716 11.150 13.376 6.475 0.000 0.000 28.544 70.600 100.672 100.617 100.561 92.508 93.302 94.189 93.892 93.882 94.832 94.779 67.727 45.655 80.647 94.637 99.642 39.698 0.000 0.000 0.000 0.000 0.000 0.000 0.000
46.503 40.502 0.000 0.000 4.498 51.526 48.541 48.553 48.566 52.579 61.595 42.613 43.633 42.653 45.669 49.683 50.696 48.708 47.722 50.736 51.752 48.768 42.784 59.801 65.818 56.835 62.853 79.876 76.909 58.965 47.036 43.086 45.129 45.172 44.216 49.266 65.326 67.396 59.470 62.528 33.581 0.215 0.000 0.000 10.136 17.322 7.498 4.620 0.000 23.589 71.717 100.778 100.726 92.669 93.467 94.341 94.149 94.029 94.008 94.954 92.905 86.856 11.827 0.000 62.745 97.737 94.739 93.753 0.000 0.000 0.000 0.000 0.000 0.000 0.000
44.541 36.542 0.000 0.000 0.000 47.574 43.581 43.590 43.600 47.612 61.626 39.642 43.660 47.678 49.694 50.708 47.722 44.736 42.750 44.764 54.779 67.795 62.811 63.826 40.841 34.853 86.862 72.875 39.892 0.010 20.089 48.127 45.162 45.199 47.235 40.276 24.341 14.422 26.529 66.587 42.625 0.574 0.657 0.000 6.371 11.502 5.675 10.882 11.417 49.725 100.858 91.875 95.603 94.495 94.305 94.190 94.160 94.119 95.071 95.028 59.981 35.912 21.899 24.899 75.849 96.829 92.823 83.824 1.824 0.000 0.000 0.000 0.000 0.000 0.000
44.578 44.585 27.604 0.000 0.000 48.617 44.620 44.626 43.633 44.643 59.655 46.671 49.688 51.705 50.721 45.736 42.750 43.764 43.778 42.792 52.807 75.823 71.838 58.853 51.866 42.874 18.869 7.872 0.000 0.000 1.130 50.170 45.196 47.226 30.252 4.264 0.000 0.000 28.639 45.668 14.646 0.000 0.984 6.397 13.474 9.642 3.814 0.000 2.284 49.201 100.957 94.765 94.514 94.332 94.311 94.270 94.224 94.180 92.140 83.105 16.079 0.000 32.959 91.949 96.925 94.907 88.899 78.896 0.000 0.000 0.000 0.000 0.000 0.000 0.000
41.610 43.616 40.624 0.000 0.000 48.658 43.658 41.661 43.665 47.672 51.683 50.698 50.717 48.734 42.751 43.765 43.779 44.793 44.807 49.821 67.836 66.851 59.867 68.883 66.898 37.910 0.000 0.000 0.000 0.000 0.000 50.207 45.228 48.257 19.284 0.000 15.598 41.653 61.720 30.800 0.000 0.000 0.000 0.000 5.487 5.778 6.124 2.214 2.411 101.238 101.100 93.685 94.515 94.410 94.370 94.326 94.283 96.242 81.204 64.172 24.151 0.138 48.029 78.013 86.993 95.977 84.969 73.967 0.000 0.000 0.000 0.000 0.000 0.000 0.000
48.638 46.644 35.653 0.000 34.714 42.699 44.695 48.695 49.696 50.699 48.708 49.724 47.747 43.766 43.782 44.797 44.810 43.823 45.836 68.850 67.865 49.880 62.897 60.915 64.934 62.958 25.994 0.000 0.000 21.186 26.203 46.223 45.252 45.290 40.344 32.440 49.545 48.640 42.791 65.013 13.217 0.000 0.000 0.000 4.209 2.858 4.407 28.965 53.547 101.352 96.046 95.760 95.494 94.473 94.427 94.383 95.341 93.301 48.263 25.230 37.201 38.177 92.115 94.081 74.057 84.040 79.032 52.035 17.060 0.000 0.000 0.000 0.000 0.000 0.000
49.661 50.671 47.692 35.722 49.730 49.730 49.729 50.728 50.726 51.722 63.726 45.744 43.783 43.803 44.817 44.830 44.842 45.854 59.866 70.879 45.894 49.909 76.926 68.945 56.967 59.994 63.031 47.083 52.127 67.169 60.201 48.232 41.268 41.310 52.363 68.432 55.504 27.572 0.099 55.245 44.422 1.624 5.864 11.198 7.587 0.235 2.623 44.059 96.410 101.444 93.023 95.654 96.574 94.528 94.484 94.439 87.397 77.356 34.318 5.282 14.248 15.214 76.173 118.140 99.114 75.095 67.084 46.081 55.086 8.086 0.000 0.000 0.000 19.123 61.124
54.675 54.689 50.722 50.745 50.757 51.762 51.764 47.764 44.758 43.736 6.731 0.000 47.838 44.845 44.855 44.864 43.874 46.885 70.896 56.908 41.922 47.937 64.955 81.974 76.996 74.022 72.054 68.092 64.128 63.165 71.201 68.238 62.277 58.320 61.368 65.422 27.467 0.000 0.000 7.303 3.362 0.000 6.973 17.142 13.372 4.385 0.163 43.256 101.621 101.533 95.928 97.748 94.627 94.586 95.539 91.494 75.451 68.410 74.370 80.332 64.296 86.260 101.223 118.191 127.163 111.142 73.127 78.119 53.117 0.000 0.000 0.000 0.000 0.000 10.124
0.000 0.000 54.764 49.780 49.790 44.797 41.803 43.807 38.808 0.000 0.000 0.000 48.886 44.888 44.893 44.900 44.907 62.916 69.926 42.937 44.950 44.965 47.982 54.001 56.022 56.046 52.073 55.102 71.132 64.162 55.201 58.241 65.285 69.324 72.369 69.421 44.476 9.535 0.000 0.000 0.000 0.000 1.894 11.028 0.000 0.000 13.237 73.446 101.708 93.304 96.990 96.719 94.692 94.641 95.594 90.548 77.504 43.461 50.420 93.381 104.343 136.306 127.270 99.236 87.207 104.183 83.164 77.152 52.146 0.000 0.000 0.000 0.000 0.000 15.124
0.000 0.000 3.791 58.820 43.830 41.834 43.844 43.853 44.860 0.000 0.000 37.951 45.933 44.928 44.930 44.935 46.941 70.947 55.956 41.965 44.977 44.991 45.008 44.027 44.046 44.067 43.090 50.113 79.135 58.152 0.000 0.000 9.299 60.324 70.364 54.417 59.482 46.595 1.293 1.258 0.000 0.000 8.391 0.822 0.000 0.000 31.415 101.883 101.795 96.182 97.897 93.795 94.745 94.695 94.646 94.600 81.555 44.511 59.469 96.429 92.389 126.351 121.314 90.278 95.246 81.218 62.195 80.178 58.170 0.000 0.000 0.000 0.000 0.000 14.125
42.993 38.991 0.000 50.879 60.877 61.866 42.888 54.902 61.919 37.957 35.972 45.971 44.966 44.964 44.966 44.969 63.974 67.979 42.985 44.992 44.002 43.016 45.034 45.052 45.070 45.088 44.107 52.126 81.144 62.161 8.175 0.000 32.289 57.311 70.348 49.402 39.441 0.000 0.000 1.597 1.450 10.042 14.216 0.000 0.000 10.413 72.615 101.971 93.475 97.153 96.886 94.852 94.797 94.747 94.698 95.650 86.605 75.560 98.517 123.475 111.435 128.395 125.356 119.318 126.281 92.248 69.219 79.197 87.184 16.180 0.000 0.000 0.000 0.000 15.125
44.996 43.990 38.974 44.941 43.933 0.000 65.940 57.948 44.961 45.979 45.991 44.995 44.997 44.998 45.000 48.003 71.007 54.010 44.013 45.017 51.024 59.039 45.061 43.079 45.095 44.110 47.125 71.140 79.156 54.172 42.191 30.222 52.257 51.283 12.315 0.000 0.000 0.000 0.000 0.000 0.000 0.000 0.000 0.000 13.634 70.684 92.784 102.058 94.431 95.047 94.957 94.902 94.848 94.797 94.748 95.700 86.653 69.608 65.564 98.521 88.479 102.438 105.397 93.356 95.314 67.272 44.236 58.208 125.190 78.177 13.163 3.150 25.138 46.131 83.126
45.005 45.000 44.991 44.981 44.981 38.996 54.987 70.989 46.997 44.008 45.018 45.024 45.028 45.032 44.035 67.039 69.041 43.043 45.042 46.038 43.039 5.056 64.091 59.109 46.121 44.133 62.144 81.155 65.167 45.181 45.197 46.217 49.237 53.251 0.000 0.000 0.000 0.000 0.000 0.000 0.000 0.000 0.000 0.000 36.849 93.903 102.232 102.145 94.327 95.130 95.001 94.952 94.897 94.846 94.796 93.747 78.700 80.655 100.610 119.566 118.523 123.481 128.438 115.394 113.346 100.292 49.244 47.211 123.189 87.174 25.162 18.149 83.134 116.128 135.125
45.021 45.015 45.011 45.012 45.015 45.021 45.022 56.026 71.032 47.041 44.049 45.055 45.061 43.066 51.071 72.075 52.078 44.079 46.075 44.056 0.000 0.000 52.141 53.145 59.150 58.156 66.163 65.170 46.179 44.189 46.200 49.213 54.225 54.232 0.000 0.000 0.000 0.000 0.000 0.000 0.000 0.000 0.000 0.074 45.313 99.195 102.319 93.707 95.369 95.092 95.057 94.998 94.945 94.893 94.843 94.794 80.747 76.700 97.655 98.611 98.567 101.524 101.481 100.437 105.386 78.305 54.238 69.203 84.181 23.169 0.000 0.000 27.123 53.121 75.121
45.044 47.028 47.027 45.042 45.048 45.053 45.056 45.060 56.067 71.074 47.082 42.089 42.096 59.102 71.108 65.114 42.118 45.122 41.123 0.000 0.000 38.207 45.187 45.181 51.180 68.180 68.182 61.186 54.190 46.195 33.202 3.211 68.218 48.222 0.000 0.000 0.000 0.000 0.000 0.000 0.000 0.000 0.000 0.179 19.163 102.497 102.407 94.568 95.266 95.157 95.100 95.044 94.990 94.938 94.888 95.839 90.792 80.745 75.699 74.654 74.610 74.567 74.526 78.486 52.454 0.000 22.200 78.182 74.164 35.152 0.000 0.000 26.113 72.114 50.115
46.084 0.000 0.000 45.081 44.083 43.086 43.090 42.094 42.100 55.108 70.116 63.124 70.132 72.139 59.146 43.154 50.161 50.168 38.174 0.000 0.000 49.228 45.219 47.213 71.208 78.204 56.202 47.201 54.201 61.202 49.204 0.000 28.216 46.218 0.000 0.000 0.000 0.000 0.000 0.000 0.000 0.000 0.000 0.367 6.106 102.584 99.864 95.516 95.244 95.204 95.143 95.088 95.034 94.982 94.932 94.884 95.836 94.789 92.743 91.697 91.652 92.609 94.568 68.528 10.491 0.000 7.180 63.161 94.141 85.123 58.100 34.094 51.102 54.107 12.111
45.125 44.138 0.000 44.118 55.119 59.121 63.123 68.128 71.134 72.143 72.152 72.161 58.169 45.178 61.186 78.195 79.204 79.216 72.232 50.263 0.000 46.258 44.252 53.244 81.235 68.228 45.221 44.215 46.212 49.209 40.208 0.000 5.214 5.215 0.000 0.000 0.000 0.000 0.000 0.000 0.000 0.000 7.002 8.493 3.233 102.660 103.798 99.398 95.302 95.242 95.184 95.129 95.076 95.025 94.975 94.927 94.880 94.833 94.786 94.739 95.693 98.650 70.608 3.568 0.000 0.000 0.000 8.139 64.118 95.098 86.083 62.081 39.094 8.101 0.000
45.154 47.153 43.166 45.157 60.154 59.155 55.157 51.160 50.165 46.177 67.189 57.199 68.208 59.217 75.226 71.235 64.247 65.260 76.276 82.295 71.310 72.297 64.286 72.275 80.264 53.252 44.240 45.230 45.222 44.216 44.212 46.211 41.210 0.000 50.188 41.187 0.000 0.000 0.000 0.000 0.000 0.000 75.649 72.865 102.762 102.716 97.680 98.467 95.334 95.280 95.222 95.168 95.116 95.065 95.017 94.970 94.923 94.877 94.830 96.781 101.730 70.688 10.648 0.000 0.000 0.000 0.000 0.000 5.093 56.068 91.055 41.051 0.000 0.000 6.781
47.185 0.000 42.191 45.188 45.187 45.188 44.190 45.192 47.190 45.215 57.228 52.238 61.248 72.257 60.266 45.276 46.288 47.303 48.318 53.332 66.339 76.333 82.322 80.309 69.293 45.276 45.258 45.243 45.230 45.221 46.215 69.211 42.208 0.000 46.190 0.000 0.000 0.000 0.000 0.000 0.000 7.147 95.446 97.661 102.796 96.051 95.694 95.414 95.376 95.314 95.258 95.205 95.154 95.105 95.057 95.011 94.966 94.922 96.876 81.825 35.759 2.724 0.000 0.000 0.000 0.000 0.000 0.000 0.000 27.025 89.020 41.016 0.000 0.000 0.000
48.217 0.000 42.220 45.219 45.219 45.221 45.224 46.227 0.000 44.264 48.271 59.280 59.289 67.298 72.306 58.315 43.327 43.345 43.364 45.377 47.382 48.376 49.362 49.345 48.325 47.302 43.276 43.253 44.236 45.225 56.218 70.210 41.203 35.197 37.193 0.000 0.000 0.000 0.000 0.000 0.000 11.135 94.267 102.850 102.822 94.884 95.575 95.463 95.404 95.346 95.291 95.240 95.190 95.143 95.097 95.052 95.009 94.968 99.927 55.883 0.000 0.000 0.000 0.000 0.000 0.000 0.000 0.000 0.000 29.988 89.983 48.977 0.000 0.000 0.000
