results2_8e3_rain/res_3e8f-0040.wd
ncols         241
nrows         181
xllcorner     12693529.787448
yllcorner     3542525.717860
cellsize      155.156523
NODATA_value  -9999.000000
[rows 33 to 65 of 181, columns 74 to 147 of 241]
0.000 0.000 0.000 0.000 0.000 0.000 0.000 0.000 0.000 0.000 0.000 0.000 0.000 0.000 0.000 0.000 0.000 0.000 0.000 0.000 0.000 0.000 0.000 0.000 0.000 0.000 0.000 0.000 0.000 0.000 0.000 0.000 0.000 0.000 0.000 0.000 0.000 0.000 31.008 54.009 59.009 15.010 0.000 0.000 24.069 38.084 5.073 0.000 28.106 31.112 25.112 26.104 27.087 27.062 27.030 26.993 25.959 31.937 51.935 0.000 5.037 2.838 38.123 54.757 59.398 58.055 58.747 57.368 59.536 54.663 54.258 54.361 56.697 55.987
0.000 0.000 0.000 0.000 0.000 0.000 0.000 0.000 0.000 0.000 0.000 0.000 0.000 0.000 0.000 0.000 0.000 0.000 0.000 0.000 0.000 0.000 0.000 0.000 0.000 0.000 0.000 0.000 0.000 0.000 0.000 0.000 0.000 0.000 0.000 0.000 0.000 0.000 0.000 6.009 1.009 0.000 0.000 0.000 0.000 20.132 0.000 0.000 18.127 42.147 41.150 31.141 27.121 27.088 27.043 26.989 25.935 47.898 45.917 0.000 28.233 40.974 54.526 59.128 58.751 58.411 58.002 59.142 55.230 54.516 54.881 57.252 56.553 56.372
0.000 0.000 0.000 0.000 0.000 0.000 0.000 0.000 0.000 0.000 0.000 0.000 0.000 0.000 0.000 0.000 0.000 22.623 54.623 7.623 0.000 0.000 0.000 0.000 0.000 0.000 0.000 0.000 0.000 0.000 0.000 0.000 0.000 0.000 0.000 0.000 0.000 0.000 0.000 0.000 0.000 0.000 0.000 0.000 0.000 12.181 0.000 0.000 0.000 20.201 38.199 38.189 29.167 27.127 27.067 24.987 40.892 49.804 0.000 14.131 38.688 53.298 59.880 59.472 59.099 58.656 60.763 56.815 54.900 55.413 57.803 57.110 56.936 56.669
0.000 0.000 0.000 0.000 0.000 0.000 0.000 0.000 0.000 0.000 9.616 47.616 0.000 0.000 0.000 0.000 0.000 29.623 80.623 36.623 0.000 0.000 0.000 0.000 0.000 0.000 0.000 0.000 0.000 0.000 0.000 0.000 0.000 0.000 0.000 0.000 0.000 0.000 0.000 0.000 0.000 0.000 0.000 0.000 0.000 15.229 16.253 23.267 9.271 19.257 27.255 40.251 31.231 27.186 24.110 34.999 44.842 33.623 9.178 38.575 56.090 60.652 60.219 59.814 59.335 59.405 58.423 55.401 55.966 58.364 57.672 57.500 57.233 56.980
0.000 0.000 0.000 0.000 0.000 0.000 0.000 0.000 0.000 0.000 30.616 65.616 54.617 41.618 0.000 0.000 14.624 68.624 76.624 41.624 0.000 0.000 0.000 0.000 14.223 0.000 0.000 0.000 0.000 0.000 0.000 0.000 0.000 0.000 0.000 0.000 0.000 0.000 0.000 0.000 2.257 20.257 0.000 0.000 31.258 46.254 49.264 47.277 33.289 27.300 26.315 40.328 31.320 23.276 37.188 51.056 38.855 26.666 41.338 45.899 58.447 60.995 60.561 60.048 60.076 58.062 56.017 56.546 58.944 58.251 58.076 57.804 57.545 57.286
0.000 0.000 0.000 0.000 0.000 0.000 0.000 0.000 0.000 0.000 1.616 63.617 46.618 27.619 0.000 10.624 60.624 71.625 78.625 37.625 0.000 0.000 0.000 0.000 52.223 36.223 0.000 0.000 0.000 0.000 0.000 0.000 0.000 0.000 0.000 15.250 27.250 29.251 0.000 0.000 11.257 36.258 15.259 29.261 52.262 55.264 56.273 53.287 40.309 27.337 24.378 41.427 32.444 36.411 54.311 48.184 0.000 24.848 43.610 56.236 61.799 61.350 60.806 60.787 58.742 56.768 57.162 59.551 58.856 58.676 58.396 58.126 57.854 57.588
0.000 0.000 0.000 0.000 0.000 0.000 0.000 0.000 0.000 0.000 0.000 0.000 14.619 52.621 48.623 36.624 49.625 69.626 80.627 33.627 0.000 0.000 0.000 0.000 14.223 38.224 40.224 0.000 0.000 0.000 0.000 0.000 0.000 0.000 0.000 31.250 32.250 44.251 27.252 16.254 30.256 31.258 27.259 34.261 41.264 39.268 32.277 51.291 17.321 33.364 36.433 26.557 38.617 51.613 48.462 0.000 0.237 36.269 53.016 61.639 62.180 61.627 61.558 58.484 57.699 57.827 60.197 59.497 59.309 59.019 58.736 58.445 58.156 57.882
0.000 0.000 0.000 0.000 0.000 0.000 0.000 0.000 0.000 0.000 0.000 0.000 4.620 71.622 66.623 56.625 46.627 70.628 78.629 73.629 58.630 13.631 0.000 0.000 0.000 0.000 48.225 32.226 30.227 41.227 36.228 0.000 0.000 0.000 0.000 31.250 30.250 51.251 57.252 46.254 38.255 30.257 27.260 28.262 29.265 28.269 26.274 34.279 0.000 0.000 0.000 31.752 54.856 52.962 0.000 0.000 36.405 49.935 59.559 63.089 62.638 63.401 59.329 58.900 58.566 60.894 60.184 59.983 59.683 59.388 59.080 58.762 58.442 58.157
0.000 0.000 0.000 0.000 0.000 0.000 0.000 0.000 0.000 0.000 0.000 0.000 0.000 4.623 43.624 18.627 54.629 73.630 78.631 76.631 74.632 63.631 22.632 0.000 0.000 0.000 4.225 43.226 43.227 56.227 54.228 47.230 42.231 0.000 0.000 0.000 35.249 54.250 61.252 53.253 37.255 26.257 27.260 27.262 27.265 27.268 27.271 31.273 0.000 0.000 0.000 1.942 39.091 8.418 6.110 41.201 45.878 57.529 64.093 63.920 62.130 60.416 60.527 59.420 61.669 60.933 60.708 60.389 60.081 59.764 59.435 59.082 58.695 59.376
0.000 0.000 0.000 0.000 0.000 0.000 0.000 0.000 0.000 0.000 0.000 0.000 0.000 0.000 0.000 75.631 75.632 77.634 77.634 76.634 70.633 64.632 35.632 0.000 0.000 0.000 0.000 0.000 11.227 56.228 50.229 65.230 62.232 41.235 20.239 21.243 30.248 52.250 61.251 52.253 35.255 25.257 30.259 29.262 27.265 27.267 27.269 28.270 20.269 0.000 0.000 0.000 0.000 1.027 43.709 46.614 54.401 65.066 65.143 63.488 65.313 62.841 60.458 62.556 61.766 61.495 61.146 60.816 60.485 60.153 59.813 58.436 66.879 64.505
0.000 0.000 0.000 0.000 0.000 9.953 32.953 0.000 10.943 50.942 39.941 43.940 18.939 0.000 0.000 11.633 83.636 77.638 74.639 71.638 74.636 65.633 28.632 0.000 0.000 0.000 0.000 0.000 0.000 0.000 0.228 54.231 55.232 6.233 0.000 0.000 34.249 52.250 57.251 47.252 38.254 36.255 0.000 5.264 33.265 27.267 27.268 28.269 34.268 42.268 4.268 0.000 0.000 16.679 49.366 53.155 63.902 66.076 65.700 69.104 67.652 61.856 63.606 62.709 62.361 61.961 61.596 61.239 60.890 60.549 60.228 65.972 0.000 0.000
0.000 0.000 0.000 0.000 0.000 9.953 52.954 0.000 44.944 46.943 58.941 41.940 26.939 0.000 0.000 0.000 68.640 80.645 77.645 77.642 78.638 72.634 26.631 0.000 0.000 0.000 0.000 0.000 0.000 0.000 0.000 0.000 39.232 0.000 0.000 0.000 40.249 37.250 49.251 6.252 0.000 0.000 0.000 0.000 0.000 37.267 31.267 0.000 24.268 58.268 41.268 0.000 0.000 21.132 54.890 63.732 66.810 66.548 70.790 70.093 63.258 64.751 63.745 63.301 62.836 62.423 62.031 61.655 61.287 60.927 60.576 65.253 8.015 0.000
51.981 41.981 0.000 0.000 0.000 3.954 63.955 39.952 41.947 47.944 71.942 72.940 67.938 21.937 0.000 0.000 0.000 28.657 82.654 77.649 78.641 75.634 34.628 0.000 0.000 0.000 0.000 0.000 0.000 0.000 0.000 0.000 0.000 0.000 0.000 0.000 0.000 0.000 0.000 0.000 0.000 0.000 0.000 0.000 0.000 0.000 12.267 9.267 0.000 0.000 0.000 0.000 10.235 47.742 64.698 66.359 67.274 71.606 71.281 64.268 65.780 64.771 64.268 63.747 63.288 62.859 62.453 62.061 61.678 61.295 60.899 63.447 46.777 3.831
63.981 45.982 41.983 0.000 0.000 0.000 55.959 57.955 57.949 69.945 66.942 78.940 77.938 38.936 0.000 0.000 0.000 4.673 84.667 77.657 78.645 75.631 35.621 0.000 0.000 0.000 44.444 56.433 25.423 0.000 0.000 0.000 0.000 0.000 0.000 0.000 0.000 0.000 0.000 0.000 0.000 0.000 0.000 0.000 0.000 0.000 0.000 0.000 0.000 0.000 0.000 8.046 48.616 65.628 66.229 72.381 71.912 65.480 66.042 66.531 65.688 65.187 64.650 64.162 63.704 63.272 62.859 62.460 62.067 61.676 68.277 8.862 0.000 16.858
68.982 47.983 48.984 40.985 0.000 45.977 40.969 48.958 61.951 65.945 76.942 77.939 76.937 45.935 0.000 0.000 0.000 3.694 83.684 77.668 78.649 73.627 53.602 37.564 38.527 38.491 46.455 67.431 34.414 0.000 0.000 0.000 0.000 0.000 0.000 0.000 0.000 0.000 0.000 0.000 0.000 0.000 0.000 0.000 0.000 0.000 0.000 0.000 0.000 5.987 36.792 46.358 65.392 67.021 73.702 73.132 65.979 67.699 67.032 66.482 66.007 65.496 65.009 64.541 64.095 63.667 63.253 62.851 62.456 69.064 14.670 0.000 0.000 1.931
63.984 61.985 44.986 48.986 48.987 39.985 32.983 0.000 0.000 7.943 66.941 77.939 75.937 60.931 27.922 0.000 0.000 52.726 73.708 78.683 77.656 78.628 68.597 44.562 41.526 40.490 49.455 67.423 50.389 36.344 37.307 41.279 52.262 16.255 0.000 0.000 0.000 0.000 0.000 0.000 0.000 0.000 0.000 0.000 0.000 0.000 0.000 0.000 0.000 17.159 57.025 65.007 67.690 74.500 74.149 66.652 68.326 67.552 67.180 66.732 66.267 65.803 65.345 64.900 64.468 64.047 63.635 63.236 68.843 15.454 0.000 0.000 0.000 0.941
9.985 77.987 48.988 42.988 43.989 45.993 45.996 35.002 0.000 0.000 0.000 11.939 82.940 72.931 50.914 42.881 49.837 48.777 50.738 58.700 59.665 46.630 43.596 41.562 41.527 40.490 49.453 64.415 43.376 40.335 45.298 61.269 64.252 49.248 23.248 0.000 0.000 0.000 0.000 0.000 0.000 0.000 0.000 0.000 0.000 0.000 0.000 0.000 7.895 49.789 65.441 68.309 74.960 74.770 67.290 68.947 68.175 67.824 67.397 66.970 66.535 66.100 65.669 65.246 64.830 64.418 64.005 69.613 15.228 0.000 0.000 0.000 0.000 0.000
76.988 77.990 63.992 0.000 0.000 51.004 47.006 58.009 49.009 0.000 0.000 0.000 70.953 67.941 52.921 43.892 40.854 40.809 43.765 56.717 64.673 67.632 60.597 50.563 43.528 42.491 58.451 61.410 36.367 40.323 40.282 41.248 45.229 24.239 0.000 0.000 0.000 0.000 0.000 0.000 0.000 0.000 0.000 0.000 0.000 0.000 10.955 42.671 50.596 64.161 75.504 75.156 68.257 68.875 69.466 68.795 68.444 68.030 67.626 67.216 66.804 66.393 65.986 65.585 65.189 65.791 72.353 15.983 0.000 0.000 0.000 0.000 0.000 0.000
77.990 77.994 77.998 65.006 48.011 48.012 48.016 39.019 0.000 5.011 12.011 64.001 60.978 63.960 56.938 57.911 57.878 57.840 60.796 55.730 55.677 57.629 61.597 62.567 60.533 56.494 67.452 65.406 53.358 54.308 54.259 56.213 31.178 0.000 0.000 0.000 0.000 0.000 0.000 0.000 0.000 0.000 0.000 0.000 0.000 45.439 46.129 67.213 67.830 76.552 76.092 70.696 70.436 69.846 69.400 69.040 68.642 68.251 67.858 67.465 67.072 66.682 66.297 65.919 66.551 70.202 2.857 0.000 0.000 0.000 0.000 0.000 0.000 0.000
76.993 76.997 78.002 75.008 53.014 47.020 48.026 49.033 41.042 0.000 56.022 53.014 53.999 54.982 49.961 53.937 58.908 66.877 51.851 0.000 0.000 2.611 60.594 56.574 56.542 56.502 56.456 56.405 56.350 56.293 56.232 54.166 49.092 21.993 0.000 0.000 42.032 48.888 60.694 30.531 0.000 0.000 0.000 0.000 47.003 57.741 69.706 70.391 77.223 76.924 71.297 70.998 70.287 69.979 69.610 69.231 68.852 68.472 68.092 67.712 67.336 66.966 66.602 67.244 69.892 17.547 0.000 0.000 0.000 0.000 0.000 0.000 0.000 19.702
66.996 67.000 78.006 78.012 68.019 44.027 47.036 48.044 48.052 54.054 63.043 47.033 44.022 42.008 48.989 63.966 62.940 47.910 27.880 0.000 0.000 0.000 0.000 45.593 40.561 40.516 40.464 40.408 41.347 44.282 45.211 45.130 44.030 44.895 43.684 43.455 52.177 58.938 56.664 63.368 61.000 55.654 53.300 55.833 67.563 71.122 70.950 77.631 77.460 71.884 71.566 70.843 70.539 70.166 69.800 69.431 69.061 68.692 68.324 67.957 67.596 67.244 67.900 68.562 7.227 0.000 0.000 0.000 0.000 0.000 0.000 0.000 0.000 30.723
32.999 45.004 73.008 77.014 58.022 41.034 40.047 48.058 48.066 47.068 41.062 42.054 48.049 65.038 64.021 47.000 39.976 29.943 0.000 49.856 58.828 54.783 55.723 58.646 61.591 60.537 61.479 64.415 63.347 60.277 62.200 57.112 43.006 46.872 45.702 50.506 68.281 75.024 71.655 65.278 59.974 61.684 68.297 73.283 71.815 78.141 77.818 71.791 73.427 72.045 71.412 71.098 70.723 70.360 69.995 69.631 69.270 68.912 68.555 68.198 68.846 66.513 62.193 13.878 0.000 0.000 0.000 0.000 0.000 0.000 0.000 0.000 16.812 20.770
0.000 38.007 57.010 68.015 43.024 35.039 42.060 40.075 47.087 48.091 48.083 41.073 58.082 50.074 39.058 42.038 34.020 0.000 58.923 61.885 61.845 63.798 64.741 67.678 71.620 70.563 70.500 70.426 72.351 73.278 71.200 59.112 45.008 46.887 46.744 46.587 49.418 23.221 0.000 85.113 126.958 104.669 70.744 72.382 79.106 78.676 72.201 74.958 72.399 71.983 71.651 71.281 70.918 70.552 70.188 69.828 69.476 69.131 68.786 70.433 65.076 53.771 8.482 0.000 0.000 0.000 0.000 0.000 0.000 0.000 0.000 14.894 27.854 16.813
0.000 0.000 14.010 49.013 31.018 0.000 37.078 42.097 42.114 48.128 37.105 0.000 42.132 40.120 42.100 43.075 53.048 67.016 63.962 65.916 71.870 81.821 125.766 122.705 122.649 122.594 122.533 123.438 107.355 39.286 42.211 40.126 48.030 46.922 43.803 41.678 23.585 0.000 0.000 0.000 51.950 69.110 73.826 79.756 79.461 71.764 73.492 72.816 72.538 72.195 71.837 71.477 71.112 70.744 70.376 70.018 69.676 70.349 69.025 60.673 49.254 7.012 0.000 0.000 0.000 0.000 0.000 0.000 0.000 0.000 5.970 26.934 18.896 6.857
11.979 0.995 64.007 42.010 0.000 0.000 0.000 36.121 49.146 41.202 0.000 0.000 50.194 41.174 52.146 65.114 65.079 70.040 72.993 65.946 51.900 42.851 38.799 36.726 39.676 40.633 27.600 0.000 44.344 41.299 40.233 44.153 48.064 44.970 36.869 43.736 24.660 0.000 0.000 47.422 64.424 74.215 80.188 79.999 72.312 74.026 73.347 73.079 72.734 72.390 72.037 71.676 71.310 70.935 70.555 70.193 70.862 66.565 55.291 11.982 0.000 0.000 0.000 0.000 0.000 0.000 0.000 0.000 0.000 0.000 24.006 22.977 8.940 5.901
81.991 69.998 0.000 0.000 0.000 0.000 0.000 0.000 0.000 45.333 43.365 51.343 48.278 48.235 48.196 65.157 79.116 68.071 48.024 45.977 40.930 42.886 33.851 0.000 45.695 42.664 31.634 0.000 45.378 40.333 41.269 48.190 46.102 44.024 25.968 0.000 0.000 44.052 41.929 58.724 74.658 80.417 73.191 73.780 74.467 73.888 73.617 73.278 72.943 72.596 72.242 71.881 71.516 71.133 71.715 71.336 61.014 45.758 8.592 0.000 0.000 0.000 0.000 0.000 0.000 0.000 0.000 0.000 0.000 13.126 25.071 13.028 4.986 18.946
68.016 58.007 0.000 0.000 58.791 51.784 45.774 0.000 0.000 63.433 60.419 47.387 48.339 48.293 49.248 70.202 122.155 115.106 62.057 117.007 37.959 41.913 41.868 43.818 41.747 41.693 41.638 43.562 39.458 39.387 48.318 47.237 44.131 39.055 28.011 0.000 0.000 46.175 53.048 75.078 73.991 80.768 74.237 74.845 74.417 74.149 73.825 73.498 73.159 72.811 72.454 72.092 71.738 73.367 68.835 50.424 37.099 38.861 4.726 0.000 0.000 0.000 0.000 0.000 0.000 0.000 0.000 8.285 13.248 27.181 21.125 11.077 20.033 19.990
55.070 0.000 0.000 0.000 41.798 50.788 47.764 65.715 59.647 64.546 72.492 63.447 48.399 48.350 48.301 47.249 41.196 36.142 41.089 38.037 41.987 41.938 41.890 41.839 41.781 41.724 41.663 40.590 45.507 47.439 48.381 32.309 0.000 32.055 0.000 0.000 0.000 50.397 72.341 76.374 81.808 81.330 74.329 75.000 74.661 74.368 74.054 73.726 73.385 73.035 72.671 72.295 70.978 32.762 0.000 0.000 0.000 0.000 0.000 0.000 0.000 0.000 4.573 0.000 0.000 0.000 1.384 10.322 26.279 20.225 11.172 21.124 17.077 8.033
43.163 48.281 0.000 46.815 42.816 41.806 59.779 52.736 68.679 77.612 57.558 43.509 41.460 44.409 47.355 48.298 48.239 41.178 40.119 41.064 41.013 41.964 41.916 41.867 46.815 43.760 40.700 41.629 44.539 48.483 37.457 0.000 0.000 0.000 0.000 6.111 125.996 69.713 76.752 74.752 82.224 74.131 76.666 78.165 74.909 74.610 74.297 73.967 73.621 74.273 70.900 58.438 49.119 6.940 0.000 0.000 0.000 0.000 0.000 0.000 0.000 6.575 6.573 6.568 7.544 7.502 8.439 22.374 22.320 6.268 9.216 11.167 8.120 6.075
28.223 22.399 46.694 42.814 41.846 52.840 56.812 67.771 74.722 40.665 39.619 40.573 42.524 41.471 38.413 46.350 47.283 48.213 47.147 41.089 40.037 38.990 39.944 45.899 104.852 72.802 52.747 35.688 0.000 50.495 58.508 0.000 0.000 0.000 0.000 50.228 61.136 78.030 76.084 82.939 82.597 75.222 75.763 76.443 75.165 74.870 74.558 74.224 74.859 73.537 26.218 0.000 0.000 0.000 0.000 0.000 0.000 0.000 0.000 0.000 0.000 13.576 9.578 6.586 7.564 5.524 17.471 24.415 8.361 9.309 17.258 15.209 9.162 6.116
0.000 0.000 39.870 42.903 44.913 65.896 76.858 90.815 72.772 1.728 58.681 58.639 42.592 42.538 41.476 39.407 42.329 48.244 46.167 47.107 49.057 47.014 44.973 40.932 35.891 40.850 35.798 0.000 0.000 0.000 44.573 36.588 0.000 0.000 0.000 60.437 77.327 77.420 75.457 83.249 74.930 77.441 78.959 75.715 75.437 75.147 74.839 74.512 72.056 26.796 0.000 0.000 0.000 0.000 0.000 0.000 0.000 0.000 0.000 0.000 12.946 0.000 0.000 14.633 4.602 15.558 27.507 15.454 10.401 15.349 19.299 12.250 7.202 5.156
0.000 0.000 38.012 44.016 60.007 70.973 118.912 112.857 114.817 120.786 116.749 117.711 42.667 42.613 41.548 41.473 40.384 35.266 45.172 47.114 48.072 46.035 48.001 47.966 48.933 41.908 0.000 0.000 0.000 0.000 45.621 30.605 0.000 0.000 51.914 73.722 77.670 76.671 83.811 83.538 75.986 76.541 77.241 75.989 75.725 75.443 76.139 50.929 0.000 0.000 0.000 0.000 0.000 0.000 0.000 0.000 0.000 25.068 14.040 3.998 7.946 7.884 8.809 8.713 11.652 24.599 21.546 16.493 17.440 15.389 13.338 9.289 6.241 8.195
0.000 0.000 39.150 56.144 64.125 70.078 40.959 39.887 38.853 35.835 36.817 36.791 42.752 42.699 58.631 58.552 34.468 0.000 32.139 45.107 47.080 45.056 47.029 46.998 47.966 43.943 0.000 0.000 0.000 43.753 28.687 0.000 0.000 53.233 62.099 78.961 77.872 77.064 84.063 75.648 78.183 80.728 76.513 76.274 76.032 74.760 62.345 21.137 0.000 0.000 0.000 0.000 0.000 11.216 6.204 6.180 6.145 10.096 22.055 25.009 10.957 5.897 7.830 9.758 24.696 23.639 9.585 18.531 19.479 18.427 11.377 7.327 6.279 16.233
