results2_8e3_rain/res_3e8f-0086.wd
ncols         241
nrows         181
xllcorner     12693529.787448
yllcorner     3542525.717860
cellsize      155.156523
NODATA_value  -9999.000000
[rows 33 to 65 of 181, columns 146 to 218 of 241]
60.887 60.121 59.870 60.535 27.225 38.928 60.650 54.377 33.017 0.000 0.000 17.411 0.000 0.000 14.430 39.446 26.448 0.000 0.000 0.000 31.049 39.021 0.000 23.659 15.608 16.529 20.396 29.260 47.110 38.001 32.899 27.815 28.745 28.683 27.626 26.571 25.508 33.419 43.328 35.270 35.216 33.156 12.091 26.033 33.967 0.000 2.259 4.821 28.539 26.295 31.059 40.819 33.553 28.190 0.000 0.000 10.436 10.624 17.518 0.000 0.000 0.000 0.000 0.000 0.000 0.000 0.000 0.000 0.000 0.000 0.000 0.000 0.000
60.772 60.537 60.213 60.910 38.616 56.345 59.108 52.941 0.000 0.000 0.000 19.411 0.000 0.000 0.000 23.487 23.479 31.469 0.000 44.151 32.077 18.993 27.869 18.728 16.625 16.520 15.399 17.273 45.145 43.032 42.929 44.839 37.760 39.690 38.625 38.561 38.495 39.422 43.350 41.290 42.236 37.186 14.141 13.110 0.000 0.000 0.000 10.684 18.503 13.287 19.063 31.844 31.651 29.505 0.000 0.000 0.000 16.156 0.000 0.000 0.000 0.000 0.000 0.000 0.000 19.609 18.628 20.647 10.662 13.670 0.000 0.000 0.000
61.182 60.864 60.565 60.269 59.987 60.726 52.497 39.339 0.000 0.000 0.000 0.000 0.000 0.000 0.000 20.537 17.511 30.459 35.359 27.225 36.116 34.007 14.886 15.760 16.643 16.528 28.409 32.287 36.166 29.052 25.947 35.852 9.768 16.692 11.622 11.555 11.489 14.423 40.359 29.303 27.254 29.211 14.177 16.157 0.000 0.000 6.727 63.727 0.000 0.000 0.000 0.000 32.704 31.673 0.000 0.000 0.000 13.689 10.953 13.113 11.222 19.305 25.376 17.448 39.521 46.590 44.628 29.652 9.668 8.679 12.688 0.000 0.000
61.504 61.205 60.907 60.617 61.338 56.074 37.816 28.577 37.577 0.000 0.000 0.000 0.000 0.000 0.000 17.614 16.570 19.496 15.394 26.274 29.154 32.033 20.908 15.782 15.660 15.540 40.420 46.301 28.182 22.064 21.954 22.855 19.768 19.689 19.617 20.549 23.483 20.421 41.362 33.310 31.264 31.227 13.199 27.184 53.186 0.000 0.000 51.772 0.000 0.000 0.000 0.000 32.787 30.810 8.906 13.970 11.995 9.959 10.059 10.163 9.249 16.317 23.375 10.449 28.524 46.603 42.642 22.666 7.681 7.691 12.697 0.000 0.000
61.841 61.538 61.242 60.952 57.673 43.416 32.116 0.000 0.000 0.000 0.000 22.553 0.000 0.000 0.000 16.733 17.661 17.562 16.448 16.322 22.194 15.063 14.932 16.802 15.675 14.552 38.432 35.314 43.195 47.070 45.949 40.847 36.759 38.680 34.608 38.539 38.475 39.415 43.359 41.310 42.268 38.233 13.208 25.193 47.189 0.000 0.000 54.817 0.000 0.000 0.000 0.000 29.848 32.876 11.940 10.008 10.057 10.093 10.160 10.232 9.295 16.339 25.357 0.000 0.000 4.657 47.672 23.687 7.699 7.707 11.712 0.000 0.000
62.171 61.865 61.570 61.278 50.987 32.801 0.000 0.000 0.000 0.000 20.602 23.553 36.461 36.330 24.156 16.926 16.777 17.645 17.512 16.375 15.235 16.095 15.955 15.818 14.686 23.560 42.441 21.329 35.216 12.070 44.925 34.825 33.742 33.665 30.594 35.526 36.463 36.404 43.351 41.304 38.263 38.231 13.208 27.193 46.187 0.000 0.000 47.862 0.000 0.000 0.000 0.000 33.880 32.905 8.969 11.064 10.135 11.195 11.255 11.312 12.359 20.389 0.371 0.000 0.000 5.696 47.703 28.713 15.721 9.728 12.731 0.000 0.000
62.491 62.181 62.893 55.604 43.197 32.999 0.000 0.000 0.000 0.000 17.651 34.597 28.501 17.371 19.214 19.037 16.878 15.728 17.580 16.430 17.278 17.125 16.975 15.830 15.691 35.562 35.445 35.343 35.272 0.000 16.856 14.787 15.717 15.646 16.576 20.509 23.447 21.389 41.336 35.290 29.251 31.221 14.198 26.184 45.178 0.000 0.000 20.908 11.927 0.000 0.000 0.000 27.888 10.897 0.000 6.144 12.224 16.297 23.355 23.401 23.440 25.471 0.000 0.000 0.000 53.727 46.732 48.739 36.746 11.752 12.755 0.000 0.000
62.792 62.474 62.218 48.049 0.015 0.000 0.000 0.000 0.000 0.000 33.754 28.682 18.574 19.442 19.291 19.129 18.969 16.810 15.650 15.487 17.321 16.154 15.991 14.834 16.688 31.553 22.432 31.328 32.255 0.000 0.000 30.750 29.694 29.626 29.556 31.489 31.426 32.367 44.315 40.270 35.231 37.202 13.181 22.169 50.164 0.000 0.000 79.936 48.946 15.959 2.965 0.000 0.000 0.000 0.000 0.000 9.320 18.417 22.465 21.499 24.530 26.584 12.674 17.724 33.750 48.754 46.760 46.766 34.772 11.778 11.783 0.000 0.000
63.053 63.706 55.456 38.325 0.000 0.000 0.000 0.000 0.000 41.087 34.931 18.803 19.672 19.531 19.380 19.221 19.059 18.894 15.724 16.547 16.364 16.180 17.000 15.829 15.673 18.531 23.402 35.283 22.166 34.011 38.882 31.769 40.684 30.607 31.533 34.464 33.400 32.341 42.288 38.242 26.203 25.174 14.154 21.145 50.146 0.000 0.000 70.956 60.960 37.967 6.971 0.000 0.000 0.000 0.000 0.000 0.000 29.585 21.591 15.599 12.597 27.662 14.714 16.749 24.771 45.781 47.788 45.794 31.799 11.806 8.816 12.836 6.846
71.240 68.841 41.576 31.468 0.000 0.000 0.000 19.554 33.444 34.245 28.077 22.928 19.781 19.631 19.476 19.316 18.152 20.983 25.805 21.614 16.409 17.202 16.000 15.810 15.643 15.495 22.362 23.237 21.114 27.986 26.867 21.760 33.667 13.584 21.507 28.435 27.369 21.308 40.254 33.206 13.167 12.137 15.118 17.112 21.129 0.000 0.000 48.971 28.974 65.978 51.981 0.000 0.000 39.959 13.941 11.906 11.847 13.747 24.716 18.709 0.000 39.753 27.771 23.789 21.803 32.811 48.817 40.822 23.826 12.831 8.838 15.848 39.856
0.000 0.000 20.540 38.504 0.000 0.000 21.781 31.665 45.533 29.370 28.207 28.049 20.893 19.736 19.577 19.415 26.250 34.080 34.899 26.696 21.456 16.219 14.989 15.770 19.593 16.445 15.313 14.189 20.069 20.951 19.839 20.736 22.642 15.555 21.475 26.401 28.333 24.270 40.213 34.163 16.122 15.089 15.067 11.057 0.000 0.000 0.000 4.983 23.986 23.991 57.995 73.000 65.995 33.978 19.958 20.929 20.889 23.841 45.816 63.813 72.843 71.827 73.828 72.835 66.841 60.845 52.848 35.850 18.852 9.854 10.858 23.862 42.866
12.150 0.000 0.000 0.000 0.000 0.000 24.898 44.792 36.652 39.495 36.332 26.169 19.007 19.844 19.681 30.517 35.353 31.188 26.016 22.815 25.500 20.229 19.968 15.686 20.516 14.380 15.256 16.138 15.023 14.911 14.803 14.702 13.608 14.520 14.438 18.362 24.291 23.225 41.165 35.112 14.067 15.031 15.005 13.992 0.000 0.000 0.000 8.994 34.998 24.005 26.009 41.011 52.008 61.999 63.986 69.965 72.939 72.912 71.893 67.886 58.889 56.883 58.881 61.880 63.881 64.881 62.880 66.879 58.878 25.877 12.877 31.878 48.878
50.757 7.417 0.000 0.000 0.000 26.324 42.120 34.954 26.790 34.624 38.457 39.289 29.121 17.953 27.785 36.619 26.458 18.305 18.162 20.047 0.000 0.000 0.000 12.489 16.407 18.303 18.193 15.083 14.973 15.866 14.762 14.663 14.569 15.480 14.396 14.317 14.243 17.174 34.111 33.054 15.004 14.963 14.931 15.913 16.913 0.000 0.000 8.000 26.006 27.022 39.026 26.027 6.026 10.024 46.020 70.008 53.991 48.974 51.960 44.950 30.944 19.937 10.931 8.926 9.922 19.917 17.913 12.909 51.904 66.899 44.896 42.893 46.891
0.000 21.077 0.000 0.000 25.772 35.528 42.306 26.112 28.931 26.756 24.583 32.410 37.236 32.062 35.888 24.717 18.556 19.410 19.282 27.164 0.000 0.000 0.000 9.375 18.318 29.232 30.132 25.027 20.922 22.817 18.716 17.618 15.524 14.435 14.349 15.268 14.191 14.119 17.051 25.989 13.933 13.884 14.844 13.817 0.000 0.000 0.000 0.000 0.000 41.051 25.048 10.045 24.046 26.053 72.063 53.056 36.044 18.033 9.022 10.011 11.001 11.990 11.980 11.971 10.963 8.955 7.947 8.939 16.930 53.921 61.914 46.909 45.906
0.000 6.737 29.005 30.485 29.016 43.708 28.465 22.257 24.067 22.886 19.708 18.532 33.353 40.171 42.986 30.805 20.638 17.499 25.390 0.000 0.000 0.000 0.000 12.319 22.260 29.174 30.076 29.973 31.869 39.766 37.666 33.569 31.476 27.385 21.299 16.215 14.135 15.058 13.986 18.918 11.855 12.797 13.745 15.694 36.622 0.000 0.000 0.000 3.114 45.085 5.069 14.058 5.061 44.079 62.123 22.109 10.096 12.092 12.084 12.072 12.058 12.044 9.029 9.016 8.004 8.992 8.981 8.970 24.956 39.941 12.930 72.925 44.923
0.000 6.131 28.791 21.436 40.100 39.824 34.590 25.384 19.193 20.012 20.834 31.655 34.472 26.282 29.082 37.880 38.694 28.557 0.000 0.000 0.000 0.000 17.405 23.321 27.228 26.129 27.025 26.920 24.815 31.713 32.614 32.518 33.424 30.333 29.245 30.159 21.075 15.994 16.916 13.842 14.771 13.705 12.645 14.592 29.551 0.000 0.000 0.000 3.143 47.105 9.087 0.000 0.000 0.000 29.242 11.163 12.138 10.156 10.151 10.136 9.117 8.097 9.078 9.060 8.044 9.030 8.016 7.003 9.986 5.956 1.940 65.936 74.945
0.000 2.799 22.592 32.366 42.125 32.898 32.689 34.494 32.311 23.134 28.960 37.784 26.600 19.401 18.181 23.939 33.700 40.477 4.271 0.000 20.917 20.723 15.490 24.332 29.204 30.088 25.977 25.865 17.759 14.657 14.559 14.463 13.370 11.279 18.189 32.100 31.013 29.927 24.843 15.762 13.683 14.608 13.538 13.478 14.438 0.000 0.000 0.000 18.211 0.000 0.000 0.000 0.000 0.000 8.440 0.000 0.000 8.244 7.228 7.204 8.176 10.149 10.125 10.103 9.084 9.067 7.052 7.039 8.031 0.000 0.000 0.000 68.973
0.000 1.546 25.447 44.310 35.137 31.954 31.772 32.595 31.423 33.254 38.088 26.920 20.743 20.543 20.302 18.996 19.690 25.383 42.065 39.609 18.112 16.762 15.500 16.312 28.167 26.044 36.928 24.807 17.698 15.598 16.501 15.407 20.315 28.223 24.132 18.040 23.950 33.859 30.769 29.679 20.591 13.505 13.422 14.345 12.286 0.000 0.000 18.280 6.280 0.000 0.000 20.789 15.790 14.742 6.639 0.000 0.000 13.347 10.315 10.276 10.235 10.200 10.170 10.144 10.122 10.102 10.086 9.073 10.066 12.073 2.072 0.000 11.000
0.000 14.439 39.392 35.292 24.159 29.008 33.850 28.691 34.531 40.371 32.218 20.067 18.907 20.726 20.486 24.054 24.681 18.299 28.996 24.650 21.159 17.715 14.438 21.249 25.108 26.994 17.886 44.735 32.629 22.534 14.442 20.350 39.259 49.167 42.074 18.981 20.886 23.791 27.694 32.596 30.498 26.399 15.299 12.193 19.075 24.922 0.000 0.000 14.350 0.000 0.000 0.000 10.839 10.798 10.734 15.694 14.611 10.483 9.409 10.349 10.290 10.245 10.211 10.182 10.157 10.135 10.116 10.100 9.089 9.082 10.072 13.054 9.029
1.446 35.438 41.392 26.308 21.197 23.069 24.932 35.788 39.638 50.482 49.348 42.221 31.094 19.969 22.863 0.000 0.000 17.135 22.972 19.835 0.000 15.500 19.286 36.139 35.022 37.939 0.000 9.618 49.551 43.468 29.381 35.293 53.203 53.112 51.018 19.923 25.824 25.723 27.620 15.514 24.406 30.296 29.182 28.055 40.899 49.770 0.000 0.000 4.421 29.492 0.000 0.000 33.929 14.876 14.807 14.738 14.656 15.565 9.490 8.422 12.331 9.281 9.247 9.217 9.190 10.165 9.143 8.124 8.108 8.094 8.079 8.062 7.044
0.519 46.478 32.429 21.351 21.254 21.141 34.019 31.889 48.754 63.569 60.472 57.375 52.279 43.192 34.135 0.000 0.000 0.000 10.922 21.885 0.000 0.000 12.069 29.997 28.904 43.800 15.656 16.568 49.489 54.407 50.323 49.237 52.149 52.059 52.965 31.867 23.765 25.659 25.548 15.433 24.315 18.197 37.079 7.944 46.699 68.487 39.176 8.982 0.000 7.564 0.000 10.204 70.072 22.971 24.880 24.795 20.711 21.630 13.564 8.519 0.000 9.301 9.278 12.250 15.220 25.193 15.168 10.145 11.125 11.107 11.089 11.071 11.054
32.636 36.563 30.494 28.415 23.324 35.223 29.113 41.998 19.918 0.000 40.596 59.529 58.453 59.388 42.348 0.000 0.000 0.000 4.909 27.897 0.000 0.000 8.925 23.876 18.797 45.703 56.599 56.510 52.428 52.348 52.267 53.184 52.098 52.009 51.915 45.816 20.711 22.600 20.481 15.355 26.226 27.098 29.993 0.000 31.464 67.306 37.058 54.789 15.500 0.936 12.516 68.336 56.184 28.057 21.948 23.851 17.762 11.682 9.616 7.572 0.000 15.345 23.317 31.283 38.250 47.218 36.190 16.164 10.141 11.119 11.099 11.080 11.062
43.720 32.645 32.570 28.491 35.406 32.315 35.213 59.071 46.003 28.937 49.788 58.693 57.617 56.558 36.522 0.000 0.000 0.000 0.000 0.000 0.000 0.000 14.829 23.784 34.705 50.616 52.527 52.445 52.367 52.291 52.214 52.134 52.051 51.964 51.871 51.772 37.664 27.547 20.420 13.283 17.135 16.977 21.802 40.556 26.388 61.214 46.962 53.615 60.314 45.965 50.656 59.441 35.270 36.127 22.005 20.899 12.804 9.721 10.647 12.581 26.508 32.416 50.361 49.316 48.277 47.242 47.210 37.181 15.155 10.131 11.109 11.088 11.069
34.802 22.726 24.650 36.572 33.493 33.416 3.355 0.000 38.085 64.021 58.924 57.838 59.765 41.704 27.661 11.686 0.000 0.000 0.000 0.000 0.000 0.000 20.779 37.728 49.623 52.530 52.449 52.375 52.305 52.234 52.162 52.088 52.009 51.925 51.834 51.736 52.627 46.506 38.371 30.220 28.054 30.873 21.681 38.480 17.317 59.202 0.000 12.394 47.175 18.937 9.704 65.502 29.327 33.176 31.047 11.935 9.837 10.749 10.671 18.598 39.526 50.453 47.394 47.344 47.301 44.262 43.228 41.196 40.168 14.141 10.117 10.095 10.075
24.885 21.809 34.732 34.655 29.578 49.504 3.434 12.366 52.231 59.138 58.051 57.971 57.900 33.832 33.734 44.710 0.000 0.000 0.000 0.000 0.000 0.000 0.000 0.000 46.527 58.432 53.364 52.303 52.242 52.179 52.114 52.045 51.972 51.892 51.806 51.710 51.602 52.478 53.336 50.174 49.988 52.782 32.568 38.367 12.197 53.075 0.000 0.000 43.053 12.905 22.721 56.536 37.362 29.204 33.071 9.958 10.858 9.770 11.689 21.615 42.544 43.478 48.418 47.367 42.321 39.280 43.242 48.209 47.178 36.150 17.124 16.101 15.079
20.972 34.893 35.815 23.738 34.662 55.586 48.512 54.433 60.337 58.250 58.169 58.095 55.033 38.989 0.000 0.000 0.000 0.000 0.000 0.000 0.000 0.000 0.000 0.000 0.000 3.306 44.274 53.230 52.181 52.128 52.070 52.008 51.941 51.868 51.787 53.696 52.592 52.470 51.323 53.151 51.941 51.700 41.442 39.224 16.029 27.826 57.523 36.286 44.081 12.909 40.738 34.560 37.380 25.207 19.076 10.967 10.870 10.783 18.703 23.628 24.559 29.494 37.436 35.383 36.336 47.293 47.254 47.219 47.186 48.157 42.130 38.104 36.081
36.056 35.975 24.897 20.820 35.744 54.669 60.594 59.516 58.434 58.355 58.280 59.209 50.147 43.103 0.000 0.000 0.000 0.000 0.000 0.000 0.000 0.000 0.000 0.000 0.204 20.213 47.195 53.164 52.125 52.080 52.030 51.976 51.916 51.851 53.778 53.696 53.601 45.485 50.337 53.166 55.926 53.634 47.277 43.058 30.870 14.676 62.458 45.256 47.074 11.914 57.763 21.587 2.390 19.169 10.061 10.963 9.873 18.788 24.710 23.637 23.569 22.506 15.448 11.395 41.347 47.303 47.263 47.226 47.192 47.162 48.133 48.107 48.083
33.136 24.056 21.978 19.901 36.826 56.752 58.678 58.604 58.529 58.457 58.386 60.316 39.242 37.172 0.000 0.000 0.000 0.000 0.000 0.000 0.000 0.000 0.000 0.000 0.000 34.140 53.128 52.105 52.075 52.038 51.996 51.949 53.898 52.841 52.779 52.710 46.632 24.532 40.373 50.251 1.118 0.000 24.975 31.862 40.716 27.552 48.377 66.205 51.046 17.909 59.813 0.000 0.000 8.102 11.035 10.953 12.869 22.789 20.713 21.641 23.575 26.513 20.455 21.402 37.354 47.309 47.268 47.231 47.196 47.164 47.135 47.108 47.083
24.214 22.134 27.057 31.982 46.908 58.835 58.763 58.692 58.623 58.556 58.492 59.426 46.334 0.000 0.000 0.000 0.000 0.000 0.000 18.922 0.000 0.000 0.000 0.000 0.000 9.079 44.071 51.055 52.031 52.002 51.967 51.927 53.884 51.837 51.787 51.735 35.683 31.639 0.000 0.000 0.000 0.000 9.785 16.700 38.579 24.441 29.292 72.141 54.995 33.864 43.768 0.000 38.165 15.101 11.025 10.944 12.863 21.785 32.711 32.642 34.576 40.515 35.459 46.406 47.357 47.312 47.271 47.233 47.197 47.165 47.135 47.107 47.081
25.289 22.211 29.135 48.060 58.988 58.917 58.847 58.779 58.714 58.653 58.600 64.563 0.000 0.000 0.000 0.000 0.000 0.000 18.921 30.922 17.923 32.924 28.926 0.000 0.000 31.026 38.023 49.012 51.994 51.971 51.942 52.910 51.874 51.836 51.797 47.759 36.725 41.703 0.000 0.000 0.000 0.000 26.680 18.575 36.460 12.340 14.211 62.073 60.930 52.784 38.628 38.411 27.228 22.114 11.020 10.935 10.854 20.778 42.706 49.638 48.574 48.514 40.458 47.406 47.357 47.312 47.271 47.232 47.196 47.163 47.133 47.104 47.078
23.363 21.286 36.211 56.138 60.067 58.997 58.930 58.864 58.801 58.743 58.693 65.663 0.000 0.000 0.000 0.000 0.000 0.000 7.921 27.922 27.922 26.924 29.928 13.936 21.951 29.977 29.982 46.976 52.963 51.945 51.922 51.896 51.867 51.837 52.807 44.779 40.757 34.744 0.000 0.000 0.000 0.000 0.000 18.461 37.347 14.247 10.137 49.012 65.869 62.714 43.548 22.376 21.225 22.106 13.008 9.921 10.841 13.767 24.696 44.630 47.568 47.509 39.454 47.403 47.354 47.310 47.268 47.229 47.193 47.160 47.129 47.100 47.073
22.435 24.359 44.285 60.214 59.144 59.077 59.011 58.946 58.884 58.823 60.766 58.734 0.000 0.000 0.000 0.000 0.000 0.000 0.000 32.921 38.922 43.923 34.925 33.931 27.939 23.950 34.952 48.948 51.938 51.924 54.905 52.884 51.861 51.838 51.815 46.795 38.779 33.773 8.780 0.000 0.000 0.000 0.000 0.000 29.221 15.165 11.080 43.967 74.821 55.655 34.476 25.320 27.189 25.079 19.985 8.901 10.824 9.751 13.683 32.619 47.558 47.501 39.447 47.396 47.349 47.304 47.263 47.224 47.188 47.154 47.123 47.094 47.067
22.505 32.430 52.358 60.288 59.220 59.155 59.090 59.026 58.964 59.901 57.813 45.774 29.773 0.000 0.000 0.000 0.000 0.000 0.000 33.920 42.920 42.920 46.920 48.922 31.926 30.930 45.930 51.926 51.918 51.906 52.892 51.875 51.857 51.838 51.821 49.805 37.794 38.787 32.787 0.000 0.000 0.000 0.000 0.000 15.149 15.114 9.050 53.954 41.795 47.610 17.380 37.241 31.131 24.037 23.952 14.874 9.801 10.733 9.667 21.605 44.546 46.490 40.437 47.387 48.340 47.296 47.255 47.216 47.180 47.147 47.116 47.087 47.060
