results2_8e3_rain/res_3e8f-0044.wd
ncols         241
nrows         181
xllcorner     12693529.787448
yllcorner     3542525.717860
cellsize      155.156523
NODATA_value  -9999.000000
[rows 132 to 164 of 181, columns 0 to 73 of 241]
80.872 85.873 89.875 89.877 91.880 91.884 85.888 76.893 62.900 51.907 50.914 51.923 50.933 49.944 54.956 68.969 79.983 84.998 85.014 82.032 74.050 65.069 56.088 50.104 55.118 57.127 56.128 57.122 55.115 50.105 64.091 87.070 54.033 0.000 0.000 0.000 0.000 46.019 58.002 54.981 56.965 62.957 80.957 66.960 50.963 49.966 49.970 61.973 82.976 23.977 0.000 0.000 0.000 0.000 0.000 0.000 0.000 0.000 0.000 0.000 0.000 0.000 0.000 0.000 19.843 0.000 3.377 44.310 67.179 71.082 70.975 81.060 108.524 98.872
58.894 60.895 63.896 69.899 79.902 85.906 90.910 90.916 83.922 69.929 58.937 52.946 56.956 63.968 76.980 91.993 91.007 88.023 88.039 91.056 91.073 87.091 75.108 63.124 55.137 50.147 51.152 50.154 51.154 59.152 81.150 89.147 1.148 0.000 0.000 0.000 4.036 32.037 50.056 59.050 60.038 57.027 58.031 68.035 63.036 56.034 60.031 68.027 81.022 22.017 8.007 13.999 0.000 0.000 0.000 0.000 0.000 0.000 0.000 0.000 0.000 0.000 0.000 0.000 1.843 0.000 51.446 73.373 69.257 78.230 69.292 108.652 97.409 98.918
50.916 50.917 50.918 52.921 57.924 61.928 68.932 77.938 85.944 88.952 82.960 80.969 82.979 85.991 85.003 78.017 69.032 67.047 67.064 72.080 78.097 85.114 88.131 87.146 76.160 66.172 61.181 59.188 68.195 84.201 85.209 71.220 4.245 0.000 0.000 0.000 0.000 0.000 33.136 60.127 39.109 27.081 42.108 57.114 72.112 76.104 78.093 79.081 75.070 2.062 0.000 16.991 13.987 1.984 7.982 1.982 0.000 0.000 0.000 0.000 0.000 0.000 35.966 5.921 71.843 93.740 126.558 82.519 77.567 58.521 94.583 99.087 98.986 107.717
51.938 51.939 51.940 51.943 50.946 49.950 51.955 56.960 62.967 72.974 82.982 84.991 78.002 68.014 62.027 54.041 50.056 50.072 50.088 52.105 57.122 63.139 70.156 82.172 87.187 89.200 88.213 84.225 87.237 80.249 62.264 54.282 33.301 0.000 0.000 0.000 0.000 0.000 26.226 59.213 2.208 0.000 35.206 60.203 79.193 87.178 73.158 76.134 62.115 20.101 0.000 43.987 12.986 4.984 15.982 15.982 0.000 0.000 0.000 0.000 0.000 23.061 42.011 114.954 143.876 126.741 110.276 109.210 100.875 99.524 99.388 99.243 64.466 109.379
51.960 51.960 51.962 51.965 51.968 51.972 51.977 50.982 50.989 53.996 60.004 59.013 55.024 51.036 51.050 51.065 52.081 52.097 52.114 52.130 51.148 50.165 52.182 58.198 65.215 74.231 82.246 78.262 67.278 55.296 51.317 56.343 64.378 40.440 18.473 18.484 4.469 5.421 41.330 62.293 12.286 0.000 54.309 86.298 88.281 67.258 70.226 69.185 57.154 46.127 0.000 24.987 0.000 0.000 0.000 0.000 0.000 0.000 0.000 0.000 0.000 4.114 67.063 72.983 68.967 70.118 68.084 99.887 99.773 99.653 66.832 69.605 71.470 73.130
51.981 51.982 51.984 51.986 51.990 51.994 51.999 52.004 52.011 52.018 51.026 51.035 51.045 52.058 52.072 52.089 52.105 52.122 52.139 52.156 52.174 52.191 52.209 51.226 50.244 51.262 55.280 53.299 52.319 56.341 59.366 58.395 56.429 58.468 58.497 55.510 55.502 59.466 34.379 20.343 9.357 27.443 72.422 86.402 66.377 59.346 58.305 38.226 34.190 0.000 0.000 0.000 0.000 0.000 0.000 0.000 0.000 14.627 29.609 0.000 13.301 76.187 83.183 81.257 79.242 80.319 100.100 99.995 81.095 87.881 80.729 86.496 78.333 57.268
52.003 52.004 52.006 52.008 52.012 52.016 52.021 52.027 52.033 52.040 52.047 52.055 52.065 52.078 52.094 52.112 52.131 52.148 52.166 51.183 58.201 60.218 52.236 51.255 50.274 51.294 53.314 56.336 59.359 58.384 53.412 54.442 61.475 64.509 60.537 54.557 51.565 60.563 0.000 0.000 0.000 67.551 76.535 63.510 55.478 75.446 21.422 0.000 0.000 0.000 0.000 0.000 0.000 0.000 0.000 0.000 24.684 66.644 95.594 56.504 89.345 97.497 94.460 93.552 100.393 100.299 100.201 93.190 95.061 94.755 93.611 92.538 10.449 0.000
52.025 52.026 52.027 52.030 52.034 52.038 52.043 52.049 52.055 52.061 55.068 55.075 53.084 57.096 55.114 52.137 52.158 52.176 51.193 49.210 60.228 68.246 54.264 51.284 53.304 56.325 58.348 57.372 54.398 56.426 61.456 63.488 64.522 64.556 59.587 53.615 62.638 81.658 0.750 0.000 0.000 41.675 64.659 61.626 65.580 85.539 19.515 0.000 0.000 0.000 0.000 0.000 0.000 0.000 0.000 22.773 74.727 90.670 93.593 98.575 95.720 92.705 100.650 100.568 100.483 92.515 93.295 94.162 93.838 93.806 86.734 63.637 0.000 0.000
52.046 52.047 52.049 52.052 52.056 52.061 52.066 52.072 52.078 53.084 60.089 60.094 37.099 5.108 26.129 56.166 50.187 53.205 59.221 62.238 62.255 58.274 54.293 55.313 58.334 57.357 56.381 58.407 62.435 62.465 64.498 63.532 54.569 49.606 51.642 64.679 83.717 93.760 15.825 0.000 0.000 16.815 72.800 74.757 81.677 80.617 16.586 0.000 0.000 0.000 0.000 0.000 0.000 0.924 26.878 70.828 92.747 95.758 94.840 94.834 93.918 100.807 100.730 92.733 93.528 94.384 94.166 94.018 93.971 85.901 77.857 0.000 0.000 0.000
52.067 52.068 52.070 52.073 52.078 52.083 52.089 52.095 52.102 54.108 63.112 74.114 50.113 0.000 0.000 41.212 67.222 59.235 57.250 57.266 55.283 54.301 56.320 58.341 56.363 52.387 54.413 66.441 68.471 58.504 52.539 49.576 49.615 54.656 68.698 84.742 81.790 65.843 37.905 5.973 0.021 43.970 72.971 54.925 45.756 37.666 2.625 0.000 0.000 0.000 0.000 0.000 0.000 19.965 70.921 92.831 95.021 94.012 94.118 101.028 100.957 100.883 92.803 94.678 94.387 94.257 94.199 94.122 88.043 74.976 64.938 0.000 0.000 0.000
52.089 52.089 52.091 52.094 52.099 52.105 52.112 52.119 52.127 54.133 64.138 51.138 7.125 0.000 0.000 9.248 63.254 55.265 57.278 56.293 54.310 57.328 58.348 55.369 52.391 48.416 58.443 72.473 59.505 49.541 50.579 55.619 65.662 76.706 87.753 80.804 58.858 53.916 72.978 80.042 81.106 85.126 60.189 21.217 0.000 0.000 0.000 0.000 0.000 0.000 0.000 0.000 25.067 71.000 93.012 95.194 94.214 101.227 101.163 101.097 93.084 93.876 94.758 94.452 94.433 94.369 94.290 95.195 83.111 54.022 42.980 0.980 0.000 0.000
51.110 51.110 52.111 52.115 52.120 52.128 52.136 52.144 52.153 55.162 65.170 36.177 0.000 0.000 33.285 35.278 52.283 54.292 42.305 24.320 62.337 57.355 53.374 52.396 50.419 52.444 68.472 71.503 53.537 56.576 68.617 77.660 86.706 84.754 72.806 58.862 51.922 67.987 72.052 60.111 41.152 39.240 27.443 7.537 0.193 0.000 0.000 13.187 8.187 0.000 0.000 19.146 71.166 94.264 95.284 93.394 101.349 101.289 93.261 94.065 94.935 94.738 94.611 94.583 94.526 94.470 97.397 61.259 41.185 0.000 0.000 0.000 0.000 0.000
60.131 58.131 55.130 53.134 50.141 50.150 50.160 50.170 49.180 54.191 66.204 49.222 30.259 38.281 56.293 52.299 49.307 55.318 50.331 37.346 57.362 51.381 50.400 50.421 52.444 66.470 74.498 40.530 32.567 82.608 87.653 82.700 71.749 61.800 53.855 49.916 60.983 73.057 41.133 16.197 0.000 0.000 7.805 6.944 0.437 1.950 5.116 33.188 17.187 0.000 0.000 51.393 93.431 92.555 101.526 101.468 101.410 93.306 95.187 94.910 94.798 94.762 96.714 91.658 93.623 94.592 105.567 0.000 0.000 0.000 0.000 0.000 0.000 0.000
61.154 63.152 69.146 70.150 70.159 67.173 68.185 67.196 66.207 66.219 68.233 51.251 55.273 54.293 51.307 54.318 54.329 53.341 58.355 60.371 54.388 48.406 50.425 52.446 66.468 71.493 60.521 54.553 63.592 86.638 69.689 60.740 52.790 50.843 52.899 51.963 66.038 75.126 39.227 15.349 3.551 5.750 9.028 2.783 5.375 11.888 14.142 7.260 0.000 0.000 29.581 71.637 101.686 101.634 101.581 93.554 94.351 95.241 94.947 94.939 95.892 95.841 68.791 46.722 81.717 95.707 100.713 40.768 0.000 0.000 0.000 0.000 0.000 0.000
54.180 48.178 1.161 3.161 12.172 59.199 56.213 56.223 56.234 60.246 69.259 50.275 51.293 50.310 53.324 57.338 58.351 56.365 55.379 58.395 59.412 56.430 50.450 67.470 73.491 64.514 70.540 87.571 84.611 66.664 54.725 50.779 52.831 52.882 51.937 57.000 73.082 75.183 67.302 70.421 41.554 3.671 0.000 0.000 10.876 18.095 8.302 5.452 0.000 24.619 72.749 101.785 101.736 93.709 94.510 95.387 95.198 95.080 95.061 96.010 93.964 87.917 12.891 0.000 63.814 98.807 95.809 94.823 0.000 0.000 0.000 0.000 0.000 0.000
52.209 44.210 0.000 0.000 0.000 55.237 51.244 51.252 51.261 55.271 69.284 47.298 51.314 55.329 57.344 58.359 55.373 52.387 50.403 52.419 62.436 75.454 70.474 71.493 48.513 42.533 94.554 80.581 47.618 7.684 27.769 55.823 52.871 52.919 54.967 48.020 32.108 22.222 34.376 74.480 50.576 3.708 1.299 0.000 7.158 12.315 6.522 11.787 12.455 50.751 101.858 92.910 96.641 95.536 95.348 95.235 95.208 95.168 96.123 96.082 61.037 36.973 22.965 25.967 76.918 97.898 93.892 84.894 2.893 0.000 0.000 0.000 0.000 0.000
52.239 52.243 35.258 0.000 0.000 56.270 52.274 52.279 51.287 52.296 67.307 54.321 57.335 59.351 58.366 53.380 50.395 51.410 51.426 50.443 60.460 83.479 79.498 66.517 59.536 50.552 26.562 15.580 2.599 0.000 8.843 57.874 52.914 54.956 37.992 12.005 0.000 0.000 36.502 53.547 22.561 0.000 1.598 7.112 14.284 10.484 4.678 0.000 2.981 50.182 101.951 95.800 95.552 95.372 95.353 95.314 95.270 95.229 93.191 84.156 17.131 0.000 34.030 93.018 97.994 95.976 89.968 79.966 0.000 0.000 0.000 0.000 0.000 0.000
49.264 51.268 48.274 0.000 0.000 56.301 51.302 49.306 51.312 55.319 59.330 58.343 58.358 56.373 50.388 51.403 51.418 52.433 52.449 57.466 75.484 74.503 67.523 76.543 74.563 45.579 0.000 0.000 0.000 0.000 6.889 57.915 52.955 56.000 27.040 0.000 23.473 49.531 69.584 38.646 0.000 0.000 0.000 0.000 6.381 6.660 7.029 2.702 2.693 102.215 102.085 94.717 95.552 95.449 95.412 95.370 95.329 97.290 82.253 65.222 25.199 1.186 49.106 79.083 88.061 97.046 86.037 75.035 0.000 0.000 0.000 0.000 0.000 0.000
56.287 54.291 43.296 0.000 42.341 50.331 52.329 56.331 57.335 58.341 56.350 57.364 55.380 51.396 51.411 52.426 52.441 51.456 53.472 76.489 75.507 57.527 70.548 68.570 72.594 70.622 33.659 0.000 0.000 28.889 33.909 53.944 52.991 53.049 48.129 40.269 57.415 56.537 50.659 72.806 20.994 0.000 0.000 0.096 5.198 3.747 5.284 29.911 54.557 102.325 97.072 96.793 96.530 95.512 95.468 95.427 96.386 94.348 49.312 26.279 38.251 39.226 93.178 95.147 75.124 85.108 80.100 53.104 18.129 0.000 0.000 0.000 0.000 0.000
57.307 58.313 55.324 43.345 57.352 57.353 57.354 58.356 58.358 59.360 71.368 53.383 51.403 51.420 52.436 52.450 52.464 53.479 67.495 78.512 53.530 57.550 84.572 76.596 64.623 67.655 70.698 54.759 59.814 74.871 67.915 55.962 49.015 49.079 60.159 76.264 63.383 35.543 7.709 62.927 52.182 2.894 6.670 12.078 8.556 0.785 3.481 44.984 97.388 102.416 94.051 96.687 97.610 95.567 95.524 95.482 88.442 78.403 35.366 6.332 15.300 16.269 77.233 119.203 100.179 76.162 68.152 47.150 56.155 9.155 0.000 0.000 0.000 20.216
62.321 62.330 58.344 58.360 58.369 59.375 59.378 55.381 52.381 51.373 14.379 4.397 55.430 52.448 52.462 52.475 51.488 54.502 78.518 64.534 49.552 55.572 72.595 89.619 84.647 81.680 79.719 75.765 71.814 70.865 78.918 75.974 70.030 66.092 69.164 73.244 35.312 0.000 0.000 15.012 11.097 0.000 7.793 18.006 14.340 5.459 0.759 44.194 102.591 102.504 96.955 98.780 95.662 95.624 96.579 92.537 76.496 69.457 75.419 81.383 65.349 87.316 102.283 119.253 128.228 112.209 74.195 79.188 54.187 0.000 0.000 0.000 0.000 0.000
1.331 2.343 62.363 57.381 57.392 52.399 49.405 51.410 46.413 0.000 0.000 0.000 56.473 52.480 52.489 52.500 52.512 70.525 77.539 50.555 52.573 52.593 55.616 61.640 63.668 63.698 59.732 62.771 78.812 71.857 62.921 65.988 73.040 77.097 80.163 77.236 52.310 17.380 0.581 0.000 0.000 0.000 2.702 11.815 0.000 0.000 14.199 74.417 102.677 94.327 98.020 97.751 95.727 95.678 96.634 91.591 78.549 44.508 51.470 94.433 105.397 137.362 128.329 100.299 88.272 105.250 84.233 78.222 53.217 0.000 0.000 0.000 0.000 0.000
0.000 0.000 11.386 66.410 51.420 49.425 51.434 51.442 52.448 0.000 0.000 45.522 53.510 52.510 52.517 52.525 54.536 78.547 63.560 49.575 52.593 52.613 52.635 51.660 51.685 51.713 50.743 57.775 86.806 65.831 0.000 5.016 17.046 68.094 78.156 62.228 67.313 54.438 6.701 3.977 0.000 0.000 9.387 1.637 0.000 0.000 32.401 102.849 102.763 97.207 98.927 94.827 95.780 95.732 95.687 95.643 82.600 45.559 60.519 97.481 93.444 127.408 122.373 91.341 96.311 82.285 63.264 81.250 59.242 0.000 0.000 0.000 0.000 0.000
50.532 46.531 0.000 58.453 68.453 69.447 50.465 62.476 69.490 45.519 43.533 53.535 52.534 52.536 52.542 52.549 71.559 75.569 50.580 52.594 51.611 50.631 52.654 52.678 52.702 52.727 51.753 59.780 88.807 69.830 15.848 0.000 40.034 65.076 78.140 57.208 47.277 6.358 0.120 3.283 2.305 10.825 15.106 0.000 0.000 11.408 73.612 102.934 94.496 98.181 97.916 95.885 95.833 95.785 95.738 96.693 87.650 76.608 99.567 124.528 112.489 129.452 126.415 120.380 127.347 93.316 70.290 80.271 88.260 17.258 0.000 0.000 0.000 0.000
52.534 51.531 46.520 52.497 51.492 0.000 73.502 65.508 52.519 53.534 53.545 52.551 52.555 52.560 52.566 55.573 78.581 61.590 51.599 52.610 58.626 66.647 52.673 50.696 52.718 51.740 54.763 78.787 86.811 61.837 49.867 37.917 59.982 59.036 20.121 5.186 2.232 0.000 0.000 0.000 0.000 0.000 0.000 0.000 14.616 71.676 93.783 103.019 95.454 96.074 95.987 95.935 95.884 95.835 95.788 96.743 87.699 70.656 66.614 99.574 89.534 103.495 106.457 94.418 96.380 68.341 45.308 59.284 126.268 79.257 14.247 4.237 26.228 47.222
52.541 52.538 52.532 52.526 52.526 46.538 62.534 78.537 54.545 51.555 52.564 52.571 52.577 52.583 51.589 74.596 76.604 50.610 52.616 53.622 50.635 12.659 71.695 66.717 53.736 51.754 69.773 88.793 72.815 52.839 52.867 53.903 56.941 60.968 0.000 0.000 0.000 0.000 0.000 0.000 0.000 0.000 0.000 0.000 37.820 94.888 103.188 103.104 95.350 96.158 96.032 95.985 95.934 95.884 95.837 94.791 79.746 81.703 101.660 120.619 119.578 124.538 129.498 116.457 114.412 101.362 50.319 48.289 124.269 88.257 26.247 19.236 84.225 117.220
52.552 52.548 52.546 52.547 52.550 52.556 52.558 63.562 78.569 54.577 51.585 52.592 52.599 50.606 58.613 79.621 59.627 51.633 53.635 51.628 0.000 0.000 59.733 60.742 66.754 65.767 73.782 72.799 53.817 51.837 53.861 56.888 61.912 61.927 0.000 0.000 0.000 0.000 0.000 0.000 0.000 0.000 0.000 0.321 46.259 100.172 103.271 94.726 96.395 96.121 96.089 96.033 95.982 95.932 95.884 95.838 81.792 77.748 98.705 99.663 99.622 102.581 102.540 101.498 106.451 79.376 55.315 70.284 85.265 24.254 0.000 0.000 28.216 54.215
52.568 54.557 54.557 52.568 52.573 52.577 52.581 52.586 63.592 78.599 54.607 49.615 49.623 66.630 78.638 72.646 49.653 52.659 48.663 0.000 0.000 45.773 52.763 52.764 58.771 75.780 75.791 68.804 61.818 53.833 40.851 10.877 75.893 55.902 0.000 0.000 0.000 0.000 0.000 0.000 0.000 0.000 0.000 0.540 20.032 103.441 103.356 95.589 96.293 96.187 96.133 96.079 96.028 95.978 95.930 96.883 91.838 81.793 76.750 75.707 75.665 75.624 75.584 79.547 53.516 0.000 23.282 79.267 75.251 36.241 0.000 0.000 27.208 73.209
53.595 0.000 0.000 52.595 51.597 50.600 50.604 49.609 49.615 62.622 77.630 70.638 77.647 79.655 66.663 50.672 57.681 57.689 45.696 0.000 0.000 56.784 52.781 54.782 78.786 85.792 63.799 54.808 61.817 68.827 56.835 0.000 35.881 53.886 0.000 0.000 0.000 0.000 0.000 0.000 0.000 0.000 0.000 0.854 6.717 103.524 100.880 96.542 96.272 96.235 96.177 96.123 96.072 96.023 95.975 95.928 96.882 95.838 93.794 92.750 92.707 93.665 95.625 69.588 11.552 0.000 8.266 64.249 95.233 86.218 59.199 35.194 52.200 55.203
52.623 51.632 0.000 51.620 62.621 66.623 70.627 75.631 78.637 79.645 79.654 79.663 65.671 52.680 68.689 85.699 86.709 86.721 79.736 57.761 0.000 53.797 51.797 60.798 88.800 75.803 52.807 51.812 53.818 56.824 47.828 0.000 12.866 12.875 0.000 0.000 0.000 0.000 0.000 0.000 0.000 0.000 8.113 9.641 3.541 103.598 104.818 100.424 96.331 96.274 96.219 96.166 96.115 96.066 96.018 95.972 95.926 95.882 95.837 95.792 96.747 99.705 71.665 4.626 0.000 0.000 0.000 9.231 65.214 96.198 87.186 63.183 40.194 9.199
52.642 54.642 50.652 52.646 67.645 66.646 62.649 58.653 57.658 53.669 74.678 64.688 75.697 66.706 82.715 78.726 71.737 72.751 83.767 89.787 78.808 79.812 71.814 79.814 87.814 60.814 51.815 52.816 52.819 51.822 51.826 53.830 48.841 0.000 57.807 48.807 0.000 0.000 0.000 0.000 0.000 0.000 76.733 73.945 103.702 103.655 98.701 99.495 96.364 96.313 96.258 96.206 96.156 96.107 96.060 96.015 95.970 95.926 95.881 97.835 102.785 71.743 11.704 0.000 0.000 0.000 0.000 0.000 6.193 57.173 92.163 42.159 0.000 0.000
54.663 0.000 49.669 52.667 52.667 52.668 51.671 52.673 54.675 52.693 64.704 59.714 68.723 79.732 67.741 52.752 53.764 54.779 55.795 60.811 73.825 83.830 89.832 87.831 76.828 52.825 52.822 52.820 52.820 52.821 53.823 76.825 49.828 0.000 53.808 3.807 0.000 0.000 0.000 0.000 0.000 8.195 96.502 98.709 103.740 97.068 96.720 96.444 96.408 96.349 96.296 96.244 96.195 96.147 96.101 96.057 96.013 95.970 97.927 82.881 36.815 3.779 0.000 0.000 0.000 0.000 0.000 0.000 0.000 28.139 90.135 42.131 0.000 0.000
55.684 0.000 49.688 52.687 52.688 52.690 52.693 53.696 0.000 51.727 55.733 66.741 66.749 74.758 79.767 65.777 50.790 50.806 50.825 52.840 54.850 55.854 56.853 56.849 55.844 54.837 50.829 50.823 51.821 52.820 63.820 77.820 48.820 42.815 44.811 0.000 0.000 0.000 0.000 0.000 0.000 12.175 95.304 103.801 103.770 95.906 96.604 96.495 96.439 96.383 96.331 96.281 96.233 96.186 96.141 96.098 96.055 96.014 100.976 56.946 0.000 0.000 0.000 0.000 0.000 0.000 0.000 0.000 0.000 31.109 91.105 50.100 0.000 0.000
