results2_8e3_rain/res_3e8f-0056.wd
ncols         241
nrows         181
xllcorner     12693529.787448
yllcorner     3542525.717860
cellsize      155.156523
NODATA_value  -9999.000000
[rows 99 to 131 of 181, columns 74 to 147 of 241]
51.316 51.314 50.313 50.315 55.319 58.324 55.330 51.336 51.339 45.339 1.338 0.000 0.000 0.000 0.000 0.000 7.904 66.085 91.146 89.204 88.410 95.173 95.100 88.205 88.898 88.741 88.627 89.517 89.414 88.319 92.238 51.180 0.000 0.000 0.000 0.000 0.000 0.000 9.258 35.093 46.910 14.654 0.000 26.178 29.135 27.075 30.998 27.773 25.365 0.000 18.979 22.913 37.840 43.781 46.736 44.702 39.677 32.660 27.649 22.645 0.637 0.000 0.000 0.000 0.000 0.000 12.936 24.936 48.935 49.934 49.933 49.933 47.932 0.000
51.320 50.317 48.316 52.317 57.319 58.322 58.329 52.334 49.336 54.337 54.337 15.336 0.000 11.383 41.357 18.319 0.000 54.441 94.368 89.652 89.695 95.233 87.534 89.317 88.966 88.873 88.756 88.644 88.539 90.444 89.365 25.312 0.000 0.000 0.000 0.000 0.000 0.000 13.424 19.334 30.250 0.000 0.000 21.371 29.330 28.258 32.145 31.957 2.704 0.000 13.932 27.886 32.814 53.767 54.732 54.704 55.683 56.668 54.658 35.653 0.000 0.000 0.000 0.000 0.000 0.000 11.933 24.930 48.928 49.927 49.926 49.925 42.924 2.923
50.321 50.319 53.317 56.317 57.317 32.318 0.000 25.334 61.335 34.336 8.336 0.335 0.000 22.409 72.369 69.281 61.100 79.792 90.895 87.872 95.318 88.830 89.633 89.194 89.123 88.999 88.883 88.765 89.653 87.554 75.467 22.389 0.000 0.000 0.000 0.000 0.000 16.845 23.679 21.572 22.506 0.000 0.000 27.604 45.558 38.483 33.370 8.163 0.000 0.000 0.000 0.000 26.762 51.743 55.721 53.700 53.683 53.671 55.662 28.657 22.656 22.655 28.654 0.000 0.000 0.000 0.000 23.922 48.921 49.920 49.919 49.917 32.916 0.000
49.322 54.319 57.318 57.316 57.316 22.315 0.000 0.000 4.335 0.000 0.000 0.000 0.000 15.475 78.429 84.338 92.201 92.079 89.162 95.694 95.460 88.809 89.516 89.362 89.247 89.129 89.008 88.882 94.755 44.653 12.560 0.000 0.000 0.000 0.000 0.000 8.154 26.011 21.876 21.768 20.698 26.702 0.000 20.882 46.817 45.746 43.688 0.000 0.000 0.000 0.000 0.000 24.730 53.721 57.708 54.694 53.680 51.670 40.662 21.658 17.656 18.655 2.654 0.000 0.000 0.000 0.000 19.916 48.915 49.914 49.912 45.910 12.907 17.902
55.322 57.319 57.318 55.316 61.314 31.311 0.000 0.000 0.000 0.000 0.000 0.000 0.000 26.588 84.531 87.450 91.291 90.482 90.461 95.903 88.216 89.917 89.587 89.495 89.379 89.262 93.139 98.999 53.832 22.742 0.000 0.000 0.000 0.000 0.000 9.411 32.296 26.172 19.045 23.925 27.816 24.706 22.516 36.227 40.083 29.995 37.948 0.000 0.000 0.000 0.000 0.000 30.708 54.704 59.697 58.687 54.675 49.666 18.660 16.656 17.655 24.655 0.000 0.000 0.000 0.000 13.910 17.911 46.910 49.908 49.907 43.905 14.902 13.899
57.321 57.319 56.317 34.317 0.311 19.304 21.302 0.000 0.000 0.000 0.000 0.000 17.875 70.756 84.669 87.554 89.686 90.665 96.269 96.095 89.205 89.902 89.736 89.626 89.513 93.402 55.288 15.143 0.000 32.741 18.741 0.000 0.000 0.000 0.000 17.526 51.449 42.336 37.207 32.073 32.936 30.790 31.616 44.427 38.291 22.205 24.162 0.000 0.000 0.000 0.000 0.000 30.691 58.689 23.689 21.681 53.668 56.661 26.656 17.653 22.654 0.000 0.000 0.000 0.000 0.000 0.000 13.908 31.905 47.903 50.902 43.900 14.898 13.895
57.319 53.318 57.317 39.317 0.000 10.300 40.299 0.000 0.000 0.000 0.000 8.096 69.995 83.894 89.803 89.757 89.879 96.580 96.429 88.555 90.323 89.967 89.873 89.757 89.647 93.545 65.466 0.000 0.000 2.741 5.741 0.000 0.000 0.000 0.000 4.718 36.638 41.516 51.375 47.224 35.066 37.901 46.733 41.574 29.451 21.371 22.333 0.000 0.000 0.000 0.000 0.000 28.675 62.674 0.000 0.000 2.656 49.653 39.649 20.647 0.000 0.000 0.000 0.000 0.000 0.000 0.000 0.000 10.900 36.899 46.897 39.896 15.894 13.892
52.317 51.317 67.317 46.317 0.000 9.297 37.296 0.000 0.000 0.000 2.278 66.197 79.112 89.031 91.897 91.124 89.136 96.718 87.883 89.650 86.202 88.125 89.999 89.884 90.772 84.665 74.565 22.565 0.000 0.000 0.000 0.000 0.000 0.000 0.000 26.991 31.869 31.716 33.553 42.383 45.204 48.017 41.839 28.685 22.569 21.495 20.468 24.503 9.502 0.000 0.000 0.000 17.661 54.658 20.650 9.647 1.648 44.645 50.641 30.639 0.000 0.000 0.000 0.000 0.000 0.000 0.000 0.000 5.896 29.895 34.894 21.893 13.892 13.890
58.315 54.315 0.000 0.000 0.000 0.237 0.128 0.000 0.000 0.000 3.356 82.305 84.236 92.134 91.284 90.287 96.961 96.845 89.850 89.531 89.367 89.245 88.126 89.008 90.892 47.779 0.000 0.000 0.000 0.000 0.000 0.000 0.000 13.072 27.810 38.388 35.131 33.925 30.737 31.551 34.351 46.124 46.923 38.759 27.644 20.574 20.540 22.538 0.000 0.000 0.000 0.000 2.651 44.648 22.644 18.645 18.643 50.638 53.633 36.630 0.000 0.000 32.606 0.000 0.000 0.000 0.000 0.000 8.893 32.891 27.890 13.890 13.889 12.889
60.313 47.312 0.000 0.000 0.000 0.000 2.817 0.000 0.000 0.000 69.485 79.433 91.361 91.339 90.464 97.167 97.068 89.180 90.947 90.592 90.493 90.369 90.249 92.130 42.011 0.000 0.000 0.000 0.000 0.000 0.000 12.079 28.788 41.335 36.970 35.619 35.343 35.118 35.921 33.733 32.524 6.206 24.970 49.782 31.677 19.615 22.582 20.572 8.578 0.000 0.000 0.000 3.645 36.639 14.635 0.000 0.000 6.630 43.624 32.618 41.610 48.607 7.606 0.000 0.000 0.000 0.000 0.000 0.000 23.887 21.887 14.887 16.888 14.888
52.311 51.310 27.308 0.000 0.000 0.000 0.000 0.000 0.000 22.792 82.666 89.579 91.478 91.616 89.717 97.257 89.483 91.257 90.815 90.740 90.614 91.493 92.372 54.251 0.000 0.000 0.000 0.000 0.000 0.000 31.781 42.371 37.951 36.510 36.115 35.777 35.503 35.282 35.097 34.937 43.806 0.000 0.000 17.724 26.667 18.627 27.602 27.590 9.584 0.000 0.000 0.000 0.000 20.627 57.623 25.616 0.000 0.000 44.612 38.610 29.607 29.604 0.000 0.000 0.000 0.000 0.000 0.000 0.000 2.884 13.884 14.884 0.000 0.000
0.000 54.308 52.307 41.306 0.304 0.000 0.000 0.000 14.030 72.918 86.809 92.715 91.671 90.800 97.409 97.338 90.438 91.129 90.971 90.854 91.739 93.617 54.494 0.000 0.000 0.000 0.000 0.000 19.091 29.772 41.192 37.672 37.134 33.639 33.206 32.870 33.612 35.410 35.249 38.111 14.958 0.000 0.000 0.000 22.639 21.624 39.610 35.603 0.000 0.000 0.000 0.000 0.000 4.621 49.614 61.609 18.604 44.602 58.604 50.604 26.602 19.600 0.000 0.000 0.000 0.000 0.000 0.000 0.000 8.881 14.881 18.881 0.000 0.000
0.000 56.306 46.306 53.306 45.305 6.305 0.000 7.244 74.143 83.039 92.947 91.793 92.027 90.024 97.470 89.741 91.527 91.180 91.089 91.975 92.868 46.743 0.000 0.000 0.000 0.000 0.000 31.752 42.411 40.033 38.543 39.992 39.277 44.705 49.200 43.886 36.664 30.499 34.377 40.301 0.000 0.000 0.000 0.000 25.627 26.620 48.613 36.609 0.000 0.000 0.000 0.000 0.000 0.000 44.605 53.603 58.600 54.599 54.599 58.598 42.597 21.595 22.591 0.000 0.000 0.000 0.000 0.000 10.878 15.879 13.879 18.878 0.000 0.000
0.000 24.306 75.305 38.305 0.000 0.000 12.430 72.346 77.255 91.168 92.023 92.258 90.149 97.555 90.011 91.815 91.384 91.320 92.202 89.090 44.017 0.000 0.000 0.000 0.000 0.000 34.409 42.093 39.769 39.405 42.958 17.474 0.000 0.000 14.004 39.809 41.661 42.545 34.461 35.414 0.000 0.000 0.000 0.000 6.622 24.617 31.613 30.611 0.000 0.000 0.000 0.000 0.000 0.000 35.598 48.597 53.596 54.595 55.595 51.595 47.594 32.591 20.588 24.584 30.583 0.000 0.000 0.000 0.000 13.878 14.877 16.876 0.000 0.000
0.000 1.305 76.305 63.305 0.000 0.000 19.514 80.453 88.375 92.266 93.407 93.395 97.897 97.687 90.968 91.678 91.532 91.428 86.318 76.167 27.092 0.000 0.000 0.000 23.227 32.056 43.725 40.442 40.167 43.860 21.409 0.000 0.000 0.000 0.000 37.686 34.625 38.559 44.507 44.481 22.494 0.000 0.000 0.000 0.000 26.613 20.612 27.611 0.000 0.000 0.000 0.000 0.000 0.000 22.593 39.592 53.591 48.591 41.591 43.592 4.592 29.589 38.586 31.583 27.582 0.000 0.000 0.000 0.000 0.000 8.875 13.874 18.873 0.000
0.000 0.000 4.305 53.305 0.000 7.763 73.659 85.578 92.497 92.459 92.586 98.276 98.092 90.270 92.061 91.721 91.643 84.548 50.476 0.000 0.000 0.000 0.000 41.568 35.398 43.217 40.995 40.784 41.599 19.460 0.000 0.000 0.000 0.000 0.000 40.623 34.596 34.560 36.529 40.510 42.508 0.000 0.000 0.000 0.000 7.612 26.610 1.610 0.000 0.000 0.000 0.000 0.000 0.000 18.588 29.588 36.587 28.587 25.587 0.000 0.000 0.000 22.583 26.580 35.579 0.000 0.000 0.000 0.000 0.000 2.873 13.873 14.872 0.000
0.000 0.000 0.000 0.000 7.948 76.867 81.782 92.708 92.582 93.814 93.841 98.447 90.584 92.355 91.916 91.849 81.741 70.648 34.562 0.000 0.000 0.000 35.897 57.739 42.580 34.419 42.252 40.102 42.984 12.921 0.000 0.000 0.000 0.000 29.580 36.588 35.576 35.556 32.537 28.524 30.519 0.000 0.000 0.000 0.000 0.000 33.608 0.000 0.000 0.000 0.000 0.000 0.000 0.000 20.584 19.584 18.583 16.583 22.582 0.000 0.000 0.000 0.000 20.577 38.576 0.000 0.000 0.000 0.000 0.000 0.000 6.872 19.872 32.871
0.000 0.000 0.000 0.000 80.030 78.974 92.904 92.806 93.959 93.983 98.759 98.608 91.542 93.219 91.055 76.933 65.833 39.740 0.000 0.000 0.000 30.202 48.055 47.910 54.766 42.627 32.495 38.385 48.316 51.320 14.473 0.000 0.000 0.000 41.573 35.573 35.565 34.553 30.540 24.530 25.525 0.000 0.000 0.000 0.000 0.000 6.607 14.606 0.000 0.000 0.000 0.000 0.000 0.000 22.581 16.581 17.580 17.579 19.578 2.576 0.000 0.000 0.000 7.575 28.573 6.571 0.000 0.000 0.000 0.000 0.000 1.871 0.000 0.000
0.000 0.000 0.000 19.258 80.168 92.096 93.024 93.994 96.140 99.039 98.902 90.863 92.618 89.263 78.155 67.001 38.917 0.000 0.000 0.000 32.483 53.349 39.214 31.079 44.949 56.826 44.717 47.629 48.576 35.571 41.626 20.694 0.000 1.567 33.567 29.565 36.559 31.550 23.540 22.532 26.527 0.000 0.000 0.000 0.000 0.000 0.000 33.605 0.000 0.000 0.000 0.000 0.000 0.000 4.579 19.578 17.577 17.576 17.576 25.575 0.000 0.000 0.000 0.000 9.571 20.569 26.567 0.000 0.000 0.000 0.000 0.000 0.000 0.000
0.000 0.000 0.000 62.349 88.288 94.224 93.106 93.344 91.392 99.170 91.156 92.913 87.474 76.400 51.274 0.000 0.000 0.000 0.000 32.730 53.618 40.497 29.371 29.246 31.125 42.013 56.916 47.839 32.787 40.764 42.764 16.764 0.000 0.000 58.564 45.561 34.556 28.548 24.539 21.530 22.525 16.522 0.000 0.000 0.000 0.000 0.000 12.604 0.000 0.000 0.000 0.000 0.000 0.000 0.000 21.575 17.575 17.574 17.573 19.572 3.571 0.000 0.000 0.000 0.000 17.567 20.566 0.000 0.000 0.000 0.000 0.000 0.000 0.000
0.000 0.000 65.607 62.499 68.420 83.323 94.478 91.517 99.414 99.295 92.090 87.770 76.617 55.506 0.000 0.000 14.966 0.000 0.000 57.843 40.762 29.650 30.529 29.407 32.292 46.187 55.096 56.023 39.970 35.935 46.903 20.833 0.000 0.000 0.000 2.561 0.000 0.000 0.000 25.523 32.521 33.519 19.518 0.000 0.000 0.000 0.000 0.000 0.000 0.000 0.000 0.000 0.000 0.000 0.000 21.572 20.573 23.573 18.572 15.571 24.570 0.000 0.000 0.000 0.000 31.566 36.565 0.000 0.000 0.000 0.000 0.000 0.000 0.000
0.000 4.808 66.715 63.624 64.542 74.509 90.657 99.639 99.528 91.377 88.136 75.802 49.722 0.000 0.000 32.002 30.967 12.916 0.000 46.037 29.938 30.814 29.687 30.564 45.449 51.347 15.259 6.188 58.136 44.101 22.082 0.000 0.000 0.000 0.000 0.000 0.000 0.000 0.000 43.519 37.518 34.517 30.516 0.000 0.000 0.000 0.000 0.000 0.000 0.000 0.000 0.000 0.000 0.000 9.566 18.568 0.000 0.000 0.000 18.569 22.568 0.000 0.000 0.000 0.000 35.565 4.565 0.000 0.000 0.000 0.000 0.000 0.000 0.000
79.978 67.902 64.820 62.744 63.619 64.853 68.905 99.746 90.621 86.377 75.964 49.918 0.000 0.000 0.000 36.039 33.982 53.866 37.641 30.330 31.139 29.982 32.841 52.712 49.595 30.492 26.405 31.335 59.284 56.253 20.241 0.000 0.000 0.000 0.000 0.000 0.000 0.000 0.000 50.517 50.516 45.515 36.514 0.000 0.000 0.000 0.000 0.000 0.000 0.000 0.000 0.000 0.000 0.000 21.565 23.566 0.000 0.000 0.000 21.567 22.567 0.000 0.000 0.000 0.000 6.564 0.000 0.000 0.000 0.000 0.000 0.000 0.000 0.000
78.055 91.999 83.930 68.831 69.982 62.021 99.949 99.849 69.496 74.174 50.071 0.000 0.000 0.000 0.000 38.132 51.059 48.924 30.729 30.502 30.306 41.135 52.984 41.848 30.727 30.622 30.534 31.464 40.414 58.386 54.389 15.445 0.000 0.000 0.000 0.000 0.000 0.000 0.000 36.515 38.514 50.513 51.512 7.511 0.000 0.000 0.000 0.000 0.000 0.000 0.000 0.000 0.000 13.563 23.563 0.563 0.000 0.000 0.000 22.566 20.566 0.000 0.000 0.000 0.000 0.000 0.000 0.000 0.000 0.000 0.000 0.000 0.000 0.000
91.188 94.112 94.039 89.007 79.155 100.142 100.045 61.619 56.410 0.000 0.000 0.000 0.000 0.000 0.000 49.298 54.197 30.042 31.851 31.644 43.448 52.270 34.111 30.969 30.844 30.735 30.645 30.573 30.521 39.490 59.483 52.502 26.533 17.545 21.548 0.000 0.000 0.000 0.000 0.000 16.513 56.512 56.511 17.510 0.000 0.000 0.000 0.000 0.000 0.000 0.000 0.000 0.000 2.562 1.563 0.000 0.000 0.000 0.000 2.566 29.566 0.000 0.000 0.000 0.000 0.000 0.000 0.000 0.000 0.000 0.000 0.000 0.000 0.000
94.300 94.230 94.110 98.346 89.396 100.237 61.668 64.326 59.105 0.000 0.000 0.000 0.000 0.000 42.764 54.566 31.391 32.198 31.988 39.774 52.572 30.387 31.221 31.074 30.944 30.832 30.738 30.663 30.608 30.570 34.551 35.547 30.553 31.555 38.551 20.550 0.000 0.000 0.000 0.000 0.000 11.511 47.510 10.509 0.000 0.000 0.000 0.000 0.000 0.000 0.000 0.000 0.000 0.000 0.000 0.000 0.000 0.000 0.000 0.000 0.000 0.000 0.000 0.000 0.000 0.000 0.000 0.000 0.000 0.000 0.000 0.000 0.000 0.000
90.411 94.316 95.471 92.510 100.420 100.328 66.239 50.560 0.000 0.000 0.000 0.000 0.000 0.000 59.962 36.811 32.604 32.370 34.129 54.895 34.679 31.485 31.314 31.162 31.027 30.910 30.813 30.735 30.676 30.633 29.603 28.585 31.576 13.571 0.000 0.000 0.000 0.000 0.000 0.000 0.000 0.000 40.509 28.508 0.000 0.000 0.000 0.000 0.000 0.000 0.000 0.000 0.000 0.000 0.000 0.000 0.000 0.000 0.000 0.000 0.000 0.000 0.000 0.000 0.000 0.000 0.000 0.000 0.000 0.000 0.000 0.000 0.000 0.000
69.520 73.492 69.642 100.603 100.512 77.846 58.863 49.517 0.000 0.000 0.000 0.000 0.000 0.000 35.312 31.112 30.844 29.550 42.263 34.999 28.763 29.562 29.388 29.233 29.092 29.969 30.869 30.790 30.729 29.682 27.644 29.614 29.595 26.584 16.579 19.573 21.568 20.563 22.559 0.000 0.000 0.000 0.000 37.507 9.506 0.000 0.000 0.000 0.000 0.000 0.000 0.000 0.000 0.000 0.000 0.000 0.000 0.000 0.000 0.000 0.000 0.000 0.000 0.000 0.000 0.000 0.000 0.000 0.000 0.000 0.000 0.000 0.000 0.000
106.591 71.831 101.883 100.692 60.509 51.047 0.000 64.405 22.464 0.000 0.000 0.000 0.000 79.329 57.864 28.481 36.110 46.722 45.376 41.074 38.813 38.611 38.444 37.292 31.138 27.005 30.903 30.827 30.768 29.722 29.679 33.633 33.606 34.590 44.581 44.574 40.568 33.562 32.556 11.552 0.000 0.000 0.000 0.000 2.506 0.000 0.000 0.000 0.000 0.000 0.000 0.000 0.000 0.000 0.000 0.000 0.000 0.000 0.000 0.000 0.000 0.000 0.000 0.000 0.000 0.000 0.000 0.000 0.000 0.000 0.000 0.000 0.000 0.000
111.383 109.423 100.858 100.777 88.614 0.000 31.212 59.212 132.524 107.966 0.000 26.806 16.300 77.794 37.333 34.839 106.393 96.853 92.446 92.108 90.805 89.626 88.486 87.351 58.166 25.009 30.914 30.847 30.797 30.758 22.718 0.000 0.000 0.000 0.000 0.000 0.000 0.000 49.550 28.549 0.000 0.000 0.000 0.000 0.000 0.000 0.000 0.000 0.000 0.000 0.000 0.000 0.000 0.000 0.000 0.000 0.000 0.000 0.000 0.000 0.000 0.000 0.000 0.000 0.000 0.000 0.000 0.000 0.000 0.000 0.000 0.000 0.000 0.000
110.546 101.007 100.934 85.188 0.000 0.000 0.000 2.124 53.455 41.409 0.000 8.313 0.000 37.215 33.837 43.149 98.770 0.000 0.000 0.000 34.674 43.601 104.523 17.462 0.000 34.952 30.896 30.850 31.815 13.794 0.000 0.000 0.000 0.000 0.000 0.000 0.000 0.000 2.547 49.544 5.538 0.000 0.000 0.000 0.000 0.000 0.000 0.000 0.000 0.000 0.000 0.000 0.000 0.000 0.000 0.000 0.000 0.000 0.000 0.000 0.000 0.000 0.000 0.000 0.000 0.000 0.000 0.000 0.000 0.000 0.000 0.000 0.000 0.000
109.773 101.075 109.688 111.533 31.821 0.000 8.539 35.539 45.235 22.805 0.306 29.820 75.631 74.014 66.652 0.000 17.770 0.000 0.000 17.615 45.616 90.584 53.543 18.512 0.000 0.000 36.868 30.841 31.821 12.809 0.000 0.000 0.000 0.000 0.000 0.000 0.000 0.000 0.000 0.000 35.531 0.526 0.000 0.000 0.000 0.000 0.000 0.000 0.000 0.000 0.000 0.000 0.000 0.000 0.000 0.000 0.000 0.000 0.000 0.000 0.000 0.000 0.000 0.000 0.000 0.000 0.000 0.000 0.000 0.000 0.000 0.000 0.000 0.000
101.198 101.139 90.198 32.962 0.000 0.000 0.000 0.000 22.140 0.000 0.000 23.482 67.059 120.560 56.106 0.000 0.000 0.000 0.000 0.000 59.590 94.575 24.553 21.532 0.000 0.000 0.000 35.826 29.819 27.814 25.813 13.812 0.000 0.000 0.000 0.000 0.000 0.000 0.000 0.000 49.526 7.524 0.000 0.000 0.000 0.000 0.000 0.000 0.000 0.000 0.000 0.000 0.000 0.000 0.000 0.000 0.000 0.000 0.000 0.000 0.000 0.000 0.000 0.000 0.000 0.000 0.000 0.000 0.000 0.000 0.000 0.000 0.000 0.000
