results2_8e3_rain/res_3e8f-0108.wd
ncols         241
nrows         181
xllcorner     12693529.787448
yllcorner     3542525.717860
cellsize      155.156523
NODATA_value  -9999.000000
[rows 66 to 98 of 181, columns 73 to 145 of 241]
69.034 33.023 0.000 58.208 75.187 74.157 74.130 0.000 45.551 45.534 58.544 54.552 53.531 53.487 52.421 128.327 116.163 0.000 0.000 0.000 48.966 43.909 48.823 51.767 51.720 53.677 54.637 59.593 60.553 61.508 52.448 0.000 0.000 49.745 99.745 81.655 85.508 85.587 83.633 91.559 84.029 84.502 85.236 84.002 83.774 84.565 54.406 0.000 0.000 0.000 0.000 0.000 0.000 0.000 32.672 30.653 30.618 30.568 30.505 30.439 34.368 47.292 44.216 29.138 40.059 48.981 27.905 30.831 36.757 41.684 37.611 31.540 29.471
54.036 60.012 0.000 46.415 70.381 69.354 63.356 16.436 0.000 0.000 51.618 64.692 53.692 52.661 53.619 34.579 0.000 0.000 0.000 0.000 0.000 0.000 59.764 57.740 55.711 38.674 41.634 48.590 49.557 54.525 45.486 0.000 0.000 0.000 59.985 77.890 84.822 84.908 91.998 91.786 84.108 84.791 84.496 84.280 84.064 78.871 36.735 0.000 0.927 33.927 0.000 0.000 0.000 38.709 33.709 30.688 30.652 30.603 30.544 30.480 30.411 30.338 37.263 51.187 52.110 35.034 28.959 29.885 30.811 34.739 33.667 29.597 29.528
56.044 54.979 59.849 57.657 71.568 64.520 65.504 62.516 0.000 0.000 0.000 66.908 61.882 56.848 58.815 5.793 0.000 0.000 0.000 0.000 0.000 0.000 58.729 54.720 45.709 0.000 0.000 46.575 58.560 57.547 0.000 0.000 5.695 62.575 54.320 58.140 65.213 80.269 92.195 83.861 85.409 84.967 84.773 84.549 82.330 65.120 43.927 49.927 47.927 28.927 0.000 0.000 0.000 0.000 47.767 29.739 30.698 34.648 42.590 32.526 30.457 29.385 33.311 48.236 55.161 47.086 33.011 27.938 29.865 29.793 29.722 29.652 28.583
56.082 54.010 57.911 68.796 62.712 55.656 74.622 63.609 15.624 0.000 9.291 59.151 75.079 70.033 70.001 72.983 0.000 0.000 0.000 0.000 4.689 4.693 56.703 47.701 50.696 0.000 0.000 0.000 94.563 121.555 36.555 0.000 61.815 56.712 56.549 56.455 52.535 92.557 92.382 84.913 88.513 85.254 85.039 84.819 76.586 29.353 0.000 51.927 29.927 0.000 0.000 0.000 35.960 34.925 33.853 29.803 33.755 45.701 50.641 48.576 41.507 31.435 40.362 48.287 27.212 33.137 46.063 42.990 38.919 46.847 27.776 29.706 27.637
54.137 60.068 69.988 61.903 53.830 53.770 66.721 74.674 70.639 73.567 75.432 70.324 65.252 67.203 56.172 55.156 0.000 0.000 0.000 5.683 61.685 60.687 48.689 50.686 51.678 55.661 54.651 0.000 5.574 0.000 0.000 8.200 68.037 60.909 55.747 56.837 54.880 92.718 54.543 62.127 76.717 84.532 85.312 83.100 41.843 0.000 0.000 0.000 0.000 0.000 0.000 37.018 30.995 30.963 30.916 31.868 41.816 50.760 49.698 49.631 45.561 41.488 51.413 34.337 29.262 30.188 30.114 40.042 52.972 39.901 27.830 28.758 34.691
60.202 71.138 61.069 53.999 54.934 54.875 56.816 40.727 66.691 64.630 56.544 53.463 52.401 68.356 70.328 57.314 0.000 0.000 0.000 61.682 57.682 54.681 47.680 51.676 51.668 51.655 51.640 10.615 13.585 14.556 16.503 84.362 81.230 70.100 69.055 58.052 93.001 92.866 56.601 63.245 58.016 64.814 83.580 58.426 0.000 0.000 0.000 0.000 0.000 0.000 0.000 37.042 31.038 31.017 30.981 31.935 40.883 50.824 49.759 48.690 45.617 50.542 44.465 28.388 30.312 30.237 30.164 40.094 48.024 26.956 29.884 32.807 51.742
71.272 61.214 54.152 55.090 55.031 55.979 36.941 0.000 23.769 51.719 54.652 54.584 54.531 52.493 76.469 60.457 0.000 0.000 0.000 38.680 55.678 49.676 50.674 51.670 51.663 51.653 51.639 62.620 2.595 6.580 23.590 76.515 86.412 8.300 90.222 80.412 93.119 55.183 68.823 65.462 55.329 52.128 48.768 33.597 0.000 0.000 32.612 0.000 0.000 0.000 0.000 33.069 31.097 31.087 31.055 31.010 31.956 37.894 45.826 45.753 45.676 49.597 27.518 30.438 30.361 29.285 35.213 52.143 35.077 29.013 31.944 12.845 13.783
61.348 54.293 55.236 55.178 55.122 58.071 14.027 11.993 4.895 49.827 54.759 56.690 54.647 53.617 71.598 67.589 0.000 0.000 0.000 0.000 46.674 49.673 51.670 51.666 51.661 51.653 53.643 39.632 0.000 0.000 73.762 76.697 87.607 93.477 87.579 85.614 93.220 76.237 78.937 63.776 56.679 49.603 0.000 0.000 0.000 0.000 30.612 0.000 0.000 0.000 0.000 0.000 34.196 31.178 31.142 31.095 31.037 30.971 30.898 37.820 45.738 33.654 30.570 30.487 30.407 33.330 46.258 46.190 28.129 30.075 33.035 0.026 0.000
54.428 55.375 55.320 55.264 55.208 55.154 59.105 60.056 59.993 55.933 55.869 35.769 52.749 53.730 69.717 68.712 0.000 0.000 0.000 0.000 45.671 51.670 51.668 51.665 51.661 51.656 39.649 0.000 0.000 2.172 78.998 84.908 87.808 87.754 86.830 93.355 85.727 88.442 83.128 68.067 58.006 57.002 57.140 0.000 0.000 0.000 27.613 34.613 27.613 0.000 0.000 0.000 49.314 30.285 31.243 31.189 31.126 32.055 30.975 30.890 30.801 30.711 30.621 30.534 29.450 35.372 50.299 27.232 30.172 30.122 32.088 7.080 0.000
55.512 55.460 55.405 55.349 55.291 55.235 55.182 55.132 55.086 55.045 59.013 0.000 45.850 54.837 70.827 65.831 1.876 0.000 0.000 0.000 50.669 53.668 53.667 53.664 51.662 54.659 0.000 0.000 0.000 71.314 77.219 88.127 88.006 88.112 86.158 93.566 86.865 91.507 87.396 88.328 76.278 64.258 53.278 48.278 50.278 0.000 0.000 33.614 28.613 34.609 35.594 33.555 39.462 49.406 31.354 32.294 41.225 48.146 30.059 30.964 30.866 30.767 30.670 29.577 34.489 53.407 47.333 36.266 29.207 30.155 32.112 47.073 65.015
55.599 55.547 55.492 55.435 55.374 55.311 55.255 58.206 56.176 55.147 59.125 0.000 45.964 54.942 71.922 63.913 3.918 0.000 0.000 0.000 23.668 33.668 32.666 32.664 53.662 38.661 0.000 0.000 0.000 73.513 83.439 88.345 88.301 87.402 94.213 93.908 87.935 88.777 87.633 87.575 88.519 79.474 44.437 0.000 0.000 0.000 0.000 31.616 31.618 28.619 30.618 31.611 30.571 37.525 51.472 34.408 32.334 42.247 30.149 31.043 30.933 30.823 30.716 30.615 38.521 51.436 38.360 50.293 28.233 29.180 34.133 55.087 67.034
55.689 55.637 55.582 55.524 55.458 58.382 60.319 32.263 53.263 56.242 58.216 18.192 49.100 54.046 66.006 63.979 4.966 0.000 0.000 0.000 0.000 0.000 0.000 0.000 34.662 0.000 0.000 0.000 21.957 71.788 88.677 88.555 88.669 86.752 94.489 86.528 92.232 87.926 87.878 87.810 87.749 77.682 38.560 0.000 0.000 0.000 0.000 0.000 34.624 35.630 22.649 30.698 31.688 31.652 35.600 51.534 34.454 31.359 31.248 31.126 30.999 30.875 28.756 34.646 53.545 34.457 33.379 47.312 31.253 29.200 36.153 62.107 67.059
55.781 55.729 55.676 55.621 57.553 33.438 35.379 0.000 15.371 51.342 55.305 59.261 55.197 58.136 63.075 68.034 7.000 0.000 0.000 0.000 0.000 0.000 0.000 0.000 0.000 0.000 0.000 5.248 81.127 83.005 88.897 88.851 87.968 94.987 94.747 87.594 88.307 88.177 88.107 88.042 86.986 66.946 0.000 0.000 0.000 0.000 0.000 0.000 0.000 26.630 0.000 37.846 34.830 30.794 30.742 32.675 49.591 38.487 30.360 31.212 31.063 29.921 34.789 36.667 35.558 32.466 30.388 30.323 30.266 31.216 44.171 66.128 67.086
55.872 55.821 55.774 55.730 60.696 0.000 0.000 21.597 13.508 47.451 56.402 54.350 56.291 68.225 40.127 34.080 0.000 0.000 0.000 0.000 0.000 0.000 0.000 0.000 0.000 0.000 0.000 68.368 73.298 87.209 89.091 89.220 87.314 95.208 87.100 88.774 88.466 88.405 88.329 88.264 80.207 57.169 0.000 0.000 0.000 0.000 0.000 0.000 0.000 0.000 0.000 42.011 36.991 30.953 28.900 31.832 31.747 47.638 40.493 31.301 32.120 29.957 36.810 36.676 33.554 27.460 30.386 30.325 32.273 46.227 65.186 67.149 70.115
56.961 54.911 54.867 54.829 57.806 27.813 24.773 56.686 61.613 55.553 53.499 60.447 70.393 73.345 0.000 0.000 0.000 0.000 0.000 0.000 0.000 0.000 0.000 0.000 0.000 0.000 0.000 70.558 78.493 88.404 89.395 88.432 95.615 95.417 88.134 88.837 88.698 88.619 88.544 88.476 70.411 52.354 0.000 0.000 0.000 0.000 0.000 0.000 0.000 0.000 0.000 40.197 38.170 38.127 35.072 28.006 29.927 30.825 46.674 46.378 43.159 39.979 32.820 31.672 28.521 29.435 30.372 34.319 54.274 66.234 66.198 67.167 66.139
71.045 69.996 68.952 66.915 63.885 64.861 64.820 61.762 62.703 64.648 64.597 70.545 72.490 30.417 0.000 0.000 0.000 0.000 0.000 0.000 0.000 0.000 0.000 0.000 0.000 9.074 16.995 71.813 88.704 89.612 89.561 88.789 95.798 87.617 89.289 88.975 88.909 88.826 88.753 86.684 68.608 39.481 0.000 0.000 0.000 0.000 0.000 0.000 0.000 0.000 0.000 30.409 34.367 37.314 38.256 37.195 34.130 30.062 24.000 0.000 0.000 0.000 0.000 0.000 32.423 30.387 33.346 54.306 67.270 66.236 67.207 70.181 66.159
67.124 69.075 68.031 69.993 71.958 70.925 69.885 67.838 65.789 65.741 66.694 62.646 62.603 0.000 0.000 0.000 0.000 0.000 0.000 0.000 0.000 0.000 0.000 0.000 0.000 58.154 81.097 79.995 88.901 89.789 89.915 88.017 95.969 89.713 89.317 89.191 89.106 89.027 88.958 84.899 64.857 0.000 0.000 0.000 0.000 0.000 0.000 0.000 0.000 0.000 37.820 32.664 29.574 31.504 36.443 38.387 38.336 39.292 30.264 0.000 0.000 0.000 0.000 0.000 33.362 31.345 47.319 68.291 66.263 66.236 66.211 67.190 66.173
55.197 55.149 56.106 63.066 72.030 77.995 65.957 59.917 54.875 52.833 51.791 57.744 36.673 0.000 0.000 0.000 0.000 0.000 0.000 0.000 0.000 0.000 0.000 0.000 0.000 64.290 80.245 88.170 90.085 90.052 89.182 96.273 96.127 91.734 89.539 89.377 89.298 89.220 89.151 84.097 59.064 0.000 0.000 0.000 0.000 0.000 0.000 0.000 0.000 38.106 32.975 32.854 32.761 31.687 28.626 33.575 37.535 38.508 35.500 0.000 0.000 0.000 0.000 36.304 30.317 34.311 62.295 66.275 66.254 66.233 66.213 66.196 66.182
54.265 54.218 58.176 63.137 65.101 68.067 58.032 53.997 54.962 54.926 56.892 34.864 0.000 0.000 0.000 0.000 0.000 0.000 0.000 0.000 0.000 0.000 0.000 0.000 0.000 50.471 79.423 89.356 90.255 90.385 88.495 96.407 89.289 90.961 89.639 89.572 89.482 89.402 89.331 80.273 53.238 0.000 0.000 0.000 0.000 0.000 0.000 0.000 37.358 33.237 33.121 33.017 32.929 32.857 32.798 29.752 28.720 31.707 38.727 38.817 0.000 0.000 0.000 30.291 31.292 49.287 66.276 65.261 65.245 66.229 66.213 66.200 66.188
54.328 54.283 56.242 57.205 55.171 54.139 55.108 54.078 54.048 54.018 58.987 3.957 0.000 0.000 0.000 0.000 0.000 0.000 0.000 0.000 0.000 0.000 0.000 0.000 1.888 58.700 87.624 90.544 90.516 89.647 96.650 96.533 92.290 89.989 89.842 89.751 89.661 89.576 90.497 70.427 58.378 0.000 0.000 37.029 0.000 36.768 38.719 38.626 33.480 33.362 33.257 33.163 33.082 33.014 32.958 32.915 31.886 28.874 37.882 38.909 31.908 0.000 0.000 38.276 30.275 38.270 44.261 47.249 51.237 57.224 63.211 65.200 65.192
55.387 55.344 55.305 55.270 55.238 54.209 54.182 54.158 54.135 53.111 61.080 12.020 0.000 0.000 0.000 0.000 0.000 0.000 0.000 0.000 0.000 0.000 0.000 0.000 43.034 78.919 89.828 90.717 90.857 88.949 96.755 89.749 91.421 90.103 90.026 89.928 89.835 89.744 90.654 62.559 40.468 0.000 0.000 33.029 0.000 31.817 33.763 33.679 33.574 33.474 33.381 33.297 33.222 33.158 33.105 33.065 31.036 33.022 39.020 36.026 0.000 0.000 0.000 37.264 36.261 35.256 34.248 33.239 32.229 36.218 47.208 43.200 45.192
53.441 53.401 53.365 53.332 53.303 53.277 53.255 54.237 56.222 58.212 33.201 0.273 0.000 0.000 0.000 0.000 0.000 0.000 0.000 1.211 10.201 0.000 0.000 13.372 54.234 85.119 91.012 91.000 90.027 96.939 96.852 92.743 90.447 90.296 90.200 90.103 90.008 89.912 85.815 32.687 0.000 0.000 0.000 33.030 39.008 33.920 33.838 33.752 33.665 33.579 33.497 33.420 33.351 33.291 33.241 33.201 30.173 39.156 39.150 35.150 0.000 0.000 0.000 36.253 35.250 36.245 36.238 36.230 36.221 36.212 35.204 35.197 34.192
54.491 54.454 57.421 61.391 64.365 68.342 70.324 73.312 72.306 64.313 2.345 13.418 37.465 5.489 0.000 0.000 0.000 0.000 0.000 41.220 68.196 8.160 0.000 47.510 80.412 90.302 91.201 91.131 90.354 97.014 89.187 90.871 90.552 90.474 90.374 90.277 90.179 91.083 78.006 0.000 0.000 0.000 0.000 13.052 33.075 34.018 35.917 35.827 33.753 33.681 33.608 33.537 33.472 33.415 33.366 30.327 35.299 38.281 39.274 30.275 0.000 0.000 0.000 20.247 41.241 41.235 38.229 35.221 35.214 36.206 37.200 37.194 36.189
56.537 55.503 62.473 71.446 72.422 71.403 70.388 69.379 66.378 60.387 35.412 52.452 70.486 39.513 23.537 0.000 0.000 0.000 12.285 51.250 65.203 4.124 22.971 64.745 89.602 92.488 91.329 91.542 89.517 97.077 91.176 90.889 90.739 90.644 90.549 90.452 90.350 92.234 36.120 0.000 0.000 0.000 0.000 0.000 29.221 35.158 15.987 15.885 32.842 33.783 33.716 33.649 33.586 33.529 32.482 30.443 39.414 39.395 36.389 30.400 36.450 0.000 0.000 0.000 52.232 67.228 60.221 56.213 52.206 48.200 51.194 51.189 34.186
56.579 56.549 59.522 62.497 61.476 59.459 57.446 55.439 53.439 53.447 62.465 64.490 61.516 58.540 62.561 10.581 0.000 0.000 52.320 82.292 33.241 29.162 63.044 86.898 91.771 91.631 91.752 89.707 97.161 89.586 91.299 90.984 90.911 90.815 90.724 90.632 93.533 50.384 0.000 0.000 0.000 0.000 0.000 0.000 31.432 36.407 0.000 0.000 29.945 33.894 33.825 33.756 33.692 33.636 30.588 38.549 39.518 38.497 29.487 33.488 33.500 0.000 0.000 0.000 20.227 50.222 68.213 67.205 67.199 67.193 67.188 61.184 51.181
56.619 56.592 56.567 55.545 55.526 56.510 56.499 56.492 54.492 55.497 60.510 63.528 59.549 54.569 57.588 12.600 0.000 0.000 44.383 54.357 32.309 65.238 80.144 89.034 91.924 91.861 90.963 97.543 97.303 90.581 91.309 91.164 91.075 90.984 90.898 90.820 93.768 0.000 0.000 9.147 18.147 0.000 0.000 32.774 35.667 34.631 41.675 0.000 30.101 34.023 33.936 33.858 33.792 31.735 33.686 39.646 39.614 31.590 32.573 33.565 33.562 0.000 0.000 0.000 0.000 0.000 50.204 66.196 66.190 66.185 66.181 67.178 67.175
56.657 56.633 56.611 56.590 56.572 56.558 56.547 55.540 54.538 58.541 62.549 62.563 57.581 53.601 58.620 11.632 0.000 0.000 40.471 9.444 56.399 80.338 86.259 92.176 92.034 92.250 90.244 97.757 90.007 91.717 91.403 91.332 91.238 91.150 91.064 97.984 81.950 0.000 5.146 55.147 41.147 0.000 0.000 27.881 35.830 34.777 34.718 40.583 38.334 37.161 34.036 33.949 33.882 30.825 38.777 39.735 35.701 30.674 33.653 33.635 35.622 39.633 0.000 0.000 0.000 0.000 0.000 63.184 66.181 66.177 66.174 67.171 65.169
56.695 56.673 56.652 56.632 56.616 56.602 55.591 54.583 56.579 60.579 63.584 59.594 54.612 53.634 56.657 38.677 25.694 26.667 22.587 23.548 63.507 84.453 90.390 92.291 92.440 90.439 98.131 97.953 91.017 91.729 91.581 91.490 91.399 91.312 96.223 39.101 54.097 24.135 55.146 63.148 0.000 0.000 0.000 27.039 35.996 34.930 34.838 44.697 55.491 29.250 39.099 35.022 31.962 33.908 39.860 38.818 29.782 32.753 33.729 33.703 20.656 21.644 0.000 0.000 0.000 0.000 0.000 44.175 65.173 66.169 66.167 70.164 66.161
56.732 56.711 56.691 56.673 56.656 56.642 54.631 54.622 58.616 65.613 66.611 62.619 57.638 55.665 55.699 57.725 57.737 66.722 7.661 41.655 79.626 86.581 92.526 92.504 91.647 98.450 98.296 91.380 92.159 91.819 91.744 91.647 91.557 91.477 99.416 0.000 37.202 39.164 29.153 31.150 0.000 0.000 0.000 30.241 36.186 35.107 41.008 56.876 33.684 0.000 20.088 33.077 31.035 38.985 39.937 35.893 32.857 33.828 33.806 35.791 0.000 0.000 0.000 0.000 0.000 0.000 36.169 17.170 56.165 66.162 66.159 71.157 66.154
56.769 56.748 56.729 56.711 56.694 55.680 54.668 56.659 63.651 40.644 16.630 15.634 12.654 42.690 59.750 54.785 57.809 38.820 0.816 46.787 84.759 90.726 92.630 92.886 90.920 98.592 91.720 92.495 92.062 92.001 91.894 91.799 91.707 92.621 90.548 12.490 12.346 0.000 0.000 0.000 0.000 0.000 29.649 37.498 35.398 34.307 54.211 58.117 0.000 0.000 0.000 29.164 35.117 40.061 40.009 29.963 33.925 33.896 33.876 36.865 0.000 0.000 0.000 0.000 0.000 0.000 15.169 0.000 44.155 66.154 66.152 72.150 66.148
56.805 56.784 56.765 56.747 55.731 54.716 56.704 59.694 67.686 26.682 0.000 0.000 0.000 0.000 41.827 56.857 57.893 43.932 45.974 71.936 88.909 92.849 93.037 91.072 98.843 98.723 92.704 92.398 92.248 92.143 92.043 91.946 91.850 94.754 79.663 8.576 0.000 0.000 0.000 0.000 0.000 0.000 29.800 36.703 35.603 33.510 61.411 22.264 0.000 0.000 35.419 40.297 40.209 40.135 38.074 33.024 33.984 33.955 33.937 35.929 0.000 40.012 0.000 0.000 0.000 0.000 0.000 0.000 37.147 66.146 66.145 66.144 66.142
56.838 56.818 56.799 56.782 55.765 54.750 58.737 62.726 66.718 24.715 0.000 0.000 0.000 0.000 21.875 64.922 59.974 66.040 79.080 88.078 92.056 93.079 92.244 99.054 98.952 92.046 92.820 92.476 92.392 92.286 92.188 92.091 95.993 58.884 30.773 0.000 0.000 0.000 0.000 0.000 0.000 32.254 37.050 35.909 37.803 34.719 58.660 0.000 0.000 30.689 37.540 53.398 42.285 39.197 35.127 33.074 33.033 34.005 33.988 33.985 39.005 35.012 26.012 0.000 0.000 0.000 33.134 35.135 34.139 66.140 66.139 66.139 66.138
56.871 56.852 56.833 56.815 54.798 56.782 62.768 63.755 61.747 48.745 9.754 0.000 0.000 0.000 0.000 17.982 14.043 54.172 85.230 89.239 93.200 93.386 91.523 99.147 91.363 93.141 92.705 92.639 94.526 93.426 92.330 92.239 98.145 21.015 0.000 0.000 0.000 0.000 0.000 13.800 52.693 52.459 40.237 37.080 47.981 42.904 43.849 4.853 0.000 28.837 33.655 44.471 40.337 44.239 38.166 41.111 40.071 37.042 34.024 33.017 33.019 39.019 0.000 0.000 0.000 0.000 30.133 30.133 40.134 66.134 66.134 66.134 66.133
