results2_8e3_rain/res_3e8f-0168.wd
ncols         241
nrows         181
xllcorner     12693529.787448
yllcorner     3542525.717860
cellsize      155.156523
NODATA_value  -9999.000000
[rows 99 to 131 of 181, columns 73 to 145 of 241]
59.598 59.574 59.550 58.524 58.497 63.470 66.442 63.415 59.395 59.386 53.387 9.393 0.000 0.000 0.000 0.000 0.000 14.617 72.584 97.540 95.533 94.690 101.358 101.288 94.390 95.087 94.936 94.828 95.724 95.626 94.538 98.464 57.412 0.000 0.000 0.000 0.000 0.000 0.000 33.832 59.759 71.646 39.508 21.299 51.205 54.122 52.031 55.914 52.710 50.389 20.060 44.817 48.689 63.604 69.541 72.495 70.461 65.436 58.421 53.412 48.408 26.399 0.000 0.000 0.000 0.000 20.830 38.830 50.830 74.830 75.830 75.830 75.830
59.648 59.625 58.601 56.576 60.548 65.518 66.485 66.449 60.421 57.405 62.399 62.399 23.400 0.000 17.251 47.198 24.085 3.885 60.790 100.669 95.919 95.935 101.418 93.702 95.491 95.146 95.059 94.949 94.844 94.744 96.656 95.586 31.543 0.000 0.000 0.000 0.000 0.000 2.150 37.999 43.910 54.821 3.749 0.000 46.325 54.266 53.174 57.045 56.856 27.623 0.000 39.720 53.662 58.599 79.547 80.508 80.478 81.456 82.441 80.432 61.429 0.000 0.000 0.454 0.000 0.000 0.000 37.829 50.829 74.829 75.829 75.829 75.829
59.699 58.678 58.655 61.629 64.601 65.570 40.533 4.473 33.436 69.415 42.407 16.402 8.401 0.000 28.303 78.259 75.172 67.057 85.937 97.088 94.076 101.500 94.983 95.789 95.356 95.292 95.177 95.068 94.957 95.849 93.755 81.682 28.631 1.613 0.000 0.000 0.000 2.375 41.275 48.159 46.062 46.978 19.918 0.000 52.506 70.442 63.354 58.237 33.047 0.000 0.000 22.681 12.641 52.581 77.541 81.511 79.487 79.468 79.455 81.448 54.446 48.452 48.454 54.454 0.000 0.000 0.000 14.829 49.828 74.828 75.828 75.828 75.828
58.752 57.734 62.711 65.685 65.656 65.626 30.604 0.000 0.425 12.413 3.410 0.000 0.000 0.000 21.401 84.361 90.290 98.203 98.162 95.287 101.839 101.630 94.950 95.661 95.513 95.405 95.297 95.187 95.069 100.939 50.834 18.757 2.683 0.335 5.871 8.834 0.000 32.468 50.394 46.298 46.203 45.112 51.027 16.938 45.750 71.643 70.562 68.503 0.000 0.000 0.000 0.000 0.000 50.543 79.526 83.507 80.490 79.475 77.465 66.458 47.455 43.455 44.456 28.455 0.000 0.000 0.000 0.000 45.827 74.827 75.827 75.827 71.827
57.809 63.793 65.771 65.744 63.712 69.676 39.654 0.000 0.000 0.000 0.000 0.000 0.000 0.000 32.539 90.491 93.431 97.308 96.544 96.557 102.027 94.336 96.042 95.718 95.632 95.524 95.419 99.313 105.194 60.006 28.883 3.830 0.000 0.000 0.000 5.796 33.759 56.634 50.536 43.438 48.339 52.240 49.141 47.036 60.913 64.817 54.749 62.710 0.000 0.000 0.000 0.000 0.000 56.522 80.514 85.502 84.490 80.479 75.470 44.464 42.461 43.459 50.458 0.000 0.000 0.000 0.000 39.826 43.827 72.827 75.826 75.826 69.826
64.871 65.857 65.836 64.808 42.772 8.710 27.682 29.682 0.000 0.000 0.000 0.000 0.000 23.841 76.723 90.645 93.550 95.708 96.718 102.357 102.199 95.312 96.014 95.853 95.747 95.641 99.542 61.453 21.387 0.000 38.864 24.849 0.000 0.000 0.000 0.000 41.846 75.772 66.679 61.578 56.474 57.367 55.260 56.153 69.048 62.964 46.906 48.878 0.000 0.000 0.000 0.000 0.000 56.509 84.505 49.498 47.489 79.480 82.473 52.468 43.465 48.462 18.460 0.000 0.000 0.000 0.000 12.826 39.826 57.826 73.826 76.826 69.825
65.938 65.928 61.909 65.881 47.859 0.000 18.682 48.682 0.000 0.000 0.000 0.000 14.055 75.960 89.867 95.788 95.759 95.901 102.641 102.503 94.639 96.415 96.064 95.975 95.861 95.753 99.653 71.570 3.515 0.000 8.859 11.854 0.000 0.000 0.000 0.000 29.007 60.930 65.831 75.723 71.611 59.496 62.380 71.267 66.165 54.084 46.033 47.018 21.064 22.076 0.000 0.000 0.000 54.501 88.499 2.496 0.000 28.478 75.474 65.471 46.468 25.465 0.000 0.000 0.000 0.000 0.000 0.000 12.826 36.825 62.825 72.825 65.825
64.013 61.010 59.989 75.948 54.923 0.000 17.682 45.682 0.000 0.000 0.000 8.222 72.151 85.074 95.004 97.884 97.129 95.159 102.768 93.949 95.723 92.282 94.209 96.087 95.972 96.857 90.746 80.660 28.588 0.000 0.000 0.000 0.000 0.000 0.000 16.431 51.245 56.111 55.990 57.871 66.751 69.626 72.497 66.370 53.259 47.176 46.123 45.099 49.099 34.087 0.000 0.000 0.000 43.495 80.493 46.490 35.484 27.479 70.476 76.473 56.471 0.000 0.000 7.472 0.000 0.000 0.000 0.000 0.000 31.825 55.825 60.825 47.824
58.098 67.108 63.091 4.000 4.962 0.000 8.682 8.682 0.000 0.000 0.000 9.293 88.250 90.193 98.105 97.271 96.293 102.993 102.885 95.907 95.595 95.436 95.319 94.202 95.082 96.958 53.813 4.737 0.000 0.000 0.000 0.000 0.000 19.993 36.852 51.617 62.430 59.280 58.147 55.021 55.895 58.761 70.613 71.455 63.326 52.238 45.184 45.155 47.145 0.000 0.000 0.000 0.000 28.491 70.489 48.487 44.484 44.480 76.476 79.474 62.473 25.473 15.472 58.472 0.000 0.000 0.000 0.000 0.000 34.824 58.824 53.824 39.824
59.191 69.232 56.265 0.000 0.000 0.000 5.682 17.682 1.682 0.000 0.554 75.408 85.366 97.310 97.305 96.449 103.186 103.093 95.219 96.994 96.646 96.553 96.434 96.317 98.198 48.078 0.000 0.000 0.000 0.000 0.000 9.488 35.354 52.134 64.947 60.753 59.580 59.430 59.297 60.172 58.047 56.909 30.737 49.514 74.350 56.267 44.219 47.192 45.182 33.188 0.000 0.000 0.000 29.489 62.486 40.485 0.000 0.000 32.475 69.474 58.473 67.473 74.473 33.472 0.000 0.000 0.000 0.000 0.000 9.824 49.824 47.824 40.824
57.282 61.365 60.473 36.635 0.000 0.000 0.000 3.682 6.681 0.000 28.643 88.555 95.495 97.417 97.576 95.700 103.271 95.507 97.289 96.854 96.786 96.666 97.550 98.433 60.316 0.000 0.000 0.000 0.000 0.000 11.799 54.622 65.441 61.240 60.050 59.869 59.707 59.565 59.438 59.323 59.212 68.090 6.914 0.000 42.293 51.261 43.232 52.212 52.201 34.195 0.000 0.000 0.000 0.000 46.483 83.482 51.480 0.000 25.474 70.474 64.473 55.473 55.473 0.000 0.000 0.000 0.000 0.000 0.000 0.000 28.823 39.823 40.823
69.353 7.473 63.627 61.796 50.996 10.117 0.387 0.000 0.000 19.809 78.742 92.674 98.615 97.600 96.755 103.417 103.348 96.455 97.154 97.003 96.893 97.783 99.667 60.550 0.000 0.000 0.000 0.000 10.355 41.220 51.976 63.761 60.548 60.337 57.142 56.966 56.814 57.683 59.569 59.471 62.387 39.327 0.000 0.000 22.268 47.253 46.237 64.224 60.217 0.000 0.000 0.000 0.000 0.000 30.480 75.479 87.478 44.476 70.475 84.474 76.473 52.473 45.472 17.472 0.000 0.000 0.000 0.000 0.000 0.000 34.823 40.823 44.823
51.393 4.545 65.768 55.926 63.075 55.231 16.501 3.779 12.879 79.876 88.838 98.796 97.684 97.952 95.979 103.476 95.743 97.536 97.197 97.113 98.006 98.905 52.786 0.000 0.000 0.000 0.000 2.657 53.491 64.329 62.123 60.898 62.652 62.419 68.214 73.040 67.900 60.783 54.685 58.603 64.540 22.503 0.000 0.000 18.258 50.247 51.238 73.230 61.226 0.000 0.000 0.000 0.000 0.000 18.478 70.477 79.476 84.475 80.474 80.474 84.473 68.473 47.472 48.472 17.471 10.471 0.000 0.000 0.000 36.822 41.823 39.823 44.822
0.000 0.000 33.975 85.064 48.147 0.000 0.000 17.957 77.981 82.976 96.956 97.865 98.145 96.076 103.560 96.000 97.810 97.386 97.329 98.219 95.114 50.045 0.000 0.000 0.000 0.000 8.948 55.800 63.645 61.482 61.290 65.056 39.742 18.472 21.256 38.081 63.963 65.866 66.783 58.716 59.668 20.642 0.000 0.000 0.000 31.240 49.236 56.232 55.230 4.230 0.000 0.000 0.000 0.000 18.476 61.476 74.475 79.475 80.474 81.473 77.473 73.472 58.472 46.472 50.471 56.471 0.000 0.000 0.000 2.822 39.822 40.822 42.822
0.000 0.000 11.092 86.209 73.302 0.000 0.000 25.110 86.111 94.103 98.055 99.251 99.288 103.875 103.683 96.951 97.666 97.528 97.430 92.328 82.186 33.115 0.000 0.000 8.353 44.264 53.095 64.950 61.808 61.663 65.501 43.293 1.093 0.000 0.000 24.064 62.005 58.933 62.866 68.811 68.773 46.755 0.000 0.000 0.000 13.238 51.235 45.233 52.232 3.231 0.000 0.000 0.000 0.000 23.475 48.475 65.475 79.474 74.474 67.473 69.473 30.472 55.472 64.471 57.471 53.471 0.000 0.000 0.000 0.000 0.000 34.822 39.822
0.000 0.000 0.000 14.379 63.549 3.140 13.272 79.263 91.254 98.238 98.257 98.435 104.224 104.054 96.237 98.036 97.703 97.632 90.543 56.476 0.000 0.000 0.000 16.527 62.442 56.344 64.220 62.096 61.975 62.860 40.756 1.568 0.000 0.000 0.000 23.107 65.059 58.997 58.938 60.890 64.858 66.849 18.879 0.000 0.000 0.000 32.234 51.233 26.232 0.000 0.000 0.000 0.000 0.000 16.474 44.474 55.474 62.474 54.473 51.473 16.473 0.000 4.471 48.471 52.471 61.471 0.000 0.000 0.000 0.000 0.000 28.822 39.822
0.000 0.000 0.000 0.000 1.099 13.365 82.412 87.415 98.409 98.343 99.629 99.703 104.384 96.535 98.315 97.884 97.825 87.723 76.637 40.556 0.000 0.000 0.000 56.612 78.543 63.451 55.345 63.238 61.136 64.047 33.985 0.000 0.000 0.000 19.285 54.198 61.125 60.058 59.999 56.951 52.920 54.906 16.908 0.000 0.000 0.000 13.233 58.233 6.233 0.000 0.000 0.000 0.000 0.000 16.474 46.474 45.473 44.473 42.473 48.473 0.000 0.000 0.000 23.471 46.470 64.470 8.470 0.000 0.000 0.000 0.000 0.000 32.822
0.000 0.000 0.000 0.000 0.000 85.603 84.597 98.584 98.540 99.745 99.820 104.676 104.534 97.488 99.173 97.018 82.903 71.810 45.723 0.000 0.000 0.000 50.887 68.765 68.668 75.571 63.472 53.375 59.284 69.205 72.153 35.160 0.000 0.000 18.371 66.277 60.187 60.111 59.047 54.998 48.964 49.946 15.940 0.000 0.000 0.000 0.000 31.233 39.232 0.000 0.000 0.000 0.000 0.000 24.473 48.473 42.473 43.473 43.472 45.472 28.472 0.000 0.000 0.000 33.470 54.470 32.470 6.469 0.000 0.000 0.000 0.000 27.821
0.000 0.000 0.000 0.000 24.970 85.848 97.791 98.753 99.765 101.953 104.942 104.811 96.793 98.558 95.211 84.112 72.967 44.889 0.000 0.000 0.000 53.124 74.008 59.895 51.792 65.694 77.598 65.506 68.419 69.338 56.262 62.166 40.940 3.410 26.553 58.350 54.235 61.152 56.082 48.028 46.993 50.974 12.966 0.000 0.000 0.000 0.000 18.232 58.232 3.232 0.000 0.000 0.000 0.000 0.000 30.473 45.472 43.472 43.472 43.472 51.472 0.000 0.000 0.000 0.000 35.469 46.469 52.469 0.000 0.000 0.000 0.000 0.000
0.000 0.000 0.000 0.000 68.092 94.025 99.972 98.878 99.148 97.229 105.067 97.075 98.840 93.410 82.343 57.223 0.000 0.000 0.000 0.000 53.357 74.240 61.126 50.016 49.912 51.814 62.720 77.631 68.547 53.468 61.389 63.303 37.208 0.000 23.444 83.335 70.251 59.180 53.100 49.038 46.007 46.991 40.984 4.988 0.000 0.000 0.000 0.000 37.232 9.232 0.000 0.000 0.000 0.000 0.000 10.472 47.472 43.472 43.472 43.472 45.472 29.471 0.000 0.000 0.000 16.469 43.469 46.469 0.000 0.000 0.000 0.000 0.000
0.000 0.000 0.000 71.405 68.281 74.199 89.110 100.285 97.349 105.301 105.187 98.007 93.694 82.548 61.442 0.000 0.000 34.976 0.000 5.596 78.473 61.354 50.240 51.130 50.026 52.929 66.837 75.751 76.671 60.596 56.523 67.450 41.381 0.000 0.000 14.294 27.254 9.217 0.000 19.018 50.007 56.997 57.992 43.992 0.000 0.000 0.000 0.000 0.000 0.000 0.000 0.000 0.000 0.000 0.000 11.472 47.472 46.472 49.472 44.471 41.471 50.471 0.000 0.000 0.000 23.469 57.469 62.469 0.000 0.000 0.000 0.000 0.000
0.000 0.000 10.632 72.529 69.430 70.349 80.325 96.491 105.519 105.411 97.286 94.052 81.723 55.647 0.000 0.000 52.026 50.976 32.877 16.718 66.586 50.464 51.348 50.238 51.135 66.038 71.948 35.866 26.791 78.722 64.659 42.591 3.486 0.000 0.000 0.000 0.000 0.000 0.000 16.010 68.005 61.999 58.996 54.995 9.995 0.000 0.000 0.000 0.000 0.000 0.000 0.000 0.000 0.000 0.000 35.472 44.472 19.472 0.000 19.471 44.471 48.471 0.000 0.000 0.000 25.469 61.469 30.469 0.000 0.000 0.000 0.000 0.000
0.000 85.824 73.735 70.647 68.568 69.446 70.690 74.755 105.623 96.527 92.289 81.879 55.836 0.000 0.000 0.000 56.075 54.027 73.936 57.814 50.689 51.568 50.451 53.340 73.236 70.140 51.052 46.973 51.903 79.844 76.798 40.768 0.000 0.000 0.000 0.000 0.000 0.000 0.000 16.006 75.003 75.000 69.997 60.996 5.996 0.000 0.000 0.000 0.000 0.000 0.000 0.000 0.000 0.000 8.471 47.471 49.471 0.000 0.000 4.471 47.471 48.471 0.000 0.000 0.000 0.000 32.469 0.000 0.000 0.000 0.000 0.000 0.000
1.994 83.912 97.838 89.764 74.666 75.824 67.872 105.820 105.723 75.409 80.087 55.985 0.000 0.000 0.000 0.000 58.172 71.119 69.028 50.912 50.789 50.666 61.548 73.435 62.331 51.234 51.147 51.070 52.005 60.954 78.921 74.917 35.971 0.000 0.000 0.000 0.000 0.000 0.000 0.000 61.001 62.999 74.998 75.997 31.997 0.000 0.000 0.000 0.000 0.000 0.000 0.000 0.000 0.000 39.471 49.471 26.471 0.000 0.000 8.471 48.471 46.471 0.000 0.000 0.000 0.000 0.000 0.000 0.000 0.000 0.000 0.000 0.000
20.067 97.011 99.944 99.875 94.849 85.004 106.007 105.914 67.571 62.345 0.000 0.000 0.000 0.000 0.000 0.000 69.323 74.250 50.143 52.019 51.889 63.761 72.638 54.523 51.417 51.319 51.232 51.156 51.093 51.045 60.014 80.006 73.026 47.057 38.069 42.073 11.074 0.000 0.000 0.000 0.000 40.998 80.998 80.997 41.997 0.000 0.000 0.000 0.000 0.000 0.000 0.000 0.000 0.000 28.471 27.471 0.000 0.000 0.000 0.000 28.471 55.471 0.000 0.000 0.000 0.000 0.000 0.000 0.000 0.000 0.000 0.000 0.000
90.185 100.119 100.060 99.947 104.191 95.250 106.098 67.675 70.357 65.043 0.000 0.000 0.000 0.000 0.000 62.704 74.546 51.415 52.276 52.131 59.987 72.850 50.721 51.603 51.493 51.394 51.305 51.229 51.167 51.118 51.086 55.069 56.068 51.075 52.079 59.075 41.074 0.000 0.000 0.000 0.000 0.000 35.997 71.997 34.997 0.000 0.000 0.000 0.000 0.000 0.000 0.000 0.000 0.000 0.000 0.000 0.000 0.000 0.000 0.000 0.000 7.471 0.000 0.000 0.000 0.000 0.000 0.000 0.000 0.000 0.000 0.000 0.000
96.290 96.231 100.144 101.308 98.355 106.274 106.187 72.341 56.785 1.932 4.932 1.932 0.000 0.000 0.000 79.862 56.744 52.587 52.414 54.241 75.079 54.930 51.795 51.672 51.560 51.457 51.366 51.289 51.226 51.177 51.140 50.116 49.103 52.097 34.095 0.000 0.000 0.000 0.000 0.000 0.000 0.000 0.000 64.997 52.997 19.996 0.000 0.000 0.000 0.000 0.000 0.000 0.000 0.000 0.000 0.000 0.000 0.000 0.000 0.000 0.000 0.000 0.000 0.000 0.000 0.000 0.000 0.000 0.000 0.000 0.000 0.000 0.000
75.404 75.340 79.319 75.477 106.446 106.360 83.850 65.049 55.966 0.000 0.000 1.932 0.000 0.000 0.000 55.138 50.981 50.774 49.552 62.342 55.157 48.996 49.856 49.732 49.617 49.509 50.413 51.334 51.271 51.222 50.183 48.153 50.129 50.116 47.110 37.111 40.111 42.111 41.111 43.110 14.110 0.000 0.000 2.997 61.996 33.996 0.000 0.000 0.000 0.000 0.000 0.000 0.000 0.000 0.000 0.000 0.000 0.000 0.000 0.000 0.000 0.000 0.000 0.000 0.000 0.000 0.000 0.000 0.000 0.000 0.000 0.000 0.000
90.520 112.409 77.657 107.716 106.528 66.403 56.998 0.000 71.343 29.681 0.000 0.000 0.000 0.000 98.956 77.572 48.266 55.977 66.679 65.418 61.212 59.040 58.902 58.782 57.668 51.549 47.444 51.364 51.303 51.256 50.218 50.183 54.146 54.126 55.116 65.113 65.112 61.111 54.111 53.110 32.110 0.000 0.000 0.000 20.996 26.996 0.000 0.000 0.000 0.000 0.000 0.000 0.000 0.000 0.000 0.000 0.000 0.000 0.000 0.000 0.000 0.000 0.000 0.000 0.000 0.000 0.000 0.000 0.000 0.000 0.000 0.000 0.000
138.601 117.198 115.245 106.683 106.607 94.491 0.000 38.361 66.360 140.020 115.508 1.777 46.476 35.908 97.339 56.928 54.535 126.188 116.768 112.437 112.233 111.051 109.930 108.827 107.723 78.574 45.449 51.374 51.321 51.281 51.249 43.216 0.000 0.000 0.000 0.000 0.000 0.000 18.110 70.110 49.110 20.110 0.000 0.000 0.000 0.000 0.000 0.000 0.000 0.000 0.000 0.000 0.000 0.000 0.000 0.000 0.000 0.000 0.000 0.000 0.000 0.000 0.000 0.000 0.000 0.000 0.000 0.000 0.000 0.000 0.000 0.000 0.000
96.769 116.357 106.822 106.754 91.014 0.000 0.000 0.000 9.720 61.531 49.268 0.000 27.772 0.000 56.565 53.267 62.758 118.473 0.000 4.331 0.000 55.000 63.939 124.874 37.825 0.000 55.405 51.362 51.326 52.299 34.282 0.000 0.000 0.000 0.000 0.000 0.000 0.000 0.000 23.110 70.109 26.109 0.000 0.000 0.000 0.000 0.000 0.000 0.000 0.000 0.000 0.000 0.000 0.000 0.000 0.000 0.000 0.000 0.000 0.000 0.000 0.000 0.000 0.000 0.000 0.000 0.000 0.000 0.000 0.000 0.000 0.000 0.000
117.526 115.580 106.886 115.505 117.352 37.640 0.000 17.270 44.270 54.114 30.766 7.917 49.068 94.615 93.089 85.815 0.000 37.473 0.000 16.224 38.117 66.010 110.951 73.906 38.877 0.000 0.000 57.342 51.322 52.306 33.297 0.000 0.000 0.000 0.000 0.000 0.000 0.000 0.000 0.000 17.109 56.109 21.109 0.000 0.000 0.000 0.000 0.000 0.000 0.000 0.000 0.000 0.000 0.000 0.000 0.000 0.000 0.000 0.000 0.000 0.000 0.000 0.000 0.000 0.000 0.000 0.000 0.000 0.000 0.000 0.000 0.000 0.000
115.660 107.002 106.946 96.010 38.776 0.000 0.000 0.000 5.976 32.888 0.000 0.000 41.967 85.688 139.362 75.089 0.000 0.000 0.000 0.000 0.000 79.973 114.949 44.922 41.900 0.000 0.000 0.000 56.313 50.308 48.304 46.305 34.305 0.000 0.000 0.000 0.000 0.000 0.000 0.000 12.109 70.109 28.109 0.000 0.000 0.000 0.000 0.000 0.000 0.000 0.000 0.000 0.000 0.000 0.000 0.000 0.000 0.000 0.000 0.000 0.000 0.000 0.000 0.000 0.000 0.000 0.000 0.000 0.000 0.000 0.000 0.000 0.000
