results2_8e3_rain/res_3e8f-0122.wd
ncols         241
nrows         181
xllcorner     12693529.787448
yllcorner     3542525.717860
cellsize      155.156523
NODATA_value  -9999.000000
[rows 99 to 131 of 181, columns 0 to 72 of 241]
0.000 0.000 0.000 0.000 0.000 59.603 99.603 101.603 92.602 87.602 0.000 0.000 0.000 0.000 0.000 1.600 0.600 67.600 64.600 0.000 0.000 0.598 3.598 62.597 61.597 2.596 0.000 0.000 0.000 9.166 0.000 0.000 0.000 0.000 15.027 61.023 57.014 55.996 56.972 57.945 70.916 59.884 63.848 55.810 57.767 55.722 56.673 61.622 62.567 60.511 64.453 57.394 57.333 59.271 62.205 76.135 77.074 62.026 47.982 0.000 0.000 0.000 0.000 0.000 25.946 80.942 77.932 64.914 39.892 34.870 78.849 55.828 57.808
0.000 0.000 0.000 0.000 0.000 60.603 100.603 100.603 0.000 0.000 0.000 0.000 0.000 0.000 0.000 0.600 12.601 78.600 67.600 5.600 2.600 2.599 65.598 64.598 68.597 0.000 0.000 0.000 0.000 67.166 59.166 0.000 0.000 0.000 74.070 84.065 70.056 63.042 57.024 59.001 77.974 62.944 68.909 68.871 59.829 74.783 66.734 67.682 57.627 65.570 65.510 63.450 57.388 58.325 62.259 59.165 21.101 11.064 0.000 0.000 0.000 0.000 0.000 28.953 65.950 77.946 84.939 74.927 50.912 51.896 65.879 56.862 57.845
5.606 0.000 0.000 0.000 0.000 47.604 96.604 105.604 15.604 0.000 0.000 0.000 0.000 0.000 0.000 0.000 1.601 85.601 66.600 67.600 69.600 66.599 63.599 64.598 62.598 0.598 0.000 0.000 0.000 60.166 60.166 61.165 60.158 60.144 59.119 69.110 78.104 25.094 89.079 79.060 84.036 69.007 13.974 84.936 82.894 81.848 85.799 74.745 57.689 60.630 65.569 65.507 62.444 58.383 47.342 0.000 0.000 0.000 0.000 0.000 0.000 0.000 0.000 38.955 65.956 65.954 76.949 75.942 58.933 58.922 57.910 57.897 57.883
73.606 76.606 8.606 0.000 0.000 57.605 96.604 101.604 111.605 16.605 0.000 0.000 0.000 0.000 7.602 7.602 5.602 22.601 70.601 67.600 85.600 99.599 74.599 59.599 0.000 0.000 0.000 0.000 0.000 0.000 59.168 60.170 60.164 60.156 60.150 59.154 59.154 58.150 59.140 64.124 76.103 70.076 13.043 85.006 85.964 63.917 70.867 87.812 81.753 68.692 58.629 64.564 65.497 68.423 53.382 0.000 0.000 0.000 0.000 0.000 0.000 0.000 0.000 0.960 16.965 62.965 59.963 59.960 57.956 57.950 57.943 57.934 57.923
87.606 70.606 70.606 72.606 74.606 93.605 101.605 101.605 101.605 103.605 77.605 16.605 0.000 65.603 72.603 73.602 35.602 30.602 93.601 101.601 96.600 92.600 75.599 0.000 0.000 0.000 0.000 0.000 0.000 0.000 0.000 60.184 59.172 58.167 59.173 60.201 60.210 60.211 60.206 61.194 80.176 75.150 58.118 60.080 71.037 81.990 58.939 70.883 71.821 64.755 84.690 67.625 59.558 0.502 0.000 0.000 0.000 0.000 0.000 0.000 0.000 0.000 0.000 0.000 8.976 62.977 57.978 57.979 57.980 57.979 57.976 55.972 53.964
102.607 92.607 73.606 77.606 95.606 101.606 101.605 101.605 101.605 96.605 68.605 74.605 2.604 56.603 91.603 99.603 99.602 83.602 98.602 105.601 15.601 0.000 0.000 0.000 0.000 0.000 0.000 0.000 0.000 0.000 0.000 60.210 0.000 0.000 0.000 61.267 60.273 60.278 60.278 61.271 77.256 82.231 59.198 60.159 60.115 78.068 79.016 56.959 64.893 83.816 75.751 53.688 0.000 0.000 0.000 0.000 0.000 0.000 0.000 0.000 0.000 0.000 0.000 0.000 5.986 62.988 57.992 57.999 58.006 57.010 56.013 61.012 62.009
102.607 102.607 97.607 100.607 101.606 101.606 101.606 101.606 101.606 97.605 72.605 89.605 0.000 0.000 69.603 93.603 101.603 102.602 101.602 106.602 9.602 0.000 0.000 0.000 0.000 0.000 0.000 0.000 0.000 0.000 0.000 60.236 0.000 0.000 62.335 60.328 60.337 60.349 60.358 60.358 77.345 82.319 59.285 60.243 60.197 61.149 82.098 76.043 82.976 72.867 53.809 0.000 0.000 0.000 0.000 0.000 0.000 0.000 0.000 0.000 0.000 0.000 0.000 0.000 60.994 57.998 58.005 58.017 58.033 57.044 59.051 63.056 64.057
100.607 101.607 101.607 101.607 101.607 101.607 101.606 101.606 101.606 102.606 97.606 104.605 28.605 7.605 57.604 76.604 99.603 101.603 102.603 90.602 4.602 0.000 0.000 0.000 0.000 0.000 0.000 0.000 0.000 0.000 0.000 54.263 59.289 59.315 58.342 60.375 60.398 60.424 60.448 60.457 77.445 82.418 59.378 60.332 60.282 60.233 65.185 88.139 68.103 0.000 0.000 0.000 0.000 0.000 0.000 0.000 0.000 0.000 0.000 0.000 0.000 0.000 0.000 0.000 13.999 65.003 61.014 62.032 60.066 56.082 63.093 64.102 62.110
97.608 102.607 101.607 101.607 101.607 101.607 101.607 101.607 101.606 101.606 102.606 95.606 79.605 70.605 64.604 91.604 101.604 101.603 106.603 9.603 0.000 0.000 0.000 0.000 0.000 0.000 0.000 0.000 0.000 0.000 0.000 0.000 0.000 0.000 0.000 60.431 60.455 60.499 60.555 60.575 76.563 83.528 60.478 60.423 60.368 60.316 60.268 66.226 19.192 0.000 0.000 0.000 0.000 0.000 0.000 0.000 0.000 0.000 0.000 0.000 0.000 0.000 0.000 0.000 0.000 2.003 0.000 0.000 6.117 65.125 63.137 64.150 61.165
97.608 102.608 101.608 101.608 101.608 101.608 101.607 101.607 101.607 101.607 102.606 87.606 66.606 65.605 74.605 98.604 101.604 101.604 107.604 12.603 3.603 0.000 0.000 0.000 0.000 0.000 0.000 0.000 0.000 0.000 0.000 0.000 0.000 0.000 0.000 56.462 60.493 57.563 60.697 60.726 79.704 83.652 60.584 60.514 60.450 60.394 60.347 57.304 7.248 0.000 0.000 0.000 0.000 0.000 0.000 0.000 0.000 0.000 0.000 0.000 0.000 57.228 0.000 0.000 0.000 0.000 0.000 0.000 61.159 62.165 64.178 64.196 61.222
100.609 101.608 101.608 101.608 101.608 101.608 101.608 101.608 101.607 101.607 101.607 98.606 75.606 76.606 93.605 100.605 101.604 101.604 108.604 25.604 0.000 0.000 0.000 0.000 0.000 0.000 0.000 0.000 0.000 0.000 0.000 0.000 0.000 0.000 0.000 0.000 56.493 0.000 59.944 60.927 88.874 75.792 60.693 60.599 60.523 73.464 63.422 58.396 0.000 0.000 0.000 0.000 0.000 0.000 0.000 0.000 0.000 0.000 0.000 0.000 9.228 68.228 53.228 0.000 0.000 0.000 0.000 62.207 65.196 64.199 61.213 57.237 57.272
101.609 101.609 101.609 101.609 101.609 101.609 101.609 101.608 101.608 101.608 101.607 101.607 103.606 103.606 102.606 101.605 101.605 103.605 92.604 35.604 0.000 0.000 0.000 0.000 0.000 0.000 0.000 0.000 0.000 0.000 0.000 0.000 0.000 0.000 0.000 0.000 0.000 0.000 60.209 61.163 95.075 63.948 60.796 60.668 72.578 81.517 60.479 60.463 59.479 0.000 0.000 0.000 0.000 0.000 0.000 0.000 0.000 0.000 0.000 0.000 0.000 64.228 65.229 52.229 0.000 58.226 60.224 64.219 63.217 61.223 60.238 56.265 64.308
100.610 99.610 101.610 101.610 101.610 101.609 101.609 101.609 101.609 101.608 101.608 101.607 101.607 101.606 101.606 101.606 102.605 85.605 13.605 4.605 62.605 76.605 22.605 0.000 0.000 3.604 0.000 0.000 0.000 0.000 0.000 0.000 0.000 0.000 0.000 2.347 2.330 0.000 56.520 67.441 90.317 61.128 57.874 60.699 60.605 60.548 60.514 60.497 60.496 57.496 0.000 0.000 0.000 0.000 0.000 0.000 0.000 0.000 0.000 0.000 0.000 59.229 55.229 61.229 56.229 64.228 64.228 63.227 59.230 62.237 57.252 56.277 56.319
90.610 90.610 99.610 101.610 101.610 101.610 101.610 101.610 101.610 101.609 101.609 102.608 103.607 101.607 101.606 101.606 101.606 23.605 7.605 62.605 72.605 82.605 81.605 74.604 66.604 7.604 0.000 0.000 0.000 0.000 0.000 0.000 0.000 0.000 2.381 61.364 64.313 64.175 60.910 59.765 68.621 56.375 0.000 56.648 60.596 60.557 60.531 60.516 59.511 0.000 0.000 0.000 0.000 0.000 0.000 0.000 61.228 72.228 0.000 0.000 60.228 58.229 58.229 55.229 63.230 64.230 64.231 61.233 64.237 64.245 62.256 57.272 46.288
72.611 77.611 96.611 102.611 101.611 101.611 101.611 101.611 101.610 101.610 103.609 89.609 85.608 100.607 105.607 102.606 97.606 79.606 82.605 88.605 82.605 83.605 62.605 55.604 1.604 0.000 0.000 0.000 0.000 0.000 0.000 0.000 0.000 0.000 52.398 58.415 61.383 61.301 61.180 61.089 63.028 0.000 0.000 0.000 55.575 60.553 60.537 60.526 60.520 0.000 0.000 0.000 0.000 0.000 0.000 21.228 78.228 60.228 58.228 58.228 58.228 58.229 56.229 61.229 64.230 64.232 60.234 64.237 64.242 63.248 57.257 58.266 48.273
56.612 71.612 90.612 103.612 104.612 104.612 102.612 101.612 102.611 101.611 102.610 40.610 11.608 59.607 77.607 98.606 105.606 103.606 103.606 89.605 12.605 0.000 0.000 0.000 0.000 0.000 0.000 0.000 0.000 7.348 9.348 0.000 0.000 0.000 0.000 57.515 61.503 59.468 60.419 62.384 63.373 0.000 0.000 0.000 0.000 53.545 60.536 60.530 57.525 0.000 0.000 0.000 0.000 0.000 0.000 0.000 20.228 74.228 57.228 57.228 58.228 57.229 57.229 63.230 64.230 62.232 50.235 3.239 68.245 62.250 62.256 62.261 48.265
20.612 42.612 75.613 81.614 75.614 77.613 94.613 102.613 98.613 91.612 90.612 25.611 0.000 0.000 0.000 35.606 70.606 96.606 103.606 0.606 0.000 0.000 0.000 0.000 0.000 0.000 0.000 0.000 0.000 49.348 70.349 15.349 0.348 0.000 0.000 57.626 63.647 62.649 71.643 72.654 62.709 7.871 0.000 0.000 0.000 0.000 57.534 58.532 0.000 0.000 0.000 0.000 0.000 0.000 0.000 0.000 0.000 79.228 82.228 62.228 56.228 54.228 64.229 64.229 59.230 0.000 0.000 0.000 9.249 67.252 64.256 64.259 54.261
0.000 0.000 56.615 65.615 17.615 3.615 66.614 95.614 86.614 82.613 96.613 63.613 23.613 0.000 0.000 0.000 0.000 41.607 72.607 0.000 0.000 0.000 0.000 0.000 0.000 0.000 0.000 0.000 0.000 0.000 54.349 72.349 3.349 0.000 0.000 48.718 62.809 60.837 90.852 83.879 61.936 64.034 10.142 0.000 0.000 0.000 52.534 0.000 0.000 0.000 0.000 0.000 0.000 0.000 0.000 0.000 0.000 0.000 67.228 84.228 69.228 63.228 64.229 59.229 0.000 0.000 0.000 0.000 0.000 59.254 64.256 64.258 59.260
0.000 0.000 52.617 97.617 54.617 3.616 55.616 87.615 89.615 100.614 102.614 105.614 111.614 50.614 19.613 0.000 0.000 0.000 12.609 7.609 0.000 0.609 0.000 0.000 0.000 0.000 0.000 0.000 0.000 0.000 55.349 70.349 0.349 7.350 11.350 0.000 56.035 64.037 94.049 76.075 64.122 63.188 68.249 0.000 0.000 0.000 0.000 0.000 0.000 0.000 0.000 0.000 0.000 0.000 0.000 0.000 0.000 0.000 0.000 5.228 72.228 62.228 60.228 0.000 0.000 0.000 0.000 0.000 58.255 57.255 59.256 53.257 0.000
25.622 40.621 74.619 92.619 100.618 69.618 82.617 105.617 102.616 101.616 101.615 101.615 101.614 107.614 110.613 66.612 25.612 7.611 70.610 84.609 77.609 79.609 35.609 11.609 8.609 0.000 0.000 0.000 0.000 0.000 34.349 56.349 62.350 62.350 65.351 24.351 57.257 86.230 88.231 65.251 63.289 63.345 66.419 11.540 6.593 0.000 0.000 0.000 0.000 0.000 0.000 0.000 0.000 0.000 0.000 0.000 0.000 0.000 0.000 0.000 0.000 0.000 6.228 0.000 0.000 0.000 0.000 60.255 55.255 53.255 0.000 0.000 0.000
98.622 101.622 101.621 99.620 97.620 98.619 100.619 100.618 101.617 102.617 102.616 101.615 94.615 98.614 101.613 105.612 109.612 110.611 102.610 98.610 95.609 90.609 92.609 85.609 41.609 19.609 0.000 0.000 0.000 0.000 0.000 0.000 0.000 0.000 0.000 81.446 70.413 99.394 90.393 77.408 64.439 63.484 63.542 67.607 63.646 0.000 0.000 0.000 0.000 0.000 0.000 0.000 0.000 0.000 0.000 0.000 0.000 0.000 0.000 0.000 0.000 0.000 0.000 0.000 0.000 0.000 0.000 0.000 0.000 0.000 0.000 0.000 0.000
101.623 96.623 94.623 93.622 87.621 84.621 85.620 85.619 91.619 96.618 96.617 89.616 73.615 88.614 101.614 101.613 101.612 101.611 101.610 101.610 102.609 102.609 105.609 106.609 106.609 106.609 45.609 0.000 0.000 0.000 0.000 0.000 0.000 0.000 0.000 53.574 79.556 84.541 68.539 85.550 73.575 63.611 63.656 66.703 9.737 0.000 0.000 0.000 0.000 0.000 0.000 0.000 0.000 0.000 0.000 0.000 0.000 0.000 0.000 0.000 0.000 0.000 0.000 0.000 0.000 0.000 0.000 0.000 0.000 0.000 0.000 0.000 0.000
71.625 44.625 66.624 80.624 78.623 58.622 43.622 39.621 59.620 76.619 75.618 68.617 63.616 73.615 94.614 102.613 101.612 101.611 101.610 101.610 101.609 105.609 80.609 68.609 67.609 71.609 74.609 13.609 2.608 0.000 0.000 0.000 0.000 0.000 0.000 51.719 87.696 70.675 62.670 72.679 83.700 67.730 63.767 63.811 69.863 13.953 7.994 0.040 0.000 0.000 0.000 0.000 0.000 0.000 0.000 0.000 0.000 0.000 0.000 0.000 0.000 0.000 0.000 0.000 0.000 0.000 0.000 0.000 0.000 0.000 0.000 0.000 0.000
61.626 32.626 54.626 69.625 65.625 42.624 28.623 32.622 52.621 66.620 64.619 64.618 65.617 63.615 82.614 99.613 101.612 101.611 101.610 101.609 100.609 63.609 0.000 0.000 0.000 0.000 0.000 0.000 0.000 58.051 78.051 30.050 16.047 12.035 58.991 75.887 92.834 69.794 63.788 61.796 78.815 80.841 66.873 63.910 63.952 67.001 76.036 14.066 9.074 0.000 0.000 0.000 0.000 0.000 0.000 0.000 0.000 0.000 0.000 0.000 0.000 0.000 0.000 0.000 0.000 0.000 0.000 0.000 0.000 0.000 0.000 0.000 0.000
74.628 70.628 65.628 64.627 65.627 67.626 68.625 71.624 70.623 66.622 65.620 65.619 65.617 64.616 71.614 93.613 102.612 101.610 103.609 75.609 41.609 0.000 0.000 0.000 0.000 0.000 0.000 0.000 0.000 23.052 45.052 48.053 52.056 66.068 63.050 84.005 80.957 54.881 61.891 63.904 65.922 78.946 70.973 66.003 64.034 63.063 80.082 71.089 65.081 0.000 0.000 0.000 0.000 0.000 0.000 0.000 0.000 0.000 0.000 0.000 0.000 0.000 0.000 0.000 0.000 0.000 0.000 0.000 0.000 0.000 0.000 0.000 0.000
64.630 65.630 65.630 65.629 65.629 65.628 65.627 65.626 65.625 65.623 65.622 65.620 65.618 65.617 63.615 84.613 101.611 103.610 99.609 25.608 0.000 0.000 0.000 0.000 0.000 0.000 0.000 0.000 0.000 0.000 0.000 0.000 0.000 50.131 67.137 93.125 67.108 0.000 49.991 65.005 63.025 67.048 68.071 77.096 66.118 64.136 63.141 59.125 0.105 0.000 0.000 0.000 0.000 0.000 0.000 0.000 0.000 0.000 0.000 0.000 0.000 0.000 0.000 0.000 0.000 0.000 0.000 0.000 0.000 0.000 0.000 0.000 23.970
65.633 65.633 65.632 65.632 65.631 65.630 65.629 64.628 64.626 65.625 65.623 65.621 65.619 65.617 64.615 72.613 87.611 98.609 86.607 12.606 0.000 0.000 0.000 0.000 0.000 0.000 0.000 0.000 0.000 0.000 0.000 0.000 0.000 27.187 76.244 101.249 11.243 0.000 48.076 66.101 64.125 63.148 71.169 82.190 70.208 64.221 68.222 1.177 0.000 0.000 0.000 0.000 0.000 0.000 0.000 0.000 0.000 0.000 0.000 0.000 0.000 0.000 0.000 0.000 0.000 0.000 0.000 0.000 0.000 0.000 0.000 0.000 81.046
65.635 65.635 65.635 65.634 65.633 65.632 65.631 69.630 70.628 66.627 65.625 65.623 65.620 65.618 65.615 64.613 67.610 76.608 76.605 17.604 0.000 0.000 0.000 0.000 0.000 0.000 19.206 0.000 0.000 0.000 0.000 0.000 0.000 0.000 80.401 95.385 18.373 0.000 32.137 63.198 64.228 64.249 63.268 68.286 70.303 66.317 68.325 0.000 0.000 0.000 0.000 0.000 0.000 0.000 0.000 0.000 0.000 0.000 0.000 0.000 0.000 0.000 0.000 0.000 0.000 0.000 0.000 0.000 0.000 0.000 0.000 65.268 74.177
65.638 65.638 65.638 65.637 65.636 65.635 64.634 76.632 81.631 68.629 65.627 65.624 65.622 65.619 65.616 65.613 65.609 64.606 67.603 48.600 0.000 0.000 0.000 0.000 0.000 61.206 82.206 44.203 35.194 34.181 0.000 0.000 0.000 61.688 103.575 77.515 77.490 4.513 0.000 49.326 66.338 64.353 64.368 62.384 78.401 82.419 76.435 0.000 0.000 0.000 0.000 0.000 0.000 0.000 0.000 0.000 0.000 0.000 0.000 0.000 0.000 0.000 0.000 0.000 0.000 0.000 0.000 0.000 0.000 0.000 39.433 90.360 76.285
65.641 65.641 65.641 65.640 65.639 65.638 64.637 77.635 83.633 67.631 65.629 65.626 65.623 65.620 65.617 65.613 65.609 65.604 65.599 71.594 42.587 0.000 0.000 0.000 1.207 24.207 39.208 61.210 69.197 73.169 47.114 23.041 57.941 95.801 93.694 73.612 55.559 13.536 0.000 49.442 66.447 65.455 68.466 63.480 72.498 95.523 92.562 37.647 1.708 17.729 0.000 0.000 0.000 0.000 0.000 0.000 0.000 0.000 0.000 0.000 0.000 0.000 0.000 0.000 0.000 0.000 0.000 0.000 0.000 0.000 76.507 132.454 115.391
62.645 63.644 64.644 64.643 65.642 65.641 63.640 78.638 81.636 64.634 65.631 65.628 65.625 65.622 65.618 65.613 65.608 65.603 65.596 65.589 71.580 51.567 2.559 0.000 0.000 0.000 0.000 37.233 68.216 64.183 67.133 71.067 82.982 99.882 83.789 51.681 1.624 0.000 0.000 48.552 65.553 68.556 81.562 67.573 77.589 78.611 97.644 101.691 84.729 34.750 0.000 0.000 0.000 0.000 0.000 0.000 0.000 0.000 0.000 0.000 0.000 0.000 0.000 0.000 0.000 0.000 0.000 0.000 0.000 62.723 72.632 73.561 76.494
83.648 78.648 73.647 71.647 67.646 63.644 63.643 78.641 81.639 63.637 65.634 65.631 65.627 65.624 65.619 65.614 64.609 63.602 64.595 64.586 64.576 70.563 47.550 24.536 0.000 0.000 0.000 36.273 74.249 68.215 63.168 76.110 99.038 92.956 60.897 0.000 0.000 0.000 0.000 46.662 64.655 69.652 76.654 71.661 76.673 75.690 88.713 82.742 75.768 48.791 3.816 0.000 0.000 0.000 0.000 0.000 0.000 0.000 0.000 0.000 0.000 0.000 0.000 0.000 9.510 0.000 0.000 5.892 39.893 67.815 136.735 100.670 132.555
103.652 102.652 98.651 93.650 89.649 84.648 79.647 75.645 70.643 64.640 65.637 65.634 65.630 65.626 64.621 66.616 72.610 77.603 76.595 74.585 68.574 63.560 67.543 73.521 37.487 18.448 22.401 56.336 79.295 70.257 66.216 89.168 101.106 57.006 1.954 0.000 0.000 9.866 16.843 50.780 63.755 68.743 84.741 74.744 67.751 60.762 66.777 84.794 81.812 87.828 6.842 0.000 0.000 0.000 0.000 0.000 0.000 0.000 0.000 0.000 0.000 0.000 0.000 0.000 6.510 0.000 0.000 0.000 74.970 65.908 75.839 98.733 74.907
