results2_8e3_rain/res_3e8f-0168.wd
ncols         241
nrows         181
xllcorner     12693529.787448
yllcorner     3542525.717860
cellsize      155.156523
NODATA_value  -9999.000000
[rows 33 to 65 of 181, columns 146 to 218 of 241]
64.580 63.799 63.526 64.166 30.828 42.501 64.191 57.881 36.466 0.000 0.000 35.428 11.428 16.429 32.431 57.435 44.435 10.434 0.000 0.000 49.336 57.323 15.298 42.270 34.248 35.222 39.182 48.142 66.097 57.065 52.034 47.009 47.987 47.968 46.951 45.933 44.914 52.894 62.873 54.856 54.839 52.822 31.804 45.789 53.780 0.000 24.328 29.299 53.223 51.159 56.098 66.040 58.989 53.965 8.954 0.000 36.903 36.899 43.897 21.898 0.000 0.000 0.000 0.000 0.000 0.000 0.000 0.000 0.000 0.000 0.000 0.000 0.000
64.527 64.275 63.931 64.604 42.285 59.985 62.721 56.532 0.000 0.000 13.428 37.428 0.000 0.000 0.000 41.447 41.442 49.432 12.413 62.387 50.354 37.329 46.303 37.275 35.247 35.217 34.182 36.146 64.108 62.075 62.045 64.019 56.996 58.975 57.955 57.936 57.917 58.898 62.880 60.863 61.847 56.832 33.818 32.807 5.801 0.000 21.271 35.252 43.212 38.155 44.095 57.032 56.994 54.972 12.961 0.000 0.000 41.894 13.892 0.000 0.000 0.000 0.000 0.000 0.819 43.813 42.809 44.805 34.801 37.798 4.797 0.000 0.000
65.002 64.667 64.347 64.030 63.723 64.433 56.175 42.993 0.000 0.000 0.000 5.428 0.000 0.000 0.000 38.462 35.455 48.441 53.420 45.394 54.365 52.337 33.308 34.279 35.249 35.218 47.184 51.150 55.116 48.083 45.053 55.026 29.002 35.980 30.959 30.940 30.921 33.902 59.885 48.869 46.854 48.841 33.829 35.821 15.817 0.000 31.232 88.225 13.219 0.000 0.000 5.999 57.982 56.967 15.956 0.000 0.000 38.891 35.886 37.875 35.866 43.857 49.848 41.838 63.826 70.815 68.809 53.804 33.800 32.797 36.795 6.794 0.000
65.393 65.074 64.756 64.446 65.145 59.850 41.552 32.273 41.273 0.000 0.000 0.000 0.000 0.000 0.000 35.486 34.474 37.455 33.432 44.405 47.375 50.345 39.314 34.283 34.252 34.220 59.187 65.154 47.121 41.089 41.059 42.031 39.006 38.984 38.962 39.942 42.923 39.905 60.888 52.873 50.859 50.848 32.838 46.831 72.827 0.000 23.201 76.198 0.000 0.000 0.000 7.984 57.969 55.956 33.942 38.923 36.907 34.894 34.884 34.874 33.865 40.857 47.849 34.839 52.826 70.814 66.807 46.802 31.799 31.796 36.793 4.792 0.000
65.801 65.476 65.159 64.853 61.560 47.270 35.911 0.000 0.000 0.000 0.000 39.704 2.692 8.676 0.619 34.521 35.500 35.475 34.447 34.417 40.386 33.354 33.321 35.289 34.256 33.223 57.191 54.158 62.126 66.093 65.061 60.034 56.009 57.986 53.964 57.944 57.925 58.907 62.891 60.876 61.863 57.852 32.844 44.838 66.834 0.000 18.173 79.167 0.000 0.000 0.000 0.000 54.954 57.946 36.934 34.918 34.904 34.892 34.882 34.873 33.865 40.857 49.850 5.845 0.000 28.807 71.804 47.800 31.796 31.793 35.791 2.789 0.000
66.206 65.870 65.549 65.247 54.971 36.760 0.000 0.000 0.000 0.000 37.731 40.715 53.696 53.669 41.625 34.568 34.530 35.497 35.465 34.431 33.397 34.363 34.328 34.294 33.260 42.226 61.194 40.162 54.131 31.095 64.060 54.033 53.009 52.986 49.965 54.944 55.925 55.908 62.892 60.877 57.865 57.855 32.847 46.841 65.839 0.000 4.152 72.130 0.000 0.000 0.000 0.000 58.947 57.942 33.929 35.913 34.900 35.889 35.880 35.871 36.863 44.856 24.851 0.000 0.000 29.804 71.801 52.797 39.793 33.790 36.787 3.785 0.000
66.607 66.250 66.920 59.615 47.318 37.039 0.000 0.000 0.000 0.000 34.747 51.731 45.708 34.678 36.639 36.596 34.556 33.519 35.483 34.446 35.409 35.372 35.335 34.299 34.263 54.229 54.196 54.166 54.143 0.000 36.050 34.031 35.008 34.986 35.964 39.943 42.924 40.907 60.891 54.877 48.865 50.855 33.847 45.843 64.840 0.000 0.000 45.072 36.048 0.000 0.000 0.000 52.945 35.943 0.000 30.903 36.894 40.885 47.877 47.868 47.860 49.853 21.848 0.000 13.808 77.804 70.799 72.794 60.790 35.785 36.782 4.780 0.000
66.995 66.604 66.267 51.975 3.647 0.000 0.000 0.000 0.000 12.805 50.778 45.754 35.727 36.696 36.659 36.619 36.580 34.540 33.501 33.461 35.421 34.381 34.342 33.303 35.265 50.230 41.195 50.163 51.131 10.094 10.059 50.032 49.007 48.984 48.962 50.941 50.922 51.904 63.888 59.874 54.862 56.853 32.846 41.841 69.839 0.000 0.000 104.037 73.025 40.007 26.999 0.000 0.000 0.000 0.000 0.000 33.887 42.881 46.874 45.865 48.857 50.848 36.839 41.825 57.812 72.804 70.798 70.791 58.786 35.781 35.776 11.773 0.000
67.355 67.904 59.567 42.372 0.000 0.000 0.000 0.907 0.886 57.831 51.807 35.781 36.751 36.718 36.682 36.643 36.603 36.562 33.520 34.477 34.434 34.390 35.347 34.306 34.266 37.229 42.193 54.159 41.126 53.092 58.060 51.031 60.006 49.981 50.959 53.937 52.918 51.900 61.884 57.870 45.858 44.848 33.841 40.837 69.837 0.000 0.000 95.014 85.008 61.998 30.990 0.000 0.000 6.922 1.918 0.000 4.885 53.879 45.871 39.863 36.854 51.844 38.834 40.823 48.812 69.803 71.795 69.788 55.782 35.775 32.769 36.762 30.752
75.635 73.088 45.727 35.575 0.000 0.000 2.941 35.928 49.905 50.869 44.839 39.810 36.778 36.744 36.707 36.668 35.626 38.584 43.540 39.494 34.446 35.398 34.352 34.307 34.265 34.226 41.189 42.154 40.121 47.088 46.057 41.028 53.002 32.977 40.954 47.932 46.912 40.894 59.877 52.863 32.851 31.841 34.834 36.830 40.834 0.000 0.000 72.998 52.994 89.985 75.974 11.956 12.940 63.926 37.915 35.902 35.889 37.879 48.870 42.860 10.851 63.841 51.831 47.820 45.810 56.801 72.793 64.785 47.777 36.770 32.762 39.753 63.743
0.000 0.000 24.676 42.625 0.000 0.000 37.955 47.944 61.925 45.899 44.871 44.841 37.808 36.773 36.735 36.694 43.652 51.608 52.561 44.512 39.459 34.406 33.354 34.305 38.261 35.221 34.184 33.148 39.115 40.083 39.052 40.023 41.996 34.971 40.948 45.926 47.905 43.886 59.869 53.854 35.841 34.830 34.822 30.817 0.000 0.000 0.000 28.987 47.983 47.976 81.966 96.953 89.939 57.926 43.914 44.901 44.889 47.879 69.869 87.859 96.848 95.838 97.828 96.818 90.808 84.798 76.789 59.781 42.773 33.764 34.756 47.747 66.737
18.614 0.000 0.000 0.000 0.000 8.990 40.979 60.969 52.953 55.931 52.905 42.875 35.841 36.805 36.765 47.723 52.679 48.634 43.586 40.533 43.472 38.412 38.354 34.299 39.253 33.213 34.176 35.141 34.107 34.076 34.045 34.017 32.989 33.964 33.940 37.917 43.896 42.877 60.859 54.843 33.829 34.818 34.808 33.799 8.789 0.000 0.000 32.980 58.976 47.970 49.961 64.950 75.938 85.925 87.913 93.901 96.889 96.878 95.867 91.857 82.846 80.836 82.825 85.815 87.805 88.795 86.786 90.777 82.768 49.759 36.751 55.742 72.733
57.993 16.679 0.000 0.000 5.988 42.000 58.003 50.999 42.986 50.967 54.942 55.912 45.878 34.839 44.798 53.754 43.708 35.662 35.615 37.563 5.483 6.415 5.351 31.284 35.240 37.202 37.166 34.132 34.099 35.067 34.037 34.008 33.981 34.955 33.931 33.908 33.886 36.866 53.847 52.830 34.816 34.803 34.792 35.784 36.778 0.000 0.000 31.975 49.973 50.967 62.959 49.949 29.937 33.924 69.912 93.900 77.888 72.877 75.866 68.855 54.844 43.833 34.822 32.812 33.802 43.792 41.782 36.773 75.764 90.755 68.746 66.737 70.729
0.000 32.365 10.694 4.874 40.977 51.019 58.035 42.037 45.027 43.009 40.985 48.954 53.918 48.878 52.833 41.786 35.738 36.691 36.650 44.620 0.000 0.000 0.000 28.246 37.221 48.188 49.155 44.121 40.089 42.057 38.027 36.998 34.971 33.945 33.920 34.896 33.874 33.853 36.834 45.816 33.800 33.786 34.774 33.766 2.761 0.000 0.000 12.973 10.972 64.967 48.959 33.949 47.936 49.923 95.910 76.899 59.887 41.876 32.864 33.853 34.842 35.831 35.819 35.809 34.798 32.788 31.778 32.768 40.759 77.750 85.741 70.732 69.724
0.000 19.722 42.843 44.951 44.025 59.065 44.083 38.085 40.076 39.058 36.033 35.001 49.963 56.920 59.871 47.818 37.765 34.715 42.675 8.647 0.000 0.000 0.000 31.232 41.208 48.177 49.143 49.110 51.077 59.046 57.016 52.987 50.960 46.933 40.908 35.884 33.861 34.839 33.818 38.799 31.782 32.767 33.754 35.744 56.739 0.000 0.000 0.000 26.974 68.969 28.962 37.951 28.936 67.920 85.909 45.897 33.886 35.874 35.863 35.851 35.839 35.828 32.816 32.805 31.794 32.783 32.773 32.763 48.754 63.745 36.736 96.726 68.717
0.000 19.958 43.006 36.062 55.107 55.134 50.145 41.145 35.134 36.115 37.088 48.055 51.014 42.967 45.912 54.852 55.789 45.730 2.686 0.000 4.393 3.350 36.296 42.243 46.204 45.167 46.132 46.098 44.065 51.034 52.004 51.975 52.948 49.921 48.895 49.871 40.847 35.824 36.802 33.781 34.762 33.745 32.730 34.719 49.712 0.000 0.000 0.000 26.981 70.975 32.967 8.959 0.000 13.913 52.907 34.896 35.885 33.873 33.861 33.849 32.837 31.825 32.813 32.801 31.790 32.779 31.768 30.758 33.749 29.740 25.731 89.718 98.708
0.000 17.145 37.162 47.185 57.206 48.218 48.220 50.214 48.200 39.179 45.151 54.115 43.072 36.021 34.960 40.888 50.810 57.731 21.652 13.546 39.437 39.360 34.296 43.241 48.196 49.156 45.120 45.084 37.051 34.020 33.990 33.962 32.934 30.908 37.882 51.856 50.832 49.808 44.784 35.762 33.740 34.720 33.703 33.688 34.679 0.000 0.000 0.000 41.994 8.981 12.974 0.000 0.000 0.000 31.909 11.896 14.884 31.871 30.860 30.848 31.835 33.822 33.810 33.797 32.785 32.774 30.763 30.752 31.743 19.736 0.000 9.707 92.696
0.000 16.315 40.311 59.311 50.313 47.311 47.304 48.292 47.274 49.250 54.220 43.184 37.139 37.085 37.017 35.932 36.831 42.733 59.644 57.549 36.448 35.357 34.285 35.229 47.183 45.143 56.106 44.068 37.035 35.004 35.976 34.948 39.920 47.894 43.868 37.842 43.816 53.791 50.766 49.741 40.717 33.694 33.672 34.652 32.638 0.000 0.000 42.027 30.020 0.000 0.000 43.942 38.940 37.934 29.923 0.000 0.000 36.869 33.859 33.847 33.833 33.819 33.806 33.793 33.781 33.768 33.757 32.746 33.735 35.725 25.713 0.000 34.682
4.569 29.489 54.455 50.437 39.424 44.410 49.394 44.375 50.353 56.327 48.296 36.260 35.216 37.162 37.091 40.991 41.850 35.726 46.642 42.560 39.449 36.337 33.260 40.205 44.163 46.128 37.094 64.048 52.016 41.987 33.960 39.933 58.906 68.880 61.853 38.827 40.800 43.773 47.747 52.720 50.693 46.666 35.639 32.612 39.581 45.538 0.000 17.034 38.040 0.000 0.000 13.943 33.945 33.938 33.926 38.912 37.895 33.876 32.861 33.846 33.831 33.816 33.802 33.788 33.775 33.763 33.750 33.738 32.727 32.715 33.702 36.686 32.676
16.650 50.616 56.584 41.558 36.534 38.511 40.487 51.462 55.436 66.408 65.378 58.343 47.303 36.256 39.194 6.093 0.000 34.681 40.636 37.599 0.468 34.279 38.214 55.170 54.135 57.110 0.000 29.014 68.994 62.969 48.944 54.918 72.892 72.865 70.839 39.812 45.784 45.756 47.728 35.699 44.669 50.638 49.607 48.574 61.537 70.495 3.451 0.000 28.067 53.094 0.000 0.000 56.958 37.947 37.932 37.916 37.898 38.880 32.863 31.847 35.830 32.813 32.798 32.783 32.770 33.756 32.744 31.731 31.719 31.706 31.693 31.680 30.669
15.765 61.740 47.708 36.676 36.644 36.613 49.582 47.549 64.521 79.493 76.463 73.432 68.398 59.365 50.337 0.000 0.000 0.000 28.623 39.613 0.000 0.000 31.146 49.125 48.098 63.068 35.026 36.000 68.977 73.953 69.928 68.903 71.877 71.851 72.825 51.797 43.769 45.740 45.710 35.678 44.646 38.612 57.577 28.539 67.499 89.454 60.407 30.356 0.000 31.120 0.000 33.012 92.983 45.961 47.940 47.920 43.900 44.882 36.864 31.847 13.828 32.807 32.792 35.778 38.764 48.750 38.737 33.724 34.711 34.698 34.685 34.673 34.661
47.906 51.872 45.832 43.792 38.754 50.717 44.676 57.632 35.605 5.579 56.551 75.522 74.494 75.469 58.453 0.000 0.000 0.000 22.619 45.616 0.000 0.000 28.100 43.086 38.064 65.039 76.009 75.984 71.960 71.936 71.913 72.889 71.864 71.838 71.812 65.784 40.755 42.725 40.693 35.659 46.624 47.587 50.548 7.508 52.464 88.417 58.366 76.305 37.221 23.147 35.096 91.040 79.002 50.972 44.947 46.924 40.902 34.882 32.865 30.851 0.000 38.797 46.785 54.772 61.757 70.743 59.729 39.716 33.703 34.690 34.677 34.664 34.653
59.080 48.010 47.955 43.908 50.864 47.822 50.775 74.699 61.689 44.667 65.640 74.612 73.585 72.564 52.552 0.000 0.000 0.000 0.000 0.616 0.000 0.000 34.068 43.055 54.035 70.013 71.989 71.965 71.943 71.921 71.898 71.875 71.851 71.826 71.800 71.772 57.742 47.711 40.677 33.642 37.604 37.564 42.522 61.479 47.433 82.385 68.334 75.276 82.212 68.151 73.099 82.052 58.012 58.980 44.951 43.926 35.903 32.881 33.861 35.841 49.818 55.798 73.781 72.766 71.751 70.736 70.722 60.708 38.694 33.681 34.668 34.656 34.644
50.209 38.133 40.071 52.019 48.973 48.933 18.903 0.000 53.785 79.760 74.730 73.699 75.671 57.649 43.639 27.660 0.000 0.000 0.000 0.000 0.000 0.000 40.049 57.029 69.009 71.988 71.967 71.946 71.926 71.905 71.884 71.862 71.839 71.815 71.789 71.762 72.732 66.699 58.664 50.626 48.585 51.542 42.498 59.452 38.405 80.357 13.307 34.255 69.200 41.147 32.099 88.055 52.016 55.983 53.953 34.926 32.901 33.878 33.857 41.836 62.814 73.795 70.777 70.760 70.744 67.729 66.714 64.700 63.686 37.672 33.659 33.646 33.634
40.316 37.242 50.179 50.123 45.075 65.034 19.002 27.985 67.906 74.859 73.820 73.785 73.752 49.722 49.696 60.681 0.000 0.000 0.000 0.000 0.000 0.000 0.000 7.006 65.983 77.964 72.946 71.927 71.909 71.890 71.871 71.850 71.829 71.805 71.781 71.754 71.724 72.691 73.654 70.614 70.569 73.522 53.474 59.426 33.379 74.331 10.283 12.235 65.186 35.138 45.094 79.053 60.015 51.982 55.951 32.924 33.898 32.874 34.852 44.830 65.809 66.789 71.771 70.754 65.737 62.721 66.706 71.691 70.677 59.663 40.650 39.637 38.624
36.413 50.341 51.277 39.221 50.170 71.125 64.086 70.048 75.995 73.949 73.907 73.868 70.830 54.792 4.740 0.712 0.000 0.000 0.000 0.000 0.000 0.000 0.000 0.000 10.952 22.939 63.924 72.909 71.893 71.876 71.858 71.840 71.820 71.798 71.774 73.748 72.719 72.686 71.648 73.605 72.556 72.504 62.451 60.400 37.352 49.306 79.261 58.215 66.170 35.127 63.085 57.047 60.011 47.978 41.948 33.920 33.894 33.869 41.846 46.824 47.803 52.783 60.764 58.746 59.729 70.713 70.697 70.682 70.667 71.653 65.640 61.627 59.614
51.502 51.432 40.369 36.312 51.259 70.212 76.168 75.125 74.079 74.034 73.991 74.949 65.908 58.875 0.000 0.000 0.000 0.000 0.000 0.000 0.000 0.000 0.000 0.000 19.934 39.916 66.903 72.891 71.877 71.863 71.847 71.830 71.812 71.792 73.770 73.746 73.718 65.686 70.647 73.602 76.547 74.487 68.424 64.371 52.324 36.280 84.237 67.195 69.154 34.113 80.075 44.038 25.003 41.971 32.941 33.913 32.887 41.863 47.839 46.817 46.796 45.776 38.757 34.738 64.721 70.704 70.688 70.673 70.658 70.643 71.629 71.616 71.603
48.585 39.518 37.455 35.397 52.344 72.295 74.249 74.205 74.161 74.117 74.074 76.029 54.977 52.926 0.000 0.000 0.000 0.000 0.000 0.000 0.000 0.000 0.000 0.000 0.000 53.888 72.882 71.874 71.863 71.851 71.837 71.823 73.806 72.789 72.769 72.747 66.722 44.692 60.653 70.609 21.543 12.472 46.388 53.336 62.293 49.253 70.214 88.175 73.136 40.098 82.062 6.027 17.994 30.963 33.933 33.906 35.880 45.855 43.832 44.809 46.788 49.768 43.748 44.730 60.712 70.695 70.678 70.662 70.647 70.633 70.619 70.605 70.592
39.664 37.598 42.536 47.478 62.425 74.375 74.329 74.284 74.242 74.201 74.160 75.116 62.046 0.000 0.000 0.000 0.000 0.000 1.822 38.822 0.000 17.823 0.000 0.000 0.000 28.867 63.864 70.858 71.850 71.840 71.829 71.816 73.802 71.787 71.770 71.752 55.731 51.706 13.665 15.637 0.000 0.000 31.318 38.292 60.260 46.225 51.190 94.154 77.117 56.082 66.047 16.014 60.982 37.952 33.923 33.896 35.871 44.846 55.823 55.800 57.779 63.759 58.739 69.720 70.702 70.685 70.668 70.652 70.636 70.622 70.607 70.594 70.581
40.738 37.673 44.613 63.556 74.502 74.453 74.406 74.362 74.321 74.284 74.251 80.226 0.000 0.000 0.000 0.000 0.000 0.000 38.822 50.822 37.822 52.823 48.824 0.000 18.841 50.848 57.849 68.845 71.839 71.831 71.822 72.811 71.799 71.787 71.773 67.759 56.746 61.735 0.000 0.000 0.000 15.267 48.274 40.256 58.229 34.199 36.166 84.133 83.099 75.064 61.031 60.999 49.969 44.940 33.912 33.886 33.861 43.836 65.813 72.791 71.769 71.749 63.729 70.710 70.691 70.674 70.657 70.641 70.625 70.610 70.596 70.582 70.569
38.808 36.745 51.685 71.629 75.576 74.527 74.481 74.437 74.397 74.362 74.332 81.313 0.000 0.000 0.000 0.000 0.000 0.000 27.822 47.822 47.822 46.823 49.824 33.827 41.833 49.837 49.837 66.835 72.830 71.824 71.816 71.807 71.798 71.787 72.777 64.767 60.758 54.752 0.000 0.000 0.000 8.261 12.254 40.228 59.201 36.174 32.144 71.113 88.080 85.046 66.014 44.984 43.954 44.926 35.900 32.874 33.849 36.826 47.802 67.780 70.759 70.738 62.718 70.699 70.680 70.662 70.645 70.629 70.613 70.598 70.584 70.570 70.556
37.876 39.814 59.755 75.699 74.647 74.598 74.552 74.509 74.469 74.434 76.404 74.381 0.000 0.000 0.000 0.000 0.000 0.000 13.822 52.822 58.822 63.822 54.823 53.825 47.827 43.829 54.829 68.827 71.823 71.818 74.811 72.804 71.796 71.788 71.780 66.773 58.767 53.764 28.767 0.000 0.000 0.000 0.000 2.201 51.175 37.151 33.124 66.094 97.061 78.027 56.996 47.966 49.939 47.912 42.886 31.862 33.837 32.814 36.791 55.769 70.747 70.727 62.706 70.687 70.668 70.650 70.633 70.617 70.601 70.585 70.571 70.557 70.543
37.941 47.879 67.821 75.766 74.715 74.666 74.621 74.577 74.537 75.502 73.469 61.425 45.424 0.000 0.000 0.000 0.000 0.000 15.822 53.822 62.822 62.821 66.821 68.822 51.823 50.823 65.822 71.820 71.817 71.813 72.808 71.802 71.795 71.789 71.783 69.777 57.773 58.770 52.770 0.000 0.000 0.000 0.000 0.000 37.145 37.131 31.109 76.078 64.042 70.006 39.975 59.947 53.922 46.897 46.872 37.848 32.825 33.802 32.779 44.757 67.736 69.715 63.694 70.675 71.656 70.638 70.620 70.604 70.588 70.572 70.557 70.543 70.530
