results2_8e3_rain/res_3e8f-0175.wd
ncols         241
nrows         181
xllcorner     12693529.787448
yllcorner     3542525.717860
cellsize      155.156523
NODATA_value  -9999.000000
[rows 99 to 131 of 181, columns 0 to 72 of 241]
0.000 0.000 0.000 0.000 0.000 61.046 101.046 103.046 94.045 89.045 0.000 0.000 0.000 0.000 0.000 3.043 2.043 69.043 66.043 0.000 0.000 2.042 5.042 64.042 63.042 4.042 0.000 0.000 0.000 10.976 0.000 0.000 0.000 0.000 16.834 62.831 58.821 57.804 58.780 59.754 72.725 61.694 65.659 57.621 59.580 57.535 58.488 63.438 64.385 62.331 66.275 59.218 59.160 61.100 64.037 77.968 78.909 63.861 49.818 0.000 0.000 0.000 0.000 0.000 27.875 82.870 79.860 66.842 41.818 36.795 80.771 57.748 59.726
0.000 0.000 0.000 0.000 0.000 62.046 102.046 102.046 0.000 0.000 0.000 0.000 0.000 0.000 0.000 2.043 14.043 80.043 69.043 7.043 4.043 4.042 67.042 66.042 70.042 1.042 0.000 0.000 0.000 68.976 60.976 0.000 0.000 0.000 75.877 85.871 71.862 64.849 58.830 60.808 79.782 64.752 70.718 70.681 61.640 76.595 68.547 69.496 59.443 67.387 67.330 65.272 59.214 60.155 64.092 60.998 22.935 12.898 0.000 0.000 0.000 0.000 0.000 30.892 67.887 79.881 86.873 76.861 52.846 53.829 67.811 58.793 59.773
7.047 0.045 0.000 0.000 0.000 49.046 98.046 107.046 17.046 0.000 0.000 0.000 0.000 0.000 0.000 1.043 3.043 87.043 68.043 69.043 71.043 68.042 65.042 66.042 64.042 2.042 0.000 0.000 0.000 61.976 61.976 62.974 61.966 61.952 60.925 70.916 79.909 26.898 90.884 80.865 85.842 70.814 15.781 86.744 84.703 83.658 87.609 76.557 59.502 62.444 67.385 67.326 64.268 60.216 49.176 0.000 0.000 0.000 0.000 0.000 0.000 0.000 0.000 40.898 67.898 67.895 78.891 77.884 60.875 60.864 59.852 59.838 59.822
75.047 78.047 10.047 0.000 0.000 59.046 98.046 103.046 113.046 18.046 0.000 0.000 0.000 0.000 9.044 9.043 7.043 24.043 72.043 69.043 87.043 101.043 76.042 61.042 0.040 0.000 0.000 0.000 0.000 0.000 60.978 61.980 61.973 61.964 61.956 60.958 60.957 59.952 60.942 65.927 77.906 71.880 14.848 86.811 87.770 65.724 72.675 89.621 83.564 70.503 60.441 66.378 67.316 70.265 55.221 0.000 0.000 0.000 0.000 0.000 0.000 0.000 0.000 2.904 18.910 64.912 61.911 61.909 59.906 59.901 59.894 59.884 59.872
89.047 72.047 72.047 74.047 76.047 95.047 103.046 103.046 103.046 105.046 79.046 18.045 1.045 67.044 74.044 75.043 37.043 32.043 95.043 103.043 98.043 94.043 77.043 1.042 0.000 0.000 0.000 0.000 0.000 0.000 0.000 61.996 60.981 59.974 60.978 62.003 62.011 62.011 62.006 62.995 81.977 76.952 59.920 61.883 72.841 83.795 60.745 72.690 73.629 66.563 86.498 69.431 61.352 2.308 0.000 0.000 0.000 0.000 0.000 0.000 0.000 0.000 0.000 0.000 10.928 64.930 59.932 59.936 59.939 59.940 59.938 57.934 55.926
104.047 94.047 75.047 79.047 97.047 103.047 103.047 103.046 103.046 98.046 70.046 76.045 4.045 58.044 93.044 101.044 101.043 85.043 100.043 107.043 17.043 0.000 0.000 0.000 0.000 0.000 0.000 0.000 0.000 0.000 0.000 62.026 0.000 0.000 0.000 63.066 62.071 62.076 62.076 63.070 79.054 84.030 60.998 61.960 61.917 79.870 80.819 58.763 66.699 85.623 77.558 55.494 0.000 0.000 0.000 0.000 0.000 0.000 0.000 0.000 0.000 0.000 0.000 0.000 7.943 64.947 59.953 59.963 59.974 58.982 57.986 62.987 63.984
104.048 104.048 99.047 102.047 103.047 103.047 103.047 103.046 103.046 99.046 74.046 91.045 0.000 0.000 71.044 95.044 103.043 104.043 103.043 108.043 11.043 0.000 0.000 0.000 0.000 0.000 0.000 0.000 0.000 0.000 0.000 62.057 1.086 1.108 64.125 62.123 62.132 62.145 62.154 62.153 79.140 84.115 61.082 62.041 61.996 62.949 83.899 77.845 84.780 74.673 55.615 0.000 0.000 0.000 0.000 0.000 0.000 0.000 0.000 0.000 0.000 0.000 0.000 0.000 62.956 59.961 59.971 59.988 60.011 59.027 61.037 65.044 66.047
102.048 103.048 103.048 103.047 103.047 103.047 103.047 103.047 103.046 104.046 99.046 106.045 30.045 9.044 59.044 78.044 101.043 103.043 104.043 92.043 6.043 0.000 0.000 0.000 0.000 0.000 0.000 0.000 0.000 0.000 0.000 56.074 61.092 61.112 60.135 62.168 62.191 62.217 62.241 62.249 79.238 84.211 61.172 62.127 62.079 62.030 66.983 89.939 69.903 0.000 0.000 0.000 0.000 0.000 0.000 0.000 0.000 0.000 0.000 0.000 0.000 0.000 0.000 0.000 15.963 66.970 62.982 64.009 62.056 58.077 65.092 66.104 64.114
99.048 104.048 103.048 103.048 103.048 103.047 103.047 103.047 103.047 103.046 104.046 97.045 81.045 72.045 66.044 93.044 103.043 103.043 108.043 11.043 0.000 0.000 0.000 0.000 0.000 0.000 0.000 0.000 0.000 0.000 0.000 0.000 0.000 0.000 0.000 62.223 62.247 62.290 62.344 62.363 78.352 85.317 62.269 62.215 62.161 62.111 62.065 68.023 20.991 0.000 0.000 0.000 0.000 0.000 0.000 0.000 0.000 0.000 0.000 0.000 0.000 0.000 0.000 0.000 0.000 3.974 1.978 0.000 8.125 67.135 65.150 66.167 63.186
99.048 104.048 103.048 103.048 103.048 103.048 103.047 103.047 103.047 103.046 104.046 89.045 68.045 67.045 76.044 100.044 103.043 103.043 109.043 14.043 5.043 0.000 0.000 0.000 0.000 0.000 0.000 0.000 0.000 0.000 0.000 0.000 0.000 0.000 0.000 58.253 62.284 59.352 62.482 62.510 81.488 85.437 62.371 62.303 62.241 62.187 62.141 59.100 9.045 0.000 0.000 0.000 0.000 0.000 0.000 0.000 0.000 0.000 0.000 0.000 0.000 59.270 0.000 0.000 0.000 0.000 0.000 1.211 63.185 64.189 66.204 66.228 63.259
102.049 103.049 103.048 103.048 103.048 103.048 103.048 103.047 103.047 103.047 103.046 100.046 77.045 78.045 95.044 102.044 103.043 103.043 110.043 27.043 0.000 0.000 0.000 0.000 0.000 0.000 0.000 0.000 0.000 0.000 0.000 0.000 0.000 0.000 0.000 0.000 58.284 0.000 61.723 62.705 90.653 77.572 62.476 62.386 62.312 75.255 65.213 60.189 0.000 0.000 0.000 0.000 0.000 0.000 0.000 0.000 0.000 0.000 0.000 0.000 11.270 70.270 55.270 0.000 0.000 0.000 1.248 64.236 67.227 66.232 63.250 59.280 59.326
103.049 103.049 103.049 103.049 103.049 103.048 103.048 103.048 103.047 103.047 103.046 103.046 105.045 105.045 104.044 103.043 103.043 105.043 94.042 37.042 0.000 0.000 0.000 0.000 0.000 0.000 0.000 0.000 0.000 0.000 0.000 0.000 0.000 0.000 0.000 0.000 0.000 0.000 61.982 62.934 96.847 65.723 62.576 62.452 74.366 83.307 62.269 62.254 61.270 0.000 0.000 0.000 0.000 0.000 0.000 0.000 0.000 0.000 0.000 0.000 0.000 66.270 67.270 54.269 1.267 60.264 62.259 66.254 65.253 63.262 62.282 58.317 66.373
102.049 101.049 103.049 103.049 103.049 103.049 103.048 103.048 103.048 103.047 103.047 103.046 103.045 103.045 103.044 103.043 104.043 87.042 15.042 6.042 64.041 78.041 24.041 0.000 0.000 5.041 0.000 0.000 0.000 0.000 0.000 0.000 0.000 0.000 0.000 4.027 4.002 0.843 58.289 69.202 92.079 62.897 59.651 62.482 62.392 62.337 62.303 62.287 62.286 59.286 0.000 0.000 0.000 0.000 0.000 0.000 0.000 0.000 0.000 0.000 0.270 61.270 57.270 63.270 58.269 66.268 66.266 65.266 61.270 64.281 59.301 58.334 58.389
92.050 92.050 101.050 103.050 103.050 103.049 103.049 103.049 103.048 103.047 103.047 104.046 105.045 103.045 103.044 103.043 103.042 25.042 9.041 64.041 74.041 84.041 83.041 76.041 68.041 9.041 0.000 0.000 0.000 0.000 0.000 0.000 0.000 0.000 4.071 63.052 66.004 65.881 62.644 61.508 70.369 58.133 0.000 58.432 62.383 62.345 62.320 62.305 61.300 0.000 0.000 0.000 0.000 0.000 0.000 0.000 63.271 74.271 0.000 0.000 62.271 60.270 60.270 57.270 65.270 66.271 66.272 63.275 66.281 66.291 64.306 59.327 48.348
74.050 79.050 98.050 104.050 103.050 103.050 103.050 103.049 103.049 103.048 105.047 91.046 87.046 102.045 107.044 104.043 99.042 81.041 84.041 90.041 84.041 85.041 64.041 57.041 3.041 0.038 0.000 0.000 0.000 0.000 0.000 0.020 1.028 0.000 54.089 60.108 63.080 63.007 62.898 62.815 64.757 0.000 0.000 0.000 57.362 62.341 62.325 62.315 62.310 0.310 0.000 0.000 0.000 0.000 0.000 23.271 80.271 62.271 60.271 60.271 60.271 60.271 58.271 63.271 66.272 66.273 62.276 66.280 66.287 65.296 59.307 60.319 50.329
58.051 73.051 92.051 105.051 106.051 106.051 104.050 103.050 104.049 103.048 104.048 42.047 13.046 61.045 79.043 100.042 107.041 105.040 105.040 91.040 14.040 0.000 0.000 0.000 0.000 0.000 0.000 0.000 0.000 9.028 11.028 1.028 1.028 1.028 0.000 59.210 63.200 61.170 62.127 64.096 65.087 0.000 0.000 0.000 0.000 55.333 62.325 62.319 59.314 0.000 0.000 0.000 0.000 0.000 0.000 0.000 22.271 76.271 59.271 59.271 60.271 59.271 59.271 65.272 66.272 64.275 52.278 5.283 70.291 64.299 64.307 64.314 50.319
22.051 44.051 77.052 83.052 77.052 79.052 96.051 104.050 100.050 93.049 92.048 27.048 0.000 0.000 0.000 37.041 72.041 98.039 105.038 2.039 0.000 0.000 0.000 0.000 0.000 0.000 0.000 0.000 0.000 51.028 72.028 17.028 2.028 1.028 0.000 59.321 65.342 64.346 73.343 74.355 64.409 9.566 0.000 0.000 0.000 0.000 59.323 60.321 0.000 0.000 0.000 0.000 0.000 0.000 0.000 0.000 0.000 81.271 84.271 64.271 58.271 56.271 66.271 66.271 61.272 0.000 0.000 0.000 11.297 69.302 66.306 66.311 56.314
0.000 0.000 58.054 67.053 19.053 5.053 68.052 97.051 88.051 84.050 98.049 65.048 25.047 0.000 0.000 0.000 0.000 43.037 74.035 0.000 0.000 0.000 0.000 0.000 0.000 0.000 0.000 0.000 0.000 0.000 56.028 74.028 5.028 0.000 0.000 50.410 64.500 62.529 92.545 85.572 63.628 65.723 11.827 0.000 0.000 0.000 54.323 0.000 0.000 0.000 0.000 0.000 0.000 0.000 0.000 0.000 0.000 0.000 69.271 86.271 71.271 65.271 66.271 61.271 0.000 0.000 0.000 0.000 0.000 61.305 66.307 66.309 61.311
0.000 0.000 54.055 99.055 56.054 5.054 57.053 89.052 91.051 102.050 104.049 107.048 113.047 52.045 21.044 0.000 0.000 0.000 14.031 9.027 0.015 2.010 0.000 0.000 0.000 0.000 0.000 0.000 0.000 0.000 57.028 72.028 2.028 9.028 13.028 0.000 57.720 65.724 95.735 77.762 65.807 64.871 69.931 0.000 0.000 0.000 0.000 0.000 0.000 0.000 0.000 0.000 0.000 0.000 0.000 0.000 0.000 0.000 0.000 7.271 74.271 64.271 62.271 0.000 0.000 0.000 0.000 0.306 60.306 59.306 61.307 55.308 0.000
27.059 42.059 76.057 94.056 102.056 71.055 84.054 107.053 104.052 103.051 103.050 103.048 103.047 109.045 112.043 68.039 27.036 9.032 72.029 86.024 79.017 81.010 37.004 12.997 9.993 0.000 0.000 0.000 0.000 0.000 36.028 58.028 64.028 64.028 67.028 26.029 58.937 87.910 89.911 66.931 64.969 65.023 68.095 13.212 8.263 0.000 0.000 0.000 0.000 0.000 0.000 0.000 0.000 0.000 0.000 0.000 0.000 0.000 0.000 0.000 0.271 0.271 8.271 0.000 0.000 0.000 0.000 62.306 57.306 55.306 0.000 0.000 0.000
100.060 103.060 103.059 101.058 99.057 100.056 102.055 102.054 103.053 104.052 104.050 103.049 96.047 100.045 103.042 107.039 111.036 112.032 104.028 100.023 97.017 92.010 94.003 86.996 42.988 20.981 0.000 0.000 0.000 0.000 0.000 0.000 0.000 0.000 0.000 83.120 72.088 101.070 92.068 79.083 66.113 65.157 65.213 69.277 65.315 0.000 0.000 0.000 0.000 0.000 0.000 0.000 0.000 0.000 0.000 0.000 0.000 0.000 0.000 0.000 0.000 0.000 0.000 0.000 0.000 0.000 0.000 0.000 0.000 0.000 0.000 0.000 0.000
103.061 98.061 96.060 95.059 89.059 86.058 87.057 87.056 93.054 98.053 98.051 91.050 75.048 90.045 103.043 103.040 103.036 103.033 103.029 103.024 104.018 104.011 107.003 107.994 107.984 107.973 46.961 0.000 0.000 0.000 0.000 0.000 0.000 0.000 0.000 55.244 81.227 86.212 70.209 87.220 75.244 65.279 65.323 68.369 11.404 0.000 0.678 0.686 0.000 0.000 0.000 0.000 0.000 0.000 0.000 0.000 0.000 0.000 0.000 0.000 0.000 0.000 0.000 0.000 0.000 0.000 0.000 0.000 0.000 0.000 0.000 0.000 0.000
73.062 46.062 68.062 82.061 80.060 60.059 45.058 41.057 61.056 78.054 77.052 70.050 65.048 75.046 96.043 104.040 103.037 103.034 103.030 103.025 103.020 107.013 82.003 69.993 68.981 72.967 75.948 14.915 3.883 0.548 0.377 0.000 0.000 0.000 0.000 53.386 89.362 72.341 64.336 74.344 85.364 69.393 65.430 65.474 71.527 15.619 9.670 1.694 0.712 6.711 4.711 0.000 0.000 0.000 0.000 0.000 0.000 0.000 0.000 0.000 0.000 0.000 0.000 0.000 0.000 0.000 0.000 0.000 0.000 0.000 0.000 0.000 0.000
63.064 34.064 56.063 71.063 67.062 44.061 30.060 34.059 54.057 68.055 66.054 66.052 67.049 65.047 84.044 101.041 103.038 103.035 103.031 103.027 102.023 65.018 0.000 0.000 0.000 0.000 0.000 0.000 0.000 59.794 79.781 31.762 17.743 13.716 60.661 77.551 94.495 71.456 65.449 63.456 80.474 82.500 68.531 65.568 65.611 68.661 77.696 15.716 10.728 0.000 19.711 0.000 0.000 0.000 0.000 0.000 0.000 0.000 0.000 0.000 0.000 0.000 0.000 0.000 0.000 0.000 0.000 0.000 0.000 0.000 0.000 0.000 0.000
76.066 72.066 67.065 66.065 67.064 69.063 70.062 73.060 72.059 68.057 67.055 67.053 67.051 66.048 73.045 95.043 104.040 103.037 105.034 77.030 43.027 0.000 0.000 0.000 0.000 0.000 0.000 0.000 0.000 24.785 46.776 49.763 53.750 67.745 64.715 85.662 82.612 56.538 63.547 65.559 67.577 80.600 72.627 67.657 65.688 64.718 81.737 72.744 66.745 0.000 0.000 0.000 0.000 0.000 0.000 0.000 0.000 0.000 0.000 0.000 0.000 0.000 0.000 0.000 0.000 0.000 0.000 0.000 0.000 0.000 0.000 0.000 0.000
66.068 67.068 67.068 67.067 67.066 67.065 67.064 67.062 67.061 67.059 67.057 67.055 67.052 67.049 65.047 86.044 103.041 105.038 101.036 27.034 0.000 0.000 0.000 0.000 0.000 0.000 0.000 0.000 0.000 0.000 0.000 0.000 0.000 51.798 68.792 94.771 68.751 0.000 51.641 66.655 64.674 68.696 69.720 78.744 67.767 65.785 64.790 60.779 1.762 0.000 0.000 0.000 0.000 0.000 0.000 0.000 0.000 0.000 0.000 0.000 0.000 0.000 0.000 0.000 0.000 0.000 0.000 0.000 0.000 0.000 0.000 0.000 25.349
67.071 67.070 67.070 67.069 67.068 67.067 67.066 66.064 66.063 67.061 67.059 67.056 67.054 67.051 66.048 74.045 89.042 100.039 88.037 14.036 0.000 0.000 0.000 0.000 0.000 0.000 0.000 0.000 0.000 0.000 0.000 0.000 0.000 28.856 77.884 102.879 12.870 0.000 49.722 67.746 65.769 64.791 72.813 83.833 71.852 65.863 69.860 2.819 0.000 0.000 0.000 0.000 0.000 0.000 0.000 0.000 0.000 0.000 0.000 0.000 0.000 0.000 0.000 0.000 0.000 0.000 0.000 0.000 0.000 0.000 0.000 0.000 82.428
67.073 67.073 67.072 67.072 67.071 67.070 67.068 71.067 72.065 68.063 67.061 67.058 67.056 67.053 67.050 66.046 69.043 78.040 78.038 19.036 0.000 0.000 0.000 0.000 0.000 0.000 20.695 0.000 0.000 0.000 0.000 0.000 0.000 1.034 82.009 96.992 19.981 0.000 33.780 64.837 65.865 65.887 64.906 69.925 71.943 67.957 69.967 0.000 0.000 0.000 0.000 0.000 0.000 0.000 0.000 0.000 0.000 0.000 0.000 0.000 0.000 0.000 0.000 0.000 0.000 0.000 0.000 0.000 0.000 0.000 0.000 66.650 75.559
67.076 67.076 67.075 67.075 67.074 67.073 66.071 78.069 83.068 70.065 67.063 67.060 67.058 67.054 67.051 67.048 67.044 66.041 69.038 50.035 0.000 0.000 0.000 0.000 0.000 62.695 83.695 45.693 36.684 35.673 0.000 0.000 0.000 63.216 105.142 79.098 79.080 6.100 0.000 50.957 67.969 65.984 66.000 64.017 80.036 84.058 78.082 1.185 0.000 0.000 0.000 0.000 0.000 0.000 0.000 0.000 0.000 0.000 0.000 0.000 0.000 0.000 0.000 0.000 0.000 0.000 0.000 0.000 0.000 0.000 40.813 91.741 77.667
67.079 67.079 67.078 67.078 67.077 67.075 66.074 79.072 85.070 69.068 67.066 67.063 67.060 67.057 67.053 67.049 67.045 67.041 67.036 73.032 44.027 0.000 0.000 0.000 2.696 25.696 40.697 62.699 70.687 74.662 48.613 24.547 59.457 97.331 95.244 75.178 57.141 15.121 0.000 51.064 68.070 67.080 70.092 65.108 74.128 97.154 94.194 39.267 3.323 19.349 0.000 0.000 0.000 0.000 0.000 0.000 0.000 6.895 36.898 40.903 0.000 0.000 49.939 110.942 0.000 0.000 0.000 0.000 0.000 0.000 77.885 133.834 116.772
64.082 65.082 66.082 66.081 67.080 67.079 65.077 80.075 83.073 66.071 67.069 67.066 67.062 67.059 67.055 67.051 67.046 67.041 67.035 67.029 73.021 53.011 4.003 0.000 0.000 0.000 0.000 38.719 69.704 65.674 68.630 72.570 84.495 101.406 85.325 53.230 3.185 0.000 0.000 50.166 67.167 70.172 83.181 69.195 79.213 80.237 99.271 103.315 86.353 36.375 0.000 0.000 0.000 0.000 0.000 0.000 0.000 0.000 0.000 25.911 39.921 71.929 109.939 32.948 0.000 0.000 0.000 0.000 0.000 64.096 74.007 74.938 77.874
85.086 80.086 75.085 73.085 69.084 65.082 65.081 80.079 83.077 65.074 67.072 67.069 67.065 67.062 67.057 67.053 66.048 65.042 66.035 66.028 66.019 72.008 48.996 25.981 0.964 0.000 0.000 37.755 75.734 69.703 64.661 77.609 100.545 94.472 62.422 0.000 0.000 0.000 0.000 48.266 66.261 71.261 78.266 73.276 78.291 77.312 90.338 84.368 77.398 50.424 5.455 0.000 0.000 0.000 0.000 0.000 0.000 0.000 0.000 0.000 71.925 74.931 77.942 0.143 10.748 0.000 0.000 7.260 41.260 69.186 138.108 102.046 133.934
105.090 104.090 100.089 95.088 91.087 86.086 81.084 77.083 72.080 66.078 67.075 67.072 67.069 67.065 66.060 68.055 74.050 79.043 78.036 76.028 70.018 65.006 68.992 74.973 38.946 19.911 23.869 57.811 80.775 71.741 67.704 90.661 102.605 58.515 3.469 0.000 0.000 11.447 18.427 52.372 65.351 70.344 86.346 76.353 69.365 62.381 68.400 86.423 83.445 89.467 8.486 0.000 0.000 0.000 0.000 0.000 0.000 0.000 0.000 0.000 0.000 0.000 0.000 0.000 7.781 0.000 0.000 0.000 76.335 67.276 77.210 100.107 76.284
