results2_8e3_rain/res_3e8f-0037.wd
ncols         241
nrows         181
xllcorner     12693529.787448
yllcorner     3542525.717860
cellsize      155.156523
NODATA_value  -9999.000000
[rows 66 to 98 of 181, columns 75 to 149 of 241]
0.000 45.605 62.597 61.586 61.576 0.000 33.252 33.250 46.265 42.275 41.266 41.240 40.194 116.125 104.048 0.000 0.000 0.000 37.576 32.566 37.561 40.545 40.520 42.486 43.457 48.431 49.407 50.382 41.349 0.000 0.000 41.750 91.750 73.674 77.545 77.642 75.710 83.684 76.154 76.640 77.387 76.168 75.955 76.758 46.609 0.000 0.000 0.000 0.000 0.000 0.000 0.000 8.159 6.149 6.129 6.102 6.069 6.034 9.996 22.956 19.912 4.866 15.819 24.775 3.734 6.695 12.657 17.620 13.585 7.550 5.517 3.484 18.453 40.423 41.395
0.000 33.755 57.736 56.723 50.730 3.788 0.000 0.000 39.315 52.366 41.371 40.352 41.311 22.218 0.000 0.000 0.000 0.000 0.000 0.000 48.590 46.579 44.556 27.501 30.463 37.430 38.409 43.390 34.369 0.000 0.000 0.000 51.963 69.888 76.842 76.952 84.098 83.899 76.222 76.916 76.635 76.432 76.228 71.047 28.919 0.000 0.000 26.098 0.000 0.000 0.000 14.180 9.181 6.169 6.148 6.121 6.088 6.052 6.014 5.973 12.930 26.885 27.841 10.798 4.756 5.717 6.679 10.642 9.606 5.571 5.536 6.502 25.469 43.439 41.410
47.053 44.925 58.869 51.841 52.835 49.847 0.000 0.000 0.000 54.503 49.498 44.489 46.479 0.000 0.000 0.000 0.000 0.000 0.000 0.000 47.632 43.628 34.622 0.000 0.000 35.419 47.408 46.400 0.000 0.000 0.000 54.425 46.251 50.113 57.219 72.305 84.283 75.949 77.510 77.081 76.898 76.688 74.481 57.283 36.100 42.099 40.099 21.098 0.000 0.000 0.000 0.000 23.215 5.199 6.175 10.145 18.111 8.074 6.034 4.993 8.949 23.906 30.862 22.819 8.778 3.738 5.700 5.663 5.627 5.591 4.555 11.518 32.485 42.454 41.423
45.099 56.025 49.973 42.939 61.921 50.918 2.937 0.000 0.000 46.644 62.632 57.626 57.639 60.702 0.000 0.000 0.000 0.000 0.000 0.000 45.677 36.678 39.682 0.000 0.000 0.000 83.404 110.402 25.401 0.000 53.738 48.602 48.472 48.415 44.530 84.620 84.457 76.992 80.603 77.355 77.153 76.944 68.724 21.503 0.000 44.099 22.099 0.000 0.000 0.000 11.333 10.312 9.267 5.237 9.207 21.174 26.138 24.099 17.058 7.015 15.971 23.926 2.882 8.840 21.798 18.759 14.721 22.684 3.648 5.612 3.576 16.531 39.499 43.469 44.432
57.157 49.104 41.059 41.022 53.992 61.967 57.957 60.941 62.894 57.798 52.760 54.745 43.748 42.765 0.000 0.000 0.000 0.000 50.744 49.738 37.722 39.726 40.747 44.801 43.836 0.000 0.000 0.000 0.000 0.185 59.874 52.772 47.655 48.788 46.871 84.766 46.599 54.194 68.795 76.621 77.413 75.211 33.967 0.000 0.000 0.000 0.000 0.000 0.000 12.370 6.355 6.336 6.306 7.276 17.243 26.208 25.169 25.127 21.084 17.039 26.993 9.948 4.903 5.859 5.818 15.779 28.742 15.706 3.670 4.634 10.607 0.000 3.512 13.490 0.000
48.219 41.177 42.137 42.099 44.057 28.003 53.984 51.973 43.942 40.895 39.864 55.848 57.843 44.846 0.000 0.000 0.000 50.752 46.750 43.749 36.748 40.757 40.780 40.820 40.872 1.113 4.913 6.095 8.278 76.276 73.114 61.918 60.950 49.997 85.021 84.900 48.648 55.302 50.083 56.891 75.669 50.522 0.000 0.000 0.000 0.000 0.000 0.000 0.000 12.385 6.383 6.370 6.347 7.317 16.283 26.245 25.203 24.158 21.112 26.064 20.016 3.969 5.922 5.878 5.836 15.797 23.761 2.728 5.694 8.646 27.613 44.585 23.548 0.000 0.000
41.283 42.247 42.213 43.180 24.136 0.000 11.004 39.024 42.008 41.977 41.954 39.939 63.932 47.930 0.000 0.000 0.000 27.754 44.757 38.759 39.764 40.775 40.795 40.827 40.869 51.923 0.000 0.000 15.462 68.439 78.380 0.350 82.128 72.367 85.123 47.211 60.861 57.509 47.384 44.192 40.849 25.685 0.000 0.000 7.723 0.000 0.000 0.000 0.000 8.404 6.423 6.416 6.395 6.365 7.328 13.286 21.241 21.192 21.142 25.091 3.039 5.989 5.941 4.895 10.853 27.814 10.779 4.751 7.731 0.000 0.000 20.595 0.000 0.000 47.406
42.347 42.317 42.290 45.270 1.263 0.000 0.000 37.112 42.088 44.053 42.035 41.023 59.016 55.013 0.000 0.000 0.000 0.000 35.765 38.768 40.773 40.784 40.801 40.824 42.854 28.888 0.000 0.000 65.669 68.639 79.592 85.532 79.565 77.593 85.208 68.259 70.967 55.812 48.720 41.649 0.000 0.000 0.000 0.000 5.723 0.000 0.000 0.000 0.000 0.000 9.489 6.476 6.452 6.419 6.379 6.333 6.282 13.229 21.174 9.118 6.062 6.009 5.958 8.910 21.866 21.826 3.793 5.766 8.750 0.000 0.000 47.605 37.606 43.604 0.000
42.411 42.385 42.361 42.345 46.346 47.339 47.303 43.225 43.178 23.114 40.111 41.103 57.097 56.093 0.000 0.000 0.000 0.000 34.771 40.773 40.779 40.787 40.800 40.815 28.834 0.000 0.000 0.000 70.905 76.857 79.789 79.760 78.825 85.319 77.735 80.458 75.150 60.094 50.036 49.033 49.167 0.000 0.000 0.000 2.725 9.727 2.729 0.000 0.000 0.000 24.568 5.549 6.519 6.481 6.436 7.384 6.328 6.268 6.206 6.145 6.084 6.026 4.972 10.921 25.875 2.834 5.799 5.771 7.753 0.000 0.000 49.616 41.610 46.603 0.000
42.475 42.450 42.425 42.403 42.388 42.370 42.344 42.309 46.285 0.000 33.191 42.183 58.175 53.170 0.000 0.000 0.000 0.000 39.774 42.777 42.781 42.788 40.796 43.803 0.000 0.000 0.000 63.346 69.190 80.096 79.987 80.105 78.152 85.526 78.870 83.518 79.412 80.347 68.299 56.281 45.301 40.300 42.300 0.000 0.000 8.729 3.731 9.733 10.734 8.723 14.668 24.632 6.595 7.551 16.500 23.442 5.377 6.310 6.240 6.172 6.105 5.042 9.983 28.929 22.880 11.837 4.800 5.768 7.738 22.701 40.668 41.634 41.614 41.596 39.572
42.540 42.514 42.486 42.457 42.431 45.409 43.394 42.380 46.370 0.000 33.279 42.264 59.250 51.242 0.000 0.000 0.000 0.000 12.776 22.778 21.782 21.788 42.793 27.798 0.000 0.000 0.000 65.503 75.415 80.320 80.282 79.391 86.203 85.886 79.937 80.783 79.642 79.587 80.533 71.490 36.455 0.000 0.000 0.000 0.000 6.730 6.732 3.736 5.746 6.769 5.749 12.718 26.679 9.630 7.572 17.505 5.431 6.353 6.274 6.197 6.123 6.053 13.989 26.931 13.880 25.836 3.797 4.763 9.731 30.699 42.669 41.640 41.617 41.594 40.572
42.607 42.582 42.550 45.506 47.472 19.442 40.445 43.449 45.445 5.442 36.381 41.346 53.320 51.306 0.000 0.000 0.000 0.000 0.000 0.000 0.000 0.000 23.793 0.000 0.000 0.000 13.892 63.748 80.645 80.529 80.649 78.740 86.485 78.525 84.232 79.927 79.882 79.816 79.758 69.693 30.574 0.000 0.000 0.000 0.000 0.000 9.732 10.733 0.000 5.858 6.842 6.813 10.772 26.719 9.655 6.577 6.490 6.398 6.308 6.220 4.138 10.060 28.990 9.928 8.875 22.829 6.790 4.756 11.724 37.696 42.669 41.643 41.618 42.594 44.572
42.680 42.659 44.624 20.546 22.509 0.000 2.495 38.525 42.520 46.500 42.459 45.418 50.379 55.357 0.000 0.000 0.000 0.000 0.000 0.000 0.000 0.000 0.000 0.000 0.000 0.000 73.037 74.953 80.859 80.822 79.947 86.988 86.746 79.588 80.302 80.174 80.105 80.042 78.988 58.949 0.000 0.000 0.000 0.000 0.000 0.000 0.000 1.733 0.000 12.964 9.949 5.919 5.877 7.821 24.750 13.660 5.553 6.444 6.339 5.240 10.147 12.061 10.983 7.917 5.862 5.817 5.779 6.746 19.717 41.691 42.668 44.646 40.619 37.595 39.571
42.758 42.750 47.743 0.000 0.000 8.874 0.748 34.636 43.611 41.579 43.538 55.490 27.419 21.388 0.000 0.000 0.000 0.000 0.000 0.000 0.000 0.000 0.000 0.000 0.000 60.402 65.265 79.168 81.054 81.189 79.292 87.208 79.089 80.763 80.456 80.397 80.323 80.259 72.204 49.166 0.000 0.000 0.000 0.000 0.000 0.000 0.000 0.000 0.000 17.087 12.070 6.040 3.997 6.940 6.865 22.761 15.619 6.485 7.364 5.254 12.152 12.055 8.964 2.895 5.842 5.799 7.764 21.733 40.707 42.685 45.666 37.654 0.000 0.000 0.000
41.836 41.840 44.856 14.909 11.919 43.894 48.846 42.760 40.709 47.666 57.624 60.587 0.000 0.000 0.000 0.000 0.000 0.000 0.000 0.000 0.000 0.000 0.000 0.000 0.000 62.538 70.457 80.364 81.357 80.400 87.611 87.416 80.119 80.822 80.683 80.606 80.533 80.466 62.403 44.346 0.000 0.000 0.000 0.000 0.000 0.000 0.000 0.000 0.000 15.227 13.207 13.173 10.131 3.078 5.009 5.901 21.678 21.514 18.380 15.262 8.152 7.043 3.923 4.858 5.812 9.775 29.744 41.717 41.694 42.675 41.660 32.651 0.000 0.000 0.000
55.911 53.918 50.932 51.952 51.955 48.937 49.901 51.848 51.799 57.753 59.707 17.646 0.000 0.000 0.000 0.000 0.000 0.000 0.000 0.000 0.000 0.000 0.000 1.017 8.902 63.756 80.654 81.566 81.520 80.753 87.792 79.594 81.267 80.955 80.890 80.808 80.736 78.669 60.595 31.471 0.000 0.000 0.000 0.000 0.000 0.000 0.000 0.000 0.000 5.388 9.356 12.317 13.276 12.233 9.192 5.157 0.000 0.000 0.000 0.000 0.000 0.000 7.830 5.803 8.773 29.745 42.720 41.698 42.678 45.662 41.649 38.639 19.630 0.000 0.000
54.981 56.991 59.002 58.013 57.013 55.000 52.972 52.933 53.888 49.841 49.803 0.000 0.000 0.000 0.000 0.000 0.000 0.000 0.000 0.000 0.000 0.000 0.000 50.105 73.025 71.928 80.841 81.736 81.869 79.979 87.959 81.686 81.290 81.166 81.082 81.005 80.936 76.879 56.838 0.000 0.000 0.000 0.000 0.000 0.000 0.000 0.000 0.000 12.700 7.582 4.514 6.464 11.422 13.389 13.369 14.380 5.467 0.000 0.000 0.000 0.000 0.000 8.763 6.752 22.734 43.714 41.695 41.676 41.660 42.646 41.635 41.627 32.622 0.000 0.000
43.050 50.062 59.074 65.083 53.085 47.077 42.056 40.023 38.978 44.920 23.861 0.000 0.000 0.000 0.000 0.000 0.000 0.000 0.000 0.000 0.000 0.000 0.000 56.210 72.163 80.094 82.017 81.992 81.130 88.251 88.111 83.702 81.507 81.346 81.269 81.192 81.125 76.072 51.040 0.000 0.000 0.000 0.000 0.000 0.000 0.000 0.000 12.919 7.819 7.726 7.656 6.602 3.561 8.532 12.518 13.525 10.555 0.000 0.000 0.000 0.000 11.690 5.709 9.708 37.697 41.684 41.668 41.654 41.641 41.629 41.620 41.613 16.610 0.000 0.000
45.119 50.134 52.150 55.162 45.169 41.166 42.153 42.127 44.083 22.001 0.000 0.000 0.000 0.000 0.000 0.000 0.000 0.000 0.000 0.000 0.000 0.000 0.000 42.362 71.324 81.268 82.178 82.319 80.440 88.378 81.250 82.922 81.603 81.537 81.449 81.371 81.300 72.244 45.210 0.000 0.000 0.000 0.000 0.000 0.000 0.000 12.117 8.021 7.930 7.849 7.782 7.728 7.688 4.660 3.646 6.650 13.674 13.727 0.000 0.000 0.000 5.672 6.676 24.673 41.666 40.655 40.643 41.631 41.620 41.610 41.603 40.597 6.595 0.000 0.000
43.187 44.207 42.228 41.247 42.261 41.268 41.264 41.248 46.225 0.000 0.000 0.000 0.000 0.000 0.000 0.000 0.000 0.000 0.000 0.000 0.000 0.000 0.000 50.552 79.507 82.445 82.431 81.575 88.607 88.497 84.246 81.946 81.801 81.712 81.624 81.540 82.462 62.394 50.346 0.000 0.000 11.701 0.000 11.466 13.420 13.337 8.214 8.117 8.033 7.958 7.895 7.843 7.803 7.774 6.758 3.755 12.764 13.780 6.779 0.000 0.000 13.651 5.650 13.645 19.638 22.628 26.618 32.608 38.598 40.590 40.584 38.580 3.577 0.000 0.000
42.254 42.281 42.309 41.336 41.361 41.380 41.387 40.376 48.345 0.000 0.000 0.000 0.000 0.000 0.000 0.000 0.000 0.000 0.000 0.000 0.000 0.000 34.929 70.788 81.705 82.610 82.766 80.874 88.704 81.697 83.371 82.056 81.980 81.885 81.794 81.704 82.616 54.523 32.434 0.000 0.000 7.701 0.000 6.513 8.457 8.377 8.286 8.202 8.126 8.057 7.997 7.947 7.906 7.876 5.857 7.848 13.848 10.852 0.000 0.000 0.000 12.632 11.627 10.621 9.613 8.604 7.594 11.585 22.577 18.570 20.564 24.561 5.559 0.000 0.000
40.321 40.354 40.391 40.429 40.468 41.504 43.530 45.525 20.435 0.000 0.000 0.000 0.000 0.000 0.000 0.000 0.000 0.000 1.728 0.000 0.000 5.172 46.069 76.969 82.878 82.884 81.929 88.869 88.792 84.687 82.393 82.245 82.151 82.056 81.962 81.868 77.773 24.648 0.000 0.000 0.000 7.703 13.705 8.617 8.519 8.430 8.352 8.280 8.212 8.148 8.091 8.041 8.001 7.969 4.947 13.934 13.928 9.928 0.000 0.000 0.000 11.620 10.608 11.599 11.590 11.580 11.571 11.562 10.554 10.548 9.544 8.541 8.540 0.000 0.000
44.385 48.425 51.471 55.522 57.578 60.639 59.703 51.758 0.000 1.666 25.725 0.000 0.000 0.000 0.000 0.000 0.000 32.726 59.728 0.000 0.000 39.274 72.210 82.130 83.055 83.009 82.252 88.934 81.124 82.812 82.495 82.419 82.321 82.226 82.130 83.035 69.960 0.000 0.000 0.000 0.000 0.000 7.796 8.730 10.573 10.472 8.413 8.355 8.294 8.234 8.178 8.128 8.086 5.053 10.029 13.013 14.005 5.004 0.000 0.000 0.000 0.000 16.586 16.578 13.568 10.558 10.548 11.539 12.532 12.526 11.522 11.521 12.520 4.513 0.000
49.444 58.492 59.546 58.609 57.683 56.772 53.885 48.048 23.357 40.602 58.767 27.912 11.989 0.000 0.000 0.000 3.716 42.725 56.731 0.000 14.546 56.441 81.364 84.296 83.174 83.417 81.414 88.986 83.110 82.827 82.679 82.586 82.492 82.397 82.296 84.183 28.071 0.000 0.000 0.000 0.000 0.000 3.954 9.935 0.000 0.000 7.473 8.433 8.376 8.316 8.258 8.207 7.164 5.129 14.102 14.084 11.076 5.079 11.106 0.000 0.000 0.000 27.572 42.560 35.547 31.535 27.524 23.515 26.508 26.503 9.500 10.500 11.508 11.506 15.501
46.499 49.552 48.613 46.686 44.774 42.882 41.017 41.193 50.422 52.642 49.828 46.979 51.068 0.000 0.000 0.000 43.708 73.726 24.739 20.724 54.651 78.581 83.518 83.430 83.594 81.584 89.053 81.515 83.234 82.921 82.849 82.754 82.664 82.573 85.475 42.329 0.000 0.000 0.000 0.000 0.000 0.000 6.132 11.121 0.000 0.000 4.574 8.528 8.463 8.396 8.334 8.280 5.234 13.197 14.168 13.148 4.135 8.131 8.134 0.000 0.000 0.000 0.000 25.543 43.527 42.513 42.500 42.491 42.483 36.478 26.474 12.473 0.000 1.502 10.499
43.546 42.603 42.670 43.750 43.846 43.963 42.108 43.286 48.496 51.716 47.926 43.109 46.235 1.371 0.000 0.000 35.683 45.731 23.776 56.781 71.754 80.714 83.669 83.661 82.808 89.448 89.194 82.511 83.243 83.100 83.012 82.922 82.835 82.757 85.703 0.000 0.000 1.057 10.057 0.000 0.000 7.394 10.322 9.298 16.326 0.000 4.722 8.643 8.553 8.471 8.402 6.344 8.296 14.258 14.227 6.204 7.187 8.175 8.167 0.000 0.000 0.000 0.000 0.000 25.507 41.488 41.475 41.465 41.457 42.452 42.447 17.445 0.000 0.000 7.498
43.586 43.644 43.714 43.797 43.897 43.018 42.167 46.348 50.561 50.799 46.051 42.295 47.487 0.911 0.000 0.000 31.610 0.767 47.853 71.871 77.870 83.860 83.785 84.061 82.102 89.672 81.936 83.650 83.338 83.268 83.175 83.086 82.998 89.915 73.878 0.000 0.000 47.058 33.058 0.000 0.000 2.467 10.463 9.422 9.356 15.205 12.949 11.770 8.636 8.535 8.459 5.399 13.351 14.311 10.279 5.254 8.235 8.218 10.191 14.191 0.000 0.000 0.000 0.000 0.000 38.458 41.448 41.438 41.431 42.425 40.420 14.417 0.000 0.000 0.000
43.617 43.675 43.745 43.827 42.926 42.047 44.195 48.378 51.603 47.868 43.186 42.532 45.893 28.387 15.798 17.134 13.520 14.814 54.928 75.979 82.004 83.985 84.206 82.270 90.058 89.875 82.950 83.664 83.518 83.427 83.337 83.248 88.156 31.029 46.016 16.049 47.057 55.059 0.000 0.000 0.000 1.687 10.643 9.573 9.469 19.312 30.100 3.852 13.687 9.573 6.502 8.445 14.397 13.356 4.324 7.299 8.281 8.270 0.000 0.000 0.000 0.000 0.000 0.000 0.000 19.439 40.420 41.411 41.403 45.397 41.391 30.386 0.000 0.000 0.000
43.640 43.696 43.763 43.841 41.935 42.048 46.187 53.366 54.603 50.886 46.294 44.754 45.166 47.553 47.874 57.086 0.000 33.007 71.064 78.116 84.153 84.216 83.433 90.383 90.226 83.315 84.095 83.757 83.682 83.586 83.497 83.414 91.350 0.000 29.108 31.073 21.064 23.061 0.000 0.000 0.000 4.965 10.859 9.759 15.637 31.474 8.286 0.000 0.000 7.571 5.530 13.481 14.435 10.395 7.363 8.338 8.321 10.311 0.000 0.000 0.000 0.000 0.000 0.000 0.000 0.000 31.386 41.381 41.376 46.370 41.363 41.351 30.325 12.308 13.292
43.654 43.707 43.769 42.841 41.924 44.022 51.141 28.298 4.559 3.777 1.474 32.026 49.463 44.787 48.058 29.249 0.000 38.143 76.205 82.275 84.278 84.624 82.735 90.527 83.657 84.434 84.001 83.941 83.835 83.741 83.650 84.563 82.478 4.361 4.235 0.000 0.000 0.000 0.000 0.000 4.327 12.184 10.070 8.966 28.848 32.661 0.000 0.000 0.000 3.610 9.567 14.516 14.469 4.428 8.395 8.370 8.353 11.345 0.000 0.000 0.000 0.000 0.000 0.000 0.000 0.000 19.356 41.354 41.351 47.346 41.340 41.331 35.318 5.306 5.296
43.661 43.710 42.766 41.829 43.900 46.977 55.056 14.125 0.000 0.000 0.000 0.000 31.876 47.073 48.321 34.604 36.992 63.215 80.349 84.417 84.715 82.851 90.780 90.660 84.645 84.340 84.191 84.086 83.987 83.891 83.799 86.710 71.639 0.537 0.000 0.000 0.000 0.000 0.000 0.000 4.472 11.372 10.273 8.189 36.128 0.000 0.000 0.000 9.798 14.693 14.613 14.549 12.496 7.453 8.420 8.395 8.378 10.370 0.000 14.388 0.000 0.000 0.000 0.000 0.000 0.000 12.329 41.329 41.328 41.325 41.320 41.315 39.309 9.305 6.300
43.662 43.707 42.756 41.811 45.870 49.930 53.984 12.020 0.000 0.000 0.000 0.000 12.091 55.307 50.551 56.853 70.158 79.379 83.525 84.682 83.961 90.993 90.890 83.992 84.766 84.423 84.338 84.233 84.135 84.039 87.943 50.840 22.739 0.000 0.000 0.000 0.000 0.000 0.000 6.915 11.716 10.562 12.461 9.390 33.347 0.000 0.000 5.096 11.904 27.750 16.645 13.570 9.513 7.470 7.436 8.412 8.396 8.388 13.390 9.389 0.380 0.000 0.000 0.000 8.289 10.292 9.304 41.307 41.307 41.305 41.303 41.302 39.301 0.000 0.000
43.659 43.698 41.742 43.789 49.839 50.888 48.929 35.953 0.000 0.000 0.000 0.000 0.000 8.514 4.722 45.101 76.409 80.616 84.732 85.044 83.291 91.086 83.315 85.093 84.657 84.590 86.477 85.375 84.279 84.188 90.095 12.968 0.000 0.000 0.000 0.000 0.000 0.000 27.289 27.116 14.915 11.698 22.620 17.563 18.524 0.000 0.000 3.288 7.973 18.760 14.649 18.574 12.518 15.477 14.445 11.422 8.406 7.397 7.393 13.391 0.000 0.000 0.000 0.000 5.286 5.285 15.288 41.289 41.288 41.287 41.286 41.287 15.294 0.000 0.000
