results2_8e3_rain/res_3e8f-0036.wd
ncols         241
nrows         181
xllcorner     12693529.787448
yllcorner     3542525.717860
cellsize      155.156523
NODATA_value  -9999.000000
[rows 33 to 65 of 181, columns 75 to 149 of 241]
0.000 0.000 0.000 0.000 0.000 0.000 0.000 0.000 0.000 0.000 0.000 0.000 0.000 0.000 0.000 0.000 0.000 0.000 0.000 0.000 0.000 0.000 0.000 0.000 0.000 0.000 0.000 0.000 0.000 0.000 0.000 0.000 0.000 0.000 0.000 0.000 0.000 30.179 53.180 58.181 14.182 0.000 0.000 23.246 37.263 4.252 0.000 27.293 30.301 24.303 25.297 26.283 26.261 26.231 26.198 25.166 31.145 51.141 0.000 4.474 2.248 37.430 54.098 58.755 57.424 58.126 56.756 58.932 54.065 53.663 53.785 56.129 55.427 55.242 55.973
0.000 0.000 0.000 0.000 0.000 0.000 0.000 0.000 0.000 0.000 0.000 0.000 0.000 0.000 0.000 0.000 0.000 0.000 0.000 0.000 0.000 0.000 0.000 0.000 0.000 0.000 0.000 0.000 0.000 0.000 0.000 0.000 0.000 0.000 0.000 0.000 0.000 0.000 5.179 0.176 0.000 0.000 0.000 0.000 19.313 0.000 0.000 17.315 41.338 40.342 30.336 26.319 26.290 26.250 26.201 25.150 47.115 45.128 0.000 27.622 40.352 53.871 58.476 58.108 57.777 57.376 58.524 54.619 53.909 54.295 56.674 55.983 55.810 55.546 56.302
0.000 0.000 0.000 0.000 0.000 0.000 0.000 0.000 0.000 0.000 0.000 0.000 0.000 0.000 0.000 0.000 20.636 52.636 5.636 0.000 0.000 0.000 0.000 0.000 0.000 0.000 0.000 0.000 0.000 0.000 0.000 0.000 0.000 0.000 0.000 0.000 0.000 0.000 0.000 0.000 0.000 0.000 0.000 0.000 11.363 0.000 0.000 0.000 19.393 37.392 37.386 28.367 26.332 26.277 24.204 40.118 49.038 0.000 13.467 38.042 52.653 59.229 58.822 58.454 58.018 60.132 56.191 54.282 54.816 57.215 56.530 56.364 56.104 55.860 55.619
0.000 0.000 0.000 0.000 0.000 0.000 0.000 0.000 0.000 7.628 45.628 0.000 0.000 0.000 0.000 0.000 27.637 78.637 34.637 0.000 0.000 0.000 0.000 0.000 0.000 0.000 0.000 0.000 0.000 0.000 0.000 0.000 0.000 0.000 0.000 0.000 0.000 0.000 0.000 0.000 0.000 0.000 0.000 0.000 14.414 15.439 22.454 8.460 18.448 26.449 39.448 30.432 26.393 23.324 34.222 44.080 32.880 8.467 37.892 55.424 59.993 59.563 59.161 58.687 58.763 57.788 54.770 55.358 57.765 57.082 56.918 56.658 56.413 56.166 55.926
0.000 0.000 0.000 0.000 0.000 0.000 0.000 0.000 0.000 28.628 63.629 52.630 39.631 0.000 0.000 12.638 66.638 74.638 39.638 0.000 0.000 0.000 0.000 13.397 0.000 0.000 0.000 0.000 0.000 0.000 0.000 0.000 0.000 0.000 0.000 0.000 0.000 0.000 0.000 1.439 19.439 0.000 0.000 30.442 45.439 48.450 46.464 32.478 26.490 25.508 39.524 30.520 22.483 36.403 50.281 38.099 25.936 40.630 45.209 57.771 60.327 59.899 59.391 59.424 57.415 55.373 55.927 58.335 57.652 57.485 57.221 56.969 56.717 56.468 56.224
0.000 0.000 0.000 0.000 0.000 0.000 0.000 0.000 0.000 0.000 61.630 44.631 25.632 0.000 8.638 58.638 69.639 76.639 35.639 0.000 0.000 0.000 0.000 51.397 35.397 0.000 0.000 0.000 0.000 0.000 0.000 0.000 0.000 0.000 14.430 26.431 28.431 0.000 0.000 10.439 35.440 14.442 28.444 51.446 54.449 55.459 52.474 39.497 26.527 23.570 40.620 31.643 35.616 53.523 47.402 0.000 24.135 42.907 55.545 61.118 60.676 60.138 60.125 58.084 56.110 56.533 58.933 58.248 58.077 57.805 57.543 57.277 57.017 56.765 56.515
0.000 0.000 0.000 0.000 0.000 0.000 0.000 0.000 0.000 0.000 0.000 12.633 50.634 46.636 34.638 47.639 67.640 78.641 31.641 0.000 0.000 0.000 0.000 13.397 37.398 39.398 0.000 0.000 0.000 0.000 0.000 0.000 0.000 0.000 30.430 31.431 43.431 26.433 15.435 29.437 30.440 26.442 33.445 40.448 38.453 31.462 50.477 16.509 32.553 35.622 25.745 37.815 50.817 47.670 0.000 0.000 35.563 52.317 60.948 61.497 60.950 60.886 57.817 57.029 57.188 59.569 58.880 58.702 58.422 58.147 57.862 57.579 57.310 58.060 50.808
0.000 0.000 0.000 0.000 0.000 0.000 0.000 0.000 0.000 0.000 0.000 2.634 69.635 64.637 54.639 44.641 68.642 76.643 71.644 56.646 11.647 0.000 0.000 0.000 0.000 47.400 31.400 29.401 40.402 35.403 0.000 0.000 0.000 0.000 30.430 29.430 50.431 56.433 45.435 37.437 29.439 26.442 27.445 28.448 27.453 25.458 33.464 0.000 0.000 0.000 30.922 54.056 52.167 0.000 0.000 35.704 49.234 58.862 62.399 61.954 62.721 58.652 58.218 57.916 60.257 59.557 59.367 59.077 58.792 58.493 58.182 57.867 57.585 57.358 43.208
0.000 0.000 0.000 0.000 0.000 0.000 0.000 0.000 0.000 0.000 0.000 0.000 2.636 41.638 16.641 52.643 71.645 76.646 74.647 72.648 61.649 20.649 0.000 0.000 0.000 3.400 42.401 42.402 55.403 53.404 46.405 41.406 0.000 0.000 0.000 34.429 53.431 60.432 52.434 36.436 25.439 26.442 26.445 26.448 26.451 26.455 30.458 0.000 0.000 0.000 1.162 38.320 7.628 5.364 40.479 45.171 56.828 63.398 63.231 61.446 59.734 59.836 58.761 61.021 60.296 60.082 59.775 59.479 59.172 58.852 58.506 58.121 58.804 50.578 33.459
0.000 0.000 0.000 0.000 0.000 0.000 0.000 0.000 0.000 0.000 0.000 0.000 0.000 0.000 73.645 73.647 75.649 75.650 74.650 68.650 62.650 33.650 0.000 0.000 0.000 0.000 0.000 10.402 55.403 49.404 64.406 61.408 40.411 19.416 20.422 29.428 51.430 60.432 51.434 34.436 24.438 29.442 28.445 26.448 26.450 26.452 27.454 19.453 0.000 0.000 0.000 0.000 0.533 42.985 45.900 53.696 64.368 64.451 62.801 64.635 62.149 59.791 61.899 61.119 60.860 60.522 60.204 59.885 59.566 59.238 57.869 66.308 63.934 36.690 26.590
0.000 0.000 0.000 0.000 7.874 30.875 0.000 8.870 48.870 37.869 41.869 16.869 0.000 0.000 9.648 81.651 75.653 72.654 69.654 72.653 63.652 26.652 0.000 0.000 0.000 0.000 0.000 0.000 0.000 0.000 53.407 54.408 5.409 0.000 0.000 33.429 51.430 56.431 46.433 37.435 35.436 0.000 4.446 32.448 26.450 26.451 27.452 33.452 41.451 3.451 0.000 0.000 16.031 48.673 52.453 63.200 65.379 65.010 68.436 66.986 61.186 62.943 62.053 61.715 61.325 60.972 60.628 60.293 59.969 59.664 65.423 0.000 0.000 15.656 33.623
0.000 0.000 0.000 0.000 7.875 50.875 0.000 42.871 44.870 56.870 39.869 24.869 0.000 0.000 0.000 66.655 78.660 75.661 75.659 76.657 70.654 24.653 0.000 0.000 0.000 0.000 0.000 0.000 0.000 0.000 0.000 38.408 0.000 0.000 0.000 39.429 36.430 48.431 5.432 0.000 0.000 0.000 0.000 0.000 36.450 30.450 0.000 23.451 57.451 40.451 0.000 0.000 20.449 54.194 63.031 66.109 65.851 70.108 69.419 62.584 64.080 63.081 62.645 62.189 61.786 61.406 61.043 60.692 60.351 60.026 64.737 7.553 0.000 0.000 0.000
39.886 0.000 0.000 0.000 1.875 61.876 37.875 39.873 45.871 69.870 70.870 65.869 19.869 0.000 0.000 0.000 26.671 80.669 75.666 76.661 73.656 32.653 0.000 0.000 0.000 0.000 0.000 0.000 0.000 0.000 0.000 0.000 0.000 0.000 0.000 0.000 0.000 0.000 0.000 0.000 0.000 0.000 0.000 0.000 0.000 11.450 8.450 0.000 0.000 0.000 0.000 9.518 47.036 63.992 65.654 66.570 70.907 70.591 63.584 65.102 64.099 63.603 63.090 62.639 62.220 61.825 61.447 61.080 60.719 60.352 62.947 46.368 3.468 0.000 0.000
43.887 39.889 0.000 0.000 0.000 53.880 55.877 55.874 67.872 64.871 76.870 75.870 36.870 0.000 0.000 0.000 2.684 82.680 75.674 76.666 73.657 33.650 0.000 0.000 0.000 42.537 54.530 23.524 0.000 0.000 0.000 0.000 0.000 0.000 0.000 0.000 0.000 0.000 0.000 0.000 0.000 0.000 0.000 0.000 0.000 0.000 0.000 0.000 0.000 0.000 7.309 47.889 64.908 65.513 71.663 71.202 64.778 65.346 65.842 65.007 64.512 63.982 63.502 63.052 62.629 62.227 61.840 61.464 61.091 67.717 8.332 0.000 16.526 0.000 0.000
45.889 46.890 38.892 0.000 43.892 38.887 46.880 59.875 63.873 74.872 75.871 74.871 43.870 0.000 0.000 0.000 1.702 81.695 75.684 76.671 71.657 51.640 35.616 36.592 36.569 44.545 65.529 32.518 0.000 0.000 0.000 0.000 0.000 0.000 0.000 0.000 0.000 0.000 0.000 0.000 0.000 0.000 0.000 0.000 0.000 0.000 0.000 0.000 5.228 36.038 45.613 64.654 66.291 72.975 72.411 65.265 66.993 66.333 65.790 65.323 64.819 64.339 63.878 63.439 63.019 62.613 62.223 61.842 68.467 14.092 0.000 0.000 1.688 11.242 12.889
59.890 42.892 46.894 46.896 37.897 30.897 0.000 0.000 5.872 64.872 75.873 73.873 58.870 25.866 0.000 0.000 50.727 71.714 76.697 75.678 76.659 66.639 42.616 39.593 38.569 47.546 65.524 48.502 34.472 35.447 39.428 50.417 14.412 0.000 0.000 0.000 0.000 0.000 0.000 0.000 0.000 0.000 0.000 0.000 0.000 0.000 0.000 0.000 16.396 56.267 64.255 66.944 73.759 73.415 65.927 67.608 66.842 66.477 66.037 65.579 65.122 64.672 64.234 63.808 63.392 62.985 62.595 68.217 14.842 0.000 0.000 0.000 0.767 10.991 3.798
75.893 46.894 40.895 41.898 43.903 43.907 32.912 0.000 0.000 0.000 9.875 80.878 70.873 48.862 40.840 47.809 46.766 48.737 56.711 57.686 44.663 41.640 39.617 39.594 38.570 47.545 62.520 41.494 38.466 43.441 59.422 62.410 47.408 21.407 0.000 0.000 0.000 0.000 0.000 0.000 0.000 0.000 0.000 0.000 0.000 0.000 0.000 7.115 49.018 64.677 67.550 74.203 74.021 66.553 68.218 67.453 67.110 66.690 66.271 65.844 65.417 64.994 64.578 64.168 63.758 63.340 68.958 14.587 0.000 0.000 0.000 0.000 0.000 4.775 14.689
75.896 61.898 0.000 0.000 48.913 44.915 55.918 46.917 0.000 0.000 0.000 68.890 65.882 50.869 41.848 38.822 38.790 41.758 54.725 62.694 65.667 58.642 48.619 41.596 40.571 56.545 59.517 34.488 38.458 38.431 39.408 43.395 22.401 0.000 0.000 0.000 0.000 0.000 0.000 0.000 0.000 0.000 0.000 0.000 0.000 10.147 41.870 49.807 63.382 74.731 74.390 67.500 68.125 68.725 68.062 67.718 67.313 66.916 66.514 66.110 65.707 65.308 64.916 64.528 65.131 71.659 15.308 0.000 0.000 0.000 0.000 0.000 0.000 7.645 26.601
75.900 75.904 62.912 45.917 45.920 45.924 36.927 0.000 2.935 9.936 61.928 58.911 61.898 54.883 55.864 55.841 55.814 58.782 53.735 53.699 55.668 59.642 60.622 58.600 54.575 65.546 63.515 51.483 52.449 52.416 54.385 29.362 0.000 0.000 0.000 0.000 0.000 0.000 0.000 0.000 0.000 0.000 0.000 0.000 44.614 45.314 66.408 67.035 75.768 75.313 69.928 69.676 69.093 68.656 68.303 67.913 67.530 67.144 66.759 66.374 65.993 65.617 65.250 65.897 69.578 2.228 0.000 0.000 0.000 0.000 0.000 0.000 0.000 21.561 17.536
74.903 75.908 72.915 50.921 44.927 45.933 46.940 38.949 0.000 53.944 50.938 51.928 52.916 47.902 51.885 56.864 64.842 49.823 0.000 0.000 0.651 58.637 54.628 54.609 54.582 54.550 54.516 54.479 54.440 54.399 52.355 47.305 20.239 0.000 0.000 40.597 47.500 59.370 29.260 0.000 0.000 0.000 0.000 46.151 56.906 68.885 69.580 76.426 76.133 70.518 70.228 69.524 69.224 68.862 68.490 68.119 67.746 67.374 67.003 66.635 66.273 65.918 66.571 69.233 16.906 0.000 0.000 0.000 0.000 0.000 0.000 0.000 17.487 23.502 8.489
64.906 75.912 75.918 65.925 41.933 44.942 45.951 45.959 51.964 60.959 44.954 41.947 39.938 46.925 61.909 60.889 45.867 25.845 0.000 0.000 0.000 0.000 43.647 38.624 38.594 38.558 38.519 39.478 42.434 43.386 43.331 42.265 43.174 42.033 41.880 50.694 57.534 55.350 62.150 59.890 54.626 52.333 54.918 66.693 70.281 70.124 76.819 76.655 71.094 70.784 70.069 69.773 69.408 69.049 68.687 68.325 67.963 67.602 67.244 66.890 66.546 67.211 67.882 6.557 0.000 0.000 0.000 0.000 0.000 0.000 0.000 0.000 28.472 14.472 3.460
42.910 70.915 74.921 55.929 38.939 37.952 45.963 45.971 44.976 38.974 39.970 45.969 62.963 61.952 44.937 37.918 27.892 0.000 47.843 56.822 52.789 53.745 56.688 59.648 58.610 59.570 62.526 61.480 58.431 60.379 55.320 41.248 45.159 44.045 48.914 66.764 73.592 70.348 64.101 58.892 60.673 67.342 72.374 70.944 77.313 76.997 70.983 72.627 71.253 70.628 70.321 69.954 69.598 69.240 68.884 68.530 68.179 67.829 67.480 68.135 65.810 61.498 13.190 0.000 0.000 0.000 0.000 0.000 0.000 0.000 0.000 14.456 18.458 12.454 10.443
35.914 54.918 65.923 40.930 32.944 39.963 37.978 44.989 45.995 45.990 38.986 55.997 47.993 36.982 39.968 31.955 0.000 56.892 59.864 59.835 61.800 62.759 65.712 69.671 68.630 68.586 68.535 70.484 71.434 69.380 57.321 43.251 45.169 45.074 44.968 47.856 21.724 0.000 84.010 125.928 103.692 69.811 71.487 78.271 77.845 71.386 74.150 71.597 71.189 70.865 70.502 70.146 69.787 69.430 69.078 68.733 68.394 68.056 69.711 64.361 53.062 7.780 0.000 0.000 0.000 0.000 0.000 0.000 0.000 0.000 12.457 25.455 14.451 14.445 10.434
0.000 11.920 46.923 28.926 0.000 34.979 39.996 40.012 46.025 35.007 0.000 40.039 38.031 40.017 40.999 50.980 64.960 61.921 63.887 69.854 79.818 123.778 120.733 120.692 120.654 120.611 121.544 105.487 37.440 40.389 38.331 46.266 45.194 42.114 40.029 21.967 0.000 0.000 0.000 50.994 68.177 72.920 78.913 78.622 70.941 72.676 72.007 71.735 71.399 71.049 70.696 70.337 69.976 69.616 69.265 68.929 69.609 68.291 59.946 48.535 6.299 0.000 0.000 0.000 0.000 0.000 0.000 0.000 0.000 3.465 24.460 16.455 4.449 6.440 18.429
0.000 61.920 39.921 0.000 0.000 0.000 34.017 47.038 39.085 0.000 0.000 48.090 39.075 50.055 63.032 63.007 67.979 70.945 63.910 49.876 40.840 36.802 34.749 37.713 38.682 25.659 0.000 42.480 39.449 38.404 42.350 46.289 43.226 35.158 42.068 23.018 0.000 0.000 46.535 63.521 73.319 79.338 79.152 71.481 73.203 72.530 72.268 71.930 71.592 71.246 70.892 70.532 70.165 69.791 69.436 70.112 65.820 54.551 11.249 0.000 0.000 0.000 0.000 0.000 0.000 0.000 0.000 0.000 0.000 21.470 20.465 6.457 3.448 16.438 16.427
67.545 0.000 0.000 0.000 0.000 0.000 0.000 0.000 43.193 41.222 49.207 46.157 46.125 46.096 63.067 77.037 66.004 45.969 43.934 38.899 40.867 31.840 0.000 43.727 40.705 29.683 0.000 43.505 38.474 39.429 46.376 44.316 42.262 24.225 0.000 0.000 43.193 41.066 57.853 73.784 79.562 72.351 72.945 73.638 73.064 72.800 72.467 72.137 71.797 71.449 71.095 70.735 70.360 70.949 70.577 60.261 45.010 7.847 0.000 0.000 0.000 0.000 0.000 0.000 0.000 0.000 0.000 0.000 10.495 22.482 10.472 2.461 16.450 17.438 5.426
55.555 0.000 0.000 56.541 49.538 43.532 0.000 0.000 61.274 58.265 45.242 46.207 46.173 47.139 68.104 120.069 113.032 59.995 114.957 35.921 39.887 39.853 41.817 39.765 39.726 39.687 41.634 37.561 37.512 46.464 45.408 42.336 37.284 26.254 0.000 0.000 45.319 52.190 74.218 73.130 79.915 73.400 74.012 73.588 73.326 73.007 72.685 72.352 72.010 71.658 71.303 70.955 72.590 68.067 49.663 36.345 38.111 3.979 0.000 0.000 0.000 0.000 0.000 0.000 0.000 0.000 5.537 10.526 24.508 18.493 8.479 17.467 17.454 6.441 2.426
0.000 0.000 0.000 39.545 48.541 45.527 63.493 57.442 62.363 70.324 61.291 46.256 46.220 46.182 45.143 39.103 34.061 39.020 35.980 39.942 39.906 39.870 39.832 39.790 39.749 39.705 38.654 43.595 45.548 46.507 30.458 0.000 30.283 0.000 0.000 0.000 49.545 71.489 75.523 80.964 80.482 73.494 74.168 73.833 73.544 73.235 72.912 72.576 72.232 71.873 71.503 70.191 31.978 0.000 0.000 0.000 0.000 0.000 0.000 0.000 0.000 1.653 0.000 0.000 0.000 0.000 7.548 23.535 17.519 8.503 18.487 14.473 5.458 3.445 1.428
45.881 0.000 44.539 40.553 39.555 57.541 50.512 66.469 75.414 55.376 41.342 39.307 42.269 45.228 46.184 46.138 39.090 38.045 39.002 38.962 39.925 39.889 39.853 44.815 41.775 38.732 39.682 42.618 46.578 35.560 0.000 0.000 0.000 0.000 5.267 125.151 68.866 75.905 73.905 81.383 73.294 75.831 77.334 74.081 73.786 73.477 73.152 72.810 73.467 70.099 57.644 48.330 6.154 0.000 0.000 0.000 0.000 0.000 0.000 0.000 3.654 3.654 3.653 4.644 4.627 5.603 19.571 19.550 3.531 6.512 8.495 5.479 3.463 8.448 13.432
20.021 44.370 40.524 39.575 50.585 54.572 65.546 72.508 38.448 37.424 38.395 40.361 39.321 36.277 44.228 45.174 46.119 45.066 39.020 37.980 36.944 37.909 43.875 102.841 70.805 50.765 33.723 0.000 48.586 56.595 0.000 0.000 0.000 0.000 49.386 60.293 77.187 75.241 82.102 81.758 74.386 74.929 75.612 74.337 74.045 73.736 73.407 74.047 72.728 25.414 0.000 0.000 0.000 0.000 0.000 0.000 0.000 0.000 0.000 0.000 10.655 6.657 3.662 4.652 2.634 14.612 21.586 5.563 6.542 14.522 12.503 6.485 3.468 10.452 29.436
0.000 37.566 40.614 42.639 63.637 74.617 88.591 70.569 0.000 56.477 56.454 40.420 40.379 39.331 37.276 40.213 46.144 44.082 45.034 46.995 44.961 42.929 38.899 33.869 38.839 33.802 0.000 0.000 0.000 42.639 34.650 0.000 0.000 0.000 59.596 76.486 76.579 74.616 82.413 74.094 76.606 78.126 74.884 74.609 74.322 74.016 73.693 71.241 25.984 0.000 0.000 0.000 0.000 0.000 0.000 0.000 0.000 0.000 0.000 9.858 0.000 0.000 11.687 1.671 12.648 24.624 12.599 7.575 12.552 16.531 9.511 4.492 2.474 17.457 37.440
0.000 35.715 41.727 57.729 68.710 116.667 110.632 112.610 118.598 114.554 115.523 40.488 40.445 39.393 39.332 38.259 33.163 43.085 45.039 46.004 43.976 45.949 45.922 46.898 39.880 0.000 0.000 0.000 0.000 43.673 28.662 0.000 0.000 51.076 72.883 76.831 75.831 82.977 82.703 75.150 75.706 76.408 75.158 74.896 74.616 75.315 50.107 0.000 0.000 0.000 0.000 0.000 0.000 0.000 0.000 0.000 21.979 10.964 0.919 4.859 4.826 5.784 5.729 8.695 21.666 18.638 13.612 14.586 12.562 10.540 6.519 3.499 5.480 25.462 41.445
0.000 36.852 53.850 61.840 67.806 38.711 37.660 36.640 33.632 34.617 34.596 40.565 40.521 56.465 56.399 32.329 0.000 30.058 43.032 45.009 42.989 44.968 44.944 45.920 41.903 0.000 0.000 0.000 41.766 26.719 0.000 0.000 52.396 61.261 78.123 77.034 76.226 83.230 74.812 77.347 79.894 75.681 75.443 75.202 73.932 61.520 20.313 0.000 0.000 0.000 0.000 0.000 8.084 3.074 3.056 3.030 6.995 18.964 21.925 7.878 2.838 4.796 6.752 21.715 20.682 6.652 15.624 16.597 15.572 8.548 4.526 3.505 13.485 33.466 41.449
