results2_8e3_rain/res_3e8f-0157.wd
ncols         241
nrows         181
xllcorner     12693529.787448
yllcorner     3542525.717860
cellsize      155.156523
NODATA_value  -9999.000000
[rows 66 to 98 of 181, columns 146 to 218 of 241]
36.198 51.138 73.081 74.027 73.977 73.929 73.882 73.836 73.790 76.754 12.732 0.000 0.618 0.000 0.000 0.000 0.000 0.000 45.940 20.940 0.000 27.938 57.937 57.937 57.937 64.937 70.936 70.935 70.932 70.929 70.924 70.920 70.915 70.910 70.905 72.900 57.897 58.894 50.893 0.000 0.000 0.000 0.000 0.000 27.250 34.242 43.225 37.193 15.153 13.101 28.070 49.045 57.022 50.999 45.976 45.954 35.932 32.910 32.888 35.866 56.845 68.825 63.805 52.786 59.768 66.750 70.734 70.717 69.702 69.687 69.673 69.660 69.647
39.257 58.197 76.139 74.086 74.038 73.993 73.947 73.898 78.841 67.800 37.781 34.790 0.000 0.000 0.000 0.000 0.000 16.940 18.940 0.000 0.000 0.000 27.932 58.932 67.932 70.932 70.931 70.930 70.927 74.925 72.921 70.917 70.913 70.909 69.906 61.902 55.899 61.896 51.895 0.000 0.000 0.000 0.000 19.242 33.243 38.239 34.233 0.000 0.094 10.053 30.039 33.022 47.003 55.983 44.962 43.941 41.919 32.897 32.876 31.854 37.833 61.813 68.793 53.774 55.755 57.738 59.721 63.704 67.689 69.674 70.660 69.647 69.634
44.314 65.252 75.193 74.141 74.097 74.057 72.017 70.967 25.878 10.824 41.802 47.798 12.799 0.000 0.000 0.000 0.000 0.000 0.000 0.000 0.000 11.927 40.928 60.928 70.928 70.928 70.927 70.925 70.924 72.921 71.919 70.916 70.912 71.909 61.906 59.903 62.900 57.898 49.896 0.000 0.000 0.000 0.000 37.242 40.241 2.239 1.236 0.000 5.008 38.018 40.013 50.001 52.985 63.967 61.948 49.928 38.907 30.885 32.863 32.842 27.821 41.800 58.780 62.760 67.742 64.724 57.707 62.691 65.675 65.660 63.646 65.633 68.620
49.370 72.305 76.240 77.188 74.152 75.121 70.095 16.076 0.093 40.815 41.806 46.802 54.800 0.000 0.000 0.000 0.000 0.000 0.000 0.000 0.000 23.925 46.925 59.925 71.925 70.924 70.923 70.922 70.920 71.918 70.916 70.914 70.911 67.909 61.907 26.905 0.000 0.000 0.000 0.000 0.000 0.000 0.000 33.241 40.241 0.000 0.000 0.000 54.998 40.998 35.993 63.983 68.969 69.953 73.935 67.915 55.895 35.873 32.851 32.829 30.808 31.787 37.766 38.747 45.728 53.710 60.693 64.676 65.661 66.646 62.632 65.619 66.606
31.428 36.358 46.273 22.221 79.201 76.181 61.167 38.166 8.197 0.000 0.000 0.000 0.000 0.000 0.000 0.000 0.000 0.000 0.000 0.000 0.000 24.924 49.922 52.922 68.921 70.921 70.920 70.919 74.917 73.916 70.914 70.912 71.910 62.909 65.908 0.000 0.000 0.000 0.000 0.000 0.000 0.000 0.000 0.000 27.241 36.241 0.000 0.000 85.988 48.985 30.978 61.969 69.956 69.941 69.924 72.905 71.883 51.861 34.839 32.816 30.794 33.773 34.752 42.732 47.713 36.695 36.677 41.661 46.646 52.631 57.617 61.604 65.592
77.492 56.425 0.000 0.000 83.251 75.234 62.226 44.225 11.230 0.000 0.000 0.000 0.000 0.000 0.000 0.000 0.000 0.000 0.000 0.000 0.000 0.000 10.919 54.919 70.918 70.918 70.917 70.916 72.915 71.913 70.912 70.911 71.909 59.908 69.908 0.000 0.000 0.000 0.000 0.000 0.000 0.000 0.000 0.000 0.000 3.240 11.240 0.000 22.981 38.974 31.966 61.957 69.946 69.932 70.915 70.895 70.873 63.850 39.826 35.803 33.780 30.758 51.737 63.716 69.697 53.679 46.661 42.645 40.630 37.615 37.602 37.589 65.576
53.568 0.000 0.000 80.425 80.318 78.277 69.280 54.276 10.268 0.000 0.000 0.000 0.000 0.000 0.000 0.000 0.000 0.000 0.000 0.000 0.000 0.000 36.916 59.916 71.915 70.915 70.914 71.913 70.912 70.911 70.910 70.909 71.908 64.907 29.907 0.000 0.000 0.000 0.000 0.000 0.000 0.000 0.000 0.000 0.000 0.000 0.000 0.000 0.000 35.965 34.956 52.948 67.938 70.926 64.910 60.889 66.865 57.838 40.813 39.790 48.766 43.743 66.721 70.700 69.680 67.662 67.644 64.628 62.613 59.599 55.586 47.573 67.561
80.614 70.615 76.588 32.533 0.000 0.000 75.340 49.330 10.299 0.000 12.510 0.000 0.000 0.000 0.000 0.000 0.000 0.000 0.000 0.000 0.000 0.000 52.913 64.913 71.913 70.912 70.912 72.911 72.910 70.909 70.908 70.907 69.907 65.906 14.906 0.000 0.000 0.000 0.000 0.000 0.000 0.000 0.000 0.000 0.000 0.000 0.000 0.000 0.000 0.000 23.944 49.940 67.933 68.923 49.909 52.886 54.858 51.825 36.799 33.776 56.752 65.727 69.704 71.682 71.662 72.644 70.627 70.611 71.596 70.582 71.569 71.556 70.544
82.659 74.642 79.615 30.586 0.000 0.000 66.411 14.405 0.000 0.000 44.510 7.511 0.000 0.000 0.000 0.000 0.000 0.000 0.000 0.000 0.000 0.000 55.910 67.910 71.910 70.910 70.909 71.909 71.908 70.907 70.907 71.906 67.905 62.904 12.904 0.000 0.000 0.000 0.000 0.000 0.000 0.000 0.000 0.000 0.000 0.000 0.000 0.000 15.934 17.935 28.937 44.935 66.931 68.925 14.919 0.000 0.000 41.804 35.783 30.762 44.738 63.710 69.685 71.663 71.643 71.624 69.608 69.592 70.578 69.564 69.551 70.539 70.528
74.722 74.681 74.644 72.611 59.582 45.542 38.488 37.475 33.497 36.507 39.510 39.511 11.511 0.000 0.000 0.000 0.000 0.000 16.900 18.900 0.000 8.908 54.908 68.908 70.908 70.908 70.907 70.907 70.906 70.906 70.905 70.904 52.904 47.903 45.902 40.901 4.900 0.000 0.000 0.000 0.000 0.000 0.000 0.000 0.000 0.000 0.000 0.000 19.934 45.934 36.934 40.932 60.930 61.926 34.924 0.000 0.000 0.000 32.768 37.752 36.727 55.691 68.664 69.641 69.621 69.604 69.587 69.572 69.558 69.545 69.533 69.521 69.510
74.760 74.714 74.671 73.630 70.593 72.557 46.524 25.509 63.510 36.512 40.513 16.512 0.000 0.000 0.000 0.000 0.000 0.000 16.900 62.900 11.900 0.000 53.905 67.906 71.906 70.906 72.905 73.905 71.905 70.904 70.904 68.903 61.902 52.902 53.901 52.900 5.899 0.000 0.000 0.000 0.000 0.000 0.000 0.000 0.000 0.000 0.000 0.000 13.933 48.933 40.932 47.931 62.929 57.927 63.926 0.000 0.000 0.000 0.000 0.000 0.000 45.664 68.637 69.617 69.598 69.581 69.566 69.552 69.539 69.526 69.514 69.503 69.493
74.794 74.747 75.694 77.646 74.604 74.568 73.542 74.527 65.521 43.519 15.519 0.000 0.000 0.000 0.000 0.000 0.000 0.000 3.900 55.900 42.901 32.901 48.903 70.904 70.904 70.904 70.904 70.904 70.903 70.903 70.902 70.902 68.901 47.900 51.900 58.899 1.899 0.000 0.000 0.000 0.000 0.000 0.000 0.000 0.000 0.000 0.000 0.000 9.933 60.932 4.932 27.931 50.929 57.928 18.927 0.000 0.000 0.000 0.000 0.000 0.000 0.000 57.604 70.590 69.574 69.558 69.543 69.530 69.518 69.506 69.495 69.485 69.474
77.830 73.785 70.711 72.656 75.610 75.570 77.548 74.535 72.529 59.525 8.524 0.000 0.000 0.000 0.000 0.000 0.000 0.000 0.000 11.900 46.900 38.901 54.902 72.902 70.902 70.902 70.902 70.902 70.902 70.901 70.901 70.900 71.900 60.899 47.898 51.898 57.897 0.000 0.000 0.000 0.000 0.000 0.000 0.000 0.000 0.000 0.000 0.000 0.000 5.932 0.000 0.000 35.928 54.928 0.000 0.000 0.000 0.000 0.000 0.000 0.000 0.000 45.585 66.567 69.548 69.533 69.520 69.508 69.497 69.486 69.476 69.466 69.456
70.872 31.851 0.000 0.000 0.000 67.554 72.546 78.538 74.533 63.530 13.528 0.000 47.531 17.531 0.000 0.000 0.000 0.000 0.000 0.000 38.900 42.900 63.900 71.901 72.901 73.901 70.901 70.901 70.901 70.900 70.900 70.899 70.899 71.898 50.897 32.897 41.896 2.895 0.000 0.000 0.000 0.000 0.000 0.000 0.000 0.000 0.000 0.000 0.000 0.000 0.000 0.000 24.928 57.928 0.000 0.000 0.000 0.000 0.000 0.000 0.000 0.000 0.000 46.543 66.520 69.506 69.495 69.485 69.475 69.466 69.456 69.447 69.437
65.908 22.896 0.000 0.000 42.547 40.547 57.543 76.538 73.534 58.532 39.531 43.531 47.531 13.531 0.000 0.000 0.000 0.000 9.897 0.000 39.899 50.899 70.900 70.900 73.900 73.900 70.900 70.900 70.900 70.899 70.899 70.898 70.898 71.897 67.896 62.895 51.895 31.894 25.893 0.000 0.000 0.000 0.000 0.000 0.000 0.000 0.000 0.000 0.000 0.000 0.000 0.000 26.928 18.928 0.000 0.000 0.000 0.000 0.000 0.000 0.000 0.000 0.000 0.000 51.481 67.476 69.468 69.461 69.453 69.445 69.437 69.428 69.419
71.936 52.929 24.935 0.000 0.000 42.544 42.541 64.538 76.535 54.533 41.532 46.532 24.532 0.000 0.000 0.000 0.000 0.000 38.897 31.897 36.898 53.898 72.899 72.899 73.899 70.899 70.899 70.899 70.899 70.898 70.898 70.897 70.897 70.896 70.895 72.894 61.894 49.893 38.892 39.891 32.890 23.890 28.889 0.000 0.000 0.000 0.000 0.000 0.000 0.000 0.000 0.000 29.927 4.927 0.000 0.000 0.000 0.000 0.000 0.000 0.000 0.000 0.000 0.000 36.449 64.447 68.443 69.438 69.432 69.425 69.418 69.410 69.400
74.956 65.948 18.942 0.000 0.000 0.000 41.538 46.536 73.535 61.533 42.533 45.532 20.532 0.000 0.000 0.000 0.000 0.000 41.897 34.897 37.897 55.898 74.898 73.898 71.899 71.899 70.899 70.899 70.898 70.898 70.897 71.897 71.896 71.895 65.894 56.894 60.893 67.892 60.891 58.890 46.890 33.889 40.889 0.000 0.000 0.000 0.000 0.000 0.000 0.000 0.000 0.000 0.000 0.000 0.000 0.000 0.000 0.000 0.000 0.000 0.000 0.000 0.000 0.000 28.420 59.420 69.418 71.416 71.412 71.407 70.400 69.392 69.382
74.972 49.967 0.000 0.000 0.000 0.000 0.000 48.535 61.534 55.533 54.533 51.532 41.532 19.532 0.000 0.000 0.000 0.000 40.896 33.896 38.897 53.897 65.897 62.898 57.898 59.898 64.898 69.898 71.898 71.897 69.897 59.896 57.896 62.895 51.894 48.893 48.892 59.891 63.891 58.890 44.889 33.889 5.889 0.000 0.000 0.000 0.000 0.000 0.000 0.000 0.000 0.000 0.000 0.000 0.000 0.000 0.000 0.000 0.000 0.000 0.000 0.000 0.000 0.000 16.391 41.394 47.395 49.395 49.393 50.389 59.384 68.376 69.366
73.984 39.981 0.000 0.000 0.000 0.000 0.000 43.534 37.534 36.533 44.533 44.532 44.532 40.532 13.532 0.000 0.000 0.000 45.896 40.896 45.896 55.896 58.897 61.897 19.898 0.000 0.000 10.898 71.898 68.897 57.896 12.896 0.000 0.000 50.893 82.892 75.891 54.891 60.890 54.889 43.889 28.889 31.889 0.000 0.000 0.000 0.000 0.000 0.000 0.000 0.000 0.000 0.000 0.000 0.000 0.000 0.000 0.000 12.311 2.311 20.311 41.315 52.323 51.337 69.359 77.369 78.373 76.375 78.375 65.374 48.370 66.363 69.351
71.993 36.991 0.000 0.000 0.000 0.000 0.000 43.534 39.534 18.534 0.000 0.000 0.000 0.000 0.000 0.000 0.000 0.000 51.895 45.896 40.896 36.896 22.896 0.000 0.000 0.000 0.000 0.000 0.000 0.000 44.896 6.896 0.000 0.000 0.000 45.891 78.890 38.890 39.889 38.889 34.889 37.888 84.888 43.888 0.000 0.000 0.000 0.000 0.000 0.000 0.000 0.000 0.000 0.000 0.000 0.000 11.287 2.287 0.000 0.000 6.307 88.311 84.318 66.328 67.340 64.349 65.355 87.358 80.360 66.361 46.360 55.354 54.340
58.000 38.998 33.000 0.000 0.000 0.000 0.000 0.000 41.534 25.534 0.000 0.000 0.000 0.000 0.000 0.000 0.000 0.000 51.895 51.895 52.895 35.895 10.895 0.000 0.000 0.000 0.000 0.000 0.000 0.000 40.895 17.895 0.000 0.000 0.000 44.890 93.890 57.889 60.889 55.888 40.888 58.888 112.888 109.888 40.888 0.000 0.000 0.000 0.000 0.000 0.000 0.000 0.000 0.000 0.000 0.000 1.287 19.288 9.289 7.293 16.299 91.304 58.310 66.317 57.325 38.332 49.338 92.342 58.346 45.349 52.354 6.354 0.000
42.003 42.002 28.001 0.000 0.000 0.000 0.000 0.000 0.000 0.000 0.000 0.000 0.000 0.000 0.000 0.000 0.000 0.000 54.895 45.895 39.895 37.895 11.895 0.000 0.000 0.000 0.000 0.000 0.000 37.894 30.895 55.895 51.895 0.000 3.889 50.890 56.889 48.889 91.888 80.888 51.888 4.888 68.888 123.888 7.888 0.000 0.000 0.000 0.000 0.000 0.000 0.000 20.283 17.283 12.284 1.285 70.286 108.287 99.288 95.290 42.293 86.296 54.301 43.306 90.312 71.317 91.322 72.327 42.332 50.336 0.000 0.000 0.000
45.006 46.004 38.003 0.000 0.000 0.000 0.000 0.000 0.000 0.000 0.000 0.000 0.000 0.000 0.000 0.000 0.000 0.000 8.894 49.894 39.894 17.894 0.000 0.000 0.000 0.000 0.000 0.000 0.000 39.894 36.894 12.894 0.000 0.000 0.000 24.889 3.889 0.000 4.888 46.887 2.887 0.000 24.888 90.887 45.887 0.000 0.000 0.000 0.000 0.000 0.000 0.000 0.000 2.283 0.000 0.000 26.286 6.286 70.285 74.285 25.286 86.288 63.290 36.294 54.298 104.302 118.307 52.313 40.319 7.327 0.000 0.000 16.183
44.007 45.005 45.004 49.004 41.004 0.000 0.000 0.000 0.000 0.000 0.000 0.000 0.000 0.000 0.000 0.000 0.000 0.000 0.000 39.894 35.894 19.894 0.000 0.000 0.000 0.000 0.000 0.000 40.894 37.894 14.894 0.000 0.000 0.000 0.000 0.000 0.000 0.000 0.000 50.885 0.000 0.000 24.887 0.000 0.000 0.000 0.000 0.000 0.000 0.000 0.000 0.000 0.000 11.282 5.282 7.282 0.283 0.000 46.281 65.280 24.280 88.279 68.279 38.281 87.284 90.287 85.292 93.297 57.303 0.000 0.000 0.000 30.170
46.007 24.006 35.005 44.004 44.004 44.003 43.003 0.000 0.000 0.000 0.000 0.000 0.000 0.000 0.000 0.000 0.000 0.000 0.000 41.894 37.894 21.894 0.000 0.000 0.000 0.000 0.000 0.000 0.000 43.894 15.894 0.000 0.000 0.000 0.000 0.000 0.000 2.883 14.883 37.883 41.883 18.883 0.000 0.000 0.000 0.000 0.000 0.000 0.000 0.000 0.000 0.000 0.000 0.281 0.000 4.282 0.000 0.000 49.277 69.276 29.273 89.269 74.267 88.267 88.269 47.272 40.276 85.282 34.292 0.000 0.000 31.142 39.152
51.008 0.000 0.000 41.004 30.004 0.000 43.003 33.003 0.000 0.000 0.000 0.000 0.000 0.000 0.000 0.000 0.000 0.000 0.000 40.893 37.893 25.893 0.000 0.000 0.000 0.000 0.000 0.000 0.000 0.000 0.000 0.000 0.000 0.000 0.000 0.000 0.000 0.000 53.883 70.883 31.883 0.000 0.000 0.000 0.000 0.000 0.000 0.000 0.000 0.000 0.000 0.000 0.000 0.000 0.000 9.282 0.000 0.000 84.275 70.273 31.267 89.257 86.253 78.252 70.253 56.255 57.258 26.262 0.000 0.000 15.127 34.133 41.138
48.007 0.000 0.000 28.004 20.004 0.000 0.000 0.000 0.000 51.988 47.988 38.988 0.000 0.000 0.000 0.000 0.000 0.000 0.000 44.893 40.893 22.893 0.000 0.000 0.000 0.000 0.000 0.000 0.000 0.000 0.000 0.000 0.000 0.000 0.000 0.000 0.000 0.000 16.882 100.882 66.882 0.000 0.000 0.000 0.000 0.000 0.000 0.000 0.000 0.000 0.000 0.000 0.000 0.000 0.000 0.000 0.000 0.000 16.275 0.000 0.000 63.238 104.236 83.235 82.235 80.237 83.241 31.245 0.000 0.000 19.122 33.124 34.126
64.005 0.000 0.000 0.000 0.000 49.993 36.993 0.000 47.989 41.988 41.988 33.988 0.000 0.000 0.000 0.000 0.000 0.000 0.000 44.893 39.893 27.893 0.000 0.000 0.000 0.000 0.000 0.000 0.000 0.000 0.000 0.000 0.000 0.000 0.000 0.000 0.000 0.000 0.000 44.882 36.882 7.881 0.000 0.000 0.000 0.000 0.000 0.000 0.000 0.000 0.000 0.000 0.000 0.000 0.000 0.000 0.000 0.000 0.000 0.000 0.000 10.222 46.218 47.217 45.217 45.218 42.222 38.233 0.000 0.000 12.115 33.115 31.115
75.002 64.000 45.998 46.997 45.995 39.994 40.992 41.991 39.989 44.988 43.988 34.987 31.987 0.000 0.000 0.000 0.000 0.000 0.000 31.893 0.000 0.000 0.000 0.000 0.000 0.000 0.000 0.000 0.000 0.000 0.000 0.000 0.000 0.000 0.000 0.000 0.000 0.000 0.000 0.000 43.881 6.881 0.000 0.000 0.000 0.000 0.000 0.000 0.000 0.000 0.000 0.000 0.000 0.000 0.000 0.000 0.000 0.000 0.000 0.000 0.000 1.198 34.198 33.198 33.197 49.196 44.195 0.000 0.000 0.000 5.108 46.107 58.105
75.001 68.999 38.998 38.997 38.996 21.994 22.992 26.991 36.989 45.988 42.987 34.987 37.987 26.987 0.000 0.000 0.000 0.000 0.000 0.000 0.000 0.000 0.000 0.000 0.000 0.000 0.000 0.000 0.000 0.000 0.000 0.000 0.000 0.000 0.000 0.000 0.000 0.000 0.000 0.000 0.881 46.881 5.881 0.000 0.000 0.000 0.000 0.000 0.000 0.000 0.000 0.000 0.000 0.000 0.000 0.000 0.000 0.000 0.000 0.000 26.166 29.173 33.178 33.179 35.178 54.174 44.166 27.150 0.000 0.000 41.102 62.099 69.096
75.000 72.999 42.998 39.997 19.996 0.000 0.000 0.000 0.000 36.988 39.987 37.987 30.987 0.000 0.000 0.000 0.000 0.000 0.000 0.000 0.000 0.000 0.000 0.000 0.000 0.000 0.000 0.000 0.000 0.000 0.000 0.000 0.000 0.000 0.000 0.000 0.000 0.000 0.000 0.000 0.000 49.881 11.880 0.000 0.000 0.000 0.000 0.000 0.000 0.000 0.000 0.000 0.000 0.000 0.000 0.000 0.000 0.000 0.000 0.000 37.159 34.161 33.164 29.163 42.161 59.156 43.147 32.134 27.117 27.105 51.098 68.093 69.087
74.999 72.998 25.998 29.998 0.000 0.000 0.000 0.000 0.000 0.000 27.987 40.986 32.986 0.000 0.000 0.000 0.000 0.000 0.000 0.000 0.000 0.000 0.000 0.000 0.000 0.000 0.000 0.000 0.000 0.000 0.000 0.000 0.000 0.000 0.000 0.000 0.000 0.000 0.000 0.000 0.000 0.000 17.880 0.000 0.000 0.000 0.000 0.000 0.000 0.000 0.000 0.000 6.133 14.133 0.000 0.000 0.000 0.000 0.000 31.144 29.149 28.151 33.151 47.150 60.146 50.141 34.133 32.123 34.111 31.101 52.093 70.086 69.079
74.998 48.998 0.000 0.000 0.000 0.000 0.000 0.000 0.000 0.000 0.000 30.986 37.985 35.985 0.000 0.000 0.000 0.000 0.000 0.000 0.000 0.000 0.000 0.000 0.000 0.000 0.000 0.000 0.000 0.000 0.000 0.000 0.000 0.000 0.000 0.000 0.000 0.000 0.000 0.000 0.000 0.000 0.000 0.000 0.000 0.000 0.000 0.000 0.000 0.000 0.000 0.000 0.000 7.133 9.133 0.000 36.135 28.136 26.137 38.140 52.142 57.142 59.141 59.138 45.134 33.128 32.121 32.113 31.103 33.095 56.087 71.079 69.072
