results2_8e3_rain/res_3e8f-0029.wd
ncols         241
nrows         181
xllcorner     12693529.787448
yllcorner     3542525.717860
cellsize      155.156523
NODATA_value  -9999.000000
[rows 66 to 98 of 181, columns 75 to 149 of 241]
0.000 39.728 56.727 55.725 55.722 0.000 27.540 27.556 40.596 36.624 35.633 35.626 34.601 110.558 98.507 0.000 0.000 0.000 32.218 27.207 32.190 35.181 35.175 37.171 38.167 43.161 44.157 45.155 36.153 0.000 0.000 39.549 89.549 71.470 75.336 75.430 73.495 81.476 73.936 74.421 75.169 73.951 73.739 74.544 44.396 0.000 0.000 0.000 0.000 0.000 0.000 0.000 4.213 2.191 2.156 2.106 2.027 1.968 5.881 18.787 15.686 0.391 10.854 19.744 0.000 0.500 6.308 11.277 7.240 1.188 0.019 0.000 0.000 21.094 22.103
0.000 27.882 51.866 50.857 44.855 0.000 0.000 0.000 33.650 46.705 35.720 34.715 35.691 16.624 0.000 0.000 0.000 0.000 0.000 0.000 43.173 41.170 39.167 22.167 25.165 32.160 33.157 38.155 29.154 0.000 0.000 0.000 49.769 67.690 74.640 74.745 81.895 81.694 74.007 74.700 74.419 74.216 74.013 68.832 26.704 0.000 0.000 23.882 0.000 0.000 0.000 10.236 5.236 2.206 2.170 2.123 2.063 2.001 1.921 1.793 8.605 22.416 23.145 6.029 0.104 0.084 0.730 4.324 3.293 0.135 0.056 0.019 6.046 24.061 22.072
41.173 39.052 53.001 45.982 46.987 44.036 0.000 0.000 0.000 48.825 43.827 38.826 40.822 0.000 0.000 0.000 0.000 0.000 0.000 0.000 42.160 38.159 29.158 0.000 0.000 30.157 42.156 41.154 0.000 0.000 0.000 52.253 44.068 47.923 55.021 70.101 82.081 73.738 75.296 74.867 74.684 74.473 72.266 55.068 33.885 39.883 37.882 18.882 0.000 0.000 0.000 0.000 19.289 1.252 2.195 6.152 14.098 4.039 1.979 0.851 4.633 19.502 26.282 18.199 4.231 0.000 0.822 0.761 0.443 0.346 0.000 0.012 13.037 23.043 22.047
39.218 50.152 44.107 37.082 56.075 45.085 0.000 0.000 0.000 40.945 56.939 51.938 51.952 55.004 0.000 0.000 0.000 0.000 0.000 0.000 40.149 31.149 34.148 0.000 0.000 0.000 78.154 105.154 20.153 0.000 51.591 46.441 46.298 46.230 42.337 82.420 82.256 74.782 78.391 75.143 74.940 74.730 66.510 19.289 0.000 41.883 19.882 0.000 0.000 0.000 7.444 6.417 5.362 1.308 5.239 17.193 22.137 20.073 13.000 2.904 11.767 19.676 0.000 4.253 17.266 14.279 10.244 18.218 0.000 0.345 0.000 0.012 20.031 24.032 25.031
51.276 43.230 35.193 35.165 48.148 56.146 52.169 55.170 57.142 52.071 47.045 49.037 38.043 37.058 0.000 0.000 0.000 0.000 45.130 44.133 32.138 34.140 35.139 39.135 38.133 0.000 0.000 0.000 0.000 0.000 57.742 50.622 45.488 46.608 44.680 82.567 44.393 51.985 66.586 74.410 75.201 72.999 31.754 0.000 0.000 0.000 0.000 0.000 0.000 8.491 2.472 2.446 2.406 3.364 13.301 22.244 21.183 21.118 17.044 12.958 22.856 5.758 0.631 1.380 1.355 11.328 24.298 11.258 0.000 0.000 0.000 0.000 0.000 0.000 0.000
42.336 35.302 36.269 36.238 38.207 22.181 48.193 46.199 38.185 35.154 34.134 50.125 52.124 39.127 0.000 0.000 0.000 45.127 41.128 38.130 31.132 35.134 35.133 35.132 35.132 0.082 3.326 4.331 6.337 74.244 71.016 59.778 58.786 47.819 82.821 82.701 46.443 53.096 47.875 54.683 73.458 48.311 0.000 0.000 0.000 0.000 0.000 0.000 0.000 8.510 2.506 2.487 2.455 3.412 12.357 22.298 21.235 20.170 17.101 22.029 15.942 0.000 1.635 1.483 1.435 11.389 19.363 0.000 0.000 0.000 0.000 0.000 0.000 0.000 0.000
35.399 36.372 36.344 37.313 18.260 0.000 5.221 33.250 36.245 36.227 36.213 34.204 58.201 42.201 0.000 0.000 0.000 22.127 39.127 33.127 34.129 35.129 35.130 35.130 35.130 46.130 0.000 0.000 13.437 66.380 76.291 0.000 79.957 70.188 82.922 45.010 58.657 55.304 45.178 41.985 38.640 23.475 0.000 0.000 0.000 0.000 0.000 0.000 0.000 4.533 2.556 2.542 2.514 2.472 3.418 9.357 17.291 17.225 17.162 21.113 0.000 1.850 1.757 0.614 6.496 23.448 6.402 0.150 0.641 0.000 0.000 0.000 0.000 0.000 27.942
36.462 36.442 36.424 39.412 0.000 0.000 0.000 31.336 36.320 38.296 36.286 35.280 53.276 49.275 0.000 0.000 0.000 0.000 30.125 33.125 35.126 35.126 35.127 35.127 37.128 23.129 0.000 0.000 63.593 66.547 77.480 83.395 77.402 75.414 83.004 66.058 68.765 53.609 46.516 39.444 0.000 0.000 0.000 0.000 0.000 0.000 0.000 0.000 0.000 0.000 5.644 2.612 2.588 2.543 2.486 2.420 2.347 9.276 17.210 5.148 2.079 1.931 1.777 4.643 17.567 17.507 0.000 0.161 1.618 0.000 0.000 11.324 1.319 7.315 0.000
36.526 36.511 36.499 36.499 40.528 41.527 41.501 37.439 37.403 17.351 34.356 35.353 51.350 50.348 0.000 0.000 0.000 0.000 29.123 35.124 35.124 35.124 35.125 35.125 23.126 0.000 0.000 0.000 68.796 74.740 77.658 77.612 76.660 83.111 75.537 78.259 72.950 57.893 47.834 46.831 46.965 0.000 0.000 0.000 0.000 0.000 0.000 0.000 0.000 0.000 20.764 1.736 2.683 2.627 2.563 3.492 2.400 2.323 2.254 2.185 2.105 1.985 0.794 6.658 21.621 0.000 0.428 0.215 0.546 0.000 0.000 13.331 5.324 10.317 0.000
36.589 36.576 36.565 36.557 36.558 36.552 36.538 36.517 40.503 0.000 27.433 36.429 52.424 47.420 0.000 0.000 0.000 0.000 34.122 37.122 37.123 37.123 35.123 38.123 0.000 0.000 0.000 61.201 67.054 77.958 77.840 77.947 75.981 83.320 76.673 81.321 77.213 78.147 66.099 54.080 43.099 38.099 40.098 0.000 0.000 0.000 0.002 6.035 7.036 5.011 10.912 20.874 2.793 3.719 12.649 19.584 1.482 2.362 2.298 2.226 2.142 0.977 5.766 24.694 18.637 7.601 0.284 0.228 0.191 0.139 4.372 5.349 5.331 5.315 3.302
36.653 36.641 36.626 36.609 36.596 39.586 37.583 36.589 40.590 0.000 27.514 36.506 53.496 45.490 0.000 0.000 0.000 0.000 7.122 17.122 16.122 16.122 37.122 22.122 0.000 0.000 0.000 63.349 73.263 78.167 78.124 77.224 84.012 83.689 77.742 78.587 77.444 77.388 78.334 69.290 34.254 0.000 0.000 0.000 0.000 0.000 0.002 0.009 2.060 3.086 2.059 8.989 22.898 5.808 3.728 13.658 1.550 2.419 2.350 2.271 2.138 1.957 9.801 22.715 9.634 21.581 0.000 0.028 0.084 0.139 6.390 5.367 5.341 5.315 4.292
36.721 36.710 36.690 39.656 41.632 13.612 34.620 37.667 39.678 0.000 30.604 35.586 47.566 45.554 0.000 0.000 0.000 0.000 0.000 0.000 0.000 0.000 18.121 0.000 0.000 0.000 11.723 61.583 78.482 78.365 78.482 76.568 84.298 76.333 82.038 77.732 77.686 77.618 77.559 67.493 28.374 0.000 0.000 0.000 0.000 0.000 0.000 0.004 0.000 2.297 3.265 3.136 7.001 22.886 5.799 2.715 2.607 2.494 2.412 2.337 0.185 5.930 24.838 5.730 4.605 18.507 2.408 0.117 0.072 1.486 6.428 5.392 5.354 6.316 8.283
36.796 36.790 38.768 14.695 16.663 0.000 0.000 32.780 36.778 40.780 36.713 39.669 44.628 49.607 0.000 0.000 0.000 0.000 0.000 0.000 0.000 0.000 0.000 0.000 0.000 0.000 70.862 72.781 78.688 78.650 77.773 84.806 84.562 77.398 78.110 77.980 77.909 77.845 76.790 56.751 0.000 0.000 0.000 0.000 0.000 0.000 0.000 0.000 0.000 9.535 6.485 2.399 2.120 3.937 20.868 9.796 1.675 2.537 2.465 1.332 6.090 7.992 6.891 3.762 1.464 1.230 0.857 0.299 0.192 5.520 6.474 8.421 4.372 1.318 3.275
36.878 36.888 41.895 0.000 0.000 3.159 0.000 28.895 37.875 35.848 37.801 49.748 21.671 15.639 0.000 0.000 0.000 0.000 0.000 0.000 0.000 0.000 0.000 0.000 0.000 58.216 63.084 76.990 78.877 79.012 77.113 85.027 76.901 78.572 78.264 78.203 78.128 78.063 70.007 46.969 0.000 0.000 0.000 0.000 0.000 0.000 0.000 0.000 0.000 13.743 8.743 2.753 0.711 2.955 2.937 18.871 11.726 2.592 3.495 1.338 8.132 8.056 4.974 0.000 0.978 0.632 0.409 0.355 4.651 6.577 9.531 1.473 0.000 0.000 0.000
35.963 35.990 39.031 9.119 6.159 38.160 43.122 37.031 34.981 41.939 51.893 54.853 0.000 0.000 0.000 0.000 0.000 0.000 0.000 0.000 0.000 0.000 0.000 0.000 0.000 60.348 68.271 78.180 79.174 78.218 85.432 85.236 77.930 78.631 78.491 78.412 78.338 78.270 60.207 42.150 0.000 0.000 0.000 0.000 0.000 0.000 0.000 0.000 0.000 11.951 9.991 10.049 7.134 0.124 1.580 2.214 17.756 17.610 14.481 11.340 4.200 3.128 0.030 0.018 0.376 0.323 0.517 5.735 5.663 6.610 5.581 0.000 0.000 0.000 0.000
50.044 48.079 45.120 46.169 46.198 43.201 44.176 46.127 46.079 52.032 53.983 11.917 0.000 0.000 0.000 0.000 0.000 0.000 0.000 0.000 0.000 0.000 0.000 0.000 6.693 61.559 78.463 79.378 79.334 78.569 85.612 77.407 79.078 78.764 78.698 78.615 78.542 76.474 58.399 29.275 0.000 0.000 0.000 0.000 0.000 0.000 0.000 0.000 0.000 2.315 6.221 9.263 10.275 9.299 6.214 2.148 0.000 0.000 0.000 0.000 0.000 0.000 0.038 0.006 0.150 0.345 6.747 5.704 6.660 9.625 5.604 2.604 0.000 0.000 0.000
49.123 51.162 53.201 52.239 51.264 49.270 47.255 47.221 48.178 44.129 44.088 0.000 0.000 0.000 0.000 0.000 0.000 0.000 0.000 0.000 0.000 0.000 0.000 47.921 70.828 69.732 78.648 79.545 79.680 77.793 85.779 79.498 79.100 78.975 78.890 78.812 78.742 74.684 54.643 0.000 0.000 0.000 0.000 0.000 0.000 0.000 0.000 0.000 9.909 4.770 1.645 3.505 8.406 10.412 10.402 11.458 2.555 0.000 0.000 0.000 0.000 0.000 0.035 0.001 0.100 7.710 5.703 5.679 5.651 6.628 5.612 5.607 0.000 0.000 0.000
37.201 44.244 53.286 59.323 47.349 41.360 36.353 34.327 33.283 39.219 18.153 0.000 0.000 0.000 0.000 0.000 0.000 0.000 0.000 0.000 0.000 0.000 0.000 54.014 69.964 77.896 79.821 79.799 78.941 86.070 85.931 81.514 79.318 79.155 79.077 78.999 78.932 73.878 48.845 0.000 0.000 0.000 0.000 0.000 0.000 0.000 0.000 10.158 5.047 4.949 4.890 3.789 0.746 5.542 9.522 10.591 7.653 0.000 0.000 0.000 0.000 0.000 0.000 0.000 1.682 5.686 5.679 5.663 5.643 5.626 5.614 5.609 0.000 0.000 0.000
39.280 44.329 46.376 49.418 39.450 35.469 36.471 36.452 38.407 16.313 0.000 0.000 0.000 0.000 0.000 0.000 0.000 0.000 0.000 0.000 0.000 0.000 0.000 40.157 69.120 79.066 79.980 80.125 78.250 86.196 79.062 80.733 79.413 79.346 79.257 79.178 79.107 70.050 43.016 0.000 0.000 0.000 0.000 0.000 0.000 0.000 9.372 5.269 5.173 5.091 5.029 4.982 4.996 1.936 0.873 3.730 10.812 10.896 0.000 0.000 0.000 0.000 0.000 0.000 5.677 4.676 4.668 5.654 5.635 5.622 5.613 4.609 0.000 0.000 0.000
37.361 38.417 36.472 35.522 36.565 35.596 35.610 35.603 40.581 0.000 0.000 0.000 0.000 0.000 0.000 0.000 0.000 0.000 0.000 0.000 0.000 0.000 0.000 48.338 77.296 80.239 80.230 79.379 86.422 86.314 82.057 79.757 79.611 79.520 79.432 79.347 80.269 60.200 48.152 0.000 0.000 8.964 0.000 8.741 10.692 10.605 5.475 5.373 5.286 5.212 5.154 5.113 5.098 5.091 4.095 1.015 9.967 10.982 3.981 0.000 0.000 0.000 0.000 0.000 0.000 0.000 0.000 0.000 2.625 4.618 4.612 2.609 0.000 0.000 0.000
36.443 36.507 36.572 35.635 35.694 35.742 35.771 34.769 42.734 0.000 0.000 0.000 0.000 0.000 0.000 0.000 0.000 0.000 0.000 0.000 0.000 0.000 32.690 68.560 79.487 80.399 80.563 78.678 86.517 79.509 81.182 79.866 79.790 79.693 79.601 79.512 80.422 52.329 30.240 0.000 0.000 4.964 0.000 3.790 5.732 5.647 5.551 5.463 5.385 5.318 5.262 5.220 5.192 5.173 3.160 5.143 11.093 8.081 0.000 0.000 0.000 0.000 0.000 0.000 0.000 0.000 0.000 0.000 0.000 0.000 0.000 0.000 0.000 0.000 0.000
34.524 34.598 34.675 34.754 34.833 35.906 37.962 39.971 14.852 0.000 0.000 0.000 0.000 0.000 0.000 0.000 0.000 0.000 0.000 0.000 0.000 2.909 43.819 74.732 80.653 80.670 79.724 86.679 86.604 82.499 80.205 80.055 79.960 79.864 79.770 79.676 75.580 22.454 0.000 0.000 0.000 4.965 10.965 5.897 5.797 5.702 5.618 5.544 5.475 5.411 5.356 5.311 5.277 5.250 2.228 11.206 11.181 7.170 0.000 0.000 0.000 0.000 0.000 0.000 0.000 0.000 0.000 0.000 0.000 0.000 0.000 0.000 0.000 0.000 0.000
38.602 42.686 45.776 49.873 51.978 55.089 54.203 46.300 0.000 0.000 20.896 0.000 0.000 0.000 0.000 0.000 0.000 30.198 57.205 0.000 0.000 36.999 69.948 79.884 80.824 80.791 80.045 86.741 78.936 80.624 80.307 80.230 80.131 80.034 79.937 80.842 67.766 0.000 0.000 0.000 0.000 0.000 5.035 6.034 7.859 7.746 5.676 5.619 5.558 5.497 5.441 5.393 5.354 2.322 7.296 10.274 11.256 2.252 0.000 0.000 0.000 0.000 0.000 0.000 0.000 0.000 0.000 0.000 0.000 0.000 0.000 0.000 0.000 0.000 0.000
43.676 52.768 53.871 52.986 52.117 51.271 48.461 42.726 18.208 35.591 53.897 23.120 7.239 0.000 0.000 0.000 1.157 40.191 54.213 0.000 12.212 54.140 79.088 82.043 80.941 81.200 79.209 86.791 80.923 80.640 80.491 80.398 80.302 80.205 80.103 81.989 25.878 0.000 0.000 0.000 0.000 0.000 1.387 7.347 0.000 0.000 4.722 5.697 5.642 5.578 5.519 5.467 4.423 2.388 11.360 11.338 8.317 2.326 8.354 0.000 0.000 0.000 0.000 0.000 0.000 0.000 0.000 0.000 0.000 0.000 0.000 0.000 0.000 0.000 0.000
40.742 43.841 42.953 41.082 39.234 37.417 35.644 35.936 45.308 47.667 44.982 42.223 46.359 0.000 0.000 0.000 41.120 71.180 22.242 18.291 52.285 76.260 81.232 81.173 81.360 79.370 86.855 79.330 81.049 80.736 80.663 80.567 80.474 80.381 83.281 40.135 0.000 0.000 0.000 0.000 0.000 0.000 3.705 8.635 0.000 0.000 1.856 5.808 5.733 5.656 5.588 5.531 2.485 10.448 11.420 10.400 1.388 5.379 5.383 0.000 0.000 0.000 0.000 0.000 0.000 0.000 0.000 0.000 0.000 0.000 0.000 0.000 0.000 0.000 0.000
37.799 36.902 37.019 38.157 38.321 38.520 36.765 38.066 43.421 46.790 43.140 38.434 41.615 0.000 0.000 0.000 33.043 43.169 21.284 54.348 69.377 78.384 81.378 81.404 80.577 87.256 86.996 80.328 81.060 80.918 80.828 80.735 80.645 80.563 83.506 0.000 0.000 0.000 7.829 0.000 0.000 4.868 7.869 6.855 13.903 0.000 2.088 5.950 5.827 5.725 5.647 3.586 5.538 11.500 11.470 3.451 4.441 5.424 5.415 0.000 0.000 0.000 0.000 0.000 0.000 0.000 0.000 0.000 0.000 0.000 0.000 0.000 0.000 0.000 0.000
37.845 37.947 38.066 38.206 38.373 37.577 36.829 41.142 45.520 45.933 41.356 37.757 43.053 0.000 0.000 0.000 28.840 0.000 45.377 69.439 75.490 81.529 81.497 81.809 79.880 87.485 79.757 81.471 81.159 81.088 80.994 80.902 80.810 87.720 71.675 0.000 0.000 44.830 30.830 0.000 0.000 0.006 8.047 7.013 6.951 12.795 10.491 9.129 5.900 5.772 5.688 2.627 10.580 11.543 7.512 2.492 5.477 5.461 7.438 11.437 0.000 0.000 0.000 0.000 0.000 0.000 0.000 0.000 0.000 0.000 0.000 0.000 0.000 0.000 0.000
37.877 37.977 38.093 38.229 37.390 36.586 38.833 43.155 46.584 43.065 38.596 38.184 41.789 24.668 12.329 13.910 10.637 12.161 52.410 73.539 79.626 81.660 81.927 80.033 87.879 87.692 80.775 81.489 81.343 81.252 81.161 81.070 85.973 28.831 43.800 13.825 44.830 52.831 0.000 0.000 0.000 0.000 8.260 7.197 7.096 16.942 27.751 1.307 10.872 6.773 3.707 5.655 11.614 10.580 1.553 4.530 5.515 5.506 0.000 0.000 0.000 0.000 0.000 0.000 0.000 0.000 0.000 0.000 0.000 0.000 0.000 0.000 0.000 0.000 0.000
37.898 37.992 38.101 38.226 36.372 36.546 40.762 48.062 49.598 46.147 41.779 40.594 41.251 43.886 44.408 53.765 0.000 30.438 68.562 75.684 81.784 81.903 81.168 88.210 88.050 81.144 81.924 81.586 81.512 81.416 81.327 81.244 89.180 0.000 26.871 28.844 18.836 20.833 0.000 0.000 0.000 2.729 8.536 7.420 13.293 29.125 5.938 0.000 0.000 4.743 2.711 10.674 11.638 7.608 4.584 5.563 5.549 7.542 0.000 0.000 0.000 0.000 0.000 0.000 0.000 0.000 0.000 0.000 0.000 0.000 0.000 0.000 0.000 0.000 0.000
37.907 37.994 38.093 37.204 36.328 38.464 45.608 22.735 0.000 0.000 0.000 28.165 45.735 41.219 44.654 25.977 0.000 35.590 73.716 79.858 81.927 82.331 80.490 88.357 81.491 82.267 81.835 81.775 81.670 81.576 81.486 82.401 80.323 2.200 2.054 0.000 0.000 0.000 0.000 0.000 2.047 9.890 7.768 6.656 26.530 30.327 0.000 0.000 0.000 0.754 6.720 11.690 11.659 1.631 5.606 5.588 5.576 8.570 0.000 0.000 0.000 0.000 0.000 0.000 0.000 0.000 0.000 0.000 0.000 0.000 0.000 0.000 0.000 0.000 0.000
37.906 37.985 37.073 36.169 38.271 41.375 49.470 8.536 0.000 0.000 0.000 0.000 28.307 43.600 45.012 31.513 34.185 60.614 77.866 82.020 82.389 80.587 88.617 88.494 82.483 82.178 82.029 81.925 81.826 81.731 81.639 84.553 69.487 0.000 0.000 0.000 0.000 0.000 0.000 0.000 2.176 9.084 7.989 5.906 33.844 0.000 0.000 0.000 6.855 11.806 11.750 11.709 9.676 4.649 5.626 5.609 5.598 7.593 0.000 11.615 0.000 0.000 0.000 0.000 0.000 0.000 0.000 0.000 0.000 0.000 0.000 0.000 0.000 0.000 0.000
37.897 37.969 37.046 36.129 40.213 44.295 48.363 6.404 0.000 0.000 0.000 0.000 8.585 51.864 47.282 53.876 67.429 76.820 81.080 82.321 81.669 88.836 88.730 81.837 82.611 82.267 82.182 82.076 81.978 81.882 85.787 48.685 20.586 0.000 0.000 0.000 0.000 0.000 0.000 4.640 9.466 8.295 10.198 7.134 31.097 0.000 0.000 2.121 8.905 24.824 13.764 10.721 6.687 4.660 4.639 5.624 5.614 5.610 10.615 6.615 0.000 0.000 0.000 0.000 0.000 0.000 0.000 0.000 0.000 0.000 0.000 0.000 0.000 0.000 0.000
37.884 37.947 36.015 38.087 44.160 45.229 43.283 30.313 0.000 0.000 0.000 0.000 0.000 4.990 1.636 42.283 73.833 78.158 82.354 82.733 81.037 88.932 81.168 82.945 82.508 82.440 84.326 83.223 82.126 82.035 87.942 10.813 0.000 0.000 0.000 0.000 0.000 0.000 24.964 24.813 12.631 9.434 20.376 15.335 16.312 0.000 0.000 1.282 4.924 15.821 11.763 15.722 9.691 12.666 11.648 8.634 5.624 4.620 4.618 10.617 0.000 0.000 0.000 0.000 0.000 0.000 0.000 0.000 0.000 0.000 0.000 0.000 0.000 0.000 0.000
