results2_8e3_rain/res_3e8f-0081.wd
ncols         241
nrows         181
xllcorner     12693529.787448
yllcorner     3542525.717860
cellsize      155.156523
NODATA_value  -9999.000000
[rows 66 to 98 of 181, columns 73 to 145 of 241]
67.307 31.298 0.000 56.525 73.505 72.477 72.451 0.000 43.901 43.885 56.895 52.903 51.884 51.842 50.780 126.691 114.536 0.000 0.000 0.000 47.416 42.364 47.286 50.234 50.191 52.150 53.114 58.075 59.039 59.997 50.938 0.000 0.000 48.292 98.292 80.202 84.053 84.130 82.175 90.106 82.563 83.031 83.761 82.523 82.291 83.078 52.916 0.000 0.000 0.000 0.000 0.000 0.000 0.000 25.623 23.604 23.568 23.517 23.453 23.385 27.311 40.229 37.139 22.041 32.941 41.846 20.758 23.673 29.590 34.510 30.430 24.352 22.276
52.309 58.288 0.000 44.722 68.690 67.664 61.666 14.742 0.000 0.000 49.965 63.036 52.036 51.007 51.967 32.930 0.000 0.000 0.000 0.000 0.000 0.000 58.236 56.214 54.186 37.149 40.112 47.073 48.044 53.013 43.976 0.000 0.000 0.000 58.536 76.441 83.371 83.457 90.553 90.337 82.646 83.325 83.026 82.806 82.586 77.389 35.251 0.000 0.000 32.446 0.000 0.000 0.000 31.661 26.661 23.640 23.602 23.551 23.490 23.422 23.348 23.268 30.181 44.091 44.998 27.908 21.821 22.736 23.654 27.574 26.495 22.417 22.341
54.317 53.257 58.134 55.952 69.868 62.823 63.807 60.819 0.000 0.000 0.000 65.241 60.216 55.183 57.152 4.131 0.000 0.000 0.000 0.000 0.000 0.000 57.208 53.199 44.189 0.000 0.000 45.062 57.051 56.037 0.000 0.000 4.252 61.131 52.875 56.694 63.767 78.822 90.753 82.409 83.952 83.507 83.308 83.080 80.857 63.643 42.447 48.447 46.446 27.446 0.000 0.000 0.000 0.000 40.721 22.692 23.649 27.596 35.534 25.466 23.392 22.312 26.229 41.142 48.054 39.967 25.881 20.798 22.717 22.637 22.558 22.480 21.404
54.355 52.288 56.194 67.085 61.006 53.953 72.920 61.907 13.921 0.000 7.604 57.471 73.403 68.358 68.328 71.311 0.000 0.000 0.000 0.000 3.178 3.181 55.188 46.186 49.182 0.000 0.000 0.000 93.059 120.048 35.048 0.000 60.372 55.270 55.108 55.013 51.094 91.122 90.943 83.465 87.061 83.798 83.579 83.355 75.118 27.881 0.000 50.446 28.446 0.000 0.000 0.000 28.922 27.886 26.810 22.758 26.707 38.649 43.586 41.516 34.441 24.362 33.279 41.194 20.109 26.024 38.940 35.858 31.778 39.699 20.620 22.543 20.467
52.411 58.345 68.269 60.188 52.118 52.061 65.014 72.969 68.936 71.867 73.738 68.635 63.566 65.520 54.490 53.475 0.000 0.000 0.000 4.174 60.175 59.177 47.178 49.176 50.170 54.159 53.151 0.000 4.079 0.000 0.000 6.755 66.595 59.469 54.309 55.399 53.443 91.285 53.104 60.683 75.270 83.081 83.857 81.641 40.380 0.000 0.000 0.000 0.000 0.000 0.000 29.983 23.958 23.925 23.876 24.825 34.770 43.710 42.643 42.572 38.495 34.415 44.332 27.247 22.163 23.079 22.997 32.917 45.839 32.760 20.682 21.603 27.528
58.475 69.414 59.348 52.280 53.218 53.161 55.105 39.020 64.985 62.927 54.845 51.767 50.707 66.664 68.637 55.623 0.000 0.000 0.000 60.173 56.173 53.173 46.172 50.169 50.163 50.155 50.144 9.126 12.099 13.084 15.044 82.914 79.788 68.662 67.620 56.619 91.573 91.436 55.165 61.807 56.575 63.369 82.131 56.973 0.000 0.000 0.000 0.000 0.000 0.000 0.000 30.007 24.003 23.982 23.943 24.895 33.839 43.776 42.707 41.632 38.553 43.470 37.386 21.301 23.217 23.134 23.053 32.975 40.899 19.823 22.744 25.659 44.588
69.545 59.488 52.428 53.368 53.311 54.261 35.224 0.000 22.059 50.011 52.947 52.882 52.831 50.794 74.770 58.758 0.000 0.000 0.000 37.171 54.170 48.169 49.168 50.165 50.160 50.153 50.145 61.134 1.114 5.110 22.134 75.070 84.974 6.867 88.791 78.984 91.693 53.756 67.393 64.030 53.893 50.689 47.322 32.148 0.000 0.000 25.609 0.000 0.000 0.000 0.000 26.037 24.066 24.055 24.021 23.973 24.915 30.849 38.776 38.697 38.614 42.528 20.441 23.355 23.269 22.186 28.107 45.031 27.959 21.888 24.813 5.703 6.636
59.618 52.564 53.508 53.452 53.398 56.349 12.306 10.273 3.179 48.113 53.049 54.982 52.940 51.911 69.891 65.882 0.000 0.000 0.000 0.000 45.167 48.167 50.165 50.162 50.159 50.154 52.148 38.141 0.000 0.000 72.312 75.257 86.174 92.049 86.154 84.190 91.794 74.814 77.512 62.349 55.250 48.173 0.000 0.000 0.000 0.000 23.609 0.000 0.000 0.000 0.000 0.000 27.170 24.150 24.113 24.062 24.000 23.929 23.851 30.767 38.678 26.588 23.497 23.407 23.320 26.236 39.157 39.084 21.017 22.959 25.917 0.000 0.000
52.695 53.643 53.589 53.534 53.480 53.428 57.380 58.333 58.272 54.215 54.153 34.057 51.037 52.018 68.003 66.995 0.000 0.000 0.000 0.000 44.165 50.165 50.163 50.161 50.159 50.155 38.151 0.000 0.000 0.816 77.544 83.476 86.384 86.333 85.411 91.930 84.311 87.024 81.708 66.646 56.584 55.580 55.721 0.000 0.000 0.000 20.610 27.610 20.610 0.000 0.000 0.000 42.295 23.264 24.218 24.162 24.094 25.017 23.932 23.841 23.745 23.648 23.551 23.457 22.366 28.281 43.202 20.130 23.066 23.014 24.979 0.000 0.000
53.776 53.724 53.671 53.616 53.560 53.505 53.454 53.406 53.361 53.321 57.290 0.000 44.133 53.120 69.107 64.102 0.186 0.000 0.000 0.000 49.164 52.164 52.163 52.161 50.159 53.158 0.000 0.000 0.000 69.969 75.820 86.717 86.594 86.700 84.745 92.146 85.453 90.094 85.982 86.913 74.861 62.841 51.862 46.862 48.862 0.000 0.000 26.611 21.611 27.606 28.590 26.549 32.450 42.392 24.335 25.272 34.198 41.114 23.020 23.919 23.814 23.708 23.603 22.503 27.408 46.320 40.240 29.168 22.105 23.051 25.006 39.965 57.907
53.859 53.808 53.754 53.698 53.639 53.578 53.523 56.476 54.446 53.418 57.397 0.000 44.243 53.223 70.204 62.201 2.231 0.000 0.000 0.000 22.164 32.163 31.162 31.161 52.160 37.159 0.000 0.000 0.000 72.144 82.051 86.948 86.899 85.999 92.810 92.497 86.528 87.368 86.223 86.164 87.107 78.061 43.024 0.000 0.000 0.000 0.000 24.613 24.615 21.616 23.616 24.608 23.566 30.517 44.460 27.393 25.313 35.220 23.116 24.002 23.884 23.766 23.652 23.543 31.443 44.352 31.270 43.198 21.135 22.079 27.030 47.982 59.930
53.945 53.894 53.840 53.783 53.719 56.645 58.585 30.530 51.529 54.508 56.483 16.461 47.373 52.323 64.287 62.267 3.263 0.000 0.000 0.000 0.000 0.000 0.000 0.000 33.159 0.000 0.000 0.000 20.581 70.411 87.293 87.165 87.275 85.356 93.093 85.129 90.831 86.523 86.474 86.404 86.342 76.274 37.149 0.000 0.000 0.000 0.000 0.000 27.622 28.629 15.648 23.701 24.689 24.651 28.596 44.526 27.441 24.339 24.221 24.090 23.954 23.821 21.695 27.576 46.469 27.374 26.291 40.220 24.157 22.102 29.052 55.005 59.957
54.032 53.981 53.930 53.875 55.810 31.699 33.642 0.000 13.630 49.603 53.567 57.526 53.465 56.408 61.354 66.318 5.290 0.000 0.000 0.000 0.000 0.000 0.000 0.000 0.000 0.000 0.000 3.872 79.751 81.627 87.516 87.466 86.581 93.601 93.356 86.199 86.911 86.779 86.707 86.640 85.584 65.542 0.000 0.000 0.000 0.000 0.000 0.000 0.000 19.628 0.000 30.858 27.840 23.802 23.746 25.675 42.585 31.474 23.339 24.181 24.022 22.870 27.729 29.599 28.483 25.384 23.302 23.232 23.172 24.120 37.072 59.028 59.986
54.120 54.069 54.022 53.979 58.946 0.000 0.000 19.844 11.760 45.705 54.658 52.609 54.554 66.492 38.402 32.360 0.000 0.000 0.000 0.000 0.000 0.000 0.000 0.000 0.000 0.000 0.000 66.993 71.923 85.832 87.712 87.839 85.931 93.827 85.713 87.384 87.074 87.011 86.934 86.867 78.810 55.770 0.000 0.000 0.000 0.000 0.000 0.000 0.000 0.000 0.000 35.033 30.011 23.970 21.914 24.841 24.751 40.635 33.480 24.275 25.082 22.909 29.752 29.609 26.478 20.379 23.300 23.235 25.180 39.132 58.089 60.051 63.016
55.204 53.154 53.110 53.073 56.049 26.054 23.014 54.929 59.858 53.801 51.750 58.700 68.649 71.604 0.000 0.000 0.000 0.000 0.000 0.000 0.000 0.000 0.000 0.000 0.000 0.000 0.000 69.184 77.119 87.029 88.019 87.056 94.242 94.041 86.751 87.452 87.310 87.229 87.153 87.083 69.018 50.959 0.000 0.000 0.000 0.000 0.000 0.000 0.000 0.000 0.000 33.230 31.202 31.155 28.097 21.027 22.942 23.833 39.672 39.357 36.124 32.932 25.763 24.605 21.444 22.352 23.285 27.229 47.181 59.139 59.102 60.069 59.041
69.284 68.234 67.191 65.153 62.123 63.099 63.058 60.001 60.944 62.890 62.840 68.791 70.739 28.671 0.000 0.000 0.000 0.000 0.000 0.000 0.000 0.000 0.000 0.000 0.000 7.702 15.622 70.441 87.332 88.240 88.189 87.416 94.430 86.240 87.910 87.594 87.526 87.441 87.366 85.296 67.219 38.089 0.000 0.000 0.000 0.000 0.000 0.000 0.000 0.000 0.000 23.455 27.410 30.353 31.292 30.227 27.157 23.085 17.019 0.000 0.000 0.000 0.000 0.000 25.339 23.301 26.257 47.216 60.177 59.142 60.111 63.084 59.061
65.357 67.309 66.265 68.227 70.192 69.159 68.120 66.073 64.025 63.977 64.930 60.884 60.844 0.000 0.000 0.000 0.000 0.000 0.000 0.000 0.000 0.000 0.000 0.000 0.000 56.781 79.725 78.624 87.531 88.419 88.546 86.648 94.605 88.340 87.941 87.814 87.726 87.646 87.575 83.515 63.472 0.000 0.000 0.000 0.000 0.000 0.000 0.000 0.000 0.000 30.891 25.726 22.630 24.556 29.491 31.431 31.376 32.330 23.299 0.000 0.000 0.000 0.000 0.000 26.274 24.256 40.229 61.199 59.169 59.141 59.116 60.093 59.075
53.426 53.378 54.335 61.296 70.261 76.225 64.188 58.148 53.105 51.062 50.019 55.973 34.908 0.000 0.000 0.000 0.000 0.000 0.000 0.000 0.000 0.000 0.000 0.000 0.000 62.916 78.874 86.801 88.717 88.686 87.817 94.914 94.766 90.365 88.167 88.003 87.923 87.842 87.772 82.717 57.683 0.000 0.000 0.000 0.000 0.000 0.000 0.000 0.000 31.196 26.057 25.928 25.829 24.750 21.684 26.630 30.587 31.559 28.550 0.000 0.000 0.000 0.000 29.212 23.227 27.220 55.204 59.182 59.160 59.138 59.117 59.099 59.085
52.488 52.442 56.401 61.363 63.328 66.294 56.260 52.224 53.186 53.148 55.111 33.080 0.000 0.000 0.000 0.000 0.000 0.000 0.000 0.000 0.000 0.000 0.000 0.000 0.000 49.093 78.052 87.989 88.891 89.023 87.133 95.050 87.926 89.595 88.271 88.202 88.110 88.029 87.956 78.897 51.861 0.000 0.000 0.000 0.000 0.000 0.000 0.000 30.465 26.335 26.212 26.101 26.007 25.930 25.868 22.818 21.784 24.770 31.791 31.887 0.000 0.000 0.000 23.198 24.200 42.195 59.183 58.167 58.150 59.133 59.117 59.102 59.091
52.546 52.502 54.463 55.427 53.395 52.363 53.333 52.301 52.268 52.233 57.197 2.172 0.000 0.000 0.000 0.000 0.000 0.000 0.000 0.000 0.000 0.000 0.000 0.000 0.592 57.312 86.255 89.181 89.156 88.289 95.299 95.179 90.930 88.627 88.478 88.384 88.293 88.206 89.125 69.053 57.003 0.000 0.000 30.181 0.000 29.902 31.849 31.750 26.595 26.468 26.356 26.256 26.170 26.097 26.037 25.991 24.961 21.948 30.956 31.984 24.983 0.000 0.000 31.183 23.181 31.176 37.166 40.154 44.141 50.127 56.114 58.103 58.094
53.598 53.558 53.522 53.489 53.459 52.432 52.406 52.381 52.353 51.319 59.273 10.223 0.000 0.000 0.000 0.000 0.000 0.000 0.000 0.000 0.000 0.000 0.000 0.000 41.732 77.573 88.473 89.362 89.503 87.596 95.406 88.396 90.064 88.744 88.665 88.565 88.470 88.377 89.285 61.188 39.096 0.000 0.000 26.182 0.000 24.954 26.897 26.807 26.695 26.588 26.489 26.398 26.318 26.250 26.194 26.150 24.120 26.104 32.102 29.108 0.000 0.000 0.000 30.169 29.166 28.161 27.153 26.143 25.132 29.121 40.111 36.102 38.094
51.646 51.609 51.577 51.548 51.522 51.500 51.480 52.462 54.443 56.416 31.355 0.000 0.000 0.000 0.000 0.000 0.000 0.000 0.000 0.000 8.824 0.000 0.000 12.038 52.905 83.779 89.665 89.651 88.679 95.593 95.505 91.392 89.094 88.940 88.843 88.744 88.646 88.549 84.449 31.319 0.000 0.000 0.000 26.182 32.159 27.065 26.977 26.885 26.791 26.700 26.612 26.530 26.456 26.392 26.338 26.295 23.265 32.247 32.240 28.240 0.000 0.000 0.000 29.158 28.155 29.149 29.142 29.133 29.124 29.115 28.106 28.099 27.093
52.690 52.657 55.628 59.603 62.582 66.565 68.552 71.544 70.542 62.547 0.675 11.835 35.863 3.882 0.000 0.000 0.000 0.000 0.000 39.850 66.824 6.791 0.000 46.170 79.074 88.962 89.858 89.786 89.010 95.669 87.842 89.523 89.202 89.122 89.020 88.921 88.821 89.723 76.644 0.000 0.000 0.000 0.000 6.206 26.230 27.169 29.061 28.965 26.886 26.808 26.730 26.654 26.584 26.523 26.470 23.429 28.398 31.379 32.370 23.371 0.000 0.000 0.000 13.151 34.145 34.139 31.132 28.124 28.116 29.108 30.101 30.095 29.090
54.730 53.700 60.675 69.654 70.637 69.625 68.619 67.621 64.635 58.670 33.760 50.828 68.871 37.902 21.929 0.000 0.000 0.000 10.906 49.875 63.832 2.759 21.613 63.398 88.259 91.146 89.988 90.201 88.176 95.733 89.833 89.544 89.392 89.296 89.198 89.099 88.995 90.877 34.760 0.000 0.000 0.000 0.000 0.000 22.387 28.319 9.136 9.027 25.980 26.917 26.845 26.773 26.705 26.645 25.593 23.551 32.520 32.500 29.493 23.504 29.557 0.000 0.000 0.000 45.135 60.130 53.123 49.115 45.108 41.101 44.095 44.090 27.086
54.765 54.740 57.719 60.701 59.688 57.680 55.679 53.686 51.705 51.740 60.794 62.847 59.890 56.926 60.956 8.982 0.000 0.000 50.937 80.913 31.868 27.796 61.686 85.548 90.427 90.291 90.413 88.369 95.818 88.249 89.960 89.643 89.567 89.470 89.376 89.283 92.182 49.029 0.000 0.000 0.000 0.000 0.000 0.000 24.612 29.586 0.000 0.000 23.090 27.035 26.962 26.887 26.818 26.758 23.706 31.663 32.630 31.608 22.596 26.597 26.609 0.000 0.000 0.000 13.130 43.125 61.115 60.106 60.099 60.093 60.088 54.084 44.081
54.798 54.776 54.758 53.743 53.733 54.728 54.730 54.739 52.759 53.789 58.831 61.875 57.917 52.955 55.987 11.008 0.000 0.000 42.992 52.972 30.933 63.871 78.786 87.684 90.581 90.523 89.628 96.210 95.964 89.246 89.972 89.826 89.734 89.642 89.554 89.475 92.421 0.000 0.000 7.807 16.807 0.000 0.000 25.979 28.864 27.826 34.872 0.000 23.256 27.173 27.079 26.996 26.924 24.862 26.810 32.766 32.731 24.705 25.687 26.678 26.675 0.000 0.000 0.000 0.000 0.000 43.105 59.096 59.090 59.085 59.080 60.077 60.074
54.828 54.810 54.794 54.782 54.773 54.770 54.773 53.783 52.801 56.829 60.864 60.905 55.948 51.990 57.029 10.056 0.000 0.000 39.068 8.051 55.019 78.970 84.902 90.828 90.693 90.916 88.913 96.430 88.679 90.386 90.070 89.996 89.901 89.811 89.723 96.641 80.606 0.000 3.806 53.807 39.807 0.000 0.000 21.094 29.039 27.982 27.919 33.773 31.506 30.320 27.186 27.093 27.020 23.958 31.906 32.861 28.824 23.794 26.771 26.752 28.738 32.749 0.000 0.000 0.000 0.000 0.000 56.083 59.080 59.076 59.072 60.069 58.067
54.857 54.841 54.827 54.816 54.809 54.806 53.809 52.818 54.835 58.860 61.893 57.934 52.980 52.030 55.082 37.130 24.190 25.201 21.159 22.146 62.124 83.085 89.034 90.946 91.104 89.110 96.813 96.630 89.692 90.402 90.251 90.158 90.065 89.976 94.885 37.761 52.756 22.795 53.806 61.808 0.000 0.000 0.000 20.264 29.217 28.145 28.047 37.895 48.674 22.416 32.253 28.170 25.104 27.046 32.993 31.947 22.909 25.877 26.851 26.823 13.774 14.762 0.000 0.000 0.000 0.000 0.000 37.074 58.071 59.067 59.064 63.061 59.058
54.885 54.869 54.856 54.846 54.839 54.837 52.839 52.846 56.861 63.883 64.915 60.956 56.008 54.069 54.137 56.194 56.239 65.253 6.221 40.251 78.244 85.215 91.174 91.164 90.316 97.140 96.982 90.062 90.837 90.495 90.417 90.317 90.226 90.144 98.081 0.000 35.864 37.824 27.813 29.810 0.000 0.000 0.000 23.480 29.420 28.336 34.229 50.087 26.881 0.000 13.241 26.228 24.183 32.128 33.075 29.027 25.987 26.955 26.931 28.915 0.000 0.000 0.000 0.000 0.000 0.000 29.067 10.067 49.062 59.059 59.056 64.053 59.050
54.911 54.896 54.883 54.873 54.866 53.862 52.863 54.868 61.878 38.896 14.927 13.969 11.026 41.100 58.205 53.269 56.319 37.352 0.000 45.394 83.383 89.366 91.284 91.552 89.596 97.286 90.409 91.180 90.744 90.680 90.570 90.472 90.378 91.291 89.215 11.157 11.010 0.000 0.000 0.000 0.000 0.000 22.921 30.757 28.649 27.549 47.445 51.345 0.000 0.000 0.000 22.321 28.270 33.209 33.150 23.100 27.058 27.026 27.004 29.992 0.000 0.000 0.000 0.000 0.000 0.000 8.067 0.000 37.051 59.050 59.048 65.046 59.043
54.935 54.919 54.906 54.896 53.889 52.884 54.883 57.885 65.889 24.895 0.000 0.000 0.000 0.000 40.313 55.359 56.417 42.483 44.566 70.547 87.538 91.496 91.699 89.748 97.542 97.420 91.395 91.085 90.932 90.824 90.721 90.621 90.523 93.426 78.333 7.245 0.000 0.000 0.000 0.000 0.000 0.000 23.085 29.978 28.868 26.766 54.659 15.502 0.000 0.000 28.596 33.465 33.368 33.287 31.219 26.163 27.119 27.087 27.067 29.057 0.000 33.140 0.000 0.000 0.000 0.000 0.000 0.000 30.042 59.042 59.041 59.039 59.037
54.955 54.940 54.928 54.917 53.909 52.903 56.900 60.898 64.899 22.900 0.000 0.000 0.000 0.000 20.376 63.438 58.508 64.596 77.669 86.693 90.693 91.734 90.915 97.760 97.655 90.745 91.514 91.167 91.079 90.970 90.868 90.769 94.668 57.557 29.445 0.000 0.000 0.000 0.000 0.000 0.000 25.583 30.358 29.200 31.082 27.989 51.923 0.000 0.000 23.887 30.728 46.575 35.451 32.352 28.275 26.215 26.169 27.137 27.118 27.114 32.134 28.140 19.140 0.000 0.000 0.000 26.028 28.030 27.034 59.034 59.034 59.033 59.032
54.973 54.959 54.947 54.936 52.927 54.920 60.914 61.910 59.907 46.907 7.909 0.000 0.000 0.000 0.000 16.509 12.580 52.723 83.821 87.862 91.847 92.052 90.205 97.855 90.068 91.842 91.403 91.333 93.216 92.112 91.013 90.919 96.822 19.690 0.000 0.000 0.000 0.000 0.000 7.189 46.070 45.810 33.562 30.384 41.270 36.183 37.122 0.000 0.000 22.046 26.853 37.657 33.509 37.397 31.314 34.252 33.206 30.174 27.154 26.146 26.147 32.147 0.000 0.000 0.000 0.000 23.027 23.028 33.028 59.029 59.028 59.028 59.027
