results2_8e3_rain/res_3e8f-0157.wd
ncols         241
nrows         181
xllcorner     12693529.787448
yllcorner     3542525.717860
cellsize      155.156523
NODATA_value  -9999.000000
[rows 99 to 131 of 181, columns 0 to 72 of 241]
0.000 0.000 0.000 0.000 0.000 60.772 100.772 102.772 93.772 88.772 0.000 0.000 0.000 0.000 0.000 2.770 1.769 68.769 65.769 0.000 0.000 1.769 4.768 63.768 62.768 3.768 0.000 0.000 0.000 10.638 0.000 0.000 0.000 0.000 16.499 62.495 58.485 57.468 58.445 59.418 72.390 61.358 65.324 57.286 59.245 57.200 58.153 63.103 64.050 61.996 65.940 58.883 58.825 60.765 63.702 77.633 78.574 63.526 49.483 0.000 0.000 0.000 0.000 0.000 27.539 82.534 79.524 66.506 41.483 36.459 80.436 57.414 59.391
0.000 0.000 0.000 0.000 0.000 61.772 101.772 101.772 0.000 0.000 0.000 0.000 0.000 0.000 0.000 1.770 13.770 79.770 68.769 6.769 3.769 3.769 66.769 65.768 69.768 0.768 0.000 0.000 0.000 68.638 60.638 0.000 0.000 0.000 75.541 85.536 71.527 64.513 58.495 60.472 79.446 64.416 70.383 70.346 61.304 76.260 68.212 69.161 59.107 67.052 66.994 64.937 58.879 59.820 63.757 60.663 22.600 12.563 0.000 0.000 0.000 0.000 0.000 30.555 67.550 79.545 86.537 76.525 52.510 53.493 67.475 58.457 59.438
6.774 0.000 0.000 0.000 0.000 48.773 97.773 106.773 16.773 0.000 0.000 0.000 0.000 0.000 0.000 0.770 2.770 86.770 67.770 68.769 70.769 67.769 64.769 65.769 63.768 1.768 0.000 0.000 0.000 61.638 61.638 62.636 61.629 61.615 60.589 70.580 79.573 26.563 90.549 80.530 85.507 70.478 15.446 86.409 84.368 83.323 87.274 76.222 59.167 62.109 67.050 66.991 63.933 59.881 48.841 0.000 0.000 0.000 0.000 0.000 0.000 0.000 0.000 40.561 67.561 67.558 78.554 77.547 60.538 60.527 59.515 59.501 59.486
74.774 77.774 9.774 0.000 0.000 58.773 97.773 102.773 112.773 17.773 0.000 0.000 0.000 0.000 8.771 8.770 6.770 23.770 71.770 68.770 86.769 100.769 75.769 60.769 0.000 0.000 0.000 0.000 0.000 0.000 60.640 61.642 61.635 61.627 61.620 60.622 60.622 59.617 60.607 65.592 77.571 71.545 14.513 86.476 87.435 65.390 72.340 89.286 83.229 70.168 60.106 66.043 66.981 69.930 54.886 0.000 0.000 0.000 0.000 0.000 0.000 0.000 0.000 2.567 18.573 64.574 61.574 61.572 59.569 59.564 59.557 59.547 59.535
88.774 71.774 71.774 73.774 75.774 94.774 102.773 102.773 102.773 104.773 78.773 17.773 0.772 66.771 73.771 74.771 36.770 31.770 94.770 102.770 97.770 93.769 76.769 0.769 0.000 0.000 0.000 0.000 0.000 0.000 0.000 61.657 60.643 59.637 60.642 61.668 61.676 61.676 61.671 62.660 81.642 76.617 59.585 61.548 72.507 83.460 60.410 72.355 73.294 66.228 86.163 69.095 61.016 1.973 0.000 0.000 0.000 0.000 0.000 0.000 0.000 0.000 0.000 0.000 10.590 64.592 59.595 59.598 59.601 59.602 59.600 57.596 55.588
103.775 93.775 74.774 78.774 96.774 102.774 102.774 102.773 102.773 97.773 69.773 75.773 3.772 57.771 92.771 100.771 100.771 84.770 99.770 106.770 16.770 0.000 0.000 0.000 0.000 0.000 0.000 0.000 0.000 0.000 0.000 61.685 0.000 0.000 0.000 62.731 61.736 61.741 61.742 62.735 78.719 83.695 60.663 61.625 61.582 79.535 80.485 58.429 66.364 85.288 77.223 55.159 0.000 0.000 0.000 0.000 0.000 0.000 0.000 0.000 0.000 0.000 0.000 0.000 7.605 64.608 59.615 59.624 59.635 58.643 57.647 62.648 63.645
103.775 103.775 98.775 101.774 102.774 102.774 102.774 102.774 102.773 98.773 73.773 90.773 0.000 0.000 70.771 94.771 102.771 103.770 102.770 107.770 10.770 0.000 0.000 0.000 0.000 0.000 0.000 0.000 0.000 0.000 0.000 61.714 0.749 0.773 63.793 61.789 61.798 61.810 61.819 61.819 78.806 83.781 60.747 61.707 61.662 62.615 83.565 77.511 84.445 74.338 55.280 0.000 0.000 0.000 0.000 0.000 0.000 0.000 0.000 0.000 0.000 0.000 0.000 0.000 62.617 59.622 59.632 59.649 59.672 58.687 60.697 64.704 65.707
101.775 102.775 102.775 102.775 102.775 102.774 102.774 102.774 102.774 103.773 98.773 105.773 29.772 8.772 58.772 77.771 100.771 102.771 103.770 91.770 5.770 0.000 0.000 0.000 0.000 0.000 0.000 0.000 0.000 0.000 0.000 55.735 60.756 60.778 59.802 61.834 61.857 61.882 61.907 61.915 78.904 83.876 60.838 61.793 61.745 61.696 66.649 89.604 69.569 0.000 0.000 0.000 0.000 0.000 0.000 0.000 0.000 0.000 0.000 0.000 0.000 0.000 0.000 0.000 15.624 66.631 62.643 63.669 61.715 57.737 64.751 65.763 63.773
98.775 103.775 102.775 102.775 102.775 102.775 102.774 102.774 102.774 102.774 103.773 96.773 80.773 71.772 65.772 92.771 102.771 102.771 107.771 10.771 0.000 0.000 0.000 0.000 0.000 0.000 0.000 0.000 0.000 0.000 0.000 0.000 0.000 0.000 0.000 61.889 61.913 61.956 62.010 62.030 78.018 84.983 61.935 61.881 61.827 61.777 61.730 67.689 20.656 0.000 0.000 0.000 0.000 0.000 0.000 0.000 0.000 0.000 0.000 0.000 0.000 0.000 0.000 0.000 0.000 3.635 1.639 0.000 7.783 66.793 64.808 65.825 62.844
98.776 103.775 102.775 102.775 102.775 102.775 102.775 102.774 102.774 102.774 103.774 88.773 67.773 66.772 75.772 99.771 102.771 102.771 108.771 13.771 4.771 0.000 0.000 0.000 0.000 0.000 0.000 0.000 0.000 0.000 0.000 0.000 0.000 0.000 0.000 57.919 61.950 59.018 62.148 62.176 81.154 85.104 62.038 61.970 61.907 61.853 61.807 58.766 8.711 0.000 0.000 0.000 0.000 0.000 0.000 0.000 0.000 0.000 0.000 0.000 0.000 58.928 0.000 0.000 0.000 0.000 0.000 0.869 62.841 63.846 65.861 65.885 62.916
101.776 102.776 102.776 102.776 102.776 102.775 102.775 102.775 102.775 102.774 102.774 99.773 76.773 77.772 94.772 101.772 102.771 102.771 109.771 26.771 0.000 0.000 0.000 0.000 0.000 0.000 0.000 0.000 0.000 0.000 0.000 0.000 0.000 0.000 0.000 0.000 57.950 0.000 61.389 62.372 90.320 77.240 62.143 62.053 61.978 74.921 64.880 59.855 0.000 0.000 0.000 0.000 0.000 0.000 0.000 0.000 0.000 0.000 0.000 0.000 10.928 69.928 54.928 0.000 0.000 0.000 0.908 63.896 66.884 65.889 62.907 58.937 58.982
102.776 102.776 102.776 102.776 102.776 102.776 102.776 102.775 102.775 102.775 102.774 102.774 104.773 104.773 103.772 102.772 102.771 104.771 93.771 36.771 0.000 0.000 0.000 0.000 0.000 0.000 0.000 0.000 0.000 0.000 0.000 0.000 0.000 0.000 0.000 0.000 0.000 0.000 61.648 62.601 96.515 65.391 62.243 62.119 74.032 82.973 61.936 61.920 60.936 0.000 0.000 0.000 0.000 0.000 0.000 0.000 0.000 0.000 0.000 0.000 0.000 65.928 66.928 53.928 0.926 59.923 61.919 65.913 64.911 62.919 61.939 57.974 66.029
101.777 100.777 102.777 102.777 102.777 102.776 102.776 102.776 102.775 102.775 102.774 102.774 102.773 102.773 102.772 102.772 103.771 86.771 14.771 5.770 63.770 77.770 23.770 0.000 0.000 4.770 0.000 0.000 0.000 0.000 0.000 0.000 0.000 0.000 0.000 3.723 3.701 0.542 57.953 68.871 91.748 62.565 59.319 62.149 62.058 62.003 61.970 61.953 61.952 58.952 0.000 0.000 0.000 0.000 0.000 0.000 0.000 0.000 0.000 0.000 0.000 60.928 56.928 62.928 57.928 65.926 65.925 64.925 60.928 63.938 58.958 57.990 58.044
91.777 91.777 100.777 102.777 102.777 102.777 102.777 102.776 102.776 102.775 102.775 103.774 104.774 102.773 102.772 102.772 102.771 24.771 8.770 63.770 73.770 83.770 82.770 75.770 67.770 8.770 0.000 0.000 0.000 0.000 0.000 0.000 0.000 0.000 3.762 62.744 65.695 65.568 62.320 61.181 70.042 57.804 0.000 58.099 62.050 62.012 61.986 61.972 60.967 0.000 0.000 0.000 0.000 0.000 0.000 0.000 62.929 73.929 0.000 0.000 61.929 59.929 59.929 56.929 64.929 65.929 65.930 62.933 65.938 65.948 63.963 58.983 48.004
73.778 78.778 97.778 103.778 102.778 102.778 102.777 102.777 102.777 102.776 104.775 90.775 86.774 101.773 106.772 103.772 98.771 80.770 83.770 89.770 83.770 84.770 63.770 56.770 2.770 0.000 0.000 0.000 0.000 0.000 0.000 0.000 0.711 0.000 53.779 59.797 62.768 62.692 62.578 62.493 64.434 0.000 0.000 0.000 57.029 62.008 61.992 61.981 61.976 0.000 0.000 0.000 0.000 0.000 0.000 22.929 79.929 61.929 59.929 59.929 59.929 59.929 57.929 62.929 65.930 65.931 61.934 65.938 65.945 64.953 58.964 59.976 49.985
57.778 72.778 91.779 104.779 105.779 105.779 103.778 102.778 103.777 102.777 103.776 41.775 12.774 60.773 78.772 99.771 106.771 104.770 104.770 90.770 13.770 0.000 0.000 0.000 0.000 0.000 0.000 0.000 0.000 8.711 10.711 0.711 0.711 0.711 0.000 58.897 62.886 60.854 61.809 63.777 64.767 0.000 0.000 0.000 0.000 55.000 61.991 61.985 58.981 0.000 0.000 0.000 0.000 0.000 0.000 0.000 21.929 75.929 58.929 58.929 59.929 58.929 58.929 64.930 65.931 63.933 51.936 4.941 69.949 63.956 63.963 63.970 49.975
21.779 43.779 76.780 82.780 76.780 78.779 95.779 103.779 99.778 92.777 91.777 26.776 0.000 0.000 0.000 36.771 71.770 97.769 104.769 1.769 0.000 0.000 0.000 0.000 0.000 0.000 0.000 0.000 0.000 50.711 71.711 16.711 1.711 0.711 0.000 59.007 65.027 64.030 73.026 74.038 64.091 9.249 0.000 0.000 0.000 0.000 58.989 59.987 0.000 0.000 0.000 0.000 0.000 0.000 0.000 0.000 0.000 80.929 83.929 63.929 57.929 55.929 65.929 65.930 60.930 0.000 0.000 0.000 10.954 68.959 65.963 65.967 55.970
0.000 0.000 57.781 66.781 18.781 4.781 67.780 96.779 87.779 83.778 97.778 64.777 24.777 0.000 0.000 0.000 0.000 42.768 73.768 0.000 0.000 0.000 0.000 0.000 0.000 0.000 0.000 0.000 0.000 0.000 55.711 73.711 4.712 0.000 0.000 50.096 64.185 62.213 92.229 85.256 63.312 65.407 11.512 0.000 0.000 0.000 53.989 0.000 0.000 0.000 0.000 0.000 0.000 0.000 0.000 0.000 0.000 0.000 68.929 85.929 70.929 64.929 65.929 60.929 0.000 0.000 0.000 0.000 0.000 60.962 65.964 65.966 60.968
0.000 0.000 53.783 98.783 55.782 4.782 56.781 88.780 90.780 101.779 103.778 106.777 112.777 51.776 20.775 0.000 0.000 0.000 13.765 8.763 0.000 1.753 0.000 0.000 0.000 0.000 0.000 0.000 0.000 0.000 56.712 71.712 1.712 8.712 12.712 0.000 57.405 65.408 95.420 77.446 65.492 64.556 69.616 0.000 0.000 0.000 0.000 0.000 0.000 0.000 0.000 0.000 0.000 0.000 0.000 0.000 0.000 0.000 0.000 6.929 73.929 63.929 61.929 0.000 0.000 0.000 0.000 0.000 59.963 58.963 60.964 54.965 0.000
26.787 41.786 75.785 93.784 101.784 70.783 83.782 106.782 103.781 102.780 102.779 102.778 102.777 108.775 111.774 67.772 26.769 8.767 71.764 85.762 78.757 80.753 36.749 12.745 9.743 0.000 0.000 0.000 0.000 0.000 35.712 57.712 63.712 63.712 66.712 25.713 58.621 87.595 89.596 66.616 64.654 64.709 67.781 12.899 7.950 0.000 0.000 0.000 0.000 0.000 0.000 0.000 0.000 0.000 0.000 0.000 0.000 0.000 0.000 0.000 0.000 0.000 7.929 0.000 0.000 0.000 0.000 61.963 56.963 54.963 0.000 0.000 0.000
99.788 102.787 102.786 100.786 98.785 99.784 101.784 101.783 102.782 103.781 103.780 102.778 95.777 99.776 102.774 106.772 110.769 111.767 103.764 99.761 96.757 91.753 93.749 86.744 42.740 20.735 0.000 0.000 0.000 0.000 0.000 0.000 0.000 0.000 0.000 82.804 71.773 100.754 91.753 78.769 65.799 64.844 64.900 68.965 65.002 0.000 0.000 0.000 0.000 0.000 0.000 0.000 0.000 0.000 0.000 0.000 0.000 0.000 0.000 0.000 0.000 0.000 0.000 0.000 0.000 0.000 0.000 0.000 0.000 0.000 0.000 0.000 0.000
102.789 97.788 95.788 94.787 88.787 85.786 86.785 86.784 92.783 97.782 97.780 90.779 74.778 89.776 102.774 102.772 102.770 102.767 102.764 102.761 103.758 103.753 106.748 107.743 107.737 107.731 46.723 0.000 0.000 0.000 0.000 0.000 0.000 0.000 0.000 54.928 80.911 85.897 69.895 86.906 74.931 64.967 65.011 68.057 11.092 0.000 0.366 0.375 0.000 0.000 0.000 0.000 0.000 0.000 0.000 0.000 0.000 0.000 0.000 0.000 0.000 0.000 0.000 0.000 0.000 0.000 0.000 0.000 0.000 0.000 0.000 0.000 0.000
72.790 45.790 67.789 81.789 79.788 59.787 44.786 40.785 60.784 77.783 76.781 69.780 64.778 74.776 95.774 103.772 102.770 102.768 102.765 102.762 102.759 106.755 81.748 69.742 68.736 72.727 75.716 14.696 3.677 0.387 0.235 0.000 0.000 0.000 0.000 53.069 89.046 72.026 64.022 74.031 85.052 69.082 65.119 65.163 71.216 15.308 9.357 1.384 0.403 6.403 4.403 0.000 0.000 0.000 0.000 0.000 0.000 0.000 0.000 0.000 0.000 0.000 0.000 0.000 0.000 0.000 0.000 0.000 0.000 0.000 0.000 0.000 0.000
62.792 33.791 55.791 70.790 66.790 43.789 29.788 33.787 53.786 67.784 65.783 65.781 66.779 64.777 83.775 100.773 102.771 102.768 102.766 102.763 101.761 64.758 0.000 0.000 0.000 0.000 0.000 0.000 0.000 59.440 79.432 31.421 17.408 13.387 60.337 77.232 94.179 71.141 65.135 63.144 80.163 82.189 68.221 65.258 65.301 68.351 77.387 15.409 10.422 0.000 19.402 0.000 0.000 0.000 0.000 0.000 0.000 0.000 0.000 0.000 0.000 0.000 0.000 0.000 0.000 0.000 0.000 0.000 0.000 0.000 0.000 0.000 0.000
75.793 71.793 66.793 65.792 66.792 68.791 69.790 72.788 71.787 67.786 66.784 66.782 66.780 65.778 72.776 94.774 103.771 102.769 104.767 76.765 42.763 0.000 0.000 0.000 0.000 0.000 0.000 0.000 0.000 24.435 46.430 49.422 53.415 67.417 64.392 85.343 82.295 56.224 63.234 65.248 67.267 80.290 72.318 67.348 65.379 64.409 81.429 72.437 66.436 0.000 0.000 0.000 0.000 0.000 0.000 0.000 0.000 0.000 0.000 0.000 0.000 0.000 0.000 0.000 0.000 0.000 0.000 0.000 0.000 0.000 0.000 0.000 0.000
65.796 66.795 66.795 66.794 66.794 66.793 66.792 66.790 66.789 66.787 66.785 66.783 66.781 66.779 64.777 85.774 102.772 104.770 100.768 26.767 0.000 0.000 0.000 0.000 0.000 0.000 0.000 0.000 0.000 0.000 0.000 0.000 0.000 51.472 68.471 94.454 68.436 0.000 51.331 66.346 64.365 68.388 69.412 78.437 67.460 65.477 64.483 60.473 1.455 0.000 0.000 0.000 0.000 0.000 0.000 0.000 0.000 0.000 0.000 0.000 0.000 0.000 0.000 0.000 0.000 0.000 0.000 0.000 0.000 0.000 0.000 0.000 25.079
66.798 66.798 66.797 66.797 66.796 66.795 66.794 65.792 65.791 66.789 66.787 66.785 66.783 66.780 65.778 73.775 88.773 99.770 87.768 13.767 0.000 0.000 0.000 0.000 0.000 0.000 0.000 0.000 0.000 0.000 0.000 0.000 0.000 28.529 77.567 102.566 12.558 0.000 49.414 67.438 65.462 64.484 72.506 83.527 71.545 65.557 69.553 2.513 0.000 0.000 0.000 0.000 0.000 0.000 0.000 0.000 0.000 0.000 0.000 0.000 0.000 0.000 0.000 0.000 0.000 0.000 0.000 0.000 0.000 0.000 0.000 0.000 82.157
66.800 66.800 66.800 66.799 66.798 66.797 66.796 70.795 71.793 67.791 66.789 66.787 66.784 66.782 66.779 65.776 68.773 77.770 77.768 18.766 0.000 0.000 0.000 0.000 0.000 0.000 20.412 0.000 0.000 0.000 0.000 0.000 0.000 0.737 81.701 96.684 19.673 0.000 33.472 64.530 65.560 65.581 64.600 69.619 71.637 67.652 69.660 0.000 0.000 0.000 0.000 0.000 0.000 0.000 0.000 0.000 0.000 0.000 0.000 0.000 0.000 0.000 0.000 0.000 0.000 0.000 0.000 0.000 0.000 0.000 0.000 66.380 75.288
66.803 66.803 66.802 66.802 66.801 66.800 65.798 77.797 82.795 69.793 66.791 66.789 66.786 66.783 66.780 66.777 66.773 65.770 68.767 49.764 0.000 0.000 0.000 0.000 0.000 62.412 83.412 45.410 36.401 35.390 0.000 0.000 0.000 62.929 104.844 78.797 78.777 5.799 0.000 50.652 67.665 65.680 65.696 63.713 79.732 83.753 77.775 0.889 0.000 0.000 0.000 0.000 0.000 0.000 0.000 0.000 0.000 0.000 0.000 0.000 0.000 0.000 0.000 0.000 0.000 0.000 0.000 0.000 0.000 0.000 40.543 91.471 77.397
66.806 66.806 66.805 66.805 66.804 66.803 65.801 78.800 84.798 68.796 66.793 66.791 66.788 66.785 66.781 66.777 66.773 66.769 66.765 72.760 43.754 0.000 0.000 0.000 2.413 25.413 40.414 62.416 70.404 74.378 48.328 24.261 59.170 97.041 94.950 74.880 56.841 14.820 0.000 50.762 67.768 66.777 69.790 64.806 73.826 96.852 93.893 38.973 3.027 19.053 0.000 0.000 0.000 0.000 0.000 0.000 0.000 0.000 0.000 0.000 0.000 0.000 0.000 43.237 0.000 0.000 0.000 0.000 0.000 0.000 77.615 133.564 116.502
63.809 64.809 65.808 65.808 66.807 66.806 64.804 79.803 82.801 65.798 66.796 66.793 66.790 66.787 66.783 66.779 66.774 66.769 66.763 66.756 72.748 52.737 3.730 0.000 0.000 0.000 0.000 38.437 69.421 65.391 68.345 72.285 84.208 101.117 85.033 52.934 2.887 0.000 0.000 49.866 66.867 69.872 82.881 68.894 78.912 79.937 98.972 103.018 86.056 36.079 0.000 0.000 0.000 0.000 0.000 0.000 0.000 0.000 0.000 0.000 0.000 16.888 54.891 0.066 0.000 0.000 0.000 0.000 0.000 63.828 73.739 74.669 77.604
84.813 79.812 74.812 72.811 68.810 64.809 64.808 79.806 82.804 64.801 66.799 66.796 66.793 66.789 66.785 66.780 65.775 64.769 65.762 65.754 65.745 71.734 48.722 25.707 0.688 0.000 0.000 37.473 75.452 69.420 64.378 77.325 100.259 94.184 62.133 0.000 0.000 0.000 0.000 47.968 65.963 70.962 77.967 72.977 77.993 77.013 90.040 84.071 77.100 50.127 5.158 0.000 0.000 0.000 0.000 0.000 0.000 0.000 0.000 0.000 16.886 19.888 22.893 0.076 10.540 0.000 0.000 6.994 40.994 68.918 137.841 101.777 133.664
104.816 103.816 99.816 94.815 90.814 85.813 80.811 76.809 71.807 65.805 66.802 66.799 66.795 66.792 65.787 67.782 73.777 78.770 77.763 75.754 69.744 64.732 68.717 74.697 38.668 19.633 23.590 57.530 80.493 71.459 67.421 90.377 102.320 58.228 3.180 0.000 0.000 11.153 18.132 52.076 65.055 70.047 86.048 76.055 69.067 62.083 68.103 86.125 83.148 89.170 8.189 0.000 0.000 0.000 0.000 0.000 0.000 0.000 0.000 0.000 0.000 0.000 0.000 0.000 7.557 0.000 0.000 0.000 76.069 67.009 76.943 99.839 76.015
