results2_8e3_rain/res_3e8f-0098.wd
ncols         241
nrows         181
xllcorner     12693529.787448
yllcorner     3542525.717860
cellsize      155.156523
NODATA_value  -9999.000000
[rows 66 to 98 of 181, columns 73 to 145 of 241]
68.466 32.455 0.000 57.653 74.632 73.603 73.576 0.000 45.005 44.988 57.997 54.005 52.985 52.941 51.876 127.783 115.622 0.000 0.000 0.000 48.446 43.390 48.307 51.251 51.205 53.163 54.124 59.082 60.042 60.999 51.939 0.000 0.000 49.245 99.244 81.154 85.006 85.084 83.129 91.057 83.522 83.993 84.724 83.489 83.259 84.048 53.887 0.000 0.000 0.000 0.000 0.000 0.000 0.000 29.871 27.852 27.815 27.762 27.695 27.626 31.551 44.470 41.388 26.304 37.217 46.133 25.052 27.972 33.892 38.814 34.737 28.660 26.586
53.468 59.445 0.000 45.857 69.823 68.796 62.798 15.877 0.000 0.000 51.070 64.143 53.143 52.113 53.071 34.032 0.000 0.000 0.000 0.000 0.000 0.000 59.250 57.226 55.197 38.160 41.121 48.078 49.047 54.015 44.977 0.000 0.000 0.000 59.487 77.391 84.322 84.408 91.499 91.286 83.602 84.283 83.987 83.769 83.551 78.356 36.219 0.000 0.413 33.413 0.000 0.000 0.000 35.910 30.910 27.888 27.850 27.798 27.737 27.668 27.595 27.517 34.437 48.355 49.272 32.190 26.109 27.030 27.951 31.874 30.797 26.722 26.648
55.476 54.412 59.284 57.095 71.007 63.960 64.944 61.956 0.000 0.000 0.000 66.356 61.330 56.296 58.264 5.242 0.000 0.000 0.000 0.000 0.000 0.000 58.216 54.207 45.196 0.000 0.000 46.065 58.051 57.037 0.000 0.000 5.200 62.079 53.823 57.642 64.715 79.770 91.698 83.360 84.906 84.462 84.266 84.041 81.819 64.608 43.413 49.413 47.413 28.413 0.000 0.000 0.000 0.000 44.971 26.942 27.899 31.846 39.784 29.716 27.644 26.567 30.488 45.408 52.327 44.246 30.166 25.087 27.010 26.933 26.857 26.781 25.708
55.514 53.443 57.345 68.232 62.149 55.094 74.061 63.047 15.062 0.000 8.733 58.595 74.524 69.478 69.447 72.429 0.000 0.000 0.000 0.000 4.179 4.182 56.192 47.190 50.185 0.000 0.000 0.000 94.055 121.046 36.046 0.000 61.320 56.217 56.055 55.959 52.040 92.064 91.886 84.414 88.012 84.751 84.535 84.312 76.078 28.843 0.000 51.413 29.413 0.000 0.000 0.000 33.175 32.138 31.062 27.010 30.958 42.901 47.838 45.770 38.696 28.620 37.541 45.461 24.381 30.301 43.222 40.144 36.067 43.991 24.915 26.840 24.767
53.568 59.500 69.421 61.337 53.265 53.206 66.157 74.111 70.076 73.005 74.871 69.766 64.694 66.646 55.615 54.599 0.000 0.000 0.000 5.173 61.175 60.177 48.179 50.176 51.168 55.153 54.143 0.000 5.068 0.000 0.000 7.706 67.544 60.415 55.254 56.343 54.386 92.225 54.047 61.629 76.218 84.031 84.810 82.596 41.337 0.000 0.000 0.000 0.000 0.000 0.000 34.236 28.211 28.178 28.129 29.077 39.023 47.963 46.898 46.827 42.753 38.675 48.595 31.515 26.435 27.355 27.277 37.200 50.125 37.049 24.973 25.897 31.824
59.632 70.569 60.501 53.432 54.368 54.309 56.251 40.163 66.128 64.067 55.982 52.902 51.840 67.796 69.768 56.754 0.000 0.000 0.000 61.172 57.171 54.171 47.170 51.166 51.159 51.147 51.133 10.110 13.082 14.056 16.006 83.867 80.737 69.608 68.563 57.560 92.511 92.375 56.107 62.750 57.520 64.316 83.080 57.924 0.000 0.000 0.000 0.000 0.000 0.000 0.000 34.261 28.257 28.235 28.197 29.149 38.093 48.031 46.963 45.890 42.812 47.732 41.651 25.569 27.488 27.409 27.331 37.256 45.182 24.108 27.032 29.950 48.880
70.702 60.644 53.583 54.522 54.464 55.412 36.374 0.000 23.204 51.155 54.088 54.021 53.969 51.931 75.907 59.895 0.000 0.000 0.000 38.170 55.168 49.167 50.165 51.161 51.154 51.145 51.132 62.115 2.093 6.081 23.094 76.022 85.921 7.810 89.732 79.923 92.630 54.693 68.332 64.970 54.835 51.633 48.270 33.097 0.000 0.000 29.863 0.000 0.000 0.000 0.000 30.290 28.320 28.308 28.275 28.228 29.170 35.105 43.033 42.956 42.875 46.791 24.707 27.623 27.540 26.460 32.383 49.310 32.239 26.171 29.097 9.990 10.925
60.777 53.723 54.666 54.608 54.553 57.502 13.459 11.425 4.328 49.261 54.194 56.125 54.082 53.053 71.033 67.024 0.000 0.000 0.000 0.000 46.164 49.163 51.161 51.157 51.152 51.145 53.136 39.126 0.000 0.000 73.267 76.206 87.117 92.989 87.092 85.126 92.731 75.749 78.448 63.286 56.188 49.111 0.000 0.000 0.000 0.000 27.863 0.000 0.000 0.000 0.000 0.000 31.424 28.404 28.367 28.317 28.256 28.186 28.109 35.026 42.940 30.851 27.762 27.675 27.590 30.509 43.432 43.360 25.295 27.238 30.196 0.000 0.000
53.856 54.804 54.749 54.693 54.637 54.585 58.535 59.487 59.424 55.365 55.302 35.203 52.183 53.164 69.150 68.144 0.000 0.000 0.000 0.000 45.162 51.161 51.159 51.156 51.152 51.148 39.142 0.000 0.000 1.704 78.501 84.419 87.322 87.268 86.345 92.867 85.242 87.956 82.641 67.580 57.518 56.514 56.653 0.000 0.000 0.000 24.863 31.864 24.864 0.000 0.000 0.000 46.548 27.518 28.473 28.416 28.350 29.274 28.191 28.101 28.007 27.912 27.817 27.725 26.636 32.553 47.476 24.405 27.342 27.290 29.253 4.247 0.000
54.939 54.887 54.833 54.777 54.720 54.664 54.611 54.562 54.517 54.475 58.444 0.000 45.283 54.270 70.258 65.258 1.314 0.000 0.000 0.000 50.160 53.159 53.158 53.156 51.153 54.151 0.000 0.000 0.000 70.857 76.742 87.646 87.524 87.630 85.675 93.080 86.382 91.023 86.912 87.843 75.792 63.772 52.793 47.793 49.793 0.000 0.000 30.865 25.864 31.859 32.843 30.802 36.704 46.645 28.590 29.527 38.454 45.371 27.279 28.179 28.076 27.972 27.869 26.771 31.678 50.592 44.513 33.442 26.380 27.326 29.281 44.240 62.179
55.025 54.973 54.919 54.861 54.801 54.739 54.683 57.635 55.604 54.576 58.555 0.000 45.395 54.374 71.354 63.348 3.363 0.000 0.000 0.000 23.159 33.159 32.157 32.155 53.154 38.152 0.000 0.000 0.000 73.048 82.967 87.869 87.823 86.923 93.734 93.426 87.454 88.295 87.150 87.092 88.035 78.990 43.953 0.000 0.000 0.000 0.000 28.867 28.869 25.869 27.868 28.861 27.819 34.770 48.714 31.647 29.568 39.477 27.374 28.262 28.146 28.030 27.918 27.811 35.713 48.623 35.543 47.472 25.409 26.354 31.304 52.255 64.200
55.114 55.062 55.007 54.949 54.884 57.809 59.747 31.691 52.690 55.670 57.644 17.620 48.529 53.477 65.438 63.414 4.404 0.000 0.000 0.000 0.000 0.000 0.000 0.000 34.153 0.000 0.000 0.000 21.489 71.319 88.206 88.082 88.194 86.276 94.013 86.050 91.754 87.446 87.398 87.329 87.268 77.200 38.077 0.000 0.000 0.000 0.000 0.000 31.875 32.882 19.901 27.953 28.941 28.903 32.849 48.780 31.695 28.595 28.479 28.349 28.216 28.085 25.960 31.844 50.739 31.645 30.564 44.493 28.431 26.376 33.325 59.277 64.227
55.204 55.152 55.100 55.045 56.978 32.864 34.805 0.000 14.796 50.768 54.731 58.688 54.625 57.565 62.507 67.467 6.436 0.000 0.000 0.000 0.000 0.000 0.000 0.000 0.000 0.000 0.000 4.780 80.659 82.537 88.427 88.379 87.496 94.515 94.273 87.118 87.831 87.700 87.628 87.563 86.507 66.466 0.000 0.000 0.000 0.000 0.000 0.000 0.000 23.881 0.000 35.109 32.091 28.053 27.998 29.927 46.839 35.730 27.596 28.441 28.284 27.134 31.995 33.867 32.753 29.656 27.575 27.506 27.446 28.393 41.346 63.301 64.257
55.294 55.243 55.196 55.152 60.119 0.000 0.000 21.018 12.931 46.875 55.826 53.775 55.718 67.653 39.557 33.512 0.000 0.000 0.000 0.000 0.000 0.000 0.000 0.000 0.000 0.000 0.000 67.901 72.831 86.741 88.622 88.750 86.843 94.737 86.628 88.300 87.991 87.930 87.853 87.787 79.730 56.691 0.000 0.000 0.000 0.000 0.000 0.000 0.000 0.000 0.000 39.282 34.261 28.220 26.164 29.093 29.003 44.889 37.736 28.534 29.344 27.173 34.019 33.877 30.749 24.651 27.573 27.509 29.454 43.406 62.363 64.324 67.288
56.381 54.332 54.287 54.250 57.226 27.232 24.192 56.106 61.033 54.974 52.922 59.870 69.817 72.770 0.000 0.000 0.000 0.000 0.000 0.000 0.000 0.000 0.000 0.000 0.000 0.000 0.000 70.091 78.026 87.937 88.927 87.965 95.148 94.949 87.663 88.365 88.225 88.145 88.070 88.001 69.936 51.878 0.000 0.000 0.000 0.000 0.000 0.000 0.000 0.000 0.000 37.477 35.449 35.404 32.346 25.277 27.193 28.086 43.927 43.615 40.385 37.196 30.029 28.874 25.715 26.625 27.559 31.504 51.456 63.414 63.377 64.344 63.315
70.464 69.415 68.371 66.333 63.303 64.279 64.238 61.181 62.122 64.068 64.017 69.966 71.911 29.841 0.000 0.000 0.000 0.000 0.000 0.000 0.000 0.000 0.000 0.000 0.000 8.609 16.529 71.347 88.238 89.146 89.095 88.322 95.333 87.148 88.820 88.505 88.438 88.355 88.281 86.211 68.135 39.006 0.000 0.000 0.000 0.000 0.000 0.000 0.000 0.000 0.000 27.700 31.656 34.600 35.539 34.475 31.406 27.335 21.269 0.000 0.000 0.000 0.000 0.000 29.614 27.576 30.533 51.492 64.453 63.418 64.387 67.359 63.336
66.541 68.492 67.448 69.410 71.375 70.342 69.302 67.255 65.207 65.159 66.111 62.065 62.022 0.000 0.000 0.000 0.000 0.000 0.000 0.000 0.000 0.000 0.000 0.000 0.000 57.688 80.632 79.529 88.436 89.324 89.450 87.552 95.506 89.246 88.849 88.723 88.636 88.557 88.487 84.428 64.385 0.000 0.000 0.000 0.000 0.000 0.000 0.000 0.000 0.000 35.132 29.969 26.874 28.800 33.736 35.677 35.623 36.578 27.547 0.000 0.000 0.000 0.000 0.000 30.551 28.533 44.506 65.476 63.446 63.418 63.393 64.370 63.352
54.613 54.564 55.521 62.482 71.446 77.410 65.373 59.333 54.291 52.248 51.206 57.159 36.091 0.000 0.000 0.000 0.000 0.000 0.000 0.000 0.000 0.000 0.000 0.000 0.000 63.824 79.780 87.706 89.621 89.589 88.719 95.812 95.665 91.269 89.073 88.910 88.830 88.751 88.682 83.627 58.594 0.000 0.000 0.000 0.000 0.000 0.000 0.000 0.000 35.433 30.295 30.168 30.070 28.992 25.928 30.875 34.832 35.805 32.795 0.000 0.000 0.000 0.000 33.492 27.505 31.498 59.482 63.461 63.438 63.416 63.396 63.378 63.363
53.679 53.632 57.590 62.551 64.516 67.481 57.447 53.411 54.375 54.339 56.304 34.276 0.000 0.000 0.000 0.000 0.000 0.000 0.000 0.000 0.000 0.000 0.000 0.000 0.000 50.004 78.958 88.892 89.793 89.924 88.033 95.947 88.827 90.497 89.175 89.106 89.016 88.935 88.863 79.805 52.770 0.000 0.000 0.000 0.000 0.000 0.000 0.000 34.698 30.570 30.449 30.339 30.247 30.171 30.109 27.061 26.027 29.014 36.034 36.130 0.000 0.000 0.000 27.478 28.480 46.474 63.463 62.447 62.430 63.413 63.397 63.382 63.371
53.740 53.695 55.655 56.618 54.584 53.552 54.521 53.491 53.460 53.428 58.394 3.364 0.000 0.000 0.000 0.000 0.000 0.000 0.000 0.000 0.000 0.000 0.000 0.000 1.443 58.229 87.160 90.083 90.055 89.187 96.192 96.074 91.829 89.527 89.379 89.287 89.197 89.111 90.031 69.960 57.910 0.000 0.000 34.402 0.000 34.128 36.076 35.979 30.826 30.702 30.591 30.493 30.408 30.336 30.277 30.233 29.202 26.190 35.198 36.226 29.225 0.000 0.000 35.464 27.462 35.457 41.447 44.436 48.422 54.409 60.396 62.384 62.375
54.796 54.754 54.716 54.682 54.651 53.622 53.596 53.571 53.546 52.519 60.482 11.423 0.000 0.000 0.000 0.000 0.000 0.000 0.000 0.000 0.000 0.000 0.000 0.000 42.596 78.465 89.370 90.259 90.399 88.491 96.299 89.291 90.961 89.642 89.564 89.466 89.372 89.280 90.189 62.093 40.002 0.000 0.000 30.402 0.000 29.179 31.123 31.034 30.925 30.820 30.722 30.633 30.555 30.488 30.432 30.390 28.360 30.345 36.343 33.349 0.000 0.000 0.000 34.451 33.448 32.443 31.435 30.425 29.415 33.404 44.394 40.384 42.377
52.848 52.809 52.774 52.743 52.715 52.690 52.669 53.651 55.635 57.620 32.590 0.000 0.000 0.000 0.000 0.000 0.000 0.000 0.000 0.748 9.736 0.000 0.000 12.923 53.787 84.667 90.557 90.544 89.571 96.484 96.396 92.286 89.989 89.837 89.740 89.642 89.546 89.450 85.351 32.222 0.000 0.000 0.000 30.403 36.380 31.288 31.202 31.111 31.020 30.930 30.844 30.763 30.691 30.628 30.575 30.533 27.504 36.486 36.479 32.480 0.000 0.000 0.000 33.441 32.437 33.432 33.425 33.417 33.408 33.399 32.390 32.383 31.377
53.896 53.860 56.828 60.800 63.775 67.755 69.739 72.728 71.725 63.734 1.782 12.886 36.927 4.951 0.000 0.000 0.000 0.000 0.000 40.759 67.734 7.699 0.000 47.058 79.962 89.850 90.748 90.677 89.900 96.560 88.732 90.415 90.095 90.017 89.916 89.818 89.719 90.622 77.544 0.000 0.000 0.000 0.000 10.426 30.450 31.390 33.285 33.190 31.113 31.037 30.960 30.886 30.818 30.757 30.706 27.666 32.636 35.617 36.609 27.610 0.000 0.000 0.000 17.435 38.428 38.423 35.416 32.409 32.401 33.393 34.386 34.380 33.375
55.940 54.907 61.878 70.853 71.832 70.815 69.803 68.798 65.802 59.819 34.861 51.908 69.946 38.974 22.999 0.000 0.000 0.000 11.820 50.787 64.741 3.664 22.514 64.291 89.149 92.035 90.877 91.089 89.064 96.623 90.722 90.434 90.283 90.188 90.091 89.994 89.891 91.774 35.659 0.000 0.000 0.000 0.000 0.000 26.603 32.537 13.357 13.251 30.206 31.144 31.074 31.003 30.937 30.878 29.828 27.787 36.757 36.737 33.730 27.742 33.795 0.000 0.000 0.000 49.419 64.415 57.408 53.401 49.394 45.387 48.382 48.377 31.373
55.980 55.951 58.925 61.903 60.884 58.870 56.861 54.859 52.864 52.881 61.908 63.942 60.973 58.001 62.025 10.047 0.000 0.000 51.854 81.828 32.779 28.702 62.586 86.443 91.318 91.179 91.300 89.256 96.707 89.135 90.847 90.531 90.457 90.360 90.268 90.176 93.076 49.925 0.000 0.000 0.000 0.000 0.000 0.000 28.824 33.798 0.000 0.000 27.314 31.261 31.189 31.116 31.049 30.990 27.940 35.899 36.867 35.845 26.833 30.834 30.847 0.000 0.000 0.000 17.415 47.410 65.401 64.393 64.387 64.381 64.376 58.372 48.369
56.017 55.992 55.969 54.949 54.933 55.920 55.913 55.911 53.917 54.930 59.951 62.977 59.004 54.030 57.053 12.068 0.000 0.000 43.914 53.890 31.845 64.778 79.687 88.579 91.472 91.410 90.513 97.094 96.851 90.130 90.857 90.712 90.622 90.531 90.444 90.365 93.312 0.000 0.000 8.694 17.694 0.000 0.000 30.182 33.070 32.033 39.078 0.000 27.477 31.396 31.305 31.224 31.154 29.094 31.043 37.001 36.967 28.941 29.924 30.915 30.912 0.000 0.000 0.000 0.000 0.000 47.393 63.384 63.379 63.374 63.370 64.367 64.364
56.052 56.030 56.009 55.991 55.977 55.966 55.959 54.957 53.961 57.972 61.989 62.011 57.036 53.063 58.088 11.105 0.000 0.000 39.998 8.975 55.935 79.877 85.802 91.722 91.583 91.801 89.796 97.310 89.559 91.268 90.953 90.881 90.787 90.697 90.611 97.530 81.495 0.000 4.694 54.694 40.694 0.000 0.000 25.294 33.241 32.186 32.124 37.982 35.722 34.540 31.410 31.320 31.249 28.189 36.138 37.095 33.059 28.030 31.008 30.989 32.975 36.987 0.000 0.000 0.000 0.000 0.000 60.373 63.370 63.367 63.364 64.361 62.358
56.087 56.066 56.047 56.031 56.017 56.006 55.000 53.997 56.000 60.008 63.021 59.041 54.068 53.099 56.131 38.160 25.190 26.175 22.106 23.076 63.041 83.993 89.934 91.839 91.990 89.991 97.688 97.507 90.571 91.281 91.133 91.041 90.949 90.861 95.771 38.649 53.644 23.683 54.693 62.695 0.000 0.000 0.000 24.460 33.415 32.345 32.250 42.102 52.886 26.634 36.477 32.396 29.333 31.276 37.226 36.181 27.144 30.113 31.087 31.060 18.011 18.999 0.000 0.000 0.000 0.000 0.000 41.365 62.363 63.360 63.357 67.354 63.352
56.121 56.101 56.083 56.067 56.054 56.044 54.036 54.033 58.033 65.038 66.047 62.065 57.094 55.132 55.178 57.213 57.236 66.229 7.174 41.182 79.161 86.122 92.071 92.054 91.199 98.010 97.854 90.937 91.714 91.373 91.297 91.198 91.108 91.027 98.965 0.000 36.750 38.711 28.701 30.698 0.000 0.000 0.000 27.671 33.613 32.531 38.427 54.290 31.088 0.000 17.466 30.455 28.411 36.358 37.307 33.261 30.222 31.191 31.168 33.152 0.000 0.000 0.000 0.000 0.000 0.000 33.360 14.360 53.355 63.353 63.350 68.348 63.345
56.154 56.135 56.117 56.102 56.088 55.077 54.069 56.064 63.062 40.063 16.063 15.080 12.111 42.159 59.234 54.279 57.311 38.330 0.351 46.318 84.297 90.269 92.178 92.438 90.475 98.153 91.279 92.053 91.618 91.556 91.448 91.351 91.259 92.173 90.098 12.040 11.895 0.000 0.000 0.000 0.000 0.000 27.097 34.939 32.835 31.740 51.639 55.541 0.000 0.000 0.000 26.547 32.498 37.439 37.382 27.333 31.293 31.262 31.241 34.229 0.000 0.000 0.000 0.000 0.000 0.000 12.359 0.000 41.346 63.345 63.344 69.342 63.340
56.186 56.166 56.149 56.134 55.120 54.109 56.099 59.093 67.089 26.088 0.000 0.000 0.000 0.000 41.322 56.357 57.400 43.449 45.507 71.472 88.449 92.395 92.588 90.627 98.406 98.285 92.264 91.956 91.805 91.699 91.598 91.499 91.403 94.307 79.214 8.127 0.000 0.000 0.000 0.000 0.000 0.000 27.256 34.154 33.050 30.953 58.849 19.695 0.000 0.000 32.818 37.690 37.595 37.516 35.451 30.397 31.355 31.324 31.304 33.295 0.000 37.381 0.000 0.000 0.000 0.000 0.000 0.000 34.339 63.339 63.338 63.336 63.335
56.215 56.196 56.179 56.164 55.150 54.137 58.127 62.119 66.113 24.111 0.000 0.000 0.000 0.000 21.374 64.426 59.485 65.558 78.610 87.615 91.600 92.628 91.798 98.620 98.517 91.609 92.381 92.036 91.950 91.844 91.744 91.646 95.546 58.437 30.325 0.000 0.000 0.000 0.000 0.000 0.000 29.730 34.517 33.369 35.259 32.172 56.110 0.000 0.000 28.102 34.947 50.798 39.677 36.582 32.507 30.449 30.405 31.375 31.356 31.353 36.374 32.381 23.381 0.000 0.000 0.000 30.327 32.329 31.332 63.333 63.332 63.332 63.331
56.243 56.225 56.208 56.193 54.178 56.165 62.152 63.142 61.135 48.133 9.140 0.000 0.000 0.000 0.000 17.490 13.554 53.688 84.759 88.779 92.747 92.939 91.081 98.713 90.929 92.705 92.268 92.200 94.086 92.984 91.887 91.795 97.700 20.568 0.000 0.000 0.000 0.000 0.000 11.299 50.188 49.943 37.712 34.548 45.445 40.366 41.309 2.313 0.000 26.258 31.069 41.878 37.734 41.626 35.547 38.487 37.443 34.413 31.394 30.386 30.388 36.388 0.000 0.000 0.000 0.000 27.326 27.327 37.328 63.328 63.328 63.327 63.327
