results2_8e3_rain/res_3e8f-0111.wd
ncols         241
nrows         181
xllcorner     12693529.787448
yllcorner     3542525.717860
cellsize      155.156523
NODATA_value  -9999.000000
[rows 33 to 65 of 181, columns 73 to 145 of 241]
0.000 0.000 0.000 0.000 0.000 0.000 0.000 0.000 0.000 0.000 0.000 0.000 0.000 0.000 0.000 0.000 0.000 0.000 0.000 0.000 0.000 0.000 0.000 0.000 0.000 0.000 0.000 0.000 0.000 0.000 0.000 0.000 0.000 0.000 0.000 0.000 0.000 0.000 0.000 37.076 60.077 65.079 21.081 0.000 0.000 30.155 44.182 11.163 2.164 34.185 37.200 31.200 32.183 33.151 33.102 33.037 32.954 31.851 37.717 57.512 4.096 11.990 9.342 44.564 61.048 65.581 64.146 64.756 63.302 65.401 60.467 60.052 60.042
0.000 0.000 0.000 0.000 0.000 0.000 0.000 0.000 0.000 0.000 0.000 0.000 0.000 0.000 0.000 0.000 0.000 0.000 0.000 0.000 0.000 0.000 0.000 0.000 0.000 0.000 0.000 0.000 0.000 0.000 0.000 0.000 0.000 0.000 0.000 0.000 0.000 0.000 0.000 0.000 12.078 7.078 0.000 0.000 0.000 0.000 26.267 0.000 0.000 24.224 48.263 47.268 37.252 33.219 33.167 33.095 33.005 31.898 53.778 51.645 0.000 34.877 47.472 60.931 65.432 64.965 64.543 64.058 65.128 61.154 60.422 60.671 62.980
0.000 0.000 0.000 0.000 0.000 0.000 0.000 0.000 0.000 0.000 0.000 0.000 0.000 0.000 0.000 0.000 0.000 0.000 32.736 64.736 17.736 0.000 0.000 0.000 0.000 0.000 0.000 0.000 0.000 0.000 0.000 0.000 0.000 0.000 0.000 0.000 0.000 0.000 0.000 0.000 0.000 0.000 0.000 0.000 0.000 0.000 18.352 0.000 0.000 0.000 26.359 44.355 44.340 35.307 33.252 33.173 31.071 46.956 55.854 0.000 20.564 45.170 59.737 66.258 65.779 65.333 64.821 66.861 62.853 60.920 61.310 63.640 62.891
0.000 0.000 0.000 0.000 0.000 0.000 0.000 0.000 0.000 0.000 0.000 19.738 57.738 0.000 0.000 0.000 0.000 0.000 39.737 90.736 46.736 0.000 0.000 0.000 0.000 0.000 0.000 0.000 0.000 0.000 0.000 0.000 0.000 0.000 0.000 0.000 0.000 0.000 0.000 0.000 0.000 0.000 0.000 0.000 0.000 0.000 21.437 22.475 29.493 15.493 25.460 33.454 46.445 37.417 33.361 30.272 41.152 51.003 39.827 15.490 44.958 62.503 67.049 66.578 66.122 65.589 65.600 64.565 61.533 61.966 64.306 63.560 63.332
0.000 0.000 0.000 0.000 0.000 0.000 0.000 0.000 0.000 0.000 0.000 40.738 75.738 64.738 51.738 6.738 0.737 24.737 78.737 86.737 51.736 0.000 0.000 0.000 0.000 20.504 0.000 0.000 0.000 0.000 0.000 0.000 0.000 0.000 0.000 0.000 0.000 4.511 0.000 0.000 0.000 8.512 26.512 0.000 0.000 37.494 52.483 55.496 53.512 39.525 33.536 32.555 46.568 37.556 29.504 43.402 57.261 45.076 32.963 47.684 52.276 64.835 67.373 66.914 66.365 66.349 64.293 62.259 62.645 64.986 64.242 64.014 63.689
0.000 0.000 0.000 0.000 0.000 0.000 0.000 0.000 0.000 0.000 0.000 11.738 73.738 56.738 37.738 0.000 20.738 70.737 81.737 88.737 47.736 0.000 0.000 0.000 0.000 58.504 42.504 0.000 0.000 0.000 0.000 0.000 0.000 0.000 0.000 0.000 21.511 33.511 35.511 0.000 0.000 17.512 42.512 21.511 35.510 58.505 61.505 62.515 59.533 46.560 33.602 30.661 47.717 38.735 42.695 60.571 54.416 0.000 31.264 50.007 62.626 68.184 67.725 67.163 67.117 65.046 63.115 63.352 65.688 64.946 64.717 64.386 64.063
0.000 0.000 0.000 0.000 0.000 0.000 0.000 0.000 0.000 0.000 0.000 0.000 0.000 24.738 62.738 58.738 46.738 59.738 79.737 90.736 43.736 0.000 0.000 0.000 0.000 20.504 44.504 46.504 0.000 0.000 0.000 0.000 0.000 0.000 0.000 0.000 37.511 38.511 50.512 33.512 22.512 36.512 37.513 33.513 40.512 47.513 45.516 38.526 57.545 23.580 39.651 42.772 32.903 44.974 57.971 54.771 0.000 6.254 42.824 59.452 68.038 68.568 68.007 67.926 64.844 64.143 64.099 66.419 65.678 65.446 65.112 64.780 64.436
0.000 0.000 0.000 0.000 0.000 0.000 0.000 0.000 0.000 0.000 0.000 0.000 0.000 14.738 81.738 76.739 66.739 56.739 80.738 88.736 83.734 68.731 23.729 0.000 0.000 0.000 0.504 54.505 38.505 36.505 47.505 42.506 5.506 0.000 0.000 1.511 37.511 36.511 57.512 63.512 52.512 44.513 36.513 33.514 34.515 35.517 34.521 32.528 40.540 1.560 0.000 1.986 38.150 61.285 59.443 0.000 5.020 42.684 56.323 65.950 69.475 69.023 69.788 65.724 65.424 64.906 67.189 66.444 66.207 65.869 65.535 65.182 64.811
0.000 0.000 0.000 0.000 0.000 0.000 0.000 0.000 0.000 0.000 0.000 0.000 0.000 0.000 14.739 53.739 28.740 64.740 83.739 88.737 86.734 84.731 73.727 32.725 0.000 0.000 0.000 10.505 49.505 49.505 62.505 60.506 53.506 48.506 0.000 0.000 4.511 41.511 60.512 67.512 59.513 43.513 32.514 33.515 33.516 33.519 33.522 33.527 37.531 0.000 0.000 0.000 8.362 45.574 15.074 12.443 47.356 52.135 63.857 70.448 70.286 68.510 66.818 67.092 65.810 68.021 67.257 67.003 66.657 66.320 65.971 65.602 65.195
0.000 0.000 0.000 0.000 0.000 0.000 0.000 0.000 0.000 0.000 0.000 0.000 0.000 0.000 0.000 0.000 85.742 85.742 87.741 87.739 86.735 80.730 74.725 45.722 0.000 0.000 0.000 0.000 0.000 17.505 62.506 56.506 71.506 68.507 47.507 26.509 27.510 36.511 58.512 67.512 58.513 41.513 31.514 36.516 35.517 33.519 33.522 33.525 34.527 26.526 0.000 0.000 0.000 0.000 6.837 49.899 52.824 60.668 71.379 71.479 69.830 71.682 69.365 66.871 68.946 68.138 67.847 67.478 67.128 66.779 66.427 66.061 64.636
0.000 0.000 0.000 0.000 0.000 0.000 20.655 43.652 0.000 21.598 61.589 50.577 54.566 29.560 0.000 0.000 21.744 93.745 87.745 84.742 81.736 84.728 75.721 38.716 0.000 0.000 0.000 0.000 0.000 0.000 0.000 6.506 60.506 61.507 12.507 0.000 3.511 40.511 58.512 63.512 53.513 44.514 42.515 4.516 11.518 39.520 33.522 33.524 34.525 40.525 48.525 10.525 0.000 0.000 22.536 55.494 59.385 70.188 72.396 72.025 75.332 73.891 68.252 70.012 69.111 68.752 68.340 67.962 67.595 67.240 66.897 66.579 72.331
0.000 0.000 0.000 0.000 0.000 0.000 20.658 63.650 5.632 55.608 57.591 69.575 52.562 37.554 0.000 0.000 9.746 78.748 90.753 87.749 87.739 88.726 82.714 36.706 0.000 0.000 0.000 0.000 0.000 0.000 0.000 0.000 0.000 45.507 4.507 0.000 0.000 46.511 43.512 55.512 12.512 0.000 0.000 0.000 0.000 5.521 43.522 37.523 0.524 30.525 64.525 47.525 0.525 0.000 27.286 61.125 70.025 73.141 72.894 77.093 76.350 69.646 71.162 70.164 69.719 69.249 68.829 68.431 68.052 67.688 67.342 67.027 71.779
18.907 62.905 52.903 0.000 0.000 0.000 14.668 74.658 50.637 52.613 58.590 82.570 83.554 78.540 32.527 0.000 0.000 0.000 38.770 92.761 87.744 88.723 85.703 44.689 0.000 0.000 0.000 0.000 0.000 0.000 0.000 0.000 0.000 3.507 0.000 0.000 0.000 0.000 0.000 0.000 0.000 0.000 0.000 0.000 0.000 0.000 0.000 18.523 15.523 0.000 0.000 0.000 0.000 16.698 54.113 71.063 72.736 73.665 78.025 77.640 70.695 72.214 71.210 70.709 70.187 69.724 69.291 68.883 68.493 68.118 67.757 67.408 70.058
18.908 74.905 56.900 52.895 0.000 0.000 1.690 66.676 68.647 68.616 80.587 77.563 89.542 88.525 49.514 0.000 0.000 0.000 14.796 94.780 87.754 88.721 85.686 45.657 0.000 0.000 6.267 54.232 66.195 35.170 0.000 0.000 0.000 0.000 0.000 0.000 0.000 0.000 0.000 0.000 0.000 0.000 0.000 0.000 0.000 0.000 0.000 0.000 3.523 0.000 0.000 0.000 14.666 55.171 72.128 72.707 78.928 78.417 71.993 72.538 73.011 72.160 71.656 71.116 70.625 70.163 69.729 69.316 68.918 68.534 68.159 74.791 15.425
82.910 79.905 58.899 59.890 51.879 0.000 56.731 51.708 59.657 72.618 76.579 87.552 88.527 87.505 56.489 0.000 0.000 0.000 13.838 93.811 87.769 88.720 83.664 63.596 47.491 48.395 48.301 56.236 77.183 44.144 0.000 0.000 0.000 0.000 0.000 0.000 0.000 0.000 0.000 0.000 0.000 0.000 0.000 0.000 0.000 0.000 0.000 0.000 0.000 0.000 12.766 43.541 53.045 72.027 73.615 80.291 79.690 72.551 74.253 73.567 73.000 72.514 71.994 71.501 71.027 70.577 70.147 69.733 69.331 68.940 75.555 21.173 0.000
79.913 74.908 72.900 55.888 59.867 59.834 50.789 43.769 0.000 0.000 18.560 77.540 88.508 86.480 71.447 38.401 0.000 1.036 62.908 83.855 88.793 87.725 88.652 78.573 54.483 51.392 50.305 59.228 77.156 60.081 45.977 46.895 50.834 61.797 25.782 0.000 0.000 0.000 0.000 0.000 0.000 0.000 0.000 0.000 0.000 0.000 0.000 0.000 0.000 0.000 23.968 63.806 71.749 74.394 81.177 80.779 73.287 74.938 74.141 73.749 73.284 72.804 72.328 71.861 71.408 70.971 70.548 70.137 69.735 75.339 21.947 0.000 0.000
68.918 20.914 88.906 59.894 53.869 54.846 56.822 56.811 45.819 0.000 0.000 0.000 22.486 93.461 83.419 61.355 53.250 60.131 59.003 60.911 68.822 69.735 56.648 53.562 51.474 51.387 50.300 59.215 74.132 53.046 49.955 54.874 70.811 73.775 58.767 32.767 0.000 0.000 0.000 0.000 0.000 0.000 0.000 0.000 0.000 0.000 0.000 0.000 0.000 14.818 56.658 72.264 75.101 81.739 81.497 73.995 75.622 74.822 74.447 73.998 73.552 73.101 72.651 72.207 71.773 71.350 70.937 70.532 76.132 21.736 0.000 0.000 0.000
14.925 87.922 88.918 74.912 0.000 1.857 61.843 57.831 68.828 59.828 0.000 0.000 1.488 81.458 78.413 63.349 54.264 51.167 51.063 53.962 66.850 74.744 77.643 70.553 60.466 53.380 52.292 68.202 71.111 46.017 49.922 49.834 50.763 54.723 33.745 0.000 0.000 0.000 4.334 0.000 0.000 0.000 0.000 0.000 0.000 0.000 0.000 18.052 49.720 57.572 71.082 82.399 82.009 75.068 75.654 76.207 75.503 75.124 74.685 74.257 73.826 73.395 72.967 72.544 72.128 71.720 72.318 78.921 22.526 0.000 0.000 0.000 0.000
92.933 88.933 88.930 88.923 75.911 58.883 58.862 58.844 49.833 0.000 15.573 22.561 74.521 71.477 74.427 67.365 68.291 68.209 68.121 71.022 65.873 65.748 67.626 71.540 72.458 70.374 66.285 77.191 75.091 62.988 63.883 63.778 65.682 40.609 0.000 0.000 0.000 0.000 5.334 0.000 0.000 0.000 0.000 0.000 0.000 4.917 52.704 53.273 74.287 74.842 83.491 83.002 77.566 77.272 76.650 76.170 75.778 75.351 74.934 74.517 74.101 73.687 73.278 72.874 72.476 73.083 76.694 9.307 0.000 0.000 0.000 0.000 0.000
91.941 87.946 87.947 88.941 85.926 63.903 57.877 58.852 59.826 51.796 0.683 66.589 63.550 64.504 65.451 60.392 64.326 69.257 77.189 62.134 0.000 0.000 12.574 70.522 66.453 66.374 66.284 66.184 66.076 65.962 65.842 65.715 63.578 58.423 31.215 0.000 6.872 50.645 57.334 69.012 38.760 0.000 0.000 0.000 0.000 54.108 64.916 76.846 77.482 84.237 83.898 78.229 77.895 77.148 76.807 76.406 75.995 75.588 75.180 74.775 74.373 73.975 73.583 73.198 73.818 76.442 24.068 0.000 0.000 0.000 0.000 0.000 0.000
77.948 77.963 77.972 88.967 88.951 78.924 54.892 57.859 58.824 58.782 64.719 73.644 57.588 54.536 52.482 59.425 74.365 73.304 58.245 38.189 0.000 0.000 0.000 0.000 55.456 50.387 50.293 50.186 50.068 50.942 53.807 54.661 54.494 53.288 54.008 52.572 52.099 60.730 67.345 64.942 71.508 68.931 63.396 60.871 63.246 74.813 78.312 78.100 84.732 84.516 78.880 78.523 77.763 77.425 77.018 76.620 76.220 75.821 75.425 75.031 74.641 74.256 73.882 74.517 75.157 13.800 0.000 0.000 0.000 0.000 0.000 0.000 0.000
0.000 43.986 56.009 84.006 87.985 68.951 51.908 50.867 58.830 58.789 57.739 51.680 52.621 58.570 75.517 74.462 57.405 50.350 40.297 0.000 59.919 68.863 64.776 65.665 68.529 71.423 70.315 71.198 74.068 72.930 69.785 71.627 66.447 52.229 55.956 54.609 59.224 76.828 83.375 79.905 73.399 67.885 69.407 75.858 80.699 79.107 85.338 84.982 78.884 80.487 79.063 78.391 78.040 77.631 77.234 76.837 76.443 76.053 75.668 75.285 74.902 75.526 73.172 68.830 20.494 0.000 0.000 0.000 0.000 0.000 0.000 0.000 0.000
0.000 0.000 49.074 68.060 79.033 53.988 45.922 52.871 50.838 57.807 58.769 58.715 51.647 68.605 60.556 49.500 52.441 44.393 0.000 69.058 71.976 71.893 73.799 74.691 77.572 81.460 80.347 80.223 80.076 81.925 82.776 80.617 68.437 54.226 55.977 55.685 55.357 57.986 31.421 3.903 93.294 134.828 112.347 78.274 79.786 86.330 85.881 79.343 82.064 79.470 79.018 78.650 78.244 77.846 77.447 77.051 76.661 76.281 75.908 75.537 77.158 71.775 60.448 15.139 0.000 0.000 0.000 0.000 0.000 0.000 0.000 0.000 37.503
1.386 0.000 4.154 25.127 60.101 42.044 0.000 47.858 52.844 52.831 58.814 47.764 0.000 52.647 50.602 52.539 53.469 63.388 77.278 74.140 76.034 81.936 91.835 135.728 132.609 132.498 132.391 132.271 133.088 116.918 48.778 51.628 49.457 57.261 56.042 52.797 50.535 32.336 0.000 0.000 2.000 59.659 76.701 81.307 87.033 86.710 78.954 80.646 79.937 79.624 79.246 78.854 78.459 78.060 77.659 77.259 76.870 76.500 77.147 75.797 67.418 55.967 13.708 0.000 0.000 0.000 0.000 0.000 0.000 0.000 0.000 28.656 49.586
75.377 23.337 12.259 75.195 53.198 0.000 0.000 0.000 46.851 59.858 51.892 0.000 4.817 60.735 51.664 62.588 75.505 75.413 80.307 83.191 76.082 61.980 52.880 48.775 46.639 49.532 50.447 37.381 0.000 53.880 50.790 49.659 53.501 57.322 54.131 45.926 52.649 33.488 0.000 0.000 54.945 71.972 81.715 87.526 87.305 79.548 81.227 80.515 80.214 79.836 79.458 79.071 78.677 78.277 77.869 77.455 77.062 77.703 73.382 62.085 18.752 0.000 0.000 0.000 0.000 0.000 0.000 0.000 0.000 0.000 0.000 46.726 45.671
85.395 93.376 81.351 0.000 10.297 4.397 0.000 0.000 0.000 0.000 56.003 53.987 61.898 58.813 58.730 58.644 75.552 89.452 78.345 58.234 56.125 51.023 52.928 43.854 0.000 55.545 52.484 41.425 0.000 54.932 49.844 50.718 57.565 55.393 53.237 35.125 0.000 0.263 51.506 49.384 66.193 82.122 87.800 80.496 81.059 81.712 81.101 80.799 80.428 80.060 79.681 79.294 78.900 78.501 78.085 78.630 78.218 67.869 52.591 15.411 0.000 0.000 0.000 0.000 0.000 0.000 0.000 0.000 22.115 21.069 35.983 47.853 35.766
75.422 79.420 69.418 0.000 0.000 69.497 62.525 56.520 0.435 8.233 74.131 71.059 57.976 58.889 58.800 59.705 80.605 132.499 125.387 72.274 127.163 48.057 51.956 51.860 53.751 51.619 51.517 51.412 53.263 49.071 48.936 57.805 56.650 53.447 48.298 37.211 0.000 0.000 53.618 60.488 82.514 81.413 88.162 81.545 82.127 81.671 81.374 81.019 80.662 80.292 79.913 79.523 79.129 78.744 80.340 75.761 57.314 43.962 45.704 11.557 0.000 0.000 0.000 0.000 0.000 0.000 0.000 0.000 31.161 36.108 50.029 43.935 33.851
71.451 66.466 10.482 0.000 0.631 52.570 61.557 58.521 76.446 70.327 75.229 83.144 74.058 58.968 58.874 58.773 57.665 51.550 46.431 51.311 48.196 52.085 51.981 51.879 51.773 51.662 51.555 51.441 50.306 55.152 57.025 57.915 41.783 0.000 41.298 0.000 0.000 0.000 57.831 79.768 83.789 89.171 88.702 81.642 82.289 81.925 81.604 81.263 80.906 80.535 80.154 79.758 79.349 78.005 39.769 0.000 0.000 0.000 0.000 0.000 0.000 0.000 0.000 27.635 22.602 21.548 20.476 24.384 33.260 49.174 43.091 34.007 43.927
63.477 54.510 59.563 4.653 57.680 53.648 52.613 70.563 63.490 79.401 88.313 68.229 54.143 52.053 54.955 57.848 58.732 58.606 51.475 50.345 51.223 51.109 52.002 51.901 51.801 56.701 53.601 50.493 51.367 54.206 58.098 47.048 0.000 0.000 0.000 0.000 13.555 133.435 77.145 84.173 82.156 89.586 81.473 83.986 85.464 82.184 81.860 81.521 81.163 80.788 81.410 78.006 65.504 56.157 13.963 0.000 0.000 0.000 0.000 0.000 0.000 0.000 29.719 29.668 29.622 30.566 30.498 31.415 45.322 45.236 29.154 32.075 33.998
38.492 39.536 33.605 57.717 53.746 52.727 63.686 67.625 78.552 85.473 51.394 50.315 51.233 53.144 52.045 48.933 56.807 57.667 58.518 57.373 51.241 50.124 49.018 49.921 55.829 114.741 82.654 62.562 45.465 0.000 60.114 68.131 0.000 0.000 0.000 0.000 57.676 68.578 85.463 83.503 90.309 89.961 82.568 83.092 83.752 82.452 82.134 81.797 81.437 82.043 80.694 33.350 0.000 0.000 0.000 0.000 0.000 0.000 0.000 0.000 0.000 0.000 36.770 32.697 29.652 30.598 28.533 40.457 47.376 31.295 32.216 40.140 38.065
0.000 0.000 0.000 50.864 53.860 55.831 76.776 87.701 101.621 83.545 12.474 69.404 69.330 53.245 53.148 52.033 49.897 52.738 58.557 56.386 57.246 59.128 57.026 54.936 50.854 45.780 50.711 45.637 0.000 0.000 0.000 54.229 46.254 0.000 0.000 0.278 67.895 84.776 84.857 82.877 90.627 82.303 84.798 86.299 83.036 82.739 82.427 82.096 81.744 79.254 33.974 0.000 0.000 0.000 0.000 0.000 0.000 0.000 0.000 0.000 0.000 35.963 5.895 0.000 37.691 27.643 38.578 50.506 38.429 33.353 38.277 42.202 35.130
0.000 0.000 0.000 49.015 54.999 70.959 81.888 129.781 123.685 125.613 131.554 127.498 128.436 53.361 53.268 52.153 52.010 50.832 45.585 55.368 57.227 58.117 56.023 57.942 57.872 58.814 51.774 0.000 0.000 0.000 0.000 55.303 40.278 0.000 0.000 59.397 81.194 85.130 84.116 91.205 90.924 83.367 83.908 84.592 83.324 83.042 82.740 83.415 58.191 0.000 0.000 0.000 0.000 0.000 0.000 0.000 0.000 0.000 48.250 37.204 27.132 31.031 30.953 31.885 31.779 34.703 47.631 44.558 39.484 40.409 38.335 36.263 32.192
15.199 0.000 0.000 50.182 67.162 75.119 81.037 51.848 50.727 49.666 46.630 47.599 47.555 53.493 53.411 69.302 69.157 44.994 0.000 42.273 55.178 57.091 55.007 56.936 56.878 57.830 53.798 0.000 0.000 0.000 53.500 38.402 0.000 0.000 60.748 69.599 86.446 85.342 84.518 91.468 83.054 85.576 88.107 83.878 83.624 83.366 82.076 69.635 28.413 0.000 0.000 0.000 0.000 0.000 34.478 29.460 29.425 29.371 33.296 45.231 48.159 34.078 29.000 30.923 32.838 47.760 46.686 32.612 41.538 42.465 41.393 34.322 30.253
