results2_8e3_rain/res_3e8f-0132.wd
ncols         241
nrows         181
xllcorner     12693529.787448
yllcorner     3542525.717860
cellsize      155.156523
NODATA_value  -9999.000000
[rows 33 to 65 of 181, columns 73 to 145 of 241]
0.000 0.000 0.000 0.000 0.000 0.000 0.000 0.000 0.000 0.000 0.000 0.000 0.000 0.000 0.000 0.000 0.000 0.000 0.000 0.000 0.000 0.000 0.000 0.000 0.000 0.000 0.000 0.000 0.000 0.000 0.000 0.000 0.000 0.000 0.000 0.000 0.000 0.000 0.000 38.159 61.160 66.162 22.164 0.000 0.000 31.243 45.272 12.252 3.253 35.275 38.292 32.291 33.274 34.240 34.190 34.121 34.034 32.924 38.777 58.549 5.085 13.240 10.548 45.737 62.207 66.734 65.295 65.899 64.440 66.533 61.594 61.192 61.183
0.000 0.000 0.000 0.000 0.000 0.000 0.000 0.000 0.000 0.000 0.000 0.000 0.000 0.000 0.000 0.000 0.000 0.000 0.000 0.000 0.000 0.000 0.000 0.000 0.000 0.000 0.000 0.000 0.000 0.000 0.000 0.000 0.000 0.000 0.000 0.000 0.000 0.000 0.000 0.000 13.161 8.161 0.000 0.000 0.000 0.000 27.363 0.000 0.000 25.317 49.358 48.363 38.347 34.313 34.259 34.185 34.092 32.980 54.852 52.701 0.000 36.088 48.667 62.109 66.600 66.126 65.699 65.210 66.275 62.297 61.581 61.834 64.140
0.000 0.000 0.000 0.000 0.000 0.000 0.000 0.000 0.000 0.000 0.000 0.000 0.000 0.000 0.000 0.000 0.000 0.000 33.804 65.804 18.804 0.000 0.000 0.000 0.000 0.000 0.000 0.000 0.000 0.000 0.000 0.000 0.000 0.000 0.000 0.000 0.000 0.000 0.000 0.000 0.000 0.000 0.000 0.000 0.000 0.000 19.454 0.000 0.000 0.000 27.461 45.456 45.439 36.406 34.349 34.269 32.168 48.053 56.951 0.000 21.739 46.356 60.921 67.436 66.951 66.501 65.985 68.021 64.011 62.098 62.494 64.822 64.071
0.000 0.000 0.000 0.000 0.000 0.000 0.000 0.000 0.000 0.000 0.000 20.805 58.805 0.000 0.000 0.000 0.000 0.000 40.804 91.804 47.804 0.000 0.000 0.000 0.000 0.000 0.000 0.000 0.000 0.000 0.000 0.000 0.000 0.000 0.000 0.000 0.000 0.000 0.000 0.000 0.000 0.000 0.000 0.000 0.000 0.000 22.545 23.586 30.605 16.604 26.568 34.560 47.549 38.520 34.464 31.375 42.257 52.113 40.949 16.634 46.122 63.677 68.227 67.756 67.298 66.762 66.771 65.735 62.728 63.170 65.510 64.764 64.535
0.000 0.000 0.000 0.000 0.000 0.000 0.000 0.000 0.000 0.000 0.000 41.806 76.806 65.806 52.806 7.806 1.805 25.805 79.805 87.804 52.804 0.000 0.000 0.000 0.000 21.620 0.620 0.000 0.000 0.000 0.000 0.000 0.000 0.000 0.000 0.000 0.000 5.627 0.000 0.000 0.000 9.627 27.627 0.000 0.000 38.607 53.595 56.609 54.625 40.638 34.649 33.667 47.677 38.663 30.610 44.509 58.371 46.193 34.096 48.832 53.437 66.005 68.549 68.092 67.544 67.528 65.473 63.469 63.867 66.212 65.471 65.243 64.914
0.000 0.000 0.000 0.000 0.000 0.000 0.000 0.000 0.000 0.000 0.000 12.806 74.806 57.806 38.806 0.806 21.806 71.805 82.805 89.804 48.804 0.000 0.000 0.000 0.000 59.620 43.620 0.000 0.000 0.000 0.000 0.000 0.000 0.000 0.000 0.000 22.627 34.627 36.627 0.000 0.000 18.627 43.627 22.626 36.624 59.619 62.619 63.629 60.648 47.676 34.721 31.782 48.829 39.844 43.804 61.681 55.526 0.000 32.411 51.160 63.788 69.354 68.901 68.344 68.301 66.233 64.339 64.589 66.933 66.197 65.972 65.641 65.315
0.000 0.000 0.000 0.000 0.000 0.000 0.000 0.000 0.000 0.000 0.000 0.000 0.000 25.806 63.806 59.806 47.806 60.806 80.805 91.804 44.803 0.000 0.000 0.000 0.000 21.620 45.620 47.620 0.000 0.000 0.000 0.000 0.000 0.000 0.000 0.000 38.627 39.627 51.627 34.627 23.628 37.628 38.628 34.628 41.627 48.627 46.631 39.642 58.661 24.698 40.776 43.910 34.013 46.081 59.081 55.885 0.000 7.405 43.976 60.609 69.202 69.739 69.185 69.110 66.035 65.378 65.346 67.677 66.948 66.726 66.397 66.066 65.716
0.000 0.000 0.000 0.000 0.000 0.000 0.000 0.000 0.000 0.000 0.000 0.000 0.000 15.806 82.806 77.807 67.807 57.806 81.806 89.804 84.802 69.799 24.796 0.000 0.000 0.000 1.620 55.620 39.621 37.621 48.621 43.621 6.621 0.000 0.000 2.627 38.627 37.627 58.627 64.627 53.628 45.628 37.629 34.629 35.630 36.632 35.636 33.645 41.658 2.678 0.000 3.071 39.231 62.386 60.555 0.247 6.166 43.834 57.477 67.109 70.641 70.197 70.969 66.915 66.666 66.158 68.455 67.726 67.505 67.181 66.856 66.505 66.126
0.000 0.000 0.000 0.000 0.000 0.000 0.000 0.000 0.000 0.000 0.000 0.000 0.000 0.000 15.807 54.807 29.808 65.808 84.807 89.805 87.802 85.798 74.794 33.791 0.000 0.000 0.000 11.620 50.621 50.621 63.621 61.621 54.622 49.622 0.000 0.000 5.626 42.627 61.627 68.627 60.628 44.629 33.629 34.630 34.632 34.634 34.638 34.643 38.648 0.000 0.000 0.000 9.454 46.677 16.192 13.569 48.497 53.284 65.011 71.608 71.453 69.685 68.005 68.332 67.060 69.287 68.543 68.310 67.985 67.668 67.335 66.974 66.557
0.000 0.000 0.000 0.000 0.000 0.000 0.000 0.000 0.000 0.000 0.000 0.000 0.000 0.000 0.000 0.809 86.810 86.810 88.809 88.806 87.802 81.796 75.792 46.788 0.000 0.000 0.000 0.000 0.000 18.621 63.621 57.621 72.622 69.622 48.623 27.624 28.626 37.627 59.627 68.628 59.628 42.629 32.630 37.631 36.633 34.635 34.638 34.641 35.643 27.642 0.000 0.000 0.000 0.000 7.967 51.034 53.966 61.817 72.533 72.639 70.995 72.868 70.587 68.112 70.204 69.419 69.151 68.808 68.486 68.166 67.843 67.499 66.069
0.000 0.000 0.000 0.000 0.000 0.000 21.732 44.730 0.000 22.675 62.665 51.653 55.643 30.637 0.000 0.000 22.813 94.813 88.814 85.810 82.803 85.795 76.787 39.782 0.000 0.000 0.000 0.000 0.000 0.000 0.000 7.622 61.622 62.622 13.622 0.000 4.626 41.627 59.627 64.628 54.628 45.629 43.630 5.632 12.634 40.636 34.638 34.640 35.641 41.641 49.641 11.641 0.000 0.000 23.674 56.635 60.530 71.338 73.550 73.181 76.477 75.047 69.474 71.257 70.379 70.045 69.661 69.314 68.982 68.668 68.373 68.109 73.910
0.000 0.000 0.000 0.000 0.000 0.000 21.735 64.727 6.709 56.685 58.667 70.652 53.639 38.631 0.000 0.000 10.814 79.816 91.822 88.817 88.806 89.793 83.780 37.771 0.000 0.000 0.000 0.000 0.000 0.000 0.000 0.000 0.000 46.622 5.622 0.000 0.626 47.627 44.627 56.627 13.628 0.000 0.000 0.000 0.000 6.637 44.638 38.639 1.640 31.641 65.641 48.641 1.641 0.000 28.429 62.270 71.173 74.293 74.049 78.236 77.493 70.849 72.390 71.416 70.995 70.552 70.162 69.799 69.461 69.150 68.872 68.653 73.553
20.001 63.997 53.994 0.000 0.000 0.000 15.746 75.735 51.714 53.690 59.667 83.647 84.630 79.616 33.603 0.000 0.000 0.000 39.840 93.830 88.812 89.789 86.768 45.753 0.000 0.000 0.000 0.000 0.000 0.000 0.000 0.000 0.000 4.622 0.000 0.000 0.000 0.000 0.000 0.000 0.000 0.000 0.000 0.000 0.000 0.000 0.000 19.640 16.640 0.000 0.000 0.000 0.000 17.842 55.258 72.211 73.887 74.819 79.175 78.786 71.888 73.427 72.444 71.966 71.469 71.033 70.632 70.260 69.915 69.597 69.313 69.079 71.925
20.002 75.997 57.991 53.984 0.000 0.000 2.768 67.752 69.723 69.693 81.664 78.640 90.619 89.602 50.590 0.000 0.000 0.000 15.869 95.851 88.822 89.786 86.749 46.718 0.000 0.000 7.308 55.272 67.233 36.207 0.000 0.000 0.000 0.000 0.000 0.000 0.000 0.000 0.000 0.000 0.000 0.000 0.000 0.000 0.000 0.000 0.000 0.000 4.640 0.000 0.000 0.000 15.809 56.315 73.274 73.856 80.083 79.573 73.171 73.725 74.213 73.380 72.895 72.377 71.910 71.476 71.072 70.695 70.341 70.010 69.704 76.427 17.176
84.004 80.997 59.989 60.978 52.964 0.000 57.805 52.783 60.733 73.694 77.656 88.629 89.604 88.582 57.564 0.000 0.000 0.000 14.916 94.884 88.837 89.784 84.725 64.654 48.543 49.442 49.343 57.276 78.221 45.181 0.000 0.000 0.000 0.000 0.000 0.000 0.000 0.000 0.000 0.000 0.000 0.000 0.000 0.000 0.000 0.000 0.000 0.000 0.000 0.000 13.902 44.678 54.185 73.170 74.760 81.432 80.836 73.723 75.435 74.760 74.207 73.737 73.236 72.763 72.313 71.888 71.487 71.106 70.744 70.399 77.067 22.747 0.000
81.008 76.000 73.989 56.974 60.950 60.912 51.864 44.843 0.000 0.000 19.636 78.617 89.586 87.557 72.522 39.473 0.000 2.093 63.996 84.930 89.860 88.788 89.712 79.629 55.533 52.439 51.348 60.268 78.193 61.115 47.007 47.922 51.860 62.821 26.806 0.000 0.000 0.000 0.000 0.000 0.000 0.000 0.000 0.000 0.000 0.000 0.000 0.000 0.000 0.000 25.103 64.942 72.888 75.535 82.314 81.917 74.451 76.112 75.326 74.945 74.494 74.029 73.571 73.123 72.691 72.278 71.881 71.500 71.131 76.772 23.420 0.000 0.000
70.014 22.005 89.995 60.979 54.950 55.922 57.896 57.882 46.888 0.000 0.000 0.000 23.565 94.539 84.493 62.424 54.310 61.178 60.070 61.978 69.887 70.796 57.705 54.616 52.524 52.432 51.342 60.254 75.167 54.078 50.984 55.900 71.836 74.798 59.790 33.790 0.000 0.000 0.000 0.000 0.000 0.000 0.000 0.000 0.000 0.000 0.000 0.000 0.000 15.944 57.789 73.399 76.238 82.876 82.633 75.152 76.789 75.998 75.633 75.196 74.762 74.326 73.892 73.466 73.052 72.650 72.260 71.880 77.508 23.140 0.000 0.000 0.000
16.021 89.014 90.005 75.996 0.000 2.931 62.914 58.900 69.895 60.895 0.000 0.000 2.571 82.539 79.488 64.419 55.328 52.227 52.127 55.026 67.913 75.803 78.698 71.605 61.514 54.424 53.333 69.240 72.145 47.048 50.950 50.859 51.786 55.745 34.768 0.000 0.000 0.000 5.332 0.000 0.000 0.000 0.000 0.000 0.000 0.000 0.000 19.167 50.838 58.695 72.209 83.535 83.148 76.212 76.804 77.366 76.670 76.300 75.871 75.455 75.036 74.618 74.205 73.798 73.400 73.010 73.628 80.252 23.880 0.000 0.000 0.000 0.000
94.029 90.023 90.016 90.005 76.987 59.956 59.931 59.910 50.895 0.000 16.706 23.669 75.609 72.559 75.502 68.436 69.358 69.273 69.185 72.086 66.935 66.806 68.680 72.590 73.505 71.418 67.325 78.227 76.124 64.018 64.909 64.801 66.702 41.628 0.000 0.000 0.000 0.000 6.332 0.000 0.000 0.000 0.000 0.000 0.000 6.024 53.813 54.385 75.403 75.961 84.611 84.128 78.704 78.416 77.801 77.328 76.945 76.527 76.120 75.713 75.308 74.907 74.511 74.122 73.739 74.363 77.991 10.622 0.000 0.000 0.000 0.000 0.000
93.037 89.035 89.031 90.020 87.001 64.974 58.945 59.915 60.881 52.832 1.752 67.691 64.638 65.584 66.527 61.464 65.395 70.324 78.255 63.199 0.000 0.000 13.626 71.571 67.498 67.416 67.323 67.219 67.108 66.990 66.866 66.735 64.595 59.436 32.223 0.000 7.865 51.640 58.332 70.017 39.773 0.000 0.000 0.000 0.214 55.213 66.023 77.955 78.595 85.350 85.014 79.359 79.031 78.292 77.958 77.564 77.161 76.762 76.365 75.969 75.578 75.191 74.811 74.439 75.073 77.711 25.351 0.000 0.000 0.000 0.000 0.000 0.000
79.043 79.049 79.052 90.043 90.023 79.994 55.959 58.922 59.883 59.836 65.779 74.722 58.668 55.613 53.557 60.497 75.435 74.372 59.312 39.255 0.000 0.000 0.000 0.000 56.499 51.427 51.330 51.220 51.098 51.968 54.830 55.679 55.507 54.297 55.010 53.567 53.091 61.721 68.341 65.946 72.528 69.975 64.458 61.945 64.329 75.909 79.415 79.207 85.843 85.627 80.002 79.652 78.898 78.567 78.168 77.777 77.385 76.994 76.607 76.223 75.842 75.467 75.104 75.750 76.402 15.056 0.000 0.000 0.000 0.000 0.000 0.000 0.000
0.000 45.067 57.085 85.078 89.056 70.020 52.975 51.932 59.893 59.852 58.805 52.753 53.696 59.645 76.591 75.533 58.474 51.418 41.365 0.000 60.971 69.912 65.823 66.710 69.572 72.463 71.352 72.231 75.097 73.955 70.806 72.643 67.457 53.234 56.954 55.601 60.210 77.813 84.363 80.899 74.419 68.935 70.473 76.935 81.784 80.200 86.447 86.094 79.996 81.603 80.184 79.519 79.174 78.772 78.382 77.992 77.606 77.224 76.847 76.472 76.099 76.733 74.388 70.056 21.729 0.000 0.000 0.000 0.000 0.000 0.000 0.000 0.000
0.000 0.000 50.142 69.128 80.101 55.055 46.989 53.937 51.904 58.873 59.837 59.787 52.721 69.679 61.629 50.571 53.511 45.461 0.000 70.113 73.029 72.944 74.847 75.736 78.615 82.500 81.384 81.256 81.105 82.949 83.796 81.631 69.445 55.228 56.972 56.672 56.336 58.959 32.397 4.870 94.312 135.895 113.426 79.357 80.872 87.425 86.982 80.448 83.174 80.585 80.138 79.776 79.377 78.986 78.594 78.204 77.822 77.449 77.084 76.721 78.351 72.977 61.658 16.357 0.000 0.000 0.000 0.000 0.000 0.000 0.000 0.000 42.183
2.410 0.000 5.214 26.190 61.166 43.110 0.000 48.925 53.912 53.900 59.885 48.836 0.000 53.721 51.674 53.610 54.537 64.454 78.340 75.197 77.088 82.987 92.884 136.774 133.652 133.538 133.427 133.304 134.116 117.940 49.796 52.641 50.464 58.262 57.034 53.778 51.502 33.290 0.000 0.000 3.079 60.782 77.798 82.395 88.122 87.801 80.052 81.749 81.045 80.738 80.365 79.978 79.590 79.197 78.803 78.410 78.028 77.665 78.319 76.976 68.606 57.165 14.912 0.000 0.000 0.000 0.000 0.000 0.000 0.000 0.000 33.356 54.276
76.407 24.376 13.309 76.253 54.261 0.000 0.000 0.000 47.921 60.929 52.967 0.000 5.893 61.810 52.737 63.659 76.573 76.478 81.368 84.249 77.137 63.032 53.929 49.822 47.682 50.572 51.484 38.417 0.000 54.900 51.808 50.672 54.508 58.322 55.123 46.905 53.605 34.408 0.000 0.379 56.042 73.075 82.810 88.614 88.393 80.640 82.324 81.617 81.320 80.947 80.575 80.193 79.805 79.412 79.010 78.603 78.217 78.865 74.550 63.260 19.933 0.000 0.000 0.000 0.000 0.000 0.000 0.000 0.000 0.000 1.551 51.437 50.366
86.426 94.413 82.393 0.000 11.365 5.468 0.533 0.000 0.000 0.000 57.086 55.069 62.977 59.889 59.804 59.715 76.620 90.517 79.407 59.292 57.181 52.075 53.978 44.902 0.000 56.584 53.521 42.461 0.000 55.952 50.862 51.732 58.574 56.394 54.232 36.114 0.000 0.992 52.659 50.501 67.295 83.218 88.889 81.580 82.145 82.803 82.196 81.898 81.532 81.169 80.796 80.414 80.026 79.634 79.224 79.776 79.372 69.028 53.756 16.580 0.000 0.000 0.000 0.000 0.000 0.000 0.000 0.000 26.788 25.739 40.645 52.540 40.458
76.453 80.456 70.457 0.000 0.000 70.565 63.582 57.564 1.497 9.345 75.222 72.144 59.056 59.966 59.874 60.777 81.674 133.564 126.449 73.333 128.219 49.110 53.006 52.907 54.794 52.659 52.555 52.446 54.293 50.095 49.957 58.821 57.661 54.450 49.295 38.204 0.000 0.000 54.737 61.595 83.610 82.503 89.247 82.627 83.212 82.759 82.466 82.116 81.764 81.399 81.025 80.641 80.252 79.873 81.475 76.906 58.466 45.120 46.866 12.723 0.000 0.000 0.000 0.000 0.000 0.000 0.000 0.018 35.837 40.784 54.706 48.620 38.542
72.483 67.502 11.522 0.000 1.689 53.645 62.623 59.584 77.516 71.415 76.315 84.227 75.138 60.046 59.949 59.846 58.734 52.616 47.494 52.371 49.252 53.138 53.030 52.925 52.817 52.703 52.593 52.476 51.337 56.178 58.048 58.935 42.798 0.000 42.295 0.000 0.000 0.000 58.929 80.861 84.876 90.242 89.779 82.721 83.371 83.011 82.694 82.357 82.004 81.639 81.263 80.872 80.469 79.130 40.898 0.000 0.000 0.000 0.000 0.000 0.000 0.000 0.000 32.310 27.278 26.225 25.154 29.062 37.939 53.853 47.773 38.694 48.619
64.510 55.548 60.606 5.703 58.730 54.713 53.682 71.633 64.565 80.482 89.396 69.311 55.224 53.131 56.031 58.922 59.802 59.673 52.538 51.405 52.279 52.161 53.052 52.947 52.845 57.742 54.639 51.528 52.400 55.234 59.123 48.072 0.000 0.000 0.000 0.000 14.631 134.512 78.227 85.254 83.233 90.651 82.545 85.061 86.543 83.266 82.947 82.612 82.258 81.888 82.516 79.117 66.622 57.281 15.089 0.000 0.000 0.000 0.000 0.000 0.000 0.000 34.393 34.343 34.298 35.243 35.176 36.094 50.002 49.919 33.840 36.764 38.691
39.526 40.575 34.652 58.774 54.808 53.796 64.757 68.700 79.630 86.554 52.476 51.397 52.314 54.224 53.122 50.008 57.879 58.735 59.582 58.432 52.297 51.177 50.068 50.968 56.873 115.783 83.693 63.599 46.499 0.000 61.140 69.157 0.000 0.000 0.000 0.000 58.752 69.652 86.535 84.573 91.365 91.022 83.637 84.164 84.827 83.531 83.217 82.884 82.529 83.141 81.796 34.457 0.000 0.000 0.000 0.000 0.000 0.000 0.000 0.000 0.000 0.000 41.442 37.371 34.327 35.275 33.211 45.137 52.058 35.979 36.904 44.830 42.760
0.000 0.000 0.000 51.933 54.931 56.905 77.853 88.779 102.701 84.627 13.557 70.487 70.412 54.327 54.227 53.109 50.970 53.807 59.621 57.445 58.301 60.180 58.075 55.982 51.898 46.822 51.751 46.675 0.000 0.000 0.000 55.259 47.284 0.000 0.000 1.237 68.973 85.843 85.922 83.940 91.679 83.364 85.863 87.367 84.108 83.814 83.507 83.180 82.833 80.348 35.072 0.000 0.000 0.000 0.000 0.000 0.000 0.000 0.000 0.000 0.000 40.630 10.564 0.000 42.366 32.319 43.256 55.186 43.112 38.038 42.965 46.894 39.826
0.000 0.000 0.000 50.094 56.079 72.040 82.970 130.862 124.768 126.696 132.638 128.583 129.520 54.444 54.350 53.232 53.085 51.903 46.650 56.426 58.281 59.168 57.071 58.987 58.915 59.855 52.815 0.000 0.000 0.000 0.000 56.336 41.310 0.000 0.000 60.411 82.239 86.182 85.169 92.250 91.972 84.425 84.969 85.657 84.392 84.114 83.815 84.495 59.273 0.000 0.000 0.000 0.000 0.000 0.000 0.000 0.000 0.000 52.909 41.864 31.794 35.696 35.620 36.554 36.452 39.378 52.309 49.238 44.167 45.095 43.025 40.956 36.889
16.327 0.000 0.000 51.270 68.250 76.207 82.124 52.933 51.812 50.751 47.717 48.686 48.642 54.580 54.496 70.384 70.236 46.069 0.000 43.328 56.230 58.141 56.053 57.981 57.920 58.870 54.837 0.000 0.000 0.626 54.540 39.438 0.000 0.000 61.775 70.626 87.484 86.386 85.565 92.509 84.105 86.630 89.164 84.939 84.688 84.433 83.147 70.711 29.492 0.000 0.000 0.000 0.000 0.000 39.141 34.121 34.084 34.029 37.954 49.891 52.820 38.741 33.665 35.591 37.509 52.434 51.362 37.292 46.221 47.151 46.083 39.015 34.950
