results2_8e3_rain/res_3e8f-0143.wd
ncols         241
nrows         181
xllcorner     12693529.787448
yllcorner     3542525.717860
cellsize      155.156523
NODATA_value  -9999.000000
[rows 0 to 32 of 181, columns 146 to 218 of 241]
0.000 0.000 0.000 0.000 0.000 0.000 0.000 0.000 0.000 0.000 0.000 0.000 0.000 0.000 5.263 16.128 16.907 16.633 16.329 16.014 15.703 15.412 15.152 14.930 14.749 14.608 14.504 14.432 14.386 14.361 14.350 19.346 0.000 0.000 0.000 0.000 0.000 0.000 0.000 0.000 0.000 0.000 0.000 0.000 0.000 0.000 0.000 0.000 0.000 16.091 23.091 0.000 0.000 41.603 46.603 0.000 0.000 0.000 0.000 0.000 0.000 0.000 0.000 0.000 0.000 0.000 0.000 0.000 0.000 0.000 0.000 0.000 0.000
0.000 0.000 0.000 0.000 0.000 0.000 0.000 0.000 0.000 0.000 0.000 0.000 0.000 0.826 16.398 17.214 16.959 16.663 16.341 16.009 15.683 15.381 17.114 15.889 14.709 14.572 14.472 14.406 14.366 14.347 14.343 19.342 0.000 0.000 0.000 0.000 0.000 0.000 0.000 0.000 0.000 0.000 0.000 0.000 0.000 0.000 0.000 0.000 13.092 35.092 11.091 0.000 20.604 53.604 47.603 0.000 0.000 0.000 0.000 0.000 0.000 0.000 0.000 0.000 0.000 0.000 0.000 0.000 32.571 0.000 0.000 0.000 0.000
0.000 0.000 0.000 0.000 0.000 0.000 0.000 0.000 0.000 0.000 0.000 0.000 0.000 20.031 18.685 17.371 17.053 16.718 16.364 15.998 15.641 17.314 17.033 14.804 14.627 14.497 14.408 14.352 14.324 14.317 16.332 10.337 0.000 0.000 0.000 0.000 0.000 0.000 0.000 0.000 0.000 0.000 0.000 0.000 0.000 0.000 0.000 0.000 25.093 0.000 0.000 15.605 46.604 8.604 0.000 0.000 0.000 0.000 0.000 0.000 0.000 0.000 0.000 0.000 1.580 0.000 0.000 0.000 35.571 7.571 0.000 0.000 0.000
0.000 0.000 0.000 0.000 0.000 0.000 0.000 0.000 0.000 0.000 0.000 0.000 2.774 19.411 17.939 17.531 17.163 16.794 16.397 15.978 16.568 16.202 14.900 14.666 14.497 14.381 14.310 14.272 14.260 20.267 0.000 0.000 0.000 0.000 0.000 0.000 0.000 0.000 0.000 0.000 0.000 0.000 0.000 10.094 0.000 0.000 0.000 9.094 69.094 0.000 0.000 21.605 48.605 0.000 0.000 0.000 0.000 0.000 0.000 0.000 0.000 0.000 7.581 13.580 32.580 0.000 0.000 25.572 34.572 35.571 7.571 0.000 0.000
0.000 0.000 0.000 0.000 0.000 0.000 0.000 0.000 0.000 0.000 0.000 8.079 1.290 2.698 18.130 17.652 17.273 16.899 16.452 15.949 16.452 16.026 14.698 14.465 14.313 14.222 14.178 14.166 15.179 16.223 0.000 0.000 0.000 0.000 0.000 0.000 0.000 0.000 0.000 0.000 0.000 0.000 11.094 34.094 29.094 0.000 0.000 25.094 53.094 0.000 0.000 0.000 48.607 3.608 0.000 0.000 0.000 0.000 0.000 0.000 0.000 0.000 47.581 51.581 53.580 0.000 0.000 38.572 33.572 33.571 43.571 0.000 0.000
0.000 0.000 0.000 0.000 0.000 0.000 0.000 0.000 0.000 0.000 10.762 3.385 1.772 1.229 1.298 15.675 17.379 17.077 16.562 17.913 17.265 14.752 14.401 14.184 14.067 14.017 14.013 14.036 20.065 0.000 0.000 0.000 0.000 0.000 0.000 0.000 0.000 0.000 0.000 0.000 0.000 0.000 0.000 14.095 35.095 27.095 25.095 7.095 38.095 11.095 0.000 0.000 33.608 46.609 37.609 35.609 44.609 0.000 0.000 0.000 0.000 0.000 47.582 49.581 54.580 33.578 22.576 39.574 42.573 0.000 0.000 0.000 7.546
0.000 0.000 0.000 0.000 0.000 0.000 0.000 0.000 0.000 0.000 7.139 3.864 3.510 3.023 0.386 0.572 10.490 18.466 17.808 17.876 14.944 14.316 13.968 13.805 13.752 13.767 13.822 13.898 8.982 0.000 0.000 0.000 0.000 0.000 31.111 64.111 0.000 0.000 4.111 45.111 0.000 0.000 0.000 11.095 35.095 48.096 83.096 45.096 46.095 17.095 0.000 0.000 30.609 49.610 34.610 30.610 47.609 0.000 0.000 0.000 0.000 0.000 34.584 40.582 36.580 36.578 40.576 43.574 51.573 0.000 0.000 0.000 30.546
0.000 0.000 0.000 0.000 0.000 0.000 0.000 0.000 0.000 30.315 30.792 7.396 3.022 3.276 2.952 0.742 0.341 5.490 18.329 15.838 14.319 13.600 13.351 13.314 13.371 13.476 14.609 11.753 0.000 0.000 0.000 0.000 0.000 0.000 6.111 52.111 59.111 41.111 33.111 5.111 0.000 0.000 0.000 0.000 0.000 9.097 76.097 55.096 2.096 0.000 0.000 0.000 0.000 42.611 57.611 55.610 57.609 49.607 41.604 44.601 43.597 52.593 56.588 53.584 54.581 54.578 49.576 44.573 41.571 0.000 0.000 0.000 0.000
0.000 0.000 0.000 0.000 0.000 0.000 0.000 0.000 24.368 41.837 43.319 32.854 9.467 1.896 2.947 0.777 2.609 7.631 6.181 15.828 12.893 12.415 12.520 12.732 12.941 14.158 14.383 0.000 0.000 0.000 0.000 0.000 0.000 0.000 0.000 4.111 50.112 60.112 65.112 4.111 0.000 0.000 0.000 0.000 0.000 5.098 48.098 40.097 45.097 12.097 0.000 0.000 26.615 54.614 39.613 33.612 40.610 52.608 40.605 39.602 48.598 57.594 44.590 40.586 43.582 49.579 55.576 57.572 55.569 41.564 32.559 15.555 24.551
0.000 0.000 0.000 0.000 0.000 0.000 0.000 20.442 29.899 45.348 42.791 43.236 35.680 12.132 1.069 4.578 14.071 6.331 2.153 2.921 6.010 10.647 11.582 12.151 12.504 17.831 0.000 0.000 0.000 0.000 0.000 0.000 4.114 2.114 0.000 0.000 17.112 63.112 16.112 0.000 0.000 0.000 0.000 0.000 0.000 44.100 54.099 30.098 46.098 66.097 6.097 0.000 32.617 56.616 35.615 29.614 32.612 45.609 34.607 34.603 36.600 38.596 35.591 36.587 30.583 34.579 40.576 41.572 39.568 48.563 50.559 53.555 61.551
0.000 0.000 0.000 0.000 0.000 0.000 25.520 23.986 47.436 43.864 43.263 42.617 42.886 37.952 20.450 12.182 7.830 0.000 0.021 4.262 2.161 3.222 11.009 11.786 17.094 0.000 0.000 0.000 0.000 0.000 0.000 0.000 41.115 0.111 0.000 0.000 24.113 64.113 3.113 0.000 0.000 0.000 0.000 0.000 39.105 83.103 16.100 19.099 41.098 68.098 8.097 0.000 29.619 54.619 34.617 27.616 30.614 32.612 28.609 27.605 34.601 50.597 33.593 29.589 43.584 39.580 36.576 43.572 43.567 46.563 55.558 59.554 46.550
0.000 0.000 0.000 0.000 0.000 29.526 18.055 46.545 44.996 44.410 43.779 43.085 42.294 42.342 39.154 24.873 4.220 0.181 0.030 45.891 4.402 0.057 0.073 13.891 9.992 0.000 0.000 0.000 0.000 0.000 0.000 0.000 37.115 32.116 41.116 53.116 57.115 47.115 0.000 0.000 2.112 38.112 53.112 58.110 82.108 38.106 0.000 0.000 43.098 31.098 0.000 0.000 32.623 59.622 46.621 30.619 78.617 106.614 55.611 31.608 47.604 94.600 46.595 23.590 88.586 61.581 36.576 43.572 45.567 35.562 44.558 57.553 40.549
0.000 0.000 0.000 0.000 0.000 18.997 40.629 47.141 45.594 45.000 44.357 43.651 42.862 41.965 41.964 40.891 30.092 4.769 50.505 47.579 0.258 0.108 0.038 0.041 0.000 0.000 0.000 0.000 0.000 0.000 2.115 36.115 32.116 37.116 51.116 61.116 45.116 32.116 0.000 0.000 0.110 47.113 46.113 42.111 81.110 41.109 0.000 0.000 22.098 14.098 0.000 25.629 53.627 55.626 49.624 37.623 36.621 69.618 110.615 48.611 41.607 98.602 49.597 23.592 95.587 65.582 28.577 30.572 36.567 27.562 41.557 40.552 28.548
0.000 0.000 0.000 0.000 23.467 33.836 49.323 46.798 46.239 45.641 44.997 44.300 43.536 42.709 41.761 41.029 39.894 52.250 51.920 0.794 0.358 9.469 0.000 0.000 0.000 0.000 0.000 0.000 0.000 52.113 55.114 37.115 36.116 51.116 61.117 47.117 30.117 32.117 32.117 30.118 28.117 40.115 43.114 53.113 93.111 27.110 0.000 0.000 59.099 9.099 0.000 22.631 52.631 52.630 39.629 31.627 27.625 37.622 34.619 74.615 105.610 122.605 103.600 92.594 118.589 112.583 103.578 49.572 29.567 46.562 41.557 30.552 25.547
0.000 0.000 0.000 24.616 34.098 51.556 48.028 47.489 46.924 46.327 45.692 45.011 44.293 43.464 42.928 40.575 52.279 52.279 36.459 18.798 5.970 0.000 0.000 0.000 0.000 0.000 0.000 0.000 38.112 5.112 0.000 16.116 54.116 58.117 50.118 35.119 1.120 0.000 0.000 34.120 30.119 40.117 39.116 62.114 59.113 0.000 0.000 1.100 62.099 8.099 0.000 20.635 50.634 62.634 41.633 47.632 70.630 47.627 29.623 53.619 76.614 110.608 76.603 56.597 104.591 94.585 69.579 38.573 24.567 95.562 63.556 35.551 25.546
0.000 0.000 0.000 30.134 49.752 49.264 48.744 48.204 47.641 47.051 47.428 46.782 45.036 44.624 42.063 52.323 52.284 40.011 41.638 39.286 23.259 4.257 0.000 0.000 0.000 0.000 0.000 40.111 9.111 0.000 0.000 0.000 22.117 54.118 32.119 30.122 36.124 0.000 0.000 35.122 33.121 39.119 40.117 62.115 58.114 0.000 0.000 22.101 69.100 5.100 0.000 22.638 53.639 56.639 37.639 37.638 83.636 118.633 67.629 35.624 51.618 98.612 58.606 25.599 91.592 78.586 36.580 28.573 21.567 102.561 66.556 38.550 39.545
0.000 0.000 30.697 48.034 51.514 50.002 49.481 48.943 48.387 48.805 47.210 46.523 46.196 43.639 52.709 52.450 41.489 42.337 41.356 31.732 12.492 0.000 0.000 0.000 0.000 0.000 0.000 36.111 10.111 0.000 0.000 0.000 0.000 0.000 0.000 35.126 32.129 31.131 33.130 35.126 31.124 39.121 41.119 53.116 49.113 11.108 30.105 63.102 14.101 0.000 0.000 22.642 49.643 55.644 41.645 26.645 28.644 53.640 40.636 22.630 40.624 95.617 51.609 17.602 88.594 73.587 31.580 27.574 23.568 101.561 66.555 38.549 29.544
0.000 29.934 43.359 52.792 51.266 50.751 50.233 49.702 50.153 49.595 47.950 47.675 45.123 53.595 53.100 43.112 44.122 42.010 29.224 0.000 0.000 0.000 0.000 0.000 0.000 0.000 0.000 0.000 10.111 0.000 0.000 0.000 0.000 0.000 0.000 0.000 39.135 49.135 60.133 48.130 37.126 41.124 38.121 43.118 36.113 55.108 73.104 61.102 7.100 0.000 0.000 21.644 47.647 52.650 58.654 56.654 44.653 34.649 47.644 79.637 98.630 119.621 99.613 82.604 116.596 109.589 91.581 51.574 24.568 99.561 71.555 43.549 30.543
26.976 38.509 53.015 52.508 52.006 51.504 50.997 51.476 50.950 49.339 49.102 46.566 54.775 54.162 44.647 45.813 46.765 25.003 0.000 0.000 0.000 0.000 0.000 0.000 0.000 0.000 0.000 0.000 0.000 0.000 0.000 0.000 0.000 0.000 0.000 0.000 37.141 41.140 59.138 18.134 0.000 48.127 39.125 42.121 38.113 26.106 45.103 60.100 47.099 6.098 0.000 0.000 12.651 55.655 57.665 50.666 38.664 47.660 98.653 89.646 70.637 71.627 72.617 72.607 72.598 73.590 75.582 46.575 26.568 98.561 74.554 37.548 31.542
30.442 54.111 53.683 53.220 52.746 52.264 51.771 51.277 50.699 50.495 47.978 56.072 55.415 46.079 47.317 46.330 41.849 1.354 0.000 0.000 0.000 0.000 0.000 0.000 0.000 0.000 0.000 0.000 0.000 0.000 0.000 0.000 0.000 0.000 0.000 0.000 38.148 49.146 33.145 0.000 2.138 45.133 42.130 9.128 0.000 30.101 44.100 59.098 56.097 25.097 0.000 0.000 0.000 0.000 24.683 39.682 23.678 84.672 85.664 34.655 40.644 82.632 53.620 25.609 71.599 61.590 41.582 39.575 30.568 98.561 69.554 26.547 27.542
48.240 55.812 54.385 53.944 53.493 54.031 52.570 52.027 51.862 49.370 57.408 56.736 46.418 48.689 47.704 48.105 17.468 0.000 0.000 0.000 0.000 0.000 0.000 0.000 0.000 0.000 0.000 0.000 0.000 0.000 0.000 0.000 0.000 0.000 0.000 5.162 58.157 56.153 60.150 57.148 53.142 53.138 47.134 6.132 0.000 30.099 43.097 61.095 68.095 31.096 0.000 0.000 0.000 0.000 18.704 31.700 51.694 98.686 61.677 21.667 89.654 90.638 39.623 26.610 47.599 103.590 62.582 30.575 30.568 93.561 111.554 98.545 103.536
57.917 55.510 55.100 54.680 54.248 55.820 53.313 53.194 50.739 58.761 58.081 41.692 45.921 49.998 46.484 23.785 0.000 0.000 0.000 0.000 0.000 0.000 0.000 0.000 0.000 0.000 0.000 0.000 0.000 0.000 0.000 0.000 0.000 0.000 0.000 57.167 56.164 57.160 59.155 58.151 56.146 57.142 50.137 5.134 0.000 31.098 43.093 66.090 39.093 0.000 0.000 0.000 0.000 16.743 46.729 25.720 90.712 84.702 28.692 84.681 97.667 46.643 34.625 37.608 32.597 63.589 102.582 59.575 22.569 93.562 96.555 70.544 12.531
48.579 55.211 55.825 55.424 55.024 54.548 54.471 52.054 60.079 59.443 24.896 30.092 32.999 51.681 35.315 0.000 0.000 0.000 0.000 0.000 0.000 0.000 0.000 46.829 35.829 0.000 0.000 0.000 0.000 0.000 0.000 0.000 0.000 0.000 0.000 34.176 28.172 31.166 35.161 30.155 29.150 28.145 30.140 34.134 28.124 21.103 36.088 15.080 0.000 0.000 0.000 0.000 0.000 18.757 41.749 32.740 33.730 33.719 25.708 46.697 47.689 0.000 0.000 8.600 38.593 31.587 53.581 46.576 28.571 61.564 9.559 0.000 7.522
27.277 42.932 55.562 58.190 55.735 55.688 53.277 61.171 60.666 33.975 0.000 43.414 0.000 55.285 23.801 0.000 0.000 0.000 0.000 0.000 0.000 0.000 0.000 53.830 47.828 0.000 0.000 0.000 0.000 0.000 0.000 0.000 0.000 20.235 0.000 35.188 31.182 31.173 31.166 31.159 31.154 31.148 31.143 33.138 11.134 0.000 6.075 37.062 7.050 0.000 0.000 0.000 19.789 50.779 38.771 37.762 29.750 30.736 30.723 28.711 42.704 2.706 0.000 0.000 9.588 34.584 29.580 42.576 41.574 0.000 0.000 0.000 7.517
19.022 26.673 49.322 53.904 56.869 54.415 61.921 61.587 40.835 16.645 0.000 60.051 57.955 44.383 0.000 0.000 0.000 0.000 0.000 0.000 0.000 0.000 56.837 62.831 33.827 0.000 0.000 0.000 0.000 0.000 0.000 0.000 0.000 37.235 35.226 32.208 31.194 28.179 32.170 32.163 32.157 32.151 32.146 35.142 8.139 0.000 0.000 35.043 35.038 5.033 0.000 0.000 4.800 37.799 30.794 29.786 28.772 28.754 28.737 28.719 29.710 38.708 0.000 0.000 0.000 2.581 35.578 38.576 36.574 0.000 0.000 0.000 31.514
22.787 33.427 38.057 35.963 47.526 62.305 62.161 45.797 24.566 18.072 0.000 39.758 52.433 25.908 0.000 0.000 0.000 0.000 44.893 50.888 42.880 40.862 49.844 42.832 32.821 0.000 0.000 0.000 0.000 0.000 0.000 0.000 0.000 35.244 32.235 31.223 5.208 0.000 37.171 31.166 31.160 31.154 31.149 32.145 6.142 0.000 0.000 36.029 35.028 6.027 0.000 0.000 34.811 30.822 30.822 30.815 29.800 29.769 33.753 0.000 0.709 3.708 0.000 0.000 0.000 0.000 35.575 30.575 30.574 31.573 0.000 3.512 33.512
34.513 48.159 23.883 22.761 62.359 62.359 48.769 35.502 31.844 36.688 0.000 6.791 42.112 0.000 0.000 0.000 0.000 40.902 44.897 46.893 44.889 0.000 0.000 0.000 44.804 28.788 0.000 0.000 0.000 0.000 0.000 0.000 3.275 45.261 42.249 17.239 0.000 0.000 50.177 36.171 32.163 31.156 35.150 12.148 0.000 11.005 49.008 30.015 34.019 6.020 0.000 0.000 0.000 35.858 30.856 34.853 1.850 0.000 0.000 0.000 0.000 0.000 0.000 0.000 0.000 0.000 35.574 30.574 30.573 35.573 0.000 0.000 7.511
55.205 43.797 23.866 19.372 62.313 23.790 29.522 31.757 35.440 54.032 63.495 51.504 0.000 0.000 0.000 0.000 38.911 32.906 38.902 53.897 52.894 0.000 0.000 0.000 0.000 45.771 0.000 0.000 0.000 31.342 0.000 0.000 47.288 46.277 52.263 45.245 10.226 64.209 61.190 59.178 57.167 49.156 30.148 17.148 0.000 25.003 78.003 32.007 33.011 7.015 0.000 0.000 0.000 40.895 26.893 31.891 2.889 0.000 0.000 0.000 0.000 0.000 0.000 0.000 0.000 31.572 33.573 35.573 29.573 34.573 0.000 0.000 4.510
63.778 50.880 33.187 61.865 19.793 21.586 20.761 20.409 29.983 57.526 52.947 24.225 0.000 0.000 37.924 3.922 45.916 37.911 48.906 43.900 22.897 0.000 0.000 0.000 0.000 49.755 25.750 0.000 0.000 27.342 35.342 39.333 41.312 43.297 33.280 30.250 38.226 38.210 58.196 41.184 35.170 33.153 13.138 0.000 1.015 20.000 87.995 43.998 10.002 0.000 0.000 0.000 0.000 53.933 26.931 33.929 5.928 0.000 0.000 0.000 0.000 0.000 0.000 0.000 10.572 33.572 48.572 46.572 39.572 0.000 0.000 0.000 5.509
61.822 60.068 61.391 38.701 26.614 22.764 22.407 20.989 27.582 43.138 38.543 0.000 0.000 0.000 40.927 61.925 56.921 57.916 39.911 0.000 0.000 0.000 0.000 0.000 40.739 31.744 23.744 0.000 0.000 0.000 39.352 43.345 43.331 43.319 27.310 0.000 34.218 35.210 59.201 45.191 39.176 25.147 32.114 47.072 67.031 55.996 79.977 44.991 8.996 0.000 0.000 0.000 0.000 51.973 27.969 28.966 33.965 0.000 0.000 0.000 0.000 0.000 0.000 0.000 0.000 3.572 52.572 49.572 2.572 0.000 0.000 0.000 1.508
59.890 61.318 60.539 59.561 41.713 21.369 21.960 22.581 21.215 23.902 0.000 0.000 0.000 0.000 56.931 46.930 44.927 40.921 0.000 0.000 0.000 0.000 0.000 41.734 32.735 28.736 11.740 0.000 0.000 0.000 39.370 47.362 56.350 55.338 57.330 45.333 0.000 3.209 62.209 46.202 20.195 0.000 35.099 45.072 72.031 33.976 17.929 0.000 0.000 0.000 0.000 0.000 5.042 43.019 30.007 31.000 34.001 7.015 0.000 0.000 0.000 0.000 0.000 0.000 0.000 0.000 9.572 10.572 0.000 0.000 0.000 0.000 2.508
61.320 60.303 62.421 62.591 46.270 22.876 25.511 25.155 22.797 23.353 0.000 36.941 0.000 2.939 50.937 50.936 57.936 0.000 0.000 15.825 3.825 0.000 0.000 36.733 30.730 24.727 0.000 0.000 0.000 0.000 37.396 38.383 40.367 39.353 37.342 29.335 0.000 0.000 64.224 50.215 35.206 0.000 34.111 45.087 69.043 24.950 20.832 3.751 0.000 0.000 0.000 0.000 5.066 50.052 29.039 31.027 31.024 32.030 36.039 8.042 0.000 0.000 0.000 0.000 0.000 0.000 0.000 0.000 0.000 0.000 0.000 0.000 0.000
60.998 63.203 62.399 63.105 36.730 27.383 47.049 40.733 22.462 0.282 0.000 33.941 48.941 53.941 39.942 60.943 52.944 0.000 0.000 29.825 60.826 12.820 0.000 37.736 31.725 28.714 0.000 0.000 45.507 41.479 37.434 39.407 44.385 44.365 42.348 53.331 45.307 5.280 64.248 56.227 56.209 48.184 29.147 47.123 55.102 0.000 23.700 6.670 0.000 0.000 0.000 0.000 15.103 54.087 26.069 28.045 29.039 30.041 35.045 7.045 0.000 0.000 0.000 0.000 0.000 0.000 0.000 0.000 0.000 0.000 0.000 0.000 0.000
