results2_8e3_rain/res_3e8f-0056.wd
ncols         241
nrows         181
xllcorner     12693529.787448
yllcorner     3542525.717860
cellsize      155.156523
NODATA_value  -9999.000000
[rows 66 to 98 of 181, columns 74 to 147 of 241]
27.749 0.000 53.016 69.998 68.973 68.949 0.000 40.432 40.416 53.424 49.430 48.408 48.360 47.285 123.177 111.051 0.000 0.000 0.000 44.127 39.088 44.034 46.993 46.955 48.917 49.885 54.854 55.823 56.785 47.732 0.000 0.000 45.563 95.563 77.478 81.336 81.420 79.473 87.420 79.880 80.355 81.091 79.861 79.636 80.428 50.271 0.000 0.000 0.000 0.000 0.000 0.000 0.000 16.587 14.571 14.540 14.496 14.441 14.383 18.319 31.249 28.172 13.090 24.004 32.924 11.849 14.777 20.707 25.639 21.572 15.505 13.440 11.377 26.316
54.741 0.000 41.206 65.175 64.151 58.153 11.224 0.000 0.000 46.491 59.559 48.557 47.522 48.457 29.330 0.000 0.000 0.000 0.000 0.000 0.000 55.011 52.993 50.966 33.923 36.887 43.854 44.829 49.802 40.767 0.000 0.000 0.000 55.796 73.708 80.646 80.740 87.853 87.644 79.957 80.641 80.349 80.135 79.922 74.731 32.596 0.000 0.000 29.785 0.000 0.000 0.000 22.620 17.620 14.602 14.569 14.525 14.473 14.415 14.351 14.282 21.208 35.131 36.052 18.976 12.902 13.830 14.760 18.691 17.623 13.556 13.491 14.428 33.367
49.713 54.600 52.427 66.347 59.303 60.287 57.296 0.000 0.000 0.000 61.759 56.738 51.713 53.693 0.723 0.000 0.000 0.000 0.000 0.000 0.000 54.008 50.000 40.991 0.000 0.000 41.846 53.839 52.827 0.000 0.000 1.509 58.339 50.117 53.951 61.034 76.099 88.046 79.706 81.255 80.816 80.623 80.402 78.185 60.978 39.786 45.786 43.785 24.785 0.000 0.000 0.000 0.000 31.673 13.648 14.610 18.564 26.511 16.452 14.388 13.320 17.248 32.174 39.099 31.025 16.952 11.881 13.812 13.743 13.674 13.606 12.541 19.478 40.417
48.746 52.659 63.557 57.481 50.429 69.395 58.377 10.384 0.000 4.100 53.980 69.924 64.898 64.902 67.967 0.000 0.000 0.000 0.000 0.001 0.001 52.012 43.010 46.008 0.000 0.000 0.000 89.852 116.839 31.839 0.000 57.639 52.508 52.351 52.266 48.356 88.402 88.230 80.755 84.357 81.100 80.888 80.669 72.439 25.208 0.000 47.785 25.785 0.000 0.000 0.000 19.848 18.817 17.751 13.706 17.661 29.611 34.556 32.495 25.431 15.362 24.291 32.218 11.145 17.073 30.002 26.932 22.863 30.795 11.725 13.654 11.588 24.526 47.466
54.806 64.735 56.659 48.593 48.537 61.486 69.433 65.392 68.330 70.220 65.135 60.082 62.054 51.049 50.064 0.000 0.000 0.000 1.023 57.022 56.021 44.019 46.019 47.023 51.035 50.043 0.000 1.005 0.000 0.000 3.966 63.826 56.702 51.549 52.648 50.701 88.557 50.381 57.966 72.559 80.376 81.158 78.948 37.693 0.000 0.000 0.000 0.000 0.000 0.000 20.902 14.881 14.852 14.808 15.764 25.716 34.663 33.606 33.543 29.477 25.407 35.336 18.263 13.191 14.120 14.050 23.982 36.916 23.848 11.777 12.698 18.630 6.573 11.517
65.876 55.815 48.753 49.694 49.640 51.581 35.478 61.420 59.378 51.317 48.258 47.215 63.188 65.177 52.177 0.000 0.000 0.000 57.023 53.023 50.023 43.023 47.025 47.030 47.039 47.051 6.075 9.115 10.183 12.195 80.105 77.002 65.888 64.855 53.862 88.831 88.701 52.437 59.083 53.856 60.656 79.424 54.271 0.000 0.000 0.000 0.000 0.000 0.000 0.000 20.924 14.920 14.901 14.868 15.826 24.777 34.721 33.661 32.596 29.527 34.455 28.382 12.309 14.236 14.165 14.097 24.031 31.969 10.906 13.837 16.732 35.661 52.621 31.569
55.951 48.896 49.842 49.792 50.749 31.719 0.000 18.432 46.444 49.411 49.367 49.331 47.307 71.294 55.289 0.000 0.000 0.000 34.024 51.024 45.025 46.026 47.028 47.033 47.039 47.048 58.058 0.000 2.239 19.296 72.258 82.181 4.087 86.022 76.223 88.943 51.016 64.658 61.299 51.167 47.968 44.611 29.441 0.000 0.000 16.452 0.000 0.000 0.000 0.000 16.950 14.976 14.966 14.936 14.894 15.844 21.785 29.721 29.652 29.579 33.505 11.429 14.353 14.280 13.209 19.141 36.079 19.021 12.971 15.935 0.000 0.000 28.680 0.000
49.028 49.977 49.928 49.882 52.846 8.827 6.848 0.000 44.557 49.518 51.466 49.436 48.415 66.402 62.396 0.000 0.000 0.000 0.000 42.026 45.026 47.028 47.030 47.033 47.038 49.044 35.051 0.000 0.000 69.492 72.450 83.381 89.267 83.383 81.427 89.037 72.069 74.771 59.611 52.515 45.440 0.000 0.000 0.000 0.000 14.453 0.000 0.000 0.000 0.000 0.000 18.068 15.051 15.018 14.973 14.918 14.856 14.787 21.713 29.635 17.555 14.475 14.397 14.321 17.249 30.182 30.121 12.067 14.023 16.996 0.000 0.000 55.740 45.748
50.105 50.057 50.009 49.964 49.925 53.895 54.870 54.817 50.708 50.638 30.545 47.530 48.516 64.505 63.498 0.000 0.000 0.000 0.000 41.027 47.027 47.029 47.030 47.033 47.036 35.040 0.000 0.000 0.000 74.729 80.674 83.592 83.551 82.637 89.162 81.556 84.274 78.961 63.902 53.841 52.837 52.975 0.000 0.000 0.000 11.454 18.455 11.455 0.000 0.000 0.000 33.179 14.151 15.111 15.061 15.001 15.933 14.858 14.777 14.693 14.607 14.521 14.438 13.359 19.285 34.217 11.156 14.102 14.059 16.031 0.000 0.000 57.793 49.778
50.183 50.136 50.088 50.041 49.996 49.957 49.919 49.875 49.819 53.781 0.000 40.626 49.614 65.602 60.594 0.000 0.000 0.000 0.000 46.027 49.028 49.029 49.030 47.032 50.033 0.000 0.000 0.000 67.186 73.022 83.922 83.805 83.919 81.971 89.374 82.695 87.339 83.229 84.162 72.112 60.092 49.113 44.112 46.112 0.000 0.000 17.456 12.456 18.452 19.439 17.404 23.317 33.265 15.215 16.159 25.093 32.019 13.935 14.846 14.752 14.658 14.565 13.476 18.393 37.316 31.246 20.183 13.128 14.081 16.038 30.992 48.934 49.860 49.818
50.263 50.215 50.166 50.115 50.063 50.017 52.976 50.945 49.912 53.887 0.000 40.732 49.713 66.694 58.683 0.000 0.000 0.000 0.000 19.028 29.028 28.029 28.030 49.031 34.032 0.000 0.000 0.000 69.349 79.256 84.155 84.112 83.219 90.041 89.728 83.766 84.609 83.466 83.408 84.352 75.308 40.271 0.000 0.000 0.000 0.000 15.458 15.461 12.462 14.462 15.456 14.420 21.377 35.326 18.266 16.195 26.113 14.019 14.918 14.813 14.708 14.606 14.509 22.420 35.339 22.267 34.203 12.147 13.097 18.050 39.003 50.951 49.897 49.851
50.344 50.297 50.246 50.190 53.124 55.071 27.022 48.018 50.995 52.969 12.945 43.859 48.811 60.778 58.761 0.000 0.000 0.000 0.000 0.000 0.000 0.000 0.000 30.031 0.000 0.000 0.000 17.761 67.605 84.495 84.373 84.489 82.576 90.323 82.362 88.066 83.759 83.711 83.643 83.583 73.516 34.393 0.000 0.000 0.000 0.000 0.000 18.467 19.473 6.492 14.540 15.530 15.496 19.447 35.385 18.309 15.218 15.112 14.995 14.874 14.755 12.642 18.536 37.439 18.355 17.281 31.217 15.160 13.110 20.063 46.018 50.972 49.924 49.877
50.427 50.381 50.333 52.275 28.174 30.122 0.000 10.111 46.083 50.048 54.007 49.948 52.895 57.847 62.821 1.821 0.000 0.000 0.000 0.000 0.000 0.000 0.000 0.000 0.000 0.000 1.116 76.917 78.819 84.717 84.674 83.795 90.829 90.586 83.429 84.141 84.011 83.940 83.875 82.819 62.779 0.000 0.000 0.000 0.000 0.000 0.000 0.000 10.473 0.000 21.681 18.666 14.632 14.582 16.517 33.437 22.338 14.217 15.076 14.933 13.797 18.670 20.553 19.448 16.359 14.285 14.222 14.168 15.120 28.076 50.035 50.994 52.951 48.904
50.510 50.468 50.431 55.402 0.000 0.000 16.312 8.232 42.179 51.133 49.085 51.033 62.975 34.893 28.857 0.000 0.000 0.000 0.000 0.000 0.000 0.000 0.000 0.000 0.000 0.000 64.253 69.133 83.036 84.917 85.048 83.145 91.052 82.937 84.609 84.300 84.239 84.163 84.097 76.041 53.002 0.000 0.000 0.000 0.000 0.000 0.000 0.000 0.000 0.000 25.839 20.820 14.783 12.732 15.667 15.585 31.481 24.343 15.159 15.986 13.830 20.689 20.559 17.440 11.349 14.278 14.220 16.170 30.126 49.087 51.051 54.017 45.984 6.944
49.590 49.552 49.520 52.500 22.508 19.472 51.393 56.325 50.269 48.219 55.170 65.122 68.079 0.000 0.000 0.000 0.000 0.000 0.000 0.000 0.000 0.000 0.000 0.000 0.000 0.000 66.411 74.331 84.236 85.225 84.265 91.463 91.264 83.971 84.673 84.532 84.453 84.378 84.309 66.245 48.187 0.000 0.000 0.000 0.000 0.000 0.000 0.000 0.000 0.000 24.017 21.991 21.949 18.896 11.832 13.756 14.658 30.514 30.232 27.022 23.850 16.697 15.553 12.405 13.321 14.260 18.209 38.166 50.128 50.095 51.065 50.041 41.024 0.000
64.666 63.629 61.597 58.572 59.551 59.515 56.462 57.407 59.354 59.304 65.255 67.205 25.142 0.000 0.000 0.000 0.000 0.000 0.000 0.000 0.000 0.000 0.000 0.000 4.897 12.821 67.648 84.538 85.444 85.394 84.623 91.648 83.455 85.126 84.811 84.744 84.661 84.587 82.518 64.442 35.315 0.000 0.000 0.000 0.000 0.000 0.000 0.000 0.000 0.000 14.221 18.179 21.127 22.071 21.011 17.948 13.883 7.823 0.000 0.000 0.000 0.000 0.000 16.305 14.270 17.230 38.192 51.158 50.126 51.099 54.075 50.057 47.048 28.052
63.737 62.700 64.668 66.639 65.610 64.575 62.532 60.486 60.438 61.388 57.339 57.300 0.000 0.000 0.000 0.000 0.000 0.000 0.000 0.000 0.000 0.000 0.000 0.000 53.972 76.919 75.822 84.730 85.620 85.748 83.853 91.819 85.551 85.153 85.027 84.941 84.862 84.792 80.733 60.691 0.000 0.000 0.000 0.000 0.000 0.000 0.000 0.000 0.000 21.618 16.467 13.378 15.310 20.249 22.194 22.144 23.101 14.074 0.000 0.000 0.000 0.000 0.000 17.240 15.224 31.200 52.173 50.146 50.121 50.099 51.080 50.066 50.058 41.056
49.803 50.768 57.736 66.706 72.677 60.644 54.607 49.567 47.522 46.473 52.415 31.358 0.000 0.000 0.000 0.000 0.000 0.000 0.000 0.000 0.000 0.000 0.000 0.000 60.101 76.061 83.992 85.911 85.882 85.015 92.122 91.977 87.572 85.376 85.213 85.134 85.055 84.986 79.931 54.898 0.000 0.000 0.000 0.000 0.000 0.000 0.000 0.000 21.899 16.770 16.650 16.558 15.484 12.423 17.373 21.332 22.306 19.296 0.000 0.000 0.000 0.000 20.176 14.192 18.187 46.172 50.153 50.133 50.114 50.096 50.081 50.069 50.062 25.059
48.865 52.832 57.801 59.773 62.746 52.717 48.686 49.652 49.613 51.565 29.490 0.000 0.000 0.000 0.000 0.000 0.000 0.000 0.000 0.000 0.000 0.000 0.000 0.000 46.270 75.232 85.173 86.080 86.215 84.329 92.255 85.128 86.798 85.476 85.408 85.318 85.238 85.166 76.108 49.073 0.000 0.000 0.000 0.000 0.000 0.000 0.000 21.151 17.028 16.912 16.808 16.719 16.647 16.587 13.541 12.508 15.494 22.510 22.595 0.000 0.000 0.000 14.161 15.164 33.159 50.149 49.135 49.120 50.105 50.090 50.078 50.069 49.063 15.060
48.923 50.892 51.865 49.840 48.817 49.793 48.768 48.741 48.712 53.685 0.000 0.000 0.000 0.000 0.000 0.000 0.000 0.000 0.000 0.000 0.000 0.000 0.000 0.000 54.478 83.428 86.360 86.339 85.477 92.495 92.380 88.129 85.827 85.679 85.587 85.497 85.412 86.332 66.261 54.212 0.000 0.000 20.881 0.000 20.589 22.531 22.428 17.274 17.151 17.044 16.948 16.866 16.796 16.739 16.695 15.665 12.651 21.657 22.680 15.680 0.000 0.000 22.145 14.143 22.139 28.130 31.119 35.107 41.095 47.084 49.074 49.066 47.061 12.058
49.977 49.950 49.926 49.906 48.888 48.870 48.853 48.833 47.808 55.779 6.779 0.000 0.000 0.000 0.000 0.000 0.000 0.000 0.000 0.000 0.000 0.000 0.000 38.893 74.735 85.641 86.535 86.682 84.780 92.599 85.589 87.259 85.941 85.863 85.765 85.672 85.580 86.489 58.394 36.303 0.000 0.000 16.881 0.000 15.647 17.578 17.479 17.365 17.260 17.164 17.077 17.000 16.934 16.879 16.836 14.806 16.789 22.785 19.790 0.000 0.000 0.000 21.129 20.127 19.122 18.114 17.105 16.095 20.085 31.075 27.067 29.061 33.056 14.053
48.027 48.004 47.985 47.969 47.957 47.948 48.940 50.931 52.909 27.844 0.000 0.000 0.000 0.000 0.000 0.000 0.000 0.000 0.000 6.044 0.000 0.000 9.170 50.050 80.932 86.827 86.819 85.853 92.777 92.693 88.582 86.286 86.134 86.038 85.940 85.844 85.748 81.650 28.522 0.000 0.000 0.000 16.882 22.884 17.774 17.655 17.545 17.449 17.360 17.275 17.196 17.124 17.060 17.007 16.964 13.934 22.914 22.906 18.905 0.000 0.000 0.000 20.117 19.113 20.108 20.100 20.092 20.083 20.074 19.066 19.060 18.054 17.051 17.049
49.073 52.054 56.040 59.030 63.025 65.025 68.030 67.040 59.053 0.000 8.473 32.496 0.537 0.000 0.000 0.000 0.000 0.000 37.048 64.044 4.043 0.000 43.289 76.208 86.108 87.014 86.951 86.181 92.849 85.027 86.711 86.391 86.313 86.212 86.115 86.016 86.919 73.842 0.000 0.000 0.000 0.000 0.000 16.994 17.913 19.722 19.597 17.526 17.456 17.382 17.308 17.239 17.177 17.124 14.082 19.050 22.030 23.020 14.019 0.000 0.000 0.000 4.109 25.102 25.095 22.088 19.080 19.071 20.064 21.057 21.051 20.047 20.045 21.044
50.115 57.100 66.090 67.086 66.088 65.097 64.115 61.148 55.210 30.347 47.450 65.514 34.573 18.611 0.000 0.000 0.000 8.065 47.053 61.040 0.009 18.635 60.491 85.382 88.287 87.141 87.364 85.346 92.907 87.016 86.729 86.578 86.483 86.387 86.290 86.187 88.071 31.956 0.000 0.000 0.000 0.000 0.000 13.187 19.162 0.071 0.013 16.603 17.555 17.488 17.416 17.347 17.285 16.232 14.189 23.156 23.134 20.125 14.133 20.177 0.000 0.000 0.000 36.090 51.085 44.076 40.068 36.060 32.052 35.046 35.041 18.038 19.037 20.040
51.152 54.141 57.136 56.136 54.143 52.159 50.186 48.227 48.291 57.381 59.467 56.538 53.600 57.649 5.691 0.000 0.000 48.076 78.061 29.022 24.931 58.780 82.656 87.553 87.431 87.566 85.532 92.985 85.427 87.141 86.825 86.751 86.655 86.563 86.471 89.371 46.221 0.000 0.000 0.000 0.000 0.000 0.000 15.404 20.388 0.000 0.000 13.729 17.675 17.599 17.521 17.449 17.385 14.331 22.286 23.251 22.227 13.213 17.212 17.222 0.000 0.000 0.000 4.084 34.078 52.066 51.056 51.047 51.041 51.035 45.030 35.027 21.026 0.000
51.184 51.177 50.175 50.179 51.190 51.210 51.241 49.285 50.345 55.420 58.498 54.572 49.639 52.695 7.732 0.000 0.000 40.104 50.091 28.057 60.992 75.898 84.802 87.711 87.665 86.782 93.379 93.129 86.423 87.151 87.006 86.916 86.825 86.738 86.660 89.607 0.000 0.000 4.985 13.985 0.000 0.000 16.748 19.638 18.598 25.628 0.000 13.909 17.817 17.713 17.621 17.543 15.476 17.420 23.373 23.336 15.309 16.290 17.280 17.276 0.000 0.000 0.000 0.000 0.000 34.054 50.042 50.034 50.028 50.023 51.019 51.016 26.014 0.000
51.213 51.209 51.209 51.216 51.229 51.251 50.283 49.328 53.386 57.456 57.533 52.612 48.689 53.760 6.812 0.000 0.000 36.144 5.142 52.123 76.080 82.017 87.951 87.828 88.062 86.070 93.600 85.853 87.562 87.247 87.175 87.080 86.991 86.904 93.824 77.789 0.000 0.984 50.985 36.985 0.000 0.000 11.859 19.803 18.739 18.658 24.483 22.181 20.970 17.816 17.708 17.625 14.557 22.499 23.451 19.413 14.382 17.359 17.341 19.328 23.338 0.000 0.000 0.000 0.000 0.000 47.025 50.020 50.015 50.010 51.006 49.003 23.001 0.000
51.238 51.236 51.238 51.245 51.260 50.282 49.314 51.357 55.414 58.485 54.565 49.654 48.747 51.844 33.943 21.079 22.157 18.187 19.212 59.212 80.189 86.150 88.073 88.243 86.261 93.985 93.801 86.866 87.576 87.427 87.334 87.243 87.154 92.065 34.942 49.937 19.974 50.984 58.986 0.000 0.000 0.000 11.026 19.976 18.896 18.783 28.610 39.361 13.068 22.874 18.771 15.693 17.627 23.570 22.521 13.481 16.449 17.423 17.398 4.358 5.347 0.000 0.000 0.000 0.000 0.000 28.013 49.006 50.001 49.997 53.993 49.989 38.986 0.000
51.260 51.258 51.261 51.268 51.282 49.303 49.333 53.373 60.429 61.504 57.591 52.690 50.803 50.926 53.036 53.138 62.206 3.233 37.307 75.325 82.316 88.289 88.294 87.459 94.310 94.152 87.233 88.009 87.668 87.591 87.492 87.402 87.320 95.258 0.000 33.042 35.003 24.992 26.989 0.000 0.000 0.000 14.243 20.179 19.087 24.969 40.813 17.587 0.000 3.841 16.808 14.751 22.689 23.632 19.582 16.542 17.510 17.486 19.471 0.000 0.000 0.000 0.000 0.000 0.000 20.000 1.001 39.991 49.987 49.984 54.980 49.976 49.969 38.955
51.278 51.276 51.279 51.286 50.298 49.316 51.341 58.375 35.424 11.511 10.605 7.714 37.847 55.023 50.137 53.230 34.296 0.000 42.458 80.464 86.466 88.402 88.685 86.743 94.455 87.578 88.350 87.914 87.851 87.742 87.645 87.552 88.465 86.391 8.332 8.187 0.000 0.000 0.000 0.000 0.000 13.697 21.525 19.411 18.305 38.194 42.086 0.000 0.000 0.000 12.869 18.813 23.747 23.687 13.636 17.594 17.563 17.541 20.529 0.000 0.000 0.000 0.000 0.000 0.000 0.000 0.000 27.976 49.974 49.972 55.969 49.965 49.959 43.952
51.292 51.290 51.292 50.298 49.308 51.322 54.340 62.361 21.381 0.000 0.000 0.000 0.000 37.184 52.258 53.349 39.452 41.582 67.602 84.619 88.598 88.820 86.886 94.709 94.588 88.563 88.254 88.101 87.994 87.892 87.793 87.696 90.599 75.507 4.419 0.000 0.000 0.000 0.000 0.000 0.000 13.869 20.750 19.634 17.528 45.417 6.251 0.000 0.000 19.128 23.988 23.884 23.800 21.733 16.679 17.637 17.607 17.586 19.577 0.000 23.627 0.000 0.000 0.000 0.000 0.000 0.000 20.962 49.962 49.961 49.959 49.956 49.952 47.948
51.303 51.301 51.302 50.306 49.314 53.324 57.336 61.349 19.358 0.000 0.000 0.000 0.000 17.272 60.360 55.459 61.581 74.693 83.751 87.777 88.841 88.042 94.923 94.820 87.911 88.681 88.334 88.247 88.139 88.038 87.939 91.839 54.729 26.618 0.000 0.000 0.000 0.000 0.000 0.000 16.402 21.160 19.973 21.848 18.757 42.694 0.000 0.000 14.508 21.269 37.071 25.935 22.838 18.766 16.711 16.670 17.640 17.621 17.615 22.625 18.628 9.627 0.000 0.000 0.000 16.943 18.945 17.950 49.951 49.951 49.950 49.948 49.946 47.945
51.311 51.309 51.309 49.312 51.317 57.324 58.333 56.341 43.345 4.342 0.000 0.000 0.000 0.000 13.452 9.544 49.721 80.857 84.930 88.940 89.166 87.338 95.016 87.233 89.008 88.569 88.499 90.383 89.279 88.181 88.087 93.992 16.860 0.000 0.000 0.000 0.000 0.000 0.000 36.868 36.645 24.398 21.133 32.029 26.957 27.908 0.000 0.000 12.747 17.369 28.091 23.948 27.852 21.782 24.730 23.691 20.663 17.645 16.636 16.634 22.631 0.000 0.000 0.000 0.000 13.942 13.941 23.942 49.943 49.942 49.941 49.940 49.940 23.943
