results2_8e3_rain/res_3e8f-0140.wd
ncols         241
nrows         181
xllcorner     12693529.787448
yllcorner     3542525.717860
cellsize      155.156523
NODATA_value  -9999.000000
[rows 33 to 65 of 181, columns 146 to 218 of 241]
63.811 63.033 62.765 63.410 30.078 41.758 63.455 57.155 35.755 0.000 0.000 32.473 8.474 13.475 29.478 54.485 41.485 7.484 0.000 0.000 46.359 54.342 12.310 39.273 31.244 32.211 36.159 45.107 63.049 54.007 48.967 43.934 44.907 44.883 43.860 42.838 41.814 49.788 59.762 51.739 51.718 49.695 28.671 42.652 50.640 0.000 21.073 26.034 49.936 47.849 52.765 62.684 55.608 50.573 5.556 0.000 33.493 33.501 40.503 18.498 0.000 0.000 0.000 0.000 0.000 0.000 0.000 0.000 0.000 0.000 0.000 0.000 0.000
63.745 63.497 63.157 63.836 41.522 59.228 61.970 55.786 0.000 0.000 10.473 34.473 0.000 0.000 0.000 38.501 38.495 46.483 9.459 59.426 47.383 34.350 43.316 34.279 32.243 32.205 31.160 33.112 61.064 59.021 58.983 60.949 53.919 55.892 54.867 54.843 54.819 55.795 59.771 57.749 58.729 53.709 30.691 29.677 2.669 0.000 18.005 31.979 39.925 34.845 40.763 53.679 53.626 51.595 9.581 0.000 0.000 38.521 10.522 0.000 0.000 0.000 0.000 0.000 0.000 40.537 39.536 41.534 31.533 34.532 1.531 0.000 0.000
64.208 63.877 63.561 63.249 62.947 63.663 55.411 42.234 0.000 0.000 0.000 2.473 0.000 0.000 0.000 35.522 32.513 45.495 50.468 42.435 51.397 49.361 30.323 31.285 32.246 32.206 44.162 48.118 52.074 45.032 41.994 51.959 25.928 32.900 27.873 27.848 27.824 30.801 56.779 45.758 43.739 45.722 30.708 32.697 12.691 0.000 27.964 84.952 9.938 0.000 0.000 2.642 54.620 53.601 12.591 0.000 0.000 35.540 32.541 34.549 32.551 40.551 46.550 38.547 60.543 67.538 65.536 50.534 30.533 29.531 33.531 3.530 0.000
64.586 64.271 63.957 63.651 64.354 59.066 40.776 31.505 40.505 0.000 0.000 0.000 0.000 0.000 0.000 32.553 31.539 34.515 30.485 41.449 44.411 47.372 36.332 31.292 31.251 31.209 56.167 62.124 44.081 38.040 38.001 38.966 35.934 35.905 35.878 36.853 39.829 36.806 57.785 49.766 47.748 47.733 29.721 43.712 69.707 0.000 19.934 72.928 0.000 0.000 0.000 4.627 54.612 52.600 30.590 35.581 33.571 31.557 31.553 31.554 30.554 37.553 44.551 31.548 49.543 67.538 63.536 43.534 28.532 28.531 33.530 1.530 0.000
64.981 64.660 64.347 64.044 60.753 46.470 35.123 0.000 0.000 0.000 0.000 36.890 0.000 5.810 0.000 31.598 32.574 32.542 31.506 31.467 37.426 30.384 30.341 32.299 31.256 30.214 54.171 51.130 59.088 63.045 62.005 56.970 52.938 54.909 50.882 54.856 54.832 55.810 59.790 57.771 58.755 54.741 29.730 41.722 63.718 0.000 14.911 75.898 0.000 0.000 0.000 0.000 51.602 54.596 33.589 31.581 31.574 31.566 31.562 31.560 30.558 37.556 46.554 2.551 0.000 25.537 68.535 44.533 28.531 28.530 32.529 0.000 0.000
65.372 65.042 64.726 64.425 54.145 35.939 0.000 0.000 0.000 0.000 34.909 37.890 50.857 50.810 38.749 31.668 31.617 32.573 32.530 31.486 30.441 31.396 31.351 31.306 30.262 39.218 58.176 37.135 51.096 28.048 61.004 50.970 49.940 49.911 46.884 51.858 52.834 52.813 59.793 57.775 54.759 54.746 29.736 43.730 62.726 0.000 0.883 68.854 0.000 0.000 0.000 0.000 55.597 54.594 30.588 32.582 31.577 32.572 32.568 32.565 33.562 41.560 21.558 0.000 0.000 26.537 68.535 49.533 36.530 30.528 33.527 0.524 0.000
65.757 65.410 66.089 58.786 46.462 36.200 0.000 0.000 0.000 0.000 31.927 48.905 42.870 31.825 33.770 33.708 31.654 30.603 32.555 31.506 32.457 32.409 32.360 31.313 31.266 51.221 51.179 51.141 51.111 0.000 32.992 30.968 31.940 31.911 32.884 36.858 39.835 37.813 57.793 51.776 45.761 47.749 30.740 42.733 61.730 0.000 0.000 41.801 32.780 0.000 0.000 0.000 49.596 32.595 0.000 27.581 33.581 37.578 44.574 44.570 44.566 46.563 18.560 0.000 10.543 74.539 67.536 69.533 57.529 32.527 33.524 1.521 0.000
66.130 65.753 65.433 51.167 2.872 0.000 0.000 0.000 0.000 10.002 47.967 42.934 32.895 33.849 33.796 33.741 33.686 31.633 30.580 30.527 32.474 31.421 31.369 30.318 32.269 47.223 38.179 47.137 48.097 7.049 7.005 46.971 45.940 45.910 45.883 47.857 47.833 48.811 60.792 56.775 51.760 53.749 29.740 38.734 66.732 0.000 0.000 100.770 69.759 36.743 23.735 0.000 0.000 0.000 0.000 0.000 30.587 39.584 43.580 42.575 45.570 47.565 33.560 38.554 54.546 69.541 67.536 67.532 55.528 32.525 32.521 8.518 0.000
66.471 67.041 58.722 41.540 0.000 0.000 0.000 0.000 0.000 55.036 49.007 32.969 33.926 33.879 33.827 33.772 33.717 33.661 30.605 31.548 31.490 31.433 32.376 31.322 31.270 34.221 39.176 51.132 38.090 50.047 55.006 47.971 56.938 46.908 47.880 50.854 49.830 48.808 58.788 54.771 42.757 41.745 30.737 37.732 66.731 0.000 0.000 91.750 81.743 58.734 27.727 0.000 0.000 3.664 0.000 0.000 1.598 50.592 42.586 36.580 33.574 48.568 35.562 37.555 45.548 66.542 68.537 66.532 52.527 32.522 29.518 33.513 27.507
74.734 72.216 44.873 34.730 0.000 0.000 0.242 33.202 47.166 48.101 42.054 37.009 33.963 33.913 33.860 33.805 32.749 35.691 40.631 36.570 31.507 32.444 31.382 31.323 31.268 31.218 38.170 39.126 37.083 44.042 43.003 37.967 49.934 29.904 37.875 44.849 43.824 37.802 56.782 49.765 29.751 28.739 31.731 33.727 37.729 0.000 0.000 69.735 49.731 86.723 72.713 8.695 9.679 60.664 34.649 32.633 32.614 34.602 45.593 39.585 7.578 60.571 48.564 44.557 42.550 53.543 69.537 61.531 44.526 33.520 29.515 36.509 60.502
0.000 0.000 23.826 41.778 0.000 0.000 35.274 45.237 59.196 43.147 42.099 42.051 35.002 33.950 33.896 33.840 40.782 48.722 49.659 41.593 36.523 31.453 30.385 31.320 35.263 32.211 31.163 30.118 36.076 37.035 35.997 36.962 38.928 31.897 37.868 42.842 44.817 40.794 56.774 50.756 32.741 31.730 31.721 27.717 0.000 0.000 0.000 25.726 44.722 44.716 78.706 93.693 86.679 54.665 40.651 41.636 41.621 44.609 66.599 84.590 93.582 92.574 94.566 93.558 87.551 81.544 73.537 56.531 39.525 30.518 31.512 44.506 63.499
17.334 0.000 0.000 0.000 0.000 6.346 38.312 58.276 50.236 53.191 50.144 40.095 33.044 33.990 33.935 44.877 49.817 45.756 40.691 37.621 40.540 35.460 35.384 31.311 36.251 30.199 31.152 32.108 31.066 31.027 30.989 30.954 29.920 30.889 30.860 34.833 40.807 39.784 57.763 51.745 30.729 31.717 31.707 30.701 5.696 0.000 0.000 29.720 55.717 44.711 46.703 61.691 72.679 82.666 84.653 90.639 93.626 93.615 92.604 88.594 79.585 77.576 79.568 82.560 84.552 85.544 83.537 87.530 79.523 46.517 33.510 52.504 69.497
56.574 14.894 0.000 0.000 3.406 39.381 55.352 48.318 40.280 48.237 52.191 53.141 43.089 32.033 41.975 50.915 40.854 32.792 32.729 34.660 2.555 3.465 2.380 28.289 32.232 34.183 34.139 31.096 31.055 32.016 30.979 30.943 30.910 31.879 30.849 30.822 30.796 33.772 50.750 49.731 31.714 31.700 31.690 32.686 33.691 0.000 0.000 28.717 46.715 47.710 59.702 46.691 26.679 30.667 66.654 90.642 74.630 69.619 72.608 65.598 51.588 40.579 31.570 29.561 30.553 40.545 38.537 33.529 72.522 87.515 65.508 63.501 67.495
0.000 30.214 8.357 2.419 38.431 48.419 55.396 39.366 42.329 40.287 38.241 46.191 51.136 46.078 50.017 38.954 32.892 33.831 33.774 41.734 0.000 0.000 0.000 25.235 34.204 45.164 46.123 41.082 37.042 39.003 34.967 33.932 31.898 30.867 30.837 31.809 30.782 30.758 33.735 42.714 30.696 30.681 31.668 30.661 0.000 0.000 0.000 9.716 7.716 61.711 45.704 30.693 44.681 46.668 92.657 73.645 56.634 38.623 29.612 30.601 31.591 32.581 32.572 32.562 31.553 29.545 28.537 29.529 37.521 74.514 82.506 67.499 66.493
0.000 17.391 40.439 42.470 41.479 56.469 41.448 35.419 37.383 36.342 33.295 32.244 47.188 54.127 57.062 44.994 34.927 31.865 39.802 5.768 0.000 0.000 0.000 28.212 38.185 45.148 46.107 46.067 48.027 55.989 53.953 49.918 47.885 43.853 37.823 32.795 30.767 31.742 30.718 35.696 28.676 29.658 30.642 32.627 53.608 0.000 0.000 0.000 23.721 65.716 25.708 34.697 25.682 64.668 82.659 42.648 30.637 32.626 32.615 32.605 32.594 32.584 29.573 29.563 28.554 29.545 29.536 29.528 45.520 60.512 33.504 93.496 65.490
0.000 17.521 40.535 33.545 52.544 52.531 47.509 38.479 32.444 33.402 34.355 45.302 48.244 40.179 43.109 52.033 52.959 42.900 0.000 0.000 1.503 0.405 33.256 39.216 43.175 42.134 43.092 43.051 41.011 47.974 48.938 48.903 49.870 46.839 45.808 46.779 37.751 32.724 33.699 30.675 31.653 30.633 29.615 31.600 46.588 0.000 0.000 0.000 23.732 67.724 29.716 5.706 0.000 10.665 49.662 31.651 32.640 30.630 30.619 30.608 29.597 28.586 29.575 29.564 28.554 29.545 28.535 27.527 30.519 26.511 22.502 86.492 95.485
0.000 14.637 34.636 44.632 54.621 45.603 45.578 47.546 45.509 36.467 42.420 51.367 40.307 33.238 32.160 38.072 47.975 54.875 18.755 10.635 36.512 36.396 31.290 40.221 45.168 46.121 42.077 42.034 33.994 30.956 30.921 30.887 29.854 27.823 34.792 48.762 47.734 46.706 41.679 32.653 30.629 31.606 30.585 30.568 31.557 0.000 0.000 0.000 38.750 5.733 9.724 0.000 0.000 0.000 28.672 8.655 11.643 28.634 27.623 27.612 28.600 30.588 30.576 30.565 29.554 29.544 27.534 27.525 28.517 16.511 0.000 6.484 89.477
0.000 13.753 37.741 56.725 47.705 44.681 44.652 45.619 44.581 46.538 51.491 40.438 34.378 34.307 34.222 33.118 33.994 39.872 56.755 54.638 33.511 32.387 31.285 32.211 44.153 42.105 53.060 41.014 33.974 31.937 32.903 31.869 36.837 44.806 40.775 34.745 40.715 50.686 47.658 46.630 37.603 30.577 30.552 31.531 29.515 0.000 0.000 38.794 26.786 0.000 0.000 40.727 35.725 34.716 26.699 0.000 0.000 33.639 30.629 30.616 30.603 30.590 30.577 30.565 30.554 30.543 30.532 29.523 30.514 32.506 22.498 0.000 31.469
1.955 26.882 51.849 47.822 36.795 41.765 46.731 41.695 47.656 53.614 45.568 33.517 32.459 34.391 34.304 38.184 39.013 32.862 43.755 39.652 36.506 33.356 30.255 37.184 41.130 43.086 34.045 60.989 48.950 38.916 30.883 36.851 55.820 65.788 58.758 35.727 37.697 40.666 44.636 49.606 47.576 43.546 32.517 29.488 36.458 42.418 0.000 13.804 34.813 0.000 0.000 10.729 30.732 30.724 30.710 35.697 34.678 30.654 29.637 30.621 30.606 30.591 30.578 30.565 30.553 30.541 30.530 30.520 29.510 29.500 30.490 33.477 29.467
14.021 47.986 53.952 38.920 33.886 35.851 37.814 48.775 52.735 63.694 62.650 55.603 44.552 33.493 36.418 3.301 0.000 31.807 37.752 34.709 0.000 31.275 35.195 52.139 51.096 54.065 0.000 25.947 65.923 59.893 45.863 51.832 69.802 69.771 67.740 36.709 42.678 42.646 44.614 32.582 41.549 47.515 46.481 45.446 58.410 67.377 0.320 0.000 24.849 49.886 0.000 0.000 53.750 34.737 34.720 34.702 34.683 35.662 29.644 28.626 32.609 29.592 29.578 29.564 29.551 30.539 29.528 28.517 28.506 28.495 28.484 28.473 27.463
13.114 59.088 45.055 34.018 33.980 33.941 46.899 44.855 61.815 76.776 73.736 70.694 65.651 56.610 47.576 0.000 0.000 0.000 25.736 36.725 0.000 0.000 28.110 46.083 45.049 60.012 31.960 32.929 65.901 70.872 66.843 65.814 68.784 68.754 69.723 48.692 40.660 42.627 42.593 32.558 41.522 35.485 54.446 25.405 64.361 86.308 57.230 27.180 0.000 27.922 0.000 29.812 89.780 42.755 44.732 44.710 40.689 41.669 33.650 28.632 10.610 29.591 29.577 32.563 35.550 45.537 35.525 30.513 31.502 31.491 31.480 31.469 31.459
45.232 49.200 43.160 41.118 36.076 48.032 41.985 54.932 32.895 2.860 53.823 72.786 71.750 72.720 55.700 0.000 0.000 0.000 19.732 42.728 0.000 0.000 25.051 40.034 35.007 61.975 72.939 72.908 68.879 68.852 68.824 69.795 68.767 68.737 68.707 62.676 37.643 39.609 37.574 32.536 43.497 44.457 47.414 4.368 49.319 85.263 55.198 73.131 34.041 19.959 31.905 87.845 75.803 47.770 41.743 43.718 37.695 31.673 29.655 27.641 0.000 35.586 43.575 51.561 58.548 67.534 56.522 36.509 30.498 31.486 31.475 31.464 31.454
56.381 45.319 45.267 41.219 48.173 45.127 48.075 71.994 58.974 41.944 62.911 71.876 70.844 69.819 49.804 0.000 0.000 0.000 0.000 0.000 0.000 0.000 31.011 39.994 50.970 66.942 68.913 68.885 68.858 68.831 68.805 68.778 68.750 68.721 68.692 68.661 54.628 44.593 37.556 30.516 34.474 34.430 39.384 58.336 44.284 79.229 65.168 72.104 79.034 64.967 69.911 78.860 54.817 55.781 41.751 40.724 32.699 29.676 30.655 32.635 46.613 52.591 70.575 69.560 68.545 67.532 67.518 57.505 35.493 30.481 31.470 31.459 31.448
47.496 35.428 37.369 49.318 46.271 46.229 16.196 0.000 51.062 77.034 71.999 70.964 72.932 54.907 40.894 24.914 0.000 0.000 0.000 0.000 0.000 0.000 36.986 53.962 65.937 68.911 68.885 68.860 68.836 68.811 68.786 68.761 68.735 68.707 68.678 68.647 69.614 63.579 55.540 47.498 45.453 48.406 39.357 56.306 35.254 77.199 10.142 31.084 66.024 37.966 28.913 84.866 48.824 52.788 50.756 31.727 29.701 30.677 30.655 38.633 59.612 70.592 67.574 67.558 67.543 64.528 63.514 61.501 60.488 34.476 30.465 30.453 30.443
37.595 34.526 47.466 47.412 42.363 62.320 16.285 25.262 65.180 72.129 71.087 71.049 71.014 46.982 46.953 57.933 0.000 0.000 0.000 0.000 0.000 0.000 0.000 3.933 62.903 74.880 69.857 68.835 68.814 68.791 68.769 68.745 68.720 68.694 68.667 68.637 68.604 69.568 70.528 67.484 67.435 70.384 50.331 56.278 30.225 71.172 7.119 9.065 62.011 31.959 41.910 75.866 56.826 48.790 52.757 29.728 30.701 29.676 31.653 41.631 62.610 63.591 68.572 67.555 62.539 59.524 63.510 68.496 67.483 56.471 37.459 36.448 35.437
33.685 47.618 48.556 36.501 47.450 68.404 61.362 67.321 73.266 71.216 71.172 71.131 68.092 52.053 2.004 0.000 0.000 0.000 0.000 0.000 0.000 0.000 0.000 0.000 7.864 19.848 60.829 69.811 68.792 68.772 68.752 68.731 68.708 68.684 68.657 70.629 69.597 69.561 68.520 70.473 69.421 69.364 59.306 57.250 34.197 46.146 76.095 55.045 62.996 31.949 59.904 53.862 56.823 44.788 38.756 30.727 30.699 30.674 38.651 43.629 44.608 49.588 57.569 55.552 56.535 67.520 67.505 67.491 67.478 68.465 62.453 58.441 56.430
48.769 48.702 37.641 33.585 48.533 67.484 73.439 72.394 71.345 71.299 71.254 72.211 63.169 56.137 0.000 0.000 0.000 0.000 0.000 0.000 0.000 0.000 0.000 0.000 16.841 36.818 63.802 69.787 68.771 68.754 68.736 68.717 68.697 68.675 70.651 70.624 70.594 62.559 67.518 70.469 73.410 71.345 65.277 61.220 49.168 33.119 81.072 64.025 65.980 30.936 76.894 40.855 21.818 38.784 29.752 30.723 29.696 38.671 44.647 43.625 43.604 42.584 35.565 31.547 61.531 67.515 67.500 67.486 67.472 67.459 68.447 68.435 68.424
45.847 36.782 34.721 32.665 49.612 69.562 71.515 71.469 71.424 71.379 71.335 73.289 52.238 50.187 0.000 0.000 0.000 0.000 0.000 0.000 0.000 0.000 0.000 0.000 0.000 50.781 69.774 68.763 68.751 68.738 68.722 68.706 70.688 69.668 69.647 69.623 63.596 41.564 57.523 67.475 18.405 9.330 43.239 50.183 59.136 46.091 67.048 85.005 69.963 36.922 78.882 2.845 14.810 27.777 30.746 30.718 32.691 42.666 40.642 41.620 43.599 46.579 40.560 41.542 57.525 67.509 67.494 67.479 67.466 67.452 67.440 67.428 67.416
36.921 34.857 39.797 44.741 59.688 71.638 71.590 71.545 71.501 71.459 71.418 72.374 59.306 0.000 0.000 0.000 0.000 0.000 0.000 35.683 0.000 14.685 0.000 0.000 0.000 25.751 60.748 67.742 68.733 68.722 68.710 68.696 70.680 68.664 68.646 68.626 52.604 48.577 10.535 12.505 0.000 0.000 28.167 35.139 57.101 43.062 48.023 90.983 73.944 52.906 62.869 12.833 57.799 34.768 30.738 30.710 32.684 41.659 52.636 52.614 54.593 60.573 55.554 66.536 67.519 67.503 67.487 67.473 67.459 67.445 67.433 67.420 67.409
37.991 34.929 41.869 60.813 71.760 71.711 71.663 71.619 71.577 71.539 71.506 77.481 0.000 0.000 0.000 0.000 0.000 0.000 35.683 47.683 34.684 49.685 45.686 0.000 15.713 47.725 54.727 65.724 68.718 68.709 68.699 69.687 68.674 68.661 68.646 64.631 53.617 58.605 0.000 0.000 0.000 12.117 45.123 37.103 55.069 31.034 32.998 80.962 79.925 71.889 57.853 57.819 46.787 41.757 30.729 30.702 30.676 40.652 62.629 69.607 68.586 68.566 60.547 67.529 67.512 67.496 67.480 67.465 67.451 67.438 67.425 67.413 67.401
36.059 33.997 48.938 68.883 72.831 71.781 71.734 71.690 71.650 71.613 71.584 78.564 0.000 0.000 0.000 0.000 0.000 0.000 24.683 44.683 44.684 43.685 46.687 30.693 38.702 46.708 46.710 63.709 69.704 68.697 68.689 68.680 68.669 68.659 69.647 61.636 57.627 51.621 0.000 0.000 0.000 5.111 9.105 37.082 56.038 33.005 28.974 67.941 84.906 81.871 62.837 41.804 40.774 41.745 32.718 29.692 30.667 33.643 44.621 64.599 67.578 67.558 59.540 67.522 67.504 67.488 67.472 67.457 67.443 67.430 67.417 67.405 67.393
35.123 37.062 57.005 72.950 71.898 71.849 71.802 71.758 71.718 71.682 73.651 71.629 0.000 0.000 0.000 0.000 0.000 0.000 10.683 49.683 55.683 60.684 51.686 50.689 44.693 40.697 51.698 65.696 68.693 68.688 71.681 69.674 68.665 68.657 68.648 63.640 55.634 50.631 25.633 0.000 0.000 0.000 0.000 0.000 47.994 33.977 29.952 62.921 93.887 74.852 53.818 44.787 46.759 44.731 39.705 28.681 30.657 29.634 33.612 52.590 67.570 67.550 59.531 67.513 67.496 67.480 67.464 67.449 67.435 67.421 67.408 67.396 67.384
35.185 45.125 65.068 73.014 71.963 71.914 71.867 71.823 71.781 72.745 70.712 58.670 42.670 0.000 0.000 0.000 0.000 0.000 12.682 50.682 59.683 59.682 63.682 65.684 48.686 47.687 62.688 68.686 68.684 68.679 69.674 68.668 68.662 68.655 68.649 66.643 54.638 55.636 49.635 0.000 0.000 0.000 0.000 0.000 33.968 33.956 27.936 72.906 60.870 66.831 36.798 56.768 50.742 43.717 43.692 34.669 29.646 30.624 29.602 41.581 64.561 66.541 60.522 67.504 68.487 67.471 67.455 67.440 67.426 67.412 67.399 67.387 67.375
