results2_8e3_rain/res_3e8f-0197.wd
ncols         241
nrows         181
xllcorner     12693529.787448
yllcorner     3542525.717860
cellsize      155.156523
NODATA_value  -9999.000000
[rows 33 to 65 of 181, columns 73 to 145 of 241]
0.000 0.000 0.000 0.000 0.000 0.000 0.000 0.000 0.000 0.000 0.000 0.000 0.000 0.000 0.000 0.000 0.000 0.000 0.000 0.000 0.000 0.000 0.000 0.000 0.000 0.000 0.000 0.000 0.000 0.000 0.000 0.000 0.000 0.000 0.000 0.000 0.000 0.000 0.000 39.806 62.808 67.809 23.811 0.000 0.000 32.888 46.916 13.895 4.896 36.917 39.932 33.930 34.911 35.875 35.821 35.748 35.655 34.538 40.384 60.147 6.661 14.774 12.052 47.210 63.667 68.196 66.755 67.356 65.891 67.976 63.030 62.640 62.629
0.000 0.000 0.000 0.000 0.000 0.000 0.000 0.000 0.000 0.000 0.000 0.000 0.000 0.000 0.000 0.000 0.000 0.000 0.000 0.000 0.000 0.000 0.000 0.000 0.000 0.000 0.000 0.000 0.000 0.000 0.000 0.000 0.000 0.000 0.000 0.000 0.000 0.000 0.000 0.000 14.808 9.809 0.000 0.000 0.000 0.000 29.008 0.000 0.000 26.958 50.999 50.003 39.986 35.949 35.892 35.813 35.712 34.592 56.457 54.302 0.000 37.609 50.173 63.600 68.079 67.601 67.170 66.678 67.737 63.755 63.054 63.307 65.607
0.000 0.000 0.000 0.000 0.000 0.000 0.000 0.000 0.000 0.000 0.000 0.000 0.000 0.000 0.000 0.000 0.000 0.000 35.242 67.242 20.242 0.000 0.000 0.000 0.000 0.000 0.000 0.000 0.000 0.000 0.000 0.000 0.000 0.000 0.000 0.000 0.000 0.000 0.000 0.000 0.000 0.000 0.000 0.000 0.000 0.000 21.099 0.000 0.000 0.000 29.102 47.097 47.079 38.044 35.985 35.899 33.788 49.662 58.550 0.000 23.268 47.878 62.433 68.937 68.444 67.988 67.468 69.500 65.486 63.595 63.994 66.318 65.562
0.000 0.000 0.000 0.000 0.000 0.000 0.000 0.000 0.000 0.000 0.000 22.244 60.244 0.244 0.000 0.000 0.000 0.000 42.243 93.242 49.242 0.000 0.000 0.000 0.000 0.000 0.000 0.000 0.000 0.000 0.000 0.000 0.000 0.000 0.000 0.000 0.000 0.000 0.000 0.000 0.000 0.000 0.000 0.000 0.000 0.000 24.191 25.232 32.250 18.248 28.211 36.202 49.191 40.162 36.105 33.011 43.880 53.717 42.530 18.190 47.659 65.203 69.744 69.265 68.802 68.261 68.266 67.228 64.248 64.696 67.034 66.285 66.050
0.000 0.000 0.000 0.000 0.000 0.000 0.000 0.000 0.000 0.000 0.000 43.244 78.244 67.244 54.244 9.244 3.244 27.243 81.243 89.242 54.242 0.000 0.000 0.000 0.000 23.278 2.278 0.000 0.000 0.000 0.000 0.000 0.000 0.000 0.000 0.000 0.000 7.279 0.000 0.000 0.000 11.277 29.277 0.000 0.000 40.254 55.241 58.255 56.270 42.283 36.292 35.310 49.321 40.310 32.260 46.159 60.005 47.795 35.664 50.381 54.973 67.533 70.070 69.609 69.057 69.037 66.981 65.011 65.416 67.762 67.021 66.791 66.457
0.000 0.000 0.000 0.000 0.000 0.000 0.000 0.000 0.000 0.000 0.000 14.244 76.244 59.244 40.244 2.244 23.244 73.243 84.243 91.242 50.242 0.000 0.000 0.000 0.277 61.278 45.278 0.000 0.000 0.000 0.000 0.000 0.000 0.000 0.000 0.279 24.279 36.279 38.279 0.000 0.000 20.277 45.277 24.276 38.273 61.267 64.266 65.276 62.294 49.321 36.364 33.425 50.474 41.496 45.468 63.359 57.186 0.000 33.951 52.696 65.319 70.881 70.425 69.866 69.821 67.754 65.900 66.158 68.506 67.776 67.552 67.219 66.886
0.000 0.000 0.000 0.000 0.000 0.000 0.000 0.000 0.000 0.000 0.000 0.000 0.000 27.245 65.245 61.244 49.244 62.244 82.243 93.242 46.241 0.000 0.000 0.000 0.000 23.278 47.278 49.278 0.000 0.000 0.000 0.000 0.000 0.000 0.000 0.000 40.279 41.279 53.279 36.279 25.279 39.278 40.278 36.277 43.276 50.276 48.279 41.288 60.307 26.343 42.420 45.551 35.654 47.730 60.755 57.625 0.259 8.906 45.493 62.131 70.727 71.265 70.712 70.638 67.566 66.956 66.930 69.269 68.550 68.336 68.011 67.679 67.321
0.000 0.000 0.000 0.000 0.000 0.000 0.000 0.000 0.000 0.000 0.000 0.000 0.000 17.245 84.245 79.245 69.245 59.244 83.243 91.241 86.239 71.235 26.233 0.000 0.000 0.000 3.278 57.278 41.278 39.278 50.278 45.278 8.278 0.000 0.000 4.279 40.279 39.279 60.279 66.279 55.279 47.279 39.279 36.279 37.279 38.281 37.284 35.292 43.305 4.324 0.000 4.707 40.862 64.017 62.198 1.512 7.607 45.316 58.979 68.622 72.160 71.721 72.497 68.450 68.254 67.749 70.058 69.345 69.138 68.826 68.510 68.159 67.769
0.000 0.000 0.000 0.000 0.000 0.000 0.000 0.000 0.000 0.000 0.000 0.000 0.000 0.000 17.245 56.246 31.246 67.245 86.244 91.242 89.238 87.234 76.230 35.227 0.227 0.000 0.000 13.278 52.278 52.278 65.278 63.278 56.278 51.278 0.000 0.000 7.279 44.279 63.279 70.279 62.279 46.279 35.280 36.280 36.281 36.283 36.286 36.291 40.296 0.000 0.000 0.000 11.069 48.277 17.745 15.023 49.962 54.767 66.509 73.115 72.967 71.208 69.538 69.921 68.651 70.893 70.168 69.955 69.650 69.353 69.036 68.681 68.251
0.000 0.000 0.000 0.000 0.000 0.000 0.000 0.000 0.000 0.000 0.000 0.000 0.000 0.000 0.000 2.247 88.247 88.247 90.246 90.243 89.238 83.232 77.227 48.224 0.000 0.000 0.000 0.000 0.000 20.278 65.278 59.278 74.278 71.278 50.278 29.278 30.279 39.279 61.279 70.279 61.279 44.280 34.280 39.281 38.282 36.284 36.287 36.289 37.291 29.291 0.000 0.000 0.000 0.000 9.481 52.521 55.450 63.307 74.030 74.142 72.504 74.396 72.157 69.695 71.805 71.041 70.797 70.479 70.185 69.894 69.600 69.277 67.841
0.000 0.000 0.000 0.000 0.000 0.000 23.217 46.214 0.000 24.156 64.146 53.133 57.122 32.116 0.000 0.000 24.250 96.251 90.251 87.247 84.239 87.230 78.222 41.217 0.000 0.000 0.000 0.000 0.000 0.000 0.000 9.278 63.278 64.278 15.278 0.000 6.279 43.279 61.279 66.279 56.279 47.280 45.280 7.281 14.283 42.285 36.287 36.289 37.290 43.290 51.290 13.290 0.000 0.000 25.177 58.130 62.023 72.833 75.049 74.681 77.959 76.539 71.039 72.845 71.991 71.682 71.324 71.008 70.713 70.440 70.195 69.986 75.838
0.000 0.000 0.000 0.000 0.000 0.000 23.220 66.211 8.192 58.167 60.148 72.131 55.118 40.109 0.000 0.000 12.252 81.254 93.259 90.254 90.242 91.228 85.214 39.205 0.000 0.000 0.000 0.000 0.000 0.000 0.000 0.000 0.000 48.278 7.278 0.000 2.279 49.279 46.279 58.279 15.279 0.000 0.000 0.000 0.000 8.286 46.287 40.288 3.289 33.290 67.290 50.290 3.290 0.000 29.930 63.769 72.671 75.792 75.548 79.718 78.972 72.395 73.962 73.011 72.616 72.199 71.840 71.512 71.217 70.959 70.752 70.633 75.686
21.485 65.479 55.474 0.000 0.000 0.000 17.232 77.219 53.197 55.171 61.147 85.126 86.109 81.094 35.080 0.000 0.000 0.000 41.278 95.267 90.248 91.224 88.201 47.184 0.000 0.000 0.000 0.000 0.000 0.000 0.000 0.000 0.000 6.278 0.000 0.000 0.000 0.000 0.000 0.000 0.000 0.000 0.000 0.000 0.000 0.000 0.000 21.289 18.289 0.000 0.000 0.000 0.000 19.342 56.759 73.711 75.388 76.321 80.668 80.272 73.424 74.984 74.023 73.569 73.097 72.689 72.319 71.985 71.685 71.426 71.222 71.108 74.158
21.486 77.478 59.469 55.458 0.000 0.000 4.256 69.237 71.206 71.174 83.143 80.118 92.097 91.079 52.066 0.000 0.000 0.000 17.309 97.289 90.257 91.220 88.180 48.148 0.000 0.000 8.712 56.674 68.633 37.605 0.000 0.000 0.000 0.000 0.000 0.000 0.000 0.000 0.000 0.000 0.000 0.000 0.000 0.000 0.000 0.000 0.000 0.000 6.289 0.000 0.000 0.000 17.306 57.814 74.774 75.357 81.586 81.076 74.695 75.258 75.761 74.945 74.480 73.984 73.542 73.135 72.763 72.423 72.113 71.838 71.603 78.419 19.288
85.489 82.479 61.465 62.447 54.418 1.373 59.299 54.268 62.216 75.175 79.134 90.106 91.081 90.058 59.039 0.000 0.000 0.000 16.358 96.323 90.273 91.217 86.154 66.078 49.961 50.853 50.749 58.678 79.620 46.578 0.000 0.000 0.000 0.000 0.000 0.000 0.000 0.000 0.000 0.000 0.000 0.000 0.000 0.000 0.000 0.000 0.000 0.000 0.000 0.000 15.396 46.174 55.682 74.669 76.258 82.923 82.331 75.244 76.965 76.301 75.762 75.308 74.826 74.373 73.946 73.548 73.176 72.829 72.507 72.208 78.933 24.676 0.000
82.494 77.482 75.467 58.446 62.416 62.381 53.341 46.318 0.000 0.000 21.113 80.092 91.063 89.032 73.994 40.940 0.000 3.533 65.444 86.370 91.297 90.220 91.139 81.051 56.951 53.850 52.754 61.669 79.590 62.508 48.395 49.306 53.240 64.200 28.184 0.000 0.000 0.000 0.000 0.000 0.000 0.000 0.000 0.000 0.000 0.000 0.000 0.000 0.000 0.000 26.596 66.437 74.384 77.032 83.802 83.406 75.966 77.637 76.860 76.491 76.053 75.603 75.162 74.733 74.323 73.933 73.563 73.212 72.877 78.556 25.245 0.000 0.000
71.502 23.489 91.473 62.453 56.420 57.391 59.365 59.347 48.346 0.000 0.000 1.077 25.048 96.014 85.963 63.887 55.764 62.621 61.514 63.419 71.323 72.227 59.132 56.037 53.940 53.843 52.747 61.654 76.563 55.469 52.370 57.283 73.215 76.176 61.168 35.168 0.000 0.000 0.000 0.000 0.000 0.000 0.000 0.000 0.000 0.000 0.000 0.000 0.000 17.435 59.281 74.893 77.733 84.368 84.123 76.662 78.307 77.525 77.170 76.744 76.323 75.900 75.482 75.074 74.679 74.299 73.932 73.578 79.233 24.895 0.000 0.000 0.000
17.510 90.498 91.485 77.473 0.000 4.398 64.380 60.360 71.344 62.328 0.000 1.089 4.054 84.014 80.956 65.881 56.783 53.675 53.572 56.467 69.349 77.234 80.124 73.025 62.930 55.834 54.737 70.638 73.538 48.436 52.334 52.239 53.162 57.120 36.144 0.000 0.000 0.000 6.694 0.000 0.000 0.000 0.000 0.000 0.000 0.000 0.000 20.658 52.327 60.184 73.699 85.029 84.645 77.713 78.310 78.878 78.191 77.829 77.409 77.004 76.597 76.193 75.794 75.403 75.022 74.651 75.289 81.934 25.584 0.000 0.000 0.000 0.000
95.519 91.508 91.497 91.481 78.460 61.424 61.396 61.369 52.343 1.302 18.205 25.147 77.086 74.030 76.968 69.896 70.813 70.724 70.632 73.529 68.371 68.236 70.105 74.010 74.920 72.826 68.728 79.624 77.516 65.404 66.290 66.178 68.075 42.997 0.000 0.000 0.000 0.000 7.694 0.000 0.000 0.000 0.000 0.000 0.000 7.538 55.315 55.878 76.891 77.447 86.091 85.613 80.200 79.918 79.308 78.842 78.466 78.056 77.658 77.262 76.868 76.479 76.096 75.721 75.354 75.993 79.638 12.286 0.000 0.000 0.000 0.000 0.000
94.527 90.520 90.511 91.496 88.474 66.443 60.410 61.376 62.340 54.292 3.229 69.171 66.111 67.053 67.991 62.923 66.850 71.775 79.703 64.645 0.000 0.181 15.049 72.992 68.912 68.823 68.724 68.614 68.497 68.374 68.244 68.108 65.962 60.797 33.578 0.000 9.212 52.991 59.694 71.390 41.154 0.000 0.000 0.000 1.438 56.738 67.522 79.445 80.080 86.825 86.490 80.849 80.527 79.793 79.465 79.078 78.683 78.292 77.903 77.517 77.135 76.760 76.392 76.032 76.679 79.330 26.984 0.000 0.000 0.000 0.000 0.000 0.000
80.534 80.533 80.531 91.519 91.496 81.464 57.426 60.387 61.347 61.302 67.250 76.195 60.137 57.079 55.019 61.955 76.889 75.823 60.761 40.703 0.000 0.000 0.000 1.004 57.913 52.832 52.729 52.613 52.485 53.349 56.205 57.047 56.869 55.652 56.358 54.908 54.432 63.068 69.700 67.321 73.918 71.380 65.871 63.359 65.732 77.374 80.895 80.689 87.318 87.101 81.486 81.141 80.393 80.068 79.675 79.290 78.905 78.523 78.144 77.768 77.397 77.032 76.679 77.336 77.999 16.665 0.000 0.000 0.000 0.000 0.000 0.000 0.000
0.000 46.547 58.561 86.552 90.528 71.490 54.443 53.398 61.359 61.319 60.274 54.221 55.163 61.108 78.050 76.989 59.926 52.868 42.814 0.000 62.381 71.319 67.224 68.103 70.973 73.863 72.748 73.622 76.482 75.333 72.178 74.008 68.815 54.583 58.295 56.934 61.541 79.150 85.718 82.277 75.818 70.348 71.894 78.359 83.214 81.652 87.921 87.572 81.470 83.080 81.667 81.007 80.668 80.271 79.888 79.504 79.125 78.750 78.381 78.015 77.651 78.293 75.957 71.635 23.317 0.000 0.000 0.000 0.000 0.000 0.000 0.000 0.167
0.000 0.000 51.614 70.600 81.573 56.525 48.458 55.405 53.371 60.340 61.305 61.254 54.185 71.139 63.085 52.024 54.960 46.908 0.000 71.531 74.442 74.353 76.251 77.136 80.015 83.897 82.778 82.645 82.487 84.325 85.164 82.993 70.798 56.572 58.304 57.992 57.647 60.272 33.746 6.249 95.724 137.323 114.858 80.792 82.312 88.883 88.446 81.917 84.646 82.062 81.620 81.263 80.869 80.484 80.098 79.715 79.339 78.973 78.615 78.260 79.898 74.533 63.222 17.928 0.000 0.000 0.000 0.000 0.000 0.000 0.000 0.394 47.239
3.852 0.000 6.682 27.662 62.637 44.581 0.000 50.392 55.380 55.367 61.352 50.303 0.000 55.178 53.128 55.061 55.983 65.895 79.772 76.620 78.504 84.398 94.291 138.176 135.052 134.935 134.821 134.693 135.498 119.314 51.163 54.000 51.814 59.601 58.358 55.084 52.782 34.544 0.000 0.000 4.524 62.232 79.243 83.839 89.574 89.256 81.514 83.216 82.516 82.213 81.845 81.464 81.081 80.694 80.306 79.919 79.544 79.187 79.847 78.512 70.149 58.717 16.470 0.000 0.000 0.000 0.000 0.000 0.000 0.000 3.539 38.476 59.355
77.853 25.829 14.770 77.727 55.734 0.000 0.000 0.000 49.388 62.397 54.434 0.000 7.351 63.266 54.189 65.108 78.018 77.917 82.800 85.673 78.556 64.445 55.338 51.226 49.082 51.969 52.878 39.808 0.000 56.270 53.173 52.030 55.857 59.659 56.445 48.203 54.854 35.578 0.000 1.811 57.534 74.542 84.264 90.067 89.845 82.097 83.784 83.081 82.789 82.421 82.054 81.677 81.295 80.907 80.511 80.111 79.731 80.385 76.075 64.790 21.470 0.000 0.000 0.000 0.000 0.000 0.000 0.000 0.000 0.000 6.602 56.541 55.452
87.872 95.863 83.844 0.816 12.837 6.947 1.983 0.987 0.000 0.000 58.554 56.533 64.436 61.345 61.256 61.163 78.063 91.955 80.838 60.718 58.600 53.490 55.388 46.309 0.000 57.980 54.914 43.852 0.000 57.323 52.228 53.091 59.924 57.733 55.558 37.430 0.000 2.050 54.238 51.992 68.777 84.686 90.344 83.029 83.597 84.257 83.654 83.361 82.999 82.641 82.272 81.896 81.514 81.126 80.723 81.282 80.884 70.546 55.278 18.105 0.000 0.000 0.000 0.000 0.000 0.000 0.000 4.993 31.946 30.859 45.725 57.633 45.546
77.900 81.906 71.908 0.000 0.000 72.022 65.017 58.992 2.931 10.836 76.695 73.609 60.516 61.422 61.326 62.225 83.116 135.001 127.881 74.758 129.639 50.525 54.417 54.313 56.196 54.056 53.948 53.835 55.675 51.470 51.326 60.184 59.014 55.791 50.625 39.527 0.000 0.804 56.276 63.093 85.088 83.967 90.700 84.075 84.662 84.212 83.923 83.577 83.229 82.869 82.499 82.120 81.737 81.363 82.971 78.410 59.977 46.636 48.387 14.246 0.000 0.000 0.000 0.000 0.000 0.000 0.000 5.040 40.986 45.905 59.808 53.719 43.636
73.931 68.952 12.973 0.000 3.143 55.101 64.071 61.029 78.966 72.882 77.782 85.690 76.598 61.502 61.401 61.293 60.177 54.053 48.925 53.796 50.672 54.553 54.440 54.331 54.218 54.100 53.986 53.865 52.720 57.557 59.422 60.303 44.159 0.000 43.625 0.000 0.000 0.796 60.435 82.345 86.343 91.680 91.223 84.166 84.819 84.461 84.148 83.815 83.467 83.106 82.735 82.349 81.952 80.617 42.388 0.000 0.000 0.000 0.000 0.000 0.000 0.000 0.000 37.457 32.418 31.353 30.264 34.140 43.053 58.969 52.882 43.799 53.719
65.959 56.999 62.059 7.159 60.185 56.169 55.136 73.086 66.022 81.945 90.860 70.773 56.683 54.587 57.483 60.370 61.245 61.110 53.970 52.830 53.698 53.576 54.461 54.352 54.246 59.139 56.032 52.918 53.785 56.614 60.501 49.448 0.000 0.000 0.000 0.000 16.084 135.961 79.694 86.717 84.688 92.084 83.983 86.503 87.987 84.714 84.398 84.067 83.718 83.353 83.985 80.591 68.103 58.766 16.577 0.000 0.000 0.000 0.000 0.000 0.000 0.000 39.539 39.496 39.445 40.378 40.297 41.204 55.118 55.035 38.953 41.874 43.798
40.975 42.027 36.106 60.233 56.267 55.256 66.217 70.159 81.090 88.016 53.939 52.859 53.774 55.680 54.576 51.457 59.323 60.173 61.013 59.857 53.716 52.590 51.476 52.372 58.273 117.179 85.086 64.989 47.887 0.000 62.521 70.540 0.000 0.000 0.000 0.000 60.209 71.102 87.987 86.021 92.789 92.450 85.072 85.602 86.269 84.976 84.666 84.337 83.986 84.602 83.262 35.927 0.000 0.000 0.000 0.000 0.000 0.000 0.000 0.000 0.000 0.000 46.583 42.542 39.486 40.419 38.343 50.261 57.180 41.100 42.022 49.946 47.873
0.000 0.000 0.000 53.398 56.397 58.370 79.317 90.242 104.164 86.090 15.020 71.949 71.873 55.785 55.682 54.560 52.416 55.246 61.053 58.869 59.719 61.592 59.482 57.384 53.296 48.217 53.144 48.067 0.000 0.000 0.000 56.652 48.680 0.000 0.000 2.614 70.442 87.288 87.361 85.376 93.099 84.793 87.295 88.802 85.546 85.256 84.952 84.629 84.286 81.808 36.535 0.000 0.000 0.000 0.000 0.000 0.000 0.000 0.000 0.000 0.000 45.747 15.668 3.603 47.538 37.468 48.394 60.317 48.240 43.163 48.088 52.015 44.944
0.000 0.000 0.000 51.566 57.550 73.511 84.439 132.329 126.233 128.161 134.102 130.046 130.982 55.904 55.807 54.685 54.533 53.344 48.082 57.848 59.697 60.578 58.476 60.388 60.312 61.249 54.205 0.000 0.000 0.000 0.000 57.735 42.707 0.000 0.097 61.761 83.649 87.605 86.594 93.662 93.388 85.850 86.398 87.089 85.827 85.552 85.257 85.940 60.721 0.000 0.000 0.000 0.000 0.000 0.000 0.000 0.000 0.000 58.065 47.015 36.936 40.826 40.740 41.665 41.593 44.522 57.448 54.374 49.299 50.225 48.152 46.081 42.012
17.812 0.000 0.000 52.749 69.728 77.684 83.598 54.402 53.279 52.217 49.183 50.151 50.107 56.043 55.956 71.841 71.688 47.516 0.000 44.745 57.642 59.548 57.456 59.378 59.314 60.260 56.224 0.164 1.060 2.014 55.959 40.847 0.000 0.000 63.160 72.007 88.884 87.797 86.979 93.918 85.523 88.053 90.589 86.367 86.119 85.867 84.584 72.154 30.938 0.000 0.000 0.000 0.000 0.000 44.316 39.294 39.254 39.195 43.114 55.045 57.968 43.881 38.799 40.723 42.650 57.577 56.504 42.431 51.358 52.286 51.215 44.145 40.077
