results2_8e3_rain/res_3e8f-0040.wd
ncols         241
nrows         181
xllcorner     12693529.787448
yllcorner     3542525.717860
cellsize      155.156523
NODATA_value  -9999.000000
[rows 99 to 131 of 181, columns 74 to 147 of 241]
45.317 45.341 44.368 44.397 49.430 52.465 49.503 45.532 45.546 39.540 0.000 0.000 0.000 0.000 0.000 0.000 4.173 62.463 87.599 85.718 84.979 91.850 91.778 84.898 85.594 85.439 85.327 86.219 86.117 85.025 88.945 47.888 0.000 0.000 0.000 0.000 0.000 0.000 1.815 27.619 39.479 7.263 0.000 18.879 21.843 19.786 23.693 20.438 17.959 0.000 11.880 15.828 30.770 36.723 39.687 37.659 32.638 25.623 20.614 15.610 0.000 0.000 0.000 0.000 0.000 0.000 6.597 18.596 42.595 43.593 43.592 43.590 41.588 0.000
45.313 44.334 42.357 46.382 51.409 52.441 52.487 46.519 43.531 48.533 48.532 9.531 0.000 8.055 38.027 14.985 0.000 50.943 90.898 86.219 86.300 91.909 84.228 86.015 85.665 85.574 85.458 85.348 85.244 87.150 86.072 22.019 0.000 0.000 0.000 0.000 0.000 0.000 5.968 11.859 22.783 0.000 0.000 14.048 22.015 20.955 24.855 24.663 0.000 0.000 6.843 20.805 25.745 46.707 47.678 47.656 48.638 49.625 47.616 28.611 0.000 0.000 0.000 0.000 0.000 0.000 5.593 18.590 42.588 43.587 43.585 43.584 36.583 0.000
44.307 44.325 47.344 50.365 51.385 26.401 0.000 19.523 55.528 28.531 2.531 0.000 0.000 19.084 69.040 65.943 57.740 76.388 87.494 84.489 91.992 85.528 86.333 85.895 85.825 85.703 85.587 85.470 86.359 84.260 72.174 19.096 0.000 0.000 0.000 0.000 0.000 9.282 16.160 14.068 15.011 0.000 0.000 20.250 38.216 31.166 26.111 0.943 0.000 0.000 0.000 0.000 19.699 44.683 48.665 46.648 46.634 46.622 48.613 21.608 15.603 15.601 21.600 0.000 0.000 0.000 0.000 17.583 42.582 43.581 43.579 43.577 26.576 0.000
43.299 48.315 51.331 51.348 51.366 16.377 0.000 0.000 0.000 0.000 0.000 0.000 0.000 12.156 75.107 81.010 88.860 88.725 85.812 92.387 92.139 85.512 86.222 86.068 85.953 85.836 85.715 85.588 91.461 41.359 9.266 0.000 0.000 0.000 0.000 0.000 0.603 18.404 14.324 14.241 13.184 19.189 0.000 13.486 39.433 38.381 36.345 0.000 0.000 0.000 0.000 0.000 17.668 46.661 50.651 47.639 46.627 44.617 33.609 14.604 10.601 11.600 0.000 0.000 0.000 0.000 0.000 13.577 42.576 43.575 43.573 39.571 6.569 11.563
49.291 51.303 51.317 49.332 55.354 25.364 0.000 0.000 0.000 0.000 0.000 0.000 0.000 23.278 81.220 84.135 87.972 87.160 87.142 92.608 84.927 86.628 86.297 86.205 86.089 85.972 89.848 95.707 50.539 19.449 0.000 0.000 0.000 0.000 0.000 1.759 24.722 18.593 11.490 16.390 20.294 17.194 15.025 28.775 32.652 22.580 30.545 0.000 0.000 0.000 0.000 0.000 23.646 47.643 52.638 51.631 47.620 42.609 11.602 9.598 10.598 17.599 0.000 0.000 0.000 0.000 7.573 11.573 40.572 43.570 43.569 37.566 8.564 7.561
51.281 51.292 50.303 28.311 0.000 13.361 15.360 0.000 0.000 0.000 0.000 0.000 14.579 67.458 81.370 84.255 86.387 87.368 92.993 92.810 85.923 86.619 86.453 86.341 86.227 90.115 51.999 11.853 0.000 29.448 15.448 0.000 0.000 0.000 0.000 9.796 43.831 34.758 29.653 24.536 25.409 23.269 24.108 36.938 30.818 14.744 16.709 0.000 0.000 0.000 0.000 0.000 23.628 51.627 16.630 14.625 46.615 49.599 19.592 10.590 15.593 0.000 0.000 0.000 0.000 0.000 0.000 7.570 25.568 41.566 44.564 37.562 8.560 7.558
51.272 47.281 51.291 33.297 0.000 4.360 34.360 0.000 0.000 0.000 0.000 4.791 66.700 80.606 86.518 86.474 86.598 93.320 93.162 85.284 87.049 86.690 86.595 86.476 86.365 90.261 62.181 0.000 0.000 0.000 2.448 0.000 0.000 0.000 0.000 0.000 29.048 33.955 43.831 39.691 27.537 30.367 39.199 34.050 21.940 13.870 14.838 0.000 0.000 0.000 0.000 0.000 21.611 55.607 0.000 0.000 0.000 42.581 32.578 13.576 0.000 0.000 0.000 0.000 0.000 0.000 0.000 0.000 4.565 30.562 40.560 33.559 9.557 7.556
46.262 45.270 61.284 40.290 0.000 3.360 31.359 0.000 0.000 0.000 0.000 62.881 75.825 85.754 88.625 87.854 85.869 93.465 84.623 86.386 82.934 84.854 86.726 86.608 87.494 81.385 71.283 19.283 0.000 0.000 0.000 0.000 0.000 0.000 0.000 19.609 24.360 24.183 26.024 34.862 37.680 40.464 34.270 21.125 15.023 13.960 12.935 16.958 1.957 0.000 0.000 0.000 10.597 47.585 13.570 2.566 0.000 37.567 43.563 23.560 0.000 0.000 0.000 0.000 0.000 0.000 0.000 0.000 0.000 23.557 28.557 15.556 7.555 7.554
52.251 48.255 0.000 0.000 0.000 0.000 0.000 0.000 0.000 0.000 0.268 79.028 80.973 88.876 88.027 87.031 93.719 93.598 86.596 86.273 86.105 85.980 84.857 85.736 87.618 44.501 0.000 0.000 0.000 0.000 0.000 0.000 0.000 5.415 20.200 30.859 27.599 26.395 23.220 24.052 26.859 38.539 39.295 31.156 20.066 13.011 12.985 14.982 0.000 0.000 0.000 0.000 0.000 37.565 15.561 11.562 11.559 43.557 46.547 29.542 0.000 0.000 3.353 0.000 0.000 0.000 0.000 0.000 2.554 26.554 21.553 7.553 7.553 6.553
54.242 41.244 0.000 0.000 0.000 0.000 0.000 0.000 0.000 0.000 66.362 76.227 88.132 88.102 87.225 93.934 93.830 85.937 87.698 87.339 87.237 87.109 86.985 88.862 38.740 0.000 0.000 0.000 0.000 0.000 0.000 4.253 21.009 33.631 29.326 28.030 27.781 27.578 28.410 26.269 25.164 0.000 17.216 42.137 24.076 12.035 15.012 13.004 1.008 0.000 0.000 0.000 0.000 29.550 7.546 0.000 0.000 0.000 36.526 25.520 34.504 41.493 0.142 0.000 0.000 0.000 0.000 0.000 0.000 17.552 15.550 8.550 10.551 8.552
46.236 45.237 21.234 0.000 0.000 0.000 0.000 0.000 0.000 19.624 79.501 86.387 88.267 88.394 86.488 94.028 86.251 88.019 87.573 87.493 87.363 88.238 89.113 50.987 0.000 0.000 0.000 0.000 0.000 0.000 23.842 34.497 30.144 28.774 28.442 28.155 27.918 27.727 27.573 27.450 36.365 0.000 0.000 10.102 19.067 11.041 20.024 20.016 2.013 0.000 0.000 0.000 0.000 13.539 50.529 18.518 0.000 0.000 37.511 31.507 22.500 22.495 0.000 0.000 0.000 0.000 0.000 0.000 0.000 0.000 7.546 8.546 0.000 0.000
0.000 48.233 46.232 35.230 0.000 0.000 0.000 0.000 10.860 69.747 83.633 89.526 88.469 87.590 94.185 94.111 87.210 87.897 87.735 87.613 88.493 90.367 51.240 0.000 0.000 0.000 0.000 0.000 10.943 21.674 33.187 29.750 29.298 25.880 25.515 25.230 26.010 27.839 27.705 30.596 7.480 0.000 0.000 0.000 15.049 14.038 32.029 28.024 0.000 0.000 0.000 0.000 0.000 0.000 42.512 54.507 11.500 37.498 51.500 43.499 19.495 12.492 0.000 0.000 0.000 0.000 0.000 0.000 0.000 2.541 8.542 12.543 0.000 0.000
0.000 50.231 40.230 47.229 39.228 0.213 0.000 4.078 70.974 79.867 89.769 88.607 88.831 86.819 94.247 86.524 88.305 87.953 87.858 88.739 89.628 43.498 0.000 0.000 0.000 0.000 0.000 23.499 34.212 31.894 30.482 32.018 31.417 36.935 41.508 36.241 29.053 22.913 26.812 32.750 0.000 0.000 0.000 0.000 18.042 19.035 41.030 29.027 0.000 0.000 0.000 0.000 0.000 0.000 37.502 46.499 51.496 47.495 47.494 51.493 35.490 14.487 15.482 0.000 0.000 0.000 0.000 0.000 4.539 9.540 7.540 12.540 0.000 0.000
0.000 18.229 69.229 32.228 0.000 0.000 9.269 69.182 74.089 87.997 88.847 89.074 86.956 94.334 86.803 88.603 88.167 88.099 88.976 85.860 40.783 0.000 0.000 0.000 0.000 0.000 26.054 33.787 31.513 31.207 34.830 9.424 0.000 0.000 6.341 32.175 34.049 34.951 26.880 27.841 0.000 0.000 0.000 0.000 0.000 17.031 24.029 23.028 0.000 0.000 0.000 0.000 0.000 0.000 28.494 41.493 46.491 47.490 48.490 44.489 40.487 25.483 13.478 17.474 23.472 0.000 0.000 0.000 0.000 7.539 8.539 10.538 0.000 0.000
0.000 0.000 70.228 57.228 0.000 0.000 16.356 77.292 85.212 89.098 90.235 90.214 94.696 94.472 87.765 88.471 88.321 88.212 83.098 72.940 23.861 0.000 0.000 0.000 14.747 23.602 35.321 32.081 31.849 35.590 13.210 0.000 0.000 0.000 0.000 30.068 27.017 30.961 36.917 36.895 14.905 0.000 0.000 0.000 0.000 19.029 13.028 20.028 0.000 0.000 0.000 0.000 0.000 0.000 15.487 32.487 46.486 41.485 34.486 36.487 0.000 22.479 31.475 24.472 20.471 0.000 0.000 0.000 0.000 0.000 2.537 7.536 12.535 0.000
0.000 0.000 0.000 47.227 0.000 4.614 70.506 82.421 89.338 89.295 89.418 95.095 94.901 87.079 88.865 88.520 88.437 81.339 47.263 0.000 0.000 0.000 0.000 33.039 26.893 34.738 32.548 32.369 33.211 11.094 0.000 0.000 0.000 0.000 0.000 33.014 26.991 26.960 28.933 32.917 34.915 0.000 0.000 0.000 0.000 0.001 19.027 0.000 0.000 0.000 0.000 0.000 0.000 0.000 11.482 22.482 29.481 21.481 18.481 0.000 0.000 0.000 15.472 19.470 28.468 0.000 0.000 0.000 0.000 0.000 0.000 7.535 8.535 0.000
0.000 0.000 0.000 0.000 4.806 73.721 78.633 89.556 89.427 90.655 90.677 95.276 87.405 89.171 88.725 88.653 78.540 67.443 31.353 0.000 0.000 0.000 27.323 49.186 34.049 25.909 33.765 31.635 34.535 4.481 0.000 0.000 0.000 0.000 21.975 28.982 27.972 27.955 24.939 20.927 22.923 0.000 0.000 0.000 0.000 0.000 26.026 0.000 0.000 0.000 0.000 0.000 0.000 0.000 13.478 12.478 11.477 9.476 15.476 0.000 0.000 0.000 0.000 13.466 31.464 0.000 0.000 0.000 0.000 0.000 0.000 0.533 13.534 26.533
0.000 0.000 0.000 0.000 76.890 75.832 89.760 89.659 90.808 90.829 95.603 95.444 88.369 90.040 87.870 73.742 62.637 36.540 0.000 0.000 0.000 21.587 39.460 39.333 46.208 34.085 23.969 29.872 39.812 42.815 5.943 0.000 0.000 0.000 33.969 27.968 27.962 26.951 22.940 16.931 17.927 0.000 0.000 0.000 0.000 0.000 0.000 0.000 0.000 0.000 0.000 0.000 0.000 0.000 15.476 9.474 10.473 10.472 12.472 0.000 0.000 0.000 0.000 0.460 21.460 0.000 0.000 0.000 0.000 0.000 0.000 0.000 0.000 0.000
0.000 0.000 0.000 16.126 77.033 88.959 89.885 90.852 92.995 95.897 95.752 87.703 89.451 86.089 74.976 63.813 35.725 0.000 0.000 0.000 23.831 44.715 30.597 22.480 36.366 48.256 36.155 39.072 40.027 27.025 33.072 12.131 0.000 0.000 25.963 21.961 28.956 23.948 15.939 14.931 18.927 0.000 0.000 0.000 0.000 0.000 0.000 0.000 0.000 0.000 0.000 0.000 0.000 0.000 0.000 12.469 10.469 10.468 10.467 18.465 0.000 0.000 0.000 0.000 2.455 13.451 19.450 0.000 0.000 0.000 0.000 0.000 0.000 0.000
0.000 0.000 0.000 59.219 85.157 91.092 89.971 90.207 88.253 96.034 88.007 89.758 84.313 73.233 48.100 0.000 0.000 0.000 0.000 24.046 44.949 31.844 20.735 20.625 22.519 33.417 48.322 39.237 24.199 32.186 34.189 8.190 0.000 0.000 50.960 37.958 26.953 20.946 16.937 13.928 14.923 8.919 0.000 0.000 0.000 0.000 0.000 0.000 0.000 0.000 0.000 0.000 0.000 0.000 0.000 14.466 10.466 10.466 10.465 12.463 0.000 0.000 0.000 0.000 0.000 10.449 13.449 0.000 0.000 0.000 0.000 0.000 0.000 0.000
0.000 0.000 62.480 59.374 65.294 80.195 91.349 88.386 96.288 96.164 88.946 84.621 73.462 52.344 0.000 0.000 6.114 0.000 0.000 49.144 32.074 20.978 21.873 20.768 23.668 37.573 46.480 47.354 31.347 27.332 38.311 12.250 0.000 0.000 0.000 0.000 0.000 0.000 0.000 17.921 24.918 25.916 11.914 0.000 0.000 0.000 0.000 0.000 0.000 0.000 0.000 0.000 0.000 0.000 0.000 14.463 13.464 16.464 11.463 8.460 17.459 0.000 0.000 0.000 0.000 24.448 29.448 0.000 0.000 0.000 0.000 0.000 0.000 0.000
0.000 1.715 63.587 60.502 61.422 71.387 87.535 96.524 96.407 88.247 84.999 72.659 46.572 0.000 0.000 23.146 22.115 4.071 0.000 37.312 21.227 22.121 21.012 21.907 36.811 42.729 6.670 0.000 49.502 35.485 13.472 0.000 0.000 0.000 0.000 0.000 0.000 0.000 0.000 35.916 29.915 26.914 22.912 0.000 0.000 0.000 0.000 0.000 0.000 0.000 0.000 0.000 0.000 0.000 2.458 11.460 0.000 0.000 0.000 11.458 15.457 0.000 0.000 0.000 0.000 28.448 0.000 0.000 0.000 0.000 0.000 0.000 0.000 0.000
76.896 64.821 61.717 59.634 60.506 61.738 65.788 96.636 87.505 83.254 72.834 46.781 0.000 0.000 0.000 27.177 25.129 45.028 28.835 21.566 22.402 21.267 24.147 44.038 40.941 21.861 17.803 22.776 50.676 47.634 11.620 0.000 0.000 0.000 0.000 0.000 0.000 0.000 0.000 42.913 42.912 37.911 28.910 0.000 0.000 0.000 0.000 0.000 0.000 0.000 0.000 0.000 0.000 0.000 14.458 16.458 0.000 0.000 0.000 14.456 15.456 0.000 0.000 0.000 0.000 0.000 0.000 0.000 0.000 0.000 0.000 0.000 0.000 0.000
74.970 88.912 80.833 65.729 66.876 58.912 96.848 96.744 66.393 71.057 46.948 0.000 0.000 0.000 0.000 29.258 42.195 40.079 21.911 21.715 21.547 32.400 44.271 33.156 22.056 21.972 21.904 22.850 31.791 49.757 45.755 6.805 0.000 0.000 0.000 0.000 0.000 0.000 0.000 28.911 30.910 42.909 43.908 0.000 0.000 0.000 0.000 0.000 0.000 0.000 0.000 0.000 0.000 6.456 16.456 0.000 0.000 0.000 0.000 15.455 13.455 0.000 0.000 0.000 0.000 0.000 0.000 0.000 0.000 0.000 0.000 0.000 0.000 0.000
88.103 91.025 90.946 85.910 76.055 97.049 96.948 58.555 53.339 0.000 0.000 0.000 0.000 0.000 0.000 40.401 45.315 21.182 23.017 22.838 34.670 43.517 25.381 22.261 22.156 22.066 21.992 21.931 21.880 30.848 50.839 43.855 17.882 8.892 12.894 0.000 0.000 0.000 0.000 0.000 8.908 48.907 48.906 9.905 0.000 0.000 0.000 0.000 0.000 0.000 0.000 0.000 0.000 0.000 0.000 0.000 0.000 0.000 0.000 0.000 22.455 0.000 0.000 0.000 0.000 0.000 0.000 0.000 0.000 0.000 0.000 0.000 0.000 0.000
91.216 91.144 91.021 95.253 86.301 97.148 58.637 61.308 56.061 0.000 0.000 0.000 0.000 0.000 33.802 45.632 22.483 23.317 23.136 30.952 43.778 21.619 22.477 22.351 22.241 22.146 22.067 22.003 21.952 21.917 25.898 26.895 21.899 22.901 29.897 11.896 0.000 0.000 0.000 0.000 0.000 3.905 39.904 2.904 0.000 0.000 0.000 0.000 0.000 0.000 0.000 0.000 0.000 0.000 0.000 0.000 0.000 0.000 0.000 0.000 0.000 0.000 0.000 0.000 0.000 0.000 0.000 0.000 0.000 0.000 0.000 0.000 0.000 0.000
87.329 91.232 92.385 89.422 97.338 97.243 63.257 47.629 0.000 0.000 0.000 0.000 0.000 0.000 50.972 27.844 23.667 23.467 25.259 46.057 25.870 22.704 22.556 22.426 22.311 22.211 22.128 22.061 22.009 21.970 20.943 19.927 22.919 4.916 0.000 0.000 0.000 0.000 0.000 0.000 0.000 0.000 32.903 20.903 0.000 0.000 0.000 0.000 0.000 0.000 0.000 0.000 0.000 0.000 0.000 0.000 0.000 0.000 0.000 0.000 0.000 0.000 0.000 0.000 0.000 0.000 0.000 0.000 0.000 0.000 0.000 0.000 0.000 0.000
66.441 70.411 66.560 97.526 97.432 74.828 55.931 46.723 0.000 0.000 0.000 0.000 0.000 0.000 26.271 22.105 21.877 20.624 33.376 26.147 19.943 20.770 20.620 20.487 20.365 21.260 22.174 22.106 22.052 21.011 18.979 20.953 20.936 17.928 7.926 10.923 12.920 11.918 13.916 0.000 0.000 0.000 0.000 29.902 1.901 0.000 0.000 0.000 0.000 0.000 0.000 0.000 0.000 0.000 0.000 0.000 0.000 0.000 0.000 0.000 0.000 0.000 0.000 0.000 0.000 0.000 0.000 0.000 0.000 0.000 0.000 0.000 0.000 0.000
103.514 68.753 98.803 97.617 57.445 48.006 0.000 61.886 19.968 0.000 0.000 0.000 0.000 70.086 48.737 19.428 27.113 37.777 36.476 32.213 29.987 29.812 29.668 28.536 22.405 18.289 22.202 22.136 22.085 21.044 21.008 24.969 24.946 25.933 35.927 35.923 31.920 24.917 23.915 2.914 0.000 0.000 0.000 0.000 0.000 0.000 0.000 0.000 0.000 0.000 0.000 0.000 0.000 0.000 0.000 0.000 0.000 0.000 0.000 0.000 0.000 0.000 0.000 0.000 0.000 0.000 0.000 0.000 0.000 0.000 0.000 0.000 0.000 0.000
108.309 106.348 97.787 97.704 85.546 0.000 28.945 56.945 130.052 105.447 0.000 16.437 6.436 68.436 28.163 25.757 97.370 87.895 83.538 83.244 81.980 80.824 79.703 78.587 49.428 16.292 22.209 22.151 22.108 22.074 14.041 0.000 0.000 0.000 0.000 0.000 0.000 0.000 40.914 19.914 0.000 0.000 0.000 0.000 0.000 0.000 0.000 0.000 0.000 0.000 0.000 0.000 0.000 0.000 0.000 0.000 0.000 0.000 0.000 0.000 0.000 0.000 0.000 0.000 0.000 0.000 0.000 0.000 0.000 0.000 0.000 0.000 0.000 0.000
107.475 97.939 97.865 82.115 0.000 0.000 0.000 0.412 50.847 38.843 0.000 0.078 0.000 28.058 24.725 34.066 89.718 0.000 0.000 0.000 25.865 34.803 95.735 8.682 0.000 26.242 22.193 22.152 23.122 5.103 0.000 0.000 0.000 0.000 0.000 0.000 0.000 0.000 0.000 40.913 0.000 0.000 0.000 0.000 0.000 0.000 0.000 0.000 0.000 0.000 0.000 0.000 0.000 0.000 0.000 0.000 0.000 0.000 0.000 0.000 0.000 0.000 0.000 0.000 0.000 0.000 0.000 0.000 0.000 0.000 0.000 0.000 0.000 0.000
106.705 98.009 106.618 108.462 28.750 0.000 5.652 32.652 42.626 20.235 0.000 21.214 66.793 65.013 57.613 0.000 8.717 0.000 0.000 8.814 36.814 81.787 44.751 9.725 0.000 0.000 28.168 22.143 23.125 4.115 0.000 0.000 0.000 0.000 0.000 0.000 0.000 0.000 0.000 0.000 0.000 0.000 0.000 0.000 0.000 0.000 0.000 0.000 0.000 0.000 0.000 0.000 0.000 0.000 0.000 0.000 0.000 0.000 0.000 0.000 0.000 0.000 0.000 0.000 0.000 0.000 0.000 0.000 0.000 0.000 0.000 0.000 0.000 0.000
98.134 98.074 87.131 29.893 0.000 0.000 0.000 0.000 19.772 0.000 0.000 14.636 58.154 111.590 47.101 0.000 0.000 0.000 0.000 0.000 50.792 85.779 15.760 12.742 0.000 0.000 0.000 27.128 21.122 19.117 17.115 5.114 0.000 0.000 0.000 0.000 0.000 0.000 0.000 0.000 0.000 0.000 0.000 0.000 0.000 0.000 0.000 0.000 0.000 0.000 0.000 0.000 0.000 0.000 0.000 0.000 0.000 0.000 0.000 0.000 0.000 0.000 0.000 0.000 0.000 0.000 0.000 0.000 0.000 0.000 0.000 0.000 0.000 0.000
