results2_8e3_rain/res_3e8f-0057.wd
ncols         241
nrows         181
xllcorner     12693529.787448
yllcorner     3542525.717860
cellsize      155.156523
NODATA_value  -9999.000000
[rows 99 to 131 of 181, columns 74 to 147 of 241]
51.576 51.573 50.572 50.573 55.576 58.581 55.586 51.591 51.593 45.593 1.592 0.000 0.000 0.000 0.000 0.000 8.109 66.289 91.348 89.404 88.609 95.370 95.296 88.401 89.094 88.936 88.822 89.713 89.609 88.514 92.433 51.375 0.000 0.000 0.000 0.000 0.000 0.000 9.779 35.613 47.430 15.173 0.000 26.694 29.650 27.590 31.513 28.296 25.921 0.000 19.513 23.446 38.372 44.313 47.267 45.233 40.207 33.190 28.179 23.174 1.168 0.000 0.000 0.000 0.000 0.000 13.453 25.453 49.452 50.451 50.450 50.450 48.449 0.000
51.580 50.577 48.575 52.576 57.577 58.580 58.585 52.589 49.591 54.591 54.591 15.591 0.000 11.581 41.555 18.517 0.000 54.642 94.569 89.851 89.894 95.430 87.730 89.514 89.162 89.069 88.952 88.840 88.734 90.639 89.560 25.506 0.000 0.000 0.000 0.000 0.000 0.000 13.945 19.856 30.771 0.000 0.000 21.886 29.845 28.771 32.654 32.454 3.201 0.000 14.466 28.419 33.346 54.299 55.263 55.235 56.213 57.198 55.188 36.183 0.000 0.000 0.000 0.000 0.000 0.000 12.450 25.447 49.445 50.444 50.443 50.442 43.441 3.441
50.582 50.579 53.577 56.577 57.577 32.578 0.000 25.589 61.590 34.591 8.591 0.590 0.000 22.607 72.567 69.479 61.299 79.991 91.094 88.070 95.515 89.026 89.829 89.390 89.319 89.195 89.078 88.961 89.849 87.750 75.662 22.584 0.000 0.000 0.000 0.000 0.000 17.368 24.201 22.093 23.028 0.000 0.000 28.119 46.073 38.996 33.879 8.667 0.000 0.000 0.000 0.000 27.294 52.274 56.252 54.231 54.214 54.201 56.192 29.187 23.186 23.185 29.184 0.000 0.000 0.000 0.000 24.440 49.439 50.438 50.436 50.435 33.434 0.000
49.582 54.580 57.578 57.577 57.577 22.577 0.000 0.000 4.590 0.000 0.000 0.000 0.000 15.673 78.627 84.536 92.399 92.277 89.360 95.892 95.657 89.005 89.713 89.558 89.443 89.325 89.204 89.078 94.950 44.848 12.755 0.000 0.000 0.000 0.000 0.000 8.677 26.535 22.398 22.290 21.220 27.223 0.000 21.399 47.333 46.260 44.201 0.000 0.000 0.000 0.000 0.000 25.261 54.252 58.239 55.224 54.211 52.200 41.192 22.188 18.186 19.185 3.184 0.000 0.000 0.000 0.000 20.434 49.433 50.432 50.430 46.428 13.426 18.420
55.582 57.580 57.578 55.577 61.576 31.576 0.000 0.000 0.000 0.000 0.000 0.000 0.000 26.785 84.729 87.648 91.489 90.680 90.659 96.101 88.412 90.113 89.783 89.691 89.575 89.458 93.335 99.195 54.027 22.937 0.000 0.000 0.000 0.000 0.000 9.936 32.820 26.696 19.568 24.448 28.338 25.227 23.036 36.745 40.599 30.511 38.463 0.000 0.000 0.000 0.000 0.000 31.239 55.235 60.227 59.217 55.206 50.197 19.190 17.186 18.185 25.185 0.000 0.000 0.000 0.000 14.428 18.429 47.428 50.426 50.425 44.423 15.420 14.417
57.581 57.579 56.578 34.577 0.575 19.574 21.573 0.000 0.000 0.000 0.000 0.000 18.073 70.953 84.866 87.752 89.883 90.863 96.466 96.291 89.401 90.098 89.933 89.822 89.709 93.598 55.484 15.339 0.000 32.937 18.937 0.000 0.000 0.000 0.000 18.051 51.974 42.860 37.731 32.596 33.459 31.311 32.137 44.946 38.809 22.722 24.679 0.000 0.000 0.000 0.000 0.000 31.222 59.220 24.220 22.212 54.198 57.191 27.186 18.183 23.184 0.000 0.000 0.000 0.000 0.000 0.000 14.426 32.423 48.422 51.420 44.418 15.416 14.414
57.580 53.578 57.578 39.577 0.000 10.573 40.573 0.000 0.000 0.000 0.000 8.293 70.192 84.092 90.001 89.955 90.076 96.776 96.626 88.752 90.519 90.163 90.070 89.953 89.843 93.741 65.662 0.000 0.000 2.937 5.936 0.000 0.000 0.000 0.000 5.244 37.163 42.041 51.899 47.748 35.589 38.423 47.253 42.094 29.970 21.889 22.852 0.000 0.000 0.000 0.000 0.000 29.206 63.205 0.000 0.000 3.186 50.183 40.179 21.177 0.170 0.000 0.000 0.000 0.000 0.000 0.000 0.000 11.418 37.417 47.416 40.415 16.413 14.411
52.578 51.577 67.577 46.577 0.000 9.572 37.572 0.000 0.000 0.000 2.473 66.395 79.309 89.228 92.094 91.321 89.333 96.915 88.080 89.846 86.399 88.321 90.196 90.081 90.968 84.862 74.762 22.761 0.000 0.000 0.000 0.000 0.000 0.000 0.000 27.519 32.395 32.241 34.078 42.907 45.728 48.540 42.361 29.205 23.089 22.014 20.987 25.022 10.021 0.000 0.000 0.000 18.192 55.189 21.181 10.178 2.178 45.175 51.172 31.169 0.000 0.000 0.000 0.000 0.000 0.000 0.000 0.000 6.414 30.413 35.412 22.411 14.410 14.409
58.575 54.575 0.000 0.000 0.000 0.570 0.570 0.000 0.000 0.000 3.552 82.502 84.433 92.331 91.481 90.484 97.158 97.042 90.047 89.728 89.564 89.442 88.322 89.204 91.089 47.975 0.000 0.000 0.000 0.000 0.000 0.000 0.000 13.603 28.340 38.916 35.659 34.452 31.263 32.076 34.875 46.647 47.445 39.279 28.165 21.093 21.060 23.058 0.000 0.000 0.000 0.000 3.182 45.179 23.175 19.175 19.174 51.168 54.163 37.160 0.135 0.000 33.136 0.000 0.000 0.000 0.000 0.000 9.412 33.410 28.409 14.409 14.408 13.408
60.573 47.572 0.000 0.000 0.000 0.000 9.569 0.000 0.000 0.000 69.681 79.630 91.558 91.536 90.661 97.364 97.264 89.377 91.143 90.788 90.690 90.566 90.446 92.326 42.207 0.000 0.000 0.000 0.000 0.000 0.000 12.615 29.323 41.867 37.501 36.149 35.871 35.645 36.448 34.259 33.049 6.729 25.492 50.303 32.197 20.135 23.102 21.092 9.097 0.000 0.000 0.000 4.176 37.170 15.166 0.000 0.000 7.160 44.154 33.149 42.141 49.137 8.136 0.000 0.000 0.000 0.000 0.000 0.000 24.406 22.406 15.406 17.407 15.407
52.571 51.570 27.568 0.000 0.000 0.000 0.000 0.000 0.000 22.989 82.862 89.776 91.675 91.813 89.913 97.454 89.680 91.454 91.012 90.936 90.810 91.690 92.568 54.447 0.000 0.000 0.000 0.000 0.000 0.000 32.320 42.908 38.486 37.043 36.647 36.307 36.033 35.810 35.625 35.464 44.333 0.000 0.000 18.245 27.187 19.147 28.122 28.110 10.103 0.000 0.000 0.000 0.000 21.158 58.154 26.147 0.000 0.137 45.143 39.140 30.137 30.135 0.000 0.000 0.000 0.000 0.000 0.000 0.000 3.403 14.403 15.403 0.000 0.000
0.000 54.567 52.567 41.566 0.564 0.000 0.000 0.000 14.227 73.115 87.005 92.912 91.867 90.997 97.607 97.535 90.635 91.326 91.168 91.051 91.935 93.814 54.691 0.000 0.000 0.000 0.000 0.000 19.636 30.315 41.733 38.210 37.670 34.172 33.738 33.401 34.142 35.940 35.777 38.639 15.486 0.000 0.000 0.000 23.159 22.144 40.130 36.123 0.000 0.000 0.000 0.000 0.000 5.151 50.145 62.140 19.134 45.133 59.135 51.134 27.132 20.131 0.000 0.000 0.000 0.000 0.000 0.000 0.000 9.400 15.400 19.400 0.000 0.000
0.000 56.566 46.566 53.565 45.565 6.564 0.000 7.441 74.339 83.236 93.144 91.990 92.223 90.221 97.667 89.938 91.723 91.377 91.286 92.172 93.065 46.939 0.000 0.000 0.000 0.000 0.000 32.300 42.958 40.577 39.086 40.531 39.813 45.239 49.731 44.416 37.195 31.029 34.907 40.830 0.000 0.000 0.000 0.000 26.147 27.140 49.133 37.129 0.000 0.000 0.000 0.000 0.000 0.000 45.136 54.133 59.131 55.130 55.130 59.129 43.128 22.125 23.122 0.000 0.000 0.000 0.000 0.000 11.398 16.398 14.398 19.398 0.000 0.000
0.000 24.565 75.565 38.565 0.000 0.000 12.626 72.542 77.452 91.365 92.220 92.454 90.345 97.752 90.208 92.012 91.581 91.516 92.399 89.287 44.213 0.000 0.000 0.000 0.000 0.000 34.960 42.643 40.317 39.951 43.502 18.017 0.000 0.000 14.531 40.340 42.192 43.076 34.991 35.944 0.000 0.000 0.000 0.000 7.142 25.137 32.133 31.131 0.000 0.000 0.000 0.000 0.000 0.000 36.129 49.128 54.127 55.126 56.126 52.125 48.124 33.122 21.119 25.115 31.113 0.000 0.000 0.000 0.000 14.397 15.396 17.396 0.000 0.000
0.000 1.565 76.565 63.564 0.000 0.000 19.710 80.649 88.572 92.462 93.604 93.591 98.095 97.884 91.164 91.874 91.729 91.625 86.515 76.363 27.288 0.000 0.000 0.000 23.782 32.610 44.278 40.994 40.718 44.409 21.955 0.000 0.000 0.000 0.424 38.220 35.158 39.091 45.038 45.012 23.025 0.000 0.000 0.000 0.000 27.133 21.132 28.131 0.000 0.000 0.000 0.000 0.000 0.000 23.123 40.123 54.122 49.122 42.122 44.123 5.122 30.120 39.116 32.113 28.112 0.000 0.000 0.000 0.000 0.000 9.394 14.394 19.393 0.000
0.000 0.000 4.564 53.564 0.000 7.960 73.856 85.774 92.694 92.655 92.782 98.472 98.289 90.467 92.258 91.918 91.840 84.745 50.673 0.000 0.000 0.000 0.000 42.124 35.954 43.772 41.549 41.337 42.151 20.012 0.000 0.000 0.000 0.000 0.000 41.156 35.128 35.092 37.060 41.042 43.039 0.000 0.000 0.000 0.000 8.132 27.130 2.130 0.000 0.000 0.000 0.000 0.000 0.000 19.119 30.119 37.118 29.118 26.118 0.000 0.000 0.000 23.113 27.111 36.110 0.000 0.000 0.000 0.000 0.000 3.393 14.392 15.392 0.000
0.000 0.000 0.000 0.000 8.145 77.064 81.979 92.904 92.779 94.011 94.037 98.644 90.780 92.552 92.112 92.045 81.937 70.845 34.759 0.000 0.000 0.000 36.455 58.296 43.137 34.975 42.808 40.656 43.538 13.475 0.000 0.000 0.000 0.000 30.113 37.120 36.108 36.088 33.069 29.055 31.050 0.000 0.000 0.000 0.000 0.000 34.128 0.000 0.000 0.000 0.000 0.000 0.000 0.000 21.115 20.115 19.114 17.114 23.113 0.000 0.000 0.000 0.000 21.107 39.107 0.000 0.000 0.000 0.000 0.000 0.000 7.391 20.391 33.391
0.000 0.000 0.000 0.000 80.227 79.170 93.100 93.002 94.155 94.180 98.955 98.804 91.738 93.416 91.252 77.129 66.030 39.937 0.000 0.000 0.000 30.761 48.614 48.468 55.324 43.183 33.051 38.941 48.872 51.876 15.029 0.000 0.000 0.000 42.105 36.105 36.097 35.084 31.071 25.062 26.057 0.000 0.000 0.000 0.000 0.000 7.127 15.125 0.000 0.000 0.000 0.000 0.000 0.000 23.112 17.112 18.111 18.110 20.109 3.107 0.000 0.000 0.000 8.105 29.103 7.101 0.000 0.000 0.000 0.000 0.000 2.391 0.000 0.000
0.000 0.000 0.000 19.455 80.365 92.292 93.221 94.191 96.336 99.236 99.098 91.059 92.815 89.459 78.352 67.198 39.114 0.000 0.000 0.000 33.043 53.908 39.773 31.638 45.507 57.384 45.274 48.186 49.132 36.128 42.182 21.252 0.000 2.099 34.099 30.097 37.091 32.082 24.072 23.063 27.059 0.000 0.000 0.000 0.000 0.000 0.000 34.125 0.000 0.000 0.000 0.000 0.000 0.000 5.110 20.109 18.108 18.108 18.107 26.106 0.000 0.000 0.000 0.000 10.101 21.099 27.097 0.000 0.000 0.000 0.000 0.000 0.000 0.000
0.000 0.000 0.000 62.545 88.484 94.420 93.302 93.541 91.589 99.367 91.352 93.109 87.671 76.597 51.470 0.000 0.000 0.000 0.000 33.291 54.179 41.057 29.931 29.805 31.684 42.572 57.474 48.396 33.345 41.322 43.322 17.321 0.000 0.000 59.096 46.093 35.088 29.080 25.071 22.061 23.056 17.054 0.000 0.000 0.000 0.000 0.000 13.124 0.000 0.000 0.000 0.000 0.000 0.000 0.000 22.106 18.106 18.105 18.105 20.103 4.102 0.000 0.000 0.000 0.000 18.097 21.096 0.000 0.000 0.000 0.000 0.000 0.000 0.000
0.000 0.000 65.804 62.696 68.617 83.519 94.674 91.713 99.610 99.491 92.286 87.966 76.814 55.702 0.000 0.000 15.531 0.000 0.000 58.404 41.323 30.211 31.089 29.967 32.851 46.746 55.655 56.582 40.528 36.493 47.461 21.391 0.000 0.000 0.000 3.093 0.000 0.000 0.000 26.055 33.053 34.051 20.049 0.000 0.000 0.000 0.000 0.000 0.000 0.000 0.000 0.000 0.000 0.000 0.000 22.103 21.104 24.104 19.103 16.102 25.101 0.000 0.000 0.000 0.000 32.095 37.095 0.000 0.000 0.000 0.000 0.000 0.000 0.000
0.000 5.005 66.912 63.820 64.739 74.705 90.854 99.835 99.724 91.574 88.332 75.998 49.918 0.000 0.000 32.567 31.532 13.481 0.000 46.599 30.500 31.376 30.248 31.124 46.009 51.906 15.818 6.747 58.695 44.660 22.641 0.000 0.000 0.000 0.000 0.000 0.000 0.000 0.000 44.051 38.050 35.049 31.048 0.000 0.000 0.000 0.000 0.000 0.000 0.000 0.000 0.000 0.000 0.000 10.097 19.099 0.000 0.000 0.000 19.100 23.100 0.000 0.000 0.000 0.027 36.094 5.095 0.000 0.000 0.000 0.000 0.000 0.000 0.000
80.175 68.098 65.017 62.941 63.815 65.049 69.101 99.942 90.817 86.574 76.160 50.114 0.000 0.000 0.000 36.604 34.547 54.430 38.205 30.893 31.701 30.544 33.402 53.273 50.156 31.052 26.965 31.895 59.844 56.813 20.801 0.000 0.000 0.000 0.000 0.000 0.000 0.000 0.000 51.048 51.048 46.047 37.046 0.000 0.000 0.000 0.000 0.000 0.000 0.000 0.000 0.000 0.000 0.000 22.096 24.097 0.000 0.000 0.000 22.098 23.098 0.000 0.000 0.000 0.000 7.094 0.000 0.000 0.000 0.000 0.000 0.000 0.000 0.000
78.252 92.196 84.126 69.027 70.179 62.217 100.145 100.045 69.692 74.370 50.268 0.000 0.000 0.000 0.000 38.697 51.624 49.489 31.294 31.066 30.869 41.698 53.546 42.409 31.288 31.183 31.095 32.024 40.974 58.947 54.949 16.006 0.000 0.000 0.000 0.000 0.000 0.000 0.000 37.047 39.046 51.045 52.044 8.043 0.000 0.000 0.000 0.000 0.000 0.000 0.000 0.000 0.000 14.094 24.095 1.096 0.000 0.000 0.000 23.098 21.098 0.000 0.000 0.000 0.000 0.000 0.000 0.000 0.000 0.000 0.000 0.000 0.000 0.000
91.384 94.309 94.235 89.203 79.351 100.338 100.241 61.815 56.606 0.000 0.000 0.000 0.000 0.000 0.000 49.864 54.763 30.607 32.415 32.208 44.011 52.833 34.673 31.531 31.405 31.297 31.206 31.134 31.082 40.051 60.044 53.063 27.094 18.106 22.109 0.000 0.000 0.000 0.000 0.000 17.044 57.043 57.042 18.042 0.000 0.000 0.000 0.000 0.000 0.000 0.000 0.000 0.000 3.094 2.094 0.000 0.000 0.000 0.000 3.097 30.097 0.000 0.000 0.000 0.000 0.000 0.000 0.000 0.000 0.000 0.000 0.000 0.000 0.000
94.496 94.427 94.306 98.542 89.592 100.433 61.863 64.521 59.300 0.000 0.000 0.000 0.000 0.000 43.331 55.132 31.957 32.763 32.553 40.339 53.136 30.950 31.784 31.636 31.506 31.394 31.300 31.225 31.169 31.131 35.112 36.109 31.114 32.116 39.112 21.112 0.000 0.000 0.000 0.000 0.000 12.042 48.041 11.041 0.000 0.000 0.000 0.000 0.000 0.000 0.000 0.000 0.000 0.000 0.000 0.000 0.000 0.000 0.000 0.000 0.000 0.000 0.000 0.000 0.000 0.000 0.000 0.000 0.000 0.000 0.000 0.000 0.000 0.000
90.607 94.512 95.667 92.706 100.616 100.524 66.433 50.754 0.000 0.000 0.000 0.000 0.000 0.000 60.529 37.378 33.170 32.936 34.694 55.460 35.243 32.049 31.877 31.725 31.589 31.472 31.375 31.297 31.238 31.194 30.165 29.146 32.137 14.133 0.000 0.000 0.000 0.000 0.000 0.000 0.000 0.000 41.040 29.040 0.000 0.000 0.000 0.000 0.000 0.000 0.000 0.000 0.000 0.000 0.000 0.000 0.000 0.000 0.000 0.000 0.000 0.000 0.000 0.000 0.000 0.000 0.000 0.000 0.000 0.000 0.000 0.000 0.000 0.000
69.717 73.688 69.839 100.799 100.708 78.041 59.056 49.708 0.000 0.000 0.000 0.000 0.000 0.000 35.880 31.679 31.411 30.116 42.829 35.564 29.327 30.126 29.952 29.796 29.654 30.531 31.431 31.352 31.291 30.244 28.206 30.176 30.156 27.145 17.141 20.135 22.129 21.124 23.120 0.000 0.000 0.000 0.000 38.038 10.038 0.000 0.000 0.000 0.000 0.000 0.000 0.000 0.000 0.000 0.000 0.000 0.000 0.000 0.000 0.000 0.000 0.000 0.000 0.000 0.000 0.000 0.000 0.000 0.000 0.000 0.000 0.000 0.000 0.000
106.787 72.028 102.079 100.888 60.705 51.243 0.000 64.592 22.661 0.000 0.000 0.000 0.000 79.899 58.433 29.049 36.677 47.289 45.942 41.639 39.378 39.175 39.008 37.855 31.701 27.567 31.466 31.389 31.331 30.284 30.241 34.195 34.167 35.151 45.142 45.135 41.129 34.123 33.117 12.113 0.000 0.000 0.000 0.000 3.037 0.000 0.000 0.000 0.000 0.000 0.000 0.000 0.000 0.000 0.000 0.000 0.000 0.000 0.000 0.000 0.000 0.000 0.000 0.000 0.000 0.000 0.000 0.000 0.000 0.000 0.000 0.000 0.000 0.000
111.579 109.619 101.054 100.973 88.810 0.000 31.386 59.386 132.731 108.185 0.000 27.383 16.874 78.366 37.903 35.408 106.961 97.420 93.012 92.673 91.370 90.190 89.050 87.915 58.729 25.572 31.476 31.409 31.359 31.320 23.280 0.000 0.000 0.000 0.000 0.000 0.000 0.000 50.112 29.110 0.062 0.000 0.000 0.000 0.000 0.000 0.000 0.000 0.000 0.000 0.000 0.000 0.000 0.000 0.000 0.000 0.000 0.000 0.000 0.000 0.000 0.000 0.000 0.000 0.000 0.000 0.000 0.000 0.000 0.000 0.000 0.000 0.000 0.000
110.742 101.203 101.130 85.384 0.000 0.000 0.000 2.298 53.693 41.639 0.000 8.893 0.000 37.786 34.408 43.718 99.339 0.000 0.000 0.000 35.238 44.166 105.087 18.026 0.000 35.515 31.459 31.412 32.378 14.356 0.000 0.000 0.000 0.000 0.000 0.000 0.000 0.000 3.108 50.105 6.099 0.000 0.000 0.000 0.000 0.000 0.000 0.000 0.000 0.000 0.000 0.000 0.000 0.000 0.000 0.000 0.000 0.000 0.000 0.000 0.000 0.000 0.000 0.000 0.000 0.000 0.000 0.000 0.000 0.000 0.000 0.000 0.000 0.000
109.969 101.271 109.884 111.729 32.017 0.000 8.829 35.829 45.495 23.038 0.425 30.403 76.206 74.586 67.223 0.000 18.339 0.000 0.000 18.180 46.180 91.148 54.107 19.076 0.000 0.000 37.431 31.404 32.384 13.372 0.000 0.000 0.000 0.000 0.000 0.000 0.000 0.000 0.000 0.000 36.093 1.090 0.000 0.000 0.000 0.000 0.000 0.000 0.000 0.000 0.000 0.000 0.000 0.000 0.000 0.000 0.000 0.000 0.000 0.000 0.000 0.000 0.000 0.000 0.000 0.000 0.000 0.000 0.000 0.000 0.000 0.000 0.000 0.000
101.394 101.335 90.395 33.158 0.000 0.000 0.000 0.000 22.421 0.000 0.000 24.052 67.629 121.130 56.676 0.000 0.000 0.000 0.000 0.000 60.155 95.139 25.117 22.097 0.000 0.000 0.000 36.389 30.382 28.376 26.376 14.375 0.000 0.000 0.000 0.000 0.000 0.000 0.000 0.000 50.089 8.087 0.000 0.000 0.000 0.000 0.000 0.000 0.000 0.000 0.000 0.000 0.000 0.000 0.000 0.000 0.000 0.000 0.000 0.000 0.000 0.000 0.000 0.000 0.000 0.000 0.000 0.000 0.000 0.000 0.000 0.000 0.000 0.000
