results2_8e3_rain/res_3e8f-0194.wd
ncols         241
nrows         181
xllcorner     12693529.787448
yllcorner     3542525.717860
cellsize      155.156523
NODATA_value  -9999.000000
[rows 33 to 65 of 181, columns 73 to 145 of 241]
0.000 0.000 0.000 0.000 0.000 0.000 0.000 0.000 0.000 0.000 0.000 0.000 0.000 0.000 0.000 0.000 0.000 0.000 0.000 0.000 0.000 0.000 0.000 0.000 0.000 0.000 0.000 0.000 0.000 0.000 0.000 0.000 0.000 0.000 0.000 0.000 0.000 0.000 0.000 39.778 62.780 67.781 23.784 0.000 0.000 32.860 46.889 13.868 4.868 36.889 39.904 33.902 34.883 35.847 35.793 35.721 35.628 34.511 40.357 60.120 6.635 14.749 12.028 47.186 63.644 68.172 66.732 67.333 65.868 67.953 63.007 62.617 62.606
0.000 0.000 0.000 0.000 0.000 0.000 0.000 0.000 0.000 0.000 0.000 0.000 0.000 0.000 0.000 0.000 0.000 0.000 0.000 0.000 0.000 0.000 0.000 0.000 0.000 0.000 0.000 0.000 0.000 0.000 0.000 0.000 0.000 0.000 0.000 0.000 0.000 0.000 0.000 0.000 14.780 9.781 0.000 0.000 0.000 0.000 28.980 0.000 0.000 26.930 50.971 49.975 39.958 35.922 35.864 35.785 35.685 34.565 56.430 54.275 0.000 37.584 50.149 63.575 68.055 67.577 67.147 66.654 67.714 63.731 63.031 63.283 65.584
0.000 0.000 0.000 0.000 0.000 0.000 0.000 0.000 0.000 0.000 0.000 0.000 0.000 0.000 0.000 0.000 0.000 0.000 35.218 67.218 20.218 0.000 0.000 0.000 0.000 0.000 0.000 0.000 0.000 0.000 0.000 0.000 0.000 0.000 0.000 0.000 0.000 0.000 0.000 0.000 0.000 0.000 0.000 0.000 0.000 0.000 21.072 0.000 0.000 0.000 29.075 47.069 47.052 38.016 35.957 35.872 33.761 49.635 58.523 0.000 23.244 47.854 62.408 68.912 68.420 67.965 67.444 69.476 65.463 63.571 63.970 66.294 65.539
0.000 0.000 0.000 0.000 0.000 0.000 0.000 0.000 0.000 0.000 0.000 22.220 60.220 0.220 0.000 0.000 0.000 0.000 42.218 93.218 49.218 0.000 0.000 0.000 0.000 0.000 0.000 0.000 0.000 0.000 0.000 0.000 0.000 0.000 0.000 0.000 0.000 0.000 0.000 0.000 0.000 0.000 0.000 0.000 0.000 0.000 24.163 25.204 32.222 18.220 28.184 36.175 49.164 40.135 36.077 32.983 43.853 53.690 42.504 18.164 47.634 65.179 69.720 69.241 68.777 68.237 68.242 67.204 64.224 64.671 67.010 66.261 66.027
0.000 0.000 0.000 0.000 0.000 0.000 0.000 0.000 0.000 0.000 0.000 43.220 78.220 67.220 54.220 9.220 3.219 27.219 81.218 89.218 54.218 0.000 0.000 0.000 0.000 23.250 2.250 0.000 0.000 0.000 0.000 0.000 0.000 0.000 0.000 0.000 0.000 7.251 0.000 0.000 0.000 11.249 29.249 0.000 0.000 40.226 55.214 58.227 56.243 42.255 36.264 35.283 49.294 40.282 32.232 46.131 59.977 47.769 35.638 50.355 54.948 67.508 70.046 69.585 69.033 69.012 66.957 64.986 65.391 67.738 66.997 66.767 66.433
0.000 0.000 0.000 0.000 0.000 0.000 0.000 0.000 0.000 0.000 0.000 14.220 76.220 59.220 40.220 2.220 23.219 73.219 84.218 91.218 50.217 0.000 0.000 0.000 0.249 61.250 45.250 0.000 0.000 0.000 0.000 0.000 0.000 0.000 0.000 0.251 24.251 36.251 38.251 0.000 0.000 20.250 45.249 24.248 38.245 61.239 64.238 65.248 62.266 49.293 36.337 33.397 50.446 41.468 45.439 63.331 57.157 0.000 33.926 52.671 65.294 70.857 70.401 69.842 69.797 67.730 65.875 66.133 68.481 67.751 67.527 67.195 66.862
0.000 0.000 0.000 0.000 0.000 0.000 0.000 0.000 0.000 0.000 0.000 0.000 0.000 27.220 65.220 61.220 49.220 62.219 82.218 93.217 46.216 0.000 0.000 0.000 0.000 23.250 47.250 49.250 0.000 0.000 0.000 0.000 0.000 0.000 0.000 0.000 40.251 41.251 53.251 36.251 25.251 39.250 40.250 36.249 43.248 50.248 48.251 41.261 60.280 26.315 42.392 45.524 35.627 47.703 60.727 57.595 0.246 8.882 45.468 62.107 70.702 71.240 70.688 70.613 67.541 66.930 66.905 69.244 68.525 68.311 67.986 67.654 67.296
0.000 0.000 0.000 0.000 0.000 0.000 0.000 0.000 0.000 0.000 0.000 0.000 0.000 17.220 84.220 79.220 69.220 59.220 83.219 91.217 86.214 71.211 26.208 0.000 0.000 0.000 3.250 57.250 41.250 39.250 50.250 45.250 8.250 0.000 0.000 4.251 40.251 39.251 60.251 66.251 55.251 47.251 39.251 36.251 37.251 38.253 37.256 35.264 43.277 4.296 0.000 4.679 40.834 63.989 62.170 1.489 7.584 45.292 58.955 68.597 72.135 71.697 72.473 68.426 68.228 67.724 70.033 69.319 69.112 68.801 68.484 68.134 67.743
0.000 0.000 0.000 0.000 0.000 0.000 0.000 0.000 0.000 0.000 0.000 0.000 0.000 0.000 17.221 56.221 31.221 67.221 86.220 91.217 89.214 87.210 76.206 35.202 0.202 0.000 0.000 13.250 52.250 52.250 65.250 63.250 56.250 51.250 0.000 0.000 7.251 44.251 63.251 70.251 62.251 46.251 35.252 36.252 36.253 36.255 36.258 36.263 40.268 0.000 0.000 0.000 11.042 48.250 17.719 15.000 49.939 54.744 66.485 73.091 72.943 71.184 69.513 69.895 68.626 70.867 70.143 69.929 69.624 69.327 69.009 68.654 68.224
0.000 0.000 0.000 0.000 0.000 0.000 0.000 0.000 0.000 0.000 0.000 0.000 0.000 0.000 0.000 2.222 88.223 88.223 90.222 90.219 89.214 83.208 77.203 48.199 0.000 0.000 0.000 0.000 0.000 20.250 65.250 59.250 74.250 71.250 50.250 29.250 30.251 39.251 61.251 70.251 61.251 44.252 34.252 39.253 38.254 36.256 36.259 36.261 37.263 29.263 0.000 0.000 0.000 0.000 9.457 52.497 55.426 63.283 74.006 74.118 72.479 74.372 72.132 69.670 71.780 71.015 70.771 70.453 70.159 69.868 69.573 69.249 67.814
0.000 0.000 0.000 0.000 0.000 0.000 23.192 46.189 0.000 24.131 64.120 53.108 57.097 32.090 0.000 0.000 24.225 96.226 90.226 87.222 84.215 87.206 78.198 41.192 0.000 0.000 0.000 0.000 0.000 0.000 0.000 9.250 63.250 64.250 15.250 0.000 6.251 43.251 61.251 66.251 56.251 47.252 45.253 7.254 14.255 42.257 36.259 36.261 37.262 43.262 51.262 13.262 0.000 0.000 25.153 58.106 61.999 72.809 75.025 74.657 77.935 76.515 71.014 72.820 71.965 71.656 71.298 70.982 70.686 70.413 70.167 69.957 75.808
0.000 0.000 0.000 0.000 0.000 0.000 23.195 66.186 8.166 58.141 60.122 72.106 55.092 40.084 0.000 0.000 12.227 81.229 93.235 90.229 90.218 91.203 85.189 39.181 0.000 0.000 0.000 0.000 0.000 0.000 0.000 0.000 0.000 48.250 7.250 0.000 2.251 49.251 46.251 58.251 15.251 0.000 0.000 0.000 0.000 8.258 46.259 40.260 3.261 33.262 67.262 50.262 3.262 0.000 29.906 63.745 72.647 75.768 75.524 79.694 78.948 72.370 73.937 72.986 72.590 72.173 71.814 71.486 71.190 70.931 70.723 70.603 75.655
21.460 65.454 55.449 0.000 0.000 0.000 17.206 77.194 53.172 55.146 61.122 85.101 86.083 81.069 35.055 0.000 0.000 0.000 41.254 95.243 90.223 91.199 88.176 47.160 0.000 0.000 0.000 0.000 0.000 0.000 0.000 0.000 0.000 6.250 0.000 0.000 0.000 0.000 0.000 0.000 0.000 0.000 0.000 0.000 0.000 0.000 0.000 21.261 18.261 0.000 0.000 0.000 0.000 19.317 56.734 73.687 75.364 76.296 80.644 80.248 73.400 74.959 73.998 73.543 73.071 72.663 72.293 71.958 71.658 71.398 71.193 71.077 74.125
21.461 77.453 59.444 55.433 0.000 0.000 4.230 69.212 71.181 71.148 83.118 80.093 92.071 91.053 52.041 0.000 0.000 0.000 17.284 97.264 90.233 91.195 88.156 48.123 0.000 0.000 8.688 56.650 68.609 37.582 0.000 0.000 0.000 0.000 0.000 0.000 0.000 0.000 0.000 0.000 0.000 0.000 0.000 0.000 0.000 0.000 0.000 0.000 6.261 0.000 0.000 0.000 17.282 57.789 74.750 75.332 81.562 81.052 74.670 75.233 75.736 74.920 74.455 73.959 73.516 73.109 72.737 72.396 72.086 71.810 71.574 78.389 19.257
85.464 82.454 61.440 62.422 54.394 1.348 59.273 54.242 62.191 75.149 79.109 90.081 91.056 90.032 59.014 0.000 0.000 0.000 16.334 96.298 90.249 91.192 86.129 66.054 49.937 50.829 50.725 58.654 79.596 46.554 0.000 0.000 0.000 0.000 0.000 0.000 0.000 0.000 0.000 0.000 0.000 0.000 0.000 0.000 0.000 0.000 0.000 0.000 0.000 0.000 15.372 46.149 55.657 74.644 76.234 82.899 82.307 75.219 76.941 76.276 75.737 75.283 74.800 74.348 73.920 73.521 73.149 72.802 72.480 72.181 78.904 24.646 0.000
82.469 77.457 75.442 58.421 62.391 62.356 53.315 46.293 0.000 0.000 21.088 80.067 91.038 89.007 73.968 40.915 0.000 3.508 65.419 86.346 91.272 90.196 91.115 81.027 56.926 53.826 52.730 61.645 79.566 62.484 48.371 49.282 53.217 64.177 28.161 0.000 0.000 0.000 0.000 0.000 0.000 0.000 0.000 0.000 0.000 0.000 0.000 0.000 0.000 0.000 26.572 66.412 74.359 77.007 83.778 83.382 75.942 77.613 76.836 76.466 76.028 75.578 75.136 74.707 74.297 73.907 73.537 73.185 72.850 78.529 25.216 0.000 0.000
71.477 23.464 91.449 62.428 56.395 57.366 59.340 59.322 48.321 0.000 0.000 1.051 25.023 95.989 85.938 63.862 55.739 62.597 61.489 63.394 71.298 72.203 59.108 56.013 53.916 53.819 52.723 61.631 76.539 55.446 52.347 57.259 73.192 76.152 61.145 35.145 0.000 0.000 0.000 0.000 0.000 0.000 0.000 0.000 0.000 0.000 0.000 0.000 0.000 17.410 59.256 74.868 77.709 84.344 84.098 76.637 78.283 77.500 77.145 76.719 76.298 75.875 75.457 75.049 74.654 74.273 73.906 73.551 79.206 24.868 0.000 0.000 0.000
17.485 90.473 91.460 77.448 0.000 4.373 64.355 60.335 71.319 62.303 0.000 1.064 4.029 83.988 80.931 65.856 56.758 53.650 53.547 56.443 69.324 77.210 80.100 73.001 62.906 55.810 54.713 70.615 73.515 48.413 52.311 52.216 53.139 57.097 36.121 0.000 0.000 0.000 6.671 0.000 0.000 0.000 0.000 0.000 0.000 0.000 0.000 20.633 52.302 60.159 73.674 85.005 84.620 77.689 78.285 78.854 78.166 77.804 77.384 76.979 76.572 76.167 75.768 75.377 74.996 74.624 75.262 81.908 25.557 0.000 0.000 0.000 0.000
95.494 91.483 91.471 91.456 78.435 61.399 61.371 61.344 52.319 1.277 18.179 25.122 77.060 74.005 76.943 69.871 70.788 70.699 70.607 73.504 68.347 68.212 70.081 73.986 74.895 72.802 68.704 79.600 77.492 65.381 66.267 66.155 68.052 42.974 0.000 0.000 0.000 0.000 7.671 0.000 0.000 0.000 0.000 0.000 0.000 7.512 55.289 55.853 76.867 77.423 86.066 85.589 80.175 79.893 79.283 78.817 78.441 78.032 77.633 77.237 76.843 76.454 76.071 75.696 75.328 75.967 79.612 12.260 0.000 0.000 0.000 0.000 0.000
94.502 90.495 90.486 91.471 88.449 66.418 60.385 61.351 62.315 54.267 3.204 69.145 66.086 67.028 67.966 62.898 66.825 71.750 79.679 64.620 0.000 0.159 15.025 72.968 68.888 68.799 68.700 68.591 68.474 68.350 68.221 68.085 65.939 60.774 33.555 0.000 9.189 52.969 59.671 71.367 41.131 0.000 0.000 0.000 1.415 56.712 67.497 79.420 80.055 86.800 86.466 80.824 80.502 79.768 79.440 79.053 78.658 78.267 77.878 77.492 77.110 76.734 76.367 76.007 76.653 79.304 26.958 0.000 0.000 0.000 0.000 0.000 0.000
80.509 80.508 80.506 91.494 91.471 81.439 57.401 60.362 61.322 61.277 67.225 76.170 60.112 57.054 54.994 61.930 76.864 75.798 60.736 40.678 0.000 0.000 0.000 0.980 57.888 52.808 52.705 52.589 52.462 53.326 56.181 57.024 56.846 55.629 56.336 54.886 54.410 63.046 69.678 67.298 73.895 71.357 65.848 63.336 65.708 77.349 80.870 80.664 87.293 87.077 81.461 81.117 80.369 80.043 79.650 79.265 78.880 78.498 78.119 77.743 77.371 77.007 76.654 77.311 77.974 16.639 0.000 0.000 0.000 0.000 0.000 0.000 0.000
0.000 46.522 58.536 86.527 90.502 71.465 54.418 53.373 61.334 61.294 60.249 54.196 55.138 61.083 78.025 76.964 59.902 52.843 42.790 0.000 62.357 71.295 67.201 68.079 70.949 73.839 72.724 73.598 76.458 75.310 72.154 73.985 68.792 54.561 58.272 56.912 61.518 79.127 85.696 82.253 75.794 70.324 71.870 78.336 83.190 81.628 87.896 87.547 81.446 83.056 81.643 80.983 80.644 80.247 79.863 79.480 79.100 78.726 78.356 77.990 77.626 78.268 75.932 71.609 23.291 0.000 0.000 0.000 0.000 0.000 0.000 0.000 0.110
0.000 0.000 51.589 70.575 81.547 56.500 48.433 55.380 53.346 60.315 61.280 61.228 54.160 71.114 63.060 51.999 54.936 46.883 0.000 71.507 74.418 74.329 76.227 77.112 79.991 83.874 82.754 82.621 82.464 84.301 85.141 82.970 70.775 56.549 58.282 57.970 57.625 60.250 33.724 6.226 95.700 137.299 114.834 80.768 82.287 88.859 88.422 81.893 84.622 82.038 81.596 81.239 80.845 80.459 80.073 79.690 79.315 78.948 78.590 78.235 79.873 74.507 63.197 17.903 0.000 0.000 0.000 0.000 0.000 0.000 0.000 0.329 47.170
3.827 0.000 6.657 27.636 62.612 44.556 0.000 50.367 55.355 55.342 61.327 50.278 0.000 55.153 53.103 55.036 55.959 65.870 79.747 76.596 78.480 84.374 94.267 138.153 135.028 134.911 134.797 134.669 135.475 119.290 51.139 53.977 51.791 59.578 58.336 55.062 52.761 34.523 0.000 0.000 4.499 62.208 79.219 83.815 89.550 89.231 81.490 83.192 82.492 82.189 81.821 81.440 81.057 80.670 80.281 79.894 79.519 79.162 79.822 78.487 70.124 58.692 16.444 0.000 0.000 0.000 0.000 0.000 0.000 0.000 3.470 38.408 59.286
77.827 25.803 14.745 77.701 55.708 0.000 0.000 0.000 49.363 62.372 54.409 0.000 7.326 63.241 54.165 65.083 77.993 77.892 82.776 85.649 78.532 64.421 55.314 51.203 49.059 51.945 52.854 39.784 0.000 56.246 53.149 52.007 55.834 59.636 56.422 48.181 54.833 35.558 0.000 1.786 57.509 74.518 84.239 90.042 89.821 82.072 83.760 83.057 82.765 82.397 82.029 81.653 81.270 80.882 80.487 80.086 79.706 80.360 76.050 64.765 21.445 0.000 0.000 0.000 0.000 0.000 0.000 0.000 0.000 0.000 6.533 56.472 55.383
87.847 95.837 83.819 0.791 12.812 6.922 1.957 0.962 0.000 0.000 58.529 56.508 64.412 61.320 61.231 61.138 78.038 91.930 80.814 60.693 58.576 53.466 55.364 46.285 0.000 57.956 54.891 43.829 0.000 57.299 52.205 53.068 59.901 57.710 55.536 37.407 0.000 2.031 54.211 51.967 68.752 84.661 90.320 83.005 83.572 84.233 83.630 83.336 82.975 82.617 82.248 81.871 81.489 81.102 80.698 81.257 80.859 70.521 55.253 18.080 0.000 0.000 0.000 0.000 0.000 0.000 0.000 4.922 31.876 30.789 45.656 57.563 45.477
77.875 81.880 71.882 0.000 0.000 71.996 64.991 58.966 2.906 10.811 76.670 73.584 60.491 61.398 61.301 62.200 83.092 134.977 127.856 74.734 129.615 50.500 54.393 54.289 56.172 54.032 53.924 53.811 55.652 51.447 51.303 60.161 58.991 55.768 50.603 39.505 0.000 0.784 56.250 63.067 85.063 83.942 90.675 84.051 84.637 84.188 83.898 83.553 83.204 82.844 82.475 82.096 81.712 81.338 82.946 78.385 59.952 46.611 48.362 14.221 0.000 0.000 0.000 0.000 0.000 0.000 0.000 4.969 40.916 45.835 59.738 53.649 43.566
73.905 68.927 12.948 0.000 3.117 55.076 64.045 61.003 78.941 72.857 77.757 85.665 76.573 61.477 61.376 61.268 60.152 54.029 48.901 53.772 50.648 54.529 54.417 54.307 54.194 54.076 53.963 53.841 52.697 57.533 59.398 60.280 44.136 0.000 43.603 0.000 0.000 0.774 60.409 82.320 86.318 91.655 91.198 84.142 84.795 84.437 84.124 83.791 83.442 83.081 82.710 82.325 81.927 80.592 42.364 0.000 0.000 0.000 0.000 0.000 0.000 0.000 0.000 37.386 32.347 31.282 30.193 34.069 42.983 58.899 52.812 43.729 53.650
65.933 56.974 62.034 7.133 60.159 56.144 55.110 73.061 65.996 81.920 90.834 70.748 56.658 54.562 57.458 60.345 61.220 61.086 53.945 52.806 53.674 53.552 54.437 54.328 54.222 59.115 56.009 52.894 53.761 56.591 60.478 49.425 0.000 0.000 0.000 0.000 16.060 135.936 79.669 86.692 84.663 92.059 83.959 86.479 87.963 84.690 84.374 84.043 83.694 83.328 83.961 80.566 68.078 58.741 16.552 0.000 0.000 0.000 0.000 0.000 0.000 0.000 39.468 39.424 39.373 40.307 40.226 41.133 55.047 54.964 38.883 41.804 43.728
40.949 42.001 36.081 60.207 56.242 55.230 66.191 70.133 81.065 87.991 53.913 52.833 53.748 55.655 54.551 51.432 59.298 60.149 60.989 59.833 53.692 52.566 51.452 52.348 58.249 117.155 85.062 64.966 47.864 0.000 62.497 70.517 0.000 0.000 0.000 0.000 60.185 71.078 87.962 85.996 92.765 92.426 85.048 85.578 86.245 84.952 84.642 84.313 83.961 84.578 83.238 35.902 0.000 0.000 0.000 0.000 0.000 0.000 0.000 0.000 0.000 0.000 46.512 42.470 39.414 40.347 38.272 50.190 57.109 41.029 41.951 49.875 47.803
0.000 0.000 0.000 53.373 56.371 58.344 79.291 90.217 104.138 86.065 14.995 71.924 71.847 55.760 55.657 54.535 52.391 55.222 61.028 58.845 59.694 61.568 59.458 57.361 53.273 48.193 53.120 48.043 0.000 0.000 0.000 56.628 48.656 0.000 0.000 2.591 70.417 87.264 87.337 85.352 93.075 84.768 87.271 88.778 85.522 85.232 84.928 84.604 84.261 81.783 36.510 0.000 0.000 0.000 0.000 0.000 0.000 0.000 0.000 0.000 0.000 45.675 15.596 3.531 47.466 37.397 48.323 60.246 48.169 43.092 48.017 51.944 44.873
0.000 0.000 0.000 51.540 57.524 73.485 84.413 132.303 126.208 128.135 134.077 130.021 130.957 55.879 55.782 54.660 54.508 53.320 48.057 57.824 59.673 60.554 58.452 60.364 60.288 61.225 54.182 0.000 0.000 0.000 0.000 57.712 42.684 0.000 0.080 61.738 83.625 87.581 86.569 93.638 93.364 85.826 86.374 87.064 85.802 85.527 85.233 85.916 60.697 0.000 0.000 0.000 0.000 0.000 0.000 0.000 0.000 0.000 57.992 46.943 36.864 40.754 40.668 41.593 41.522 44.450 57.377 54.303 49.228 50.154 48.081 46.010 41.941
17.787 0.000 0.000 52.723 69.702 77.658 83.573 54.376 53.253 52.192 49.157 50.126 50.081 56.018 55.931 71.816 71.663 47.491 0.000 44.721 57.618 59.524 57.432 59.355 59.290 60.237 56.200 0.143 1.037 1.991 55.934 40.823 0.000 0.000 63.137 71.984 88.860 87.773 86.955 93.894 85.499 88.028 90.565 86.343 86.095 85.843 84.560 72.130 30.913 0.000 0.000 0.000 0.000 0.000 44.243 39.221 39.181 39.122 43.041 54.972 57.895 43.809 38.727 40.651 42.578 57.505 56.432 42.360 51.287 52.215 51.144 44.074 40.007
