results2_8e3_rain/res_3e8f-0037.wd
ncols         241
nrows         181
xllcorner     12693529.787448
yllcorner     3542525.717860
cellsize      155.156523
NODATA_value  -9999.000000
[rows 99 to 131 of 181, columns 0 to 74 of 241]
0.000 0.000 0.000 0.000 0.000 37.344 77.342 79.336 70.326 65.325 0.000 0.000 0.000 0.000 0.000 0.000 0.000 45.235 42.235 0.000 0.000 0.000 0.000 40.161 39.159 0.000 0.000 0.000 0.000 0.000 0.000 0.000 0.000 0.000 0.000 44.156 40.157 39.157 40.155 41.153 54.150 43.145 47.140 39.136 41.133 39.129 40.125 45.120 46.115 44.111 48.106 41.102 41.098 43.094 46.091 60.087 61.085 46.083 32.083 0.000 0.000 0.000 0.000 0.000 11.468 66.469 63.474 50.484 25.496 20.510 64.526 41.545 43.567 43.592 43.620
0.000 0.000 0.000 0.000 0.000 38.356 78.355 78.353 0.000 0.000 0.000 0.000 0.000 0.000 0.000 0.000 0.000 56.236 45.237 0.000 0.000 0.000 43.187 42.176 46.171 0.000 0.000 0.000 0.000 50.180 42.180 0.000 0.000 0.000 57.175 67.170 53.169 46.168 40.167 42.165 61.162 46.158 52.148 52.146 43.143 58.139 50.135 51.130 41.124 49.119 49.113 47.108 41.103 42.099 46.095 43.089 5.087 0.000 0.000 0.000 0.000 0.000 0.000 14.477 51.476 63.478 70.483 60.491 36.502 37.514 51.529 42.546 43.566 43.589 43.613
0.000 0.000 0.000 0.000 0.000 25.371 74.370 83.370 0.000 0.000 0.000 0.000 0.000 0.000 0.000 0.000 0.000 63.238 44.240 45.236 47.227 44.214 41.198 42.187 40.178 0.000 0.000 0.000 0.000 43.180 43.181 44.183 43.183 43.183 42.181 52.180 61.180 8.180 72.180 62.179 67.178 52.176 0.000 68.159 66.156 65.151 69.146 58.140 41.134 44.127 49.121 49.115 46.109 42.104 31.100 0.000 0.000 0.000 0.000 0.000 0.000 0.000 0.000 24.478 51.481 51.484 62.489 61.496 44.506 44.517 43.530 43.546 43.563 43.583 42.605
51.431 54.431 0.000 0.000 0.000 35.387 74.386 79.387 89.394 0.000 0.000 0.000 0.000 0.000 0.000 0.000 0.000 0.251 48.251 45.243 63.231 77.218 52.206 37.196 0.000 0.000 0.000 0.000 0.000 0.000 42.182 43.184 43.185 43.185 43.187 42.190 42.192 41.194 42.195 47.194 59.194 53.193 0.000 68.175 69.171 47.165 54.159 71.151 65.144 52.136 42.129 48.122 49.115 52.107 37.103 0.000 0.000 0.000 0.000 0.000 0.000 0.000 0.000 0.000 2.485 48.489 45.494 45.500 43.508 43.518 43.529 43.543 43.558 42.576 41.595
65.433 48.432 48.429 50.425 52.417 71.405 79.401 79.400 79.403 81.407 55.408 0.000 0.000 43.310 50.310 51.307 13.299 8.287 71.270 79.256 74.236 70.222 53.214 0.000 0.000 0.000 0.000 0.000 0.000 0.000 0.000 43.188 42.187 41.188 42.192 43.201 43.206 43.209 43.210 44.211 63.211 58.210 41.209 43.196 54.188 65.180 42.172 54.164 55.155 48.146 68.137 51.129 43.122 0.000 0.000 0.000 0.000 0.000 0.000 0.000 0.000 0.000 0.000 0.000 0.000 48.495 43.498 43.503 43.509 43.517 43.527 41.539 39.552 41.567 47.584
80.436 70.435 51.432 55.429 73.423 79.416 79.412 79.410 79.410 74.411 46.411 52.411 0.000 34.312 69.314 77.311 77.305 61.296 76.285 83.277 0.000 0.000 0.000 0.000 0.000 0.000 0.000 0.000 0.000 0.000 0.000 43.194 0.000 0.000 0.000 44.219 43.222 43.225 43.228 44.230 60.229 65.227 42.222 43.214 43.205 61.196 62.187 40.178 48.167 67.155 59.146 37.137 0.000 0.000 0.000 0.000 0.000 0.000 0.000 0.000 0.000 0.000 0.000 0.000 0.000 48.498 43.500 43.504 43.509 42.516 41.524 46.534 47.545 48.558 49.572
80.441 80.440 75.438 78.435 79.431 79.426 79.423 79.420 79.418 75.416 50.414 67.413 0.000 0.000 47.325 71.321 79.314 80.307 79.298 84.292 0.000 0.000 0.000 0.000 0.000 0.000 0.000 0.000 0.000 0.000 0.000 43.201 0.000 0.000 45.234 43.234 43.238 43.243 43.248 43.251 60.250 65.247 42.240 43.232 43.222 44.213 65.203 59.193 66.181 56.163 37.154 0.000 0.000 0.000 0.000 0.000 0.000 0.000 0.000 0.000 0.000 0.000 0.000 0.000 46.499 43.500 43.501 43.504 43.508 42.513 44.520 48.528 49.537 49.548 49.560
78.449 79.448 79.446 79.444 79.440 79.437 79.433 79.430 79.426 80.423 75.418 82.414 6.409 0.000 35.340 54.334 77.326 79.319 80.311 68.301 0.000 0.000 0.000 0.000 0.000 0.000 0.000 0.000 0.000 0.000 0.000 37.208 42.216 42.225 41.234 43.245 43.253 43.262 43.271 43.275 60.275 65.270 42.262 43.252 43.241 43.230 48.220 71.210 51.202 0.000 0.000 0.000 0.000 0.000 0.000 0.000 0.000 0.000 0.000 0.000 0.000 0.000 0.000 0.000 0.000 50.501 46.502 47.504 45.507 41.509 48.514 49.521 47.529 47.538 44.548
75.458 80.457 79.456 79.454 79.451 79.448 79.445 79.441 79.436 79.431 80.424 73.416 57.405 48.386 42.362 69.349 79.340 79.332 84.327 0.000 0.000 0.000 0.000 0.000 0.000 0.000 0.000 0.000 0.000 0.000 0.000 0.000 0.000 0.000 0.000 43.261 43.268 43.282 43.299 43.306 59.305 66.297 43.285 43.272 43.260 43.248 43.238 49.228 2.214 0.000 0.000 0.000 0.000 0.000 0.000 0.000 0.000 0.000 0.000 0.000 0.000 0.000 0.000 0.000 0.000 0.000 0.000 0.000 0.000 50.503 48.507 49.513 46.520 41.527 50.535
75.469 80.468 79.467 79.466 79.464 79.461 79.457 79.453 79.448 79.441 80.433 65.422 44.409 43.393 52.375 76.362 79.352 79.344 85.340 0.000 0.000 0.000 0.000 0.000 0.000 0.000 0.000 0.000 0.000 0.000 0.000 0.000 0.000 0.000 0.000 39.269 43.278 40.299 43.337 43.346 62.341 66.328 43.312 43.294 43.278 43.265 43.255 40.249 0.000 0.000 0.000 0.000 0.000 0.000 0.000 0.000 0.000 0.000 0.000 0.000 0.000 42.425 0.000 0.000 0.000 0.000 0.000 0.000 46.485 47.492 49.498 49.504 46.511 42.518 52.524
78.481 79.481 79.480 79.479 79.478 79.475 79.472 79.468 79.462 79.454 79.444 76.432 53.417 54.401 71.386 78.372 79.362 79.354 86.349 3.349 0.000 0.000 0.000 0.000 0.000 0.000 0.000 0.000 0.000 0.000 0.000 0.000 0.000 0.000 0.000 0.000 39.277 0.000 42.405 43.400 71.387 58.365 43.339 43.314 43.295 56.280 46.270 41.265 0.000 0.000 0.000 0.000 0.000 0.000 0.000 0.000 0.000 0.000 0.000 0.000 0.000 53.425 38.426 0.000 0.000 0.000 0.000 47.471 50.478 49.484 46.490 42.496 42.502 40.508 44.517
79.495 79.495 79.495 79.494 79.493 79.491 79.489 79.485 79.479 79.470 79.459 79.445 81.428 81.411 80.395 79.381 79.370 81.362 70.354 13.351 0.000 0.000 0.000 0.000 0.000 0.000 0.000 0.000 0.000 0.000 0.000 0.000 0.000 0.000 0.000 0.000 0.000 0.000 42.477 43.465 77.441 46.407 43.365 43.331 55.307 64.291 43.281 43.276 42.278 0.000 0.000 0.000 0.000 0.000 0.000 0.000 0.000 0.000 0.000 0.000 0.000 49.426 50.427 37.428 0.000 43.450 45.455 49.464 48.471 46.478 45.483 41.488 49.493 52.498 0.000
78.509 77.510 79.511 79.511 79.511 79.510 79.508 79.504 79.499 79.490 79.478 79.461 79.440 79.420 79.402 79.388 80.377 63.370 0.000 0.000 40.343 54.342 0.332 0.000 0.000 0.000 0.000 0.000 0.000 0.000 0.000 0.000 0.000 0.000 0.000 0.000 0.000 0.000 38.563 49.541 72.507 43.455 40.386 43.337 43.312 43.296 43.287 43.282 43.280 40.279 0.000 0.000 0.000 0.000 0.000 0.000 0.000 0.000 0.000 0.000 0.000 44.425 40.427 46.431 41.437 49.445 49.452 48.460 44.466 47.472 42.477 41.481 41.486 34.491 0.000
68.524 68.526 77.528 79.530 79.530 79.530 79.529 79.528 79.523 79.516 79.503 80.483 81.454 79.427 79.407 79.392 79.382 1.375 0.000 40.350 50.345 60.342 59.339 52.338 44.337 0.000 0.000 0.000 0.000 0.000 0.000 0.000 0.000 0.000 0.000 42.800 45.783 45.746 42.672 41.631 50.591 38.523 0.000 39.322 43.307 43.296 43.289 43.284 42.282 0.000 0.000 0.000 0.000 0.000 0.000 0.000 46.413 57.413 0.000 0.000 45.422 43.424 43.427 40.431 48.436 49.443 49.449 46.456 49.463 49.468 47.472 42.475 31.477 0.000 0.000
50.538 55.543 74.548 80.550 79.550 79.551 79.553 79.554 79.552 79.547 81.536 67.514 63.465 78.429 83.408 80.393 75.382 57.373 60.365 66.355 60.347 61.343 40.340 33.338 0.000 0.000 0.000 0.000 0.000 0.000 0.000 0.000 0.000 0.000 33.816 39.816 42.806 42.783 42.748 42.722 44.703 0.000 0.000 0.000 38.300 43.293 43.288 43.285 43.284 0.000 0.000 0.000 0.000 0.000 0.000 6.412 63.413 45.414 43.415 43.417 43.420 43.423 41.426 46.429 49.434 49.440 45.446 49.454 49.461 48.465 42.468 43.470 33.472 0.000 0.000
34.549 49.561 68.571 81.574 82.571 82.573 80.580 79.584 80.585 79.584 80.580 18.575 0.000 37.416 55.404 76.390 83.381 81.373 81.366 67.360 0.000 0.000 0.000 0.000 0.000 0.000 0.000 0.000 0.000 0.000 0.000 0.000 0.000 0.000 0.000 38.845 42.842 40.832 41.817 43.805 44.798 0.000 0.000 0.000 0.000 36.290 43.287 43.285 40.284 0.000 0.000 0.000 0.000 0.000 0.000 0.000 5.413 59.414 42.415 42.417 43.419 42.422 42.424 48.428 49.432 47.438 35.442 0.000 53.462 47.464 47.465 47.467 33.468 0.000 0.000
0.000 20.581 53.602 59.604 53.588 55.590 72.611 80.618 76.622 69.625 68.627 3.630 0.000 0.000 0.000 13.384 48.379 74.372 81.369 0.000 0.000 0.000 0.000 0.000 0.000 0.000 0.000 0.000 0.000 30.052 51.052 0.000 0.000 0.000 0.000 38.878 44.885 43.886 52.884 53.884 43.887 0.000 0.000 0.000 0.000 0.000 40.285 41.285 0.000 0.000 0.000 0.000 0.000 0.000 0.000 0.000 0.000 64.415 67.416 47.417 41.419 39.421 49.423 49.425 44.428 0.000 0.000 0.000 0.000 52.463 49.464 49.465 39.465 0.000 0.000
0.000 0.000 34.652 43.654 0.000 0.000 44.655 73.658 64.662 60.667 74.675 41.690 1.724 0.000 0.000 0.000 0.000 19.370 50.369 0.000 0.000 0.000 0.000 0.000 0.000 0.000 0.000 0.000 0.000 0.000 35.054 53.055 0.000 0.000 0.000 29.906 43.934 41.944 71.950 64.960 42.980 45.028 0.000 0.000 0.000 0.000 35.284 0.000 0.000 0.000 0.000 0.000 0.000 0.000 0.000 0.000 0.000 0.000 52.416 69.417 54.418 48.420 49.421 44.423 0.000 0.000 0.000 0.000 0.000 44.462 49.462 49.463 44.464 0.000 0.000
0.000 0.000 30.702 75.707 32.728 0.000 33.696 65.697 67.701 78.707 80.717 83.733 89.758 28.786 0.000 0.000 0.000 0.000 0.000 0.000 0.000 0.000 0.000 0.000 0.000 0.000 0.000 0.000 0.000 0.000 36.056 51.057 0.000 0.000 0.000 0.000 37.003 45.007 75.013 57.026 45.046 44.077 49.110 0.000 0.000 0.000 0.000 0.000 0.000 0.000 0.000 0.000 0.000 0.000 0.000 0.000 0.000 0.000 0.000 0.000 57.419 47.419 45.420 0.000 0.000 0.000 0.000 0.000 43.459 42.460 44.461 38.462 0.000 0.000 0.000
3.781 18.771 52.748 70.744 78.749 47.753 60.738 83.735 80.738 79.744 79.754 79.769 79.790 85.814 88.845 44.864 3.874 0.000 48.904 62.905 55.904 57.903 13.902 0.000 0.000 0.000 0.000 0.000 0.000 0.000 15.057 37.060 43.066 43.074 46.082 5.091 38.070 67.067 69.072 46.084 44.102 44.125 47.144 0.000 0.000 0.000 0.000 0.000 0.000 0.000 0.000 0.000 0.000 0.000 0.000 0.000 0.000 0.000 0.000 0.000 0.000 0.000 0.000 0.000 0.000 0.000 0.000 45.458 40.459 38.459 0.000 0.000 0.000 0.000 0.000
76.791 79.786 79.777 77.773 75.773 76.774 78.770 78.769 79.772 80.778 80.788 79.801 72.818 76.837 79.857 83.874 87.886 88.899 80.905 76.906 73.906 68.904 70.902 63.899 19.898 0.000 0.000 0.000 0.000 0.000 0.000 0.000 0.000 0.000 0.000 62.123 51.118 80.119 71.126 58.138 45.155 44.176 44.199 48.231 44.230 0.000 0.000 0.000 0.000 0.000 0.000 0.000 0.000 0.000 0.000 0.000 0.000 0.000 0.000 0.000 0.000 0.000 0.000 0.000 0.000 0.000 0.000 0.000 0.000 0.000 0.000 0.000 0.000 0.000 0.000
79.808 74.805 72.801 71.799 65.799 62.799 63.798 63.800 69.804 74.810 74.819 67.831 51.845 66.860 79.875 79.888 79.898 79.907 79.911 79.911 80.910 80.907 83.903 84.899 84.897 84.895 23.894 0.000 0.000 0.000 0.000 0.000 0.000 0.000 0.000 34.161 60.161 65.165 49.174 66.188 54.205 44.224 44.246 47.265 0.000 0.000 0.000 0.000 0.000 0.000 0.000 0.000 0.000 0.000 0.000 0.000 0.000 0.000 0.000 0.000 0.000 0.000 0.000 0.000 0.000 0.000 0.000 0.000 0.000 0.000 0.000 0.000 0.000 0.000 0.000
49.828 22.827 44.825 58.824 56.824 36.825 21.827 17.829 37.834 54.840 53.849 46.859 41.871 51.883 72.895 80.906 79.914 79.920 79.921 79.920 79.916 83.911 58.904 46.900 45.897 49.895 52.894 0.000 0.000 0.000 0.000 0.000 0.000 0.000 0.000 32.200 68.201 51.207 43.220 53.235 64.253 48.273 44.294 44.320 50.356 0.000 0.000 0.000 0.000 0.000 0.000 0.000 0.000 0.000 0.000 0.000 0.000 0.000 0.000 0.000 0.000 0.000 0.000 0.000 0.000 0.000 0.000 0.000 0.000 0.000 0.000 0.000 0.000 0.000 76.398
39.850 10.850 32.850 47.850 43.850 20.852 6.854 10.858 30.863 44.870 42.878 42.887 43.897 41.908 60.918 77.927 79.934 79.937 79.936 79.932 78.925 41.917 0.000 0.000 0.000 0.000 0.000 0.000 0.000 38.264 58.265 10.266 0.000 0.000 39.256 56.239 73.236 50.244 44.262 42.281 59.300 61.319 47.341 44.364 44.393 47.426 56.441 0.000 0.000 0.000 0.000 0.000 0.000 0.000 0.000 0.000 0.000 0.000 0.000 0.000 0.000 0.000 0.000 0.000 0.000 0.000 0.000 0.000 0.000 0.000 0.000 0.000 0.000 0.000 74.470
52.874 48.874 43.874 42.875 43.877 45.879 46.882 49.886 48.892 44.898 43.906 43.915 43.925 42.935 49.944 71.952 80.957 79.959 81.956 53.947 19.935 0.000 0.000 0.000 0.000 0.000 0.000 0.000 0.000 3.265 25.266 28.268 32.273 46.280 43.273 64.265 61.261 35.270 42.306 44.328 46.347 59.366 51.385 46.405 44.426 43.446 60.457 51.463 45.462 0.000 0.000 0.000 0.000 0.000 0.000 0.000 0.000 0.000 0.000 0.000 0.000 0.000 0.000 0.000 0.000 0.000 0.000 0.000 0.000 0.000 0.000 0.000 0.000 10.700 87.602
42.899 43.899 43.900 43.901 43.903 43.906 43.910 43.914 43.920 43.927 43.935 43.944 43.953 43.962 41.972 62.980 79.986 81.988 77.984 3.965 0.000 0.000 0.000 0.000 0.000 0.000 0.000 0.000 0.000 0.000 0.000 0.000 0.000 30.293 47.293 73.289 47.275 0.000 30.365 45.379 43.395 47.412 48.429 57.446 46.461 44.474 43.479 39.471 0.000 0.000 0.000 0.000 0.000 0.000 0.000 0.000 0.000 0.000 0.000 0.000 0.000 0.000 0.000 0.000 0.000 0.000 0.000 0.000 0.000 0.000 0.000 0.000 15.877 80.798 90.716
43.924 43.925 43.926 43.927 43.930 43.933 43.937 42.942 42.948 43.955 43.963 43.972 43.982 43.992 43.001 51.011 66.019 77.024 65.027 0.000 0.000 0.000 0.000 0.000 0.000 0.000 0.000 0.000 0.000 0.000 0.000 0.000 0.000 7.306 56.320 81.322 0.000 0.000 28.412 46.427 44.444 43.459 51.474 62.488 50.501 44.511 48.516 0.000 0.000 0.000 0.000 0.000 0.000 0.000 0.000 0.000 0.000 0.000 0.000 0.000 0.000 0.000 0.000 0.000 0.000 0.000 0.000 0.000 0.000 0.000 0.000 0.000 72.956 86.899 86.830
43.950 43.951 43.952 43.954 43.957 43.960 43.965 47.970 48.977 44.984 43.992 44.002 44.011 44.022 44.033 43.044 46.055 55.065 55.073 0.000 0.000 0.000 0.000 0.000 0.000 0.000 0.000 0.000 0.000 0.000 0.000 0.000 0.000 0.000 60.360 75.358 0.000 0.000 12.443 43.476 44.494 44.508 43.520 48.533 50.544 46.553 48.558 0.000 0.000 0.000 0.000 0.000 0.000 0.000 0.000 0.000 0.000 0.000 0.000 0.000 0.000 0.000 0.000 0.000 0.000 0.000 0.000 0.000 0.000 0.000 0.000 57.188 66.091 66.016 65.943
43.976 43.977 43.978 43.981 43.984 43.988 42.992 54.998 60.005 47.013 44.021 44.031 44.042 44.053 44.065 44.078 44.092 43.108 46.129 27.165 0.000 0.000 0.000 0.000 0.000 40.524 61.525 23.526 14.526 13.525 0.000 0.000 0.000 41.426 83.402 57.394 57.400 0.000 0.000 29.540 46.548 44.558 44.569 42.579 58.590 62.600 56.608 0.000 0.000 0.000 0.000 0.000 0.000 0.000 0.000 0.000 0.000 0.000 0.000 0.000 0.000 0.000 0.000 0.000 0.000 0.000 0.000 0.000 0.000 0.000 31.362 82.285 68.205 81.136 103.017
44.003 44.004 44.005 44.007 44.011 44.015 43.020 56.026 62.033 46.041 44.050 44.061 44.072 44.084 44.098 44.112 44.129 44.148 44.172 50.202 21.234 0.000 0.000 0.000 0.000 3.525 18.526 40.529 48.528 52.525 26.516 2.502 37.482 75.452 73.430 53.415 35.407 0.000 0.000 29.598 46.602 45.609 48.617 43.627 52.637 75.649 72.665 17.697 0.000 0.000 0.000 0.000 0.000 0.000 0.000 0.000 0.000 0.000 0.000 0.000 0.000 0.000 0.000 0.000 0.000 0.000 0.000 0.000 0.000 0.000 68.439 124.384 107.317 129.223 107.813
41.029 42.030 43.032 43.035 44.038 44.042 42.048 57.054 60.061 43.070 44.079 44.090 44.102 44.115 44.130 44.146 44.164 44.184 44.209 44.237 50.267 30.300 0.000 0.000 0.000 0.000 0.000 16.535 47.534 43.530 46.523 50.510 62.492 79.470 63.450 31.432 0.000 0.000 0.000 28.651 45.654 48.659 61.666 47.674 57.684 58.695 77.709 81.729 64.753 14.763 0.000 0.000 0.000 0.000 0.000 0.000 0.000 0.000 0.000 0.000 0.000 0.000 0.000 0.000 0.000 0.000 0.000 0.000 0.000 54.668 64.572 65.497 68.426 87.400 106.981
62.056 57.057 52.059 50.062 46.065 42.070 42.075 57.082 60.090 42.098 44.108 44.119 44.132 44.146 44.161 44.178 43.197 42.219 43.243 43.270 43.300 49.334 26.375 3.398 0.000 0.000 0.000 15.543 53.543 47.541 42.535 55.523 78.507 72.488 40.468 0.000 0.000 0.000 0.000 26.703 44.705 49.708 56.714 51.721 56.729 55.738 68.748 62.759 55.769 28.774 0.000 0.000 0.000 0.000 0.000 0.000 0.000 0.000 0.000 0.000 0.000 0.000 0.000 0.000 0.000 0.000 0.000 0.000 31.845 59.765 128.682 92.613 124.494 108.164 106.212
82.083 81.084 77.086 72.089 68.093 63.097 58.103 54.110 49.118 43.127 44.137 44.149 44.161 44.176 43.192 45.210 51.229 56.251 55.275 53.301 47.330 42.361 46.394 52.422 16.450 0.000 1.550 35.553 58.556 49.557 45.553 68.543 80.526 36.506 0.000 0.000 0.000 0.000 0.000 30.755 43.754 48.756 64.762 54.769 47.775 40.781 46.786 64.789 61.791 67.789 0.000 0.000 0.000 0.000 0.000 0.000 0.000 0.000 0.000 0.000 0.000 0.000 0.000 0.000 0.000 0.000 0.000 0.000 66.926 57.863 67.792 90.683 66.853 106.306 97.642
