results2_8e3_rain/res_3e8f-0037.wd
ncols         241
nrows         181
xllcorner     12693529.787448
yllcorner     3542525.717860
cellsize      155.156523
NODATA_value  -9999.000000
[rows 33 to 65 of 181, columns 75 to 149 of 241]
0.000 0.000 0.000 0.000 0.000 0.000 0.000 0.000 0.000 0.000 0.000 0.000 0.000 0.000 0.000 0.000 0.000 0.000 0.000 0.000 0.000 0.000 0.000 0.000 0.000 0.000 0.000 0.000 0.000 0.000 0.000 0.000 0.000 0.000 0.000 0.000 0.000 30.407 53.407 58.408 14.409 0.000 0.000 23.472 37.488 4.477 0.000 27.515 30.523 24.524 25.517 26.503 26.479 26.449 26.415 25.383 31.361 51.358 0.000 4.626 2.410 37.617 54.276 58.928 57.594 58.293 56.921 59.094 54.226 53.823 53.940 56.282 55.578 55.391 56.119
0.000 0.000 0.000 0.000 0.000 0.000 0.000 0.000 0.000 0.000 0.000 0.000 0.000 0.000 0.000 0.000 0.000 0.000 0.000 0.000 0.000 0.000 0.000 0.000 0.000 0.000 0.000 0.000 0.000 0.000 0.000 0.000 0.000 0.000 0.000 0.000 0.000 0.000 5.407 0.407 0.000 0.000 0.000 0.000 19.537 0.000 0.000 17.537 41.559 40.563 30.556 26.538 26.508 26.466 26.416 25.364 47.328 45.343 0.000 27.787 40.518 54.048 58.652 58.281 57.947 57.544 58.690 54.784 54.073 54.452 56.830 56.137 55.961 55.695 56.450
0.000 0.000 0.000 0.000 0.000 0.000 0.000 0.000 0.000 0.000 0.000 0.000 0.000 0.000 0.000 0.000 21.163 53.163 6.163 0.000 0.000 0.000 0.000 0.000 0.000 0.000 0.000 0.000 0.000 0.000 0.000 0.000 0.000 0.000 0.000 0.000 0.000 0.000 0.000 0.000 0.000 0.000 0.000 0.000 11.587 0.000 0.000 0.000 19.613 37.612 37.605 28.585 26.548 26.492 24.417 40.328 49.246 0.000 13.646 38.216 52.827 59.404 58.997 58.627 58.189 60.302 56.359 54.448 54.976 57.373 56.686 56.518 56.256 56.010 55.767
0.000 0.000 0.000 0.000 0.000 0.000 0.000 0.000 0.000 8.154 46.154 0.000 0.000 0.000 0.000 0.000 28.164 79.164 35.164 0.000 0.000 0.000 0.000 0.000 0.000 0.000 0.000 0.000 0.000 0.000 0.000 0.000 0.000 0.000 0.000 0.000 0.000 0.000 0.000 0.000 0.000 0.000 0.000 0.000 14.636 15.661 22.676 8.681 18.668 26.669 39.666 30.649 26.608 23.537 34.433 44.287 33.081 8.659 38.076 55.603 60.170 59.739 59.336 58.862 58.936 57.959 54.939 55.521 57.926 57.241 57.075 56.813 56.565 56.317 56.075
0.000 0.000 0.000 0.000 0.000 0.000 0.000 0.000 0.000 29.154 64.155 53.156 40.157 0.000 0.000 13.165 67.164 75.165 40.165 0.000 0.000 0.000 0.000 13.623 0.000 0.000 0.000 0.000 0.000 0.000 0.000 0.000 0.000 0.000 0.000 0.000 0.000 0.000 0.000 1.662 19.662 0.000 0.000 30.665 45.661 48.672 46.686 32.699 26.711 25.728 39.743 30.738 22.698 36.616 50.492 38.304 26.133 40.821 45.395 57.953 60.507 60.077 59.567 59.599 57.589 55.546 56.094 58.499 57.813 57.644 57.378 57.124 56.870 56.620 56.375
0.000 0.000 0.000 0.000 0.000 0.000 0.000 0.000 0.000 0.140 62.156 45.157 26.158 0.000 9.165 59.165 70.165 77.166 36.166 0.000 0.000 0.000 0.000 51.623 35.623 0.000 0.000 0.000 0.000 0.000 0.000 0.000 0.000 0.000 14.654 26.654 28.655 0.000 0.000 10.662 35.663 14.665 28.667 51.668 54.671 55.681 52.696 39.718 26.748 23.789 40.839 31.860 35.832 53.737 47.614 0.000 24.327 43.097 55.731 61.302 60.857 60.318 60.303 58.261 56.287 56.702 59.100 58.412 58.238 57.964 57.700 57.432 57.171 56.918 56.667
0.000 0.000 0.000 0.000 0.000 0.000 0.000 0.000 0.000 0.000 0.000 13.159 51.160 47.163 35.165 48.166 68.167 79.168 32.168 0.000 0.000 0.000 0.000 13.623 37.624 39.625 0.000 0.000 0.000 0.000 0.000 0.000 0.000 0.000 30.654 31.655 43.655 26.657 15.659 29.661 30.663 26.665 33.667 40.670 38.675 31.684 50.699 16.730 32.773 35.843 25.965 38.032 51.033 47.884 0.000 0.000 35.753 52.505 61.134 61.681 61.132 61.067 57.996 57.209 57.359 59.738 59.046 58.865 58.582 58.305 58.019 57.734 57.464 58.213 50.960
0.000 0.000 0.000 0.000 0.000 0.000 0.000 0.000 0.000 0.000 0.000 3.160 70.162 65.164 55.166 45.168 69.169 77.170 72.171 57.173 12.174 0.000 0.000 0.000 0.000 47.626 31.626 29.627 40.628 35.629 0.000 0.000 0.000 0.000 30.654 29.654 50.655 56.657 45.658 37.660 29.663 26.665 27.668 28.671 27.675 25.681 33.687 0.000 0.000 0.000 31.146 54.272 52.382 0.000 0.000 35.894 49.423 59.050 62.585 62.138 62.904 58.834 58.401 58.091 60.428 59.726 59.533 59.240 58.953 58.651 58.338 58.022 57.739 57.511 43.361
0.000 0.000 0.000 0.000 0.000 0.000 0.000 0.000 0.000 0.000 0.000 0.000 3.163 42.165 17.168 53.170 72.172 77.173 75.174 73.174 62.175 21.175 0.000 0.000 0.000 3.626 42.627 42.628 55.628 53.629 46.631 41.632 0.000 0.000 0.000 34.653 53.655 60.656 52.658 36.660 25.662 26.665 26.668 26.671 26.674 26.678 30.680 0.000 0.000 0.000 1.371 38.528 7.840 5.565 40.674 45.362 57.017 63.585 63.416 61.630 59.917 60.022 58.938 61.195 60.467 60.250 59.940 59.641 59.331 59.009 58.661 58.276 58.958 50.731 33.612
0.000 0.000 0.000 0.000 0.000 0.000 0.000 0.000 0.000 0.000 0.000 0.000 0.000 0.000 74.172 74.174 76.175 76.176 75.177 69.177 63.176 34.176 0.000 0.000 0.000 0.000 0.000 10.628 55.629 49.630 64.632 61.633 40.636 19.641 20.646 29.652 51.654 60.656 51.657 34.659 24.662 29.665 28.668 26.671 26.673 26.675 27.676 19.675 0.000 0.000 0.000 0.000 0.658 43.180 46.092 53.886 64.556 64.637 62.986 64.817 62.335 59.970 62.076 61.293 61.030 60.689 60.368 60.046 59.724 59.392 58.021 66.461 64.088 36.843 26.744
0.000 0.000 0.000 0.000 8.426 31.426 0.000 9.421 49.420 38.419 42.419 17.418 0.000 0.000 10.174 82.177 76.180 73.181 70.181 73.179 64.178 27.177 0.000 0.000 0.000 0.000 0.000 0.000 0.000 0.000 53.632 54.633 5.635 0.000 0.000 33.653 51.654 56.655 46.657 37.659 35.660 0.000 4.669 32.671 26.673 26.674 27.675 33.675 41.674 3.674 0.000 0.000 16.208 48.861 52.643 63.389 65.566 65.195 68.615 67.165 61.366 63.121 62.229 61.888 61.496 61.139 60.792 60.454 60.125 59.816 65.571 0.000 0.000 15.810 33.777
0.000 0.000 0.000 0.000 8.427 51.427 0.000 43.421 45.421 57.420 40.419 25.419 0.000 0.000 0.000 67.182 79.187 76.187 76.186 77.183 71.180 25.178 0.000 0.000 0.000 0.000 0.000 0.000 0.000 0.000 0.000 38.633 0.000 0.000 0.000 39.653 36.654 48.655 5.656 0.000 0.000 0.000 0.000 0.000 36.673 30.673 0.000 23.674 57.674 40.674 0.000 0.000 20.634 54.382 63.220 66.298 66.038 70.291 69.600 62.765 64.260 63.259 62.821 62.363 61.957 61.574 61.208 60.852 60.506 60.174 64.876 7.678 0.000 0.000 0.000
40.443 0.000 0.000 0.000 2.427 62.428 38.427 40.424 46.422 70.420 71.419 66.419 20.418 0.000 0.000 0.000 27.198 81.196 76.192 77.187 74.181 33.177 0.000 0.000 0.000 0.000 0.000 0.000 0.000 0.000 0.000 0.000 0.000 0.000 0.000 0.000 0.000 0.000 0.000 0.000 0.000 0.000 0.000 0.000 0.000 11.673 8.673 0.000 0.000 0.000 0.000 9.711 47.226 64.182 65.844 66.759 71.095 70.777 63.768 65.284 64.279 63.781 63.266 62.813 62.391 61.994 61.612 61.241 60.874 60.500 63.082 46.479 3.566 0.000 0.000
44.444 40.445 0.000 0.000 0.000 54.432 56.429 56.425 68.423 65.421 77.420 76.419 37.418 0.000 0.000 0.000 3.212 83.208 76.200 77.191 74.181 34.173 0.000 0.000 0.000 43.044 55.036 24.029 0.000 0.000 0.000 0.000 0.000 0.000 0.000 0.000 0.000 0.000 0.000 0.000 0.000 0.000 0.000 0.000 0.000 0.000 0.000 0.000 0.000 0.000 7.507 48.084 65.101 65.706 71.856 71.393 64.966 65.533 66.027 65.190 64.693 64.162 63.679 63.227 62.802 62.397 62.007 61.626 61.249 67.868 8.475 0.000 16.616 0.000 0.000
46.445 47.447 39.448 0.000 44.446 39.440 47.432 60.426 64.423 75.421 76.420 75.419 44.418 0.000 0.000 0.000 2.231 82.223 76.211 77.196 72.180 52.161 36.134 37.106 37.080 45.053 66.035 33.022 0.000 0.000 0.000 0.000 0.000 0.000 0.000 0.000 0.000 0.000 0.000 0.000 0.000 0.000 0.000 0.000 0.000 0.000 0.000 0.000 5.431 36.240 45.813 64.852 66.486 73.170 72.604 65.456 67.182 66.520 65.976 65.506 65.001 64.519 64.056 63.615 63.193 62.785 62.392 62.007 68.627 14.247 0.000 0.000 1.755 11.931 13.555
60.447 43.448 47.450 47.451 38.452 31.451 0.000 0.000 6.422 65.421 76.421 74.421 59.417 26.412 0.000 0.000 51.258 72.243 77.224 76.203 77.182 67.159 43.133 40.107 39.080 48.053 66.029 49.004 34.969 35.942 39.921 50.908 14.902 0.000 0.000 0.000 0.000 0.000 0.000 0.000 0.000 0.000 0.000 0.000 0.000 0.000 0.000 0.000 16.600 56.470 64.457 67.143 73.957 73.611 66.121 67.800 67.032 66.665 66.223 65.763 65.305 64.853 64.413 63.985 63.568 63.160 62.767 68.385 15.006 0.000 0.000 0.000 0.815 11.676 4.468
76.449 47.451 41.451 42.454 44.459 44.462 33.467 0.000 0.000 0.000 10.423 81.425 71.419 49.406 41.381 48.347 47.300 49.268 57.239 58.212 45.185 42.160 40.134 40.108 39.080 48.052 63.024 41.994 38.963 43.935 59.913 62.900 47.897 21.897 0.000 0.000 0.000 0.000 0.000 0.000 0.000 0.000 0.000 0.000 0.000 0.000 0.000 7.323 49.224 64.881 67.753 74.405 74.221 66.750 68.413 67.646 67.301 66.879 66.458 66.029 65.600 65.175 64.757 64.346 63.935 63.518 69.133 14.759 0.000 0.000 0.000 0.000 0.000 5.460 15.365
76.452 62.455 0.000 0.000 49.468 45.471 56.473 47.473 0.000 0.000 0.000 69.438 66.429 51.414 42.391 39.361 39.326 42.291 55.254 63.219 66.189 59.161 49.136 42.110 41.082 57.052 60.020 34.987 38.954 38.923 39.898 43.883 22.890 0.000 0.000 0.000 0.000 0.000 0.000 0.000 0.000 0.000 0.000 0.000 0.000 10.363 42.084 50.018 63.590 74.937 74.594 67.702 68.325 68.923 68.258 67.913 67.505 67.106 66.702 66.296 65.891 65.490 65.096 64.705 65.308 71.845 15.489 0.000 0.000 0.000 0.000 0.000 0.000 8.339 27.288
76.456 76.461 63.469 46.474 46.476 46.480 37.483 0.000 3.486 10.487 62.479 59.460 62.446 55.429 56.408 56.382 56.352 59.317 54.265 54.224 56.189 60.162 61.139 59.114 55.085 66.053 64.018 51.981 52.944 52.906 54.871 29.845 0.000 0.000 0.000 0.000 0.000 0.000 0.000 0.000 0.000 0.000 0.000 0.000 44.833 45.531 66.623 67.247 75.977 75.521 70.133 69.879 69.295 68.855 68.500 68.108 67.723 67.336 66.948 66.561 66.177 65.800 65.430 66.073 69.746 2.396 0.000 0.000 0.000 0.000 0.000 0.000 0.000 22.269 18.237
75.460 76.465 73.471 51.477 45.483 46.489 47.496 39.505 0.000 54.496 51.489 52.478 53.465 48.449 52.430 57.407 65.382 50.361 0.000 0.000 1.173 59.158 55.146 55.123 55.092 55.057 55.018 54.977 54.933 54.887 52.837 47.780 20.706 0.000 0.000 40.979 47.869 59.722 29.598 0.000 0.000 0.000 0.000 46.377 57.128 69.103 69.796 76.638 76.344 70.726 70.434 69.727 69.425 69.062 68.688 68.315 67.940 67.566 67.193 66.823 66.458 66.101 66.751 69.410 17.078 0.000 0.000 0.000 0.000 0.000 0.000 0.000 18.231 24.232 9.208
65.463 76.469 76.475 66.482 42.490 45.498 46.507 46.515 52.519 61.512 45.506 42.498 40.487 47.473 62.455 61.434 46.409 26.385 0.000 0.000 0.000 0.000 44.165 39.139 39.105 39.065 39.022 39.975 42.925 43.871 43.810 42.734 43.632 42.472 42.299 51.088 57.908 55.700 62.474 60.185 54.899 52.590 55.161 66.925 70.505 70.344 77.036 76.869 71.304 70.993 70.275 69.978 69.610 69.250 68.886 68.522 68.158 67.795 67.435 67.079 66.733 67.396 68.064 6.737 0.000 0.000 0.000 0.000 0.000 0.000 0.000 0.000 29.230 15.220 4.197
43.467 71.472 75.478 56.486 39.496 38.508 46.519 46.528 45.532 39.528 40.524 46.521 63.514 62.501 45.485 38.465 28.437 0.000 48.379 57.356 53.320 54.272 57.209 60.165 59.123 60.078 63.029 61.977 58.922 60.864 55.797 41.716 45.615 44.486 49.338 67.168 73.973 70.695 64.414 59.180 60.942 67.596 72.615 71.175 77.533 77.216 71.198 72.840 71.464 70.837 70.528 70.159 69.801 69.442 69.083 68.728 68.375 68.023 67.672 68.325 65.998 61.684 13.374 0.000 0.000 0.000 0.000 0.000 0.000 0.000 0.000 15.254 19.239 13.223 11.199
36.471 55.475 66.480 41.487 33.501 40.520 38.535 45.546 46.552 46.546 39.540 56.550 48.546 37.534 40.518 32.504 0.000 57.433 60.402 60.370 62.332 63.286 66.236 70.189 69.145 69.096 69.038 70.981 71.925 69.865 57.797 43.719 45.626 45.518 45.399 48.271 22.122 0.000 84.303 126.202 103.952 70.059 71.725 78.493 78.066 71.603 74.365 71.811 71.401 71.074 70.710 70.352 69.992 69.632 69.278 68.931 68.591 68.251 69.904 64.552 53.252 7.968 0.000 0.000 0.000 0.000 0.000 0.000 0.000 0.000 13.286 26.269 15.252 15.232 11.209
0.000 12.477 47.479 29.483 0.000 35.537 40.554 40.570 46.583 35.564 0.000 40.595 38.586 40.570 41.551 51.530 65.507 62.464 64.427 70.391 80.351 124.307 121.258 121.213 121.170 121.122 122.048 105.984 37.931 40.874 38.809 46.736 45.654 42.563 40.468 22.398 0.000 0.000 0.000 51.248 68.425 73.161 79.137 78.845 71.160 72.893 72.222 71.949 71.611 71.259 70.904 70.544 70.181 69.819 69.466 69.129 69.806 68.487 60.141 48.727 6.490 0.000 0.000 0.000 0.000 0.000 0.000 0.000 0.000 4.320 25.303 17.285 5.267 7.247 19.225
0.000 62.477 40.478 0.000 0.000 0.000 34.576 47.597 39.647 0.000 0.000 48.649 39.632 50.610 63.585 63.558 68.527 71.490 64.452 50.415 41.376 37.333 35.275 38.235 39.202 26.176 0.000 42.976 39.942 38.891 42.830 46.762 43.690 35.613 42.512 23.455 0.000 0.000 46.770 63.761 73.557 79.564 79.377 71.702 73.422 72.748 72.484 72.144 71.805 71.456 71.101 70.740 70.370 69.995 69.638 70.312 66.019 54.749 11.445 0.000 0.000 0.000 0.000 0.000 0.000 0.000 0.000 0.000 0.000 22.337 21.322 7.304 4.284 17.263 17.241
68.181 0.000 0.000 0.000 0.000 0.000 0.000 0.000 43.761 41.790 49.774 46.720 46.685 46.654 63.622 77.589 66.554 46.516 44.478 39.440 41.404 32.376 0.000 44.252 41.227 30.203 0.000 44.004 38.969 39.919 46.859 44.791 42.731 24.689 0.000 0.000 43.421 41.295 58.084 74.016 79.789 72.574 73.167 73.858 73.283 73.017 72.683 72.352 72.010 71.660 71.304 70.943 70.566 71.153 70.780 60.462 45.209 8.046 0.000 0.000 0.000 0.000 0.000 0.000 0.000 0.000 0.000 0.000 11.397 23.369 11.346 3.324 17.302 18.280 6.257
56.191 0.000 0.000 57.139 50.135 44.128 0.000 0.000 61.846 58.836 45.811 46.773 46.735 47.699 68.662 120.623 113.584 60.543 115.503 36.464 40.426 40.390 42.350 40.293 40.251 40.207 42.148 38.067 38.011 46.958 45.895 42.814 37.755 26.722 0.000 0.000 45.546 52.418 74.446 73.359 80.142 73.622 74.234 73.808 73.544 73.224 72.901 72.567 72.223 71.870 71.513 71.163 72.797 68.272 49.866 36.546 38.311 4.178 0.000 0.000 0.000 0.000 0.000 0.000 0.000 0.000 6.480 11.461 25.426 19.396 9.370 18.345 18.321 7.297 3.274
0.000 0.000 0.000 40.144 49.138 46.121 64.083 58.026 62.941 70.898 61.862 46.824 46.785 46.745 45.703 39.659 34.615 39.571 36.528 40.487 40.448 40.409 40.367 40.321 40.276 40.227 39.170 44.105 46.052 47.006 30.951 0.000 30.755 0.000 0.000 0.000 49.771 71.715 75.749 81.188 80.707 73.715 74.389 74.053 73.763 73.453 73.128 72.792 72.445 72.085 71.714 70.401 32.187 0.000 0.000 0.000 0.000 0.000 0.000 0.000 0.000 2.667 0.000 0.000 0.000 0.000 8.499 24.479 18.449 9.420 19.392 15.366 6.340 4.315 2.290
46.508 0.000 45.143 41.154 40.153 58.136 51.103 67.055 75.995 55.953 41.916 39.878 42.837 45.793 46.746 46.696 39.646 38.597 39.551 39.509 40.469 40.430 40.390 45.348 42.304 39.257 40.201 43.130 47.086 36.066 0.000 0.000 0.000 0.000 5.491 125.375 69.090 76.129 74.129 81.606 73.516 76.053 77.555 74.301 74.005 73.695 73.368 73.026 73.682 70.312 57.855 48.540 6.363 0.000 0.000 0.000 0.000 0.000 0.000 0.000 4.669 4.668 4.666 5.652 5.627 6.590 20.540 20.506 4.474 7.443 9.414 6.387 4.360 9.334 14.308
20.644 44.984 41.131 40.178 51.184 55.168 66.138 73.096 39.032 38.003 38.971 40.934 39.892 36.844 44.792 45.735 46.676 45.621 39.572 38.529 37.490 38.452 44.415 103.377 71.338 51.294 34.247 0.000 49.095 57.105 0.000 0.000 0.000 0.000 49.608 60.516 77.410 75.464 82.324 81.980 74.607 75.150 75.832 74.557 74.264 73.955 73.624 74.263 72.943 25.628 0.000 0.000 0.000 0.000 0.000 0.000 0.000 0.000 0.000 0.000 11.670 7.672 4.678 5.664 3.638 15.605 22.566 6.531 7.497 15.466 13.436 7.407 4.379 11.352 30.326
0.000 38.177 41.221 43.243 64.238 75.214 89.184 71.160 0.124 57.058 57.032 40.997 40.953 39.901 37.843 40.776 46.703 44.638 45.587 47.545 45.509 43.475 39.442 34.409 39.376 34.335 0.000 0.000 0.000 43.155 35.167 0.000 0.000 0.000 59.819 76.708 76.801 74.839 82.635 74.315 76.828 78.347 75.104 74.829 74.541 74.235 73.910 71.458 26.200 0.000 0.000 0.000 0.000 0.000 0.000 0.000 0.000 0.000 0.000 10.934 0.000 0.000 12.710 2.689 13.659 25.625 13.589 8.554 13.520 17.488 10.457 5.427 3.398 18.371 38.344
0.000 36.325 42.335 58.335 69.313 117.266 111.227 113.201 119.186 115.138 116.104 41.067 41.022 39.966 39.901 38.824 33.723 43.642 45.593 46.556 44.526 46.497 46.468 47.442 40.422 0.000 0.000 0.000 0.000 44.193 29.180 0.000 0.000 51.297 73.105 77.053 76.053 83.197 82.924 75.371 75.927 76.628 75.378 75.116 74.835 75.534 50.325 0.000 0.000 0.000 0.000 0.000 0.000 0.000 0.000 0.000 23.029 12.007 1.975 5.935 5.888 6.834 6.765 9.722 22.685 19.648 14.612 15.576 13.542 11.509 7.477 4.447 6.417 26.389 42.362
0.000 37.463 54.461 62.448 68.412 39.311 38.255 37.232 34.222 35.204 35.180 41.147 41.101 57.041 56.972 32.898 0.000 30.614 43.586 45.563 43.542 45.519 45.494 46.468 42.449 0.000 0.000 0.000 42.297 27.245 0.000 0.000 52.616 61.482 78.344 77.255 76.448 83.450 75.033 77.569 80.115 75.901 75.663 75.422 74.152 61.739 20.532 0.000 0.000 0.000 0.000 0.000 9.148 4.139 4.119 4.091 8.052 20.019 22.983 8.942 3.897 5.848 7.795 22.750 21.710 7.672 16.635 17.599 16.564 9.530 5.497 4.466 14.435 34.406 42.379
