results2_8e3_rain/res_3e8f-0114.wd
ncols         241
nrows         181
xllcorner     12693529.787448
yllcorner     3542525.717860
cellsize      155.156523
NODATA_value  -9999.000000
[rows 0 to 32 of 181, columns 146 to 218 of 241]
0.000 0.000 0.000 0.000 0.000 0.000 0.000 0.000 0.000 0.000 0.000 0.000 0.000 0.000 4.485 15.367 16.170 15.925 15.650 15.363 15.079 14.811 14.572 14.367 14.200 14.070 13.974 13.907 13.864 13.841 13.831 18.827 0.000 0.000 0.000 0.000 0.000 0.000 0.000 0.000 0.000 0.000 0.000 0.000 0.000 0.000 0.000 0.000 0.000 8.830 15.830 0.000 0.000 32.633 37.632 0.000 0.000 0.000 0.000 0.000 0.000 0.000 0.000 0.000 0.000 0.000 0.000 0.000 0.000 0.000 0.000 0.000 0.000
0.000 0.000 0.000 0.000 0.000 0.000 0.000 0.000 0.000 0.000 0.000 0.000 0.000 0.118 15.602 16.445 16.220 15.954 15.663 15.360 15.062 14.783 16.537 15.330 14.163 14.036 13.944 13.882 13.845 13.828 13.824 18.824 0.000 0.000 0.000 0.000 0.000 0.000 0.000 0.000 0.000 0.000 0.000 0.000 0.000 0.000 0.000 0.000 5.831 27.830 3.830 0.000 11.634 44.633 38.633 0.000 0.000 0.000 0.000 0.000 0.000 0.000 0.000 0.000 0.000 0.000 0.000 0.000 23.566 0.000 0.000 0.000 0.000
0.000 0.000 0.000 0.000 0.000 0.000 0.000 0.000 0.000 0.000 0.000 0.000 0.000 19.204 17.876 16.593 16.309 16.009 15.687 15.353 15.025 16.723 16.463 14.251 14.087 13.967 13.885 13.833 13.807 13.801 15.815 9.819 0.000 0.000 0.000 0.000 0.000 0.000 0.000 0.000 0.000 0.000 0.000 0.000 0.000 0.000 0.000 0.000 17.833 0.000 0.000 6.636 37.636 0.000 0.000 0.000 0.000 0.000 0.000 0.000 0.000 0.000 0.000 0.000 0.000 0.000 0.000 0.000 26.566 0.000 0.000 0.000 0.000
0.000 0.000 0.000 0.000 0.000 0.000 0.000 0.000 0.000 0.000 0.000 0.000 2.365 18.533 17.104 16.740 16.414 16.085 15.725 15.340 15.961 15.621 14.341 14.125 13.967 13.861 13.794 13.759 13.748 19.754 0.000 0.000 0.000 0.000 0.000 0.000 0.000 0.000 0.000 0.000 0.000 0.000 0.000 2.842 0.000 0.000 0.000 1.835 61.834 0.000 0.000 12.637 39.638 0.000 0.000 0.000 0.000 0.000 0.000 0.000 0.000 0.000 0.000 4.585 23.585 0.000 0.000 16.568 25.567 26.567 0.000 0.000 0.000
0.000 0.000 0.000 0.000 0.000 0.000 0.000 0.000 0.000 0.000 0.000 7.926 1.195 2.298 17.267 16.851 16.523 16.193 15.786 15.320 15.858 15.461 14.155 13.939 13.797 13.713 13.672 13.661 14.673 15.713 0.000 0.000 0.000 0.000 0.000 0.000 0.000 0.000 0.000 0.000 0.000 0.000 3.842 26.842 21.843 0.000 0.000 17.835 45.836 0.000 0.000 0.000 39.641 0.000 0.000 0.000 0.000 0.000 0.000 0.000 0.000 0.000 38.587 42.586 44.585 0.000 0.000 29.568 24.568 24.567 34.567 0.000 0.000
0.000 0.000 0.000 0.000 0.000 0.000 0.000 0.000 0.000 0.000 10.559 3.205 1.625 1.131 1.125 14.873 16.633 16.378 15.907 17.297 16.689 14.208 13.880 13.679 13.570 13.524 13.520 13.540 19.568 0.000 0.000 0.000 0.000 0.000 0.000 0.000 0.000 0.000 0.000 0.000 0.000 0.000 0.000 6.843 27.843 19.844 17.845 0.000 30.839 3.839 0.000 0.000 24.644 37.646 28.647 26.647 35.647 0.000 0.000 0.000 0.000 0.000 38.589 40.587 45.584 24.579 13.575 30.570 33.569 0.000 0.000 0.000 0.000
0.000 0.000 0.000 0.000 0.000 0.000 0.000 0.000 0.000 0.000 6.900 3.652 3.322 2.847 0.301 0.481 9.759 17.780 17.167 17.273 14.392 13.803 13.479 13.327 13.278 13.292 13.342 13.413 8.490 0.000 0.000 0.000 0.000 0.000 23.880 56.881 0.000 0.000 0.000 0.000 0.000 0.000 0.000 3.843 27.844 40.845 75.846 37.845 38.841 9.840 0.000 0.000 21.646 40.648 25.648 21.648 38.647 0.000 0.000 0.000 0.000 0.000 25.593 31.589 27.585 27.580 31.575 34.570 42.568 0.000 0.000 0.000 21.484
0.000 0.000 0.000 0.000 0.000 0.000 0.000 0.000 0.000 29.961 30.488 7.133 2.780 3.058 2.772 0.655 0.296 4.903 17.706 15.237 13.803 13.134 12.904 12.872 12.925 13.023 14.145 11.279 0.000 0.000 0.000 0.000 0.000 0.000 0.000 44.881 51.882 33.882 25.882 0.000 0.000 0.000 0.000 0.000 0.000 1.847 68.848 47.848 0.000 0.000 0.000 0.000 0.000 33.651 48.650 46.649 48.646 40.642 32.636 35.629 34.621 43.612 47.601 44.593 45.587 45.581 40.575 35.569 32.565 0.000 0.000 0.000 0.000
0.000 0.000 0.000 0.000 0.000 0.000 0.000 0.000 23.922 41.435 42.958 32.534 9.187 1.638 2.755 0.680 2.331 6.972 5.647 15.167 12.449 12.024 12.132 12.332 12.528 13.728 13.937 0.000 0.000 0.000 0.000 0.000 0.000 0.000 0.000 0.000 42.883 52.883 57.882 0.000 0.000 0.000 0.000 0.000 0.000 0.000 40.853 32.852 37.854 4.854 0.000 0.000 17.659 45.656 30.654 24.651 31.648 43.643 31.637 30.631 39.623 48.614 35.605 31.596 34.589 40.581 46.574 48.567 46.558 32.546 23.535 6.524 15.514
0.000 0.000 0.000 0.000 0.000 0.000 0.000 19.915 29.410 44.897 42.377 42.856 35.333 11.815 0.863 4.307 13.741 6.140 2.019 2.746 5.802 10.383 11.267 11.797 12.125 17.427 0.000 0.000 0.000 0.000 0.000 0.000 0.000 0.000 0.000 0.000 9.884 55.884 8.883 0.000 0.000 0.000 0.000 0.000 0.000 36.861 46.857 22.855 38.855 58.855 0.000 0.000 23.662 47.660 26.658 20.655 23.651 36.646 25.640 25.633 27.626 29.617 26.608 27.599 21.591 25.582 31.574 32.565 30.556 39.545 41.534 44.524 52.515
0.000 0.000 0.000 0.000 0.000 0.000 24.922 23.421 46.905 43.366 42.796 42.181 42.474 37.557 20.046 11.807 7.400 0.000 0.000 4.099 2.161 3.022 10.755 11.465 16.748 0.000 0.000 0.000 0.000 0.000 0.000 0.000 33.889 0.000 0.000 0.000 16.885 56.885 0.000 0.000 0.000 0.000 0.000 0.000 31.870 75.866 8.860 11.857 33.856 60.856 0.855 0.000 20.667 45.666 25.663 18.660 21.656 23.651 19.645 18.637 25.629 41.621 24.612 20.602 34.593 30.584 27.575 34.565 34.555 37.545 46.534 50.524 37.515
0.000 0.000 0.000 0.000 0.000 28.867 17.423 45.941 44.422 43.865 43.262 42.595 41.827 41.894 38.723 24.478 3.897 0.000 0.000 45.352 4.206 0.023 0.029 13.560 9.654 0.000 0.000 0.000 0.000 0.000 0.000 0.000 29.890 24.890 33.890 45.889 49.888 39.887 0.000 0.000 0.000 30.883 45.882 50.879 74.875 30.872 0.000 0.000 35.857 23.856 0.000 0.000 23.674 50.672 37.670 21.666 69.662 97.657 46.650 22.643 38.634 85.625 37.616 14.606 79.596 52.586 27.576 34.565 36.555 26.544 35.534 48.524 31.514
0.000 0.000 0.000 0.000 0.000 18.310 39.962 46.499 44.978 44.411 43.793 43.111 42.344 41.467 41.486 40.441 29.681 4.464 49.976 47.086 0.101 0.043 0.015 0.016 0.000 0.000 0.000 0.000 0.000 0.000 0.000 28.890 24.890 29.890 43.890 53.890 37.889 24.888 0.000 0.000 0.000 39.885 38.883 34.881 73.878 33.876 0.000 0.000 14.858 6.858 0.000 16.687 44.683 46.680 40.677 28.674 27.669 60.664 101.657 39.649 32.640 89.631 40.620 14.610 86.599 56.588 19.577 21.566 27.555 18.545 32.534 31.523 19.513
0.000 0.000 0.000 0.000 22.701 33.103 48.615 46.115 45.581 45.007 44.387 43.712 42.969 42.160 41.229 40.506 39.377 51.733 51.398 0.480 0.143 9.230 0.000 0.000 0.000 0.000 0.000 0.000 0.000 44.890 47.890 29.890 28.891 43.891 53.892 39.892 22.890 24.890 24.891 22.892 20.891 32.888 35.886 45.883 85.881 19.878 0.000 0.000 51.860 1.859 0.000 13.692 43.690 43.688 30.686 22.683 18.678 28.673 25.665 65.657 96.647 113.637 94.626 83.614 109.603 103.591 94.579 40.568 20.556 37.545 32.534 21.523 16.512
0.000 0.000 0.000 23.792 33.299 50.784 47.280 46.765 46.224 45.650 45.037 44.377 43.679 42.868 42.345 40.013 51.752 51.754 35.902 18.286 5.470 0.000 0.000 0.000 0.000 0.000 0.000 0.000 0.000 0.000 0.000 8.891 46.892 50.893 42.894 27.896 0.000 0.000 0.000 26.895 22.894 32.891 31.888 54.886 51.884 0.000 0.000 0.000 54.862 0.860 0.000 11.699 41.698 53.697 32.696 38.693 61.689 38.683 20.675 44.666 67.655 101.644 67.632 47.619 95.607 85.594 60.581 29.569 15.557 86.545 54.534 26.522 16.511
0.000 0.000 0.000 29.285 48.921 48.454 47.958 47.440 46.900 46.332 46.730 46.104 44.377 43.982 41.441 51.771 51.751 39.423 41.058 38.740 22.727 3.725 0.000 0.000 0.000 0.000 0.000 0.000 0.000 0.000 0.000 0.000 14.893 46.894 24.896 22.902 28.907 0.000 0.000 27.900 25.897 31.894 32.891 54.888 50.886 0.000 0.000 14.868 61.866 0.000 0.000 13.706 44.707 47.707 28.707 28.706 74.702 109.695 58.687 26.677 42.665 89.652 49.639 16.625 82.611 69.597 27.584 19.571 12.558 93.546 57.534 29.522 30.510
0.000 0.000 29.773 47.141 50.644 49.155 48.655 48.139 47.604 48.043 46.468 45.801 45.494 42.959 52.080 51.864 40.869 41.714 40.758 31.168 11.944 0.000 0.000 0.000 0.000 0.000 0.000 0.000 0.000 0.000 0.000 0.000 0.000 0.000 0.000 27.907 24.913 23.916 25.914 27.907 23.902 31.898 33.894 45.890 41.885 3.880 22.875 55.871 6.868 0.000 0.000 13.713 40.715 46.718 32.721 17.721 19.717 44.710 31.701 13.689 31.676 86.661 42.646 8.631 79.615 64.600 22.586 18.572 14.559 92.546 57.534 29.522 20.509
0.000 28.955 42.405 51.863 50.359 49.866 49.369 48.859 49.330 48.792 47.166 46.910 44.379 52.880 52.427 42.428 43.452 41.350 28.595 0.000 0.000 0.000 0.000 0.000 0.000 0.000 0.000 0.000 0.000 0.000 0.000 0.000 0.000 0.000 0.000 0.000 31.922 41.922 52.919 40.913 29.906 33.902 30.898 35.893 28.886 47.880 65.875 53.871 0.000 0.000 0.000 12.718 38.724 43.730 49.738 47.739 35.736 25.728 38.717 70.704 89.688 110.671 90.654 73.636 107.620 100.603 82.588 42.574 15.560 90.547 62.534 34.522 21.510
25.950 37.504 52.031 51.546 51.064 50.583 50.095 50.593 50.087 48.494 48.276 45.759 53.985 53.408 43.908 45.096 46.065 24.283 0.000 0.000 0.000 0.000 0.000 0.000 0.000 0.000 0.000 0.000 0.000 0.000 0.000 0.000 0.000 0.000 0.000 0.000 29.932 33.931 51.927 10.920 0.000 40.907 31.904 34.897 30.887 18.878 37.873 52.869 39.867 0.000 0.000 0.000 3.732 46.741 48.760 41.764 29.759 38.750 89.737 80.721 61.703 62.683 63.662 63.642 63.623 64.606 66.590 37.575 17.561 89.547 65.534 28.523 22.514
29.397 53.080 52.669 52.225 51.769 51.306 50.831 50.355 49.795 49.609 47.111 55.214 54.590 45.281 46.549 45.594 41.153 0.763 0.000 0.000 0.000 0.000 0.000 0.000 0.000 0.000 0.000 0.000 0.000 0.000 0.000 0.000 0.000 0.000 0.000 0.000 30.943 41.942 25.940 0.000 0.000 37.917 34.912 1.905 0.000 22.872 36.869 51.867 48.865 17.864 0.000 0.000 0.000 0.000 15.800 30.796 14.788 75.775 76.759 25.741 31.719 73.694 44.670 16.647 62.626 52.607 32.591 30.576 21.562 89.548 60.534 17.521 18.510
47.160 54.749 53.339 52.916 52.482 53.036 51.592 51.066 50.918 48.443 56.489 55.847 45.563 47.864 46.908 47.340 16.738 0.000 0.000 0.000 0.000 0.000 0.000 0.000 0.000 0.000 0.000 0.000 0.000 0.000 0.000 0.000 0.000 0.000 0.000 0.000 50.957 48.954 52.950 49.948 45.941 45.930 39.925 0.000 0.000 22.870 35.866 53.863 60.862 23.863 0.000 0.000 0.000 0.000 9.843 22.834 42.821 89.804 52.785 12.764 80.738 81.707 30.677 17.650 38.626 94.607 53.591 21.576 21.562 84.548 102.532 89.516 94.497
56.809 54.417 54.023 53.619 53.202 54.789 52.298 52.193 49.754 57.782 57.132 40.783 45.043 49.146 45.657 22.989 0.000 0.000 0.000 0.000 0.000 0.000 0.000 0.000 0.000 0.000 0.000 0.000 0.000 0.000 0.000 0.000 0.000 0.000 0.000 49.985 48.974 49.966 51.959 50.953 48.946 49.938 42.933 0.000 0.000 23.871 35.864 58.856 31.859 0.000 0.000 0.000 0.000 7.925 37.896 16.876 81.857 75.836 19.814 75.791 88.763 37.717 25.682 28.651 23.622 54.604 93.589 50.576 13.564 84.550 87.532 61.513 3.491
47.443 54.089 54.717 54.330 53.944 53.481 53.417 51.014 59.041 58.434 23.942 29.165 32.104 50.802 34.453 0.000 0.000 0.000 0.000 0.000 0.000 0.000 0.000 40.150 29.149 0.000 0.000 0.000 0.000 0.000 0.000 0.000 0.000 0.000 0.000 26.996 20.987 23.977 27.968 22.960 21.952 20.944 22.936 26.926 20.910 13.881 28.861 7.840 0.000 0.000 0.000 0.000 0.000 9.955 32.939 23.918 24.894 24.869 16.845 37.824 38.808 0.000 0.000 0.000 29.609 22.597 44.586 37.576 19.567 52.558 0.544 0.000 0.000
26.113 41.779 54.423 57.063 54.621 54.585 52.187 60.080 59.601 32.894 0.000 42.462 0.000 54.381 22.918 0.000 0.000 0.000 0.000 0.000 0.000 0.000 0.000 47.151 41.149 0.000 0.000 0.000 0.000 0.000 0.000 0.000 0.000 13.102 0.000 28.017 24.002 23.988 23.976 23.967 23.958 23.949 23.941 25.933 3.923 0.000 0.000 29.802 0.000 0.000 0.000 0.000 11.001 42.001 29.988 28.964 20.933 21.902 21.874 19.850 33.836 0.000 0.000 0.000 0.598 25.590 20.581 33.575 32.571 0.000 0.000 0.000 0.000
17.827 25.490 48.152 52.745 55.721 53.278 60.785 60.473 39.713 15.528 0.000 59.073 56.982 43.434 0.000 0.000 0.000 0.000 0.000 0.000 0.000 0.000 50.165 56.154 27.146 0.000 0.000 0.000 0.000 0.000 0.000 0.000 0.000 30.102 28.087 25.053 24.017 20.996 24.983 24.973 24.964 24.955 24.947 27.941 0.932 0.000 0.000 27.764 27.750 0.000 0.000 0.000 0.000 29.061 22.047 21.018 19.972 19.932 19.900 19.867 20.851 29.851 0.000 0.000 0.000 0.000 26.575 29.573 27.571 0.000 0.000 0.000 22.431
21.562 32.214 36.855 34.772 46.347 61.132 61.005 44.635 23.414 16.926 0.000 38.751 51.440 24.937 0.000 0.000 0.000 0.000 38.264 44.257 36.241 34.208 43.176 36.155 26.136 0.000 0.000 0.000 0.000 0.000 0.000 0.000 0.000 28.117 25.107 24.091 0.000 0.000 29.986 23.979 23.969 23.960 23.952 24.948 0.000 0.000 0.000 28.740 27.737 0.000 0.000 0.000 26.136 22.136 22.122 22.088 21.005 20.954 24.927 0.000 0.000 0.000 0.000 0.000 0.000 0.000 26.572 21.571 21.570 22.569 0.000 0.000 24.430
33.260 46.918 22.652 21.539 61.172 61.174 47.568 34.313 30.668 35.520 0.000 5.742 41.091 0.000 0.000 0.000 0.000 34.280 38.272 40.265 38.258 0.000 0.000 0.000 38.106 22.077 0.000 0.000 0.000 0.000 0.000 0.000 0.000 38.144 35.130 10.115 0.000 0.000 42.998 28.987 24.975 23.962 27.954 4.950 0.000 3.705 41.708 22.719 26.721 0.000 0.000 0.000 0.000 27.225 22.218 26.208 0.000 0.000 0.000 0.000 0.000 0.000 0.000 0.000 0.000 0.000 26.569 21.569 21.568 26.568 0.000 0.000 0.000
53.925 42.528 22.608 18.126 61.110 22.552 28.295 30.545 34.241 52.849 62.334 50.384 0.000 0.000 0.000 0.000 32.297 26.289 32.281 47.273 46.267 0.000 0.000 0.000 0.000 39.048 0.000 0.000 0.000 24.300 0.000 0.000 40.218 39.185 45.156 38.123 3.088 57.055 54.020 51.999 49.980 41.962 22.950 9.950 0.000 17.701 70.702 24.706 25.709 0.000 0.000 0.000 0.000 32.321 18.319 23.317 0.000 0.000 0.000 0.000 0.000 0.000 0.000 0.000 0.000 22.566 24.567 26.567 20.568 25.568 0.000 0.000 0.000
62.473 49.585 31.900 60.585 18.515 20.321 19.510 19.173 28.762 56.323 51.768 23.076 0.000 0.000 31.337 0.000 39.304 31.298 42.289 37.278 16.273 0.000 0.000 0.000 0.000 43.019 19.010 0.000 0.000 20.300 28.301 32.286 34.252 36.221 26.188 23.132 31.087 31.056 51.030 34.007 27.984 25.957 5.934 0.000 0.000 12.698 80.691 36.695 2.699 0.000 0.000 0.000 0.000 45.419 18.420 25.424 0.000 0.000 0.000 0.000 0.000 0.000 0.000 0.000 1.566 24.566 39.566 37.566 30.567 0.000 0.000 0.000 0.000
60.494 58.744 60.028 37.380 25.309 21.474 21.131 19.727 26.336 41.909 37.338 0.000 0.000 0.000 34.338 55.332 50.320 51.309 33.299 0.000 0.000 0.000 0.000 0.000 33.991 24.999 17.001 0.000 0.000 0.000 32.317 36.304 36.282 36.260 20.243 0.000 27.070 28.054 52.036 38.017 31.992 17.948 24.895 39.828 59.763 48.702 72.670 37.685 1.692 0.000 0.000 0.000 0.000 43.517 19.520 20.534 25.582 0.000 0.000 0.000 0.000 0.000 0.000 0.000 0.000 0.000 43.566 40.566 0.000 0.000 0.000 0.000 0.000
58.539 59.928 59.181 58.218 40.384 20.054 20.659 21.293 19.941 22.639 0.000 0.000 0.000 0.000 50.343 40.340 38.333 34.321 0.000 0.000 0.000 0.000 0.000 34.982 25.984 21.986 4.993 0.000 0.000 0.000 32.347 40.333 49.313 48.293 50.281 38.287 0.000 0.000 55.043 39.033 13.021 0.000 27.870 37.827 64.761 26.675 10.602 0.000 0.000 0.000 0.000 0.000 0.000 34.612 21.607 22.613 25.630 0.000 0.000 0.000 0.000 0.000 0.000 0.000 0.000 0.000 0.564 1.565 0.000 0.000 0.000 0.000 0.000
59.926 58.916 61.045 61.226 44.917 21.536 24.184 23.842 21.497 22.068 0.000 30.364 0.000 0.000 44.353 44.352 51.350 0.000 0.000 9.149 0.000 0.000 0.000 29.981 23.975 17.969 0.000 0.000 0.000 0.000 30.390 31.368 33.343 32.319 30.301 22.293 0.000 0.000 57.060 43.050 28.038 0.000 26.888 37.848 61.777 17.638 13.461 0.000 0.000 0.000 0.000 0.000 0.000 41.711 20.686 22.679 22.696 23.739 27.758 0.000 0.000 0.000 0.000 0.000 0.000 0.000 0.000 0.000 0.000 0.000 0.000 0.000 0.000
59.586 61.797 61.002 61.717 35.354 26.018 45.696 39.394 21.136 0.000 0.000 27.364 42.365 47.365 33.363 54.366 46.366 0.000 0.000 23.149 54.150 6.139 0.000 30.986 24.967 21.947 0.000 0.000 38.581 34.532 30.455 32.408 37.371 37.339 35.313 46.291 38.270 0.000 57.088 49.069 49.044 41.006 21.946 39.902 47.862 0.000 16.144 0.000 0.000 0.000 0.000 0.000 6.929 45.835 17.747 19.721 20.737 21.763 26.777 0.000 0.000 0.000 0.000 0.000 0.000 0.000 0.000 0.000 0.000 0.000 0.000 0.000 0.000
