results2_8e3_rain/res_3e8f-0029.wd
ncols         241
nrows         181
xllcorner     12693529.787448
yllcorner     3542525.717860
cellsize      155.156523
NODATA_value  -9999.000000
[rows 132 to 164 of 181, columns 0 to 74 of 241]
62.134 67.135 71.137 71.140 73.145 73.150 67.157 58.164 44.173 33.184 32.195 33.209 32.224 31.241 36.259 50.280 61.304 66.329 66.358 63.389 55.423 46.460 37.501 31.547 36.592 38.651 37.703 38.752 36.782 31.805 45.825 68.842 35.857 0.000 0.000 0.000 0.000 28.348 40.352 37.365 39.378 45.392 63.405 49.415 33.422 32.426 32.428 44.429 65.428 6.426 0.000 0.000 0.000 0.000 0.000 0.000 0.000 0.000 0.000 0.000 0.000 0.000 0.000 0.000 0.000 0.000 0.639 41.507 64.389 68.292 68.181 78.262 105.723 96.063 96.007
40.166 42.167 45.169 51.172 61.177 67.182 72.189 72.197 65.206 51.216 40.228 34.241 38.256 45.274 58.293 73.314 72.338 69.363 69.391 72.422 72.455 68.491 56.529 44.571 36.614 31.661 32.705 31.746 32.778 40.803 62.823 70.836 0.000 0.000 0.000 0.000 0.000 14.345 32.344 41.355 42.374 39.394 40.415 50.428 45.436 38.439 42.440 50.439 63.437 4.431 0.000 0.000 0.000 0.000 0.000 0.000 0.000 0.000 0.000 0.000 0.000 0.000 0.000 0.000 0.000 0.000 48.729 70.614 66.485 75.451 66.509 105.862 94.614 96.114 101.350
32.198 32.199 32.201 34.204 39.209 43.214 50.221 59.229 67.238 70.248 64.260 62.273 64.288 67.306 66.325 59.347 50.371 48.396 48.424 53.454 59.485 66.519 69.556 68.594 57.633 47.674 42.713 40.750 49.781 65.808 66.830 52.844 0.000 0.000 0.000 0.000 0.000 0.000 15.325 42.337 21.370 9.399 24.434 39.448 54.454 58.456 60.455 61.453 57.451 0.000 0.000 0.000 0.000 0.000 0.000 0.000 0.000 0.000 0.000 0.000 0.000 0.000 33.242 3.198 69.121 91.015 123.829 79.773 74.809 55.754 91.809 96.297 96.188 104.929 94.438
33.230 33.231 33.233 33.236 32.241 31.246 33.253 38.261 44.270 54.280 64.291 66.304 59.320 49.337 43.357 35.379 31.403 31.428 31.456 33.485 38.515 44.547 51.581 63.616 68.653 70.689 69.725 65.759 68.791 61.819 43.845 35.869 14.895 0.000 0.000 0.000 0.000 0.000 8.296 41.300 0.000 0.000 17.474 42.477 61.478 69.476 55.472 58.467 44.464 2.466 0.000 0.000 0.000 0.000 0.000 0.000 0.000 0.000 0.000 0.000 0.000 20.317 39.285 112.234 141.156 124.018 107.547 106.471 98.128 96.772 96.624 96.467 61.695 106.602 98.187
33.262 33.263 33.265 33.269 33.273 33.279 33.285 32.293 32.302 35.311 41.322 40.335 36.350 32.367 32.387 32.410 33.435 33.460 33.487 33.515 32.544 31.575 33.607 39.639 46.673 55.707 63.741 59.773 48.804 36.834 32.863 37.892 45.922 21.955 0.001 0.007 0.000 0.000 23.263 44.270 0.000 0.000 36.512 68.510 70.506 49.500 52.491 51.481 39.474 28.470 0.000 0.000 0.000 0.000 0.000 0.000 0.000 0.000 0.000 0.000 0.000 1.392 64.347 70.271 66.253 67.400 65.362 97.166 97.042 96.912 64.083 66.850 68.711 70.368 20.330
33.294 33.295 33.297 33.301 33.306 33.311 33.318 33.326 33.334 33.343 32.353 32.364 32.378 33.396 33.417 33.441 33.466 33.492 33.519 33.546 33.574 33.602 33.632 32.663 31.694 32.726 36.758 34.789 33.821 37.851 40.882 39.914 37.949 39.988 40.042 37.086 37.125 41.166 16.225 2.247 0.000 9.570 54.553 68.545 48.537 41.527 40.514 20.492 16.482 0.000 0.000 0.000 0.000 0.000 0.000 0.000 0.000 11.982 26.964 0.000 10.644 73.532 80.495 78.558 76.536 77.609 97.398 97.284 78.368 85.147 77.988 83.749 75.580 54.511 0.000
33.326 33.327 33.330 33.333 33.338 33.344 33.351 33.358 33.366 33.375 33.383 33.393 33.404 33.421 33.445 33.472 33.498 33.524 33.550 32.577 39.603 41.630 33.658 32.687 31.716 32.746 34.777 37.807 40.838 39.870 34.902 35.935 42.971 46.010 42.053 36.092 33.125 42.149 0.000 0.000 0.000 49.587 58.587 45.582 37.572 57.559 3.546 0.000 0.000 0.000 0.000 0.000 0.000 0.000 0.000 0.000 22.044 64.001 92.948 53.852 86.688 94.832 91.781 90.864 97.717 97.615 97.508 90.475 92.338 92.027 90.877 89.798 7.703 0.000 0.000
33.358 33.359 33.362 33.366 33.371 33.377 33.384 33.392 33.400 33.407 36.414 36.420 34.427 38.440 36.473 33.503 33.532 33.558 32.584 30.608 41.633 49.659 35.685 32.711 34.739 37.767 39.796 38.826 35.857 37.888 42.921 44.955 45.991 46.029 41.068 35.105 44.136 63.156 0.000 0.000 0.000 23.607 46.627 43.624 47.610 67.594 1.569 0.000 0.000 0.000 0.000 0.000 0.000 0.000 0.000 20.139 72.089 88.029 90.948 95.924 93.063 90.044 98.000 97.910 97.816 89.820 90.593 91.452 91.122 91.085 84.007 60.903 0.000 0.000 0.000
33.390 33.391 33.394 33.398 33.404 33.411 33.419 33.427 33.435 34.441 41.446 41.448 18.446 0.000 7.504 37.537 31.569 34.595 40.618 43.641 43.664 39.687 35.711 36.736 39.762 38.789 37.817 39.846 43.876 43.907 45.940 44.975 36.011 31.048 33.087 46.124 65.159 75.185 0.000 0.000 0.000 0.000 54.693 56.678 63.652 62.634 0.000 0.000 0.000 0.000 0.000 0.000 0.000 0.000 24.246 68.196 90.112 93.120 92.196 92.186 91.266 98.173 98.087 90.056 90.844 91.691 91.468 91.313 91.260 83.186 75.139 0.000 0.000 0.000 0.000
33.422 33.423 33.426 33.430 33.437 33.445 33.454 33.463 33.472 35.479 44.483 55.481 31.463 0.000 0.000 22.574 48.612 40.635 38.655 38.675 36.695 35.716 37.738 39.761 37.785 33.810 35.837 47.865 49.895 39.926 33.959 30.994 31.030 36.068 50.107 66.149 63.192 47.242 19.307 0.000 0.000 25.783 54.774 36.745 27.685 19.659 0.000 0.000 0.000 0.000 0.000 0.000 0.000 17.358 68.301 90.206 92.391 91.378 91.480 98.419 98.339 98.257 90.137 92.003 91.706 91.569 91.504 91.421 85.337 72.266 62.225 0.000 0.000 0.000 0.000
33.454 33.455 33.457 33.462 33.469 33.479 33.490 33.501 33.511 35.520 45.528 32.531 0.000 0.000 0.000 0.000 44.671 36.680 38.694 37.710 35.727 38.746 39.766 36.787 33.809 29.832 39.857 53.884 40.913 30.944 31.977 37.012 47.049 58.087 69.127 62.171 40.221 35.284 54.374 61.523 62.666 66.794 41.874 2.846 0.000 0.000 0.000 0.000 0.000 0.000 0.000 0.000 22.464 68.393 90.398 92.574 91.593 98.643 98.571 98.497 90.436 91.220 92.093 91.781 91.755 91.685 91.600 92.498 80.410 51.315 40.270 0.000 0.000 0.000 0.000
32.487 32.486 33.487 33.491 33.501 33.514 33.528 33.541 33.553 36.565 46.577 17.587 0.000 0.000 14.744 16.740 33.721 35.722 23.731 5.744 43.759 38.776 34.793 33.812 31.832 33.853 49.876 52.902 34.930 37.961 49.995 59.031 68.067 66.105 54.145 40.189 33.239 49.299 53.383 41.529 22.682 20.853 9.085 0.500 0.000 0.000 0.000 11.352 6.352 0.000 0.000 16.551 68.566 91.660 92.677 90.783 98.783 98.714 90.630 91.426 92.287 92.083 91.949 91.914 91.851 91.790 94.711 58.565 38.487 0.000 0.000 0.000 0.000 0.000 0.000
41.521 39.518 36.513 34.516 31.529 31.550 31.568 31.583 30.596 35.611 47.628 30.654 11.704 19.734 37.750 33.755 30.754 36.758 31.766 18.777 38.791 32.805 31.821 31.838 33.855 47.874 55.894 21.918 13.945 63.977 69.013 64.049 53.085 43.122 35.161 31.202 42.246 54.292 22.333 0.000 0.000 0.000 1.294 1.319 0.000 0.272 3.332 31.353 15.352 0.000 0.000 48.800 90.839 89.961 98.987 98.920 98.852 90.686 92.555 92.271 92.152 92.110 94.054 88.992 90.951 91.916 102.888 0.000 0.000 0.000 0.000 0.000 0.000 0.000 0.000
42.560 44.554 50.533 51.533 51.551 48.591 49.612 48.627 47.640 47.655 49.673 32.696 36.726 35.750 32.767 35.776 35.783 34.790 39.799 41.810 35.822 29.835 31.849 33.864 47.878 52.894 41.911 35.931 44.957 67.992 51.031 42.068 34.104 32.139 34.175 33.213 47.253 56.293 20.323 0.000 0.000 0.247 3.248 1.292 3.906 10.166 12.314 5.374 0.000 0.000 27.003 69.060 99.178 99.116 99.053 90.950 91.739 92.619 92.318 92.303 93.248 93.190 66.134 44.058 79.046 93.033 98.037 38.093 0.000 0.000 0.000 0.000 0.000 0.000 0.000
35.606 29.605 0.000 0.000 0.000 40.653 37.662 37.673 37.684 41.698 50.714 31.734 32.755 31.775 34.791 38.803 39.813 37.822 36.832 39.842 40.853 37.865 31.878 48.890 54.902 45.914 51.925 68.940 65.962 48.002 36.052 32.091 34.124 34.156 33.188 38.223 54.262 56.304 48.346 51.382 22.397 0.015 0.000 0.000 9.164 16.276 6.384 3.456 0.000 22.056 70.184 99.298 99.239 91.123 91.914 92.781 92.585 92.461 92.434 93.376 91.323 85.269 10.236 0.000 61.143 96.134 93.135 92.149 0.000 0.000 0.000 0.000 0.000 0.000 0.000
33.654 25.656 0.000 0.000 0.000 36.708 32.712 32.719 32.728 36.739 50.753 28.770 32.788 36.805 38.820 39.833 36.844 33.854 31.864 33.875 43.886 56.897 51.908 52.919 29.928 23.934 75.937 61.943 28.952 0.000 9.086 37.121 34.148 34.173 36.199 29.230 13.269 3.316 15.376 55.405 31.413 0.089 0.131 0.000 5.311 10.389 4.491 9.606 9.937 48.197 99.389 90.340 94.062 92.946 92.751 92.632 92.597 92.551 93.499 93.451 58.400 34.325 20.307 23.302 74.249 95.226 91.219 82.219 0.212 0.000 0.000 0.000 0.000 0.000 0.000
33.702 33.710 16.734 0.000 0.000 37.759 33.761 33.765 32.770 33.779 48.790 35.805 38.822 40.839 39.854 34.866 31.878 32.888 32.898 31.908 41.918 64.929 60.940 47.949 40.957 31.960 7.948 0.000 0.000 0.000 0.000 39.161 34.174 36.192 19.206 0.000 0.000 0.000 17.438 34.452 3.432 0.000 0.210 5.374 12.380 8.478 2.580 0.000 1.496 47.643 99.501 93.230 92.971 92.785 92.759 92.712 92.661 92.613 90.569 81.529 14.500 0.000 31.363 90.351 95.324 93.304 87.294 77.291 0.000 0.000 0.000 0.000 0.000 0.000 0.000
30.743 32.749 29.760 0.000 0.000 37.809 32.808 30.809 32.812 36.817 40.825 39.840 39.858 37.875 31.890 32.902 32.913 33.923 33.933 38.942 56.952 55.962 48.973 57.984 55.994 27.001 0.000 0.000 0.000 0.000 0.000 39.188 34.198 37.214 8.229 0.000 4.415 30.447 50.487 19.534 0.000 0.000 0.000 0.000 4.357 4.565 4.820 1.497 1.842 99.815 99.660 92.153 92.974 92.864 92.819 92.769 92.721 94.675 79.633 62.597 22.572 0.000 46.433 76.414 85.392 94.373 83.363 72.360 0.000 0.000 0.000 0.000 0.000 0.000 0.000
37.778 35.786 24.797 0.000 23.881 31.862 33.856 37.853 38.852 39.852 37.856 38.872 36.896 32.915 32.930 33.941 33.951 32.960 34.969 57.978 56.987 38.997 52.008 50.020 54.033 52.051 15.083 0.000 0.000 10.197 15.203 35.206 34.218 34.238 29.268 21.324 38.384 37.440 31.530 53.665 1.867 0.000 0.000 0.000 3.124 1.636 3.071 27.487 51.951 99.936 94.528 94.226 93.955 92.928 92.876 92.827 93.779 91.734 46.691 23.653 35.620 36.589 90.521 92.483 72.455 82.435 77.424 50.425 15.448 0.000 0.000 0.000 0.000 0.000 0.000
38.807 39.820 36.847 24.889 38.902 38.902 38.901 39.898 39.892 40.883 52.878 34.896 32.940 32.961 33.973 33.983 33.991 34.999 49.006 60.014 35.022 39.032 66.042 58.055 46.070 49.089 52.116 36.151 41.175 56.194 49.205 37.217 30.232 30.254 41.282 57.320 44.360 16.399 0.000 43.845 33.025 0.940 5.147 10.345 6.566 0.000 1.261 42.609 94.900 100.027 91.502 94.122 95.036 92.984 92.933 92.884 85.836 75.790 32.746 3.705 12.666 13.626 74.579 116.541 97.511 73.488 65.474 44.469 53.472 6.472 0.000 0.000 0.000 17.422 59.422
43.824 43.842 39.883 39.919 39.938 40.945 40.948 36.947 33.938 32.910 0.000 0.000 37.009 34.015 34.022 34.028 33.033 36.038 60.044 46.050 31.057 37.066 54.077 71.089 66.103 63.120 61.141 57.164 53.182 52.198 60.210 57.224 51.241 47.264 50.289 54.315 16.336 0.000 0.000 0.000 0.000 0.000 6.220 16.322 12.444 3.444 0.000 41.787 100.206 100.117 94.406 96.216 93.089 93.042 93.989 89.939 73.890 66.843 72.798 78.755 62.713 84.671 99.629 116.591 125.559 109.533 71.514 76.504 51.500 0.000 0.000 0.000 0.000 0.000 8.423
0.000 0.000 43.925 38.968 38.986 33.994 31.000 33.004 28.004 0.000 0.000 0.000 38.072 34.071 34.072 34.074 34.076 52.079 59.082 32.087 34.092 34.100 37.111 43.122 45.135 45.150 41.165 44.181 60.195 53.206 44.214 47.228 54.247 58.273 61.295 58.317 33.336 0.000 0.000 0.000 0.000 0.000 1.127 10.278 0.000 0.000 11.739 71.960 100.294 91.792 95.464 95.188 93.154 93.097 94.044 88.993 75.943 41.895 48.848 91.803 102.759 134.716 125.675 97.635 85.600 102.571 81.548 75.532 50.524 0.000 0.000 0.000 0.000 0.000 13.423
0.000 0.000 0.000 48.042 33.045 31.046 33.056 33.065 34.073 0.000 0.000 27.166 35.137 34.126 34.122 34.121 36.121 60.121 45.121 31.123 34.126 34.134 34.144 33.156 33.167 33.179 32.190 39.201 68.211 47.217 0.000 0.000 0.000 49.288 59.302 43.323 48.355 35.426 0.474 0.719 0.000 0.000 7.445 0.160 0.000 0.000 29.918 100.475 100.384 94.666 96.371 92.263 93.207 93.151 93.097 93.045 79.994 42.945 57.897 94.851 90.806 124.761 119.718 88.676 93.637 79.603 60.574 78.552 56.540 0.000 0.000 0.000 0.000 0.000 12.424
32.266 28.264 0.000 40.115 50.108 51.089 32.114 44.130 51.150 27.193 25.208 35.197 34.184 34.176 34.171 34.168 53.166 57.163 32.160 34.158 33.158 32.164 34.178 34.190 34.200 34.209 33.217 41.225 70.232 51.236 0.000 0.000 21.287 46.291 59.302 38.321 28.337 0.000 0.000 0.960 0.847 9.301 13.373 0.000 0.000 8.913 71.116 100.567 91.967 95.632 95.360 93.320 93.260 93.203 93.149 94.096 85.044 73.994 96.946 121.898 109.851 126.805 123.759 117.714 124.670 90.629 67.592 77.564 85.544 14.531 0.000 0.000 0.000 0.000 13.425
34.270 33.262 28.240 34.197 33.183 0.000 55.184 47.191 34.204 35.223 35.233 34.233 34.228 34.223 34.219 37.216 60.212 43.207 33.200 34.191 40.185 48.188 34.216 32.228 34.236 33.241 36.246 60.250 68.255 43.261 31.275 19.280 41.284 40.287 1.294 0.000 0.000 0.000 0.000 0.000 0.000 0.000 0.000 0.000 12.141 69.186 91.291 100.658 92.918 93.526 93.430 93.370 93.311 93.254 93.199 94.145 85.093 68.042 63.993 96.944 86.896 100.848 103.800 91.751 93.701 65.650 42.604 56.567 123.540 76.519 11.494 1.469 23.446 44.434 81.427
34.283 34.276 34.263 34.249 34.247 28.264 44.247 60.247 36.254 33.264 34.271 34.273 34.272 34.270 33.268 56.265 58.261 32.254 34.242 35.223 32.204 0.000 53.270 48.273 35.274 33.275 51.276 70.277 54.278 34.281 34.284 35.283 38.283 42.283 0.000 0.000 0.000 0.000 0.000 0.000 0.000 0.000 0.000 0.000 35.359 92.412 100.844 100.750 92.815 93.608 93.475 93.420 93.360 93.303 93.247 92.194 77.141 79.090 99.039 117.990 116.941 121.892 126.842 113.790 111.733 98.666 47.605 45.562 121.531 85.509 23.490 16.466 81.441 114.430 133.425
34.305 34.296 34.290 34.290 34.293 34.298 34.296 45.297 60.302 36.309 33.314 34.318 34.319 32.320 40.319 61.317 41.314 33.308 35.293 33.258 0.000 0.000 41.323 42.319 48.315 47.311 55.307 54.304 35.302 33.301 35.298 38.287 43.283 43.281 0.000 0.000 0.000 0.000 0.000 0.000 0.000 0.000 0.000 0.000 43.828 97.712 100.938 92.206 93.852 93.571 93.530 93.466 93.407 93.350 93.295 93.241 79.188 75.136 96.085 97.035 96.985 99.936 99.887 98.835 103.774 76.677 52.590 67.544 82.514 21.496 0.000 0.000 25.422 51.419 73.418
34.336 36.314 36.311 34.330 34.337 34.341 34.343 34.345 45.350 60.356 36.361 31.366 31.369 48.371 60.372 54.372 31.372 34.370 30.367 0.000 0.000 27.412 34.382 34.367 40.356 57.347 57.339 50.332 43.327 35.323 22.320 0.000 57.280 37.279 0.000 0.000 0.000 0.000 0.000 0.000 0.000 0.000 0.000 0.000 17.736 101.131 101.033 93.062 93.750 93.636 93.574 93.512 93.453 93.396 93.341 94.287 89.234 79.182 74.131 73.080 73.030 72.981 72.933 76.888 50.852 0.000 20.535 76.510 72.485 33.467 0.000 0.000 24.405 70.407 48.409
35.391 0.000 0.000 34.383 33.385 32.388 32.390 31.393 31.398 44.404 59.410 52.416 59.420 61.424 48.427 32.429 39.432 39.435 27.438 0.000 0.000 38.442 34.427 36.411 60.397 67.383 45.370 36.360 43.351 50.345 38.341 0.000 17.278 35.278 0.000 0.000 0.000 0.000 0.000 0.000 0.000 0.000 0.000 0.000 5.160 101.227 98.370 94.006 93.729 93.682 93.616 93.555 93.497 93.440 93.385 93.332 94.280 93.228 91.176 90.125 90.074 91.025 92.978 66.934 8.893 0.000 5.506 61.477 92.448 83.419 56.383 32.374 49.388 52.396 10.402
34.448 33.466 0.000 33.435 44.435 48.435 52.437 57.440 60.445 61.453 61.461 61.468 47.474 34.479 50.483 67.487 68.492 68.500 61.514 39.549 0.000 35.489 33.475 42.456 70.437 57.419 34.401 33.386 35.374 38.365 29.360 0.000 0.000 0.000 0.000 0.000 0.000 0.000 0.000 0.000 0.000 0.000 5.212 6.595 2.646 101.310 102.299 97.888 93.786 93.720 93.657 93.596 93.539 93.483 93.429 93.376 93.325 93.273 93.222 93.169 94.117 97.066 69.020 1.977 0.000 0.000 0.000 6.443 62.410 93.379 84.357 60.353 37.375 6.385 0.000
34.487 36.485 32.504 34.489 49.484 48.484 44.484 40.486 39.490 35.503 56.515 46.524 57.530 48.536 64.541 60.545 53.551 54.560 65.571 71.585 60.588 61.552 53.527 61.503 69.479 42.455 33.432 34.411 34.394 33.383 33.376 35.376 30.375 0.000 39.356 30.355 0.000 0.000 0.000 0.000 0.000 0.000 73.952 71.179 101.410 101.367 96.180 96.955 93.816 93.757 93.694 93.635 93.578 93.524 93.471 93.420 93.370 93.319 93.268 95.214 100.158 69.101 9.061 0.000 0.000 0.000 0.000 0.000 3.371 54.331 89.312 39.305 0.000 0.000 0.000
36.530 0.000 31.538 34.533 34.531 34.531 33.532 34.532 36.526 34.557 46.572 41.582 50.589 61.595 49.599 34.603 35.609 36.618 37.628 42.633 55.628 65.605 71.579 69.551 58.522 34.491 34.460 34.433 34.411 34.396 35.386 58.379 31.375 0.000 35.358 0.000 0.000 0.000 0.000 0.000 0.000 5.564 93.837 96.070 101.440 94.560 94.185 93.901 93.856 93.790 93.729 93.671 93.616 93.563 93.513 93.463 93.415 93.367 95.317 80.262 34.200 1.153 0.000 0.000 0.000 0.000 0.000 0.000 0.000 25.264 87.255 39.249 0.000 0.000 0.000
37.575 0.000 31.578 34.577 34.577 34.579 34.582 35.585 0.000 33.628 37.635 48.644 48.651 56.656 61.659 47.661 32.666 32.676 32.689 34.694 36.685 37.663 38.634 38.602 37.567 36.530 32.486 32.451 33.423 34.405 45.393 59.381 30.372 24.366 26.362 0.000 0.000 0.000 0.000 0.000 0.000 9.578 92.718 101.483 101.460 93.384 94.065 93.947 93.883 93.820 93.761 93.705 93.652 93.601 93.552 93.505 93.460 93.416 98.371 54.316 0.000 0.000 0.000 0.000 0.000 0.000 0.000 0.000 0.000 28.205 88.197 47.188 0.000 0.000 0.000
