results2_8e3_rain/res_3e8f-0143.wd
ncols         241
nrows         181
xllcorner     12693529.787448
yllcorner     3542525.717860
cellsize      155.156523
NODATA_value  -9999.000000
[rows 33 to 65 of 181, columns 73 to 145 of 241]
0.000 0.000 0.000 0.000 0.000 0.000 0.000 0.000 0.000 0.000 0.000 0.000 0.000 0.000 0.000 0.000 0.000 0.000 0.000 0.000 0.000 0.000 0.000 0.000 0.000 0.000 0.000 0.000 0.000 0.000 0.000 0.000 0.000 0.000 0.000 0.000 0.000 0.000 0.000 38.683 61.685 66.686 22.689 0.000 0.000 31.767 45.796 12.775 3.777 35.799 38.815 32.814 33.796 34.762 34.711 34.641 34.553 33.441 39.293 59.063 5.594 13.740 11.040 46.221 62.688 67.216 65.776 66.379 64.919 67.009 62.068 61.671 61.662
0.000 0.000 0.000 0.000 0.000 0.000 0.000 0.000 0.000 0.000 0.000 0.000 0.000 0.000 0.000 0.000 0.000 0.000 0.000 0.000 0.000 0.000 0.000 0.000 0.000 0.000 0.000 0.000 0.000 0.000 0.000 0.000 0.000 0.000 0.000 0.000 0.000 0.000 0.000 0.000 13.685 8.686 0.000 0.000 0.000 0.000 27.887 0.000 0.000 25.840 49.881 48.886 38.870 34.835 34.781 34.706 34.611 33.497 55.368 53.215 0.000 36.585 49.160 62.599 67.086 66.611 66.184 65.694 66.757 62.779 62.068 62.322 64.627
0.000 0.000 0.000 0.000 0.000 0.000 0.000 0.000 0.000 0.000 0.000 0.000 0.000 0.000 0.000 0.000 0.000 0.000 34.286 66.286 19.286 0.000 0.000 0.000 0.000 0.000 0.000 0.000 0.000 0.000 0.000 0.000 0.000 0.000 0.000 0.000 0.000 0.000 0.000 0.000 0.000 0.000 0.000 0.000 0.000 0.000 19.978 0.000 0.000 0.000 27.984 45.979 45.962 36.928 34.871 34.790 32.687 48.569 57.466 0.000 22.239 46.854 61.417 67.928 67.442 66.991 66.474 68.509 64.498 62.593 62.991 65.318 64.566
0.000 0.000 0.000 0.000 0.000 0.000 0.000 0.000 0.000 0.000 0.000 21.287 59.287 0.000 0.000 0.000 0.000 0.000 41.286 92.286 48.286 0.000 0.000 0.000 0.000 0.000 0.000 0.000 0.000 0.000 0.000 0.000 0.000 0.000 0.000 0.000 0.000 0.000 0.000 0.000 0.000 0.000 0.000 0.000 0.000 0.000 23.069 24.111 31.129 17.128 27.092 35.083 48.073 39.044 34.987 31.897 42.776 52.628 41.460 17.140 46.624 64.177 68.725 68.252 67.793 67.256 67.264 66.227 63.230 63.675 66.015 65.269 65.038
0.000 0.000 0.000 0.000 0.000 0.000 0.000 0.000 0.000 0.000 0.000 42.287 77.287 66.287 53.287 8.287 2.287 26.287 80.286 88.286 53.286 0.000 0.000 0.000 0.000 22.147 1.147 0.000 0.000 0.000 0.000 0.000 0.000 0.000 0.000 0.000 0.000 6.152 0.000 0.000 0.000 10.153 28.152 0.000 0.000 39.132 54.119 57.133 55.149 41.162 35.172 34.191 48.201 39.187 31.135 45.034 58.893 46.709 34.605 49.337 53.939 66.506 69.048 68.591 68.042 68.025 65.970 63.979 64.380 66.726 65.985 65.756 65.426
0.000 0.000 0.000 0.000 0.000 0.000 0.000 0.000 0.000 0.000 0.000 13.287 75.287 58.288 39.288 1.287 22.287 72.287 83.286 90.286 49.285 0.000 0.000 0.000 0.000 60.147 44.147 0.000 0.000 0.000 0.000 0.000 0.000 0.000 0.000 0.000 23.152 35.152 37.152 0.000 0.000 19.153 44.152 23.151 37.149 60.144 63.143 64.154 61.172 48.200 35.245 32.305 49.353 40.370 44.332 62.212 56.052 0.000 32.914 51.663 64.290 69.856 69.402 68.845 68.801 66.734 64.855 65.109 67.454 66.721 66.496 66.165 65.836
0.000 0.000 0.000 0.000 0.000 0.000 0.000 0.000 0.000 0.000 0.000 0.000 0.000 26.288 64.288 60.288 48.288 61.287 81.287 92.286 45.285 0.000 0.000 0.000 0.000 22.147 46.147 48.147 0.000 0.000 0.000 0.000 0.000 0.000 0.000 0.000 39.152 40.152 52.153 35.153 24.153 38.153 39.153 35.153 42.152 49.152 47.156 40.166 59.186 25.222 41.300 44.434 34.536 46.606 59.612 56.428 0.000 7.901 44.475 61.109 69.704 70.241 69.688 69.613 66.539 65.899 65.871 68.204 67.479 67.260 66.933 66.602 66.249
0.000 0.000 0.000 0.000 0.000 0.000 0.000 0.000 0.000 0.000 0.000 0.000 0.000 16.288 83.288 78.288 68.288 58.288 82.287 90.285 85.283 70.280 25.277 0.000 0.000 0.000 2.147 56.147 40.147 38.148 49.148 44.148 7.148 0.000 0.000 3.152 39.152 38.152 59.153 65.153 54.153 46.154 38.154 35.154 36.155 37.157 36.161 34.169 42.182 3.202 0.000 3.593 39.752 62.908 61.080 0.616 6.653 44.327 57.974 67.608 71.141 70.699 71.472 67.421 67.190 66.685 68.986 68.263 68.046 67.727 67.405 67.055 66.671
0.000 0.000 0.000 0.000 0.000 0.000 0.000 0.000 0.000 0.000 0.000 0.000 0.000 0.000 16.289 55.289 30.289 66.289 85.288 90.286 88.283 86.279 75.275 34.272 0.000 0.000 0.000 12.147 51.147 51.148 64.148 62.148 55.148 50.148 0.000 0.000 6.152 43.152 62.153 69.153 61.153 45.154 34.155 35.156 35.157 35.159 35.163 35.168 39.173 0.000 0.000 0.000 9.972 47.192 16.697 14.053 48.986 53.776 65.506 72.105 71.952 70.187 68.510 68.857 67.586 69.819 69.082 68.856 68.538 68.228 67.901 67.542 67.120
0.000 0.000 0.000 0.000 0.000 0.000 0.000 0.000 0.000 0.000 0.000 0.000 0.000 0.000 0.000 1.290 87.291 87.291 89.290 89.288 88.283 82.277 76.272 47.269 0.000 0.000 0.000 0.000 0.000 19.148 64.148 58.148 73.148 70.149 49.149 28.151 29.152 38.152 60.153 69.153 60.154 43.154 33.155 38.156 37.158 35.160 35.163 35.166 36.168 28.167 0.000 0.000 0.000 0.000 8.464 51.526 54.458 62.310 73.028 73.135 71.493 73.373 71.106 68.635 70.734 69.956 69.697 69.363 69.051 68.741 68.429 68.091 66.659
0.000 0.000 0.000 0.000 0.000 0.000 22.225 45.223 0.000 23.167 63.157 52.145 56.134 31.128 0.000 0.000 23.294 95.294 89.295 86.291 83.284 86.275 77.267 40.263 0.000 0.000 0.000 0.000 0.000 0.000 0.000 8.148 62.148 63.149 14.149 0.000 5.152 42.152 60.153 65.153 55.154 46.154 44.155 6.157 13.159 41.161 35.163 35.165 36.166 42.166 50.166 12.166 0.000 0.000 24.169 57.128 61.024 71.833 74.045 73.676 76.966 75.539 69.991 71.782 70.913 70.588 70.213 69.877 69.558 69.258 68.981 68.736 74.555
0.000 0.000 0.000 0.000 0.000 0.000 22.228 65.220 7.201 57.177 59.159 71.143 54.130 39.122 0.000 0.000 11.296 80.298 92.303 89.298 89.287 90.273 84.260 38.251 0.000 0.000 0.000 0.000 0.000 0.000 0.000 0.000 0.000 47.149 6.149 0.000 1.152 48.153 45.153 57.153 14.153 0.000 0.000 0.000 0.000 7.162 45.163 39.164 2.165 32.166 66.166 49.166 2.166 0.000 28.923 62.765 71.668 74.788 74.544 78.725 77.981 71.360 72.910 71.944 71.532 71.098 70.719 70.369 70.046 69.753 69.501 69.317 74.270
20.502 64.497 54.494 0.000 0.000 0.000 16.239 76.228 52.207 54.182 60.159 84.138 85.121 80.107 34.093 0.000 0.000 0.000 40.322 94.311 89.293 90.270 87.247 46.232 0.000 0.000 0.000 0.000 0.000 0.000 0.000 0.000 0.000 5.149 0.000 0.000 0.000 0.000 0.000 0.000 0.000 0.000 0.000 0.000 0.000 0.000 0.000 20.165 17.165 0.000 0.000 0.000 0.000 18.336 55.752 72.705 74.382 75.314 79.667 79.276 72.395 73.942 72.966 72.496 72.008 71.582 71.192 70.834 70.505 70.207 69.952 69.760 72.677
20.503 76.497 58.490 54.482 0.000 0.000 3.261 68.245 70.216 70.185 82.155 79.131 91.110 90.092 51.080 0.000 0.000 0.000 16.352 96.333 89.302 90.266 87.228 47.197 0.000 0.000 7.777 55.741 67.701 36.674 0.000 0.000 0.000 0.000 0.000 0.000 0.000 0.000 0.000 0.000 0.000 0.000 0.000 0.000 0.000 0.000 0.000 0.000 5.165 0.000 0.000 0.000 16.301 56.808 73.768 74.350 80.578 80.068 73.673 74.231 74.724 73.897 73.419 72.909 72.451 72.026 71.634 71.269 70.931 70.620 70.339 77.094 17.886
84.505 81.497 60.487 61.474 53.457 0.401 58.300 53.277 61.226 74.186 78.147 89.120 90.094 89.072 58.054 0.000 0.000 0.000 15.400 95.366 89.318 90.263 85.202 65.130 49.017 49.913 49.813 57.744 78.688 45.647 0.000 0.000 0.000 0.000 0.000 0.000 0.000 0.000 0.000 0.000 0.000 0.000 0.000 0.000 0.000 0.000 0.000 0.000 0.000 0.000 14.393 45.170 54.677 73.663 75.253 81.923 81.328 74.224 75.939 75.268 74.720 74.256 73.762 73.296 72.854 72.439 72.048 71.679 71.331 71.002 77.690 23.392 0.000
81.509 76.500 74.487 57.470 61.444 61.405 52.357 45.335 0.000 0.000 20.127 79.108 90.076 88.047 73.010 39.960 0.000 2.569 64.484 85.412 90.341 89.267 90.189 80.104 56.007 52.910 51.817 60.736 78.659 61.580 47.471 48.385 52.321 63.282 27.266 0.000 0.000 0.000 0.000 0.000 0.000 0.000 0.000 0.000 0.000 0.000 0.000 0.000 0.000 0.000 25.593 65.433 73.379 76.027 82.803 82.407 74.950 76.615 75.832 75.455 75.008 74.549 74.097 73.655 73.232 72.826 72.439 72.068 71.712 77.366 24.028 0.000 0.000
70.516 22.505 90.493 61.475 55.445 56.415 58.387 58.372 47.377 0.000 0.000 0.098 24.056 95.028 84.981 62.910 54.792 61.655 60.552 62.459 70.367 71.274 58.182 55.090 52.997 52.903 51.811 60.722 75.634 54.543 51.447 56.362 72.297 75.258 60.251 34.251 0.000 0.000 0.000 0.000 0.000 0.000 0.000 0.000 0.000 0.000 0.000 0.000 0.000 16.433 58.278 73.889 76.729 83.366 83.123 75.648 77.289 76.501 76.140 75.706 75.277 74.846 74.417 73.998 73.591 73.196 72.814 72.444 78.081 23.724 0.000 0.000 0.000
16.523 89.514 90.503 76.493 0.000 3.422 63.405 59.389 70.381 61.378 0.000 0.119 3.062 83.029 79.976 64.905 55.812 52.708 52.609 55.507 68.392 76.281 79.174 72.079 61.987 54.895 53.801 69.707 72.610 47.512 51.412 51.320 52.246 56.204 35.227 0.000 0.000 0.000 5.784 0.000 0.000 0.000 0.000 0.000 0.000 0.000 0.000 19.654 51.324 59.182 72.697 84.025 83.640 76.706 77.299 77.863 77.171 76.803 76.378 75.965 75.551 75.138 74.730 74.329 73.936 73.553 74.179 80.810 24.446 0.000 0.000 0.000 0.000
94.531 90.523 90.514 90.500 77.480 60.447 60.421 60.398 51.381 0.337 17.207 24.166 76.102 73.049 75.991 68.922 69.843 69.756 69.668 72.568 67.414 67.284 69.155 73.064 73.977 71.887 67.793 78.694 76.589 64.481 65.370 65.261 67.161 42.085 0.000 0.000 0.000 0.000 6.784 0.000 0.000 0.000 0.000 0.000 0.000 6.514 54.301 54.872 75.889 76.448 85.096 84.615 79.195 78.910 78.296 77.826 77.445 77.030 76.627 76.223 75.823 75.426 75.035 74.651 74.273 74.902 78.536 11.173 0.000 0.000 0.000 0.000 0.000
93.539 89.534 89.527 90.515 87.494 65.465 59.434 60.402 61.366 53.312 2.244 68.189 65.131 66.074 67.015 61.950 65.880 70.808 78.738 63.681 0.000 0.000 14.100 72.044 67.969 67.886 67.790 67.685 67.572 67.452 67.326 67.194 65.052 59.891 32.676 0.000 8.313 52.089 58.784 70.471 40.229 0.000 0.000 0.000 0.581 55.705 66.510 78.441 79.080 85.833 85.498 79.848 79.522 78.785 78.453 78.061 77.662 77.266 76.871 76.479 76.091 75.709 75.333 74.965 75.604 78.246 25.891 0.000 0.000 0.000 0.000 0.000 0.000
79.545 79.547 79.547 90.537 90.515 80.485 56.448 59.410 60.370 60.323 66.269 75.215 59.159 56.103 54.045 60.983 75.920 74.856 59.795 39.738 0.000 0.000 0.000 0.108 56.969 51.896 51.797 51.685 51.562 52.430 55.289 56.136 55.962 54.750 55.461 54.015 53.538 62.169 68.791 66.401 72.987 70.438 64.924 62.412 64.794 76.388 79.898 79.691 86.326 86.110 80.489 80.140 79.389 79.060 78.663 78.274 77.885 77.497 77.113 76.732 76.354 75.984 75.624 76.274 76.930 15.588 0.000 0.000 0.000 0.000 0.000 0.000 0.000
0.000 45.563 57.578 85.569 89.546 70.510 53.464 52.420 60.381 60.340 59.295 53.243 54.186 60.133 77.078 76.019 58.959 51.902 41.848 0.000 61.444 70.385 66.295 67.181 70.041 72.931 71.819 72.696 75.560 74.416 71.265 73.100 67.911 53.685 57.402 56.046 60.654 78.258 84.812 81.354 74.880 69.400 70.941 77.404 82.255 80.676 86.929 86.578 80.479 82.087 80.670 80.007 79.665 79.264 78.877 78.489 78.105 77.726 77.352 76.980 76.611 77.247 74.906 70.577 22.254 0.000 0.000 0.000 0.000 0.000 0.000 0.000 0.000
0.000 0.000 50.632 69.617 80.591 55.544 47.478 54.426 52.393 59.362 60.327 60.276 53.210 70.167 62.115 51.056 53.995 45.944 0.000 70.588 73.503 73.417 75.319 76.207 79.084 82.968 81.850 81.721 81.567 83.409 84.253 82.087 69.898 55.678 57.418 57.113 56.774 59.397 32.845 5.325 94.774 136.365 113.896 79.828 81.345 87.902 87.461 80.929 83.656 81.069 80.624 80.264 79.866 79.478 79.088 78.701 78.321 77.950 77.588 77.228 78.861 73.490 62.174 16.876 0.000 0.000 0.000 0.000 0.000 0.000 0.000 0.000 43.896
2.881 0.000 5.700 26.678 61.654 43.599 0.000 49.414 54.402 54.389 60.375 49.326 0.000 54.208 52.160 54.095 55.021 64.936 78.819 75.674 77.562 83.460 93.356 137.244 134.121 134.006 133.894 133.769 134.579 118.400 50.253 53.096 50.916 58.710 57.477 54.216 51.932 33.712 0.000 0.000 3.546 61.258 78.272 82.869 88.596 88.277 80.531 82.229 81.527 81.221 80.850 80.465 80.079 79.689 79.296 78.905 78.527 78.166 78.822 77.482 69.114 57.676 15.425 0.000 0.000 0.000 0.000 0.000 0.000 0.000 0.205 35.087 55.996
76.880 24.853 13.791 76.739 54.749 0.000 0.000 0.000 48.410 61.419 53.457 0.000 6.381 62.297 53.222 64.143 77.056 76.960 81.848 84.726 77.613 63.506 54.401 50.293 48.151 51.040 51.951 38.882 0.000 55.358 52.264 51.127 54.959 58.769 55.566 47.341 54.026 34.806 0.000 0.831 56.523 73.554 83.285 89.088 88.868 81.117 82.801 82.096 81.801 81.430 81.059 80.680 80.294 79.902 79.503 79.098 78.715 79.365 75.052 63.763 20.439 0.000 0.000 0.000 0.000 0.000 0.000 0.000 0.000 0.000 3.263 53.176 52.091
86.899 94.889 82.871 0.000 11.853 5.958 1.010 0.009 0.000 0.000 57.578 55.559 63.465 60.376 60.289 60.199 77.103 90.998 79.886 59.770 57.656 52.549 54.451 45.374 0.000 57.051 53.988 42.927 0.000 56.411 51.319 52.187 59.026 56.843 54.676 36.555 0.000 1.340 53.172 50.988 67.777 83.696 89.364 82.053 82.620 83.278 82.673 82.376 82.012 81.651 81.279 80.900 80.514 80.123 79.716 80.271 79.869 69.527 54.256 17.081 0.000 0.000 0.000 0.000 0.000 0.000 0.000 1.576 28.534 27.465 42.353 54.262 42.179
76.927 80.932 70.934 0.000 0.000 71.047 64.054 58.031 1.975 9.849 75.717 72.634 59.545 60.454 60.360 61.261 82.156 134.045 126.928 73.810 128.694 49.584 53.479 53.378 55.264 53.127 53.021 52.911 54.755 50.555 50.415 59.277 58.114 54.899 49.741 38.648 0.000 0.172 55.233 62.081 84.091 82.980 89.721 83.100 83.685 83.234 82.942 82.594 82.243 81.880 81.507 81.125 80.739 80.361 81.966 77.399 58.962 45.618 47.366 13.224 0.000 0.000 0.000 0.000 0.000 0.000 0.000 1.615 37.574 42.507 56.422 50.339 40.261
72.957 67.978 11.998 0.000 2.168 54.128 63.101 60.061 77.998 71.906 76.806 84.717 75.627 60.533 60.435 60.330 59.217 53.097 47.973 52.848 49.727 53.612 53.503 53.396 53.286 53.171 53.060 52.941 51.800 56.640 58.508 59.392 43.253 0.000 42.741 0.000 0.000 0.078 59.414 81.342 85.353 90.711 90.250 83.193 83.844 83.485 83.169 82.834 82.483 82.119 81.745 81.356 80.955 79.618 41.387 0.000 0.000 0.000 0.000 0.000 0.000 0.000 0.000 34.012 28.978 27.923 26.846 30.741 39.648 55.569 49.489 40.411 50.337
64.984 56.024 61.084 6.182 59.208 55.194 54.163 72.114 65.049 80.970 89.885 69.800 55.711 53.618 56.517 59.406 60.285 60.154 53.017 51.882 52.754 52.635 53.524 53.418 53.314 58.210 55.106 51.994 52.863 55.696 59.584 48.532 0.000 0.000 0.000 0.000 15.108 134.989 78.704 85.729 83.706 91.118 83.014 85.532 87.014 83.739 83.421 83.087 82.736 82.367 82.997 79.599 67.107 57.767 15.577 0.000 0.000 0.000 0.000 0.000 0.000 0.000 36.097 36.046 36.000 36.944 36.874 37.791 51.709 51.631 35.554 38.480 40.409
40.000 41.051 35.130 59.254 55.289 54.278 65.241 69.184 80.115 87.041 52.964 51.885 52.802 54.711 53.608 50.493 58.362 59.216 60.061 58.909 52.772 51.650 50.539 51.438 57.342 116.250 84.160 64.065 46.964 0.000 61.602 69.619 0.000 0.000 0.000 0.000 59.229 70.126 87.009 85.045 91.829 91.487 84.105 84.633 85.298 84.003 83.690 83.359 83.005 83.618 82.276 34.938 0.000 0.000 0.000 0.000 0.000 0.000 0.000 0.000 0.000 0.000 43.148 39.076 36.032 36.979 34.914 46.841 53.766 37.691 38.618 46.546 44.478
0.000 0.000 0.000 52.417 55.415 57.390 78.338 89.265 103.187 85.114 14.045 70.975 70.900 54.814 54.713 53.594 51.454 54.289 60.100 57.922 58.775 60.653 58.546 56.452 52.366 47.289 52.218 47.141 0.000 0.000 0.000 55.724 47.750 0.000 0.000 1.682 69.452 86.314 86.391 84.408 92.141 83.830 86.330 87.835 84.577 84.285 83.978 83.653 83.307 80.825 35.551 0.000 0.000 0.000 0.000 0.000 0.000 0.000 0.000 0.000 0.000 42.339 12.271 0.207 44.073 34.026 44.963 56.893 44.822 39.750 44.679 48.610 41.543
0.000 0.000 0.000 50.581 56.566 72.527 83.457 131.349 125.255 127.184 133.126 129.071 130.009 54.932 54.837 53.718 53.570 52.385 47.129 56.902 58.755 59.640 57.541 59.456 59.383 60.322 53.281 0.000 0.000 0.000 0.000 56.803 41.776 0.000 0.000 60.852 82.699 86.646 85.633 92.710 92.433 84.889 85.435 86.124 84.860 84.583 84.286 84.967 59.746 0.000 0.000 0.000 0.000 0.000 0.000 0.000 0.000 0.000 54.621 43.576 33.505 37.406 37.329 38.263 38.161 41.087 54.018 50.948 45.878 46.808 44.740 42.672 38.607
16.830 0.000 0.000 51.759 68.740 76.697 82.613 53.421 52.300 51.239 48.206 49.175 49.131 55.069 54.984 70.871 70.721 46.553 0.000 43.802 56.703 58.612 56.523 58.449 58.387 59.336 55.302 0.000 0.157 1.087 55.013 39.908 0.000 0.000 62.227 71.076 87.940 86.846 86.025 92.968 84.566 87.094 89.629 85.404 85.154 84.901 83.616 71.182 29.964 0.000 0.000 0.000 0.000 0.000 40.854 35.834 35.796 35.742 39.666 51.603 54.532 40.452 35.376 37.302 39.220 54.145 53.074 39.004 47.934 48.866 47.798 40.732 36.668
