results2_8e3_rain/res_3e8f-0063.wd
ncols         241
nrows         181
xllcorner     12693529.787448
yllcorner     3542525.717860
cellsize      155.156523
NODATA_value  -9999.000000
[rows 33 to 65 of 181, columns 148 to 221 of 241]
58.401 59.083 25.791 37.511 59.250 52.993 31.653 0.000 0.000 10.331 0.000 0.000 7.350 32.365 19.366 0.000 0.000 0.000 23.962 31.935 0.000 16.582 8.532 9.456 13.331 22.204 40.069 30.971 25.881 20.808 21.747 21.694 20.646 19.602 18.555 26.495 36.448 28.419 28.396 26.377 5.365 19.361 27.367 0.000 0.000 0.000 0.000 0.000 0.000 0.000 0.000 0.000 0.000 0.000 0.000 0.000 0.000 0.000 0.000 0.000 0.000 0.000 0.000 0.000 0.000 0.000 0.000 0.000 0.000 0.000 0.000 0.000 0.000 0.000
58.727 59.440 37.163 54.906 57.683 51.526 0.000 0.000 0.000 12.331 0.000 0.000 0.000 16.404 16.395 24.384 0.000 37.064 24.990 11.908 20.785 11.647 9.547 9.446 8.332 10.214 38.096 35.993 35.900 37.820 30.750 32.689 31.634 31.583 31.533 32.483 36.440 34.407 35.381 30.361 7.347 6.340 0.000 0.000 0.000 0.000 0.000 0.000 0.000 0.000 0.000 0.000 0.000 0.000 0.000 0.000 0.000 0.000 0.000 0.000 0.000 0.000 0.000 0.000 0.000 0.000 0.000 0.000 0.000 0.000 0.000 0.000 0.000 0.000
59.062 58.782 58.515 59.268 51.052 37.902 0.000 0.000 0.000 0.000 0.000 0.000 0.000 13.453 10.427 23.373 28.272 20.137 29.028 26.920 7.800 8.676 9.562 9.451 21.337 25.222 29.110 22.004 18.907 28.821 2.745 9.678 4.618 4.563 4.512 7.464 33.422 22.388 20.360 22.338 7.322 9.312 0.000 0.000 0.000 0.000 0.000 0.000 0.000 0.000 0.000 0.000 0.000 0.000 0.000 0.000 0.000 0.000 0.000 0.000 0.000 0.000 0.000 0.000 0.000 0.000 0.000 0.000 0.000 0.000 0.000 0.000 0.000 0.000
59.387 59.112 59.848 54.598 36.354 27.128 36.128 0.000 0.000 0.000 0.000 0.000 0.000 10.529 9.485 12.410 8.307 19.186 22.065 24.944 13.820 8.695 8.575 8.458 33.342 39.228 21.116 15.007 14.903 15.812 12.731 12.661 12.597 13.540 16.487 13.440 34.398 26.362 24.333 24.309 6.290 20.274 46.253 0.000 0.000 0.000 0.000 0.000 0.000 0.000 0.000 0.000 0.000 0.000 0.000 0.000 0.000 0.000 0.000 0.000 0.000 0.000 0.000 0.000 0.000 0.000 0.000 0.000 0.000 0.000 0.000 0.000 0.000 0.000
59.705 59.431 56.166 41.922 30.638 0.000 0.000 0.000 0.000 15.476 0.000 0.000 0.000 9.649 10.575 10.475 9.359 9.233 15.103 7.972 7.840 9.710 8.584 7.463 31.347 28.233 36.121 40.003 38.888 33.791 29.709 31.636 27.571 31.512 31.458 32.410 36.367 34.331 35.300 31.276 6.257 18.242 40.231 0.000 0.000 0.000 0.000 0.000 0.000 0.000 0.000 0.000 0.000 0.000 0.000 0.000 0.000 0.000 0.000 0.000 0.000 0.000 0.000 0.000 0.000 0.000 0.000 0.000 0.000 0.000 0.000 0.000 0.000 0.000
60.016 59.740 49.464 31.287 0.000 0.000 0.000 0.000 13.526 16.477 29.383 29.250 17.075 9.842 9.691 10.557 10.422 9.283 8.142 9.000 8.859 8.722 7.590 16.464 35.347 14.238 28.131 4.996 37.855 27.756 26.676 26.604 23.539 28.478 29.424 29.374 36.331 34.293 31.262 31.238 6.219 20.206 39.199 0.000 0.000 0.000 0.000 0.000 0.000 0.000 0.000 0.000 0.000 0.000 0.000 0.000 0.000 0.000 0.000 0.000 0.000 0.000 0.000 0.000 0.000 0.000 0.000 0.000 0.000 0.000 0.000 0.000 0.000 0.000
61.323 54.049 41.662 31.474 0.000 0.000 0.000 0.000 10.576 27.521 21.423 10.292 12.132 11.953 9.792 8.640 10.489 9.337 10.182 10.028 9.875 8.728 8.588 28.458 28.340 28.240 28.170 0.000 9.779 7.704 8.634 8.566 9.501 13.440 16.384 14.333 34.288 28.249 22.218 24.193 7.176 19.165 38.160 0.000 0.000 0.000 0.000 0.000 0.000 0.000 0.000 0.000 0.000 0.000 0.000 0.000 0.000 0.000 0.000 0.000 0.000 0.000 0.000 0.000 0.000 0.000 0.000 0.000 0.000 0.000 0.000 0.000 0.000 0.000
60.630 46.470 0.000 0.000 0.000 0.000 0.000 0.000 26.681 21.607 11.498 12.363 12.210 12.046 11.883 9.722 8.559 8.392 10.223 9.053 8.886 7.726 9.577 24.440 15.317 24.212 25.138 0.000 0.000 23.645 22.591 22.526 22.460 24.397 24.339 25.286 37.239 33.199 28.166 30.142 6.126 15.118 43.117 0.000 0.000 0.000 0.000 0.000 0.000 0.000 0.000 0.000 0.000 0.000 0.000 0.000 0.000 0.000 0.000 0.000 0.000 0.000 0.000 0.000 0.000 0.000 0.000 0.000 0.000 0.000 0.000 0.000 0.000 0.000
53.855 36.730 0.000 0.000 0.000 0.000 0.000 34.020 27.860 11.730 12.597 12.453 12.299 12.138 11.973 11.805 8.632 9.451 9.264 9.075 9.890 8.714 8.553 11.407 16.275 28.153 15.032 26.870 31.742 24.640 33.560 23.486 24.416 27.349 26.288 25.233 35.184 31.141 19.107 18.082 7.067 14.064 43.072 0.000 0.000 0.000 0.000 0.000 0.000 0.000 0.000 0.000 0.000 0.000 0.000 0.000 0.000 0.000 0.000 0.000 0.000 0.000 0.000 0.000 0.000 0.000 0.000 0.000 0.000 0.000 0.000 0.000 0.000 0.000
39.968 29.866 0.000 0.000 0.000 12.500 26.386 27.181 21.009 15.856 12.706 12.554 12.396 12.233 11.066 13.894 18.713 14.518 9.307 10.094 8.885 8.688 8.514 8.361 15.223 16.095 13.968 20.836 19.717 14.613 26.524 6.443 14.367 21.297 20.233 14.174 33.121 26.076 6.039 5.012 7.997 10.000 14.036 0.000 0.000 0.000 0.000 0.000 0.000 0.000 0.000 0.000 0.000 0.000 0.000 0.000 0.000 0.000 0.000 0.000 0.000 0.000 0.000 0.000 0.000 0.000 0.000 0.000 0.000 0.000 0.000 0.000 0.000 0.000
18.934 36.900 0.000 0.000 14.736 24.615 38.477 22.308 21.141 20.979 13.819 12.659 12.497 12.333 19.165 26.993 27.808 19.599 14.352 9.107 7.869 8.639 12.454 9.299 8.162 7.034 12.910 13.789 12.676 13.573 15.479 8.393 14.314 19.240 21.171 17.108 33.052 27.003 8.961 7.930 7.910 3.902 0.000 0.000 0.000 0.000 0.000 0.000 0.000 0.000 0.000 0.000 0.000 0.000 0.000 0.000 0.000 3.791 12.792 11.790 13.785 12.780 6.777 0.773 0.000 0.000 0.000 0.000 0.000 0.000 0.000 0.000 0.000 0.000
0.000 0.000 0.000 0.000 17.857 37.746 29.599 32.435 29.266 19.099 11.933 12.767 12.601 23.436 28.270 24.103 18.927 15.720 18.396 13.115 12.843 8.546 13.365 7.221 8.091 8.969 7.850 7.735 7.625 7.523 6.427 7.338 7.255 11.177 17.104 16.037 33.975 27.921 6.874 7.837 7.810 6.797 0.000 0.000 0.000 0.000 0.000 0.000 0.000 0.000 0.000 1.775 3.776 9.778 12.781 12.785 11.788 7.792 0.148 0.130 0.097 1.778 3.776 4.774 2.772 6.771 0.003 0.000 0.000 0.000 0.000 0.000 0.000 0.000
0.000 0.000 0.000 19.310 35.091 27.912 19.739 27.565 31.391 32.218 22.047 10.876 20.706 29.539 19.377 11.222 11.077 12.959 0.000 0.000 0.000 5.335 9.239 11.129 11.014 7.899 7.786 8.675 7.568 7.466 7.369 8.277 7.191 7.109 7.031 9.959 26.892 25.832 7.778 7.733 7.698 8.678 9.678 0.000 0.000 0.000 0.000 0.000 0.000 0.000 0.000 0.000 0.000 9.778 0.036 0.036 0.052 0.044 0.061 0.111 0.000 0.000 0.000 0.030 0.001 0.001 0.002 3.633 0.000 0.000 0.000 0.000 0.000 0.000
0.000 0.000 18.802 28.528 35.285 19.074 21.880 19.696 17.515 25.337 30.160 24.983 28.807 17.637 11.477 12.331 12.200 20.079 0.000 0.000 0.000 2.176 11.127 22.040 22.938 17.829 13.720 15.611 11.505 10.403 8.306 7.212 7.122 8.036 6.954 6.877 9.803 18.736 6.673 6.618 7.572 6.539 0.000 0.000 0.000 0.000 0.000 0.000 0.000 0.000 0.000 0.000 3.901 0.025 0.028 0.043 0.000 0.000 0.000 0.228 0.529 0.602 0.067 0.044 0.000 0.004 0.002 0.028 2.757 0.000 0.000 0.000 0.000 0.000
22.327 23.646 22.076 36.718 21.445 15.217 17.013 15.822 12.638 11.455 26.273 33.089 35.904 23.725 13.562 10.426 18.313 0.000 0.000 0.000 0.000 5.109 15.054 21.968 22.867 22.761 24.652 32.545 30.439 26.337 24.238 20.142 14.050 8.960 6.873 7.789 6.710 11.634 4.562 5.495 6.433 8.367 29.270 0.000 0.000 0.000 0.000 0.000 0.000 0.000 0.000 0.000 0.041 0.011 0.000 0.098 0.222 0.271 0.305 0.332 0.157 0.198 0.000 0.195 0.148 0.033 0.034 0.034 0.000 0.000 0.000 0.000 0.000 0.000
21.985 14.535 33.138 32.822 27.562 18.337 12.134 12.942 13.758 24.574 27.387 19.195 21.996 30.797 31.620 21.499 0.000 0.000 0.000 0.000 10.180 16.101 20.010 18.910 19.804 19.694 17.584 24.476 25.371 25.268 26.168 23.070 21.974 22.880 13.789 8.699 9.612 6.527 7.446 6.369 5.295 7.228 22.173 0.000 0.000 0.000 0.000 0.000 0.000 0.000 0.000 0.000 0.020 0.024 1.151 0.083 0.028 0.006 0.000 0.000 0.444 0.436 0.000 0.292 0.000 0.000 0.000 0.000 0.000 0.000 3.623 0.000 0.000 0.000
15.578 25.373 35.118 25.871 25.644 27.436 25.242 16.057 21.876 30.696 19.509 12.308 11.087 16.849 26.623 33.451 0.000 0.000 13.680 13.489 8.260 17.104 21.976 22.859 18.744 18.627 10.514 7.405 7.300 7.197 6.096 3.996 10.897 24.799 23.702 22.606 17.511 8.418 6.327 7.238 6.153 6.076 7.022 0.000 0.000 0.000 0.000 0.000 0.000 0.000 0.000 0.000 0.000 0.000 0.000 0.120 0.000 0.000 0.000 1.630 1.580 1.535 0.435 0.347 0.000 0.000 0.000 0.000 0.000 0.000 0.069 0.036 0.007 0.000
18.376 37.262 28.090 24.899 24.707 25.521 24.341 26.167 30.996 19.824 13.643 13.441 13.197 11.888 12.571 18.232 34.786 32.357 10.871 9.527 8.267 9.078 20.931 18.806 29.686 17.557 10.440 8.331 9.226 8.124 13.022 20.921 16.819 10.717 16.615 26.512 23.409 22.307 13.205 6.103 6.002 6.901 4.816 0.000 0.000 0.000 0.000 0.000 0.000 12.681 7.681 6.672 0.000 0.000 0.000 5.266 2.169 1.982 1.832 1.676 1.588 1.516 1.408 1.308 1.285 0.265 1.248 3.247 0.000 0.000 0.023 0.009 0.006 0.000
32.289 28.209 17.081 21.928 26.765 21.600 27.436 33.273 25.117 12.962 11.800 13.616 13.373 16.934 17.541 11.120 21.768 17.414 13.922 10.480 7.204 14.011 17.865 19.748 10.637 37.476 25.357 15.252 7.151 13.050 31.948 41.846 34.742 11.636 13.528 16.419 20.307 25.195 23.083 18.969 7.850 4.710 11.527 17.313 0.000 0.000 0.000 0.000 0.000 0.000 2.691 2.662 2.603 7.531 6.450 2.357 1.230 1.958 1.822 1.685 1.587 1.502 1.395 1.246 1.262 1.262 0.247 0.230 1.182 4.179 0.074 0.000 0.000 0.000
34.275 19.203 14.097 15.968 17.826 28.679 32.529 43.372 42.236 35.107 23.978 12.852 15.744 0.000 0.000 9.937 15.755 12.608 0.000 8.268 12.057 28.897 27.772 30.683 0.000 2.326 42.259 36.170 22.075 27.977 45.876 45.773 43.667 12.557 18.444 18.327 20.206 8.084 16.962 22.841 21.719 20.563 33.267 42.099 0.000 0.000 0.000 0.000 0.000 0.000 25.729 6.684 6.616 6.539 6.461 7.393 1.326 0.213 3.805 0.618 0.481 0.292 0.159 0.554 0.079 0.000 0.000 0.000 0.000 0.000 0.000 0.000 0.000 0.000
25.303 14.232 14.136 14.021 26.892 24.762 41.629 56.450 53.350 50.252 45.154 36.068 27.009 0.000 0.000 0.000 3.706 14.657 0.000 0.000 4.858 22.749 21.643 36.529 8.369 9.271 42.185 47.095 43.002 41.906 44.806 44.703 45.595 24.482 16.363 18.238 18.108 7.973 16.840 10.715 29.621 0.502 38.880 60.718 31.421 1.196 0.000 0.000 0.000 1.955 61.813 14.727 16.638 16.549 12.464 13.390 5.337 0.289 0.000 0.248 0.144 0.189 0.158 4.453 0.053 0.000 0.000 0.000 0.000 0.000 0.000 0.000 0.000 0.000
23.361 21.286 16.195 28.087 21.960 34.849 12.774 0.000 33.462 52.396 51.320 52.255 35.216 0.000 0.000 0.000 0.000 20.657 0.000 0.000 1.642 16.598 11.521 38.422 49.306 49.205 45.114 45.024 44.932 45.838 44.741 44.638 44.529 38.413 13.288 15.155 13.013 7.862 18.708 19.559 22.440 0.000 23.637 59.471 29.184 46.795 7.529 0.000 4.245 60.072 47.904 19.774 13.660 15.554 9.456 3.367 1.180 0.000 0.000 0.167 2.466 10.427 17.384 26.360 15.301 0.000 0.000 0.000 0.000 0.000 0.000 0.000 0.000 0.000
25.430 21.356 28.273 25.172 28.011 51.901 38.843 21.781 42.640 51.549 50.476 49.418 29.383 0.000 0.000 0.000 0.000 0.000 0.000 0.000 7.511 16.492 27.422 43.331 45.228 45.131 45.041 44.954 44.866 44.775 44.680 44.579 44.470 44.352 30.223 20.081 12.925 5.755 9.571 9.372 14.141 32.795 18.560 53.347 39.048 45.613 52.264 37.838 42.419 51.145 26.957 27.804 13.672 12.553 4.439 1.089 1.094 0.530 5.665 11.582 29.490 28.420 27.358 26.304 26.243 16.180 0.000 0.000 0.000 0.000 0.000 0.000 0.000 0.000
17.504 29.435 26.369 26.317 0.000 0.000 30.918 56.859 51.768 50.687 52.616 34.557 20.516 4.539 0.000 0.000 0.000 0.000 0.000 0.000 13.474 30.437 42.344 45.252 45.144 45.051 44.966 44.885 44.802 44.716 44.625 44.527 44.420 44.302 45.170 39.021 30.853 22.663 20.450 23.215 13.959 30.684 9.460 51.310 0.000 4.344 39.076 10.831 1.464 57.134 20.976 24.814 22.672 3.546 1.247 1.574 0.769 0.859 18.677 29.586 26.493 26.407 26.328 23.256 22.188 20.120 19.052 0.000 0.000 0.000 0.000 0.000 0.000 0.000
27.578 27.512 22.452 42.409 0.000 5.158 45.053 51.970 50.888 50.813 50.745 26.679 26.586 37.563 0.000 0.000 0.000 0.000 0.000 0.000 0.000 0.000 39.266 51.188 46.047 44.961 44.888 44.816 44.742 44.663 44.578 44.485 44.382 44.267 44.134 44.981 45.802 42.593 42.350 45.080 24.795 30.521 4.288 45.122 0.000 0.000 34.865 4.694 14.448 48.205 28.997 20.806 24.655 1.397 1.978 0.509 0.402 1.236 21.689 22.592 27.491 26.390 21.291 18.208 22.134 27.061 25.987 14.910 0.000 0.000 0.000 0.000 0.000 0.000
28.651 16.584 27.520 48.458 41.387 47.264 53.164 51.079 51.001 50.931 47.871 31.829 0.000 0.000 0.000 0.000 0.000 0.000 0.000 0.000 0.000 0.000 0.000 0.000 36.895 45.858 44.808 44.751 44.687 44.616 44.539 44.453 44.357 46.247 45.120 44.967 43.782 45.558 44.278 43.962 33.619 31.319 8.048 19.768 49.356 28.053 35.825 4.630 32.435 26.242 29.000 16.760 10.567 2.165 1.824 0.709 0.768 2.877 3.725 8.607 16.489 14.372 15.239 26.154 26.080 26.005 25.925 26.835 20.718 16.624 14.549 3.497 0.000 0.000
17.722 13.653 28.585 47.516 53.439 52.348 51.261 51.182 51.108 52.040 42.980 35.938 0.000 0.000 0.000 0.000 0.000 0.000 0.000 0.000 0.000 0.000 0.000 12.745 39.781 45.769 44.737 44.692 44.638 44.577 44.508 44.432 46.345 46.247 46.130 37.986 42.800 45.579 48.242 45.869 39.402 35.086 22.817 6.546 54.246 36.979 38.753 3.566 49.418 13.330 0.000 10.666 1.332 1.925 0.425 0.873 4.092 2.896 2.730 1.624 0.000 0.000 20.142 26.093 26.028 25.955 25.876 25.790 26.696 26.608 26.527 27.448 26.344 23.250
14.791 12.721 29.652 49.581 51.507 51.428 51.351 51.278 51.209 53.141 32.070 30.004 0.000 0.000 0.000 0.000 0.000 0.000 0.000 0.000 0.000 0.000 0.000 26.710 45.713 44.702 44.677 44.641 44.597 44.545 46.486 45.420 45.346 45.264 39.168 17.047 32.855 42.717 0.000 0.000 17.035 23.807 32.587 19.354 40.105 57.862 42.643 9.462 51.342 0.000 0.000 0.000 1.635 1.386 1.016 3.460 0.736 0.863 2.629 5.560 0.000 0.056 16.095 26.049 25.985 25.914 25.837 25.755 25.670 25.587 25.505 25.424 25.337 25.253
19.860 24.789 39.720 51.650 51.579 51.507 51.437 51.371 51.308 52.245 39.158 0.000 0.000 0.000 0.000 0.000 0.000 11.526 0.000 0.000 0.000 0.000 0.000 1.660 36.658 43.649 44.629 44.600 44.563 44.520 46.470 44.416 44.357 44.294 28.231 24.178 0.000 0.000 0.000 0.000 1.656 8.521 30.370 16.178 20.958 63.719 46.497 25.297 35.146 0.000 28.932 5.841 1.619 1.236 0.977 2.227 11.897 11.702 13.571 19.455 14.304 25.188 26.096 26.024 25.953 25.880 25.804 25.725 25.645 25.565 25.486 25.407 25.328 25.252
21.927 40.857 51.788 51.720 51.652 51.585 51.520 51.460 51.409 57.374 0.000 0.000 0.000 0.000 0.000 0.000 11.526 23.526 10.527 25.528 21.529 0.000 0.000 23.609 30.612 41.605 44.590 44.567 44.537 45.501 44.460 44.417 44.371 40.325 29.284 34.257 0.000 0.000 0.000 0.000 18.406 10.327 28.193 4.031 5.830 53.561 52.327 44.084 29.800 29.360 18.023 12.840 1.608 1.248 0.462 1.122 21.753 28.620 27.499 27.386 19.271 26.168 26.079 26.000 25.925 25.851 25.775 25.698 25.621 25.544 25.467 25.392 25.318 25.247
28.994 48.925 52.857 51.790 51.724 51.660 51.598 51.542 51.495 58.467 0.000 0.000 0.000 0.000 0.000 0.000 0.525 20.526 20.526 19.528 22.530 6.537 14.548 22.570 22.576 39.571 45.559 44.540 44.516 44.487 44.454 44.419 45.384 37.351 33.324 27.309 0.000 0.000 0.000 0.000 0.000 10.186 29.045 5.924 1.721 40.370 57.166 53.911 34.609 13.259 11.959 12.747 3.598 0.339 0.322 0.169 3.645 23.529 26.422 26.323 18.227 26.136 26.053 25.975 25.899 25.824 25.749 25.674 25.599 25.524 25.450 25.378 25.307 25.240
37.059 52.991 51.924 51.859 51.795 51.732 51.672 51.615 53.561 51.532 0.000 0.000 0.000 0.000 0.000 0.000 0.000 25.526 31.526 36.526 27.528 26.532 20.539 16.547 27.549 41.545 44.535 44.520 47.500 45.476 44.450 44.423 44.396 39.372 31.353 26.345 1.356 0.000 0.000 0.000 0.000 0.000 20.878 6.789 2.623 35.281 66.057 46.786 25.464 16.106 17.809 15.592 10.454 0.000 0.321 0.000 0.000 11.432 26.338 26.258 18.178 26.100 26.024 25.949 25.874 25.800 25.726 25.652 25.578 25.505 25.433 25.363 25.296 25.231
45.123 53.056 51.991 51.927 51.864 51.802 51.743 52.684 50.604 38.568 22.567 0.000 0.000 0.000 0.000 0.000 0.000 26.525 35.525 35.524 39.523 41.525 24.527 23.530 38.530 44.525 44.516 44.504 45.488 44.469 44.448 44.426 44.405 42.387 30.372 31.365 25.367 0.000 0.000 0.000 0.000 0.000 6.799 6.720 0.566 45.215 32.995 38.713 8.357 27.893 21.580 14.356 14.174 4.966 0.000 0.455 0.000 0.407 23.244 25.193 19.131 26.064 26.995 25.924 25.851 25.778 25.704 25.631 25.558 25.487 25.417 25.348 25.283 25.220
