results2_8e3_rain/res_3e8f-0081.wd
ncols         241
nrows         181
xllcorner     12693529.787448
yllcorner     3542525.717860
cellsize      155.156523
NODATA_value  -9999.000000
[rows 99 to 131 of 181, columns 73 to 145 of 241]
54.989 54.976 54.964 53.953 53.944 58.936 61.928 58.920 54.914 54.912 48.911 4.912 0.000 0.000 0.000 0.000 0.000 10.897 69.030 94.061 92.097 91.285 98.015 97.940 91.041 91.733 91.575 91.461 92.351 92.247 91.153 95.071 54.013 0.000 0.000 0.000 0.000 0.000 0.000 18.307 44.213 56.023 23.696 5.504 35.432 38.353 36.260 40.130 36.853 34.398 3.981 28.692 32.530 47.413 53.331 56.273 54.230 49.200 42.180 37.169 32.163 10.155 0.000 0.000 0.000 0.000 4.026 22.025 34.024 58.024 59.023 59.023 59.022
55.003 54.991 53.979 51.969 55.960 60.951 61.942 61.926 55.918 52.914 57.913 57.912 18.913 0.000 14.175 44.143 21.089 0.761 57.348 97.258 92.528 92.560 98.078 90.370 92.153 91.801 91.708 91.591 91.479 91.373 93.279 92.200 28.146 0.000 0.000 0.000 0.000 0.000 0.000 22.520 28.451 39.374 0.000 0.000 30.600 38.538 37.435 41.279 41.030 11.714 0.000 23.600 37.508 42.394 63.326 64.278 64.242 65.215 66.197 64.186 45.181 0.000 0.000 0.000 0.000 0.000 0.000 21.023 34.020 58.019 59.018 59.018 59.017
55.016 54.005 53.994 56.984 59.975 60.968 35.962 0.000 28.916 64.914 37.913 11.913 3.913 0.000 25.206 75.166 72.080 63.918 82.648 93.757 90.731 98.166 91.666 92.468 92.029 91.958 91.835 91.718 91.601 92.489 90.390 78.304 25.225 0.000 0.000 0.000 0.000 0.000 25.979 32.802 30.699 31.647 4.702 0.000 36.830 54.764 47.663 42.520 17.275 0.000 0.000 6.599 0.000 36.329 61.301 65.271 63.244 63.223 63.207 65.197 38.193 32.196 32.197 38.197 0.000 0.000 0.000 0.000 33.015 58.015 59.014 59.013 59.012
54.028 53.018 58.008 60.998 60.989 60.982 25.978 0.000 0.000 7.914 0.000 0.000 0.000 0.000 18.279 81.234 87.149 95.023 94.916 92.005 98.534 98.306 91.643 92.350 92.196 92.081 91.965 91.844 91.718 97.590 47.488 15.401 0.000 0.000 0.000 0.000 0.000 17.306 35.155 31.012 30.897 29.812 35.757 1.607 30.126 56.025 54.934 52.863 0.000 0.000 0.000 0.000 0.000 34.291 63.278 67.260 64.242 63.225 61.212 50.204 31.199 27.198 28.197 12.197 0.000 0.000 0.000 0.000 29.011 58.010 59.010 59.009 55.007
53.040 59.031 61.021 61.012 59.002 64.993 34.988 0.000 0.000 0.000 0.000 0.000 0.000 0.000 29.396 87.341 90.264 94.112 93.312 93.295 98.738 91.048 92.749 92.419 92.328 92.213 92.098 95.976 101.836 56.666 25.573 0.538 0.000 0.000 0.000 0.000 18.577 41.456 35.325 28.192 33.066 36.947 33.826 31.661 45.417 49.276 39.185 47.135 0.000 0.000 0.000 0.000 0.000 40.268 64.261 69.251 68.238 64.224 59.214 28.206 26.202 27.200 34.199 0.000 0.000 0.000 0.000 23.007 27.008 56.007 59.006 59.005 53.003
60.052 61.044 61.035 60.025 38.015 4.001 22.994 24.994 0.000 0.000 0.000 0.000 0.000 20.686 73.567 87.481 90.370 92.506 93.490 99.096 98.925 92.035 92.732 92.567 92.457 92.346 96.238 58.126 17.984 0.000 35.568 21.565 0.000 0.000 0.000 0.000 26.699 60.617 51.498 46.365 41.227 42.086 39.939 40.777 53.606 47.478 31.396 33.357 0.000 0.000 0.000 0.000 0.000 40.251 68.248 33.244 31.234 63.220 66.212 36.206 27.202 32.200 2.199 0.000 0.000 0.000 0.000 0.000 23.006 41.004 57.003 60.001 53.000
61.064 61.058 57.050 61.039 43.031 0.000 13.994 43.994 0.000 0.000 0.000 0.000 10.905 72.805 86.706 92.617 92.574 92.698 99.402 99.254 91.381 93.150 92.795 92.702 92.586 92.478 96.380 68.308 0.305 0.000 5.567 8.566 0.000 0.000 0.000 0.000 13.902 45.813 50.686 60.543 56.391 44.232 47.067 55.903 50.753 38.636 30.562 31.540 5.599 6.613 0.000 0.000 0.000 38.237 72.236 0.000 0.000 12.212 59.208 49.204 30.201 9.201 0.000 0.000 0.000 0.000 0.000 0.000 0.000 20.000 45.999 55.999 48.998
59.079 56.075 55.068 71.049 50.040 0.000 12.994 40.994 0.000 0.000 0.000 5.082 69.005 81.922 91.842 94.710 93.940 91.955 99.539 90.707 92.475 89.028 90.951 92.826 92.711 93.599 87.495 77.419 25.414 0.000 0.000 0.000 0.000 0.000 0.000 1.629 36.195 41.049 40.892 42.730 51.561 54.383 57.195 51.017 37.865 31.750 30.677 29.644 33.643 18.628 0.000 0.000 0.000 27.225 64.222 30.214 19.210 11.207 54.203 60.200 40.198 0.000 0.000 0.000 0.000 0.000 0.000 0.000 0.000 14.998 38.997 43.996 30.995
53.094 62.097 58.098 0.000 0.009 0.000 3.993 3.993 0.000 0.000 0.000 6.159 85.111 87.045 94.944 94.097 93.103 99.780 99.664 92.673 92.355 92.192 92.070 90.950 91.831 93.711 50.583 1.507 0.000 0.000 0.000 0.000 0.000 5.409 22.212 36.893 47.531 44.296 43.102 39.923 40.743 43.544 55.312 56.106 47.939 36.825 29.753 29.714 31.701 0.000 0.000 0.000 0.000 12.217 54.214 32.210 28.208 28.205 60.199 63.196 46.193 9.190 0.000 42.184 0.000 0.000 0.000 0.000 0.000 17.996 41.995 36.994 22.993
54.110 64.119 51.128 0.000 0.000 0.000 0.993 12.993 0.000 0.000 0.000 72.285 82.236 94.168 94.149 93.277 99.985 99.886 92.001 93.769 93.414 93.316 93.193 93.073 94.952 44.831 0.000 0.000 0.000 0.000 0.000 0.000 20.875 37.606 50.335 46.037 44.743 44.501 44.298 45.117 42.942 41.739 15.402 34.156 58.960 40.857 28.795 31.760 29.747 17.755 0.000 0.000 0.000 13.212 46.207 24.204 0.000 0.000 16.193 53.191 42.189 51.187 58.184 17.184 0.000 0.000 0.000 0.000 0.000 0.000 32.992 30.992 23.992
52.123 56.142 55.168 31.202 0.000 0.000 0.000 0.000 0.000 0.000 25.581 85.461 92.379 94.283 94.425 92.530 100.076 92.302 94.077 93.636 93.562 93.436 94.316 95.195 57.073 0.000 0.000 0.000 0.000 0.000 0.000 40.499 51.144 46.805 45.485 45.179 44.902 44.667 44.471 44.307 44.170 53.069 0.000 0.000 26.888 35.848 27.811 36.785 36.771 18.763 0.000 0.000 0.000 0.000 30.198 67.196 35.192 0.000 9.188 54.187 48.186 39.184 39.183 0.000 0.000 0.000 0.000 0.000 0.000 0.000 11.990 22.990 23.990
64.129 2.157 58.201 56.237 45.281 4.313 0.000 0.000 0.000 16.802 75.700 89.599 95.513 94.474 93.608 100.230 100.157 93.257 93.949 93.792 93.676 94.561 96.439 57.317 0.000 0.000 0.000 0.000 0.000 27.698 38.391 49.854 46.397 45.987 42.619 42.293 42.018 42.794 44.613 44.470 47.362 24.299 0.000 0.000 6.855 31.837 30.816 48.799 44.790 0.000 0.000 0.000 0.000 0.000 14.192 59.190 71.188 28.185 54.185 68.184 60.183 36.181 29.180 1.177 0.000 0.000 0.000 0.000 0.000 0.000 17.988 23.988 27.988
46.121 0.000 60.242 50.262 57.294 49.345 10.427 0.776 9.981 76.905 85.817 95.735 94.589 94.829 92.833 100.292 92.558 94.344 93.999 93.909 94.796 95.689 49.564 0.000 0.000 0.000 0.000 0.000 40.347 51.005 48.622 47.131 48.602 48.128 53.713 58.354 53.085 45.878 39.718 43.596 49.511 7.464 0.000 0.000 2.842 34.829 35.816 57.805 45.800 0.000 0.000 0.000 0.000 0.000 2.187 54.186 63.185 68.183 64.182 64.181 68.180 52.179 31.177 32.175 1.173 0.000 0.000 0.000 0.000 19.986 24.986 22.986 27.986
0.000 0.000 28.264 79.275 42.288 0.000 0.000 15.145 75.088 80.017 93.944 94.810 95.054 92.953 100.379 92.827 94.631 94.201 94.138 95.021 91.910 46.837 0.000 0.000 0.000 0.000 0.000 43.015 50.690 48.353 47.961 51.445 25.752 4.210 6.750 23.328 49.087 50.917 51.786 43.687 44.619 5.585 0.000 0.000 0.000 15.821 33.813 40.807 39.804 0.000 0.000 0.000 0.000 0.000 2.184 45.183 58.181 63.180 64.179 65.179 61.178 57.177 42.176 30.174 34.172 40.171 0.000 0.000 0.000 0.000 22.985 23.985 25.984
0.000 0.000 5.275 80.286 67.295 0.000 0.000 22.256 83.206 91.142 95.044 96.196 96.192 100.715 100.510 93.782 94.493 94.348 94.245 89.137 78.986 29.911 0.000 0.000 0.000 31.868 40.686 52.340 49.045 48.755 52.425 29.935 0.000 0.000 0.000 9.119 47.021 43.915 47.821 53.747 53.696 31.670 0.000 0.000 0.000 0.000 35.809 29.807 36.806 0.000 0.000 0.000 0.000 0.000 7.181 32.180 49.178 63.178 58.177 51.177 53.177 14.176 39.174 48.172 41.170 37.170 0.000 0.000 0.000 0.000 0.000 17.983 22.982
0.000 0.000 0.000 8.298 57.311 0.393 10.518 76.416 88.341 95.270 95.241 95.376 101.085 100.905 93.082 94.874 94.535 94.458 87.364 53.293 0.000 0.000 0.000 4.368 50.264 44.050 51.850 49.615 49.394 50.198 28.050 0.000 0.000 0.000 0.000 8.009 49.964 43.900 43.837 45.784 49.747 51.730 3.742 0.000 0.000 0.000 16.808 35.806 10.806 0.000 0.000 0.000 0.000 0.000 0.171 28.176 39.176 46.175 38.174 35.174 0.169 0.000 0.000 32.170 36.169 45.168 0.000 0.000 0.000 0.000 0.000 11.982 22.981
0.000 0.000 0.000 0.000 0.000 10.702 79.628 84.548 95.480 95.361 96.601 96.634 101.253 93.393 95.165 94.728 94.662 84.555 73.463 37.378 0.000 0.000 0.000 44.472 66.374 51.218 43.050 50.876 48.717 51.594 21.527 0.000 0.000 0.000 3.932 38.945 45.924 44.886 44.844 41.806 37.778 39.761 1.753 0.000 0.000 0.000 0.000 42.805 0.000 0.000 0.000 0.000 0.000 0.000 0.167 30.173 29.173 28.173 26.172 32.172 0.000 0.000 0.000 7.168 30.167 48.166 0.000 0.000 0.000 0.000 0.000 0.000 15.981
0.000 0.000 0.000 0.000 0.000 82.797 81.743 95.677 95.584 96.743 96.774 101.560 101.411 94.350 96.029 93.866 79.745 68.647 42.555 0.000 0.000 0.000 38.835 56.675 56.541 63.400 51.257 41.121 47.006 56.934 59.936 23.092 0.000 0.000 2.918 50.917 44.901 44.875 43.846 39.818 33.797 34.785 0.769 0.000 0.000 0.000 0.000 15.804 23.803 0.000 0.000 0.000 0.000 0.000 8.171 32.171 26.171 27.170 27.170 29.169 12.168 0.000 0.000 0.000 17.165 38.164 16.162 0.000 0.000 0.000 0.000 0.000 10.980
0.000 0.000 0.000 0.000 22.039 82.945 94.874 95.804 96.779 98.929 101.838 101.701 93.668 95.425 92.071 80.966 69.813 41.730 0.000 0.000 0.000 41.144 61.996 47.851 39.715 53.583 65.458 53.345 56.254 57.198 44.193 50.248 29.319 0.000 10.907 42.902 38.889 45.869 40.846 32.825 31.809 35.800 0.000 0.000 0.000 0.000 0.000 2.803 42.803 0.000 0.000 0.000 0.000 0.000 0.000 14.170 29.169 27.169 27.168 27.168 35.167 0.000 0.000 0.000 0.000 19.162 30.161 36.160 0.000 0.000 0.000 0.000 0.000
0.000 0.000 0.000 0.000 65.133 91.071 97.008 95.892 96.133 94.185 101.968 93.959 95.718 90.281 79.208 54.083 0.000 0.000 0.000 0.000 41.425 62.293 49.155 38.017 37.885 39.761 50.646 65.546 56.466 41.413 49.389 51.389 25.389 0.000 7.901 67.895 54.883 43.866 37.846 33.825 30.813 31.807 25.807 0.000 0.000 0.000 0.000 0.000 21.803 0.000 0.000 0.000 0.000 0.000 0.000 0.000 31.167 27.167 27.167 27.166 29.166 13.165 0.000 0.000 0.000 0.155 27.159 30.159 0.000 0.000 0.000 0.000 0.000
0.000 0.000 0.000 68.397 65.287 71.208 86.111 97.268 94.309 102.209 102.091 94.893 90.575 79.423 58.312 0.000 0.000 23.367 0.000 0.000 66.558 49.447 38.313 39.178 38.049 40.929 54.820 63.727 64.653 48.598 44.562 55.531 29.460 0.000 0.000 0.000 11.883 0.000 0.000 3.818 34.812 41.808 42.807 28.806 0.000 0.000 0.000 0.000 0.000 0.000 0.000 0.000 0.000 0.000 0.000 0.000 31.165 30.166 33.166 28.165 25.165 34.164 0.000 0.000 0.000 7.158 41.158 46.158 0.000 0.000 0.000 0.000 0.000
0.000 0.000 7.600 69.506 66.414 67.333 77.300 93.450 102.434 102.323 94.179 90.939 78.606 52.526 0.000 0.000 40.428 39.368 21.248 5.066 54.801 38.625 39.473 38.333 39.203 54.085 59.980 23.890 14.819 66.766 52.731 30.711 0.000 0.000 0.000 0.000 0.000 0.000 0.000 0.812 52.809 46.807 43.806 39.806 0.000 0.000 0.000 0.000 0.000 0.000 0.000 0.000 0.000 0.000 0.000 19.163 28.164 3.165 0.000 3.164 28.164 32.164 0.000 0.000 0.000 9.157 45.158 14.158 0.000 0.000 0.000 0.000 0.000
0.000 82.771 70.694 67.613 65.537 66.412 67.647 71.699 102.540 93.422 89.179 78.767 52.721 0.000 0.000 0.000 44.489 42.427 62.311 46.149 38.955 39.780 38.622 41.477 61.346 58.227 39.124 35.036 39.966 67.916 64.884 28.873 0.000 0.000 0.000 0.000 0.000 0.000 0.000 0.809 59.807 59.806 54.805 45.805 0.000 0.000 0.000 0.000 0.000 0.000 0.000 0.000 0.000 0.000 0.000 31.162 33.163 0.000 0.000 0.000 31.163 32.163 0.000 0.000 0.000 0.000 16.157 0.000 0.000 0.000 0.000 0.000 0.000
0.000 80.848 94.792 86.723 71.624 72.776 64.816 102.742 102.643 72.297 76.976 52.874 0.000 0.000 0.000 0.000 46.611 59.541 57.420 39.264 39.089 38.918 49.757 61.609 50.475 39.356 39.252 39.164 40.095 49.046 67.019 63.022 24.080 0.000 0.000 0.000 0.000 0.000 0.000 0.000 45.806 47.805 59.804 60.804 16.803 0.000 0.000 0.000 0.000 0.000 0.000 0.000 0.000 0.000 23.161 33.162 10.162 0.000 0.000 0.000 32.162 30.162 0.000 0.000 0.000 0.000 0.000 0.000 0.000 0.000 0.000 0.000 0.000
17.077 93.981 96.906 96.833 91.801 81.950 102.935 102.838 64.421 59.212 0.000 0.000 0.000 0.000 0.000 0.000 57.803 62.707 38.566 40.398 40.220 52.045 60.880 42.728 39.591 39.469 39.363 39.274 39.204 39.153 48.124 68.118 61.139 35.172 26.185 30.188 0.000 0.000 0.000 0.000 0.000 25.804 65.803 65.803 26.802 0.000 0.000 0.000 0.000 0.000 0.000 0.000 0.000 0.000 12.161 11.161 0.000 0.000 0.000 0.000 12.162 39.162 0.000 0.000 0.000 0.000 0.000 0.000 0.000 0.000 0.000 0.000 0.000
87.172 97.093 97.024 96.904 101.140 92.191 103.029 64.470 67.130 61.908 0.000 0.000 0.000 0.000 0.000 51.294 63.090 39.919 40.736 40.543 48.349 61.163 38.990 39.833 39.691 39.566 39.457 39.366 39.294 39.240 39.204 43.187 44.185 39.192 40.195 47.191 29.191 0.000 0.000 0.000 0.000 0.000 20.803 56.802 19.802 0.000 0.000 0.000 0.000 0.000 0.000 0.000 0.000 0.000 0.000 0.000 0.000 0.000 0.000 0.000 0.000 0.000 0.000 0.000 0.000 0.000 0.000 0.000 0.000 0.000 0.000 0.000 0.000
93.271 93.204 97.109 98.265 95.304 103.212 103.120 69.044 53.370 0.000 0.000 0.000 0.000 0.000 0.000 68.498 45.346 41.143 40.918 42.690 63.470 43.267 40.084 39.921 39.776 39.646 39.534 39.440 39.366 39.309 39.267 38.240 37.223 40.216 22.213 0.000 0.000 0.000 0.000 0.000 0.000 0.000 0.000 49.801 37.801 4.800 0.000 0.000 0.000 0.000 0.000 0.000 0.000 0.000 0.000 0.000 0.000 0.000 0.000 0.000 0.000 0.000 0.000 0.000 0.000 0.000 0.000 0.000 0.000 0.000 0.000 0.000 0.000
72.383 72.313 76.285 72.436 103.393 103.303 80.647 61.671 52.335 0.000 0.000 0.000 0.000 0.000 0.000 43.853 39.653 39.389 38.103 50.827 43.574 37.350 38.159 37.993 37.845 37.710 38.592 39.496 39.420 39.362 38.317 36.281 38.253 38.236 35.227 25.226 28.223 30.220 29.217 31.216 2.215 0.000 0.000 0.000 46.800 18.800 0.000 0.000 0.000 0.000 0.000 0.000 0.000 0.000 0.000 0.000 0.000 0.000 0.000 0.000 0.000 0.000 0.000 0.000 0.000 0.000 0.000 0.000 0.000 0.000 0.000 0.000 0.000
87.499 109.382 74.624 104.676 103.481 63.305 53.846 0.000 67.242 25.403 0.000 0.000 0.000 0.000 87.880 66.408 37.025 44.658 55.279 53.942 49.651 47.401 47.207 47.048 45.902 39.755 35.628 39.531 39.458 39.402 38.357 38.316 42.272 42.247 43.234 53.228 53.224 49.220 42.217 41.215 20.214 0.000 0.000 0.000 5.800 11.800 0.000 0.000 0.000 0.000 0.000 0.000 0.000 0.000 0.000 0.000 0.000 0.000 0.000 0.000 0.000 0.000 0.000 0.000 0.000 0.000 0.000 0.000 0.000 0.000 0.000 0.000 0.000
135.581 114.174 112.214 103.646 103.566 91.409 0.000 33.966 61.966 135.566 111.083 0.000 35.483 24.917 86.352 45.874 43.381 114.940 105.410 101.013 100.686 99.395 98.223 97.089 95.960 66.783 33.633 39.542 39.478 39.431 39.393 31.354 0.000 0.000 0.000 0.000 0.000 0.000 6.215 58.213 37.212 8.211 0.000 0.000 0.000 0.000 0.000 0.000 0.000 0.000 0.000 0.000 0.000 0.000 0.000 0.000 0.000 0.000 0.000 0.000 0.000 0.000 0.000 0.000 0.000 0.000 0.000 0.000 0.000 0.000 0.000 0.000 0.000
93.753 113.336 103.794 103.721 87.979 0.000 0.000 0.000 5.092 56.812 44.600 0.000 17.048 0.000 45.737 42.357 51.683 107.311 0.000 0.000 0.000 43.269 52.200 113.125 26.067 0.000 43.580 39.526 39.483 40.450 22.430 0.000 0.000 0.000 0.000 0.000 0.000 0.000 0.000 11.212 58.211 14.210 0.000 0.000 0.000 0.000 0.000 0.000 0.000 0.000 0.000 0.000 0.000 0.000 0.000 0.000 0.000 0.000 0.000 0.000 0.000 0.000 0.000 0.000 0.000 0.000 0.000 0.000 0.000 0.000 0.000 0.000 0.000
114.513 112.562 103.862 112.478 114.323 34.611 0.000 12.497 39.498 48.992 25.903 2.523 38.614 84.181 82.502 75.135 0.000 26.311 0.000 4.213 26.214 54.214 99.183 62.144 27.115 0.000 0.000 45.501 39.477 40.458 21.447 0.000 0.000 0.000 0.000 0.000 0.000 0.000 0.000 0.000 5.209 44.208 9.207 0.000 0.000 0.000 0.000 0.000 0.000 0.000 0.000 0.000 0.000 0.000 0.000 0.000 0.000 0.000 0.000 0.000 0.000 0.000 0.000 0.000 0.000 0.000 0.000 0.000 0.000 0.000 0.000 0.000 0.000
112.650 103.985 103.926 92.988 35.751 0.000 0.000 0.000 1.069 26.753 0.000 0.000 31.830 75.427 128.955 64.545 0.000 0.000 0.000 0.000 0.000 68.190 103.175 33.154 30.135 0.000 0.000 0.000 44.465 38.458 36.453 34.453 22.453 0.000 0.000 0.000 0.000 0.000 0.000 0.000 0.204 58.206 16.206 0.000 0.000 0.000 0.000 0.000 0.000 0.000 0.000 0.000 0.000 0.000 0.000 0.000 0.000 0.000 0.000 0.000 0.000 0.000 0.000 0.000 0.000 0.000 0.000 0.000 0.000 0.000 0.000 0.000 0.000
