results2_8e3_rain/res_3e8f-0086.wd
ncols         241
nrows         181
xllcorner     12693529.787448
yllcorner     3542525.717860
cellsize      155.156523
NODATA_value  -9999.000000
[rows 99 to 131 of 181, columns 73 to 145 of 241]
55.412 55.397 55.384 54.372 54.361 59.351 62.340 59.329 55.321 55.318 49.318 5.319 0.000 0.000 0.000 0.000 0.000 11.225 69.342 94.365 92.396 91.580 98.303 98.228 91.329 92.023 91.865 91.752 92.643 92.539 91.445 95.365 54.307 0.000 0.000 0.000 0.000 0.000 0.000 19.666 45.575 57.391 25.079 6.898 36.838 39.763 37.671 41.543 38.267 35.814 5.398 30.110 33.949 48.832 54.751 57.693 55.651 50.621 43.601 38.590 33.585 11.577 0.000 0.000 0.000 0.000 5.448 23.448 35.447 59.447 60.446 60.446 60.445
55.430 55.416 54.403 52.392 56.381 61.370 62.358 62.338 56.327 53.322 58.320 58.320 19.320 0.000 14.434 44.400 21.338 1.005 57.650 97.555 92.822 92.852 98.366 90.657 92.441 92.090 91.997 91.881 91.770 91.665 93.572 92.494 28.440 0.000 0.000 0.000 0.000 0.000 0.000 23.873 29.804 40.725 0.000 0.000 32.019 39.954 38.849 42.692 42.444 13.129 0.000 25.018 38.927 43.814 64.747 65.699 65.663 66.637 67.619 65.608 46.603 0.000 0.000 0.000 0.000 0.000 0.000 22.446 35.444 59.443 60.442 60.441 60.441
55.446 54.434 54.422 57.411 60.400 61.390 36.383 0.350 29.326 65.323 38.321 12.320 4.320 0.000 25.468 75.427 72.341 64.186 82.932 94.045 91.020 98.453 91.951 92.754 92.316 92.246 92.123 92.008 91.891 92.780 90.682 78.598 25.519 0.000 0.000 0.000 0.000 0.000 27.326 34.149 32.043 32.981 6.019 0.000 38.264 56.187 49.079 43.933 18.688 0.000 0.000 8.018 0.000 37.750 62.723 66.693 64.667 64.646 64.630 66.621 39.617 33.620 33.621 39.621 0.000 0.000 0.000 0.000 34.440 59.439 60.438 60.438 60.437
54.463 53.452 58.440 61.429 61.418 61.409 26.403 0.000 0.000 8.323 0.000 0.000 0.000 0.000 18.544 81.499 87.416 95.295 95.196 92.288 98.819 98.593 91.928 92.636 92.482 92.368 92.253 92.133 92.008 97.881 47.780 15.698 0.000 0.000 0.000 0.000 0.000 18.655 36.502 32.356 32.236 31.139 37.057 2.913 31.587 57.450 56.346 54.271 0.000 0.000 0.000 0.000 0.000 35.714 64.701 68.683 65.665 64.649 62.636 51.628 32.623 28.622 29.622 13.622 0.000 0.000 0.000 0.000 30.436 59.436 60.435 60.434 56.433
53.479 59.469 61.459 61.447 59.435 65.424 35.417 0.000 0.000 0.000 0.000 0.000 0.000 0.000 29.663 87.610 90.535 94.386 93.589 93.576 99.021 91.331 93.032 92.703 92.613 92.499 92.385 96.265 102.127 56.955 25.859 0.822 0.000 0.000 0.000 0.000 19.932 42.807 36.673 29.536 34.406 38.282 35.157 33.004 46.813 50.679 40.587 48.535 0.000 0.000 0.000 0.000 0.000 41.691 65.685 70.674 69.661 65.648 60.638 29.631 27.627 28.625 35.624 0.000 0.000 0.000 0.000 24.433 28.433 57.433 60.432 60.431 54.430
60.497 61.488 61.478 60.465 38.452 4.433 23.425 25.425 0.000 0.000 0.000 0.000 0.000 20.955 73.836 87.751 90.642 92.781 93.768 99.377 99.207 92.317 93.015 92.850 92.741 92.631 96.524 58.415 18.278 0.000 35.851 21.846 0.000 0.000 0.000 0.000 28.057 61.970 52.847 47.710 42.569 43.428 41.284 42.133 54.984 48.865 32.786 34.748 0.000 0.000 0.000 0.000 0.000 41.676 69.672 34.668 32.658 64.645 67.637 37.631 28.628 33.626 3.625 0.000 0.000 0.000 0.000 0.000 24.432 42.430 58.429 61.428 54.427
61.516 61.509 57.499 61.484 43.474 0.000 14.425 44.424 0.000 0.000 0.000 0.000 11.174 73.074 86.976 92.888 92.846 92.973 99.680 99.533 91.662 93.431 93.077 92.984 92.868 92.760 96.663 68.593 0.577 0.000 5.850 8.848 0.000 0.000 0.000 0.000 15.269 47.169 52.035 61.887 57.734 45.577 48.417 57.262 52.122 40.014 31.944 32.923 6.979 7.993 0.000 0.000 0.000 39.663 73.661 0.000 0.000 13.638 60.634 50.630 31.627 10.626 0.000 0.000 0.000 0.000 0.000 0.000 0.000 21.427 47.427 57.426 50.425
59.537 56.534 55.525 71.498 50.486 0.000 13.424 41.424 0.000 0.000 0.000 5.350 69.273 82.191 92.112 94.982 94.213 92.230 99.816 90.986 92.754 89.308 91.231 93.107 92.991 93.879 87.776 77.704 25.691 0.000 0.000 0.000 0.000 0.000 0.000 2.893 37.581 42.402 42.236 44.071 52.903 55.728 58.545 52.375 39.231 33.123 32.054 31.022 35.021 20.007 0.000 0.000 0.000 28.652 65.649 31.641 20.637 12.634 55.631 61.627 41.625 0.000 0.000 0.000 0.000 0.000 0.000 0.000 0.000 16.425 40.424 45.424 32.423
53.560 62.565 58.568 0.000 0.486 0.000 4.424 4.424 0.000 0.000 0.000 6.427 85.378 87.314 95.215 94.369 93.376 100.056 99.941 92.951 92.634 92.471 92.349 91.230 92.110 93.989 50.856 1.785 0.000 0.000 0.000 0.000 0.000 6.672 23.470 38.133 48.845 45.624 44.435 41.258 42.081 44.887 56.661 57.463 49.303 38.194 31.126 31.090 33.077 0.000 0.000 0.000 0.000 13.644 55.642 33.638 29.636 29.632 61.627 64.624 47.622 10.619 0.616 43.614 0.000 0.000 0.000 0.000 0.000 19.424 43.423 38.422 24.421
54.584 64.599 51.614 0.000 0.000 0.000 1.424 13.424 0.000 0.000 0.000 72.551 82.503 94.436 94.419 93.549 100.260 100.162 92.278 94.046 93.692 93.595 93.472 93.351 95.231 45.110 0.000 0.000 0.000 0.000 0.000 0.000 22.145 38.875 51.604 47.311 46.043 45.816 45.621 46.446 44.275 43.077 16.750 35.512 60.324 42.226 30.167 33.134 31.121 19.128 0.000 0.000 0.000 14.640 47.635 25.633 0.000 0.000 17.622 54.620 43.618 52.616 59.615 18.614 0.000 0.000 0.000 0.000 0.000 0.000 34.420 32.420 25.420
52.604 56.634 55.675 31.727 0.000 0.000 0.000 0.000 0.000 0.000 25.840 85.724 92.645 94.550 94.695 92.801 100.350 92.578 94.353 93.913 93.839 93.714 94.594 95.473 57.352 0.000 0.000 0.000 0.000 0.000 0.000 41.768 52.415 48.078 46.761 46.463 46.199 45.975 45.788 45.629 45.496 54.398 0.000 0.000 28.255 37.217 29.182 38.158 38.144 20.136 0.000 0.000 0.000 0.000 31.628 68.626 36.622 0.000 10.618 55.617 49.616 40.614 40.613 0.000 0.000 0.000 0.000 0.000 0.000 0.000 13.419 24.419 25.419
64.613 2.658 58.725 56.779 45.845 4.891 0.000 0.000 0.000 17.055 75.957 89.860 95.777 94.741 93.878 100.504 100.431 93.532 94.225 94.068 93.952 94.838 96.717 57.595 0.000 0.000 0.000 0.000 0.000 28.959 39.655 51.122 47.668 47.263 43.900 43.581 43.315 44.100 45.925 45.786 48.682 25.621 0.000 0.000 8.225 33.207 32.187 50.171 46.162 0.000 0.000 0.000 0.000 0.000 15.622 60.621 72.618 29.616 55.615 69.614 61.613 37.612 30.611 2.609 0.000 0.000 0.000 0.000 0.000 0.000 19.417 25.417 29.417
46.601 0.000 60.790 50.819 57.866 49.937 11.054 0.994 10.217 77.152 86.071 95.995 94.853 95.096 93.103 100.566 92.832 94.619 94.274 94.185 95.072 95.966 49.841 0.000 0.000 0.000 0.000 0.000 41.603 52.264 49.884 48.397 49.873 49.405 54.996 59.645 54.382 47.182 41.028 44.910 50.827 8.782 0.000 0.000 4.212 36.199 37.187 59.177 47.172 0.000 0.000 0.000 0.000 0.000 3.617 55.617 64.615 69.614 65.613 65.612 69.611 53.610 32.609 33.608 2.606 0.000 0.000 0.000 0.000 21.415 26.416 24.416 29.415
0.000 0.000 28.825 79.842 42.861 0.000 0.000 15.374 75.326 80.265 94.198 95.070 95.317 93.220 100.653 93.100 94.904 94.475 94.412 95.296 92.186 47.113 0.000 0.000 0.000 0.000 0.000 44.265 51.943 49.608 49.220 52.709 27.023 5.488 8.035 24.621 50.387 52.220 53.093 44.998 45.933 6.899 0.000 0.000 0.000 17.192 35.185 42.179 41.176 0.000 0.000 0.000 0.000 0.000 3.614 46.614 59.613 64.612 65.611 66.610 62.610 58.609 43.608 31.606 35.605 41.604 0.000 0.000 0.000 0.000 24.415 25.414 27.414
0.000 0.000 5.843 80.862 67.877 0.000 0.000 22.494 83.449 91.391 95.299 96.456 96.457 100.987 100.783 94.055 94.766 94.622 94.519 89.411 79.261 30.187 0.000 0.000 0.000 33.111 41.930 53.587 50.294 50.007 53.680 31.194 0.000 0.000 0.000 10.418 48.323 45.219 49.128 55.056 55.007 32.982 0.000 0.000 0.000 0.000 37.181 31.179 38.177 0.000 0.000 0.000 0.000 0.000 8.611 33.611 50.610 64.610 59.609 52.609 54.609 15.608 40.607 49.605 42.604 38.603 0.000 0.000 0.000 0.000 0.000 19.413 24.413
0.000 0.000 0.000 8.885 57.908 0.586 10.755 76.658 88.588 95.522 95.497 95.638 101.355 101.176 93.354 95.146 94.808 94.731 87.638 53.567 0.000 0.000 0.000 5.606 51.503 45.291 53.093 50.860 50.641 51.447 29.300 0.000 0.000 0.000 0.000 9.311 51.267 45.205 45.144 47.093 51.057 53.042 5.055 0.000 0.000 0.000 18.179 37.178 12.178 0.000 0.000 0.000 0.000 0.000 1.609 29.609 40.608 47.608 39.607 36.607 1.608 0.000 0.000 33.603 37.602 46.602 0.000 0.000 0.000 0.000 0.000 13.412 24.412
0.000 0.000 0.000 0.000 0.000 10.937 79.869 84.794 95.730 95.616 96.860 96.897 101.523 93.663 95.436 94.999 94.934 84.828 73.736 37.652 0.000 0.000 0.000 45.709 67.612 52.458 44.291 52.118 49.961 52.839 22.772 0.000 0.000 0.000 5.236 40.249 47.228 46.191 46.150 43.114 39.087 41.072 3.069 0.000 0.000 0.000 0.000 44.177 0.000 0.000 0.000 0.000 0.000 0.000 1.607 31.607 30.607 29.606 27.606 33.605 0.000 0.000 0.000 8.602 31.601 49.600 0.000 0.000 0.000 0.000 0.000 0.000 17.411
0.000 0.000 0.000 0.000 0.000 83.042 81.991 95.928 95.838 97.001 97.035 101.829 101.680 94.620 96.299 94.137 80.017 68.919 42.828 0.000 0.000 0.000 40.069 57.910 57.777 64.638 52.496 42.361 48.248 58.176 61.178 24.333 0.000 0.000 4.223 52.221 46.206 46.181 45.152 41.125 35.105 36.091 2.080 0.000 0.000 0.000 0.000 17.176 25.175 0.000 0.000 0.000 0.000 0.000 9.606 33.606 27.605 28.604 28.604 30.603 13.602 0.000 0.000 0.000 18.599 39.598 17.597 0.000 0.000 0.000 0.000 0.000 12.411
0.000 0.000 0.000 0.000 22.293 83.197 95.126 96.059 97.036 99.189 102.105 101.969 93.937 95.695 92.342 81.237 70.084 42.002 0.000 0.000 0.000 42.375 63.228 49.084 40.950 54.819 66.695 54.583 57.493 58.438 45.433 51.488 30.557 0.000 12.212 44.206 40.194 47.175 42.152 34.131 33.116 37.107 0.000 0.000 0.000 0.000 0.000 4.175 44.175 0.000 0.000 0.000 0.000 0.000 0.000 15.604 30.603 28.603 28.602 28.602 36.601 0.000 0.000 0.000 0.000 20.596 31.596 37.595 0.000 0.000 0.000 0.000 0.000
0.000 0.000 0.000 0.000 65.389 91.327 97.264 96.149 96.393 94.447 102.235 94.227 95.987 90.550 79.478 54.353 0.000 0.000 0.000 0.000 42.653 63.522 50.385 39.249 39.119 40.995 51.882 66.783 57.704 42.651 50.628 52.627 26.627 0.000 9.206 69.200 56.188 45.171 39.152 35.132 32.120 33.114 27.115 0.000 0.000 0.000 0.000 0.000 23.175 0.000 0.000 0.000 0.000 0.000 0.000 0.000 32.602 28.601 28.601 28.601 30.600 14.600 0.000 0.000 0.000 1.595 28.595 31.595 0.000 0.000 0.000 0.000 0.000
0.000 0.000 0.000 68.657 65.546 71.467 86.370 97.528 94.571 102.476 102.358 95.161 90.843 79.692 58.582 0.000 0.000 24.586 0.000 0.000 67.784 50.675 39.542 40.408 39.280 42.161 56.054 64.962 65.888 49.835 45.799 56.768 30.697 0.000 0.000 0.190 13.188 0.000 0.000 5.123 36.119 43.116 44.115 30.115 0.000 0.000 0.000 0.000 0.000 0.000 0.000 0.000 0.000 0.000 0.000 0.000 32.600 31.600 34.600 29.600 26.599 35.599 0.000 0.000 0.000 8.595 42.595 47.594 0.000 0.000 0.000 0.000 0.000
0.000 0.000 7.862 69.767 66.675 67.593 77.562 93.713 102.700 102.589 94.447 91.208 78.874 52.795 0.000 0.000 41.646 40.586 22.468 6.287 56.025 39.851 40.701 39.562 40.433 55.316 61.212 25.124 16.053 68.001 53.966 31.947 0.000 0.000 0.000 0.000 0.000 0.000 0.000 2.120 54.118 48.116 45.115 41.114 0.000 0.000 0.000 0.000 0.000 0.000 0.000 0.000 0.000 0.000 0.000 20.598 29.599 4.600 0.000 4.599 29.599 33.599 0.000 0.000 0.000 10.594 46.594 15.594 0.000 0.000 0.000 0.000 0.000
0.000 83.034 70.957 67.875 65.799 66.674 67.910 71.963 102.807 93.690 89.448 79.035 52.990 0.000 0.000 0.000 45.706 43.645 63.530 47.370 40.177 41.004 39.848 42.705 62.575 59.458 40.355 36.268 41.199 69.149 66.118 30.107 0.000 0.000 0.000 0.000 0.000 0.000 0.000 2.118 61.117 61.115 56.114 47.114 0.000 0.000 0.000 0.000 0.000 0.000 0.000 0.000 0.000 0.000 0.000 32.598 34.598 0.000 0.000 0.000 32.598 33.598 0.000 0.000 0.000 0.000 17.594 0.000 0.000 0.000 0.000 0.000 0.000
0.000 81.111 95.055 86.986 71.887 73.040 65.080 103.008 102.909 72.566 77.245 53.142 0.000 0.000 0.000 0.000 47.827 60.758 58.638 40.484 40.310 40.141 50.982 62.836 51.703 40.585 40.482 40.395 41.327 50.278 68.252 64.255 25.313 0.000 0.000 0.000 0.000 0.000 0.000 0.000 47.115 49.114 61.113 62.113 18.112 0.000 0.000 0.000 0.000 0.000 0.000 0.000 0.000 0.000 24.597 34.597 11.597 0.000 0.000 0.000 33.598 31.598 0.000 0.000 0.000 0.000 0.000 0.000 0.000 0.000 0.000 0.000 0.000
17.340 94.245 97.169 97.096 92.065 82.214 103.200 103.104 64.691 59.483 0.000 0.000 0.000 0.000 0.000 0.000 59.016 63.922 39.782 41.616 41.440 53.267 62.104 43.953 40.818 40.697 40.592 40.504 40.435 40.385 49.355 69.350 62.370 36.403 27.416 31.419 0.420 0.000 0.000 0.000 0.000 27.113 67.113 67.112 28.112 0.000 0.000 0.000 0.000 0.000 0.000 0.000 0.000 0.000 13.597 12.597 0.000 0.000 0.000 0.000 13.597 40.597 0.000 0.000 0.000 0.000 0.000 0.000 0.000 0.000 0.000 0.000 0.000
87.436 97.356 97.288 97.168 101.405 92.456 103.294 64.743 67.404 62.181 0.000 0.000 0.000 0.000 0.000 52.502 64.301 41.132 41.951 41.760 49.568 62.383 40.212 41.057 40.917 40.793 40.685 40.596 40.524 40.471 40.435 44.418 45.416 40.423 41.426 48.423 30.422 0.000 0.000 0.000 0.000 0.000 22.112 58.111 21.111 0.000 0.000 0.000 0.000 0.000 0.000 0.000 0.000 0.000 0.000 0.000 0.000 0.000 0.000 0.000 0.000 0.000 0.000 0.000 0.000 0.000 0.000 0.000 0.000 0.000 0.000 0.000 0.000
93.534 93.467 97.373 98.529 95.569 103.477 103.385 69.321 53.651 0.000 0.000 0.000 0.000 0.000 0.000 69.704 46.554 42.353 42.131 43.905 64.687 44.486 41.306 41.145 41.001 40.873 40.761 40.669 40.595 40.539 40.498 39.470 38.454 41.447 23.444 0.000 0.000 0.000 0.000 0.000 0.000 0.000 0.000 51.111 39.110 6.110 0.000 0.000 0.000 0.000 0.000 0.000 0.000 0.000 0.000 0.000 0.000 0.000 0.000 0.000 0.000 0.000 0.000 0.000 0.000 0.000 0.000 0.000 0.000 0.000 0.000 0.000 0.000
72.646 72.576 76.549 72.700 103.658 103.568 80.919 61.952 52.628 0.000 0.000 0.000 0.000 0.000 0.000 45.055 40.858 40.597 39.314 52.041 44.791 38.569 39.380 39.216 39.070 38.935 39.819 40.724 40.649 40.591 39.547 37.512 39.484 39.467 36.458 26.457 29.455 31.452 30.449 32.448 3.447 0.000 0.000 0.000 48.110 20.110 0.000 0.000 0.000 0.000 0.000 0.000 0.000 0.000 0.000 0.000 0.000 0.000 0.000 0.000 0.000 0.000 0.000 0.000 0.000 0.000 0.000 0.000 0.000 0.000 0.000 0.000 0.000
87.762 109.646 74.888 104.940 103.746 63.572 54.116 0.000 67.559 25.729 0.000 0.000 0.000 0.000 89.072 67.605 38.225 45.862 56.487 55.155 50.866 48.619 48.428 48.270 47.126 40.981 36.854 40.759 40.686 40.631 39.587 39.546 43.503 43.478 44.465 54.459 54.455 50.452 43.449 42.447 21.446 0.000 0.000 0.000 7.110 13.110 0.000 0.000 0.000 0.000 0.000 0.000 0.000 0.000 0.000 0.000 0.000 0.000 0.000 0.000 0.000 0.000 0.000 0.000 0.000 0.000 0.000 0.000 0.000 0.000 0.000 0.000 0.000
135.845 114.437 112.478 103.910 103.830 91.676 0.000 34.298 62.298 135.901 111.416 0.000 36.677 26.109 87.541 47.065 44.576 116.141 106.617 102.224 101.901 100.613 99.443 98.311 97.183 68.008 34.860 40.770 40.707 40.660 40.622 32.584 0.000 0.000 0.000 0.000 0.000 0.000 7.447 59.446 38.444 9.443 0.000 0.000 0.000 0.000 0.000 0.000 0.000 0.000 0.000 0.000 0.000 0.000 0.000 0.000 0.000 0.000 0.000 0.000 0.000 0.000 0.000 0.000 0.000 0.000 0.000 0.000 0.000 0.000 0.000 0.000 0.000
94.016 113.599 104.057 103.985 88.243 0.000 0.000 0.000 5.435 57.162 44.931 0.000 18.245 0.000 46.916 43.540 52.875 108.508 0.000 0.000 0.000 44.490 53.421 114.347 27.289 0.000 44.807 40.755 40.712 41.679 23.659 0.000 0.000 0.000 0.000 0.000 0.000 0.000 0.000 12.444 59.443 15.442 0.000 0.000 0.000 0.000 0.000 0.000 0.000 0.000 0.000 0.000 0.000 0.000 0.000 0.000 0.000 0.000 0.000 0.000 0.000 0.000 0.000 0.000 0.000 0.000 0.000 0.000 0.000 0.000 0.000 0.000 0.000
114.776 112.825 104.125 112.741 114.587 34.875 0.000 12.845 39.845 49.382 26.213 2.848 39.814 85.349 83.668 76.304 0.000 27.507 0.000 5.435 27.435 55.435 100.405 63.366 28.337 0.000 0.000 46.730 40.706 41.687 22.676 0.000 0.000 0.000 0.000 0.000 0.000 0.000 0.000 0.000 6.441 45.441 10.440 0.000 0.000 0.000 0.000 0.000 0.000 0.000 0.000 0.000 0.000 0.000 0.000 0.000 0.000 0.000 0.000 0.000 0.000 0.000 0.000 0.000 0.000 0.000 0.000 0.000 0.000 0.000 0.000 0.000 0.000
112.913 104.248 104.189 93.251 36.015 0.000 0.000 0.000 1.404 27.308 0.000 0.000 32.962 76.566 130.103 65.703 0.000 0.000 0.000 0.000 0.000 69.412 104.397 34.376 31.357 0.000 0.000 0.000 45.694 39.687 37.683 35.683 23.683 0.000 0.000 0.000 0.000 0.000 0.000 0.000 1.440 59.439 17.439 0.000 0.000 0.000 0.000 0.000 0.000 0.000 0.000 0.000 0.000 0.000 0.000 0.000 0.000 0.000 0.000 0.000 0.000 0.000 0.000 0.000 0.000 0.000 0.000 0.000 0.000 0.000 0.000 0.000 0.000
