results2_8e3_rain/res_3e8f-0197.wd
ncols         241
nrows         181
xllcorner     12693529.787448
yllcorner     3542525.717860
cellsize      155.156523
NODATA_value  -9999.000000
[rows 99 to 131 of 181, columns 73 to 145 of 241]
59.934 59.910 59.884 58.858 58.831 63.803 66.774 63.747 59.727 59.717 53.719 9.725 0.000 0.000 0.000 0.000 0.000 14.918 72.884 97.840 95.832 94.989 101.656 101.585 94.684 95.380 95.226 95.116 96.011 95.910 94.820 98.743 57.690 0.000 0.000 0.000 0.000 0.000 0.000 34.902 60.826 72.722 40.591 22.387 52.291 55.205 53.110 56.990 53.809 51.543 21.230 45.990 49.862 64.776 70.713 73.666 71.631 66.607 59.591 54.583 49.580 27.575 0.000 0.000 0.000 0.000 21.945 39.945 51.945 75.945 76.945 76.945 76.945
59.984 59.961 58.937 56.911 60.882 65.852 66.819 66.781 60.753 57.737 62.731 62.730 23.732 0.000 17.549 47.497 24.384 4.184 61.090 100.968 96.218 96.233 101.715 93.996 95.784 95.437 95.349 95.236 95.128 95.025 96.934 95.860 31.813 0.000 0.000 0.000 0.000 0.000 3.208 39.082 44.986 55.898 4.828 0.000 47.410 55.350 54.258 58.133 57.959 28.751 0.000 40.893 54.835 59.771 80.719 81.679 81.649 82.627 83.612 81.604 62.600 0.603 0.616 1.621 0.000 0.000 0.000 38.945 51.945 75.945 76.945 76.945 76.945
60.036 59.015 58.991 61.965 64.936 65.904 40.867 4.805 33.768 69.748 42.739 16.734 8.733 0.000 28.602 78.557 75.471 67.356 86.236 97.386 94.374 101.798 95.278 96.083 95.649 95.583 95.466 95.354 95.241 96.129 94.030 81.951 28.890 1.858 0.000 0.000 0.000 3.437 42.335 49.231 47.137 48.055 20.996 0.000 53.589 71.525 64.438 59.325 34.142 0.000 0.853 23.853 13.814 53.754 78.714 82.683 80.659 80.640 80.627 82.619 55.617 49.621 49.622 55.623 0.000 0.000 0.000 15.945 50.945 75.945 76.944 76.944 76.944
59.090 58.071 63.049 66.022 65.993 65.962 30.940 0.000 0.757 12.747 3.743 0.000 0.000 0.000 21.699 84.659 90.588 98.501 98.460 95.585 102.136 101.928 95.245 95.954 95.805 95.695 95.586 95.473 95.353 101.218 51.108 19.024 2.937 0.508 7.074 10.002 0.000 33.538 51.464 47.371 47.277 46.188 52.104 18.016 46.830 72.725 71.645 69.588 0.000 0.000 43.853 0.000 0.000 51.716 80.699 84.680 81.662 80.648 78.637 67.630 48.626 44.626 45.625 29.624 0.000 0.000 0.000 0.000 46.944 75.944 76.944 76.944 72.944
58.148 64.132 66.110 66.082 64.050 70.012 39.990 0.000 0.000 0.000 0.000 0.000 0.000 0.000 32.836 90.789 93.728 97.605 96.841 96.854 102.324 94.631 96.336 96.011 95.924 95.814 95.708 99.600 105.478 60.285 29.158 4.101 0.000 0.000 0.000 6.930 34.858 57.714 51.611 44.512 49.413 53.315 50.218 48.114 61.992 65.898 55.830 63.792 0.000 0.000 11.853 0.000 0.000 57.696 81.687 86.676 85.663 81.652 76.643 45.637 43.633 44.631 51.629 0.000 0.000 0.000 0.000 40.944 44.944 73.944 76.944 76.944 70.944
65.211 66.197 66.176 65.148 43.111 9.047 28.019 30.019 0.000 0.000 0.000 0.000 0.000 24.139 77.020 90.943 93.847 96.005 97.015 102.653 102.496 95.606 96.307 96.146 96.039 95.932 99.831 61.741 21.674 0.000 39.137 25.122 0.000 0.000 0.000 0.000 42.929 76.850 67.754 62.652 57.548 58.442 56.336 57.230 70.127 64.044 47.986 49.959 0.000 0.000 0.000 0.000 0.000 57.684 85.679 50.672 48.663 80.653 83.647 53.641 44.638 49.634 19.632 0.000 0.000 0.000 0.000 13.944 40.944 58.944 74.944 77.943 70.943
66.280 66.270 62.250 66.222 48.199 0.000 19.019 49.019 0.000 0.000 0.000 0.000 14.353 76.257 90.164 96.085 96.056 96.198 102.937 102.799 94.934 96.709 96.358 96.268 96.153 96.044 99.942 71.859 3.803 0.000 9.132 12.127 0.000 0.000 0.000 0.000 30.080 62.003 66.903 76.795 72.684 60.570 63.456 72.343 67.243 55.163 47.112 48.098 22.144 23.155 0.000 0.000 0.000 55.676 89.673 3.670 0.000 29.652 76.648 66.645 47.642 26.638 0.000 0.000 0.000 0.000 0.000 0.000 13.944 37.943 63.943 73.943 66.943
64.357 61.353 60.332 76.290 55.264 0.000 18.019 46.019 0.000 0.000 0.000 8.520 72.449 85.372 95.301 98.181 97.425 95.456 103.064 94.244 96.018 92.576 94.503 96.380 96.264 97.148 91.036 80.950 28.876 0.000 0.000 0.000 0.000 0.000 0.000 17.488 52.309 57.178 57.059 58.942 67.823 70.699 73.572 67.446 54.336 48.254 47.202 46.178 50.178 35.167 0.000 0.000 0.000 44.670 81.669 47.665 36.660 28.654 71.651 77.648 57.646 0.000 0.000 8.650 0.000 0.000 0.000 0.000 0.000 32.943 56.943 61.943 48.943
58.443 67.452 63.435 4.343 5.304 0.000 9.019 9.019 0.000 0.000 0.000 9.592 88.548 90.491 98.402 97.568 96.589 103.289 103.181 96.202 95.890 95.731 95.612 94.495 95.375 97.249 54.104 5.027 0.000 0.000 0.000 0.000 0.000 21.026 37.892 52.667 63.488 60.342 59.213 56.090 56.965 59.833 71.687 72.531 64.403 53.316 46.262 46.234 48.224 0.000 0.000 0.000 0.000 29.667 71.665 49.663 45.659 45.655 77.652 80.650 63.649 26.650 16.650 59.650 0.000 0.000 0.000 0.000 0.000 35.943 59.943 54.943 40.943
59.537 69.579 56.613 0.000 0.000 0.000 6.019 18.019 2.019 0.000 0.840 75.708 85.664 97.607 97.602 96.745 103.481 103.388 95.514 97.289 96.940 96.847 96.728 96.610 98.491 48.370 0.000 0.000 0.000 0.000 0.000 10.491 36.367 53.160 65.984 61.800 60.634 60.490 60.361 61.239 59.116 57.980 31.810 50.589 75.427 57.345 45.297 48.271 46.261 34.267 0.000 0.000 0.000 30.665 63.663 41.662 0.000 0.000 33.651 70.651 59.650 68.650 75.650 34.650 0.000 0.000 0.000 0.000 0.000 10.943 50.943 48.943 41.943
57.630 61.714 60.824 36.988 0.000 0.000 0.000 4.019 7.019 0.000 28.933 88.850 95.791 97.713 97.873 95.996 103.566 95.802 97.584 97.149 97.080 96.960 97.844 98.727 60.609 0.000 0.000 0.000 0.000 0.000 12.776 55.615 66.449 62.263 61.084 60.913 60.759 60.623 60.502 60.390 60.281 69.161 7.986 0.000 43.371 52.340 44.311 53.291 53.280 35.274 0.000 0.000 0.000 0.000 47.660 84.659 52.657 0.000 26.652 71.651 65.651 56.651 56.651 0.000 0.000 0.000 0.000 0.000 0.000 0.000 29.943 40.943 41.943
69.703 7.824 63.981 62.151 51.352 10.472 0.694 0.000 0.000 20.103 79.035 92.969 98.911 97.896 97.050 103.713 103.643 96.750 97.449 97.297 97.187 98.077 99.961 60.844 0.000 0.000 0.000 0.000 11.281 42.158 52.937 64.744 61.552 61.358 58.175 58.011 57.867 58.742 60.633 60.537 63.456 40.397 0.000 0.000 23.346 48.332 47.315 65.303 61.296 0.000 0.000 0.000 0.000 0.000 31.658 76.657 88.656 45.654 71.653 85.652 77.651 53.651 46.651 18.651 0.000 0.000 0.000 0.000 0.000 0.000 35.942 41.942 45.942
51.743 4.898 66.126 56.285 63.431 55.575 16.821 4.085 13.178 80.172 89.133 99.091 97.979 98.247 96.275 103.772 96.038 97.831 97.492 97.408 98.300 99.199 53.080 0.000 0.000 0.000 0.000 3.541 54.404 65.256 63.071 61.873 63.657 63.441 69.250 74.087 68.955 61.844 55.750 59.671 65.610 23.574 0.000 0.000 19.336 51.326 52.316 74.309 62.305 0.000 0.000 0.000 0.000 0.000 19.656 71.656 80.655 85.654 81.653 81.652 85.652 69.651 48.651 49.651 18.651 11.651 0.000 0.000 0.000 37.942 42.942 40.942 45.942
0.000 0.000 34.340 85.431 48.514 0.000 0.000 18.255 78.278 83.272 97.250 98.160 98.440 96.371 103.856 96.296 98.105 97.681 97.624 98.513 95.409 50.339 0.000 0.000 0.000 0.000 9.815 56.678 64.539 62.390 62.219 66.018 40.763 19.499 22.294 39.134 65.023 66.931 67.851 59.786 60.739 21.714 0.000 0.000 0.000 32.319 50.315 57.311 56.309 5.310 0.000 0.000 0.000 0.000 19.655 62.655 75.654 80.654 81.653 82.652 78.652 74.652 59.651 47.651 51.651 57.651 0.000 0.000 0.000 3.942 40.942 41.942 43.942
0.000 0.000 11.462 86.585 73.681 0.000 0.000 25.403 86.405 94.396 98.349 99.545 99.582 104.171 103.979 97.246 97.961 97.823 97.725 92.623 82.480 33.410 0.000 0.000 9.196 45.112 53.953 65.816 62.683 62.546 66.395 44.219 2.025 0.000 0.000 25.130 63.073 60.004 63.938 69.884 69.847 47.829 0.000 0.000 0.000 14.317 52.314 46.312 53.311 4.310 0.000 0.000 0.000 0.000 24.654 49.654 66.654 80.653 75.653 68.653 70.652 31.652 56.651 65.651 58.651 54.651 0.000 0.000 0.000 0.000 0.942 35.942 40.942
0.000 0.000 0.000 14.764 63.944 3.411 13.551 79.550 91.544 98.530 98.550 98.729 104.519 104.349 96.532 98.330 97.998 97.927 90.838 56.771 0.000 0.000 0.000 17.362 63.281 57.187 65.069 62.949 62.832 63.716 41.597 2.429 0.000 0.000 0.000 24.183 66.135 60.073 60.014 61.966 65.934 67.926 19.957 0.000 0.000 0.000 33.313 52.312 27.312 0.000 0.000 0.000 0.000 0.000 17.654 45.654 56.654 63.653 55.653 52.653 17.652 0.000 5.651 49.651 53.651 62.651 0.000 0.000 0.000 0.000 0.000 29.942 40.942
0.000 0.000 0.000 0.000 1.384 13.635 82.692 87.700 98.698 98.634 99.921 99.996 104.678 96.829 98.609 98.179 98.119 88.018 76.932 40.851 0.000 0.000 0.000 57.443 79.377 64.288 56.185 64.080 61.979 64.887 34.820 0.000 0.000 0.000 20.379 55.286 62.209 61.139 61.079 58.031 53.999 55.985 17.987 0.000 0.000 0.000 14.313 59.312 7.312 0.000 0.000 0.000 0.000 0.000 17.654 47.653 46.653 45.653 43.653 49.653 0.000 0.000 0.000 24.651 47.651 65.651 9.650 0.000 0.000 0.000 0.000 0.942 33.942
0.000 0.000 0.000 0.000 0.000 85.882 84.879 98.870 98.829 100.036 100.112 104.970 104.828 97.782 99.468 97.312 83.198 72.105 46.018 0.000 0.000 0.000 51.708 69.590 69.496 76.402 64.305 54.208 60.116 70.035 72.976 35.973 0.000 0.000 19.473 67.371 61.276 61.197 60.131 56.080 50.045 51.027 17.021 0.000 0.000 0.000 0.000 32.312 40.312 0.000 0.000 0.000 0.000 0.000 25.653 49.653 43.653 44.653 44.653 46.653 29.653 0.000 0.000 0.000 34.650 55.650 33.650 7.650 0.000 0.000 0.000 0.000 28.942
0.000 0.000 0.000 0.000 25.256 86.132 98.076 99.041 100.054 102.244 105.235 105.105 97.087 98.853 95.505 84.407 73.262 45.183 0.000 0.000 0.000 53.937 74.825 60.715 52.615 66.518 78.424 66.332 69.243 70.160 57.077 62.970 41.724 4.196 27.668 59.451 55.329 62.241 57.168 49.112 48.076 52.056 14.048 0.000 0.000 0.000 0.000 19.312 59.312 4.312 0.000 0.000 0.000 0.000 0.000 31.653 46.653 44.653 44.653 44.653 52.653 0.000 0.000 0.000 0.000 36.650 47.650 53.650 0.000 0.000 0.000 0.000 0.000
0.000 0.000 0.000 0.000 68.380 94.313 100.260 99.167 99.438 97.521 105.360 97.369 99.134 93.704 82.637 57.518 0.000 0.000 0.000 0.000 54.163 75.050 61.939 50.831 50.730 52.633 63.540 78.451 69.366 54.284 62.200 64.108 38.005 0.000 24.551 84.435 71.346 60.271 54.187 50.123 47.091 48.074 42.067 6.071 0.000 0.000 0.000 0.000 38.312 10.312 0.000 0.000 0.000 0.000 0.000 11.653 48.653 44.653 44.653 44.652 46.652 30.652 0.000 0.000 0.000 17.650 44.650 47.650 0.000 0.000 0.000 0.000 0.000
0.000 0.000 0.000 71.695 68.571 74.488 89.400 100.575 97.640 105.594 105.480 98.301 93.988 82.842 61.736 0.000 0.000 35.767 0.000 6.396 79.276 62.160 51.049 51.941 50.840 53.744 67.653 76.567 77.486 61.409 57.333 68.255 42.183 0.000 0.000 15.392 28.350 10.310 0.000 20.103 51.091 58.081 59.076 45.075 0.000 0.000 0.000 0.000 0.000 0.000 0.000 0.000 0.000 0.000 0.000 12.653 48.653 47.653 50.653 45.652 42.652 51.652 0.000 0.000 0.000 24.650 58.650 63.650 0.000 0.000 0.000 0.000 0.000
0.000 0.000 10.924 72.820 69.721 70.640 80.616 96.782 105.812 105.704 97.579 94.346 82.017 55.941 0.000 0.000 52.815 51.767 33.670 17.515 67.386 51.267 52.154 51.046 51.945 66.849 72.760 36.678 27.602 79.533 65.467 43.397 4.290 0.000 0.000 0.000 0.000 0.000 0.000 17.094 69.089 63.083 60.080 56.079 11.080 0.000 0.000 0.000 0.000 0.000 0.000 0.000 0.000 0.000 0.000 36.653 45.653 20.653 0.000 20.652 45.652 49.652 0.000 0.000 0.000 26.650 62.650 31.650 0.000 0.000 0.000 0.000 0.000
0.000 86.118 74.028 70.939 68.860 69.738 70.982 75.047 105.916 96.820 92.582 82.172 56.130 0.000 0.000 0.000 56.863 54.816 74.727 58.608 51.486 52.368 51.253 54.145 74.043 70.948 51.861 47.782 52.712 80.653 77.606 41.575 0.000 0.000 0.000 0.000 0.000 0.000 0.000 17.091 76.087 76.084 71.082 62.081 7.080 0.000 0.000 0.000 0.000 0.000 0.000 0.000 0.000 0.000 9.652 48.652 50.652 0.000 0.000 5.652 48.652 49.652 0.000 0.000 0.000 0.000 33.650 0.000 0.000 0.000 0.000 0.000 0.000
2.280 84.208 98.132 90.056 74.958 76.116 68.164 106.113 106.016 75.703 80.381 56.279 0.000 0.000 0.000 0.000 58.958 71.906 69.816 51.704 51.584 51.464 62.347 74.237 63.135 52.040 51.954 51.877 52.812 61.761 79.728 75.723 36.777 0.000 0.000 0.000 0.000 0.000 0.000 0.000 62.085 64.084 76.082 77.081 33.081 0.000 0.000 0.000 0.000 0.000 0.000 0.000 0.000 0.000 40.652 50.652 27.652 0.000 0.000 9.652 49.652 47.652 0.000 0.000 0.000 0.000 0.000 0.000 0.000 0.000 0.000 0.000 0.000
20.352 97.302 100.236 100.167 95.141 85.297 106.300 106.207 67.868 62.640 0.000 0.279 0.000 0.000 0.000 0.000 70.105 75.033 50.929 52.807 52.681 64.555 73.435 55.323 52.218 52.122 52.036 51.961 51.899 51.851 60.820 80.812 73.831 47.862 38.875 42.878 11.879 0.000 0.000 0.000 1.084 42.083 82.082 82.082 43.081 0.000 0.000 0.000 0.000 0.000 0.000 0.000 0.000 0.000 29.652 28.652 0.000 0.000 0.000 0.000 29.652 56.652 0.000 0.000 0.000 0.000 0.000 0.000 0.000 0.000 0.000 0.000 0.000
90.474 100.409 100.351 100.238 104.482 95.542 106.391 67.979 70.662 65.334 0.000 0.000 0.000 0.000 0.000 63.477 75.323 52.194 53.058 52.917 60.776 73.642 51.516 52.400 52.293 52.195 52.108 52.033 51.971 51.923 51.891 55.874 56.874 51.881 52.884 59.881 41.880 0.000 0.000 0.000 0.000 0.000 37.082 73.082 36.082 0.000 0.000 0.000 0.000 0.000 0.000 0.000 0.000 0.000 0.000 0.000 0.000 0.000 0.000 0.000 0.000 8.652 0.000 0.000 0.000 0.000 0.000 0.000 0.000 0.000 0.000 0.000 0.000
96.580 96.521 100.435 101.599 98.647 106.566 106.479 72.655 57.112 2.235 5.235 2.235 0.000 0.000 0.000 80.631 57.516 53.362 53.193 55.024 75.866 55.720 52.588 52.468 52.358 52.257 52.167 52.091 52.029 51.981 51.945 50.921 49.908 52.902 34.901 0.000 0.000 0.000 0.000 0.000 0.000 0.000 0.000 66.082 54.082 21.081 0.000 0.000 0.000 0.000 0.000 0.000 0.000 0.000 0.000 0.000 0.000 0.000 0.000 0.000 0.000 0.000 0.000 0.000 0.000 0.000 0.000 0.000 0.000 0.000 0.000 0.000 0.000
75.695 75.631 79.610 75.768 106.737 106.652 84.155 65.370 56.310 0.000 0.235 2.235 0.000 0.000 0.000 55.901 51.747 51.545 50.328 63.123 55.942 49.784 50.648 50.526 50.414 50.308 51.214 52.136 52.074 52.025 50.987 48.958 50.934 50.921 47.915 37.917 40.918 42.917 41.917 43.917 14.917 0.000 0.000 4.082 63.081 35.081 0.000 0.000 0.000 0.000 0.000 0.000 0.000 0.000 0.000 0.000 0.000 0.000 0.000 0.000 0.000 0.000 0.000 0.000 0.000 0.000 0.000 0.000 0.000 0.000 0.000 0.000 0.000
90.810 112.699 77.948 108.007 106.820 66.699 57.298 0.000 71.726 30.077 0.000 0.000 0.000 0.000 99.703 78.325 49.025 56.742 67.451 66.196 61.995 59.827 59.692 59.575 58.463 52.346 48.243 52.165 52.105 52.059 51.022 50.988 54.951 54.931 55.922 65.919 65.918 61.918 54.917 53.917 32.917 0.000 0.000 0.000 22.081 28.081 0.000 0.000 0.000 0.000 0.000 0.000 0.000 0.000 0.000 0.000 0.000 0.000 0.000 0.000 0.000 0.000 0.000 0.000 0.000 0.000 0.000 0.000 0.000 0.000 0.000 0.000 0.000
138.891 117.489 115.536 106.974 106.899 94.786 0.000 38.771 66.771 140.429 115.896 2.166 47.245 36.663 98.081 57.672 55.287 126.948 117.538 113.215 113.016 111.838 110.719 109.619 108.517 79.371 46.249 52.175 52.123 52.084 52.052 44.020 0.000 0.000 0.000 0.000 0.000 0.000 18.917 70.917 49.917 20.917 0.000 0.000 0.000 0.000 0.000 0.000 0.000 0.000 0.000 0.000 0.000 0.000 0.000 0.000 0.000 0.000 0.000 0.000 0.000 0.000 0.000 0.000 0.000 0.000 0.000 0.000 0.000 0.000 0.000 0.000 0.000
97.060 116.647 107.112 107.044 91.304 0.000 0.000 0.000 10.159 61.971 49.710 0.000 28.481 0.000 57.285 53.994 63.502 119.225 0.000 5.111 0.000 55.788 64.728 125.665 38.617 0.000 56.206 52.163 52.128 53.101 35.085 0.000 0.000 0.000 0.000 0.000 0.000 0.000 0.000 23.917 70.917 26.917 0.000 0.000 0.000 0.000 0.000 0.000 0.000 0.000 0.000 0.000 0.000 0.000 0.000 0.000 0.000 0.000 0.000 0.000 0.000 0.000 0.000 0.000 0.000 0.000 0.000 0.000 0.000 0.000 0.000 0.000 0.000
117.816 115.871 107.176 115.795 117.642 37.931 0.000 17.735 44.735 54.588 31.262 8.489 49.717 95.282 93.781 86.518 0.000 38.225 0.000 17.007 38.902 66.798 111.740 74.696 39.668 0.000 0.000 58.143 52.124 53.109 34.100 0.000 0.000 0.000 0.000 0.000 0.000 0.000 0.000 0.000 17.916 56.916 21.916 0.000 0.000 0.000 0.000 0.000 0.000 0.000 0.000 0.000 0.000 0.000 0.000 0.000 0.000 0.000 0.000 0.000 0.000 0.000 0.000 0.000 0.000 0.000 0.000 0.000 0.000 0.000 0.000 0.000 0.000
115.950 107.292 107.236 96.301 39.066 0.000 0.000 0.000 6.458 33.383 0.000 0.000 42.614 86.348 140.039 75.778 0.000 0.000 0.000 0.000 0.000 80.762 115.738 45.712 42.690 0.000 0.000 0.000 57.115 51.110 49.106 47.107 35.108 0.000 0.000 0.000 0.000 0.000 0.000 0.000 12.916 70.916 28.916 0.000 0.000 0.000 0.000 0.000 0.000 0.000 0.000 0.000 0.000 0.000 0.000 0.000 0.000 0.000 0.000 0.000 0.000 0.000 0.000 0.000 0.000 0.000 0.000 0.000 0.000 0.000 0.000 0.000 0.000
