results2_8e3_rain/res_3e8f-0077.wd
ncols         241
nrows         181
xllcorner     12693529.787448
yllcorner     3542525.717860
cellsize      155.156523
NODATA_value  -9999.000000
[rows 33 to 65 of 181, columns 146 to 218 of 241]
60.292 59.531 59.285 59.955 26.651 38.360 60.088 53.821 32.469 0.000 0.000 14.546 0.000 0.000 11.569 36.586 23.589 0.000 0.000 0.000 28.175 36.146 0.000 20.772 12.721 13.642 17.509 26.375 44.229 35.124 30.027 24.948 25.882 25.825 24.774 23.726 22.675 30.608 40.549 32.514 32.485 30.460 9.439 23.425 31.417 0.000 0.606 0.840 24.379 22.321 27.256 37.186 30.100 24.958 0.000 0.000 7.656 7.753 14.696 0.000 0.000 0.000 0.000 0.000 0.000 0.000 0.000 0.000 0.000 0.000 0.000 0.000 0.000
60.168 59.937 59.618 60.320 38.033 55.767 58.535 52.372 0.000 0.000 0.000 16.545 0.000 0.000 0.000 20.631 20.623 28.613 0.000 41.281 29.204 16.118 24.989 15.844 13.738 13.632 12.511 14.386 42.261 40.150 40.051 41.965 34.891 36.825 35.766 35.711 35.657 36.600 40.550 38.511 39.479 34.454 11.435 10.423 0.000 0.000 0.000 6.502 14.403 9.329 15.262 28.202 28.157 26.109 0.000 0.000 0.000 13.033 0.000 0.000 0.000 0.000 0.000 0.000 0.000 15.807 14.819 16.831 6.840 9.845 0.000 0.000 0.000
60.568 60.255 59.960 59.670 59.394 60.138 51.915 38.760 0.000 0.000 0.000 0.000 0.000 0.000 0.000 17.686 14.658 27.604 32.499 24.359 33.245 31.131 12.006 12.875 13.755 13.638 25.518 29.397 33.277 26.165 23.062 32.971 6.890 13.819 8.755 8.696 8.640 11.587 37.540 26.500 24.468 26.442 11.423 13.411 0.000 0.000 2.570 59.571 0.000 0.000 0.000 0.000 29.219 28.212 0.000 0.000 0.000 10.314 7.456 9.543 7.602 15.647 21.684 13.721 35.758 42.795 40.819 25.834 5.844 4.850 8.855 0.000 0.000
60.880 60.585 60.292 60.008 60.735 55.477 37.226 27.993 36.993 0.000 0.000 0.000 0.000 0.000 0.000 14.767 13.722 16.644 12.536 23.410 26.284 29.158 18.028 12.897 12.771 12.648 37.526 43.406 25.287 19.171 19.062 19.966 16.881 16.806 16.739 17.678 20.621 17.569 38.523 30.483 28.450 28.424 10.403 24.387 50.371 0.000 0.000 47.641 0.000 0.000 0.000 0.000 29.287 27.309 5.382 10.433 8.460 6.452 6.511 6.571 5.618 12.655 19.684 6.721 24.759 42.798 38.828 18.843 3.852 3.858 8.861 0.000 0.000
61.206 60.907 60.617 60.334 57.061 42.810 31.518 0.000 0.000 0.000 0.000 19.770 0.000 0.000 0.000 13.895 14.818 14.714 13.593 13.461 19.325 12.188 12.050 13.915 12.783 11.656 35.533 32.414 40.296 44.171 43.050 37.949 33.862 35.786 31.717 35.655 35.597 36.545 40.499 38.460 39.426 35.400 10.379 22.365 44.355 0.000 0.000 50.711 0.000 0.000 0.000 0.000 26.333 29.356 8.404 6.456 6.496 6.525 6.567 6.610 5.646 12.670 21.677 0.000 0.000 0.847 43.854 19.859 3.864 3.868 7.870 0.000 0.000
61.523 61.223 60.934 60.650 50.366 32.184 0.000 0.000 0.000 0.000 17.822 20.770 33.672 33.531 21.346 14.100 13.942 14.801 14.660 13.515 12.367 13.219 13.072 12.928 11.791 20.660 39.537 18.422 32.310 9.167 42.019 31.917 30.834 30.759 27.690 32.627 33.569 33.516 40.470 38.430 35.396 35.370 10.350 24.337 43.330 0.000 0.000 43.782 0.000 0.000 0.000 0.000 30.358 29.377 5.424 7.492 6.543 7.585 7.623 7.658 8.685 16.703 0.000 0.000 0.000 1.880 43.876 24.876 11.878 5.880 8.881 0.000 0.000
61.830 61.527 62.246 54.965 42.569 32.377 0.000 0.000 0.000 0.000 14.875 31.817 25.714 14.576 16.407 16.218 14.049 12.889 14.732 13.572 14.411 14.249 14.090 12.937 12.791 32.656 32.534 32.429 32.355 0.000 13.943 11.868 12.796 12.726 13.658 17.594 20.535 18.482 38.434 32.394 26.360 28.334 11.315 23.303 42.298 0.000 0.000 16.854 7.882 0.000 0.000 0.000 24.364 7.370 0.000 2.545 8.599 12.648 19.684 19.713 19.736 21.754 0.000 0.000 0.000 49.895 42.893 44.893 32.893 7.894 8.894 0.000 0.000
62.116 61.807 61.559 47.394 0.000 0.000 0.000 0.000 0.000 0.000 30.986 25.908 15.793 16.651 16.490 16.317 16.146 13.976 12.806 12.632 14.455 13.277 13.104 11.938 13.782 28.640 19.513 28.404 29.328 0.000 0.000 27.815 26.759 26.691 26.622 28.557 28.496 29.441 41.392 37.351 32.316 34.290 10.273 19.264 47.262 0.000 0.000 75.897 44.912 11.931 0.000 0.000 0.000 0.000 0.000 0.000 5.661 14.723 18.754 17.774 20.791 22.823 8.875 13.902 29.913 44.911 42.910 42.909 30.908 7.908 7.908 0.000 0.000
62.362 63.028 54.787 37.660 0.000 0.000 0.000 0.000 0.000 38.345 32.175 16.038 16.897 16.746 16.584 16.414 16.241 16.065 12.884 13.695 13.499 13.302 14.110 12.928 12.761 15.610 20.474 32.348 19.224 31.059 35.926 28.817 37.734 27.657 28.584 31.515 30.452 29.395 39.344 35.300 23.265 22.238 11.222 18.218 47.224 0.000 0.000 66.927 56.937 33.950 2.965 0.000 0.000 0.000 0.000 0.000 0.000 25.830 17.834 11.838 8.833 23.872 10.901 12.918 20.927 41.928 43.927 41.925 27.923 7.922 4.923 8.928 2.929
70.535 68.155 40.902 30.798 0.000 0.000 0.000 16.851 30.731 31.514 25.333 20.171 17.013 16.852 16.686 16.515 15.340 18.159 22.969 18.765 13.545 14.323 13.107 12.903 12.723 12.565 19.423 20.291 18.162 25.026 23.903 18.795 30.702 10.618 18.541 25.469 24.403 18.342 37.289 30.243 10.205 9.177 12.161 14.161 18.192 0.000 0.000 44.947 24.958 61.969 47.979 0.000 0.000 36.048 10.042 8.027 7.995 9.934 20.915 14.911 0.000 35.930 23.938 19.945 17.948 28.947 44.945 36.942 19.938 8.935 4.933 11.933 35.931
0.000 0.000 19.867 37.832 0.000 0.000 19.100 28.972 42.827 26.649 25.472 25.301 18.133 16.964 16.793 16.620 23.444 31.262 32.069 23.851 18.594 13.339 12.091 12.854 16.664 13.505 12.364 11.233 17.106 17.982 16.865 17.759 19.662 12.574 18.493 23.417 25.347 21.284 37.227 31.177 13.135 12.103 12.083 8.074 0.000 0.000 0.000 0.973 19.980 19.990 54.005 69.030 62.046 30.054 16.053 17.043 17.024 19.996 41.982 59.980 68.997 67.981 69.977 68.975 62.973 56.969 48.965 31.959 14.953 5.948 6.943 19.939 38.934
11.162 0.000 0.000 0.000 0.000 0.000 22.228 42.110 33.956 36.783 33.605 23.429 16.253 17.078 16.903 27.728 32.554 28.378 23.194 19.978 22.640 17.348 17.065 12.757 17.574 11.428 12.295 13.169 12.048 11.930 11.817 11.712 10.615 11.524 11.439 15.360 21.286 20.219 38.157 32.103 11.056 12.019 11.993 10.979 0.000 0.000 0.000 4.993 30.996 20.006 22.021 37.039 48.056 58.068 60.074 66.071 69.061 69.047 68.036 64.031 55.030 53.021 55.013 58.007 60.000 60.993 58.985 62.977 54.969 21.960 8.953 27.945 44.939
49.663 6.044 0.000 0.000 0.000 23.704 39.474 32.286 24.104 31.921 35.737 36.555 26.374 15.193 25.013 33.837 23.666 15.503 15.350 17.227 0.000 0.000 0.000 9.537 13.448 15.337 15.220 12.102 11.986 12.872 11.763 11.659 11.560 12.468 11.380 11.298 11.220 14.148 31.082 30.021 11.969 11.925 11.891 12.871 13.871 0.000 0.000 3.998 22.004 23.019 35.033 22.050 2.070 6.089 42.103 66.106 50.102 45.094 48.086 41.079 27.071 16.060 7.050 5.039 6.028 16.018 14.007 8.996 47.985 62.973 40.962 38.952 42.944
0.000 19.426 0.000 0.000 23.220 32.934 39.678 23.457 26.254 24.059 21.869 29.681 34.494 29.307 33.121 21.940 15.770 16.616 16.479 24.353 0.000 0.000 0.000 6.405 15.344 26.252 27.146 22.034 17.922 19.811 15.704 14.600 12.501 11.406 11.316 12.230 11.149 11.072 14.000 22.933 10.873 10.820 11.775 10.744 0.000 0.000 0.000 0.000 0.000 37.033 21.043 6.061 20.084 22.117 68.143 49.149 32.147 14.143 5.136 6.127 7.115 8.101 8.086 8.071 7.057 5.043 4.029 5.015 13.001 49.986 57.970 42.957 41.948
0.000 4.808 26.768 28.090 26.506 41.134 25.849 19.610 21.395 20.194 16.999 15.807 30.614 37.419 40.223 28.033 17.859 14.714 22.596 0.000 0.000 0.000 0.000 9.334 19.273 26.182 27.078 26.968 28.857 36.747 34.641 30.537 28.438 24.341 18.249 13.159 11.073 11.991 10.913 15.839 8.770 9.706 10.647 12.587 33.498 0.000 0.000 0.000 0.000 41.038 1.046 10.066 1.097 40.151 58.205 18.200 6.194 8.195 8.190 8.177 8.161 8.142 5.123 5.104 4.086 5.068 5.052 5.035 21.019 36.000 8.977 68.960 40.950
0.000 4.153 26.482 18.998 37.579 37.248 31.974 22.738 16.524 17.322 18.127 28.933 31.736 23.532 26.321 35.110 35.919 25.785 0.000 0.000 0.000 0.000 14.410 20.326 24.230 23.125 24.015 23.902 21.790 28.681 29.575 29.471 30.371 27.273 26.178 27.085 17.995 12.907 13.822 10.740 11.662 10.588 9.520 11.459 26.409 0.000 0.000 0.000 0.000 43.039 5.041 0.000 0.000 0.000 25.327 7.254 8.234 6.255 6.250 6.233 5.210 4.185 5.160 5.136 4.114 5.093 4.074 3.056 6.040 2.020 0.000 61.955 70.951
0.000 0.858 20.073 29.840 39.565 30.303 30.064 31.844 29.640 20.444 26.254 35.063 23.865 16.654 15.420 21.167 30.923 37.721 1.490 0.000 17.937 17.735 12.494 21.330 26.197 27.075 22.956 22.836 14.722 11.612 11.506 11.403 10.302 8.203 15.105 29.009 27.914 26.820 21.728 12.638 10.550 11.466 10.387 10.318 11.272 0.000 0.000 0.000 0.000 0.000 0.000 0.000 0.000 0.000 4.523 0.000 0.000 4.340 3.323 3.295 4.262 6.228 6.197 6.168 5.141 5.117 3.096 3.077 4.064 0.000 0.000 0.000 64.951
0.000 0.000 22.851 41.725 32.539 29.336 29.133 29.936 28.746 30.562 35.382 24.200 18.010 17.796 17.539 16.214 16.884 22.539 39.118 36.656 15.139 13.775 12.501 13.304 25.152 23.022 33.898 21.766 14.648 12.539 13.434 12.332 17.231 25.131 21.032 14.932 20.832 30.732 27.633 26.533 17.435 10.338 10.244 11.156 9.089 0.000 0.000 0.000 0.000 0.000 0.000 16.946 11.947 10.896 2.789 0.000 0.000 9.444 6.407 6.362 6.314 6.270 6.231 6.197 6.167 6.139 6.114 5.093 6.076 8.067 0.000 0.000 6.955
0.000 11.763 36.755 32.668 21.531 26.369 31.197 26.022 31.848 37.675 29.511 17.347 16.176 17.983 17.727 21.267 21.861 15.431 26.080 21.709 18.191 14.724 11.432 18.234 22.085 23.964 14.848 41.682 29.567 19.462 11.361 17.261 36.160 46.060 38.958 15.855 17.751 20.645 24.537 29.428 27.318 23.208 12.094 8.974 15.838 21.660 0.000 0.000 0.000 0.000 0.000 0.000 6.998 6.952 6.880 11.825 10.727 6.585 5.501 6.432 6.363 6.307 6.262 6.224 6.190 6.159 6.130 6.104 5.081 5.058 6.028 8.998 4.968
0.000 32.771 38.739 23.662 18.549 20.413 22.263 33.107 36.948 47.782 46.638 39.502 28.366 17.233 20.120 0.000 0.000 14.246 20.060 16.911 0.000 12.497 16.271 33.114 31.990 34.901 0.000 6.548 46.474 40.383 26.287 32.189 50.090 49.990 47.887 16.781 22.672 22.559 24.444 12.325 21.204 27.080 25.952 24.808 37.631 46.482 0.000 0.000 0.000 0.000 0.000 0.000 30.097 11.035 10.953 10.869 10.772 11.667 5.581 4.503 8.399 5.332 5.287 5.247 5.211 6.176 5.144 4.114 4.085 4.057 4.028 3.998 2.971
0.000 43.812 29.768 18.693 18.591 18.470 31.334 29.197 46.055 60.866 57.760 54.656 49.553 40.462 31.400 0.000 0.000 0.000 8.006 18.965 0.000 0.000 9.040 26.963 25.862 40.748 12.587 13.489 46.400 51.309 47.215 46.120 49.022 48.922 49.818 28.710 20.597 22.478 22.353 12.224 21.091 14.958 33.825 4.676 43.396 65.156 35.805 5.590 0.000 0.000 0.000 6.410 66.257 19.138 21.029 20.926 16.825 17.731 9.653 4.600 0.000 5.335 5.306 8.268 11.230 21.192 11.156 6.122 7.090 7.059 7.028 6.998 6.970
29.972 33.897 27.829 25.749 20.654 32.540 26.409 39.291 17.211 0.000 37.880 56.810 55.730 56.661 39.619 0.000 0.000 0.000 1.992 24.978 0.000 0.000 5.887 20.834 15.748 42.644 53.524 53.421 49.328 49.237 49.145 50.053 48.958 48.858 48.754 42.644 17.527 19.402 17.268 12.127 22.980 23.835 26.716 0.000 28.119 63.943 33.668 51.376 12.092 0.000 8.763 64.563 52.384 24.232 18.099 19.981 13.874 7.778 5.699 3.646 0.000 11.369 19.334 27.291 34.248 43.206 32.167 12.129 6.094 7.060 7.028 6.996 6.967
41.048 29.974 29.901 25.822 32.735 29.629 32.469 56.349 43.287 26.220 47.070 55.973 54.895 53.834 33.797 0.000 0.000 0.000 0.000 0.000 0.000 0.000 11.787 20.739 31.654 47.554 49.445 49.345 49.253 49.165 49.078 48.989 48.897 48.800 48.697 48.586 34.466 24.335 17.192 10.036 13.867 13.687 18.487 37.206 23.019 57.827 43.550 50.155 56.808 42.365 46.964 55.697 31.485 32.307 18.156 17.025 8.911 5.810 6.720 8.639 22.544 28.438 46.371 45.315 44.265 43.219 43.175 33.135 11.097 6.061 7.026 6.994 6.963
32.124 20.052 21.979 33.905 30.833 30.774 0.727 0.000 35.367 61.304 56.206 55.119 57.044 38.982 24.938 8.963 0.000 0.000 0.000 0.000 0.000 0.000 17.734 34.682 46.574 49.472 49.358 49.261 49.175 49.093 49.012 48.929 48.841 48.748 48.648 48.538 49.417 43.281 35.128 26.957 24.767 27.560 18.340 35.111 13.926 55.797 0.000 8.887 43.620 15.324 6.030 61.776 25.551 29.356 27.192 8.054 5.935 6.829 6.734 14.645 35.556 46.468 43.396 43.334 43.279 40.228 39.182 37.139 36.098 10.060 6.024 5.990 5.958
22.202 19.130 32.058 31.987 26.920 46.868 0.785 9.631 49.512 56.421 55.334 55.253 55.181 31.111 31.012 41.987 0.000 0.000 0.000 0.000 0.000 0.000 0.000 0.000 43.488 55.403 50.256 49.166 49.092 49.021 48.949 48.873 48.792 48.704 48.609 48.502 48.382 49.244 50.083 46.897 46.683 49.448 29.202 34.972 8.777 49.637 0.000 0.000 39.460 9.281 19.057 52.826 33.588 25.373 29.203 6.065 6.946 5.840 7.743 17.652 38.566 39.484 44.412 43.347 38.288 35.235 39.186 44.140 43.097 32.057 13.020 11.984 10.951
18.284 32.209 33.135 21.063 31.994 52.926 45.852 51.732 57.627 55.537 55.454 55.379 52.315 36.270 0.000 0.000 0.000 0.000 0.000 0.000 0.000 0.000 0.000 0.000 0.000 0.238 41.094 50.057 49.007 48.951 48.889 48.822 48.749 48.669 48.581 50.481 49.365 49.229 48.064 49.867 48.621 48.345 38.050 35.799 12.574 24.339 53.985 32.712 40.480 9.285 37.090 30.882 33.605 21.344 15.184 7.057 6.944 6.841 14.745 19.656 20.571 25.492 33.420 31.354 32.293 43.238 43.187 43.139 43.095 44.053 38.014 33.977 31.943
33.364 33.286 22.211 18.138 33.065 51.992 57.912 56.819 55.729 55.645 55.566 56.494 47.430 40.385 0.000 0.000 0.000 0.000 0.000 0.000 0.000 0.000 0.000 0.000 0.000 16.928 43.969 49.960 48.929 48.886 48.835 48.778 48.714 48.643 50.564 50.475 50.370 42.242 47.079 49.885 52.589 50.262 43.852 39.600 27.383 11.158 58.904 41.671 43.465 8.288 54.137 18.009 0.000 15.215 6.134 7.034 5.933 14.835 20.742 19.654 19.571 18.494 11.422 7.355 37.294 43.237 43.184 43.135 43.090 43.047 44.007 43.969 43.933
30.439 21.362 19.286 17.212 34.138 54.063 55.986 55.904 55.824 55.747 55.674 57.602 36.527 34.456 0.000 0.000 0.000 0.000 0.000 0.000 0.000 0.000 0.000 0.000 0.000 30.885 49.893 48.886 48.863 48.830 48.789 48.740 50.686 49.625 49.559 49.484 43.399 21.292 37.125 47.005 0.000 0.000 21.498 28.368 37.198 24.008 44.803 62.604 47.421 14.265 56.160 0.000 0.000 4.167 7.102 7.014 8.919 18.825 16.735 17.649 19.567 22.490 16.419 17.352 33.290 43.232 43.179 43.129 43.082 43.038 42.997 42.959 42.922
21.513 19.435 24.360 29.286 44.212 56.138 56.064 55.989 55.915 55.846 55.779 56.712 43.619 0.000 0.000 0.000 0.000 0.000 0.000 15.663 0.000 0.000 0.000 0.000 0.000 5.833 40.834 47.826 48.809 48.783 48.749 48.709 50.664 48.615 48.561 48.505 32.449 28.402 0.000 0.000 0.000 0.000 6.275 13.176 35.034 20.872 25.698 68.521 51.349 30.194 40.079 0.000 34.271 11.185 7.094 7.000 8.905 17.812 28.723 28.639 30.558 36.483 31.411 42.345 43.283 43.224 43.170 43.119 43.072 43.027 42.986 42.946 42.909
22.584 19.508 26.433 45.359 56.286 56.214 56.143 56.072 56.004 55.941 55.887 61.849 0.000 0.000 0.000 0.000 0.000 0.000 15.663 27.664 14.665 29.667 25.669 0.000 0.000 27.781 34.782 45.777 48.764 48.743 48.716 49.684 48.647 48.608 48.567 44.526 33.490 38.465 0.000 0.000 0.000 0.000 23.151 15.027 32.891 8.749 10.596 58.432 57.261 49.081 34.884 34.598 23.358 18.208 7.091 6.986 6.889 16.796 38.708 45.625 44.545 44.471 36.400 43.334 43.271 43.213 43.159 43.107 43.059 43.014 42.972 42.932 42.895
20.654 18.579 33.505 53.432 57.360 56.290 56.220 56.153 56.088 56.028 55.978 62.948 0.000 0.000 0.000 0.000 0.000 0.000 4.663 24.664 24.665 23.667 26.671 10.682 18.699 26.729 26.738 43.736 49.726 48.710 48.689 48.663 48.634 48.603 49.572 41.543 37.519 31.505 0.000 0.000 0.000 0.000 0.000 14.891 33.755 10.636 6.504 45.353 62.180 58.988 39.778 18.553 17.354 18.200 9.075 5.967 6.868 9.776 20.689 40.607 43.529 43.455 35.385 43.319 43.257 43.199 43.144 43.093 43.044 42.999 42.957 42.917 42.879
19.723 21.648 41.575 57.504 56.434 56.365 56.297 56.231 56.167 56.106 58.049 56.018 0.000 0.000 0.000 0.000 0.000 0.000 0.000 29.663 35.664 40.665 31.668 30.675 24.686 20.699 31.705 45.703 48.696 48.683 51.666 49.646 48.623 48.600 48.576 43.555 35.539 30.531 5.537 0.000 0.000 0.000 0.000 0.000 25.602 11.536 7.433 40.296 71.119 51.913 30.688 21.480 23.306 21.164 16.043 4.937 6.841 5.751 9.666 28.586 43.509 43.435 35.366 43.300 43.239 43.181 43.126 43.075 43.027 42.982 42.939 42.899 42.861
19.790 29.717 49.645 57.575 56.507 56.439 56.372 56.306 56.243 57.180 55.095 43.056 27.056 0.000 0.000 0.000 0.000 0.000 0.000 30.663 39.663 39.662 43.662 45.665 28.671 27.677 42.679 48.677 48.671 48.661 49.647 48.631 48.614 48.596 48.578 46.563 34.551 35.544 29.543 0.000 0.000 0.000 0.000 0.000 11.516 11.474 5.397 50.280 38.086 43.859 13.580 33.376 27.228 20.105 19.997 10.899 5.808 6.722 5.640 17.561 40.485 42.412 36.343 43.279 44.218 43.160 43.106 43.055 43.007 42.962 42.919 42.879 42.842
