results2_8e3_rain/res_3e8f-0181.wd
ncols         241
nrows         181
xllcorner     12693529.787448
yllcorner     3542525.717860
cellsize      155.156523
NODATA_value  -9999.000000
[rows 99 to 131 of 181, columns 0 to 72 of 241]
0.000 0.000 0.000 0.000 0.000 61.103 101.103 103.103 94.103 89.103 0.000 0.000 0.000 0.000 0.000 3.100 2.100 69.100 66.100 0.000 0.000 2.100 5.100 64.100 63.100 4.100 0.000 0.000 0.000 11.048 0.000 0.000 0.000 0.000 16.905 62.902 58.892 57.875 58.851 59.825 72.796 61.765 65.730 57.692 59.651 57.606 58.559 63.509 64.456 62.402 66.346 59.289 59.231 61.171 64.108 78.039 78.980 63.932 49.889 0.000 0.000 0.000 0.000 0.000 27.947 82.942 79.931 66.913 41.890 36.866 80.842 57.819 59.797
0.000 0.000 0.000 0.000 0.000 62.103 102.103 102.103 0.000 0.000 0.000 0.000 0.000 0.000 0.000 2.100 14.100 80.100 69.100 7.100 4.100 4.100 67.100 66.100 70.100 1.100 0.000 0.000 0.000 69.048 61.048 0.000 0.000 0.007 75.948 85.943 71.934 64.920 58.901 60.879 79.853 64.823 70.789 70.752 61.711 76.666 68.618 69.567 59.514 67.458 67.401 65.343 59.285 60.226 64.163 61.069 23.006 12.969 0.000 0.000 0.000 0.000 0.000 30.964 67.958 79.953 86.945 76.933 52.917 53.900 67.882 58.864 59.844
7.105 0.104 0.000 0.000 0.000 49.104 98.104 107.104 17.104 0.000 0.000 0.000 0.000 0.000 0.000 1.101 3.101 87.100 68.100 69.100 71.100 68.100 65.100 66.100 64.100 2.100 0.000 0.000 0.000 62.048 62.048 63.046 62.038 62.023 60.996 70.987 79.980 26.970 90.955 80.936 85.913 70.885 15.852 86.815 84.774 83.729 87.680 76.628 59.573 62.515 67.456 67.397 64.339 60.287 49.247 0.000 0.000 0.000 0.000 0.000 0.000 0.000 0.000 40.969 67.969 67.967 78.962 77.956 60.947 60.936 59.923 59.909 59.893
75.105 78.105 10.105 0.000 0.000 59.104 98.104 103.104 113.104 18.103 0.000 0.000 0.000 0.000 9.101 9.101 7.101 24.101 72.100 69.100 87.100 101.100 76.100 61.100 0.100 0.000 0.000 0.000 0.000 0.000 61.050 62.052 62.044 62.035 62.027 61.029 61.029 60.023 61.014 65.998 77.977 71.951 14.919 86.882 87.841 65.795 72.746 89.692 83.635 70.574 60.512 66.449 67.387 70.336 55.292 0.000 0.000 0.000 0.000 0.000 0.000 0.000 0.000 2.976 18.982 64.983 61.983 61.981 59.978 59.973 59.965 59.956 59.944
89.105 72.105 72.105 74.105 76.104 95.104 103.104 103.104 103.104 105.103 79.103 18.103 1.102 67.102 74.101 75.101 37.101 32.101 95.100 103.100 98.100 94.100 77.100 1.100 0.000 0.000 0.000 0.000 0.000 0.000 0.000 62.068 61.052 60.046 61.049 62.074 62.082 62.082 62.077 63.066 82.048 77.023 59.991 61.954 72.912 83.866 60.816 72.761 73.700 66.634 86.569 69.502 61.423 2.379 0.000 0.000 0.000 0.000 0.000 0.000 0.000 0.000 0.000 0.000 10.999 65.001 60.004 60.008 60.011 60.012 60.010 58.006 55.998
104.105 94.105 75.105 79.105 97.104 103.104 103.104 103.104 103.104 98.103 70.103 76.103 4.102 58.102 93.101 101.101 101.101 85.101 100.100 107.100 17.100 0.000 0.000 0.000 0.000 0.000 0.000 0.000 0.000 0.000 0.000 62.099 0.000 0.000 0.000 63.136 62.142 62.147 62.147 63.140 79.125 84.101 61.069 62.031 61.988 79.941 80.890 58.834 66.770 85.694 77.629 55.565 0.000 0.000 0.000 0.000 0.000 0.000 0.000 0.000 0.000 0.000 0.000 0.000 8.015 65.018 60.025 60.035 60.045 59.053 58.058 63.059 64.056
104.105 104.105 99.105 102.105 103.105 103.104 103.104 103.104 103.104 99.103 74.103 91.103 0.000 0.000 71.101 95.101 103.101 104.101 103.100 108.100 11.100 0.000 0.000 0.000 0.000 0.000 0.000 0.000 0.000 0.000 0.000 62.129 1.157 1.179 64.195 62.193 62.203 62.215 62.225 62.224 79.211 84.186 61.152 62.112 62.067 63.020 83.970 77.916 84.851 74.744 55.686 0.000 0.000 0.000 0.000 0.000 0.000 0.000 0.000 0.000 0.000 0.000 0.000 0.000 63.027 60.033 60.043 60.060 60.083 59.099 61.109 65.116 66.119
102.105 103.105 103.105 103.105 103.105 103.105 103.104 103.104 103.104 104.103 99.103 106.103 30.102 9.102 59.101 78.101 101.101 103.101 104.100 92.100 6.100 0.000 0.000 0.000 0.000 0.000 0.000 0.000 0.000 0.000 0.000 56.146 61.163 61.183 60.206 62.239 62.262 62.287 62.312 62.320 79.309 84.281 61.243 62.198 62.150 62.101 67.054 90.010 69.974 0.000 0.000 0.000 0.000 0.000 0.000 0.000 0.000 0.000 0.000 0.000 0.000 0.000 0.000 0.000 16.034 67.042 63.054 64.081 62.128 58.150 65.164 66.176 64.186
99.105 104.105 103.105 103.105 103.105 103.105 103.105 103.104 103.104 103.104 104.103 97.103 81.102 72.102 66.101 93.101 103.101 103.101 108.100 11.100 0.000 0.000 0.000 0.000 0.000 0.000 0.000 0.000 0.000 0.000 0.000 0.000 0.000 0.000 0.000 62.293 62.318 62.361 62.415 62.434 78.422 85.388 62.340 62.286 62.232 62.182 62.136 68.094 21.061 0.000 0.000 0.000 0.000 0.000 0.000 0.000 0.000 0.000 0.000 0.000 0.000 0.000 0.000 0.000 0.000 4.046 2.050 0.000 8.198 67.208 65.222 66.239 63.259
99.106 104.106 103.106 103.105 103.105 103.105 103.105 103.104 103.104 103.104 104.103 89.103 68.102 67.102 76.101 100.101 103.101 103.100 109.100 14.100 5.100 0.000 0.000 0.000 0.000 0.000 0.000 0.000 0.000 0.000 0.000 0.000 0.000 0.000 0.000 58.324 62.355 59.423 62.553 62.580 81.559 85.508 62.442 62.374 62.312 62.258 62.212 59.170 9.116 0.000 0.000 0.000 0.000 0.000 0.000 0.000 0.000 0.000 0.000 0.000 0.000 59.342 0.000 0.000 0.000 0.000 0.000 1.284 63.258 64.262 66.277 66.300 63.332
102.106 103.106 103.106 103.106 103.106 103.105 103.105 103.105 103.104 103.104 103.103 100.103 77.102 78.102 95.101 102.101 103.100 103.100 110.100 27.100 0.000 0.000 0.000 0.000 0.000 0.000 0.000 0.000 0.000 0.000 0.000 0.000 0.000 0.000 0.000 0.000 58.355 0.000 61.794 62.776 90.724 77.643 62.547 62.457 62.382 75.325 65.284 60.260 0.000 0.000 0.000 0.000 0.000 0.000 0.000 0.000 0.000 0.000 0.000 0.000 11.342 70.342 55.342 0.000 0.000 0.000 1.320 64.309 67.299 66.304 63.322 59.353 59.398
103.106 103.106 103.106 103.106 103.106 103.106 103.105 103.105 103.105 103.104 103.104 103.103 105.102 105.102 104.101 103.101 103.100 105.100 94.100 37.099 0.000 0.000 0.000 0.000 0.000 0.000 0.000 0.000 0.000 0.000 0.000 0.000 0.000 0.000 0.000 0.000 0.000 0.000 62.053 63.005 96.918 65.793 62.646 62.523 74.436 83.377 62.340 62.324 61.340 0.000 0.000 0.000 0.000 0.000 0.000 0.000 0.000 0.000 0.000 0.000 0.000 66.342 67.342 54.341 1.340 60.337 62.331 66.326 65.326 63.335 62.355 58.390 66.446
102.107 101.107 103.107 103.107 103.106 103.106 103.106 103.105 103.105 103.104 103.104 103.103 103.103 103.102 103.101 103.100 104.100 87.099 15.099 6.099 64.098 78.098 24.098 0.000 0.000 5.098 0.000 0.000 0.000 0.000 0.000 0.000 0.000 0.000 0.000 4.091 4.065 0.906 58.361 69.273 92.149 62.967 59.722 62.553 62.462 62.407 62.374 62.358 62.356 59.356 0.000 0.000 0.000 0.000 0.000 0.000 0.000 0.000 0.000 0.000 0.343 61.342 57.342 63.342 58.341 66.340 66.339 65.339 61.343 64.354 59.374 58.406 58.462
92.107 92.107 101.107 103.107 103.107 103.107 103.106 103.106 103.105 103.105 103.104 104.103 105.103 103.102 103.101 103.100 103.100 25.099 9.099 64.098 74.098 84.098 83.098 76.098 68.098 9.098 0.000 0.000 0.000 0.000 0.000 0.000 0.000 0.000 4.136 63.117 66.069 65.948 62.713 61.577 70.438 58.203 0.000 58.503 62.454 62.416 62.390 62.376 61.371 0.000 0.000 0.000 0.000 0.000 0.000 0.000 63.343 74.343 0.000 0.000 62.343 60.343 60.343 57.343 65.343 66.343 66.344 63.347 66.353 66.364 64.379 59.400 48.421
74.108 79.108 98.108 104.108 103.108 103.107 103.107 103.106 103.106 103.105 105.105 91.104 87.103 102.102 107.101 104.100 99.099 81.098 84.098 90.098 84.098 85.098 64.098 57.098 3.098 0.098 0.000 0.000 0.000 0.000 0.000 0.094 1.095 0.000 54.155 60.173 63.146 63.074 62.966 62.883 64.826 0.000 0.000 0.000 57.433 62.412 62.396 62.386 62.380 0.380 0.000 0.000 0.000 0.000 0.000 23.343 80.343 62.343 60.343 60.343 60.343 60.343 58.343 63.344 66.344 66.346 62.348 66.353 66.360 65.369 59.380 60.392 50.401
58.108 73.108 92.109 105.109 106.108 106.108 104.108 103.107 104.106 103.106 104.105 42.104 13.103 61.102 79.101 100.099 107.098 105.097 105.097 91.097 14.097 0.000 0.000 0.000 0.000 0.000 0.000 0.000 0.000 9.095 11.095 1.095 1.095 1.095 0.000 59.276 63.267 61.237 62.194 64.164 65.155 0.000 0.000 0.000 0.000 55.404 62.396 62.389 59.385 0.000 0.000 0.000 0.000 0.000 0.000 0.000 22.343 76.343 59.343 59.343 60.343 59.343 59.343 65.344 66.345 64.347 52.350 5.356 70.364 64.372 64.379 64.386 50.391
22.108 44.109 77.109 83.110 77.109 79.109 96.108 104.108 100.107 93.106 92.106 27.105 0.000 0.000 0.000 37.098 72.098 98.096 105.095 2.096 0.000 0.000 0.000 0.000 0.000 0.000 0.000 0.000 0.000 51.095 72.095 17.095 2.095 1.095 0.000 59.387 65.408 64.413 73.410 74.422 64.476 9.633 0.000 0.000 0.000 0.000 59.394 60.392 0.000 0.000 0.000 0.000 0.000 0.000 0.000 0.000 0.000 81.343 84.343 64.343 58.343 56.343 66.344 66.344 61.344 0.000 0.000 0.000 11.369 69.374 66.379 66.384 56.386
0.000 0.000 58.111 67.111 19.110 5.110 68.109 97.109 88.108 84.107 98.106 65.105 25.105 0.000 0.000 0.000 0.000 43.094 74.092 0.000 0.000 0.000 0.000 0.000 0.000 0.000 0.000 0.000 0.000 0.000 56.095 74.095 5.095 0.000 0.000 50.477 64.567 62.595 92.612 85.639 63.695 65.790 11.894 0.000 0.000 0.000 54.394 0.000 0.000 0.000 0.000 0.000 0.000 0.000 0.000 0.000 0.000 0.000 69.343 86.343 71.343 65.343 66.344 61.344 0.000 0.000 0.000 0.000 0.000 61.377 66.380 66.382 61.384
0.000 0.000 54.113 99.112 56.112 5.111 57.110 89.110 91.109 102.108 104.106 107.105 113.104 52.102 21.101 0.000 0.000 0.000 14.086 9.083 0.073 2.065 0.000 0.000 0.000 0.000 0.000 0.000 0.000 0.000 57.095 72.095 2.095 9.095 13.095 0.000 57.787 65.790 95.802 77.828 65.874 64.938 69.997 0.000 0.000 0.000 0.000 0.000 0.000 0.000 0.000 0.000 0.000 0.000 0.000 0.000 0.000 0.000 0.000 7.343 74.343 64.343 62.343 0.000 0.000 0.000 0.000 0.378 60.379 59.379 61.380 55.381 0.000
27.117 42.116 76.115 94.114 102.113 71.112 84.111 107.111 104.109 103.108 103.107 103.105 103.104 109.102 112.099 68.096 27.092 9.088 72.085 86.079 79.072 81.065 37.057 13.050 10.045 0.000 0.000 0.000 0.000 0.000 36.095 58.095 64.095 64.095 67.095 26.095 59.004 87.977 89.978 66.998 65.035 65.089 68.161 13.278 8.329 0.000 0.000 0.000 0.000 0.000 0.000 0.000 0.000 0.000 0.000 0.000 0.000 0.000 0.000 0.000 0.343 0.343 8.343 0.000 0.000 0.000 0.000 62.379 57.379 55.379 0.000 0.000 0.000
100.117 103.117 103.116 101.115 99.115 100.114 102.113 102.112 103.110 104.109 104.108 103.106 96.104 100.102 103.099 107.096 111.092 112.088 104.084 100.079 97.072 92.064 94.056 87.048 43.040 21.032 0.000 0.000 0.000 0.000 0.000 0.000 0.000 0.000 0.000 83.187 72.155 101.136 92.135 79.150 66.180 65.223 65.279 69.343 65.381 0.000 0.000 0.000 0.000 0.000 0.000 0.000 0.000 0.000 0.000 0.000 0.000 0.000 0.000 0.000 0.000 0.000 0.000 0.000 0.000 0.000 0.000 0.000 0.000 0.000 0.000 0.000 0.000
103.119 98.118 96.118 95.117 89.116 86.115 87.114 87.113 93.112 98.110 98.108 91.107 75.104 90.102 103.099 103.096 103.093 103.089 103.084 103.079 104.073 104.065 107.056 108.046 108.036 108.024 47.010 0.000 0.000 0.000 0.000 0.000 0.000 0.000 0.000 55.311 81.293 86.278 70.275 87.286 75.310 65.346 65.389 68.435 11.470 0.000 0.744 0.752 0.000 0.000 0.000 0.000 0.000 0.000 0.000 0.000 0.000 0.000 0.000 0.000 0.000 0.000 0.000 0.000 0.000 0.000 0.000 0.000 0.000 0.000 0.000 0.000 0.000
73.120 46.120 68.119 82.119 80.118 60.117 45.116 41.114 61.113 78.111 77.109 70.107 65.105 75.103 96.100 104.097 103.093 103.090 103.085 103.080 103.075 107.067 82.056 70.045 69.033 73.018 75.996 14.961 3.925 0.583 0.411 0.000 0.000 0.000 0.000 53.453 89.429 72.408 64.402 74.410 85.430 69.459 65.496 65.540 71.593 15.685 9.736 1.759 0.776 6.776 4.776 0.000 0.000 0.000 0.000 0.000 0.000 0.000 0.000 0.000 0.000 0.000 0.000 0.000 0.000 0.000 0.000 0.000 0.000 0.000 0.000 0.000 0.000
63.122 34.121 56.121 71.120 67.119 44.118 30.117 34.116 54.114 68.113 66.111 66.109 67.106 65.104 84.101 101.098 103.095 103.091 103.087 103.083 102.078 65.073 0.000 0.000 0.000 0.000 0.000 0.000 0.000 59.870 79.856 31.835 17.814 13.786 60.729 77.618 94.562 71.522 65.515 63.523 80.540 82.566 68.597 65.634 65.677 68.726 77.761 15.781 10.793 0.000 19.776 0.000 0.000 0.000 0.000 0.000 0.000 0.000 0.000 0.000 0.000 0.000 0.000 0.000 0.000 0.000 0.000 0.000 0.000 0.000 0.000 0.000 0.000
76.124 72.123 67.123 66.122 67.121 69.120 70.119 73.118 72.116 68.114 67.112 67.110 67.108 66.105 73.102 95.099 104.096 103.093 105.090 77.086 43.082 0.000 0.000 0.000 0.000 0.000 0.000 0.000 0.000 24.860 46.851 49.836 53.821 67.814 64.783 85.730 82.679 56.605 63.613 65.625 67.643 80.666 72.693 67.722 65.754 64.783 81.802 72.809 66.809 0.000 0.000 0.000 0.000 0.000 0.000 0.000 0.000 0.000 0.000 0.000 0.000 0.000 0.000 0.000 0.000 0.000 0.000 0.000 0.000 0.000 0.000 0.000 0.000
66.126 67.126 67.125 67.124 67.124 67.122 67.121 67.120 67.118 67.116 67.114 67.112 67.109 67.106 65.104 86.101 103.098 105.095 101.092 27.090 0.000 0.000 0.000 0.000 0.000 0.000 0.000 0.000 0.000 0.000 0.000 0.000 0.000 51.867 68.860 94.838 68.818 0.000 51.707 66.721 64.740 68.762 69.785 78.810 67.832 65.850 64.855 60.844 1.827 0.000 0.000 0.000 0.000 0.000 0.000 0.000 0.000 0.000 0.000 0.000 0.000 0.000 0.000 0.000 0.000 0.000 0.000 0.000 0.000 0.000 0.000 0.000 25.407
67.128 67.128 67.127 67.127 67.126 67.125 67.123 66.122 66.120 67.118 67.116 67.114 67.111 67.108 66.105 74.102 89.099 100.096 88.094 14.092 0.000 0.000 0.000 0.000 0.000 0.000 0.000 0.000 0.000 0.000 0.000 0.000 0.000 28.926 77.952 102.946 12.936 0.000 49.787 67.811 65.834 64.856 72.878 83.898 71.916 65.928 69.925 2.884 0.000 0.000 0.000 0.000 0.000 0.000 0.000 0.000 0.000 0.000 0.000 0.000 0.000 0.000 0.000 0.000 0.000 0.000 0.000 0.000 0.000 0.000 0.000 0.000 82.486
67.131 67.131 67.130 67.129 67.128 67.127 67.126 71.124 72.122 68.120 67.118 67.116 67.113 67.110 67.107 66.104 69.100 78.097 78.095 19.093 0.000 0.000 0.000 0.000 0.000 0.000 20.755 0.000 0.000 0.000 0.000 0.000 0.000 1.097 82.075 97.057 20.046 0.000 33.845 64.902 65.930 65.951 64.970 69.989 72.007 68.022 70.031 0.000 0.000 0.000 0.000 0.000 0.000 0.000 0.000 0.000 0.000 0.000 0.000 0.000 0.000 0.000 0.000 0.000 0.000 0.000 0.000 0.000 0.000 0.000 0.000 66.708 75.617
67.134 67.133 67.133 67.132 67.131 67.130 66.129 78.127 83.125 70.123 67.121 67.118 67.115 67.112 67.108 67.105 67.101 66.098 69.095 50.092 0.000 0.000 0.000 0.000 0.000 62.755 83.755 45.753 36.744 35.733 0.000 0.000 0.000 63.276 105.205 79.162 79.144 6.164 0.000 51.021 68.033 66.048 66.064 64.081 80.100 84.122 78.147 1.248 0.000 0.000 0.000 0.000 0.000 0.000 0.000 0.000 0.000 0.000 0.000 0.000 0.000 0.000 0.000 0.000 0.000 0.000 0.000 0.000 0.000 0.000 40.871 91.799 77.725
67.137 67.137 67.136 67.135 67.134 67.133 66.132 79.130 85.128 69.126 67.123 67.120 67.117 67.114 67.110 67.106 67.102 67.098 67.094 73.089 44.084 0.000 0.000 0.000 2.756 25.756 40.756 62.759 70.747 74.722 48.673 24.607 59.518 97.392 95.306 75.241 57.204 15.184 0.000 51.128 68.134 67.143 70.156 65.172 74.192 97.218 94.257 39.329 3.385 19.411 0.000 0.000 0.000 0.000 0.000 0.000 0.000 24.911 54.913 58.915 0.000 0.000 67.951 128.954 0.000 0.000 0.000 0.000 0.000 0.000 77.942 133.891 116.830
64.140 65.140 66.139 66.139 67.138 67.136 65.135 80.133 83.131 66.129 67.126 67.123 67.120 67.116 67.112 67.108 67.104 67.099 67.093 67.087 73.079 53.069 4.061 0.000 0.000 0.000 0.000 38.779 69.763 65.734 68.690 72.631 84.555 101.467 85.387 53.292 3.248 0.000 0.000 50.229 67.231 70.236 83.245 69.258 79.276 80.301 99.334 103.377 86.415 36.438 0.000 0.000 0.000 0.000 0.000 0.000 0.000 0.000 15.915 43.920 57.929 89.939 127.950 50.960 0.000 0.000 0.000 0.000 0.000 64.154 74.065 74.996 77.932
85.144 80.144 75.143 73.142 69.141 65.140 65.138 80.137 83.134 65.132 67.129 67.126 67.123 67.119 67.115 67.110 66.105 65.100 66.093 66.085 66.077 72.066 49.054 26.039 1.022 0.000 0.000 37.814 75.794 69.763 64.721 77.670 100.606 94.533 62.483 0.000 0.000 0.000 0.000 48.329 66.324 71.324 78.329 73.339 78.354 77.375 90.401 84.431 77.460 50.486 5.518 0.000 0.000 0.000 0.000 0.000 0.000 0.000 0.000 11.924 89.930 92.940 95.953 0.186 10.793 0.000 0.000 7.317 41.318 69.243 138.166 102.104 133.992
105.148 104.147 100.147 95.146 91.145 86.144 81.142 77.140 72.138 66.136 67.133 67.130 67.126 67.122 66.118 68.113 74.107 79.101 78.094 76.086 70.076 65.064 69.050 75.031 39.005 19.970 23.928 57.870 80.834 71.801 67.764 90.721 102.666 58.576 3.530 0.000 0.000 11.509 18.489 52.434 65.414 70.407 86.408 76.416 69.428 62.443 68.463 86.485 83.508 89.530 8.549 0.000 0.000 0.000 0.000 0.000 0.000 0.000 0.000 0.000 0.000 0.000 0.000 0.000 7.830 0.000 0.000 0.000 76.392 67.333 77.268 100.165 76.341
