results2_8e3_rain/res_3e8f-0108.wd
ncols         241
nrows         181
xllcorner     12693529.787448
yllcorner     3542525.717860
cellsize      155.156523
NODATA_value  -9999.000000
[rows 0 to 32 of 181, columns 146 to 218 of 241]
0.000 0.000 0.000 0.000 0.000 0.000 0.000 0.000 0.000 0.000 0.000 0.000 0.000 0.000 4.286 15.172 15.981 15.743 15.475 15.195 14.917 14.656 14.422 14.222 14.059 13.931 13.837 13.772 13.730 13.707 13.697 18.694 0.000 0.000 0.000 0.000 0.000 0.000 0.000 0.000 0.000 0.000 0.000 0.000 0.000 0.000 0.000 0.000 0.000 6.644 13.644 0.000 0.000 29.774 34.773 0.000 0.000 0.000 0.000 0.000 0.000 0.000 0.000 0.000 0.000 0.000 0.000 0.000 0.000 0.000 0.000 0.000 0.000
0.000 0.000 0.000 0.000 0.000 0.000 0.000 0.000 0.000 0.000 0.000 0.000 0.000 0.000 15.400 16.248 16.029 15.771 15.488 15.193 14.901 14.629 16.388 15.185 14.023 13.898 13.808 13.748 13.712 13.694 13.691 18.690 0.000 0.000 0.000 0.000 0.000 0.000 0.000 0.000 0.000 0.000 0.000 0.000 0.000 0.000 0.000 0.000 3.646 25.645 1.644 0.000 8.776 41.774 35.774 0.000 0.000 0.000 0.000 0.000 0.000 0.000 0.000 0.000 0.000 0.000 0.000 0.000 20.698 0.000 0.000 0.000 0.000
0.000 0.000 0.000 0.000 0.000 0.000 0.000 0.000 0.000 0.000 0.000 0.000 0.000 18.985 17.666 16.392 16.117 15.825 15.513 15.186 14.865 16.570 16.316 14.109 13.948 13.831 13.750 13.700 13.674 13.668 15.682 9.686 0.000 0.000 0.000 0.000 0.000 0.000 0.000 0.000 0.000 0.000 0.000 0.000 0.000 0.000 0.000 0.000 15.648 0.000 0.000 3.778 34.778 0.000 0.000 0.000 0.000 0.000 0.000 0.000 0.000 0.000 0.000 0.000 0.000 0.000 0.000 0.000 23.699 0.000 0.000 0.000 0.000
0.000 0.000 0.000 0.000 0.000 0.000 0.000 0.000 0.000 0.000 0.000 0.000 2.272 18.304 16.888 16.536 16.220 15.901 15.550 15.175 15.804 15.472 14.197 13.985 13.831 13.726 13.661 13.627 13.616 19.622 0.000 0.000 0.000 0.000 0.000 0.000 0.000 0.000 0.000 0.000 0.000 0.000 0.000 0.655 0.000 0.000 0.000 0.000 59.650 0.000 0.000 9.779 36.780 0.000 0.000 0.000 0.000 0.000 0.000 0.000 0.000 0.000 0.000 1.721 20.720 0.000 0.000 13.700 22.700 23.699 0.000 0.000 0.000
0.000 0.000 0.000 0.000 0.000 0.000 0.000 0.000 0.000 0.000 0.000 7.887 1.172 2.207 17.044 16.643 16.328 16.009 15.613 15.158 15.704 15.315 14.015 13.803 13.665 13.582 13.542 13.531 14.542 15.582 0.000 0.000 0.000 0.000 0.000 0.000 0.000 0.000 0.000 0.000 0.000 0.000 1.656 24.657 19.657 0.000 0.000 15.651 43.652 0.000 0.000 0.000 36.784 0.000 0.000 0.000 0.000 0.000 0.000 0.000 0.000 0.000 35.723 39.722 41.720 0.000 0.000 26.701 21.700 21.699 31.699 0.000 0.000
0.000 0.000 0.000 0.000 0.000 0.000 0.000 0.000 0.000 0.000 10.509 3.159 1.588 1.107 1.085 14.665 16.438 16.195 15.736 17.138 16.540 14.068 13.746 13.549 13.442 13.397 13.393 13.413 19.440 0.000 0.000 0.000 0.000 0.000 0.000 0.000 0.000 0.000 0.000 0.000 0.000 0.000 0.000 4.657 25.658 17.659 15.660 0.000 28.655 1.655 0.000 0.000 21.788 34.791 25.792 23.792 32.792 0.000 0.000 0.000 0.000 0.000 35.725 37.723 42.719 21.714 10.709 27.704 30.702 0.000 0.000 0.000 0.000
0.000 0.000 0.000 0.000 0.000 0.000 0.000 0.000 0.000 0.000 6.840 3.598 3.275 2.803 0.281 0.460 9.566 17.595 16.999 17.118 14.250 13.671 13.353 13.204 13.156 13.170 13.219 13.288 8.364 0.000 0.000 0.000 0.000 0.000 21.702 54.702 0.000 0.000 0.000 0.000 0.000 0.000 0.000 1.658 25.658 38.660 73.662 35.661 36.657 7.656 0.000 0.000 18.790 37.793 22.793 18.793 35.792 0.000 0.000 0.000 0.000 0.000 22.730 28.726 24.721 24.715 28.709 31.704 39.701 0.000 0.000 0.000 18.637
0.000 0.000 0.000 0.000 0.000 0.000 0.000 0.000 0.000 29.873 30.412 7.067 2.719 3.003 2.727 0.633 0.285 4.787 17.549 15.085 13.672 13.014 12.789 12.758 12.811 12.906 14.026 11.157 0.000 0.000 0.000 0.000 0.000 0.000 0.000 42.703 49.703 31.704 23.704 0.000 0.000 0.000 0.000 0.000 0.000 0.000 66.666 45.666 0.000 0.000 0.000 0.000 0.000 30.797 45.796 43.794 45.791 37.786 29.780 32.772 31.762 40.752 44.739 41.730 42.723 42.716 37.709 32.703 29.698 0.000 0.000 0.000 0.000
0.000 0.000 0.000 0.000 0.000 0.000 0.000 0.000 23.811 41.334 42.868 32.453 9.116 1.573 2.707 0.656 2.262 6.822 5.518 15.001 12.337 11.925 12.032 12.230 12.421 13.618 13.822 0.000 0.000 0.000 0.000 0.000 0.000 0.000 0.000 0.000 40.704 50.704 55.704 0.000 0.000 0.000 0.000 0.000 0.000 0.000 38.670 30.670 35.671 2.672 0.000 0.000 14.806 42.803 27.800 21.797 28.793 40.788 28.781 27.773 36.764 45.754 32.743 28.734 31.725 37.717 43.708 45.700 43.691 29.678 20.666 3.656 12.648
0.000 0.000 0.000 0.000 0.000 0.000 0.000 19.785 29.288 44.785 42.274 42.761 35.246 11.735 0.813 4.243 13.656 6.094 1.987 2.704 5.749 10.315 11.186 11.706 12.027 17.323 0.000 0.000 0.000 0.000 0.000 0.000 0.000 0.000 0.000 0.000 7.706 53.705 6.705 0.000 0.000 0.000 0.000 0.000 0.000 34.680 44.675 20.673 36.672 56.672 0.000 0.000 20.810 44.808 23.805 17.802 20.797 33.792 22.785 22.777 24.768 26.758 23.747 24.737 18.728 22.718 28.708 29.699 27.688 36.677 38.666 41.655 49.646
0.000 0.000 0.000 0.000 0.000 0.000 24.774 23.281 46.773 43.242 42.681 42.072 42.373 37.460 19.948 11.719 7.306 0.000 0.000 4.059 2.161 2.971 10.690 11.382 16.659 0.000 0.000 0.000 0.000 0.000 0.000 0.000 31.712 0.000 0.000 0.000 14.708 54.707 0.000 0.000 0.000 0.000 0.000 0.000 29.689 73.685 6.678 9.675 31.674 58.673 0.000 0.000 17.816 42.814 22.812 15.808 18.803 20.797 16.790 15.782 22.772 38.762 21.752 17.741 31.730 27.720 24.709 31.698 31.687 34.675 43.664 47.653 34.644
0.000 0.000 0.000 0.000 0.000 28.704 17.267 45.792 44.281 43.731 43.135 42.474 41.712 41.784 38.618 24.382 3.819 0.000 0.000 45.219 4.158 0.015 0.019 13.475 9.567 0.000 0.000 0.000 0.000 0.000 0.000 0.000 27.713 22.713 31.712 43.712 47.710 37.709 0.000 0.000 0.000 28.704 43.702 48.699 72.695 28.692 0.000 0.000 33.674 21.674 0.000 0.000 20.824 47.822 34.819 18.815 66.810 94.804 43.797 19.788 35.778 82.768 34.756 11.745 76.733 49.722 24.710 31.698 33.686 23.674 32.663 45.651 28.640
0.000 0.000 0.000 0.000 0.000 18.141 39.797 46.340 44.826 44.265 43.654 42.978 42.216 41.344 41.368 40.331 29.580 4.390 49.845 46.965 0.066 0.029 0.010 0.011 0.000 0.000 0.000 0.000 0.000 0.000 0.000 26.713 22.713 27.713 41.713 51.713 35.712 22.711 0.000 0.000 0.000 37.706 36.704 32.701 71.698 31.696 0.000 0.000 12.676 4.675 0.000 13.839 41.834 43.831 37.828 25.824 24.819 57.813 98.805 36.796 29.785 86.774 37.762 11.750 83.737 53.724 16.712 18.699 24.686 15.674 29.661 28.649 16.636
0.000 0.000 0.000 0.000 22.512 32.922 48.440 45.946 45.419 44.851 44.236 43.567 42.829 42.025 41.098 40.377 39.249 51.601 51.266 0.411 0.094 9.166 0.000 0.000 0.000 0.000 0.000 0.000 0.000 42.712 45.713 27.713 26.714 41.715 51.715 37.715 20.713 22.712 22.714 20.715 18.714 30.710 33.707 43.704 83.701 17.698 0.000 0.000 49.678 0.000 0.000 10.845 40.843 40.841 27.839 19.835 15.830 25.823 22.815 62.805 93.794 110.781 91.768 80.755 106.741 100.728 91.714 37.700 17.687 34.673 29.660 18.647 13.634
0.000 0.000 0.000 23.589 33.102 50.594 47.096 46.586 46.051 45.483 44.875 44.221 43.527 42.721 42.201 39.873 51.619 51.621 35.761 18.153 5.337 0.000 0.000 0.000 0.000 0.000 0.000 0.000 0.000 0.000 0.000 6.714 44.715 48.716 40.718 25.720 0.000 0.000 0.000 24.718 20.716 30.713 29.710 52.707 49.705 0.000 0.000 0.000 52.681 0.000 0.000 8.853 38.852 50.852 29.850 35.848 58.843 35.836 17.827 41.816 64.803 98.790 64.776 44.761 92.746 82.731 57.716 26.702 12.687 83.673 51.659 23.645 13.631
0.000 0.000 0.000 29.075 48.715 48.255 47.763 47.252 46.717 46.154 46.557 45.937 44.215 43.824 41.287 51.633 51.617 39.276 40.912 38.600 22.589 3.587 0.000 0.000 0.000 0.000 0.000 0.000 0.000 0.000 0.000 0.000 12.716 44.717 22.720 20.726 26.733 0.000 0.000 25.724 23.721 29.717 30.713 52.709 48.706 0.000 0.000 12.687 59.685 0.000 0.000 10.861 41.862 44.864 25.864 25.862 71.858 106.851 55.841 23.829 39.815 86.800 46.784 13.767 79.751 66.735 24.719 16.704 9.688 90.673 54.659 26.644 27.629
0.000 0.000 29.545 46.921 50.429 48.946 48.451 47.941 47.411 47.855 46.285 45.623 45.321 42.791 51.925 51.719 40.715 41.559 40.608 31.024 11.804 0.000 0.000 0.000 0.000 0.000 0.000 0.000 0.000 0.000 0.000 0.000 0.000 0.000 0.000 25.733 22.740 21.744 23.741 25.732 21.726 29.722 31.717 43.711 39.705 1.699 20.693 53.689 4.687 0.000 0.000 10.869 37.872 43.877 29.881 14.881 16.876 41.869 28.857 10.844 28.828 83.811 39.793 5.774 76.756 61.739 19.722 15.705 11.689 89.674 54.658 26.643 17.627
0.000 28.713 42.170 51.634 50.136 49.648 49.155 48.650 49.126 48.594 46.973 46.722 44.196 52.704 52.261 42.259 43.286 41.187 28.438 0.000 0.000 0.000 0.000 0.000 0.000 0.000 0.000 0.000 0.000 0.000 0.000 0.000 0.000 0.000 0.000 0.000 29.751 39.750 50.747 38.739 27.731 31.726 28.721 33.713 26.705 45.698 63.692 51.689 0.000 0.000 0.000 9.875 35.881 40.892 46.901 44.903 32.899 22.890 35.877 67.861 86.843 107.823 87.802 70.782 104.762 97.742 79.724 39.707 12.691 87.674 59.659 31.643 18.627
25.697 37.256 51.788 51.308 50.832 50.355 49.872 50.375 49.874 48.286 48.072 45.560 53.789 53.222 43.725 44.919 45.891 24.107 0.000 0.000 0.000 0.000 0.000 0.000 0.000 0.000 0.000 0.000 0.000 0.000 0.000 0.000 0.000 0.000 0.000 0.000 27.762 31.760 49.756 8.748 0.000 38.733 29.728 32.715 28.705 16.696 35.690 50.686 37.683 0.000 0.000 0.000 0.894 43.908 45.929 38.933 26.927 35.916 86.901 77.882 58.860 59.836 60.812 60.788 60.766 61.746 63.727 34.709 14.692 86.675 62.659 25.644 19.632
29.139 52.825 52.418 51.979 51.528 51.069 50.599 50.128 49.572 49.391 46.897 55.003 54.386 45.084 46.358 45.411 40.978 0.623 0.000 0.000 0.000 0.000 0.000 0.000 0.000 0.000 0.000 0.000 0.000 0.000 0.000 0.000 0.000 0.000 0.000 0.000 28.776 39.773 23.771 0.000 0.000 35.746 32.743 0.000 0.000 20.689 34.686 49.683 46.681 15.680 0.000 0.000 0.000 0.000 12.976 27.972 11.961 72.946 73.928 22.905 28.880 70.851 41.822 13.795 59.770 49.748 29.728 27.710 18.693 86.676 57.659 14.642 15.626
46.894 54.487 53.081 52.662 52.232 52.791 51.351 50.829 50.685 48.214 56.262 55.628 45.352 47.659 46.711 47.150 16.555 0.000 0.000 0.000 0.000 0.000 0.000 0.000 0.000 0.000 0.000 0.000 0.000 0.000 0.000 0.000 0.000 0.000 0.000 0.000 48.791 46.787 50.783 47.781 43.773 43.761 37.755 0.000 0.000 20.687 33.683 51.678 58.678 21.679 0.000 0.000 0.000 0.000 7.028 20.017 40.001 86.981 49.959 9.933 77.902 78.865 27.830 14.799 35.770 91.747 50.728 18.711 18.695 81.678 99.659 86.638 91.605
56.535 54.148 53.757 53.357 52.944 54.535 52.047 51.947 49.511 57.541 56.898 40.559 44.826 48.935 45.452 22.792 0.000 0.000 0.000 0.000 0.000 0.000 0.000 0.000 0.000 0.000 0.000 0.000 0.000 0.000 0.000 0.000 0.000 0.000 0.000 47.825 46.812 47.802 49.794 48.787 46.778 47.769 40.763 0.000 0.000 21.688 33.679 56.671 29.674 0.000 0.000 0.000 0.000 5.126 35.091 14.067 79.044 73.019 16.993 72.966 85.933 34.878 22.836 25.800 20.766 51.744 90.727 47.712 10.698 81.682 84.663 58.646 0.599
47.162 53.812 54.444 54.060 53.677 53.218 53.158 50.758 58.785 58.185 23.707 28.935 31.883 50.585 34.239 0.000 0.000 0.000 0.000 0.000 0.000 0.000 0.000 38.178 27.177 0.000 0.000 0.000 0.000 0.000 0.000 0.000 0.000 0.000 0.000 24.839 18.828 21.815 25.804 20.794 19.784 18.775 20.765 24.752 18.732 11.699 26.676 5.651 0.000 0.000 0.000 0.000 0.000 7.161 30.142 21.117 22.089 22.059 14.030 35.004 35.985 0.000 0.000 0.000 26.751 19.736 41.723 34.712 16.702 49.692 0.000 0.000 0.000
25.825 41.495 54.142 56.785 54.346 54.313 51.918 59.811 59.338 32.627 0.000 42.227 0.000 54.158 22.700 0.000 0.000 0.000 0.000 0.000 0.000 0.000 0.000 45.179 39.177 0.000 0.000 0.000 0.000 0.000 0.000 0.000 0.000 10.969 0.000 25.865 21.846 21.828 21.813 21.801 21.790 21.780 21.771 23.760 1.746 0.000 0.000 27.607 0.000 0.000 0.000 0.000 8.216 39.216 27.200 26.172 18.135 19.098 19.065 17.036 31.019 0.000 0.000 0.000 0.000 22.727 17.718 30.711 29.706 0.000 0.000 0.000 0.000
17.532 25.199 47.863 52.459 55.437 52.997 60.505 60.198 39.436 15.253 0.000 58.832 56.741 43.199 0.000 0.000 0.000 0.000 0.000 0.000 0.000 0.000 48.196 54.183 25.174 0.000 0.000 0.000 0.000 0.000 0.000 0.000 0.000 27.969 25.951 22.909 21.864 18.837 22.819 22.807 22.796 22.786 22.777 25.772 0.000 0.000 0.000 25.563 25.548 0.000 0.000 0.000 0.000 26.288 19.271 18.236 17.181 17.134 17.096 17.056 18.037 27.037 0.000 0.000 0.000 0.000 23.711 26.708 24.706 0.000 0.000 0.000 19.492
21.260 31.915 36.559 34.478 46.057 60.842 60.720 44.348 23.129 16.643 0.000 38.503 51.195 24.697 0.000 0.000 0.000 0.000 36.314 42.305 34.286 32.248 41.209 34.184 24.161 0.000 0.000 0.000 0.000 0.000 0.000 0.000 0.000 25.988 22.975 21.958 0.000 0.000 27.821 21.812 21.801 21.790 21.782 22.778 0.000 0.000 0.000 26.535 25.533 0.000 0.000 0.000 23.377 19.377 19.361 19.320 18.220 18.160 22.128 0.000 0.000 0.000 0.000 0.000 0.000 0.000 23.707 18.706 18.705 19.704 0.000 0.000 21.492
32.950 46.611 22.348 21.237 60.880 60.882 47.272 34.019 30.377 35.231 0.000 5.483 40.839 0.000 0.000 0.000 0.000 32.333 36.324 38.315 36.306 0.000 0.000 0.000 36.126 20.091 0.000 0.000 0.000 0.000 0.000 0.000 0.000 36.020 33.005 7.989 0.000 0.000 40.831 26.820 22.806 21.793 25.783 2.780 0.000 1.491 39.496 20.510 24.515 0.000 0.000 0.000 0.000 24.484 19.476 23.463 0.000 0.000 0.000 0.000 0.000 0.000 0.000 0.000 0.000 0.000 23.704 18.704 18.703 23.703 0.000 0.000 0.000
53.609 42.214 22.297 17.819 60.813 22.247 27.992 30.245 33.945 52.557 62.047 50.107 0.000 0.000 0.000 0.000 30.352 24.343 30.333 45.324 44.318 0.000 0.000 0.000 0.000 37.056 0.000 0.000 0.000 22.196 0.000 0.000 38.104 37.066 43.036 36.004 0.943 54.882 51.853 49.831 47.811 39.791 20.778 7.778 0.000 15.485 68.487 22.494 23.504 0.000 0.000 0.000 0.000 29.598 15.596 20.593 0.000 0.000 0.000 0.000 0.000 0.000 0.000 0.000 0.000 19.702 21.702 23.703 17.702 22.703 0.000 0.000 0.000
62.150 49.265 31.581 60.269 18.199 20.008 19.201 18.867 28.460 56.026 51.476 22.792 0.000 0.000 29.400 0.000 37.362 29.354 40.343 35.330 14.324 0.000 0.000 0.000 0.000 41.021 17.010 0.000 0.000 18.196 26.197 30.180 32.141 34.107 24.069 21.004 28.940 28.896 48.866 31.842 25.816 23.785 3.758 0.000 0.000 10.480 78.472 34.476 0.489 0.000 0.000 0.000 0.000 42.716 15.717 22.720 0.000 0.000 0.000 0.000 0.000 0.000 0.000 0.000 0.000 21.701 36.702 34.702 27.702 0.000 0.000 0.000 0.000
60.165 58.417 59.690 37.053 24.986 21.154 20.815 19.415 26.028 41.605 37.041 0.000 0.000 0.000 32.401 53.394 48.379 49.367 31.355 0.000 0.000 0.000 0.000 0.000 31.988 22.998 14.999 0.000 0.000 0.000 30.215 34.201 34.175 34.150 18.131 0.000 24.918 25.896 49.875 35.854 29.826 15.774 22.712 37.633 57.557 46.484 70.445 35.460 0.000 0.000 0.000 0.000 0.000 40.833 16.836 17.852 22.907 0.000 0.000 0.000 0.000 0.000 0.000 0.000 0.000 0.000 40.701 37.701 0.000 0.000 0.000 0.000 0.000
58.204 59.583 58.844 57.885 40.055 19.728 20.337 20.975 19.626 22.328 0.000 0.000 0.000 0.000 48.407 38.403 36.395 32.381 0.000 0.000 0.000 0.000 0.000 32.977 23.979 19.982 2.991 0.000 0.000 0.000 30.249 38.233 47.210 46.187 48.173 36.179 0.000 0.000 52.885 36.874 10.860 0.000 25.683 35.632 62.554 24.453 8.365 0.000 0.000 0.000 0.000 0.000 0.000 31.948 18.941 19.945 22.963 0.000 0.000 0.000 0.000 0.000 0.000 0.000 0.000 0.000 0.000 0.000 0.000 0.000 0.000 0.000 0.000
59.580 58.572 60.704 60.888 44.582 21.204 23.856 23.517 21.175 21.751 0.000 28.429 0.000 0.000 42.419 42.418 49.415 0.000 0.000 7.161 0.000 0.000 0.000 27.975 21.969 15.962 0.000 0.000 0.000 0.000 28.298 29.273 31.244 30.216 28.196 20.186 0.000 0.000 54.907 40.895 25.882 0.000 24.705 35.658 59.573 15.408 11.199 0.000 0.000 0.000 0.000 0.000 0.000 39.070 18.037 20.023 20.038 21.081 25.097 0.000 0.000 0.000 0.000 0.000 0.000 0.000 0.000 0.000 0.000 0.000 0.000 0.000 0.000
59.236 61.449 60.655 61.373 35.012 25.679 45.361 39.061 20.807 0.000 0.000 25.430 40.431 45.432 31.431 52.434 44.434 0.000 0.000 21.161 52.162 4.151 0.000 28.981 22.959 19.936 0.000 0.000 36.516 32.460 28.373 30.318 35.275 35.239 33.208 44.182 36.158 0.000 54.941 46.919 46.890 38.845 19.774 37.722 45.674 0.000 13.823 0.000 0.000 0.000 0.000 0.000 4.346 43.227 15.112 17.073 18.085 19.108 24.113 0.000 0.000 0.000 0.000 0.000 0.000 0.000 0.000 0.000 0.000 0.000 0.000 0.000 0.000
