results2_8e3_rain/res_3e8f-0108.wd
ncols         241
nrows         181
xllcorner     12693529.787448
yllcorner     3542525.717860
cellsize      155.156523
NODATA_value  -9999.000000
[rows 99 to 131 of 181, columns 0 to 72 of 241]
0.000 0.000 0.000 0.000 0.000 59.041 99.041 101.041 92.040 87.040 0.000 0.000 0.000 0.000 0.000 0.035 0.018 67.038 64.038 0.000 0.000 0.023 3.036 62.036 61.035 2.035 0.000 0.000 0.000 8.418 0.000 0.000 0.000 0.000 14.275 60.272 56.262 55.244 56.219 57.192 70.162 59.129 63.092 55.053 57.009 54.963 55.913 60.860 61.804 59.747 63.687 56.626 56.563 58.499 61.432 75.359 76.298 61.248 47.203 0.000 0.000 0.000 0.000 0.000 25.060 80.056 77.045 64.026 39.004 33.982 77.961 54.940 56.921
0.000 0.000 0.000 0.000 0.000 60.041 100.041 100.041 0.000 0.000 0.000 0.000 0.000 0.000 0.000 0.010 12.038 78.038 67.038 5.038 2.038 2.037 65.037 64.036 68.036 0.000 0.000 0.000 0.000 66.418 58.418 0.000 0.000 0.000 73.320 83.314 69.305 62.291 56.272 58.249 77.221 62.190 68.155 68.116 59.073 74.026 65.975 66.922 56.865 64.806 64.746 62.683 56.620 57.555 61.487 58.390 20.325 10.286 0.000 0.000 0.000 0.000 0.000 28.057 65.057 77.053 84.045 74.032 50.017 51.000 64.984 55.967 56.950
5.044 0.000 0.000 0.000 0.000 47.042 96.042 105.042 15.042 0.000 0.000 0.000 0.000 0.000 0.000 0.000 1.039 85.039 66.039 67.038 69.038 66.037 63.037 64.037 62.036 0.014 0.000 0.000 0.000 59.418 59.418 60.417 59.409 59.396 58.370 68.361 77.354 24.344 88.329 78.309 83.285 68.255 13.221 84.183 82.139 81.092 85.041 73.987 56.929 59.868 64.806 64.742 61.677 57.614 46.571 0.000 0.000 0.000 0.000 0.000 0.000 0.000 0.000 38.057 65.057 65.055 76.049 75.041 58.031 58.019 57.007 56.993 56.980
73.044 76.044 8.044 0.000 0.000 57.042 96.042 101.042 111.042 16.043 0.000 0.000 0.000 0.000 7.040 7.040 5.040 22.039 70.039 67.039 85.038 99.038 74.037 59.037 0.000 0.000 0.000 0.000 0.000 0.000 58.420 59.422 59.416 59.408 59.402 58.406 58.406 57.401 58.391 63.375 75.353 69.326 12.292 84.254 85.211 63.163 70.111 87.055 80.995 67.932 57.867 63.802 64.732 67.653 52.612 0.000 0.000 0.000 0.000 0.000 0.000 0.000 0.000 0.049 16.061 62.060 59.057 59.052 57.046 57.039 57.030 57.021 57.010
87.044 70.044 70.044 72.044 74.044 93.043 101.043 101.043 101.043 103.043 77.043 16.043 0.000 65.041 72.041 73.040 35.040 30.040 93.039 101.039 96.039 92.038 75.038 0.000 0.000 0.000 0.000 0.000 0.000 0.000 0.000 59.436 58.424 57.419 58.425 59.454 59.463 59.464 59.459 60.447 79.428 74.402 57.369 59.330 70.286 81.238 58.185 70.128 71.064 63.997 83.931 66.865 58.799 0.000 0.000 0.000 0.000 0.000 0.000 0.000 0.000 0.000 0.000 0.000 8.066 62.066 57.065 57.064 57.063 57.060 57.055 55.050 53.042
102.044 92.044 73.044 77.044 95.044 101.043 101.043 101.043 101.043 96.043 68.043 74.042 2.042 56.041 91.041 99.041 99.040 83.040 98.040 105.039 15.039 0.000 0.000 0.000 0.000 0.000 0.000 0.000 0.000 0.000 0.000 59.463 0.000 0.000 0.000 60.522 59.528 59.532 59.533 60.526 76.510 81.484 58.451 59.411 59.366 77.317 78.264 56.206 64.139 83.060 74.993 52.929 0.000 0.000 0.000 0.000 0.000 0.000 0.000 0.000 0.000 0.000 0.000 0.000 5.072 62.073 57.075 57.078 57.081 56.082 55.082 60.080 61.076
102.044 102.044 97.044 100.044 101.044 101.044 101.044 101.043 101.043 97.043 72.043 89.043 0.000 0.000 69.041 93.041 101.041 102.040 101.040 106.040 9.040 0.000 0.000 0.000 0.000 0.000 0.000 0.000 0.000 0.000 0.000 59.490 0.000 0.000 61.591 59.584 59.593 59.606 59.615 59.614 76.601 81.575 58.539 59.497 59.450 60.401 81.348 75.292 82.224 72.112 53.053 0.000 0.000 0.000 0.000 0.000 0.000 0.000 0.000 0.000 0.000 0.000 0.000 0.000 60.077 57.079 57.083 57.090 57.100 56.107 58.111 62.113 63.113
100.045 101.045 101.045 101.045 101.044 101.044 101.044 101.044 101.044 102.043 97.043 104.043 28.043 7.042 57.042 76.041 99.041 101.041 102.041 90.040 4.040 0.000 0.000 0.000 0.000 0.000 0.000 0.000 0.000 0.000 0.000 53.517 58.544 58.571 57.598 59.632 59.655 59.682 59.707 59.716 76.704 81.676 58.635 59.588 59.537 59.487 64.437 87.390 67.353 0.000 0.000 0.000 0.000 0.000 0.000 0.000 0.000 0.000 0.000 0.000 0.000 0.000 0.000 0.000 13.079 64.082 60.089 61.101 59.123 55.134 62.141 63.147 61.153
97.045 102.045 101.045 101.045 101.045 101.045 101.044 101.044 101.044 101.044 102.044 95.043 79.043 70.043 64.042 91.042 101.041 101.041 106.041 9.041 0.000 0.000 0.000 0.000 0.000 0.000 0.000 0.000 0.000 0.000 0.000 0.000 0.000 0.000 0.000 59.689 59.714 59.759 59.816 59.837 75.824 82.788 59.738 59.681 59.624 59.571 59.523 65.479 18.445 0.000 0.000 0.000 0.000 0.000 0.000 0.000 0.000 0.000 0.000 0.000 0.000 0.000 0.000 0.000 0.000 1.082 0.000 0.000 5.158 64.164 62.172 63.183 60.195
97.046 102.046 101.045 101.045 101.045 101.045 101.045 101.045 101.044 101.044 102.044 87.044 66.043 65.043 74.042 98.042 101.042 101.042 107.041 12.041 3.041 0.000 0.000 0.000 0.000 0.000 0.000 0.000 0.000 0.000 0.000 0.000 0.000 0.000 0.000 55.721 59.753 56.825 59.962 59.991 78.969 82.915 59.846 59.774 59.708 59.652 59.603 56.560 6.502 0.000 0.000 0.000 0.000 0.000 0.000 0.000 0.000 0.000 0.000 0.000 0.000 56.233 0.000 0.000 0.000 0.000 0.000 0.000 60.188 61.192 63.202 63.216 60.236
100.046 101.046 101.046 101.046 101.046 101.046 101.045 101.045 101.045 101.045 101.044 98.044 75.044 76.043 93.043 100.042 101.042 101.042 108.042 25.042 0.000 0.000 0.000 0.000 0.000 0.000 0.000 0.000 0.000 0.000 0.000 0.000 0.000 0.000 0.000 0.000 55.753 0.000 59.215 60.197 88.143 75.059 59.957 59.862 59.783 72.723 62.680 57.654 0.000 0.000 0.000 0.000 0.000 0.000 0.000 0.000 0.000 0.000 0.000 0.000 8.233 67.233 52.233 0.000 0.000 0.000 0.000 61.220 64.213 63.216 60.226 56.244 56.272
101.047 101.047 101.047 101.046 101.046 101.046 101.046 101.046 101.045 101.045 101.045 101.044 103.044 103.044 102.043 101.043 101.042 103.042 92.042 35.042 0.000 0.000 0.000 0.000 0.000 0.000 0.000 0.000 0.000 0.000 0.000 0.000 0.000 0.000 0.000 0.000 0.000 0.000 59.486 60.439 94.349 63.219 60.063 59.932 71.840 80.778 59.738 59.722 58.739 0.000 0.000 0.000 0.000 0.000 0.000 0.000 0.000 0.000 0.000 0.000 0.000 63.233 64.233 51.233 0.000 57.233 59.231 63.228 62.227 60.232 59.243 55.262 63.294
100.047 99.047 101.047 101.047 101.047 101.047 101.047 101.046 101.046 101.046 101.045 101.045 101.044 101.044 101.043 101.043 102.043 85.042 13.042 4.042 62.042 76.042 22.042 0.000 0.000 3.042 0.000 0.000 0.000 0.000 0.000 0.000 0.000 0.000 0.000 1.652 1.634 0.000 55.805 66.724 89.596 60.403 57.143 59.964 59.868 59.810 59.774 59.757 59.756 56.756 0.000 0.000 0.000 0.000 0.000 0.000 0.000 0.000 0.000 0.000 0.000 58.233 54.233 60.234 55.234 63.234 63.234 62.234 58.236 61.241 56.251 55.268 55.295
90.048 90.048 99.048 101.048 101.048 101.048 101.047 101.047 101.047 101.046 101.046 102.045 103.045 101.044 101.044 101.043 101.043 23.043 7.043 62.042 72.042 82.042 81.042 74.042 66.042 7.042 0.000 0.000 0.000 0.000 0.000 0.000 0.000 0.000 1.687 60.669 63.616 63.475 60.204 59.056 67.908 55.656 0.000 55.911 59.859 59.819 59.792 59.777 58.771 0.000 0.000 0.000 0.000 0.000 0.000 0.000 60.232 71.232 0.000 0.000 59.233 57.233 57.233 54.234 62.234 63.235 63.236 60.238 63.241 63.246 61.254 56.264 45.274
72.048 77.048 96.049 102.049 101.049 101.048 101.048 101.048 101.048 101.047 103.047 89.046 85.045 100.045 105.044 102.044 97.043 79.043 82.043 88.043 82.042 83.042 62.042 55.042 1.042 0.000 0.000 0.000 0.000 0.000 0.000 0.000 0.000 0.000 51.704 57.721 60.688 60.605 60.480 60.387 62.324 0.000 0.000 0.000 54.837 59.815 59.797 59.786 59.781 0.000 0.000 0.000 0.000 0.000 0.000 20.232 77.232 59.232 57.232 57.233 57.233 57.233 55.234 60.234 63.235 63.236 59.237 63.240 63.243 62.248 56.254 57.260 47.264
56.049 71.049 90.049 103.050 104.050 104.049 102.049 101.049 102.049 101.048 102.048 40.047 11.046 59.045 77.044 98.044 105.043 103.043 103.043 89.043 12.043 0.000 0.000 0.000 0.000 0.000 0.000 0.000 0.000 6.679 8.679 0.000 0.000 0.000 0.000 56.823 60.811 58.775 59.725 61.689 62.678 0.000 0.000 0.000 0.000 52.806 59.797 59.790 56.786 0.000 0.000 0.000 0.000 0.000 0.000 0.000 19.232 73.232 56.232 56.233 57.233 56.233 56.233 62.234 63.235 61.236 49.238 2.241 67.245 61.249 61.253 61.257 47.259
20.049 42.050 75.050 81.051 75.051 77.050 94.050 102.050 98.050 91.049 90.049 25.048 0.000 0.000 0.000 35.044 70.043 96.043 103.044 0.032 0.000 0.000 0.000 0.000 0.000 0.000 0.000 0.000 0.000 48.679 69.679 14.679 0.000 0.000 0.000 56.938 62.958 61.960 70.955 71.965 62.021 7.188 0.000 0.000 0.000 0.000 56.795 57.793 0.000 0.000 0.000 0.000 0.000 0.000 0.000 0.000 0.000 78.232 81.232 61.233 55.233 53.233 63.233 63.234 58.234 0.000 0.000 0.000 8.248 66.250 63.253 63.255 53.257
0.000 0.000 56.052 65.052 17.052 3.052 66.051 95.051 86.051 82.050 96.050 63.050 23.050 0.000 0.000 0.000 0.000 41.044 72.044 0.000 0.000 0.000 0.000 0.000 0.000 0.000 0.000 0.000 0.000 0.000 53.679 71.679 2.679 0.000 0.000 48.031 62.125 60.153 90.168 83.196 61.254 63.354 9.464 0.000 0.000 0.000 51.795 0.000 0.000 0.000 0.000 0.000 0.000 0.000 0.000 0.000 0.000 0.000 66.232 83.233 68.233 62.233 63.233 58.233 0.000 0.000 0.000 0.000 0.000 58.252 63.253 63.254 58.255
0.000 0.000 52.054 97.054 54.053 3.053 55.053 87.052 89.052 100.051 102.051 105.050 111.050 50.050 19.050 0.000 0.000 0.000 12.045 7.045 0.000 0.026 0.000 0.000 0.000 0.000 0.000 0.000 0.000 0.000 54.679 69.679 0.000 6.680 10.680 0.000 55.356 63.359 93.370 75.397 63.444 62.511 67.574 0.000 0.000 0.000 0.000 0.000 0.000 0.000 0.000 0.000 0.000 0.000 0.000 0.000 0.000 0.000 0.000 4.233 71.233 61.233 59.233 0.000 0.000 0.000 0.000 0.000 57.252 56.252 58.253 52.254 0.000
25.058 40.058 74.056 92.055 100.055 69.054 82.054 105.053 102.053 101.052 101.052 101.051 101.050 107.050 110.049 66.048 25.048 7.047 70.046 84.045 77.045 79.045 35.045 11.045 8.045 0.000 0.000 0.000 0.000 0.000 33.679 55.679 61.680 61.680 64.680 23.681 56.584 85.556 87.556 64.577 62.615 62.672 65.747 10.870 5.924 0.000 0.000 0.000 0.000 0.000 0.000 0.000 0.000 0.000 0.000 0.000 0.000 0.000 0.000 0.000 0.000 0.000 5.233 0.000 0.000 0.000 0.000 59.252 54.252 52.252 0.000 0.000 0.000
98.059 101.058 101.058 99.057 97.056 98.056 100.055 100.055 101.054 102.053 102.052 101.052 94.051 98.050 101.049 105.048 109.048 110.047 102.046 98.046 95.045 90.045 92.045 85.045 41.045 19.045 0.000 0.000 0.000 0.000 0.000 0.000 0.000 0.000 0.000 80.778 69.745 98.725 89.723 76.738 63.769 62.814 62.872 66.939 62.978 0.000 0.000 0.000 0.000 0.000 0.000 0.000 0.000 0.000 0.000 0.000 0.000 0.000 0.000 0.000 0.000 0.000 0.000 0.000 0.000 0.000 0.000 0.000 0.000 0.000 0.000 0.000 0.000
101.060 96.060 94.059 93.059 87.058 84.057 85.057 85.056 91.055 96.054 96.053 89.052 73.051 88.050 101.049 101.048 101.048 101.047 101.046 101.046 102.045 102.045 105.045 106.045 106.045 106.045 45.045 0.000 0.000 0.000 0.000 0.000 0.000 0.000 0.000 52.910 78.891 83.875 67.872 84.883 72.908 62.944 62.989 66.036 9.071 0.000 0.000 0.000 0.000 0.000 0.000 0.000 0.000 0.000 0.000 0.000 0.000 0.000 0.000 0.000 0.000 0.000 0.000 0.000 0.000 0.000 0.000 0.000 0.000 0.000 0.000 0.000 0.000
71.061 44.061 66.061 80.060 78.060 58.059 43.058 39.057 59.056 76.055 75.054 68.053 63.052 73.051 94.050 102.049 101.047 101.047 101.046 101.045 101.045 105.045 80.045 68.045 67.045 71.045 74.044 13.044 2.044 0.000 0.000 0.000 0.000 0.000 0.000 51.059 87.035 70.013 62.007 72.015 83.035 67.065 63.103 63.146 69.199 13.289 7.331 0.000 0.000 0.000 0.000 0.000 0.000 0.000 0.000 0.000 0.000 0.000 0.000 0.000 0.000 0.000 0.000 0.000 0.000 0.000 0.000 0.000 0.000 0.000 0.000 0.000 0.000
61.063 32.063 54.062 69.062 65.061 42.060 28.060 32.059 52.058 66.056 64.055 64.054 65.053 63.051 82.050 99.048 101.047 101.046 101.045 101.045 100.045 63.045 0.000 0.000 0.000 0.000 0.000 0.000 0.000 57.404 77.404 29.403 15.399 11.387 58.341 75.233 92.177 69.135 63.127 61.135 78.153 80.179 66.210 63.247 63.289 66.338 75.372 13.401 8.408 0.000 0.000 0.000 0.000 0.000 0.000 0.000 0.000 0.000 0.000 0.000 0.000 0.000 0.000 0.000 0.000 0.000 0.000 0.000 0.000 0.000 0.000 0.000 0.000
74.065 70.065 65.064 64.064 65.063 67.062 68.061 71.060 70.059 66.058 65.056 65.055 65.053 64.052 71.050 93.048 102.047 101.046 103.045 75.044 41.045 0.000 0.000 0.000 0.000 0.000 0.000 0.000 0.000 22.404 44.404 47.405 51.409 65.421 62.403 83.355 80.305 54.224 61.232 63.244 65.263 78.286 70.313 65.343 63.373 62.402 79.419 70.422 64.415 0.000 0.000 0.000 0.000 0.000 0.000 0.000 0.000 0.000 0.000 0.000 0.000 0.000 0.000 0.000 0.000 0.000 0.000 0.000 0.000 0.000 0.000 0.000 0.000
64.067 65.067 65.066 65.066 65.065 65.064 65.063 65.062 65.061 65.059 65.058 65.056 65.054 65.052 63.050 84.048 101.046 103.045 99.044 25.043 0.000 0.000 0.000 0.000 0.000 0.000 0.000 0.000 0.000 0.000 0.000 0.000 0.000 49.486 66.493 92.480 66.462 0.000 49.334 64.348 62.368 66.390 67.413 76.437 65.460 63.477 62.480 58.454 0.000 0.000 0.000 0.000 0.000 0.000 0.000 0.000 0.000 0.000 0.000 0.000 0.000 0.000 0.000 0.000 0.000 0.000 0.000 0.000 0.000 0.000 0.000 0.000 23.402
65.069 65.069 65.069 65.068 65.067 65.066 65.065 64.064 64.062 65.061 65.059 65.057 65.055 65.053 64.050 72.048 87.046 98.044 86.042 12.041 0.000 0.000 0.000 0.000 0.000 0.000 0.000 0.000 0.000 0.000 0.000 0.000 0.000 26.545 75.604 100.609 10.602 0.000 47.421 65.446 63.470 62.492 70.513 81.533 69.552 63.565 67.570 0.520 0.000 0.000 0.000 0.000 0.000 0.000 0.000 0.000 0.000 0.000 0.000 0.000 0.000 0.000 0.000 0.000 0.000 0.000 0.000 0.000 0.000 0.000 0.000 0.000 80.478
65.072 65.072 65.071 65.071 65.070 65.069 65.067 69.066 70.064 66.063 65.060 65.058 65.056 65.053 65.050 64.048 67.045 76.042 76.040 17.038 0.000 0.000 0.000 0.000 0.000 0.000 18.619 0.000 0.000 0.000 0.000 0.000 0.000 0.000 79.768 94.750 17.736 0.000 31.483 62.545 63.574 63.596 62.614 67.632 69.648 65.662 67.671 0.000 0.000 0.000 0.000 0.000 0.000 0.000 0.000 0.000 0.000 0.000 0.000 0.000 0.000 0.000 0.000 0.000 0.000 0.000 0.000 0.000 0.000 0.000 0.000 64.700 73.608
65.075 65.074 65.074 65.073 65.072 65.071 64.070 76.068 81.067 68.065 65.062 65.060 65.057 65.054 65.051 65.047 65.044 64.040 67.037 48.034 0.000 0.000 0.000 0.000 0.000 60.619 81.619 43.616 34.606 33.593 0.000 0.000 0.000 61.071 102.951 76.886 76.855 3.877 0.000 48.675 65.688 63.701 63.716 61.731 77.748 81.765 75.780 0.000 0.000 0.000 0.000 0.000 0.000 0.000 0.000 0.000 0.000 0.000 0.000 0.000 0.000 0.000 0.000 0.000 0.000 0.000 0.000 0.000 0.000 0.000 38.866 89.793 75.716
65.078 65.077 65.077 65.076 65.075 65.074 64.073 77.071 83.069 67.067 65.064 65.062 65.058 65.055 65.051 65.047 65.043 65.038 65.033 71.027 42.019 0.000 0.000 0.000 0.620 23.620 38.621 60.623 68.610 72.580 46.523 22.445 57.340 95.191 93.077 72.990 54.921 12.899 0.000 48.794 65.799 64.807 67.817 62.830 71.846 94.869 91.905 36.981 1.062 17.090 0.000 0.000 0.000 0.000 0.000 0.000 0.000 0.000 0.000 0.000 0.000 0.000 0.000 0.000 0.000 0.000 0.000 0.000 0.000 0.000 75.940 131.887 114.823
62.081 63.081 64.080 64.079 65.078 65.077 63.076 78.074 81.072 64.069 65.067 65.064 65.060 65.056 65.052 65.048 65.042 65.036 65.030 65.022 71.012 50.998 1.989 0.000 0.000 0.000 0.000 36.647 67.629 63.595 66.543 70.473 82.384 99.277 83.178 51.074 1.006 0.000 0.000 47.908 64.908 67.910 80.915 66.925 76.939 77.959 96.990 101.035 84.082 34.103 0.000 0.000 0.000 0.000 0.000 0.000 0.000 0.000 0.000 0.000 0.000 0.000 0.000 0.000 0.000 0.000 0.000 0.000 0.000 62.159 72.066 72.994 75.927
83.085 78.084 73.084 71.083 67.082 63.081 63.079 78.077 81.075 63.072 65.069 65.066 65.062 65.058 65.054 65.048 64.042 63.036 64.028 64.018 64.007 69.994 46.980 23.965 0.000 0.000 0.000 35.689 73.665 67.628 62.580 75.519 98.444 92.357 60.283 0.000 0.000 0.000 0.000 46.023 64.014 69.010 76.010 71.015 76.025 75.040 88.061 82.088 75.116 48.137 3.159 0.000 0.000 0.000 0.000 0.000 0.000 0.000 0.000 0.000 0.000 0.000 0.000 0.000 8.955 0.000 0.000 5.330 39.330 67.251 136.171 100.105 131.989
103.088 102.088 98.088 93.087 89.086 84.084 79.083 75.081 70.078 64.076 65.073 65.069 65.065 65.061 64.056 66.050 72.044 77.036 76.027 74.017 68.005 62.990 66.973 72.950 36.913 17.873 21.823 55.755 78.712 69.673 65.630 88.580 100.518 56.422 1.358 0.000 0.000 9.236 16.212 50.145 63.118 68.104 84.100 74.100 67.105 60.114 66.126 84.141 81.157 87.170 6.181 0.000 0.000 0.000 0.000 0.000 0.000 0.000 0.000 0.000 0.000 0.000 0.000 0.000 5.955 0.000 0.000 0.000 74.408 65.345 75.275 98.169 74.341
