results2_8e3_rain/res_3e8f-0197.wd
ncols         241
nrows         181
xllcorner     12693529.787448
yllcorner     3542525.717860
cellsize      155.156523
NODATA_value  -9999.000000
[rows 99 to 131 of 181, columns 0 to 72 of 241]
0.000 0.000 0.000 0.000 0.000 61.234 101.234 103.234 94.234 89.233 0.000 0.000 0.000 0.000 0.000 3.230 2.230 69.230 66.230 0.000 0.000 2.230 5.230 64.230 63.230 4.230 0.000 0.000 0.000 11.208 0.000 0.000 0.000 0.000 17.065 63.061 59.052 58.034 59.011 59.984 72.955 61.924 65.889 57.851 59.810 57.766 58.718 63.668 64.615 62.561 66.505 59.448 59.390 61.330 64.267 78.198 79.139 64.091 50.048 0.000 0.000 0.000 0.000 0.000 28.108 83.103 80.092 67.074 42.051 37.027 81.003 57.980 59.957
0.000 0.000 0.000 0.000 0.000 62.234 102.234 102.234 0.000 0.000 0.000 0.000 0.000 0.000 0.000 2.231 14.230 80.230 69.230 7.230 4.230 4.230 67.230 66.230 70.230 1.230 0.000 0.000 0.000 69.208 61.208 0.000 0.000 0.154 76.108 86.102 72.093 65.079 59.061 61.038 80.012 64.982 70.948 70.911 61.870 76.825 68.777 69.726 59.673 67.617 67.560 65.502 59.444 60.386 64.322 61.228 23.165 13.128 0.000 0.000 0.000 0.000 0.000 31.125 68.120 80.114 87.106 77.094 53.079 54.062 68.044 59.025 60.005
7.235 0.235 0.000 0.000 0.000 49.234 98.234 107.234 17.234 0.000 0.000 0.000 0.000 0.000 0.000 1.231 3.231 87.230 68.230 69.230 71.230 68.230 65.230 66.230 64.230 2.230 0.000 0.000 0.000 62.208 62.208 63.206 62.198 62.183 61.156 71.147 80.139 27.129 91.115 81.096 86.072 71.044 16.011 86.974 84.933 83.888 87.840 76.787 59.732 62.674 67.615 67.556 64.498 60.446 49.406 0.000 0.000 0.000 0.000 0.000 0.000 0.000 0.000 41.131 68.131 68.129 79.124 78.117 61.108 61.097 60.085 60.070 60.054
75.235 78.235 10.235 0.000 0.000 59.234 98.234 103.234 113.234 18.234 0.000 0.000 0.000 0.000 9.231 9.231 7.231 24.231 72.230 69.230 87.230 101.230 76.230 61.230 0.230 0.000 0.000 0.000 0.000 0.000 61.210 62.212 62.204 62.195 62.187 61.189 61.188 60.183 61.173 66.158 78.137 72.110 15.078 87.042 88.000 65.955 72.905 89.852 83.794 70.733 60.671 66.608 67.546 70.495 55.451 0.000 0.000 0.000 0.000 0.000 0.000 0.000 0.000 3.138 19.144 65.145 62.145 62.143 60.140 60.135 60.128 60.118 60.106
89.235 72.235 72.235 74.235 76.235 95.234 103.234 103.234 103.234 105.234 79.233 18.233 1.232 67.232 74.231 75.231 37.231 32.231 95.230 103.230 98.230 94.230 77.230 1.230 0.000 0.000 0.000 0.000 0.000 0.000 0.000 62.228 61.213 60.206 61.209 62.234 62.241 62.242 62.237 63.225 82.207 77.182 60.150 62.113 73.072 84.025 60.975 72.920 73.859 66.794 86.728 69.661 61.582 2.539 0.000 0.000 0.000 0.000 0.000 0.000 0.000 0.000 0.000 0.000 11.162 65.164 60.166 60.170 60.173 60.174 60.173 58.168 56.160
104.235 94.235 75.235 79.235 97.235 103.235 103.234 103.234 103.234 98.234 70.233 76.233 4.232 58.232 93.231 101.231 101.231 85.231 100.230 107.230 17.230 0.000 0.000 0.000 0.000 0.000 0.000 0.000 0.000 0.000 0.000 62.260 0.000 0.000 0.000 63.296 62.301 62.306 62.307 63.300 79.284 84.260 61.228 62.190 62.147 80.100 81.050 58.993 66.929 85.853 77.788 55.724 0.000 0.000 0.000 0.000 0.000 0.000 0.000 0.000 0.000 0.000 0.000 0.000 8.178 65.181 60.188 60.197 60.208 59.217 58.221 63.222 64.219
104.235 104.235 99.235 102.235 103.235 103.235 103.234 103.234 103.234 99.234 74.233 91.233 0.000 0.000 71.231 95.231 103.231 104.231 103.230 108.230 11.230 0.000 0.000 0.000 0.000 0.000 0.000 0.000 0.000 0.000 0.000 62.292 1.318 1.338 64.353 62.352 62.362 62.375 62.384 62.383 79.370 84.346 61.312 62.271 62.227 63.179 84.129 78.076 85.010 74.903 55.845 0.000 0.000 0.000 0.000 0.000 0.000 0.000 0.000 0.000 0.000 0.000 0.000 0.000 63.190 60.195 60.206 60.223 60.247 59.263 61.273 65.280 66.282
102.236 103.236 103.235 103.235 103.235 103.235 103.235 103.234 103.234 104.234 99.233 106.233 30.232 9.232 59.231 78.231 101.231 103.231 104.230 92.230 6.230 0.000 0.000 0.000 0.000 0.000 0.000 0.000 0.000 0.000 0.000 56.308 61.324 61.343 60.365 62.398 62.421 62.447 62.471 62.479 79.468 84.441 61.402 62.357 62.309 62.261 67.213 90.169 70.133 0.000 0.000 0.000 0.000 0.000 0.000 0.000 0.000 0.000 0.000 0.000 0.000 0.000 0.000 0.000 16.197 67.204 63.217 64.244 62.292 58.314 65.329 66.341 64.351
99.236 104.236 103.236 103.236 103.235 103.235 103.235 103.235 103.234 103.234 104.233 97.233 81.232 72.232 66.231 93.231 103.231 103.230 108.230 11.230 0.000 0.000 0.000 0.000 0.000 0.000 0.000 0.000 0.000 0.000 0.000 0.000 0.000 0.000 0.000 62.453 62.477 62.520 62.574 62.594 78.582 85.547 62.499 62.445 62.392 62.341 62.295 68.254 21.221 0.000 0.000 0.000 0.000 0.000 0.000 0.000 0.000 0.000 0.000 0.000 0.000 0.000 0.000 0.000 0.000 4.209 2.213 0.000 8.363 67.373 65.387 66.404 63.424
99.236 104.236 103.236 103.236 103.236 103.235 103.235 103.235 103.234 103.234 104.233 89.233 68.232 67.232 76.231 100.231 103.231 103.230 109.230 14.230 5.230 0.000 0.000 0.000 0.000 0.000 0.000 0.000 0.000 0.000 0.000 0.000 0.000 0.000 0.000 58.484 62.514 59.582 62.713 62.740 81.718 85.667 62.602 62.533 62.471 62.417 62.371 59.330 9.275 0.000 0.000 0.000 0.000 0.000 0.000 0.000 0.000 0.000 0.000 0.000 0.000 59.507 0.000 0.000 0.000 0.000 0.000 1.449 63.424 64.427 66.442 66.466 63.498
102.236 103.236 103.236 103.236 103.236 103.236 103.235 103.235 103.235 103.234 103.234 100.233 77.232 78.232 95.231 102.231 103.230 103.230 110.230 27.229 0.000 0.000 0.000 0.000 0.000 0.000 0.000 0.000 0.000 0.000 0.000 0.000 0.000 0.000 0.000 0.000 58.514 0.000 61.954 62.936 90.883 77.802 62.706 62.616 62.542 75.485 65.444 60.419 0.000 0.000 0.000 0.000 0.000 0.000 0.000 0.000 0.000 0.000 0.000 0.000 11.507 70.507 55.507 0.000 0.000 0.000 1.484 64.473 67.465 66.470 63.488 59.519 59.565
103.237 103.237 103.237 103.237 103.236 103.236 103.236 103.235 103.235 103.234 103.234 103.233 105.232 105.232 104.231 103.231 103.230 105.230 94.229 37.229 0.000 0.000 0.000 0.000 0.000 0.000 0.000 0.000 0.000 0.000 0.000 0.000 0.000 0.000 0.000 0.000 0.000 0.000 62.214 63.165 97.077 65.953 62.806 62.682 74.596 83.537 62.499 62.484 61.500 0.000 0.000 0.000 0.000 0.000 0.000 0.000 0.000 0.000 0.000 0.000 0.000 66.507 67.507 54.506 1.504 60.501 62.496 66.491 65.491 63.500 62.521 58.557 66.613
102.237 101.237 103.237 103.237 103.237 103.237 103.236 103.236 103.235 103.235 103.234 103.233 103.232 103.232 103.231 103.230 104.230 87.229 15.229 6.228 64.228 78.228 24.228 0.000 0.000 5.227 0.000 0.000 0.000 0.000 0.000 0.000 0.000 0.000 0.000 4.237 4.208 1.052 58.523 69.433 92.308 63.126 59.881 62.712 62.622 62.567 62.533 62.517 62.516 59.516 0.000 0.000 0.000 0.000 0.000 0.000 0.000 0.000 0.000 0.000 0.507 61.507 57.507 63.507 58.506 66.505 66.503 65.504 61.508 64.519 59.540 58.573 58.629
92.238 92.238 101.238 103.238 103.237 103.237 103.237 103.236 103.236 103.235 103.234 104.233 105.233 103.232 103.231 103.230 103.229 25.228 9.228 64.228 74.228 84.227 83.227 76.227 68.227 9.227 0.000 0.000 0.000 0.000 0.000 0.000 0.000 0.000 4.284 63.265 66.217 66.098 62.869 61.734 70.596 58.361 0.000 58.662 62.613 62.575 62.550 62.536 61.530 0.000 0.000 0.000 0.000 0.000 0.000 0.000 63.508 74.508 0.000 0.000 62.508 60.508 60.508 57.508 65.508 66.508 66.509 63.512 66.519 66.529 64.545 59.566 48.588
74.238 79.238 98.238 104.238 103.238 103.238 103.237 103.237 103.236 103.235 105.235 91.234 87.233 102.232 107.230 104.229 99.228 81.228 84.227 90.227 84.227 85.227 64.227 57.227 3.227 0.227 0.000 0.000 0.000 0.000 0.000 0.249 1.249 0.000 54.304 60.323 63.296 63.226 63.120 63.039 64.982 0.000 0.000 0.000 57.592 62.571 62.555 62.545 62.540 0.540 0.000 0.000 0.000 0.000 0.000 23.508 80.508 62.508 60.508 60.508 60.508 60.508 58.508 63.508 66.509 66.511 62.513 66.518 66.525 65.534 59.546 60.558 50.568
58.239 73.239 92.239 105.239 106.239 106.239 104.238 103.237 104.237 103.236 104.235 42.234 13.233 61.232 79.230 100.229 107.228 105.227 105.226 91.226 14.227 0.000 0.000 0.000 0.000 0.000 0.000 0.000 0.000 9.249 11.249 1.249 1.249 1.249 0.000 59.427 63.418 61.389 62.348 64.318 65.310 0.000 0.000 0.000 0.000 55.563 62.555 62.549 59.544 0.000 0.000 0.000 0.000 0.000 0.000 0.000 22.508 76.508 59.508 59.508 60.508 59.508 59.508 65.509 66.510 64.512 52.515 5.521 70.530 64.537 64.545 64.553 50.558
22.239 44.239 77.240 83.240 77.240 79.239 96.239 104.238 100.237 93.237 92.236 27.235 0.000 0.000 0.000 37.228 72.227 98.225 105.224 2.225 0.000 0.000 0.000 0.000 0.000 0.000 0.000 0.000 0.000 51.249 72.249 17.249 2.249 1.249 0.000 59.539 65.561 64.566 73.564 74.577 64.631 9.787 0.000 0.000 0.000 0.000 59.553 60.551 0.000 0.000 0.000 0.000 0.000 0.000 0.000 0.000 0.000 81.508 84.508 64.508 58.508 56.508 66.508 66.509 61.509 0.000 0.000 0.000 11.535 69.540 66.545 66.550 56.552
0.000 0.000 58.242 67.241 19.241 5.241 68.240 97.239 88.238 84.237 98.236 65.235 25.234 0.000 0.000 0.000 0.000 43.222 74.220 0.000 0.000 0.000 0.000 0.000 0.000 0.000 0.000 0.000 0.000 0.000 56.249 74.249 5.249 0.000 0.000 50.629 64.720 62.749 92.765 85.793 63.849 65.944 12.047 0.000 0.000 0.000 54.553 0.000 0.000 0.000 0.000 0.000 0.000 0.000 0.000 0.000 0.000 0.000 69.508 86.508 71.508 65.508 66.508 61.509 0.000 0.000 0.000 0.000 0.000 61.543 66.546 66.548 61.550
0.000 0.000 54.243 99.243 56.242 5.242 57.241 89.240 91.239 102.238 104.237 107.235 113.234 52.232 21.230 0.000 0.000 0.000 14.214 9.209 0.198 2.188 0.000 0.000 0.000 0.000 0.000 0.000 0.000 0.000 57.249 72.249 2.249 9.249 13.249 0.000 57.940 65.944 95.956 77.982 66.028 65.091 70.151 0.000 0.000 0.000 0.000 0.000 0.000 0.000 0.000 0.000 0.000 0.000 0.000 0.000 0.000 0.000 0.000 7.508 74.508 64.508 62.508 0.000 0.000 0.000 0.000 0.544 60.544 59.544 61.546 55.547 0.000
27.248 42.247 76.246 94.245 102.244 71.243 84.242 107.241 104.240 103.239 103.237 103.235 103.234 109.231 112.228 68.224 27.220 9.216 72.211 86.205 79.197 81.188 37.179 13.171 10.165 0.000 0.000 0.000 0.000 0.000 36.249 58.249 64.249 64.249 67.249 26.250 59.158 88.131 90.132 67.152 65.189 65.243 68.314 13.431 8.482 0.000 0.000 0.000 0.000 0.000 0.000 0.000 0.000 0.000 0.000 0.000 0.000 0.000 0.000 0.000 0.508 0.508 8.508 0.000 0.000 0.000 0.000 62.544 57.544 55.544 0.000 0.000 0.000
100.249 103.248 103.247 101.246 99.245 100.245 102.243 102.242 103.241 104.240 104.238 103.236 96.234 100.231 103.228 107.224 111.220 112.216 104.211 100.204 97.197 92.188 94.178 87.168 43.159 21.149 0.000 0.000 0.000 0.000 0.000 0.000 0.000 0.000 0.000 83.342 72.309 101.290 92.289 79.303 66.333 65.377 65.432 69.496 65.534 0.000 0.000 0.000 0.000 0.000 0.000 0.000 0.000 0.000 0.000 0.000 0.000 0.000 0.000 0.000 0.000 0.000 0.000 0.000 0.000 0.000 0.000 0.000 0.000 0.000 0.000 0.000 0.000
103.250 98.249 96.249 95.248 89.247 86.246 87.245 87.244 93.242 98.241 98.239 91.237 75.234 90.232 103.229 103.225 103.221 103.216 103.211 103.205 104.197 104.188 107.178 108.166 108.154 108.139 47.123 0.000 0.000 0.000 0.000 0.000 0.000 0.000 0.000 55.466 81.448 86.433 70.429 87.440 75.464 65.499 65.542 68.588 11.623 0.000 0.897 0.904 0.000 0.000 0.000 0.000 0.000 0.000 0.000 0.000 0.000 0.000 0.000 0.000 0.000 0.000 0.000 0.000 0.000 0.000 0.000 0.000 0.000 0.000 0.000 0.000 0.000
73.251 46.251 68.250 82.250 80.249 60.248 45.247 41.245 61.244 78.242 77.240 70.238 65.235 75.233 96.229 104.226 103.222 103.218 103.213 103.207 103.200 107.191 82.178 70.165 69.150 73.132 76.106 15.063 4.021 0.668 0.496 0.000 0.000 0.000 0.000 53.608 89.584 72.562 64.556 74.564 85.583 69.612 65.649 65.692 71.745 15.838 9.889 1.912 0.928 6.928 4.928 0.000 0.000 0.000 0.000 0.000 0.000 0.000 0.000 0.000 0.000 0.000 0.000 0.000 0.000 0.000 0.000 0.000 0.000 0.000 0.000 0.000 0.000
63.253 34.253 56.252 71.252 67.251 44.250 30.248 34.247 54.245 68.243 66.241 66.239 67.237 65.234 84.231 101.227 103.224 103.220 103.215 103.210 102.204 65.197 0.000 0.000 0.000 0.000 0.000 0.000 0.000 60.045 80.029 32.004 17.980 13.948 60.888 77.775 94.718 71.677 65.669 63.676 80.693 82.718 68.750 65.787 65.829 68.879 77.914 15.933 10.944 0.000 19.928 0.000 0.000 0.000 0.000 0.000 0.000 0.000 0.000 0.000 0.000 0.000 0.000 0.000 0.000 0.000 0.000 0.000 0.000 0.000 0.000 0.000 0.000
76.255 72.255 67.254 66.254 67.253 69.252 70.250 73.249 72.247 68.245 67.243 67.241 67.238 66.235 73.232 95.229 104.225 103.222 105.218 77.214 43.209 0.000 0.000 0.000 0.000 0.000 0.000 0.000 0.000 25.034 47.022 50.004 53.987 67.976 64.942 85.886 82.834 56.759 63.766 65.778 67.795 80.818 72.845 67.875 65.906 64.935 81.954 72.961 66.961 0.000 0.000 0.000 0.000 0.000 0.000 0.000 0.000 0.000 0.000 0.000 0.000 0.000 0.000 0.000 0.000 0.000 0.000 0.000 0.000 0.000 0.000 0.000 0.000
66.257 67.257 67.257 67.256 67.255 67.254 67.253 67.251 67.249 67.247 67.245 67.243 67.240 67.237 65.234 86.231 103.228 105.224 101.221 27.219 0.000 0.000 0.000 0.000 0.000 0.000 0.000 0.000 0.000 0.000 0.000 0.000 0.000 52.027 69.018 94.994 68.973 0.000 51.860 66.873 64.892 68.914 69.937 78.962 67.984 66.002 65.007 60.996 1.978 0.000 0.000 0.000 0.000 0.000 0.000 0.000 0.000 0.000 0.000 0.000 0.000 0.000 0.000 0.000 0.000 0.000 0.000 0.000 0.000 0.000 0.000 0.000 25.553
67.260 67.260 67.259 67.258 67.258 67.256 67.255 66.253 66.252 67.250 67.247 67.245 67.242 67.239 66.236 74.233 89.229 100.226 88.224 14.222 0.000 0.000 0.000 0.000 0.000 0.000 0.000 0.000 0.000 0.000 0.000 0.000 0.000 29.087 78.108 103.100 13.090 0.000 49.940 67.963 65.986 65.008 73.029 84.050 72.068 66.080 70.077 3.036 0.000 0.000 0.000 0.000 0.000 0.000 0.000 0.000 0.000 0.000 0.000 0.000 0.000 0.000 0.000 0.000 0.000 0.000 0.000 0.000 0.000 0.000 0.000 0.000 82.632
67.263 67.262 67.262 67.261 67.260 67.259 67.258 71.256 72.254 68.252 67.250 67.247 67.244 67.241 67.238 66.235 69.231 78.228 78.226 19.224 0.000 0.000 0.000 0.000 0.000 0.000 20.894 0.000 0.000 0.000 0.000 0.000 0.000 1.246 82.226 97.208 20.197 0.000 33.996 65.053 66.081 66.102 65.122 70.141 72.159 68.174 70.184 0.000 0.000 0.000 0.000 0.000 0.000 0.000 0.000 0.000 0.000 0.000 0.000 0.000 0.000 0.000 0.000 0.000 0.000 0.000 0.000 0.000 0.000 0.000 0.000 66.855 75.764
67.266 67.265 67.265 67.264 67.263 67.262 66.261 78.259 83.257 70.255 67.252 67.250 67.247 67.243 67.240 67.236 67.233 66.229 69.226 50.224 0.000 0.000 0.000 0.000 0.000 62.895 83.894 45.892 36.884 35.873 0.000 0.000 0.000 63.417 105.351 79.310 79.293 6.313 0.000 51.172 68.184 66.198 66.215 64.232 80.251 84.273 78.300 1.396 0.000 0.000 0.000 0.000 0.000 0.000 0.000 0.000 0.000 0.000 0.000 0.000 0.000 0.000 0.000 0.000 0.000 0.000 0.000 0.000 0.000 0.000 41.019 91.947 77.872
67.269 67.269 67.268 67.268 67.267 67.265 66.264 79.262 85.260 69.258 67.255 67.252 67.249 67.246 67.242 67.238 67.234 67.230 67.226 73.222 44.217 0.000 0.000 0.000 2.895 25.895 40.896 62.898 70.887 74.862 48.813 24.748 59.660 97.534 95.451 75.388 57.352 15.332 0.000 51.278 68.284 67.293 70.306 65.322 74.342 97.368 94.407 39.476 3.533 19.559 0.000 0.000 0.000 0.000 0.000 0.000 0.000 45.070 75.070 79.070 0.000 0.000 88.070 149.070 0.000 0.000 0.000 0.000 0.000 0.000 78.091 134.040 116.978
64.273 65.272 66.272 66.271 67.270 67.269 65.267 80.265 83.263 66.261 67.258 67.255 67.252 67.249 67.245 67.240 67.236 67.231 67.226 67.220 73.212 53.202 4.195 0.000 0.000 0.000 0.000 38.918 69.903 65.874 68.830 72.771 84.697 101.609 85.531 53.438 3.395 0.000 0.000 50.379 67.380 70.385 83.394 69.407 79.426 80.450 99.483 103.525 86.563 36.586 0.000 0.000 0.000 0.000 0.000 0.000 0.000 0.000 36.070 64.070 78.070 110.070 148.070 71.070 0.000 0.000 0.000 0.000 0.000 64.304 74.214 75.145 78.080
85.276 80.276 75.276 73.275 69.274 65.272 65.271 80.269 83.267 65.265 67.262 67.259 67.255 67.252 67.247 67.243 66.238 65.232 66.226 66.219 66.210 72.200 49.188 26.173 1.158 0.000 0.000 37.953 75.933 69.902 64.861 77.810 100.747 94.675 62.626 0.000 0.000 0.000 0.000 48.478 66.473 71.473 78.478 73.488 78.503 77.524 90.549 84.579 77.609 50.635 5.667 0.000 0.000 0.000 0.000 0.000 0.000 0.000 0.000 32.070 110.070 113.070 116.070 1.070 11.070 0.069 0.000 7.469 41.469 69.394 138.316 102.252 134.140
105.280 104.280 100.280 95.279 91.278 86.276 81.275 77.273 72.271 66.268 67.266 67.262 67.259 67.255 66.251 68.246 74.241 79.234 78.227 76.219 70.210 65.198 69.184 75.166 39.142 20.107 24.065 58.008 80.973 71.940 67.903 90.861 102.806 58.718 3.672 0.000 0.000 11.656 18.636 52.581 65.561 70.555 86.557 76.564 69.576 62.592 68.612 86.634 83.657 89.679 8.698 0.000 0.000 0.000 0.000 0.000 0.000 0.000 0.000 0.000 0.000 0.000 0.000 0.000 8.070 0.000 0.000 0.000 76.545 67.484 77.418 100.314 76.490
