results2_8e3_rain/res_3e8f-0048.wd
ncols         241
nrows         181
xllcorner     12693529.787448
yllcorner     3542525.717860
cellsize      155.156523
NODATA_value  -9999.000000
[rows 33 to 65 of 181, columns 74 to 147 of 241]
0.000 0.000 0.000 0.000 0.000 0.000 0.000 0.000 0.000 0.000 0.000 0.000 0.000 0.000 0.000 0.000 0.000 0.000 0.000 0.000 0.000 0.000 0.000 0.000 0.000 0.000 0.000 0.000 0.000 0.000 0.000 0.000 0.000 0.000 0.000 0.000 0.000 0.000 32.333 55.334 60.334 16.335 0.000 0.000 25.391 39.406 6.395 0.000 29.423 32.429 26.428 27.417 28.397 28.368 28.332 28.291 27.253 33.229 53.227 0.133 6.057 3.814 39.286 55.872 60.485 59.124 59.800 58.408 60.563 55.678 55.270 55.342 57.662 56.938
0.000 0.000 0.000 0.000 0.000 0.000 0.000 0.000 0.000 0.000 0.000 0.000 0.000 0.000 0.000 0.000 0.000 0.000 0.000 0.000 0.000 0.000 0.000 0.000 0.000 0.000 0.000 0.000 0.000 0.000 0.000 0.000 0.000 0.000 0.000 0.000 0.000 0.000 0.000 7.334 2.334 0.000 0.000 0.000 0.000 21.456 0.000 0.000 19.444 43.465 42.466 32.455 28.431 28.394 28.343 28.282 27.221 49.181 47.204 0.000 29.297 42.037 55.636 60.234 59.843 59.488 59.065 60.193 56.269 55.548 55.881 58.237 57.524 57.329
0.000 0.000 0.000 0.000 0.000 0.000 0.000 0.000 0.000 0.000 0.000 0.000 0.000 0.000 0.000 0.000 0.000 25.422 57.422 10.422 0.000 0.000 0.000 0.000 0.000 0.000 0.000 0.000 0.000 0.000 0.000 0.000 0.000 0.000 0.000 0.000 0.000 0.000 0.000 0.000 0.000 0.000 0.000 0.000 0.000 13.506 0.000 0.000 0.000 21.521 39.517 39.505 30.478 28.432 28.364 26.274 42.168 51.071 0.000 15.267 39.797 54.399 60.989 60.578 60.195 59.741 61.836 57.876 55.954 56.432 58.806 58.099 57.911 57.631
0.000 0.000 0.000 0.000 0.000 0.000 0.000 0.000 0.000 0.000 12.417 50.417 0.000 0.000 0.000 0.000 0.000 32.422 83.422 39.422 0.000 0.000 0.000 0.000 0.000 0.000 0.000 0.000 0.000 0.000 0.000 0.000 0.000 0.000 0.000 0.000 0.000 0.000 0.000 0.000 0.000 0.000 0.000 0.000 0.000 16.556 17.581 24.594 10.597 20.580 28.577 41.570 32.545 28.493 25.408 36.283 46.107 34.863 10.379 39.736 57.227 61.775 61.337 60.925 60.439 60.498 59.506 56.477 57.003 59.384 58.678 58.492 58.212 57.947
0.000 0.000 0.000 0.000 0.000 0.000 0.000 0.000 0.000 0.000 33.417 68.418 57.418 44.419 0.000 0.000 17.423 71.423 79.423 44.423 0.000 0.000 0.000 0.000 15.559 0.000 0.000 0.000 0.000 0.000 0.000 0.000 0.000 0.000 0.000 0.000 0.000 0.000 0.000 0.000 3.588 21.588 0.000 0.000 32.586 47.582 50.592 48.604 34.616 28.626 27.641 41.652 32.639 24.588 38.490 52.342 40.115 27.896 42.538 47.072 59.599 62.133 61.690 61.168 61.187 59.164 57.115 57.601 59.981 59.273 59.083 58.798 58.527 58.257
0.000 0.000 0.000 0.000 0.000 0.000 0.000 0.000 0.000 0.000 4.417 66.418 49.419 30.419 0.000 13.423 63.423 74.423 81.423 40.423 0.000 0.000 0.000 0.000 53.559 37.559 0.000 0.000 0.000 0.000 0.000 0.000 0.000 0.000 0.000 16.582 28.582 30.582 0.000 0.000 12.588 37.588 16.589 30.591 53.591 56.593 57.602 54.616 41.637 28.667 25.708 42.758 33.771 37.731 55.622 49.482 0.000 26.066 44.808 57.414 62.960 62.497 61.943 61.916 59.863 57.889 58.235 60.606 59.894 59.698 59.404 59.121 58.838 58.563
0.000 0.000 0.000 0.000 0.000 0.000 0.000 0.000 0.000 0.000 0.000 0.000 17.420 55.421 51.422 39.424 52.424 72.424 83.424 36.424 0.000 0.000 0.000 0.000 15.559 39.559 41.560 0.000 0.000 0.000 0.000 0.000 0.000 0.000 0.000 32.582 33.582 45.583 28.584 17.585 31.587 32.588 28.590 35.592 42.594 40.598 33.606 52.620 18.651 34.695 37.768 27.902 39.955 52.945 49.783 0.000 1.223 37.494 54.212 62.817 63.345 62.782 62.704 59.624 58.843 58.919 61.269 60.552 60.346 60.041 59.743 59.439 59.140 58.859
0.000 0.000 0.000 0.000 0.000 0.000 0.000 0.000 0.000 0.000 0.000 0.000 7.421 74.422 69.423 59.425 49.425 73.426 81.426 76.426 61.426 16.425 0.000 0.000 0.000 0.000 49.561 33.561 31.562 42.562 37.563 0.563 0.000 0.000 0.000 32.582 31.582 52.583 58.584 47.585 39.587 31.588 28.590 29.592 30.595 29.598 27.603 35.609 0.000 0.000 0.000 33.125 56.202 54.310 0.000 0.260 37.553 51.120 60.742 64.264 63.805 64.561 60.483 60.065 59.676 61.985 61.256 61.036 60.718 60.406 60.084 59.754 59.426 59.134
0.000 0.000 0.000 0.000 0.000 0.000 0.000 0.000 0.000 0.000 0.000 0.000 0.000 7.423 46.424 21.426 57.428 76.428 81.428 79.427 77.426 66.425 25.424 0.000 0.000 0.000 5.561 44.561 44.562 57.563 55.563 48.564 43.565 0.000 0.000 0.000 36.581 55.582 62.583 54.585 38.586 27.588 28.590 28.593 28.595 28.598 28.601 32.603 0.000 0.000 0.000 3.272 40.419 9.783 7.374 42.414 47.060 58.710 65.271 65.091 63.296 61.580 61.707 60.547 62.777 62.022 61.778 61.440 61.113 60.777 60.432 60.068 59.676 60.353
0.000 0.000 0.000 0.000 0.000 0.000 0.000 0.000 0.000 0.000 0.000 0.000 0.000 0.000 0.000 78.430 78.430 80.431 80.431 79.429 73.427 67.425 38.424 0.000 0.000 0.000 0.000 0.000 12.562 57.563 51.564 66.565 63.566 42.568 21.572 22.576 31.580 53.582 62.583 53.584 36.586 26.588 31.590 30.593 28.595 28.597 28.599 29.600 21.599 0.000 0.000 0.000 0.000 2.016 44.924 47.812 55.588 66.247 66.319 64.656 66.470 64.022 61.597 63.679 62.872 62.584 62.215 61.865 61.512 61.159 60.799 59.410 67.856 65.481
0.000 0.000 0.000 0.000 0.000 12.944 35.944 0.000 13.914 53.912 42.908 46.905 21.903 0.000 0.000 14.433 86.434 80.436 77.435 74.432 77.428 68.425 31.422 0.000 0.000 0.000 0.000 0.000 0.000 0.000 1.564 55.565 56.566 7.567 0.000 0.000 35.581 53.582 58.583 48.584 39.585 37.586 0.000 6.594 34.595 28.597 28.598 29.599 35.599 43.598 5.598 0.000 0.000 17.736 50.521 54.335 65.085 67.256 66.873 70.247 68.791 63.002 64.742 63.831 63.467 63.050 62.664 62.286 61.913 61.546 61.197 66.917 0.000 0.000
0.000 0.000 0.000 0.000 0.000 12.944 55.944 0.000 47.917 49.913 61.908 44.904 29.901 0.000 0.000 2.435 71.437 83.443 80.441 80.436 81.430 75.423 29.419 0.000 0.000 0.000 0.000 0.000 0.000 0.000 0.000 0.000 40.566 0.000 0.000 0.000 41.581 38.582 50.583 7.583 0.000 0.000 0.000 0.000 0.596 38.597 32.597 0.000 25.598 59.598 42.598 0.000 0.000 22.272 56.059 64.915 67.997 67.732 71.956 71.246 64.413 65.898 64.882 64.424 63.944 63.514 63.102 62.703 62.309 61.916 61.525 66.145 8.822 0.000
55.042 45.042 0.000 0.000 0.000 6.945 66.945 42.937 44.925 50.915 74.908 75.902 70.897 24.893 0.000 0.000 0.000 31.457 85.452 80.443 81.431 78.419 37.411 0.000 0.000 0.000 0.000 0.000 0.000 0.000 0.000 0.000 0.000 0.000 0.000 0.000 0.000 0.000 0.000 0.000 0.000 0.000 0.000 0.000 0.000 0.000 13.597 10.597 0.000 0.000 0.000 0.000 11.454 48.938 65.893 67.556 68.470 72.803 72.463 65.440 66.943 65.923 65.408 64.875 64.400 63.954 63.528 63.114 62.703 62.285 61.842 64.316 47.498 4.358
67.043 49.042 45.042 0.000 0.000 0.000 58.955 60.943 60.929 72.916 69.907 81.899 80.893 41.889 0.000 0.000 0.000 7.476 87.467 80.452 81.433 78.413 38.396 0.000 0.000 0.000 47.125 59.109 28.095 0.000 0.000 0.000 0.000 0.000 0.000 0.000 0.000 0.000 0.000 0.000 0.000 0.000 0.000 0.000 0.000 0.000 0.000 0.000 0.000 0.000 0.000 9.307 49.860 66.856 67.450 73.611 73.130 66.686 67.237 67.712 66.858 66.345 65.796 65.294 64.822 64.374 63.943 63.522 63.103 62.679 69.241 9.778 0.000 17.337
72.044 51.043 52.041 44.039 0.000 48.996 43.977 51.950 64.931 68.914 79.904 80.895 79.887 48.881 0.000 0.000 0.000 6.504 86.489 80.465 81.436 76.403 56.364 40.304 41.248 41.194 49.141 70.106 37.082 0.000 0.000 0.000 0.000 0.000 0.000 0.000 0.000 0.000 0.000 0.000 0.000 0.000 0.000 0.000 0.000 0.000 0.000 0.000 0.000 7.293 38.089 47.637 66.656 68.273 74.952 74.371 67.204 68.913 68.234 67.671 67.184 66.661 66.161 65.680 65.220 64.778 64.349 63.927 63.509 70.089 15.665 0.000 0.000 2.284
67.046 65.045 48.042 52.036 52.028 43.015 36.007 0.000 0.000 10.907 69.900 80.889 78.880 63.867 30.847 0.000 0.000 55.548 76.520 81.483 80.443 81.400 71.353 47.300 44.246 43.192 52.140 70.093 53.045 38.980 39.928 43.889 54.864 18.855 0.000 0.000 0.000 0.000 0.000 0.000 0.000 0.000 0.000 0.000 0.000 0.000 0.000 0.000 0.000 18.474 58.331 66.302 68.973 75.777 75.412 67.899 69.561 68.774 68.389 67.929 67.450 66.974 66.503 66.045 65.601 65.169 64.746 64.330 69.916 16.502 0.000 0.000 0.000 1.205
13.049 81.048 52.045 46.038 47.032 49.031 49.030 38.038 0.000 0.000 0.000 14.883 85.877 75.859 53.828 45.773 52.707 51.619 53.561 61.506 62.453 49.400 46.349 44.297 44.244 43.190 52.135 67.081 46.026 42.967 47.915 63.874 66.850 51.845 25.845 0.000 0.000 0.000 0.000 0.000 0.000 0.000 0.000 0.000 0.000 0.000 0.000 0.000 9.244 51.122 66.759 69.617 76.265 76.061 68.562 70.205 69.418 69.054 68.614 68.174 67.726 67.277 66.833 66.397 65.970 65.551 65.138 70.730 16.323 0.000 0.000 0.000 0.000 0.000
80.053 81.054 67.054 0.000 0.000 54.045 50.045 61.046 52.046 0.000 0.000 0.000 73.886 70.865 55.832 46.785 43.728 43.662 46.597 59.527 67.462 70.400 63.347 53.295 46.243 45.187 61.130 64.071 39.010 42.948 42.891 43.844 47.817 26.831 0.000 0.000 0.000 0.000 0.000 0.000 0.000 0.000 0.000 0.000 0.000 0.000 12.352 44.056 51.961 65.510 76.842 76.481 69.565 70.171 70.746 70.061 69.696 69.269 68.851 68.427 68.002 67.577 67.156 66.740 66.331 66.927 73.526 17.128 0.000 0.000 0.000 0.000 0.000 0.000
81.058 81.061 81.064 68.069 51.068 51.060 51.057 42.057 0.000 7.965 14.965 66.949 63.915 66.885 59.851 60.808 60.759 60.703 63.640 58.544 58.466 60.393 64.343 65.295 63.244 59.188 70.127 68.062 55.994 56.925 56.856 58.793 33.744 0.000 0.000 0.000 0.000 0.000 0.000 0.000 0.000 0.000 0.000 0.000 0.000 46.863 47.538 68.607 69.207 77.911 77.439 72.024 71.751 71.148 70.688 70.313 69.902 69.498 69.091 68.684 68.277 67.873 67.473 67.078 67.686 71.298 3.912 0.000 0.000 0.000 0.000 0.000 0.000 0.737
80.064 80.068 81.072 78.075 56.074 50.071 51.068 52.067 44.068 0.000 58.983 55.966 56.940 57.910 52.877 56.839 61.796 69.752 54.716 0.000 0.000 5.364 63.335 59.299 59.251 59.193 59.128 59.057 58.981 58.902 58.817 56.726 51.623 24.486 0.000 0.572 44.182 50.978 62.711 32.488 0.000 0.000 0.000 0.000 48.467 59.181 71.127 71.795 78.608 78.296 72.647 72.335 71.609 71.288 70.905 70.512 70.119 69.726 69.332 68.939 68.550 68.165 67.786 68.411 71.039 18.669 0.000 0.000 0.000 0.000 0.000 0.000 0.000 21.769
70.070 70.077 81.082 81.084 71.083 47.081 50.079 51.076 51.069 57.052 66.018 49.993 46.968 44.940 51.909 66.873 65.835 50.794 30.755 0.000 0.000 0.000 0.000 48.315 43.269 43.207 43.135 43.057 43.972 46.883 47.785 47.673 46.536 47.349 46.057 45.741 54.368 61.043 58.667 65.264 62.773 57.335 54.908 57.379 69.052 72.573 72.380 79.042 78.858 73.257 72.923 72.186 71.869 71.482 71.102 70.719 70.336 69.954 69.572 69.193 68.817 68.452 69.094 69.741 8.390 0.000 0.000 0.000 0.000 0.000 0.000 0.000 0.000 32.820
36.079 48.088 76.095 80.097 61.095 44.091 43.090 51.088 51.082 50.068 44.044 45.019 50.999 67.974 66.945 49.912 42.876 32.835 0.000 52.655 61.616 57.555 58.476 61.377 64.302 63.229 64.150 67.062 65.969 62.872 64.767 59.646 45.500 49.316 48.082 52.814 70.509 77.157 73.651 67.129 61.717 63.346 69.894 74.824 73.309 79.582 79.247 73.198 74.822 73.424 72.776 72.448 72.059 71.682 71.303 70.926 70.552 70.181 69.811 69.441 70.076 67.731 63.398 15.069 0.000 0.000 0.000 0.000 0.000 0.000 0.000 0.000 18.993 22.916
0.000 41.101 60.114 71.114 46.108 38.100 45.101 43.104 50.104 51.095 51.071 44.041 61.034 53.014 41.985 44.952 36.924 0.000 61.748 64.694 64.638 66.573 67.497 70.414 74.336 73.258 73.173 73.073 74.971 75.871 73.764 61.643 47.502 49.335 49.140 48.925 51.696 25.426 0.000 86.882 128.644 106.295 72.319 73.912 80.563 80.124 73.626 76.369 73.797 73.367 73.021 72.637 72.260 71.881 71.503 71.131 70.766 70.408 70.050 71.685 66.314 54.998 9.698 0.000 0.000 0.000 0.000 0.000 0.000 0.000 0.000 17.143 30.071 18.999
0.000 0.000 17.148 52.137 34.122 0.000 40.112 45.123 45.133 51.139 40.105 0.000 45.083 43.062 45.029 45.989 55.943 69.886 66.802 68.734 74.670 84.602 128.527 125.445 125.368 125.295 125.212 126.085 109.971 41.877 44.775 42.660 50.529 49.382 46.220 44.049 25.923 0.000 0.000 0.000 53.558 70.692 75.375 81.231 80.927 73.206 74.920 74.232 73.940 73.584 73.213 72.839 72.461 72.079 71.698 71.327 70.973 71.634 70.298 61.934 50.499 8.248 0.000 0.000 0.000 0.000 0.000 0.000 0.000 0.000 8.277 29.215 21.148 9.081
15.290 4.265 67.192 45.164 0.000 0.000 0.000 39.145 52.166 44.222 0.000 0.000 53.154 44.122 55.080 68.030 67.975 72.913 75.841 68.772 54.705 45.638 41.566 39.470 42.399 43.341 30.295 0.000 46.951 43.890 42.801 46.694 50.573 47.445 39.309 46.127 27.025 0.000 0.000 48.965 65.980 75.761 81.679 81.482 73.770 75.471 74.779 74.498 74.141 73.784 73.418 73.044 72.665 72.277 71.883 71.508 72.165 67.857 56.573 13.253 0.000 0.000 0.000 0.000 0.000 0.000 0.000 0.000 0.000 0.000 26.340 25.290 11.227 8.161
85.314 73.312 0.000 2.164 0.000 0.000 0.000 0.000 0.000 48.361 46.385 54.346 51.256 51.194 51.137 68.078 82.015 70.948 50.878 48.808 43.741 45.678 36.629 0.000 48.417 45.374 34.334 0.000 47.992 42.932 43.846 50.741 48.623 46.518 28.442 0.000 0.000 45.575 43.454 60.253 76.188 81.920 74.671 75.252 75.927 75.336 75.053 74.703 74.355 73.996 73.629 73.256 72.877 72.481 73.048 72.656 62.322 47.057 9.885 0.000 0.000 0.000 0.000 0.000 0.000 0.000 0.000 1.785 0.719 15.552 27.453 15.379 7.309 21.242
71.348 61.359 0.000 0.000 61.936 54.925 48.909 0.000 0.631 66.476 63.448 50.398 51.329 51.263 52.197 73.130 125.060 117.988 64.914 119.842 40.773 44.706 44.642 46.571 44.477 44.406 44.332 46.230 42.094 42.000 50.909 49.801 46.661 41.560 30.501 0.000 0.000 47.697 54.570 76.599 75.508 82.275 75.718 76.317 75.879 75.600 75.265 74.927 74.576 74.217 73.847 73.473 73.107 74.723 70.172 51.746 38.411 40.164 6.024 0.000 0.000 0.000 0.000 0.000 0.000 0.000 0.000 10.797 15.739 29.634 23.542 13.463 22.389 22.320
58.391 2.415 0.000 0.000 44.947 53.930 50.894 68.825 62.730 67.607 75.534 66.469 51.401 51.331 51.259 50.184 44.107 39.028 43.950 40.874 44.802 44.732 44.664 44.593 44.515 44.440 44.359 43.264 48.155 50.066 50.989 34.895 0.000 34.560 0.000 0.000 0.000 51.917 73.859 77.890 83.310 82.832 75.812 76.474 76.126 75.823 75.499 75.160 74.808 74.446 74.070 73.682 72.355 34.131 0.000 0.000 0.000 0.000 0.000 0.000 0.000 0.000 7.227 2.222 1.207 0.134 3.944 12.867 28.791 22.704 13.619 23.540 19.466 10.395
46.443 51.496 0.000 49.989 45.976 44.953 62.912 55.850 71.773 80.686 60.613 46.544 44.474 47.401 50.324 51.242 51.156 44.069 42.983 43.902 43.827 44.757 44.689 44.621 49.552 46.480 43.402 44.311 47.195 51.120 40.085 0.000 0.000 0.000 0.000 7.636 127.520 71.234 78.269 76.264 83.726 75.624 78.150 79.642 76.377 76.069 75.747 75.406 75.050 75.691 72.306 59.829 50.500 8.315 0.000 0.000 0.000 0.000 0.000 0.000 0.000 9.236 9.233 9.226 10.194 10.125 11.021 24.935 24.854 8.772 11.691 13.614 10.540 8.468
31.495 25.631 49.902 46.001 45.016 55.995 59.951 70.892 77.824 43.754 42.686 43.620 45.550 44.475 41.393 49.304 50.208 51.107 50.011 43.925 42.849 41.780 42.715 48.652 107.590 75.526 55.457 38.384 0.000 53.133 61.147 0.000 0.000 0.000 0.000 51.755 62.661 79.552 77.602 84.445 84.101 76.715 77.250 77.923 76.637 76.334 76.012 75.669 76.294 74.962 27.634 0.000 0.000 0.000 0.000 0.000 0.000 0.000 0.000 0.000 0.000 16.239 12.242 9.255 10.223 8.161 20.080 26.998 10.918 11.838 19.760 17.684 11.610 8.539
0.000 0.000 43.074 46.098 48.094 69.061 80.005 93.941 75.879 4.819 61.760 61.699 45.632 45.556 44.471 42.374 45.264 51.142 49.029 49.939 51.864 49.799 47.739 43.683 38.630 43.578 38.517 0.000 0.000 0.000 47.224 39.243 0.000 0.000 0.000 61.967 78.854 78.944 76.976 84.758 76.433 78.938 80.450 77.198 76.914 76.616 76.300 75.964 73.495 28.228 0.000 0.000 0.000 0.000 0.000 0.000 0.000 0.000 0.000 0.000 15.796 0.000 0.000 17.330 7.282 18.216 30.139 18.061 12.982 17.904 21.827 14.752 9.679 7.608
0.000 0.000 41.224 47.221 63.200 74.150 122.066 115.991 117.932 123.883 119.836 120.785 45.723 45.648 44.559 44.456 43.333 38.167 48.026 49.937 50.870 48.812 50.759 50.711 51.669 44.638 0.000 0.000 0.000 0.000 48.281 33.262 0.000 0.000 53.455 75.258 79.202 78.198 85.325 85.049 77.491 78.041 78.735 77.477 77.207 76.918 77.606 52.391 0.000 0.000 0.000 0.000 0.000 0.000 0.000 0.000 0.000 27.972 16.932 6.872 10.797 10.706 11.595 11.452 14.361 27.281 24.202 19.123 20.045 17.968 15.892 11.818 8.745 10.675
0.000 0.000 42.376 59.365 67.335 73.272 44.121 43.024 41.974 38.945 39.918 39.880 45.827 45.754 61.663 61.558 37.445 0.000 34.970 47.915 49.866 47.819 49.776 49.734 50.696 46.669 0.000 0.000 0.000 46.436 31.359 0.000 0.000 54.784 63.646 80.502 79.408 78.595 85.581 77.162 79.692 82.231 78.012 77.767 77.519 76.241 63.817 22.604 0.000 0.000 0.000 0.000 0.000 14.179 9.162 9.130 9.080 13.012 24.953 27.888 13.812 8.726 10.628 12.521 27.429 26.345 12.264 21.185 22.107 21.031 13.955 9.882 8.810 18.740
