results2_8e3_rain/res_3e8f-0161.wd
ncols         241
nrows         181
xllcorner     12693529.787448
yllcorner     3542525.717860
cellsize      155.156523
NODATA_value  -9999.000000
[rows 33 to 65 of 181, columns 73 to 145 of 241]
0.000 0.000 0.000 0.000 0.000 0.000 0.000 0.000 0.000 0.000 0.000 0.000 0.000 0.000 0.000 0.000 0.000 0.000 0.000 0.000 0.000 0.000 0.000 0.000 0.000 0.000 0.000 0.000 0.000 0.000 0.000 0.000 0.000 0.000 0.000 0.000 0.000 0.000 0.000 39.283 62.285 67.286 23.289 0.000 0.000 32.366 46.395 13.374 4.375 36.396 39.412 33.410 34.392 35.357 35.304 35.233 35.142 34.028 39.877 59.643 6.167 14.296 11.586 46.755 63.217 67.745 66.305 66.908 65.445 67.532 62.589 62.196 62.186
0.000 0.000 0.000 0.000 0.000 0.000 0.000 0.000 0.000 0.000 0.000 0.000 0.000 0.000 0.000 0.000 0.000 0.000 0.000 0.000 0.000 0.000 0.000 0.000 0.000 0.000 0.000 0.000 0.000 0.000 0.000 0.000 0.000 0.000 0.000 0.000 0.000 0.000 0.000 0.000 14.285 9.286 0.000 0.000 0.000 0.000 28.486 0.000 0.000 26.437 50.478 49.483 39.466 35.430 35.374 35.297 35.200 34.083 55.951 53.797 0.000 37.137 49.707 63.139 67.623 67.146 66.717 66.226 67.287 63.307 62.602 62.856 65.158
0.000 0.000 0.000 0.000 0.000 0.000 0.000 0.000 0.000 0.000 0.000 0.000 0.000 0.000 0.000 0.000 0.000 0.000 34.806 66.806 19.806 0.000 0.000 0.000 0.000 0.000 0.000 0.000 0.000 0.000 0.000 0.000 0.000 0.000 0.000 0.000 0.000 0.000 0.000 0.000 0.000 0.000 0.000 0.000 0.000 0.000 20.577 0.000 0.000 0.000 28.581 46.576 46.559 37.524 35.466 35.382 33.275 49.154 58.046 0.000 22.794 47.407 61.965 68.473 67.983 67.530 67.011 69.045 65.032 63.136 63.534 65.860 65.106
0.000 0.000 0.000 0.000 0.000 0.000 0.000 0.000 0.000 0.000 0.000 21.808 59.808 0.000 0.000 0.000 0.000 0.000 41.806 92.806 48.806 0.000 0.000 0.000 0.000 0.000 0.000 0.000 0.000 0.000 0.000 0.000 0.000 0.000 0.000 0.000 0.000 0.000 0.000 0.000 0.000 0.000 0.000 0.000 0.000 0.000 23.668 24.710 31.728 17.726 27.690 35.681 48.670 39.641 35.583 32.491 43.366 53.211 42.034 17.705 47.181 64.730 69.275 68.799 68.338 67.799 67.805 66.768 63.781 64.228 66.567 65.820 65.587
0.000 0.000 0.000 0.000 0.000 0.000 0.000 0.000 0.000 0.000 0.000 42.808 77.808 66.808 53.808 8.808 2.807 26.807 80.806 88.806 53.806 0.000 0.000 0.000 0.000 22.751 1.751 0.000 0.000 0.000 0.000 0.000 0.000 0.000 0.000 0.000 0.000 6.754 0.000 0.000 0.000 10.753 28.753 0.000 0.000 39.731 54.719 57.732 55.748 41.761 35.770 34.788 48.799 39.786 31.735 45.633 59.486 47.290 35.174 49.899 54.496 67.060 69.600 69.141 68.590 68.572 66.517 64.537 64.941 67.287 66.546 66.317 65.985
0.000 0.000 0.000 0.000 0.000 0.000 0.000 0.000 0.000 0.000 0.000 13.808 75.808 58.808 39.808 1.808 22.808 72.807 83.807 90.806 49.805 0.000 0.000 0.000 0.000 60.751 44.751 0.000 0.000 0.000 0.000 0.000 0.000 0.000 0.000 0.000 23.754 35.754 37.754 0.000 0.000 19.753 44.753 23.752 37.749 60.744 63.743 64.753 61.771 48.799 35.843 32.903 49.951 40.970 44.937 62.821 56.654 0.000 33.473 52.220 64.845 70.409 69.955 69.396 69.353 67.286 65.420 65.677 68.024 67.292 67.068 66.736 66.405
0.000 0.000 0.000 0.000 0.000 0.000 0.000 0.000 0.000 0.000 0.000 0.000 0.000 26.808 64.808 60.808 48.808 61.807 81.807 92.806 45.805 0.000 0.000 0.000 0.000 22.751 46.751 48.751 0.000 0.000 0.000 0.000 0.000 0.000 0.000 0.000 39.754 40.754 52.754 35.754 24.754 38.754 39.754 35.753 42.753 49.752 47.755 40.765 59.785 25.821 41.898 45.031 35.134 47.206 60.220 57.061 0.050 8.445 45.025 61.661 70.256 70.794 70.241 70.167 67.094 66.471 66.444 68.781 68.059 67.843 67.517 67.185 66.829
0.000 0.000 0.000 0.000 0.000 0.000 0.000 0.000 0.000 0.000 0.000 0.000 0.000 16.808 83.809 78.809 68.809 58.808 82.807 90.805 85.803 70.799 25.797 0.000 0.000 0.000 2.751 56.751 40.751 38.751 49.751 44.751 7.751 0.000 0.000 3.754 39.754 38.754 59.754 65.754 54.754 46.754 38.755 35.755 36.755 37.757 36.761 34.769 42.782 3.801 0.000 4.188 40.346 63.501 61.678 1.087 7.177 44.865 58.519 68.156 71.692 71.252 72.026 67.977 67.766 67.261 69.567 68.849 68.638 68.323 68.003 67.653 67.265
0.000 0.000 0.000 0.000 0.000 0.000 0.000 0.000 0.000 0.000 0.000 0.000 0.000 0.000 16.809 55.809 30.810 66.809 85.808 90.806 88.802 86.798 75.794 34.791 0.000 0.000 0.000 12.751 51.751 51.751 64.751 62.751 55.751 50.752 0.000 0.000 6.754 43.754 62.754 69.754 61.755 45.755 34.755 35.756 35.757 35.759 35.763 35.767 39.772 0.000 0.000 0.000 10.560 47.774 17.261 14.580 49.518 54.314 66.050 72.652 72.501 70.739 69.066 69.433 68.163 70.400 69.670 69.451 69.140 68.838 68.516 68.159 67.732
0.000 0.000 0.000 0.000 0.000 0.000 0.000 0.000 0.000 0.000 0.000 0.000 0.000 0.000 0.000 1.810 87.811 87.811 89.810 89.807 88.803 82.797 76.791 47.788 0.000 0.000 0.000 0.000 0.000 19.751 64.751 58.751 73.752 70.752 49.752 28.753 29.754 38.754 60.754 69.754 60.755 43.755 33.756 38.757 37.758 35.761 35.763 35.766 36.768 28.767 0.000 0.000 0.000 0.000 9.014 52.065 54.996 62.851 73.571 73.680 72.040 73.926 71.674 69.209 71.314 70.544 70.293 69.967 69.666 69.366 69.064 68.734 67.300
0.000 0.000 0.000 0.000 0.000 0.000 22.766 45.763 0.000 23.706 63.696 52.683 56.673 31.666 0.000 0.000 23.814 95.814 89.815 86.811 83.804 86.795 77.787 40.781 0.000 0.000 0.000 0.000 0.000 0.000 0.000 8.752 62.752 63.752 14.752 0.000 5.754 42.754 60.754 65.754 55.755 46.755 44.756 6.757 13.759 41.761 35.763 35.765 36.766 42.766 50.766 12.766 0.000 0.000 24.714 57.671 61.565 72.375 74.588 74.220 77.503 76.079 70.558 72.357 71.496 71.180 70.815 70.490 70.184 69.899 69.639 69.414 75.252
0.000 0.000 0.000 0.000 0.000 0.000 22.769 65.761 7.741 57.717 59.698 71.682 54.668 39.660 0.000 0.000 11.816 80.818 92.823 89.818 89.806 90.792 84.779 38.770 0.000 0.000 0.000 0.000 0.000 0.000 0.000 0.000 0.000 47.752 6.752 0.000 1.754 48.754 45.754 57.754 14.755 0.000 0.000 0.000 0.000 7.762 45.763 39.765 2.765 32.766 66.766 49.766 2.766 0.000 29.468 63.308 72.211 75.331 75.087 79.262 78.517 71.920 73.479 72.522 72.119 71.695 71.326 70.989 70.681 70.407 70.180 70.032 75.041
21.043 65.038 55.033 0.000 0.000 0.000 16.780 76.769 52.747 54.721 60.697 84.677 85.659 80.645 34.631 0.000 0.000 0.000 40.842 94.831 89.812 90.788 87.766 46.750 0.000 0.000 0.000 0.000 0.000 0.000 0.000 0.000 0.000 5.752 0.000 0.000 0.000 0.000 0.000 0.000 0.000 0.000 0.000 0.000 0.000 0.000 0.000 20.765 17.765 0.000 0.000 0.000 0.000 18.879 56.296 73.249 74.926 75.859 80.208 79.815 72.952 74.506 73.538 73.077 72.598 72.182 71.803 71.458 71.145 70.869 70.642 70.493 73.484
21.044 77.037 59.028 55.019 0.000 0.000 3.804 68.786 70.756 70.724 82.694 79.669 91.647 90.629 51.617 0.000 0.000 0.000 16.872 96.853 89.822 90.784 87.746 47.714 0.000 0.000 8.285 56.248 68.207 37.180 0.000 0.000 0.000 0.000 0.000 0.000 0.000 0.000 0.000 0.000 0.000 0.000 0.000 0.000 0.000 0.000 0.000 0.000 5.765 0.000 0.000 0.000 16.844 57.351 74.312 74.894 81.123 80.613 74.226 74.786 75.284 74.464 73.993 73.491 73.041 72.627 72.246 71.895 71.572 71.281 71.025 77.814 18.649
85.047 82.037 61.025 62.009 53.986 0.932 58.845 53.817 61.766 74.725 78.685 89.658 90.632 89.609 58.590 0.000 0.000 0.000 15.921 95.886 89.838 90.782 85.720 65.645 49.530 50.424 50.322 58.252 79.194 46.153 0.000 0.000 0.000 0.000 0.000 0.000 0.000 0.000 0.000 0.000 0.000 0.000 0.000 0.000 0.000 0.000 0.000 0.000 0.000 0.000 14.934 45.711 55.219 74.206 75.796 82.463 81.870 74.775 76.494 75.826 75.283 74.825 74.337 73.879 73.445 73.039 72.659 72.303 71.969 71.657 78.365 24.090 0.000
82.052 77.040 75.026 58.006 61.978 61.940 52.895 45.872 0.000 0.000 20.665 79.644 90.613 88.583 73.545 40.493 0.000 3.093 65.006 85.934 90.861 89.785 90.705 80.619 56.520 53.421 52.326 61.243 79.165 62.084 47.973 48.885 52.820 63.781 27.765 0.000 0.000 0.000 0.000 0.000 0.000 0.000 0.000 0.000 0.000 0.000 0.000 0.000 0.000 0.000 26.134 65.974 73.921 76.569 83.342 82.946 75.499 77.167 76.388 76.015 75.573 75.119 74.673 74.238 73.822 73.426 73.048 72.688 72.344 78.012 24.688 0.000 0.000
71.059 23.046 91.032 62.012 55.980 56.950 58.922 58.905 47.907 0.000 0.000 0.628 24.595 95.564 85.515 63.441 55.321 62.181 61.075 62.981 70.887 71.792 58.698 55.605 53.509 53.414 52.319 61.228 76.138 55.046 51.948 56.862 72.796 75.757 60.749 34.749 0.000 0.000 0.000 0.000 0.000 0.000 0.000 0.000 0.000 0.000 0.000 0.000 0.000 16.973 58.819 74.430 77.271 83.907 83.662 76.196 77.839 77.054 76.696 76.267 75.843 75.416 74.993 74.580 74.180 73.793 73.420 73.058 78.706 24.359 0.000 0.000 0.000
17.067 90.055 91.043 77.031 0.000 3.957 63.938 59.920 70.908 61.897 0.000 0.642 3.601 83.565 80.510 65.436 56.341 53.234 53.133 56.029 68.913 76.799 79.691 72.593 62.499 55.405 54.309 70.213 73.114 48.014 51.913 51.819 52.744 56.701 35.725 0.000 0.000 0.000 6.276 0.000 0.000 0.000 0.000 0.000 0.000 0.000 0.000 20.194 51.864 59.722 73.237 84.567 84.182 77.249 77.844 78.411 77.721 77.357 76.935 76.526 76.116 75.708 75.305 74.910 74.524 74.147 74.780 81.419 25.062 0.000 0.000 0.000 0.000
95.075 91.065 91.053 91.038 78.017 60.982 60.954 60.929 51.908 0.863 17.750 24.701 76.638 73.583 76.523 69.452 70.371 70.283 70.192 73.091 67.935 67.802 69.671 73.578 74.489 72.397 68.301 79.199 77.093 64.982 65.870 65.759 67.657 42.581 0.000 0.000 0.000 0.000 7.276 0.000 0.000 0.000 0.000 0.000 0.000 7.063 54.845 55.413 76.429 76.986 85.632 85.153 79.737 79.453 78.842 78.375 77.996 77.584 77.184 76.784 76.388 75.995 75.609 75.230 74.858 75.493 79.133 11.776 0.000 0.000 0.000 0.000 0.000
94.083 90.076 90.067 91.052 88.030 66.000 59.968 60.935 61.898 53.847 2.782 68.724 65.665 66.607 67.546 62.480 66.408 71.334 79.263 64.206 0.000 0.000 14.615 72.559 68.481 68.395 68.297 68.190 68.075 67.953 67.825 67.690 65.546 60.383 33.165 0.000 8.800 52.577 59.276 70.968 40.729 0.000 0.000 0.000 1.031 56.258 67.053 78.981 79.618 86.367 86.032 80.387 80.064 79.328 78.999 78.610 78.213 77.820 77.428 77.040 76.655 76.277 75.906 75.542 76.185 78.833 26.483 0.000 0.000 0.000 0.000 0.000 0.000
80.089 80.088 80.086 91.074 91.051 81.020 56.982 59.944 60.904 60.857 66.804 75.749 59.692 56.635 54.575 61.512 76.447 75.382 60.321 40.263 0.000 0.000 0.000 0.579 57.480 52.404 52.303 52.189 52.063 52.929 55.786 56.631 56.455 55.240 55.948 54.499 54.023 62.656 69.283 66.898 73.490 70.946 65.435 62.924 65.301 76.918 80.434 80.228 86.860 86.644 81.026 80.680 79.930 79.603 79.209 78.822 78.436 78.051 77.670 77.291 76.917 76.550 76.195 76.848 77.508 16.170 0.000 0.000 0.000 0.000 0.000 0.000 0.000
0.000 46.102 58.115 86.106 90.082 71.045 53.999 52.954 60.915 60.874 59.829 53.776 54.718 60.664 77.607 76.547 59.486 52.428 42.374 0.000 61.954 70.894 66.801 67.683 70.548 73.437 72.323 73.199 76.061 74.914 71.760 73.593 68.402 54.173 57.887 56.528 61.135 78.741 85.302 81.853 75.386 69.911 71.455 77.919 82.772 81.202 87.463 87.113 81.013 82.622 81.207 80.546 80.206 79.807 79.422 79.037 78.655 78.279 77.908 77.539 77.172 77.812 75.474 71.149 22.829 0.000 0.000 0.000 0.000 0.000 0.000 0.000 0.000
0.000 0.000 51.167 70.153 81.126 56.079 48.013 54.960 52.927 59.896 60.861 60.809 53.741 70.696 62.644 51.583 54.520 46.469 0.000 71.101 74.014 73.926 75.826 76.713 79.590 83.473 82.354 82.223 82.067 83.906 84.748 82.579 70.387 56.163 57.899 57.591 57.248 59.871 33.333 5.824 95.286 136.881 114.414 80.347 81.866 88.430 87.991 81.461 84.189 81.604 81.161 80.802 80.407 80.020 79.633 79.248 78.870 78.502 78.143 77.785 79.421 74.053 62.740 17.445 0.000 0.000 0.000 0.000 0.000 0.000 0.000 0.000 45.731
3.401 0.000 6.233 27.212 62.189 44.134 0.000 49.948 54.935 54.923 60.908 49.859 0.000 54.736 52.687 54.621 55.545 65.458 79.338 76.189 78.075 83.971 93.865 137.751 134.627 134.511 134.398 134.271 135.078 118.896 50.747 53.587 51.403 59.194 57.956 54.687 52.394 34.164 0.000 0.000 4.072 61.782 78.795 83.391 89.122 88.803 81.060 82.761 82.059 81.755 81.386 81.004 80.619 80.231 79.841 79.452 79.076 78.717 79.375 78.038 69.673 58.239 15.989 0.000 0.000 0.000 0.000 0.000 0.000 0.000 2.022 36.959 57.843
77.402 25.379 14.320 77.273 55.283 0.000 0.000 0.000 48.944 61.952 53.990 0.000 6.910 62.825 53.749 64.668 77.580 77.481 82.366 85.242 78.126 64.017 54.911 50.801 48.658 51.545 52.455 39.385 0.000 55.853 52.758 51.617 55.447 59.252 56.043 47.809 54.477 35.227 0.000 1.354 57.065 74.085 83.812 89.614 89.393 81.644 83.330 82.626 82.333 81.964 81.595 81.217 80.833 80.444 80.047 79.644 79.263 79.915 75.604 64.318 20.995 0.000 0.000 0.000 0.000 0.000 0.000 0.000 0.000 0.000 5.080 55.020 53.934
87.422 95.413 83.396 0.368 12.389 6.495 1.536 0.541 0.000 0.000 58.111 56.090 63.994 60.904 60.816 60.724 77.625 91.519 80.404 60.285 58.170 53.061 54.961 45.883 0.000 57.556 54.491 43.430 0.000 56.906 51.813 52.678 59.514 57.326 55.155 37.030 0.000 1.716 53.743 51.528 68.314 84.228 89.891 82.578 83.145 83.805 83.201 82.906 82.543 82.184 81.814 81.436 81.052 80.664 80.258 80.816 80.416 70.077 54.808 17.633 0.000 0.000 0.000 0.000 0.000 0.000 0.000 3.451 30.406 29.323 44.196 56.107 44.024
77.450 81.456 71.458 0.000 0.000 71.573 64.572 58.547 2.486 10.392 76.251 73.166 60.074 60.981 60.886 61.786 82.679 134.565 127.447 74.326 129.208 50.095 53.989 53.887 55.770 53.632 53.525 53.413 55.255 51.052 50.910 59.770 58.603 55.384 50.222 39.126 0.000 0.464 55.790 62.624 84.626 83.510 90.247 83.624 84.211 83.760 83.470 83.123 82.774 82.412 82.041 81.661 81.277 80.901 82.508 77.944 59.509 46.168 47.917 13.775 0.000 0.000 0.000 0.000 0.000 0.000 0.000 3.496 39.444 44.367 58.274 52.188 42.108
73.480 68.502 12.523 0.000 2.694 54.653 63.624 60.583 78.520 72.437 77.338 85.247 76.155 61.061 60.961 60.854 59.739 53.617 48.491 53.364 50.241 54.124 54.013 53.904 53.793 53.676 53.563 53.443 52.300 57.138 59.004 59.887 43.745 0.000 43.222 0.000 0.000 0.420 59.960 81.880 85.884 91.231 90.773 83.716 84.368 84.010 83.696 83.362 83.012 82.650 82.278 81.891 81.492 80.156 41.926 0.000 0.000 0.000 0.000 0.000 0.000 0.000 0.000 35.896 30.859 29.797 28.710 32.592 41.509 57.428 51.344 42.264 52.187
65.508 56.549 61.609 6.709 59.735 55.721 54.688 72.639 65.576 81.499 90.415 70.329 56.240 54.145 57.043 59.930 60.807 60.674 53.535 52.398 53.268 53.146 54.033 53.926 53.820 58.715 55.609 52.496 53.364 56.195 60.082 49.030 0.000 0.000 0.000 0.000 15.635 135.515 79.237 86.260 84.233 91.637 83.535 86.054 87.537 84.264 83.947 83.614 83.264 82.898 83.529 80.133 67.643 58.305 16.116 0.000 0.000 0.000 0.000 0.000 0.000 0.000 37.976 37.933 37.884 38.820 38.742 39.653 53.570 53.491 37.412 40.335 42.262
40.524 41.576 35.656 59.782 55.817 54.806 65.768 69.711 80.643 87.570 53.493 52.414 53.330 55.238 54.134 51.017 58.884 59.737 60.579 59.425 53.285 52.161 51.049 51.945 57.848 116.755 84.663 64.567 47.466 0.000 62.101 70.119 0.000 0.000 0.000 0.000 59.757 70.652 87.535 85.569 92.345 92.004 84.624 85.154 85.820 84.526 84.215 83.885 83.533 84.148 82.807 35.470 0.000 0.000 0.000 0.000 0.000 0.000 0.000 0.000 0.000 0.000 45.019 40.978 37.923 38.859 36.786 48.708 55.629 39.553 40.477 48.404 46.333
0.000 0.000 0.000 52.947 55.945 57.919 78.867 89.794 103.716 85.644 14.574 71.505 71.429 55.342 55.240 54.119 51.977 54.810 60.618 58.437 59.288 61.164 59.055 56.959 52.872 47.793 52.721 47.644 0.000 0.000 0.000 56.228 48.255 0.000 0.000 2.182 69.985 86.838 86.913 84.928 92.655 84.347 86.849 88.355 85.098 84.807 84.502 84.178 83.834 81.354 36.080 0.000 0.000 0.000 0.000 0.000 0.000 0.000 0.000 0.000 0.000 44.179 14.103 2.041 45.972 35.906 46.836 58.762 46.687 41.613 46.541 50.470 43.401
0.000 0.000 0.000 51.113 57.097 73.059 83.988 131.880 125.785 127.714 133.656 129.601 130.538 55.460 55.364 54.244 54.094 52.907 47.647 57.416 59.267 60.150 58.049 59.962 59.887 60.826 53.783 0.000 0.000 0.000 0.000 57.309 42.282 0.000 0.000 61.340 83.210 87.162 86.150 93.221 92.946 85.406 85.952 86.642 85.379 85.104 84.808 85.490 60.270 0.000 0.000 0.000 0.000 0.000 0.000 0.000 0.000 0.000 56.485 45.437 35.361 39.255 39.171 40.099 40.028 42.959 55.888 52.816 47.744 48.673 46.602 44.533 40.466
17.370 0.000 0.000 52.294 69.274 77.230 83.146 53.952 52.830 51.770 48.736 49.705 49.661 55.598 55.513 71.399 71.247 47.077 0.000 44.315 57.213 59.120 57.030 58.954 58.890 59.838 55.803 0.000 0.643 1.593 55.526 40.417 0.000 0.000 62.728 71.577 88.448 87.357 86.538 93.478 85.080 87.609 90.145 85.921 85.673 85.420 84.136 71.705 30.488 0.000 0.000 0.000 0.000 0.000 42.728 37.707 37.668 37.611 41.533 53.466 56.391 42.308 37.229 39.155 41.083 56.012 54.942 40.871 49.801 50.731 49.662 42.595 38.529
