results2_8e3_rain/res_3e8f-0181.wd
ncols         241
nrows         181
xllcorner     12693529.787448
yllcorner     3542525.717860
cellsize      155.156523
NODATA_value  -9999.000000
[rows 66 to 98 of 181, columns 146 to 218 of 241]
37.617 52.555 74.496 75.442 75.392 75.346 75.302 75.261 75.222 78.191 14.171 0.000 2.043 0.000 0.000 0.000 0.000 0.496 47.496 22.496 0.000 29.495 59.493 59.493 59.493 66.493 72.491 72.489 72.487 72.483 72.479 72.474 72.468 72.463 72.458 74.453 59.450 60.447 52.446 0.000 0.000 0.000 0.000 0.000 28.792 35.783 44.764 38.728 16.680 14.646 29.619 50.596 58.572 52.549 47.525 47.502 37.479 34.455 34.432 37.409 58.387 70.365 65.344 54.324 61.304 68.285 72.267 72.249 71.232 71.216 71.201 71.186 71.172
40.677 59.615 77.556 75.502 75.453 75.409 75.366 75.324 80.282 69.248 39.233 36.247 0.000 0.000 0.000 0.000 0.000 18.496 20.496 0.000 0.000 0.000 29.490 60.490 69.490 72.489 72.488 72.486 72.483 76.480 74.477 72.473 72.469 72.464 71.460 63.456 57.453 63.450 53.449 0.000 0.000 0.000 0.000 20.784 34.785 39.780 35.774 0.000 1.624 11.612 31.595 34.575 48.555 57.533 46.511 45.488 43.465 34.442 34.419 33.396 39.373 63.351 70.330 55.309 57.289 59.270 61.252 65.234 69.217 71.201 72.185 71.171 71.157
45.735 66.671 76.610 75.556 75.510 75.470 73.431 72.389 27.332 12.288 43.266 49.262 14.264 0.000 0.000 0.000 0.000 0.000 0.000 0.000 0.000 13.486 42.487 62.487 72.487 72.486 72.485 72.483 72.481 74.478 73.476 72.472 72.469 73.465 63.462 61.458 64.455 59.452 51.450 0.000 0.000 0.000 0.000 38.783 41.783 3.780 2.777 0.000 6.591 39.585 41.572 51.556 54.538 65.518 63.497 51.475 40.452 32.429 34.405 34.382 29.359 43.337 60.315 64.294 69.274 66.254 59.236 64.218 67.201 67.185 65.169 67.155 70.140
50.792 73.724 77.656 78.602 75.563 76.529 71.498 17.469 1.422 42.305 43.280 48.270 56.267 0.000 0.000 0.000 0.000 0.000 0.000 0.000 0.000 25.485 48.485 61.485 73.484 72.483 72.482 72.481 72.479 73.477 72.475 72.472 72.469 69.467 63.464 28.460 1.457 0.000 0.000 0.000 0.000 0.000 0.000 34.783 41.783 0.000 0.000 0.000 56.570 42.564 37.553 65.539 70.523 71.505 75.484 69.463 57.440 37.416 34.392 34.368 32.345 33.322 39.299 40.278 47.257 55.238 62.219 66.201 67.184 68.168 64.152 67.138 68.124
32.851 37.778 47.689 23.634 80.610 77.585 62.563 39.548 9.551 0.000 0.000 0.000 0.000 0.000 0.000 0.000 0.000 0.000 0.000 0.000 0.000 26.484 51.483 54.482 70.482 72.481 72.480 72.479 76.477 75.476 72.474 72.472 73.470 64.468 67.467 0.000 0.000 0.000 0.000 0.000 0.000 0.000 0.000 0.000 28.783 37.783 0.000 0.000 87.554 50.548 32.538 63.525 71.510 71.493 71.473 74.451 73.428 53.403 36.378 34.354 32.330 35.306 36.283 44.261 49.240 38.220 38.201 43.183 48.166 54.150 59.135 63.120 67.106
78.917 57.848 0.000 0.000 84.658 76.637 63.622 45.611 12.605 0.000 0.000 0.000 0.000 0.000 0.000 0.000 0.000 0.000 0.000 0.000 0.000 0.000 12.480 56.480 72.480 72.479 72.478 72.477 74.476 73.475 72.473 72.472 73.470 61.469 71.468 0.000 0.000 0.000 0.000 0.000 0.000 0.000 0.000 0.000 0.000 4.783 12.782 0.000 24.545 40.535 33.525 63.513 71.500 71.484 72.464 72.442 72.417 65.391 41.365 37.339 35.314 32.289 53.266 65.243 71.222 55.202 48.183 44.165 42.148 39.132 39.117 39.102 67.088
54.995 0.000 0.000 81.840 81.727 79.682 70.677 55.667 11.654 0.000 0.000 0.000 0.000 0.000 0.000 0.000 0.000 0.000 0.000 0.000 0.000 0.000 38.478 61.478 73.478 72.477 72.477 73.476 72.475 72.474 72.473 72.471 73.470 66.469 31.469 0.000 0.000 0.000 0.000 0.000 0.000 0.000 0.000 0.000 0.000 0.000 0.000 0.000 0.000 37.524 36.513 54.503 69.492 72.477 66.459 62.435 68.408 59.378 42.350 41.324 50.298 45.272 68.248 72.224 71.203 69.182 69.163 66.145 64.128 61.112 57.097 49.083 69.070
82.041 72.041 78.012 33.954 0.000 0.711 76.738 50.726 11.690 0.000 13.927 0.000 0.000 0.000 0.000 0.000 0.000 0.000 0.000 0.000 0.000 1.476 54.477 66.477 73.476 72.476 72.475 74.475 74.474 72.473 72.472 72.471 71.470 67.470 16.469 0.000 0.000 0.000 0.000 0.000 0.000 0.000 0.000 0.000 0.000 0.000 0.000 0.000 0.000 0.000 25.500 51.495 69.486 70.475 51.459 54.432 56.401 53.363 38.334 35.308 58.281 67.254 71.228 73.204 73.182 74.161 72.142 72.125 73.108 72.092 73.078 73.064 72.050
84.088 76.070 81.041 32.010 0.000 0.000 67.816 15.809 0.000 0.000 45.927 8.927 0.000 0.000 0.000 0.000 0.000 0.000 0.000 0.000 0.000 0.475 57.475 69.475 73.475 72.475 72.474 73.474 73.473 72.472 72.471 73.471 69.470 64.469 14.469 0.000 0.000 0.000 0.000 0.000 0.000 0.000 0.000 0.000 0.000 0.000 0.000 0.000 17.489 19.490 30.492 46.489 68.484 70.477 16.471 0.000 0.000 43.340 37.316 32.293 46.265 65.234 71.206 73.182 73.160 73.139 71.121 71.103 72.087 71.071 71.057 72.043 72.030
76.153 76.110 76.071 74.035 61.004 46.960 39.901 38.886 34.911 37.922 40.927 40.928 12.928 0.000 0.000 0.000 0.000 0.000 18.471 20.471 0.000 10.473 56.474 70.474 72.474 72.473 72.473 72.473 72.472 72.471 72.471 72.470 54.470 49.469 47.469 42.468 6.468 0.000 0.000 0.000 0.000 0.000 0.000 0.000 0.000 0.000 0.000 0.000 21.489 47.489 38.488 42.487 62.483 63.480 36.477 0.000 0.000 0.000 34.299 39.281 38.252 57.211 70.182 71.157 71.136 71.116 71.097 71.080 71.065 71.050 71.036 71.022 71.010
76.193 76.145 76.099 75.055 72.016 73.976 47.940 26.924 64.926 37.929 41.930 17.929 0.000 0.000 0.000 0.000 0.000 0.000 18.471 64.471 13.471 1.472 55.473 69.473 73.473 72.472 74.472 75.472 73.471 72.471 72.470 70.470 63.469 54.469 55.469 54.468 7.468 0.000 0.000 0.000 0.000 0.000 0.000 0.000 0.000 0.000 0.000 0.000 15.488 50.488 42.487 49.485 64.483 59.481 65.479 0.000 0.000 0.000 0.000 0.000 0.000 47.175 70.152 71.131 71.110 71.090 71.073 71.056 71.041 71.027 71.014 71.001 70.989
76.229 76.179 77.123 79.072 76.028 75.989 74.960 75.944 66.938 44.937 16.936 0.000 0.000 0.000 0.000 0.000 0.000 0.000 5.471 57.471 44.471 34.471 50.472 72.472 72.472 72.472 72.471 72.471 72.471 72.470 72.470 72.469 70.469 49.469 53.468 60.468 3.468 0.000 0.000 0.000 0.000 0.000 0.000 0.000 0.000 0.000 0.000 0.000 11.487 62.487 6.486 29.485 52.483 59.481 20.480 0.000 0.000 0.000 0.000 0.000 0.000 1.149 59.122 72.103 71.082 71.064 71.047 71.031 71.017 71.004 70.991 70.979 70.967
79.267 75.220 72.142 74.082 77.034 76.991 78.968 75.954 73.947 60.943 9.942 0.000 0.000 0.000 0.000 0.000 0.000 0.000 0.000 13.471 48.471 40.471 56.471 74.471 72.471 72.471 72.471 72.471 72.470 72.470 72.469 72.469 73.469 62.468 49.468 53.468 59.467 1.467 0.000 0.000 0.000 0.000 0.000 0.000 0.000 0.000 0.000 0.000 0.000 7.487 0.000 0.000 37.482 56.482 0.000 0.000 0.000 0.000 0.000 0.000 0.000 0.000 47.099 68.076 71.053 71.035 71.019 71.005 70.992 70.980 70.968 70.956 70.945
72.313 33.290 0.000 0.000 0.000 68.975 73.965 79.957 75.951 64.948 14.947 0.000 48.951 18.951 0.000 0.000 0.000 0.000 0.000 0.000 40.470 44.470 65.471 73.471 74.471 75.470 72.470 72.470 72.470 72.469 72.469 72.469 72.468 73.468 52.467 34.467 43.467 4.467 0.000 0.000 0.000 0.000 0.000 0.000 0.000 0.000 0.000 0.000 0.000 0.000 0.000 0.000 26.482 59.482 0.000 0.000 0.000 0.000 0.000 0.000 0.000 0.000 0.000 48.048 68.020 71.003 70.990 70.978 70.967 70.956 70.945 70.934 70.922
67.351 24.339 0.000 0.000 43.967 41.967 58.963 77.958 74.954 59.951 40.950 44.951 48.951 14.951 0.000 0.000 0.000 0.000 11.469 0.000 41.470 52.470 72.470 72.470 75.470 75.470 72.470 72.470 72.469 72.469 72.469 72.468 72.468 73.468 69.467 64.467 53.466 33.466 27.466 0.000 0.000 0.000 0.000 0.000 0.000 0.000 0.000 0.000 0.000 0.000 0.000 0.000 28.482 20.482 0.000 0.000 0.000 0.000 0.000 0.000 0.000 0.000 0.000 0.000 52.975 68.968 70.960 70.951 70.942 70.932 70.922 70.911 70.900
73.382 54.375 26.382 0.000 0.000 43.964 43.960 65.957 77.955 55.953 42.952 47.952 25.952 0.000 0.000 0.000 0.000 0.000 40.469 33.469 38.469 55.470 74.470 74.470 75.470 72.470 72.469 72.469 72.469 72.469 72.468 72.468 72.468 72.467 72.467 74.466 63.466 51.466 40.465 41.465 34.464 25.464 30.464 0.000 0.000 0.000 0.000 0.000 0.000 0.000 0.000 0.000 31.482 6.482 0.000 0.000 0.000 0.000 0.000 0.000 0.000 0.000 0.000 0.000 37.938 65.935 69.930 70.924 70.917 70.908 70.899 70.889 70.878
76.404 67.396 20.389 0.000 0.000 0.000 42.958 47.956 74.955 62.953 43.953 46.952 21.952 0.000 0.000 0.000 0.000 0.000 43.469 36.469 39.469 57.469 76.469 75.469 73.469 73.469 72.469 72.469 72.469 72.468 72.468 73.468 73.467 73.467 67.466 58.466 62.466 69.465 62.465 60.465 48.464 35.464 42.464 0.464 0.000 0.000 0.000 0.000 0.000 0.000 0.000 0.000 0.000 0.000 0.000 0.000 0.000 0.000 0.000 0.000 0.000 0.000 0.000 0.000 29.904 60.903 70.901 72.898 72.893 72.886 71.878 70.868 70.856
76.422 51.417 0.000 0.000 0.000 0.000 0.000 49.955 62.954 56.954 55.953 52.952 42.952 20.952 0.000 0.000 0.000 0.000 42.469 35.469 40.469 55.469 67.469 64.469 59.469 61.469 66.469 71.469 73.468 73.468 71.468 61.468 59.467 64.467 53.466 50.466 50.465 61.465 65.465 60.464 46.464 35.464 7.464 0.000 0.000 0.000 0.000 0.000 0.000 0.000 0.000 0.000 0.000 0.000 0.000 0.000 0.000 0.000 0.000 0.000 0.778 0.000 0.000 0.000 17.870 42.873 48.874 50.873 50.870 51.865 60.858 69.848 70.835
75.436 41.432 0.000 0.000 0.000 0.000 0.000 44.954 38.954 37.954 45.953 45.953 45.952 41.952 14.952 0.000 0.000 0.000 47.468 42.468 47.469 57.469 60.469 63.469 21.469 0.000 0.000 12.469 73.468 70.468 59.468 14.468 0.000 0.000 52.466 84.465 77.465 56.465 62.464 56.464 45.464 30.464 33.464 0.000 0.000 0.000 0.000 0.000 0.000 0.000 0.000 0.000 0.000 0.000 0.000 0.000 0.000 0.000 13.778 3.778 21.778 42.783 53.792 52.808 70.833 78.844 79.849 77.851 79.850 66.847 49.842 67.832 70.815
73.447 38.444 0.000 0.000 0.000 0.000 0.000 44.954 40.954 19.954 0.000 0.000 0.000 0.000 0.000 0.000 0.000 0.000 53.468 47.468 42.468 38.468 24.468 0.000 0.000 0.000 0.000 0.000 0.000 0.000 46.467 8.467 0.000 0.000 0.000 47.465 80.465 40.464 41.464 40.464 36.464 39.464 86.464 45.464 0.000 0.000 0.000 0.000 0.000 0.000 0.000 0.000 0.000 0.000 0.000 0.000 12.752 3.752 0.000 0.000 7.774 89.778 85.786 67.798 68.811 65.821 66.827 88.831 81.832 67.832 47.830 56.821 55.801
59.455 40.453 34.456 0.000 0.000 0.000 0.000 0.000 42.954 26.954 0.000 0.000 0.000 0.000 0.000 0.000 0.000 0.000 53.468 53.468 54.468 37.468 12.468 0.000 0.000 0.000 0.000 0.000 0.000 0.000 42.467 19.467 0.000 0.000 0.000 46.464 95.464 59.464 62.464 57.464 42.464 60.464 114.464 111.463 42.463 0.000 0.000 0.000 0.000 0.000 0.000 0.000 0.000 0.000 0.000 0.000 2.751 20.752 10.754 8.757 17.765 92.770 59.777 67.785 58.794 39.802 50.808 93.812 59.816 46.819 53.824 7.822 0.000
43.460 43.458 29.458 0.000 0.000 0.000 0.000 0.000 0.000 0.000 0.000 0.000 0.000 0.000 0.000 0.000 0.000 0.000 56.468 47.468 41.468 39.468 13.468 0.000 0.000 0.000 0.000 0.000 0.000 39.467 32.467 57.467 53.467 0.000 5.464 52.464 58.464 50.464 93.464 82.464 53.463 6.464 70.463 125.463 9.463 0.000 0.000 0.000 0.000 0.000 0.000 0.000 21.750 18.750 13.750 2.751 71.751 109.751 100.752 96.754 43.757 87.761 55.766 44.772 91.778 72.784 92.790 73.795 43.800 51.805 0.000 0.000 0.000
46.463 47.462 39.461 0.000 0.000 0.000 0.000 0.000 0.000 0.000 0.000 0.000 0.000 0.000 0.000 0.000 0.000 0.000 10.468 51.468 41.468 19.468 0.000 0.000 0.000 0.000 0.000 0.000 0.000 41.467 38.467 14.467 0.000 0.000 0.000 26.464 5.464 0.000 6.463 48.463 4.463 0.000 26.463 92.463 47.463 0.000 0.000 0.000 0.000 0.000 0.000 0.000 0.000 3.750 0.000 0.000 27.750 7.750 71.748 75.748 26.750 87.751 64.754 37.757 55.762 105.767 119.773 53.778 41.785 8.795 0.000 0.000 17.622
45.466 46.464 46.463 50.463 42.463 0.000 0.000 0.000 0.000 0.000 0.000 0.000 0.000 0.000 0.000 0.000 0.000 0.000 0.000 41.468 37.468 21.468 0.000 0.000 0.000 0.000 0.000 0.000 42.467 39.467 16.467 0.000 0.000 0.000 0.000 0.464 0.000 0.000 0.000 52.463 1.463 0.000 26.463 0.000 0.000 0.000 0.000 0.000 0.000 0.000 0.000 0.000 0.000 12.750 6.750 8.750 1.750 0.000 47.743 66.742 25.741 89.740 69.741 39.743 88.746 91.750 86.755 94.761 58.767 0.000 0.000 0.589 31.605
47.468 25.465 36.464 45.463 45.463 45.463 44.463 0.000 0.000 0.000 0.000 0.000 0.000 0.000 0.000 0.000 0.000 0.000 0.000 43.467 39.467 23.467 0.000 0.000 0.000 0.000 0.000 0.000 0.000 45.467 17.467 0.000 0.000 0.000 0.000 0.000 0.000 4.462 16.462 39.462 43.462 20.462 0.000 0.000 0.000 0.000 0.000 0.000 0.000 0.000 0.000 0.000 0.000 1.750 0.000 5.750 0.000 0.000 50.739 70.737 30.733 90.728 75.726 89.726 89.728 48.732 41.736 86.743 35.755 0.000 0.000 32.573 40.583
52.470 0.000 0.000 42.463 31.463 0.000 44.463 34.463 0.000 0.000 0.000 0.000 0.000 0.000 0.000 0.000 0.000 0.000 0.000 42.467 39.467 27.467 0.000 0.000 0.000 0.000 0.000 0.000 0.000 0.000 0.000 0.000 0.000 0.000 0.000 0.000 0.000 0.000 55.462 72.462 33.462 0.000 0.000 0.000 0.000 0.000 0.000 0.000 0.000 0.000 0.000 0.000 0.000 0.000 0.000 10.750 0.000 0.000 85.736 71.733 32.727 90.714 87.709 79.708 71.710 57.712 58.716 27.720 0.000 0.000 16.554 35.560 42.566
49.470 0.000 0.000 29.463 21.463 0.000 0.000 0.000 0.000 53.464 49.464 40.464 0.000 0.000 0.000 0.000 0.000 0.000 0.000 46.467 42.467 24.467 0.000 0.000 0.000 0.000 0.000 0.000 0.000 0.000 0.000 0.000 0.000 0.000 0.000 0.000 0.000 0.000 18.462 102.462 68.462 0.000 0.000 0.000 0.000 0.000 0.000 0.000 0.000 0.000 0.000 0.000 0.000 0.000 0.000 0.000 0.000 0.000 17.736 0.000 0.000 64.690 105.689 84.689 83.689 81.691 84.695 32.701 0.000 0.000 20.547 34.549 35.551
65.470 0.000 0.000 0.000 0.000 51.466 38.466 0.000 49.465 43.464 43.464 35.464 0.000 0.000 0.000 0.000 0.000 0.000 0.000 46.467 41.467 29.467 0.000 0.000 0.000 0.000 0.000 0.000 0.000 0.000 0.000 0.000 0.000 0.000 0.000 0.000 0.000 0.000 0.000 46.462 38.461 9.461 0.000 0.000 0.000 0.000 0.000 0.000 0.000 0.000 0.000 0.000 0.000 0.000 0.000 0.000 0.000 0.000 0.000 0.000 0.000 11.668 47.668 48.668 46.668 46.669 43.673 39.687 0.000 0.000 13.538 34.538 32.537
76.470 65.469 47.468 48.468 47.467 41.467 42.466 43.465 41.465 46.464 45.464 36.464 33.464 0.000 0.000 0.000 0.000 0.000 0.000 33.467 0.000 0.000 0.000 0.000 0.000 0.000 0.000 0.000 0.000 0.000 0.000 0.000 0.000 0.000 0.000 0.000 0.000 0.000 0.000 0.000 45.461 8.461 0.000 0.000 0.000 0.000 0.000 0.000 0.000 0.000 0.000 0.000 0.000 0.000 0.000 0.000 0.000 0.000 0.000 0.000 0.000 2.646 35.647 34.646 34.645 50.644 45.642 0.000 0.000 0.000 6.530 47.528 59.525
76.470 70.469 40.468 40.468 40.467 23.467 24.466 28.465 38.465 47.464 44.464 36.464 39.464 28.464 0.000 0.000 0.000 0.000 0.000 0.000 0.000 0.000 0.000 0.000 0.000 0.000 0.000 0.000 0.000 0.000 0.000 0.000 0.000 0.000 0.000 0.000 0.000 0.000 0.000 0.000 2.461 48.461 7.461 0.000 0.000 0.000 0.000 0.000 0.000 0.000 0.000 0.000 0.000 0.000 0.000 0.000 0.000 0.000 0.000 0.000 27.614 30.624 34.626 34.626 36.623 55.618 45.609 28.589 0.000 0.000 42.523 63.520 70.514
76.469 74.469 44.468 41.468 21.468 0.000 0.000 0.000 0.000 38.464 41.464 39.464 32.464 0.000 0.000 0.000 0.000 0.000 0.000 0.000 0.000 0.000 0.000 0.000 0.000 0.000 0.000 0.000 0.000 0.000 0.000 0.000 0.000 0.000 0.000 0.000 0.000 0.000 0.000 0.000 0.461 51.461 13.461 0.000 0.000 0.000 0.000 0.000 0.000 0.000 0.000 0.000 0.000 0.000 0.000 0.000 0.000 0.000 0.000 0.000 38.605 35.608 34.609 30.608 43.604 60.597 44.586 33.570 28.547 28.531 52.521 69.512 70.505
76.469 74.469 27.468 31.468 0.000 0.000 0.000 0.000 0.000 0.000 29.464 42.464 34.464 0.000 0.000 0.000 0.000 0.000 0.000 0.000 0.000 0.000 0.000 0.000 0.000 0.000 0.000 0.000 0.000 0.000 0.000 0.000 0.000 0.000 0.000 0.000 0.000 0.000 0.000 0.000 0.000 0.461 19.461 0.000 0.000 0.000 0.000 0.000 0.000 0.000 0.000 0.000 7.575 15.575 0.000 0.000 0.000 0.000 0.000 32.587 30.593 29.595 34.594 48.592 61.587 51.579 35.569 33.556 35.540 32.527 53.515 71.505 70.495
76.468 50.469 0.000 0.000 0.000 0.000 0.000 0.000 0.000 0.000 0.000 32.463 39.463 37.463 0.000 0.000 0.000 0.000 0.000 0.000 0.000 0.000 0.000 0.000 0.000 0.000 0.000 0.000 0.000 0.000 0.000 0.000 0.000 0.000 0.000 0.000 0.000 0.000 0.000 0.000 0.000 0.000 0.000 0.000 0.000 0.000 0.000 0.000 0.000 0.000 0.000 0.000 0.000 8.575 10.576 0.000 37.577 29.577 27.579 39.582 53.584 58.584 60.582 60.578 46.573 34.565 33.556 33.544 32.532 34.520 57.508 72.497 70.487
