results2_8e3_rain/res_3e8f-0161.wd
ncols         241
nrows         181
xllcorner     12693529.787448
yllcorner     3542525.717860
cellsize      155.156523
NODATA_value  -9999.000000
[rows 99 to 131 of 181, columns 0 to 72 of 241]
0.000 0.000 0.000 0.000 0.000 60.850 100.850 102.850 93.850 88.850 0.000 0.000 0.000 0.000 0.000 2.848 1.848 68.848 65.847 0.000 0.000 1.847 4.847 63.846 62.846 3.846 0.000 0.000 0.000 10.735 0.000 0.000 0.000 0.000 16.594 62.591 58.581 57.564 58.540 59.514 72.485 61.454 65.419 57.381 59.340 57.296 58.248 63.198 64.146 62.091 66.035 58.978 58.920 60.861 63.797 77.728 78.669 63.622 49.578 0.000 0.000 0.000 0.000 0.000 27.635 82.630 79.619 66.602 41.578 36.555 80.532 57.509 59.487
0.000 0.000 0.000 0.000 0.000 61.851 101.851 101.850 0.000 0.000 0.000 0.000 0.000 0.000 0.000 1.848 13.848 79.848 68.848 6.847 3.847 3.847 66.847 65.847 69.847 0.846 0.000 0.000 0.000 68.735 60.735 0.000 0.000 0.000 75.637 85.631 71.622 64.609 58.590 60.568 79.542 64.512 70.478 70.441 61.400 76.355 68.307 69.257 59.203 67.147 67.090 65.032 58.974 59.916 63.852 60.759 22.695 12.659 0.000 0.000 0.000 0.000 0.000 30.651 67.646 79.641 86.633 76.621 52.606 53.589 67.571 58.553 59.533
6.852 0.000 0.000 0.000 0.000 48.851 97.851 106.851 16.851 0.000 0.000 0.000 0.000 0.000 0.000 0.848 2.848 86.848 67.848 68.847 70.847 67.847 64.847 65.847 63.847 1.847 0.000 0.000 0.000 61.735 61.735 62.733 61.725 61.711 60.685 70.676 79.669 26.659 90.644 80.626 85.602 70.574 15.541 86.504 84.463 83.418 87.370 76.318 59.262 62.205 67.146 67.086 64.028 59.977 48.937 0.000 0.000 0.000 0.000 0.000 0.000 0.000 0.000 40.657 67.657 67.654 78.650 77.643 60.634 60.623 59.611 59.597 59.581
74.852 77.852 9.852 0.000 0.000 58.851 97.851 102.851 112.851 17.851 0.000 0.000 0.000 0.000 8.849 8.848 6.848 23.848 71.848 68.848 86.847 100.847 75.847 60.847 0.000 0.000 0.000 0.000 0.000 0.000 60.737 61.739 61.731 61.723 61.716 60.718 60.718 59.713 60.703 65.688 77.667 71.640 14.609 86.572 87.531 65.485 72.436 89.382 83.324 70.264 60.202 66.139 67.076 70.026 54.981 0.000 0.000 0.000 0.000 0.000 0.000 0.000 0.000 2.663 18.669 64.670 61.670 61.668 59.665 59.660 59.653 59.643 59.631
88.852 71.852 71.852 73.852 75.852 94.852 102.851 102.851 102.851 104.851 78.851 17.850 0.850 66.849 73.849 74.849 36.848 31.848 94.848 102.848 97.848 93.847 76.847 0.847 0.000 0.000 0.000 0.000 0.000 0.000 0.000 61.754 60.739 59.733 60.737 61.763 61.771 61.772 61.767 62.756 81.737 76.712 59.681 61.644 72.602 83.556 60.505 72.450 73.389 66.324 86.259 69.191 61.112 2.069 0.000 0.000 0.000 0.000 0.000 0.000 0.000 0.000 0.000 0.000 10.686 64.688 59.691 59.694 59.697 59.698 59.697 57.692 55.685
103.852 93.852 74.852 78.852 96.852 102.852 102.852 102.851 102.851 97.851 69.851 75.850 3.850 57.849 92.849 100.849 100.848 84.848 99.848 106.848 16.848 0.000 0.000 0.000 0.000 0.000 0.000 0.000 0.000 0.000 0.000 61.783 0.000 0.000 0.000 62.826 61.832 61.837 61.837 62.830 78.815 83.790 60.759 61.720 61.678 79.631 80.580 58.524 66.459 85.384 77.318 55.255 0.000 0.000 0.000 0.000 0.000 0.000 0.000 0.000 0.000 0.000 0.000 0.000 7.702 64.705 59.711 59.721 59.731 58.739 57.744 62.745 63.742
103.853 103.853 98.853 101.852 102.852 102.852 102.852 102.852 102.851 98.851 73.851 90.851 0.000 0.000 70.849 94.849 102.849 103.848 102.848 107.848 10.848 0.000 0.000 0.000 0.000 0.000 0.000 0.000 0.000 0.000 0.000 61.812 0.845 0.869 63.887 61.884 61.893 61.906 61.915 61.914 78.901 83.876 60.842 61.802 61.757 62.710 83.660 77.606 84.541 74.433 55.376 0.000 0.000 0.000 0.000 0.000 0.000 0.000 0.000 0.000 0.000 0.000 0.000 0.000 62.714 59.719 59.729 59.746 59.768 58.784 60.794 64.801 65.804
101.853 102.853 102.853 102.853 102.852 102.852 102.852 102.852 102.852 103.851 98.851 105.851 29.850 8.850 58.849 77.849 100.849 102.849 103.848 91.848 5.848 0.000 0.000 0.000 0.000 0.000 0.000 0.000 0.000 0.000 0.000 55.832 60.851 60.873 59.897 61.929 61.952 61.978 62.002 62.010 78.999 83.972 60.933 61.888 61.840 61.791 66.744 89.700 69.664 0.000 0.000 0.000 0.000 0.000 0.000 0.000 0.000 0.000 0.000 0.000 0.000 0.000 0.000 0.000 15.721 66.728 62.739 63.766 61.812 57.834 64.848 65.861 63.871
98.853 103.853 102.853 102.853 102.853 102.853 102.852 102.852 102.852 102.851 103.851 96.851 80.850 71.850 65.850 92.849 102.849 102.849 107.848 10.848 0.000 0.000 0.000 0.000 0.000 0.000 0.000 0.000 0.000 0.000 0.000 0.000 0.000 0.000 0.000 61.984 62.008 62.051 62.105 62.125 78.113 85.078 62.030 61.976 61.923 61.872 61.826 67.784 20.751 0.000 0.000 0.000 0.000 0.000 0.000 0.000 0.000 0.000 0.000 0.000 0.000 0.000 0.000 0.000 0.000 3.731 1.735 0.000 7.881 66.891 64.905 65.923 62.942
98.853 103.853 102.853 102.853 102.853 102.853 102.853 102.852 102.852 102.852 103.851 88.851 67.850 66.850 75.850 99.849 102.849 102.849 108.848 13.848 4.848 0.000 0.000 0.000 0.000 0.000 0.000 0.000 0.000 0.000 0.000 0.000 0.000 0.000 0.000 58.015 62.045 59.113 62.243 62.271 81.249 85.199 62.133 62.065 62.002 61.948 61.902 58.861 8.806 0.000 0.000 0.000 0.000 0.000 0.000 0.000 0.000 0.000 0.000 0.000 0.000 59.025 0.000 0.000 0.000 0.000 0.000 0.967 62.939 63.944 65.959 65.983 63.014
101.854 102.854 102.854 102.854 102.853 102.853 102.853 102.853 102.852 102.852 102.852 99.851 76.851 77.850 94.850 101.849 102.849 102.849 109.848 26.848 0.000 0.000 0.000 0.000 0.000 0.000 0.000 0.000 0.000 0.000 0.000 0.000 0.000 0.000 0.000 0.000 58.045 0.000 61.484 62.467 90.415 77.334 62.238 62.148 62.073 75.016 64.975 59.950 0.000 0.000 0.000 0.000 0.000 0.000 0.000 0.000 0.000 0.000 0.000 0.000 11.025 70.025 55.025 0.000 0.000 0.000 1.005 63.993 66.982 65.987 63.004 59.035 59.080
102.854 102.854 102.854 102.854 102.854 102.854 102.853 102.853 102.853 102.852 102.852 102.851 104.851 104.850 103.850 102.849 102.849 104.849 93.848 36.848 0.000 0.000 0.000 0.000 0.000 0.000 0.000 0.000 0.000 0.000 0.000 0.000 0.000 0.000 0.000 0.000 0.000 0.000 61.743 62.696 96.610 65.485 62.338 62.214 74.127 83.068 62.031 62.015 61.031 0.000 0.000 0.000 0.000 0.000 0.000 0.000 0.000 0.000 0.000 0.000 0.000 66.026 67.025 54.025 1.023 60.020 62.016 66.010 65.009 63.017 62.037 58.072 66.127
101.855 100.855 102.855 102.855 102.854 102.854 102.854 102.854 102.853 102.853 102.852 102.852 102.851 102.850 102.850 102.849 103.849 86.848 14.848 5.848 63.848 77.848 23.847 0.000 0.000 4.847 0.000 0.000 0.000 0.000 0.000 0.000 0.000 0.000 0.000 3.810 3.788 0.628 58.048 68.965 91.842 62.660 59.414 62.244 62.153 62.098 62.065 62.048 62.047 59.047 0.000 0.000 0.000 0.000 0.000 0.000 0.000 0.000 0.000 0.000 0.013 61.026 57.026 63.025 58.025 66.024 66.022 65.022 61.026 64.036 59.056 58.088 58.143
91.855 91.855 100.855 102.855 102.855 102.855 102.854 102.854 102.854 102.853 102.853 103.852 104.851 102.850 102.850 102.849 102.849 24.848 8.848 63.848 73.848 83.847 82.847 75.847 67.847 8.847 0.000 0.000 0.000 0.000 0.000 0.000 0.000 0.000 3.850 62.832 65.784 65.657 62.412 61.274 70.135 57.897 0.000 58.194 62.145 62.107 62.081 62.067 61.062 0.000 0.000 0.000 0.000 0.000 0.000 0.000 63.026 74.026 0.000 0.000 62.026 60.026 60.026 57.026 65.026 66.027 66.028 63.030 66.036 66.046 64.061 59.081 48.102
73.856 78.856 97.856 103.856 102.856 102.855 102.855 102.855 102.854 102.854 104.853 90.852 86.851 101.851 106.850 103.849 98.848 80.848 83.848 89.847 83.847 84.847 63.847 56.847 2.847 0.000 0.000 0.000 0.000 0.000 0.000 0.000 0.802 0.000 53.868 59.886 62.857 62.782 62.670 62.584 64.526 0.000 0.000 0.000 57.124 62.103 62.087 62.076 62.071 0.067 0.000 0.000 0.000 0.000 0.000 23.026 80.026 62.026 60.026 60.026 60.026 60.026 58.026 63.027 66.028 66.029 62.031 66.036 66.042 65.051 59.062 60.074 50.083
57.856 72.856 91.857 104.857 105.856 105.856 103.856 102.855 103.855 102.854 103.854 41.853 12.852 60.851 78.850 99.849 106.848 104.847 104.847 90.847 13.847 0.000 0.000 0.000 0.000 0.000 0.000 0.000 0.000 8.802 10.802 0.802 0.802 0.802 0.000 58.986 62.976 60.945 61.900 63.868 64.859 0.000 0.000 0.000 0.000 55.095 62.086 62.080 59.076 0.000 0.000 0.000 0.000 0.000 0.000 0.000 22.026 76.026 59.026 59.026 60.026 59.026 59.027 65.027 66.028 64.030 52.033 5.038 70.047 64.054 64.061 64.068 50.073
21.856 43.857 76.857 82.858 76.857 78.857 95.857 103.856 99.856 92.855 91.854 26.854 0.000 0.000 0.000 36.848 71.848 97.847 104.846 1.847 0.000 0.000 0.000 0.000 0.000 0.000 0.000 0.000 0.000 50.802 71.802 16.802 1.802 0.802 0.000 59.096 65.117 64.120 73.117 74.128 64.182 9.340 0.000 0.000 0.000 0.000 59.084 60.082 0.000 0.000 0.000 0.000 0.000 0.000 0.000 0.000 0.000 81.026 84.026 64.026 58.026 56.027 66.027 66.027 61.028 0.000 0.000 0.000 11.051 69.056 66.061 66.065 56.068
0.000 0.000 57.859 66.859 18.859 4.858 67.858 96.857 87.856 83.856 97.855 64.854 24.854 0.000 0.000 0.000 0.000 42.845 73.844 0.000 0.000 0.000 0.000 0.000 0.000 0.000 0.000 0.000 0.000 0.000 55.802 73.802 4.802 0.000 0.000 50.186 64.275 62.303 92.319 85.346 63.402 65.497 11.602 0.000 0.000 0.000 54.084 0.000 0.000 0.000 0.000 0.000 0.000 0.000 0.000 0.000 0.000 0.000 69.026 86.026 71.026 65.027 66.027 61.027 0.000 0.000 0.000 0.000 0.000 61.059 66.062 66.064 61.066
0.000 0.000 53.861 98.860 55.860 4.859 56.859 88.858 90.857 101.856 103.856 106.855 112.854 51.853 20.852 0.000 0.000 0.000 13.841 8.839 0.000 1.827 0.000 0.000 0.000 0.000 0.000 0.000 0.000 0.000 56.802 71.802 1.802 8.802 12.802 0.000 57.495 65.498 95.510 77.536 65.582 64.646 69.706 0.000 0.000 0.000 0.000 0.000 0.000 0.000 0.000 0.000 0.000 0.000 0.000 0.000 0.000 0.000 0.000 7.026 74.026 64.026 62.027 0.000 0.000 0.000 0.000 0.058 60.060 59.060 61.062 55.063 0.000
26.865 41.864 75.863 93.862 101.861 70.861 83.860 106.859 103.858 102.857 102.856 102.855 102.854 108.852 111.851 67.848 26.845 8.843 71.840 85.837 78.832 80.827 36.822 12.818 9.814 0.000 0.000 0.000 0.000 0.000 35.802 57.802 63.802 63.802 66.802 25.803 58.711 87.685 89.686 66.706 64.744 64.798 67.870 12.988 8.040 0.000 0.000 0.000 0.000 0.000 0.000 0.000 0.000 0.000 0.000 0.000 0.000 0.000 0.000 0.000 0.008 0.013 8.027 0.000 0.000 0.000 0.000 62.060 57.060 55.060 0.000 0.000 0.000
99.865 102.865 102.864 100.863 98.863 99.862 101.861 101.860 102.859 103.858 103.857 102.856 95.854 99.852 102.850 106.848 110.846 111.843 103.840 99.836 96.832 91.827 93.822 86.816 42.811 20.806 0.000 0.000 0.000 0.000 0.000 0.000 0.000 0.000 0.000 82.895 71.863 100.844 91.843 78.859 65.889 64.933 64.989 69.054 65.091 0.000 0.000 0.000 0.000 0.000 0.000 0.000 0.000 0.000 0.000 0.000 0.000 0.000 0.000 0.000 0.000 0.000 0.000 0.000 0.000 0.000 0.000 0.000 0.000 0.000 0.000 0.000 0.000
102.866 97.866 95.866 94.865 88.864 85.863 86.862 86.862 92.860 97.859 97.858 90.856 74.855 89.853 102.851 102.848 102.846 102.843 102.840 102.836 103.832 103.827 106.821 107.815 107.808 107.801 46.792 0.000 0.000 0.000 0.000 0.000 0.000 0.000 0.000 55.018 81.001 85.986 69.984 86.996 75.020 65.056 65.100 68.146 11.181 0.000 0.455 0.464 0.000 0.000 0.000 0.000 0.000 0.000 0.000 0.000 0.000 0.000 0.000 0.000 0.000 0.000 0.000 0.000 0.000 0.000 0.000 0.000 0.000 0.000 0.000 0.000 0.000
72.868 45.868 67.867 81.866 79.866 59.865 44.864 40.863 60.862 77.860 76.859 69.857 64.855 74.853 95.851 103.849 102.846 102.844 102.841 102.837 102.833 106.829 81.821 69.814 68.806 72.796 75.783 14.760 3.737 0.432 0.272 0.000 0.000 0.000 0.000 53.159 89.136 72.116 64.111 74.120 85.141 69.171 65.208 65.251 71.305 15.397 9.446 1.473 0.491 6.491 4.491 0.000 0.000 0.000 0.000 0.000 0.000 0.000 0.000 0.000 0.000 0.000 0.000 0.000 0.000 0.000 0.000 0.000 0.000 0.000 0.000 0.000 0.000
62.869 33.869 55.869 70.868 66.867 43.867 29.866 33.864 53.863 67.862 65.860 65.858 66.856 64.854 83.852 100.850 102.847 102.845 102.842 102.839 101.836 64.832 0.000 0.000 0.000 0.000 0.000 0.000 0.000 59.541 79.531 31.517 17.503 13.481 60.429 77.323 94.269 71.231 65.225 63.233 80.252 82.278 68.310 65.347 65.390 68.440 77.475 15.497 10.509 0.000 19.491 0.000 0.000 0.000 0.000 0.000 0.000 0.000 0.000 0.000 0.000 0.000 0.000 0.000 0.000 0.000 0.000 0.000 0.000 0.000 0.000 0.000 0.000
75.871 71.871 66.871 65.870 66.869 68.868 69.867 72.866 71.865 67.863 66.861 66.859 66.857 65.855 72.853 94.850 103.848 102.846 104.843 76.841 42.838 0.000 0.000 0.000 0.000 0.000 0.000 0.000 0.000 24.534 46.528 49.519 53.510 67.510 64.484 85.434 82.385 56.313 63.324 65.336 67.355 80.379 72.406 67.436 65.468 64.497 81.517 72.525 66.524 0.000 0.000 0.000 0.000 0.000 0.000 0.000 0.000 0.000 0.000 0.000 0.000 0.000 0.000 0.000 0.000 0.000 0.000 0.000 0.000 0.000 0.000 0.000 0.000
65.873 66.873 66.873 66.872 66.871 66.870 66.869 66.868 66.866 66.865 66.863 66.861 66.859 66.856 64.854 85.851 102.849 104.846 100.844 26.843 0.000 0.000 0.000 0.000 0.000 0.000 0.000 0.000 0.000 0.000 0.000 0.000 0.000 51.565 68.563 94.544 68.526 0.000 51.420 66.434 64.454 68.476 69.500 78.524 67.547 65.565 64.571 60.560 1.543 0.000 0.000 0.000 0.000 0.000 0.000 0.000 0.000 0.000 0.000 0.000 0.000 0.000 0.000 0.000 0.000 0.000 0.000 0.000 0.000 0.000 0.000 0.000 25.155
66.876 66.875 66.875 66.874 66.874 66.873 66.871 65.870 65.868 66.867 66.865 66.862 66.860 66.858 65.855 73.852 88.850 99.847 87.845 13.844 0.000 0.000 0.000 0.000 0.000 0.000 0.000 0.000 0.000 0.000 0.000 0.000 0.000 28.622 77.657 102.655 12.647 0.000 49.502 67.526 65.550 64.572 72.593 83.614 71.633 65.644 69.641 2.601 0.000 0.000 0.000 0.000 0.000 0.000 0.000 0.000 0.000 0.000 0.000 0.000 0.000 0.000 0.000 0.000 0.000 0.000 0.000 0.000 0.000 0.000 0.000 0.000 82.234
66.878 66.878 66.878 66.877 66.876 66.875 66.874 70.872 71.871 67.869 66.866 66.864 66.862 66.859 66.856 65.853 68.850 77.847 77.845 18.843 0.000 0.000 0.000 0.000 0.000 0.000 20.493 0.000 0.000 0.000 0.000 0.000 0.000 0.820 81.789 96.772 19.761 0.000 33.560 64.618 65.647 65.668 64.688 69.707 71.724 67.739 69.747 0.000 0.000 0.000 0.000 0.000 0.000 0.000 0.000 0.000 0.000 0.000 0.000 0.000 0.000 0.000 0.000 0.000 0.000 0.000 0.000 0.000 0.000 0.000 0.000 66.456 75.365
66.881 66.881 66.880 66.880 66.879 66.878 65.876 77.875 82.873 69.871 66.869 66.866 66.863 66.860 66.857 66.854 66.851 65.847 68.844 49.842 0.000 0.000 0.000 0.000 0.000 62.493 83.493 45.490 36.482 35.470 0.000 0.000 0.000 63.011 104.929 78.882 78.864 5.885 0.000 50.739 67.752 65.767 65.783 63.800 79.819 83.840 77.863 0.973 0.000 0.000 0.000 0.000 0.000 0.000 0.000 0.000 0.000 0.000 0.000 0.000 0.000 0.000 0.000 0.000 0.000 0.000 0.000 0.000 0.000 0.000 40.619 91.547 77.473
66.884 66.884 66.883 66.883 66.882 66.880 65.879 78.877 84.876 68.873 66.871 66.868 66.865 66.862 66.859 66.855 66.851 66.847 66.842 72.837 43.832 0.000 0.000 0.000 2.494 25.494 40.494 62.497 70.485 74.459 48.409 24.342 59.252 97.124 95.034 74.965 56.927 14.906 0.000 50.848 67.854 66.864 69.876 64.892 73.912 96.938 93.979 39.057 3.112 19.138 0.000 0.000 0.000 0.000 0.000 0.000 0.000 0.000 0.000 0.000 0.000 0.000 7.377 68.379 0.000 0.000 0.000 0.000 0.000 0.000 77.692 133.640 116.579
63.887 64.887 65.886 65.886 66.885 66.884 64.882 79.880 82.878 65.876 66.874 66.871 66.868 66.864 66.860 66.856 66.852 66.846 66.841 66.834 72.826 52.815 3.808 0.000 0.000 0.000 0.000 38.517 69.501 65.472 68.426 72.366 84.289 101.199 85.116 53.018 2.972 0.000 0.000 49.952 66.953 69.958 82.967 68.980 78.998 80.023 99.058 103.103 86.141 36.163 0.000 0.000 0.000 0.000 0.000 0.000 0.000 0.000 0.000 0.000 0.000 29.375 67.378 0.106 0.000 0.000 0.000 0.000 0.000 63.904 73.815 74.745 77.681
84.891 79.890 74.890 72.889 68.888 64.887 64.885 79.884 82.882 64.879 66.877 66.874 66.870 66.867 66.862 66.858 65.853 64.847 65.840 65.832 65.823 71.812 48.800 25.785 0.767 0.000 0.000 37.553 75.532 69.500 64.459 77.406 100.341 94.266 62.215 0.000 0.000 0.000 0.000 48.053 66.048 71.048 78.053 73.063 78.078 77.099 90.125 84.156 77.185 50.212 5.243 0.000 0.000 0.000 0.000 0.000 0.000 0.000 0.000 0.000 29.372 32.375 35.380 0.089 10.601 0.000 0.000 7.069 41.069 68.994 137.916 101.853 133.741
104.894 103.894 99.894 94.893 90.892 85.891 80.889 76.887 71.885 65.883 66.880 66.877 66.873 66.869 65.865 67.860 73.855 78.848 77.841 75.832 69.822 64.810 68.795 74.776 38.748 19.712 23.669 57.610 80.573 71.539 67.502 90.458 102.402 58.310 3.263 0.000 0.000 11.237 18.216 52.160 65.139 70.132 86.133 76.141 69.152 62.168 68.188 86.210 83.233 89.255 8.274 0.000 0.000 0.000 0.000 0.000 0.000 0.000 0.000 0.000 0.000 0.000 0.000 0.000 7.622 0.000 0.000 0.000 76.144 67.084 77.018 99.915 76.091
