results2_8e3_rain/res_3e8f-0122.wd
ncols         241
nrows         181
xllcorner     12693529.787448
yllcorner     3542525.717860
cellsize      155.156523
NODATA_value  -9999.000000
[rows 0 to 32 of 181, columns 146 to 218 of 241]
0.000 0.000 0.000 0.000 0.000 0.000 0.000 0.000 0.000 0.000 0.000 0.000 0.000 0.000 4.740 15.617 16.413 16.158 15.874 15.577 15.284 15.009 14.762 14.552 14.380 14.247 14.148 14.079 14.036 14.012 14.001 18.997 0.000 0.000 0.000 0.000 0.000 0.000 0.000 0.000 0.000 0.000 0.000 0.000 0.000 0.000 0.000 0.000 0.000 11.335 18.335 0.000 0.000 35.768 40.768 0.000 0.000 0.000 0.000 0.000 0.000 0.000 0.000 0.000 0.000 0.000 0.000 0.000 0.000 0.000 0.000 0.000 0.000
0.000 0.000 0.000 0.000 0.000 0.000 0.000 0.000 0.000 0.000 0.000 0.000 0.000 0.336 15.863 16.698 16.463 16.188 15.886 15.574 15.266 14.980 16.726 15.513 14.342 14.212 14.118 14.054 14.016 13.998 13.994 18.994 0.000 0.000 0.000 0.000 0.000 0.000 0.000 0.000 0.000 0.000 0.000 0.000 0.000 0.000 0.000 0.000 8.336 30.335 6.335 0.000 14.769 47.769 41.768 0.000 0.000 0.000 0.000 0.000 0.000 0.000 0.000 0.000 0.000 0.000 0.000 0.000 26.716 0.000 0.000 0.000 0.000
0.000 0.000 0.000 0.000 0.000 0.000 0.000 0.000 0.000 0.000 0.000 0.000 0.000 19.480 18.143 16.849 16.554 16.243 15.910 15.565 15.227 16.917 16.650 14.433 14.264 14.141 14.056 14.004 13.977 13.970 15.985 9.989 0.000 0.000 0.000 0.000 0.000 0.000 0.000 0.000 0.000 0.000 0.000 0.000 0.000 0.000 0.000 0.000 20.337 0.000 0.000 9.771 40.770 2.769 0.000 0.000 0.000 0.000 0.000 0.000 0.000 0.000 0.000 0.000 0.000 0.000 0.000 0.000 29.716 1.716 0.000 0.000 0.000
0.000 0.000 0.000 0.000 0.000 0.000 0.000 0.000 0.000 0.000 0.000 0.000 2.492 18.825 17.380 17.002 16.662 16.320 15.947 15.550 16.161 15.812 14.525 14.302 14.141 14.031 13.963 13.927 13.916 19.922 0.000 0.000 0.000 0.000 0.000 0.000 0.000 0.000 0.000 0.000 0.000 0.000 0.000 5.340 0.000 0.000 0.000 4.339 64.339 0.000 0.000 15.771 42.772 0.000 0.000 0.000 0.000 0.000 0.000 0.000 0.000 0.000 1.733 7.732 26.732 0.000 0.000 19.717 28.717 29.716 1.716 0.000 0.000
0.000 0.000 0.000 0.000 0.000 0.000 0.000 0.000 0.000 0.000 0.000 7.977 1.226 2.422 17.552 17.116 16.772 16.427 16.006 15.527 16.053 15.646 14.333 14.112 13.966 13.880 13.838 13.827 14.839 15.880 0.000 0.000 0.000 0.000 0.000 0.000 0.000 0.000 0.000 0.000 0.000 0.000 6.340 29.340 24.340 0.000 0.000 20.340 48.340 0.000 0.000 0.000 42.775 0.000 0.000 0.000 0.000 0.000 0.000 0.000 0.000 0.000 41.733 45.733 47.732 0.000 0.000 32.718 27.717 27.716 37.716 0.000 0.000
0.000 0.000 0.000 0.000 0.000 0.000 0.000 0.000 0.000 0.000 10.624 3.265 1.673 1.163 1.179 15.138 16.881 16.611 16.124 17.500 16.878 14.386 14.051 13.845 13.732 13.685 13.681 13.703 19.731 0.000 0.000 0.000 0.000 0.000 0.000 0.000 0.000 0.000 0.000 0.000 0.000 0.000 0.000 9.340 30.341 22.341 20.342 2.341 33.340 6.340 0.000 0.000 27.778 40.780 31.781 29.781 38.781 0.000 0.000 0.000 0.000 0.000 41.735 43.733 48.731 27.727 16.724 33.720 36.719 0.000 0.000 0.000 1.673
0.000 0.000 0.000 0.000 0.000 0.000 0.000 0.000 0.000 0.000 6.977 3.721 3.383 2.905 0.329 0.510 10.004 18.013 17.379 17.471 14.572 13.971 13.639 13.483 13.434 13.447 13.499 13.572 8.651 0.000 0.000 0.000 0.000 0.000 26.344 59.344 0.000 0.000 0.000 3.339 0.000 0.000 0.000 6.341 30.341 43.342 78.343 40.342 41.341 12.341 0.000 0.000 24.780 43.781 28.782 24.781 41.781 0.000 0.000 0.000 0.000 0.000 28.738 34.735 30.732 30.728 34.724 37.720 45.718 0.000 0.000 0.000 24.674
0.000 0.000 0.000 0.000 0.000 0.000 0.000 0.000 0.000 30.076 30.586 7.218 2.859 3.129 2.831 0.683 0.311 5.056 17.908 15.431 13.970 13.285 13.050 13.017 13.071 13.171 14.297 11.434 0.000 0.000 0.000 0.000 0.000 0.000 1.344 47.344 54.345 36.344 28.341 0.077 0.000 0.000 0.000 0.000 0.000 4.343 71.345 50.345 0.000 0.000 0.000 0.000 0.000 36.785 51.784 49.783 51.781 43.777 35.773 38.767 37.761 46.753 50.744 47.738 48.733 48.729 43.724 38.720 35.717 0.000 0.000 0.000 0.000
0.000 0.000 0.000 0.000 0.000 0.000 0.000 0.000 24.066 41.565 43.075 32.638 9.279 1.722 2.817 0.711 2.418 7.163 5.812 15.377 12.592 12.151 12.258 12.463 12.663 13.869 14.083 0.000 0.000 0.000 0.000 0.000 0.000 0.000 0.000 0.000 45.347 55.346 60.345 0.000 0.000 0.000 0.000 0.000 0.000 0.348 43.348 35.348 40.349 7.349 0.000 0.000 20.791 48.789 33.787 27.785 34.782 46.778 34.774 33.768 42.762 51.755 38.748 34.741 37.735 43.729 49.724 51.718 49.712 35.703 26.695 9.689 18.682
0.000 0.000 0.000 0.000 0.000 0.000 0.000 20.085 29.567 45.042 42.511 42.979 35.446 11.919 0.929 4.394 13.846 6.198 2.059 2.800 5.869 10.469 11.370 11.913 12.249 17.559 0.000 0.000 0.000 0.000 0.000 0.000 0.000 0.000 0.000 0.000 12.350 58.349 11.347 0.000 0.000 0.000 0.000 0.000 0.000 39.355 49.352 25.350 41.350 61.350 1.350 0.000 26.793 50.792 29.790 23.788 26.785 39.781 28.776 28.771 30.764 32.758 29.750 30.744 24.737 28.730 34.724 35.717 33.710 42.702 44.695 47.688 55.682
0.000 0.000 0.000 0.000 0.000 0.000 25.114 23.603 47.076 43.526 42.947 42.322 42.608 37.685 20.176 11.927 7.537 0.000 0.001 4.152 2.161 3.087 10.838 11.570 16.861 0.000 0.000 0.000 0.000 0.000 0.000 0.000 36.360 0.000 0.000 0.000 19.353 59.353 0.000 0.000 0.000 0.000 0.000 0.000 34.362 78.358 11.354 14.351 36.351 63.350 3.350 0.000 23.798 48.797 28.795 21.792 24.789 26.785 22.780 21.774 28.768 44.761 27.753 23.746 37.739 33.732 30.724 37.717 37.709 40.702 49.694 53.687 40.680
0.000 0.000 0.000 0.000 0.000 29.078 17.626 46.135 44.607 44.041 43.429 42.753 41.978 42.039 38.862 24.605 4.001 0.020 0.001 45.525 4.269 0.033 0.042 13.668 9.764 0.000 0.000 0.000 0.000 0.000 0.000 0.000 32.360 27.361 36.361 48.360 52.358 42.357 0.000 0.000 0.000 33.372 48.371 53.369 77.365 33.363 0.000 0.000 38.351 26.351 0.000 0.000 26.803 53.802 40.800 24.797 72.794 100.789 49.784 25.778 41.772 88.764 40.757 17.749 82.741 55.733 30.725 37.717 39.709 29.701 38.693 51.686 34.678
0.000 0.000 0.000 0.000 0.000 18.531 40.176 46.706 45.177 44.601 43.974 43.285 42.511 41.628 41.640 40.586 29.814 4.562 50.147 47.244 0.149 0.063 0.022 0.024 0.000 0.000 0.000 0.000 0.000 0.000 0.000 31.359 27.360 32.361 46.362 56.362 40.361 27.361 0.000 0.000 0.000 42.373 41.372 37.370 76.368 36.367 0.000 0.000 17.352 9.352 0.000 19.814 47.811 49.809 43.806 31.804 30.800 63.795 104.790 42.784 35.776 92.769 43.760 17.752 89.743 59.735 22.726 24.718 30.709 21.701 35.692 34.684 22.676
0.000 0.000 0.000 0.000 22.947 33.338 48.842 46.334 45.793 45.211 44.583 43.901 43.151 42.337 41.400 40.675 39.544 51.902 51.569 0.572 0.210 9.309 0.000 0.000 0.000 0.000 0.000 0.000 0.000 47.345 50.351 32.357 31.360 46.362 56.364 42.365 25.363 27.365 27.370 25.376 23.377 35.375 38.374 48.372 88.371 22.368 0.000 0.000 54.354 4.353 0.000 16.818 46.817 46.815 33.814 25.811 21.807 31.803 28.797 68.790 99.782 116.774 97.765 86.756 112.746 106.737 97.728 43.718 23.709 40.701 35.692 24.683 19.675
0.000 0.000 0.000 24.056 33.556 51.032 47.520 46.997 46.449 45.867 45.247 44.581 43.876 43.060 42.533 40.194 51.924 51.926 36.084 18.455 5.636 0.000 0.000 0.000 0.000 0.000 0.000 0.000 3.460 0.083 0.000 11.360 49.362 53.364 45.367 30.370 0.000 0.000 0.000 29.380 25.380 35.378 34.377 57.375 54.373 0.000 0.000 0.000 57.356 3.354 0.000 14.824 44.823 56.823 35.822 41.820 64.816 41.811 23.805 47.797 70.789 104.779 70.770 50.759 98.749 88.739 63.729 32.719 18.710 89.700 57.691 29.682 19.673
0.000 0.000 0.000 29.557 49.187 48.714 48.210 47.686 47.138 46.563 46.954 46.322 44.589 44.189 41.641 51.950 51.924 39.613 41.246 38.919 22.902 3.900 0.000 0.000 0.000 0.000 0.000 0.000 0.000 0.000 0.000 0.000 17.364 49.366 27.370 25.377 31.385 0.000 0.000 30.385 28.383 34.382 35.379 57.377 53.375 0.000 0.000 17.360 64.359 0.355 0.000 16.830 47.831 50.831 31.831 31.830 77.827 112.821 61.814 29.806 45.796 92.786 52.775 19.764 85.753 72.742 30.731 22.721 15.710 96.700 60.691 32.681 33.672
0.000 0.000 30.069 47.427 50.923 49.427 48.920 48.397 47.855 48.288 46.706 46.033 45.720 43.177 52.283 52.054 41.069 41.915 40.952 31.352 12.124 0.000 0.000 0.000 0.000 0.000 0.000 0.000 0.000 0.000 0.000 0.000 0.000 0.000 0.000 30.385 27.393 26.398 28.397 30.392 26.388 34.385 36.383 48.379 44.375 6.371 25.366 58.362 9.361 0.000 0.000 16.836 43.838 49.840 35.842 20.842 22.839 47.834 34.826 16.816 34.805 89.793 45.781 11.768 82.756 67.744 25.733 21.722 17.711 95.701 60.691 32.680 23.670
0.000 29.268 42.711 52.161 50.650 50.150 49.646 49.129 49.594 49.050 47.418 47.156 44.618 53.110 52.644 42.648 43.668 41.562 28.798 0.000 0.000 0.000 0.000 0.000 0.000 0.000 0.000 0.000 0.000 0.000 0.000 0.000 0.000 0.000 0.000 0.000 34.404 44.404 55.402 43.397 32.391 36.389 33.386 38.382 31.376 50.370 68.366 56.363 2.361 0.000 0.000 15.840 41.845 46.850 52.856 50.858 38.855 28.848 41.839 73.828 92.815 113.801 93.787 76.773 110.759 103.746 85.734 45.723 18.712 93.701 65.690 37.680 24.670
26.279 37.826 52.346 51.854 51.366 50.878 50.384 50.876 50.364 48.765 48.541 46.018 54.238 53.650 44.146 45.327 46.290 24.513 0.000 0.000 0.000 0.000 0.000 0.000 0.000 0.000 0.000 0.000 0.000 0.000 0.000 0.000 0.000 0.000 0.000 0.000 32.414 36.413 54.410 13.404 0.000 43.395 34.392 37.387 33.377 21.369 40.364 55.362 42.360 1.359 0.000 0.000 6.852 49.859 51.875 44.878 32.874 41.866 92.855 83.842 64.827 65.810 66.793 66.777 66.762 67.748 69.735 40.723 20.712 92.701 68.690 31.681 25.673
29.732 53.410 52.994 52.544 52.082 51.613 51.132 50.651 50.085 49.893 47.389 55.489 54.855 45.537 46.796 45.831 41.378 0.949 0.000 0.000 0.000 0.000 0.000 0.000 0.000 0.000 0.000 0.000 0.000 0.000 0.000 0.000 0.000 0.000 0.000 0.000 33.425 44.424 28.422 0.000 0.000 40.403 37.400 4.396 0.000 25.364 39.362 54.359 51.358 20.358 0.000 0.000 0.000 0.000 18.908 33.905 17.898 78.887 79.874 28.858 34.840 76.820 47.799 19.781 65.764 55.749 35.736 33.724 24.712 92.701 63.690 20.679 21.670
47.506 55.089 53.674 53.245 52.806 53.355 51.905 51.374 51.221 48.740 56.783 56.132 45.838 48.129 47.164 47.586 16.974 0.000 0.000 0.000 0.000 0.000 0.000 0.000 0.000 0.000 0.000 0.000 0.000 0.000 0.000 0.000 0.000 0.000 0.000 0.450 53.438 51.435 55.433 52.431 48.426 48.415 42.409 1.403 0.000 25.362 38.359 56.356 63.356 26.357 0.000 0.000 0.000 0.000 12.944 25.936 45.925 92.911 55.896 15.877 83.856 84.829 33.804 20.782 41.764 97.749 56.736 24.724 24.713 87.701 105.689 92.674 97.659
57.164 54.767 54.368 53.959 53.537 55.119 52.623 52.514 50.070 58.096 57.436 41.075 45.325 49.420 45.923 23.245 0.000 0.000 0.000 0.000 0.000 0.000 0.000 0.000 0.000 0.000 0.000 0.000 0.000 0.000 0.000 0.000 0.000 0.000 0.000 52.463 51.454 52.447 54.441 53.436 51.430 52.423 45.418 0.411 0.000 26.363 38.356 61.351 34.354 0.000 0.000 0.000 0.000 11.012 40.988 19.971 84.955 78.938 22.920 78.900 91.877 40.838 28.807 31.779 26.761 57.748 96.735 53.725 16.714 87.702 90.690 64.671 6.650
47.807 54.448 55.072 54.680 54.290 53.822 53.755 51.347 59.373 58.757 24.248 29.462 32.391 51.084 34.730 0.000 0.000 0.000 0.000 0.000 0.000 0.000 0.000 42.453 31.452 0.000 0.000 0.000 0.000 0.000 0.000 0.000 0.000 0.000 0.000 29.474 23.466 26.458 30.450 25.443 24.436 23.429 25.422 29.414 23.400 16.371 31.351 10.339 0.000 0.000 0.000 0.000 0.000 13.037 36.024 27.006 27.986 27.966 19.945 40.927 41.914 0.000 0.000 2.767 32.755 25.744 47.734 40.725 22.716 55.705 3.697 0.000 1.635
26.486 42.148 54.788 57.424 54.978 54.938 52.536 60.429 59.942 33.240 0.000 42.767 0.000 54.671 23.202 0.000 0.000 0.000 0.000 0.000 0.000 0.000 0.000 49.454 43.452 0.000 0.000 0.000 0.000 0.000 0.000 0.000 0.000 15.566 0.000 30.493 26.480 26.468 26.458 26.450 26.442 26.434 26.427 28.420 6.414 0.000 1.333 32.314 2.300 0.000 0.000 0.000 14.075 45.076 33.064 32.045 24.019 24.993 24.970 22.949 36.938 0.000 0.000 0.000 3.748 28.741 23.731 36.725 35.721 0.000 0.000 0.000 1.625
18.210 25.869 48.527 53.116 56.088 53.642 61.148 60.830 40.072 15.886 0.000 59.386 57.294 43.738 0.000 0.000 0.000 0.000 0.000 0.000 0.000 0.000 52.466 58.457 29.450 0.000 0.000 0.000 0.000 0.000 0.000 0.000 0.000 32.566 30.553 27.524 26.495 23.476 27.464 27.456 27.448 27.440 27.433 30.427 3.422 0.000 0.000 30.291 30.287 0.274 0.000 0.000 0.000 32.126 25.114 24.089 23.051 23.018 22.991 22.964 23.950 32.950 0.000 0.000 0.000 0.000 29.725 32.723 30.721 0.000 0.000 0.000 25.620
21.954 32.602 37.240 35.153 46.724 61.507 61.374 45.007 23.782 17.293 0.000 39.074 51.759 25.248 0.000 0.000 0.000 0.000 40.549 46.543 38.530 36.502 45.475 38.458 28.441 0.000 0.000 0.000 0.000 0.000 0.000 0.000 0.000 30.580 27.570 26.556 0.526 0.000 32.469 26.462 26.453 26.445 26.438 27.432 1.427 0.000 0.000 31.272 30.271 1.264 0.000 0.000 29.188 25.188 25.177 25.148 24.078 24.036 28.014 0.000 0.000 0.000 0.000 0.000 0.000 0.000 29.722 24.721 24.720 25.719 0.000 0.000 27.618
33.661 47.315 23.046 21.930 61.551 61.552 47.952 34.693 31.044 35.894 0.000 6.078 41.418 0.000 0.000 0.000 0.000 36.563 40.556 42.550 40.544 0.000 0.000 0.000 40.416 24.391 0.000 0.000 0.000 0.000 0.000 0.000 0.000 40.603 37.591 12.578 0.000 0.000 45.480 31.471 27.459 26.449 30.440 7.437 0.000 6.242 44.245 25.254 29.257 1.257 0.000 0.000 0.000 30.262 25.257 29.248 0.000 0.000 0.000 0.000 0.000 0.000 0.000 0.000 0.000 0.000 29.720 24.719 24.719 29.719 0.000 0.000 1.617
54.335 42.934 23.011 18.525 61.494 22.948 28.688 30.933 34.625 53.228 62.706 50.743 0.000 0.000 0.000 0.000 34.576 28.570 34.563 49.556 48.552 0.000 0.000 0.000 0.000 41.367 0.000 0.000 0.000 26.738 0.000 0.000 42.668 41.639 47.614 40.586 5.557 59.529 56.500 54.481 52.465 44.450 25.439 12.438 0.000 20.238 73.239 27.244 28.247 2.251 0.000 0.000 0.000 35.342 21.341 26.339 0.000 0.000 0.000 0.000 0.000 0.000 0.000 0.000 0.000 25.717 27.718 29.718 23.718 28.718 0.000 0.000 0.000
62.891 50.000 32.312 60.995 18.924 20.726 19.911 19.569 29.153 56.708 52.145 23.444 0.000 0.000 33.611 0.000 41.583 33.577 44.570 39.561 18.556 0.000 0.000 0.000 0.000 45.342 21.335 0.000 0.000 22.739 30.739 34.726 36.697 38.670 28.642 25.595 33.557 33.531 53.509 36.490 30.470 28.447 8.427 0.000 0.000 15.235 83.230 39.234 5.237 0.000 0.000 0.000 0.000 48.423 21.425 28.430 0.502 0.000 0.000 0.000 0.000 0.000 0.000 0.000 4.717 27.717 42.717 40.717 33.718 0.000 0.000 0.000 0.000
60.919 59.168 60.465 37.803 25.727 21.887 21.540 20.131 26.735 42.302 37.724 0.000 0.000 0.000 36.611 57.607 52.596 53.587 35.578 0.000 0.000 0.000 0.000 0.000 36.319 27.326 19.327 0.000 0.000 0.000 34.753 38.742 38.723 38.704 22.689 0.000 29.543 30.530 54.516 40.500 34.479 20.441 27.397 42.342 62.288 51.237 75.211 40.225 4.231 0.000 0.000 0.000 0.000 46.503 22.506 23.519 28.558 0.000 0.000 0.000 0.000 0.000 0.000 0.000 0.000 0.000 46.717 43.717 0.000 0.000 0.000 0.000 0.000
58.972 60.374 59.616 58.648 40.810 20.475 21.076 21.706 20.349 23.043 0.000 0.000 0.000 0.000 52.616 42.613 40.607 36.597 0.000 0.000 0.000 0.000 0.000 37.312 28.313 24.315 7.321 0.000 0.000 0.000 34.778 42.767 51.749 50.732 52.722 40.727 0.000 0.000 57.524 41.515 15.505 0.000 30.377 40.341 67.286 29.214 13.152 0.000 0.000 0.000 0.000 0.000 0.000 37.580 24.578 25.583 28.603 1.633 0.000 0.000 0.000 0.000 0.000 0.000 0.000 0.000 3.716 4.716 0.000 0.000 0.000 0.000 0.000
60.373 59.361 61.486 61.664 45.351 21.966 24.610 24.263 21.913 22.478 0.000 32.633 0.000 0.000 46.624 46.623 53.622 0.000 0.000 11.452 0.000 0.000 0.000 32.311 26.306 20.301 0.000 0.000 0.000 0.000 32.815 33.797 35.775 34.755 32.740 24.732 0.000 0.000 59.542 45.532 30.522 0.000 29.394 40.360 64.300 20.181 16.030 0.000 0.000 0.000 0.000 0.000 0.000 44.660 23.641 25.633 25.643 26.662 30.683 2.691 0.000 0.000 0.000 0.000 0.000 0.000 0.000 0.000 0.000 0.000 0.000 0.000 0.000
60.039 62.248 61.450 62.162 35.795 26.456 46.130 39.824 21.562 0.000 0.000 29.634 44.634 49.634 35.633 56.635 48.635 0.000 0.000 25.452 56.452 8.444 0.000 33.315 27.299 24.282 0.000 0.000 40.976 36.935 32.871 34.831 39.800 39.773 37.750 48.730 40.709 0.651 59.569 51.550 51.528 43.495 24.444 42.406 50.372 0.000 18.759 1.624 0.000 0.000 0.000 0.000 9.832 48.759 20.695 22.667 23.672 24.686 29.697 1.699 0.000 0.000 0.000 0.000 0.000 0.000 0.000 0.000 0.000 0.000 0.000 0.000 0.000
