results2_8e3_rain/res_3e8f-0077.wd
ncols         241
nrows         181
xllcorner     12693529.787448
yllcorner     3542525.717860
cellsize      155.156523
NODATA_value  -9999.000000
[rows 33 to 65 of 181, columns 73 to 145 of 241]
0.000 0.000 0.000 0.000 0.000 0.000 0.000 0.000 0.000 0.000 0.000 0.000 0.000 0.000 0.000 0.000 0.000 0.000 0.000 0.000 0.000 0.000 0.000 0.000 0.000 0.000 0.000 0.000 0.000 0.000 0.000 0.000 0.000 0.000 0.000 0.000 0.000 0.000 0.000 35.318 58.318 63.320 19.321 0.000 0.000 28.380 42.402 9.385 0.390 32.415 35.423 29.420 30.404 31.375 31.332 31.275 31.206 30.126 36.035 55.914 2.563 9.579 7.079 42.403 58.918 63.476 62.062 62.691 61.254 63.369 58.447 58.016 58.009
0.000 0.000 0.000 0.000 0.000 0.000 0.000 0.000 0.000 0.000 0.000 0.000 0.000 0.000 0.000 0.000 0.000 0.000 0.000 0.000 0.000 0.000 0.000 0.000 0.000 0.000 0.000 0.000 0.000 0.000 0.000 0.000 0.000 0.000 0.000 0.000 0.000 0.000 0.000 0.000 10.319 5.319 0.000 0.000 0.000 0.000 24.471 0.000 0.000 22.445 46.474 45.476 35.460 31.429 31.380 31.313 31.229 30.137 52.047 49.980 0.000 32.612 45.257 58.765 63.296 62.850 62.447 61.978 63.063 59.101 58.350 58.598 60.916
0.000 0.000 0.000 0.000 0.000 0.000 0.000 0.000 0.000 0.000 0.000 0.000 0.000 0.000 0.000 0.000 0.000 0.000 30.717 62.717 15.717 0.000 0.000 0.000 0.000 0.000 0.000 0.000 0.000 0.000 0.000 0.000 0.000 0.000 0.000 0.000 0.000 0.000 0.000 0.000 0.000 0.000 0.000 0.000 0.000 0.000 16.541 0.000 0.000 0.000 24.552 42.548 42.533 33.501 31.446 31.366 29.263 45.144 54.036 0.000 18.441 43.002 57.570 64.107 63.645 63.214 62.715 64.768 60.770 58.814 59.198 61.533 60.790
0.000 0.000 0.000 0.000 0.000 0.000 0.000 0.000 0.000 0.000 0.000 17.717 55.717 0.000 0.000 0.000 0.000 0.000 37.717 88.717 44.717 0.000 0.000 0.000 0.000 0.000 0.000 0.000 0.000 0.000 0.000 0.000 0.000 0.000 0.000 0.000 0.000 0.000 0.000 0.000 0.000 0.000 0.000 0.000 0.000 0.000 19.611 20.644 27.660 13.661 23.635 31.631 44.623 35.595 31.538 28.444 39.312 49.139 37.917 13.489 42.881 60.383 64.914 64.443 63.993 63.466 63.486 62.457 59.394 59.817 62.157 61.414 61.193
0.000 0.000 0.000 0.000 0.000 0.000 0.000 0.000 0.000 0.000 0.000 38.717 73.718 62.718 49.718 4.718 0.000 22.718 76.717 84.717 49.717 0.000 0.000 0.000 0.000 18.661 0.000 0.000 0.000 0.000 0.000 0.000 0.000 0.000 0.000 0.000 0.000 2.667 0.000 0.000 0.000 6.669 24.669 0.000 0.000 35.656 50.648 53.660 51.674 37.687 31.698 30.716 44.732 35.720 27.666 41.558 55.404 43.183 31.005 45.669 50.211 62.736 65.256 64.788 64.237 64.223 62.167 60.091 60.461 62.799 62.051 61.825 61.507
0.000 0.000 0.000 0.000 0.000 0.000 0.000 0.000 0.000 0.000 0.000 9.718 71.718 54.718 35.718 0.000 18.718 68.718 79.718 86.717 45.717 0.000 0.000 0.000 0.000 56.661 40.661 0.000 0.000 0.000 0.000 0.000 0.000 0.000 0.000 0.000 19.667 31.667 33.668 0.000 0.000 15.669 40.669 19.668 33.668 56.665 59.665 60.674 57.691 44.716 31.752 28.805 45.869 36.888 40.846 58.721 52.562 0.000 29.251 47.969 60.559 66.092 65.614 65.040 64.988 62.910 60.921 61.141 63.467 62.714 62.479 62.149 61.835
0.000 0.000 0.000 0.000 0.000 0.000 0.000 0.000 0.000 0.000 0.000 0.000 0.000 22.718 60.718 56.719 44.719 57.718 77.718 88.717 41.717 0.000 0.000 0.000 0.000 18.661 42.661 44.661 0.000 0.000 0.000 0.000 0.000 0.000 0.000 0.000 35.667 36.667 48.668 31.668 20.668 34.669 35.669 31.669 38.669 45.670 43.673 36.682 55.699 21.735 37.790 40.882 31.049 43.118 56.110 52.916 0.000 4.201 40.780 57.397 65.965 66.474 65.896 65.802 62.706 61.929 61.869 64.172 63.412 63.165 62.821 62.489 62.155
0.000 0.000 0.000 0.000 0.000 0.000 0.000 0.000 0.000 0.000 0.000 0.000 0.000 12.718 79.719 74.719 64.719 54.719 78.719 86.717 81.716 66.713 21.712 0.000 0.000 0.000 0.000 52.661 36.661 34.662 45.662 40.662 3.662 0.000 0.000 0.000 35.667 34.667 55.668 61.668 50.669 42.669 34.669 31.670 32.671 33.672 32.676 30.681 38.687 0.000 0.000 0.226 36.328 59.426 57.562 0.000 3.054 40.622 54.268 63.887 67.397 66.927 67.674 63.590 63.198 62.668 64.930 64.157 63.893 63.533 63.182 62.824 62.466
0.000 0.000 0.000 0.000 0.000 0.000 0.000 0.000 0.000 0.000 0.000 0.000 0.000 0.000 12.719 51.719 26.720 62.720 81.720 86.718 84.716 82.713 71.710 30.707 0.000 0.000 0.000 8.661 47.661 47.662 60.662 58.662 51.662 46.663 0.000 0.000 2.667 39.667 58.668 65.668 57.669 41.669 30.670 31.671 31.672 31.674 31.676 31.679 35.682 0.000 0.000 0.000 6.511 43.695 13.149 10.474 45.367 50.101 61.806 68.383 68.206 66.409 64.696 64.870 63.576 65.761 64.964 64.675 64.293 63.922 63.544 63.161 62.770
0.000 0.000 0.000 0.000 0.000 0.000 0.000 0.000 0.000 0.000 0.000 0.000 0.000 0.000 0.000 0.000 83.722 83.722 85.722 85.720 84.716 78.712 72.708 43.705 0.000 0.000 0.000 0.000 0.000 15.662 60.662 54.662 69.663 66.663 45.664 24.665 25.667 34.667 56.668 65.668 56.669 39.669 29.670 34.671 33.672 31.674 31.676 31.677 32.679 24.678 0.000 0.000 0.000 0.000 4.863 47.908 50.814 58.634 69.328 69.415 67.752 69.560 67.176 64.654 66.698 65.853 65.523 65.110 64.713 64.313 63.911 63.508 62.088
0.000 0.000 0.000 0.000 0.000 0.000 18.540 41.539 0.000 19.501 59.493 48.483 52.475 27.469 0.000 0.000 19.725 91.725 85.726 82.723 79.718 82.711 73.704 36.700 0.000 0.000 0.000 0.000 0.000 0.000 0.000 4.662 58.663 59.663 10.663 0.000 1.667 38.667 56.668 61.668 51.669 42.669 40.670 2.671 9.673 37.674 31.675 31.677 32.678 38.678 46.678 8.678 0.000 0.000 20.533 53.482 57.360 68.148 70.342 69.963 73.285 71.827 66.069 67.789 66.847 66.447 65.989 65.558 65.131 64.705 64.281 63.872 69.540
0.000 0.000 0.000 0.000 0.000 0.000 18.540 61.538 3.527 53.510 55.495 67.482 50.471 35.464 0.000 0.000 7.726 76.728 88.733 85.729 85.720 86.709 80.699 34.692 0.000 0.000 0.000 0.000 0.000 0.000 0.000 0.000 0.000 43.663 2.663 0.000 0.000 44.668 41.668 53.668 10.668 0.000 0.000 0.000 0.000 3.675 41.675 35.676 0.000 28.678 62.678 45.678 0.000 0.000 25.262 59.096 67.986 71.092 70.837 75.048 74.308 67.496 68.969 67.930 67.443 66.927 66.456 65.999 65.549 65.097 64.635 64.158 68.661
16.808 60.806 50.804 0.000 0.000 0.000 12.544 72.547 48.534 50.515 56.496 80.479 81.464 76.452 30.441 0.000 0.000 0.000 36.748 90.740 85.726 86.707 83.689 42.676 0.000 0.000 0.000 0.000 0.000 0.000 0.000 0.000 0.000 1.663 0.000 0.000 0.000 0.000 0.000 0.000 0.000 0.000 0.000 0.000 0.000 0.000 0.000 16.676 13.676 0.000 0.000 0.000 0.000 14.655 52.074 69.020 70.685 71.608 75.967 75.590 68.562 70.046 69.005 68.465 67.901 67.391 66.905 66.434 65.968 65.497 65.005 64.463 66.783
16.808 72.805 54.802 50.797 0.000 0.000 0.000 64.571 66.547 66.520 78.494 75.473 87.454 86.440 47.430 0.000 0.000 0.000 12.772 92.758 85.735 86.705 83.674 43.648 0.000 0.000 4.293 52.262 64.227 33.204 0.000 0.000 0.000 0.000 0.000 0.000 0.000 0.000 0.000 0.000 0.000 0.000 0.000 0.000 0.000 0.000 0.000 0.000 1.676 0.000 0.000 0.000 12.621 53.125 70.081 70.655 76.859 76.346 69.886 70.414 70.861 69.981 69.442 68.865 68.333 67.826 67.339 66.864 66.393 65.918 65.427 71.907 12.345
80.810 77.806 56.801 57.792 49.782 0.000 54.662 49.619 57.563 70.524 74.488 85.464 86.441 85.423 54.408 0.000 0.000 0.000 11.809 91.786 85.750 86.705 81.655 61.594 45.498 46.410 46.324 54.265 75.216 42.181 0.000 0.000 0.000 0.000 0.000 0.000 0.000 0.000 0.000 0.000 0.000 0.000 0.000 0.000 0.000 0.000 0.000 0.000 0.000 0.000 10.725 41.498 50.999 69.979 71.564 78.245 77.636 70.452 72.136 71.431 70.841 70.327 69.776 69.247 68.735 68.241 67.761 67.290 66.823 66.354 72.877 18.392 0.000
77.813 72.809 70.802 53.790 57.771 57.741 48.704 41.682 0.000 0.000 16.470 75.453 86.425 84.401 69.373 36.333 0.000 0.000 60.869 81.828 86.772 85.711 86.645 76.574 52.491 49.409 48.329 57.258 75.192 58.122 44.027 44.951 48.895 59.860 23.846 0.000 0.000 0.000 0.000 0.000 0.000 0.000 0.000 0.000 0.000 0.000 0.000 0.000 0.000 0.000 21.929 61.764 69.704 72.346 79.137 78.737 71.200 72.834 72.020 71.608 71.120 70.614 70.109 69.609 69.120 68.642 68.174 67.713 67.255 72.797 19.337 0.000 0.000
66.818 18.814 86.808 57.796 51.772 52.748 54.731 54.722 43.732 0.000 0.000 0.000 20.404 91.383 81.349 59.294 51.203 58.100 56.970 58.883 66.802 67.722 54.643 51.564 49.484 49.404 48.324 57.247 72.170 51.091 48.006 52.931 68.874 71.839 56.833 30.832 0.000 0.000 0.000 0.000 0.000 0.000 0.000 0.000 0.000 0.000 0.000 0.000 0.000 12.787 54.623 70.223 73.057 79.696 79.456 71.919 73.531 72.715 72.322 71.854 71.386 70.910 70.433 69.960 69.493 69.034 68.581 68.133 73.687 19.242 0.000 0.000 0.000
12.824 85.823 86.820 72.815 0.000 0.000 59.751 55.744 66.742 57.742 0.000 0.000 0.000 79.380 76.346 61.291 52.215 49.127 49.028 51.933 64.830 72.731 75.639 68.557 58.478 51.399 50.318 66.235 69.151 44.064 47.976 47.895 48.829 52.791 31.812 0.000 0.000 0.000 2.488 0.000 0.000 0.000 0.000 0.000 0.000 0.000 0.000 16.035 47.700 55.546 69.051 80.354 79.960 73.010 73.588 74.128 73.410 73.015 72.559 72.113 71.661 71.207 70.754 70.304 69.859 69.419 69.983 76.550 20.119 0.000 0.000 0.000 0.000
90.832 86.833 86.833 86.829 73.824 56.806 56.777 56.760 47.750 0.000 13.488 20.488 72.461 69.411 72.363 65.307 66.241 66.165 66.083 68.991 63.852 63.736 65.625 69.546 70.472 68.395 64.313 75.226 73.134 61.038 61.940 61.844 63.754 38.686 0.000 0.000 0.000 0.000 3.488 0.000 0.000 0.000 0.000 0.000 0.000 2.931 50.691 51.259 72.271 72.822 81.472 80.973 75.518 75.214 74.581 74.090 73.684 73.242 72.809 72.374 71.938 71.504 71.072 70.644 70.220 70.800 74.382 6.966 0.000 0.000 0.000 0.000 0.000
89.840 85.846 85.849 86.846 83.836 61.817 55.792 56.769 57.748 49.729 0.000 64.515 61.484 62.439 63.390 58.335 62.275 67.211 75.147 60.095 0.000 0.000 10.577 68.531 64.468 64.397 64.313 64.221 64.121 64.015 63.903 63.785 61.658 56.513 29.319 0.000 5.034 48.807 55.488 67.144 36.867 0.000 0.000 0.000 0.000 52.114 62.913 74.838 75.470 82.228 81.885 76.193 75.848 75.091 74.739 74.326 73.902 73.480 73.057 72.636 72.215 71.798 71.386 70.979 71.577 74.178 21.780 0.000 0.000 0.000 0.000 0.000 0.000
75.847 75.861 75.871 86.869 86.856 76.834 52.805 55.776 56.746 56.709 62.650 71.573 55.520 52.471 50.421 57.368 72.313 71.256 56.200 36.148 0.000 0.000 0.000 0.000 53.474 48.410 48.323 48.224 48.115 48.997 51.872 52.736 52.580 51.388 52.125 50.714 50.260 58.901 65.513 63.076 69.591 66.973 61.420 58.887 61.257 72.820 76.312 76.096 82.723 82.508 76.855 76.488 75.718 75.369 74.952 74.541 74.129 73.716 73.306 72.896 72.489 72.086 71.694 72.311 72.932 11.555 0.000 0.000 0.000 0.000 0.000 0.000 0.000
0.000 41.883 53.904 81.903 85.887 66.858 49.820 48.783 56.750 56.713 55.666 49.609 50.553 56.505 73.456 72.404 55.351 48.300 38.250 0.000 57.910 66.858 62.776 63.673 66.545 69.446 68.346 69.237 72.116 70.988 67.853 69.706 64.538 50.335 54.080 52.755 57.393 75.022 81.586 78.058 71.448 65.905 67.419 73.869 78.711 77.117 83.332 82.971 76.876 78.473 77.039 76.358 75.997 75.577 75.170 74.761 74.354 73.951 73.552 73.155 72.757 73.365 70.995 66.637 18.285 0.000 0.000 0.000 0.000 0.000 0.000 0.000 0.000
0.000 0.000 46.960 65.953 76.931 51.891 43.832 50.787 48.757 55.728 56.693 56.642 49.578 66.539 58.494 47.442 50.388 42.343 0.000 67.039 69.963 69.886 71.798 72.698 75.587 79.482 78.377 78.261 78.125 79.984 80.846 78.698 66.531 52.335 54.104 53.834 53.535 56.209 29.750 2.128 91.234 132.803 110.343 76.282 77.800 84.347 83.889 77.344 80.059 77.458 76.997 76.619 76.204 75.796 75.386 74.978 74.576 74.183 73.798 73.413 75.020 69.622 58.282 12.959 0.000 0.000 0.000 0.000 0.000 0.000 0.000 0.000 28.121
0.000 0.000 2.037 23.017 57.993 39.942 0.000 45.775 50.763 50.751 56.735 45.688 0.000 50.581 48.538 50.481 51.416 61.342 75.242 72.115 74.017 79.926 89.833 133.733 130.622 130.519 130.419 130.307 131.137 114.979 46.849 49.710 47.551 55.370 54.167 50.942 48.705 30.528 0.000 0.000 0.116 57.604 74.689 79.314 85.059 84.733 76.967 78.652 77.935 77.614 77.228 76.826 76.422 76.012 75.600 75.189 74.789 74.407 75.042 73.680 65.288 53.820 11.551 0.000 0.000 0.000 0.000 0.000 0.000 0.000 0.000 19.261 40.194
73.252 21.219 10.151 73.084 51.084 0.000 0.000 0.000 44.770 57.776 49.808 0.000 2.741 58.665 49.598 60.528 73.452 73.367 78.270 81.163 74.063 59.968 50.875 46.778 44.651 47.552 48.473 35.411 0.000 51.945 48.862 47.741 51.594 55.428 52.252 44.064 50.813 31.670 0.000 0.000 52.934 69.961 79.717 85.554 85.334 77.572 79.244 78.524 78.215 77.829 77.443 77.047 76.643 76.233 75.814 75.389 74.984 75.615 71.283 59.977 16.633 0.000 0.000 0.000 0.000 0.000 0.000 0.000 0.000 0.000 0.000 37.328 36.272
83.269 91.254 79.233 0.000 8.175 2.285 0.000 0.000 0.000 0.000 53.914 51.900 59.817 56.738 56.661 56.581 73.496 87.405 76.306 56.204 54.104 49.009 50.922 41.853 0.000 53.566 50.509 39.455 0.000 52.995 47.914 48.797 55.655 53.495 51.350 33.247 0.000 0.000 49.538 47.414 64.212 80.139 85.827 78.533 79.093 79.739 79.121 78.812 78.433 78.057 77.670 77.274 76.871 76.462 76.034 76.567 76.145 65.785 50.499 13.313 0.000 0.000 0.000 0.000 0.000 0.000 0.000 0.000 12.714 11.668 26.582 38.451 26.363
73.295 77.295 67.294 0.000 0.000 67.381 60.408 54.406 0.000 6.125 72.033 68.968 55.891 56.810 56.727 57.640 78.548 130.449 123.347 70.242 125.140 46.042 49.950 49.861 51.760 49.636 49.542 49.444 51.305 47.126 47.001 55.879 54.734 51.546 46.408 35.327 0.000 0.000 51.661 58.530 80.551 79.449 86.196 79.586 80.164 79.702 79.398 79.037 78.672 78.294 77.906 77.508 77.104 76.709 78.295 73.701 55.242 41.880 43.614 9.464 0.000 0.000 0.000 0.000 0.000 0.000 0.000 0.000 21.760 26.708 40.628 34.532 24.444
69.322 64.338 8.355 0.000 0.000 50.446 59.436 56.404 74.331 68.218 73.126 81.047 71.968 56.885 56.798 56.704 55.605 49.499 44.389 49.279 46.172 50.070 49.974 49.880 49.782 49.679 49.579 49.473 48.347 53.203 55.085 55.983 39.859 0.000 39.408 0.000 0.000 0.000 55.887 77.823 81.843 87.234 86.752 79.688 80.331 79.961 79.634 79.285 78.920 78.541 78.152 77.747 77.328 75.976 37.735 0.000 0.000 0.000 0.000 0.000 0.000 0.000 0.000 18.166 13.153 12.119 11.062 14.979 23.860 39.774 33.691 24.604 34.520
61.346 52.380 57.433 2.522 55.551 51.520 50.488 68.441 61.373 77.288 86.206 66.128 52.048 49.964 52.874 55.775 56.668 56.552 49.431 48.312 49.199 49.094 49.996 49.902 49.810 54.717 51.623 48.522 49.405 52.254 56.155 45.108 0.000 0.000 0.000 0.000 11.638 131.515 75.216 82.240 80.221 87.658 79.534 82.040 83.511 80.225 79.895 79.548 79.183 78.800 79.414 76.000 63.487 54.132 11.933 0.000 0.000 0.000 0.000 0.000 0.000 0.000 20.185 20.180 20.173 21.143 21.089 22.015 35.925 35.840 19.757 22.674 24.592
36.361 37.405 31.473 55.582 51.612 50.595 61.556 65.500 76.431 83.357 49.282 48.209 49.133 51.050 49.959 46.855 54.739 55.610 56.472 55.338 49.218 48.110 47.013 47.923 53.838 112.756 80.675 60.588 43.497 0.000 58.171 66.188 0.000 0.000 0.000 0.000 55.763 66.663 83.544 81.582 88.398 88.042 80.634 81.152 81.806 80.500 80.175 79.830 79.463 80.060 78.704 31.352 0.000 0.000 0.000 0.000 0.000 0.000 0.000 0.000 0.000 0.000 27.190 23.196 20.218 21.190 19.136 31.066 37.986 21.905 22.823 30.742 28.662
0.000 0.000 0.000 48.721 51.718 53.692 74.641 85.570 99.495 81.424 10.358 67.293 67.224 51.146 51.055 49.949 47.823 50.677 56.509 54.352 55.223 57.116 55.023 52.939 48.864 43.795 48.731 43.659 0.000 0.000 0.000 52.283 44.307 0.000 0.000 0.000 65.987 82.867 82.947 80.964 88.722 80.383 82.871 84.365 81.096 80.793 80.474 80.136 79.777 77.276 31.990 0.000 0.000 0.000 0.000 0.000 0.000 0.000 0.000 0.000 0.000 26.834 0.000 0.000 28.312 18.264 29.200 41.127 29.049 23.969 28.889 32.810 25.731
0.000 0.000 0.000 46.864 52.849 68.812 79.746 127.645 121.556 123.488 129.433 125.381 126.323 51.253 51.168 50.061 49.928 48.764 43.537 53.337 55.208 56.108 54.022 55.948 55.884 56.830 49.793 0.000 0.000 0.000 0.000 53.355 38.331 0.000 0.000 57.508 79.297 83.230 82.214 89.313 89.025 81.451 81.986 82.665 81.390 81.103 80.794 81.462 56.233 0.000 0.000 0.000 0.000 0.000 0.000 0.000 0.000 0.000 39.028 27.984 17.918 21.834 21.734 22.612 22.453 25.356 38.274 35.194 30.114 31.035 28.955 26.877 22.799
12.971 0.000 0.000 48.021 65.003 72.963 78.885 49.709 48.595 47.538 44.505 45.475 45.435 51.378 51.301 67.200 67.065 42.915 0.000 40.251 53.165 55.086 53.010 54.947 54.893 55.849 51.820 0.000 0.000 0.000 51.547 36.451 0.000 0.000 58.864 67.713 84.556 83.449 82.624 89.581 81.151 83.666 86.191 81.957 81.697 81.434 80.137 67.686 26.460 0.000 0.000 0.000 0.000 0.000 25.257 20.238 20.202 20.148 24.072 36.007 38.935 24.852 19.756 21.649 23.532 38.433 37.345 23.261 32.180 33.100 32.021 24.942 20.866
