results2_8e3_rain/res_3e8f-0067.wd
ncols         241
nrows         181
xllcorner     12693529.787448
yllcorner     3542525.717860
cellsize      155.156523
NODATA_value  -9999.000000
[rows 32 to 63 of 181, columns 148 to 221 of 241]
58.285 59.028 32.693 23.387 43.094 36.821 18.589 0.000 0.000 12.251 27.251 32.252 18.253 39.257 31.258 0.000 0.000 7.858 38.858 0.000 0.000 15.436 9.415 6.388 0.000 0.000 22.842 18.774 14.673 16.609 21.556 21.511 19.472 30.436 22.400 0.000 41.241 33.226 33.208 25.188 6.179 24.175 32.175 0.000 0.000 0.000 0.000 0.000 0.000 0.000 0.000 0.000 0.000 0.000 0.000 0.000 0.000 0.000 0.000 0.000 0.000 0.000 0.000 0.000 0.000 0.000 0.000 0.000 0.000 0.000 0.000 0.000 0.000 0.000
58.705 59.383 26.086 37.803 59.537 53.277 31.933 0.000 0.000 11.250 0.000 0.000 8.269 33.285 20.287 0.000 0.000 0.000 24.858 32.829 0.000 17.454 9.402 10.323 14.188 23.054 40.910 31.806 26.711 21.633 22.568 22.512 21.461 20.414 19.364 27.301 37.251 29.220 29.196 27.177 6.165 20.162 28.168 0.000 0.000 0.000 0.000 0.000 0.000 0.000 0.000 0.000 0.000 0.000 0.000 0.000 0.000 0.000 0.000 0.000 0.000 0.000 0.000 0.000 0.000 0.000 0.000 0.000 0.000 0.000 0.000 0.000 0.000 0.000
59.033 59.742 37.461 55.201 57.975 51.816 0.000 0.000 0.000 13.250 0.000 0.000 0.000 17.328 17.318 25.306 0.000 37.966 25.888 12.800 21.670 12.524 10.418 10.311 9.189 11.063 38.939 36.829 36.730 38.645 31.571 33.506 32.448 32.394 32.341 33.288 37.242 35.207 36.180 31.159 8.145 7.138 0.000 0.000 0.000 0.000 0.000 0.000 0.000 0.000 0.000 0.000 0.000 0.000 0.000 0.000 0.000 0.000 0.000 0.000 0.000 0.000 0.000 0.000 0.000 0.000 0.000 0.000 0.000 0.000 0.000 0.000 0.000 0.000
59.370 59.087 58.816 59.566 51.347 38.196 0.000 0.000 0.000 0.000 0.000 0.000 0.000 14.380 11.352 24.295 29.188 21.044 29.928 27.813 8.686 9.554 10.433 10.315 22.194 26.072 29.953 22.840 19.737 29.646 3.566 10.495 5.431 5.372 5.318 8.267 34.223 23.186 21.157 23.134 8.117 10.107 0.000 0.000 0.000 0.000 0.000 0.000 0.000 0.000 0.000 0.000 0.000 0.000 0.000 0.000 0.000 0.000 0.000 0.000 0.000 0.000 0.000 0.000 0.000 0.000 0.000 0.000 0.000 0.000 0.000 0.000 0.000 0.000
59.697 59.419 60.151 54.899 36.652 27.424 36.424 0.000 0.000 0.000 0.000 0.000 0.000 11.460 10.414 13.334 9.224 20.095 22.967 25.839 14.707 9.575 9.447 9.322 34.200 40.079 21.960 15.843 15.733 16.636 13.551 13.476 13.408 14.347 17.292 14.241 35.197 27.159 25.128 25.103 7.083 21.066 47.042 0.000 0.000 0.000 0.000 0.000 0.000 0.000 0.000 0.000 0.000 0.000 0.000 0.000 0.000 0.000 0.000 0.000 0.000 0.000 0.000 0.000 0.000 0.000 0.000 0.000 0.000 0.000 0.000 0.000 0.000 0.000
60.017 59.739 56.472 42.226 30.939 0.000 0.000 0.000 0.000 16.467 0.000 0.000 0.000 10.587 11.509 11.403 10.280 10.145 16.007 8.868 8.728 10.590 9.457 8.328 32.204 29.084 36.964 40.839 39.717 34.614 30.526 32.449 28.380 32.317 32.260 33.209 37.164 35.125 36.093 32.067 7.047 19.031 41.019 0.000 0.000 0.000 0.000 0.000 0.000 0.000 0.000 0.000 0.000 0.000 0.000 0.000 0.000 0.000 0.000 0.000 0.000 0.000 0.000 0.000 0.000 0.000 0.000 0.000 0.000 0.000 0.000 0.000 0.000 0.000
60.329 60.050 49.771 31.593 0.000 0.000 0.000 0.000 14.520 17.468 30.368 30.227 18.040 10.793 10.633 11.490 11.347 10.199 9.049 9.898 9.748 9.602 8.462 17.329 36.204 15.088 28.975 5.832 38.681 28.577 27.491 27.415 24.345 29.281 30.223 30.171 37.124 35.085 32.052 32.025 7.006 20.992 39.985 0.000 0.000 0.000 0.000 0.000 0.000 0.000 0.000 0.000 0.000 0.000 0.000 0.000 0.000 0.000 0.000 0.000 0.000 0.000 0.000 0.000 0.000 0.000 0.000 0.000 0.000 0.000 0.000 0.000 0.000 0.000
61.636 54.360 41.971 31.782 0.000 0.000 0.000 0.000 11.573 28.515 22.411 11.272 13.102 12.911 10.740 9.578 11.418 10.256 11.091 10.927 10.764 9.608 9.459 29.321 29.197 29.090 29.015 0.000 10.601 8.520 9.447 9.374 10.305 14.240 17.180 15.126 35.079 29.038 23.004 24.978 7.959 19.948 38.943 0.000 0.000 0.000 0.000 0.000 0.000 0.000 0.000 0.000 0.000 0.000 0.000 0.000 0.000 0.000 0.000 0.000 0.000 0.000 0.000 0.000 0.000 0.000 0.000 0.000 0.000 0.000 0.000 0.000 0.000 0.000
60.944 46.783 0.000 0.000 0.000 0.000 0.000 0.000 27.685 22.607 12.490 13.347 13.184 13.010 12.837 10.665 9.492 9.315 11.134 9.953 9.776 8.606 10.447 25.301 16.171 25.060 25.981 0.000 0.000 24.458 23.401 23.331 23.261 25.194 25.132 26.076 38.026 33.984 28.949 30.923 6.905 15.897 43.896 0.000 0.000 0.000 0.000 0.000 0.000 0.000 0.000 0.000 0.000 0.000 0.000 0.000 0.000 0.000 0.000 0.000 0.000 0.000 0.000 0.000 0.000 0.000 0.000 0.000 0.000 0.000 0.000 0.000 0.000 0.000
54.169 37.044 0.000 0.000 0.000 0.000 0.000 35.045 28.875 12.737 13.595 13.443 13.279 13.107 12.932 12.754 9.569 10.377 10.178 9.976 10.779 9.592 9.421 12.266 17.126 28.997 15.869 27.697 32.561 25.452 34.368 24.289 25.214 28.143 27.078 26.019 35.967 31.922 19.885 18.858 7.843 14.840 43.848 0.000 0.000 0.000 0.000 0.000 0.000 0.000 0.000 0.000 0.000 0.000 0.000 0.000 0.000 0.000 0.000 0.000 0.000 0.000 0.000 0.000 0.000 0.000 0.000 0.000 0.000 0.000 0.000 0.000 0.000 0.000
40.282 30.180 0.000 0.000 0.000 13.554 27.433 28.216 22.034 16.871 13.712 13.549 13.382 13.209 12.031 14.848 19.655 15.447 10.223 10.996 9.773 9.564 9.379 9.217 16.071 16.935 14.801 21.660 20.534 15.424 27.329 7.242 15.162 22.087 21.018 14.956 33.900 26.852 6.812 5.783 8.768 10.771 14.809 0.000 0.000 0.000 0.000 0.000 0.000 0.000 0.000 0.000 0.000 0.000 0.000 0.000 0.000 0.000 0.000 0.000 0.000 0.000 0.000 0.000 0.000 0.000 0.000 0.000 0.000 0.000 0.000 0.000 0.000 0.000
19.248 37.214 0.000 0.000 15.804 25.675 39.530 23.351 22.173 22.001 14.832 13.662 13.490 13.315 20.137 27.953 28.756 20.534 15.271 10.010 8.755 9.510 13.315 10.151 9.005 7.870 13.739 14.610 13.490 14.380 16.281 9.190 15.105 20.026 21.953 17.886 33.826 27.773 9.729 8.696 8.674 4.666 0.000 0.000 0.000 0.000 0.000 0.000 0.000 0.000 0.000 0.000 0.000 0.000 0.000 0.000 0.000 9.435 18.435 17.434 19.429 18.425 12.421 6.419 0.000 0.000 0.000 0.000 0.000 0.000 0.000 0.000 0.000 0.000
0.000 0.000 0.000 0.000 18.933 38.815 30.659 33.485 30.307 20.129 12.953 13.777 13.601 24.424 29.248 25.070 19.883 16.663 19.317 14.018 13.727 9.408 14.218 8.067 8.931 9.800 8.675 8.552 8.436 8.327 7.225 8.131 8.042 11.959 17.881 16.809 34.744 28.686 7.636 8.596 8.567 7.553 0.000 0.000 0.000 0.000 0.000 0.000 0.000 0.000 0.000 7.422 9.423 15.426 18.429 18.432 17.435 13.436 4.438 2.439 4.431 7.425 9.421 10.419 8.415 12.412 4.411 0.000 0.000 0.000 0.000 0.000 0.000 0.000
0.000 0.000 0.000 20.410 36.180 28.991 20.808 28.624 32.439 33.256 23.074 11.892 21.712 30.534 20.362 12.197 12.042 13.917 0.000 0.000 0.000 6.176 10.084 11.970 11.849 8.727 8.607 9.489 8.375 8.266 8.163 9.066 7.974 7.886 7.804 10.727 27.655 26.590 8.533 8.484 8.447 9.426 10.425 0.000 0.000 0.000 0.000 0.000 0.000 0.000 0.000 0.000 0.000 15.427 0.114 0.062 0.110 0.061 0.079 0.140 0.000 0.000 0.000 0.043 0.001 0.002 0.004 7.141 0.000 0.000 0.000 0.000 0.000 0.000
0.000 0.000 19.929 29.641 36.385 20.162 22.958 20.763 18.572 26.383 31.194 26.006 29.820 18.639 12.468 13.313 13.174 21.045 0.000 0.000 0.000 3.036 11.973 22.878 23.769 18.653 14.536 16.421 12.309 11.200 9.096 7.996 7.900 8.809 7.721 7.638 10.560 19.487 7.421 7.362 8.312 7.277 0.000 0.000 0.000 0.000 0.000 0.000 0.000 0.000 0.000 0.000 12.630 0.056 0.044 0.067 0.000 0.000 0.000 0.282 0.629 0.713 0.097 0.060 0.000 0.007 0.002 0.045 5.246 0.000 0.000 0.000 0.000 0.000
23.515 24.812 23.217 37.842 22.555 16.315 18.100 16.897 13.702 12.509 27.315 34.119 36.923 24.733 14.559 11.414 19.294 0.000 0.000 0.000 0.000 5.958 15.895 22.802 23.694 23.580 25.465 33.351 31.239 27.130 25.025 20.922 14.823 9.727 7.635 8.545 7.460 12.378 5.302 6.230 7.163 9.093 29.989 0.000 0.000 0.000 0.000 0.000 0.000 0.000 0.000 0.000 2.630 0.020 0.000 0.153 0.291 0.340 0.373 0.401 0.197 0.246 0.000 0.251 0.191 0.045 0.046 0.047 0.000 0.000 0.000 0.000 0.000 0.000
23.180 15.704 34.286 33.954 28.680 19.443 13.228 14.026 14.830 25.635 28.437 20.233 23.021 31.810 32.621 22.492 0.000 0.000 0.000 0.000 11.026 16.944 20.847 19.740 20.626 20.509 18.392 25.278 26.166 26.057 26.950 23.846 22.743 23.643 14.545 9.449 10.355 7.264 8.177 7.094 6.016 7.944 22.885 0.000 0.000 0.000 0.000 0.000 0.000 0.000 0.000 0.000 0.037 0.044 1.239 0.152 0.057 0.018 0.000 0.000 0.526 0.518 0.000 0.374 0.000 0.000 0.000 0.000 0.000 0.000 8.618 0.000 0.000 0.000
16.754 26.538 36.268 27.008 26.769 28.549 26.344 17.148 22.957 31.765 20.567 13.353 12.119 17.864 27.624 34.441 0.000 0.000 14.554 14.351 9.109 17.944 22.809 23.684 19.562 19.438 11.318 8.203 8.091 7.981 6.874 4.767 11.661 25.557 24.453 23.350 18.248 9.148 7.049 7.954 6.863 6.781 7.723 0.000 0.000 0.000 0.000 0.000 0.000 0.000 0.000 0.000 0.000 0.000 0.000 0.220 0.000 0.000 0.000 1.743 1.685 1.635 0.534 0.445 0.000 0.000 0.000 0.000 0.000 0.000 2.619 1.618 0.012 0.000
19.545 38.424 29.242 26.041 25.838 26.641 25.451 27.266 32.085 20.903 14.711 14.496 14.236 12.906 13.568 19.207 35.731 33.274 11.757 10.390 9.114 9.915 21.760 19.627 30.499 18.362 11.239 9.124 10.013 8.904 13.796 21.688 17.579 11.470 17.360 27.250 24.139 23.029 13.919 6.809 6.700 7.593 5.504 0.000 0.000 0.000 0.000 0.000 0.000 12.940 7.940 6.929 0.000 0.000 0.000 5.435 2.338 2.143 1.974 1.796 1.696 1.617 1.512 1.420 1.398 0.377 1.357 3.355 0.000 0.000 0.038 0.014 0.010 0.000
33.458 29.372 18.236 23.074 27.902 22.727 28.553 34.380 26.215 14.050 12.878 14.683 14.424 17.956 18.537 12.088 22.713 18.335 14.810 11.338 8.043 14.842 18.690 20.566 11.446 38.274 26.152 16.042 7.934 13.827 32.718 42.609 35.497 12.384 14.268 17.150 21.030 25.909 23.788 19.665 8.536 5.387 12.196 17.969 0.000 0.000 0.000 0.000 0.000 0.000 2.952 2.917 2.843 7.753 6.653 2.539 1.401 2.118 1.963 1.806 1.694 1.602 1.498 1.368 1.377 1.375 0.356 0.334 1.267 4.262 0.117 0.000 0.000 0.000
35.446 20.369 15.256 17.119 18.969 29.813 33.653 44.487 43.343 36.206 25.069 13.935 16.821 0.000 0.000 10.893 16.699 13.543 0.000 9.109 12.880 29.719 28.592 31.499 0.000 3.133 43.055 36.958 22.855 28.750 46.642 46.531 44.418 13.300 19.178 19.052 20.923 8.791 17.658 23.527 22.392 21.225 33.923 42.743 0.000 0.000 0.000 0.000 0.000 0.000 26.000 6.943 6.859 6.763 6.667 7.580 1.499 0.354 3.943 0.733 0.578 0.371 0.243 0.859 0.147 0.000 0.000 0.000 0.000 0.000 0.000 0.000 0.000 0.000
26.478 15.403 15.300 15.177 28.041 25.903 42.761 57.571 54.465 51.361 46.258 37.166 28.104 0.000 0.000 0.000 4.647 15.594 0.000 0.000 5.648 23.563 22.459 37.341 9.173 10.071 42.977 47.879 43.779 42.675 45.569 45.458 46.342 25.221 17.093 18.959 18.818 8.673 17.528 11.391 30.281 1.140 39.529 61.336 31.996 1.748 0.000 0.000 0.000 2.269 62.105 14.997 16.886 16.775 12.670 13.577 5.510 0.448 0.000 0.353 0.233 0.552 3.139 13.122 3.068 0.000 0.000 0.000 0.000 0.000 0.000 0.000 0.000 0.000
24.543 22.462 17.366 29.250 23.114 35.997 13.917 0.000 34.586 53.516 52.436 53.367 36.325 0.000 0.000 0.000 0.000 21.594 0.000 0.000 2.474 17.426 12.340 39.232 50.108 50.001 45.902 45.804 45.706 46.605 45.499 45.389 45.272 39.148 14.014 15.871 13.718 8.556 19.390 20.229 23.100 0.000 24.261 60.077 29.764 47.363 8.065 0.000 4.610 60.404 48.210 20.053 13.913 15.782 9.661 3.550 1.358 0.000 0.000 3.327 11.270 19.200 26.129 35.073 24.011 3.948 0.000 0.000 0.000 0.000 0.000 0.000 0.000 0.000
26.618 22.539 29.450 26.342 29.170 53.053 39.993 22.928 43.778 52.681 51.603 50.541 30.504 0.000 0.000 0.000 0.000 0.000 0.000 0.000 8.375 17.328 28.242 44.140 46.027 45.923 45.825 45.730 45.636 45.538 45.436 45.327 45.210 45.084 30.945 20.793 13.627 6.444 10.247 10.034 14.789 33.425 19.176 53.947 39.621 46.152 52.767 38.287 42.816 51.501 27.278 28.092 13.929 12.781 4.640 1.275 1.336 1.242 14.480 20.365 38.273 37.187 36.105 35.030 34.957 24.886 2.816 0.000 0.000 0.000 0.000 0.000 0.000 0.000
18.699 30.626 27.555 27.499 0.000 0.000 32.075 58.013 52.916 51.828 53.753 35.691 21.647 5.672 0.000 0.000 0.000 0.000 0.000 0.000 14.323 31.271 43.161 46.057 45.939 45.837 45.745 45.657 45.568 45.476 45.378 45.273 45.158 45.032 45.890 39.731 31.551 23.348 21.120 23.871 14.599 31.309 10.073 51.913 0.000 4.858 39.564 11.278 1.880 57.508 21.308 25.109 22.931 3.773 1.459 1.817 1.099 6.671 27.510 38.382 35.273 35.172 35.076 31.987 30.904 28.823 27.747 1.649 0.000 0.000 0.000 0.000 0.000 0.000
28.780 28.710 23.646 43.599 0.000 6.334 46.220 53.132 52.044 51.964 51.891 27.821 27.722 38.696 0.000 0.000 0.000 0.000 0.000 0.000 0.000 0.000 40.075 51.989 46.835 45.741 45.662 45.585 45.505 45.420 45.329 45.229 45.118 44.994 44.853 45.689 46.498 43.275 43.016 45.729 25.427 31.140 4.895 45.720 0.000 0.000 35.352 5.155 14.879 48.594 29.338 21.103 24.915 1.637 2.220 0.719 0.949 9.633 30.507 31.382 36.266 35.153 30.040 26.941 30.849 35.758 34.660 23.536 4.406 3.306 2.240 0.000 0.000 0.000
29.859 17.787 28.719 49.653 42.579 48.448 54.341 52.250 52.167 52.092 49.027 32.982 0.000 0.000 0.000 0.000 0.000 0.000 0.000 0.000 0.000 0.000 0.000 0.000 37.671 46.631 45.577 45.515 45.446 45.371 45.288 45.195 45.092 46.975 45.838 45.675 44.477 46.238 44.940 44.604 34.241 31.927 8.645 20.353 49.920 28.595 36.336 5.113 32.887 26.651 29.346 17.050 10.818 2.427 2.082 1.143 6.831 11.651 12.504 17.375 25.259 23.134 23.992 34.890 34.796 34.700 34.599 35.489 29.378 25.274 23.175 12.047 5.935 6.830
18.936 14.862 29.790 48.716 54.635 53.538 52.445 52.360 52.281 53.208 44.144 37.099 0.000 0.000 0.000 0.000 0.000 0.000 0.000 0.000 0.000 0.000 0.000 13.506 40.547 46.535 45.501 45.452 45.395 45.329 45.255 45.173 47.081 46.975 46.850 38.696 43.498 46.262 48.902 46.504 40.007 35.683 23.406 7.126 54.812 37.528 39.284 4.076 49.903 13.777 0.000 10.932 1.610 2.221 0.721 7.004 12.814 11.638 11.485 10.356 3.262 0.000 28.906 34.834 34.744 34.649 34.550 34.447 35.343 35.241 35.139 36.032 34.930 31.834
16.011 13.937 30.862 50.787 52.708 52.625 52.542 52.464 52.390 54.317 33.242 31.170 0.000 0.000 0.000 0.000 0.000 0.000 0.000 0.000 0.000 0.000 0.000 27.466 46.474 45.464 45.438 45.399 45.351 45.296 47.232 46.162 46.083 45.994 39.891 17.762 33.556 43.409 0.000 0.000 17.598 24.394 33.172 19.931 40.674 58.423 43.195 10.003 51.874 0.000 0.000 0.000 2.115 1.825 2.193 11.004 8.786 9.602 11.444 14.304 8.173 9.015 24.895 34.796 34.700 34.603 34.505 34.406 34.307 34.209 34.111 34.014 33.920 33.832
21.085 26.011 40.936 52.862 52.786 52.710 52.635 52.564 52.497 53.429 40.335 0.000 0.000 0.000 0.000 0.000 0.000 12.281 0.000 0.000 0.000 0.000 0.000 2.419 37.418 44.408 45.387 45.356 45.316 45.270 47.217 45.158 45.095 45.027 28.960 24.903 0.000 0.000 0.000 0.000 2.235 9.122 30.956 16.754 21.530 64.296 47.072 25.868 35.714 0.000 29.501 6.383 2.137 1.745 2.182 9.944 20.726 20.543 22.385 28.244 23.111 33.980 34.862 34.757 34.658 34.560 34.464 34.367 34.272 34.177 34.084 33.993 33.906 33.823
23.158 42.084 53.011 52.938 52.865 52.794 52.725 52.661 52.606 58.568 0.000 0.000 0.000 0.000 0.000 0.000 12.281 24.281 11.281 26.283 22.284 0.000 0.000 24.373 31.372 42.363 45.346 45.321 45.288 46.250 45.207 45.159 45.110 41.061 30.018 34.989 0.000 0.000 0.000 0.000 19.043 10.928 28.775 4.600 6.397 54.158 52.927 44.683 30.402 29.972 18.620 13.410 2.168 1.758 0.937 8.822 30.631 37.460 36.311 36.177 28.051 34.931 34.819 34.715 34.615 34.518 34.423 34.329 34.237 34.146 34.057 33.971 33.888 33.810
30.230 50.157 54.085 53.014 52.943 52.875 52.809 52.749 52.698 59.668 0.000 0.000 0.000 0.000 0.000 0.000 1.280 21.281 21.281 20.282 23.285 7.293 15.305 23.329 23.333 40.328 46.314 45.293 45.267 45.236 45.200 45.163 46.125 38.090 34.061 28.045 0.000 0.000 0.000 0.000 0.000 10.771 29.615 6.475 2.288 41.013 57.795 54.537 35.238 13.895 12.595 13.375 4.211 0.816 0.872 1.803 12.519 32.358 35.225 35.103 26.987 34.876 34.770 34.669 34.571 34.476 34.383 34.292 34.202 34.114 34.029 33.946 33.867 33.792
