results2_8e3_rain/res_3e8f-0063.wd
ncols         241
nrows         181
xllcorner     12693529.787448
yllcorner     3542525.717860
cellsize      155.156523
NODATA_value  -9999.000000
[rows 66 to 98 of 181, columns 74 to 147 of 241]
29.277 0.000 54.531 71.512 70.486 70.461 0.000 41.929 41.912 54.920 50.926 49.906 49.863 48.797 124.702 112.560 0.000 0.000 0.000 45.541 40.497 45.432 48.387 48.348 50.313 51.283 56.255 57.225 58.187 49.130 0.000 0.000 46.705 96.705 78.617 82.471 82.550 80.599 88.539 80.995 81.467 82.198 80.964 80.735 81.524 51.364 0.000 0.000 0.000 0.000 0.000 0.000 0.000 19.678 17.661 17.626 17.578 17.517 17.453 21.383 34.306 31.220 16.128 27.033 35.943 14.859 17.778 23.700 28.622 24.546 18.470 16.396 14.324 29.254
56.268 0.000 42.723 66.692 65.666 59.668 12.740 0.000 0.000 47.988 61.056 50.054 49.024 49.976 30.904 0.000 0.000 0.000 0.000 0.000 0.000 56.395 54.376 52.350 35.316 38.285 45.257 46.234 51.206 42.168 0.000 0.000 0.000 56.945 74.852 81.785 81.875 88.979 88.767 81.076 81.757 81.461 81.243 81.026 75.832 33.695 0.000 0.000 30.887 0.000 0.000 0.000 25.714 20.714 17.694 17.658 17.610 17.553 17.489 17.418 17.342 24.261 38.175 39.087 22.002 15.919 16.839 17.760 21.683 20.606 16.530 16.456 17.384 36.314
51.239 56.123 53.947 67.865 60.820 61.803 58.813 0.000 0.000 0.000 63.255 58.232 53.203 55.178 2.175 0.000 0.000 0.000 0.000 0.000 0.000 55.378 51.370 42.361 0.000 0.000 43.252 55.248 54.236 0.000 0.000 2.644 59.527 51.277 55.101 62.178 77.237 89.177 80.833 82.379 81.936 81.739 81.515 79.294 62.083 40.888 46.888 44.888 25.887 0.000 0.000 0.000 0.000 34.771 16.744 17.703 21.653 29.595 19.530 17.460 16.385 20.306 35.223 42.140 34.058 19.977 14.898 16.820 16.743 16.665 16.588 15.514 22.442 43.372
50.272 54.183 65.078 59.000 51.947 70.913 59.896 11.904 0.000 5.602 55.476 71.415 66.378 66.360 69.370 0.000 0.000 0.000 0.000 1.364 1.366 53.369 44.367 47.363 0.000 0.000 0.000 91.271 118.253 33.253 0.000 58.761 53.663 53.506 53.417 49.502 89.540 89.364 81.886 85.485 82.224 82.008 81.786 73.552 26.317 0.000 48.888 26.888 0.000 0.000 0.000 22.962 21.928 20.856 16.807 20.758 32.704 37.644 35.578 28.507 18.432 27.354 35.273 14.193 20.113 33.034 29.956 25.880 33.803 14.724 16.644 14.568 27.498 50.429
56.332 66.258 58.180 50.112 50.055 63.005 70.953 66.913 69.846 71.728 66.634 61.573 63.534 52.514 51.509 0.000 0.000 0.000 2.363 58.363 57.364 45.365 47.364 48.362 52.360 51.359 0.000 2.311 0.000 0.000 5.126 64.976 57.857 52.704 53.800 51.849 89.699 51.519 59.102 73.691 81.504 82.283 80.069 38.810 0.000 0.000 0.000 0.000 0.000 0.000 24.020 17.997 17.965 17.918 18.870 28.818 37.761 36.698 36.630 32.558 28.482 38.404 21.324 16.245 17.166 17.090 27.014 39.940 26.865 14.785 15.696 21.618 9.554 14.488
67.403 57.338 50.273 51.213 51.157 53.097 37.000 62.948 60.899 52.828 49.761 48.708 64.673 66.651 53.643 0.000 0.000 0.000 58.362 54.362 51.362 44.363 48.362 48.361 48.359 48.358 7.356 10.352 11.389 13.381 81.276 78.164 67.047 66.012 55.017 89.980 89.847 53.579 60.222 54.992 61.789 80.553 55.397 0.000 0.000 0.000 0.000 0.000 0.000 0.000 24.043 18.039 18.019 17.983 18.937 27.884 37.824 36.759 35.688 32.613 37.535 31.456 15.376 17.296 17.219 17.144 27.072 35.002 13.933 16.855 19.735 38.656 55.611 34.549
57.477 50.420 51.362 51.309 52.262 33.228 0.000 19.982 47.972 50.926 50.872 50.828 48.797 72.777 56.768 0.000 0.000 0.000 35.362 52.361 46.361 47.361 48.361 48.360 48.359 48.358 59.357 0.000 3.434 20.479 73.432 83.348 5.250 87.181 77.380 90.097 52.165 65.804 62.443 52.308 49.105 45.743 30.570 0.000 0.000 19.615 0.000 0.000 0.000 0.000 20.071 18.099 18.088 18.056 18.011 18.956 24.894 32.824 32.750 32.671 36.590 14.508 17.426 17.346 16.269 22.196 39.127 22.064 16.008 18.968 0.000 0.669 31.684 0.000
50.554 51.501 51.448 51.398 54.355 10.326 8.324 1.197 46.083 51.032 52.972 50.935 49.909 67.892 63.884 0.000 0.000 0.000 0.000 43.361 46.361 48.360 48.360 48.359 48.359 50.358 36.357 0.000 0.000 70.670 73.625 84.550 90.433 84.545 82.586 90.195 73.221 75.921 60.759 53.661 46.585 0.000 0.000 0.000 0.000 17.615 0.000 0.000 0.000 0.000 0.000 21.199 18.180 18.144 18.096 18.037 17.970 17.896 24.816 32.732 20.646 17.560 17.476 17.394 20.316 33.243 33.176 15.118 17.070 20.041 0.000 0.000 58.761 48.773
51.633 51.581 51.529 51.480 51.435 55.396 56.361 56.305 52.214 52.146 32.050 49.031 50.013 65.999 64.992 0.000 0.000 0.000 0.000 42.360 48.360 48.360 48.359 48.359 48.359 36.358 0.000 0.000 0.000 75.907 81.849 84.763 84.719 83.802 90.325 82.714 85.429 80.114 65.053 54.991 53.988 54.127 0.000 0.000 0.000 14.615 21.616 14.616 0.000 0.000 0.000 36.317 17.287 18.244 18.190 18.127 19.054 17.973 17.886 17.795 17.703 17.612 17.523 16.438 22.358 37.284 14.218 17.161 17.114 19.084 0.000 0.000 60.825 52.810
51.712 51.661 51.610 51.558 51.508 51.463 51.420 51.375 51.324 55.288 0.000 42.126 51.114 67.100 62.092 0.000 0.000 0.000 0.000 47.360 50.359 50.359 50.359 48.359 51.359 0.000 0.000 0.000 68.368 74.202 85.098 84.978 85.088 83.137 90.539 83.855 88.497 84.386 85.318 73.267 61.247 50.267 45.267 47.267 0.000 0.000 20.617 15.617 21.612 22.598 20.559 26.465 36.409 18.356 19.295 28.225 35.145 17.056 17.960 17.861 17.760 17.661 16.566 21.476 40.394 34.319 23.252 16.193 17.142 19.097 34.049 51.988 52.905 52.859
51.794 51.743 51.690 51.634 51.578 51.527 54.482 52.450 51.418 55.394 0.000 42.235 51.215 68.195 60.185 0.244 0.000 0.000 0.000 20.359 30.359 29.359 29.359 50.359 35.359 0.000 0.000 0.000 70.534 80.438 85.334 85.287 84.390 91.207 90.893 84.928 85.770 84.625 84.567 85.510 76.465 41.428 0.000 0.000 0.000 0.000 18.619 18.622 15.623 17.622 18.615 17.576 24.529 38.475 21.410 19.335 29.247 17.147 18.039 17.927 17.815 17.706 17.604 25.509 38.422 25.345 37.277 15.217 16.164 21.114 42.064 54.008 52.948 52.898
51.877 51.826 51.772 51.712 54.642 56.585 28.531 49.527 52.504 54.477 14.452 45.364 50.315 62.281 60.266 1.285 0.000 0.000 0.000 0.000 0.000 0.000 0.000 31.359 0.000 0.000 0.000 18.963 68.797 85.680 85.553 85.665 83.749 91.491 83.528 89.231 84.923 84.874 84.805 84.744 74.676 35.552 0.000 0.000 0.000 0.000 0.000 21.628 22.634 9.653 17.704 18.693 18.657 22.604 38.537 21.456 18.359 18.247 18.122 17.993 17.867 15.746 21.634 40.532 21.442 20.364 34.295 18.235 16.182 23.132 49.084 54.034 52.983 52.931
51.962 51.913 51.861 53.799 29.693 31.639 0.000 11.622 47.593 51.557 55.515 51.455 54.400 59.349 64.320 3.306 0.000 0.000 0.000 0.000 0.000 0.000 0.000 0.000 0.000 0.000 2.271 78.129 80.012 85.903 85.855 84.972 92.000 91.755 84.597 85.309 85.177 85.106 85.040 83.984 63.943 0.000 0.000 0.000 0.000 0.000 0.000 0.000 13.634 0.000 24.854 21.837 17.801 17.748 19.679 36.594 25.488 17.359 18.209 18.057 16.913 21.779 23.655 22.544 19.450 17.372 17.305 17.248 18.196 31.150 53.105 54.062 56.017 51.967
52.047 52.002 51.961 56.930 0.000 0.000 17.828 9.746 43.692 52.644 50.595 52.540 64.481 36.396 30.358 0.000 0.000 0.000 0.000 0.000 0.000 0.000 0.000 0.000 0.000 0.000 65.392 70.311 84.219 86.100 86.229 84.323 92.225 84.109 85.780 85.471 85.409 85.331 85.265 77.208 54.169 0.000 0.000 0.000 0.000 0.000 0.000 0.000 0.000 0.000 29.022 24.001 17.962 15.907 18.838 18.751 34.640 27.493 18.298 19.115 16.950 23.800 23.663 20.539 14.444 17.369 17.307 19.254 33.207 52.165 54.126 57.091 49.057 10.022
51.130 51.087 51.052 54.029 24.034 20.994 52.911 57.841 51.783 49.731 56.681 66.631 69.588 0.000 0.000 0.000 0.000 0.000 0.000 0.000 0.000 0.000 0.000 0.000 0.000 0.000 67.574 75.507 85.416 86.407 85.446 92.639 92.438 85.146 85.847 85.705 85.625 85.549 85.480 67.414 49.356 0.000 0.000 0.000 0.000 0.000 0.000 0.000 0.000 0.000 27.211 25.183 25.139 22.082 15.014 16.933 17.829 33.676 33.376 30.154 26.971 19.810 18.659 15.505 16.417 17.352 21.299 41.253 53.213 53.177 54.145 53.118 44.098 1.088
66.207 65.166 63.130 60.102 61.078 61.038 57.982 58.924 60.870 60.818 66.767 68.716 26.652 0.000 0.000 0.000 0.000 0.000 0.000 0.000 0.000 0.000 0.000 0.000 6.082 14.004 68.826 85.718 86.626 86.576 85.805 92.826 84.633 86.303 85.988 85.920 85.836 85.761 83.691 65.614 36.485 0.000 0.000 0.000 0.000 0.000 0.000 0.000 0.000 0.000 17.427 21.383 24.328 25.268 24.205 21.138 17.068 11.005 0.000 0.000 0.000 0.000 0.000 19.404 17.367 20.325 41.285 54.248 53.215 54.185 57.159 53.139 50.125 31.123
65.279 64.238 66.202 68.169 67.137 66.099 64.053 62.004 61.954 62.903 58.853 58.813 0.000 0.000 0.000 0.000 0.000 0.000 0.000 0.000 0.000 0.000 0.000 0.000 55.160 78.105 77.006 85.914 86.805 86.933 85.037 93.000 86.732 86.333 86.206 86.119 86.039 85.968 81.909 61.866 0.000 0.000 0.000 0.000 0.000 0.000 0.000 0.000 0.000 24.848 19.688 16.594 18.522 23.458 25.399 25.346 26.301 17.271 0.000 0.000 0.000 0.000 0.000 20.340 18.323 34.297 55.268 53.240 53.213 53.189 54.168 53.152 53.142 44.137
51.346 52.306 59.270 68.237 74.203 62.167 56.128 51.085 49.039 47.988 53.929 32.871 0.000 0.000 0.000 0.000 0.000 0.000 0.000 0.000 0.000 0.000 0.000 0.000 61.292 77.251 85.181 87.099 87.070 86.202 93.306 93.159 88.755 86.558 86.394 86.314 86.234 86.165 81.109 56.076 0.000 0.000 0.000 0.000 0.000 0.000 0.000 0.000 25.145 20.009 19.883 19.785 18.707 15.642 20.589 24.546 25.518 22.508 0.000 0.000 0.000 0.000 23.279 17.293 21.288 49.272 53.252 53.230 53.209 53.190 53.173 53.160 53.152 28.148
50.409 54.371 59.336 61.304 64.272 54.240 50.206 51.169 51.128 53.080 31.006 0.000 0.000 0.000 0.000 0.000 0.000 0.000 0.000 0.000 0.000 0.000 0.000 0.000 47.466 76.427 86.366 87.271 87.405 85.518 93.442 86.315 87.984 86.661 86.592 86.501 86.419 86.347 77.288 50.253 0.000 0.000 0.000 0.000 0.000 0.000 0.000 24.410 20.282 20.160 20.049 19.956 19.879 19.817 16.767 15.732 18.718 25.736 25.826 0.000 0.000 0.000 17.266 18.267 36.262 53.251 52.236 52.220 53.204 53.188 53.175 53.165 52.158 18.154
50.467 52.431 53.399 51.370 50.342 51.315 50.287 50.257 50.226 55.198 0.204 0.000 0.000 0.000 0.000 0.000 0.000 0.000 0.000 0.000 0.000 0.000 0.000 0.000 55.678 84.626 87.557 87.535 86.671 93.687 93.569 89.318 87.015 86.866 86.773 86.682 86.596 87.515 67.444 55.394 0.000 0.000 24.103 0.000 23.848 25.795 25.695 20.539 20.412 20.299 20.199 20.112 20.038 19.978 19.931 18.899 15.885 24.891 25.916 18.916 0.000 0.000 25.250 17.249 25.243 31.235 34.223 38.210 44.197 50.185 52.175 52.166 50.160 15.157
51.521 51.489 51.460 51.435 50.412 50.391 50.369 50.346 49.319 57.289 8.287 0.000 0.000 0.000 0.000 0.000 0.000 0.000 0.000 0.000 0.000 0.000 0.000 40.104 75.942 86.844 87.736 87.881 85.977 93.792 86.781 88.451 87.131 87.052 86.953 86.859 86.766 87.674 59.578 37.486 0.000 0.000 20.103 0.000 18.902 20.843 20.751 20.638 20.529 20.427 20.335 20.254 20.184 20.126 20.080 18.049 20.031 26.028 23.033 0.000 0.000 0.000 24.236 23.234 22.229 21.221 20.211 19.201 23.191 34.181 30.172 32.165 36.160 17.157
49.571 49.542 49.518 49.497 49.480 49.466 50.454 52.440 54.416 29.353 0.000 0.000 0.000 0.000 0.000 0.000 0.000 0.000 0.000 7.232 0.000 0.000 10.391 51.267 82.144 88.034 88.024 87.055 93.976 93.889 89.777 87.479 87.326 87.229 87.130 87.033 86.936 82.837 29.707 0.000 0.000 0.000 20.103 26.104 21.014 20.925 20.829 20.733 20.638 20.547 20.462 20.385 20.318 20.261 20.217 17.184 26.164 26.156 22.155 0.000 0.000 0.000 23.226 22.222 23.216 23.209 23.201 23.192 23.183 22.175 22.168 21.163 20.158 20.156
50.616 53.592 57.572 60.557 64.546 66.540 69.540 68.545 60.553 0.000 9.934 33.958 1.980 0.000 0.000 0.000 0.000 0.000 38.247 65.232 5.212 0.000 44.516 77.429 87.323 88.225 88.158 87.386 94.050 86.225 87.907 87.586 87.507 87.406 87.307 87.207 88.109 75.031 0.000 0.000 0.000 0.000 0.149 20.194 21.126 23.012 22.910 20.826 20.743 20.660 20.580 20.506 20.441 20.385 17.341 22.308 25.286 26.276 17.276 0.000 0.000 0.000 7.219 28.212 28.206 25.199 22.191 22.183 23.176 24.169 24.163 23.159 23.156 24.154
51.657 58.637 67.622 68.611 67.607 66.609 65.621 62.646 56.697 31.819 48.909 66.962 36.001 20.034 0.000 0.000 0.000 9.283 48.263 62.237 1.165 19.898 61.728 86.608 89.506 88.355 88.573 86.551 94.111 88.215 87.927 87.776 87.680 87.582 87.484 87.380 89.263 33.147 0.000 0.000 0.000 0.000 0.000 16.355 22.282 3.089 2.972 19.918 20.849 20.771 20.693 20.620 20.555 19.499 17.454 26.420 26.397 23.388 17.397 23.444 0.000 0.000 0.000 39.202 54.197 47.190 43.182 39.175 35.168 38.162 38.157 21.154 22.152 23.151
52.694 55.677 58.666 57.660 55.661 53.669 51.688 49.721 49.773 58.850 60.922 57.980 55.028 59.068 7.103 0.000 0.000 49.303 79.284 30.244 26.164 60.021 83.890 88.779 88.651 88.781 86.742 94.193 86.630 88.342 88.025 87.950 87.853 87.760 87.667 90.566 47.414 0.000 0.000 0.000 0.000 0.000 0.000 18.589 23.561 0.000 0.000 17.025 20.965 20.883 20.801 20.725 20.659 17.602 25.556 26.520 25.495 16.482 20.481 20.491 0.000 0.000 0.000 7.197 37.192 55.181 54.173 54.166 54.160 54.155 48.151 38.148 24.147 2.149
52.726 52.713 51.706 51.703 52.707 52.719 52.741 50.776 51.824 56.885 59.949 56.009 51.062 54.107 9.137 0.000 0.000 41.342 51.326 29.290 62.227 77.134 86.034 88.937 88.886 87.997 94.587 94.338 87.627 88.354 88.208 88.117 88.025 87.937 87.858 90.804 0.000 0.000 6.187 15.187 0.000 0.000 19.973 22.852 21.811 28.856 0.000 17.193 21.101 20.996 20.902 20.822 18.754 20.696 26.648 26.610 18.582 19.563 20.553 20.549 0.000 0.000 0.000 0.000 0.000 37.172 53.162 53.156 53.151 53.146 54.143 54.140 29.139 0.000
52.755 52.745 52.740 52.740 52.746 52.760 51.783 50.817 54.862 58.918 58.980 54.043 50.106 55.162 8.202 0.000 0.000 37.397 6.389 53.364 77.318 83.252 89.182 89.053 89.282 87.285 94.809 87.059 88.767 88.451 88.378 88.283 88.192 88.105 95.023 78.989 0.000 2.187 52.187 38.187 0.000 0.000 15.094 23.035 21.973 21.903 27.743 25.455 24.250 21.098 20.991 20.907 17.838 25.780 26.731 22.691 17.660 20.636 20.618 22.604 26.615 0.000 0.000 0.000 0.000 0.000 50.148 53.145 53.141 53.137 54.134 52.132 26.130 0.000
52.780 52.772 52.768 52.770 52.777 51.791 50.814 52.846 56.890 59.946 56.010 51.080 50.155 53.232 35.308 22.411 23.460 19.460 20.469 60.459 81.429 87.385 89.303 89.467 87.479 95.194 95.011 88.073 88.782 88.632 88.539 88.447 88.358 93.267 36.143 51.138 21.176 52.186 60.188 0.000 0.000 0.000 14.273 23.223 22.145 22.038 31.873 42.632 16.346 26.156 22.056 18.979 20.912 26.854 25.805 16.764 19.731 20.705 20.679 7.636 8.625 0.000 0.000 0.000 0.000 0.000 31.138 52.135 53.132 53.128 57.125 53.123 42.120 0.000
52.802 52.795 52.792 52.794 52.801 50.814 50.835 54.865 61.907 62.965 59.033 54.112 52.202 52.302 54.388 54.465 63.510 4.513 38.568 76.575 83.558 89.525 89.523 88.682 95.522 95.363 88.443 89.218 88.876 88.798 88.698 88.607 88.524 96.462 0.000 34.245 36.205 26.194 28.191 0.000 0.000 0.000 17.503 23.439 22.347 28.232 44.079 20.855 0.000 7.126 20.096 18.040 25.978 26.921 22.870 19.829 20.797 20.772 22.757 0.000 0.000 0.000 0.000 0.000 0.000 23.131 4.132 43.126 53.122 53.119 58.117 53.113 53.108 42.098
52.821 52.814 52.812 52.813 51.819 50.830 52.847 59.872 36.908 12.973 12.046 9.133 39.240 56.385 51.477 54.552 35.603 0.000 43.715 81.714 87.708 89.637 89.914 87.965 95.668 88.790 89.561 89.124 89.060 88.950 88.852 88.758 89.671 87.596 9.537 9.391 0.000 0.000 0.000 0.000 0.000 16.977 24.798 22.681 21.574 41.463 45.355 0.000 0.000 0.000 16.164 22.107 27.041 26.979 16.927 20.886 20.854 20.832 23.820 0.000 0.000 0.000 0.000 0.000 0.000 2.131 0.000 31.114 53.113 53.111 59.108 53.106 53.102 47.096
52.837 52.830 52.827 51.828 50.832 52.840 55.852 63.866 22.881 0.000 0.000 0.000 0.000 38.523 53.584 54.661 40.748 42.858 68.862 85.869 89.839 90.054 88.113 95.924 95.802 89.776 89.466 89.313 89.204 89.101 89.001 88.903 91.806 76.713 5.625 0.000 0.000 0.000 0.000 0.000 0.000 17.156 24.033 22.913 20.805 48.692 9.523 0.000 0.000 22.435 27.290 27.183 27.098 25.029 19.975 20.932 20.901 20.881 22.872 0.000 26.932 0.000 0.000 0.000 0.000 0.000 0.000 24.105 53.104 53.103 53.101 53.099 53.097 51.094
52.849 52.843 52.840 51.839 50.842 54.847 58.854 62.862 20.868 0.000 0.000 0.000 0.000 18.599 61.675 56.761 62.868 75.964 85.009 89.026 90.081 89.274 96.141 96.036 89.126 89.895 89.547 89.459 89.350 89.248 89.149 93.048 55.937 27.825 0.000 0.000 0.000 0.000 0.000 0.000 19.710 24.458 23.264 25.135 22.041 45.977 0.000 0.000 17.827 24.581 40.377 29.238 26.139 22.066 20.010 19.968 20.938 20.920 20.914 25.928 21.932 12.932 0.000 0.000 0.000 20.091 22.092 21.096 53.096 53.096 53.095 53.094 53.092 51.091
52.859 52.853 52.849 50.848 52.848 58.851 59.855 57.859 44.862 5.860 0.000 0.000 0.000 0.000 14.757 10.839 51.000 82.122 86.184 90.185 90.403 88.568 96.235 88.450 90.223 89.784 89.713 91.596 90.492 89.392 89.298 95.202 18.069 0.000 0.000 0.000 0.000 0.000 1.401 40.210 39.962 27.703 24.429 35.321 30.248 31.198 0.000 0.000 16.073 20.684 31.400 27.253 31.156 25.085 28.032 26.992 23.964 20.946 19.938 19.938 25.937 0.000 0.000 0.000 0.000 17.090 17.089 27.090 53.090 53.090 53.089 53.088 53.088 27.090
