results2_8e3_rain/res_3e8f-0133.wd
ncols         241
nrows         181
xllcorner     12693529.787448
yllcorner     3542525.717860
cellsize      155.156523
NODATA_value  -9999.000000
[rows 66 to 98 of 181, columns 73 to 145 of 241]
70.379 34.368 0.000 59.516 76.495 75.465 75.437 0.000 46.846 46.830 59.842 55.852 54.833 54.788 53.720 129.623 117.454 0.000 0.000 0.000 50.219 45.159 50.069 53.010 52.961 54.917 55.875 60.827 61.783 62.736 53.680 0.000 0.000 50.970 100.970 82.882 86.740 86.824 84.874 92.796 85.278 85.754 86.491 85.262 85.037 85.831 55.674 0.000 0.000 0.000 0.000 0.000 0.000 0.000 38.337 36.315 36.277 36.226 36.164 36.100 40.031 52.959 49.886 34.812 45.736 54.663 33.591 36.521 42.452 47.383 43.316 37.250 35.185
55.381 61.357 0.000 47.733 71.698 70.670 64.673 17.757 0.000 0.000 52.920 65.998 54.998 53.968 54.925 35.884 0.000 0.000 0.000 0.000 0.000 0.000 61.006 58.981 56.950 39.912 42.870 49.823 50.788 55.754 46.717 0.000 0.000 0.000 61.209 79.116 86.051 86.140 93.227 93.019 85.352 86.038 85.747 85.535 85.322 80.132 37.998 0.000 2.187 35.187 0.000 0.000 0.000 44.414 39.380 36.347 36.307 36.257 36.200 36.137 36.071 36.002 42.930 56.858 57.785 40.714 34.643 35.574 36.505 40.438 39.372 35.306 35.242
57.389 56.321 61.186 58.986 72.893 65.845 66.828 63.842 0.000 0.000 0.000 68.222 63.195 58.160 60.127 7.104 0.000 0.000 0.000 0.000 0.000 0.000 59.968 55.958 46.947 0.000 0.000 47.806 59.790 58.776 0.000 0.000 6.912 63.793 55.540 59.362 66.438 81.497 93.421 85.096 86.649 86.211 86.019 85.800 83.584 66.377 45.188 51.187 49.187 30.187 0.000 0.000 0.000 2.449 53.423 35.388 36.346 40.297 48.241 38.179 36.114 35.046 38.976 53.905 60.834 52.763 38.694 33.625 35.558 35.492 35.427 35.362 34.298
57.429 55.354 59.251 70.131 64.045 56.987 75.952 64.940 16.956 0.000 10.617 60.472 76.399 71.351 71.318 74.300 0.000 0.000 0.000 0.000 5.924 5.929 57.940 48.938 51.932 0.000 0.000 0.000 95.791 122.783 37.783 0.000 63.031 57.929 57.768 57.675 53.756 93.777 93.605 86.145 89.748 86.492 86.281 86.064 77.836 30.607 0.000 53.187 31.187 0.000 0.000 0.000 41.549 40.508 39.474 35.437 39.393 51.343 56.287 54.225 47.160 37.093 46.023 53.953 32.882 38.812 51.743 48.676 44.610 52.545 33.481 35.417 33.353
55.487 61.415 71.331 63.243 55.168 55.106 68.055 76.008 71.973 74.900 76.762 71.652 66.577 68.527 57.495 56.479 0.000 0.000 0.000 6.918 62.920 61.922 49.924 51.921 52.912 56.893 55.881 0.000 6.798 0.786 0.000 9.414 69.252 62.123 56.963 58.054 56.098 93.935 55.766 63.354 77.947 85.766 86.550 84.341 43.088 0.000 0.000 0.000 0.000 0.000 0.000 42.615 36.591 36.562 36.529 37.491 47.446 56.395 55.338 55.276 51.210 47.141 57.071 40.000 34.930 35.860 35.792 45.725 58.661 45.597 33.535 34.472 40.408
61.553 72.488 62.416 55.343 56.276 56.215 58.155 42.064 68.028 65.966 57.878 54.795 53.731 69.686 71.656 58.642 0.000 0.000 0.000 62.916 58.916 55.915 48.914 52.909 52.901 52.887 52.869 11.842 14.809 15.777 17.719 85.575 82.442 71.312 70.267 59.265 94.214 94.081 57.821 64.468 59.242 66.043 84.813 59.661 0.000 0.000 0.000 0.000 0.000 0.000 0.000 42.639 36.636 36.619 36.590 37.553 46.506 56.453 55.394 54.330 51.262 56.191 50.120 34.048 35.976 35.907 35.839 45.773 53.710 32.649 35.589 38.528 57.464
72.626 62.566 55.503 56.438 56.378 57.324 38.285 0.000 25.109 53.059 55.990 55.920 55.866 53.828 77.803 61.791 0.000 0.000 0.000 39.913 56.911 50.910 51.907 52.903 52.895 52.883 52.868 63.847 3.819 7.800 24.805 77.727 87.622 9.510 91.431 81.622 94.331 56.396 70.038 66.680 56.549 53.351 49.998 34.830 0.000 0.000 38.186 0.000 0.000 0.000 0.000 38.667 36.696 36.688 36.661 36.622 37.574 43.518 51.455 51.388 51.316 55.243 33.169 36.094 36.022 34.951 40.883 57.819 40.758 34.700 37.645 18.588 19.510
62.705 55.649 56.589 56.530 56.472 59.420 15.375 13.341 6.240 51.170 56.101 58.030 55.986 54.956 72.936 68.927 0.000 0.000 0.000 0.000 47.907 50.906 52.903 52.899 52.892 52.884 54.873 40.860 0.000 0.000 74.973 77.905 88.813 94.683 88.785 86.821 94.431 77.446 80.148 64.989 57.893 50.818 0.000 0.000 0.000 0.000 36.186 0.000 0.000 0.000 0.000 0.000 39.791 36.775 36.744 36.701 36.649 36.589 36.522 43.449 51.373 39.296 36.217 36.140 36.065 38.993 51.925 51.861 33.802 35.748 38.702 5.669 0.000
55.788 56.734 56.677 56.619 56.562 56.507 60.456 61.406 61.342 57.281 57.215 37.112 54.092 55.073 71.060 70.055 0.000 0.000 0.000 0.000 46.904 52.903 52.900 52.897 52.892 52.887 40.880 0.000 0.000 3.344 80.209 86.111 89.009 88.955 88.032 94.565 86.930 89.646 84.334 69.275 59.214 58.210 58.346 0.000 0.000 0.000 33.186 40.186 33.186 0.000 0.000 0.000 54.904 35.877 36.838 36.790 36.733 37.667 36.594 36.515 36.433 36.349 36.265 36.184 35.106 41.032 55.963 32.899 35.841 35.789 37.746 12.717 0.000
56.875 56.822 56.765 56.707 56.649 56.591 56.536 56.486 56.439 56.397 60.364 0.000 47.197 56.184 72.174 67.179 3.224 0.000 0.000 0.000 51.902 54.901 54.899 54.896 52.893 55.891 0.000 0.000 0.000 72.479 78.406 89.320 89.200 89.308 87.355 94.772 88.065 92.708 88.598 89.531 77.482 65.462 54.482 49.482 51.482 0.000 0.000 39.187 34.186 40.182 41.168 39.131 45.043 54.991 36.943 37.888 46.825 53.752 35.671 36.584 36.493 36.402 36.311 35.224 40.142 59.066 52.995 41.931 34.873 35.822 37.776 52.736 70.691
56.965 56.912 56.856 56.797 56.735 56.670 56.613 59.563 57.532 56.503 60.481 0.000 47.316 56.293 73.272 65.263 5.268 0.000 0.000 0.000 24.901 34.900 33.898 33.896 54.894 39.892 0.000 0.000 0.000 74.687 84.620 89.531 89.489 88.592 95.405 95.106 89.130 89.973 88.830 88.773 89.718 80.675 45.638 0.000 0.000 0.000 0.000 37.189 37.191 34.191 36.190 37.183 36.146 43.103 57.053 39.995 37.926 47.846 35.756 36.657 36.555 36.453 36.354 36.260 44.173 57.093 44.022 55.957 33.900 34.849 39.802 60.758 72.713
57.059 57.005 56.950 56.890 56.822 59.744 61.680 33.622 54.624 57.603 59.577 19.553 50.457 55.401 67.359 65.332 6.319 0.000 0.000 0.000 0.000 0.000 0.896 0.895 35.894 0.000 0.000 0.000 23.131 72.962 89.855 89.737 89.853 87.938 95.676 87.717 93.423 89.118 89.072 89.005 88.945 78.879 39.759 0.000 0.000 0.000 0.000 0.000 40.196 41.202 28.219 36.265 37.255 37.221 41.173 57.113 40.039 36.951 36.848 36.734 36.617 36.502 34.392 40.289 59.196 40.113 39.041 52.977 36.921 34.871 41.825 67.782 72.739
57.154 57.101 57.048 56.991 58.921 34.802 36.741 0.000 16.737 52.708 56.670 60.624 56.558 59.494 64.432 69.389 8.355 0.000 0.000 0.000 0.000 1.895 53.895 60.895 0.000 0.000 0.000 6.419 82.299 84.179 90.072 90.028 89.147 96.164 95.929 88.779 89.494 89.365 89.296 89.232 88.178 68.138 0.000 0.000 0.000 0.000 0.000 0.000 0.000 32.202 0.000 43.403 40.387 36.354 36.306 38.243 55.166 44.070 35.952 36.815 36.677 35.545 40.423 42.310 41.209 38.123 36.051 35.989 35.936 36.888 49.845 71.806 72.767
57.249 57.197 57.149 57.104 62.070 0.108 0.000 22.972 14.880 48.821 57.770 55.717 57.656 69.587 41.485 35.435 0.400 0.000 0.000 0.000 0.000 51.895 57.895 59.895 0.000 0.000 0.000 69.538 74.469 88.380 90.264 90.394 88.489 96.381 88.279 89.955 89.649 89.589 89.515 89.450 81.395 58.357 0.000 0.000 0.000 0.000 0.000 0.000 0.000 0.000 0.000 47.556 42.537 36.502 34.453 37.390 37.311 53.210 46.076 36.898 37.730 35.579 42.443 42.319 39.206 33.119 36.051 35.994 37.945 51.902 70.863 72.828 75.797
58.341 56.291 56.245 56.208 59.184 29.193 26.153 58.064 62.989 56.927 54.873 61.819 71.763 74.713 0.000 0.000 0.000 0.000 0.000 0.000 0.000 19.895 26.895 28.895 0.000 0.000 0.000 71.726 79.662 89.573 90.564 89.603 96.781 96.587 89.310 90.015 89.877 89.799 89.726 89.659 71.596 53.539 0.000 0.000 0.000 0.000 0.000 0.000 0.000 0.000 0.000 45.729 43.704 43.664 40.613 33.552 35.479 36.384 52.244 51.969 48.766 45.599 38.453 37.316 34.177 35.098 36.039 39.990 59.948 71.910 71.877 72.848 71.822
72.429 71.379 70.335 68.297 65.267 66.243 66.202 63.143 64.083 66.027 65.975 71.921 73.864 31.788 0.000 0.000 0.000 0.000 0.000 0.000 0.000 0.000 0.000 0.000 0.000 10.240 18.160 72.979 89.870 90.779 90.728 89.956 96.962 88.786 90.461 90.149 90.085 90.003 89.931 87.864 69.789 40.664 0.000 0.000 0.000 0.000 0.000 0.000 0.000 0.000 0.000 35.926 39.887 42.837 43.784 42.727 39.667 35.604 29.547 0.000 0.000 0.000 0.000 0.000 38.089 36.056 39.017 59.980 72.946 71.915 72.887 75.863 71.843
68.512 70.462 69.418 71.378 73.343 72.309 71.270 69.222 67.173 67.125 68.077 64.029 63.983 0.000 0.000 0.000 0.000 0.000 0.000 0.000 0.000 0.000 0.000 0.000 0.000 59.320 82.262 81.159 90.065 90.953 91.079 89.181 97.130 90.880 90.486 90.362 90.278 90.201 90.133 86.075 66.034 0.000 0.000 0.000 0.000 0.000 0.000 0.000 0.000 0.000 43.307 38.163 35.079 37.015 41.958 43.906 43.859 44.819 35.792 0.000 0.000 0.000 0.000 0.000 39.034 37.018 52.995 73.968 71.942 71.917 71.894 72.875 71.858
56.589 56.540 57.495 64.455 73.418 79.382 67.344 61.304 56.263 54.221 53.180 59.132 38.058 0.000 0.000 0.000 0.000 0.000 0.000 0.000 0.000 0.000 0.000 0.000 0.000 65.456 81.410 89.333 91.247 91.213 90.343 97.428 97.285 92.899 90.705 90.544 90.467 90.390 90.323 85.269 60.237 0.000 0.000 0.000 0.000 0.000 0.000 0.000 0.000 43.572 38.451 38.339 38.253 37.184 34.128 39.081 43.044 44.019 41.011 0.000 0.000 0.000 0.000 41.984 35.995 39.989 67.975 71.956 71.936 71.916 71.898 71.883 71.870
55.660 55.613 59.569 64.529 66.492 69.457 59.422 55.387 56.352 56.319 58.288 36.263 0.000 0.000 0.000 0.000 0.000 0.000 0.000 0.000 0.000 0.000 0.000 0.000 0.000 51.640 80.587 90.517 91.415 91.544 89.653 97.560 90.448 92.122 90.802 90.736 90.648 90.570 90.500 81.443 54.409 0.000 0.000 0.000 0.000 0.000 0.000 0.000 42.805 38.693 38.586 38.490 38.409 38.342 38.288 35.245 34.216 37.204 44.222 44.307 0.000 0.000 0.000 35.973 36.974 54.969 71.959 70.945 70.930 71.915 71.900 71.888 71.878
55.727 55.681 57.639 58.601 56.565 55.531 56.499 55.469 55.440 55.414 60.390 5.370 0.000 0.000 0.000 0.000 0.000 0.000 0.000 0.000 0.000 0.000 0.000 0.000 3.012 59.876 88.786 91.702 91.671 90.801 97.799 97.684 93.447 91.148 91.002 90.912 90.824 90.741 91.663 71.594 59.546 0.000 0.000 42.424 0.000 42.183 44.138 44.052 38.918 38.809 38.712 38.625 38.550 38.487 38.436 38.397 37.370 34.359 43.367 44.391 37.391 0.000 0.000 43.961 35.959 43.954 49.946 52.936 56.924 62.912 68.901 70.891 70.883
56.790 56.746 56.706 56.669 56.635 55.604 55.575 55.549 55.526 54.507 62.487 13.457 0.000 0.000 0.000 0.000 0.000 0.000 0.000 0.000 0.000 0.000 0.000 0.000 44.148 80.065 90.979 91.869 92.009 90.100 97.903 90.901 92.574 91.258 91.183 91.087 90.996 90.906 91.817 63.724 41.635 0.000 0.000 38.424 0.000 37.228 39.179 39.101 39.005 38.913 38.827 38.749 38.680 38.621 38.573 38.535 36.510 38.496 44.495 41.501 0.000 0.000 0.000 42.950 41.948 40.943 39.936 38.928 37.919 41.909 52.900 48.892 50.886
54.849 54.808 54.769 54.734 54.703 54.674 54.648 55.627 57.610 59.599 34.595 1.601 0.000 0.000 0.000 0.000 0.000 0.000 0.000 2.377 11.369 0.000 0.000 14.509 55.367 86.260 92.157 92.146 91.174 98.084 97.998 93.892 91.598 91.448 91.354 91.259 91.165 91.071 86.975 33.849 0.000 0.000 0.000 38.424 44.404 39.323 39.248 39.169 39.088 39.010 38.934 38.864 38.800 38.745 38.699 38.662 35.637 44.621 44.616 40.616 0.000 0.000 0.000 41.942 40.939 41.934 41.928 41.921 41.913 41.906 40.898 40.892 39.887
55.904 55.865 58.829 62.797 65.767 69.741 71.718 74.700 73.687 65.683 3.694 14.734 38.785 6.810 0.000 0.000 0.000 0.000 0.000 42.385 69.361 9.322 0.000 48.650 81.551 91.443 92.343 92.274 91.497 98.158 90.331 92.017 91.700 91.624 91.526 91.430 91.334 92.239 79.163 0.000 0.000 0.000 0.000 18.445 38.465 39.413 41.321 41.238 39.170 39.104 39.037 38.972 38.912 38.859 38.815 35.779 40.753 43.737 44.730 35.732 0.000 0.000 0.000 25.937 46.932 46.927 43.921 40.915 40.908 41.902 42.896 42.891 41.887
57.956 56.920 63.886 72.856 73.828 72.804 71.783 70.767 67.757 61.754 36.762 53.784 71.812 40.835 24.857 0.872 0.000 0.000 13.455 52.417 66.367 5.284 24.124 65.891 90.744 93.628 92.470 92.682 90.658 98.220 92.317 92.032 91.884 91.791 91.697 91.602 91.502 93.388 37.275 0.000 0.000 0.000 0.000 0.000 34.600 40.542 21.385 21.291 38.252 39.198 39.137 39.075 39.017 38.966 37.922 35.887 44.860 44.843 41.838 35.849 41.895 0.000 0.000 0.000 57.924 72.921 65.915 61.909 57.903 53.898 56.893 56.889 39.885
58.004 57.971 60.941 63.912 62.886 60.863 58.844 56.828 54.818 54.814 63.818 65.829 62.845 59.861 63.875 11.886 0.000 0.000 53.493 83.462 34.407 30.322 64.197 88.045 92.914 92.771 92.890 90.845 98.303 90.724 92.438 92.125 92.053 91.959 91.869 91.780 94.682 51.535 0.000 0.000 0.000 0.000 0.000 0.000 36.793 41.770 0.000 0.000 35.348 39.301 39.238 39.175 39.116 39.065 36.021 43.985 44.958 43.939 34.929 38.930 38.941 0.000 0.000 0.000 25.921 55.917 73.910 72.903 72.898 72.894 72.889 66.886 56.883
58.051 58.021 57.993 56.966 56.941 57.919 57.900 57.885 55.873 56.866 61.865 64.869 60.878 55.887 58.896 13.902 0.000 0.000 45.562 55.531 33.477 66.399 81.298 90.181 93.066 92.999 92.098 98.677 98.443 91.716 92.445 92.303 92.215 92.126 92.041 91.965 94.913 0.000 0.000 10.286 19.286 0.000 0.000 38.106 41.008 39.976 47.016 0.000 35.490 39.419 39.340 39.269 39.209 37.157 39.112 45.076 45.046 37.024 38.010 39.002 38.999 0.000 0.000 0.000 0.000 0.000 55.903 71.897 71.892 71.889 71.885 72.882 72.880
58.097 58.069 58.043 58.018 57.994 57.973 57.954 56.937 55.924 59.913 63.907 63.906 58.909 54.915 59.921 12.924 0.000 0.000 41.661 10.625 57.570 81.499 87.412 93.321 93.173 93.385 91.375 98.887 91.137 92.849 92.537 92.467 92.376 92.289 92.204 99.126 83.092 0.000 6.286 56.286 42.286 0.000 0.000 33.204 41.158 40.110 40.056 45.932 43.704 42.546 39.432 39.354 39.292 36.241 44.196 45.159 41.128 36.103 39.084 39.068 41.055 45.066 0.000 0.000 0.000 0.000 0.000 68.889 71.886 71.883 71.881 72.878 70.877
58.143 58.117 58.092 58.068 58.045 58.024 57.004 55.987 57.971 61.957 64.944 60.938 55.937 54.942 57.948 39.949 26.940 27.894 23.795 24.737 64.680 85.615 91.541 93.434 93.576 91.569 99.253 99.078 92.144 92.858 92.713 92.623 92.534 92.449 97.361 40.241 55.237 25.275 56.285 64.287 0.000 0.000 0.000 32.349 41.310 40.249 40.166 50.037 60.848 34.628 44.491 40.421 37.366 39.318 45.274 44.235 35.203 38.177 39.154 39.131 26.087 27.076 0.000 0.000 0.000 0.000 0.000 49.883 70.881 71.878 71.876 75.874 71.872
58.189 58.164 58.140 58.116 58.094 58.073 56.053 56.035 60.017 66.997 67.976 63.963 58.961 56.967 56.979 58.985 58.978 67.948 8.889 42.849 80.799 87.740 93.673 93.643 92.778 99.565 99.414 92.502 93.283 92.946 92.873 92.778 92.690 92.611 100.551 0.000 38.341 40.303 30.292 32.290 0.000 0.000 0.000 35.533 41.483 40.412 46.321 62.201 39.024 0.000 25.482 38.473 36.435 44.390 45.345 41.306 38.273 39.247 39.227 41.213 0.000 0.000 0.000 0.000 0.000 0.000 41.878 22.879 61.875 71.873 71.871 76.870 71.868
58.235 58.211 58.187 58.164 58.142 57.121 56.101 58.082 65.064 42.041 17.999 16.979 13.976 43.987 61.018 56.033 59.038 40.029 2.005 47.970 85.926 91.879 93.772 94.019 92.045 99.705 92.837 93.614 93.184 93.125 93.021 92.927 92.837 93.753 91.681 13.624 13.483 0.000 0.000 0.000 0.000 0.000 34.906 42.768 40.677 39.594 59.506 63.421 0.000 0.000 0.000 34.554 40.511 45.461 45.413 35.371 39.337 39.310 39.292 42.283 0.000 0.000 0.000 0.000 0.000 0.000 20.878 0.000 49.869 71.868 71.867 77.866 71.864
58.281 58.257 58.233 58.210 57.188 56.167 58.148 61.130 69.115 28.103 0.000 0.000 0.000 0.000 43.073 58.091 59.111 45.127 47.131 73.100 90.065 93.994 94.172 92.197 99.950 99.833 93.819 93.514 93.367 93.265 93.167 93.072 92.979 95.885 80.795 9.709 0.000 0.000 0.000 0.000 0.000 0.000 35.044 41.955 40.865 38.780 66.690 27.555 0.000 0.000 40.789 45.677 45.596 45.529 43.473 38.428 39.392 39.366 39.350 41.342 0.000 45.422 0.000 0.000 0.000 0.000 0.000 0.000 42.864 71.863 71.863 71.862 71.861
58.326 58.302 58.279 58.256 57.234 56.212 60.192 64.175 68.162 26.155 0.000 0.000 0.000 0.000 23.110 66.147 61.187 67.236 80.253 89.238 93.204 94.216 93.370 100.157 100.057 93.155 93.931 93.590 93.509 93.406 93.310 93.217 97.120 60.013 31.904 0.000 0.000 0.000 0.000 0.000 0.000 37.456 42.271 41.143 43.047 39.971 63.918 0.000 0.000 36.036 42.900 58.771 47.667 44.587 40.524 38.475 38.439 39.413 39.397 39.395 44.415 40.422 31.422 0.000 0.000 0.000 38.855 40.856 39.859 71.859 71.859 71.858 71.858
58.370 58.347 58.324 58.301 56.279 58.256 64.235 65.216 63.203 50.199 11.213 0.000 0.000 0.000 0.000 19.201 15.255 55.377 86.406 90.394 94.340 94.514 92.641 100.247 92.466 94.247 93.814 93.751 95.641 94.543 93.451 93.364 99.272 22.142 0.000 0.000 0.000 0.000 0.000 18.950 57.853 57.642 45.442 42.299 53.211 48.141 49.092 10.096 0.000 34.171 39.006 49.838 45.716 49.627 43.560 46.511 45.474 42.448 39.432 38.426 38.429 44.429 0.000 0.000 0.000 0.000 35.855 35.855 45.856 71.856 71.856 71.855 71.855
