results2_8e3_rain/res_3e8f-0074.wd
ncols         241
nrows         181
xllcorner     12693529.787448
yllcorner     3542525.717860
cellsize      155.156523
NODATA_value  -9999.000000
[rows 33 to 65 of 181, columns 73 to 145 of 241]
0.000 0.000 0.000 0.000 0.000 0.000 0.000 0.000 0.000 0.000 0.000 0.000 0.000 0.000 0.000 0.000 0.000 0.000 0.000 0.000 0.000 0.000 0.000 0.000 0.000 0.000 0.000 0.000 0.000 0.000 0.000 0.000 0.000 0.000 0.000 0.000 0.000 0.000 0.000 35.169 58.169 63.171 19.172 0.000 0.000 28.229 42.250 9.234 0.239 32.264 35.271 29.267 30.251 31.222 31.179 31.123 31.056 29.979 35.892 55.779 2.426 9.358 6.875 42.210 58.727 63.287 61.875 62.506 61.072 63.188 58.269 57.837 57.832
0.000 0.000 0.000 0.000 0.000 0.000 0.000 0.000 0.000 0.000 0.000 0.000 0.000 0.000 0.000 0.000 0.000 0.000 0.000 0.000 0.000 0.000 0.000 0.000 0.000 0.000 0.000 0.000 0.000 0.000 0.000 0.000 0.000 0.000 0.000 0.000 0.000 0.000 0.000 0.000 10.170 5.170 0.000 0.000 0.000 0.000 24.318 0.000 0.000 22.292 46.320 45.321 35.306 31.275 31.226 31.159 31.076 29.985 51.898 49.839 0.000 32.407 45.057 58.571 63.104 62.661 62.259 61.793 62.879 58.919 58.167 58.418 60.737
0.000 0.000 0.000 0.000 0.000 0.000 0.000 0.000 0.000 0.000 0.000 0.000 0.000 0.000 0.000 0.000 0.000 0.000 30.466 62.466 15.466 0.000 0.000 0.000 0.000 0.000 0.000 0.000 0.000 0.000 0.000 0.000 0.000 0.000 0.000 0.000 0.000 0.000 0.000 0.000 0.000 0.000 0.000 0.000 0.000 0.000 16.387 0.000 0.000 0.000 24.397 42.392 42.377 33.345 31.290 31.210 29.106 44.986 53.877 0.000 18.250 42.806 57.374 63.913 63.453 63.024 62.527 64.581 60.585 58.628 59.014 61.351 60.609
0.000 0.000 0.000 0.000 0.000 0.000 0.000 0.000 0.000 0.000 0.000 17.466 55.466 0.000 0.000 0.000 0.000 0.000 37.466 88.466 44.466 0.000 0.000 0.000 0.000 0.000 0.000 0.000 0.000 0.000 0.000 0.000 0.000 0.000 0.000 0.000 0.000 0.000 0.000 0.000 0.000 0.000 0.000 0.000 0.000 0.000 19.455 20.487 27.502 13.503 23.478 31.473 44.465 35.437 31.379 28.284 39.151 48.975 37.748 13.309 42.694 60.192 64.721 64.251 63.801 63.276 63.297 62.269 59.205 59.630 61.972 61.229 61.010
0.000 0.000 0.000 0.000 0.000 0.000 0.000 0.000 0.000 0.000 0.000 38.466 73.466 62.466 49.466 4.466 0.000 22.466 76.466 84.466 49.466 0.000 0.000 0.000 0.000 18.503 0.000 0.000 0.000 0.000 0.000 0.000 0.000 0.000 0.000 0.000 0.000 2.510 0.000 0.000 0.000 6.511 24.511 0.000 0.000 35.499 50.491 53.503 51.517 37.529 31.540 30.558 44.573 35.561 27.505 41.397 55.241 43.015 30.829 45.487 50.025 62.547 65.065 64.597 64.046 64.032 61.977 59.899 60.272 62.610 61.863 61.639 61.321
0.000 0.000 0.000 0.000 0.000 0.000 0.000 0.000 0.000 0.000 0.000 9.466 71.466 54.467 35.467 0.000 18.467 68.467 79.466 86.466 45.466 0.000 0.000 0.000 0.000 56.503 40.503 0.000 0.000 0.000 0.000 0.000 0.000 0.000 0.000 0.000 19.510 31.510 33.510 0.000 0.000 15.511 40.511 19.511 33.510 56.507 59.508 60.517 57.533 44.558 31.593 28.645 45.708 36.727 40.684 58.558 52.400 0.000 29.068 47.784 60.371 65.902 65.423 64.849 64.797 62.718 60.726 60.948 63.275 62.522 62.288 61.960 61.647
0.000 0.000 0.000 0.000 0.000 0.000 0.000 0.000 0.000 0.000 0.000 0.000 0.000 22.467 60.467 56.467 44.467 57.467 77.467 88.466 41.466 0.000 0.000 0.000 0.000 18.503 42.503 44.504 0.000 0.000 0.000 0.000 0.000 0.000 0.000 0.000 35.510 36.510 48.510 31.511 20.511 34.511 35.512 31.512 38.512 45.512 43.516 36.524 55.541 21.576 37.630 40.721 30.887 42.955 55.947 52.753 0.000 4.007 40.591 57.209 65.776 66.284 65.705 65.610 62.513 61.731 61.674 63.978 63.217 62.971 62.627 62.296 61.964
0.000 0.000 0.000 0.000 0.000 0.000 0.000 0.000 0.000 0.000 0.000 0.000 0.000 12.467 79.467 74.468 64.468 54.468 78.468 86.466 81.465 66.462 21.461 0.000 0.000 0.000 0.000 52.504 36.504 34.504 45.504 40.505 3.505 0.000 0.000 0.000 35.510 34.510 55.510 61.511 50.511 42.512 34.512 31.513 32.513 33.515 32.518 30.523 38.529 0.000 0.000 0.096 36.164 59.260 57.395 0.000 2.875 40.424 54.077 63.697 67.207 66.736 67.482 63.397 62.998 62.472 64.733 63.960 63.697 63.336 62.985 62.628 62.272
0.000 0.000 0.000 0.000 0.000 0.000 0.000 0.000 0.000 0.000 0.000 0.000 0.000 0.000 12.468 51.468 26.469 62.469 81.469 86.467 84.465 82.462 71.459 30.457 0.000 0.000 0.000 8.504 47.504 47.504 60.504 58.505 51.505 46.505 0.000 0.000 2.510 39.510 58.510 65.511 57.511 41.512 30.512 31.513 31.514 31.516 31.518 31.521 35.524 0.000 0.000 0.000 6.346 43.528 12.977 10.300 45.193 49.914 61.617 68.193 68.015 66.217 64.503 64.670 63.379 65.563 64.766 64.477 64.094 63.722 63.344 62.962 62.571
0.000 0.000 0.000 0.000 0.000 0.000 0.000 0.000 0.000 0.000 0.000 0.000 0.000 0.000 0.000 0.000 83.471 83.471 85.471 85.469 84.465 78.461 72.457 43.455 0.000 0.000 0.000 0.000 0.000 15.504 60.505 54.505 69.505 66.506 45.506 24.508 25.509 34.510 56.510 65.511 56.511 39.512 29.513 34.514 33.515 31.516 31.518 31.520 32.521 24.521 0.000 0.000 0.000 0.000 4.685 47.729 50.633 58.449 69.140 69.225 67.562 69.367 66.978 64.457 66.500 65.655 65.323 64.909 64.511 64.110 63.707 63.303 61.884
0.000 0.000 0.000 0.000 0.000 0.000 18.270 41.269 0.000 19.233 59.225 48.215 52.207 27.202 0.000 0.000 19.474 91.474 85.475 82.472 79.467 82.460 73.454 36.450 0.000 0.000 0.000 0.000 0.000 0.000 0.000 4.505 58.505 59.506 10.506 0.000 1.510 38.510 56.510 61.511 51.511 42.512 40.513 2.514 9.515 37.517 31.518 31.519 32.520 38.520 46.520 8.520 0.000 0.000 20.350 53.298 57.175 67.961 70.153 69.773 73.097 71.638 65.873 67.591 66.648 66.247 65.788 65.356 64.927 64.499 64.072 63.659 69.325
0.000 0.000 0.000 0.000 0.000 0.000 18.271 61.268 3.258 53.241 55.227 67.214 50.204 35.197 0.000 0.000 7.475 76.477 88.482 85.478 85.470 86.459 80.448 34.442 0.000 0.000 0.000 0.000 0.000 0.000 0.000 0.000 0.000 43.506 2.506 0.000 0.000 44.510 41.510 53.511 10.511 0.000 0.000 0.000 0.000 3.517 41.518 35.518 0.000 28.520 62.520 45.520 0.000 0.000 25.075 58.908 67.798 70.902 70.647 74.859 74.119 67.301 68.772 67.732 67.243 66.726 66.254 65.795 65.342 64.887 64.422 63.938 68.431
16.526 60.524 50.522 0.000 0.000 0.000 12.273 72.277 48.264 50.246 56.227 80.211 81.197 76.186 30.175 0.000 0.000 0.000 36.497 90.489 85.475 86.457 83.439 42.426 0.000 0.000 0.000 0.000 0.000 0.000 0.000 0.000 0.000 1.505 0.000 0.000 0.000 0.000 0.000 0.000 0.000 0.000 0.000 0.000 0.000 0.000 0.000 16.518 13.518 0.000 0.000 0.000 0.000 14.462 51.882 68.829 70.494 71.416 75.774 75.399 68.367 69.850 68.808 68.266 67.701 67.189 66.702 66.229 65.761 65.286 64.790 64.240 66.546
16.527 72.524 54.520 50.516 0.000 0.000 0.000 64.300 66.277 66.251 78.226 75.205 87.188 86.174 47.164 0.000 0.000 0.000 12.520 92.507 85.484 86.455 83.425 43.399 0.000 0.000 4.050 52.019 63.985 32.962 0.000 0.000 0.000 0.000 0.000 0.000 0.000 0.000 0.000 0.000 0.000 0.000 0.000 0.000 0.000 0.000 0.000 0.000 1.518 0.000 0.000 0.000 12.424 52.930 69.886 70.461 76.663 76.151 69.690 70.218 70.665 69.784 69.244 68.666 68.132 67.623 67.135 66.658 66.185 65.706 65.211 71.685 12.116
80.528 77.525 56.519 57.512 49.502 0.000 54.387 49.347 57.293 70.254 74.220 85.197 86.175 85.157 54.144 0.000 0.000 0.000 11.557 91.534 85.499 86.455 81.405 61.346 45.252 46.166 46.081 54.023 74.974 41.940 0.000 0.000 0.000 0.000 0.000 0.000 0.000 0.000 0.000 0.000 0.000 0.000 0.000 0.000 0.000 0.000 0.000 0.000 0.000 0.000 10.524 41.298 50.801 69.782 71.368 78.049 77.441 70.255 71.939 71.234 70.643 70.129 69.577 69.047 68.534 68.038 67.557 67.085 66.615 66.143 72.664 18.174 0.000
77.531 72.527 70.521 53.510 57.492 57.463 48.428 41.407 0.000 0.000 16.203 75.187 86.160 84.137 69.110 36.071 0.000 0.000 60.616 81.575 86.521 85.461 86.397 76.326 52.245 49.164 48.085 57.016 74.950 57.882 43.787 44.713 48.658 59.623 23.610 0.000 0.000 0.000 0.000 0.000 0.000 0.000 0.000 0.000 0.000 0.000 0.000 0.000 0.000 0.000 21.728 61.563 69.504 72.147 78.939 78.540 71.002 72.635 71.821 71.409 70.921 70.415 69.909 69.408 68.918 68.439 67.970 67.508 67.048 72.588 19.126 0.000 0.000
66.536 18.533 86.527 57.516 51.492 52.470 54.454 54.446 43.456 0.000 0.000 0.000 20.140 91.120 81.087 59.033 50.944 57.843 56.716 58.630 66.550 67.472 54.394 51.317 49.238 49.159 48.081 57.005 71.929 50.851 47.768 52.694 68.637 71.603 56.596 30.596 0.000 0.000 0.000 0.000 0.000 0.000 0.000 0.000 0.000 0.000 0.000 0.000 0.000 12.583 54.420 70.022 72.856 79.495 79.257 71.719 73.331 72.516 72.123 71.655 71.186 70.710 70.233 69.759 69.291 68.831 68.377 67.928 73.481 19.034 0.000 0.000 0.000
12.542 85.541 86.538 72.534 0.000 0.000 59.473 55.467 66.465 57.465 0.000 0.000 0.000 79.118 76.084 61.030 51.957 48.870 48.773 51.679 64.578 72.481 75.390 68.310 58.232 51.154 50.075 65.993 68.910 43.825 47.738 47.658 48.592 52.556 31.576 0.000 0.000 0.000 2.271 0.000 0.000 0.000 0.000 0.000 0.000 0.000 0.000 15.826 47.493 55.341 68.847 80.151 79.758 72.808 73.387 73.927 73.210 72.815 72.359 71.913 71.461 71.007 70.553 70.103 69.657 69.216 69.779 76.346 19.913 0.000 0.000 0.000 0.000
90.549 86.551 86.550 86.547 73.543 56.526 56.499 56.483 47.474 0.000 13.224 20.224 72.197 69.148 72.102 65.047 65.982 65.908 65.827 68.736 63.600 63.486 65.376 69.299 70.226 68.151 64.070 74.984 72.894 60.799 61.703 61.607 63.519 38.452 0.000 0.000 0.000 0.000 3.271 0.000 0.000 0.000 0.000 0.000 0.000 2.732 50.474 51.049 72.063 72.616 81.268 80.770 75.315 75.012 74.380 73.888 73.483 73.041 72.608 72.173 71.738 71.303 70.871 70.442 70.018 70.597 74.179 6.762 0.000 0.000 0.000 0.000 0.000
89.556 85.562 85.565 86.563 83.554 61.537 55.514 56.492 57.473 49.455 0.000 64.250 61.220 62.176 63.128 58.075 62.016 66.953 74.891 59.840 0.000 0.000 10.330 68.284 64.223 64.153 64.071 63.980 63.881 63.777 63.666 63.550 61.424 56.281 29.089 0.000 4.816 48.590 55.271 66.926 36.648 0.000 0.000 0.000 0.000 51.915 62.705 74.629 75.263 82.023 81.681 75.990 75.645 74.889 74.537 74.124 73.701 73.279 72.856 72.435 72.014 71.597 71.184 70.778 71.375 73.976 21.577 0.000 0.000 0.000 0.000 0.000 0.000
75.563 75.577 75.586 86.585 86.574 76.554 52.527 55.500 56.472 56.437 62.381 71.307 55.256 52.209 50.160 57.108 72.054 70.998 55.943 35.891 0.000 0.000 0.000 0.000 53.230 48.166 48.081 47.983 47.875 48.759 51.636 52.501 52.347 51.158 51.898 50.491 50.041 58.684 65.297 62.858 69.370 66.753 61.202 58.673 61.047 72.613 76.104 75.889 82.517 82.303 76.651 76.284 75.514 75.166 74.749 74.339 73.927 73.515 73.104 72.695 72.287 71.885 71.493 72.109 72.730 11.353 0.000 0.000 0.000 0.000 0.000 0.000 0.000
0.000 41.597 53.617 81.618 85.604 66.577 49.541 48.507 56.476 56.442 55.397 49.342 50.289 56.243 73.195 72.145 55.093 48.042 37.993 0.000 57.662 66.610 62.529 63.427 66.300 69.202 68.103 68.996 71.877 70.750 67.617 69.472 64.306 50.106 53.854 52.533 57.175 74.808 81.375 77.839 71.223 65.683 67.201 73.655 78.500 76.908 83.123 82.763 76.670 78.267 76.834 76.154 75.793 75.374 74.967 74.558 74.152 73.749 73.350 72.953 72.555 73.163 70.793 66.436 18.083 0.000 0.000 0.000 0.000 0.000 0.000 0.000 0.000
0.000 0.000 46.666 65.665 76.646 51.609 43.554 50.512 48.484 55.458 56.424 56.375 49.314 66.278 58.234 47.183 50.130 42.086 0.000 66.789 69.714 69.638 71.551 72.452 75.342 79.238 78.135 78.020 77.886 79.747 80.611 78.465 66.299 52.106 53.878 53.612 53.318 55.998 29.556 1.929 90.995 132.578 110.125 76.067 77.588 84.139 83.681 77.137 79.852 77.252 76.791 76.414 75.999 75.592 75.182 74.775 74.373 73.981 73.595 73.211 74.818 69.420 58.080 12.758 0.000 0.000 0.000 0.000 0.000 0.000 0.000 0.000 27.103
0.000 0.000 1.750 22.731 57.708 39.658 0.000 45.502 50.491 50.481 56.467 45.421 0.000 50.320 48.279 50.222 51.158 61.086 74.989 71.864 73.767 79.678 89.586 133.487 130.377 130.275 130.176 130.066 130.898 114.742 46.614 49.476 47.320 55.141 53.941 50.719 48.485 30.312 0.000 0.000 0.000 57.385 74.473 79.101 84.850 84.524 76.759 78.445 77.728 77.408 77.022 76.621 76.217 75.808 75.397 74.986 74.586 74.205 74.840 73.478 65.086 53.618 11.349 0.000 0.000 0.000 0.000 0.000 0.000 0.000 0.000 18.245 39.178
72.973 20.942 9.876 72.801 50.795 0.000 0.000 0.000 44.499 57.507 49.541 0.000 2.481 58.405 49.339 60.270 73.195 73.112 78.016 80.911 73.813 59.720 50.628 46.532 44.406 47.308 48.230 35.170 0.000 51.709 48.627 47.507 51.362 55.198 52.025 43.839 50.592 31.452 0.000 0.000 52.720 69.746 79.503 85.344 85.124 77.363 79.036 78.317 78.008 77.623 77.237 76.841 76.438 76.028 75.610 75.185 74.781 75.412 71.081 59.775 16.431 0.000 0.000 0.000 0.000 0.000 0.000 0.000 0.000 0.000 0.000 36.312 35.256
82.990 90.976 78.957 0.000 7.877 2.014 0.000 0.000 0.000 0.000 53.650 51.638 59.557 56.479 56.402 56.324 73.240 87.150 76.053 55.952 53.854 48.760 50.674 41.606 0.000 53.322 50.266 39.213 0.000 52.759 47.678 48.563 55.423 53.264 51.122 33.020 0.000 0.000 49.326 47.202 63.999 79.926 85.616 78.323 78.884 79.531 78.913 78.604 78.226 77.851 77.464 77.068 76.665 76.257 75.830 76.363 75.941 65.582 50.296 13.111 0.000 0.000 0.000 0.000 0.000 0.000 0.000 0.000 11.701 10.655 25.568 37.436 25.348
73.015 77.017 67.017 0.000 0.000 67.129 60.151 54.148 0.000 5.864 71.771 68.706 55.630 56.551 56.469 57.383 78.291 130.194 123.093 69.990 124.890 45.793 49.702 49.614 51.514 49.393 49.299 49.202 51.066 46.889 46.765 55.644 54.501 51.315 46.179 35.099 0.000 0.000 51.449 58.318 80.340 79.237 85.984 79.376 79.955 79.493 79.190 78.829 78.465 78.087 77.700 77.302 76.898 76.504 78.090 73.497 55.039 41.677 43.411 9.261 0.000 0.000 0.000 0.000 0.000 0.000 0.000 0.000 20.748 25.695 39.615 33.518 23.430
69.042 64.060 8.077 0.000 0.000 50.188 59.178 56.144 74.071 67.956 72.865 80.786 71.707 56.625 56.539 56.447 55.348 49.244 44.135 49.027 45.922 49.821 49.726 49.633 49.537 49.435 49.336 49.231 48.107 52.965 54.849 55.747 39.624 0.000 39.179 0.000 0.000 0.000 55.676 77.611 81.631 87.024 86.541 79.479 80.122 79.752 79.425 79.077 78.713 78.334 77.945 77.541 77.123 75.771 37.530 0.000 0.000 0.000 0.000 0.000 0.000 0.000 0.000 17.156 12.143 11.109 10.051 13.967 22.848 38.762 32.678 23.590 33.506
61.067 52.102 57.155 2.258 55.288 51.259 50.227 68.180 61.112 77.027 85.945 65.866 51.788 49.705 52.615 55.518 56.411 56.297 49.178 48.060 48.948 48.845 49.748 49.656 49.565 54.473 51.380 48.281 49.164 52.016 55.917 44.872 0.000 0.000 0.000 0.000 11.426 131.303 75.004 82.029 80.010 87.448 79.324 81.830 83.302 80.016 79.686 79.340 78.975 78.592 79.207 75.793 63.281 53.927 11.728 0.000 0.000 0.000 0.000 0.000 0.000 0.000 19.175 19.170 19.163 20.133 20.078 21.004 34.913 34.828 18.744 21.660 23.578
36.082 37.128 31.199 55.315 51.347 50.331 61.293 65.237 76.169 83.095 49.021 47.947 48.872 50.790 49.700 46.597 54.482 55.355 56.219 55.087 48.968 47.862 46.766 47.677 53.594 112.512 80.432 60.346 43.255 0.000 57.934 65.950 0.000 0.000 0.000 0.000 55.551 66.452 83.333 81.371 88.188 87.832 80.424 80.942 81.596 80.291 79.966 79.622 79.255 79.853 78.497 31.145 0.000 0.000 0.000 0.000 0.000 0.000 0.000 0.000 0.000 0.000 26.181 22.186 19.208 20.180 18.126 30.055 36.975 20.893 21.811 29.729 27.649
0.000 0.000 0.000 48.455 51.453 53.427 74.377 85.307 99.233 81.162 10.096 67.031 66.962 50.885 50.796 49.690 47.566 50.421 56.256 54.101 54.974 56.868 54.776 52.694 48.620 43.552 48.488 43.417 0.000 0.000 0.000 52.046 44.070 0.000 0.000 0.000 65.776 82.656 82.735 80.753 88.512 80.173 82.661 84.155 80.886 80.583 80.266 79.927 79.569 77.068 31.782 0.000 0.000 0.000 0.000 0.000 0.000 0.000 0.000 0.000 0.000 25.827 0.000 0.000 27.302 17.255 28.190 40.117 28.038 22.958 27.877 31.797 24.718
0.000 0.000 0.000 46.597 52.583 68.547 79.481 127.381 121.292 123.225 129.170 125.119 126.061 50.992 50.907 49.802 49.670 48.508 43.283 53.086 54.959 55.861 53.776 55.703 55.640 56.587 49.551 0.000 0.000 0.000 0.000 53.118 38.094 0.000 0.000 57.296 79.085 83.018 82.003 89.103 88.816 81.241 81.776 82.455 81.181 80.893 80.585 81.254 56.024 0.000 0.000 0.000 0.000 0.000 0.000 0.000 0.000 0.000 38.022 26.978 16.911 20.828 20.727 21.604 21.444 24.347 37.264 34.184 29.104 30.024 27.944 25.864 21.786
12.696 0.000 0.000 47.754 64.735 72.696 78.619 49.444 48.332 47.274 44.242 45.212 45.172 51.115 51.040 66.939 66.806 42.657 0.000 40.001 52.917 54.840 52.765 54.702 54.649 55.606 51.577 0.000 0.000 0.000 51.309 36.213 0.000 0.000 58.652 67.501 84.344 83.238 82.412 89.371 80.940 83.456 85.981 81.747 81.488 81.224 79.928 67.478 26.251 0.000 0.000 0.000 0.000 0.000 24.252 19.233 19.197 19.142 23.066 35.001 37.929 23.845 18.749 20.641 22.524 37.424 36.336 22.252 31.170 32.089 31.009 23.931 19.853
