results2_8e3_rain/res_3e8f-0142.wd
ncols         241
nrows         181
xllcorner     12693529.787448
yllcorner     3542525.717860
cellsize      155.156523
NODATA_value  -9999.000000
[rows 66 to 98 of 181, columns 73 to 145 of 241]
70.790 34.779 0.000 59.918 76.897 75.867 75.840 0.000 47.245 47.229 60.242 56.253 55.233 55.188 54.120 130.023 117.853 0.000 0.000 0.000 50.604 45.543 50.452 53.392 53.342 55.296 56.253 61.203 62.158 63.108 54.059 0.000 0.000 51.340 101.340 83.253 87.113 87.198 85.249 93.170 85.655 86.133 86.870 85.641 85.418 86.212 56.056 0.000 0.000 0.000 0.000 0.000 0.000 0.000 39.739 37.716 37.678 37.627 37.565 37.501 41.432 54.359 51.286 36.212 47.137 56.063 34.992 37.923 43.854 48.786 44.720 38.655 36.591
55.792 61.767 0.000 48.138 72.102 71.074 65.078 18.163 0.000 0.000 53.321 66.400 55.400 54.369 55.326 36.285 0.000 0.000 0.000 0.000 0.000 0.000 61.387 59.362 57.331 40.292 43.248 50.199 51.162 56.129 47.094 0.000 0.000 0.000 61.579 79.487 86.422 86.513 93.599 93.392 85.728 86.415 86.125 85.913 85.701 80.512 38.379 0.000 2.567 35.567 0.000 0.000 0.000 45.816 40.782 37.749 37.708 37.658 37.601 37.539 37.472 37.403 44.331 58.259 59.187 42.115 36.045 36.976 37.909 41.842 40.776 36.712 36.649
57.800 56.732 61.595 59.393 73.300 66.251 67.234 64.248 0.000 0.000 0.000 68.625 63.598 58.563 60.530 7.506 0.000 0.000 0.000 0.000 0.000 0.000 60.348 56.338 47.327 0.000 0.000 48.181 60.164 59.150 0.000 0.000 7.282 64.163 55.911 59.733 66.810 81.869 93.792 85.470 87.024 86.587 86.396 86.177 83.962 66.757 45.568 51.567 49.567 30.567 0.000 0.000 0.000 3.850 54.824 36.789 37.747 41.698 49.642 39.581 37.516 36.448 40.378 55.307 62.236 54.166 40.097 35.029 36.962 36.896 36.832 36.768 35.705
57.841 55.765 59.660 70.540 64.453 57.395 76.360 65.347 17.364 0.000 11.023 60.878 76.804 71.756 71.723 74.705 0.000 0.000 0.000 0.000 6.303 6.307 58.319 49.317 52.311 0.000 0.000 0.000 96.163 123.157 38.156 0.000 63.400 58.298 58.138 58.045 54.127 94.148 93.975 86.518 90.122 86.867 86.657 86.441 78.213 30.985 0.000 53.567 31.567 0.000 0.000 0.000 42.950 41.909 40.875 36.838 40.794 52.744 57.688 55.627 48.562 38.495 47.425 55.355 34.285 40.215 53.147 50.080 46.015 53.950 34.887 36.823 34.760
55.898 61.826 71.742 63.653 55.577 55.515 68.464 76.416 72.382 75.309 77.169 72.058 66.983 68.933 57.901 56.885 0.000 0.000 0.000 7.296 63.298 62.300 50.302 52.299 53.289 57.270 56.258 0.000 7.170 1.158 0.113 9.783 69.621 62.493 57.332 58.423 56.468 94.305 56.137 63.726 78.320 86.139 86.924 84.716 43.465 0.000 0.000 0.000 0.000 0.000 0.000 44.016 37.991 37.963 37.930 38.892 48.848 57.796 56.739 56.677 52.612 48.544 58.474 41.403 36.333 37.264 37.196 47.130 60.066 47.003 34.941 35.879 41.816
61.965 72.899 62.828 55.754 56.687 56.625 58.565 42.473 68.437 66.375 58.287 55.203 54.138 70.093 72.063 59.049 0.000 0.000 0.000 63.294 59.294 56.293 49.292 53.287 53.278 53.263 53.245 12.216 15.182 16.149 18.089 85.945 82.811 71.681 70.636 59.633 94.583 94.450 58.191 64.839 59.613 66.416 85.187 60.035 0.000 0.000 0.000 0.000 0.000 0.000 0.000 44.040 38.037 38.020 37.991 38.953 47.908 57.855 56.796 55.732 52.664 57.594 51.523 35.451 37.380 37.311 37.244 47.179 55.116 34.056 36.996 39.936 58.872
73.039 62.979 55.915 56.850 56.789 57.736 38.696 0.000 25.519 53.469 56.399 56.329 56.275 54.236 78.211 62.199 0.000 0.000 0.000 40.291 57.289 51.288 52.285 53.280 53.272 53.260 53.244 64.222 4.192 8.172 25.174 78.095 87.990 9.877 91.799 81.990 94.700 56.764 70.407 67.050 56.920 53.723 50.371 35.203 0.000 0.000 39.584 0.000 0.000 0.000 0.000 40.068 38.096 38.088 38.061 38.023 38.975 44.919 52.857 52.790 52.719 56.646 34.572 37.499 37.426 36.356 42.289 59.225 42.164 36.107 39.052 19.996 20.919
63.118 56.062 57.002 56.942 56.885 59.832 15.787 13.753 6.652 51.581 56.511 58.440 56.395 55.365 73.346 69.337 0.000 0.000 0.000 0.000 48.285 51.283 53.280 53.276 53.269 53.260 55.249 41.235 0.000 0.000 75.340 78.272 89.180 95.049 89.152 87.189 94.799 77.814 80.516 65.357 58.262 51.187 0.000 0.000 0.000 0.000 37.584 0.000 0.000 0.000 0.000 0.000 41.191 38.175 38.144 38.102 38.050 37.990 37.923 44.852 52.776 40.699 37.621 37.545 37.470 40.399 53.331 53.268 35.209 37.156 40.110 7.077 0.000
56.202 57.148 57.091 57.033 56.975 56.920 60.869 61.819 61.754 57.692 57.626 37.523 54.502 55.483 71.470 70.466 0.000 0.000 0.000 0.000 47.281 53.280 53.278 53.274 53.269 53.263 41.256 0.000 0.000 3.708 80.574 86.477 89.375 89.321 88.398 94.933 87.296 90.013 84.701 69.642 59.582 58.578 58.713 0.000 0.000 0.000 34.584 41.585 34.584 0.000 0.000 0.000 56.303 37.276 38.238 38.190 38.133 39.068 37.995 37.917 37.835 37.752 37.669 37.589 36.511 42.438 57.370 34.306 37.249 37.198 39.155 14.126 0.000
57.290 57.236 57.180 57.122 57.063 57.005 56.950 56.900 56.852 56.809 60.776 0.000 47.608 56.595 72.585 67.590 3.636 0.000 0.000 0.000 52.279 55.278 55.276 55.273 53.270 56.268 0.000 0.000 0.000 72.843 78.770 89.684 89.565 89.672 87.720 95.140 88.430 93.073 88.964 89.898 77.848 65.829 54.849 49.849 51.849 0.000 0.000 40.585 35.584 41.579 42.565 40.529 46.441 56.390 38.342 39.288 48.225 55.153 37.073 37.986 37.896 37.805 37.716 36.629 41.548 60.472 54.403 43.339 36.282 37.231 39.186 54.146 72.102
57.381 57.327 57.271 57.212 57.150 57.086 57.028 59.978 57.946 56.917 60.894 0.000 47.728 56.705 73.684 65.675 5.681 0.000 0.000 0.000 25.278 35.277 34.275 34.273 55.271 40.269 0.000 0.000 0.000 75.050 84.983 89.894 89.852 88.956 95.769 95.472 89.495 90.338 89.195 89.139 90.084 81.040 46.004 0.000 0.000 0.000 0.000 38.587 38.588 35.589 37.588 38.580 37.544 44.501 58.452 41.394 39.325 49.246 37.157 38.059 37.958 37.857 37.759 37.666 45.579 58.501 45.430 57.366 35.309 36.258 41.212 62.169 74.124
57.474 57.421 57.366 57.306 57.239 60.161 62.097 34.037 55.038 58.017 59.990 19.966 50.869 55.813 67.772 65.745 6.733 0.000 0.000 0.000 0.000 0.000 1.274 1.273 36.272 0.000 0.000 0.000 23.491 73.323 90.217 90.098 90.215 88.300 96.038 88.080 93.786 89.481 89.436 89.369 89.309 79.244 40.124 0.000 0.000 0.000 0.000 0.000 41.594 42.600 29.616 37.662 38.652 38.618 42.571 58.511 41.437 38.350 38.249 38.136 38.019 37.905 35.797 41.695 60.603 41.521 40.449 54.386 38.331 36.281 43.236 69.194 74.151
57.570 57.517 57.464 57.407 59.339 35.224 37.160 0.000 17.151 53.122 57.084 61.038 56.971 59.907 64.844 69.801 8.772 0.000 0.000 0.000 0.000 2.273 54.273 61.273 0.000 0.000 0.000 6.777 82.659 84.539 90.433 90.389 89.508 96.524 96.290 89.141 89.856 89.728 89.659 89.595 88.541 68.502 0.000 0.000 0.000 0.000 0.000 0.000 0.000 33.599 0.000 44.798 41.783 37.750 37.702 39.640 56.563 45.468 37.352 38.216 38.079 36.949 41.827 43.716 42.616 39.532 37.460 37.399 37.347 38.300 51.257 73.218 74.180
57.665 57.614 57.565 57.520 62.486 0.484 0.000 23.386 15.294 49.236 58.185 56.131 58.070 70.000 41.896 35.844 0.810 0.000 0.000 0.000 0.000 52.273 58.273 60.273 0.000 0.000 0.000 69.896 74.827 88.739 90.623 90.753 88.849 96.740 88.639 90.316 90.010 89.951 89.877 89.813 81.758 58.720 0.000 0.000 0.000 0.000 0.000 0.000 0.000 0.000 0.000 48.951 43.932 37.897 35.848 38.786 38.708 54.608 47.475 38.298 39.132 36.983 43.849 43.726 40.614 34.529 37.461 37.405 39.356 53.314 72.276 74.241 77.210
58.758 56.707 56.662 56.623 59.599 29.604 26.566 58.478 63.403 57.342 55.288 62.233 72.177 75.127 0.000 0.000 0.000 0.000 0.000 0.000 0.000 20.273 27.273 29.273 0.000 0.000 0.000 72.084 80.019 89.931 90.922 89.961 97.138 96.945 89.670 90.375 90.237 90.160 90.087 90.020 71.957 53.901 0.000 0.000 0.000 0.000 0.000 0.000 0.000 0.000 0.000 47.122 45.097 45.058 42.007 34.947 36.874 37.780 53.641 53.369 50.168 47.003 39.858 38.723 35.587 36.508 37.450 41.402 61.360 73.323 73.290 74.261 73.236
72.847 71.796 70.751 68.713 65.682 66.657 66.616 63.558 64.498 66.443 66.390 72.337 74.279 32.203 0.000 0.000 0.000 0.000 0.000 0.000 0.000 0.000 0.000 0.000 0.000 10.596 18.516 73.336 90.227 91.136 91.086 90.313 97.318 89.144 90.820 90.508 90.444 90.363 90.292 88.224 70.150 41.026 0.000 0.000 0.000 0.000 0.000 0.000 0.000 0.000 0.000 37.317 41.278 44.229 45.177 44.120 41.061 36.998 30.941 0.000 0.000 0.000 0.000 0.000 39.501 37.468 40.430 61.393 74.360 73.329 74.302 77.278 73.258
68.929 70.879 69.835 71.795 73.759 72.725 71.685 69.638 67.589 67.541 68.494 64.445 64.400 0.000 0.000 0.000 0.000 0.000 0.000 0.000 0.000 0.000 0.000 0.000 0.000 59.675 82.618 81.515 90.421 91.309 91.436 89.538 97.485 91.238 90.844 90.720 90.637 90.560 90.492 86.435 66.394 0.000 0.000 0.000 0.000 0.000 0.000 0.000 0.000 0.000 44.695 39.552 36.469 38.405 43.349 45.298 45.251 46.211 37.185 0.000 0.000 0.000 0.000 0.000 40.447 38.432 54.408 75.382 73.356 73.332 73.309 74.290 73.274
57.007 56.958 57.913 64.872 73.835 79.798 67.760 61.720 56.679 54.639 53.598 59.551 38.475 0.000 0.000 0.000 0.000 0.000 0.000 0.000 0.000 0.000 0.000 0.000 0.000 65.811 81.765 89.689 91.602 91.569 90.698 97.782 97.640 93.255 91.062 90.902 90.825 90.748 90.682 85.628 60.596 0.000 0.000 0.000 0.000 0.000 0.000 0.000 0.000 44.957 39.838 39.727 39.641 38.573 35.517 40.471 44.434 45.410 42.402 0.000 0.000 0.000 0.000 43.399 37.410 41.404 69.389 73.371 73.351 73.332 73.314 73.299 73.286
56.079 56.031 59.987 64.947 66.909 69.873 59.838 55.803 56.769 56.737 58.707 36.684 0.000 0.000 0.000 0.000 0.000 0.000 0.000 0.000 0.000 0.000 0.000 0.000 0.000 51.994 80.942 90.871 91.769 91.898 90.007 97.913 90.803 92.478 91.158 91.093 91.006 90.927 90.857 81.801 54.767 0.000 0.000 0.000 0.000 0.000 0.000 0.000 44.189 40.077 39.972 39.876 39.796 39.730 39.676 36.634 35.605 38.593 45.611 45.695 0.000 0.000 0.000 37.389 38.390 56.385 73.375 72.361 72.346 73.331 73.317 73.305 73.295
56.147 56.100 58.058 59.018 56.982 55.948 56.916 55.886 55.858 55.832 60.811 5.795 0.000 0.000 0.000 0.000 0.000 0.000 0.000 0.000 0.000 0.000 0.000 0.000 3.365 60.229 89.140 92.056 92.025 91.155 98.152 98.037 93.801 91.503 91.358 91.268 91.181 91.098 92.020 71.951 59.903 0.000 0.000 43.801 0.000 43.563 45.518 45.433 40.300 40.192 40.096 40.010 39.936 39.874 39.823 39.784 38.758 35.747 44.755 45.779 38.779 0.000 0.000 45.377 37.376 45.371 51.363 54.353 58.341 64.329 70.318 72.308 72.301
57.210 57.166 57.125 57.087 57.053 56.021 55.992 55.966 55.943 54.924 62.908 13.891 0.000 0.000 0.000 0.000 0.000 0.000 0.000 0.000 0.000 0.000 0.000 0.000 44.501 80.418 91.332 92.222 92.362 90.453 98.255 91.254 92.928 91.613 91.538 91.442 91.351 91.262 92.173 64.081 41.992 0.000 0.000 39.801 0.000 38.607 40.558 40.481 40.386 40.295 40.210 40.133 40.065 40.007 39.959 39.922 37.896 39.883 45.882 42.887 0.000 0.000 0.000 44.367 43.365 42.361 41.354 40.346 39.336 43.327 54.318 50.311 52.304
55.270 55.228 55.189 55.153 55.121 55.091 55.065 56.042 58.025 60.013 35.008 2.013 0.000 0.000 0.000 0.000 0.000 0.000 0.000 2.735 11.727 0.000 0.000 14.862 55.720 86.613 92.510 92.499 91.526 98.435 98.350 94.245 91.951 91.802 91.708 91.614 91.520 91.427 87.331 34.206 0.000 0.000 0.000 39.801 45.781 40.701 40.627 40.548 40.469 40.391 40.316 40.247 40.184 40.129 40.083 40.048 37.022 46.007 46.001 42.002 0.000 0.000 0.000 43.359 42.357 43.352 43.346 43.340 43.332 43.325 42.317 42.311 41.306
56.326 56.286 59.250 63.216 66.185 70.158 72.134 75.114 74.100 66.094 4.099 15.127 39.181 7.206 0.000 0.000 0.000 0.000 0.000 42.743 69.719 9.679 0.000 49.003 81.904 91.796 92.695 92.626 91.849 98.509 90.683 92.369 92.052 91.977 91.879 91.784 91.688 92.594 79.518 0.000 0.000 0.000 0.000 19.821 39.842 40.790 42.699 42.617 40.550 40.484 40.418 40.354 40.295 40.242 40.198 37.163 42.138 45.122 46.115 37.116 0.000 0.000 0.000 27.355 48.350 48.346 45.340 42.334 42.328 43.322 44.316 44.311 43.307
58.378 57.342 64.307 73.276 74.247 73.221 72.199 71.181 68.168 62.163 37.167 54.183 72.210 41.232 25.254 1.266 0.000 0.000 13.814 52.776 66.725 5.640 24.479 66.245 91.096 93.981 92.821 93.033 91.009 98.571 92.669 92.384 92.236 92.144 92.050 91.955 91.855 93.742 37.630 0.000 0.000 0.000 0.000 0.000 35.975 41.917 22.762 22.670 39.631 40.578 40.517 40.456 40.399 40.348 39.305 37.270 46.244 46.227 43.222 37.232 43.278 0.000 0.000 0.000 59.343 74.340 67.335 63.329 59.324 55.318 58.314 58.310 41.306
58.428 58.394 61.363 64.333 63.306 61.281 59.260 57.243 55.230 55.222 64.222 66.230 63.243 60.256 64.269 12.278 0.000 0.000 53.853 83.821 34.765 30.678 64.552 88.399 93.266 93.122 93.241 91.195 98.654 91.074 92.789 92.476 92.405 92.311 92.221 92.132 95.035 51.888 0.000 0.000 0.000 0.000 0.000 0.000 38.165 43.143 0.000 0.000 36.725 40.679 40.617 40.554 40.497 40.446 37.403 45.367 46.340 45.321 36.312 40.313 40.324 0.000 0.000 0.000 27.340 57.337 75.330 74.324 74.319 74.315 74.311 68.308 58.305
58.476 58.445 58.416 57.388 57.362 58.338 58.317 58.299 56.285 57.275 62.270 65.271 61.276 56.282 59.289 14.293 0.000 0.000 45.923 55.891 33.835 66.755 81.652 90.534 93.418 93.350 92.448 99.027 98.794 92.065 92.795 92.653 92.565 92.477 92.392 92.316 95.265 0.000 0.000 10.637 19.637 0.000 0.000 39.475 42.378 41.346 48.385 0.000 36.866 40.796 40.717 40.648 40.588 38.537 40.493 46.457 46.428 38.406 39.392 40.384 40.382 0.000 0.000 0.000 0.000 0.000 57.324 73.318 73.314 73.311 73.308 74.305 74.303
58.523 58.495 58.467 58.441 58.416 58.393 58.371 57.353 56.336 60.323 64.312 64.307 59.306 55.309 60.311 13.312 0.000 0.000 42.024 10.986 57.929 81.856 87.767 93.674 93.524 93.735 91.724 99.235 91.485 93.197 92.886 92.817 92.725 92.639 92.555 99.477 83.443 0.000 6.636 56.637 42.637 0.000 0.000 34.572 42.526 41.478 41.425 47.303 45.077 43.921 40.809 40.731 40.671 37.620 45.576 46.539 42.509 37.484 40.465 40.449 42.437 46.447 0.000 0.000 0.000 0.000 0.000 70.311 73.309 73.307 73.304 74.302 72.300
58.570 58.544 58.518 58.492 58.468 58.445 57.423 56.403 58.384 62.367 65.350 61.339 56.334 55.334 58.336 40.333 27.318 28.267 24.164 25.101 65.040 85.971 91.895 93.786 93.926 91.917 99.599 99.425 92.492 93.206 93.061 92.972 92.884 92.798 97.711 40.592 55.588 25.625 56.635 64.637 0.000 0.000 0.000 33.715 42.676 41.616 41.533 51.406 62.220 36.003 45.867 41.798 38.744 40.696 46.653 45.615 36.584 39.558 40.535 40.512 27.469 28.458 0.000 0.000 0.000 0.000 0.000 51.306 72.304 73.302 73.301 77.299 73.297
58.619 58.593 58.567 58.542 58.518 58.496 56.474 56.453 60.432 67.409 68.382 64.365 59.357 57.358 57.365 59.365 59.353 68.320 9.264 43.213 81.158 88.095 94.026 93.993 93.126 99.910 99.759 92.848 93.630 93.293 93.220 93.126 93.039 92.960 100.900 0.000 38.691 40.653 30.643 32.640 0.000 0.000 0.000 36.897 42.847 41.776 47.687 63.568 40.394 0.000 26.858 39.849 37.812 45.767 46.724 42.685 39.653 40.627 40.607 42.594 0.000 0.000 0.000 0.000 0.000 0.000 43.303 24.303 63.300 73.298 73.297 78.295 73.294
58.667 58.641 58.616 58.592 58.568 57.545 56.524 58.503 65.482 42.455 18.406 17.381 14.371 44.376 61.400 56.410 59.410 40.397 2.369 48.330 86.282 92.232 94.123 94.367 92.392 100.048 93.182 93.960 93.530 93.472 93.368 93.275 93.185 94.102 92.030 13.973 13.832 0.000 0.000 0.000 0.000 0.000 36.266 44.129 42.039 40.956 60.869 64.785 0.000 0.000 0.000 35.929 41.887 46.838 46.790 36.749 40.716 40.690 40.672 43.663 0.000 0.000 0.000 0.000 0.000 0.000 22.303 0.000 51.295 73.294 73.293 79.292 73.291
58.715 58.689 58.665 58.640 57.617 56.594 58.573 61.553 69.536 28.523 0.000 0.000 0.000 0.000 43.449 58.464 59.479 45.489 47.482 73.454 90.417 94.345 94.520 92.543 100.292 100.176 94.163 93.859 93.712 93.611 93.514 93.419 93.326 96.233 81.143 10.058 0.000 0.000 0.000 0.000 0.000 0.000 36.403 43.315 42.225 40.139 68.050 28.917 0.000 0.000 42.160 47.050 46.971 46.905 44.850 39.806 40.771 40.745 40.729 42.722 0.000 46.802 0.000 0.000 0.000 0.000 0.000 0.000 44.291 73.290 73.290 73.289 73.288
58.761 58.737 58.712 58.688 57.665 56.642 60.620 64.601 68.587 26.579 0.000 0.000 0.000 0.000 23.483 66.518 61.554 67.598 80.608 89.591 93.555 94.564 93.716 100.498 100.399 93.497 94.275 93.934 93.853 93.751 93.656 93.563 97.467 60.360 32.252 0.000 0.000 0.000 0.000 0.000 0.000 38.808 43.629 42.502 44.405 41.328 65.273 0.000 0.000 37.402 44.269 60.142 49.041 45.962 41.901 39.853 39.817 40.792 40.777 40.775 45.795 41.802 32.802 0.000 0.000 0.000 40.284 42.285 41.287 73.287 73.287 73.286 73.286
58.808 58.784 58.760 58.736 56.712 58.688 64.665 65.645 63.631 50.626 11.641 0.000 0.000 0.000 0.000 19.569 15.621 55.740 86.761 90.745 94.688 94.860 92.985 100.588 92.808 94.588 94.156 94.094 95.985 94.888 93.796 93.710 99.619 22.490 0.000 0.000 0.000 0.000 0.000 20.276 59.186 58.988 46.802 43.659 54.566 49.493 50.442 11.444 0.000 35.535 40.373 51.209 47.089 51.002 44.937 47.888 46.853 43.827 40.812 39.806 39.808 45.809 0.000 0.000 0.000 0.000 37.283 37.284 47.284 73.284 73.284 73.284 73.283
