results2_8e3_rain/res_3e8f-0077.wd
ncols         241
nrows         181
xllcorner     12693529.787448
yllcorner     3542525.717860
cellsize      155.156523
NODATA_value  -9999.000000
[rows 99 to 131 of 181, columns 73 to 145 of 241]
54.624 54.612 54.601 53.592 53.585 58.578 61.573 58.567 54.563 54.562 48.561 4.562 0.000 0.000 0.000 0.000 0.000 10.612 68.756 93.794 91.833 91.024 97.759 97.684 90.785 91.477 91.318 91.203 92.093 91.989 90.893 94.811 53.753 0.000 0.000 0.000 0.000 0.000 0.000 17.095 42.998 54.801 22.460 4.259 34.180 37.101 35.011 38.890 35.620 33.177 2.662 27.296 31.157 46.049 51.972 54.916 52.874 47.845 40.825 35.814 30.808 8.801 0.000 0.000 0.000 0.000 2.664 20.663 32.662 56.662 57.661 57.661 57.660
54.635 54.624 53.613 51.605 55.597 60.590 61.583 61.572 55.566 52.563 57.562 57.562 18.562 0.000 13.942 43.912 20.864 0.553 57.081 96.996 92.268 92.301 97.823 90.115 91.897 91.545 91.451 91.334 91.221 91.115 93.020 91.940 27.886 0.000 0.000 0.000 0.000 0.000 0.000 21.315 27.246 38.168 0.000 0.000 29.344 37.285 36.188 40.038 39.795 10.486 0.000 22.215 36.133 41.028 61.965 62.919 62.884 63.859 64.841 62.830 43.825 0.000 0.000 0.000 0.000 0.000 0.000 19.661 32.658 56.657 57.656 57.655 57.655
54.645 53.634 53.625 56.616 59.609 60.603 35.599 0.000 28.564 64.563 37.563 11.562 3.562 0.000 24.971 74.931 71.845 63.678 82.395 93.501 90.474 97.910 91.412 92.213 91.774 91.702 91.579 91.461 91.343 92.231 90.131 78.044 24.965 0.000 0.000 0.000 0.000 0.000 24.783 31.605 29.504 30.457 3.526 0.000 35.566 53.510 46.416 41.278 16.037 0.000 0.000 5.214 0.000 34.966 59.940 63.911 61.886 61.865 61.850 63.840 36.836 30.838 30.838 36.838 0.000 0.000 0.000 0.000 31.653 56.652 57.652 57.651 57.650
53.653 52.644 57.635 60.627 60.620 60.614 25.610 0.000 0.000 7.563 0.000 0.000 0.000 0.000 18.041 80.996 86.909 94.780 94.668 91.754 98.281 98.052 91.390 92.096 91.942 91.826 91.709 91.588 91.461 97.333 47.230 15.139 0.000 0.000 0.000 0.000 0.000 16.111 33.961 29.818 29.707 28.630 34.596 0.443 28.845 54.771 53.690 51.623 0.000 0.000 0.000 0.000 0.000 32.930 61.918 65.901 62.883 61.867 59.854 48.846 29.841 25.840 26.839 10.838 0.000 0.000 0.000 0.000 27.649 56.648 57.647 57.646 53.645
52.661 58.653 60.645 60.637 58.629 64.622 34.619 0.000 0.000 0.000 0.000 0.000 0.000 0.000 29.156 87.101 90.023 93.868 93.064 93.046 98.486 90.796 92.496 92.166 92.075 91.959 91.843 95.720 101.579 56.410 25.318 0.287 0.000 0.000 0.000 0.000 17.382 40.262 34.132 27.000 31.876 35.761 32.642 30.467 44.185 48.040 37.950 45.901 0.000 0.000 0.000 0.000 0.000 38.907 62.901 67.891 66.878 62.865 57.855 26.847 24.843 25.841 32.840 0.000 0.000 0.000 0.000 21.645 25.645 54.644 57.643 57.642 51.641
59.669 60.662 60.654 59.646 37.639 3.628 22.623 24.623 0.000 0.000 0.000 0.000 0.000 20.445 73.326 87.240 90.127 92.262 93.243 98.846 98.674 91.783 92.481 92.315 92.205 92.093 95.983 57.871 17.725 0.000 35.316 21.315 0.000 0.000 0.000 0.000 25.502 59.422 50.306 45.174 40.036 40.896 38.746 39.575 52.389 46.254 30.169 32.129 0.000 0.000 0.000 0.000 0.000 38.890 66.887 31.884 29.874 61.861 64.852 34.847 25.843 30.842 0.840 0.000 0.000 0.000 0.000 0.000 21.643 39.641 55.640 58.639 51.638
60.677 60.671 56.665 60.656 42.650 0.000 13.622 43.622 0.000 0.000 0.000 0.000 10.664 72.564 86.464 92.375 92.330 92.453 99.154 99.005 91.132 92.900 92.544 92.451 92.335 92.226 96.127 68.054 0.086 0.000 5.316 8.316 0.000 0.000 0.000 0.000 12.702 44.619 49.496 59.353 55.200 43.040 45.871 54.700 49.541 37.418 29.342 30.319 4.380 5.395 0.000 0.000 0.000 36.877 70.875 0.000 0.000 10.852 57.848 47.844 28.841 7.841 0.000 0.000 0.000 0.000 0.000 0.000 0.000 18.638 44.637 54.636 47.635
58.686 55.682 54.676 70.663 49.657 0.000 12.622 40.622 0.000 0.000 0.000 4.843 68.765 81.681 91.600 94.468 93.696 91.709 99.291 90.459 92.226 88.779 90.701 92.576 92.460 93.348 87.244 77.164 25.163 0.000 0.000 0.000 0.000 0.000 0.000 0.577 34.984 39.858 39.705 41.543 50.373 53.191 55.998 49.815 36.656 30.537 29.461 28.426 32.425 17.410 0.000 0.000 0.000 25.865 62.862 28.853 17.849 9.847 52.843 58.840 38.838 0.000 0.000 0.000 0.000 0.000 0.000 0.000 0.000 13.635 37.634 42.633 29.633
52.696 61.696 57.696 0.000 0.000 0.000 3.622 3.622 0.000 0.000 0.000 5.920 84.871 86.804 94.703 93.854 92.858 99.533 99.417 92.425 92.107 91.943 91.821 90.701 91.582 93.463 50.338 1.260 0.000 0.000 0.000 0.000 0.000 4.304 21.105 35.790 46.373 43.123 41.924 38.741 39.557 42.354 54.116 54.904 46.732 35.614 28.539 28.500 30.486 0.000 0.000 0.000 0.000 10.856 52.853 30.849 26.847 26.844 58.838 61.835 44.832 7.829 0.000 40.822 0.000 0.000 0.000 0.000 0.000 16.633 40.632 35.631 21.631
53.705 63.710 50.715 0.000 0.000 0.000 0.622 12.622 0.000 0.000 0.000 72.048 81.997 93.928 93.908 93.034 99.740 99.640 91.754 93.521 93.167 93.068 92.945 92.824 94.703 44.583 0.000 0.000 0.000 0.000 0.000 0.000 19.782 36.504 49.222 44.913 43.594 43.337 43.126 43.940 41.761 40.553 14.208 32.955 57.753 39.647 27.583 30.547 28.533 16.541 0.000 0.000 0.000 11.851 44.846 22.844 0.000 0.000 14.831 51.830 40.828 49.825 56.823 15.822 0.000 0.000 0.000 0.000 0.000 0.000 31.629 29.629 22.629
51.713 55.724 54.739 30.760 0.000 0.000 0.000 0.000 0.000 0.000 25.347 85.225 92.142 94.043 94.184 92.287 99.831 92.057 93.831 93.389 93.315 93.189 94.068 94.947 56.825 0.000 0.000 0.000 0.000 0.000 0.000 39.429 50.061 45.706 44.367 44.046 43.753 43.507 43.303 43.134 42.993 51.890 0.000 0.000 25.679 34.638 26.599 35.573 35.558 17.550 0.000 0.000 0.000 0.000 28.838 65.835 33.830 0.000 7.826 52.825 46.824 37.822 37.821 0.000 0.000 0.000 0.000 0.000 0.000 0.000 10.627 21.627 22.627
63.716 1.733 57.759 55.781 44.808 3.829 0.000 0.000 0.000 16.575 75.469 89.365 95.276 94.235 93.367 99.985 99.912 93.011 93.703 93.545 93.429 94.313 96.192 57.069 0.000 0.000 0.000 0.000 0.000 26.662 37.349 48.798 45.325 44.892 41.495 41.152 40.866 41.633 43.447 43.299 46.188 23.123 0.000 0.000 5.646 30.626 29.604 47.587 43.578 0.000 0.000 0.000 0.000 0.000 12.832 57.829 69.826 26.823 52.822 66.822 58.821 34.819 27.818 0.000 0.000 0.000 0.000 0.000 0.000 0.000 16.625 22.625 26.625
45.712 0.000 59.783 49.795 56.816 48.850 9.905 0.590 9.766 76.681 85.587 95.502 94.353 94.590 92.592 100.048 92.314 94.100 93.753 93.663 94.549 95.443 49.317 0.000 0.000 0.000 0.000 0.000 39.323 49.976 47.588 46.089 47.551 47.042 52.570 57.200 51.925 44.715 38.551 42.426 48.338 6.291 0.000 0.000 1.632 33.617 34.604 56.594 44.588 0.000 0.000 0.000 0.000 0.000 0.825 52.823 61.822 66.820 62.819 62.819 66.818 50.817 29.815 30.812 0.000 0.000 0.000 0.000 0.000 18.623 23.623 21.623 26.623
0.000 0.000 27.795 78.801 41.809 0.000 0.000 14.937 74.871 79.793 93.715 94.577 94.817 92.713 100.135 92.583 94.387 93.956 93.893 94.775 91.664 46.591 0.000 0.000 0.000 0.000 0.000 41.999 49.670 47.330 46.936 50.421 24.746 3.155 5.545 22.153 47.920 49.749 50.617 42.517 43.448 4.412 0.000 0.000 0.000 14.609 32.602 39.596 38.592 0.000 0.000 0.000 0.000 0.000 0.820 43.819 56.818 61.817 62.816 63.816 59.815 55.814 40.813 28.810 32.808 38.807 0.000 0.000 0.000 0.000 21.622 22.622 24.621
0.000 0.000 4.801 79.806 66.811 0.000 0.000 22.039 82.985 90.916 94.814 95.962 95.955 100.472 100.266 93.539 94.249 94.104 94.000 88.892 78.740 29.666 0.000 0.000 0.000 30.862 39.678 51.328 48.030 47.738 51.406 28.913 0.000 0.000 0.000 7.948 45.852 42.746 46.652 52.577 52.525 30.498 0.000 0.000 0.000 0.000 34.598 28.595 35.594 0.000 0.000 0.000 0.000 0.000 5.816 30.815 47.815 61.814 56.814 49.813 51.814 12.813 37.811 46.808 39.807 35.806 0.000 0.000 0.000 0.000 0.000 16.620 21.620
0.000 0.000 0.000 7.812 56.818 0.233 10.300 76.196 88.118 95.043 95.009 95.142 100.844 100.663 92.840 94.631 94.292 94.215 87.120 53.049 0.000 0.000 0.000 3.366 49.261 43.046 50.844 48.606 48.383 49.185 27.036 0.000 0.000 0.000 0.000 6.839 48.794 42.731 42.668 44.614 48.576 50.557 2.559 0.000 0.000 0.000 15.596 34.595 9.594 0.000 0.000 0.000 0.000 0.000 0.000 26.812 37.812 44.811 36.811 33.811 0.000 0.000 0.000 30.806 34.805 43.804 0.000 0.000 0.000 0.000 0.000 10.619 21.619
0.000 0.000 0.000 0.000 0.000 10.485 79.407 84.324 95.253 95.131 96.368 96.398 101.013 93.151 94.923 94.485 94.419 84.312 73.220 37.134 0.000 0.000 0.000 43.472 65.372 50.216 42.046 49.870 47.710 50.585 20.517 0.000 0.000 0.000 2.762 37.776 44.755 43.717 43.675 40.637 36.609 38.594 0.576 0.000 0.000 0.000 0.000 41.593 0.000 0.000 0.000 0.000 0.000 0.000 0.000 28.809 27.809 26.809 24.808 30.808 0.000 0.000 0.000 5.804 28.803 46.802 0.000 0.000 0.000 0.000 0.000 0.000 14.618
0.000 0.000 0.000 0.000 0.000 82.574 81.519 95.451 95.355 96.511 96.539 101.320 101.171 94.108 95.787 93.624 79.502 68.403 42.311 0.000 0.000 0.000 37.839 55.676 55.541 62.399 50.255 40.117 46.002 55.928 58.931 22.089 0.000 0.000 1.749 49.747 43.732 43.706 42.677 38.650 32.630 33.619 0.000 0.000 0.000 0.000 0.000 14.592 22.591 0.000 0.000 0.000 0.000 0.000 6.807 30.807 24.807 25.806 25.806 27.805 10.804 0.000 0.000 0.000 15.801 36.800 14.798 0.000 0.000 0.000 0.000 0.000 9.617
0.000 0.000 0.000 0.000 21.810 82.718 94.645 95.575 96.547 98.695 101.599 101.462 93.427 95.184 91.830 80.724 69.570 41.487 0.000 0.000 0.000 40.151 61.001 46.854 38.717 52.584 64.458 52.343 55.252 56.196 43.191 49.246 28.317 0.000 9.738 41.733 37.720 44.700 39.678 31.656 30.641 34.633 0.000 0.000 0.000 0.000 0.000 1.591 41.591 0.000 0.000 0.000 0.000 0.000 0.000 12.806 27.805 25.804 25.804 25.803 33.802 0.000 0.000 0.000 0.000 17.798 28.797 34.796 0.000 0.000 0.000 0.000 0.000
0.000 0.000 0.000 0.000 64.902 90.840 96.777 95.660 95.900 93.949 101.729 93.719 95.477 90.040 78.967 53.841 0.000 0.000 0.000 0.000 40.434 61.300 48.161 37.022 36.889 38.764 49.648 64.547 55.467 40.413 48.389 50.389 24.389 0.000 6.732 66.726 53.714 42.697 36.677 32.657 29.645 30.639 24.639 0.000 0.000 0.000 0.000 0.000 20.591 0.000 0.000 0.000 0.000 0.000 0.000 0.000 29.803 25.802 25.802 25.802 27.801 11.800 0.000 0.000 0.000 0.000 25.795 28.795 0.000 0.000 0.000 0.000 0.000
0.000 0.000 0.000 68.163 65.054 70.975 85.878 97.034 94.074 101.971 101.853 94.653 90.334 79.182 58.072 0.000 0.000 22.384 0.000 0.000 65.568 48.456 37.321 38.184 37.054 39.933 53.824 62.730 63.655 47.600 43.564 54.532 28.460 0.000 0.000 0.000 10.714 0.000 0.000 2.650 33.644 40.640 41.638 27.637 0.000 0.000 0.000 0.000 0.000 0.000 0.000 0.000 0.000 0.000 0.000 0.000 29.801 28.801 31.801 26.801 23.800 32.800 0.000 0.000 0.000 5.793 39.794 44.794 0.000 0.000 0.000 0.000 0.000
0.000 0.000 7.365 69.272 66.180 67.098 77.066 93.215 102.196 102.084 93.939 90.699 78.366 52.286 0.000 0.000 39.445 38.384 20.264 4.080 53.813 37.636 38.483 37.341 38.210 53.091 58.985 22.895 13.822 65.769 51.734 29.714 0.000 0.000 0.000 0.000 0.000 0.000 0.000 0.000 51.640 45.639 42.637 38.637 0.000 0.000 0.000 0.000 0.000 0.000 0.000 0.000 0.000 0.000 0.000 17.798 26.799 1.800 0.000 1.800 26.799 30.799 0.000 0.000 0.000 7.793 43.793 12.794 0.000 0.000 0.000 0.000 0.000
0.000 82.536 70.459 67.378 65.301 66.176 67.411 71.463 102.302 93.182 88.940 78.527 52.481 0.000 0.000 0.000 43.506 41.444 61.327 45.164 37.968 38.792 37.633 40.487 60.354 57.235 38.130 34.042 38.972 66.920 63.889 27.877 0.000 0.000 0.000 0.000 0.000 0.000 0.000 0.000 58.638 58.637 53.636 44.636 0.000 0.000 0.000 0.000 0.000 0.000 0.000 0.000 0.000 0.000 0.000 29.797 31.798 0.000 0.000 0.000 29.798 30.798 0.000 0.000 0.000 0.000 14.793 0.000 0.000 0.000 0.000 0.000 0.000
0.000 80.613 94.557 86.487 71.389 72.540 64.579 102.504 102.405 72.057 76.736 52.634 0.000 0.000 0.000 0.000 45.630 58.560 56.438 38.280 38.104 37.931 48.769 60.620 49.485 38.364 38.259 38.171 39.102 48.052 66.025 62.029 23.087 0.000 0.000 0.000 0.000 0.000 0.000 0.000 44.637 46.636 58.635 59.635 15.634 0.000 0.000 0.000 0.000 0.000 0.000 0.000 0.000 0.000 21.796 31.797 8.797 0.000 0.000 0.000 30.798 28.798 0.000 0.000 0.000 0.000 0.000 0.000 0.000 0.000 0.000 0.000 0.000
16.841 93.746 96.670 96.597 91.565 81.713 102.697 102.601 64.180 58.971 0.000 0.000 0.000 0.000 0.000 0.000 56.823 61.727 37.584 39.415 39.236 51.060 59.893 41.740 38.602 38.479 38.372 38.283 38.212 38.161 47.131 67.125 60.146 34.180 25.193 29.197 0.000 0.000 0.000 0.000 0.000 24.635 64.634 64.634 25.633 0.000 0.000 0.000 0.000 0.000 0.000 0.000 0.000 0.000 10.796 9.796 0.000 0.000 0.000 0.000 10.797 37.797 0.000 0.000 0.000 0.000 0.000 0.000 0.000 0.000 0.000 0.000 0.000
86.937 96.857 96.788 96.668 100.904 91.954 102.791 64.228 66.887 61.666 0.000 0.000 0.000 0.000 0.000 50.318 62.113 38.941 39.756 39.562 47.366 60.178 38.004 38.846 38.703 38.577 38.467 38.376 38.303 38.248 38.212 42.195 43.193 38.200 39.204 46.200 28.200 0.000 0.000 0.000 0.000 0.000 19.634 55.633 18.633 0.000 0.000 0.000 0.000 0.000 0.000 0.000 0.000 0.000 0.000 0.000 0.000 0.000 0.000 0.000 0.000 0.000 0.000 0.000 0.000 0.000 0.000 0.000 0.000 0.000 0.000 0.000 0.000
93.035 92.968 96.873 98.028 95.067 102.975 102.883 68.800 53.123 0.000 0.000 0.000 0.000 0.000 0.000 67.523 44.371 40.166 39.939 41.709 62.488 42.283 39.099 38.935 38.789 38.658 38.545 38.450 38.375 38.318 38.276 37.248 36.232 39.225 21.221 0.000 0.000 0.000 0.000 0.000 0.000 0.000 0.000 48.632 36.632 3.631 0.000 0.000 0.000 0.000 0.000 0.000 0.000 0.000 0.000 0.000 0.000 0.000 0.000 0.000 0.000 0.000 0.000 0.000 0.000 0.000 0.000 0.000 0.000 0.000 0.000 0.000 0.000
72.147 72.077 76.049 72.199 103.156 103.066 80.405 61.424 52.080 0.000 0.000 0.000 0.000 0.000 0.000 42.881 38.680 38.414 37.126 49.848 42.593 36.367 37.174 37.008 36.859 36.722 37.603 38.506 38.430 38.371 37.326 35.290 37.262 37.245 34.236 24.235 27.233 29.230 28.228 30.226 1.225 0.000 0.000 0.000 45.631 17.631 0.000 0.000 0.000 0.000 0.000 0.000 0.000 0.000 0.000 0.000 0.000 0.000 0.000 0.000 0.000 0.000 0.000 0.000 0.000 0.000 0.000 0.000 0.000 0.000 0.000 0.000 0.000
87.263 109.146 74.387 104.439 103.245 63.067 53.606 0.000 66.972 25.127 0.000 0.000 0.000 0.000 86.915 65.440 36.055 43.685 54.303 52.964 48.671 46.419 46.224 46.063 44.916 38.768 34.639 38.542 38.468 38.412 37.367 37.326 41.281 41.256 42.243 52.237 52.233 48.230 41.227 40.225 19.224 0.000 0.000 0.000 4.631 10.631 0.000 0.000 0.000 0.000 0.000 0.000 0.000 0.000 0.000 0.000 0.000 0.000 0.000 0.000 0.000 0.000 0.000 0.000 0.000 0.000 0.000 0.000 0.000 0.000 0.000 0.000 0.000
135.346 113.938 111.978 103.410 103.329 91.171 0.000 33.686 61.686 135.284 110.804 0.000 34.513 23.951 85.389 44.910 42.413 113.969 104.436 100.035 99.706 98.413 97.240 96.105 94.975 65.796 32.645 38.553 38.489 38.441 38.403 30.364 0.000 0.000 0.000 0.000 0.000 0.000 5.226 57.224 36.223 7.222 0.000 0.000 0.000 0.000 0.000 0.000 0.000 0.000 0.000 0.000 0.000 0.000 0.000 0.000 0.000 0.000 0.000 0.000 0.000 0.000 0.000 0.000 0.000 0.000 0.000 0.000 0.000 0.000 0.000 0.000 0.000
93.518 113.100 103.558 103.485 87.743 0.000 0.000 0.000 4.804 56.520 44.323 0.000 16.075 0.000 44.781 41.399 50.719 106.344 0.000 0.000 0.000 42.287 51.217 112.141 25.083 0.000 42.591 38.538 38.494 39.461 21.441 0.000 0.000 0.000 0.000 0.000 0.000 0.000 0.000 10.223 57.222 13.221 0.000 0.000 0.000 0.000 0.000 0.000 0.000 0.000 0.000 0.000 0.000 0.000 0.000 0.000 0.000 0.000 0.000 0.000 0.000 0.000 0.000 0.000 0.000 0.000 0.000 0.000 0.000 0.000 0.000 0.000 0.000
114.278 112.327 103.627 112.242 114.087 34.375 0.000 12.206 39.206 48.668 25.646 2.273 37.638 83.231 81.555 74.186 0.000 25.344 0.000 3.231 25.231 53.232 98.201 61.161 26.132 0.000 0.000 44.513 38.488 39.469 20.458 0.000 0.000 0.000 0.000 0.000 0.000 0.000 0.000 0.000 4.220 43.219 8.218 0.000 0.000 0.000 0.000 0.000 0.000 0.000 0.000 0.000 0.000 0.000 0.000 0.000 0.000 0.000 0.000 0.000 0.000 0.000 0.000 0.000 0.000 0.000 0.000 0.000 0.000 0.000 0.000 0.000 0.000
112.415 103.750 103.690 92.752 35.516 0.000 0.000 0.000 0.808 26.299 0.000 0.000 30.909 74.500 128.023 63.604 0.000 0.000 0.000 0.000 0.000 67.208 102.193 32.172 29.152 0.000 0.000 0.000 43.476 37.469 35.464 33.465 21.464 0.000 0.000 0.000 0.000 0.000 0.000 0.000 0.000 57.218 15.217 0.000 0.000 0.000 0.000 0.000 0.000 0.000 0.000 0.000 0.000 0.000 0.000 0.000 0.000 0.000 0.000 0.000 0.000 0.000 0.000 0.000 0.000 0.000 0.000 0.000 0.000 0.000 0.000 0.000 0.000
