results2_8e3_rain/res_3e8f-0161.wd
ncols         241
nrows         181
xllcorner     12693529.787448
yllcorner     3542525.717860
cellsize      155.156523
NODATA_value  -9999.000000
[rows 66 to 98 of 181, columns 73 to 145 of 241]
71.370 35.358 0.000 60.495 77.473 76.443 76.415 0.000 47.815 47.799 60.813 56.823 55.804 55.758 54.690 130.591 118.419 0.000 0.000 0.000 51.151 46.089 50.995 53.933 53.882 55.834 56.788 61.733 62.683 63.634 54.595 0.000 0.000 51.880 101.880 83.793 87.656 87.744 85.796 93.716 86.205 86.684 87.423 86.195 85.972 86.768 56.612 0.000 0.000 0.000 0.000 0.000 0.000 0.000 41.749 39.725 39.686 39.633 39.569 39.502 43.431 56.356 53.281 38.208 49.136 58.066 36.996 39.926 45.857 50.789 46.721 40.655 38.590
56.372 62.346 0.207 48.718 72.681 71.652 65.656 18.742 0.000 0.000 53.892 66.972 55.972 54.941 55.897 36.856 0.000 0.000 0.000 0.000 0.000 0.000 61.928 59.902 57.869 40.828 43.782 50.728 51.690 56.656 47.626 0.000 0.000 0.000 62.120 80.028 86.965 87.057 94.143 93.937 86.277 86.965 86.676 86.465 86.254 81.066 38.933 0.000 3.121 36.121 0.000 0.000 0.000 47.829 42.794 39.760 39.718 39.666 39.607 39.543 39.475 39.403 46.331 60.260 61.189 44.119 38.049 38.981 39.913 43.846 42.779 38.714 38.649
58.382 57.313 62.177 59.974 73.880 66.830 67.814 64.828 0.000 0.000 0.000 69.199 64.172 59.137 61.103 8.079 0.000 0.000 0.000 0.000 0.000 0.000 60.887 56.877 47.865 0.000 0.000 48.709 60.690 59.675 0.000 0.000 7.824 64.705 56.452 60.275 67.352 82.412 94.335 86.016 87.571 87.135 86.945 86.728 84.514 67.309 46.121 52.121 50.121 31.121 0.000 0.000 0.000 5.864 56.837 38.802 39.758 43.708 51.650 41.588 39.521 38.452 42.382 57.311 64.241 56.171 42.102 37.035 38.968 38.902 38.836 38.771 37.707
58.424 56.347 60.243 71.122 65.034 57.976 76.941 65.928 17.945 0.000 11.601 61.454 77.380 72.331 72.298 75.280 0.000 0.000 0.000 0.000 6.840 6.845 58.857 49.855 52.849 0.000 0.000 0.000 96.688 123.679 38.671 0.000 63.943 58.840 58.679 58.586 54.668 94.688 94.517 87.063 90.668 87.414 87.205 86.990 78.764 31.537 0.000 54.121 32.121 0.000 0.000 0.000 44.967 43.925 42.890 38.852 42.807 54.756 59.699 57.637 50.571 40.502 49.432 57.362 36.292 42.223 55.154 52.087 48.022 55.957 36.893 38.829 36.764
56.482 62.410 72.325 64.236 56.160 56.098 69.046 76.998 72.963 75.889 77.749 72.637 67.561 69.510 58.478 57.461 0.000 0.000 0.000 7.833 63.835 62.838 50.840 52.836 53.826 57.806 56.793 0.000 7.694 1.681 0.623 10.334 70.165 63.034 57.873 58.964 57.009 94.845 56.679 64.269 78.865 86.685 87.471 85.264 44.014 0.000 0.000 0.000 0.000 0.000 0.000 46.034 40.009 39.980 39.947 40.908 50.862 59.810 58.752 58.689 54.623 50.554 60.483 43.413 38.342 39.273 39.205 49.139 62.075 49.012 36.949 37.886 43.822
62.550 73.484 63.412 56.338 57.270 57.209 59.147 43.055 69.019 66.957 58.867 55.783 54.717 70.671 72.642 59.627 0.000 0.000 0.000 63.831 59.831 56.830 49.829 53.824 53.814 53.799 53.780 12.749 15.712 16.681 18.625 86.486 83.352 72.221 71.176 60.173 95.122 94.990 58.732 65.380 60.156 66.960 85.732 60.581 0.000 0.000 0.000 0.000 0.000 0.000 0.000 46.059 40.055 40.038 40.009 40.971 49.924 59.870 58.810 57.746 54.677 59.606 53.535 37.463 39.392 39.322 39.255 49.190 57.127 36.066 39.006 41.944 60.879
73.625 63.564 56.500 57.435 57.374 58.320 39.280 0.000 26.102 54.051 56.980 56.910 56.855 54.816 78.790 62.778 0.000 0.000 0.000 40.829 57.826 51.825 52.822 53.816 53.808 53.795 53.779 64.755 4.724 8.705 25.709 78.633 88.528 10.416 92.337 82.528 95.238 57.303 70.946 67.590 57.461 54.265 50.915 35.748 0.000 0.000 41.614 0.000 0.000 0.000 0.000 42.087 40.116 40.108 40.081 40.042 40.993 46.937 54.874 54.806 54.734 58.661 36.586 39.512 39.440 38.370 44.302 61.238 44.177 38.119 41.064 22.007 22.928
63.705 56.648 57.589 57.529 57.471 60.418 16.373 14.338 7.236 52.164 57.094 59.021 56.977 55.946 73.926 69.917 0.000 0.000 0.000 0.000 48.821 51.820 53.817 53.812 53.805 53.796 55.784 41.770 0.000 0.000 75.875 78.808 89.716 95.586 89.689 87.726 95.338 78.351 81.054 65.896 58.801 51.727 0.000 0.000 0.000 0.000 39.614 0.000 0.000 0.000 0.000 0.000 43.213 40.197 40.165 40.122 40.070 40.009 39.942 46.869 54.793 42.715 39.637 39.560 39.486 42.414 55.346 55.283 37.223 39.170 42.124 9.091 0.000
56.789 57.735 57.678 57.620 57.563 57.508 61.456 62.405 62.339 58.277 58.209 38.105 55.084 56.065 72.052 71.048 0.000 0.000 0.000 0.000 47.818 53.817 53.814 53.810 53.805 53.799 41.792 0.000 0.000 4.240 81.107 87.010 89.909 89.855 88.933 95.471 87.832 90.549 85.237 70.179 60.119 59.115 59.250 0.000 0.000 0.000 36.614 43.614 36.614 0.000 0.000 0.000 58.327 39.300 40.261 40.213 40.155 41.089 40.016 39.937 39.854 39.771 39.687 39.606 38.528 44.455 59.386 36.323 39.265 39.213 41.170 16.141 0.000
57.878 57.824 57.768 57.711 57.652 57.594 57.539 57.487 57.439 57.395 61.361 0.000 48.191 57.178 73.168 68.174 4.220 0.000 0.000 0.000 52.816 55.815 55.813 55.810 53.807 56.804 0.000 0.000 0.000 73.374 79.302 90.216 90.097 90.205 88.254 95.677 88.964 93.608 89.499 90.433 78.384 66.365 55.385 50.385 52.385 0.000 0.000 42.615 37.614 43.609 44.594 42.557 48.468 58.416 40.367 41.312 50.248 57.176 39.095 40.008 39.917 39.825 39.735 38.649 43.567 62.491 56.421 45.357 38.300 39.249 41.203 56.163 74.120
57.969 57.916 57.860 57.802 57.741 57.678 57.618 60.567 58.533 57.502 61.480 0.000 48.311 57.288 74.268 66.259 6.266 0.000 0.000 0.000 25.815 35.814 34.812 34.810 55.808 40.806 0.000 0.000 0.000 75.580 85.513 90.425 90.383 89.487 96.301 96.006 90.028 90.871 89.729 89.673 90.618 81.575 46.539 0.000 0.000 0.000 0.000 40.616 40.618 37.618 39.617 40.609 39.572 46.529 60.479 43.420 41.351 51.271 39.181 40.082 39.980 39.879 39.780 39.687 47.600 60.521 47.450 59.386 37.329 38.278 43.232 64.188 76.143
58.063 58.010 57.955 57.896 57.832 60.757 62.691 34.627 55.625 58.602 60.575 20.550 51.453 56.397 68.355 66.330 7.319 0.000 0.000 0.000 0.000 0.000 1.810 1.810 36.809 0.000 0.000 0.000 24.018 73.851 90.745 90.627 90.744 88.830 96.568 88.610 94.318 90.013 89.968 89.902 89.843 79.777 40.658 0.000 0.000 0.000 0.000 0.000 43.624 44.629 31.646 39.692 40.681 40.648 44.599 60.539 43.465 40.377 40.274 40.161 40.043 39.929 37.819 43.718 62.625 43.543 42.471 56.408 40.352 38.302 45.257 71.214 76.171
58.159 58.106 58.053 57.997 59.932 35.828 37.759 0.000 17.737 53.707 57.668 61.622 57.555 60.490 65.427 70.385 9.362 0.000 0.000 0.000 0.000 2.810 54.810 61.810 0.000 0.000 0.000 7.303 83.185 85.065 90.960 90.916 90.035 97.051 96.818 89.670 90.386 90.259 90.190 90.127 89.073 69.034 0.000 0.000 0.000 0.000 0.000 0.000 0.000 35.629 0.000 46.830 43.814 39.781 39.733 41.670 58.593 47.497 39.379 40.242 40.104 38.973 43.852 45.740 44.640 41.555 39.484 39.423 39.370 40.323 53.280 75.240 76.202
58.254 58.202 58.153 58.108 63.072 1.059 0.000 23.969 15.878 49.820 58.769 56.716 58.654 70.583 42.477 36.421 1.392 0.000 0.000 0.000 0.000 52.810 58.810 60.810 0.000 0.000 0.000 70.421 75.352 89.265 91.148 91.279 89.375 97.265 89.166 90.844 90.539 90.480 90.407 90.343 82.288 59.251 0.000 0.000 0.000 0.000 0.000 0.000 0.000 0.000 0.000 50.984 45.965 39.930 37.880 40.818 40.739 56.638 49.504 40.326 41.158 39.009 45.874 45.750 42.639 36.554 39.486 39.430 41.381 55.338 74.300 76.265 79.234
59.347 57.296 57.249 57.209 60.180 30.177 27.145 59.061 63.987 57.927 55.873 62.818 72.762 75.711 0.000 0.000 0.000 0.000 0.000 0.000 0.000 20.810 27.810 29.810 0.000 0.000 0.000 72.607 80.543 90.455 91.447 90.485 97.661 97.469 90.196 90.901 90.765 90.688 90.616 90.549 72.487 54.431 0.000 0.000 0.000 0.000 0.000 0.000 0.000 0.000 0.000 49.157 47.133 47.093 44.042 36.981 38.907 39.813 55.673 55.398 52.195 49.029 41.884 40.749 37.613 38.535 39.477 43.429 63.387 75.350 75.317 76.287 75.262
73.436 72.384 71.338 69.298 66.265 67.237 67.198 64.141 65.082 67.028 66.976 72.922 74.864 32.788 0.000 0.000 0.000 0.000 0.000 0.000 0.000 0.000 0.000 0.000 0.000 11.117 19.038 73.858 90.750 91.659 91.609 90.837 97.839 89.668 91.345 91.034 90.970 90.890 90.819 88.752 70.678 41.554 0.000 0.000 0.000 0.000 0.000 0.000 0.000 0.000 0.000 39.355 43.315 46.266 47.213 46.157 43.097 39.034 32.976 0.000 0.000 0.000 0.000 0.000 41.529 39.496 42.458 63.422 76.388 75.357 76.329 79.305 75.285
69.519 71.468 70.422 72.380 74.343 73.308 72.268 70.222 68.174 68.127 69.080 65.032 64.986 0.000 0.000 0.000 0.000 0.000 0.000 0.000 0.000 0.000 0.000 0.000 0.000 60.195 83.139 82.036 90.943 91.831 91.958 90.060 98.006 91.761 91.368 91.245 91.162 91.086 91.018 86.961 66.920 0.000 0.000 0.000 0.000 0.000 0.000 0.000 0.000 0.000 46.736 41.592 38.508 40.444 45.388 47.336 47.289 48.249 39.222 0.000 0.000 0.000 0.000 0.000 42.477 40.462 56.438 77.412 75.386 75.361 75.339 76.319 75.303
57.597 57.546 58.500 65.459 74.420 80.383 68.345 62.305 57.265 55.225 54.185 60.138 39.062 0.000 0.000 0.000 0.000 0.000 0.000 0.000 0.000 0.000 0.000 0.000 0.000 66.331 82.285 90.209 92.122 92.089 91.219 98.301 98.160 93.778 91.585 91.425 91.349 91.273 91.206 86.153 61.122 0.000 0.000 0.000 0.000 0.000 0.000 0.000 0.000 47.000 41.880 41.768 41.682 40.614 37.558 42.511 46.474 47.450 44.442 0.000 0.000 0.000 0.000 45.432 39.442 43.435 71.421 75.402 75.382 75.363 75.345 75.330 75.317
56.669 56.620 60.575 65.534 67.495 70.459 60.424 56.389 57.355 57.324 59.296 37.274 0.000 0.000 0.000 0.000 0.000 0.000 0.000 0.000 0.000 0.000 0.000 0.000 0.000 52.513 81.461 91.391 92.289 92.418 90.527 98.432 91.324 92.999 91.680 91.615 91.528 91.451 91.381 82.325 55.291 0.000 0.000 0.000 0.000 0.000 0.000 0.000 46.232 42.121 42.015 41.919 41.838 41.772 41.718 38.676 37.647 40.636 47.654 47.739 0.000 0.000 0.000 39.422 40.423 58.418 75.407 74.394 74.379 75.364 75.350 75.337 75.327
56.738 56.690 58.646 59.606 57.569 56.534 57.502 56.471 56.443 56.419 61.400 6.389 0.000 0.000 0.000 0.000 0.000 0.000 0.000 0.000 0.000 0.000 0.000 0.000 3.883 60.747 89.658 92.574 92.544 91.674 98.669 98.555 94.321 92.023 91.878 91.790 91.702 91.620 92.543 72.474 60.427 0.000 0.000 45.844 0.000 45.607 47.562 47.477 42.344 42.236 42.140 42.054 41.980 41.918 41.867 41.828 40.802 37.792 46.799 47.824 40.824 0.000 0.000 47.411 39.410 47.405 53.397 56.387 60.375 66.364 72.353 74.343 74.335
57.802 57.756 57.714 57.676 57.640 56.607 56.577 56.551 56.528 55.510 63.498 14.492 0.000 0.000 0.000 0.000 0.000 0.000 0.000 0.000 0.000 0.000 0.000 0.000 45.018 80.935 91.849 92.739 92.879 90.971 98.772 91.772 93.447 92.132 92.057 91.962 91.872 91.783 92.695 64.603 42.515 0.000 0.000 41.844 0.000 40.651 42.602 42.526 42.431 42.339 42.255 42.178 42.110 42.052 42.004 41.967 39.942 41.929 47.928 44.934 0.000 0.000 0.000 46.402 45.400 44.396 43.389 42.381 41.372 45.363 56.354 52.346 54.340
55.862 55.819 55.779 55.742 55.708 55.678 55.650 56.626 58.608 60.594 35.588 2.590 0.000 0.000 0.000 0.000 0.000 0.000 0.000 3.254 12.245 0.000 0.000 15.378 56.236 87.130 93.027 93.015 92.043 98.952 98.866 94.762 92.468 92.320 92.227 92.133 92.039 91.947 87.852 34.727 0.000 0.000 0.000 41.844 47.824 42.745 42.670 42.593 42.514 42.436 42.362 42.293 42.230 42.176 42.130 42.095 39.070 48.055 48.049 44.050 0.000 0.000 0.000 45.395 44.393 45.388 45.383 45.376 45.369 45.362 44.355 44.349 43.344
56.918 56.878 59.840 63.805 66.773 70.745 72.719 75.698 74.681 66.672 4.672 15.689 39.744 7.769 0.000 0.000 0.000 0.000 0.000 43.262 70.237 10.198 0.000 49.520 82.420 92.312 93.211 93.141 92.365 99.025 91.198 92.885 92.569 92.494 92.396 92.302 92.207 93.113 80.038 0.000 0.000 0.000 0.000 21.864 41.884 42.833 44.742 44.661 42.595 42.530 42.464 42.401 42.342 42.291 42.247 39.212 44.187 47.171 48.165 39.166 0.000 0.000 0.000 29.391 50.387 50.383 47.378 44.372 44.366 45.360 46.355 46.350 45.346
58.972 57.934 64.899 73.866 74.836 73.808 72.784 71.764 68.748 62.739 37.739 54.750 72.774 41.794 25.816 1.825 0.000 0.000 14.334 53.295 67.243 6.158 24.996 66.761 91.612 94.496 93.336 93.548 91.524 99.087 93.183 92.898 92.751 92.659 92.566 92.472 92.372 94.260 38.149 0.000 0.000 0.000 0.000 0.000 38.016 43.959 24.805 24.714 41.676 42.624 42.564 42.504 42.448 42.397 41.355 39.320 48.294 48.278 45.273 39.284 45.331 0.000 0.000 0.000 61.381 76.378 69.373 65.368 61.363 57.358 60.354 60.350 43.347
59.022 58.987 61.955 64.924 63.895 61.869 59.845 57.825 55.809 55.798 64.794 66.797 63.807 60.818 64.829 12.834 0.000 0.000 54.373 84.341 35.283 31.196 65.069 88.914 93.781 93.637 93.755 91.709 99.170 91.587 93.302 92.989 92.918 92.825 92.736 92.647 95.551 52.405 0.000 0.000 0.000 0.000 0.000 0.000 40.205 45.183 0.000 0.000 38.771 42.726 42.665 42.603 42.547 42.497 39.454 47.419 48.393 47.374 38.365 42.367 42.378 0.000 0.000 0.000 29.378 59.375 77.369 76.365 76.360 76.356 76.353 70.349 60.347
59.071 59.039 59.009 57.979 57.952 58.926 58.903 58.882 56.865 57.851 62.842 65.839 61.840 56.843 59.847 14.849 0.000 0.000 46.444 56.412 34.354 67.273 82.169 91.049 93.932 93.863 92.961 99.540 99.309 92.577 93.307 93.165 93.077 92.989 92.905 92.830 95.779 0.000 0.000 11.147 20.147 0.000 0.000 41.512 44.416 43.385 50.424 0.000 38.912 42.843 42.766 42.698 42.640 40.589 42.546 48.511 48.482 40.461 41.447 42.439 42.437 0.000 0.000 0.000 0.000 0.000 59.365 75.360 75.357 75.354 75.351 76.349 76.347
59.119 59.090 59.061 59.033 59.007 58.981 58.958 57.936 56.917 60.899 64.885 64.875 59.870 55.868 60.867 13.865 0.000 0.000 42.547 11.508 58.448 82.373 88.282 94.188 94.038 94.247 92.236 99.746 91.995 93.708 93.396 93.327 93.236 93.150 93.066 99.989 83.955 0.000 7.147 57.147 43.147 0.000 0.000 36.609 44.563 43.516 43.463 49.343 47.121 45.968 42.859 42.783 42.724 39.674 47.631 48.595 44.565 39.541 42.522 42.506 44.493 48.504 0.000 0.000 0.000 0.000 0.000 72.355 75.353 75.351 75.349 76.347 74.346
59.168 59.141 59.113 59.086 59.060 59.035 58.011 56.988 58.966 62.944 65.923 61.907 56.897 55.891 58.888 40.879 27.856 28.799 24.690 25.623 65.559 86.488 92.410 94.299 94.438 92.428 100.108 99.935 93.000 93.715 93.569 93.481 93.393 93.308 98.221 41.103 56.099 26.136 57.146 65.148 0.000 0.000 0.000 35.751 44.712 43.652 43.570 53.444 64.262 38.049 47.918 43.852 40.800 42.753 48.710 47.673 38.641 41.616 42.593 42.570 29.526 30.515 0.000 0.000 0.000 0.000 0.000 53.352 74.350 75.349 75.347 79.346 75.344
59.218 59.191 59.164 59.138 59.112 59.087 57.063 57.040 61.015 67.988 68.956 64.932 59.919 57.913 57.913 59.907 59.889 68.852 9.792 43.735 81.676 88.611 94.540 94.505 93.637 100.417 100.267 93.355 94.137 93.800 93.727 93.633 93.546 93.467 101.408 0.000 39.201 41.164 31.154 33.151 0.000 0.000 0.000 38.932 44.881 43.810 49.720 65.603 42.432 0.000 28.912 41.906 39.870 47.826 48.783 44.745 41.713 42.687 42.667 44.654 0.000 0.000 0.000 0.000 0.000 0.000 45.349 26.349 65.348 75.346 75.345 80.344 75.343
59.268 59.242 59.215 59.189 59.164 58.139 57.115 59.092 66.068 43.037 18.980 17.948 14.932 44.930 61.945 56.948 59.943 40.925 2.892 48.850 86.799 92.747 94.635 94.878 92.901 100.554 93.687 94.465 94.035 93.976 93.872 93.780 93.691 94.608 92.536 14.480 14.341 0.000 0.000 0.000 0.000 0.000 38.302 46.163 44.071 42.986 62.899 66.815 0.000 0.000 0.000 37.991 43.949 48.899 48.852 38.811 42.777 42.752 42.734 45.725 0.000 0.000 0.000 0.000 0.000 0.000 24.349 0.000 53.344 75.344 75.343 81.342 75.341
59.318 59.291 59.265 59.240 58.215 57.190 59.167 62.145 70.126 29.111 0.000 0.000 0.000 0.000 43.987 58.998 60.009 46.014 48.001 73.971 90.932 94.858 95.031 93.052 100.797 100.681 94.667 94.363 94.216 94.113 94.016 93.922 93.829 96.737 81.648 10.564 0.000 0.000 0.000 0.000 0.000 0.000 38.441 45.349 44.254 42.165 70.073 30.944 0.000 0.000 44.231 49.118 49.036 48.969 46.914 41.869 42.834 42.809 42.793 44.786 0.000 48.869 0.869 0.000 0.000 0.000 0.000 0.000 46.342 75.341 75.341 75.340 75.340
59.367 59.341 59.315 59.290 58.265 57.240 61.217 65.196 69.180 27.171 0.000 0.000 0.000 0.000 24.018 67.049 62.081 68.120 81.126 90.106 94.067 95.075 94.225 101.002 100.903 94.000 94.777 94.436 94.354 94.252 94.156 94.063 97.968 60.862 32.755 0.000 0.000 0.000 0.000 0.000 1.044 40.857 45.671 44.537 46.432 43.346 67.286 0.000 0.000 39.486 46.345 62.213 51.109 48.028 43.966 41.918 41.882 42.857 42.842 42.841 47.862 43.869 34.869 0.000 0.000 0.000 42.338 44.338 43.339 75.339 75.339 75.339 75.338
59.415 59.390 59.365 59.340 57.314 59.289 65.264 66.242 64.227 51.222 12.238 0.000 0.000 0.000 0.000 20.098 16.146 56.261 87.277 91.258 95.198 95.368 93.492 101.091 93.310 95.090 94.657 94.594 96.484 95.386 94.294 94.206 100.116 22.989 0.000 0.000 0.000 0.000 0.000 22.259 61.171 61.010 48.851 45.698 56.588 51.503 52.437 13.409 1.197 37.628 42.449 53.279 49.157 53.069 47.004 49.955 48.919 45.894 42.879 41.873 41.876 47.877 0.000 0.000 0.000 0.000 39.337 39.337 49.338 75.338 75.338 75.338 75.337
