results2_8e3_rain/res_3e8f-0194.wd
ncols         241
nrows         181
xllcorner     12693529.787448
yllcorner     3542525.717860
cellsize      155.156523
NODATA_value  -9999.000000
[rows 132 to 164 of 181, columns 0 to 72 of 241]
96.262 101.261 105.261 105.260 107.259 107.258 101.256 92.254 78.252 67.250 66.247 67.244 66.240 65.236 70.232 84.227 95.221 100.214 100.207 97.198 89.188 80.176 71.162 65.143 70.120 72.091 71.057 72.019 69.987 64.957 78.928 101.900 68.876 0.000 0.000 0.000 8.657 60.651 72.646 69.627 71.612 77.604 95.605 81.611 65.620 64.632 64.647 76.664 97.682 38.702 11.725 6.759 0.000 0.000 0.000 0.000 0.000 0.000 0.000 0.000 0.000 0.045 3.048 1.048 28.048 7.973 11.897 52.801 75.660 79.562 79.456 89.544 117.011
74.266 76.266 79.265 85.265 95.264 101.262 106.261 106.259 99.257 85.254 74.251 68.248 72.244 79.240 92.236 107.231 106.225 103.218 103.211 106.202 106.192 102.180 90.165 78.148 70.128 65.103 66.076 65.048 66.021 73.997 95.976 103.957 15.946 0.000 0.000 0.000 18.664 46.670 64.695 73.692 74.681 71.669 72.673 82.679 77.687 70.695 74.705 82.716 95.730 36.745 22.765 28.793 8.823 0.000 0.000 0.000 0.000 0.000 0.000 0.000 0.000 0.000 0.000 0.000 10.123 0.000 59.921 81.844 77.726 86.701 77.766 117.131 105.892
66.271 66.271 66.270 68.269 73.268 77.267 84.266 93.264 101.262 104.259 98.256 96.253 98.249 101.245 100.241 93.235 84.230 82.223 82.216 87.207 93.197 100.186 103.172 102.157 91.139 81.118 76.097 74.075 83.054 99.035 100.020 86.009 19.004 0.000 0.000 0.000 0.000 0.000 47.772 74.764 53.749 41.719 56.739 71.747 86.751 90.756 92.760 93.766 89.775 16.785 3.796 31.826 28.853 16.882 22.895 16.900 0.000 0.000 0.000 0.000 0.000 0.000 44.338 14.288 80.198 102.135 134.992 90.967 86.021 66.981 103.048 107.571 107.481
67.276 67.276 67.275 67.275 66.274 65.272 67.271 72.269 78.267 88.264 98.261 100.258 93.255 83.251 77.246 69.241 65.235 65.229 65.222 67.213 72.204 78.193 85.181 97.167 102.152 104.135 103.118 99.100 102.084 95.070 77.060 69.054 48.057 6.079 0.000 0.000 0.000 0.000 40.857 73.843 16.833 0.000 49.818 74.817 93.817 101.816 87.815 90.814 76.818 34.825 0.841 58.861 27.882 19.898 30.902 30.905 1.908 0.000 0.000 0.000 0.000 31.441 50.388 123.330 152.254 135.137 118.693 117.641 109.313 107.954 107.835 107.708 72.930
67.281 67.281 67.281 67.280 67.279 67.278 67.276 66.274 66.272 69.270 75.267 74.264 70.260 66.256 66.252 66.247 67.242 67.236 67.229 67.221 66.212 65.202 67.192 73.179 80.166 89.153 97.139 93.125 82.112 70.102 66.094 71.091 79.092 55.100 33.107 33.099 19.076 20.032 55.957 76.918 26.907 8.922 68.897 100.887 102.882 81.876 84.869 83.858 71.858 60.868 11.871 39.882 13.915 1.926 14.912 1.909 3.911 1.906 0.000 0.000 0.000 12.496 75.442 81.363 77.352 78.513 76.488 108.275 108.174 108.068 75.270 78.050 79.925
67.287 67.287 67.286 67.286 67.285 67.283 67.282 67.280 67.278 67.276 66.273 66.270 66.266 67.263 67.258 67.254 67.249 67.243 67.237 67.230 67.222 67.213 67.203 66.193 65.182 66.170 70.159 68.148 67.138 71.130 74.125 73.122 71.121 73.123 73.123 70.114 70.095 74.065 49.020 34.964 23.955 41.963 86.959 100.954 80.948 73.939 72.925 52.891 48.889 11.918 0.031 0.000 1.981 3.982 0.000 0.000 7.920 22.901 37.858 7.796 21.718 84.574 91.563 89.637 87.624 88.707 108.464 108.372 89.509 96.303 89.160 94.935 86.779
67.293 67.293 67.292 67.291 67.291 67.289 67.288 67.286 67.284 67.282 67.279 67.276 67.273 67.269 67.265 67.261 67.256 67.251 67.245 66.239 73.232 75.224 67.216 66.207 65.197 66.188 68.179 71.170 74.163 73.157 68.152 69.150 76.149 79.148 75.146 69.139 66.127 75.111 6.094 0.000 8.986 82.017 91.023 78.021 70.015 90.008 36.002 0.000 0.000 2.041 3.070 3.069 3.040 4.033 0.000 0.000 32.947 74.921 103.879 64.818 97.706 105.867 102.831 101.924 108.722 108.639 108.553 101.590 103.470 103.171 102.034 100.969 18.888
67.299 67.299 67.298 67.298 67.297 67.296 67.294 67.293 67.291 67.289 70.286 70.283 68.280 72.276 70.272 67.269 67.264 67.260 66.255 64.249 75.243 83.236 69.229 66.221 68.213 71.206 73.198 72.192 69.186 71.181 76.178 78.176 79.175 79.175 74.173 68.170 77.164 96.157 15.152 0.000 0.000 56.095 79.094 76.091 80.084 100.076 34.073 0.000 3.114 3.091 3.100 3.096 3.072 5.079 0.000 31.045 83.002 98.956 101.892 106.895 104.064 101.057 108.946 108.875 108.801 100.894 101.682 102.558 102.241 102.216 95.150 72.060 0.000
67.305 67.305 67.304 67.304 67.303 67.302 67.301 67.300 67.298 68.296 75.293 75.290 52.287 20.283 41.279 71.276 65.273 68.269 74.265 77.259 77.254 73.248 69.242 70.235 73.229 72.223 71.217 73.212 77.208 77.205 79.203 78.202 69.202 64.202 66.203 79.202 98.202 108.202 30.204 0.000 0.000 31.173 87.169 89.164 96.155 95.141 31.139 0.000 3.137 1.140 2.143 3.145 0.000 9.132 35.131 79.097 101.027 104.051 103.147 103.154 102.249 109.081 109.015 101.092 101.896 102.761 102.550 102.409 102.368 94.304 86.263 0.000 0.000
67.311 67.311 67.311 67.310 67.310 67.309 67.308 67.307 67.305 69.303 78.301 89.298 65.294 2.291 8.285 56.285 82.282 74.279 72.275 72.271 70.266 69.261 71.255 73.250 71.244 67.239 69.235 81.231 83.229 73.227 67.226 64.227 64.228 69.230 83.232 99.235 96.239 80.246 52.258 20.285 14.286 58.255 87.246 69.241 60.230 52.192 17.205 1.257 1.192 22.184 13.184 3.196 0.000 28.187 79.170 101.099 103.306 102.307 102.421 109.268 109.208 109.146 101.150 103.038 102.753 102.630 102.578 102.508 96.435 83.374 73.338 0.000 0.000
67.318 67.318 67.317 67.317 67.316 67.316 67.315 67.314 67.313 69.311 79.309 66.306 22.301 4.302 0.000 24.295 78.293 70.290 72.286 71.282 69.278 72.273 73.269 70.264 67.260 63.256 73.252 87.250 74.248 64.248 65.249 70.251 80.254 91.257 102.262 95.267 73.274 68.284 87.296 94.311 95.318 99.316 74.318 35.325 7.333 0.000 1.409 1.416 0.000 35.199 22.214 2.260 33.282 79.234 101.267 103.468 102.494 109.431 109.379 109.325 101.412 102.214 103.106 102.807 102.795 102.738 102.665 103.577 91.499 62.417 51.377 9.377 3.377
66.325 66.325 67.324 67.324 67.323 67.323 67.323 67.322 67.321 70.320 80.319 51.318 0.000 10.314 48.315 50.308 67.304 69.301 57.297 39.294 77.290 72.286 68.282 67.278 65.275 67.271 83.269 86.267 68.267 71.268 83.270 92.274 101.278 99.284 87.290 73.298 66.307 82.318 86.332 74.346 55.359 53.371 41.386 21.408 10.443 4.515 2.537 22.554 17.572 0.000 0.000 27.329 79.387 102.509 103.543 101.663 109.529 109.481 101.571 102.385 103.266 103.075 102.955 102.934 102.883 102.834 105.767 69.637 49.568 0.000 0.000 0.000 0.000
75.332 73.331 70.331 68.330 65.330 65.330 65.330 65.330 64.329 69.328 81.328 64.328 45.329 53.325 71.322 67.318 64.315 70.312 65.309 52.306 72.302 66.299 65.296 65.292 67.289 81.286 89.284 55.283 47.284 97.286 102.291 97.296 86.302 76.309 68.317 64.326 75.338 87.351 55.366 30.383 13.402 4.422 21.447 20.479 10.517 11.564 14.594 42.607 26.589 0.000 0.000 59.624 101.667 100.801 109.665 109.622 109.576 101.604 103.502 103.229 103.123 103.095 105.054 100.006 101.977 102.951 113.930 0.000 0.000 0.000 0.000 0.000 0.000
76.340 78.339 84.337 85.336 85.337 82.338 83.338 82.338 81.337 81.337 83.336 66.336 70.335 69.333 66.331 69.328 69.325 68.323 73.320 75.317 69.315 63.312 65.309 67.306 81.303 86.300 75.298 69.298 78.299 101.303 84.310 75.317 67.325 65.333 67.343 66.353 80.366 89.381 53.398 29.419 17.442 19.469 22.502 14.541 15.584 21.629 23.667 16.691 0.000 0.000 37.867 79.886 109.782 109.745 109.706 101.834 102.643 103.544 103.254 103.253 104.213 104.169 77.127 55.067 90.068 104.063 109.073 49.130 0.000 0.000 0.000 0.000 0.000
69.348 63.347 16.342 18.341 27.345 74.346 71.346 71.346 71.346 75.345 84.345 65.344 66.343 65.342 68.340 72.338 73.336 71.334 70.332 73.329 74.327 71.325 65.323 82.320 88.317 79.314 85.311 102.310 99.312 81.318 69.329 65.338 67.347 67.356 66.367 71.379 87.393 89.409 81.428 84.451 55.478 17.511 9.551 8.599 20.649 27.702 17.752 14.801 6.830 32.995 81.038 109.851 109.818 101.973 102.785 103.674 103.489 103.376 103.363 104.318 102.279 96.241 21.221 0.000 72.163 107.160 104.168 103.188 0.000 0.000 0.000 0.000 0.000
67.358 59.358 0.000 0.353 9.354 70.355 66.355 66.355 66.354 70.354 84.354 62.353 66.352 70.351 72.350 73.348 70.346 67.345 65.343 67.341 77.340 90.338 85.336 86.334 63.332 57.327 109.321 95.319 62.320 22.329 42.348 70.359 67.368 67.378 69.389 62.402 46.417 36.434 48.455 88.479 64.508 17.545 12.594 7.653 16.713 21.776 15.843 20.902 20.985 59.125 109.900 101.159 104.900 103.807 103.622 103.514 103.493 103.459 104.419 104.384 69.347 45.294 31.295 34.303 85.262 106.248 102.250 93.265 11.300 0.000 0.000 0.000 0.000
67.369 67.370 50.375 0.364 10.364 71.364 67.364 67.363 66.363 67.363 82.362 69.362 72.361 74.360 73.359 68.358 65.357 66.356 66.355 65.353 75.352 98.352 94.351 81.349 74.347 65.343 41.329 30.323 17.322 0.000 23.377 72.382 67.390 69.399 52.410 26.423 11.439 8.457 50.477 67.501 36.529 8.569 11.626 16.706 23.773 19.848 13.939 7.020 10.313 58.352 109.964 104.047 103.811 103.634 103.621 103.587 103.549 103.513 101.481 92.451 25.430 0.000 42.362 101.353 106.332 104.320 98.318 88.323 6.334 0.000 0.000 0.000 0.000
64.378 66.378 63.380 0.000 6.373 71.373 66.373 64.372 66.372 70.372 74.371 73.371 73.370 71.370 65.369 66.368 66.367 67.367 67.366 72.365 90.365 89.365 82.365 91.365 89.366 60.366 0.000 0.000 0.000 0.000 21.399 72.403 67.409 70.418 41.429 3.442 37.458 63.476 83.497 52.519 4.539 0.613 0.685 5.772 15.826 15.905 16.011 10.251 6.889 110.143 110.056 102.952 103.802 103.704 103.672 103.636 103.601 105.568 90.538 73.511 33.491 9.483 57.437 87.414 96.395 105.383 94.377 83.377 5.379 0.000 0.000 0.000 0.000
71.386 69.386 58.387 0.000 57.383 65.382 67.382 71.381 72.381 73.381 71.380 72.380 70.380 66.379 66.379 67.378 67.378 66.377 68.377 91.377 90.377 72.378 85.379 83.381 87.384 85.391 48.408 4.418 13.423 43.424 48.419 68.421 67.426 67.435 62.446 54.459 71.475 70.494 64.515 86.538 34.561 0.639 0.710 9.798 14.852 12.931 14.027 38.172 62.563 110.225 105.276 105.028 104.770 103.758 103.721 103.686 104.652 102.620 57.591 34.564 46.541 47.520 101.492 103.469 83.451 93.439 88.431 61.428 26.427 0.000 0.000 0.000 0.000
72.393 73.394 70.394 58.396 72.393 72.391 72.390 73.390 73.390 74.389 86.389 68.389 66.389 66.389 67.388 67.388 67.388 68.388 82.388 93.389 68.390 72.391 99.392 91.395 79.399 82.405 85.415 69.422 74.427 89.430 82.431 70.434 63.440 63.449 74.460 90.473 77.489 49.508 21.531 76.559 65.597 14.658 17.718 22.785 18.853 9.941 12.007 53.287 105.535 110.302 102.256 104.910 105.840 103.805 103.770 103.735 96.702 86.670 43.640 14.613 23.588 24.564 85.541 127.519 108.502 84.489 76.481 55.476 64.474 17.474 0.000 3.678 7.678
77.401 77.401 73.401 73.401 73.400 74.400 74.399 70.399 67.399 66.398 29.398 19.398 70.398 67.398 67.398 67.398 66.398 69.399 93.399 79.400 64.401 70.403 87.405 104.408 99.412 96.417 94.423 90.429 86.434 85.438 93.441 90.446 84.452 80.460 83.471 87.484 49.500 13.519 12.542 28.569 24.609 9.663 18.713 28.769 24.839 15.938 9.098 52.351 110.445 110.375 105.148 106.995 103.884 103.854 104.817 100.783 84.750 77.718 83.688 89.660 73.634 95.609 110.587 127.566 136.549 120.536 82.527 87.522 62.520 0.000 0.000 0.000 0.000
16.408 17.408 77.407 72.408 72.408 67.408 64.408 66.407 61.407 14.407 14.407 3.407 71.407 67.408 67.408 67.408 67.409 85.409 92.410 65.411 67.412 67.414 70.416 76.419 78.423 78.428 74.433 77.437 93.442 86.446 77.450 80.455 87.462 91.470 94.480 91.493 66.508 31.527 14.548 13.565 0.000 2.671 13.701 22.742 6.790 0.000 22.310 82.556 110.512 102.487 106.217 105.955 103.940 103.900 104.864 99.829 86.796 52.764 59.733 102.705 113.678 145.653 136.630 108.609 96.592 113.578 92.569 86.564 61.563 0.591 0.000 0.000 0.000
3.416 12.415 26.413 81.415 66.416 64.416 66.416 66.416 67.416 14.416 5.416 60.416 68.417 67.417 67.418 67.418 69.419 93.419 78.420 64.422 67.423 67.425 67.427 66.430 66.434 66.438 65.442 72.446 101.450 80.454 11.459 19.464 31.470 82.477 92.486 76.498 81.514 68.533 20.556 17.580 2.613 7.649 20.677 12.707 0.000 0.000 40.477 110.642 110.578 105.370 107.112 103.022 103.984 103.946 103.910 103.874 90.841 53.808 68.777 105.748 101.720 135.695 130.671 99.650 104.631 90.617 71.606 89.601 67.602 1.616 0.000 0.000 0.000
65.424 61.424 0.000 73.424 83.424 84.424 65.424 77.424 84.425 60.425 58.425 68.425 67.426 67.426 67.427 67.428 86.429 90.429 65.431 67.432 66.434 65.436 67.438 67.441 67.444 67.447 66.451 74.455 103.458 84.462 30.466 3.471 54.476 79.483 92.490 71.500 61.514 20.537 13.563 16.585 14.610 22.635 26.653 0.680 0.000 19.393 81.648 110.703 102.623 106.348 106.091 104.071 104.029 103.991 103.954 104.918 95.884 84.851 107.819 132.789 120.761 137.734 134.709 128.687 135.667 101.651 78.639 88.632 96.630 25.635 0.000 0.000 0.000
67.433 66.434 61.436 67.434 66.433 14.433 88.433 80.433 67.433 68.433 68.434 67.434 67.435 67.436 67.437 70.437 93.438 76.439 66.440 67.442 73.444 81.446 67.448 65.451 67.454 66.457 69.460 93.463 101.466 76.470 64.474 52.478 74.482 73.487 34.492 19.499 16.506 0.000 5.573 5.589 6.608 7.628 9.640 0.000 22.440 79.602 101.781 110.763 103.586 104.230 104.154 104.113 104.073 104.034 103.997 104.961 95.926 78.892 74.860 107.829 97.800 111.772 114.745 102.721 104.699 76.680 53.666 67.657 134.653 87.655 22.664 12.670 34.674
67.441 67.441 67.442 67.441 67.441 61.441 77.441 93.441 69.441 66.442 67.443 67.443 67.444 67.445 66.446 89.447 91.448 65.449 67.450 68.452 65.454 27.456 86.458 81.461 68.463 66.466 84.469 103.472 87.474 67.477 67.481 68.484 71.487 75.490 12.493 13.496 0.000 2.566 17.568 0.000 0.587 0.000 0.000 0.000 45.545 102.731 110.876 110.820 103.470 104.306 104.190 104.155 104.114 104.076 104.038 103.002 87.967 89.933 109.900 128.868 127.837 132.808 137.780 124.753 122.728 109.705 58.688 56.676 132.670 96.669 34.668 27.671 92.676
67.448 67.448 67.448 67.448 67.448 67.448 67.449 78.449 93.450 69.450 66.451 67.452 67.453 65.454 73.455 94.456 74.458 66.459 68.460 66.460 8.463 5.466 74.468 75.470 81.473 80.475 88.477 87.480 68.482 66.485 68.487 71.490 76.492 76.494 0.000 0.000 0.000 4.564 28.564 15.564 16.566 15.565 0.000 6.628 53.782 107.943 110.929 102.806 104.523 104.258 104.239 104.195 104.155 104.116 104.078 104.042 90.006 85.972 106.938 107.905 107.873 110.843 110.813 109.783 114.754 87.726 63.704 78.691 93.683 32.681 0.000 0.000 36.680
67.455 69.455 69.455 67.456 67.456 67.456 67.457 67.457 78.458 93.459 69.460 64.461 64.462 81.463 93.465 87.466 64.467 67.468 63.469 9.467 6.473 60.476 67.478 67.480 73.482 90.484 90.486 83.488 76.490 68.492 55.494 25.496 90.498 70.499 0.000 0.000 0.000 3.561 17.562 10.563 24.564 13.565 0.000 6.770 26.869 111.034 110.982 103.675 104.411 104.317 104.276 104.234 104.194 104.155 104.118 105.081 100.045 90.010 84.975 83.942 83.909 83.877 83.845 87.813 61.780 5.739 31.712 87.699 83.692 44.690 6.692 0.000 35.684
68.462 5.462 6.462 67.463 66.463 65.464 65.464 64.465 64.466 77.467 92.468 85.470 92.471 94.472 81.474 65.476 72.477 72.479 60.480 0.000 8.486 71.487 67.488 69.490 93.492 100.493 78.495 69.497 76.498 83.500 71.502 7.503 50.505 68.506 0.000 0.000 0.000 4.558 10.559 7.562 21.563 0.000 0.000 6.832 12.151 111.085 108.924 104.639 104.381 104.358 104.313 104.272 104.232 104.193 104.156 104.119 105.083 104.047 102.012 100.977 100.943 101.910 103.877 77.845 19.812 0.000 16.706 72.700 103.696 94.695 67.694 43.693 60.688
67.469 66.469 1.470 66.470 77.471 81.471 85.472 90.473 93.474 94.475 94.477 94.478 80.480 67.482 83.483 100.485 101.487 101.490 94.493 72.498 7.497 68.497 66.498 75.500 103.501 90.502 67.504 66.505 68.506 71.507 62.509 7.510 27.512 27.513 0.000 0.000 0.000 10.552 5.556 0.000 4.563 0.000 14.845 16.072 6.548 111.134 112.874 108.514 104.435 104.392 104.350 104.309 104.269 104.230 104.193 104.156 104.120 104.084 104.049 104.013 104.976 107.942 79.910 12.877 0.000 5.733 0.000 17.699 73.698 104.698 95.697 71.696 48.691
67.476 69.477 65.477 67.477 82.478 81.479 77.479 73.481 72.482 68.483 89.485 79.487 90.489 81.491 97.493 93.495 86.497 87.500 98.502 104.505 93.506 94.507 86.508 94.509 102.510 75.511 66.512 67.513 67.514 66.515 66.516 68.517 63.519 12.522 72.528 63.533 2.538 4.544 0.000 0.000 0.000 5.837 83.884 81.089 111.226 111.180 106.751 107.581 104.464 104.427 104.384 104.344 104.305 104.266 104.229 104.193 104.157 104.121 104.085 106.048 111.008 79.974 19.942 0.000 0.000 2.733 1.733 0.000 14.700 65.702 100.702 50.702 0.000
69.483 5.483 64.484 67.484 67.485 67.486 66.487 67.488 69.489 67.491 79.493 74.495 83.497 94.499 82.502 67.504 68.507 69.509 70.512 75.514 88.516 98.517 104.518 102.519 91.520 67.520 67.521 67.521 67.522 67.522 68.523 91.524 64.525 4.527 68.530 18.534 12.537 5.540 0.000 0.000 0.000 15.821 104.026 106.238 111.269 105.081 104.790 104.525 104.504 104.459 104.418 104.378 104.339 104.301 104.265 104.229 104.194 104.159 106.124 91.086 45.032 12.003 0.000 4.734 2.733 22.733 29.733 0.000 0.000 36.707 98.707 50.707 0.000
70.489 3.490 64.490 67.491 67.492 67.493 67.494 68.495 6.497 66.499 70.501 81.503 81.506 89.508 94.511 80.514 65.516 65.519 65.522 67.524 69.526 70.527 71.529 71.529 70.530 69.530 65.530 65.530 66.530 67.530 78.530 92.530 63.530 57.530 59.531 0.000 0.000 5.540 0.000 0.000 0.000 19.912 103.034 111.354 111.312 103.938 104.669 104.575 104.533 104.490 104.450 104.411 104.373 104.336 104.300 104.264 104.230 104.196 109.165 65.141 0.000 0.000 2.735 0.734 2.734 17.733 24.733 0.000 0.000 39.712 99.712 58.712 0.000
