results2_8e3_rain/res_3e8f-0114.wd
ncols         241
nrows         181
xllcorner     12693529.787448
yllcorner     3542525.717860
cellsize      155.156523
NODATA_value  -9999.000000
[rows 132 to 164 of 181, columns 0 to 72 of 241]
94.322 99.321 103.321 103.320 105.319 105.318 99.316 90.314 76.312 65.309 64.306 65.302 64.298 63.294 68.288 82.283 93.276 98.268 98.259 95.249 87.236 78.221 69.203 63.180 68.151 70.116 69.076 70.031 67.993 62.958 76.924 99.891 66.864 0.000 0.000 0.000 6.521 58.513 70.507 67.482 69.461 75.446 93.440 79.439 63.440 62.443 62.448 74.454 95.461 36.468 9.478 4.496 0.000 0.000 0.000 0.000 0.000 0.000 0.000 0.000 0.000 0.000 0.000 0.000 26.191 6.113 10.034 50.934 73.789 77.688 77.579 87.664 115.128
72.326 74.326 77.325 83.324 93.323 99.322 104.320 104.318 97.316 83.313 72.310 66.306 70.302 77.297 90.292 105.286 104.279 101.271 101.262 104.252 104.239 100.224 88.207 76.185 68.160 63.131 64.098 63.065 64.034 72.005 93.979 101.958 13.944 0.000 0.000 0.000 16.529 44.536 62.567 71.561 72.543 69.522 70.519 80.516 75.514 68.511 72.508 80.506 93.504 34.504 20.504 26.514 6.525 0.000 0.000 0.000 0.000 0.000 0.000 0.000 0.000 0.000 0.000 0.000 8.269 0.000 58.059 79.979 75.858 84.829 75.891 115.253 104.011
64.331 64.331 64.330 66.329 71.328 75.327 82.325 91.323 99.320 102.318 96.314 94.311 96.306 99.302 98.296 91.290 82.283 80.276 80.267 85.256 91.244 98.230 101.214 100.194 89.173 79.148 74.122 72.096 81.071 97.049 98.030 84.017 17.011 0.000 0.000 0.000 0.000 0.000 45.663 72.650 51.627 39.582 54.595 69.594 84.588 88.579 90.568 91.556 87.546 14.538 1.524 29.531 26.536 14.542 20.545 14.545 0.000 0.000 0.000 0.000 0.000 0.000 42.492 12.440 78.347 100.280 133.133 89.105 84.155 65.111 101.175 105.690 105.596
65.336 65.336 65.335 65.334 64.333 63.332 65.330 70.328 76.326 86.323 96.319 98.316 91.311 81.307 75.301 67.295 63.289 63.281 63.272 65.262 70.251 76.238 83.223 95.206 100.188 102.168 101.147 97.126 100.106 93.089 75.076 67.069 46.071 4.094 0.000 0.000 0.000 0.000 38.772 71.751 14.734 0.000 47.687 72.678 91.665 99.648 85.628 88.606 74.587 32.576 0.000 56.547 25.547 17.546 28.546 28.546 0.057 0.000 0.000 0.000 0.000 29.599 48.544 121.483 150.404 133.284 116.837 115.781 107.450 106.089 105.964 105.832 71.055
65.341 65.341 65.341 65.340 65.339 65.337 65.336 64.334 64.331 67.328 73.325 72.321 68.317 64.312 64.307 64.301 65.295 65.288 65.279 65.270 64.260 63.248 65.235 71.220 78.204 87.188 95.171 91.154 80.139 68.126 64.116 69.111 77.111 53.118 31.121 31.105 17.070 18.008 53.904 74.846 24.824 6.832 66.789 98.766 100.745 79.721 82.691 81.651 69.621 58.601 9.582 37.563 11.560 0.142 12.549 0.041 2.113 0.100 0.000 0.000 0.000 10.656 73.601 79.518 75.504 76.662 74.635 106.423 106.318 106.208 73.405 76.182 78.053
65.347 65.347 65.346 65.345 65.344 65.343 65.341 65.340 65.337 65.334 64.331 64.327 64.323 65.318 65.313 65.308 65.302 65.295 65.288 65.279 65.270 65.259 65.248 64.235 63.222 64.208 68.195 66.181 65.170 69.159 72.152 71.147 69.145 71.144 71.140 68.125 68.096 72.052 46.988 32.905 21.883 39.884 84.869 98.851 78.829 71.802 70.763 50.686 46.645 9.627 0.000 0.000 0.292 2.367 0.000 0.000 6.114 21.088 36.041 5.974 19.890 82.739 89.725 87.795 85.779 86.859 106.620 106.524 87.653 94.443 87.297 93.069 84.911
65.353 65.353 65.352 65.351 65.351 65.349 65.348 65.346 65.344 65.341 65.338 65.334 65.329 65.324 65.320 65.315 65.309 65.304 65.297 64.289 71.281 73.272 65.262 64.251 63.240 64.229 66.218 69.208 72.198 71.190 66.184 67.180 74.177 77.174 73.169 67.157 64.139 73.115 4.090 0.000 6.918 79.953 88.953 75.939 67.918 87.893 33.873 0.000 0.000 0.301 1.381 1.383 1.380 2.377 0.000 0.000 31.140 73.110 102.063 62.997 95.879 104.034 100.995 100.084 106.889 106.803 106.713 99.739 101.616 101.314 100.175 99.106 17.022
65.359 65.359 65.358 65.358 65.357 65.356 65.354 65.353 65.351 65.348 68.345 68.341 66.337 70.331 68.326 65.322 65.318 65.313 64.307 62.300 73.293 81.285 67.277 64.268 66.258 69.249 71.241 70.232 67.225 69.220 74.215 76.212 77.210 77.208 72.204 66.197 75.188 94.177 13.169 0.000 0.000 54.058 77.051 74.035 78.010 97.981 31.962 0.000 1.378 1.378 1.384 1.390 1.385 3.385 0.000 29.251 81.200 97.147 100.077 105.074 102.238 99.227 107.124 107.049 106.971 99.050 99.836 100.709 100.389 100.361 93.293 70.200 0.000
65.365 65.365 65.365 65.364 65.364 65.363 65.361 65.360 65.358 66.356 73.353 73.349 50.345 18.336 39.332 69.330 63.327 66.323 72.318 75.312 75.306 71.299 67.292 68.284 71.277 70.269 69.263 71.257 75.251 75.248 77.245 76.244 67.243 62.242 64.241 77.240 96.238 106.237 28.239 0.000 0.000 29.169 85.158 87.139 94.107 93.060 29.033 0.000 1.378 0.000 0.407 1.407 0.000 7.393 33.365 77.310 99.228 102.243 101.332 101.333 100.425 107.265 107.196 99.256 100.057 100.919 100.706 100.561 100.519 92.452 84.410 0.000 0.000
65.372 65.372 65.372 65.371 65.370 65.370 65.369 65.367 65.366 67.364 76.362 87.359 63.356 0.350 6.336 54.339 80.337 72.334 70.330 70.325 68.319 67.313 69.307 71.301 69.295 65.289 67.284 79.280 81.276 71.274 65.274 62.274 62.275 67.277 81.280 97.283 94.288 78.295 50.310 18.344 12.341 56.291 85.272 67.255 58.220 50.118 15.075 0.000 0.000 20.431 11.429 1.423 0.000 26.429 77.399 99.313 101.507 100.499 100.607 107.461 107.398 107.333 99.319 101.203 100.916 100.790 100.735 100.663 94.587 81.524 71.487 0.000 0.000
65.379 65.379 65.378 65.378 65.378 65.377 65.376 65.375 65.374 67.373 77.371 64.369 20.366 2.371 0.000 22.352 76.350 68.346 70.342 69.338 67.333 70.328 71.323 68.317 65.312 61.308 71.304 85.301 72.300 62.300 63.301 68.304 78.307 89.312 100.318 93.325 71.334 66.346 85.362 92.382 93.389 97.383 72.384 33.391 5.399 0.000 0.000 0.000 0.000 33.433 20.434 0.520 31.539 77.473 99.491 101.678 100.695 107.634 107.579 107.522 99.587 100.386 101.275 100.974 100.959 100.899 100.824 101.733 89.653 60.568 49.528 7.528 1.528
64.386 64.386 65.385 65.385 65.385 65.385 65.384 65.383 65.383 68.382 78.381 49.380 0.000 8.379 46.377 48.368 65.363 67.359 55.355 37.351 75.347 70.342 66.338 65.334 63.330 65.326 81.324 84.322 66.322 69.324 81.328 90.332 99.338 97.346 85.354 71.365 64.377 80.393 84.411 72.431 53.449 51.466 39.490 19.526 8.586 2.708 0.888 20.950 15.954 0.000 0.000 25.618 77.640 100.741 101.760 99.870 107.738 107.687 99.752 100.563 101.441 101.247 101.125 101.101 101.049 100.998 103.928 67.795 47.724 0.000 0.000 0.000 0.000
73.394 71.393 68.392 66.392 63.392 63.392 63.392 63.392 62.391 67.391 79.390 62.391 43.392 51.388 69.385 65.379 62.375 68.371 63.368 50.364 70.361 64.357 63.354 63.350 65.347 79.344 87.342 53.341 45.343 95.347 100.353 95.360 84.368 74.378 66.389 62.402 73.418 85.436 53.458 28.483 11.511 2.543 19.584 18.638 8.710 9.806 12.913 40.962 24.958 0.000 0.000 57.874 99.903 99.024 107.884 107.837 107.789 99.790 101.682 101.407 101.300 101.269 103.225 98.174 100.144 101.116 112.094 0.000 0.000 0.000 0.000 0.000 0.000
74.402 76.401 82.399 83.398 83.399 80.400 81.400 80.400 79.400 79.400 81.399 64.399 68.399 67.397 64.394 67.390 67.387 66.384 71.381 73.378 67.375 61.372 63.369 65.366 79.363 84.360 73.358 67.359 76.361 99.367 82.376 73.386 65.397 63.408 65.422 64.437 78.455 87.477 51.502 27.532 15.568 17.612 20.666 12.731 13.809 19.895 21.977 15.028 0.000 0.000 36.107 78.119 108.010 107.970 107.928 100.025 100.830 101.728 101.436 101.432 102.390 102.344 75.300 53.237 88.235 102.229 107.239 47.296 0.000 0.000 0.000 0.000 0.000
67.411 61.409 14.404 16.403 25.407 72.409 69.409 69.409 69.409 73.409 82.408 63.408 64.407 63.406 66.403 70.401 71.399 69.396 68.394 71.392 72.389 69.387 63.385 80.382 86.379 77.376 83.373 100.373 97.377 79.385 67.399 63.412 65.424 65.437 64.452 69.469 85.490 87.514 79.542 82.576 53.617 15.670 7.735 6.813 18.899 25.988 16.074 13.145 5.173 31.300 79.290 108.085 108.049 100.169 100.978 101.863 101.676 101.562 101.546 102.499 100.457 94.417 19.395 0.000 70.331 105.328 102.334 101.354 0.000 0.000 0.000 0.000 0.000
65.422 57.422 0.000 0.000 7.418 68.418 64.418 64.418 64.418 68.418 82.418 60.417 64.416 68.415 70.414 71.412 68.410 65.408 63.407 65.405 75.404 88.402 83.400 84.399 61.396 55.392 107.386 93.383 60.386 20.398 40.423 68.438 65.451 65.464 67.480 60.498 44.520 34.546 46.576 86.611 62.656 15.715 10.793 5.888 14.984 20.085 14.189 19.278 19.366 57.448 108.138 99.359 103.098 102.001 101.815 101.705 101.681 101.645 102.603 102.566 67.526 43.471 29.469 32.475 83.431 104.416 100.417 91.432 9.466 0.000 0.000 0.000 0.000
65.433 65.434 48.440 0.000 8.428 69.428 65.428 65.428 64.428 65.427 80.427 67.426 70.426 72.425 71.424 66.423 63.422 64.421 64.420 63.419 73.418 96.417 92.417 79.416 72.414 63.409 39.394 28.388 15.387 0.000 21.458 70.466 65.477 67.490 50.506 24.524 9.548 6.574 48.604 65.638 34.680 6.743 9.833 14.962 22.065 18.178 12.316 5.455 8.783 56.694 108.207 102.248 102.008 101.830 101.814 101.779 101.738 101.700 99.665 90.634 23.610 0.000 40.535 99.524 104.502 102.488 96.485 86.490 4.500 0.000 0.000 0.000 0.000
62.442 64.443 61.445 0.000 4.438 69.437 64.437 62.437 64.437 68.437 72.436 71.436 71.436 69.435 63.435 64.434 64.433 65.433 65.432 70.432 88.432 87.432 80.433 89.434 87.435 58.437 0.000 0.000 0.000 0.000 19.485 70.491 65.500 68.513 39.528 1.549 35.573 61.598 81.627 50.657 2.683 0.000 0.000 4.064 14.134 14.249 14.412 8.748 5.740 108.399 108.305 101.155 102.000 101.901 101.867 101.828 101.791 103.756 88.723 71.694 31.671 7.660 55.612 85.586 94.565 103.551 92.544 81.543 3.545 0.000 0.000 0.000 0.000
69.451 67.451 56.452 0.000 55.448 63.447 65.447 69.447 70.446 71.446 69.446 70.446 68.446 64.445 64.445 65.445 65.445 64.445 66.445 89.445 88.446 70.447 83.449 81.452 85.457 83.465 46.486 2.499 11.507 41.511 46.507 66.511 65.520 65.533 60.549 52.570 69.593 68.619 62.649 84.682 32.711 0.000 0.000 8.094 13.161 11.266 12.401 36.598 61.028 108.487 103.485 103.230 102.970 101.956 101.916 101.880 102.843 100.809 55.776 32.747 44.721 45.698 99.667 101.641 81.621 91.607 86.597 59.593 24.592 0.000 0.000 0.000 0.000
70.459 71.459 68.460 56.462 70.458 70.457 70.456 71.456 71.456 72.456 84.456 66.455 64.456 64.456 65.456 65.456 65.456 66.457 80.457 91.458 66.460 70.461 97.464 89.468 77.474 80.482 83.494 67.505 72.512 87.517 80.521 68.527 61.537 61.550 72.566 88.586 75.609 47.636 19.669 74.710 63.768 12.865 15.958 21.058 17.148 8.257 10.343 51.637 103.888 108.567 100.465 103.115 104.043 102.004 101.967 101.930 94.894 84.859 41.827 12.797 21.769 22.743 83.716 125.692 106.672 82.657 74.646 53.640 62.637 15.637 0.000 1.802 5.802
75.467 75.467 71.467 71.468 71.467 72.466 72.466 68.465 65.465 64.465 27.465 17.465 68.466 65.466 65.466 65.467 64.468 67.468 91.469 77.471 62.473 68.475 85.478 102.482 97.488 94.495 92.504 88.512 84.520 83.526 91.532 88.540 82.550 78.563 81.579 85.598 47.621 11.648 10.680 26.721 22.786 7.869 16.951 27.031 23.120 14.237 7.399 50.646 108.717 108.644 103.359 105.201 102.088 102.055 103.016 98.979 82.943 75.908 81.875 87.844 71.815 93.788 108.762 125.738 134.718 118.702 80.691 85.683 60.679 0.000 0.000 0.000 0.000
14.474 15.474 75.474 70.475 70.475 65.475 62.475 64.475 59.475 12.475 12.475 1.476 69.476 65.477 65.477 65.478 65.479 83.480 90.481 63.483 65.485 65.488 68.491 74.495 76.501 76.507 72.514 75.521 91.528 84.535 75.542 78.550 85.560 89.573 92.588 89.607 64.630 29.656 12.683 11.706 0.000 0.889 11.945 20.996 5.058 0.000 20.585 80.825 108.787 100.706 104.428 104.163 102.146 102.103 103.064 98.026 84.990 50.955 57.922 100.890 111.860 143.832 134.805 106.781 94.761 111.744 90.731 84.723 59.719 0.000 0.000 0.000 0.000
1.483 10.482 24.480 79.483 64.483 62.484 64.484 64.484 65.484 12.485 3.485 58.486 66.486 65.487 65.488 65.489 67.490 91.491 76.493 62.495 65.497 65.500 65.503 64.507 64.512 64.518 63.524 70.530 99.537 78.543 9.550 17.558 29.569 80.580 90.595 74.612 79.634 66.662 18.691 15.715 0.790 5.864 18.904 10.950 0.000 0.000 38.739 108.923 108.856 103.588 105.326 101.232 102.192 102.151 102.111 102.073 89.036 52.001 66.967 103.934 99.903 133.874 128.846 97.821 102.799 88.781 69.767 87.758 65.754 0.000 0.000 0.000 0.000
63.493 59.493 0.000 71.492 81.492 82.493 63.493 75.493 82.493 58.494 56.495 66.496 65.496 65.497 65.498 65.499 84.500 88.502 63.504 65.506 64.508 63.511 65.515 65.519 65.523 65.528 64.534 72.539 101.545 82.551 28.558 1.566 52.575 77.585 90.598 69.613 59.633 18.666 11.702 14.736 12.783 20.830 24.856 0.000 0.000 17.672 79.911 108.989 100.849 104.566 104.306 102.283 102.238 102.197 102.157 103.118 94.081 83.045 106.010 130.976 118.944 135.914 132.885 126.858 133.834 99.814 76.798 86.788 94.785 23.794 0.000 0.000 0.000
65.502 64.502 59.505 65.502 64.502 12.501 86.502 78.502 65.503 66.503 66.504 65.505 65.506 65.507 65.508 68.510 91.511 74.513 64.514 65.517 71.519 79.522 65.526 63.530 65.534 64.538 67.543 91.548 99.554 74.559 62.565 50.572 72.580 71.588 32.598 17.608 14.621 0.000 3.717 3.745 4.781 5.816 7.836 0.000 20.765 77.897 100.048 109.052 101.811 102.450 102.371 102.326 102.283 102.242 102.201 103.162 94.124 77.088 73.052 106.018 95.984 109.952 112.922 100.893 102.866 74.842 51.823 65.810 132.803 85.803 20.805 10.805 32.804
65.510 65.510 65.511 65.510 65.510 59.510 75.510 91.511 67.512 64.513 65.514 65.515 65.516 65.517 64.519 87.520 89.522 63.523 65.525 66.527 63.530 25.533 84.537 79.540 66.544 64.548 82.552 101.557 85.562 65.567 65.572 66.577 69.583 73.589 10.596 11.602 0.000 0.696 15.703 0.000 0.000 0.000 0.000 0.000 43.901 101.047 109.172 109.113 101.697 102.527 102.409 102.371 102.327 102.285 102.244 101.205 86.167 88.129 108.093 127.057 126.023 130.989 135.957 122.925 120.895 107.866 56.843 54.826 130.816 94.811 32.807 25.805 90.804
65.517 65.517 65.517 65.518 65.518 65.518 65.519 76.520 91.521 67.522 64.523 65.524 65.526 63.527 71.529 92.530 72.532 64.534 66.535 64.537 6.540 3.544 72.547 73.551 79.554 78.558 86.561 85.565 66.569 64.574 66.578 69.582 74.586 74.589 0.000 0.000 0.000 2.688 26.691 13.688 14.686 13.686 0.000 5.126 52.208 106.276 109.230 101.041 102.749 102.482 102.460 102.412 102.369 102.327 102.286 102.247 88.208 84.170 105.133 106.096 106.061 109.026 108.991 107.956 112.921 85.885 61.856 76.836 91.823 30.817 0.000 0.000 34.803
65.525 67.525 67.524 65.525 65.526 65.527 65.528 65.528 76.529 91.531 67.532 62.534 62.535 79.537 91.539 85.541 62.542 65.544 61.545 7.544 4.551 58.555 65.558 65.561 71.564 88.567 88.570 81.574 74.577 66.581 53.584 23.588 88.590 68.592 0.000 0.000 0.000 1.684 15.685 8.686 22.686 11.686 0.000 5.337 25.399 109.343 109.287 101.909 102.639 102.542 102.498 102.453 102.410 102.368 102.327 103.287 98.248 88.210 83.172 82.135 82.098 82.062 82.025 85.988 59.948 3.897 29.859 85.838 81.825 42.817 4.812 0.000 33.803
66.533 3.532 4.530 65.533 64.534 63.535 63.536 62.537 62.538 75.540 90.541 83.543 90.545 92.547 79.549 63.551 70.553 70.555 58.557 0.000 6.565 69.567 65.569 67.571 91.574 98.577 76.579 67.582 74.585 81.588 69.591 5.593 48.596 66.597 0.000 0.000 0.000 2.678 8.681 5.684 19.685 0.000 0.000 5.513 10.864 109.398 107.165 102.872 102.611 102.585 102.537 102.493 102.450 102.408 102.367 102.327 103.288 102.249 100.211 99.173 99.134 100.097 102.061 76.024 17.986 0.000 14.845 70.832 101.821 92.813 65.808 41.803 58.803
65.541 64.541 0.000 64.542 75.543 79.543 83.544 88.545 91.547 92.548 92.550 92.552 78.554 65.557 81.559 98.561 99.564 99.567 92.571 70.577 5.577 66.578 64.580 73.582 101.584 88.586 65.588 64.590 66.593 69.595 60.597 5.600 25.602 25.604 0.000 0.000 0.000 8.670 3.675 0.000 2.685 0.000 13.468 14.807 5.881 109.450 111.114 106.748 102.667 102.620 102.575 102.531 102.489 102.447 102.407 102.367 102.328 102.289 102.250 102.210 103.170 106.132 78.096 11.060 0.000 0.000 0.000 15.823 71.814 102.807 93.802 69.800 46.801
65.549 67.550 63.553 65.551 80.551 79.552 75.552 71.553 70.555 66.557 87.559 77.561 88.564 79.566 95.569 91.572 84.574 85.578 96.581 102.585 91.587 92.588 84.590 92.592 100.593 73.595 64.597 65.599 65.600 64.602 64.604 66.606 61.608 10.612 70.620 61.625 0.640 2.657 0.000 0.000 0.000 4.286 82.379 79.596 109.545 109.499 104.991 105.816 102.697 102.657 102.611 102.568 102.526 102.485 102.445 102.406 102.367 102.328 102.289 104.248 109.204 78.166 18.131 0.000 0.000 0.000 0.000 0.000 12.806 63.798 98.794 48.792 0.000
67.557 3.557 62.559 65.559 65.559 65.559 64.560 65.561 67.563 65.565 77.568 72.570 81.573 92.576 80.579 65.582 66.585 67.588 68.591 73.594 86.597 96.599 102.601 100.602 89.603 65.605 65.606 65.607 65.608 65.609 66.610 89.612 62.614 2.617 66.621 16.628 10.638 3.648 0.000 0.000 0.000 14.223 102.432 104.633 109.589 103.328 103.029 102.762 102.739 102.690 102.647 102.604 102.563 102.522 102.483 102.444 102.406 102.368 104.330 89.289 43.230 10.198 0.000 0.000 0.000 0.000 0.000 0.000 0.000 34.786 96.784 48.783 0.000
68.564 1.565 62.565 65.566 65.566 65.567 65.568 66.569 4.569 64.574 68.577 79.580 79.582 87.585 92.589 78.592 63.595 63.598 63.602 65.605 67.608 68.610 69.611 69.613 68.613 67.614 63.614 63.615 64.616 65.616 76.617 90.617 61.618 55.619 57.621 0.000 0.000 3.648 0.000 0.000 0.000 18.264 101.376 109.673 109.631 102.184 102.910 102.813 102.768 102.724 102.680 102.639 102.598 102.558 102.520 102.482 102.444 102.408 107.375 63.348 0.000 0.000 0.000 0.000 0.000 0.000 0.000 0.000 0.000 37.775 97.774 56.773 0.000
