results2_8e3_rain/res_3e8f-0064.wd
ncols         241
nrows         181
xllcorner     12693529.787448
yllcorner     3542525.717860
cellsize      155.156523
NODATA_value  -9999.000000
[rows 33 to 65 of 181, columns 148 to 221 of 241]
58.484 59.165 25.871 37.591 59.328 53.070 31.729 0.000 0.000 10.570 0.000 0.000 7.588 32.603 19.605 0.000 0.000 0.000 24.194 32.166 0.000 16.806 8.757 9.680 13.552 22.423 40.285 31.185 26.094 21.020 21.957 21.903 20.855 19.810 18.762 26.701 36.653 28.624 28.601 26.582 5.571 19.567 27.574 0.000 0.000 0.000 0.000 0.000 0.000 0.000 0.000 0.000 0.000 0.000 0.000 0.000 0.000 0.000 0.000 0.000 0.000 0.000 0.000 0.000 0.000 0.000 0.000 0.000 0.000 0.000 0.000 0.000 0.000 0.000
58.810 59.522 37.244 54.987 57.763 51.605 0.000 0.000 0.000 12.570 0.000 0.000 0.000 16.644 16.635 24.623 0.000 37.297 25.223 12.138 21.013 11.873 9.771 9.669 8.553 10.432 38.313 36.207 36.113 38.031 30.961 32.898 31.842 31.790 31.740 32.689 36.645 34.611 35.585 30.565 7.551 6.545 0.000 0.000 0.000 0.000 0.000 0.000 0.000 0.000 0.000 0.000 0.000 0.000 0.000 0.000 0.000 0.000 0.000 0.000 0.000 0.000 0.000 0.000 0.000 0.000 0.000 0.000 0.000 0.000 0.000 0.000 0.000 0.000
59.146 58.865 58.597 59.349 51.132 37.982 0.000 0.000 0.000 0.000 0.000 0.000 0.000 13.694 10.667 23.612 28.510 20.372 29.261 27.151 8.029 8.903 9.787 9.673 21.557 25.441 29.326 22.219 19.120 29.032 2.955 9.887 4.826 4.770 4.718 7.669 33.627 22.592 20.563 22.541 7.525 9.515 0.000 0.000 0.000 0.000 0.000 0.000 0.000 0.000 0.000 0.000 0.000 0.000 0.000 0.000 0.000 0.000 0.000 0.000 0.000 0.000 0.000 0.000 0.000 0.000 0.000 0.000 0.000 0.000 0.000 0.000 0.000 0.000
59.472 59.195 59.930 54.680 36.435 27.208 36.208 0.000 0.000 0.000 0.000 0.000 0.000 10.771 9.726 12.650 8.544 19.421 22.298 25.175 14.049 8.922 8.799 8.680 33.563 39.447 21.333 15.221 15.116 16.023 12.941 12.869 12.805 13.746 16.693 13.644 34.602 26.566 24.536 24.512 6.493 20.476 46.454 0.000 0.000 0.000 0.000 0.000 0.000 0.000 0.000 0.000 0.000 0.000 0.000 0.000 0.000 0.000 0.000 0.000 0.000 0.000 0.000 0.000 0.000 0.000 0.000 0.000 0.000 0.000 0.000 0.000 0.000 0.000
59.790 59.515 56.249 42.005 30.720 0.000 0.000 0.000 0.000 15.735 0.000 0.000 0.000 9.892 10.818 10.716 9.598 9.469 15.337 8.203 8.069 9.937 8.809 7.686 31.567 28.452 36.337 40.217 39.100 34.002 29.918 31.844 27.777 31.717 31.663 32.613 36.570 34.533 35.502 31.477 6.458 18.443 40.432 0.000 0.000 0.000 0.000 0.000 0.000 0.000 0.000 0.000 0.000 0.000 0.000 0.000 0.000 0.000 0.000 0.000 0.000 0.000 0.000 0.000 0.000 0.000 0.000 0.000 0.000 0.000 0.000 0.000 0.000 0.000
60.101 59.824 49.547 31.370 0.000 0.000 0.000 0.000 13.786 16.735 29.640 29.505 17.326 10.089 9.936 10.799 10.662 9.521 8.377 9.232 9.089 8.948 7.814 16.687 35.567 14.456 28.347 5.210 38.066 27.966 26.884 26.811 23.744 28.683 29.627 29.577 36.533 34.494 31.463 31.438 6.419 20.406 39.399 0.000 0.000 0.000 0.000 0.000 0.000 0.000 0.000 0.000 0.000 0.000 0.000 0.000 0.000 0.000 0.000 0.000 0.000 0.000 0.000 0.000 0.000 0.000 0.000 0.000 0.000 0.000 0.000 0.000 0.000 0.000
61.408 54.133 41.746 31.558 0.000 0.000 0.000 0.000 10.837 27.780 21.681 10.548 12.385 12.202 10.038 8.884 10.730 9.575 10.417 10.260 10.104 8.954 8.812 28.680 28.560 28.458 28.386 0.000 9.989 7.912 8.841 8.772 9.706 13.644 16.586 14.535 34.489 28.450 22.417 24.392 7.374 19.364 38.359 0.000 0.000 0.000 0.000 0.000 0.000 0.000 0.000 0.000 0.000 0.000 0.000 0.000 0.000 0.000 0.000 0.000 0.000 0.000 0.000 0.000 0.000 0.000 0.000 0.000 0.000 0.000 0.000 0.000 0.000 0.000
60.716 46.555 0.000 0.000 0.000 0.000 0.000 0.000 26.944 21.869 11.757 12.620 12.464 12.297 12.131 9.967 8.801 8.631 10.458 9.285 9.115 7.952 9.800 24.661 15.536 24.429 25.354 0.000 0.000 23.852 22.797 22.731 22.664 24.599 24.540 25.486 37.439 33.398 28.365 30.339 6.323 15.315 43.314 0.000 0.000 0.000 0.000 0.000 0.000 0.000 0.000 0.000 0.000 0.000 0.000 0.000 0.000 0.000 0.000 0.000 0.000 0.000 0.000 0.000 0.000 0.000 0.000 0.000 0.000 0.000 0.000 0.000 0.000 0.000
53.940 36.815 0.000 0.000 0.000 0.000 0.000 34.289 28.126 11.993 12.858 12.712 12.555 12.390 12.223 12.052 8.875 9.691 9.500 9.308 10.119 8.940 8.776 11.627 16.493 28.369 15.246 27.081 31.951 24.847 33.766 23.690 24.618 27.551 26.489 25.432 35.382 31.339 19.304 18.278 7.263 14.260 43.268 0.000 0.000 0.000 0.000 0.000 0.000 0.000 0.000 0.000 0.000 0.000 0.000 0.000 0.000 0.000 0.000 0.000 0.000 0.000 0.000 0.000 0.000 0.000 0.000 0.000 0.000 0.000 0.000 0.000 0.000 0.000
40.053 29.951 0.000 0.000 0.000 12.777 26.661 27.452 21.278 16.122 12.969 12.814 12.653 12.488 11.318 14.142 18.958 14.758 9.544 10.326 9.114 8.913 8.736 8.580 15.440 16.309 14.181 21.046 19.925 14.819 26.728 6.645 14.569 21.497 20.431 14.371 33.318 26.272 6.234 5.206 8.191 10.194 14.231 0.000 0.000 0.000 0.000 0.000 0.000 0.000 0.000 0.000 0.000 0.000 0.000 0.000 0.000 0.000 0.000 0.000 0.000 0.000 0.000 0.000 0.000 0.000 0.000 0.000 0.000 0.000 0.000 0.000 0.000 0.000
19.019 36.985 0.000 0.000 15.017 24.894 38.753 22.582 21.411 21.247 14.084 12.921 12.756 12.589 19.419 27.242 28.054 19.842 14.590 9.340 8.096 8.862 12.674 9.517 8.377 7.247 13.122 13.998 12.883 13.778 15.683 8.595 14.514 19.438 21.368 17.304 33.247 27.196 9.154 8.122 8.102 4.094 0.000 0.000 0.000 0.000 0.000 0.000 0.000 0.000 0.000 0.000 0.000 0.000 0.000 0.000 0.000 5.149 14.149 13.146 15.141 14.135 8.131 2.130 0.000 0.000 0.000 0.000 0.000 0.000 0.000 0.000 0.000 0.000
0.000 0.000 0.000 0.000 18.140 38.027 29.878 32.711 29.539 19.369 12.200 13.031 12.863 23.694 28.525 24.355 19.175 15.965 18.634 13.348 13.070 8.765 13.583 7.437 8.306 9.181 8.060 7.943 7.831 7.727 6.629 7.539 7.454 11.374 17.300 16.231 34.168 28.113 7.065 8.027 8.000 6.986 0.000 0.000 0.000 0.000 0.000 0.000 0.000 0.000 0.000 3.134 5.135 11.137 14.140 14.143 13.147 9.150 0.298 0.145 0.225 3.133 5.131 6.129 4.126 8.125 0.032 0.000 0.000 0.000 0.000 0.000 0.000 0.000
0.000 0.000 0.000 19.600 35.378 28.196 20.020 27.843 31.667 32.491 22.316 11.142 20.969 29.799 19.634 11.476 11.328 13.208 0.000 0.000 0.000 5.547 9.454 11.343 11.227 8.110 7.995 8.882 7.773 7.669 7.570 8.477 7.388 7.304 7.226 10.152 27.084 26.021 7.967 7.920 7.885 8.864 9.864 0.000 0.000 0.000 0.000 0.000 0.000 0.000 0.000 0.000 0.000 11.137 0.043 0.040 0.060 0.046 0.064 0.116 0.000 0.000 0.000 0.032 0.001 0.001 0.002 4.354 0.000 0.000 0.000 0.000 0.000 0.000
0.000 0.000 19.100 28.822 35.575 19.360 22.164 19.976 17.793 25.612 30.431 25.251 29.072 17.899 11.736 12.587 12.454 20.331 0.000 0.000 0.000 2.399 11.344 22.255 23.150 18.039 13.927 15.817 11.709 10.605 8.505 7.410 7.318 8.230 7.147 7.067 9.992 18.923 6.859 6.803 7.756 6.722 0.000 0.000 0.000 0.000 0.000 0.000 0.000 0.000 0.000 0.000 5.838 0.029 0.031 0.047 0.000 0.000 0.000 0.237 0.547 0.621 0.072 0.046 0.000 0.005 0.002 0.030 3.285 0.000 0.000 0.000 0.000 0.000
22.642 23.955 22.378 37.015 21.738 15.507 17.299 16.105 12.917 11.732 26.546 33.359 36.171 23.989 13.823 10.684 18.569 0.000 0.000 0.000 0.000 5.329 15.270 22.181 23.078 22.969 24.859 32.749 30.642 26.538 24.437 20.339 14.244 9.152 7.063 7.978 6.896 11.819 4.745 5.677 6.613 8.546 29.447 0.000 0.000 0.000 0.000 0.000 0.000 0.000 0.000 0.000 0.052 0.013 0.000 0.107 0.234 0.283 0.316 0.345 0.164 0.206 0.000 0.204 0.155 0.035 0.036 0.036 0.000 0.000 0.000 0.000 0.000 0.000
22.301 14.845 33.441 33.121 27.857 18.629 12.422 13.228 14.040 24.853 27.663 19.467 22.265 31.062 31.882 21.759 0.000 0.000 0.000 0.000 10.398 16.317 20.224 19.122 20.013 19.901 17.789 24.679 25.572 25.467 26.365 23.265 22.167 23.071 13.977 8.886 9.796 6.710 7.627 6.547 5.472 7.403 22.347 0.000 0.000 0.000 0.000 0.000 0.000 0.000 0.000 0.000 0.023 0.028 1.168 0.096 0.033 0.008 0.000 0.000 0.458 0.450 0.000 0.305 0.000 0.000 0.000 0.000 0.000 0.000 5.299 0.000 0.000 0.000
15.889 25.681 35.422 26.171 25.941 27.730 25.533 16.344 22.161 30.977 19.787 12.582 11.358 17.115 26.884 33.710 0.000 0.000 13.905 13.711 8.478 17.319 22.189 23.069 18.952 18.833 10.717 7.607 7.499 7.394 6.291 4.189 11.088 24.988 23.889 22.791 17.693 8.598 6.504 7.413 6.326 6.247 7.192 0.000 0.000 0.000 0.000 0.000 0.000 0.000 0.000 0.000 0.000 0.000 0.000 0.138 0.000 0.000 0.000 1.650 1.599 1.553 0.451 0.362 0.000 0.000 0.000 0.000 0.000 0.000 0.104 0.039 0.008 0.000
18.686 37.570 28.395 25.201 25.006 25.817 24.634 26.456 31.283 20.108 13.924 13.718 13.470 12.154 12.832 18.486 35.031 32.595 11.100 9.749 8.485 9.293 21.143 19.015 29.892 17.760 10.642 8.531 9.425 8.320 13.216 21.113 17.009 10.905 16.800 26.695 23.589 22.484 13.380 6.275 6.171 7.068 4.982 0.000 0.000 0.000 0.000 0.000 0.000 12.729 7.729 6.719 0.000 0.000 0.000 5.298 2.200 2.012 1.857 1.697 1.607 1.533 1.425 1.326 1.303 0.283 1.266 3.264 0.000 0.000 0.026 0.010 0.006 0.000
32.599 28.517 17.387 22.231 27.066 21.898 27.731 33.565 25.406 13.249 12.084 13.897 13.649 17.202 17.802 11.372 22.014 17.653 14.151 10.701 7.419 14.224 18.076 19.956 10.841 37.675 25.558 15.452 7.348 13.245 32.142 42.037 34.930 11.822 13.711 16.599 20.485 25.370 23.254 19.138 8.015 4.872 11.685 17.467 0.000 0.000 0.000 0.000 0.000 0.000 2.740 2.710 2.647 7.572 6.487 2.391 1.262 1.987 1.848 1.706 1.606 1.519 1.412 1.265 1.281 1.280 0.264 0.246 1.195 4.193 0.080 0.000 0.000 0.000
34.585 19.512 14.404 16.273 18.128 28.979 32.826 43.666 42.528 35.397 24.266 13.137 16.028 0.000 0.000 10.186 16.000 12.851 0.000 8.484 12.267 29.107 27.981 30.891 0.000 2.536 42.462 36.370 22.272 28.171 46.068 45.962 43.854 12.741 18.625 18.505 20.382 8.256 17.131 23.006 21.880 20.721 33.420 42.248 0.000 0.000 0.000 0.000 0.000 0.000 25.780 6.732 6.661 6.581 6.499 7.427 1.358 0.238 3.830 0.638 0.497 0.304 0.168 0.597 0.086 0.000 0.000 0.000 0.000 0.000 0.000 0.000 0.000 0.000
25.615 14.542 14.445 14.327 27.196 25.064 41.928 56.746 53.644 50.544 45.445 36.357 27.298 0.000 0.000 0.000 3.950 14.901 0.000 0.000 5.059 22.957 21.851 36.736 8.574 9.476 42.387 47.294 43.198 42.099 44.997 44.891 45.781 24.665 16.543 18.415 18.281 8.143 17.005 10.877 29.779 0.651 39.027 60.858 31.550 1.316 0.000 0.000 0.000 2.014 61.868 14.777 16.684 16.591 12.502 13.425 5.369 0.318 0.000 0.258 0.156 0.210 0.199 6.755 0.067 0.000 0.000 0.000 0.000 0.000 0.000 0.000 0.000 0.000
23.674 21.598 16.506 28.395 22.265 35.153 13.076 0.000 33.759 52.692 51.615 52.549 35.509 0.000 0.000 0.000 0.000 20.900 0.000 0.000 1.850 16.810 11.730 38.628 49.510 49.408 45.314 45.221 45.128 46.031 44.931 44.825 44.713 38.594 13.467 15.330 13.184 8.029 18.871 19.718 22.596 0.000 23.777 59.606 29.311 46.916 7.641 0.000 4.315 60.135 47.961 19.826 13.706 15.596 9.494 3.401 1.211 0.000 0.000 0.202 4.763 12.725 19.683 28.660 17.600 0.000 0.000 0.000 0.000 0.000 0.000 0.000 0.000 0.000
25.745 21.670 28.585 25.482 28.318 52.206 39.148 22.084 42.941 51.849 50.774 49.715 29.679 0.000 0.000 0.000 0.000 0.000 0.000 0.000 7.730 16.705 27.631 43.537 45.431 45.332 45.240 45.150 45.060 44.967 44.869 44.765 44.654 44.532 30.400 20.255 13.095 5.920 9.731 9.527 14.291 32.937 18.697 53.479 39.172 45.726 52.367 37.927 42.495 51.213 27.017 27.858 13.719 12.595 4.476 1.120 1.125 0.574 7.958 13.876 31.785 30.717 29.656 28.603 28.541 18.478 0.000 0.000 0.000 0.000 0.000 0.000 0.000 0.000
17.821 29.751 26.684 26.630 0.000 0.000 31.225 57.165 52.072 50.989 52.917 34.857 20.815 4.839 0.000 0.000 0.000 0.000 0.000 0.000 13.690 30.649 42.552 45.457 45.346 45.250 45.163 45.080 44.995 44.907 44.814 44.713 44.603 44.482 45.347 39.194 31.021 22.826 20.608 23.367 14.105 30.824 9.595 51.441 0.000 4.450 39.174 10.919 1.543 57.203 21.037 24.869 22.719 3.587 1.283 1.608 0.796 1.177 20.972 31.878 28.786 28.703 28.626 25.555 24.486 22.417 21.348 0.000 0.000 0.000 0.000 0.000 0.000 0.000
27.897 27.830 22.769 42.725 0.000 5.470 45.362 52.277 51.194 51.117 51.048 26.981 26.886 37.862 0.000 0.000 0.000 0.000 0.000 0.000 0.000 0.000 39.472 51.392 46.247 45.158 45.083 45.010 44.934 44.853 44.766 44.670 44.565 44.446 44.310 45.153 45.970 42.755 42.506 45.230 24.937 30.657 4.419 45.249 0.000 0.000 34.959 4.782 14.529 48.277 29.059 20.860 24.702 1.438 2.014 0.535 0.436 3.100 23.982 24.880 29.781 28.685 23.590 20.508 24.432 29.357 28.280 17.201 0.000 0.000 0.000 0.000 0.000 0.000
28.972 16.903 27.838 48.775 41.703 47.578 53.476 51.389 51.310 51.238 48.177 32.134 0.000 0.000 0.000 0.000 0.000 0.000 0.000 0.000 0.000 0.000 0.000 0.000 37.091 46.054 45.002 44.943 44.878 44.806 44.726 44.638 44.539 46.427 45.296 45.139 43.949 45.720 44.432 44.108 33.757 31.450 8.174 19.888 49.467 28.157 35.922 4.720 32.518 26.317 29.063 16.812 10.611 2.206 1.858 0.734 1.101 5.079 5.977 10.881 18.776 16.667 17.543 28.458 28.380 28.301 28.218 29.123 23.000 18.901 16.821 5.767 0.000 0.425
18.044 13.974 28.905 47.834 53.757 52.664 51.575 51.494 51.419 52.349 43.288 36.245 0.000 0.000 0.000 0.000 0.000 0.000 0.000 0.000 0.000 0.000 0.000 12.936 39.973 45.962 44.929 44.883 44.828 44.766 44.695 44.617 46.528 46.427 46.307 38.159 42.969 45.742 48.395 46.012 39.534 35.212 22.938 6.662 54.356 37.082 38.851 3.658 49.505 13.411 0.000 10.714 1.376 1.965 0.451 1.189 6.239 5.081 4.968 3.891 0.000 0.000 22.458 28.402 28.330 28.252 28.168 28.077 28.977 28.884 28.798 29.714 28.604 25.504
15.115 13.044 29.973 49.901 51.826 51.746 51.667 51.593 51.522 53.453 32.381 30.313 0.000 0.000 0.000 0.000 0.000 0.000 0.000 0.000 0.000 0.000 0.000 26.898 45.904 44.894 44.869 44.832 44.787 44.733 46.673 45.605 45.530 45.445 39.346 17.222 33.024 42.883 0.000 0.000 17.154 23.927 32.704 19.467 40.213 57.965 42.742 9.557 51.434 0.000 0.000 0.000 1.696 1.435 1.097 4.516 2.233 3.040 4.925 7.827 1.637 2.493 18.431 28.363 28.289 28.210 28.127 28.040 27.950 27.861 27.775 27.688 27.596 27.508
20.186 25.114 40.043 51.972 51.899 51.826 51.755 51.688 51.624 52.559 39.470 0.000 0.000 0.000 0.000 0.000 0.000 11.719 0.000 0.000 0.000 0.000 0.000 1.852 36.851 43.841 44.820 44.791 44.753 44.708 46.658 44.602 44.541 44.477 28.412 24.358 0.000 0.000 0.000 0.000 1.772 8.639 30.483 16.288 21.064 63.822 46.596 25.393 35.239 0.000 29.006 5.911 1.684 1.292 1.066 3.406 14.175 14.000 15.867 21.748 16.613 27.497 28.411 28.332 28.254 28.175 28.092 28.008 27.923 27.838 27.754 27.670 27.587 27.507
22.255 41.183 52.113 52.043 51.974 51.906 51.840 51.779 51.727 57.690 0.000 0.000 0.000 0.000 0.000 0.000 11.719 23.719 10.720 25.721 21.722 0.000 0.000 23.806 30.806 41.798 44.782 44.757 44.726 45.690 44.648 44.603 44.556 40.509 29.467 34.439 0.000 0.000 0.000 0.000 18.530 10.442 28.303 4.137 5.932 53.665 52.427 44.180 29.891 29.446 18.102 12.913 1.677 1.305 0.500 2.331 24.062 30.920 29.798 29.686 21.575 28.474 28.385 28.303 28.223 28.143 28.062 27.980 27.897 27.815 27.734 27.654 27.576 27.501
29.323 49.252 53.183 52.115 52.048 51.982 51.920 51.862 51.814 58.785 0.000 0.000 0.000 0.000 0.000 0.000 0.718 20.719 20.719 19.721 22.723 6.730 14.742 22.764 22.769 39.764 45.751 44.731 44.706 44.676 44.642 44.607 45.570 37.536 33.509 27.493 0.000 0.000 0.000 0.000 0.000 10.296 29.150 6.024 1.822 40.478 57.268 54.008 34.700 13.345 12.041 12.825 3.672 0.391 0.363 0.207 5.946 25.821 28.720 28.624 20.530 28.440 28.355 28.274 28.194 28.114 28.034 27.954 27.873 27.793 27.715 27.638 27.563 27.492
37.389 53.320 52.252 52.186 52.120 52.056 51.995 51.937 53.882 51.852 0.000 0.000 0.000 0.000 0.000 0.000 0.000 25.718 31.719 36.719 27.721 26.725 20.732 16.740 27.742 41.737 44.727 44.711 47.690 45.666 44.639 44.611 44.583 39.558 31.539 26.531 1.541 0.000 0.000 0.000 0.000 0.000 20.978 6.886 2.723 35.390 66.160 46.883 25.556 16.193 17.893 15.673 10.534 0.000 0.363 0.000 0.000 13.700 28.640 28.563 20.483 28.403 28.324 28.245 28.167 28.088 28.008 27.929 27.850 27.772 27.696 27.621 27.549 27.481
45.455 53.387 52.321 52.255 52.191 52.128 52.068 53.007 50.926 38.889 22.888 0.000 0.000 0.000 0.000 0.000 0.000 26.718 35.718 35.716 39.716 41.718 24.720 23.723 38.722 44.717 44.708 44.695 45.678 44.658 44.637 44.614 44.593 42.573 30.559 31.551 25.552 0.000 0.000 0.000 0.000 0.000 6.898 6.818 0.663 45.322 33.097 38.809 8.448 27.979 21.665 14.440 14.257 5.051 0.010 0.527 0.000 2.641 25.576 27.508 21.438 28.366 29.293 28.218 28.142 28.063 27.985 27.906 27.828 27.751 27.676 27.604 27.534 27.467
