results2_8e3_rain/res_3e8f-0146.wd
ncols         241
nrows         181
xllcorner     12693529.787448
yllcorner     3542525.717860
cellsize      155.156523
NODATA_value  -9999.000000
[rows 132 to 164 of 181, columns 0 to 72 of 241]
95.547 100.547 104.546 104.546 106.545 106.543 100.542 91.540 77.538 66.535 65.533 66.529 65.526 64.522 69.517 83.512 94.506 99.499 99.491 96.481 88.470 79.457 70.440 64.420 69.393 71.362 70.326 71.285 69.251 64.219 78.189 101.158 68.133 0.000 0.000 0.000 7.882 59.875 71.870 68.849 70.833 76.823 94.823 80.827 64.835 63.846 63.860 75.875 96.892 37.911 10.933 5.967 0.000 0.000 0.000 0.000 0.000 0.000 0.000 0.000 0.000 0.000 2.325 0.325 27.326 7.252 11.179 52.082 74.941 78.843 78.736 88.824 116.290
73.551 75.551 78.550 84.550 94.549 100.547 105.546 105.544 98.542 84.539 73.536 67.533 71.529 78.525 91.520 106.515 105.509 102.502 102.493 105.484 105.473 101.459 89.443 77.424 69.402 64.375 65.346 64.316 65.288 73.262 95.239 103.219 15.207 0.000 0.000 0.000 17.889 45.895 63.922 72.918 73.905 70.892 71.894 81.899 76.904 69.911 73.918 81.928 94.939 35.953 21.971 28.000 8.031 0.000 0.000 0.000 0.000 0.000 0.000 0.000 0.000 0.000 0.000 0.000 9.405 0.000 59.204 81.126 77.008 85.982 77.047 116.411 105.171
65.556 65.555 65.555 67.554 72.553 76.552 83.550 92.548 100.546 103.544 97.541 95.537 97.534 100.529 99.525 92.519 83.513 81.506 81.498 86.488 92.477 99.465 102.450 101.433 90.413 80.391 75.368 73.344 82.322 98.302 99.286 85.274 18.268 0.000 0.000 0.000 0.000 0.000 47.005 73.996 52.979 40.945 55.964 70.970 85.972 89.974 91.975 92.978 88.983 15.991 2.998 31.033 28.061 16.093 22.112 16.121 0.000 0.000 0.000 0.000 0.000 0.000 43.625 13.575 79.483 101.420 134.276 90.251 85.304 66.263 102.329 106.850 106.759
66.560 66.560 66.560 66.559 65.558 64.557 66.555 71.553 77.551 87.548 97.545 99.542 92.538 82.534 76.529 68.524 64.518 64.511 64.503 66.494 71.484 77.472 84.459 96.444 101.427 103.409 102.390 98.371 101.354 94.339 76.327 68.321 47.325 5.347 0.000 0.000 0.000 0.000 40.098 73.082 16.070 0.000 49.047 74.044 93.041 101.036 87.031 90.026 76.025 34.029 0.054 58.070 27.089 19.107 30.121 30.130 1.152 0.000 0.000 0.000 0.000 30.729 49.676 122.617 151.540 134.423 117.979 116.926 108.598 107.239 107.118 106.989 72.211
66.565 66.565 66.564 66.564 66.563 66.562 66.560 65.558 65.556 68.553 74.551 73.547 69.544 65.539 65.535 65.530 66.524 66.517 66.510 66.501 65.492 64.481 66.469 72.456 79.442 88.427 96.412 92.397 81.384 69.372 65.364 70.360 78.362 54.369 32.376 32.366 18.339 19.291 55.207 76.163 26.149 8.163 68.132 100.119 102.110 81.100 84.087 83.070 71.064 60.069 11.079 39.089 13.118 1.150 14.134 1.146 3.173 1.177 0.000 0.000 0.000 11.785 74.731 80.651 76.639 77.800 75.775 107.564 107.462 107.354 74.554 77.334 79.207
66.570 66.570 66.570 66.569 66.568 66.567 66.565 66.564 66.562 66.559 65.556 65.553 65.549 66.545 66.541 66.536 66.530 66.524 66.517 66.510 66.501 66.492 66.481 65.470 64.458 65.446 69.433 67.422 66.411 70.403 73.396 72.393 70.392 72.394 72.392 69.382 69.361 73.326 48.276 34.213 23.201 41.207 86.200 100.191 80.180 73.167 72.147 52.103 48.091 11.106 0.000 0.000 1.281 3.298 0.000 0.000 7.195 22.181 37.144 7.084 21.007 83.864 90.853 88.927 86.914 87.995 107.755 107.662 88.796 95.589 88.445 94.219 86.062
66.576 66.576 66.575 66.575 66.574 66.572 66.571 66.569 66.567 66.565 66.562 66.559 66.555 66.551 66.547 66.543 66.538 66.532 66.526 65.519 72.511 74.503 66.494 65.484 64.474 65.464 67.454 70.445 73.437 72.430 67.426 68.423 75.421 78.420 74.417 68.410 65.396 74.378 5.359 0.000 8.233 81.265 90.270 77.264 69.254 89.241 35.231 0.000 0.000 1.327 2.373 2.377 2.359 3.349 0.000 0.000 32.231 74.207 103.167 64.108 96.996 105.158 102.123 101.215 108.017 107.934 107.846 100.878 102.758 102.457 101.320 100.254 18.172
66.581 66.581 66.581 66.580 66.579 66.578 66.577 66.576 66.574 66.571 69.569 69.566 67.562 71.558 69.554 66.550 66.546 66.541 65.535 63.529 74.522 82.515 68.507 65.499 67.491 70.482 72.475 71.467 68.461 70.457 75.453 77.451 78.450 78.449 73.447 67.443 76.437 95.429 14.423 0.000 0.000 55.352 78.349 75.342 79.329 99.313 33.304 0.000 2.390 2.380 2.394 2.399 2.383 4.391 0.000 30.341 82.294 98.247 101.183 106.187 103.356 100.350 108.245 108.173 108.097 100.185 100.971 101.847 101.529 101.503 94.436 71.346 0.000
66.587 66.587 66.587 66.586 66.586 66.585 66.583 66.582 66.580 67.578 74.576 74.572 51.569 19.565 40.560 70.558 64.554 67.550 73.545 76.539 76.534 72.527 68.521 69.514 72.507 71.500 70.494 72.489 76.484 76.481 78.479 77.478 68.478 63.479 65.479 78.479 97.478 107.479 29.480 0.000 0.000 30.440 86.434 88.424 95.407 94.380 30.368 0.000 2.401 0.431 1.443 2.444 0.000 8.440 34.435 78.396 100.323 103.346 102.441 102.448 101.544 108.382 108.315 100.386 101.188 102.052 101.840 101.698 101.657 93.591 85.551 0.000 0.000
66.594 66.593 66.593 66.592 66.592 66.591 66.590 66.589 66.587 68.585 77.583 88.580 64.576 1.573 7.566 55.566 81.563 73.560 71.555 71.551 69.545 68.540 70.534 72.529 70.523 66.518 68.513 80.509 82.506 72.505 66.504 63.505 63.506 68.509 82.511 98.515 95.519 79.527 51.540 19.570 13.571 57.535 86.523 68.515 59.495 51.431 16.419 0.596 0.507 21.496 12.490 2.488 0.000 27.495 78.476 100.401 102.605 101.604 101.718 108.573 108.512 108.448 100.445 102.331 102.045 101.921 101.868 101.797 95.724 82.662 72.626 0.000 0.000
66.600 66.600 66.599 66.599 66.598 66.598 66.597 66.596 66.595 68.593 78.591 65.588 21.583 3.584 0.000 23.576 77.574 69.570 71.566 70.562 68.558 71.553 72.548 69.543 66.539 62.535 72.531 86.529 73.527 63.527 64.528 69.531 79.534 90.538 101.543 94.550 72.558 67.568 86.583 93.600 94.608 98.605 73.609 34.617 6.626 0.000 0.779 0.794 0.000 34.506 21.515 1.574 32.598 78.545 100.574 102.772 101.796 108.740 108.687 108.631 100.709 101.509 102.400 102.100 102.087 102.028 101.955 102.866 90.788 61.705 50.666 8.666 2.666
65.606 65.606 66.606 66.605 66.605 66.605 66.604 66.603 66.603 69.601 79.600 50.599 0.000 9.595 47.596 49.589 66.585 68.581 56.578 38.574 76.570 71.566 67.562 66.558 64.554 66.551 82.548 85.547 67.547 70.548 82.551 91.555 100.560 98.567 86.574 72.583 65.594 81.607 85.622 73.640 54.655 52.670 40.689 20.718 9.766 3.867 1.924 21.952 16.965 0.000 0.000 26.666 78.708 101.822 102.851 100.969 108.840 108.791 100.870 101.682 102.562 102.370 102.249 102.226 102.175 102.125 105.057 68.927 48.858 0.000 0.000 0.000 0.000
74.613 72.613 69.612 67.612 64.612 64.612 64.612 64.611 63.610 68.610 80.609 63.609 44.610 52.606 70.603 66.599 63.596 69.592 64.589 51.586 71.583 65.579 64.576 64.573 66.569 80.567 88.565 54.564 46.565 96.568 101.573 96.579 85.586 75.594 67.603 63.614 74.627 86.642 54.660 29.681 12.703 3.729 20.761 19.801 9.854 10.919 13.968 41.992 25.978 0.000 0.000 58.947 100.984 100.113 108.979 108.935 108.888 100.905 102.800 102.526 102.419 102.390 104.348 99.298 101.268 102.241 113.220 0.000 0.000 0.000 0.000 0.000 0.000
75.621 77.620 83.618 84.617 84.618 81.619 82.619 81.619 80.619 80.618 82.618 65.617 69.617 68.614 65.612 68.609 68.606 67.604 72.601 74.598 68.595 62.593 64.590 66.587 80.584 85.581 74.579 68.579 77.581 100.586 83.594 74.602 66.610 64.620 66.631 65.644 79.658 88.676 52.696 28.720 16.748 18.782 21.823 13.872 14.928 20.987 23.037 16.069 0.000 0.000 37.191 79.205 109.101 109.062 109.022 101.137 101.944 102.844 102.553 102.550 103.508 103.464 76.420 54.359 89.358 103.352 108.361 48.418 0.000 0.000 0.000 0.000 0.000
68.629 62.628 15.622 17.622 26.625 73.627 70.627 70.627 70.627 74.626 83.626 64.625 65.624 64.623 67.621 71.619 72.617 70.615 69.612 72.610 73.608 70.606 64.604 81.601 87.598 78.595 84.592 101.592 98.594 80.602 68.613 64.624 66.634 66.645 65.657 70.671 86.687 88.706 80.728 83.755 54.787 16.828 8.877 7.936 19.999 27.064 17.125 14.179 6.203 32.349 80.368 109.171 109.137 101.278 102.088 102.976 102.789 102.676 102.661 103.615 101.575 95.535 20.514 0.000 71.452 106.449 103.455 102.475 0.000 0.000 0.000 0.000 0.000
66.640 58.639 0.000 0.000 8.635 69.635 65.636 65.636 65.635 69.635 83.634 61.634 65.633 69.632 71.630 72.629 69.627 66.626 64.624 66.623 76.621 89.619 84.618 85.616 62.613 56.609 108.603 94.601 61.603 21.613 41.634 69.646 66.657 66.668 68.681 61.696 45.713 35.733 47.756 87.784 63.818 16.864 11.923 6.996 16.069 21.145 15.223 20.291 20.372 58.487 109.223 100.466 104.206 103.111 102.925 102.816 102.793 102.758 103.717 103.681 68.642 44.588 30.586 33.593 84.550 105.535 101.536 92.551 10.584 0.000 0.000 0.000 0.000
66.650 66.651 49.656 0.000 9.644 70.644 66.644 66.644 65.644 66.644 81.643 68.643 71.642 73.641 72.640 67.639 64.638 65.637 65.636 64.635 74.634 97.633 93.632 80.631 73.629 64.625 40.611 29.606 16.604 0.000 22.664 71.671 66.679 68.690 51.703 25.718 10.736 7.756 49.780 66.806 35.838 7.886 10.955 16.057 23.136 19.223 13.330 6.430 9.734 57.720 109.288 103.355 103.116 102.938 102.924 102.889 102.849 102.812 100.778 91.747 24.725 0.000 41.652 100.641 105.620 103.606 97.603 87.608 5.618 0.000 0.000 0.000 0.000
63.658 65.659 62.661 0.000 5.653 70.653 65.653 63.653 65.653 69.652 73.652 72.652 72.651 70.650 64.650 65.649 65.648 66.648 66.647 71.647 89.647 88.647 81.647 90.648 88.648 59.649 0.000 0.000 0.000 0.000 20.688 71.692 66.700 69.710 40.723 2.738 36.756 62.777 82.800 51.823 3.843 0.041 0.088 5.139 15.195 15.285 15.410 9.684 6.456 109.473 109.383 102.260 103.107 103.008 102.975 102.938 102.902 104.867 89.834 72.806 32.785 8.774 56.727 86.701 95.681 104.668 93.661 82.660 4.662 0.000 0.000 0.000 0.000
70.666 68.667 57.668 0.000 56.663 64.662 66.662 70.662 71.661 72.661 70.661 71.661 69.660 65.660 65.660 66.659 66.659 65.659 67.659 90.659 89.659 71.660 84.661 82.664 86.667 84.675 47.693 3.704 12.710 42.712 47.708 67.711 66.718 66.728 61.740 53.756 70.774 69.795 63.819 85.845 33.867 0.051 0.104 9.166 14.220 12.306 13.414 37.577 61.980 109.557 104.587 104.335 104.076 103.063 103.024 102.988 103.952 101.919 56.887 33.859 45.834 46.811 100.781 102.756 82.737 92.722 87.714 60.709 25.708 0.000 0.000 0.000 0.000
71.674 72.674 69.675 57.676 71.673 71.671 71.671 72.670 72.670 73.670 85.670 67.670 65.670 65.669 66.669 66.669 66.669 67.669 81.670 92.670 67.671 71.673 98.675 90.678 78.683 81.690 84.700 68.708 73.715 88.718 81.721 69.725 62.732 62.742 73.755 89.771 76.789 48.811 20.837 75.869 64.913 13.988 17.059 22.139 18.214 9.306 11.378 52.661 104.907 109.636 101.566 104.218 105.147 103.110 103.073 103.037 96.002 85.968 42.937 13.907 22.880 23.855 84.829 126.806 107.786 83.772 75.762 54.756 63.753 16.753 0.000 2.917 6.917
76.681 76.681 72.681 72.682 72.681 73.680 73.679 69.679 66.679 65.679 28.679 18.679 69.679 66.679 66.679 66.679 65.680 68.680 92.681 78.682 63.683 69.685 86.688 103.691 98.696 95.702 93.709 89.716 85.721 84.726 92.731 89.737 83.744 79.754 82.767 86.782 48.801 12.823 11.849 27.881 23.929 8.992 18.051 28.116 24.192 15.296 8.453 51.701 109.781 109.710 104.459 106.303 103.191 103.159 104.121 100.085 84.050 77.016 82.984 88.954 72.926 94.899 109.874 126.851 135.832 119.817 81.805 86.798 61.795 0.000 0.000 0.000 0.000
15.688 16.688 76.687 71.688 71.688 66.688 63.688 65.688 60.687 13.688 13.688 2.688 70.688 66.688 66.689 66.689 66.690 84.691 91.692 64.693 66.695 66.697 69.699 75.703 77.707 77.712 73.718 76.724 92.729 85.734 76.740 79.746 86.754 90.764 93.776 90.791 65.809 30.831 13.855 12.876 0.000 2.001 13.036 22.084 6.138 0.000 21.651 81.895 109.849 101.802 105.528 105.264 103.248 103.206 104.168 99.131 86.096 52.062 59.029 101.999 112.970 144.942 135.917 107.893 95.873 112.857 91.845 85.837 60.834 0.000 0.000 0.000 0.000
2.696 11.695 25.693 80.695 65.696 63.696 65.696 65.696 66.696 13.696 4.697 59.697 67.697 66.698 66.698 66.699 68.700 92.701 77.702 63.704 66.705 66.708 66.710 65.714 65.718 65.722 64.727 71.732 100.737 79.742 10.748 18.754 30.762 81.771 91.782 75.796 80.814 67.838 19.864 16.892 1.931 6.974 20.008 12.046 0.000 0.000 39.811 109.981 109.916 104.684 106.424 102.332 103.292 103.253 103.214 103.177 90.141 53.106 68.073 105.042 101.012 134.983 129.957 98.933 103.911 89.894 70.880 88.872 66.870 0.887 0.000 0.000 0.000
64.704 60.704 0.000 72.704 82.704 83.704 64.704 76.704 83.705 59.705 57.705 67.706 66.707 66.707 66.708 66.709 85.710 89.711 64.712 66.714 65.716 64.718 66.721 66.724 66.728 66.732 65.736 73.741 102.745 83.750 29.755 2.761 53.768 78.776 91.785 70.798 60.814 19.841 12.871 15.898 13.928 21.956 25.975 0.024 0.000 18.732 80.982 110.044 101.941 105.662 105.404 103.382 103.338 103.298 103.259 104.221 95.185 84.150 107.116 132.083 120.052 137.023 133.995 127.969 134.946 100.926 77.911 87.901 95.898 24.904 0.000 0.000 0.000
66.712 65.713 60.716 66.713 65.713 13.712 87.712 79.713 66.713 67.714 67.714 66.715 66.716 66.716 66.717 69.718 92.720 75.721 65.722 66.724 72.726 80.729 66.731 64.734 66.738 65.741 68.745 92.749 100.753 75.757 63.762 51.767 73.773 72.779 33.786 18.795 15.805 0.000 4.880 4.901 5.926 6.948 8.961 0.000 21.797 78.948 101.116 110.105 102.903 103.545 103.467 103.424 103.382 103.341 103.302 104.264 95.227 78.191 74.157 107.123 97.091 111.060 114.031 102.003 103.977 75.954 52.936 66.923 133.916 86.915 21.918 11.918 33.918
66.720 66.720 66.721 66.721 66.720 60.720 76.721 92.721 68.722 65.722 66.723 66.724 66.725 66.726 65.727 88.728 90.729 64.730 66.732 67.733 64.736 26.738 85.741 80.744 67.747 65.750 83.754 102.757 86.761 66.765 66.769 67.773 70.777 74.781 11.786 12.790 0.000 1.865 16.869 0.000 0.000 0.000 0.000 0.000 44.914 102.084 110.221 110.164 102.788 103.621 103.504 103.467 103.424 103.384 103.344 102.306 87.268 89.232 109.197 128.162 127.129 132.097 137.065 124.034 122.005 108.977 57.955 55.939 131.929 95.924 33.920 26.919 91.918
66.727 66.727 66.727 66.728 66.728 66.728 66.729 77.729 92.730 68.731 65.732 66.733 66.734 64.735 72.736 93.738 73.739 65.740 67.741 65.742 7.745 4.748 73.751 74.754 80.756 79.759 87.762 86.765 67.768 65.772 67.775 70.778 75.781 75.783 0.000 0.000 0.000 3.861 27.861 14.859 15.858 14.858 0.000 6.052 53.177 107.303 110.276 102.127 103.840 103.574 103.553 103.507 103.466 103.425 103.385 103.346 89.309 85.272 106.236 107.200 107.166 110.132 110.098 109.065 114.031 86.996 62.968 77.948 92.937 31.931 0.000 0.000 35.918
66.734 68.734 68.734 66.735 66.735 66.736 66.736 66.737 77.738 92.739 68.740 63.741 63.743 80.744 92.746 86.747 63.749 66.750 62.750 8.749 5.755 59.758 66.761 66.763 72.766 89.768 89.771 82.773 75.776 67.778 54.781 24.784 89.786 69.787 0.000 0.000 0.000 2.857 16.857 9.857 23.857 12.857 0.000 6.220 26.305 110.384 110.331 102.996 103.729 103.634 103.591 103.548 103.506 103.465 103.425 104.386 99.348 89.311 84.274 83.238 83.202 83.167 83.132 87.096 61.057 5.008 30.971 86.951 82.939 43.931 5.927 0.000 34.918
67.741 4.741 5.740 66.742 65.743 64.743 64.744 63.745 63.746 76.747 91.749 84.750 91.752 93.753 80.755 64.757 71.758 71.760 59.762 0.000 7.768 70.769 66.771 68.773 92.775 99.777 77.779 68.781 75.783 82.785 70.788 6.790 49.792 67.793 0.000 0.000 0.000 3.852 9.853 6.856 20.856 0.000 0.000 6.326 11.657 110.437 108.248 103.960 103.700 103.676 103.629 103.586 103.544 103.504 103.464 103.425 104.387 103.349 101.312 100.275 100.238 101.202 103.166 77.130 19.094 0.000 15.959 71.946 102.936 93.928 66.924 42.920 59.918
66.749 65.749 0.749 65.750 76.750 80.751 84.752 89.753 92.754 93.755 93.757 93.759 79.760 66.762 82.764 99.766 100.769 100.771 93.774 71.780 6.779 67.780 65.781 74.783 102.784 89.786 66.787 65.789 67.791 70.792 61.794 6.796 26.798 26.799 0.000 0.000 0.000 9.845 4.849 0.000 3.856 0.000 14.317 15.587 6.293 110.487 112.198 107.835 103.755 103.710 103.666 103.623 103.582 103.542 103.502 103.464 103.426 103.388 103.350 103.311 104.273 107.236 79.201 12.165 0.000 4.848 0.000 16.938 72.930 103.923 94.919 70.917 47.918
66.756 68.757 64.759 66.758 81.758 80.759 76.759 72.761 71.762 67.763 88.765 78.767 89.769 80.771 96.773 92.776 85.778 86.781 97.784 103.787 92.788 93.790 85.791 93.792 101.793 74.795 65.796 66.797 66.798 65.799 65.801 67.802 62.804 11.808 71.815 62.821 1.827 3.834 0.000 0.000 0.000 5.242 83.307 80.516 110.580 110.534 106.074 106.902 103.784 103.746 103.702 103.660 103.619 103.579 103.540 103.502 103.464 103.426 103.388 105.348 110.305 79.269 19.235 0.000 0.000 1.848 0.848 0.000 13.923 64.916 99.912 49.911 0.000
68.763 4.764 63.764 66.765 66.765 66.766 65.767 66.768 68.770 66.771 78.773 73.775 82.778 93.780 81.783 66.785 67.788 68.791 69.794 74.796 87.798 97.799 103.801 101.802 90.803 66.803 66.804 66.805 66.806 66.806 67.807 90.808 63.810 3.812 67.816 17.821 11.826 4.830 0.000 0.000 0.000 15.207 103.414 105.621 110.624 104.407 104.113 103.847 103.825 103.779 103.736 103.695 103.654 103.615 103.577 103.539 103.502 103.465 105.428 90.388 44.331 11.300 0.000 3.849 1.849 21.849 28.849 0.000 0.000 35.905 97.904 49.903 0.000
69.770 2.770 63.771 66.771 66.772 66.773 66.774 67.775 5.777 65.779 69.781 80.784 80.786 88.789 93.792 79.795 64.798 64.801 64.803 66.806 68.808 69.810 70.811 70.812 69.812 68.812 64.812 64.813 65.813 66.813 77.813 91.814 62.814 56.815 58.816 0.000 0.000 4.830 0.000 0.000 0.000 19.279 102.397 110.708 110.666 103.265 103.994 103.898 103.855 103.811 103.769 103.728 103.689 103.650 103.613 103.576 103.540 103.504 108.472 64.446 0.000 0.000 1.852 0.000 1.849 16.849 23.849 0.000 0.000 38.896 98.895 57.894 0.000
