results2_8e3_rain/res_3e8f-0064.wd
ncols         241
nrows         181
xllcorner     12693529.787448
yllcorner     3542525.717860
cellsize      155.156523
NODATA_value  -9999.000000
[rows 132 to 164 of 181, columns 0 to 73 of 241]
90.944 95.944 99.943 99.943 101.942 101.942 95.941 86.940 72.939 61.937 60.936 61.934 60.932 59.929 64.926 78.923 89.919 94.915 94.909 91.902 83.893 74.882 65.867 59.848 64.823 66.791 65.753 66.709 64.671 59.636 73.601 96.568 63.540 0.000 0.000 0.000 3.162 55.154 67.147 64.119 66.096 72.080 90.073 76.072 60.073 59.076 59.081 71.088 92.095 33.103 6.111 1.131 0.000 0.000 0.000 0.000 0.000 0.000 0.000 0.000 0.000 0.000 0.000 0.000 23.390 3.309 7.229 48.126 70.976 74.872 74.760 84.843 112.305 102.653
68.951 70.951 73.951 79.950 89.950 95.949 100.948 100.947 93.946 79.945 68.943 62.941 66.939 73.937 86.934 101.930 100.926 97.922 97.916 100.909 100.900 96.889 84.875 72.857 64.835 59.809 60.779 59.747 60.717 68.690 90.664 98.643 10.629 0.000 0.000 0.000 13.171 41.179 59.214 68.207 69.188 66.166 67.163 77.161 72.158 65.154 69.151 77.147 90.145 31.143 17.135 23.150 3.159 0.000 0.000 0.000 0.000 0.000 0.000 0.000 0.000 0.000 0.000 0.000 5.471 0.000 55.254 77.172 73.047 82.015 73.074 112.433 101.189 102.700
60.959 60.959 60.959 62.958 67.958 71.957 78.956 87.955 95.954 98.953 92.951 90.949 92.947 95.944 94.942 87.938 78.935 76.930 76.924 81.917 87.909 94.898 97.886 96.870 85.852 75.831 70.808 68.784 77.761 93.741 94.724 80.711 13.705 0.000 0.000 0.000 0.000 0.000 42.322 69.308 48.284 36.234 51.252 66.252 81.244 85.233 87.220 88.206 84.195 11.188 0.000 26.166 23.168 11.171 17.171 11.171 0.000 0.000 0.000 0.000 0.000 0.000 39.701 9.648 75.551 97.482 130.331 86.300 81.347 62.300 98.361 102.867 102.769 111.493
61.967 61.967 61.967 61.966 60.966 59.965 61.964 66.963 72.962 82.961 92.959 94.957 87.955 77.953 71.950 63.947 59.944 59.939 59.934 61.928 66.920 72.911 79.900 91.887 96.872 98.855 97.838 93.820 96.803 89.789 71.779 63.773 42.775 0.820 0.000 0.000 0.000 0.000 35.444 68.420 11.404 0.000 44.359 69.349 88.334 96.314 82.290 85.262 71.240 29.226 0.000 53.180 22.177 14.173 25.172 25.172 0.000 0.000 0.000 0.000 0.000 26.812 45.755 118.692 147.610 130.488 114.038 112.979 104.646 103.285 103.154 103.016 68.239 113.152
61.975 61.975 61.975 61.975 61.974 61.974 61.973 60.972 60.971 63.969 69.968 68.966 64.964 60.962 60.959 60.957 61.954 61.950 61.945 61.940 60.933 59.925 61.916 67.905 74.893 83.880 91.867 87.855 76.843 64.834 60.829 65.828 73.836 49.860 27.866 27.849 13.805 14.724 50.589 71.526 21.508 3.524 63.477 95.452 97.428 76.400 79.363 78.314 66.277 55.251 6.224 34.197 8.187 0.000 9.172 0.000 0.000 0.000 0.000 0.000 0.000 7.871 70.814 76.729 72.712 73.868 71.839 103.634 103.524 103.409 70.598 73.372 75.240 76.901
61.984 61.984 61.984 61.983 61.983 61.982 61.982 61.981 61.980 61.978 60.977 60.975 60.973 61.971 61.969 61.967 61.964 61.961 61.957 61.953 61.947 61.941 61.933 60.925 59.916 60.906 64.897 62.888 61.881 65.876 68.873 67.875 65.881 67.889 67.890 64.875 64.841 68.779 43.661 29.588 18.577 36.588 81.574 95.553 75.527 68.494 67.447 47.355 43.303 6.277 0.000 0.000 0.000 0.000 0.000 0.000 3.347 18.320 33.270 3.200 17.113 79.958 86.940 85.008 82.990 84.068 103.838 103.738 84.854 91.642 84.492 90.262 82.100 61.037
61.993 61.993 61.993 61.992 61.992 61.992 61.991 61.990 61.989 61.988 61.986 61.984 61.982 61.980 61.979 61.977 61.976 61.974 61.971 60.967 67.962 69.957 61.951 60.945 59.939 60.932 62.926 65.921 68.917 67.915 62.915 63.918 70.922 73.927 69.928 63.922 60.907 69.889 0.885 0.000 3.626 76.675 85.677 72.660 64.633 84.603 30.577 0.000 0.000 0.000 0.000 0.000 0.000 0.000 0.000 0.000 28.374 70.342 99.293 60.224 93.103 101.255 98.213 97.301 104.120 104.030 103.936 96.945 98.818 98.514 97.372 96.301 14.215 0.000
62.002 62.002 62.002 62.001 62.001 62.001 62.000 62.000 61.999 61.998 64.996 64.994 62.991 66.989 64.988 61.988 61.988 61.987 60.985 58.982 69.979 77.975 63.970 60.966 62.962 65.958 67.954 66.952 63.951 65.951 70.954 72.958 73.964 73.970 68.974 62.976 71.977 90.984 10.015 0.000 0.000 50.809 73.800 70.778 74.743 94.706 28.682 0.000 0.000 0.000 0.000 0.000 0.000 0.644 0.000 26.490 78.436 94.381 97.308 102.303 99.464 96.452 104.366 104.288 104.206 96.264 97.046 97.915 97.594 97.563 90.493 67.398 0.000 0.000
62.011 62.011 62.011 62.011 62.011 62.011 62.010 62.010 62.009 63.008 70.006 70.004 47.000 14.995 35.997 66.000 60.001 63.001 69.000 71.998 71.995 67.993 63.990 64.987 67.985 66.983 65.981 67.982 71.983 71.986 73.991 72.998 64.005 59.014 61.022 74.031 93.040 103.054 25.071 0.000 0.000 25.952 81.937 83.907 90.856 89.797 25.764 0.000 0.000 0.000 0.000 0.000 0.000 4.645 30.612 74.552 96.466 99.478 98.564 98.564 97.654 104.515 104.442 96.476 97.273 98.132 97.916 97.769 97.724 89.656 81.613 0.000 0.000 0.000
62.020 62.020 62.020 62.020 62.021 62.021 62.021 62.020 62.020 64.019 73.018 84.015 60.012 0.000 3.006 51.014 77.016 69.016 67.015 67.014 65.013 64.011 66.009 68.008 66.007 62.007 64.008 76.010 78.014 68.020 62.027 59.036 59.047 64.058 78.071 94.085 91.100 75.120 47.145 15.184 9.177 53.111 82.088 64.058 54.975 46.862 11.813 0.000 0.000 0.000 0.000 0.000 0.000 23.679 74.646 96.556 98.746 97.736 97.843 104.723 104.656 104.586 96.542 98.422 98.132 98.003 97.946 97.872 91.794 78.729 68.692 0.000 0.000 0.000
62.030 62.030 62.030 62.030 62.030 62.031 62.031 62.031 62.031 64.031 74.030 61.027 17.019 0.000 0.000 19.034 73.034 65.033 67.032 66.031 64.030 67.029 68.029 65.029 62.029 58.030 68.033 82.037 69.043 59.051 60.061 65.073 75.087 86.102 97.118 90.136 68.157 63.180 82.206 89.230 90.236 94.227 69.246 30.263 2.280 0.000 0.000 0.000 0.000 0.000 0.000 0.000 28.794 74.724 96.738 98.921 97.938 104.908 104.849 104.788 96.818 97.613 98.497 98.193 98.175 98.113 98.036 98.943 86.861 57.775 46.733 4.733 0.000 0.000
61.040 61.040 62.039 62.040 62.040 62.041 62.042 62.043 62.043 65.044 75.045 46.045 0.000 5.070 43.066 45.055 62.051 64.049 52.048 34.048 72.048 67.048 63.048 62.049 60.050 62.053 78.057 81.063 63.071 66.081 78.094 87.109 96.125 94.143 82.164 68.186 61.211 77.239 81.268 69.294 50.311 48.314 36.405 16.469 5.544 0.000 0.000 18.221 13.221 0.000 0.000 22.881 74.896 97.992 99.009 97.118 105.020 104.965 96.989 97.796 98.670 98.473 98.348 98.321 98.266 98.212 101.140 65.005 44.933 0.000 0.000 0.000 0.000 0.000
70.050 68.049 65.049 63.049 60.050 60.052 60.053 60.054 59.056 64.057 76.059 59.063 40.072 48.074 66.073 62.069 59.066 65.065 60.065 47.065 67.065 61.066 60.067 60.068 62.071 76.074 84.079 50.086 42.096 92.109 97.125 92.143 81.162 71.183 63.207 59.234 70.263 82.296 50.332 25.369 8.400 0.000 16.591 15.663 5.787 7.009 10.149 38.221 22.221 0.000 0.000 55.133 97.160 96.279 105.179 105.128 105.075 97.031 98.917 98.640 98.529 98.495 100.449 95.394 97.361 98.331 109.307 0.000 0.000 0.000 0.000 0.000 0.000 0.000
71.061 73.059 79.057 80.058 80.060 77.062 78.064 77.066 76.068 76.070 78.072 61.076 65.080 64.082 61.083 64.082 64.081 63.080 68.081 70.081 64.082 58.084 60.085 62.087 76.090 81.093 70.098 64.106 73.118 96.134 79.154 70.175 62.198 60.221 62.248 61.278 75.312 84.351 48.396 24.449 12.519 14.639 17.707 9.804 10.934 17.090 19.217 12.293 0.000 0.000 33.371 75.382 105.321 105.276 105.229 97.273 98.074 98.967 98.673 98.666 99.620 99.571 72.523 50.457 85.452 99.443 104.449 44.505 0.000 0.000 0.000 0.000 0.000 0.000
64.072 58.071 11.064 13.064 22.070 69.074 66.076 66.078 66.080 70.082 79.084 60.087 61.090 60.092 63.094 67.094 68.095 66.095 65.096 68.098 69.100 66.102 60.104 77.106 83.109 74.111 80.115 97.122 94.135 76.156 64.183 60.207 62.231 62.256 61.285 66.318 82.357 84.401 76.451 79.512 50.590 12.690 4.792 3.914 16.053 23.201 13.335 10.444 2.517 28.584 76.566 105.405 105.364 97.423 98.228 99.108 98.919 98.802 98.783 99.733 97.688 91.644 16.620 0.000 67.546 102.540 99.544 98.560 0.000 0.000 0.000 0.000 0.000 0.000
62.087 54.087 0.000 0.000 4.084 65.086 61.088 61.090 61.092 65.094 79.096 57.099 61.101 65.104 67.106 68.107 65.108 62.110 60.112 62.114 72.116 85.119 80.122 81.125 58.127 52.129 104.129 90.133 57.145 17.172 37.214 65.240 62.264 62.289 64.317 57.352 41.397 31.444 43.496 83.559 59.638 12.739 7.860 3.004 12.165 17.325 11.482 16.610 16.744 54.782 105.467 96.619 100.354 99.253 99.064 98.952 98.925 98.886 99.841 99.800 64.758 40.698 26.693 29.695 80.647 101.628 97.624 88.632 6.655 0.000 0.000 0.000 0.000 0.000
62.101 62.103 45.110 0.000 5.095 66.099 62.101 62.102 61.104 62.106 77.108 64.110 67.113 69.116 68.118 63.120 60.122 61.125 61.127 60.130 70.133 93.137 89.141 76.144 69.147 60.147 36.138 25.137 12.141 0.000 18.261 67.275 62.295 64.318 47.344 21.377 6.434 3.481 45.531 62.588 31.665 3.769 6.903 12.079 19.278 15.454 9.651 2.901 6.235 54.063 105.544 99.508 99.264 99.083 99.065 99.027 98.983 98.942 96.904 87.870 20.844 0.000 37.758 96.745 101.719 99.702 93.693 83.690 1.679 0.000 0.000 0.000 0.000 0.000
59.113 61.114 58.117 0.000 1.113 66.113 61.114 59.115 61.116 65.117 69.119 68.122 68.125 66.128 60.131 61.133 61.136 62.139 62.142 67.146 85.150 84.154 77.159 86.165 84.170 55.175 0.000 0.000 0.000 0.000 16.294 67.305 62.322 65.344 36.364 0.000 32.482 58.516 78.559 47.599 0.000 0.000 0.000 1.318 11.413 11.564 11.805 6.259 4.002 105.762 105.656 98.418 99.258 99.156 99.119 99.078 99.038 100.999 85.963 68.930 28.905 4.890 52.837 82.807 91.784 100.767 89.757 78.754 0.759 0.000 0.000 0.000 0.000 0.000
66.124 64.125 53.126 0.000 52.130 60.127 62.127 66.127 67.128 68.129 66.131 67.133 65.137 61.140 61.144 62.147 62.150 61.153 63.157 86.161 85.166 67.172 80.178 78.185 82.194 80.207 43.229 0.000 8.307 38.313 43.316 63.328 62.347 62.372 57.404 49.456 66.497 65.540 59.591 81.649 29.720 0.000 0.000 5.342 10.435 8.582 9.775 34.048 58.546 105.858 100.759 100.494 100.231 99.214 99.171 99.131 100.091 98.053 53.017 29.984 41.955 42.927 96.893 98.864 78.841 88.824 83.815 56.815 21.832 0.000 0.000 0.000 0.000 0.000
67.134 68.135 65.138 53.143 67.140 67.139 67.139 68.139 68.139 69.140 81.141 63.144 61.149 61.153 62.157 62.160 62.164 63.167 77.172 88.176 63.182 67.188 94.195 86.204 74.215 77.230 80.251 64.279 69.302 84.316 77.328 65.344 58.365 58.392 69.425 85.467 72.510 44.558 16.614 71.687 60.792 9.948 13.101 18.266 14.402 5.555 7.685 49.014 101.285 105.945 97.739 100.382 101.306 99.264 99.223 99.183 92.143 82.105 39.069 10.035 19.003 19.973 80.942 122.915 103.892 79.874 71.863 50.859 59.862 12.862 0.000 0.000 2.931 23.931
72.142 72.145 68.147 68.150 68.150 69.150 69.151 65.151 62.151 61.151 24.150 14.152 65.162 62.167 62.170 62.174 61.177 64.181 88.186 74.191 59.197 65.204 82.212 99.221 94.233 91.247 89.265 85.285 81.304 80.321 88.337 85.356 79.379 75.406 78.438 82.476 44.518 8.566 7.622 23.694 19.812 4.950 14.091 24.218 20.353 11.521 4.717 47.979 106.105 106.026 100.637 102.471 99.354 99.317 100.275 96.234 80.194 73.155 79.119 85.084 69.050 91.019 105.988 122.961 131.937 115.918 77.905 82.897 57.895 0.000 0.000 0.000 0.000 0.000
11.148 12.154 72.156 67.159 67.161 62.162 59.163 61.163 56.163 9.162 9.156 0.000 66.180 62.182 62.184 62.187 62.191 80.195 87.199 60.205 62.211 62.218 65.227 71.236 73.248 73.261 69.276 72.293 88.310 81.326 72.344 75.364 82.388 86.414 89.445 86.481 61.521 26.567 9.614 8.654 0.000 0.000 9.093 18.164 2.264 0.000 17.901 78.146 106.181 97.996 101.704 101.437 99.415 99.368 100.325 95.284 82.243 48.204 55.167 98.131 109.096 141.063 132.032 104.004 91.978 108.957 87.941 81.930 56.925 0.000 0.000 0.000 0.000 0.000
0.000 7.169 21.165 76.170 61.172 59.174 61.175 61.176 62.177 9.178 0.185 55.202 63.196 62.196 62.198 62.201 64.204 88.208 73.213 59.218 62.224 62.232 62.240 61.250 61.261 61.273 60.287 67.301 96.316 75.331 6.347 14.368 26.395 77.419 87.447 71.480 76.520 63.566 15.613 12.654 0.000 2.964 16.025 8.094 0.000 0.000 36.062 106.329 106.255 100.877 102.606 98.508 99.463 99.418 99.375 99.332 86.291 49.251 64.213 101.176 97.140 131.106 126.074 95.043 100.015 85.991 66.971 84.958 62.950 0.000 0.000 0.000 0.000 0.000
60.193 56.187 0.000 68.184 78.185 79.186 60.187 72.189 79.191 55.196 53.205 63.208 62.208 62.209 62.210 62.213 81.217 85.221 60.225 62.230 61.237 60.244 62.253 62.263 62.273 62.284 61.296 69.309 98.322 79.335 25.345 0.000 49.403 74.420 87.444 66.474 56.511 15.566 8.619 11.694 9.811 17.903 21.949 0.000 0.000 15.028 77.248 106.401 98.150 101.853 101.590 99.562 99.512 99.467 99.423 100.380 91.338 80.298 103.258 128.220 116.183 133.148 130.113 124.080 131.049 97.020 73.996 83.979 91.969 20.968 0.000 0.000 0.000 0.000
62.199 61.198 56.201 62.197 61.197 9.197 83.199 75.201 62.204 63.208 63.213 62.216 62.218 62.220 62.223 65.226 88.229 71.233 61.237 62.242 68.248 76.255 62.265 60.275 62.284 61.294 64.305 88.317 96.328 71.341 59.354 47.374 69.395 68.414 29.437 14.460 11.486 0.000 0.382 0.690 1.837 2.888 4.918 0.000 18.180 75.275 97.398 106.472 99.110 99.741 99.657 99.608 99.560 99.514 99.469 100.426 91.384 74.343 70.303 103.263 93.225 107.188 110.151 98.115 100.079 72.045 49.015 62.992 129.977 82.968 17.959 7.950 29.942 50.937
62.207 62.207 62.207 62.207 62.208 56.209 72.211 88.213 64.216 61.219 62.223 62.226 62.229 62.231 61.234 84.238 86.241 60.245 62.248 63.253 60.258 22.264 81.277 76.287 63.295 61.304 79.314 98.324 82.334 62.346 62.358 63.372 66.388 70.405 7.428 8.444 0.000 0.000 5.803 0.000 0.000 0.000 0.000 0.000 41.352 98.453 106.608 106.540 99.000 99.821 99.698 99.655 99.606 99.560 99.515 98.471 83.428 85.387 105.346 124.306 123.266 128.228 133.189 120.150 118.109 105.065 54.027 51.999 127.980 91.968 29.959 22.949 87.939 120.935
62.215 62.214 62.215 62.216 62.218 62.220 62.222 73.224 88.227 64.230 61.233 62.237 62.240 60.243 68.246 89.249 69.253 61.256 63.260 61.263 3.267 0.282 69.294 70.299 76.306 75.314 83.322 82.331 63.340 61.349 63.360 66.370 71.380 71.388 0.000 0.000 0.000 0.000 16.772 3.748 4.728 3.721 0.000 2.897 49.728 103.708 106.674 98.357 100.050 99.778 99.751 99.699 99.651 99.605 99.559 99.515 85.472 81.430 102.388 103.348 103.307 106.267 106.227 105.186 110.141 83.079 59.027 73.997 88.977 27.965 0.000 0.000 31.932 57.930
62.224 64.220 64.222 62.226 62.228 62.231 62.233 62.235 73.238 88.241 64.244 59.247 59.251 76.254 88.258 82.261 59.265 62.268 58.271 4.272 1.288 55.304 62.306 62.311 68.316 85.323 85.330 78.337 71.345 63.353 50.361 20.368 85.375 65.379 0.000 0.000 0.000 0.000 5.768 0.000 12.719 1.718 0.000 3.183 23.067 106.805 106.740 99.223 99.943 99.841 99.792 99.742 99.695 99.648 99.603 100.559 95.515 85.473 80.431 79.389 79.348 79.307 79.267 83.227 57.189 1.092 27.007 82.984 78.965 39.950 1.936 0.000 30.925 76.926
63.238 0.236 1.230 62.237 61.240 60.241 60.243 59.246 59.248 72.251 87.255 80.258 87.262 89.266 76.269 60.273 67.277 67.281 55.285 0.000 3.309 66.313 62.317 64.321 88.326 95.331 73.337 64.343 71.350 78.356 66.362 2.368 45.372 63.375 0.000 0.000 0.000 0.000 0.000 0.000 9.715 0.000 0.000 3.462 8.765 106.869 104.492 100.183 99.917 99.886 99.833 99.784 99.737 99.691 99.645 99.601 100.558 99.515 97.472 96.430 96.388 97.346 99.306 73.267 15.228 0.000 11.987 67.967 98.949 89.934 62.922 38.914 55.918 58.921
62.252 61.256 0.000 61.250 72.251 76.253 80.254 85.256 88.259 89.262 89.266 89.269 75.273 62.277 78.281 95.285 96.290 96.295 89.302 67.314 2.318 63.322 61.326 70.331 98.335 85.340 62.345 61.350 63.355 66.360 57.365 2.369 22.372 22.373 0.000 0.000 0.000 0.000 0.000 0.000 0.000 0.000 11.321 12.799 4.745 106.929 108.437 104.061 99.975 99.923 99.873 99.825 99.778 99.732 99.687 99.643 99.600 99.557 99.514 99.470 100.426 103.385 75.345 8.306 0.000 0.000 0.000 12.949 68.931 99.915 90.905 66.902 43.912 12.916
62.261 64.261 60.266 62.263 77.263 76.263 72.265 68.266 67.269 63.273 84.276 74.280 85.284 76.288 92.292 88.297 81.302 82.308 93.315 99.322 88.328 89.332 81.336 89.340 97.344 70.348 61.352 62.356 62.360 61.364 61.368 63.371 58.373 7.374 67.375 58.375 0.000 0.000 0.000 0.000 0.000 1.902 80.062 77.290 107.030 106.982 102.318 103.131 100.006 99.962 99.912 99.864 99.817 99.772 99.728 99.685 99.642 99.600 99.557 101.511 106.463 75.422 15.384 0.000 0.000 0.000 0.000 0.000 9.910 60.890 95.880 45.876 0.000 0.000
64.271 0.268 59.274 62.273 62.273 62.274 61.275 62.276 64.278 62.283 74.287 69.291 78.295 89.299 77.304 62.308 63.314 64.320 65.326 70.333 83.338 93.342 99.346 97.350 86.353 62.356 62.359 62.363 62.366 62.369 63.372 86.374 59.375 0.000 63.377 13.376 7.375 0.369 0.000 0.000 0.000 11.746 99.979 102.171 107.074 100.666 100.350 100.078 100.050 99.997 99.949 99.902 99.856 99.812 99.768 99.726 99.684 99.643 101.601 86.556 40.492 7.457 0.000 0.000 0.000 0.000 0.000 0.000 0.000 31.855 93.850 45.847 0.000 0.000
65.281 0.000 59.283 62.283 62.283 62.284 62.285 63.286 1.286 61.295 65.299 76.303 76.307 84.311 89.315 75.319 60.325 60.331 60.338 62.344 64.349 65.353 66.357 66.360 65.362 64.364 60.367 60.369 61.373 62.375 73.377 87.377 58.378 52.380 54.379 0.000 0.000 0.365 0.000 0.000 0.000 15.730 98.837 107.152 107.112 99.517 100.233 100.131 100.081 100.032 99.984 99.938 99.894 99.850 99.808 99.766 99.725 99.686 104.649 60.620 0.000 0.000 0.000 0.000 0.000 0.000 0.000 0.000 0.000 34.824 94.819 53.814 0.000 0.000
