results2_8e3_rain/res_3e8f-0064.wd
ncols         241
nrows         181
xllcorner     12693529.787448
yllcorner     3542525.717860
cellsize      155.156523
NODATA_value  -9999.000000
[rows 66 to 98 of 181, columns 74 to 147 of 241]
29.445 0.000 54.698 71.679 70.653 70.628 0.000 42.096 42.079 55.087 51.094 50.074 50.031 48.966 124.873 112.730 0.000 0.000 0.000 45.701 40.656 45.590 48.545 48.505 50.469 51.439 56.410 57.380 58.341 49.284 0.000 0.000 46.837 96.837 78.748 82.601 82.681 80.729 88.668 81.124 81.595 82.326 81.091 80.862 81.651 51.491 0.000 0.000 0.000 0.000 0.000 0.000 0.000 20.034 18.016 17.981 17.932 17.871 17.806 21.735 34.656 31.569 16.476 27.379 36.288 15.203 18.121 24.041 28.962 24.884 18.808 16.733 14.659 29.588
56.436 0.000 42.891 66.859 65.834 59.835 12.908 0.000 0.000 48.155 61.223 50.222 49.192 50.146 31.082 0.000 0.000 0.000 0.000 0.000 0.000 56.552 54.532 52.507 35.472 38.441 45.411 46.388 51.360 42.322 0.000 0.000 0.000 57.077 74.984 81.917 82.005 89.109 88.896 81.205 81.886 81.589 81.371 81.153 75.959 33.822 0.000 0.000 31.015 0.000 0.000 0.000 26.070 21.071 18.050 18.014 17.965 17.906 17.841 17.770 17.693 24.610 38.523 39.435 22.348 16.264 17.182 18.102 22.024 20.946 16.869 16.793 17.720 36.649
51.407 56.291 54.115 68.032 60.988 61.971 58.981 0.000 0.000 0.000 63.422 58.398 53.369 55.344 2.339 0.000 0.000 0.000 0.000 0.000 0.000 55.534 51.526 42.517 0.000 0.000 43.406 55.401 54.389 0.000 0.000 2.778 59.661 51.410 55.233 62.310 77.368 89.307 80.963 82.508 82.065 81.868 81.643 79.422 62.211 41.016 47.015 45.015 26.015 0.000 0.000 0.000 0.000 35.128 17.100 18.059 22.008 29.949 19.884 17.813 16.736 20.656 35.573 42.488 34.405 20.323 15.243 17.163 17.085 17.006 16.928 15.852 22.779 43.708
50.440 54.350 65.245 59.168 52.115 71.081 60.064 12.073 0.000 5.770 55.643 71.581 66.543 66.522 69.526 0.000 0.000 0.000 0.000 1.519 1.520 53.524 44.522 47.518 0.000 0.000 0.000 91.423 118.406 33.406 0.000 58.895 53.797 53.639 53.549 49.634 89.671 89.495 82.017 85.615 82.354 82.137 81.915 73.680 26.446 0.000 49.015 27.015 0.000 0.000 0.000 23.321 22.286 21.214 17.164 21.114 33.060 37.999 35.932 28.860 18.784 27.705 35.623 14.542 20.460 33.381 30.302 26.224 34.146 15.066 16.985 14.908 27.837 50.766
56.500 66.426 58.348 50.279 50.223 63.172 71.122 67.083 70.016 71.896 66.802 61.739 63.699 52.677 51.669 0.000 0.000 0.000 2.517 58.518 57.518 45.519 47.518 48.516 52.513 51.512 0.000 2.461 0.000 0.000 5.262 65.111 57.991 52.837 53.933 51.982 89.831 51.651 59.232 73.821 81.634 82.413 80.199 38.940 0.000 0.000 0.000 0.000 0.000 0.000 24.380 18.356 18.324 18.277 19.228 29.175 38.118 37.054 36.985 32.912 28.835 38.756 21.675 16.595 17.515 17.437 27.361 40.286 27.209 15.128 16.038 21.959 9.893 14.825
67.570 57.506 50.441 51.380 51.324 53.265 37.169 63.119 61.069 52.997 49.928 48.875 64.838 66.816 53.806 0.000 0.000 0.000 58.517 54.517 51.517 44.517 48.516 48.514 48.512 48.510 7.506 10.500 11.532 13.521 81.413 78.299 67.182 66.146 55.150 90.113 89.979 53.711 60.354 55.123 61.920 80.683 55.527 0.000 0.000 0.000 0.000 0.000 0.000 0.000 24.403 18.399 18.379 18.342 19.295 28.242 38.181 37.115 36.043 32.968 37.889 31.808 15.727 17.647 17.568 17.492 27.419 35.348 14.278 17.199 20.079 38.999 55.951 34.888
57.645 50.587 51.529 51.475 52.428 33.394 0.000 20.158 48.144 51.095 51.039 50.995 48.963 72.942 56.932 0.000 0.000 0.000 35.516 52.516 46.516 47.515 48.515 48.513 48.512 48.510 59.509 0.000 3.575 20.618 73.569 83.484 5.385 87.316 77.514 90.229 52.297 65.936 62.574 52.439 49.237 45.874 30.700 0.000 0.000 19.981 0.000 0.000 0.000 0.000 20.432 18.460 18.449 18.417 18.371 19.315 25.252 33.182 33.106 33.027 36.945 14.861 17.779 17.698 16.619 22.545 39.475 22.411 16.355 19.313 0.190 1.014 32.026 0.000
50.722 51.668 51.614 51.564 54.520 10.489 8.483 1.360 46.254 51.200 53.140 51.102 50.075 68.058 64.049 0.000 0.000 0.000 0.000 43.515 46.515 48.514 48.514 48.513 48.512 50.511 36.510 0.000 0.000 70.808 73.761 84.686 90.568 84.679 82.719 90.328 73.353 76.053 60.891 53.793 46.717 0.000 0.000 0.000 0.000 17.982 0.000 0.000 0.000 0.000 0.000 21.560 18.541 18.505 18.456 18.397 18.329 18.254 25.173 33.088 21.002 17.915 17.829 17.746 20.667 33.593 33.526 15.466 17.418 20.387 0.000 0.000 59.106 49.120
51.800 51.748 51.696 51.646 51.600 55.560 56.523 56.467 52.381 52.313 32.217 49.198 50.180 66.165 65.158 0.000 0.000 0.000 0.000 42.514 48.514 48.514 48.513 48.513 48.512 36.511 0.000 0.000 0.000 76.044 81.985 84.899 84.854 83.936 90.459 82.847 85.562 80.247 65.186 55.124 54.120 54.260 0.000 0.000 0.000 14.982 21.983 14.983 0.000 0.000 0.000 36.680 17.650 18.607 18.552 18.487 19.414 18.332 18.244 18.152 18.059 17.967 17.877 16.790 22.710 37.635 14.568 17.510 17.463 19.432 0.000 0.000 61.173 53.158
51.880 51.828 51.776 51.724 51.674 51.627 51.584 51.539 51.489 55.454 0.000 42.293 51.280 67.266 62.259 0.000 0.000 0.000 0.000 47.514 50.513 50.513 50.513 48.512 51.512 0.000 0.000 0.000 68.505 74.339 85.234 85.114 85.224 83.272 90.673 83.988 88.631 84.519 85.451 73.400 61.380 50.400 45.400 47.400 0.000 0.000 20.984 15.983 21.979 22.964 20.925 26.830 36.773 18.719 19.658 28.587 35.506 17.416 18.319 18.218 18.117 18.017 16.920 21.830 40.746 34.671 23.603 16.543 17.492 19.447 34.399 52.337 53.254 53.207
51.961 51.910 51.856 51.801 51.744 51.692 54.647 52.615 51.584 55.560 0.000 42.401 51.381 68.362 60.352 0.406 0.000 0.000 0.000 20.513 30.513 29.513 29.513 50.512 35.512 0.000 0.000 0.000 70.671 80.574 85.470 85.422 84.525 91.342 91.027 85.062 85.904 84.759 84.700 85.644 76.598 41.561 0.000 0.000 0.000 0.000 18.986 18.988 15.989 17.989 18.982 17.942 24.894 38.840 21.774 19.698 29.609 17.508 18.399 18.286 18.172 18.063 17.959 25.863 38.776 25.698 37.629 15.568 16.515 21.465 42.414 54.359 53.298 53.248
52.045 51.994 51.939 51.878 54.808 56.750 28.696 49.692 52.670 54.643 14.618 45.530 50.481 62.447 60.432 1.448 0.000 0.000 0.000 0.000 0.000 0.000 0.000 31.512 0.000 0.000 0.000 19.101 68.934 85.816 85.689 85.800 83.884 91.625 83.662 89.365 85.056 85.008 84.939 84.877 74.809 35.685 0.000 0.000 0.000 0.000 0.000 21.995 23.001 10.020 18.071 19.060 19.023 22.970 38.903 21.821 18.723 18.609 18.483 18.353 18.225 16.103 21.990 40.887 21.796 20.717 34.648 18.587 16.533 23.483 49.435 54.385 53.334 53.283
52.130 52.081 52.029 53.966 29.859 31.805 0.000 11.788 47.760 51.723 55.681 51.621 54.566 59.515 64.485 3.469 0.000 0.000 0.000 0.000 0.000 0.000 0.000 0.000 0.000 0.000 2.405 78.269 80.149 86.039 85.991 85.107 92.134 91.889 84.732 85.443 85.312 85.240 85.174 84.117 64.077 0.000 0.000 0.000 0.000 0.000 0.000 0.000 14.001 0.000 25.223 22.206 18.169 18.115 20.046 36.959 25.853 17.723 18.571 18.418 17.272 22.136 24.011 22.899 19.804 17.725 17.658 17.600 18.548 31.501 53.457 54.413 56.369 52.320
52.215 52.170 52.129 57.097 0.000 0.000 17.995 9.912 43.858 52.810 50.761 52.707 64.647 36.562 30.523 0.000 0.000 0.000 0.000 0.000 0.000 0.000 0.000 0.000 0.000 0.000 65.522 70.446 84.355 86.236 86.364 84.458 92.359 84.244 85.915 85.605 85.543 85.466 85.399 77.342 54.303 0.000 0.000 0.000 0.000 0.000 0.000 0.000 0.000 0.000 29.392 24.371 18.332 16.276 19.206 19.119 35.007 27.858 18.661 19.476 17.309 24.158 24.020 20.894 14.798 17.722 17.660 19.606 33.559 52.517 54.478 57.442 49.410 10.380
51.298 51.255 51.220 54.197 24.201 21.161 53.078 58.008 51.950 49.898 56.848 66.798 69.755 0.000 0.000 0.000 0.000 0.000 0.000 0.000 0.000 0.000 0.000 0.000 0.000 0.000 67.708 75.642 85.552 86.543 85.581 92.774 92.573 85.281 85.981 85.840 85.760 85.684 85.614 67.549 49.490 0.000 0.000 0.000 0.000 0.000 0.000 0.000 0.000 0.000 27.583 25.555 25.510 22.453 15.385 17.303 18.198 34.043 33.739 30.515 27.331 20.168 19.016 15.860 16.771 17.706 21.652 41.606 53.565 53.529 54.496 53.469 44.448 1.437
66.376 65.334 63.298 60.269 61.245 61.205 58.149 59.091 61.037 60.985 66.934 68.883 26.819 0.000 0.000 0.000 0.000 0.000 0.000 0.000 0.000 0.000 0.000 0.000 6.218 14.140 68.961 85.853 86.762 86.712 85.941 92.961 84.769 86.438 86.123 86.055 85.970 85.896 83.826 65.749 36.620 0.000 0.000 0.000 0.000 0.000 0.000 0.000 0.000 0.000 17.802 21.757 24.701 25.641 24.577 21.509 17.439 11.375 0.000 0.000 0.000 0.000 0.000 19.758 17.721 20.679 41.638 54.601 53.567 54.537 57.510 53.489 50.474 31.468
65.448 64.407 66.370 68.337 67.305 66.266 64.220 62.171 62.121 63.070 59.021 58.981 0.000 0.000 0.000 0.000 0.000 0.000 0.000 0.000 0.000 0.000 0.000 0.000 55.296 78.241 77.142 86.050 86.940 87.068 85.172 93.135 86.867 86.469 86.341 86.254 86.175 86.103 82.044 62.001 0.000 0.000 0.000 0.000 0.000 0.000 0.000 0.000 0.000 25.227 20.065 16.970 18.897 23.832 25.773 25.720 26.674 17.644 0.000 0.000 0.000 0.000 0.000 20.694 18.677 34.651 55.622 53.593 53.565 53.541 54.520 53.503 53.491 44.485
51.515 52.475 59.438 68.404 74.371 62.335 56.295 51.252 49.206 48.155 54.097 33.039 0.000 0.000 0.000 0.000 0.000 0.000 0.000 0.000 0.000 0.000 0.000 0.000 61.429 77.388 85.317 87.235 87.206 86.338 93.442 93.295 88.891 86.694 86.529 86.450 86.370 86.300 81.245 56.211 0.000 0.000 0.000 0.000 0.000 0.000 0.000 0.000 25.526 20.389 20.261 20.163 19.084 16.019 20.965 24.922 25.893 22.883 0.000 0.000 0.000 0.000 23.633 17.647 21.641 49.625 53.605 53.583 53.562 53.542 53.525 53.511 53.502 28.497
50.578 54.539 59.504 61.471 64.440 54.407 50.373 51.336 51.295 53.247 31.175 0.000 0.000 0.000 0.000 0.000 0.000 0.000 0.000 0.000 0.000 0.000 0.000 0.000 47.603 76.564 86.503 87.408 87.542 85.655 93.577 86.451 88.120 86.797 86.727 86.636 86.555 86.482 77.423 50.388 0.000 0.000 0.000 0.000 0.000 0.000 0.000 24.793 20.664 20.541 20.430 20.336 20.258 20.195 17.145 16.110 19.095 26.113 26.204 0.000 0.000 0.000 17.619 18.621 36.616 53.605 52.590 52.573 53.556 53.541 53.527 53.516 52.509 18.505
50.636 52.600 53.567 51.538 50.510 51.482 50.453 50.423 50.392 55.364 0.361 0.000 0.000 0.000 0.000 0.000 0.000 0.000 0.000 0.000 0.000 0.000 0.000 0.000 55.815 84.764 87.694 87.671 86.807 93.823 93.705 89.454 87.151 87.002 86.909 86.818 86.731 87.651 67.579 55.530 0.000 0.000 24.498 0.000 24.236 26.182 26.081 20.923 20.795 20.682 20.581 20.493 20.418 20.358 20.310 19.278 16.264 25.270 26.296 19.295 0.000 0.000 25.604 17.602 25.597 31.588 34.576 38.563 44.550 50.538 52.527 52.518 50.512 15.509
51.690 51.657 51.628 51.602 50.579 50.557 50.536 50.512 49.485 57.453 8.448 0.000 0.000 0.000 0.000 0.000 0.000 0.000 0.000 0.000 0.000 0.000 0.000 40.243 76.080 86.982 87.874 88.018 86.114 93.929 86.918 88.587 87.267 87.188 87.089 86.995 86.902 87.810 59.713 37.621 0.000 0.000 20.498 0.000 19.289 21.230 21.138 21.023 20.913 20.811 20.718 20.636 20.565 20.507 20.461 18.429 20.412 26.408 23.413 0.000 0.000 0.000 24.590 23.588 22.582 21.575 20.565 19.554 23.544 34.534 30.525 32.518 36.513 17.509
49.740 49.711 49.686 49.665 49.647 49.633 50.620 52.606 54.581 29.517 0.000 0.000 0.000 0.000 0.000 0.000 0.000 0.000 0.000 7.365 0.000 0.000 10.531 51.406 82.283 88.173 88.162 87.193 94.113 94.026 89.913 87.616 87.463 87.365 87.267 87.169 87.073 82.973 29.843 0.000 0.000 0.000 20.499 26.495 21.403 21.312 21.216 21.119 21.023 20.931 20.846 20.768 20.701 20.644 20.599 17.566 26.546 26.538 22.537 0.000 0.000 0.000 23.579 22.576 23.570 23.563 23.555 23.546 23.537 22.529 22.521 21.515 20.511 20.509
50.785 53.760 57.740 60.724 64.713 66.707 69.705 68.710 60.717 0.000 10.094 34.118 2.139 0.000 0.000 0.000 0.000 0.000 38.381 65.365 5.342 0.000 44.657 77.569 87.462 88.363 88.296 87.523 94.187 86.362 88.044 87.723 87.644 87.542 87.443 87.344 88.246 75.167 0.000 0.000 0.000 0.000 0.543 20.583 21.514 23.400 23.297 21.213 21.129 21.046 20.965 20.891 20.825 20.769 17.724 22.691 25.669 26.660 17.659 0.000 0.000 0.000 7.573 28.566 28.560 25.553 22.545 22.537 23.530 24.523 24.517 23.512 23.509 24.507
51.826 58.805 67.789 68.779 67.774 66.775 65.786 62.810 56.861 31.981 49.070 67.122 36.160 20.193 0.000 0.000 0.000 9.419 48.398 62.371 1.301 20.044 61.870 86.748 89.645 88.493 88.711 86.689 94.249 88.352 88.064 87.913 87.817 87.719 87.621 87.517 89.399 33.283 0.000 0.000 0.000 0.000 0.000 16.745 22.672 3.477 3.360 20.306 21.236 21.158 21.079 21.005 20.940 19.884 17.838 26.804 26.782 23.772 17.782 23.829 0.000 0.000 0.000 39.556 54.551 47.544 43.536 39.529 35.522 38.516 38.511 21.507 22.505 23.504
52.862 55.846 58.834 57.828 55.828 53.835 51.853 49.885 49.936 59.011 61.082 58.140 55.186 59.226 7.260 0.000 0.000 49.440 79.421 30.381 26.303 60.163 84.031 88.919 88.790 88.919 86.880 94.331 86.768 88.479 88.162 88.087 87.990 87.897 87.804 90.703 47.551 0.000 0.000 0.000 0.000 0.000 0.000 18.981 23.952 0.000 0.000 17.414 21.353 21.271 21.188 21.112 21.045 17.988 25.942 26.906 25.881 16.867 20.866 20.877 0.000 0.000 0.000 7.551 37.546 55.535 54.527 54.520 54.514 54.509 48.504 38.501 24.500 2.502
52.895 52.882 51.873 51.870 52.874 52.885 52.907 50.940 51.987 57.047 60.109 56.168 51.220 54.264 9.294 0.000 0.000 41.481 51.465 29.429 62.366 77.274 86.174 89.077 89.025 88.135 94.725 94.476 87.765 88.491 88.346 88.254 88.162 88.074 87.995 90.941 0.000 0.000 6.325 15.324 0.000 0.000 20.367 23.245 22.204 29.250 0.000 17.583 21.490 21.385 21.290 21.210 19.141 21.083 27.035 26.997 18.969 19.949 20.939 20.936 0.000 0.000 0.000 0.000 0.000 37.526 53.516 53.510 53.505 53.500 54.497 54.494 29.493 0.000
52.924 52.913 52.907 52.907 52.913 52.926 51.948 50.981 55.025 59.080 59.140 54.202 50.263 55.318 8.357 0.000 0.000 37.538 6.529 53.504 77.458 83.392 89.321 89.192 89.420 87.423 94.947 87.197 88.905 88.589 88.515 88.420 88.330 88.242 95.161 79.126 0.000 2.324 52.325 38.325 0.000 0.000 15.489 23.430 22.368 22.297 28.136 25.846 24.640 21.488 21.380 21.296 18.226 26.168 27.119 23.079 18.047 21.023 21.005 22.991 27.002 0.000 0.000 0.000 0.000 0.000 50.503 53.499 53.496 53.492 54.489 52.486 26.484 0.000
52.949 52.941 52.936 52.937 52.944 51.957 50.979 53.011 57.053 60.107 56.169 51.238 50.311 53.386 35.461 22.560 23.607 19.603 20.611 60.600 81.570 87.525 89.442 89.606 87.618 95.332 95.148 88.211 88.920 88.770 88.677 88.584 88.495 93.404 36.280 51.275 21.314 52.324 60.326 0.000 0.000 0.000 14.669 23.619 22.541 22.433 32.267 43.025 16.737 26.546 22.445 19.368 21.301 27.243 26.193 17.152 20.119 21.092 21.066 8.023 9.012 0.000 0.000 0.000 0.000 0.000 31.493 52.490 53.486 53.483 57.480 53.477 42.474 0.000
52.971 52.964 52.961 52.962 52.968 50.981 51.001 55.029 62.070 63.126 59.193 54.270 52.358 52.455 54.539 54.614 63.657 4.656 38.710 76.716 83.698 89.665 89.662 88.821 95.660 95.501 88.581 89.356 89.014 88.935 88.836 88.745 88.662 96.600 0.000 34.382 36.342 26.332 28.329 0.000 0.000 0.000 17.901 23.836 22.744 28.628 44.474 21.249 0.000 7.516 20.487 18.430 26.368 27.310 23.259 20.218 21.185 21.161 23.146 0.000 0.000 0.000 0.000 0.000 0.000 23.486 4.486 43.481 53.477 53.474 58.471 53.468 53.462 42.452
52.990 52.983 52.980 52.981 51.986 50.997 53.013 60.037 37.072 13.134 12.206 9.290 39.395 56.537 51.627 54.700 35.750 0.000 43.857 81.855 87.849 89.777 90.053 88.104 95.806 88.928 89.699 89.262 89.198 89.088 88.990 88.896 89.809 87.734 9.675 9.528 0.000 0.000 0.000 0.000 0.000 17.377 25.198 23.080 21.972 41.861 45.752 0.000 0.000 0.000 16.555 22.498 27.431 27.369 17.317 21.275 21.243 21.221 24.209 0.000 0.000 0.000 0.000 0.000 0.000 2.486 0.000 31.470 53.468 53.466 59.463 53.460 53.456 47.450
53.006 53.000 52.996 51.996 51.000 53.007 56.018 64.032 23.046 0.000 0.000 0.000 0.000 38.673 53.733 54.808 40.893 43.002 69.004 86.010 89.980 90.194 88.252 96.063 95.940 89.914 89.604 89.451 89.342 89.239 89.139 89.041 91.944 76.851 5.763 0.000 0.000 0.000 0.000 0.000 0.000 17.557 24.433 23.313 21.205 49.091 9.921 0.000 0.000 22.828 27.682 27.575 27.489 25.420 20.365 21.323 21.292 21.271 23.262 0.000 27.323 0.000 0.000 0.000 0.000 0.000 0.000 24.460 53.460 53.458 53.457 53.454 53.451 51.448
53.019 53.012 53.009 52.008 51.010 55.014 59.021 63.028 21.034 0.000 0.000 0.000 0.000 18.748 61.823 56.907 63.013 76.108 85.152 89.167 90.221 89.414 96.279 96.175 89.264 90.033 89.685 89.597 89.488 89.386 89.287 93.186 56.075 27.963 0.000 0.000 0.000 0.000 0.000 0.000 20.114 24.861 23.666 25.536 22.442 46.377 0.000 0.000 18.221 24.974 40.770 29.630 26.531 22.457 20.401 20.359 21.329 21.311 21.305 26.319 22.324 13.323 0.000 0.000 0.000 20.447 22.448 21.452 53.452 53.452 53.451 53.449 53.447 51.446
53.029 53.022 53.018 51.017 53.017 59.019 60.023 58.026 45.029 6.028 0.000 0.000 0.000 0.000 14.904 10.985 51.144 82.265 86.326 90.326 90.544 88.708 96.374 88.588 90.362 89.922 89.852 91.735 90.630 89.531 89.436 95.340 18.207 0.000 0.000 0.000 0.000 0.000 1.795 40.626 40.368 28.107 24.833 35.724 30.650 31.600 0.000 0.000 16.469 21.079 31.793 27.646 31.548 25.476 28.423 27.384 24.356 21.338 20.329 20.329 26.329 0.000 0.000 0.000 0.000 17.446 17.446 27.446 53.446 53.446 53.445 53.444 53.444 27.445
