results2_8e3_rain/res_3e8f-0181.wd
ncols         241
nrows         181
xllcorner     12693529.787448
yllcorner     3542525.717860
cellsize      155.156523
NODATA_value  -9999.000000
[rows 99 to 131 of 181, columns 73 to 145 of 241]
59.773 59.749 59.724 58.698 58.671 63.644 66.615 63.588 59.568 59.559 53.560 9.566 0.000 0.000 0.000 0.000 0.000 14.770 72.737 97.693 95.686 94.842 101.510 101.439 94.540 95.237 95.084 94.975 95.871 95.772 94.683 98.607 57.555 0.000 0.000 0.000 0.000 0.000 0.000 34.439 60.363 72.254 40.120 21.913 51.817 54.732 52.639 56.520 53.329 51.039 20.719 45.477 49.349 64.262 70.200 73.153 71.119 66.095 59.079 54.071 49.066 27.058 0.000 0.000 0.000 0.000 21.469 39.468 51.468 75.468 76.468 76.468 76.468
59.823 59.801 58.777 56.750 60.722 65.692 66.659 66.622 60.595 57.579 62.573 62.572 23.573 0.000 17.403 47.350 24.238 4.037 60.943 100.822 96.071 96.087 101.569 93.852 95.640 95.295 95.207 95.096 94.989 94.888 96.799 95.727 31.682 0.000 0.000 0.000 0.000 0.000 2.739 38.614 44.518 55.429 4.358 0.000 46.936 54.876 53.784 57.658 57.477 28.258 0.000 40.377 54.320 59.257 80.206 81.166 81.137 82.115 83.100 81.091 62.088 0.093 0.107 1.114 0.000 0.000 0.000 38.468 51.468 75.468 76.468 76.468 76.467
59.875 58.854 58.830 61.804 64.776 65.744 40.707 4.646 33.609 69.589 42.580 16.575 8.574 0.000 28.455 78.410 75.324 67.209 86.089 97.240 94.227 101.652 95.133 95.939 95.506 95.441 95.324 95.214 95.103 95.992 93.897 81.821 28.765 1.741 0.000 0.000 0.000 2.963 41.863 48.761 46.668 47.585 20.525 0.000 53.115 71.052 63.964 58.850 33.663 0.000 0.085 23.335 13.298 53.240 78.200 82.170 80.146 80.128 80.115 82.108 55.106 49.112 49.114 55.115 0.000 0.000 0.000 15.468 50.467 75.467 76.467 76.467 76.467
58.928 57.910 62.887 65.861 65.831 65.802 30.779 0.000 0.598 12.587 3.584 0.000 0.000 0.000 21.552 84.512 90.442 98.355 98.314 95.439 101.990 101.782 95.100 95.810 95.662 95.553 95.445 95.333 95.214 101.082 50.975 18.895 2.814 0.423 6.533 9.478 0.000 33.063 50.991 46.899 46.806 45.717 51.633 17.544 46.358 72.252 71.172 69.113 0.000 0.000 19.122 0.000 0.000 51.203 80.186 84.167 81.150 80.135 78.125 67.118 48.115 44.116 45.116 29.115 0.000 0.000 0.000 0.000 46.467 75.467 76.467 76.466 72.466
57.986 63.969 65.948 65.920 63.888 69.851 39.829 0.000 0.000 0.000 0.000 0.000 0.000 0.000 32.690 90.642 93.582 97.459 96.695 96.708 102.178 94.486 96.192 95.867 95.781 95.672 95.566 99.460 105.339 60.149 29.024 3.969 0.000 0.000 0.000 6.424 34.370 57.236 51.136 44.039 48.941 52.844 49.746 47.642 61.520 65.425 55.357 63.319 0.000 0.000 0.000 0.000 0.000 57.182 81.174 86.163 85.150 81.139 76.131 45.125 43.121 44.120 51.119 0.000 0.000 0.000 0.000 40.466 44.466 73.466 76.466 76.466 70.466
65.048 66.034 66.013 64.985 42.949 8.886 27.858 29.857 0.000 0.000 0.000 0.000 0.000 23.992 76.873 90.796 93.700 95.859 96.869 102.508 102.350 95.461 96.163 96.002 95.896 95.790 99.689 61.600 21.534 0.000 39.004 24.989 0.000 0.000 0.000 0.000 42.450 76.374 67.280 62.180 57.076 57.971 55.865 56.758 69.655 63.571 47.514 49.486 0.000 0.000 0.000 0.000 0.000 57.170 85.166 50.159 48.150 80.141 83.134 53.129 44.126 49.123 19.121 0.000 0.000 0.000 0.000 13.466 40.466 58.466 74.466 77.466 70.465
66.116 66.106 62.086 66.058 48.036 0.000 18.857 48.857 0.000 0.000 0.000 0.000 14.206 76.110 90.017 95.939 95.910 96.052 102.791 102.653 94.789 96.565 96.214 96.124 96.010 95.901 99.800 71.718 3.662 0.000 8.999 11.994 0.000 0.000 0.000 0.000 29.606 61.530 66.430 76.323 72.213 60.099 62.984 71.872 66.770 54.691 46.640 47.626 21.671 22.683 0.000 0.000 0.000 55.162 89.160 3.157 0.000 29.139 76.136 66.132 47.130 26.126 0.000 0.000 0.000 0.000 0.000 0.000 13.466 37.466 63.465 73.465 66.465
64.192 61.188 60.168 76.126 55.101 0.000 17.857 45.857 0.000 0.000 0.000 8.373 72.301 85.225 95.154 98.035 97.279 95.309 102.918 94.098 95.873 92.431 94.359 96.236 96.121 97.006 90.894 80.808 28.735 0.000 0.000 0.000 0.000 0.000 0.000 17.021 51.839 56.708 56.588 58.471 67.352 70.228 73.101 66.974 53.864 47.782 46.729 45.706 49.706 34.694 0.000 0.000 0.000 44.157 81.155 47.152 36.146 28.141 71.138 77.135 57.133 0.000 0.000 8.136 0.000 0.000 0.000 0.000 0.000 32.465 56.465 61.465 48.465
58.277 67.287 63.270 4.178 5.139 0.000 8.857 8.857 0.000 0.000 0.000 9.444 88.401 90.344 98.255 97.421 96.443 103.143 103.035 96.057 95.744 95.586 95.468 94.350 95.231 97.106 53.962 4.885 0.000 0.000 0.000 0.000 0.000 20.569 37.433 52.203 63.022 59.874 58.744 55.620 56.495 59.362 71.216 72.060 63.931 52.844 45.790 45.761 47.752 0.000 0.000 0.000 0.000 29.153 71.152 49.149 45.146 45.142 77.139 80.137 63.136 26.136 16.136 59.136 0.000 0.000 0.000 0.000 0.000 35.465 59.465 54.465 40.465
59.371 69.412 56.446 0.000 0.000 0.000 5.857 17.857 1.857 0.000 0.698 75.560 85.516 97.460 97.455 96.598 103.335 103.242 95.368 97.143 96.795 96.702 96.583 96.466 98.347 48.227 0.000 0.000 0.000 0.000 0.000 10.045 35.918 52.706 65.526 61.338 60.170 60.024 59.893 60.771 58.647 57.510 31.340 50.118 74.955 56.873 44.825 47.798 45.788 33.795 0.000 0.000 0.000 30.151 63.149 41.148 0.000 0.000 33.138 70.137 59.137 68.137 75.137 34.136 0.000 0.000 0.000 0.000 0.000 10.465 50.465 48.464 41.464
57.462 61.546 60.655 36.817 0.000 0.000 0.000 3.857 6.857 0.000 28.790 88.704 95.644 97.566 97.726 95.849 103.420 95.656 97.438 97.003 96.935 96.815 97.699 98.582 60.465 0.000 0.000 0.000 0.000 0.000 12.341 55.173 66.002 61.810 60.627 60.453 60.296 60.158 60.035 59.922 59.812 68.691 7.516 0.000 42.899 51.867 43.839 52.819 52.808 34.801 0.000 0.000 0.000 0.000 47.146 84.145 52.144 0.000 26.138 71.138 65.137 56.137 56.137 0.000 0.000 0.000 0.000 0.000 0.000 0.000 29.464 40.464 41.464
69.534 7.655 63.810 61.979 51.179 10.299 0.542 0.000 0.000 19.957 78.890 92.823 98.764 97.750 96.904 103.566 103.497 96.604 97.303 97.152 97.042 97.932 99.816 60.699 0.000 0.000 0.000 0.000 10.866 41.738 52.508 64.306 61.106 60.905 57.719 57.550 57.404 58.277 60.166 60.070 62.988 39.928 0.000 0.000 22.874 47.860 46.843 64.830 60.824 0.000 0.000 0.000 0.000 0.000 31.144 76.143 88.142 45.140 71.139 85.138 77.138 53.137 46.137 18.137 0.000 0.000 0.000 0.000 0.000 0.000 35.464 41.464 45.464
51.575 4.727 65.953 56.111 63.258 55.407 16.665 3.934 13.030 80.025 88.987 98.945 97.833 98.100 96.128 103.626 95.892 97.685 97.346 97.262 98.155 99.054 52.935 0.000 0.000 0.000 0.000 3.136 53.994 64.840 62.647 61.437 63.210 62.988 68.792 73.626 68.492 61.379 55.283 59.203 65.142 23.105 0.000 0.000 18.864 50.854 51.844 73.836 61.832 0.000 0.000 0.000 0.000 0.000 19.142 71.142 80.141 85.140 81.139 81.138 85.138 69.137 48.137 49.137 18.137 11.137 0.000 0.000 0.000 37.464 42.464 40.464 45.464
0.000 0.000 34.163 85.253 48.336 0.000 0.000 18.108 78.131 83.125 97.104 98.014 98.294 96.225 103.709 96.149 97.958 97.535 97.478 98.368 95.263 50.194 0.000 0.000 0.000 0.000 9.420 56.278 64.135 61.981 61.802 65.587 40.308 19.044 21.835 38.671 64.558 66.464 67.384 59.318 60.271 21.245 0.000 0.000 0.000 31.847 49.843 56.839 55.837 4.837 0.000 0.000 0.000 0.000 19.141 62.141 75.140 80.140 81.139 82.138 78.138 74.137 59.137 47.137 51.137 57.137 0.000 0.000 0.000 3.464 40.464 41.463 43.463
0.000 0.000 11.283 86.402 73.497 0.000 0.000 25.258 86.259 94.251 98.203 99.399 99.436 104.024 103.832 97.099 97.815 97.677 97.579 92.477 82.334 33.264 0.000 0.000 8.811 44.725 53.562 65.421 62.286 62.146 65.992 43.803 1.603 0.000 0.000 24.664 62.606 59.536 63.470 69.416 69.378 47.360 0.000 0.000 0.000 13.844 51.842 45.840 52.838 3.838 0.000 0.000 0.000 0.000 24.140 49.140 66.140 80.139 75.139 68.138 70.138 31.137 56.137 65.137 58.137 54.136 0.000 0.000 0.000 0.000 0.463 35.463 40.463
0.000 0.000 0.000 14.577 63.752 3.276 13.412 79.407 91.400 98.385 98.405 98.583 104.372 104.202 96.385 98.184 97.852 97.781 90.692 56.625 0.000 0.000 0.000 16.979 62.897 56.802 64.681 62.560 62.442 63.327 41.216 2.038 0.000 0.000 0.000 23.715 65.666 59.604 59.545 61.497 65.465 67.457 19.487 0.000 0.000 0.000 32.841 51.840 26.839 0.000 0.000 0.000 0.000 0.000 17.140 45.139 56.139 63.139 55.139 52.138 17.138 0.000 5.137 49.137 53.136 62.136 0.000 0.000 0.000 0.000 0.000 29.463 40.463
0.000 0.000 0.000 0.000 1.241 13.501 82.552 87.558 98.554 98.489 99.776 99.850 104.531 96.683 98.463 98.032 97.973 87.872 76.785 40.705 0.000 0.000 0.000 57.062 78.995 63.905 55.801 63.695 61.594 64.504 34.439 0.000 0.000 0.000 19.906 54.814 61.738 60.669 60.609 57.561 53.529 55.515 17.517 0.000 0.000 0.000 13.840 58.840 6.839 0.000 0.000 0.000 0.000 0.000 17.139 47.139 46.139 45.139 43.138 49.138 0.000 0.000 0.000 24.136 47.136 65.136 9.136 0.000 0.000 0.000 0.000 0.463 33.463
0.000 0.000 0.000 0.000 0.000 85.743 84.739 98.727 98.685 99.891 99.966 104.823 104.682 97.635 99.321 97.166 83.051 71.958 45.872 0.000 0.000 0.000 51.331 69.212 69.116 76.021 63.923 53.826 59.735 69.654 72.598 35.597 0.000 0.000 18.998 66.898 60.804 60.726 59.660 55.609 49.575 50.556 16.550 0.000 0.000 0.000 0.000 31.840 39.839 0.000 0.000 0.000 0.000 0.000 25.139 49.139 43.139 44.138 44.138 46.138 29.138 0.000 0.000 0.000 34.136 55.136 33.136 7.136 0.000 0.000 0.000 0.000 28.463
0.000 0.000 0.000 0.000 25.113 85.990 97.934 98.897 99.910 102.099 105.089 104.958 96.941 98.706 95.359 84.260 73.116 45.037 0.000 0.000 0.000 53.563 74.449 60.339 52.237 66.140 78.045 65.952 68.864 69.782 56.700 62.596 41.355 3.834 27.190 58.976 54.856 61.769 56.696 48.641 47.605 51.586 13.577 0.000 0.000 0.000 0.000 18.840 58.839 3.839 0.000 0.000 0.000 0.000 0.000 31.138 46.138 44.138 44.138 44.138 52.138 0.000 0.000 0.000 0.000 36.136 47.136 53.136 0.000 0.000 0.000 0.000 0.000
0.000 0.000 0.000 0.000 68.236 94.169 100.116 99.022 99.293 97.375 105.214 97.222 98.988 93.557 82.490 57.371 0.000 0.000 0.000 0.000 53.792 74.677 61.565 50.456 50.354 52.256 63.163 78.074 68.989 53.907 61.825 63.734 37.633 0.000 24.075 83.961 70.873 59.799 53.716 49.652 46.620 47.603 41.596 5.600 0.000 0.000 0.000 0.000 37.839 9.839 0.000 0.000 0.000 0.000 0.000 11.138 48.138 44.138 44.138 44.138 46.138 30.138 0.000 0.000 0.000 17.136 44.136 47.136 0.000 0.000 0.000 0.000 0.000
0.000 0.000 0.000 71.550 68.426 74.343 89.255 100.430 97.495 105.448 105.333 98.154 93.842 82.695 61.590 0.000 0.000 35.402 0.000 6.027 78.906 61.789 50.676 51.568 50.466 53.369 67.277 76.191 77.111 61.034 56.958 67.882 41.811 0.000 0.000 14.918 27.876 9.837 0.000 19.632 50.620 57.610 58.605 44.604 0.000 0.000 0.000 0.000 0.000 0.000 0.000 0.000 0.000 0.000 0.000 12.138 48.138 47.138 50.138 45.138 42.138 51.138 0.000 0.000 0.000 24.135 58.135 63.135 0.000 0.000 0.000 0.000 0.000
0.000 0.000 10.778 72.674 69.575 70.494 80.470 96.637 105.665 105.557 97.433 94.199 81.870 55.795 0.000 0.000 52.451 51.402 33.304 17.148 67.018 50.897 51.783 50.674 51.572 66.476 72.386 36.304 27.228 79.159 65.093 43.024 3.917 0.000 0.000 0.000 0.000 0.000 0.000 16.623 68.618 62.612 59.609 55.608 10.608 0.000 0.000 0.000 0.000 0.000 0.000 0.000 0.000 0.000 0.000 36.138 45.138 20.138 0.000 20.138 45.138 49.138 0.000 0.000 0.000 26.135 62.135 31.135 0.000 0.000 0.000 0.000 0.000
0.000 85.970 73.881 70.792 68.714 69.592 70.836 74.901 105.769 96.674 92.435 82.026 55.983 0.000 0.000 0.000 56.499 54.452 74.363 58.242 51.119 51.999 50.884 53.774 73.672 70.576 51.488 47.409 52.339 80.280 77.233 41.202 0.000 0.000 0.000 0.000 0.000 0.000 0.000 16.619 75.616 75.613 70.611 61.609 6.609 0.000 0.000 0.000 0.000 0.000 0.000 0.000 0.000 0.000 9.138 48.138 50.138 0.000 0.000 5.137 48.137 49.137 0.000 0.000 0.000 0.000 33.135 0.000 0.000 0.000 0.000 0.000 0.000
2.137 84.059 97.984 89.910 74.812 75.969 68.018 105.966 105.869 75.556 80.234 56.132 0.000 0.000 0.000 0.000 58.595 71.543 69.453 51.339 51.217 51.096 61.979 73.868 62.764 51.669 51.582 51.505 52.440 61.389 79.355 75.351 36.405 0.000 0.000 0.000 0.000 0.000 0.000 0.000 61.614 63.612 75.611 76.610 32.610 0.000 0.000 0.000 0.000 0.000 0.000 0.000 0.000 0.000 40.138 50.138 27.138 0.000 0.000 9.137 49.137 47.137 0.000 0.000 0.000 0.000 0.000 0.000 0.000 0.000 0.000 0.000 0.000
20.207 97.155 100.089 100.020 94.994 85.150 106.153 106.060 67.719 62.493 0.000 0.132 0.000 0.000 0.000 0.000 69.744 74.672 50.566 52.444 52.316 64.189 73.068 54.954 51.849 51.752 51.665 51.590 51.527 51.479 60.448 80.440 73.460 47.491 38.503 42.507 11.508 0.000 0.000 0.000 0.613 41.612 81.611 81.610 42.610 0.000 0.000 0.000 0.000 0.000 0.000 0.000 0.000 0.000 29.138 28.138 0.000 0.000 0.000 0.000 29.137 56.137 0.000 0.000 0.000 0.000 0.000 0.000 0.000 0.000 0.000 0.000 0.000
90.328 100.263 100.204 100.092 104.336 95.395 106.244 67.828 70.510 65.189 0.000 0.000 0.000 0.000 0.000 63.120 74.964 51.834 52.697 52.554 60.412 73.277 51.150 52.032 51.924 51.825 51.738 51.662 51.600 51.552 51.519 55.503 56.502 51.509 52.513 59.509 41.508 0.000 0.000 0.000 0.000 0.000 36.611 72.610 35.610 0.000 0.000 0.000 0.000 0.000 0.000 0.000 0.000 0.000 0.000 0.000 0.000 0.000 0.000 0.000 0.000 8.137 0.000 0.000 0.000 0.000 0.000 0.000 0.000 0.000 0.000 0.000 0.000
96.433 96.374 100.289 101.452 98.500 106.419 106.332 72.499 56.950 2.084 5.084 2.084 0.000 0.000 0.000 80.275 57.159 53.004 52.833 54.663 75.503 55.355 52.222 52.101 51.990 51.888 51.798 51.721 51.659 51.610 51.574 50.550 49.537 52.531 34.529 0.000 0.000 0.000 0.000 0.000 0.000 0.000 0.000 65.610 53.610 20.610 0.000 0.000 0.000 0.000 0.000 0.000 0.000 0.000 0.000 0.000 0.000 0.000 0.000 0.000 0.000 0.000 0.000 0.000 0.000 0.000 0.000 0.000 0.000 0.000 0.000 0.000 0.000
75.548 75.484 79.463 75.622 106.590 106.505 84.003 65.210 56.141 0.000 0.083 2.084 0.000 0.000 0.000 55.548 51.392 51.188 49.969 62.762 55.580 49.420 50.283 50.160 50.046 49.939 50.844 51.766 51.704 51.655 50.617 48.587 50.563 50.549 47.544 37.546 40.546 42.546 41.545 43.545 14.545 0.000 0.000 3.610 62.610 34.610 0.000 0.000 0.000 0.000 0.000 0.000 0.000 0.000 0.000 0.000 0.000 0.000 0.000 0.000 0.000 0.000 0.000 0.000 0.000 0.000 0.000 0.000 0.000 0.000 0.000 0.000 0.000
90.663 112.552 77.801 107.860 106.673 66.550 57.147 0.000 71.541 29.886 0.000 0.000 0.000 0.000 99.356 77.976 48.674 56.388 67.094 65.836 61.634 59.464 59.328 59.209 58.096 51.978 47.874 51.795 51.735 51.689 50.651 50.617 54.580 54.560 55.550 65.547 65.546 61.546 54.545 53.545 32.545 0.000 0.000 0.000 21.610 27.610 0.000 0.000 0.000 0.000 0.000 0.000 0.000 0.000 0.000 0.000 0.000 0.000 0.000 0.000 0.000 0.000 0.000 0.000 0.000 0.000 0.000 0.000 0.000 0.000 0.000 0.000 0.000
138.744 117.341 115.389 106.827 106.752 94.638 0.000 38.574 66.574 140.233 115.711 1.979 46.886 36.311 97.736 57.327 54.939 126.596 117.182 112.856 112.655 111.475 110.355 109.254 108.151 79.003 45.880 51.805 51.753 51.714 51.682 43.649 0.000 0.000 0.000 0.000 0.000 0.000 18.545 70.545 49.545 20.545 0.000 0.000 0.000 0.000 0.000 0.000 0.000 0.000 0.000 0.000 0.000 0.000 0.000 0.000 0.000 0.000 0.000 0.000 0.000 0.000 0.000 0.000 0.000 0.000 0.000 0.000 0.000 0.000 0.000 0.000 0.000
96.912 116.500 106.966 106.898 91.158 0.000 0.000 0.000 9.949 61.761 49.500 0.000 28.150 0.000 56.951 53.656 63.157 118.877 0.000 4.751 0.000 55.424 64.364 125.300 38.251 0.000 55.837 51.793 51.758 52.731 34.714 0.000 0.000 0.000 0.000 0.000 0.000 0.000 0.000 23.545 70.545 26.545 0.000 0.000 0.000 0.000 0.000 0.000 0.000 0.000 0.000 0.000 0.000 0.000 0.000 0.000 0.000 0.000 0.000 0.000 0.000 0.000 0.000 0.000 0.000 0.000 0.000 0.000 0.000 0.000 0.000 0.000 0.000
117.669 115.724 107.029 115.648 117.496 37.784 0.000 17.513 44.513 54.363 31.028 8.221 49.413 94.971 93.459 86.191 0.000 37.877 0.000 16.645 38.540 66.434 111.376 74.332 39.303 0.000 0.000 57.774 51.754 52.739 33.730 0.000 0.000 0.000 0.000 0.000 0.000 0.000 0.000 0.000 17.544 56.544 21.544 0.000 0.000 0.000 0.000 0.000 0.000 0.000 0.000 0.000 0.000 0.000 0.000 0.000 0.000 0.000 0.000 0.000 0.000 0.000 0.000 0.000 0.000 0.000 0.000 0.000 0.000 0.000 0.000 0.000 0.000
115.802 107.145 107.089 96.154 38.919 0.000 0.000 0.000 6.226 33.149 0.000 0.000 42.312 86.040 139.724 75.458 0.000 0.000 0.000 0.000 0.000 80.398 115.374 45.348 42.325 0.000 0.000 0.000 56.745 50.740 48.736 46.737 34.737 0.000 0.000 0.000 0.000 0.000 0.000 0.000 12.544 70.544 28.544 0.000 0.000 0.000 0.000 0.000 0.000 0.000 0.000 0.000 0.000 0.000 0.000 0.000 0.000 0.000 0.000 0.000 0.000 0.000 0.000 0.000 0.000 0.000 0.000 0.000 0.000 0.000 0.000 0.000 0.000
