results2_8e3_rain/res_3e8f-0161.wd
ncols         241
nrows         181
xllcorner     12693529.787448
yllcorner     3542525.717860
cellsize      155.156523
NODATA_value  -9999.000000
[rows 33 to 65 of 181, columns 146 to 218 of 241]
64.450 63.669 63.397 64.038 30.701 42.376 64.067 57.759 36.347 0.000 0.000 34.931 10.931 15.932 31.934 56.939 43.939 9.937 0.000 0.000 48.837 56.823 14.798 41.769 33.745 34.719 38.677 47.635 65.589 56.555 51.523 46.497 47.475 47.455 46.437 45.419 44.399 52.379 62.357 54.339 54.322 52.303 31.283 45.268 53.258 0.000 23.793 28.762 52.684 50.617 55.554 65.493 58.439 53.414 8.402 0.000 36.349 36.348 43.346 21.346 0.000 0.000 0.000 0.000 0.000 0.000 0.000 0.000 0.000 0.000 0.000 0.000 0.000
64.395 64.144 63.800 64.474 42.156 59.857 62.594 56.406 0.000 0.000 12.931 36.931 0.000 0.000 0.000 40.951 40.946 48.936 11.917 61.890 49.856 36.830 45.802 36.773 34.745 34.714 33.678 35.639 63.601 61.567 61.535 63.508 56.484 58.462 57.442 57.423 57.403 58.383 62.364 60.346 61.330 56.314 33.299 32.288 5.281 0.000 20.735 34.715 42.673 37.614 43.551 56.486 56.446 54.423 12.411 0.000 0.000 41.346 13.345 0.000 0.000 0.000 0.000 0.000 0.285 43.279 42.276 44.272 34.269 37.267 4.265 0.000 0.000
64.867 64.533 64.214 63.898 63.592 64.304 56.046 42.865 0.000 0.000 0.000 4.931 0.000 0.000 0.000 37.967 34.959 47.945 52.924 44.897 53.867 51.838 32.808 33.778 34.747 34.714 46.680 50.644 54.609 47.575 44.544 54.516 28.491 35.468 30.446 30.426 30.406 33.387 59.369 48.352 46.337 48.323 33.311 35.302 15.297 0.000 30.696 87.688 12.681 0.000 0.000 5.453 57.435 56.419 15.409 0.000 0.000 38.347 35.342 37.335 35.327 43.320 49.312 41.303 63.292 70.282 68.276 53.272 33.269 32.266 36.264 6.263 0.000
65.256 64.938 64.621 64.312 65.012 59.718 41.422 32.144 41.144 0.000 0.000 0.000 0.000 0.000 0.000 34.991 33.979 36.960 32.936 43.908 46.878 49.847 38.815 33.783 33.750 33.717 58.683 64.649 46.614 40.581 40.550 41.521 38.495 38.472 38.450 39.429 42.409 39.391 60.373 52.357 50.343 50.330 32.320 46.313 72.309 0.000 22.665 75.662 0.000 0.000 0.000 7.438 57.423 55.410 33.397 38.379 36.364 34.351 34.343 34.335 33.327 40.320 47.313 34.304 52.293 70.281 66.275 46.271 31.267 31.264 36.262 4.261 0.000
65.662 65.338 65.021 64.717 61.425 47.136 35.779 0.000 0.000 0.000 0.000 39.229 2.218 8.204 0.149 34.026 35.007 34.981 33.953 33.922 39.889 32.856 32.822 34.788 33.754 32.720 56.687 53.653 61.619 65.585 64.552 59.524 55.498 57.474 53.452 57.431 57.411 58.393 62.376 60.361 61.347 57.336 32.327 44.320 66.317 0.000 17.638 78.632 0.000 0.000 0.000 0.000 54.409 57.402 36.390 34.376 34.363 34.352 34.343 34.335 33.327 40.320 49.315 5.309 0.000 28.275 71.272 47.268 31.265 31.262 35.260 2.259 0.000
66.065 65.730 65.410 65.109 54.833 36.623 0.000 0.000 0.000 0.000 37.256 40.240 53.221 53.192 41.143 34.080 34.040 35.005 34.971 33.937 32.901 33.866 33.830 33.794 32.759 41.724 60.690 39.657 53.625 30.587 63.551 53.524 52.498 52.475 49.452 54.431 55.412 55.394 62.377 60.362 57.349 57.338 32.330 46.325 65.322 0.000 3.617 71.596 0.000 0.000 0.000 0.000 58.402 57.397 33.386 35.371 34.360 35.350 35.341 35.334 36.326 44.320 24.316 0.000 0.000 29.273 71.270 52.266 39.262 33.259 36.257 3.255 0.000
66.462 66.107 66.779 59.475 47.177 36.900 0.000 0.000 0.000 0.000 34.272 51.256 45.232 34.200 36.158 36.110 34.068 33.029 34.991 33.953 34.914 34.876 34.837 33.799 33.762 53.727 53.692 53.661 53.637 0.000 35.541 33.521 34.498 34.474 35.452 39.431 42.411 40.393 60.376 54.362 48.349 50.339 33.331 45.326 64.324 0.000 0.000 44.538 35.516 0.000 0.000 0.000 52.400 35.399 0.000 30.363 36.355 40.347 47.340 47.332 47.325 49.318 21.313 0.000 13.277 77.273 70.268 72.264 60.259 35.255 36.252 4.250 0.000
66.848 66.459 66.123 51.835 3.511 0.000 0.000 0.000 0.000 12.331 50.304 45.279 35.251 36.217 36.178 36.135 36.093 34.052 33.011 32.969 34.927 33.885 33.844 32.804 34.765 49.727 40.692 49.658 50.626 9.587 9.550 49.523 48.497 48.473 48.450 50.429 50.409 51.390 63.374 59.359 54.347 56.337 32.330 41.325 69.323 0.000 0.000 103.504 72.493 39.475 26.467 0.000 0.000 0.000 0.000 0.000 33.350 42.345 46.338 45.330 48.322 50.314 36.305 41.293 57.281 72.273 70.267 70.261 58.256 35.251 35.247 11.243 0.000
67.204 67.756 59.422 42.229 0.000 0.000 0.000 0.451 0.427 57.357 51.334 35.307 36.276 36.241 36.202 36.160 36.118 36.074 33.030 33.986 33.940 33.895 34.850 33.807 33.766 36.727 41.690 53.654 40.620 52.585 57.552 50.522 59.495 49.470 50.447 53.425 52.405 51.386 61.370 57.355 45.343 44.333 33.326 40.322 69.321 0.000 0.000 94.482 84.476 61.466 30.458 0.000 0.000 6.392 1.387 0.000 4.350 53.344 45.337 39.329 36.320 51.311 38.302 40.291 48.281 69.273 71.265 69.259 55.252 35.246 32.240 36.233 30.225
75.481 72.939 45.580 35.429 0.000 0.000 2.488 35.474 49.447 50.402 44.370 39.338 36.304 36.268 36.228 36.186 35.143 38.098 43.051 39.003 33.953 34.904 33.855 33.808 33.765 33.724 40.686 41.650 39.615 46.581 45.549 40.519 52.492 32.466 40.442 47.420 46.399 40.380 59.363 52.348 32.336 31.325 34.318 36.315 40.318 0.000 0.000 72.467 52.462 89.454 75.443 11.425 12.409 63.395 37.383 35.370 35.356 37.346 48.337 42.328 10.319 63.309 51.300 47.290 45.280 56.271 72.263 64.256 47.248 36.241 32.234 39.226 63.216
0.000 0.000 24.530 42.480 0.000 0.000 37.502 47.489 61.467 45.435 44.404 44.371 37.336 36.298 36.257 36.214 43.169 51.123 52.074 44.022 38.967 33.911 32.858 33.807 37.761 34.719 33.680 32.643 38.609 39.575 38.544 39.514 41.486 34.460 40.436 45.413 47.392 43.373 59.355 53.340 35.326 34.315 34.307 30.302 0.000 0.000 0.000 28.456 47.452 47.445 81.435 96.422 89.408 57.395 43.382 44.370 44.358 47.347 69.337 87.327 96.317 95.307 97.297 96.288 90.278 84.269 76.261 59.252 42.244 33.237 34.229 47.220 66.211
18.397 0.000 0.000 0.000 0.000 8.543 40.529 60.515 52.495 55.469 52.439 42.406 35.370 36.331 36.288 47.244 52.198 48.150 43.099 40.044 42.980 37.918 37.857 33.800 38.752 32.710 33.672 34.636 33.601 33.568 33.537 33.507 32.479 33.453 33.428 37.405 43.383 42.363 60.345 54.329 33.315 34.303 34.293 33.284 8.273 0.000 0.000 32.448 58.445 47.439 49.431 64.419 75.407 85.394 87.382 93.370 96.358 96.347 95.336 91.326 82.316 80.306 82.295 85.285 87.276 88.266 86.257 90.249 82.240 49.232 36.224 55.215 72.207
57.752 16.376 0.000 0.000 5.551 41.557 57.555 50.546 42.530 50.507 54.478 55.445 45.407 34.366 44.322 53.275 43.227 35.179 35.130 37.075 4.992 5.921 4.854 30.784 34.738 36.699 36.662 33.626 33.592 34.559 33.528 33.499 33.471 34.444 33.419 33.395 33.373 36.352 53.333 52.316 34.301 34.288 34.277 35.269 36.262 0.000 0.000 31.444 49.442 50.437 62.428 49.418 29.406 33.394 69.381 93.370 77.358 72.347 75.336 68.325 54.314 43.304 34.293 32.283 33.273 43.263 41.254 36.245 75.236 90.228 68.219 66.211 70.203
0.000 32.000 10.298 4.458 40.545 50.579 57.589 41.585 44.571 42.550 40.521 48.488 53.449 48.405 52.358 41.308 35.258 36.210 36.167 44.135 0.000 0.000 0.000 27.744 36.718 47.685 48.650 43.615 39.582 41.549 37.518 36.489 34.460 33.434 33.408 34.384 33.361 33.340 36.320 45.301 33.285 33.271 34.259 33.251 2.246 0.000 0.000 12.443 10.441 64.436 48.429 33.418 47.406 49.393 95.381 76.369 59.357 41.346 32.335 33.324 34.313 35.302 35.291 35.281 34.270 32.260 31.251 32.241 40.232 77.224 85.215 70.206 69.198
0.000 19.326 42.435 44.530 43.593 58.625 43.637 37.634 39.621 38.599 35.570 34.536 49.495 56.448 59.397 47.342 37.286 34.234 42.192 8.164 0.000 0.000 0.000 30.730 40.705 47.673 48.638 48.604 50.570 58.538 56.507 52.477 50.449 46.422 40.396 35.371 33.348 34.325 33.304 38.285 31.267 32.252 33.239 35.229 56.224 0.000 0.000 0.000 26.444 68.439 28.432 37.421 28.406 67.391 85.379 45.368 33.357 35.346 35.334 35.323 35.311 35.300 32.289 32.278 31.267 32.257 32.247 32.237 48.228 63.219 36.210 96.201 68.193
0.000 19.544 42.587 35.635 54.672 54.693 49.699 40.693 34.678 35.656 36.626 47.589 50.546 42.496 45.439 54.376 55.311 45.250 2.203 0.000 3.898 2.852 35.796 41.741 45.700 44.663 45.626 45.591 43.557 50.525 51.494 51.465 52.436 49.409 48.383 49.358 40.333 35.310 36.288 33.267 34.247 33.230 32.215 34.203 49.197 0.000 0.000 0.000 26.451 70.445 32.438 8.430 0.000 13.384 52.378 34.368 35.357 33.345 33.334 33.322 32.310 31.298 32.286 32.275 31.264 32.253 31.243 30.233 33.224 29.215 25.206 89.194 98.184
0.000 16.719 36.733 46.752 56.767 47.774 47.772 49.762 47.744 38.720 44.688 53.650 42.605 35.551 34.487 40.413 50.332 57.251 21.168 13.058 38.943 38.862 33.795 42.738 47.692 48.651 44.613 44.577 36.543 33.511 33.480 33.451 32.423 30.396 37.369 51.343 50.318 49.294 44.270 35.247 33.225 34.205 33.187 33.173 34.164 0.000 0.000 0.000 41.465 8.452 12.445 0.000 0.000 0.000 31.382 11.369 14.357 31.344 30.333 30.321 31.309 33.296 33.284 33.272 32.260 32.249 30.238 30.228 31.219 19.212 0.000 9.183 92.173
0.000 15.879 39.874 58.872 49.870 46.865 46.854 47.838 46.817 48.790 53.757 42.719 36.672 36.615 36.545 35.457 36.354 42.253 59.161 57.062 35.955 34.859 33.784 34.725 46.678 44.637 55.599 43.560 36.526 34.495 35.465 34.436 39.409 47.381 43.355 37.328 43.302 53.276 50.251 49.226 40.202 33.178 33.156 34.136 32.122 0.000 0.000 41.500 29.493 0.000 0.000 43.418 38.416 37.410 29.398 0.000 0.000 36.343 33.333 33.321 33.308 33.294 33.281 33.268 33.256 33.244 33.233 32.222 33.211 35.202 25.191 0.000 34.160
4.123 29.046 54.012 49.992 38.977 43.960 48.942 43.920 49.895 55.866 47.833 35.795 34.749 36.693 36.620 40.518 41.373 35.247 46.160 42.075 38.955 35.836 32.757 39.701 43.657 45.621 36.586 63.539 51.506 41.477 33.449 39.421 58.394 68.367 61.340 38.313 40.286 43.259 47.232 52.205 50.177 46.150 35.123 32.095 39.065 45.021 0.000 16.507 37.514 0.000 0.000 13.420 33.422 33.414 33.403 38.389 37.372 33.352 32.336 33.322 33.307 33.292 33.278 33.264 33.251 33.239 33.227 33.215 32.204 32.192 33.180 36.165 32.155
16.201 50.168 56.136 41.109 36.084 38.059 40.033 51.005 54.977 65.947 64.914 57.878 46.837 35.788 38.724 5.621 0.000 34.202 40.157 37.122 0.056 33.772 37.708 54.663 53.628 56.603 0.000 28.504 68.484 62.458 48.432 54.406 72.379 72.352 70.325 39.298 45.270 45.242 47.213 35.183 44.153 50.122 49.091 48.057 61.020 69.978 2.933 0.000 27.542 52.570 0.000 0.000 56.436 37.424 37.409 37.392 37.374 38.356 32.339 31.323 35.306 32.289 32.274 32.260 32.246 33.233 32.221 31.209 31.197 31.184 31.172 31.159 30.148
15.313 61.288 47.256 36.223 36.191 36.158 49.125 47.091 64.060 79.031 76.000 72.966 67.932 58.897 49.869 0.000 0.000 0.000 28.144 39.134 0.000 0.000 30.639 48.617 47.590 62.559 34.516 35.489 68.465 73.441 69.416 68.390 71.364 71.338 72.311 51.283 43.254 45.225 45.194 35.163 44.130 38.096 57.060 28.022 66.982 88.937 59.889 29.838 0.000 30.599 0.000 32.490 92.461 45.438 47.417 47.397 43.377 44.358 36.341 31.324 13.305 32.284 32.269 35.255 38.241 48.228 38.215 33.202 34.189 34.177 34.164 34.152 34.141
47.449 51.416 45.376 43.336 38.298 50.259 44.218 57.172 35.144 5.116 56.087 75.056 74.027 75.001 57.984 0.000 0.000 0.000 22.140 45.137 0.000 0.000 27.591 42.577 37.555 64.528 75.498 75.472 71.448 71.424 71.400 72.375 71.350 71.324 71.297 65.269 40.240 42.209 40.177 35.143 46.108 47.071 50.032 6.991 51.947 87.900 57.848 75.786 36.702 22.627 34.575 90.519 78.481 50.450 44.425 46.401 40.380 34.360 32.342 30.329 0.000 38.274 46.263 54.250 61.235 70.222 59.208 39.195 33.182 34.169 34.157 34.145 34.133
58.619 47.551 47.496 43.449 50.405 47.362 50.315 74.238 61.226 44.203 65.175 74.145 73.118 72.096 52.084 0.000 0.000 0.000 0.000 0.133 0.000 0.000 33.558 42.545 53.525 69.502 71.477 71.453 71.430 71.408 71.385 71.361 71.337 71.311 71.285 71.257 57.227 47.195 40.161 33.125 37.087 37.047 42.005 60.962 46.916 81.868 67.816 74.758 81.693 67.632 72.579 81.531 57.491 58.458 44.430 43.404 35.381 32.359 33.339 35.320 49.296 55.276 73.260 72.245 71.230 70.215 70.201 60.188 38.174 33.161 34.149 34.137 34.125
49.746 37.671 39.610 51.557 48.511 48.471 18.441 0.000 53.320 79.295 74.264 73.233 75.204 57.181 43.170 27.190 0.000 0.000 0.000 0.000 0.000 0.000 39.538 56.519 68.497 71.476 71.455 71.434 71.413 71.392 71.370 71.348 71.324 71.300 71.274 71.246 72.216 66.184 58.148 50.110 48.069 51.026 41.981 58.935 37.888 79.840 12.789 33.736 68.681 40.628 31.579 87.535 51.496 55.462 53.432 34.405 32.380 33.357 33.335 41.314 62.293 73.274 70.256 70.240 70.224 67.209 66.194 64.180 63.166 37.153 33.140 33.128 33.116
39.851 36.778 49.714 49.659 44.611 64.570 18.537 27.519 67.440 74.392 73.353 73.317 73.284 49.254 49.227 60.209 0.000 0.000 0.000 0.000 0.000 0.000 0.000 6.494 65.470 77.451 72.432 71.414 71.395 71.376 71.356 71.335 71.313 71.290 71.265 71.238 71.208 72.175 73.138 70.097 70.053 73.006 52.957 58.909 32.861 73.814 9.766 11.716 64.667 34.619 44.574 78.533 59.495 51.461 55.431 32.403 33.378 32.354 34.331 44.310 65.289 66.269 71.251 70.234 65.217 62.202 66.187 71.172 70.158 59.145 40.132 39.119 38.107
35.946 49.875 50.811 38.755 49.704 70.659 63.619 69.581 75.528 73.481 73.439 73.400 70.362 54.325 4.275 0.246 0.000 0.000 0.000 0.000 0.000 0.000 0.000 0.000 10.439 22.425 63.410 72.394 71.378 71.361 71.343 71.324 71.304 71.282 71.258 73.232 72.203 72.169 71.132 73.088 72.040 71.987 61.934 59.883 36.835 48.789 78.743 57.697 65.652 34.608 62.566 56.527 59.491 47.458 41.427 33.399 33.373 33.349 41.326 46.304 47.283 52.263 60.245 58.227 59.210 70.194 70.179 70.164 70.149 71.136 65.122 61.110 59.097
51.033 50.964 39.901 35.844 50.792 69.744 75.700 74.656 73.610 73.565 73.522 74.480 65.439 58.407 0.000 0.000 0.000 0.000 0.000 0.000 0.000 0.000 0.000 0.000 19.420 39.402 66.388 72.375 71.362 71.347 71.331 71.314 71.296 71.276 73.254 73.229 73.202 65.169 70.130 73.085 76.030 73.970 67.907 63.854 51.807 35.763 83.720 66.677 68.636 33.595 79.556 43.519 24.484 41.452 32.422 33.394 32.368 41.343 47.320 46.298 46.277 45.257 38.238 34.220 64.202 70.186 70.170 70.155 70.140 70.126 71.113 71.100 71.087
48.115 39.048 36.986 34.928 51.875 71.826 73.780 73.735 73.691 73.647 73.604 75.559 54.508 52.458 0.000 0.000 0.000 0.000 0.000 0.000 0.000 0.000 0.000 0.000 0.000 53.373 72.366 71.357 71.347 71.334 71.321 71.306 73.290 72.272 72.252 72.230 66.205 44.175 60.136 70.092 21.026 11.955 45.871 52.819 61.776 48.736 69.696 87.657 72.618 39.580 81.543 5.508 17.475 30.443 33.414 33.386 35.360 45.336 43.312 44.290 46.269 49.249 43.230 44.211 60.194 70.177 70.161 70.145 70.131 70.116 70.103 70.090 70.077
39.192 37.127 42.065 47.008 61.955 73.905 73.858 73.813 73.771 73.729 73.689 74.645 61.576 0.000 0.000 0.000 0.000 0.000 1.301 38.302 0.000 17.303 0.000 0.000 0.000 28.350 63.347 70.341 71.333 71.323 71.312 71.299 73.285 71.270 71.253 71.235 55.214 51.188 13.148 15.120 0.000 0.000 30.801 37.776 59.743 45.708 50.673 93.636 76.600 55.564 65.529 15.495 60.463 37.433 33.404 33.377 35.352 44.327 55.304 55.282 57.261 63.240 58.221 69.202 70.185 70.168 70.151 70.136 70.120 70.106 70.092 70.079 70.066
40.265 37.201 44.141 63.084 74.031 73.981 73.934 73.890 73.849 73.811 73.778 79.754 0.000 0.000 0.000 0.000 0.000 0.000 38.301 50.302 37.302 52.303 48.303 0.000 18.322 50.330 57.331 68.327 71.321 71.314 71.304 72.293 71.282 71.269 71.255 67.242 56.228 61.217 0.000 0.000 0.000 14.751 47.757 39.739 57.712 33.682 35.650 83.616 82.581 74.547 60.513 60.481 49.450 44.421 33.393 33.367 33.342 43.318 65.295 72.273 71.251 71.231 63.211 70.193 70.175 70.157 70.141 70.125 70.110 70.095 70.081 70.068 70.055
38.335 36.272 51.213 71.157 75.104 74.054 74.007 73.964 73.923 73.887 73.858 80.839 0.000 0.000 0.000 0.000 0.000 0.000 27.301 47.302 47.302 46.303 49.304 33.308 41.314 49.318 49.319 66.316 72.312 71.305 71.298 71.289 71.279 71.269 72.258 64.248 60.239 54.234 0.000 0.000 0.000 7.744 11.738 39.712 58.685 35.657 31.628 70.596 87.563 84.529 65.496 44.465 43.436 44.408 35.381 32.356 33.331 36.307 47.285 67.262 70.241 70.221 62.201 70.182 70.164 70.147 70.130 70.114 70.099 70.084 70.070 70.056 70.043
37.402 39.340 59.281 75.226 74.174 74.124 74.078 74.034 73.994 73.958 75.928 73.904 0.000 0.000 0.000 0.000 0.000 0.000 13.301 52.301 58.302 63.302 54.303 53.305 47.308 43.310 54.310 68.308 71.304 71.299 74.293 72.285 71.278 71.269 71.261 66.254 58.248 53.245 28.248 0.000 0.000 0.000 0.000 1.685 50.658 36.635 32.609 65.578 96.545 77.510 56.478 47.448 49.420 47.394 42.368 31.343 33.319 32.296 36.274 55.252 70.230 70.210 62.190 70.171 70.153 70.135 70.118 70.102 70.087 70.072 70.058 70.044 70.031
37.466 47.405 67.347 75.292 74.241 74.192 74.145 74.101 74.059 75.023 72.990 60.947 44.947 0.000 0.000 0.000 0.000 0.000 15.301 53.301 62.301 62.301 66.301 68.301 51.302 50.303 65.303 71.301 71.298 71.293 72.288 71.283 71.276 71.270 71.263 69.258 57.253 58.251 52.251 0.000 0.000 0.000 0.000 0.000 36.629 36.615 30.594 75.563 63.528 69.490 39.457 59.429 53.403 46.378 46.354 37.330 32.307 33.284 32.262 44.240 67.219 69.199 63.179 70.159 71.141 70.123 70.106 70.090 70.074 70.059 70.045 70.032 70.018
