results2_8e3_rain/res_3e8f-0133.wd
ncols         241
nrows         181
xllcorner     12693529.787448
yllcorner     3542525.717860
cellsize      155.156523
NODATA_value  -9999.000000
[rows 99 to 131 of 181, columns 0 to 72 of 241]
0.000 0.000 0.000 0.000 0.000 60.048 100.048 102.048 93.047 88.047 0.000 0.000 0.000 0.000 0.000 2.046 1.046 68.045 65.045 0.000 0.000 1.044 4.043 63.043 62.042 3.042 0.000 0.000 0.000 9.728 0.000 0.000 0.000 0.000 15.590 61.586 57.577 56.560 57.536 58.509 71.481 60.449 64.414 56.376 58.334 56.289 57.241 62.190 63.137 61.082 65.025 57.966 57.907 59.846 62.781 76.712 77.652 62.604 48.561 0.000 0.000 0.000 0.000 0.000 26.577 81.572 78.562 65.544 40.522 35.499 79.477 56.456 58.435
0.000 0.000 0.000 0.000 0.000 61.049 101.049 101.049 0.000 0.000 0.000 0.000 0.000 0.000 0.000 1.046 13.046 79.046 68.045 6.045 3.045 3.044 66.044 65.043 69.043 0.036 0.000 0.000 0.000 67.728 59.728 0.000 0.000 0.000 74.633 84.628 70.619 63.605 57.587 59.564 78.538 63.508 69.474 69.436 60.395 75.350 67.301 68.250 58.195 66.139 66.081 64.021 57.961 58.900 62.835 59.742 21.678 11.641 0.000 0.000 0.000 0.000 0.000 29.589 66.584 78.580 85.572 75.560 51.545 52.529 66.512 57.495 58.477
6.051 0.000 0.000 0.000 0.000 48.049 97.049 106.049 16.049 0.000 0.000 0.000 0.000 0.000 0.000 0.041 2.046 86.046 67.046 68.045 70.045 67.044 64.044 65.043 63.043 1.043 0.000 0.000 0.000 60.728 60.728 61.726 60.719 60.706 59.681 69.672 78.666 25.656 89.642 79.623 84.599 69.571 14.538 85.501 83.459 82.414 86.365 75.312 58.256 61.198 66.138 66.077 63.016 58.959 47.918 0.000 0.000 0.000 0.000 0.000 0.000 0.000 0.000 39.593 66.593 66.590 77.586 76.579 59.570 59.560 58.548 58.534 58.519
74.051 77.051 9.051 0.000 0.000 58.050 97.050 102.050 112.050 17.050 0.000 0.000 0.000 0.000 8.047 8.047 6.047 23.046 71.046 68.046 86.045 100.045 75.044 60.044 0.000 0.000 0.000 0.000 0.000 0.000 59.730 60.732 60.725 60.718 60.712 59.716 59.716 58.711 59.701 64.686 76.665 70.639 13.606 85.569 86.528 64.482 71.432 88.378 82.320 69.258 59.196 65.133 66.067 69.002 53.960 0.000 0.000 0.000 0.000 0.000 0.000 0.000 0.000 1.598 17.603 63.604 60.603 60.600 58.597 58.592 58.584 58.575 58.564
88.052 71.052 71.051 73.051 75.051 94.050 102.050 102.050 102.050 104.050 78.050 17.050 0.044 66.048 73.048 74.047 36.047 31.047 94.046 102.046 97.046 93.045 76.045 0.034 0.000 0.000 0.000 0.000 0.000 0.000 0.000 60.745 59.733 58.728 59.734 60.762 60.771 60.772 60.767 61.755 80.737 75.712 58.680 60.642 71.600 82.554 59.503 71.447 72.386 65.320 85.255 68.190 60.119 1.065 0.000 0.000 0.000 0.000 0.000 0.000 0.000 0.000 0.000 0.000 9.617 63.618 58.620 58.623 58.625 58.625 58.623 56.619 54.612
103.052 93.052 74.052 78.051 96.051 102.051 102.051 102.050 102.050 97.050 69.050 75.050 3.049 57.048 92.048 100.048 100.047 84.047 99.047 106.047 16.046 0.000 0.000 0.000 0.000 0.000 0.000 0.000 0.000 0.000 0.000 60.771 0.000 0.000 0.000 61.828 60.833 60.838 60.838 61.832 77.816 82.791 59.759 60.721 60.677 78.630 79.579 57.522 65.457 84.381 76.316 54.253 0.000 0.000 0.000 0.000 0.000 0.000 0.000 0.000 0.000 0.000 0.000 0.000 6.630 63.633 58.638 58.646 58.655 57.661 56.665 61.665 62.662
103.052 103.052 98.052 101.052 102.051 102.051 102.051 102.051 102.051 98.051 73.050 90.050 0.000 0.000 70.048 94.048 102.048 103.048 102.047 107.047 10.047 0.000 0.000 0.000 0.000 0.000 0.000 0.000 0.000 0.000 0.000 60.797 0.000 0.000 62.894 60.888 60.896 60.908 60.917 60.917 77.904 82.879 59.844 60.803 60.758 61.710 82.660 76.605 83.540 73.431 54.374 0.000 0.000 0.000 0.000 0.000 0.000 0.000 0.000 0.000 0.000 0.000 0.000 0.000 61.640 58.644 58.653 58.668 58.687 57.701 59.709 63.715 64.717
101.052 102.052 102.052 102.052 102.052 102.052 102.051 102.051 102.051 103.051 98.051 105.050 29.050 8.050 58.049 77.049 100.048 102.048 103.048 91.048 5.047 0.000 0.000 0.000 0.000 0.000 0.000 0.000 0.000 0.000 0.000 54.823 59.849 59.875 58.901 60.933 60.956 60.982 61.006 61.014 78.003 82.976 59.937 60.891 60.842 60.793 65.745 88.700 68.664 0.000 0.000 0.000 0.000 0.000 0.000 0.000 0.000 0.000 0.000 0.000 0.000 0.000 0.000 0.000 14.645 65.651 61.663 62.685 60.725 56.744 63.757 64.768 62.777
98.053 103.053 102.052 102.052 102.052 102.052 102.052 102.052 102.051 102.051 103.051 96.051 80.050 71.050 65.050 92.049 102.049 102.049 107.048 10.048 0.000 0.000 0.000 0.000 0.000 0.000 0.000 0.000 0.000 0.000 0.000 0.000 0.000 0.000 0.000 60.988 61.013 61.056 61.111 61.131 77.119 84.084 61.035 60.981 60.926 60.875 60.828 66.786 19.753 0.000 0.000 0.000 0.000 0.000 0.000 0.000 0.000 0.000 0.000 0.000 0.000 0.000 0.000 0.000 0.000 2.652 0.657 0.000 6.785 65.794 63.808 64.823 61.841
98.053 103.053 102.053 102.053 102.053 102.053 102.052 102.052 102.052 102.052 103.051 88.051 67.051 66.050 75.050 99.050 102.049 102.049 108.049 13.049 4.049 0.000 0.000 0.000 0.000 0.000 0.000 0.000 0.000 0.000 0.000 0.000 0.000 0.000 0.000 57.020 61.051 58.119 61.251 61.280 80.258 84.207 61.140 61.071 61.007 60.952 60.906 57.864 7.808 0.000 0.000 0.000 0.000 0.000 0.000 0.000 0.000 0.000 0.000 0.000 0.000 57.916 0.000 0.000 0.000 0.000 0.000 0.000 61.834 62.841 64.855 64.877 61.905
101.054 102.054 102.053 102.053 102.053 102.053 102.053 102.053 102.052 102.052 102.052 99.051 76.051 77.051 94.050 101.050 102.050 102.049 109.049 26.049 0.000 0.000 0.000 0.000 0.000 0.000 0.000 0.000 0.000 0.000 0.000 0.000 0.000 0.000 0.000 0.000 57.051 0.000 60.496 61.478 89.427 76.345 61.247 61.155 61.079 74.021 63.979 58.954 0.000 0.000 0.000 0.000 0.000 0.000 0.000 0.000 0.000 0.000 0.000 0.000 9.916 68.916 53.916 0.000 0.000 0.000 0.000 62.890 65.876 64.880 61.896 57.923 57.963
102.054 102.054 102.054 102.054 102.054 102.054 102.054 102.053 102.053 102.053 102.052 102.052 104.051 104.051 103.051 102.050 102.050 104.050 93.050 36.049 0.000 0.000 0.000 0.000 0.000 0.000 0.000 0.000 0.000 0.000 0.000 0.000 0.000 0.000 0.000 0.000 0.000 0.000 60.757 61.712 95.625 64.499 61.349 61.223 73.134 82.074 61.036 61.020 60.036 0.000 0.000 0.000 0.000 0.000 0.000 0.000 0.000 0.000 0.000 0.000 0.000 64.916 65.916 52.916 0.000 58.913 60.910 64.904 63.901 61.908 60.926 56.956 65.006
101.055 100.055 102.055 102.055 102.055 102.054 102.054 102.054 102.054 102.053 102.053 102.052 102.052 102.051 102.051 102.051 103.050 86.050 14.050 5.050 63.050 77.050 23.050 0.000 0.000 4.049 0.000 0.000 0.000 0.000 0.000 0.000 0.000 0.000 0.000 2.880 2.863 0.000 57.064 67.986 90.863 61.677 58.426 61.253 61.161 61.105 61.071 61.054 61.053 58.053 0.000 0.000 0.000 0.000 0.000 0.000 0.000 0.000 0.000 0.000 0.000 59.916 55.916 61.916 56.916 64.915 64.914 63.914 59.916 62.925 57.942 56.971 57.019
91.055 91.055 100.055 102.055 102.055 102.055 102.055 102.055 102.054 102.054 102.054 103.053 104.052 102.052 102.051 102.051 102.051 24.050 8.050 63.050 73.050 83.050 82.050 75.050 67.050 8.049 0.000 0.000 0.000 0.000 0.000 0.000 0.000 0.000 2.913 61.897 64.846 64.710 61.449 60.306 69.164 56.920 0.000 57.203 61.152 61.113 61.087 61.073 60.067 0.000 0.000 0.000 0.000 0.000 0.000 0.000 61.915 72.915 0.000 0.000 60.916 58.916 58.916 55.917 63.917 64.917 64.918 61.921 64.925 64.934 62.947 57.965 46.983
73.056 78.056 97.056 103.056 102.056 102.056 102.056 102.056 102.055 102.055 104.054 90.054 86.053 101.052 106.052 103.051 98.051 80.051 83.050 89.050 83.050 84.050 63.050 56.050 2.050 0.000 0.000 0.000 0.000 0.000 0.000 0.000 0.000 0.000 52.930 58.947 61.916 61.835 61.715 61.626 63.565 0.000 0.000 0.000 56.131 61.110 61.093 61.082 61.077 0.000 0.000 0.000 0.000 0.000 0.000 21.915 78.915 60.916 58.916 58.916 58.916 58.916 56.917 61.917 64.918 64.919 60.921 64.925 64.931 63.938 57.948 58.958 48.966
57.056 72.057 91.057 104.057 105.057 105.057 103.057 102.057 103.056 102.056 103.055 41.055 12.053 60.052 78.052 99.051 106.051 104.051 104.051 90.050 13.050 0.000 0.000 0.000 0.000 0.000 0.000 0.000 0.000 7.868 9.868 0.000 0.000 0.000 0.000 58.046 62.034 59.999 60.951 62.916 63.906 0.000 0.000 0.000 0.000 54.101 61.093 61.086 58.082 0.000 0.000 0.000 0.000 0.000 0.000 0.000 20.915 74.916 57.916 57.916 58.916 57.916 57.917 63.917 64.918 62.920 50.923 3.927 68.934 62.941 62.947 62.953 48.958
21.057 43.057 76.058 82.058 76.058 78.058 95.058 103.058 99.057 92.057 91.057 26.056 0.000 0.000 0.000 36.051 71.051 97.051 104.051 1.051 0.000 0.000 0.000 0.000 0.000 0.000 0.000 0.000 0.000 49.868 70.868 15.868 0.868 0.000 0.000 58.156 64.176 63.178 72.172 73.183 63.237 8.398 0.000 0.000 0.000 0.000 58.090 59.088 0.000 0.000 0.000 0.000 0.000 0.000 0.000 0.000 0.000 79.916 82.916 62.916 56.916 54.916 64.917 64.917 59.918 0.000 0.000 0.000 9.939 67.943 64.947 64.951 54.953
0.000 0.000 57.060 66.060 18.060 4.059 67.059 96.059 87.058 83.058 97.058 64.058 24.058 0.000 0.000 0.000 0.000 42.052 73.052 0.000 0.000 0.000 0.000 0.000 0.000 0.000 0.000 0.000 0.000 0.000 54.868 72.868 3.868 0.000 0.000 49.246 63.336 61.363 91.379 84.406 62.462 64.559 10.666 0.000 0.000 0.000 53.090 0.000 0.000 0.000 0.000 0.000 0.000 0.000 0.000 0.000 0.000 0.000 67.916 84.916 69.916 63.916 64.916 59.917 0.000 0.000 0.000 0.000 0.000 59.945 64.947 64.949 59.951
0.000 0.000 53.062 98.061 55.061 4.061 56.060 88.060 90.060 101.059 103.059 106.058 112.058 51.058 20.058 0.000 0.000 0.000 13.053 8.054 0.000 1.054 0.000 0.000 0.000 0.000 0.000 0.000 0.000 0.000 55.868 70.868 0.868 7.869 11.869 0.000 56.558 64.561 94.573 76.599 64.646 63.711 68.772 0.000 0.000 0.000 0.000 0.000 0.000 0.000 0.000 0.000 0.000 0.000 0.000 0.000 0.000 0.000 0.000 5.916 72.916 62.916 60.916 0.000 0.000 0.000 0.000 0.000 58.946 57.946 59.947 53.948 0.000
26.066 41.065 75.064 93.063 101.063 70.062 83.062 106.061 103.061 102.060 102.060 102.059 102.059 108.058 111.058 67.057 26.056 8.055 71.054 85.054 78.054 80.054 36.054 12.054 9.053 0.000 0.000 0.000 0.000 0.000 34.868 56.868 62.868 62.869 65.869 24.870 57.778 86.751 88.752 65.772 63.811 63.866 66.940 12.060 7.112 0.000 0.000 0.000 0.000 0.000 0.000 0.000 0.000 0.000 0.000 0.000 0.000 0.000 0.000 0.000 0.000 0.000 6.916 0.000 0.000 0.000 0.000 60.946 55.946 53.946 0.000 0.000 0.000
99.067 102.066 102.065 100.065 98.064 99.064 101.063 101.062 102.062 103.061 103.061 102.060 95.059 99.059 102.058 106.057 110.056 111.055 103.055 99.054 96.054 91.054 93.054 86.054 42.053 20.053 0.000 0.000 0.000 0.000 0.000 0.000 0.000 0.000 0.000 81.963 70.931 99.913 90.912 77.928 64.959 64.004 64.061 68.127 64.165 0.000 0.000 0.000 0.000 0.000 0.000 0.000 0.000 0.000 0.000 0.000 0.000 0.000 0.000 0.000 0.000 0.000 0.000 0.000 0.000 0.000 0.000 0.000 0.000 0.000 0.000 0.000 0.000
102.068 97.067 95.067 94.066 88.066 85.065 86.064 86.064 92.063 97.062 97.061 90.061 74.060 89.059 102.058 102.057 102.056 102.056 102.055 102.054 103.054 103.054 106.054 107.054 107.053 107.053 46.053 0.000 0.000 0.000 0.000 0.000 0.000 0.000 0.000 54.088 80.071 85.057 69.056 86.068 74.093 64.130 64.174 67.221 10.256 0.000 0.000 0.000 0.000 0.000 0.000 0.000 0.000 0.000 0.000 0.000 0.000 0.000 0.000 0.000 0.000 0.000 0.000 0.000 0.000 0.000 0.000 0.000 0.000 0.000 0.000 0.000 0.000
72.069 45.069 67.068 81.068 79.067 59.067 44.066 40.065 60.064 77.063 76.062 69.061 64.060 74.059 95.058 103.057 102.056 102.056 102.055 102.054 102.054 106.054 81.054 69.054 68.053 72.053 75.053 14.053 3.053 0.016 0.002 0.000 0.000 0.000 0.000 52.230 88.208 71.189 63.185 73.195 84.216 68.247 64.285 64.329 70.382 14.473 8.517 0.554 0.000 0.000 0.000 0.000 0.000 0.000 0.000 0.000 0.000 0.000 0.000 0.000 0.000 0.000 0.000 0.000 0.000 0.000 0.000 0.000 0.000 0.000 0.000 0.000 0.000
62.071 33.070 55.070 70.070 66.069 43.068 29.067 33.067 53.066 67.065 65.064 65.062 66.061 64.060 83.059 100.057 102.056 102.055 102.055 102.054 101.054 64.054 0.000 0.000 0.000 0.000 0.000 0.000 0.000 58.554 78.554 30.553 16.550 12.538 59.495 76.394 93.343 70.306 64.301 62.311 79.330 81.357 67.389 64.427 64.470 67.520 76.556 14.585 9.595 0.000 0.000 0.000 0.000 0.000 0.000 0.000 0.000 0.000 0.000 0.000 0.000 0.000 0.000 0.000 0.000 0.000 0.000 0.000 0.000 0.000 0.000 0.000 0.000
75.072 71.072 66.072 65.071 66.071 68.070 69.069 72.068 71.067 67.066 66.065 66.063 66.062 65.060 72.059 94.058 103.056 102.055 104.054 76.054 42.054 0.000 0.000 0.000 0.000 0.000 0.000 0.000 0.000 23.554 45.554 48.555 52.558 66.570 63.553 84.509 81.463 55.391 62.403 64.417 66.437 79.461 71.489 66.519 64.551 63.581 80.601 71.610 65.604 0.000 0.000 0.000 0.000 0.000 0.000 0.000 0.000 0.000 0.000 0.000 0.000 0.000 0.000 0.000 0.000 0.000 0.000 0.000 0.000 0.000 0.000 0.000 0.000
65.074 66.074 66.074 66.073 66.073 66.072 66.071 66.070 66.069 66.067 66.066 66.064 66.063 66.061 64.059 85.057 102.056 104.054 100.053 26.053 0.000 0.000 0.000 0.000 0.000 0.000 0.000 0.000 0.000 0.000 0.000 0.000 0.000 50.631 67.637 93.625 67.609 0.000 50.503 65.518 63.539 67.561 68.586 77.610 66.634 64.652 63.658 59.649 0.627 0.000 0.000 0.000 0.000 0.000 0.000 0.000 0.000 0.000 0.000 0.000 0.000 0.000 0.000 0.000 0.000 0.000 0.000 0.000 0.000 0.000 0.000 0.000 24.383
66.077 66.076 66.076 66.076 66.075 66.074 66.073 65.072 65.070 66.069 66.067 66.066 66.064 66.062 65.060 73.057 88.055 99.053 87.052 13.051 0.000 0.000 0.000 0.000 0.000 0.000 0.000 0.000 0.000 0.000 0.000 0.000 0.000 27.686 76.740 101.745 11.740 0.000 48.588 66.613 64.638 63.661 71.682 82.703 70.722 64.734 68.732 1.692 0.000 0.000 0.000 0.000 0.000 0.000 0.000 0.000 0.000 0.000 0.000 0.000 0.000 0.000 0.000 0.000 0.000 0.000 0.000 0.000 0.000 0.000 0.000 0.000 81.460
66.079 66.079 66.079 66.078 66.077 66.076 66.075 70.074 71.072 67.071 66.069 66.067 66.065 66.062 66.060 65.057 68.055 77.052 77.050 18.049 0.000 0.000 0.000 0.000 0.000 0.000 19.664 0.000 0.000 0.000 0.000 0.000 0.000 0.077 80.891 95.876 18.866 0.000 32.649 63.709 64.739 64.761 63.780 68.799 70.816 66.830 68.837 0.000 0.000 0.000 0.000 0.000 0.000 0.000 0.000 0.000 0.000 0.000 0.000 0.000 0.000 0.000 0.000 0.000 0.000 0.000 0.000 0.000 0.000 0.000 0.000 65.682 74.591
66.082 66.082 66.081 66.081 66.080 66.079 65.078 77.076 82.075 69.073 66.071 66.068 66.066 66.063 66.060 66.057 66.054 65.051 68.047 49.045 0.000 0.000 0.000 0.000 0.000 61.665 82.664 44.662 35.653 34.641 0.000 0.000 0.000 62.166 104.058 78.002 77.981 5.004 0.000 49.836 66.848 64.863 64.879 62.896 78.914 82.933 76.950 0.117 0.000 0.000 0.000 0.000 0.000 0.000 0.000 0.000 0.000 0.000 0.000 0.000 0.000 0.000 0.000 0.000 0.000 0.000 0.000 0.000 0.000 0.000 39.846 90.774 76.699
66.085 66.084 66.084 66.083 66.083 66.081 65.080 78.079 84.077 68.075 66.073 66.070 66.067 66.064 66.061 66.057 66.053 66.049 66.044 72.039 43.032 0.000 0.000 0.000 1.665 24.665 39.666 61.669 69.656 73.629 47.576 23.505 58.409 96.274 94.172 74.094 56.051 14.028 0.000 49.950 66.955 65.964 68.976 63.991 73.011 96.037 93.079 38.169 2.219 18.243 0.000 0.000 0.000 0.000 0.000 0.000 0.000 0.000 0.000 0.000 0.000 0.000 0.000 0.000 0.000 0.000 0.000 0.000 0.000 0.000 76.919 132.867 115.805
63.088 64.088 65.087 65.086 66.086 66.084 64.083 79.081 82.080 65.077 66.075 66.072 66.069 66.066 66.062 66.058 66.053 66.048 66.041 66.034 72.025 52.013 3.005 0.000 0.000 0.000 0.000 37.690 68.674 64.642 67.594 71.530 83.448 100.351 84.261 52.152 2.102 0.000 0.000 49.058 66.059 69.063 82.071 68.083 78.101 79.125 98.161 102.209 85.246 35.268 0.000 0.000 0.000 0.000 0.000 0.000 0.000 0.000 0.000 0.000 0.000 0.000 0.000 0.000 0.000 0.000 0.000 0.000 0.000 63.135 73.044 73.973 76.907
84.091 79.091 74.091 72.090 68.089 64.088 64.086 79.085 82.083 64.080 66.078 66.075 66.071 66.068 66.063 66.059 65.053 64.047 65.040 65.031 65.021 71.009 47.997 24.983 0.000 0.000 0.000 36.729 74.706 68.673 63.628 76.572 99.502 93.423 61.367 0.000 0.000 0.000 0.000 47.166 65.159 70.157 77.161 72.170 77.184 76.203 89.229 83.260 76.288 49.313 4.342 0.000 0.000 0.000 0.000 0.000 0.000 0.000 0.000 0.000 0.000 0.000 0.000 0.000 9.914 0.000 0.000 6.303 40.303 68.226 137.147 101.082 132.968
104.095 103.095 99.094 94.093 90.092 85.091 80.090 76.088 71.086 65.083 66.081 66.078 66.074 66.070 65.066 67.060 73.054 78.048 77.040 75.030 69.019 64.006 67.990 73.969 37.936 18.898 22.852 56.790 79.750 70.714 66.674 89.627 101.567 57.469 2.418 0.000 0.000 10.362 17.340 51.279 64.256 69.247 85.246 75.251 68.261 61.275 67.293 85.314 82.335 88.354 7.371 0.000 0.000 0.000 0.000 0.000 0.000 0.000 0.000 0.000 0.000 0.000 0.000 0.000 6.914 0.000 0.000 0.000 75.379 66.318 76.250 99.145 75.319
