results2_8e3_rain/res_3e8f-0057.wd
ncols         241
nrows         181
xllcorner     12693529.787448
yllcorner     3542525.717860
cellsize      155.156523
NODATA_value  -9999.000000
[rows 132 to 164 of 181, columns 0 to 73 of 241]
89.161 94.161 98.161 98.161 100.161 100.161 94.161 85.161 71.161 60.161 59.161 60.161 59.161 58.161 63.161 77.161 88.160 93.159 93.157 90.155 82.151 73.145 64.137 58.124 63.105 65.079 64.046 65.007 62.973 57.940 71.908 94.876 61.849 0.000 0.000 0.000 1.495 53.486 65.479 62.452 64.429 70.412 88.405 74.404 58.405 57.407 57.412 69.418 90.425 31.433 4.441 0.000 0.000 0.000 0.000 0.000 0.000 0.000 0.000 0.000 0.000 0.000 0.000 0.000 22.253 2.170 6.076 46.974 69.825 73.720 73.609 83.691 111.154 101.500
67.171 69.172 72.172 78.172 88.172 94.172 99.172 99.172 92.172 78.172 67.172 61.172 65.172 72.172 85.172 100.172 99.171 96.170 96.169 99.166 99.162 95.156 83.147 71.136 63.119 58.099 59.074 58.047 59.020 66.996 88.973 96.953 8.940 0.000 0.000 0.000 11.505 39.513 57.547 66.541 67.522 64.499 65.496 75.494 70.491 63.486 67.482 75.479 88.476 29.474 15.468 21.490 1.499 0.000 0.000 0.000 0.000 0.000 0.000 0.000 0.000 0.000 0.000 0.000 4.330 0.000 54.103 76.021 71.897 80.865 71.924 111.282 100.038 101.548
59.182 59.182 59.183 61.183 66.183 70.183 77.183 86.183 94.183 97.184 91.184 89.184 91.184 94.184 93.184 86.184 77.184 75.183 75.181 80.179 86.175 93.169 96.162 95.152 84.139 74.123 69.105 67.085 76.067 92.050 93.035 79.025 12.019 0.000 0.000 0.000 0.000 0.000 40.657 67.643 46.618 34.568 49.586 64.586 79.578 83.566 85.552 86.538 82.527 9.520 0.000 24.505 21.508 9.510 15.510 9.510 0.000 0.000 0.000 0.000 0.000 0.000 38.556 8.503 74.407 96.336 129.183 85.151 80.198 61.150 97.211 101.715 101.616 110.342
60.194 60.194 60.194 60.194 59.194 58.194 60.194 65.195 71.195 81.195 91.195 93.195 86.196 76.196 70.196 62.196 58.196 58.196 58.195 60.193 65.189 71.185 78.179 90.171 95.161 97.150 96.137 92.124 95.112 88.101 70.094 62.091 41.092 0.000 0.000 0.000 0.000 0.000 33.780 66.757 9.740 0.000 42.695 67.685 86.669 94.648 80.623 83.595 69.573 27.559 0.000 51.518 20.515 12.512 23.510 23.510 0.000 0.000 0.000 0.000 0.000 25.666 44.609 117.547 146.465 129.342 112.891 111.831 103.498 102.139 102.006 101.866 67.088 112.002
60.205 60.205 60.205 60.205 60.206 60.206 60.206 59.206 59.207 62.207 68.207 67.207 63.208 59.208 59.209 59.209 60.210 60.210 60.209 60.208 59.206 58.203 60.198 66.192 73.185 82.178 90.170 86.162 75.155 63.150 59.149 64.153 72.168 48.206 26.215 26.200 12.155 13.070 48.927 69.864 19.847 1.862 61.815 93.790 95.765 74.735 77.697 76.648 64.610 53.584 4.559 32.534 6.524 0.000 7.510 0.000 0.000 0.000 0.000 0.000 0.000 6.725 69.668 75.584 71.567 72.722 70.694 102.492 102.381 102.264 69.449 72.223 74.090 75.751
60.217 60.217 60.217 60.217 60.217 60.218 60.218 60.218 60.219 60.219 59.219 59.219 59.220 60.220 60.222 60.223 60.224 60.225 60.225 60.225 60.224 60.221 60.219 59.215 58.211 59.207 63.202 61.199 60.196 64.196 67.199 66.206 64.218 66.235 66.241 63.229 63.196 67.129 41.994 27.926 16.920 34.937 79.919 93.895 73.866 66.830 65.782 45.688 41.636 4.610 0.000 0.000 0.000 0.000 0.000 0.000 2.213 17.186 32.139 2.072 15.960 78.811 85.795 83.863 81.846 82.924 102.699 102.597 83.708 90.494 83.344 89.113 80.951 59.888
60.228 60.229 60.229 60.229 60.229 60.230 60.230 60.231 60.231 60.231 60.231 60.231 60.231 60.232 60.234 60.237 60.239 60.241 60.242 59.242 66.242 68.241 60.240 59.239 58.237 59.236 61.234 64.234 67.236 66.239 61.245 62.254 69.265 72.277 68.283 62.281 59.270 68.255 0.000 0.000 1.977 75.030 84.029 71.006 62.973 82.938 28.911 0.000 0.000 0.000 0.000 0.000 0.000 0.000 0.000 0.000 27.239 69.207 98.158 59.088 91.960 100.111 97.070 96.158 102.984 102.893 102.798 95.799 97.671 97.367 96.224 95.153 13.066 0.000
60.240 60.241 60.241 60.241 60.242 60.242 60.243 60.243 60.244 60.244 63.244 63.243 61.243 65.243 63.247 60.251 60.255 60.258 59.260 57.261 68.262 76.262 62.263 59.263 61.263 64.264 66.266 65.269 62.273 64.280 69.288 71.299 72.311 72.323 67.334 61.342 70.350 89.366 8.418 0.000 0.000 49.175 72.161 69.129 73.082 93.040 27.014 0.000 0.000 0.000 0.000 0.000 0.000 0.000 0.000 25.353 77.300 93.244 96.171 101.164 98.322 95.310 103.234 103.154 103.071 95.120 95.900 96.769 96.447 96.416 89.346 66.250 0.000 0.000
60.253 60.253 60.253 60.253 60.254 60.255 60.256 60.256 60.257 61.257 68.257 68.256 45.254 13.252 34.258 64.267 58.272 61.276 67.278 70.280 70.282 66.283 62.285 63.287 66.289 65.292 64.297 66.302 70.309 70.319 72.330 71.343 62.357 57.372 59.388 72.403 91.420 101.442 23.469 0.000 0.000 24.334 80.311 82.265 89.188 88.124 24.091 0.000 0.000 0.000 0.000 0.000 0.000 3.508 29.475 73.415 95.329 98.341 97.426 97.426 96.515 103.385 103.310 95.334 96.130 96.987 96.771 96.623 96.578 88.509 80.466 0.000 0.000 0.000
60.265 60.265 60.265 60.266 60.267 60.268 60.269 60.270 60.271 62.271 71.271 82.269 58.266 0.000 1.273 49.287 75.292 67.295 65.297 65.300 63.302 62.305 64.308 66.311 64.315 60.320 62.326 74.334 76.344 66.356 60.370 57.385 57.403 62.422 76.441 92.463 89.487 73.514 45.548 13.594 7.589 51.516 80.486 62.434 53.279 45.179 10.135 0.000 0.000 0.000 0.000 0.000 0.000 22.542 73.508 95.419 97.609 96.599 96.706 103.597 103.529 103.458 95.401 97.278 96.987 96.858 96.801 96.725 90.648 77.583 67.545 0.000 0.000 0.000
60.277 60.277 60.277 60.278 60.279 60.281 60.282 60.284 60.285 62.286 72.286 59.284 15.275 0.000 0.000 17.312 71.313 63.315 65.317 64.320 62.323 65.326 66.330 63.334 60.340 56.346 66.354 80.364 67.376 57.391 58.408 63.427 73.447 84.470 95.494 88.520 66.549 61.581 80.614 87.646 88.658 92.654 67.682 28.706 0.813 0.000 0.000 0.000 0.000 0.000 0.000 0.000 27.657 73.586 95.601 97.784 96.802 103.787 103.726 103.663 95.678 96.471 97.354 97.049 97.030 96.967 96.890 97.796 85.715 56.628 45.586 3.586 0.000 0.000
59.290 59.290 60.290 60.290 60.292 60.294 60.296 60.298 60.300 63.303 73.305 44.306 0.000 3.349 41.346 43.336 60.334 62.334 50.337 32.340 70.343 65.347 61.352 60.357 58.363 60.371 76.381 79.392 61.407 64.424 76.444 85.466 94.490 92.516 80.545 66.575 59.609 75.645 79.683 67.718 48.743 46.760 34.882 14.988 4.158 0.000 0.000 16.859 11.859 0.000 0.000 21.743 73.759 96.855 97.873 95.982 103.902 103.845 95.851 96.657 97.528 97.331 97.205 97.177 97.120 97.065 99.993 63.859 43.787 0.000 0.000 0.000 0.000 0.000
68.302 66.302 63.301 61.302 58.304 58.307 58.310 58.313 57.316 62.319 74.324 57.331 38.346 46.353 64.354 60.352 57.352 63.353 58.356 45.359 65.363 59.368 58.373 58.379 60.386 74.395 82.405 48.418 40.435 90.455 95.479 90.505 79.532 69.561 61.593 57.628 68.667 80.709 48.754 23.800 6.838 0.000 15.099 14.204 4.380 5.626 8.781 36.859 20.859 0.000 0.000 53.994 96.024 95.144 104.067 104.014 103.959 95.894 97.778 97.499 97.388 97.353 99.305 94.249 96.214 97.183 108.158 0.000 0.000 0.000 0.000 0.000 0.000 0.000
69.316 71.315 77.312 78.313 78.316 75.320 76.324 75.327 74.331 74.335 76.340 59.347 63.355 62.361 59.365 62.366 62.368 61.371 66.374 68.378 62.383 56.388 58.394 60.401 74.408 79.416 68.427 62.441 71.459 94.484 77.512 68.541 60.571 58.603 60.638 59.677 73.721 82.770 46.824 22.888 10.972 13.116 16.211 8.350 9.534 15.717 17.857 10.939 0.000 0.000 32.221 74.243 104.214 104.167 104.118 96.138 96.937 97.828 97.533 97.525 98.478 98.428 71.379 49.311 84.304 98.294 103.299 43.352 0.000 0.000 0.000 0.000 0.000 0.000
62.331 56.329 9.320 11.320 20.328 67.334 64.338 64.342 64.346 68.351 77.356 58.361 59.368 58.373 61.377 65.381 66.384 64.388 63.392 66.397 67.402 64.408 58.415 75.422 81.429 72.436 78.445 95.458 92.479 74.508 62.544 58.577 60.609 60.643 59.680 64.722 80.771 82.825 74.886 77.957 49.047 11.163 3.280 2.457 14.688 21.850 11.993 9.100 1.325 27.389 75.410 104.303 104.260 96.290 97.093 97.972 97.781 97.663 97.643 98.592 96.546 90.501 15.476 0.000 66.398 101.390 98.391 97.405 0.000 0.000 0.000 0.000 0.000 0.000
60.349 52.349 0.000 0.000 2.344 63.349 59.353 59.357 59.361 63.366 77.370 55.375 59.381 63.386 65.391 66.396 63.400 60.405 58.410 60.415 70.422 83.428 78.435 79.442 56.449 50.455 102.460 88.470 55.489 15.525 35.580 63.615 60.646 60.679 62.716 55.760 39.816 29.874 41.937 82.008 58.096 11.211 6.337 1.607 10.851 16.005 10.164 15.311 15.604 53.603 104.368 95.489 99.221 98.118 97.929 97.816 97.788 97.747 98.701 98.660 63.616 39.555 25.548 28.548 79.499 100.478 96.471 87.473 5.477 0.000 0.000 0.000 0.000 0.000
60.367 60.369 43.378 0.000 3.354 64.364 60.369 60.373 59.376 60.380 75.385 62.390 65.395 67.400 66.405 61.411 58.416 59.421 59.427 58.434 68.441 91.448 87.456 74.464 67.471 58.474 34.469 23.473 10.481 0.000 16.636 65.655 60.682 62.712 45.746 19.788 4.858 1.920 43.981 61.043 30.117 2.248 5.440 10.677 17.957 14.153 8.343 1.800 5.173 52.872 104.451 98.377 98.131 97.950 97.931 97.891 97.846 97.804 95.765 86.729 19.703 0.000 36.612 95.598 100.571 98.552 92.542 82.539 0.509 0.000 0.000 0.000 0.000 0.000
57.382 59.384 56.387 0.000 0.000 64.386 59.387 57.389 59.392 63.395 67.399 66.403 66.409 64.415 58.420 59.426 59.432 60.438 60.444 65.451 83.459 82.468 75.477 84.487 82.496 53.504 0.000 0.000 0.000 0.000 14.673 65.689 60.713 63.742 34.768 0.000 30.919 56.962 77.016 46.064 0.000 0.000 0.000 0.075 10.147 10.309 10.585 5.133 3.536 104.681 104.568 97.289 98.127 98.023 97.986 97.943 97.901 99.861 84.824 67.790 27.763 3.746 51.692 81.660 90.635 99.618 88.608 77.605 0.000 0.000 0.000 0.000 0.000 0.000
64.396 62.398 51.400 0.000 50.414 58.406 60.404 64.405 65.406 66.409 64.412 65.417 63.423 59.429 59.435 60.441 60.447 59.454 61.461 84.469 83.478 65.487 78.498 76.510 80.523 78.541 41.568 0.000 6.677 36.687 41.696 61.714 60.740 60.774 55.816 47.883 64.937 63.993 58.058 80.134 28.229 0.000 0.000 4.069 9.177 7.348 8.575 32.891 57.402 104.782 99.635 99.364 99.101 98.082 98.038 97.996 98.955 96.916 51.878 28.844 40.813 41.784 95.747 97.717 77.693 87.675 82.666 55.668 20.691 0.000 0.000 0.000 0.000 0.000
65.409 66.411 63.415 51.422 65.422 65.420 65.419 66.419 66.421 67.422 79.425 61.429 59.437 59.444 60.451 60.457 60.463 61.470 75.477 86.486 61.495 65.506 92.518 84.531 72.547 75.568 78.596 62.635 67.667 82.689 75.708 63.732 56.761 56.797 67.841 83.895 70.952 43.015 15.090 70.186 59.324 8.532 11.737 16.961 13.144 4.333 6.499 47.847 100.143 104.870 96.614 99.254 100.177 98.134 98.091 98.049 91.008 80.968 37.931 8.895 17.862 18.829 79.797 121.768 102.743 78.725 70.714 49.710 58.715 11.715 0.000 0.000 1.731 22.731
70.419 70.423 66.426 66.431 66.432 67.433 67.433 63.434 60.434 59.435 22.435 12.439 63.453 60.460 60.466 60.472 59.479 62.485 86.493 72.502 57.512 63.523 80.536 97.550 92.567 89.588 87.613 83.641 79.669 78.693 86.717 83.744 77.775 73.812 76.855 80.906 42.963 7.026 6.100 22.195 18.351 3.534 12.720 22.893 19.108 10.312 3.539 46.824 105.035 104.954 99.514 101.344 98.226 98.187 99.143 95.101 79.059 72.019 77.981 83.944 67.909 89.875 104.843 121.814 130.788 114.768 76.753 81.745 56.743 0.000 0.000 0.000 0.000 0.000
9.427 10.435 70.438 65.442 65.444 60.446 57.447 59.448 54.449 7.448 7.441 0.000 64.475 60.478 60.482 60.488 60.494 78.500 85.508 58.517 60.527 60.539 63.552 69.567 71.584 71.604 67.626 70.649 86.673 79.697 70.722 73.751 80.785 84.821 87.863 84.911 59.966 25.027 8.090 7.142 0.000 0.000 7.715 16.783 0.977 0.000 16.758 77.004 105.114 96.877 100.580 100.311 98.287 98.239 99.195 94.151 81.109 47.068 54.029 96.991 107.955 139.920 130.887 102.856 90.828 107.805 86.787 80.774 55.769 0.000 0.000 0.000 0.000 0.000
0.000 5.452 19.448 74.455 59.458 57.460 59.462 59.464 60.466 7.467 0.000 53.500 61.494 60.495 60.498 60.503 62.508 86.515 71.522 57.531 60.541 60.554 60.568 59.583 59.599 59.617 58.637 65.658 94.679 73.701 4.724 12.755 24.791 75.825 85.864 69.909 74.963 62.027 14.090 11.142 0.000 1.563 14.643 6.713 0.000 0.000 34.939 105.270 105.192 99.758 101.483 97.384 98.337 98.290 98.245 98.201 85.158 48.117 63.076 100.038 96.000 129.963 124.928 93.895 98.864 84.837 65.814 83.798 61.789 0.000 0.000 0.000 0.000 0.000
58.480 54.473 0.000 66.471 76.472 77.474 58.476 70.479 77.483 53.489 51.502 61.506 60.507 60.509 60.512 60.517 79.522 83.528 58.535 60.544 59.554 58.567 60.582 60.597 60.613 60.630 59.647 67.666 96.684 77.703 23.718 0.000 47.800 72.824 85.858 64.899 54.951 14.027 7.103 10.193 8.334 16.470 20.545 0.000 0.000 13.927 76.140 105.346 97.037 100.733 100.468 98.439 98.387 98.340 98.294 99.249 90.206 79.164 102.123 127.083 115.044 132.006 128.968 122.932 129.897 95.864 72.835 82.814 90.800 19.794 0.000 0.000 0.000 0.000
60.488 59.487 54.490 60.486 59.487 7.488 81.491 73.494 60.498 61.503 61.511 60.516 60.519 60.522 60.526 63.531 86.536 69.541 59.547 60.555 66.564 74.579 60.596 58.612 60.626 59.641 62.657 86.673 94.690 69.708 57.727 45.754 67.785 66.813 27.846 12.879 9.915 0.000 0.000 0.000 0.428 1.493 3.522 0.000 17.103 74.184 96.298 105.421 97.996 98.623 98.536 98.485 98.436 98.388 98.342 99.296 90.252 73.210 69.168 102.127 92.087 106.047 109.007 96.968 98.927 70.886 47.850 61.822 128.803 81.789 16.773 6.760 28.747 49.739
60.497 60.497 60.498 60.498 60.500 54.502 70.504 86.508 62.512 59.517 60.522 60.527 60.531 60.535 59.540 82.544 84.549 58.553 60.558 61.563 58.571 20.587 79.612 74.627 61.640 59.653 77.666 96.681 80.696 60.712 60.730 61.751 64.773 68.798 5.833 6.856 0.000 0.000 0.000 0.000 0.000 0.000 0.000 0.000 40.289 97.375 105.566 105.494 97.887 98.703 98.579 98.533 98.483 98.435 98.388 97.343 82.298 84.255 104.212 123.170 122.129 127.088 132.047 119.004 116.958 103.904 52.856 50.823 126.800 90.785 28.772 21.758 86.743 119.736
60.507 60.505 60.506 60.509 60.512 60.515 60.518 71.521 86.525 62.530 59.535 60.539 60.544 58.549 66.553 87.558 67.562 59.566 61.568 59.569 1.570 0.000 67.638 68.644 74.653 73.664 81.675 80.687 61.700 59.714 61.729 64.745 69.760 69.772 0.000 0.000 0.000 0.000 0.000 0.000 0.000 0.000 0.000 2.040 48.690 102.641 105.638 97.251 98.936 98.662 98.633 98.579 98.529 98.481 98.434 98.388 84.343 80.299 101.256 102.214 102.172 105.130 105.089 104.045 108.995 81.916 57.849 72.813 87.791 26.778 0.000 0.000 30.731 56.730
60.518 62.512 62.513 60.521 60.525 60.528 60.531 60.534 71.538 86.543 62.547 57.552 57.557 74.562 86.567 80.572 57.576 60.580 56.581 2.575 0.000 53.662 60.657 60.660 66.666 83.674 83.684 76.694 69.705 61.716 48.727 18.741 83.752 63.758 0.000 0.000 0.000 0.000 0.000 0.000 0.000 0.000 0.000 2.377 22.184 105.780 105.709 98.116 98.830 98.726 98.675 98.623 98.573 98.525 98.478 99.432 94.387 84.343 79.299 78.256 78.214 78.172 78.132 82.094 56.062 0.016 25.810 81.791 77.772 38.758 0.734 0.000 29.721 75.722
61.535 0.000 0.000 60.538 59.539 58.541 58.544 57.547 57.551 70.555 85.560 78.565 85.570 87.575 74.581 58.586 65.592 65.597 53.601 0.000 1.667 64.668 60.668 62.671 86.677 93.684 71.691 62.700 69.708 76.717 64.724 0.737 43.747 61.750 0.000 0.000 0.000 0.000 0.000 0.000 0.000 0.000 0.000 2.727 8.177 105.849 103.392 99.073 98.806 98.772 98.717 98.666 98.616 98.568 98.521 98.476 99.431 98.386 96.342 95.299 95.255 96.214 98.173 72.135 14.099 0.000 10.789 66.769 97.749 88.730 61.709 37.702 54.710 57.715
60.552 59.558 0.000 59.552 70.553 74.555 78.557 83.560 86.563 87.568 87.573 87.578 73.584 60.589 76.595 93.601 94.608 94.616 87.626 65.643 0.664 61.674 59.677 68.681 96.686 83.692 60.699 59.706 61.713 64.720 55.725 0.735 20.743 20.745 0.000 0.000 0.000 0.000 0.000 0.000 0.000 0.000 10.479 12.004 4.325 105.914 107.335 102.953 98.864 98.810 98.758 98.707 98.658 98.610 98.564 98.519 98.474 98.430 98.385 98.340 99.295 102.253 74.213 7.174 0.000 0.000 0.000 11.747 67.724 98.704 89.690 65.687 42.702 11.708
60.564 62.564 58.570 60.567 75.566 74.567 70.569 66.571 65.575 61.581 82.586 72.592 83.597 74.603 90.609 86.615 79.623 80.632 91.643 97.657 86.672 87.680 79.686 87.690 95.695 68.701 59.706 60.712 60.718 59.724 59.729 61.735 56.740 5.742 65.742 56.742 0.000 0.000 0.000 0.000 0.000 0.956 79.149 76.368 106.017 105.968 101.216 102.023 98.896 98.849 98.797 98.747 98.698 98.651 98.606 98.561 98.517 98.473 98.429 100.382 105.333 74.291 14.252 0.000 0.000 0.000 0.000 0.000 8.698 59.672 94.660 44.655 0.000 0.000
62.576 0.000 57.580 60.579 60.579 60.580 59.581 60.583 62.584 60.594 72.600 67.605 76.611 87.616 75.622 60.629 61.637 62.647 63.658 68.670 81.681 91.689 97.695 95.700 84.704 60.709 60.714 60.719 60.724 60.729 61.733 84.737 57.739 0.000 61.742 11.742 5.741 0.000 0.000 0.000 0.000 10.692 98.972 101.169 106.059 99.571 99.244 98.971 98.940 98.885 98.834 98.785 98.738 98.691 98.647 98.603 98.559 98.517 100.474 85.428 39.363 6.327 0.000 0.000 0.000 0.000 0.000 0.000 0.000 30.628 92.622 44.618 0.000 0.000
63.588 0.000 57.590 60.590 60.590 60.592 60.593 61.594 0.000 59.611 63.615 74.619 74.624 82.630 87.635 73.642 58.650 58.660 58.672 60.683 62.693 63.700 64.705 64.709 63.713 62.717 58.721 58.726 59.730 60.734 71.737 85.739 56.741 50.743 52.743 0.000 0.000 0.000 0.000 0.000 0.000 14.671 97.787 106.132 106.095 98.418 99.128 99.023 98.971 98.920 98.870 98.822 98.775 98.730 98.687 98.644 98.602 98.561 103.523 59.493 0.000 0.000 0.000 0.000 0.000 0.000 0.000 0.000 0.000 33.588 93.583 52.577 0.000 0.000
