results2_8e3_rain/res_3e8f-0040.wd
ncols         241
nrows         181
xllcorner     12693529.787448
yllcorner     3542525.717860
cellsize      155.156523
NODATA_value  -9999.000000
[rows 66 to 98 of 181, columns 74 to 147 of 241]
21.875 0.000 47.296 64.285 63.270 63.257 0.000 34.879 34.872 47.885 43.894 42.883 42.853 41.801 117.724 105.638 0.000 0.000 0.000 39.096 34.086 39.081 42.062 42.031 43.990 44.954 49.923 50.893 51.861 42.820 0.000 0.000 42.366 92.366 74.290 78.161 78.258 76.326 84.297 76.768 77.253 78.000 76.780 76.566 77.369 47.219 0.000 0.000 0.000 0.000 0.000 0.000 0.000 10.228 8.216 8.192 8.159 8.118 8.074 12.027 24.975 21.918 6.857 17.794 26.734 5.678 8.623 14.570 19.517 15.465 9.414 7.364 5.315 20.269
48.869 0.000 35.452 59.430 58.416 52.422 5.483 0.000 0.000 40.938 53.992 42.996 41.975 42.928 23.826 0.000 0.000 0.000 0.000 0.000 0.000 50.120 48.106 46.077 29.009 31.961 38.921 39.895 44.871 35.845 0.000 0.000 0.000 52.579 70.504 77.458 77.568 84.711 84.512 76.836 77.530 77.248 77.044 76.840 71.658 29.530 0.000 0.000 26.710 0.000 0.000 0.000 16.253 11.253 8.239 8.215 8.181 8.142 8.098 8.050 7.998 14.943 28.886 29.828 12.770 6.714 7.660 8.607 12.555 11.503 7.452 7.401 8.350 27.303
43.849 48.763 46.630 60.570 53.540 54.532 51.544 0.000 0.000 0.000 56.140 51.134 46.123 48.112 0.000 0.000 0.000 0.000 0.000 0.000 0.000 49.172 45.167 36.160 0.000 0.000 36.907 48.894 47.884 0.000 0.000 0.000 55.040 46.866 50.729 57.834 72.920 84.895 76.564 78.124 77.694 77.511 77.300 75.093 57.894 36.711 42.711 40.710 21.710 0.000 0.000 0.000 0.000 25.293 7.274 8.246 12.210 20.170 10.125 8.077 7.026 10.972 25.916 32.860 24.805 10.750 5.697 7.645 7.593 7.541 7.489 6.436 13.382 34.335
42.875 46.811 57.734 51.679 44.644 63.623 52.618 4.635 0.000 0.000 48.293 64.279 59.272 59.284 62.352 0.000 0.000 0.000 0.000 0.000 0.000 47.230 38.231 41.236 0.000 0.000 0.000 84.890 111.886 26.886 0.000 54.351 49.216 49.087 49.030 45.145 85.232 85.069 77.606 81.217 77.969 77.766 77.557 69.336 22.115 0.000 44.710 22.710 0.000 0.000 0.000 13.428 12.404 11.353 7.318 11.284 23.245 28.203 26.157 19.108 9.056 18.002 25.947 4.892 10.838 23.785 20.733 16.682 24.631 5.579 7.527 5.474 18.408 41.364
48.923 58.872 50.817 42.770 42.732 55.700 63.670 59.652 62.627 64.570 59.462 54.418 56.400 45.402 44.420 0.000 0.000 0.000 0.000 52.316 51.308 39.287 41.291 42.317 46.384 45.428 0.000 0.000 0.000 0.000 0.711 60.487 53.386 48.270 49.403 47.486 85.379 47.213 54.807 69.409 77.235 78.026 75.824 34.580 0.000 0.000 0.000 0.000 0.000 0.000 14.470 8.453 8.431 8.397 9.363 19.326 28.285 27.240 27.192 23.142 19.089 29.034 11.979 6.925 7.871 7.819 17.768 30.719 17.670 5.619 6.566 12.526 0.469 5.393
59.979 49.936 42.892 43.852 43.816 45.777 29.708 55.678 53.659 45.621 42.566 41.530 57.510 59.504 46.507 0.000 0.000 0.000 52.327 48.324 45.322 38.320 42.331 42.358 42.407 42.472 1.834 5.387 6.606 8.825 76.842 73.707 62.535 61.566 50.612 85.635 85.514 49.262 55.916 50.697 57.505 76.282 51.135 0.000 0.000 0.000 0.000 0.000 0.000 0.000 14.487 8.484 8.469 8.443 9.410 18.372 28.329 27.282 26.231 23.178 28.123 22.067 6.011 7.956 7.903 7.852 17.803 25.756 4.711 7.663 10.590 29.543 46.515 25.454
50.038 43.001 43.964 43.931 44.902 25.883 0.000 12.694 40.710 43.689 43.653 43.625 41.607 65.599 49.596 0.000 0.000 0.000 29.330 46.333 40.335 41.340 42.353 42.378 42.416 42.466 53.529 0.000 0.000 16.028 69.012 78.958 0.894 82.745 72.981 85.738 47.825 61.474 58.123 47.997 44.806 41.462 26.298 0.000 0.000 9.865 0.000 0.000 0.000 0.000 10.507 8.527 8.519 8.496 8.463 9.423 15.377 23.327 23.273 23.216 27.158 5.100 8.043 7.987 6.933 12.882 29.835 12.793 6.756 9.730 0.000 0.000 22.552 0.000
43.099 44.066 44.033 44.004 46.981 2.970 0.999 0.000 38.800 43.772 45.733 43.711 42.696 60.687 56.683 0.000 0.000 0.000 0.000 37.343 40.346 42.352 42.365 42.385 42.413 44.448 30.489 0.000 0.000 66.246 69.219 80.175 86.115 80.168 78.203 85.823 68.872 71.580 56.426 49.334 42.262 0.000 0.000 0.000 0.000 7.865 0.000 0.000 0.000 0.000 0.000 11.599 8.586 8.559 8.524 8.480 8.430 8.376 15.317 23.256 11.195 8.133 8.073 8.015 10.960 23.910 23.864 5.824 7.791 10.772 0.000 0.000 49.590 39.593
44.160 44.130 44.100 44.072 44.049 48.034 49.029 48.997 44.918 44.867 24.796 41.789 42.779 58.771 57.767 0.000 0.000 0.000 0.000 36.350 42.353 42.359 42.370 42.384 42.403 30.425 0.000 0.000 0.000 71.492 77.446 80.379 80.353 79.427 85.935 78.348 81.071 75.763 60.708 50.649 49.647 49.780 0.000 0.000 0.000 4.866 11.867 4.868 0.000 0.000 0.000 26.686 7.664 8.633 8.592 8.544 9.489 8.429 8.364 8.298 8.231 8.165 8.101 7.041 12.984 27.933 4.887 7.847 7.814 9.794 0.000 0.000 51.624 43.615
44.222 44.194 44.165 44.136 44.109 44.087 44.069 44.044 44.007 47.982 0.000 34.870 43.861 59.852 54.846 0.000 0.000 0.000 0.000 41.355 44.357 44.363 44.371 42.380 45.388 0.000 0.000 0.000 63.944 69.785 80.691 80.583 80.705 78.756 86.142 79.483 84.131 80.025 80.961 68.913 56.894 45.914 40.914 42.914 0.000 0.000 10.869 5.869 11.870 12.868 10.855 16.793 26.755 8.715 9.669 18.615 25.554 7.486 8.414 8.340 8.267 8.195 7.127 12.063 31.004 24.951 13.904 6.862 7.827 9.795 24.760 42.719 43.668 43.640
44.286 44.259 44.229 44.197 44.165 44.137 47.117 45.104 44.086 48.071 0.000 34.960 43.945 60.929 52.920 0.000 0.000 0.000 0.000 14.357 24.359 23.364 23.371 44.378 29.383 0.000 0.000 0.000 66.104 76.015 80.920 80.883 79.994 86.815 86.500 80.550 81.396 80.255 80.200 81.147 72.104 37.068 0.000 0.000 0.000 0.000 8.869 8.871 5.873 7.881 8.902 7.879 14.846 28.804 11.754 9.694 19.625 7.548 8.466 8.383 8.301 8.223 8.148 16.080 29.018 15.963 27.915 5.873 6.835 11.801 32.766 44.729 43.690 43.658
44.352 44.326 44.297 44.261 47.216 49.182 21.156 42.170 45.162 47.147 7.134 38.067 43.028 55.001 52.986 0.000 0.000 0.000 0.000 0.000 0.000 0.000 0.000 25.377 0.000 0.000 0.000 14.499 64.352 81.249 81.133 81.254 79.347 87.096 79.137 84.845 80.540 80.495 80.429 80.371 70.306 31.187 0.000 0.000 0.000 0.000 0.000 11.871 12.872 0.000 7.994 8.976 8.945 12.903 28.849 11.783 8.705 8.615 8.520 8.425 8.333 6.246 12.165 31.091 12.026 10.970 24.921 8.879 6.841 13.807 39.774 44.741 43.707 43.672
44.420 44.398 44.371 46.333 22.256 24.219 0.000 4.259 40.245 44.221 48.190 44.144 47.100 52.059 57.038 0.000 0.000 0.000 0.000 0.000 0.000 0.000 0.000 0.000 0.000 0.000 0.000 73.645 75.560 81.466 81.429 80.554 87.598 87.357 80.201 80.915 80.787 80.718 80.655 79.601 59.562 0.000 0.000 0.000 0.000 0.000 0.000 0.000 3.871 0.000 15.104 12.087 8.057 8.013 9.957 26.885 15.796 7.688 8.574 8.464 7.360 12.263 14.174 13.093 10.025 7.969 7.921 7.881 8.845 21.813 43.783 44.754 46.724 42.683
44.490 44.474 44.458 49.446 0.000 0.000 10.449 2.383 36.338 45.301 43.263 45.219 57.171 29.099 23.068 0.000 0.000 0.000 0.000 0.000 0.000 0.000 0.000 0.000 0.000 0.000 61.015 65.876 79.778 81.664 81.799 79.901 87.818 79.701 81.375 81.069 81.010 80.936 80.872 72.817 49.780 0.000 0.000 0.000 0.000 0.000 0.000 0.000 0.000 0.000 19.230 14.213 8.181 6.137 9.080 9.006 24.905 17.767 8.626 9.497 7.381 14.274 14.175 11.084 5.014 7.960 7.915 9.878 23.845 42.816 44.791 47.769 39.751 0.718
43.560 43.549 43.543 46.547 16.580 13.569 45.516 50.466 44.422 42.382 49.342 59.300 62.264 0.000 0.000 0.000 0.000 0.000 0.000 0.000 0.000 0.000 0.000 0.000 0.000 0.000 63.153 71.071 80.976 81.968 81.011 88.221 88.026 80.731 81.434 81.296 81.219 81.146 81.079 63.016 44.960 0.000 0.000 0.000 0.000 0.000 0.000 0.000 0.000 0.000 17.375 15.353 15.319 12.275 5.221 7.153 8.051 23.852 23.665 20.518 17.392 10.278 9.168 6.052 6.988 7.941 11.902 31.870 43.842 43.817 44.796 43.779 34.769 0.000
58.628 57.621 55.617 52.618 53.624 53.612 50.581 51.543 53.504 53.463 59.421 61.377 19.320 0.000 0.000 0.000 0.000 0.000 0.000 0.000 0.000 0.000 0.000 0.000 1.625 9.531 64.375 81.270 82.179 82.132 81.365 88.402 80.207 81.880 81.568 81.503 81.422 81.350 79.282 61.208 32.084 0.000 0.000 0.000 0.000 0.000 0.000 0.000 0.000 0.000 7.541 11.508 14.466 15.423 14.378 11.334 7.297 1.298 0.000 0.000 0.000 0.000 0.000 9.970 7.944 10.913 31.885 44.858 43.835 44.814 47.797 43.784 40.777 21.776
57.694 56.689 58.688 60.687 59.685 58.674 56.652 54.623 54.587 55.547 51.504 51.468 0.000 0.000 0.000 0.000 0.000 0.000 0.000 0.000 0.000 0.000 0.000 0.000 50.706 73.640 72.544 81.457 82.350 82.482 80.592 88.569 82.298 81.903 81.779 81.695 81.618 81.550 77.492 57.451 0.000 0.000 0.000 0.000 0.000 0.000 0.000 0.000 0.000 14.863 9.741 6.670 8.617 13.572 15.535 15.508 16.504 7.553 0.000 0.000 0.000 0.000 0.000 10.916 8.904 24.885 45.865 43.844 43.826 43.809 44.795 43.785 43.778 34.775
43.758 44.757 51.757 60.757 66.755 54.748 48.732 43.708 41.676 40.634 46.579 25.523 0.000 0.000 0.000 0.000 0.000 0.000 0.000 0.000 0.000 0.000 0.000 0.000 56.820 72.777 80.710 82.632 82.607 81.744 88.862 88.723 84.315 82.121 81.960 81.883 81.806 81.739 76.685 51.653 0.000 0.000 0.000 0.000 0.000 0.000 0.000 0.000 15.089 9.985 9.889 9.816 8.759 5.714 10.681 14.661 15.658 12.675 0.000 0.000 0.000 0.000 13.860 7.874 11.870 39.859 43.845 43.829 43.815 43.801 43.790 43.781 43.775 18.773
42.820 46.823 51.827 53.830 56.832 46.829 42.820 43.803 43.775 45.733 23.656 0.000 0.000 0.000 0.000 0.000 0.000 0.000 0.000 0.000 0.000 0.000 0.000 0.000 42.977 71.940 81.884 82.794 82.934 81.054 88.990 81.863 83.536 82.216 82.150 82.063 81.984 81.914 72.857 45.823 0.000 0.000 0.000 0.000 0.000 0.000 0.000 14.293 10.194 10.100 10.016 9.946 9.890 9.846 6.814 5.796 8.794 15.815 15.874 0.000 0.000 0.000 7.846 8.849 26.845 43.837 42.826 42.814 43.802 43.792 43.782 43.775 42.770 8.768
42.881 44.888 45.897 43.906 42.913 43.918 42.917 42.908 42.890 47.867 0.000 0.000 0.000 0.000 0.000 0.000 0.000 0.000 0.000 0.000 0.000 0.000 0.000 0.000 51.171 80.125 83.062 83.047 82.190 89.220 89.110 84.859 82.560 82.415 82.325 82.237 82.154 83.076 63.007 50.960 0.000 0.000 13.894 0.000 13.652 15.605 15.519 10.393 10.293 10.206 10.129 10.063 10.008 9.965 9.934 8.914 5.908 14.916 15.934 8.933 0.000 0.000 15.831 7.830 15.825 21.818 24.809 28.800 34.790 40.781 42.773 42.767 40.763 5.761
43.941 43.953 43.967 43.982 42.998 43.013 43.022 43.023 42.009 49.979 0.978 0.000 0.000 0.000 0.000 0.000 0.000 0.000 0.000 0.000 0.000 0.000 0.000 35.556 71.411 82.326 83.229 83.384 81.490 89.318 82.311 83.985 82.669 82.594 82.499 82.408 82.318 83.229 55.137 33.048 0.000 0.000 9.895 0.000 8.700 10.643 10.561 10.467 10.380 10.302 10.231 10.169 10.116 10.074 10.042 8.020 10.009 16.008 13.012 0.000 0.000 0.000 14.818 13.814 12.809 11.802 10.794 9.785 13.777 24.769 20.763 22.758 26.754 7.753
41.998 42.016 42.036 42.060 42.085 42.112 43.137 45.154 47.145 22.062 0.000 0.000 0.000 0.000 0.000 0.000 0.000 0.000 0.000 2.441 0.000 0.000 5.806 46.700 77.595 83.502 83.505 82.548 89.484 89.406 85.301 83.008 82.859 82.765 82.670 82.576 82.483 78.387 25.262 0.000 0.000 0.000 9.896 15.897 10.806 10.706 10.614 10.534 10.460 10.390 10.325 10.266 10.215 10.172 10.139 7.116 16.102 16.096 12.095 0.000 0.000 0.000 13.809 12.800 13.794 13.786 13.779 13.771 13.763 12.757 12.751 11.747 10.744 10.743
43.053 46.076 50.103 53.135 57.172 59.214 62.261 61.311 53.355 0.000 3.127 27.171 0.000 0.000 0.000 0.000 0.000 0.000 33.441 60.441 0.439 0.000 39.912 72.844 82.759 83.680 83.631 82.871 89.550 81.738 83.426 83.109 83.034 82.936 82.840 82.744 83.649 70.574 0.000 0.000 0.000 0.000 0.000 9.990 10.922 12.762 12.657 10.596 10.536 10.474 10.413 10.356 10.305 10.262 7.228 12.203 15.186 16.178 7.177 0.000 0.000 0.000 0.000 18.785 18.780 15.772 12.764 12.757 13.749 14.743 14.738 13.735 13.733 14.733
44.104 51.132 60.165 61.205 60.253 59.311 58.382 55.474 49.611 24.875 42.083 60.216 29.342 13.412 0.000 0.000 0.000 4.439 43.441 57.441 0.000 15.200 57.087 82.002 84.928 83.801 84.040 82.033 89.603 83.725 83.441 83.293 83.201 83.107 83.011 82.911 84.797 28.686 0.000 0.000 0.000 0.000 0.000 6.152 12.131 0.000 0.000 9.656 10.615 10.558 10.497 10.439 10.388 9.344 7.308 16.281 16.263 13.254 7.258 13.288 0.000 0.000 0.000 29.776 44.768 37.759 33.750 29.742 25.735 28.729 28.725 11.722 12.722 13.727
45.151 48.183 51.222 50.268 48.325 46.395 44.481 42.593 42.739 51.931 54.114 51.269 48.398 52.482 0.623 0.000 0.000 44.437 74.444 25.442 21.406 55.315 79.231 84.160 84.064 84.222 82.206 89.672 82.130 83.848 83.535 83.463 83.369 83.278 83.188 86.090 42.944 0.000 0.000 0.000 0.000 0.000 0.000 8.334 13.320 0.000 0.000 6.757 10.711 10.646 10.579 10.518 10.463 7.418 15.380 16.351 15.331 6.318 10.314 10.318 0.000 0.000 0.000 0.000 27.757 45.746 44.736 44.727 44.720 44.714 38.709 28.706 14.705 0.000
45.193 45.228 44.270 44.322 45.384 45.462 45.557 43.676 44.823 49.996 53.175 49.346 44.500 47.624 2.717 0.000 0.000 36.429 46.457 24.475 57.462 72.420 81.367 84.311 84.295 83.435 90.065 89.812 83.125 83.856 83.714 83.626 83.536 83.450 83.372 86.319 0.000 0.000 1.679 10.679 0.000 0.000 9.626 12.532 11.495 18.517 0.000 6.904 10.826 10.738 10.657 10.588 8.531 10.484 16.445 16.414 8.391 9.374 10.362 10.353 0.000 0.000 0.000 0.000 0.000 27.733 43.720 43.711 43.704 43.698 44.693 44.689 19.687 0.000
45.229 45.265 45.310 45.364 45.430 45.511 44.610 43.733 47.881 52.055 52.245 47.441 43.633 48.799 1.961 0.000 0.000 32.392 1.488 48.539 72.549 78.535 84.513 84.427 84.693 82.727 90.288 82.550 84.263 83.951 83.881 83.788 83.700 83.613 90.531 74.495 0.000 0.000 47.679 33.679 0.000 0.000 4.720 12.671 11.613 11.539 17.385 15.129 13.953 10.821 10.723 10.649 7.590 15.541 16.502 12.470 7.445 10.425 10.408 12.380 16.380 0.000 0.000 0.000 0.000 0.000 40.701 43.694 43.687 43.681 44.676 42.671 16.668 0.000
45.259 45.296 45.341 45.395 45.461 44.542 43.641 45.763 49.915 53.098 49.307 44.541 43.791 47.056 29.382 16.733 18.010 14.314 15.541 55.624 76.659 82.669 84.637 84.846 82.899 90.672 90.490 83.563 84.277 84.130 84.040 83.950 83.862 88.771 31.646 46.635 16.669 47.678 55.679 0.000 0.000 0.000 3.865 12.820 11.747 11.643 21.486 32.277 6.034 15.873 11.764 8.694 10.638 16.591 15.551 6.519 9.494 10.476 10.464 0.000 0.000 0.000 0.000 0.000 0.000 0.000 21.689 42.677 43.670 43.664 47.658 43.652 32.646 0.000
45.282 45.318 45.362 45.415 45.478 43.554 43.648 47.765 54.916 56.117 52.346 47.627 45.933 46.251 48.546 48.808 57.983 0.000 33.717 71.759 78.794 84.816 84.865 84.069 90.996 90.839 83.927 84.707 84.369 84.294 84.198 84.108 84.027 91.963 0.000 29.730 31.695 21.685 23.682 0.000 0.000 0.000 7.055 12.998 11.914 17.799 33.641 10.459 0.000 0.000 9.767 7.727 15.679 16.633 12.593 9.561 10.536 10.519 12.510 0.000 0.000 0.000 0.000 0.000 0.000 0.000 0.000 33.656 43.652 43.647 48.641 43.633 43.619 32.592
45.300 45.334 45.375 45.424 44.482 43.551 45.632 52.733 29.870 6.106 5.332 2.687 33.065 50.471 45.744 48.971 30.131 0.000 38.852 76.899 82.952 84.938 85.269 83.367 91.140 84.269 85.045 84.612 84.552 84.446 84.351 84.260 85.174 83.092 4.993 4.862 0.000 0.000 0.000 0.000 0.000 6.450 14.301 12.204 11.111 31.000 34.820 0.000 0.000 0.000 5.811 11.768 16.717 16.670 6.629 10.597 10.572 10.555 13.547 0.000 0.000 0.000 0.000 0.000 0.000 0.000 0.000 21.639 43.636 43.633 49.627 43.619 43.607 37.589
45.311 45.343 45.381 44.425 43.476 45.534 48.598 56.665 15.724 0.000 0.000 0.000 0.000 32.822 47.990 49.200 35.439 37.765 63.939 81.044 85.090 85.369 83.488 91.392 91.272 85.256 84.950 84.800 84.696 84.596 84.500 84.407 87.316 72.240 1.134 0.000 0.000 0.000 0.000 0.000 0.000 6.598 13.499 12.405 10.327 38.269 0.000 0.000 0.000 12.004 16.897 16.818 16.753 14.700 9.658 10.624 10.600 10.584 12.576 0.000 16.601 0.000 0.000 0.000 0.000 0.000 0.000 14.624 43.623 43.620 43.615 43.609 43.600 41.589
45.317 45.346 45.381 44.420 43.464 47.512 51.561 55.606 13.637 0.000 0.000 0.000 0.000 13.007 56.192 51.401 57.659 70.917 80.098 84.214 85.349 84.609 91.604 91.502 84.601 85.375 85.031 84.947 84.841 84.743 84.647 88.550 51.446 23.343 0.000 0.000 0.000 0.000 0.000 0.000 9.049 13.846 12.691 14.591 11.522 35.481 0.000 0.000 7.295 14.111 29.958 18.853 15.777 11.721 9.677 9.644 10.620 10.605 10.597 15.601 11.602 2.601 0.000 0.000 0.000 10.603 12.605 11.610 43.611 43.609 43.606 43.602 43.597 41.593
45.319 45.345 45.376 43.410 45.448 51.488 52.529 50.562 37.582 0.000 0.000 0.000 0.000 0.000 9.372 5.551 45.882 77.145 81.319 85.409 85.701 83.930 91.696 83.923 85.701 85.265 85.198 87.084 85.982 84.886 84.795 90.702 13.574 0.000 0.000 0.000 0.000 0.000 0.000 29.435 29.253 17.048 13.829 24.747 19.691 20.652 0.000 0.000 5.480 10.187 20.971 16.859 20.783 14.728 17.687 16.655 13.633 10.617 9.609 9.606 15.604 0.000 0.000 0.000 0.000 7.602 7.601 17.602 43.602 43.601 43.598 43.596 43.593 17.593
