results2_8e3_rain/res_3e8f.totaltm
ncols         241
nrows         181
xllcorner     12693529.787448
yllcorner     3542525.717860
cellsize      155.156523
NODATA_value  -9999.000000
[rows 0 to 30 of 181, columns 140 to 209 of 241]
539.349 539.240 539.222 538.229 537.749 501.234 0.000 0.000 0.000 0.000 0.000 0.000 0.000 0.000 0.000 0.000 0.000 0.000 0.000 0.000 482.358 550.408 551.480 551.527 551.548 551.556 551.573 551.613 551.670 551.664 551.575 551.456 551.328 551.193 551.052 550.906 550.749 550.670 0.000 0.000 0.000 0.000 0.000 0.000 0.000 0.000 0.000 0.000 0.000 0.000 0.000 0.000 0.000 0.000 0.000 288.703 288.675 0.000 0.000 298.549 299.466 0.000 0.000 0.000 0.000 0.000 0.000 0.000 0.000 0.000
537.245 537.756 538.956 538.944 538.854 515.133 0.000 0.000 0.000 0.000 0.000 0.000 0.000 0.000 0.000 0.000 0.000 0.000 0.000 265.480 550.421 551.529 551.632 551.689 551.703 551.691 551.679 551.688 552.074 551.888 551.664 551.550 551.381 551.214 551.060 550.908 550.740 550.653 0.000 0.000 0.000 0.000 0.000 0.000 0.000 0.000 0.000 0.000 0.000 0.000 0.000 0.000 0.000 0.000 293.851 293.816 280.444 0.000 301.240 301.188 299.670 0.000 0.000 0.000 0.000 0.000 0.000 0.000 0.000 0.000
537.023 537.433 538.624 538.718 538.649 537.585 0.000 0.000 0.000 0.000 0.000 0.000 0.000 0.000 0.000 0.000 0.000 0.000 0.000 551.515 551.593 551.668 551.777 551.851 551.861 551.841 551.802 552.195 552.134 551.681 551.603 551.493 551.362 551.216 551.065 550.900 550.793 547.844 0.000 0.000 0.000 0.000 0.000 0.000 0.000 0.000 0.000 0.000 0.000 0.000 0.000 0.000 0.000 0.000 408.604 0.000 0.000 286.197 334.878 250.070 0.000 0.000 0.000 0.000 0.000 0.000 0.000 0.000 0.000 0.000
539.088 538.489 538.604 537.771 505.462 0.000 0.000 0.000 0.000 0.000 0.000 0.000 0.000 0.000 0.000 0.000 0.000 0.000 524.323 551.558 551.658 551.791 551.907 552.000 552.003 551.985 552.296 552.241 551.770 551.676 551.581 551.478 551.359 551.221 551.064 550.992 0.000 0.000 0.000 0.000 0.000 0.000 0.000 0.000 0.000 0.000 0.000 0.000 0.000 273.591 0.000 0.000 0.000 266.582 443.081 153.946 0.000 303.459 336.366 0.000 0.000 0.000 0.000 0.000 0.000 0.000 0.000 0.000 242.999 277.612
538.294 538.562 538.581 537.910 525.601 0.000 0.000 0.000 0.000 0.000 0.000 0.000 0.000 0.000 0.000 0.000 0.000 526.879 524.359 525.344 551.757 551.900 552.024 552.128 552.121 552.107 552.349 552.296 551.893 551.777 551.651 551.521 551.385 551.235 551.127 551.008 0.000 0.000 0.000 0.000 0.000 0.000 0.000 0.000 0.000 0.000 0.000 0.000 280.449 428.311 428.446 0.000 0.000 408.606 443.113 0.000 0.000 0.000 336.638 211.406 0.000 0.000 0.000 0.000 0.000 0.000 0.000 0.000 343.254 343.726
538.220 538.405 538.291 538.279 522.053 0.000 0.000 0.000 0.000 0.000 0.000 0.000 0.000 0.000 0.000 0.000 541.367 527.001 515.636 525.505 525.233 549.321 552.128 552.231 552.222 552.599 552.538 552.184 552.049 551.909 551.762 551.603 551.434 551.253 551.172 0.000 0.000 0.000 0.000 0.000 0.000 0.000 0.000 0.000 0.000 0.000 0.000 0.000 0.000 301.351 440.320 419.725 408.713 251.156 443.148 280.518 0.000 0.000 336.716 345.131 343.622 341.881 344.688 0.000 0.000 0.000 0.000 0.000 343.258 343.762
538.556 538.278 536.405 537.423 536.314 0.000 0.000 0.000 0.000 0.000 0.000 0.000 0.000 0.000 0.000 0.000 541.493 527.034 526.607 526.164 444.646 508.623 542.010 552.731 552.699 552.659 552.494 552.374 552.221 552.044 551.865 551.681 551.476 551.244 546.914 0.000 0.000 0.000 0.000 0.000 423.273 427.956 129.081 0.000 222.176 233.601 0.000 0.000 0.000 280.537 440.569 444.968 445.813 444.810 444.788 332.064 0.000 0.000 327.482 345.330 339.855 327.446 344.824 0.000 0.000 0.000 0.000 0.000 337.169 343.790
538.586 536.444 536.724 536.984 485.774 0.000 0.000 0.000 0.000 0.000 0.000 0.000 0.000 0.000 0.000 559.537 559.794 541.504 518.198 525.718 525.249 509.718 507.758 552.761 552.749 552.686 552.612 552.509 552.370 552.184 551.963 551.731 551.585 549.241 0.000 0.000 0.000 0.000 0.000 0.000 242.934 427.967 428.178 426.180 423.903 233.517 0.000 0.000 0.000 0.000 0.000 266.670 445.824 445.207 201.295 0.000 0.000 0.000 0.000 345.354 345.333 345.194 345.178 344.909 344.528 344.508 344.436 346.121 346.100 345.895
0.000 536.622 536.669 496.659 0.000 0.000 0.000 0.000 0.000 0.000 0.000 0.000 0.000 0.000 557.636 562.586 562.617 560.371 547.565 494.643 524.775 509.721 519.543 552.806 552.773 552.746 552.687 552.601 552.471 552.269 552.002 551.844 551.568 0.000 0.000 0.000 0.000 0.000 0.000 0.000 0.000 222.186 428.198 429.536 429.488 222.183 0.000 0.000 0.000 0.000 0.000 233.626 445.832 444.335 444.310 286.754 0.000 0.000 313.488 346.064 344.562 337.190 344.473 344.895 344.456 344.155 345.068 346.798 344.210 343.859
537.145 536.593 522.117 0.000 0.000 0.000 0.000 0.000 0.000 0.000 0.000 0.000 0.000 555.835 559.071 562.648 562.635 562.634 561.517 552.365 473.143 544.509 553.383 552.828 547.122 550.291 550.077 552.471 552.315 552.121 551.894 551.810 0.000 0.000 0.000 0.000 0.000 0.000 221.848 201.397 0.000 0.000 332.416 431.216 321.260 0.000 0.000 0.000 0.000 0.000 0.000 445.957 445.948 432.556 444.278 444.258 242.724 0.000 333.970 346.113 342.208 324.006 332.701 344.722 338.606 338.406 342.864 346.843 341.341 341.385
538.528 537.885 515.318 0.000 0.000 0.000 0.000 0.000 0.000 0.000 0.000 0.000 557.075 557.133 562.737 562.702 562.685 562.660 562.649 562.536 557.484 554.913 553.440 0.000 200.299 550.589 569.444 543.522 552.111 551.929 551.856 0.000 0.000 0.000 0.000 0.000 0.000 154.366 423.676 173.589 0.000 0.000 399.206 432.211 212.718 0.000 0.000 0.000 0.000 0.000 446.932 446.905 321.216 351.214 443.423 444.232 259.112 0.000 324.758 346.123 341.603 317.251 328.028 334.728 320.282 316.787 340.856 350.723 337.351 322.376
541.708 540.287 530.581 0.000 0.000 0.000 0.000 0.000 0.000 0.000 0.000 554.301 554.061 562.835 562.798 562.794 562.759 562.728 562.690 562.662 562.613 558.856 529.109 234.879 208.529 569.444 547.869 274.954 274.887 551.813 549.273 0.000 0.000 0.000 0.000 0.000 0.000 154.530 423.706 423.732 426.258 430.542 432.232 432.279 0.000 0.000 201.388 446.608 450.303 450.179 450.215 446.586 0.000 0.000 443.404 433.984 0.000 0.000 335.067 346.224 345.707 328.367 349.360 349.568 349.005 331.132 350.031 358.942 349.729 307.294
541.309 541.221 540.187 0.000 0.000 0.000 0.000 0.000 0.000 0.000 0.000 554.351 561.783 562.933 562.906 562.892 562.832 562.795 562.753 562.703 562.666 562.653 560.148 535.223 569.444 569.444 300.033 275.181 269.051 271.824 0.000 0.000 0.000 0.000 0.000 0.000 201.512 424.377 423.733 425.302 430.586 432.789 432.274 432.364 91.623 0.000 173.581 450.537 450.404 447.571 450.228 447.379 0.000 0.000 373.471 301.412 0.000 311.473 346.210 346.241 345.936 344.368 344.222 349.573 350.260 350.284 347.949 359.081 350.516 307.341
541.416 540.679 540.196 0.000 0.000 0.000 0.000 0.000 0.000 0.000 555.938 559.378 563.043 563.000 562.999 562.997 562.906 562.856 562.813 562.761 562.701 562.668 562.680 569.444 569.444 388.702 303.554 308.298 0.000 0.000 0.000 0.000 0.000 0.000 91.599 424.782 424.999 425.028 425.071 430.586 432.852 432.871 423.084 432.572 432.776 432.894 422.222 450.606 450.514 450.429 450.492 419.998 0.000 0.000 373.490 266.768 0.000 305.801 346.233 346.256 345.359 331.971 317.745 345.903 341.863 356.111 359.243 359.416 359.206 358.842
542.810 529.268 0.000 0.000 0.000 0.000 0.000 0.000 0.000 556.101 559.249 563.187 563.117 563.084 563.082 563.110 562.997 562.906 562.868 562.814 562.752 562.682 569.444 569.444 562.578 556.039 523.037 0.000 0.000 0.000 0.000 0.000 0.000 0.000 233.661 233.604 0.000 321.328 431.407 432.836 432.910 432.972 188.914 0.000 154.571 437.768 432.920 450.748 446.989 450.744 450.506 0.000 0.000 188.549 373.294 259.244 0.000 301.681 346.165 346.550 346.357 346.566 347.093 346.573 325.424 351.384 356.438 359.428 356.438 352.014
542.880 530.757 0.000 0.000 0.000 0.000 0.000 0.000 0.000 558.014 563.137 563.275 563.269 563.175 563.154 563.188 563.153 563.088 562.934 562.866 562.797 569.444 569.444 562.674 562.660 562.605 557.570 494.807 0.000 0.000 0.000 0.000 0.000 226.076 226.098 0.000 0.000 0.000 374.028 432.862 432.935 433.078 435.712 154.745 0.000 441.246 436.672 450.832 450.743 450.801 450.446 0.000 0.000 373.741 373.815 233.649 0.000 305.926 346.278 346.574 344.796 344.907 347.301 347.991 348.011 343.563 350.978 359.440 352.551 311.281
542.574 534.196 0.000 0.000 0.000 0.000 0.000 0.000 557.855 562.672 563.443 563.426 563.408 563.290 563.213 563.398 563.193 563.123 563.032 562.934 569.444 569.444 562.684 562.674 562.658 559.970 549.872 0.000 0.000 0.000 0.000 0.000 0.000 226.016 226.053 0.000 0.000 0.000 0.000 0.000 0.000 435.706 435.795 434.544 436.758 441.460 434.440 450.955 450.881 450.839 448.569 280.823 432.739 441.585 301.431 0.000 0.000 305.992 346.026 346.603 345.321 314.863 322.724 348.004 348.044 306.022 347.891 359.453 351.034 293.104
542.593 501.599 0.000 0.000 0.000 0.000 0.000 557.320 561.041 563.508 563.514 563.539 563.531 563.406 563.554 563.477 563.299 563.181 563.085 569.444 569.444 562.688 562.682 562.658 558.968 0.000 0.000 0.000 0.000 0.000 0.000 0.000 0.000 0.000 225.822 0.000 0.000 0.000 0.000 0.000 0.000 0.000 450.905 452.141 452.110 451.458 448.306 452.138 450.258 450.854 442.651 442.599 442.552 441.604 251.353 0.000 0.000 303.976 345.812 346.626 347.424 347.477 347.510 343.222 350.466 359.792 359.777 359.762 359.520 357.461
497.072 0.000 0.000 0.000 0.000 0.000 555.776 559.587 563.516 563.568 563.601 563.628 563.641 563.706 563.672 563.544 563.433 563.299 569.444 569.444 562.862 562.779 562.722 557.423 0.000 0.000 0.000 0.000 0.000 0.000 0.000 0.000 0.000 0.000 0.000 0.000 0.000 0.000 0.000 0.000 0.000 0.000 448.956 452.181 452.148 343.296 129.566 453.094 450.981 450.918 446.736 415.838 439.442 441.436 439.643 242.813 0.000 0.000 273.807 346.961 347.464 347.518 347.566 350.684 360.169 360.058 355.778 355.736 355.860 355.828
0.000 0.000 0.000 0.000 0.000 0.000 557.152 563.513 563.597 563.654 563.694 563.688 563.779 563.799 563.758 563.665 563.545 569.444 569.444 563.044 562.946 562.837 562.464 354.966 0.000 0.000 0.000 0.000 0.000 0.000 0.000 0.000 0.000 0.000 0.000 0.000 0.000 0.000 0.000 0.000 0.000 0.000 450.657 453.993 436.895 0.000 201.933 453.134 452.396 267.169 154.618 432.676 439.290 441.323 440.630 408.968 0.000 0.000 0.000 0.000 310.767 345.132 309.403 360.190 360.179 343.528 347.900 355.707 351.483 311.719
0.000 0.000 0.000 0.000 0.000 557.193 562.376 563.626 563.675 563.752 563.846 563.845 563.923 563.921 563.874 563.774 569.444 569.444 562.820 562.946 562.854 562.790 552.989 0.000 0.000 0.000 0.000 0.000 0.000 0.000 0.000 0.000 0.000 0.000 0.000 0.000 0.000 0.000 0.000 0.000 0.000 234.596 456.086 455.812 456.002 455.594 454.798 454.785 453.567 243.234 154.637 432.698 439.144 441.296 441.270 434.171 0.000 0.000 0.000 0.000 298.056 339.815 351.838 360.408 353.975 304.784 355.573 355.678 347.448 314.329
0.000 0.000 0.000 0.000 554.441 558.124 563.612 563.667 563.755 563.869 563.967 564.064 564.033 564.019 563.976 569.444 569.444 562.354 562.688 562.873 562.683 556.216 0.000 0.000 0.000 0.000 0.000 0.000 0.000 0.000 0.000 0.000 0.000 0.000 0.000 0.000 0.000 0.000 0.000 0.000 0.000 456.267 456.114 456.083 456.047 455.714 455.446 455.408 454.170 234.231 0.000 434.169 439.132 441.268 438.505 0.000 0.000 0.000 0.000 292.103 361.156 320.000 360.479 360.435 328.928 355.608 357.658 349.885 342.094 342.006
0.000 0.000 0.000 0.000 552.845 556.409 561.471 563.156 563.848 563.967 564.057 564.121 564.121 564.107 569.444 569.444 558.793 558.784 558.744 562.800 559.051 0.000 0.000 0.000 0.000 0.000 0.000 0.000 0.000 469.647 468.394 0.000 0.000 0.000 0.000 0.000 0.000 0.000 0.000 0.000 0.000 456.290 424.132 454.990 455.533 435.079 430.115 423.821 438.320 455.526 423.571 366.041 437.933 310.185 0.000 0.000 0.000 0.000 0.000 299.155 361.220 360.513 360.492 360.457 316.776 354.898 357.309 0.000 0.000 250.107
0.000 0.000 0.000 0.000 554.458 554.369 554.797 560.019 563.357 564.085 564.135 564.209 564.203 569.444 569.444 559.808 0.000 560.751 0.000 562.742 555.685 0.000 0.000 0.000 0.000 0.000 0.000 0.000 0.000 469.946 469.701 0.000 0.000 0.000 0.000 0.000 0.000 0.000 0.000 359.226 0.000 456.609 455.059 455.393 455.625 455.509 455.368 455.188 455.014 455.561 281.193 0.000 242.682 426.352 250.669 0.000 0.000 0.000 301.948 361.375 361.281 360.859 358.831 358.891 358.891 355.749 357.896 203.317 0.000 0.000
0.000 0.000 0.000 0.000 554.588 550.853 548.310 555.710 562.620 562.688 564.209 564.294 569.444 569.444 560.955 545.948 0.000 562.686 562.664 561.241 0.000 0.000 0.000 0.000 0.000 0.000 0.000 0.000 470.277 470.251 467.576 0.000 0.000 0.000 0.000 0.000 0.000 0.000 0.000 458.348 457.943 456.675 455.148 424.411 456.475 456.359 456.242 456.131 456.023 455.963 259.854 0.000 0.000 426.393 426.449 232.842 0.000 0.000 223.336 361.399 361.324 360.854 359.078 359.067 359.060 358.516 357.880 357.945 0.000 0.000
0.000 556.866 560.935 562.659 558.813 554.588 553.618 558.852 559.333 558.991 562.688 569.444 569.444 562.304 555.000 548.629 0.000 559.302 560.697 555.874 0.000 0.000 0.000 0.000 470.778 470.994 470.570 470.330 470.304 469.417 467.079 0.000 0.000 0.000 0.000 0.000 0.000 0.000 0.000 458.415 456.708 455.960 235.473 0.000 459.271 455.777 455.771 455.659 455.480 455.337 243.433 0.000 0.000 426.463 426.502 241.747 0.000 0.000 361.396 361.423 361.385 361.325 360.855 360.742 360.670 0.000 181.180 212.649 0.000 0.000
0.000 558.006 563.991 564.481 562.683 559.744 558.856 562.687 556.715 556.864 569.444 569.444 562.688 559.087 557.745 557.844 0.000 519.343 559.905 0.000 0.000 0.000 0.000 470.330 470.781 471.013 470.786 0.000 0.000 0.000 467.040 447.968 0.000 0.000 0.000 0.000 0.000 0.000 215.334 460.103 459.936 334.922 0.000 0.000 465.255 458.748 456.495 455.796 455.730 288.111 0.000 279.188 429.178 425.895 426.542 241.662 0.000 0.000 0.000 361.767 361.423 361.398 196.570 0.000 0.000 0.000 0.000 0.000 0.000 0.000
557.713 562.679 564.550 564.531 564.534 563.984 563.053 561.256 556.290 556.274 569.444 557.602 557.648 557.674 558.034 562.686 562.685 562.637 0.000 0.000 0.000 0.000 471.395 467.238 470.034 471.524 471.432 0.000 0.000 0.000 0.000 465.823 0.000 0.000 0.000 421.953 0.000 0.000 460.260 460.288 460.266 460.068 276.205 469.471 469.513 468.995 468.751 464.900 445.969 332.313 0.000 408.491 431.829 426.619 426.583 249.920 0.000 0.000 0.000 362.007 354.588 361.188 207.406 0.000 0.000 0.000 0.000 0.000 0.000 0.000
559.934 564.639 564.626 564.603 564.584 564.592 564.674 562.688 559.872 569.444 556.306 556.405 556.091 555.338 556.215 562.685 562.673 554.661 0.000 0.000 470.596 225.609 473.252 470.486 471.960 471.542 396.005 0.000 0.000 0.000 0.000 466.576 417.098 0.000 0.000 422.077 458.459 459.725 460.118 460.312 457.296 451.259 459.901 460.008 469.553 461.553 458.226 457.084 294.936 0.000 187.535 357.900 432.638 428.479 272.503 0.000 0.000 0.000 153.143 362.258 355.476 361.300 234.541 0.000 0.000 0.000 0.000 0.000 0.000 0.000
563.660 564.714 564.699 564.676 564.648 564.693 564.734 565.518 569.444 561.132 556.979 557.613 562.686 554.379 555.100 556.542 556.403 0.000 0.000 0.000 472.259 474.158 473.941 473.924 471.996 0.000 0.000 0.000 0.000 0.000 467.357 466.608 401.551 0.000 0.000 0.000 459.724 460.346 460.349 460.344 422.184 0.000 457.651 458.223 469.758 463.376 460.619 409.540 426.661 429.511 442.196 432.704 432.673 428.644 265.371 0.000 0.000 0.000 0.000 362.283 360.273 361.356 362.994 0.000 0.000 0.000 0.000 0.000 0.000 0.000
564.809 564.793 564.764 564.754 564.701 564.823 564.852 569.444 565.518 563.978 561.238 552.002 553.842 554.071 552.477 553.361 0.000 0.000 0.000 0.000 475.914 474.181 473.131 472.258 0.000 0.000 0.000 0.000 0.000 468.275 467.394 431.286 291.189 0.000 0.000 0.000 459.730 460.557 461.461 461.210 461.181 460.451 0.000 214.239 470.231 463.840 358.550 0.000 430.022 429.847 450.427 426.988 339.406 0.000 0.000 0.000 0.000 0.000 228.058 362.313 362.349 362.933 363.056 243.236 0.000 0.000 0.000 0.000 0.000 0.000
