results2_8e3_rain/res_3e8f-0175.wd
ncols         241
nrows         181
xllcorner     12693529.787448
yllcorner     3542525.717860
cellsize      155.156523
NODATA_value  -9999.000000
[rows 0 to 32 of 181, columns 146 to 218 of 241]
0.000 0.000 0.000 0.000 0.000 0.000 0.000 0.000 0.000 0.000 0.000 0.000 0.000 0.000 5.681 16.535 17.299 17.010 16.690 16.359 16.034 15.730 15.459 15.228 15.039 14.893 14.784 14.709 14.661 14.635 14.623 19.619 0.000 0.000 0.000 0.000 0.000 0.000 0.000 0.000 0.000 0.000 0.000 0.000 0.000 0.000 0.000 0.000 0.000 19.179 26.179 0.000 0.000 45.225 50.225 0.000 0.000 0.000 0.000 0.000 0.000 0.000 0.000 0.000 0.000 0.000 0.000 0.000 0.000 0.000 0.000 0.000 0.000
0.000 0.000 0.000 0.000 0.000 0.000 0.000 0.000 0.000 0.000 0.000 0.000 0.000 1.230 16.826 17.624 17.353 17.040 16.701 16.353 16.013 15.697 17.419 16.185 14.998 14.854 14.751 14.682 14.640 14.620 14.616 19.615 0.000 0.000 0.000 0.000 0.000 0.000 0.000 0.000 0.000 0.000 0.000 0.000 0.000 0.000 0.000 0.000 16.179 38.179 14.179 0.000 24.225 57.225 51.225 0.000 0.000 0.000 0.000 0.000 0.000 0.000 0.000 0.000 0.000 0.000 0.000 0.000 36.216 0.000 0.000 0.000 0.000
0.000 0.000 0.000 0.000 0.000 0.000 0.000 0.000 0.000 0.000 0.000 0.000 0.000 20.459 19.112 17.784 17.448 17.095 16.723 16.340 15.967 17.627 17.334 15.096 14.911 14.777 14.684 14.626 14.597 14.590 16.605 10.610 0.000 0.000 0.000 0.000 0.000 0.000 0.000 0.000 0.000 0.000 0.000 0.000 0.000 0.000 0.000 0.000 28.179 0.000 0.000 19.225 50.225 12.225 0.000 0.000 0.000 0.000 0.000 0.000 0.000 0.000 0.000 0.000 5.218 0.000 0.000 0.000 39.216 11.216 0.000 0.000 0.000
0.000 0.000 0.000 0.000 0.000 0.000 0.000 0.000 0.000 0.000 0.000 0.000 3.020 19.868 18.380 17.951 17.560 17.171 16.754 16.316 16.890 16.509 15.195 14.952 14.776 14.656 14.582 14.543 14.530 20.537 0.000 0.000 0.000 0.000 0.000 0.000 0.000 0.000 0.000 0.000 0.000 0.000 0.000 13.180 0.000 0.000 0.000 12.179 72.179 2.179 0.000 25.226 52.226 0.000 0.000 0.000 0.000 0.000 0.000 0.000 0.000 0.000 11.219 17.219 36.219 0.000 0.000 29.216 38.216 39.216 11.216 0.000 0.000
0.000 0.000 0.000 0.000 0.000 0.000 0.000 0.000 0.000 0.000 0.000 8.156 1.339 2.938 18.588 18.078 17.672 17.274 16.805 16.282 16.766 16.325 14.984 14.743 14.585 14.491 14.444 14.432 15.445 16.491 0.000 0.000 0.000 0.000 0.000 0.000 0.000 0.000 0.000 0.000 0.000 0.000 14.180 37.180 32.180 0.000 0.000 28.179 56.179 0.000 0.000 0.000 52.226 7.226 0.000 0.000 0.000 0.000 0.000 0.000 0.000 0.000 51.219 55.219 57.219 0.000 0.000 42.216 37.216 37.216 47.216 0.000 0.000
0.000 0.000 0.000 0.000 0.000 0.000 0.000 0.000 0.000 0.000 10.869 3.474 1.847 1.279 1.397 16.102 17.776 17.448 16.910 18.239 17.570 15.039 14.675 14.451 14.328 14.277 14.273 14.296 20.327 0.000 0.000 0.000 0.000 0.000 0.000 0.000 0.000 0.000 0.000 0.000 0.000 0.000 0.000 17.180 38.180 30.180 28.180 10.180 41.180 14.180 0.000 0.000 37.226 50.227 41.227 39.227 48.227 0.000 0.000 0.000 0.000 0.000 51.219 53.219 58.218 37.218 26.217 43.217 46.216 0.000 0.000 0.000 11.209
0.000 0.000 0.000 0.000 0.000 0.000 0.000 0.000 0.000 0.000 7.263 3.971 3.606 3.112 0.431 0.621 10.880 18.833 18.150 18.194 15.235 14.586 14.225 14.056 14.002 14.017 14.074 14.153 9.240 0.000 0.000 0.000 0.000 0.000 34.190 67.190 1.190 0.000 7.190 48.190 0.000 0.000 0.000 14.180 38.180 51.180 86.180 48.180 49.180 20.180 0.000 0.000 34.227 53.227 38.227 34.227 51.227 0.000 0.000 0.000 0.000 0.000 38.220 44.219 40.219 40.218 44.217 47.217 55.216 0.000 0.000 0.000 34.209
0.000 0.000 0.000 0.000 0.000 0.000 0.000 0.000 0.000 30.497 30.949 7.530 3.146 3.388 3.044 0.787 0.366 5.853 18.662 16.153 14.589 13.844 13.585 13.547 13.605 13.714 14.852 12.003 0.000 0.000 0.000 0.000 0.000 0.000 9.190 55.190 62.190 44.190 36.190 8.190 0.000 0.000 0.000 0.000 0.000 12.180 79.180 58.180 5.180 0.000 0.000 0.000 0.000 46.227 61.227 59.227 61.227 53.226 45.225 48.225 47.223 56.222 60.221 57.220 58.219 58.218 53.217 48.217 45.216 0.000 0.000 0.000 0.000
0.000 0.000 0.000 0.000 0.000 0.000 0.000 0.000 24.600 42.046 43.505 33.019 9.609 2.028 3.047 0.829 2.763 8.018 6.492 16.167 13.123 12.618 12.722 12.941 13.158 14.383 14.618 0.000 0.000 0.000 0.000 0.000 0.000 0.000 0.000 7.190 53.190 63.190 68.190 7.190 0.000 0.000 0.000 0.000 0.000 8.181 51.181 43.180 48.180 15.180 0.000 0.000 30.228 58.228 43.228 37.227 44.227 56.226 44.226 43.225 52.224 61.222 48.221 44.220 47.219 53.218 59.217 61.216 59.215 45.214 36.212 19.211 28.210
0.000 0.000 0.000 0.000 0.000 0.000 0.000 20.718 30.153 45.582 43.006 43.432 35.857 12.291 1.179 4.721 14.248 6.439 2.231 3.017 6.118 10.784 11.745 12.336 12.703 18.043 0.000 0.000 0.000 0.000 0.000 0.000 7.192 5.192 0.000 0.000 20.191 66.191 19.191 0.000 0.000 0.000 0.000 0.000 0.000 47.182 57.181 33.181 49.180 69.180 9.180 0.000 36.229 60.229 39.228 33.228 36.227 49.227 38.226 38.225 40.224 42.223 39.222 40.221 34.219 38.218 44.217 45.216 43.215 52.214 54.212 57.211 65.210
0.000 0.000 0.000 0.000 0.000 0.000 25.834 24.282 47.714 44.124 43.506 42.844 43.098 38.156 20.660 12.378 8.057 0.000 0.043 4.348 2.161 3.326 11.140 11.954 17.276 0.000 0.000 0.000 0.000 0.000 0.000 2.192 44.192 3.192 0.000 0.000 27.191 67.191 6.191 0.000 0.000 0.000 0.000 0.000 42.184 86.183 19.182 22.181 44.180 71.180 11.180 0.000 33.230 58.229 38.229 31.229 34.228 36.227 32.227 31.226 38.225 54.223 37.222 33.221 47.220 43.219 40.217 47.216 47.215 50.213 59.212 63.211 50.210
0.000 0.000 0.000 0.000 0.000 29.872 18.387 46.861 45.297 44.694 44.048 43.340 42.536 42.574 39.379 25.079 4.387 0.318 0.062 46.177 4.506 0.076 0.099 14.064 10.170 0.000 0.000 0.000 0.000 0.000 0.000 2.192 40.192 35.192 44.192 56.192 60.191 50.191 0.000 0.000 5.188 41.188 56.187 61.186 85.185 41.184 0.000 0.000 46.180 34.180 0.000 0.000 36.231 63.230 50.230 34.230 82.229 110.228 59.227 35.226 51.225 98.224 50.223 27.221 92.220 65.219 40.217 47.216 49.215 39.213 48.212 61.211 44.210
0.000 0.000 0.000 0.000 0.000 19.358 40.979 47.479 45.917 45.309 44.652 43.933 43.132 42.224 42.213 41.126 30.307 4.928 50.779 47.839 0.346 0.143 0.050 0.056 0.000 0.000 0.000 0.000 0.000 0.000 5.192 39.192 35.192 40.192 54.192 64.192 48.192 35.192 0.190 0.000 3.188 50.188 49.187 45.187 84.186 44.185 0.000 0.000 25.180 17.180 0.000 29.232 57.232 59.231 53.231 41.231 40.230 73.229 114.228 52.227 45.226 102.225 53.223 27.222 99.221 69.219 32.218 34.216 40.215 31.213 45.212 44.211 32.209
0.000 0.000 0.000 0.000 23.870 34.221 49.695 47.157 46.585 45.973 45.317 44.607 43.832 42.995 42.038 41.301 40.162 52.513 52.186 0.969 0.476 9.587 0.000 0.000 0.000 0.000 0.000 0.000 0.190 55.191 58.192 40.192 39.192 54.192 64.192 50.193 33.192 35.192 35.191 33.190 31.189 43.189 46.188 56.187 96.186 30.186 0.000 0.000 62.180 12.180 0.000 26.233 56.233 56.233 43.232 35.232 31.231 41.230 38.229 78.228 109.227 126.226 107.224 96.223 122.221 116.219 107.218 53.216 33.215 50.213 45.212 34.210 29.209
0.000 0.000 0.000 25.050 34.518 51.963 48.421 47.869 47.292 46.682 46.035 45.343 44.614 43.776 43.233 40.868 52.548 52.545 36.744 19.052 6.214 0.000 0.000 0.000 0.000 0.000 0.000 0.000 41.191 8.191 0.000 19.192 57.192 61.193 53.193 38.193 4.194 0.000 2.191 37.191 33.190 43.189 42.188 65.187 62.187 0.000 0.000 4.179 65.179 11.179 0.000 24.234 54.234 66.234 45.234 51.233 74.233 51.232 33.231 57.230 80.228 114.227 80.225 60.223 108.221 98.220 73.218 42.216 28.215 99.213 67.212 39.210 29.209
0.000 0.000 0.000 30.582 50.191 49.690 49.159 48.607 48.032 47.430 47.795 47.138 45.382 44.961 42.388 52.609 52.558 40.315 41.936 39.561 23.524 4.522 0.000 0.000 0.000 0.000 0.000 43.190 12.190 0.000 0.000 0.000 25.193 57.193 35.193 33.194 39.195 2.196 0.000 38.192 36.191 42.190 43.189 65.187 61.186 0.000 0.000 25.179 72.179 8.179 0.000 26.235 57.235 60.235 41.235 41.235 87.234 122.234 71.232 39.231 55.229 102.228 62.226 29.224 95.222 82.220 40.218 32.217 25.215 106.213 70.212 42.210 43.208
0.000 0.000 31.185 48.505 51.972 50.449 49.916 49.367 48.799 49.206 47.600 46.902 46.565 43.996 53.038 52.755 41.812 42.662 41.665 32.019 12.768 0.000 0.000 0.000 0.000 0.000 0.000 39.190 13.190 0.000 0.000 0.000 0.000 0.000 0.000 38.196 35.197 34.197 36.196 38.194 34.192 42.191 44.189 56.187 52.185 14.183 33.181 66.180 17.179 0.000 0.000 26.236 53.236 59.237 45.237 30.237 32.237 57.236 44.234 26.233 44.231 99.229 55.227 21.225 92.223 77.221 35.219 31.217 27.215 105.213 70.211 42.210 33.208
0.000 30.452 43.864 53.283 51.744 51.218 50.688 50.147 50.587 50.019 48.363 48.077 45.515 53.971 53.453 43.471 44.474 42.356 29.552 0.000 0.000 0.000 0.000 0.000 0.000 0.000 0.000 0.000 13.190 0.000 0.000 0.000 0.000 0.000 0.000 0.000 42.199 52.199 63.198 51.196 40.193 44.191 41.189 46.187 39.185 58.183 76.180 64.179 10.178 0.000 0.000 25.237 51.237 56.238 62.239 60.240 48.239 38.238 51.237 83.235 102.233 123.230 103.228 86.225 120.223 113.221 95.219 55.217 28.215 103.213 75.211 47.210 34.208
27.518 39.041 53.535 53.017 52.504 51.991 51.473 51.942 51.406 49.785 49.537 46.991 55.192 54.559 45.036 46.189 47.132 25.386 0.000 0.000 0.000 0.000 0.000 0.000 0.000 0.000 0.000 0.000 0.000 0.000 0.000 0.000 0.000 0.000 0.000 0.000 40.203 44.202 62.200 21.197 1.195 51.192 42.190 45.188 41.185 29.182 48.179 63.178 50.177 9.176 0.000 0.000 16.239 59.240 61.242 54.243 42.242 51.241 102.239 93.237 74.235 75.232 76.229 76.226 76.224 77.221 79.219 50.217 30.215 102.213 78.211 41.209 35.208
30.996 54.657 54.219 53.747 53.262 52.770 52.268 51.764 51.176 50.963 48.436 56.524 55.850 46.498 47.720 46.714 42.208 1.677 0.000 0.000 0.000 0.000 0.000 0.000 0.000 0.000 0.000 0.000 0.000 0.000 0.000 0.000 0.000 0.000 0.000 0.000 41.207 52.205 36.204 0.000 5.197 48.194 45.191 12.188 2.184 33.181 47.178 62.176 59.175 28.175 0.000 0.000 0.000 0.000 28.248 43.247 27.246 88.245 89.242 38.240 44.237 86.233 57.230 29.227 75.224 65.221 45.219 43.217 34.215 102.213 73.211 30.209 31.208
48.812 56.374 54.938 54.488 54.028 54.557 53.087 52.535 52.361 49.859 57.894 57.205 46.869 49.124 48.122 48.504 17.847 0.000 0.000 0.000 0.000 0.000 0.000 0.000 0.000 0.000 0.000 0.000 0.000 0.000 0.000 0.000 0.000 0.000 0.000 8.215 61.212 59.209 63.207 60.204 56.200 56.196 50.193 9.189 2.184 33.178 46.175 64.173 71.173 34.174 0.000 0.000 0.000 0.000 22.254 35.253 55.251 102.249 65.246 25.243 93.240 94.235 43.231 30.227 51.224 107.221 66.219 34.217 34.215 97.213 115.211 102.209 107.206
58.504 56.088 55.670 55.242 54.802 56.365 53.850 53.723 51.259 59.279 58.583 42.172 46.384 50.447 46.918 24.202 0.000 0.000 0.000 0.000 0.000 0.000 0.000 0.000 0.000 0.000 0.000 0.000 0.000 0.000 0.000 0.000 0.000 0.000 0.000 60.218 59.216 60.213 62.210 61.206 59.202 60.199 53.195 8.193 0.000 34.175 46.170 69.168 42.170 0.000 0.000 0.000 0.000 20.265 50.261 29.258 94.256 88.253 32.250 88.247 101.243 50.236 38.231 41.226 36.223 67.221 106.219 63.217 26.215 97.214 100.211 74.208 16.205
49.180 55.805 56.412 56.003 55.596 55.112 55.028 52.604 60.628 59.977 25.400 30.582 33.470 52.143 35.769 0.000 0.000 0.000 0.000 0.000 0.000 0.000 0.000 49.728 38.728 0.000 0.000 0.000 0.000 0.000 0.000 0.000 0.000 0.000 0.000 37.224 31.221 34.217 38.213 33.208 32.204 31.201 33.197 37.193 31.187 24.175 39.164 18.157 0.000 0.000 0.000 0.000 0.000 22.269 45.267 36.264 37.261 37.258 29.255 50.252 51.250 0.000 0.000 12.224 42.222 35.220 57.219 50.217 32.216 65.214 13.213 0.000 11.202
27.894 43.542 56.166 58.786 56.325 56.272 53.855 61.748 61.230 34.548 0.000 43.918 0.000 55.761 24.266 0.000 0.000 0.000 0.000 0.000 0.000 0.000 0.000 56.728 50.727 0.000 0.000 0.000 0.000 0.000 0.000 0.000 0.000 23.265 0.000 38.233 34.228 34.221 34.216 34.211 34.206 34.202 34.199 36.196 14.193 0.000 9.152 40.141 10.130 0.000 0.000 0.000 23.278 54.275 42.273 41.270 33.267 34.263 34.259 32.256 46.254 6.254 0.000 0.000 13.221 38.220 33.218 46.217 45.217 0.000 0.000 0.000 11.201
19.654 27.299 49.942 54.518 57.477 55.017 62.523 62.178 41.429 17.236 0.000 60.567 58.469 44.884 0.000 0.000 0.000 0.000 0.000 0.000 0.000 0.000 59.735 65.730 36.726 0.000 0.000 0.000 0.000 0.000 0.000 0.000 0.000 40.265 38.259 35.246 34.236 31.225 35.218 35.212 35.208 35.204 35.200 38.198 11.196 0.000 0.000 38.124 38.120 8.114 0.000 0.000 8.281 41.281 34.279 33.277 32.273 32.268 32.263 32.258 33.256 42.255 0.000 0.000 0.000 6.219 39.218 42.217 40.217 0.000 0.000 0.000 35.200
23.436 34.069 38.693 36.593 48.150 62.928 62.774 46.413 25.176 18.679 0.000 40.290 52.958 26.421 0.000 0.000 0.000 0.000 47.778 53.775 45.768 43.754 52.739 45.730 35.721 0.000 0.000 0.000 0.000 0.000 0.000 0.000 0.000 38.271 35.265 34.256 8.246 0.000 40.217 34.214 34.209 34.205 34.201 35.199 9.197 0.000 0.000 39.111 38.110 9.109 0.000 0.000 38.284 34.287 34.287 34.285 33.281 33.272 37.268 0.000 4.255 7.255 0.000 0.000 0.000 0.000 39.217 34.217 34.217 35.217 0.000 7.199 37.199
35.177 48.817 24.534 23.408 62.991 62.988 49.405 36.131 32.468 37.308 0.000 7.347 42.653 0.000 0.000 0.000 0.000 43.785 47.782 49.778 47.775 0.000 0.000 0.000 47.707 31.694 0.000 0.000 0.000 0.000 0.000 0.000 6.293 48.284 45.275 20.267 0.000 0.000 53.220 39.216 35.210 34.205 38.201 15.199 0.000 14.089 52.091 33.098 37.101 9.103 0.000 0.000 0.000 39.297 34.297 38.295 5.294 0.000 0.000 0.000 0.000 0.000 0.000 0.000 0.000 0.000 39.217 34.217 34.217 39.216 0.000 0.000 11.199
55.883 44.468 24.532 20.032 62.952 24.445 30.171 32.399 36.075 54.659 64.111 52.098 0.000 0.000 0.000 0.000 41.792 35.789 41.785 56.782 55.779 0.000 0.000 0.000 0.000 48.680 0.000 0.000 0.000 34.343 0.000 0.000 50.303 49.295 55.284 48.270 13.256 67.242 64.228 62.219 60.211 52.203 33.198 20.199 0.000 28.086 81.087 35.090 36.094 10.098 0.000 0.000 0.000 44.308 30.307 35.306 6.305 0.000 0.000 0.000 0.000 0.000 0.000 0.000 0.000 35.216 37.216 39.216 33.216 38.216 0.000 0.000 8.199
64.469 51.566 33.868 62.542 20.467 22.255 21.423 21.064 30.631 58.165 53.573 24.835 0.000 0.000 40.802 6.800 48.796 40.792 51.788 46.784 25.782 0.000 0.000 0.000 0.000 52.666 28.662 0.000 0.000 30.344 38.344 42.337 44.321 46.310 36.296 33.274 41.255 41.242 61.232 44.222 38.211 36.199 16.189 0.000 4.092 23.083 91.079 47.082 13.085 0.000 0.000 0.000 2.320 57.320 30.318 37.317 9.315 0.000 0.000 0.000 0.000 0.000 0.000 0.000 14.216 37.216 52.216 50.216 43.216 2.216 0.000 0.000 9.199
62.525 60.767 62.109 39.398 27.301 23.444 23.081 21.656 28.244 43.793 39.183 0.000 0.000 0.000 43.803 64.802 59.799 60.796 42.792 0.000 0.000 0.000 0.000 0.000 43.653 34.657 26.658 0.000 0.000 0.000 42.351 46.345 46.335 46.325 30.318 0.000 37.248 38.241 62.234 48.225 42.214 28.194 35.169 50.135 70.101 59.076 83.062 48.075 12.080 0.000 0.000 0.000 0.000 55.332 31.330 32.326 37.324 0.000 0.000 0.000 0.000 0.000 0.000 0.000 0.000 7.216 56.216 53.216 6.216 0.000 0.000 0.000 5.198
60.603 62.049 61.254 60.267 42.412 22.061 22.646 23.261 21.892 24.580 0.000 0.000 0.000 0.000 59.807 49.806 47.804 43.800 0.000 0.000 0.000 0.000 0.000 44.648 35.649 31.651 14.654 0.000 0.000 0.000 42.364 50.358 59.348 58.339 60.333 48.334 0.000 6.239 65.238 49.231 23.224 0.000 38.159 48.136 75.101 37.058 21.020 0.000 0.000 0.000 0.000 0.000 8.358 46.348 33.341 34.335 37.331 10.331 0.000 0.000 0.000 0.000 0.000 0.000 0.000 0.000 13.216 14.216 0.000 0.000 0.000 0.000 6.198
62.054 61.031 63.144 63.308 46.980 23.579 26.207 25.845 23.483 24.055 0.000 39.814 0.000 5.813 53.811 53.810 60.810 0.000 0.000 18.719 6.719 0.000 0.000 39.648 33.645 27.643 0.000 0.000 0.000 0.000 40.383 41.373 43.361 42.350 40.341 32.335 0.000 0.000 67.247 53.238 38.227 1.205 37.171 48.147 72.110 28.036 23.939 6.872 0.000 0.000 0.000 0.000 8.368 53.361 32.352 34.342 34.335 35.331 39.328 11.327 0.000 0.000 0.000 0.000 0.000 0.000 0.000 0.000 0.000 0.000 0.000 0.000 0.000
61.741 63.941 63.132 63.832 37.451 28.097 47.755 41.429 23.142 0.848 0.000 36.814 51.814 56.814 42.814 63.815 55.815 0.000 0.000 32.719 63.719 15.715 0.000 40.649 34.641 31.632 0.000 0.000 48.469 44.447 40.413 42.391 47.374 47.359 45.345 56.331 48.311 8.290 67.264 59.248 59.232 51.214 32.191 50.172 58.155 0.000 26.829 9.805 0.000 0.000 0.000 0.000 18.386 57.375 29.364 31.347 32.335 33.329 38.326 10.326 0.000 0.000 0.000 0.000 0.000 0.000 0.000 0.000 0.000 0.000 0.000 0.000 0.000
