results2_8e3_rain/res_3e8f-0181.wd
ncols         241
nrows         181
xllcorner     12693529.787448
yllcorner     3542525.717860
cellsize      155.156523
NODATA_value  -9999.000000
[rows 33 to 65 of 181, columns 73 to 145 of 241]
0.000 0.000 0.000 0.000 0.000 0.000 0.000 0.000 0.000 0.000 0.000 0.000 0.000 0.000 0.000 0.000 0.000 0.000 0.000 0.000 0.000 0.000 0.000 0.000 0.000 0.000 0.000 0.000 0.000 0.000 0.000 0.000 0.000 0.000 0.000 0.000 0.000 0.000 0.000 39.639 62.641 67.642 23.644 0.000 0.000 32.721 46.749 13.728 4.729 36.750 39.765 33.763 34.744 35.709 35.655 35.583 35.490 34.374 40.222 59.985 6.503 14.621 11.903 47.064 63.523 68.051 66.611 67.212 65.748 67.834 62.889 62.497 62.487
0.000 0.000 0.000 0.000 0.000 0.000 0.000 0.000 0.000 0.000 0.000 0.000 0.000 0.000 0.000 0.000 0.000 0.000 0.000 0.000 0.000 0.000 0.000 0.000 0.000 0.000 0.000 0.000 0.000 0.000 0.000 0.000 0.000 0.000 0.000 0.000 0.000 0.000 0.000 0.000 14.641 9.642 0.000 0.000 0.000 0.000 28.841 0.000 0.000 26.791 50.832 49.836 39.819 35.782 35.726 35.647 35.547 34.429 56.295 54.140 0.000 37.457 50.024 63.452 67.933 67.455 67.025 66.533 67.593 63.611 62.909 63.162 65.464
0.000 0.000 0.000 0.000 0.000 0.000 0.000 0.000 0.000 0.000 0.000 0.000 0.000 0.000 0.000 0.000 0.000 0.000 35.098 67.098 20.098 0.000 0.000 0.000 0.000 0.000 0.000 0.000 0.000 0.000 0.000 0.000 0.000 0.000 0.000 0.000 0.000 0.000 0.000 0.000 0.000 0.000 0.000 0.000 0.000 0.000 20.932 0.000 0.000 0.000 28.935 46.929 46.912 37.877 35.818 35.733 33.623 49.499 58.388 0.000 23.116 47.727 62.283 68.788 68.296 67.841 67.321 69.354 65.341 63.448 63.847 66.171 65.417
0.000 0.000 0.000 0.000 0.000 0.000 0.000 0.000 0.000 0.000 0.000 22.100 60.100 0.099 0.000 0.000 0.000 0.000 42.098 93.098 49.098 0.000 0.000 0.000 0.000 0.000 0.000 0.000 0.000 0.000 0.000 0.000 0.000 0.000 0.000 0.000 0.000 0.000 0.000 0.000 0.000 0.000 0.000 0.000 0.000 0.000 24.023 25.064 32.083 18.080 28.044 36.035 49.024 39.995 35.937 32.843 43.715 53.554 42.370 18.034 47.505 65.051 69.593 69.115 68.653 68.113 68.118 67.080 64.098 64.546 66.885 66.137 65.902
0.000 0.000 0.000 0.000 0.000 0.000 0.000 0.000 0.000 0.000 0.000 43.100 78.100 67.100 54.100 9.099 3.099 27.099 81.098 89.098 54.098 0.000 0.000 0.000 0.000 23.109 2.109 0.000 0.000 0.000 0.000 0.000 0.000 0.000 0.000 0.000 0.000 7.110 0.000 0.000 0.000 11.109 29.109 0.000 0.000 40.086 55.074 58.087 56.103 42.115 36.125 35.143 49.153 40.141 32.091 45.989 59.838 47.633 35.506 50.225 54.819 67.381 69.919 69.459 68.907 68.887 66.832 64.859 65.264 67.610 66.870 66.640 66.307
0.000 0.000 0.000 0.000 0.000 0.000 0.000 0.000 0.000 0.000 0.000 14.100 76.100 59.100 40.100 2.100 23.099 73.099 84.098 91.098 50.097 0.000 0.000 0.000 0.108 61.109 45.109 0.000 0.000 0.000 0.000 0.000 0.000 0.000 0.000 0.109 24.110 36.110 38.110 0.000 0.000 20.109 45.109 24.108 38.105 61.099 64.098 65.108 62.126 49.153 36.197 33.257 50.306 41.326 45.296 63.185 57.014 0.000 33.797 52.542 65.166 70.730 70.274 69.715 69.671 67.604 65.746 66.004 68.352 67.622 67.398 67.065 66.733
0.000 0.000 0.000 0.000 0.000 0.000 0.000 0.000 0.000 0.000 0.000 0.000 0.000 27.100 65.100 61.100 49.100 62.099 82.098 93.097 46.096 0.000 0.000 0.000 0.000 23.109 47.109 49.109 0.000 0.000 0.000 0.000 0.000 0.000 0.000 0.000 40.110 41.111 53.111 36.110 25.110 39.110 40.110 36.109 43.108 50.108 48.111 41.121 60.140 26.175 42.252 45.384 35.487 47.562 60.583 57.442 0.182 8.758 45.342 61.980 70.575 71.113 70.561 70.486 67.414 66.800 66.774 69.113 68.393 68.179 67.854 67.522 67.164
0.000 0.000 0.000 0.000 0.000 0.000 0.000 0.000 0.000 0.000 0.000 0.000 0.000 17.100 84.100 79.100 69.100 59.100 83.099 91.097 86.094 71.091 26.088 0.000 0.000 0.000 3.109 57.109 41.109 39.109 50.109 45.109 8.109 0.000 0.000 4.110 40.110 39.111 60.111 66.111 55.111 47.111 39.111 36.111 37.111 38.113 37.116 35.124 43.137 4.156 0.000 4.540 40.696 63.851 62.030 1.373 7.470 45.171 58.831 68.472 72.009 71.570 72.346 68.298 68.097 67.593 69.901 69.186 68.978 68.666 68.349 67.999 67.609
0.000 0.000 0.000 0.000 0.000 0.000 0.000 0.000 0.000 0.000 0.000 0.000 0.000 0.000 17.101 56.101 31.101 67.101 86.100 91.097 89.094 87.090 76.086 35.082 0.081 0.000 0.000 13.109 52.109 52.109 65.109 63.109 56.109 51.109 0.000 0.000 7.110 44.111 63.111 70.111 62.111 46.111 35.111 36.112 36.113 36.115 36.118 36.123 40.128 0.000 0.000 0.000 10.905 48.115 17.589 14.881 49.820 54.622 66.361 72.966 72.817 71.057 69.386 69.764 68.495 70.735 70.009 69.794 69.488 69.189 68.871 68.515 68.086
0.000 0.000 0.000 0.000 0.000 0.000 0.000 0.000 0.000 0.000 0.000 0.000 0.000 0.000 0.000 2.102 88.103 88.103 90.102 90.099 89.094 83.088 77.083 48.079 0.000 0.000 0.000 0.000 0.000 20.109 65.109 59.109 74.109 71.110 50.110 29.110 30.110 39.111 61.111 70.111 61.111 44.112 34.112 39.113 38.114 36.116 36.119 36.121 37.123 29.123 0.000 0.000 0.000 0.000 9.331 52.374 55.304 63.160 73.882 73.993 72.354 74.245 72.001 69.539 71.648 70.882 70.636 70.316 70.020 69.727 69.431 69.106 67.670
0.000 0.000 0.000 0.000 0.000 0.000 23.068 46.065 0.000 24.007 63.997 52.984 56.973 31.967 0.000 0.000 24.105 96.106 90.106 87.102 84.095 87.086 78.078 41.073 0.000 0.000 0.000 0.000 0.000 0.000 0.000 9.109 63.109 64.110 15.110 0.000 6.111 43.111 61.111 66.111 56.111 47.112 45.112 7.113 14.115 42.117 36.119 36.121 37.122 43.122 51.122 13.122 0.000 0.000 25.028 57.982 61.876 72.685 74.900 74.532 77.811 76.390 70.884 72.688 71.832 71.521 71.162 70.843 70.545 70.269 70.020 69.806 75.654
0.000 0.000 0.000 0.000 0.000 0.000 23.071 66.062 8.043 58.018 59.999 71.982 54.969 39.960 0.000 0.000 12.107 81.109 93.115 90.109 90.098 91.083 85.069 39.061 0.000 0.000 0.000 0.000 0.000 0.000 0.000 0.000 0.000 48.110 7.110 0.000 2.111 49.111 46.111 58.111 15.111 0.000 0.000 0.000 0.000 8.118 46.119 40.120 3.121 33.122 67.122 50.122 3.122 0.000 29.780 63.620 72.522 75.643 75.399 79.570 78.825 72.242 73.806 72.854 72.457 72.038 71.676 71.346 71.047 70.785 70.572 70.445 75.486
21.340 65.334 55.329 0.000 0.000 0.000 17.083 77.070 53.048 55.022 60.998 84.978 85.960 80.945 34.931 0.000 0.000 0.000 41.134 95.123 90.103 91.079 88.056 47.040 0.000 0.000 0.000 0.000 0.000 0.000 0.000 0.000 0.000 6.110 0.000 0.000 0.000 0.000 0.000 0.000 0.000 0.000 0.000 0.000 0.000 0.000 0.000 21.121 18.121 0.000 0.000 0.000 0.000 19.191 56.608 73.561 75.238 76.171 80.519 80.124 73.272 74.830 73.867 73.411 72.937 72.527 72.154 71.817 71.514 71.250 71.040 70.916 73.949
21.341 77.333 59.324 55.313 0.000 0.000 4.107 69.088 71.057 71.025 82.995 79.970 91.948 90.930 51.917 0.000 0.000 0.000 17.164 97.144 90.113 91.075 88.036 48.004 0.000 0.000 8.570 56.533 68.492 37.464 0.000 0.000 0.000 0.000 0.000 0.000 0.000 0.000 0.000 0.000 0.000 0.000 0.000 0.000 0.000 0.000 0.000 0.000 6.121 0.000 0.000 0.000 17.155 57.663 74.624 75.206 81.435 80.926 74.543 75.105 75.607 74.790 74.323 73.826 73.381 72.973 72.598 72.255 71.942 71.662 71.421 78.229 19.089
85.344 82.333 61.320 62.303 54.276 1.227 59.149 54.119 62.067 75.026 78.986 89.958 90.932 89.909 58.890 0.000 0.000 0.000 16.214 96.178 90.129 91.072 86.010 65.935 49.818 50.711 50.607 58.536 79.478 46.436 0.000 0.000 0.000 0.000 0.000 0.000 0.000 0.000 0.000 0.000 0.000 0.000 0.000 0.000 0.000 0.000 0.000 0.000 0.000 0.000 15.245 46.022 55.530 74.517 76.107 82.773 82.181 75.092 76.812 76.147 75.607 75.152 74.668 74.214 73.786 73.385 73.011 72.662 72.336 72.034 78.754 24.492 0.000
82.349 77.337 75.322 58.301 62.272 62.235 53.193 46.171 0.000 0.000 20.965 79.944 90.914 88.883 73.845 40.792 0.000 3.387 65.299 86.226 91.152 90.076 90.995 80.908 56.807 53.707 52.612 61.527 79.449 62.367 48.254 49.166 53.101 64.061 28.044 0.000 0.000 0.000 0.000 0.000 0.000 0.000 0.000 0.000 0.000 0.000 0.000 0.000 0.000 0.000 26.445 66.285 74.232 76.880 83.652 83.256 75.814 77.484 76.707 76.337 75.897 75.447 75.004 74.574 74.162 73.771 73.399 73.045 72.707 78.384 25.069 0.000 0.000
71.356 23.343 91.328 62.308 56.275 57.245 59.218 59.201 48.201 0.000 0.000 0.928 24.898 95.865 85.814 63.739 55.617 62.475 61.369 63.274 71.178 72.083 58.988 55.894 53.797 53.700 52.605 61.513 76.422 55.329 52.230 57.143 73.076 76.036 61.028 35.028 0.000 0.000 0.000 0.000 0.000 0.000 0.000 0.000 0.000 0.000 0.000 0.000 0.000 17.283 59.129 74.741 77.582 84.217 83.972 76.510 78.155 77.372 77.016 76.589 76.167 75.744 75.325 74.915 74.519 74.137 73.768 73.412 79.065 24.724 0.000 0.000 0.000
17.364 90.352 91.340 77.328 0.000 4.253 64.234 60.215 71.200 62.185 0.000 0.941 3.904 83.865 80.808 65.733 56.637 53.529 53.426 56.322 69.204 77.090 79.980 72.882 62.787 55.691 54.595 70.497 73.397 48.296 52.194 52.100 53.023 56.981 36.005 0.000 0.000 0.000 6.555 0.000 0.000 0.000 0.000 0.000 0.000 0.000 0.000 20.504 52.174 60.031 73.547 84.877 84.493 77.561 78.157 78.726 78.037 77.675 77.255 76.849 76.441 76.036 75.636 75.244 74.861 74.489 75.126 81.769 25.417 0.000 0.000 0.000 0.000
95.373 91.362 91.351 91.335 78.314 61.278 61.250 61.224 52.199 1.157 18.054 24.999 76.937 73.882 76.821 69.749 70.667 70.578 70.486 73.384 68.227 68.092 69.961 73.867 74.776 72.683 68.586 79.483 77.375 65.264 66.150 66.039 67.936 42.859 0.000 0.000 0.000 0.000 7.555 0.000 0.000 0.000 0.000 0.000 0.000 7.380 55.159 55.724 76.738 77.295 85.939 85.462 80.048 79.765 79.155 78.689 78.313 77.903 77.504 77.107 76.712 76.323 75.939 75.563 75.194 75.832 79.476 12.123 0.000 0.000 0.000 0.000 0.000
94.381 90.374 90.365 91.350 88.327 66.297 60.264 61.231 62.194 54.145 3.081 69.023 65.964 66.905 67.843 62.776 66.703 71.629 79.557 64.499 0.000 0.058 14.905 72.848 68.768 68.681 68.582 68.473 68.357 68.234 68.105 67.969 65.824 60.660 33.441 0.000 9.075 52.853 59.555 71.249 41.012 0.000 0.000 0.000 1.301 56.578 67.366 79.291 79.927 86.673 86.339 80.697 80.375 79.640 79.312 78.924 78.529 78.138 77.748 77.362 76.980 76.603 76.235 75.874 76.520 79.170 26.823 0.000 0.000 0.000 0.000 0.000 0.000
80.388 80.387 80.384 91.372 91.349 81.317 57.280 60.241 61.200 61.155 67.102 76.047 59.990 56.932 54.872 61.808 76.742 75.677 60.615 40.557 0.000 0.000 0.000 0.862 57.769 52.689 52.587 52.472 52.345 53.209 56.065 56.909 56.731 55.515 56.222 54.772 54.296 62.931 69.561 67.180 73.775 71.236 65.726 63.214 65.589 77.222 80.742 80.536 87.166 86.950 81.334 80.989 80.241 79.915 79.522 79.137 78.752 78.369 77.989 77.613 77.241 76.876 76.522 77.179 77.841 16.505 0.000 0.000 0.000 0.000 0.000 0.000 0.000
0.000 46.400 58.414 86.405 90.381 71.343 54.296 53.252 61.212 61.172 60.126 54.074 55.016 60.961 77.903 76.842 59.780 52.722 42.668 0.000 62.239 71.178 67.083 67.963 70.832 73.721 72.607 73.481 76.342 75.194 72.039 73.870 68.677 54.447 58.159 56.799 61.406 79.014 85.580 82.135 75.673 70.202 71.748 78.213 83.067 81.502 87.769 87.420 81.319 82.928 81.515 80.855 80.516 80.119 79.735 79.351 78.971 78.596 78.227 77.860 77.495 78.137 75.801 71.477 23.159 0.000 0.000 0.000 0.000 0.000 0.000 0.000 0.000
0.000 0.000 51.467 70.453 81.425 56.378 48.311 55.258 53.224 60.193 61.158 61.106 54.038 70.992 62.939 51.877 54.814 46.762 0.000 71.388 74.300 74.211 76.110 76.995 79.873 83.756 82.637 82.504 82.348 84.186 85.026 82.855 70.661 56.436 58.169 57.858 57.514 60.138 33.608 6.108 95.578 137.176 114.710 80.644 82.163 88.732 88.295 81.766 84.495 81.910 81.468 81.111 80.717 80.332 79.945 79.562 79.186 78.819 78.461 78.105 79.743 74.377 63.066 17.772 0.000 0.000 0.000 0.000 0.000 0.000 0.000 0.007 46.791
3.704 0.000 6.534 27.513 62.490 44.434 0.000 50.245 55.233 55.220 61.205 50.156 0.000 55.031 52.982 54.915 55.838 65.750 79.627 76.477 78.361 84.256 94.149 138.035 134.911 134.794 134.680 134.552 135.358 119.175 51.024 53.862 51.677 59.465 58.224 54.952 52.653 34.417 0.000 0.000 4.373 62.082 79.093 83.689 89.423 89.105 81.363 83.065 82.365 82.061 81.693 81.312 80.929 80.542 80.153 79.766 79.391 79.033 79.693 78.357 69.994 58.561 16.314 0.000 0.000 0.000 0.000 0.000 0.000 0.000 3.091 38.030 58.908
77.704 25.680 14.622 77.577 55.586 0.000 0.000 0.000 49.241 62.250 54.287 0.000 7.204 63.119 54.043 64.962 77.872 77.772 82.656 85.530 78.413 64.303 55.196 51.085 48.941 51.828 52.737 39.667 0.000 56.131 53.034 51.893 55.720 59.523 56.311 48.072 54.729 35.461 0.000 1.657 57.377 74.389 84.113 89.915 89.694 81.946 83.633 82.930 82.638 82.269 81.902 81.525 81.142 80.754 80.359 79.958 79.577 80.231 75.921 64.636 21.315 0.000 0.000 0.000 0.000 0.000 0.000 0.000 0.000 0.000 6.152 56.092 55.003
87.724 95.714 83.697 0.668 12.690 6.799 1.834 0.839 0.000 0.000 58.407 56.386 64.289 61.198 61.109 61.017 77.917 91.810 80.694 60.574 58.457 53.347 55.246 46.167 0.000 57.839 54.774 43.712 0.000 57.184 52.090 52.954 59.787 57.597 55.424 37.297 0.000 1.936 54.071 51.837 68.622 84.532 90.192 82.879 83.446 84.106 83.503 83.209 82.848 82.489 82.121 81.744 81.361 80.974 80.570 81.129 80.730 70.392 55.124 17.951 0.000 0.000 0.000 0.000 0.000 0.000 0.000 4.536 31.490 30.404 45.273 57.182 45.096
77.752 81.757 71.759 0.000 0.000 71.873 64.868 58.843 2.783 10.688 76.548 73.461 60.369 61.276 61.179 62.078 82.971 134.856 127.736 74.614 129.495 50.382 54.274 54.171 56.054 53.914 53.807 53.695 55.535 51.331 51.187 60.046 58.877 55.655 50.491 39.394 0.000 0.683 56.112 62.935 84.933 83.813 90.548 83.924 84.511 84.061 83.772 83.426 83.077 82.717 82.347 81.968 81.585 81.210 82.818 78.257 59.823 46.483 48.233 14.092 0.000 0.000 0.000 0.000 0.000 0.000 0.000 4.582 40.529 45.450 59.354 53.266 43.184
73.782 68.804 12.824 0.000 2.994 54.952 63.922 60.880 78.817 72.734 77.634 85.543 76.451 61.355 61.254 61.147 60.031 53.908 48.780 53.652 50.528 54.410 54.298 54.189 54.076 53.958 53.845 53.724 52.580 57.417 59.283 60.164 44.021 0.000 43.491 0.000 0.000 0.666 60.275 82.188 86.189 91.529 91.072 84.015 84.668 84.311 83.997 83.664 83.316 82.954 82.583 82.198 81.799 80.465 42.236 0.000 0.000 0.000 0.000 0.000 0.000 0.000 0.000 36.994 31.956 30.892 29.803 33.681 42.596 58.512 52.427 43.344 53.266
65.810 56.850 61.910 7.009 60.035 56.020 54.986 72.937 65.873 81.796 90.711 70.625 56.535 54.440 57.337 60.223 61.099 60.965 53.825 52.686 53.555 53.433 54.319 54.210 54.104 58.998 55.891 52.777 53.645 56.474 60.362 49.309 0.000 0.000 0.000 0.000 15.933 135.811 79.540 86.563 84.535 91.933 83.833 86.352 87.837 84.564 84.247 83.916 83.567 83.201 83.834 80.439 67.951 58.613 16.425 0.000 0.000 0.000 0.000 0.000 0.000 0.000 39.075 39.032 38.981 39.916 39.836 40.744 54.659 54.577 38.497 41.418 43.343
40.826 41.878 35.957 60.083 56.118 55.106 66.067 70.009 80.941 87.867 53.790 52.710 53.626 55.533 54.428 51.310 59.177 60.028 60.868 59.713 53.573 52.447 51.334 52.229 58.131 117.037 84.945 64.849 47.747 0.000 62.381 70.400 0.000 0.000 0.000 0.000 60.057 70.951 87.834 85.869 92.639 92.300 84.922 85.452 86.118 84.826 84.515 84.186 83.835 84.451 83.111 35.775 0.000 0.000 0.000 0.000 0.000 0.000 0.000 0.000 0.000 0.000 46.118 42.078 39.022 39.956 37.881 49.800 56.720 40.641 41.564 49.489 47.417
0.000 0.000 0.000 53.248 56.246 58.220 79.167 90.092 104.015 85.941 14.871 71.801 71.724 55.637 55.534 54.413 52.269 55.101 60.908 58.725 59.575 61.449 59.340 57.242 53.155 48.076 53.003 47.926 0.000 0.000 0.000 56.510 48.538 0.000 0.000 2.468 70.287 87.136 87.210 85.225 92.949 84.642 87.145 88.652 85.395 85.105 84.801 84.478 84.135 81.656 36.384 0.000 0.000 0.000 0.000 0.000 0.000 0.000 0.000 0.000 0.000 45.280 15.202 3.138 47.073 37.005 47.932 59.856 47.779 42.704 47.629 51.557 44.487
0.000 0.000 0.000 51.414 57.399 73.360 84.288 132.179 126.083 128.012 133.954 129.898 130.834 55.756 55.659 54.538 54.387 53.198 47.937 57.704 59.553 60.435 58.334 60.246 60.170 61.107 54.065 0.000 0.000 0.000 0.000 57.593 42.565 0.000 0.002 61.618 83.501 87.455 86.444 93.513 93.239 85.700 86.248 86.938 85.676 85.401 85.106 85.790 60.570 0.000 0.000 0.000 0.000 0.000 0.000 0.000 0.000 0.000 57.594 46.545 36.467 40.358 40.273 41.199 41.128 44.057 56.985 53.912 48.838 49.765 47.693 45.622 41.554
17.665 0.000 0.000 52.597 69.576 77.532 83.447 54.252 53.129 52.068 49.034 50.003 49.958 55.894 55.808 71.693 71.541 47.370 0.000 44.602 57.499 59.405 57.313 59.237 59.172 60.119 56.084 0.045 0.919 1.874 55.814 40.703 0.000 0.000 63.014 71.862 88.736 87.648 86.830 93.769 85.373 87.903 90.440 86.217 85.969 85.717 84.434 72.003 30.787 0.000 0.000 0.000 0.000 0.000 43.842 38.821 38.781 38.723 42.642 54.574 57.498 43.412 38.332 40.256 42.184 57.112 56.040 41.968 50.896 51.825 50.754 43.685 39.618
