results2_8e3_rain/res_3e8f-0142.wd
ncols         241
nrows         181
xllcorner     12693529.787448
yllcorner     3542525.717860
cellsize      155.156523
NODATA_value  -9999.000000
[rows 33 to 65 of 181, columns 146 to 218 of 241]
63.890 63.112 62.844 63.488 30.156 41.835 63.532 57.231 35.829 0.000 0.000 32.791 8.791 13.792 29.795 54.802 41.802 7.801 0.000 0.000 46.680 54.663 12.632 39.596 31.568 32.536 36.486 45.435 63.379 54.338 49.299 44.268 45.241 45.218 44.196 43.174 42.151 50.126 60.100 52.078 52.057 50.035 29.011 42.992 50.981 0.000 21.427 26.389 50.294 48.209 53.129 63.050 55.977 50.944 5.927 0.000 33.865 33.872 40.874 18.870 0.000 0.000 0.000 0.000 0.000 0.000 0.000 0.000 0.000 0.000 0.000 0.000 0.000
63.826 63.578 63.237 63.915 41.601 59.307 62.048 55.864 0.000 0.000 10.790 34.790 0.000 0.000 0.000 38.817 38.812 46.800 9.777 59.744 47.703 34.671 43.638 34.602 32.568 32.530 31.486 33.440 61.394 59.352 59.315 61.282 54.253 56.227 55.202 55.179 55.156 56.132 60.109 58.088 59.068 54.049 31.031 30.017 3.009 0.000 18.361 32.335 40.283 35.206 41.126 54.045 53.993 51.964 9.950 0.000 0.000 38.890 10.890 0.000 0.000 0.000 0.000 0.000 0.000 40.897 39.895 41.894 31.892 34.891 1.890 0.000 0.000
64.290 63.959 63.643 63.330 63.028 63.743 55.490 42.313 0.000 0.000 0.000 2.790 0.000 0.000 0.000 35.838 32.829 45.811 50.786 42.753 51.717 49.681 30.645 31.608 32.570 32.531 44.489 48.446 52.403 45.363 42.325 52.292 26.261 33.234 28.208 28.184 28.161 31.138 57.116 46.096 44.078 46.061 31.047 33.036 13.031 0.000 28.319 85.309 10.296 0.000 0.000 3.009 54.987 53.969 12.958 0.000 0.000 35.907 32.907 34.913 32.915 40.914 46.912 38.908 60.903 67.899 65.896 50.894 30.892 29.891 33.890 3.889 0.000
64.669 64.354 64.040 63.734 64.437 59.148 40.857 31.585 40.585 0.000 0.000 0.000 0.000 0.000 0.000 32.868 31.854 34.831 30.801 41.767 44.730 47.692 36.653 31.614 31.575 31.534 56.493 62.452 44.410 38.370 38.332 39.298 36.268 36.239 36.213 37.188 40.165 37.143 58.122 50.103 48.086 48.072 30.059 44.051 70.046 0.000 20.289 73.284 0.000 0.000 0.000 4.994 54.979 52.967 30.957 35.946 33.936 31.923 31.918 31.918 30.917 37.916 44.913 31.909 49.904 67.899 63.895 43.893 28.891 28.890 33.889 1.889 0.000
65.066 64.744 64.431 64.128 60.837 46.554 35.205 0.000 0.000 0.000 0.000 37.192 0.160 6.117 0.000 31.911 32.888 32.857 31.822 31.784 37.744 30.703 30.662 32.621 31.580 30.539 54.498 51.457 59.417 63.375 62.336 57.302 53.271 55.243 51.216 55.192 55.168 56.147 60.127 58.109 59.093 55.079 30.069 42.061 64.057 0.000 15.265 76.255 0.000 0.000 0.000 0.000 51.968 54.963 33.955 31.947 31.939 31.931 31.926 31.923 30.921 37.918 46.916 2.913 0.000 25.896 68.895 44.892 28.890 28.889 32.888 0.000 0.000
65.458 65.128 64.811 64.511 54.231 36.025 0.000 0.000 0.000 0.000 35.211 38.193 51.161 51.116 39.057 31.979 31.930 32.887 32.845 31.803 30.759 31.715 31.672 31.628 30.585 39.543 58.502 37.463 51.424 28.378 61.335 51.303 50.273 50.245 47.218 52.193 53.170 53.149 60.129 58.112 55.097 55.084 30.075 44.068 63.065 0.000 1.240 69.215 0.000 0.000 0.000 0.000 55.964 54.960 30.954 32.947 31.942 32.936 32.932 32.928 33.924 41.922 21.920 0.000 0.000 26.896 68.894 49.892 36.889 30.887 33.885 0.882 0.000
65.845 65.497 66.175 58.872 46.553 36.289 0.000 0.000 0.000 0.000 32.229 49.208 43.174 32.130 34.077 34.017 31.965 30.916 32.869 31.822 32.775 32.728 32.681 31.635 31.590 51.546 51.505 51.468 51.439 0.000 33.324 31.300 32.273 32.245 33.218 37.193 40.170 38.149 58.130 52.113 46.098 48.087 31.078 43.072 62.069 0.000 0.000 42.161 33.140 0.000 0.000 0.000 49.963 32.961 0.000 27.946 33.944 37.941 44.936 44.932 44.928 46.924 18.921 0.000 10.902 74.898 67.895 69.891 57.888 32.885 33.882 1.880 0.000
66.219 65.841 65.518 51.250 2.956 0.000 0.000 0.000 0.000 10.301 48.267 43.235 33.198 34.153 34.103 34.049 33.996 31.945 30.893 30.842 32.791 31.740 31.689 30.640 32.593 47.547 38.505 47.464 48.425 7.379 7.336 47.303 46.273 46.244 46.217 48.192 48.169 49.148 61.129 57.112 52.098 54.086 30.078 39.072 67.070 0.000 0.000 101.129 70.118 37.102 24.094 0.000 0.000 0.000 0.000 0.000 30.950 39.946 43.942 42.936 45.931 47.926 33.920 38.913 54.906 69.900 67.895 67.891 55.887 32.883 32.879 8.876 0.000
66.563 67.129 58.808 41.625 0.000 0.000 0.000 0.000 0.000 55.334 49.305 33.269 34.228 34.182 34.132 34.080 34.026 33.972 30.918 31.863 31.807 31.751 32.696 31.644 31.594 34.546 39.502 51.460 38.418 50.377 55.337 48.303 57.271 47.242 48.214 51.189 50.165 49.144 59.125 55.108 43.094 42.083 31.075 38.070 67.069 0.000 0.000 92.109 82.102 59.093 28.086 0.000 0.000 4.023 0.000 0.000 1.959 50.954 42.947 36.941 33.934 48.928 35.921 37.914 45.907 66.901 68.895 66.890 52.885 32.880 29.876 33.871 27.865
74.827 72.306 44.961 34.817 0.000 0.000 0.527 33.494 47.459 48.396 42.351 37.308 34.263 34.215 34.165 34.112 33.057 36.001 40.943 36.884 31.823 32.762 31.702 31.645 31.592 31.543 38.497 39.454 37.412 44.372 43.334 38.299 50.267 30.237 38.209 45.184 44.160 38.138 57.119 50.102 30.088 29.077 32.069 34.065 38.067 0.000 0.000 70.094 50.090 87.082 73.071 9.053 10.038 61.023 35.008 32.992 32.973 34.962 45.953 39.945 7.937 60.930 48.923 44.916 42.908 53.902 69.895 61.889 44.884 33.878 29.872 36.866 60.859
0.000 0.000 23.913 41.865 0.000 0.000 35.558 45.525 59.487 43.440 42.394 42.349 35.302 34.252 34.200 34.145 41.089 49.031 49.971 41.907 36.839 31.771 30.705 31.642 35.586 32.536 31.490 30.446 36.405 37.366 36.329 37.294 39.261 32.231 38.203 43.177 45.152 41.130 57.111 51.093 33.079 32.067 32.059 28.054 0.000 0.000 0.000 26.085 45.081 45.074 79.064 94.051 87.037 55.023 41.009 41.995 41.980 44.968 66.958 84.949 93.941 92.932 94.925 93.917 87.909 81.902 73.895 56.888 39.882 30.876 31.869 44.863 63.856
17.468 0.000 0.000 0.000 0.000 6.626 38.595 58.562 50.525 53.482 50.438 40.391 33.342 34.291 34.237 45.181 50.123 46.064 41.002 37.933 40.855 35.778 35.704 31.634 36.576 30.525 31.479 32.436 31.396 31.357 31.320 31.286 30.253 31.223 31.194 35.168 41.143 40.120 58.100 52.082 31.067 32.054 32.045 31.039 6.034 0.000 0.000 30.078 56.075 45.070 47.061 62.050 73.037 83.024 85.011 90.998 93.985 93.973 92.963 88.953 79.944 77.935 79.926 82.918 84.910 85.902 83.895 87.888 79.881 46.874 33.867 52.860 69.853
56.723 15.082 0.000 0.000 3.679 39.658 55.633 48.603 40.567 48.527 52.484 53.436 43.386 32.332 42.276 51.218 41.159 33.100 33.038 34.971 2.869 3.782 2.700 28.613 32.557 34.510 34.466 31.425 31.385 32.347 31.310 31.276 31.244 32.213 31.184 31.157 31.132 34.108 51.087 50.068 32.052 32.038 32.029 33.024 34.029 0.000 0.000 29.075 47.073 48.068 60.060 47.049 27.037 31.025 67.012 91.000 74.988 69.977 72.966 65.956 51.946 40.937 31.928 29.919 30.910 40.902 38.894 33.887 72.879 87.872 65.865 63.858 67.851
0.000 30.441 8.604 2.679 38.700 48.694 55.676 39.649 42.615 40.576 38.533 46.485 51.433 46.377 50.318 39.257 33.196 34.137 34.082 42.043 0.000 0.000 0.000 25.561 34.530 45.492 46.451 41.411 37.372 39.335 35.299 34.264 32.232 31.201 31.172 32.145 31.119 31.095 34.072 43.052 31.034 31.019 32.007 30.999 0.002 0.000 0.000 10.075 8.074 62.069 46.061 31.051 45.039 47.026 93.014 74.003 56.991 38.980 29.969 30.959 31.949 32.939 32.929 32.920 31.911 29.902 28.894 29.885 37.878 74.870 82.863 67.855 66.849
0.000 17.637 40.692 42.732 41.748 56.744 41.727 35.702 37.669 36.630 33.586 32.537 47.483 54.424 57.361 45.296 35.231 32.170 40.110 6.076 0.000 0.000 0.000 28.539 38.512 45.476 46.436 46.397 48.358 56.321 54.285 50.251 48.219 44.188 38.159 33.131 31.104 32.079 31.055 36.034 29.014 29.996 30.981 32.966 53.947 0.000 0.000 0.000 24.079 66.074 26.066 35.055 26.040 65.026 83.016 43.005 30.994 32.983 32.973 32.962 32.951 32.941 29.930 29.920 28.911 29.902 29.893 29.884 45.876 60.868 33.860 93.852 65.845
0.000 17.778 40.796 33.811 52.815 52.806 47.788 38.761 32.728 33.689 34.645 45.595 48.538 40.476 43.407 52.334 53.261 43.203 0.139 0.000 1.808 0.716 33.586 39.544 43.504 42.463 43.422 43.381 41.343 48.306 49.270 49.237 50.204 47.174 46.144 47.115 38.088 33.062 34.037 31.013 31.992 30.972 29.954 31.939 46.927 0.000 0.000 0.000 24.089 68.081 30.073 6.064 0.000 11.022 50.019 32.008 32.997 30.986 30.976 30.965 29.954 28.942 29.931 29.921 28.911 29.901 28.892 27.883 30.875 26.867 22.858 86.847 95.840
0.000 14.902 34.903 44.901 54.894 45.879 45.857 47.828 45.794 36.754 42.709 51.658 40.600 33.534 32.458 38.372 48.277 55.180 19.063 10.945 36.823 36.715 31.614 40.548 45.495 46.450 42.407 42.365 34.326 31.289 31.254 31.221 30.189 28.158 35.128 49.099 48.071 47.043 42.017 32.992 30.967 31.945 30.925 30.908 31.897 0.000 0.000 0.000 39.107 6.090 10.081 0.000 0.000 0.000 29.028 9.012 12.000 28.990 27.979 27.968 28.956 30.944 30.932 30.921 29.910 29.900 27.890 27.881 28.873 16.867 0.000 6.840 89.832
0.000 14.024 38.012 56.998 47.980 44.958 44.932 45.901 44.865 46.825 51.780 40.729 34.671 34.602 34.519 33.418 34.297 40.177 57.063 54.949 33.825 32.706 31.609 32.537 44.481 42.434 53.390 41.346 34.306 32.270 33.236 32.204 37.172 45.142 41.111 35.082 41.053 51.024 47.996 46.969 37.942 30.916 30.892 31.871 29.855 0.000 0.000 39.150 27.141 0.000 0.000 41.081 36.079 35.070 27.054 0.000 0.000 33.994 30.984 30.972 30.959 30.945 30.933 30.921 30.909 30.898 30.888 29.878 30.869 32.861 22.852 0.000 31.824
2.224 27.158 52.124 48.097 37.071 42.043 47.012 41.978 47.941 53.900 45.856 33.807 32.751 34.684 34.600 38.482 39.315 33.167 44.063 39.963 36.821 33.676 30.579 37.510 41.458 43.415 34.376 61.321 49.283 39.250 31.217 37.186 56.155 66.125 59.095 36.064 38.035 41.005 44.975 49.945 47.916 43.886 32.857 29.828 36.798 42.757 0.000 14.159 35.167 0.000 0.000 11.083 31.085 31.077 31.064 36.051 35.032 31.009 29.992 30.976 30.961 30.947 30.933 30.920 30.908 30.896 30.885 30.875 29.865 29.855 30.844 33.831 29.822
14.291 48.260 54.228 39.196 34.164 36.131 38.095 49.058 53.020 63.980 62.938 55.893 44.842 33.785 36.712 3.597 0.000 32.114 38.060 35.019 0.000 31.598 35.520 52.467 51.425 54.394 0.000 26.280 66.256 60.228 46.198 52.168 70.138 70.108 68.078 37.047 43.016 42.985 44.954 32.922 41.889 47.856 46.822 45.787 58.751 67.717 0.657 0.000 25.203 50.238 0.000 0.000 54.103 35.090 35.074 35.056 35.037 36.016 29.998 28.981 32.964 29.947 29.932 29.919 29.906 30.894 29.882 28.871 28.860 28.850 28.839 28.828 27.818
13.388 59.364 45.332 34.296 34.259 34.221 47.180 45.138 62.100 77.062 74.023 70.983 65.941 56.901 47.868 0.000 0.000 0.000 26.045 37.034 0.000 0.000 28.438 46.412 45.380 60.343 32.293 33.262 66.235 71.207 67.178 66.150 69.120 69.091 70.061 49.030 40.999 42.966 42.933 32.899 41.863 35.826 54.788 25.748 64.704 86.652 57.579 27.529 0.000 28.274 0.000 30.164 90.132 43.108 45.085 45.064 41.043 42.022 34.004 28.986 10.965 29.946 29.931 32.917 35.904 45.891 35.879 30.867 31.856 31.845 31.834 31.823 31.813
45.509 49.478 43.438 41.397 36.356 48.313 42.267 55.216 33.180 3.146 54.110 73.074 72.039 73.009 55.990 0.000 0.000 0.000 20.041 43.037 0.000 0.000 25.381 40.364 35.338 62.307 73.272 73.242 69.214 69.187 69.160 70.132 69.104 69.075 69.045 63.014 37.982 39.949 37.914 32.877 43.839 44.798 47.756 4.712 49.663 85.609 55.546 73.479 34.391 20.309 32.256 88.196 76.155 48.123 42.095 44.071 38.048 32.027 30.008 27.994 0.000 35.940 43.929 51.915 58.902 67.888 56.876 36.863 30.851 31.840 31.829 31.818 31.808
56.661 45.599 45.547 41.499 48.454 45.409 48.358 72.277 59.259 42.230 63.197 72.164 71.132 70.107 50.093 0.000 0.000 0.000 0.000 0.000 0.000 0.000 31.342 40.326 51.302 67.275 69.247 69.219 69.193 69.167 69.141 69.115 69.088 69.060 69.030 69.000 54.967 44.933 37.896 30.857 34.816 34.773 39.727 58.680 44.629 79.575 65.516 72.452 79.383 65.317 70.262 79.211 55.169 56.133 42.103 41.076 33.052 30.029 31.008 32.989 46.966 52.945 70.929 69.914 68.899 67.885 67.872 57.859 35.847 30.835 31.823 31.812 31.802
47.777 35.709 37.651 49.599 46.553 46.511 16.479 0.000 51.348 77.319 72.285 71.251 73.220 55.195 41.183 25.202 0.000 0.000 0.000 0.000 0.000 0.000 37.318 54.295 66.270 69.245 69.220 69.196 69.172 69.148 69.123 69.098 69.073 69.046 69.017 68.987 69.954 63.919 55.881 47.840 45.796 48.749 39.700 56.650 35.599 77.545 10.490 31.432 66.372 38.315 29.263 85.216 49.175 53.139 51.108 32.079 30.053 31.030 31.007 38.986 59.965 70.945 67.928 67.911 67.896 64.881 63.868 61.854 60.842 34.829 30.818 30.807 30.796
37.877 34.809 47.748 47.694 42.646 62.603 16.569 25.546 65.465 72.415 71.373 71.336 71.301 47.269 47.241 58.221 0.000 0.000 0.000 0.000 0.000 0.000 0.000 4.266 63.238 75.215 70.193 69.172 69.150 69.129 69.106 69.083 69.059 69.033 69.006 68.976 68.944 69.909 70.869 67.826 67.778 70.727 50.675 56.623 30.571 71.519 7.466 9.413 62.360 32.308 42.260 76.216 57.177 49.141 53.109 30.080 31.053 30.029 32.006 41.984 62.963 63.943 68.925 67.908 62.892 59.877 63.863 68.849 67.836 56.824 37.812 36.800 35.789
33.968 47.900 48.839 36.784 47.733 68.688 61.646 67.605 73.551 71.502 71.458 71.417 68.378 52.340 2.291 0.000 0.000 0.000 0.000 0.000 0.000 0.000 0.000 0.000 8.199 20.184 61.166 70.148 69.129 69.110 69.090 69.069 69.047 69.023 68.997 70.969 69.937 69.902 68.861 70.815 69.763 69.707 59.650 57.595 34.543 46.493 76.443 55.393 63.345 32.298 60.254 54.212 57.174 45.139 39.107 31.078 31.051 31.026 39.003 43.981 44.960 49.940 57.922 55.904 56.888 67.872 67.858 67.844 67.830 68.818 62.805 58.794 56.783
49.053 48.986 37.924 33.868 48.816 67.768 73.723 72.678 71.630 71.584 71.540 72.497 63.456 56.423 0.000 0.000 0.000 0.000 0.000 0.000 0.000 0.000 0.000 0.000 17.177 37.155 64.139 70.125 69.109 69.093 69.075 69.057 69.036 69.015 70.991 70.965 70.935 62.900 67.859 70.811 73.753 71.689 65.622 61.565 49.514 33.466 81.419 64.374 66.329 31.285 77.244 41.205 22.168 39.135 30.103 31.074 30.047 39.022 44.999 43.977 43.956 42.936 35.917 31.899 61.883 67.867 67.852 67.838 67.824 67.811 68.799 68.787 68.775
46.131 37.066 35.005 32.948 49.896 69.846 71.800 71.754 71.709 71.665 71.621 73.575 52.524 50.473 0.000 0.000 0.000 0.000 0.000 0.000 0.000 0.000 0.000 0.000 0.000 51.119 70.112 69.102 69.090 69.077 69.062 69.046 71.028 70.009 69.988 69.964 63.937 41.905 57.865 67.818 18.748 9.674 43.585 50.529 59.483 46.438 67.395 85.353 70.311 37.271 79.232 3.195 15.160 28.127 31.097 31.069 33.042 43.017 40.994 41.971 43.950 46.931 40.912 41.894 57.877 67.861 67.846 67.831 67.817 67.804 67.791 67.779 67.768
37.205 35.141 40.081 45.025 59.972 71.922 71.875 71.830 71.786 71.745 71.704 72.659 59.592 0.000 0.000 0.000 0.000 0.000 0.000 36.026 0.000 15.027 0.000 0.000 0.000 26.091 61.088 68.082 69.073 69.062 69.050 69.036 71.021 69.004 68.987 68.967 52.945 48.918 10.877 12.847 0.000 0.000 28.513 35.485 57.448 43.410 48.371 91.332 74.293 53.255 63.218 13.183 58.150 35.118 31.089 31.061 33.035 42.011 52.987 52.965 54.944 60.924 55.905 66.887 67.870 67.854 67.839 67.824 67.810 67.797 67.784 67.772 67.760
38.276 35.213 42.154 61.098 72.045 71.995 71.948 71.904 71.862 71.824 71.791 77.767 0.000 0.000 0.000 0.000 0.000 0.000 36.026 48.026 35.026 50.027 46.028 0.000 16.054 48.065 55.067 66.064 69.058 69.049 69.039 70.028 69.015 69.002 68.987 64.973 53.958 58.946 0.000 0.000 0.000 12.464 45.470 37.450 55.416 31.381 33.346 81.310 80.274 72.238 58.203 58.169 47.138 42.108 31.079 31.052 31.027 41.003 62.980 69.958 68.937 68.917 60.898 67.880 67.863 67.847 67.831 67.816 67.802 67.789 67.776 67.763 67.752
36.343 34.281 49.223 69.167 73.115 72.066 72.019 71.975 71.935 71.899 71.869 78.850 0.000 0.000 0.000 0.000 0.000 0.000 25.025 45.026 45.026 44.027 47.030 31.035 39.043 47.050 47.051 64.050 70.045 69.038 69.030 69.021 69.011 69.000 69.989 61.978 57.969 51.963 0.000 0.000 0.000 5.458 9.452 37.429 56.385 33.353 29.322 68.289 85.255 82.220 63.186 42.154 41.124 42.095 33.068 30.042 31.018 33.994 44.971 64.950 67.929 67.909 59.890 67.872 67.855 67.839 67.823 67.808 67.794 67.780 67.767 67.755 67.743
35.407 37.347 57.289 73.234 72.183 72.133 72.087 72.043 72.003 71.967 73.937 71.914 0.000 0.000 0.000 0.000 0.000 0.000 11.025 50.025 56.026 61.026 52.028 51.031 45.035 41.038 52.039 66.038 69.034 69.029 72.023 70.015 69.007 68.998 68.990 63.982 55.976 50.973 25.975 0.000 0.000 0.000 0.000 0.000 48.342 34.325 30.300 63.270 94.236 75.201 54.168 45.137 47.109 45.082 40.056 29.031 31.007 29.984 33.962 52.941 67.920 67.901 59.882 67.864 67.846 67.830 67.814 67.799 67.785 67.771 67.758 67.746 67.734
35.469 45.410 65.352 73.298 72.247 72.199 72.152 72.108 72.066 73.030 70.997 58.956 42.955 0.000 0.000 0.000 0.000 0.000 13.025 51.025 60.025 60.025 64.025 66.026 49.028 48.030 63.030 69.028 69.025 69.021 70.016 69.010 69.004 68.997 68.991 66.985 54.980 55.978 49.978 0.000 0.000 0.000 0.000 0.000 34.316 34.305 28.284 73.255 61.219 67.180 37.147 57.118 51.092 44.067 44.043 35.019 29.996 30.974 29.952 41.931 64.911 66.891 60.872 67.854 68.837 67.821 67.805 67.790 67.775 67.762 67.749 67.736 67.725
