results2_8e3_rain/res_3e8f.totaltm
ncols         241
nrows         181
xllcorner     12693529.787448
yllcorner     3542525.717860
cellsize      155.156523
NODATA_value  -9999.000000
[rows 62 to 92 of 181, columns 70 to 139 of 241]
522.384 508.233 525.401 525.512 534.779 534.886 554.517 554.563 554.249 555.459 555.624 555.888 555.964 553.419 552.889 553.389 554.591 554.067 551.708 555.511 555.982 555.946 555.688 553.086 552.960 552.238 553.015 554.064 555.676 555.722 555.774 550.806 0.000 559.977 559.954 0.000 0.000 0.000 0.000 561.992 563.302 567.148 567.213 569.444 569.444 567.165 567.023 566.919 566.644 566.607 566.561 566.507 566.463 566.331 555.416 0.000 0.000 0.000 0.000 0.000 0.000 0.000 0.000 0.000 0.000 484.974 485.098 485.254 485.056 481.435
508.357 0.000 0.000 0.000 0.000 0.000 553.075 554.634 554.954 555.896 556.040 556.196 555.975 467.238 555.660 555.658 554.673 554.617 554.038 553.031 553.806 555.890 555.400 555.334 555.267 554.824 554.534 553.168 550.139 553.172 550.422 0.000 0.000 0.000 559.338 551.705 0.000 0.000 281.029 563.251 567.097 567.201 567.303 569.444 567.238 567.156 567.088 566.733 566.692 566.637 566.577 566.514 565.929 555.748 0.000 0.000 0.000 0.000 0.000 0.000 0.000 0.000 0.000 0.000 493.486 325.279 176.882 493.603 477.614 496.534
0.000 0.000 0.000 0.000 0.000 0.000 551.160 554.868 555.799 556.664 556.646 556.539 556.533 556.526 556.493 556.486 554.728 554.681 554.013 553.826 553.383 548.771 554.760 555.208 555.103 554.691 554.664 554.623 554.592 553.162 0.000 0.000 0.000 0.000 559.291 546.705 0.000 61.894 562.212 565.689 567.184 567.303 569.444 569.444 567.270 567.120 567.008 566.738 566.699 566.648 566.605 561.934 0.000 0.000 0.000 0.000 0.000 0.000 0.000 0.000 0.000 496.569 494.680 471.626 493.546 493.401 493.473 493.673 495.124 499.307
0.000 0.000 0.000 475.669 0.000 0.000 552.490 555.707 556.716 556.694 553.935 553.124 551.950 548.894 549.999 549.941 554.776 554.728 554.703 554.631 548.063 0.000 546.684 554.554 554.823 554.539 554.531 554.485 554.501 554.166 80.612 183.873 240.743 552.942 544.897 0.000 0.000 562.338 563.485 567.173 567.238 567.338 569.444 567.332 567.256 567.196 566.833 566.792 566.733 566.496 563.381 550.763 0.000 0.000 0.000 0.000 0.000 497.956 490.503 490.149 489.766 496.639 496.564 496.461 494.983 485.221 492.294 494.415 499.137 499.168
0.000 0.000 475.766 554.564 531.761 0.000 555.197 556.719 556.743 556.711 0.000 548.012 548.071 555.060 555.092 554.893 554.833 554.743 554.719 554.592 0.000 0.000 0.000 552.100 548.145 552.095 553.269 553.200 554.166 554.134 554.102 554.065 554.030 553.015 0.000 0.000 560.924 565.672 565.703 567.210 567.316 567.410 569.444 567.359 567.236 567.147 566.856 566.801 566.762 561.533 0.000 0.000 0.000 0.000 0.000 0.000 0.000 498.004 497.111 497.002 496.881 496.743 496.485 495.765 496.392 496.435 492.225 497.050 499.104 482.522
0.000 0.000 550.638 554.589 554.898 154.515 548.256 556.738 556.761 556.729 482.152 0.000 0.000 554.366 556.611 554.948 554.751 554.961 536.537 0.000 0.000 0.000 0.000 0.000 0.000 553.137 553.207 553.133 544.128 546.736 552.024 552.186 553.621 549.569 0.000 0.000 0.000 562.387 564.895 566.824 567.409 569.444 569.444 567.384 567.261 567.121 566.972 566.856 565.291 557.082 0.000 317.629 550.865 0.000 0.000 0.000 498.510 498.534 497.116 497.006 496.880 496.696 496.240 494.656 494.004 496.475 497.802 497.750 495.793 490.585
0.000 0.000 545.615 554.901 554.934 556.281 555.744 556.821 556.775 556.817 556.637 0.000 0.000 0.000 556.742 556.771 555.760 556.333 423.354 0.000 0.000 0.000 0.000 0.000 0.000 552.908 552.633 549.366 0.000 0.000 550.897 553.572 553.601 0.000 0.000 435.267 562.827 562.425 562.686 563.225 565.956 569.444 567.434 567.331 567.209 567.071 566.956 566.250 562.825 559.417 559.377 559.030 550.942 0.000 0.000 0.000 235.061 500.821 493.695 496.878 496.824 498.525 495.781 494.143 493.028 495.273 497.846 497.808 497.394 497.423
0.000 385.333 554.103 554.977 554.895 556.344 556.979 556.899 556.578 557.154 556.751 478.931 0.000 449.146 556.323 557.469 557.486 557.458 557.434 0.000 0.000 0.000 0.000 413.507 413.566 552.761 551.630 551.561 0.000 0.000 0.000 553.549 553.587 542.140 0.000 563.616 562.855 562.800 562.730 562.360 569.444 569.444 567.455 567.391 567.070 566.980 566.925 564.699 551.901 0.000 559.332 552.082 0.000 0.000 0.000 500.990 501.047 500.904 493.789 496.790 499.636 500.967 500.439 498.260 494.692 497.954 497.916 478.991 497.423 500.216
423.981 554.946 554.989 555.024 556.740 557.088 557.039 556.972 556.740 557.177 557.154 557.045 557.111 557.185 557.209 557.234 557.502 555.868 555.450 0.000 0.000 0.000 425.047 551.963 552.018 552.054 552.001 551.929 551.865 551.469 0.000 427.041 244.510 184.141 469.776 564.384 563.472 562.640 562.776 562.843 569.444 562.727 563.712 564.653 566.690 566.925 566.284 558.940 0.000 0.000 0.000 0.000 0.000 0.000 501.345 501.097 501.155 501.043 500.995 501.105 501.176 501.086 500.993 499.828 498.258 499.154 495.642 492.486 494.943 494.114
554.866 554.968 554.298 556.832 557.198 557.148 557.094 557.315 557.247 557.203 542.771 556.909 556.829 556.829 556.315 554.626 557.553 557.607 556.294 0.000 0.000 0.000 551.431 551.455 550.961 550.159 551.930 551.822 551.680 551.453 490.890 510.613 515.865 524.841 566.043 566.075 564.610 564.488 563.136 569.444 569.444 562.873 563.851 562.773 562.763 566.279 562.145 0.000 0.000 0.000 0.000 0.000 0.000 0.000 501.478 501.455 501.350 501.228 501.173 501.210 501.331 501.247 501.104 500.722 500.809 499.193 487.187 496.763 495.853 494.902
554.512 555.021 556.922 557.264 557.249 557.209 557.407 557.388 557.335 537.695 0.000 503.122 554.018 556.872 556.804 556.717 554.645 557.728 556.791 0.000 0.000 0.000 543.887 551.071 550.283 550.335 551.807 551.698 551.559 551.374 551.298 380.953 443.845 543.195 565.306 567.077 473.099 567.486 566.046 569.444 563.087 564.478 564.111 562.606 561.790 560.833 555.472 0.000 0.000 478.982 0.000 0.000 0.000 0.000 501.556 501.662 501.507 501.366 501.256 501.278 501.393 501.325 501.194 501.023 500.926 480.273 498.390 497.671 492.794 498.187
556.995 557.044 557.296 557.306 557.298 557.471 557.476 557.469 557.445 472.380 463.185 411.608 552.388 556.934 556.894 556.709 556.377 557.747 557.558 0.000 0.000 0.000 0.000 549.302 550.236 551.483 551.661 551.558 551.418 551.333 544.838 0.000 0.000 564.966 565.334 567.370 567.506 567.544 567.633 569.444 565.567 565.769 563.895 562.856 561.314 0.000 0.000 0.000 0.000 479.161 0.000 0.000 0.000 0.000 0.000 505.493 501.666 501.488 501.374 501.376 501.464 501.321 501.256 501.181 499.880 499.388 498.977 498.301 497.989 501.436
557.214 557.497 557.331 557.350 557.518 557.533 557.552 557.558 557.489 557.452 557.404 557.349 557.129 557.100 536.614 554.672 556.096 557.766 557.689 0.000 0.000 0.000 0.000 548.984 551.048 551.296 551.480 551.394 551.247 544.834 0.000 0.000 378.690 565.629 566.686 567.459 567.540 567.634 569.444 567.633 567.562 566.418 564.400 563.072 562.914 562.857 0.000 0.000 0.000 479.347 488.111 479.466 0.000 0.000 0.000 507.079 499.158 501.503 501.495 501.491 501.741 501.466 501.310 500.957 500.121 499.798 499.415 493.224 498.263 501.670
557.499 557.521 557.368 557.564 557.568 557.588 557.624 557.650 557.570 557.484 557.393 557.296 557.175 557.138 0.000 547.747 555.857 557.840 557.722 350.921 0.000 0.000 0.000 550.180 551.053 551.211 551.367 551.189 551.159 0.000 0.000 0.000 564.665 565.383 567.469 567.538 567.618 567.706 569.444 567.652 567.943 567.417 567.378 565.340 563.935 562.115 560.740 560.689 0.000 0.000 488.378 488.529 505.347 507.156 507.325 507.175 509.564 501.642 503.111 503.074 503.034 497.114 501.020 500.664 500.388 500.095 493.458 498.013 502.082 501.694
557.517 557.548 557.585 557.631 557.613 557.639 557.683 557.722 557.650 557.547 557.481 557.286 557.199 557.173 0.000 547.891 555.852 557.949 557.748 398.130 0.000 0.000 0.000 513.726 538.018 536.686 536.686 551.048 543.873 0.000 0.000 0.000 564.883 566.328 567.542 567.621 567.712 569.444 569.444 568.071 567.998 567.441 567.371 567.313 565.793 559.751 0.000 0.000 0.000 0.000 487.734 488.659 488.855 500.363 507.504 505.906 509.644 509.599 505.519 503.110 503.059 497.338 501.022 500.828 500.579 500.281 499.883 502.118 502.103 500.031
557.405 557.593 557.641 557.694 557.657 557.686 557.730 557.762 557.739 557.708 530.609 555.756 557.166 557.121 487.925 551.620 555.936 557.975 557.773 411.298 0.000 0.000 0.000 0.000 0.000 247.320 248.146 539.356 0.000 0.000 0.000 540.086 564.741 567.547 567.619 567.703 567.790 569.444 567.734 568.031 567.519 567.428 567.351 567.275 565.486 557.931 0.000 0.000 0.000 0.000 0.000 488.471 488.753 457.946 507.696 509.955 509.751 509.627 509.553 505.514 501.484 501.360 501.206 501.021 500.771 491.178 502.233 502.832 498.070 497.610
557.449 557.640 557.694 557.747 557.703 557.725 557.762 557.849 532.120 535.016 0.000 477.318 553.986 556.938 557.511 557.558 558.028 558.004 557.978 430.368 0.000 0.000 0.000 0.000 210.384 248.000 249.627 0.000 0.000 0.000 430.118 565.908 566.246 567.615 567.700 567.795 569.444 569.444 567.762 567.638 567.519 567.423 567.342 567.112 564.203 0.000 0.000 0.000 0.000 0.000 0.000 0.000 471.084 0.000 513.547 512.774 507.659 507.323 506.960 506.952 504.933 497.101 501.022 500.825 494.641 502.561 503.050 502.856 497.242 494.423
557.394 557.671 557.670 557.793 557.747 557.729 557.764 557.988 207.876 0.000 497.923 470.436 549.591 557.288 557.355 557.806 558.527 542.096 534.048 221.658 0.000 0.000 0.000 0.000 235.347 248.139 248.002 0.000 0.000 0.000 564.380 564.915 567.042 567.684 567.774 567.861 569.444 567.815 567.712 567.611 567.515 567.426 567.345 565.826 562.866 0.000 0.000 0.000 0.000 0.000 0.000 0.000 0.000 0.000 514.412 513.353 507.798 496.297 501.470 501.386 504.919 504.674 500.819 502.779 494.581 503.177 503.113 498.268 476.861 494.200
558.225 558.552 558.226 557.911 557.681 557.682 557.683 558.015 518.406 506.783 557.904 558.343 557.765 557.316 558.209 558.676 558.661 61.687 0.000 0.000 0.000 0.000 0.000 0.000 218.212 221.432 222.300 0.000 0.000 0.000 564.632 565.518 567.389 567.756 567.860 569.444 569.444 567.838 567.725 567.619 567.525 567.438 567.356 564.584 561.955 0.000 0.000 0.000 0.000 0.000 0.000 0.000 0.000 0.000 514.498 514.591 514.748 512.794 491.369 500.977 500.866 504.660 504.633 504.453 504.220 503.214 500.647 489.593 489.204 493.978
559.025 559.131 559.165 559.204 559.235 559.262 559.195 558.732 558.876 558.894 558.459 558.554 558.907 558.901 558.868 558.828 527.268 0.000 0.000 0.000 0.000 0.000 0.000 0.000 0.000 0.000 0.000 0.000 478.924 526.507 564.774 567.400 567.721 567.798 567.884 569.444 567.909 567.829 567.739 567.643 567.547 567.456 566.988 564.384 558.367 0.000 0.000 0.000 0.000 0.000 0.000 0.000 0.000 0.000 513.806 513.683 514.840 514.774 514.299 512.344 500.982 464.742 0.000 0.000 0.000 0.000 0.000 489.414 488.516 493.846
558.504 558.676 558.675 558.951 559.262 559.292 559.503 559.865 559.936 559.999 559.985 560.007 559.882 559.768 558.455 558.385 0.000 0.000 0.000 0.000 0.000 0.000 0.000 0.000 0.000 0.000 0.000 0.000 563.091 565.683 565.713 567.470 567.788 567.863 567.936 569.444 568.204 567.905 567.800 567.685 567.575 567.475 566.536 563.935 0.000 0.000 0.000 0.000 0.000 0.000 0.000 0.000 0.000 516.176 516.074 508.374 514.906 514.836 514.752 514.591 514.485 500.792 0.000 0.000 0.000 0.000 0.000 489.161 486.194 493.735
558.548 558.701 558.674 558.627 558.544 558.426 559.594 559.775 560.018 560.043 560.034 560.055 558.009 556.807 557.954 537.343 0.000 0.000 0.000 0.000 0.000 0.000 0.000 0.000 0.000 0.000 0.000 0.000 563.885 565.713 567.185 567.783 567.857 567.937 569.444 569.444 568.463 567.915 567.813 567.700 567.588 567.486 566.373 563.170 0.000 0.000 0.000 0.000 0.000 0.000 0.000 0.000 516.378 516.281 516.290 516.259 515.022 495.575 511.247 513.691 514.007 512.764 0.000 0.000 0.000 0.000 478.379 478.484 485.441 493.630
559.119 559.121 558.713 558.517 558.461 559.426 559.758 559.829 560.044 560.079 560.085 560.144 560.065 560.006 534.906 0.000 0.000 0.000 0.000 0.000 0.000 0.000 0.000 0.000 0.000 0.000 0.000 0.000 561.833 565.650 567.549 567.845 567.915 567.983 569.444 568.241 568.204 567.923 567.820 567.703 567.591 567.490 565.749 562.235 0.000 0.000 0.000 0.000 0.000 0.000 0.000 516.501 516.487 516.536 516.504 516.453 516.390 516.304 508.539 495.632 505.853 512.714 512.631 0.000 0.000 0.000 473.443 478.071 485.398 493.489
559.734 559.754 559.740 558.572 558.550 559.548 559.826 559.896 559.962 560.120 560.159 560.198 560.115 560.058 398.130 0.000 0.000 0.000 0.000 0.000 0.000 0.000 0.000 0.000 0.000 0.000 0.000 371.388 563.272 566.993 567.836 567.908 567.984 569.444 569.444 568.490 567.960 567.877 567.784 567.684 567.583 567.516 564.586 563.084 0.000 0.000 514.978 0.000 515.969 516.508 516.556 516.608 516.836 516.834 516.751 516.654 516.561 516.456 516.337 515.006 495.635 512.520 512.551 502.492 0.000 0.000 479.101 473.444 479.936 481.631
559.764 559.796 559.841 559.316 559.448 559.705 559.889 560.013 560.083 560.158 560.216 560.259 559.858 559.989 463.101 0.000 0.000 0.000 0.000 0.000 0.000 0.000 0.000 0.000 0.000 0.000 0.000 559.912 565.607 567.629 567.891 567.963 568.029 569.444 568.273 568.240 567.967 567.872 567.769 567.668 567.572 567.509 563.677 558.762 0.000 0.000 515.066 0.000 513.972 516.621 516.625 516.945 517.313 517.238 517.068 516.886 516.735 516.598 516.463 513.857 513.751 513.667 511.654 0.000 0.000 0.000 479.156 479.210 479.260 478.989
559.796 559.834 559.895 559.364 559.451 559.551 559.601 559.659 559.720 559.791 560.263 560.456 560.593 533.091 289.278 0.000 0.000 0.000 0.000 0.000 0.000 0.000 336.090 482.586 0.000 0.000 508.413 562.658 566.548 567.881 567.949 568.029 569.444 569.444 568.513 568.003 567.923 567.833 567.740 567.648 567.560 566.650 555.071 0.000 0.000 0.000 515.267 516.998 517.048 516.925 516.869 517.369 517.853 517.706 517.462 517.183 516.939 516.743 516.580 508.720 513.667 513.512 510.871 0.000 0.000 0.000 478.828 478.735 479.210 479.225
559.879 559.903 560.168 560.044 560.148 560.519 560.775 560.945 561.181 561.564 561.520 561.493 561.523 370.508 475.488 543.503 419.618 0.000 0.000 0.000 0.000 0.000 552.536 554.372 462.943 0.000 561.258 565.814 567.713 567.936 567.988 568.048 569.444 568.063 568.011 567.946 567.874 567.795 567.711 567.628 567.571 565.434 0.000 0.000 0.000 0.000 395.356 515.455 517.113 517.175 517.625 517.825 518.284 518.104 517.843 517.524 517.185 516.903 509.276 510.532 512.533 513.345 498.090 0.000 0.000 0.000 443.533 479.086 479.168 479.179
560.138 560.561 560.691 560.798 560.350 561.139 561.460 561.556 561.593 561.628 561.486 561.527 561.571 540.690 561.293 562.637 546.369 517.142 246.312 0.000 0.000 496.039 553.344 554.474 413.864 541.437 564.146 567.449 567.972 568.001 568.053 568.090 569.444 568.306 568.057 567.969 567.868 567.776 567.692 567.613 567.562 557.144 0.000 0.000 0.000 0.000 0.000 501.322 517.303 414.386 413.943 515.224 518.624 518.426 518.164 517.838 517.450 515.132 509.339 513.220 513.061 511.484 498.020 499.287 0.000 0.000 0.000 479.033 479.142 479.161
560.534 560.696 560.826 560.940 561.044 561.211 561.509 561.571 561.618 561.659 561.510 561.516 561.613 562.485 562.634 562.651 562.664 562.808 462.441 0.000 0.000 553.385 554.566 554.532 551.336 563.982 566.819 567.973 568.014 568.066 568.128 569.444 568.090 568.058 567.989 567.913 567.833 567.753 567.675 567.630 561.734 0.000 0.000 0.000 0.000 0.000 0.000 511.943 518.212 0.000 0.000 507.238 518.898 518.694 518.433 518.101 517.679 509.546 512.342 513.403 512.319 495.740 499.580 499.392 0.000 0.000 0.000 443.339 476.817 479.134
560.633 560.807 560.938 561.058 561.173 561.281 560.593 560.784 561.641 561.707 561.774 561.817 562.016 562.388 562.556 562.354 562.083 562.829 475.895 0.000 0.000 552.698 554.605 554.656 564.269 565.842 567.245 568.031 568.077 568.132 569.444 569.444 568.108 568.025 567.947 567.876 567.804 567.733 567.662 567.615 0.000 0.000 478.428 529.394 0.000 0.000 514.446 518.575 518.438 519.037 97.250 507.733 519.117 518.921 518.655 518.297 513.968 513.864 513.783 513.601 499.984 499.874 499.762 499.577 0.000 0.000 0.000 0.000 0.000 476.733
560.800 560.877 561.024 561.158 561.283 561.392 561.484 561.559 561.625 561.698 561.750 561.799 562.265 562.557 562.531 562.205 562.050 562.964 476.141 0.000 0.000 552.490 475.191 563.148 565.888 566.757 568.048 568.094 568.148 568.186 569.444 568.147 568.073 568.002 567.929 567.859 567.789 567.720 567.682 565.924 0.000 426.266 550.227 549.051 0.000 0.000 488.795 518.749 518.868 519.118 522.783 522.199 521.583 519.113 518.794 518.228 509.925 513.775 513.666 510.023 497.820 499.763 499.615 499.531 499.456 0.000 0.000 0.000 0.000 0.000
