results2_8e3_rain/res_3e8f-0168.wd
ncols         241
nrows         181
xllcorner     12693529.787448
yllcorner     3542525.717860
cellsize      155.156523
NODATA_value  -9999.000000
[rows 66 to 98 of 181, columns 73 to 145 of 241]
71.498 35.485 0.000 60.625 77.603 76.573 76.545 0.000 47.943 47.927 60.941 56.951 55.932 55.886 54.817 130.718 118.546 0.000 0.000 0.000 51.274 46.211 51.117 54.055 54.003 55.955 56.908 61.853 62.802 63.753 54.717 0.000 0.000 52.004 102.004 83.918 87.782 87.870 85.923 93.842 86.332 86.811 87.550 86.323 86.101 86.896 56.741 0.000 0.000 0.000 0.000 0.000 0.000 0.000 42.235 40.211 40.172 40.118 40.053 39.986 43.914 56.838 53.763 38.689 49.617 58.546 37.476 40.405 46.336 51.267 47.199 41.132 39.066
56.500 62.473 0.319 48.850 72.811 71.783 65.786 18.872 0.000 0.000 54.020 67.100 56.100 55.069 56.025 36.984 0.000 0.000 0.000 0.000 0.000 0.000 62.050 60.023 57.990 40.949 43.902 50.848 51.808 56.775 47.746 0.000 0.000 0.000 62.245 80.153 87.090 87.183 94.268 94.062 86.404 87.092 86.803 86.593 86.382 81.194 39.062 0.000 3.249 36.249 0.000 0.000 0.000 48.315 43.280 40.246 40.203 40.152 40.092 40.027 39.958 39.886 46.814 60.742 61.670 44.600 38.530 39.460 40.392 44.324 43.257 39.191 39.126
58.510 57.442 62.307 60.105 74.010 66.961 67.944 64.958 0.000 0.000 0.000 69.328 64.300 59.265 61.231 8.208 0.000 0.000 0.000 0.000 0.000 0.000 61.009 56.999 47.986 0.000 0.000 48.828 60.809 59.794 0.000 0.000 7.949 64.830 56.577 60.400 67.477 82.537 94.460 86.142 87.698 87.262 87.072 86.855 84.641 67.437 46.249 52.249 50.249 31.249 0.000 0.000 0.000 6.351 57.324 39.288 40.245 44.193 52.136 42.072 40.005 38.936 42.865 57.793 64.723 56.652 42.583 37.515 39.447 39.381 39.315 39.249 38.184
58.553 56.477 60.373 71.252 65.165 58.106 77.071 66.058 18.076 0.000 11.731 61.583 77.508 72.460 72.426 75.408 0.000 0.000 0.000 0.000 6.961 6.966 58.978 49.976 52.970 0.000 0.000 0.000 96.806 123.797 38.787 0.000 64.068 58.965 58.804 58.711 54.793 94.813 94.642 87.189 90.794 87.541 87.332 87.117 78.891 31.664 0.000 54.249 32.249 0.000 0.000 0.000 45.455 44.413 43.377 39.339 43.294 55.242 60.184 58.122 51.055 40.986 49.916 57.845 36.774 42.705 55.636 52.568 48.502 56.436 37.372 39.307 37.242
56.612 62.540 72.455 64.367 56.290 56.228 69.176 77.128 73.093 76.019 77.878 72.766 67.690 69.639 58.607 57.590 0.000 0.000 0.000 7.954 63.957 62.959 50.961 52.957 53.947 57.927 56.914 0.000 7.813 1.800 0.743 10.462 70.291 63.159 57.998 59.088 57.134 94.969 56.804 64.394 78.990 86.811 87.597 85.391 44.141 0.000 0.000 0.000 0.000 0.000 0.000 46.522 40.497 40.468 40.434 41.395 51.349 60.297 59.238 59.175 55.108 51.038 60.967 43.896 38.825 39.756 39.687 49.621 62.556 49.492 37.428 38.365 44.300
62.680 73.614 63.542 56.469 57.401 57.340 59.278 43.185 69.149 67.087 58.997 55.912 54.847 70.801 72.771 59.756 0.000 0.000 0.000 63.952 59.952 56.952 49.950 53.945 53.935 53.920 53.901 12.870 15.832 16.801 18.747 86.610 83.477 72.345 71.300 60.297 95.246 95.114 58.857 65.505 60.281 67.085 85.858 60.707 0.000 0.000 0.000 0.000 0.000 0.000 0.000 46.548 40.544 40.526 40.497 41.459 50.412 60.357 59.297 58.232 55.163 60.092 54.019 37.947 39.875 39.805 39.737 49.672 57.608 36.546 39.486 42.424 61.358
73.755 63.695 56.631 57.566 57.505 58.451 39.411 0.000 26.232 54.181 57.110 57.040 56.985 54.945 78.920 62.908 0.000 0.000 0.000 40.950 57.948 51.946 52.943 53.938 53.929 53.916 53.899 64.876 4.845 8.826 25.832 78.756 88.652 10.540 92.461 82.652 95.362 57.427 71.071 67.715 57.586 54.390 51.041 35.874 0.000 0.000 42.107 0.000 0.000 0.000 0.000 42.576 40.605 40.597 40.570 40.530 41.481 47.424 55.361 55.293 55.220 59.146 37.071 39.997 39.924 38.853 44.785 61.720 44.659 38.600 41.544 22.487 23.407
63.836 56.779 57.720 57.660 57.602 60.549 16.504 14.469 7.366 52.295 57.224 59.151 57.106 56.076 74.056 70.047 0.000 0.000 0.000 0.000 48.943 51.941 53.938 53.933 53.926 53.917 55.905 41.890 0.000 0.000 75.997 78.931 89.839 95.709 89.812 87.850 95.462 78.475 81.178 66.020 58.925 51.852 0.000 0.000 0.000 0.000 40.107 0.000 0.000 0.000 0.000 0.000 43.703 40.686 40.655 40.612 40.559 40.498 40.430 47.357 55.280 43.202 40.123 40.045 39.970 42.898 55.830 55.766 37.706 39.652 42.605 9.572 0.000
56.920 57.866 57.809 57.751 57.694 57.639 61.588 62.536 62.470 58.407 58.339 38.235 55.214 56.195 72.181 71.177 0.000 0.000 0.000 0.000 47.939 53.938 53.935 53.932 53.927 53.920 41.913 0.000 0.000 4.363 81.229 87.133 90.032 89.978 89.056 95.596 87.955 90.672 85.361 70.303 60.243 59.239 59.374 0.000 0.000 0.000 37.107 44.107 37.107 0.000 0.000 0.000 58.818 39.791 40.751 40.702 40.644 41.578 40.504 40.425 40.342 40.257 40.174 40.092 39.014 44.939 59.870 36.806 39.748 39.696 41.653 16.623 0.000
58.009 57.955 57.899 57.842 57.784 57.726 57.671 57.619 57.569 57.525 61.492 0.000 48.321 57.308 73.298 68.304 4.350 0.000 0.000 0.000 52.937 55.936 55.934 55.931 53.928 56.925 0.000 0.000 0.000 73.496 79.424 90.339 90.220 90.328 88.377 95.800 89.088 93.731 89.623 90.557 78.507 66.488 55.508 50.508 52.508 0.000 0.000 43.108 38.107 44.101 45.087 43.049 48.960 58.907 40.858 41.803 50.739 57.665 39.584 40.496 40.405 40.313 40.222 39.135 44.053 62.976 56.906 45.841 38.784 39.732 41.686 56.645 74.601
58.100 58.047 57.992 57.934 57.873 57.810 57.750 60.698 58.664 57.633 61.610 0.000 48.441 57.418 74.398 66.389 6.396 0.000 0.000 0.000 25.936 35.935 34.933 34.931 55.929 40.927 0.000 0.000 0.000 75.701 85.635 90.547 90.505 89.609 96.423 96.129 90.150 90.994 89.852 89.796 90.742 81.698 46.663 0.000 0.000 0.000 0.000 41.109 41.111 38.111 40.110 41.102 40.064 47.020 60.970 43.911 41.842 51.761 39.670 40.571 40.469 40.366 40.267 40.173 48.086 61.006 47.935 59.871 37.813 38.761 43.715 64.670 76.625
58.194 58.141 58.086 58.028 57.964 60.890 62.823 34.759 55.756 58.733 60.706 20.680 51.583 56.527 68.485 66.460 7.450 0.000 0.000 0.000 0.000 0.000 1.932 1.931 36.930 0.000 0.000 0.000 24.139 73.973 90.867 90.749 90.866 88.952 96.690 88.733 94.440 90.136 90.091 90.024 89.965 79.900 40.781 0.000 0.000 0.000 0.000 0.000 44.116 45.122 32.139 40.185 41.174 41.140 45.092 61.031 43.956 40.868 40.765 40.650 40.532 40.417 38.307 44.205 63.111 44.029 42.956 56.893 40.837 38.786 45.740 71.697 76.654
58.290 58.237 58.184 58.129 60.065 35.964 37.894 0.000 17.867 53.837 57.799 61.752 57.685 60.620 65.557 70.515 9.494 0.000 0.000 0.000 0.000 2.931 54.931 61.931 0.000 0.000 0.000 7.424 83.306 85.186 91.081 91.038 90.157 97.172 96.939 89.792 90.508 90.381 90.312 90.249 89.195 69.156 0.000 0.000 0.000 0.000 0.000 0.000 0.000 36.122 0.000 47.324 44.308 40.275 40.226 42.163 59.085 47.988 39.870 40.733 40.594 39.462 44.339 46.227 45.127 42.041 39.969 39.908 39.855 40.807 53.764 75.724 76.685
58.386 58.333 58.284 58.238 63.202 1.189 0.000 24.099 16.008 49.950 58.899 56.846 58.784 70.713 42.606 36.549 1.522 0.000 0.000 0.000 0.000 52.931 58.931 60.931 0.000 0.000 0.000 70.542 75.473 89.386 91.270 91.401 89.496 97.386 89.288 90.965 90.660 90.602 90.529 90.465 82.410 59.373 0.000 0.000 0.000 0.000 0.000 0.000 0.000 0.000 0.000 51.479 46.460 40.424 38.375 41.311 41.232 57.131 49.996 40.816 41.648 39.498 46.362 46.238 43.126 37.040 39.972 39.915 41.866 55.823 74.785 76.750 79.718
59.478 57.427 57.380 57.339 60.310 30.304 27.273 59.190 64.117 58.057 56.002 62.948 72.892 75.841 0.000 0.000 0.000 0.000 0.000 0.000 0.000 20.931 27.931 29.931 0.000 0.000 0.000 72.728 80.664 90.576 91.568 90.606 97.781 97.589 90.317 91.023 90.886 90.810 90.737 90.671 72.609 54.553 0.000 0.000 0.000 0.000 0.000 0.000 0.000 0.000 0.000 49.653 47.628 47.588 44.537 37.476 39.402 40.307 56.166 55.889 52.685 49.518 42.372 41.237 38.100 39.022 39.963 43.915 63.873 75.835 75.802 76.772 75.747
73.567 72.515 71.469 69.428 66.394 67.365 67.327 64.270 65.212 67.158 67.105 73.052 74.994 32.917 0.000 0.000 0.000 0.000 0.000 0.000 0.000 0.000 0.000 0.000 0.000 11.237 19.158 73.978 90.870 91.779 91.729 90.957 97.960 89.789 91.466 91.155 91.092 91.011 90.940 88.873 70.800 41.676 0.000 0.000 0.000 0.000 0.000 0.000 0.000 0.000 0.000 39.851 43.812 46.763 47.709 46.652 43.592 39.529 33.471 0.000 0.000 0.000 0.000 0.000 42.016 39.983 42.945 63.908 76.874 75.843 76.815 79.791 75.770
69.650 71.599 70.552 72.511 74.473 73.437 72.397 70.351 68.303 68.256 69.209 65.161 65.116 0.000 0.000 0.000 0.000 0.000 0.000 0.000 0.000 0.000 0.000 0.000 0.000 60.315 83.259 82.156 91.063 91.951 92.078 90.181 98.126 91.882 91.488 91.366 91.283 91.207 91.139 87.082 67.041 0.000 0.000 0.000 0.000 0.000 0.000 0.000 0.000 0.000 47.234 42.089 39.006 40.941 45.885 47.833 47.786 48.745 39.719 0.000 0.000 0.000 0.000 0.000 42.965 40.949 56.925 77.899 75.872 75.848 75.825 76.805 75.789
57.728 57.677 58.631 65.589 74.550 80.513 68.475 62.435 57.394 55.355 54.314 60.268 39.192 0.000 0.000 0.000 0.000 0.000 0.000 0.000 0.000 0.000 0.000 0.000 0.000 66.451 82.405 90.329 92.242 92.209 91.339 98.421 98.279 93.898 91.705 91.546 91.470 91.394 91.327 86.274 61.243 0.000 0.000 0.000 0.000 0.000 0.000 0.000 0.000 47.500 42.379 42.267 42.180 41.112 38.056 43.009 46.972 47.948 44.940 0.000 0.000 0.000 0.000 45.920 39.929 43.923 71.908 75.889 75.870 75.850 75.832 75.816 75.803
56.801 56.751 60.706 65.665 67.626 70.589 60.553 56.519 57.485 57.454 59.425 37.404 0.000 0.000 0.000 0.000 0.000 0.000 0.000 0.000 0.000 0.000 0.000 0.000 0.000 52.633 81.581 91.510 92.408 92.538 90.647 98.551 91.443 93.119 91.800 91.736 91.649 91.571 91.502 82.446 55.412 0.000 0.000 0.000 0.000 0.000 0.000 0.000 46.732 42.621 42.514 42.418 42.337 42.271 42.217 39.175 38.146 41.135 48.154 48.239 0.000 0.000 0.000 39.910 40.911 58.905 75.895 74.881 74.866 75.851 75.837 75.825 75.814
56.869 56.821 58.778 59.737 57.700 56.665 57.632 56.601 56.573 56.549 61.530 6.519 0.000 0.000 0.000 0.000 0.000 0.000 0.000 0.000 0.000 0.000 0.000 0.000 4.002 60.867 89.777 92.693 92.663 91.793 98.788 98.674 94.441 92.143 91.998 91.910 91.823 91.740 92.663 72.595 60.547 0.000 0.000 46.343 0.000 46.106 48.062 47.977 42.844 42.736 42.640 42.554 42.480 42.418 42.367 42.328 41.302 38.292 47.300 48.325 41.325 0.000 0.000 47.899 39.898 47.893 53.885 56.875 60.863 66.851 72.840 74.830 74.823
57.933 57.888 57.845 57.807 57.771 56.738 56.708 56.681 56.658 55.640 63.627 14.622 0.000 0.000 0.000 0.000 0.000 0.000 0.000 0.000 0.000 0.000 0.000 0.000 45.137 81.054 91.969 92.858 92.999 91.090 98.891 91.891 93.566 92.251 92.177 92.082 91.992 91.903 92.815 64.723 42.635 0.000 0.000 42.343 0.000 41.151 43.102 43.026 42.931 42.840 42.755 42.678 42.611 42.553 42.505 42.468 40.443 42.431 48.430 45.436 0.000 0.000 0.000 46.890 45.888 44.884 43.877 42.869 41.860 45.851 56.842 52.835 54.828
55.994 55.950 55.910 55.873 55.839 55.808 55.780 56.757 58.737 60.724 35.718 2.719 0.000 0.000 0.000 0.000 0.000 0.000 0.000 3.373 12.364 0.000 0.000 15.497 56.355 87.249 93.146 93.134 92.162 99.070 98.985 94.881 92.588 92.439 92.346 92.252 92.159 92.066 87.972 34.847 0.000 0.000 0.000 42.343 48.323 43.244 43.170 43.093 43.014 42.937 42.863 42.794 42.732 42.678 42.632 42.597 39.572 48.557 48.552 44.553 0.000 0.000 0.000 45.884 44.881 45.877 45.871 45.865 45.858 45.850 44.843 44.837 43.832
57.050 57.009 59.972 63.937 66.904 70.875 72.850 75.828 74.811 66.801 4.801 15.818 39.872 7.897 0.000 0.000 0.000 0.000 0.000 43.381 70.356 10.316 0.000 49.638 82.539 92.431 93.330 93.260 92.483 99.144 91.317 93.004 92.687 92.612 92.515 92.421 92.326 93.232 80.157 0.000 0.000 0.000 0.000 22.363 42.383 43.332 45.242 45.161 43.096 43.031 42.966 42.903 42.845 42.793 42.750 39.715 44.690 47.675 48.669 39.670 0.000 0.000 0.000 29.879 50.875 50.871 47.867 44.861 44.855 45.849 46.844 46.839 45.835
59.104 58.066 65.030 73.997 74.967 73.939 72.915 71.894 68.878 62.869 37.868 54.878 72.902 41.922 25.943 1.952 0.000 0.000 14.453 53.414 67.362 6.277 25.115 66.879 91.731 94.614 93.455 93.667 91.643 99.206 93.301 93.016 92.869 92.778 92.684 92.590 92.491 94.379 38.268 0.000 0.000 0.000 0.000 0.000 38.514 44.458 25.304 25.214 42.177 43.125 43.066 43.007 42.951 42.901 41.859 39.824 48.799 48.783 45.778 39.789 45.837 0.000 0.000 0.000 61.870 76.867 69.862 65.857 61.853 57.848 60.843 60.839 43.836
59.154 59.119 62.086 65.055 64.026 62.000 59.976 57.955 55.939 55.928 64.923 66.926 63.935 60.946 64.956 12.961 0.000 0.000 54.492 84.460 35.402 31.315 65.187 89.033 93.900 93.755 93.873 91.828 99.289 91.705 93.420 93.107 93.036 92.943 92.854 92.765 95.669 52.524 0.000 0.000 0.000 0.000 0.000 0.000 40.702 45.680 0.000 0.000 39.272 43.227 43.167 43.107 43.051 43.002 39.959 47.925 48.898 47.880 38.871 42.873 42.884 0.000 0.000 0.000 29.867 59.864 77.859 76.854 76.850 76.846 76.842 70.839 60.837
59.203 59.171 59.141 58.111 58.083 59.057 59.034 59.013 56.995 57.981 62.971 65.967 61.967 56.970 59.973 14.975 0.000 0.000 46.563 56.531 34.473 67.392 82.287 91.168 94.050 93.981 93.079 99.658 99.427 92.695 93.424 93.282 93.195 93.107 93.023 92.948 95.897 0.000 0.000 11.264 20.264 0.000 0.000 42.008 44.912 43.881 50.920 0.000 39.412 43.345 43.269 43.202 43.145 41.095 43.053 49.017 48.989 40.968 41.953 42.946 42.944 0.000 0.000 0.000 0.000 0.000 59.855 75.850 75.847 75.844 75.841 76.839 76.837
59.252 59.222 59.193 59.165 59.138 59.113 59.089 58.067 57.047 61.029 65.014 65.003 59.997 55.994 60.993 13.990 0.000 0.000 42.667 11.627 58.567 82.492 88.401 94.307 94.156 94.365 92.354 99.864 92.113 93.825 93.513 93.444 93.353 93.267 93.184 100.106 84.073 0.000 7.264 57.264 43.264 0.000 0.000 37.103 45.058 44.011 43.959 49.840 47.621 46.470 43.362 43.288 43.230 40.181 48.139 49.102 45.073 40.048 43.029 43.014 45.001 49.012 0.000 0.000 0.000 0.000 0.000 72.846 75.844 75.842 75.840 76.838 74.837
59.301 59.273 59.245 59.218 59.192 59.167 58.142 57.119 59.096 63.074 66.052 62.035 57.024 56.017 59.013 41.003 27.978 28.921 24.811 25.742 65.678 86.606 92.528 94.417 94.556 92.546 100.225 100.053 93.117 93.831 93.686 93.597 93.509 93.425 98.338 41.220 56.216 26.253 57.263 65.265 0.000 0.000 0.000 36.244 45.206 44.146 44.065 53.941 64.760 38.551 48.423 44.358 41.307 43.261 49.219 48.182 39.150 42.124 43.102 43.078 30.034 31.023 0.000 0.000 0.000 0.000 0.000 53.843 74.841 75.840 75.838 79.837 75.836
59.351 59.324 59.297 59.270 59.244 59.219 57.195 57.171 61.146 68.118 69.085 65.060 60.046 58.039 58.038 60.031 60.012 68.973 9.912 43.855 81.795 88.729 94.658 94.623 93.754 100.533 100.384 93.471 94.253 93.916 93.843 93.749 93.662 93.584 101.525 0.000 39.318 41.281 31.271 33.268 0.000 0.000 0.000 39.425 45.374 44.303 50.214 66.098 42.929 0.000 29.419 42.415 40.380 48.336 49.293 45.255 42.223 43.197 43.177 45.164 0.000 0.000 0.000 0.000 0.000 0.000 45.841 26.841 65.839 75.838 75.837 80.836 75.835
59.402 59.375 59.348 59.322 59.296 58.271 57.247 59.223 66.198 43.167 19.109 18.076 15.059 45.056 62.068 57.071 60.065 41.046 3.012 48.969 86.918 92.865 94.753 94.996 93.018 100.671 93.803 94.581 94.150 94.092 93.988 93.895 93.806 94.723 92.652 14.596 14.457 0.000 0.000 0.000 0.000 0.000 38.795 46.655 44.563 43.477 63.390 67.307 0.000 0.000 0.000 38.504 44.462 49.411 49.364 39.322 43.289 43.263 43.245 46.236 0.000 0.000 0.000 0.000 0.000 0.000 24.841 0.000 53.836 75.836 75.835 81.834 75.833
59.452 59.425 59.399 59.373 58.347 57.323 59.299 62.277 70.258 29.243 0.000 0.000 0.000 0.000 44.109 59.120 60.130 46.134 48.120 74.090 91.051 94.976 95.149 93.169 100.913 100.798 94.783 94.478 94.331 94.228 94.131 94.037 93.944 96.852 81.763 10.680 0.000 0.000 0.000 0.000 0.000 0.253 38.934 45.840 44.744 42.654 70.562 31.435 0.000 0.000 44.751 49.635 49.551 49.483 47.427 42.382 43.347 43.321 43.305 45.298 0.000 49.383 1.383 0.000 0.000 0.000 0.000 0.000 46.834 75.834 75.834 75.833 75.832
59.501 59.475 59.449 59.423 58.398 57.373 61.349 65.328 69.312 27.303 0.000 0.000 0.000 0.000 24.140 67.170 62.202 68.240 81.245 90.225 94.186 95.193 94.342 101.118 101.019 94.116 94.892 94.551 94.469 94.366 94.270 94.177 98.082 60.976 32.870 0.000 0.000 0.000 0.000 0.000 1.520 41.356 46.164 45.027 46.919 43.832 67.769 0.000 0.000 40.017 46.868 62.732 51.625 48.544 44.481 42.432 42.396 43.370 43.356 43.354 48.376 44.384 35.383 0.000 0.000 0.000 42.831 44.831 43.832 75.832 75.832 75.832 75.831
59.550 59.524 59.499 59.474 57.448 59.422 65.397 66.375 64.359 51.355 12.371 0.000 0.000 0.000 0.000 20.218 16.267 56.380 87.396 91.376 95.316 95.485 93.609 101.208 93.425 95.205 94.772 94.708 96.598 95.499 94.407 94.319 100.229 23.103 0.000 0.000 0.000 0.000 0.000 22.739 61.646 61.497 49.338 46.184 57.073 51.985 52.914 13.871 1.677 38.165 42.973 53.799 49.675 53.585 47.519 50.470 49.434 46.408 43.393 42.387 42.391 48.391 0.000 0.000 0.000 0.000 39.831 39.831 49.831 75.831 75.831 75.831 75.831
