results2_8e3_rain/res_3e8f-0143.wd
ncols         241
nrows         181
xllcorner     12693529.787448
yllcorner     3542525.717860
cellsize      155.156523
NODATA_value  -9999.000000
[rows 66 to 98 of 181, columns 73 to 145 of 241]
70.830 34.819 0.000 59.958 76.937 75.907 75.879 0.000 47.284 47.268 60.282 56.292 55.273 55.227 54.160 130.062 117.892 0.000 0.000 0.000 50.642 45.581 50.489 53.429 53.379 55.334 56.290 61.240 62.194 63.145 54.096 0.000 0.000 51.377 101.376 83.289 87.150 87.235 85.286 93.207 85.692 86.170 86.908 85.679 85.456 86.250 56.094 0.000 0.000 0.000 0.000 0.000 0.000 0.000 39.874 37.852 37.814 37.762 37.700 37.636 41.568 54.495 51.421 36.347 47.272 56.199 35.128 38.058 43.990 48.922 44.856 38.791 36.727
55.832 61.808 0.000 48.178 72.142 71.114 65.118 18.203 0.000 0.000 53.360 66.439 55.440 54.409 55.366 36.324 0.000 0.000 0.000 0.000 0.000 0.000 61.425 59.399 57.368 40.329 43.285 50.235 51.199 56.165 47.130 0.000 0.000 0.000 61.616 79.524 86.459 86.550 93.636 93.429 85.766 86.453 86.163 85.951 85.739 80.550 38.416 0.000 2.605 35.605 0.000 0.000 0.000 45.952 40.918 37.885 37.844 37.794 37.737 37.674 37.608 37.538 44.467 58.395 59.322 42.251 36.181 37.112 38.044 41.978 40.912 36.848 36.785
57.840 56.772 61.635 59.433 73.340 66.291 67.274 64.288 0.000 0.000 0.000 68.665 63.638 58.603 60.569 7.546 0.000 0.000 0.000 0.000 0.000 0.000 60.385 56.375 47.364 0.000 0.000 48.218 60.201 59.186 0.000 0.000 7.318 64.199 55.947 59.770 66.847 81.906 93.829 85.508 87.061 86.624 86.433 86.215 84.000 66.794 45.605 51.605 49.605 30.605 0.000 0.000 0.000 3.986 54.960 36.925 37.883 41.834 49.778 39.717 37.652 36.583 40.514 55.443 62.372 54.302 40.233 35.165 37.098 37.033 36.968 36.904 35.841
57.881 55.805 59.701 70.580 64.493 57.435 76.400 65.387 17.405 0.000 11.063 60.917 76.843 71.795 71.762 74.744 0.000 0.000 0.000 0.000 6.340 6.344 58.356 49.354 52.348 0.000 0.000 0.000 96.200 123.193 38.192 0.000 63.437 58.335 58.174 58.081 54.164 94.184 94.012 86.555 90.159 86.904 86.694 86.478 78.251 31.022 0.000 53.605 31.605 0.000 0.000 0.000 43.086 42.045 41.011 36.974 40.930 52.880 57.824 55.763 48.698 38.631 47.561 55.491 34.421 40.351 53.283 50.216 46.151 54.086 35.023 36.960 34.896
55.939 61.866 71.782 63.694 55.617 55.555 68.504 76.457 72.422 75.349 77.209 72.098 67.023 68.973 57.941 56.925 0.000 0.000 0.000 7.333 63.335 62.337 50.339 52.336 53.326 57.307 56.295 0.000 7.206 1.194 0.146 9.821 69.658 62.529 57.369 58.460 56.505 94.341 56.174 63.763 78.357 86.176 86.961 84.754 43.502 0.000 0.000 0.000 0.000 0.000 0.000 44.152 38.127 38.099 38.066 39.028 48.984 57.932 56.875 56.813 52.748 48.680 58.610 41.539 36.469 37.400 37.332 47.266 60.202 47.140 35.078 36.015 41.952
62.006 72.940 62.868 55.795 56.727 56.666 58.605 42.513 68.477 66.415 58.327 55.243 54.178 70.133 72.103 59.089 0.000 0.000 0.000 63.331 59.331 56.330 49.329 53.324 53.315 53.300 53.282 12.253 15.218 16.186 18.126 85.981 82.848 71.717 70.673 59.670 94.620 94.487 58.228 64.875 59.650 66.453 85.224 60.072 0.000 0.000 0.000 0.000 0.000 0.000 0.000 44.176 38.173 38.156 38.127 39.089 48.044 57.991 56.932 55.868 52.800 57.730 51.659 35.587 37.517 37.447 37.380 47.315 55.252 34.192 37.133 40.072 59.008
73.080 63.019 55.955 56.891 56.830 57.776 38.736 0.000 25.559 53.509 56.439 56.369 56.315 54.276 78.251 62.239 0.000 0.000 0.000 40.328 57.326 51.325 52.322 53.317 53.309 53.297 53.281 64.258 4.228 8.208 25.211 78.132 88.027 9.914 91.835 82.027 94.736 56.801 70.444 67.087 56.956 53.760 50.408 35.240 0.000 0.000 39.720 0.000 0.000 0.000 0.000 40.204 38.232 38.224 38.198 38.159 39.111 45.055 52.993 52.926 52.855 56.782 34.708 37.635 37.563 36.493 42.425 59.361 42.301 36.243 39.189 20.132 21.055
63.159 56.102 57.043 56.983 56.925 59.873 15.828 13.793 6.692 51.621 56.552 58.480 56.436 55.405 73.386 69.377 0.000 0.000 0.000 0.000 48.322 51.320 53.317 53.313 53.306 53.297 55.286 41.272 0.000 0.000 75.377 78.309 89.216 95.086 89.188 87.225 94.836 77.850 80.552 65.394 58.298 51.224 0.000 0.000 0.000 0.000 37.720 0.000 0.000 0.000 0.000 0.000 41.327 38.311 38.280 38.238 38.186 38.126 38.060 44.988 52.912 40.835 37.757 37.681 37.607 40.535 53.468 53.404 35.346 37.292 40.247 7.214 0.000
56.243 57.188 57.131 57.073 57.016 56.961 60.910 61.859 61.794 57.733 57.666 37.563 54.543 55.523 71.510 70.506 0.000 0.000 0.000 0.000 47.318 53.317 53.315 53.311 53.306 53.300 41.293 0.000 0.000 3.745 80.610 86.513 89.411 89.357 88.434 94.970 87.333 90.049 84.737 69.679 59.618 58.614 58.750 0.000 0.000 0.000 34.720 41.721 34.721 0.000 0.000 0.000 56.439 37.413 38.374 38.326 38.269 39.204 38.131 38.053 37.972 37.888 37.806 37.725 36.648 42.574 57.506 34.443 37.385 37.334 39.292 14.263 0.000
57.330 57.277 57.221 57.163 57.104 57.046 56.991 56.940 56.893 56.850 60.817 0.000 47.649 56.636 72.625 67.631 3.676 0.000 0.000 0.000 52.316 55.315 55.313 55.310 53.307 56.305 0.000 0.000 0.000 72.879 78.806 89.720 89.601 89.709 87.756 95.176 88.466 93.110 89.001 89.934 77.885 65.865 54.885 49.885 51.885 0.000 0.000 40.721 35.720 41.716 42.702 40.665 46.578 56.526 38.478 39.424 48.361 55.289 37.209 38.122 38.032 37.941 37.852 36.766 41.684 60.609 54.539 43.476 36.419 37.368 39.323 54.283 72.239
57.421 57.368 57.312 57.253 57.191 57.127 57.069 60.018 57.987 56.957 60.935 0.000 47.768 56.746 73.725 65.716 5.722 0.000 0.000 0.000 25.315 35.314 34.312 34.310 55.308 40.306 0.000 0.000 0.000 75.086 85.019 89.930 89.888 88.992 95.805 95.508 89.531 90.374 89.231 89.175 90.120 81.077 46.041 0.000 0.000 0.000 0.000 38.723 38.725 35.725 37.724 38.717 37.680 44.637 58.588 41.530 39.462 49.382 37.293 38.195 38.094 37.993 37.895 37.802 45.716 58.637 45.566 57.503 35.446 36.395 41.349 62.306 74.261
57.515 57.462 57.406 57.347 57.280 60.202 62.138 34.078 55.078 58.057 60.031 20.006 50.910 55.854 67.812 65.786 6.773 0.000 0.000 0.000 0.000 0.000 1.311 1.310 36.309 0.000 0.000 0.000 23.527 73.359 90.253 90.134 90.251 88.336 96.074 88.116 93.822 89.518 89.472 89.405 89.346 79.280 40.160 0.000 0.000 0.000 0.000 0.000 41.730 42.736 29.752 37.798 38.788 38.754 42.707 58.647 41.574 38.486 38.385 38.272 38.156 38.042 35.933 41.832 60.740 41.658 40.586 54.523 38.468 36.418 43.373 69.330 74.288
57.611 57.558 57.504 57.448 59.380 35.265 37.201 0.000 17.192 53.162 57.124 61.079 57.012 59.947 64.884 69.841 8.812 0.000 0.000 0.000 0.000 2.310 54.310 61.310 0.000 0.000 0.000 6.813 82.694 84.574 90.468 90.425 89.544 96.560 96.325 89.177 89.892 89.764 89.695 89.632 88.577 68.538 0.000 0.000 0.000 0.000 0.000 0.000 0.000 33.736 0.000 44.935 41.919 37.886 37.838 39.777 56.700 45.604 37.488 38.352 38.215 37.085 41.964 43.853 42.753 39.668 37.597 37.536 37.483 38.437 51.394 73.355 74.317
57.706 57.655 57.606 57.561 62.527 0.523 0.000 23.427 15.335 49.276 58.225 56.172 58.110 70.040 41.936 35.884 0.850 0.000 0.000 0.000 0.000 52.310 58.310 60.310 0.000 0.000 0.000 69.932 74.863 88.775 90.658 90.789 88.884 96.775 88.675 90.351 90.046 89.987 89.913 89.849 81.794 58.756 0.000 0.000 0.000 0.000 0.000 0.000 0.000 0.000 0.000 49.087 44.068 38.033 35.984 38.922 38.844 54.744 47.611 38.434 39.268 37.120 43.985 43.862 40.751 34.666 37.598 37.542 39.493 53.451 72.413 74.378 77.347
58.799 56.748 56.702 56.664 59.639 29.644 26.606 58.519 63.444 57.383 55.328 62.274 72.218 75.167 0.000 0.000 0.000 0.000 0.000 0.000 0.000 20.310 27.310 29.310 0.000 0.000 0.000 72.119 80.055 89.966 90.958 89.997 97.173 96.980 89.705 90.410 90.273 90.196 90.123 90.056 71.993 53.937 0.000 0.000 0.000 0.000 0.000 0.000 0.000 0.000 0.000 47.258 45.233 45.194 42.143 35.083 37.010 37.916 53.778 53.505 50.304 47.140 39.995 38.860 35.724 36.645 37.587 41.539 61.498 73.461 73.428 74.399 73.374
72.888 71.837 70.792 68.753 65.722 66.697 66.657 63.598 64.539 66.484 66.431 72.378 74.320 32.244 0.000 0.000 0.000 0.000 0.000 0.000 0.000 0.000 0.000 0.000 0.000 10.631 18.552 73.371 90.263 91.171 91.121 90.349 97.353 89.180 90.856 90.544 90.480 90.399 90.328 88.260 70.186 41.061 0.000 0.000 0.000 0.000 0.000 0.000 0.000 0.000 0.000 37.453 41.414 44.365 45.313 44.257 41.197 37.134 31.078 0.000 0.000 0.000 0.000 0.000 39.638 37.605 40.567 61.531 74.497 73.466 74.439 77.415 73.395
68.970 70.920 69.875 71.835 73.800 72.765 71.725 69.679 67.630 67.582 68.534 64.486 64.441 0.000 0.000 0.000 0.000 0.000 0.000 0.000 0.000 0.000 0.000 0.000 0.000 59.710 82.653 81.551 90.456 91.344 91.471 89.573 97.521 91.273 90.879 90.756 90.672 90.596 90.528 86.470 66.429 0.000 0.000 0.000 0.000 0.000 0.000 0.000 0.000 0.000 44.831 39.688 36.605 38.541 43.485 45.434 45.387 46.347 37.321 0.000 0.000 0.000 0.000 0.000 40.585 38.569 54.546 75.520 73.494 73.469 73.447 74.427 73.411
57.048 56.998 57.954 64.913 73.875 79.839 67.801 61.761 56.720 54.680 53.639 59.592 38.516 0.000 0.000 0.000 0.000 0.000 0.000 0.000 0.000 0.000 0.000 0.000 0.000 65.847 81.800 89.724 91.637 91.604 90.733 97.817 97.675 93.291 91.098 90.937 90.861 90.784 90.717 85.664 60.632 0.000 0.000 0.000 0.000 0.000 0.000 0.000 0.000 45.093 39.973 39.863 39.777 38.709 35.653 40.607 44.570 45.546 42.538 0.000 0.000 0.000 0.000 43.537 37.548 41.541 69.527 73.508 73.489 73.469 73.452 73.436 73.423
56.120 56.072 60.028 64.988 66.950 69.914 59.879 55.844 56.810 56.778 58.749 36.726 0.000 0.000 0.000 0.000 0.000 0.000 0.000 0.000 0.000 0.000 0.000 0.000 0.000 52.029 80.977 90.906 91.804 91.934 90.043 97.948 90.838 92.513 91.194 91.128 91.041 90.963 90.893 81.836 54.802 0.000 0.000 0.000 0.000 0.000 0.000 0.000 44.324 40.213 40.108 40.012 39.932 39.866 39.812 36.770 35.741 38.729 45.747 45.831 0.000 0.000 0.000 37.526 38.527 56.522 73.512 72.499 72.484 73.469 73.455 73.442 73.432
56.188 56.141 58.099 59.059 57.023 55.989 56.957 55.926 55.898 55.873 60.852 5.837 0.000 0.000 0.000 0.000 0.000 0.000 0.000 0.000 0.000 0.000 0.000 0.000 3.400 60.265 89.175 92.091 92.060 91.190 98.187 98.072 93.837 91.538 91.393 91.304 91.216 91.133 92.055 71.987 59.939 0.000 0.000 43.936 0.000 43.698 45.654 45.569 40.436 40.328 40.232 40.146 40.072 40.010 39.959 39.920 38.894 35.883 44.891 45.915 38.915 0.000 0.000 45.515 37.513 45.509 51.501 54.490 58.479 64.467 70.456 72.446 72.438
57.252 57.207 57.166 57.128 57.094 56.062 56.033 56.006 55.984 54.965 62.950 13.933 0.000 0.000 0.000 0.000 0.000 0.000 0.000 0.000 0.000 0.000 0.000 0.000 44.536 80.453 91.367 92.257 92.397 90.489 98.290 91.289 92.964 91.648 91.573 91.478 91.387 91.298 92.209 64.116 42.027 0.000 0.000 39.936 0.000 38.743 40.694 40.617 40.522 40.430 40.346 40.269 40.201 40.142 40.094 40.057 38.032 40.019 46.017 43.023 0.000 0.000 0.000 44.505 43.503 42.498 41.492 40.483 39.474 43.465 54.456 50.448 52.442
55.311 55.269 55.230 55.194 55.162 55.132 55.106 56.083 58.065 60.053 35.049 2.053 0.000 0.000 0.000 0.000 0.000 0.000 0.000 2.770 11.762 0.000 0.000 14.897 55.755 86.648 92.545 92.534 91.561 98.470 98.385 94.280 91.986 91.837 91.744 91.649 91.555 91.462 87.366 34.241 0.000 0.000 0.000 39.937 45.917 40.837 40.762 40.684 40.604 40.527 40.452 40.382 40.319 40.265 40.219 40.183 37.158 46.143 46.137 42.137 0.000 0.000 0.000 43.497 42.494 43.490 43.484 43.477 43.470 43.462 42.455 42.449 41.444
56.367 56.327 59.291 63.257 66.226 70.199 72.175 75.155 74.141 66.134 4.139 15.166 39.220 7.245 0.000 0.000 0.000 0.000 0.000 42.779 69.754 9.715 0.000 49.039 81.939 91.831 92.731 92.661 91.884 98.544 90.718 92.404 92.088 92.012 91.914 91.819 91.724 92.629 79.554 0.000 0.000 0.000 0.000 19.957 39.977 40.925 42.834 42.752 40.686 40.620 40.553 40.489 40.430 40.378 40.334 37.299 42.273 45.257 46.251 37.252 0.000 0.000 0.000 27.492 48.488 48.483 45.478 42.472 42.466 43.460 44.454 44.449 43.445
58.420 57.383 64.349 73.317 74.288 73.262 72.240 71.222 68.209 62.203 37.206 54.222 72.249 41.270 25.293 1.304 0.000 0.000 13.850 52.812 66.760 5.676 24.514 66.280 91.132 94.016 92.856 93.068 91.044 98.606 92.704 92.418 92.271 92.179 92.085 91.990 91.890 93.777 37.665 0.000 0.000 0.000 0.000 0.000 36.110 42.053 22.897 22.805 39.766 40.713 40.653 40.591 40.534 40.484 39.440 37.405 46.379 46.363 43.357 37.368 43.414 0.000 0.000 0.000 59.481 74.478 67.473 63.467 59.462 55.456 58.452 58.448 41.444
58.469 58.436 61.404 64.374 63.347 61.322 59.301 57.283 55.270 55.262 64.262 66.269 63.282 60.295 64.308 12.316 0.000 0.000 53.889 83.857 34.800 30.714 64.587 88.434 93.301 93.157 93.276 91.230 98.689 91.109 92.824 92.511 92.440 92.346 92.256 92.167 95.070 51.924 0.000 0.000 0.000 0.000 0.000 0.000 38.300 43.278 0.000 0.000 36.861 40.814 40.752 40.690 40.632 40.582 37.538 45.503 46.476 45.457 36.448 40.449 40.460 0.000 0.000 0.000 27.478 57.474 75.468 74.462 74.457 74.453 74.449 68.446 58.443
58.517 58.486 58.457 57.429 57.403 58.379 58.358 58.340 56.325 57.315 62.310 65.310 61.315 56.321 59.328 14.331 0.000 0.000 45.959 55.927 33.871 66.791 81.688 90.569 93.453 93.385 92.483 99.062 98.829 92.100 92.830 92.688 92.600 92.512 92.427 92.351 95.300 0.000 0.000 10.671 19.671 0.000 0.000 39.610 42.513 41.481 48.521 0.000 37.002 40.931 40.853 40.783 40.724 38.672 40.629 46.592 46.564 38.542 39.528 40.520 40.517 0.000 0.000 0.000 0.000 0.000 57.462 73.457 73.453 73.449 73.446 74.443 74.441
58.564 58.536 58.509 58.482 58.457 58.434 58.412 57.393 56.376 60.363 64.352 64.346 59.345 55.347 60.350 13.351 0.000 0.000 42.061 11.022 57.965 81.891 87.802 93.709 93.559 93.770 91.759 99.269 91.520 93.232 92.920 92.851 92.760 92.674 92.590 99.511 83.478 0.000 6.671 56.672 42.671 0.000 0.000 34.707 42.661 41.613 41.560 47.438 45.213 44.057 40.945 40.867 40.806 37.755 45.712 46.675 42.644 37.620 40.601 40.585 42.573 46.583 0.000 0.000 0.000 0.000 0.000 70.450 73.447 73.445 73.443 74.440 72.439
58.612 58.585 58.559 58.534 58.509 58.486 57.464 56.444 58.425 62.407 65.390 61.378 56.373 55.373 58.374 40.371 27.355 28.304 24.201 25.137 65.075 86.006 91.930 93.821 93.961 91.952 99.634 99.460 92.526 93.241 93.095 93.007 92.918 92.833 97.746 40.627 55.623 25.660 56.670 64.672 0.000 0.000 0.000 33.850 42.811 41.751 41.668 51.541 62.355 36.138 46.002 41.933 38.880 40.831 46.788 45.751 36.719 39.693 40.671 40.648 27.605 28.594 0.000 0.000 0.000 0.000 0.000 51.445 72.443 73.441 73.439 77.437 73.436
58.660 58.634 58.609 58.584 58.560 58.537 56.515 56.494 60.473 67.449 68.422 64.404 59.396 57.397 57.403 59.403 59.390 68.357 9.301 43.249 81.193 88.130 94.061 94.028 93.161 99.944 99.793 92.882 93.664 93.328 93.255 93.160 93.073 92.994 100.935 0.000 38.726 40.688 30.678 32.675 0.000 0.000 0.000 37.032 42.982 41.911 47.822 63.703 40.529 0.000 26.993 39.985 37.947 45.903 46.859 42.821 39.788 40.762 40.743 42.729 0.000 0.000 0.000 0.000 0.000 0.000 43.441 24.441 63.439 73.437 73.435 78.434 73.432
58.709 58.683 58.658 58.633 58.610 57.587 56.565 58.544 65.522 42.495 18.446 17.420 14.410 44.415 61.438 56.447 59.447 40.433 2.405 48.365 86.317 92.268 94.158 94.402 92.426 100.083 93.216 93.994 93.564 93.506 93.402 93.309 93.220 94.136 92.064 14.008 13.867 0.000 0.000 0.000 0.000 0.000 36.401 44.264 42.174 41.091 61.004 64.920 0.000 0.000 0.000 36.064 42.023 46.973 46.926 36.885 40.851 40.826 40.808 43.798 0.000 0.000 0.000 0.000 0.000 0.000 22.441 0.000 51.434 73.433 73.432 79.431 73.429
58.757 58.731 58.707 58.682 57.659 56.636 58.614 61.595 69.577 28.564 0.000 0.000 0.000 0.000 43.486 58.501 59.516 45.525 47.517 73.489 90.452 94.380 94.555 92.578 100.326 100.210 94.197 93.893 93.747 93.645 93.548 93.454 93.361 96.267 81.178 10.093 0.000 0.000 0.000 0.000 0.000 0.000 36.538 43.450 42.359 40.274 68.184 29.052 0.000 0.000 42.295 47.186 47.106 47.041 44.986 39.941 40.906 40.881 40.865 42.858 0.000 46.937 0.000 0.000 0.000 0.000 0.000 0.000 44.429 73.429 73.429 73.428 73.427
58.804 58.779 58.755 58.730 57.707 56.684 60.662 64.643 68.628 26.620 0.000 0.000 0.000 0.000 23.520 66.554 61.590 67.634 80.643 89.626 93.589 94.599 93.751 100.532 100.433 93.532 94.309 93.968 93.887 93.786 93.690 93.597 97.501 60.395 32.286 0.000 0.000 0.000 0.000 0.000 0.000 38.943 43.764 42.637 44.540 41.462 65.407 0.000 0.000 37.537 44.404 60.277 49.176 46.097 42.036 39.988 39.952 40.927 40.912 40.911 45.931 41.937 32.937 0.000 0.000 0.000 40.423 42.424 41.425 73.426 73.426 73.425 73.425
58.850 58.826 58.803 58.778 56.754 58.730 64.707 65.687 63.672 50.668 11.683 0.000 0.000 0.000 0.000 19.606 15.657 55.776 86.797 90.780 94.722 94.894 93.019 100.622 92.842 94.623 94.190 94.128 96.019 94.922 93.831 93.744 99.653 22.524 0.000 0.000 0.000 0.000 0.000 20.407 59.318 59.122 46.938 43.794 54.700 49.627 50.576 11.578 0.000 35.669 40.507 51.344 47.224 51.137 45.072 48.024 46.988 43.963 40.947 39.942 39.944 45.944 0.000 0.000 0.000 0.000 37.422 37.422 47.423 73.423 73.423 73.423 73.422
