results2_8e3_rain/res_3e8f-0057.wd
ncols         241
nrows         181
xllcorner     12693529.787448
yllcorner     3542525.717860
cellsize      155.156523
NODATA_value  -9999.000000
[rows 66 to 98 of 181, columns 74 to 147 of 241]
28.005 0.000 53.268 70.250 69.225 69.201 0.000 40.680 40.663 53.671 49.677 48.655 48.608 47.533 123.427 111.298 0.000 0.000 0.000 44.358 39.318 44.263 47.221 47.184 49.147 50.116 55.087 56.057 57.020 47.965 0.000 0.000 45.746 95.746 77.660 81.517 81.600 79.653 87.599 80.059 80.533 81.268 80.037 79.811 80.603 50.446 0.000 0.000 0.000 0.000 0.000 0.000 0.000 17.094 15.078 15.046 15.002 14.946 14.888 18.824 31.753 28.675 13.591 24.505 33.424 12.348 15.275 21.205 26.135 22.067 15.999 13.934 11.870 26.807
54.997 0.000 41.459 65.428 64.404 58.405 11.477 0.000 0.000 46.739 59.806 48.804 47.769 48.707 29.586 0.000 0.000 0.000 0.000 0.000 0.000 55.237 53.219 51.192 34.153 37.119 44.088 45.064 50.037 41.001 0.000 0.000 0.000 55.980 73.891 80.828 80.921 88.033 87.824 80.136 80.820 80.527 80.312 80.098 74.907 32.772 0.000 0.000 29.961 0.000 0.000 0.000 23.127 18.128 15.109 15.076 15.032 14.979 14.920 14.856 14.786 21.711 35.633 36.554 19.476 13.401 14.329 15.258 19.188 18.119 14.052 13.985 14.921 33.859
49.969 54.855 52.681 66.600 59.556 60.539 57.548 0.000 0.000 0.000 62.006 56.985 51.959 53.939 0.958 0.000 0.000 0.000 0.000 0.000 0.000 54.231 50.223 41.214 0.000 0.000 42.082 54.076 53.064 0.000 0.000 1.690 58.529 50.302 54.135 61.217 76.281 88.227 79.886 81.435 80.995 80.801 80.580 78.362 61.154 39.962 45.961 43.961 24.961 0.000 0.000 0.000 0.000 32.181 14.155 15.118 19.071 27.017 16.958 14.893 13.825 17.752 32.677 39.601 31.526 17.453 12.381 14.311 14.241 14.171 14.102 13.036 19.972 40.910
49.002 52.915 63.811 57.735 50.682 69.647 58.629 10.636 0.000 4.348 54.227 70.171 65.143 65.144 68.201 0.000 0.000 0.000 0.000 0.233 0.232 52.232 43.230 46.228 0.000 0.000 0.000 90.094 117.078 32.078 0.000 57.817 52.692 52.535 52.450 48.539 88.584 88.411 80.936 84.537 81.280 81.067 80.848 72.617 25.385 0.000 47.961 25.961 0.000 0.000 0.000 20.358 19.326 18.259 14.214 18.168 30.118 35.062 33.002 25.936 15.867 24.795 32.722 11.648 17.575 30.503 27.432 23.363 31.293 12.223 14.151 12.083 25.021 47.960
55.062 64.990 56.914 48.847 48.791 61.739 69.685 65.643 68.580 70.469 65.383 60.329 62.300 51.292 50.304 0.000 0.000 0.000 1.238 57.238 56.237 44.236 46.236 47.239 51.248 50.254 0.000 1.214 0.000 0.000 4.150 64.009 56.886 51.733 52.832 50.885 88.740 50.563 58.148 72.740 80.556 81.338 79.127 37.872 0.000 0.000 0.000 0.000 0.000 0.000 21.412 15.390 15.361 15.317 16.272 26.224 35.171 34.113 34.050 29.983 25.913 35.841 18.767 13.694 14.622 14.552 24.483 37.416 24.348 12.276 13.196 19.126 7.069 12.012
66.133 56.071 49.008 49.949 49.894 51.834 35.730 61.671 59.628 51.566 48.506 47.462 63.434 65.421 52.420 0.000 0.000 0.000 57.238 53.239 50.239 43.239 47.240 47.244 47.250 47.260 6.278 9.309 10.373 12.383 80.291 77.187 66.073 65.040 54.046 89.015 88.884 52.620 59.265 54.038 60.837 79.604 54.451 0.000 0.000 0.000 0.000 0.000 0.000 0.000 21.434 15.430 15.411 15.377 16.334 25.285 35.230 34.169 33.103 30.033 34.961 28.887 12.813 14.740 14.669 14.600 24.533 32.470 11.407 14.337 17.230 36.158 53.117 32.064
56.208 49.152 50.098 50.047 51.004 31.973 0.000 18.683 46.695 49.661 49.615 49.579 47.554 71.540 55.534 0.000 0.000 0.000 34.239 51.239 45.240 46.241 47.243 47.246 47.251 47.258 58.265 0.000 2.429 19.484 72.445 82.367 4.273 86.207 76.408 89.128 51.200 64.841 61.482 51.349 48.150 44.792 29.621 0.000 0.000 16.966 0.000 0.000 0.000 0.000 17.460 15.486 15.476 15.446 15.404 16.353 22.294 30.229 30.160 30.087 34.011 11.935 14.859 14.784 13.713 19.645 36.581 19.523 13.473 16.436 0.000 0.000 29.178 0.000
49.284 50.233 50.183 50.138 53.101 9.081 7.102 0.041 44.807 49.768 51.715 49.684 48.663 66.650 62.643 0.000 0.000 0.000 0.000 42.240 45.241 47.242 47.244 47.246 47.250 49.255 35.260 0.000 0.000 69.679 72.637 83.567 89.453 83.568 81.612 89.222 72.253 74.955 59.795 52.698 45.623 0.000 0.000 0.000 0.000 14.967 0.000 0.000 0.000 0.000 0.000 18.579 15.561 15.528 15.483 15.428 15.365 15.296 22.221 30.143 18.062 14.982 14.903 14.826 17.754 30.686 30.624 12.570 14.526 17.499 0.000 0.000 56.240 46.248
50.362 50.313 50.265 50.220 50.180 54.149 55.123 55.070 50.959 50.889 30.794 47.779 48.765 64.753 63.746 0.000 0.000 0.000 0.000 41.241 47.242 47.242 47.244 47.246 47.248 35.251 0.000 0.000 0.000 74.917 80.861 83.779 83.738 82.823 89.348 81.742 84.459 79.146 64.086 54.025 53.021 53.159 0.000 0.000 0.000 11.967 18.969 11.969 0.000 0.000 0.000 33.690 14.663 15.622 15.572 15.512 16.443 15.367 15.286 15.201 15.114 15.028 14.945 13.865 19.790 34.722 11.660 14.606 14.563 16.534 0.000 0.000 58.294 50.279
50.441 50.393 50.344 50.297 50.252 50.211 50.173 50.128 50.071 54.033 0.000 40.875 49.863 65.851 60.843 0.000 0.000 0.000 0.000 46.241 49.242 49.243 49.244 47.245 50.246 0.000 0.000 0.000 67.374 73.211 84.110 83.992 84.106 82.158 89.560 82.881 87.525 83.415 84.347 72.297 60.277 49.297 44.297 46.297 0.000 0.000 17.970 12.970 18.966 19.953 17.917 23.829 33.777 15.727 16.670 25.604 32.529 14.445 15.355 15.261 15.166 15.073 13.983 18.899 37.822 31.751 20.688 13.633 14.585 16.542 31.495 49.437 50.362 50.320
50.521 50.473 50.423 50.371 50.319 50.271 53.230 51.198 50.164 54.139 0.000 40.983 49.963 66.943 58.932 0.000 0.000 0.000 0.000 19.242 29.242 28.243 28.244 49.244 34.245 0.000 0.000 0.000 69.538 79.444 84.344 84.300 83.406 90.228 89.914 83.952 84.795 83.651 83.593 84.538 75.493 40.456 0.000 0.000 0.000 0.000 15.972 15.974 12.976 14.976 15.970 14.933 21.890 35.839 18.778 16.707 26.624 14.530 15.428 15.322 15.217 15.114 15.017 22.927 35.846 22.773 34.709 12.652 13.602 18.555 39.507 51.455 50.399 50.353
50.603 50.555 50.504 50.447 53.380 55.326 27.276 48.272 51.248 53.221 13.197 44.110 49.062 61.028 59.011 0.022 0.000 0.000 0.000 0.000 0.000 0.000 0.000 30.244 0.000 0.000 0.000 17.953 67.796 84.685 84.562 84.677 82.764 90.510 82.548 88.252 83.945 83.898 83.829 83.769 73.701 34.579 0.000 0.000 0.000 0.000 0.000 18.980 19.987 7.005 15.054 16.044 16.010 19.961 35.898 18.821 15.730 15.623 15.506 15.384 15.264 13.150 19.044 37.947 18.862 17.787 31.723 15.666 13.615 20.569 46.523 51.476 50.428 50.380
50.686 50.640 50.591 52.532 28.430 30.378 0.000 10.365 46.337 50.301 54.259 50.200 53.147 58.098 63.072 2.072 0.000 0.000 0.000 0.000 0.000 0.000 0.000 0.000 0.000 0.000 1.300 77.110 79.009 84.907 84.863 83.983 91.017 90.773 83.616 84.328 84.198 84.127 84.061 83.006 62.965 0.000 0.000 0.000 0.000 0.000 0.000 0.000 10.986 0.000 22.196 19.180 15.146 15.096 17.031 33.951 22.851 14.729 15.587 15.444 14.307 19.179 21.061 19.956 16.867 14.792 14.729 14.674 15.626 28.582 50.540 51.498 53.456 49.408
50.769 50.727 50.689 55.659 0.000 0.000 16.567 8.486 42.433 51.386 49.338 51.285 63.227 35.144 29.108 0.000 0.000 0.000 0.000 0.000 0.000 0.000 0.000 0.000 0.000 0.000 64.436 69.322 83.225 85.106 85.237 83.334 91.240 83.125 84.796 84.488 84.426 84.350 84.284 76.228 53.189 0.000 0.000 0.000 0.000 0.000 0.000 0.000 0.000 0.000 26.355 21.335 15.298 13.247 16.181 16.099 31.995 24.855 15.671 16.497 14.340 21.198 21.067 17.948 11.857 14.786 14.727 16.677 30.633 49.593 51.557 54.523 46.489 7.448
49.850 49.811 49.778 52.758 22.764 19.727 51.647 56.579 50.523 48.472 55.423 65.374 68.332 0.000 0.000 0.000 0.000 0.000 0.000 0.000 0.000 0.000 0.000 0.000 0.000 0.000 66.597 74.520 84.425 85.414 84.454 91.651 91.452 84.159 84.861 84.720 84.641 84.566 84.497 66.432 48.374 0.000 0.000 0.000 0.000 0.000 0.000 0.000 0.000 0.000 24.534 22.508 22.466 19.412 12.348 14.271 15.173 31.028 30.744 27.534 24.360 17.207 16.062 12.913 13.829 14.768 18.717 38.674 50.635 50.602 51.572 50.547 41.530 0.000
64.926 63.888 61.855 58.829 59.808 59.771 56.717 57.661 59.608 59.558 65.508 67.457 25.394 0.000 0.000 0.000 0.000 0.000 0.000 0.000 0.000 0.000 0.000 0.000 5.087 13.011 67.837 84.727 85.634 85.583 84.813 91.837 83.644 85.314 85.000 84.932 84.849 84.775 82.706 64.630 35.502 0.000 0.000 0.000 0.000 0.000 0.000 0.000 0.000 0.000 14.739 18.697 21.645 22.588 21.528 18.465 14.399 8.339 0.000 0.000 0.000 0.000 0.000 16.813 14.778 17.739 38.701 51.666 50.634 51.606 54.583 50.565 47.555 28.559
63.997 62.960 64.926 66.897 65.867 64.831 62.788 60.740 60.692 61.642 57.593 57.554 0.000 0.000 0.000 0.000 0.000 0.000 0.000 0.000 0.000 0.000 0.000 0.000 54.163 77.109 76.011 84.920 85.810 85.938 84.043 92.009 85.740 85.342 85.216 85.130 85.051 84.980 80.921 60.879 0.000 0.000 0.000 0.000 0.000 0.000 0.000 0.000 0.000 22.138 16.986 13.897 15.828 20.768 22.712 22.662 23.619 14.591 0.000 0.000 0.000 0.000 0.000 17.749 15.733 31.708 52.681 50.654 50.629 50.607 51.588 50.574 50.566 41.564
50.064 51.027 57.994 66.964 72.933 60.900 54.862 49.821 47.776 46.726 52.668 31.611 0.000 0.000 0.000 0.000 0.000 0.000 0.000 0.000 0.000 0.000 0.000 0.000 60.292 76.252 84.183 86.101 86.072 85.206 92.312 92.167 87.762 85.565 85.402 85.323 85.244 85.175 80.120 55.087 0.000 0.000 0.000 0.000 0.000 0.000 0.000 0.000 22.420 17.291 17.171 17.078 16.004 12.943 17.892 21.851 22.825 19.815 0.000 0.000 0.000 0.000 20.686 14.701 18.696 46.681 50.662 50.642 50.622 50.605 50.590 50.578 50.571 25.568
49.126 53.091 58.060 60.031 63.002 52.973 48.941 49.906 49.867 51.819 29.743 0.000 0.000 0.000 0.000 0.000 0.000 0.000 0.000 0.000 0.000 0.000 0.000 0.000 46.462 75.424 85.365 86.271 86.406 84.520 92.445 85.319 86.988 85.666 85.598 85.508 85.427 85.355 76.297 49.262 0.000 0.000 0.000 0.000 0.000 0.000 0.000 21.673 17.550 17.434 17.329 17.240 17.167 17.108 14.061 13.028 16.014 23.031 23.116 0.000 0.000 0.000 14.671 15.673 33.669 50.659 49.645 49.629 50.614 50.600 50.588 50.578 49.572 15.569
49.184 51.152 52.123 50.097 49.073 50.049 49.023 48.995 48.965 53.939 0.000 0.000 0.000 0.000 0.000 0.000 0.000 0.000 0.000 0.000 0.000 0.000 0.000 0.000 54.670 83.620 86.552 86.531 85.668 92.686 92.570 88.320 86.018 85.870 85.777 85.687 85.601 86.521 66.451 54.402 0.000 0.000 21.399 0.000 21.111 23.054 22.951 17.796 17.674 17.566 17.470 17.388 17.318 17.260 17.216 16.186 13.172 22.178 23.202 16.201 0.000 0.000 22.654 14.653 22.648 28.640 31.629 35.617 41.605 47.593 49.583 49.576 47.570 12.567
50.238 50.209 50.185 50.163 49.144 49.126 49.107 49.087 48.061 56.032 7.032 0.000 0.000 0.000 0.000 0.000 0.000 0.000 0.000 0.000 0.000 0.000 0.000 39.087 74.928 85.834 86.728 86.874 84.972 92.790 85.780 87.450 86.132 86.054 85.955 85.862 85.770 86.679 58.583 36.492 0.000 0.000 17.400 0.000 16.169 18.100 18.002 17.889 17.783 17.687 17.600 17.522 17.456 17.401 17.358 15.328 17.311 23.307 20.312 0.000 0.000 0.000 21.640 20.637 19.632 18.624 17.615 16.605 20.595 31.586 27.578 29.571 33.566 14.563
48.288 48.263 48.243 48.226 48.213 48.203 49.194 51.184 53.161 28.097 0.000 0.000 0.000 0.000 0.000 0.000 0.000 0.000 0.000 6.242 0.000 0.000 9.365 50.245 81.126 87.020 87.013 86.046 92.970 92.885 88.774 86.477 86.325 86.229 86.131 86.035 85.939 81.841 28.712 0.000 0.000 0.000 17.401 23.402 18.295 18.178 18.069 17.973 17.884 17.799 17.719 17.647 17.583 17.530 17.487 14.456 23.437 23.429 19.428 0.000 0.000 0.000 20.628 19.624 20.618 20.611 20.602 20.594 20.585 19.577 19.571 18.565 17.562 17.559
49.333 52.313 56.297 59.286 63.280 65.279 68.283 67.292 59.304 0.000 8.716 32.740 0.777 0.000 0.000 0.000 0.000 0.000 37.248 64.242 4.240 0.000 43.486 76.403 86.302 87.208 87.145 86.375 93.041 85.219 86.903 86.583 86.504 86.404 86.306 86.207 87.110 74.033 0.000 0.000 0.000 0.000 0.000 17.511 18.431 20.247 20.123 18.052 17.980 17.906 17.832 17.763 17.701 17.648 14.605 19.574 22.553 23.544 14.543 0.000 0.000 0.000 4.620 25.613 25.606 22.599 19.590 19.582 20.575 21.568 21.562 20.558 20.556 21.555
50.375 57.359 66.348 67.342 66.342 65.350 64.367 61.399 55.458 30.592 47.693 65.755 34.810 18.847 0.000 0.000 0.000 8.266 47.253 61.239 0.177 18.835 60.688 85.578 88.482 87.336 87.558 85.540 93.101 87.208 86.921 86.770 86.675 86.579 86.481 86.378 88.262 32.147 0.000 0.000 0.000 0.000 0.000 13.700 19.672 0.457 0.293 17.130 18.080 18.013 17.940 17.872 17.810 16.757 14.713 23.680 23.659 20.650 14.658 20.702 0.000 0.000 0.000 36.601 51.596 44.588 40.579 36.571 32.564 35.558 35.553 18.550 19.549 20.551
51.411 54.400 57.393 56.392 54.398 52.412 50.437 48.477 48.538 57.626 59.709 56.778 53.836 57.884 5.924 0.000 0.000 48.278 78.262 29.223 25.132 58.980 82.854 87.749 87.627 87.761 85.727 93.179 85.621 87.334 87.018 86.944 86.847 86.755 86.663 89.563 46.412 0.000 0.000 0.000 0.000 0.000 0.000 15.918 20.901 0.000 0.000 14.254 18.200 18.124 18.046 17.974 17.910 14.856 22.811 23.776 22.752 13.739 17.737 17.747 0.000 0.000 0.000 4.595 34.589 52.577 51.567 51.559 51.553 51.547 45.543 35.540 21.538 0.000
51.444 51.436 50.432 50.435 51.445 51.463 51.492 49.534 50.592 55.664 58.739 54.810 49.875 52.929 7.965 0.000 0.000 40.307 50.293 28.258 61.192 76.098 85.001 87.908 87.862 86.977 93.573 93.323 86.617 87.344 87.199 87.109 87.017 86.930 86.852 89.799 0.000 0.000 5.178 14.177 0.000 0.000 17.265 20.154 19.114 26.145 0.000 14.433 18.341 18.238 18.147 18.068 16.002 17.946 23.899 23.862 15.835 16.816 17.806 17.802 0.000 0.000 0.000 0.000 0.000 34.565 50.554 50.546 50.540 50.536 51.532 51.529 26.527 0.000
51.473 51.467 51.466 51.471 51.483 51.504 50.534 49.576 53.632 57.699 57.773 52.849 48.924 53.992 7.041 0.000 0.000 36.349 5.346 52.325 76.281 82.217 88.150 88.025 88.258 86.265 93.794 86.047 87.756 87.440 87.368 87.273 87.184 87.097 94.016 77.981 0.000 1.177 51.178 37.178 0.000 0.000 12.376 20.320 19.256 19.176 25.003 22.703 21.494 18.342 18.234 18.152 15.083 23.026 23.978 19.939 14.909 17.886 17.868 19.855 23.864 0.000 0.000 0.000 0.000 0.000 47.537 50.532 50.528 50.523 51.520 49.517 23.515 0.000
51.497 51.494 51.495 51.501 51.514 50.534 49.564 51.606 55.660 58.728 54.805 49.890 48.980 52.073 34.168 21.298 22.371 18.395 19.417 59.415 80.390 86.350 88.272 88.440 86.457 94.179 93.996 87.060 87.770 87.620 87.528 87.436 87.348 92.258 35.134 50.130 20.167 51.177 59.179 0.000 0.000 0.000 11.543 20.493 19.414 19.302 29.130 39.883 13.592 23.400 19.297 16.221 18.155 24.097 23.049 14.008 16.976 17.950 17.925 4.884 5.874 0.000 0.000 0.000 0.000 0.000 28.524 49.519 50.515 50.511 54.507 50.504 39.501 0.000
51.519 51.516 51.518 51.524 51.537 49.556 49.584 53.622 60.675 61.747 57.831 52.926 51.034 51.153 53.258 53.355 62.419 3.442 37.512 75.528 82.517 88.489 88.492 87.656 94.505 94.347 87.428 88.204 87.862 87.785 87.686 87.595 87.513 95.452 0.000 33.235 35.196 25.185 27.182 0.000 0.000 0.000 14.761 20.697 19.605 25.488 41.332 18.108 0.000 4.368 17.336 15.279 23.218 24.160 20.111 17.070 18.038 18.014 19.999 0.000 0.000 0.000 0.000 0.000 0.000 20.514 1.515 40.507 50.502 50.499 55.495 50.491 50.484 39.471
51.537 51.534 51.536 51.542 50.553 49.569 51.593 58.625 35.671 11.754 10.845 7.949 38.077 55.248 50.357 53.446 34.510 0.000 42.662 80.667 86.668 88.601 88.884 86.940 94.650 87.773 88.545 88.109 88.045 87.936 87.839 87.746 88.659 86.584 8.526 8.380 0.000 0.000 0.000 0.000 0.000 14.215 22.043 19.928 18.823 38.712 42.604 0.000 0.000 0.000 13.400 19.343 24.277 24.216 14.165 18.123 18.092 18.070 21.058 0.000 0.000 0.000 0.000 0.000 0.000 0.000 0.000 28.491 50.490 50.487 56.484 50.480 50.475 44.468
51.551 51.549 51.550 50.554 49.563 51.576 54.593 62.613 21.631 0.000 0.000 0.000 0.000 37.404 52.475 53.564 39.664 41.790 67.806 84.822 88.799 89.020 87.084 94.905 94.783 88.758 88.449 88.296 88.189 88.086 87.987 87.890 90.793 75.700 4.613 0.000 0.000 0.000 0.000 0.000 0.000 14.387 21.268 20.152 18.046 45.934 6.769 0.000 0.000 19.664 24.521 24.416 24.332 22.263 17.209 18.167 18.136 18.116 20.106 0.000 24.158 0.000 0.000 0.000 0.000 0.000 0.000 21.479 50.478 50.477 50.475 50.472 50.468 48.465
51.563 51.560 51.560 50.563 49.570 53.579 57.590 61.602 19.611 0.000 0.000 0.000 0.000 17.489 60.575 55.671 61.791 74.900 83.955 87.980 89.042 88.241 95.119 95.016 88.106 88.876 88.529 88.442 88.334 88.232 88.134 92.033 54.923 26.812 0.000 0.000 0.000 0.000 0.000 0.000 16.921 21.679 20.491 22.365 19.274 43.211 0.000 0.000 15.050 21.807 37.606 26.468 23.370 19.297 17.242 17.200 18.170 18.151 18.144 23.156 19.159 10.158 0.000 0.000 0.000 17.460 19.461 18.467 50.468 50.467 50.466 50.464 50.463 48.462
51.571 51.568 51.567 49.569 51.574 57.580 58.588 56.595 43.598 4.596 0.000 0.000 0.000 0.000 13.665 9.755 49.930 81.062 85.134 89.142 89.366 87.537 95.213 87.429 89.203 88.764 88.695 90.578 89.474 88.376 88.282 94.186 17.054 0.000 0.000 0.000 0.000 0.000 0.000 37.388 37.164 24.917 21.651 32.546 27.474 28.425 0.000 0.000 13.293 17.909 28.627 24.481 28.384 22.314 25.261 24.222 21.193 18.175 17.166 17.165 23.163 0.000 0.000 0.000 0.000 14.459 14.458 24.459 50.459 50.459 50.458 50.457 50.457 24.459
