results2_8e3_rain/res_3e8f.totaltm
ncols         241
nrows         181
xllcorner     12693529.787448
yllcorner     3542525.717860
cellsize      155.156523
NODATA_value  -9999.000000
[rows 124 to 154 of 181, columns 0 to 69 of 241]
539.038 539.478 539.539 539.599 539.662 539.734 539.801 539.698 539.790 539.879 539.824 539.761 539.692 539.618 536.553 539.284 539.621 539.590 539.520 475.254 0.000 0.000 0.000 0.000 0.000 0.000 0.000 0.000 0.000 0.000 0.000 0.000 0.000 524.198 542.063 545.672 542.356 0.000 525.057 541.156 540.294 542.757 543.069 543.029 541.464 539.800 539.704 537.949 235.519 0.000 0.000 0.000 0.000 0.000 0.000 0.000 0.000 0.000 0.000 0.000 0.000 0.000 0.000 0.000 0.000 0.000 0.000 0.000 0.000 0.000
539.472 539.537 539.600 539.665 539.738 539.814 539.883 539.536 539.533 539.947 539.890 539.825 539.754 539.674 539.365 539.329 539.667 539.632 539.561 443.643 0.000 0.000 0.000 0.000 0.000 0.000 0.000 0.000 0.000 0.000 0.000 0.000 0.000 483.188 543.986 545.658 442.153 0.000 521.992 541.070 540.529 539.811 543.018 542.992 542.438 539.706 539.941 304.296 0.000 0.000 0.000 0.000 0.000 0.000 0.000 0.000 0.000 0.000 0.000 0.000 0.000 0.000 0.000 0.000 0.000 0.000 0.000 0.000 0.000 0.000
539.522 539.590 539.655 539.725 539.805 539.883 539.950 540.603 540.732 540.148 539.947 539.879 539.801 539.714 539.704 539.368 539.711 539.658 539.605 457.378 0.000 0.000 0.000 0.000 0.000 0.000 462.938 0.000 0.000 0.000 0.000 0.000 0.000 208.286 545.140 545.549 462.489 0.000 493.352 540.022 540.464 540.384 539.514 542.315 542.414 540.154 540.075 0.000 0.000 0.000 0.000 0.000 0.000 0.000 0.000 0.000 0.000 0.000 0.000 0.000 0.000 0.000 0.000 0.000 0.000 0.000 0.000 0.000 0.000 0.000
539.566 539.639 539.712 539.790 539.863 539.818 539.576 541.106 541.250 540.468 539.950 539.884 539.808 539.744 539.801 539.849 539.775 539.180 539.651 515.019 0.000 0.000 0.000 0.000 0.000 508.968 510.767 510.815 495.682 493.891 0.000 0.000 0.000 538.928 545.127 544.425 544.257 400.887 0.000 523.259 540.416 540.277 540.117 539.006 542.398 542.379 541.518 208.063 0.000 0.000 0.000 0.000 0.000 0.000 0.000 0.000 0.000 0.000 0.000 0.000 0.000 0.000 0.000 0.000 0.000 0.000 0.000 0.000 0.000 0.000
539.604 539.687 539.777 539.863 539.935 539.875 539.621 541.176 541.333 540.323 539.953 539.886 539.806 539.815 539.884 539.944 539.866 539.777 539.708 539.741 506.454 0.000 0.000 0.000 309.904 474.367 502.686 537.473 540.409 540.388 515.388 472.119 533.892 544.961 544.970 542.961 530.272 448.742 0.000 523.072 540.341 540.184 540.098 539.074 540.782 542.364 542.283 502.458 335.350 460.952 0.000 0.000 0.000 0.000 0.000 0.000 0.000 89.403 108.286 109.040 0.000 0.000 128.897 189.269 0.000 0.000 0.000 0.000 0.000 0.000
536.457 539.033 539.766 539.764 539.998 539.935 538.783 541.377 541.357 539.668 539.886 539.855 539.815 539.886 539.957 540.023 539.944 539.851 539.788 539.792 539.813 519.334 369.322 0.000 0.000 0.000 0.000 499.238 540.428 540.103 541.224 542.110 543.870 544.950 544.347 523.706 333.223 0.000 0.000 521.533 540.063 540.089 540.375 539.734 541.532 541.666 542.273 542.261 541.888 496.923 0.000 0.000 0.000 0.000 0.000 0.000 0.000 0.000 81.432 109.093 120.242 152.485 190.297 179.275 0.000 0.000 0.000 0.000 0.000 565.979
542.029 541.662 541.184 540.878 540.355 539.014 538.985 541.415 541.390 538.858 539.868 539.933 539.876 539.946 540.023 540.091 539.827 539.032 539.844 539.853 539.858 539.811 514.139 474.063 196.397 0.000 0.000 497.466 540.607 540.433 539.512 542.946 544.834 544.845 538.011 0.000 0.000 0.000 0.000 518.389 539.250 540.005 540.406 540.434 541.315 541.002 542.016 541.822 540.841 521.052 392.245 0.000 0.000 0.000 0.000 0.000 0.000 0.000 0.000 77.775 152.460 155.502 186.101 183.578 443.366 38.734 0.000 431.180 561.436 566.479
542.878 542.894 542.884 542.658 542.444 542.133 541.777 541.439 540.799 539.788 539.933 540.001 539.933 539.870 539.833 540.339 541.330 541.858 541.776 541.587 540.825 539.265 540.685 540.650 498.703 460.672 469.972 526.903 540.881 540.914 540.954 544.590 544.819 529.891 350.147 0.000 0.000 436.777 458.532 524.123 539.015 539.763 540.383 540.404 539.687 538.197 539.520 541.807 541.733 541.722 421.806 0.000 0.000 0.000 0.000 0.000 0.000 0.000 0.000 0.000 0.000 0.000 0.000 0.000 443.532 0.000 0.000 0.000 567.151 566.489
542.688 542.906 542.974 542.986 543.022 543.036 543.043 542.562 541.558 540.046 539.819 540.064 539.826 539.139 540.719 542.326 543.668 543.883 543.906 543.789 543.224 542.108 541.073 539.358 540.961 540.920 540.771 540.746 540.609 539.442 542.872 544.576 541.196 0.000 0.000 0.000 422.118 537.069 539.477 539.499 539.842 540.114 540.373 540.386 539.000 538.764 538.779 540.629 541.724 500.525 436.704 405.557 0.000 0.000 0.000 0.000 0.000 0.000 0.000 0.000 0.000 38.790 190.255 189.981 477.499 443.597 495.377 564.182 567.181 567.309
542.589 542.582 542.552 542.987 542.951 543.043 543.147 543.138 543.146 542.150 541.178 540.289 540.972 541.798 543.441 543.979 543.993 544.005 544.019 544.074 544.091 544.104 543.414 542.023 541.020 539.395 539.976 539.410 540.017 541.989 544.409 544.558 450.622 0.000 0.000 0.000 458.584 514.525 538.761 539.750 539.824 539.843 539.920 540.470 540.494 539.714 540.269 541.001 541.656 496.910 468.520 468.419 422.229 0.000 0.000 0.000 0.000 0.000 0.000 0.000 0.000 0.000 0.000 0.000 477.438 0.000 565.490 567.625 567.367 567.349
542.651 542.641 542.609 543.028 542.975 542.907 543.191 543.146 543.186 543.470 543.370 543.293 543.355 543.477 543.504 543.526 542.305 542.218 542.261 543.170 543.621 544.114 544.184 544.200 543.605 542.553 541.969 541.853 543.181 544.948 544.877 544.525 458.731 0.000 0.000 0.000 0.000 0.000 516.379 539.733 525.641 505.853 531.663 539.834 541.116 541.460 541.495 541.525 541.535 453.360 343.372 468.300 465.235 452.869 458.570 452.833 0.000 0.000 0.000 0.000 0.000 0.000 562.502 514.651 567.518 568.963 569.406 568.429 567.985 567.059
542.993 543.011 543.045 543.085 542.659 539.571 543.240 543.174 543.094 543.516 543.476 543.417 543.064 542.756 542.740 542.709 539.543 539.549 539.531 543.219 543.144 543.063 543.334 544.212 544.431 544.748 544.826 544.877 544.967 545.002 544.510 544.582 513.525 402.422 0.000 0.000 0.000 0.000 503.932 539.676 453.845 0.000 519.387 540.129 541.366 541.452 541.364 541.467 540.470 493.287 167.805 468.246 465.113 461.099 461.016 460.796 258.189 0.000 0.000 0.000 0.000 556.669 563.927 569.252 569.374 569.405 569.429 569.444 569.213 569.444
543.060 543.083 543.118 543.156 543.206 543.269 543.336 542.727 542.707 543.563 543.501 542.840 542.815 542.819 542.806 542.788 543.295 543.273 543.248 543.329 542.630 539.577 543.371 543.323 543.268 543.540 544.871 544.941 544.993 545.039 540.069 545.208 545.809 522.876 488.793 488.872 459.312 461.774 529.505 539.663 477.475 424.861 539.408 541.331 541.359 540.827 541.027 540.977 539.825 536.924 437.226 466.097 443.814 279.637 446.921 257.850 374.297 258.484 0.000 0.000 0.000 503.006 567.285 567.734 567.436 567.639 567.683 569.444 569.444 569.444
543.130 543.161 543.197 543.226 543.273 543.343 543.418 543.492 543.565 543.632 542.904 542.911 542.887 543.522 543.507 543.445 543.373 543.379 543.332 543.423 543.506 543.504 543.447 542.403 539.525 540.406 543.709 543.707 542.115 545.477 545.727 545.796 545.850 546.536 546.534 545.165 545.273 546.649 518.016 492.931 471.599 505.730 541.083 541.322 540.728 540.018 539.917 523.621 517.643 437.504 42.593 0.000 281.299 381.624 0.000 0.000 440.863 545.464 560.730 439.620 542.768 568.082 568.640 568.509 568.524 568.577 569.444 569.444 568.507 568.804
543.202 543.249 543.294 543.305 543.332 543.406 543.489 543.573 543.654 543.729 543.787 543.776 543.672 543.577 543.564 543.514 543.439 543.468 543.379 542.744 544.204 544.300 543.512 542.618 539.614 540.609 543.794 545.914 545.869 545.866 543.667 544.641 547.525 548.251 547.168 544.616 540.012 546.873 404.618 0.000 425.491 540.773 541.066 540.468 539.574 540.841 495.172 0.000 0.000 281.539 343.560 344.774 346.041 382.463 0.000 0.000 558.324 567.313 569.162 566.387 568.979 569.174 569.192 569.174 569.444 569.444 569.444 569.104 569.084 569.059
543.281 543.349 543.410 543.410 543.392 543.463 543.555 543.648 543.735 543.811 544.549 544.548 544.085 544.045 543.815 543.564 543.499 543.542 542.971 538.516 544.471 544.743 544.690 542.665 543.805 545.909 546.254 546.314 544.726 545.918 547.548 548.447 548.397 548.324 546.864 544.051 547.204 548.275 449.388 0.000 0.000 527.881 540.541 540.231 540.390 541.132 491.613 0.000 341.108 342.218 343.466 344.780 346.054 402.703 0.000 556.955 567.948 569.078 569.177 569.271 569.243 569.183 569.444 569.444 569.444 569.121 569.099 569.076 569.053 569.029
543.365 543.448 543.522 543.518 543.466 543.508 543.609 543.711 543.807 544.103 545.084 545.082 518.119 460.502 501.985 543.531 540.601 543.726 544.640 544.739 544.779 544.782 544.788 545.157 545.836 545.888 545.938 546.676 548.973 548.870 548.807 548.505 544.651 538.498 540.167 547.433 548.393 548.384 483.731 0.000 0.000 486.520 541.299 541.265 541.238 541.148 486.189 0.000 340.051 204.609 282.573 343.464 0.000 464.387 559.689 567.644 569.179 569.256 569.244 569.292 569.275 569.444 569.444 569.167 569.142 569.117 569.096 569.075 569.054 568.683
543.448 543.538 543.617 543.613 543.549 543.538 543.634 543.730 543.821 544.339 545.477 545.447 540.490 277.725 420.064 523.452 544.590 544.639 544.701 544.781 544.822 544.828 545.264 545.515 545.549 543.443 544.841 549.940 549.919 546.653 542.798 538.544 538.538 544.739 547.764 548.447 548.402 547.512 519.519 462.966 447.292 531.214 541.348 539.496 535.573 521.550 454.872 244.159 238.138 339.709 340.186 341.244 0.000 554.295 567.682 569.207 569.286 569.280 569.319 569.444 569.444 569.444 569.199 569.172 569.143 569.118 569.096 569.076 568.798 567.809
543.522 543.617 543.698 543.699 543.626 543.568 543.656 543.749 543.835 544.368 545.648 543.229 465.208 373.554 0.000 470.102 544.474 544.504 544.771 544.828 544.876 545.334 545.303 545.054 543.495 537.369 546.779 550.189 547.016 538.586 539.509 545.389 547.581 548.557 548.548 548.455 546.428 544.065 544.018 543.963 543.889 543.832 541.374 517.203 421.229 0.000 244.164 246.504 0.000 341.450 339.709 299.518 558.808 567.743 569.235 569.301 569.341 569.444 569.444 569.444 569.249 569.219 569.189 569.163 569.140 569.118 569.098 569.081 568.543 565.956
543.390 543.379 543.771 543.774 543.699 543.615 543.672 543.767 543.852 544.573 545.766 517.193 0.000 430.733 513.217 516.008 543.636 544.538 525.039 499.047 545.856 545.366 544.182 543.536 540.122 543.621 550.224 550.209 544.223 545.888 547.872 548.743 548.731 548.678 548.066 546.454 540.194 544.013 543.944 541.389 524.216 521.939 517.265 517.302 468.592 390.906 325.873 518.733 518.198 0.000 0.000 553.666 567.853 569.286 569.353 569.324 569.444 569.444 569.293 569.263 569.235 569.208 569.183 569.159 569.137 569.118 569.104 566.757 563.757 0.000
545.012 544.821 544.456 544.044 542.506 542.639 542.683 542.691 539.812 544.411 545.850 540.208 508.831 520.070 544.164 544.221 540.628 544.886 542.672 518.827 545.908 543.321 542.499 542.151 543.890 550.466 550.449 522.742 512.059 548.927 548.919 548.853 548.103 547.144 544.157 538.565 541.501 543.948 523.391 484.184 445.662 384.138 517.308 517.422 472.628 492.792 517.499 520.135 519.051 0.000 0.000 566.159 569.317 569.308 569.444 569.444 569.444 569.314 569.287 569.257 569.228 569.202 569.184 569.089 569.094 569.098 569.091 0.000 0.000 0.000
545.138 545.333 545.580 545.643 545.669 545.685 545.764 545.793 545.820 545.850 545.963 543.473 543.643 543.616 543.681 544.915 544.985 544.972 547.318 547.725 545.969 538.049 542.721 544.333 550.813 550.790 547.526 545.103 548.270 549.009 548.044 547.042 544.601 541.779 544.064 541.109 542.221 543.901 520.697 482.127 460.949 493.018 517.429 517.492 519.066 523.132 523.081 520.173 0.000 0.000 561.504 568.652 569.444 569.444 569.444 569.337 569.318 569.295 569.271 569.246 569.226 569.203 567.473 564.985 568.467 569.079 569.059 563.695 0.000 0.000
544.258 537.097 450.330 455.600 476.478 544.963 544.664 544.709 544.757 545.183 546.051 542.956 543.698 543.038 544.616 546.126 546.334 546.386 546.442 547.792 548.328 546.836 542.894 551.170 551.146 550.175 550.123 550.079 549.654 549.021 544.911 542.727 544.691 544.613 544.131 544.082 544.041 543.985 542.502 542.451 523.009 489.966 434.407 434.689 522.154 528.862 522.927 518.096 428.855 559.345 568.696 569.444 569.444 569.349 569.337 569.320 569.300 569.279 569.258 569.241 569.196 568.966 541.211 0.000 566.986 569.058 569.002 568.978 0.000 0.000
544.034 527.309 0.000 117.171 426.048 544.498 543.530 543.634 543.768 544.704 546.089 536.048 543.792 545.358 545.962 546.095 545.589 544.499 543.394 544.662 549.613 551.655 551.433 551.411 538.465 525.385 550.083 549.443 535.673 466.664 504.490 545.092 544.751 544.691 544.636 536.039 510.849 494.741 513.727 542.402 538.486 492.671 492.915 428.551 520.202 528.965 523.166 542.518 542.818 566.892 569.444 569.338 569.378 569.342 569.327 569.307 569.289 569.271 569.256 569.238 566.901 563.010 556.717 558.189 567.902 568.993 568.958 568.585 490.607 0.000
544.116 544.203 516.016 119.366 430.708 544.460 543.997 543.888 543.878 544.223 546.116 544.750 545.731 545.902 545.934 545.630 543.581 544.593 544.550 543.421 549.106 551.846 551.748 551.031 548.350 543.140 502.712 483.029 454.181 0.000 469.076 545.476 544.753 544.717 519.167 475.817 438.793 425.186 516.501 539.466 494.838 431.461 493.254 520.188 529.141 529.289 513.860 444.609 530.273 566.891 569.444 569.377 569.348 569.336 569.319 569.302 569.285 569.269 569.221 568.844 549.744 0.000 561.893 568.892 568.959 568.967 568.823 568.243 417.842 0.000
542.350 544.264 538.320 0.000 404.947 544.406 544.063 542.067 543.973 546.014 546.137 546.104 546.110 545.928 543.851 545.739 545.657 545.567 545.471 548.073 551.913 551.859 551.190 551.525 551.479 530.706 0.000 0.000 0.000 0.000 464.651 545.572 544.762 544.731 503.027 351.471 496.539 538.172 542.037 519.225 385.821 171.829 175.302 412.227 528.068 529.534 530.218 530.290 530.685 569.444 569.444 569.367 569.350 569.332 569.317 569.302 569.286 569.273 568.812 567.311 558.557 468.835 565.360 568.135 568.723 568.959 568.626 567.741 405.616 0.000
546.495 545.902 526.423 0.000 525.348 543.676 544.450 546.225 546.389 546.330 546.158 546.143 546.221 546.042 545.960 546.864 546.781 545.652 546.210 551.975 551.933 547.761 551.804 551.554 551.521 551.233 513.749 378.174 443.667 506.298 513.746 545.628 544.827 544.748 536.900 521.783 546.881 546.463 542.108 542.042 492.442 173.963 177.412 449.546 517.523 509.517 516.340 561.561 567.138 569.444 569.401 569.379 569.368 569.331 569.319 569.305 569.291 569.255 565.675 559.251 563.041 563.311 568.129 568.166 567.779 568.563 568.231 565.900 549.535 0.000
546.617 546.680 546.257 526.655 546.773 546.755 546.754 547.469 547.301 547.187 547.124 546.196 546.331 546.261 547.073 546.970 546.863 546.796 552.071 552.057 546.083 547.621 552.270 552.286 550.294 551.297 551.844 546.179 548.602 552.644 551.360 546.597 538.651 538.702 548.531 551.161 549.600 515.109 467.007 539.053 537.730 512.965 514.182 517.381 517.454 477.478 504.059 566.244 569.406 569.444 569.360 569.368 569.356 569.330 569.320 569.306 569.125 568.673 562.697 517.168 545.738 547.179 567.853 568.347 568.214 567.817 567.326 564.994 566.001 527.799
546.925 546.991 547.029 547.092 547.036 547.316 547.475 547.553 544.446 544.051 480.940 458.898 547.425 547.295 547.266 547.141 545.962 547.246 552.281 551.027 542.454 546.510 551.967 552.646 552.665 552.687 552.709 552.730 552.749 552.668 552.647 552.337 551.807 550.438 550.799 551.183 515.158 445.643 443.900 481.177 473.695 437.570 514.526 517.337 517.388 513.398 475.617 566.299 569.444 569.444 569.401 569.392 569.351 569.341 569.328 569.268 568.662 567.751 567.824 567.958 567.313 568.065 568.367 568.360 568.352 568.272 567.734 567.849 566.032 0.000
450.795 453.559 547.103 547.139 547.073 544.643 543.601 547.632 535.377 445.320 445.170 344.618 547.677 547.482 547.406 547.293 547.123 552.307 552.296 544.028 545.176 545.278 546.513 549.288 549.958 549.964 548.588 549.752 552.985 552.749 549.748 550.466 551.778 551.747 551.714 551.501 544.456 485.889 448.990 447.024 0.000 322.370 509.759 515.862 422.017 0.000 547.916 568.808 569.444 569.388 569.390 569.376 569.351 569.341 569.329 569.257 568.799 564.904 565.939 568.283 568.393 568.556 568.532 568.344 568.081 568.234 567.985 567.865 565.906 149.519
344.941 439.193 475.084 548.066 544.669 543.603 547.634 547.761 548.427 445.556 394.086 532.790 547.756 547.604 547.514 547.411 547.966 552.494 550.948 542.879 545.279 545.401 545.539 545.134 545.153 545.147 544.103 548.088 553.150 550.711 437.385 460.152 485.608 550.712 551.558 549.295 549.256 545.523 502.101 502.160 316.223 425.144 509.606 493.701 0.000 0.000 564.739 569.444 569.444 569.406 569.400 569.355 569.346 569.335 569.324 569.313 568.972 565.117 566.945 568.341 568.259 568.560 568.541 568.154 568.274 567.960 566.970 567.851 566.541 236.324
