results2_8e3_rain/res_3e8f-0074.wd
ncols         241
nrows         181
xllcorner     12693529.787448
yllcorner     3542525.717860
cellsize      155.156523
NODATA_value  -9999.000000
[rows 132 to 164 of 181, columns 0 to 72 of 241]
92.318 97.317 101.317 101.316 103.315 103.314 97.313 88.311 74.309 63.307 62.304 63.301 62.298 61.294 66.289 80.284 91.278 96.271 96.263 93.254 85.242 76.227 67.209 61.187 66.157 68.122 67.081 68.034 65.995 60.958 74.923 97.889 64.861 0.000 0.000 0.000 4.479 56.471 68.463 65.436 67.412 73.396 91.389 77.387 61.387 60.390 60.395 72.402 93.409 34.415 7.422 2.437 0.000 0.000 0.000 0.000 0.000 0.000 0.000 0.000 0.000 0.000 0.000 0.000 24.390 4.310 8.229 49.127 71.977 75.873 75.762 85.845 113.308
70.323 72.323 75.323 81.322 91.321 97.320 102.318 102.317 95.315 81.312 70.310 64.306 68.303 75.299 88.294 103.289 102.283 99.276 99.268 102.258 102.246 98.232 86.215 74.194 66.168 61.139 62.106 61.072 62.040 70.010 91.984 99.962 11.949 0.000 0.000 0.000 14.487 42.496 60.530 69.523 70.504 67.481 68.477 78.474 73.470 66.467 70.463 78.459 91.456 32.453 18.443 24.453 4.463 0.000 0.000 0.000 0.000 0.000 0.000 0.000 0.000 0.000 0.000 0.000 6.470 0.000 56.254 78.172 74.048 83.016 74.076 113.435 102.191
62.330 62.329 62.329 64.328 69.327 73.326 80.325 89.323 97.321 100.318 94.316 92.312 94.309 97.305 96.300 89.295 80.289 78.282 78.274 83.264 89.253 96.240 99.224 98.205 87.183 77.159 72.133 70.107 79.082 95.060 96.041 82.028 15.023 0.000 0.000 0.000 0.000 0.000 43.638 70.624 49.598 37.547 52.563 67.562 82.554 86.543 88.530 89.516 85.505 12.497 0.000 27.470 24.473 12.476 18.477 12.477 0.000 0.000 0.000 0.000 0.000 0.000 40.700 10.646 76.550 98.482 131.331 87.300 82.348 63.301 99.362 103.870 103.773
63.336 63.336 63.335 63.335 62.334 61.332 63.331 68.329 74.327 84.325 94.322 96.319 89.315 79.311 73.307 65.302 61.296 61.289 61.281 63.272 68.262 74.250 81.235 93.219 98.201 100.182 99.161 95.141 98.121 91.105 73.093 65.086 44.091 2.119 0.000 0.000 0.000 0.000 36.760 69.736 12.717 0.000 45.667 70.657 89.641 97.622 83.598 86.571 72.549 30.535 0.000 54.485 23.482 15.479 26.478 26.477 0.000 0.000 0.000 0.000 0.000 27.810 46.753 119.691 148.609 131.487 115.037 113.979 105.646 104.284 104.155 104.018 69.240
63.343 63.342 63.342 63.341 63.340 63.339 63.338 62.336 62.334 65.332 71.329 70.326 66.322 62.318 62.314 62.309 63.304 63.297 63.290 63.282 62.273 61.262 63.249 69.236 76.221 85.205 93.189 89.173 78.158 66.146 62.138 67.134 75.137 51.146 29.152 29.136 15.097 16.026 51.905 72.842 22.819 4.830 64.782 96.756 98.733 77.705 80.669 79.621 67.584 56.558 7.531 35.503 9.492 0.000 10.477 0.000 0.342 0.000 0.000 0.000 0.000 8.869 71.812 77.728 73.711 74.867 72.838 104.630 104.521 104.407 71.598 74.373 76.242
63.350 63.349 63.349 63.348 63.347 63.346 63.345 63.343 63.341 63.339 62.336 62.333 62.329 63.325 63.321 63.317 63.312 63.307 63.300 63.293 63.285 63.275 63.265 62.253 61.241 62.228 66.216 64.204 63.193 67.184 70.178 69.175 67.176 69.177 69.174 66.159 66.128 70.076 44.994 30.907 19.886 37.890 82.874 96.853 76.828 69.797 68.751 48.661 44.610 7.584 0.000 0.000 0.000 0.639 0.000 0.000 4.343 19.316 34.267 4.197 18.110 80.955 87.938 86.006 83.988 85.066 104.833 104.733 85.854 92.642 85.493 91.263 83.102
63.357 63.357 63.356 63.356 63.355 63.354 63.353 63.351 63.349 63.347 63.344 63.341 63.337 63.333 63.329 63.326 63.322 63.317 63.312 62.305 69.298 71.290 63.281 62.272 61.262 62.252 64.242 67.234 70.226 69.220 64.216 65.214 72.213 75.213 71.209 65.198 62.180 71.157 2.141 0.000 4.928 77.970 86.970 73.955 65.931 85.902 31.878 0.000 0.000 0.000 0.000 0.000 0.000 0.639 0.000 0.000 29.370 71.338 100.289 61.220 94.100 102.252 99.211 98.298 105.111 105.022 104.929 97.944 99.819 99.515 98.373 97.302 15.216
63.364 63.364 63.364 63.363 63.363 63.362 63.361 63.359 63.357 63.355 66.352 66.349 64.345 68.340 66.337 63.335 63.332 63.328 62.324 60.318 71.312 79.306 65.298 62.291 64.283 67.275 69.268 68.262 65.257 67.253 72.251 74.251 75.251 75.251 70.250 64.245 73.238 92.231 11.228 0.000 0.000 52.090 75.083 72.065 76.037 96.004 29.982 0.000 0.000 0.000 0.000 0.000 0.000 1.640 0.000 27.485 79.431 95.376 98.304 103.299 100.460 97.448 105.355 105.278 105.197 97.263 98.045 98.916 98.595 98.565 91.494 68.399 0.000
63.372 63.372 63.372 63.371 63.371 63.370 63.369 63.368 63.366 64.364 71.362 71.358 48.354 16.346 37.344 67.345 61.343 64.341 70.337 73.332 73.327 69.322 65.316 66.310 69.304 68.298 67.294 69.290 73.287 73.286 75.286 74.287 65.289 60.292 62.294 75.295 94.296 104.299 26.304 0.000 0.000 27.219 83.207 85.186 92.149 91.095 27.063 0.000 0.000 0.000 0.000 0.000 0.000 5.640 31.607 75.547 97.461 100.474 99.559 99.559 98.650 105.502 105.430 97.475 98.273 99.132 98.917 98.771 98.726 90.657 82.615 0.000 0.000
63.380 63.380 63.380 63.379 63.379 63.378 63.378 63.377 63.376 65.374 74.372 85.369 61.365 0.000 4.350 52.356 78.356 70.354 68.351 68.347 66.343 65.338 67.334 69.329 67.325 63.321 65.318 77.316 79.315 69.316 63.319 60.322 60.327 65.332 79.339 95.345 92.354 76.365 48.384 16.422 10.417 54.359 83.340 65.322 56.280 48.162 13.113 0.000 0.000 0.000 0.000 0.000 0.000 24.674 75.640 97.550 99.741 98.731 98.838 105.708 105.642 105.573 97.541 99.422 99.133 99.005 98.948 98.874 92.796 79.731 69.694 0.000 0.000
63.388 63.388 63.388 63.387 63.387 63.387 63.387 63.386 63.385 65.384 75.382 62.380 18.373 0.390 0.000 20.373 74.371 66.368 68.365 67.362 65.359 68.355 69.351 66.348 63.345 59.343 69.341 83.341 70.342 60.346 61.350 66.357 76.364 87.373 98.383 91.394 69.408 64.424 83.444 90.465 91.470 95.460 70.472 31.482 3.485 0.000 0.000 0.000 0.000 0.000 0.000 0.000 29.788 75.718 97.732 99.916 98.932 105.889 105.831 105.771 97.815 98.611 99.498 99.194 99.178 99.116 99.039 99.946 87.864 58.777 47.735 5.735 0.000
62.396 62.396 63.396 63.396 63.396 63.396 63.396 63.396 63.396 66.395 76.395 47.394 0.000 6.407 44.403 46.392 63.387 65.383 53.380 35.377 73.375 68.372 64.369 63.367 61.365 63.363 79.363 82.365 64.368 67.373 79.381 88.390 97.400 95.412 83.425 69.441 62.459 78.480 82.503 70.525 51.539 49.540 37.605 17.650 6.694 0.945 0.000 19.292 14.292 0.000 0.000 23.876 75.891 98.987 100.003 98.111 106.000 105.945 97.985 98.794 99.669 99.474 99.350 99.324 99.270 99.217 102.145 66.009 45.937 0.000 0.000 0.000 0.000
71.405 69.405 66.404 64.404 61.404 61.405 61.406 61.406 60.406 65.406 77.407 60.409 41.414 49.413 67.410 63.405 60.401 66.398 61.395 48.393 68.391 62.389 61.387 61.385 63.384 77.383 85.384 51.386 43.392 93.399 98.410 93.421 82.435 72.449 64.466 60.485 71.508 83.534 51.562 26.593 9.621 0.702 17.760 16.818 6.915 8.097 11.227 39.292 23.292 0.000 0.000 56.128 98.153 97.271 106.154 106.105 106.053 98.026 99.915 99.639 99.529 99.497 101.451 96.399 98.367 99.338 110.315 0.000 0.000 0.000 0.000 0.000 0.000
72.414 74.413 80.411 81.411 81.413 78.415 79.415 78.416 77.417 77.417 79.418 62.419 66.421 65.421 62.419 65.416 65.414 64.412 69.410 71.408 65.407 59.405 61.404 63.403 77.402 82.402 71.402 65.406 74.412 97.423 80.437 71.452 63.468 61.485 63.504 62.527 76.554 85.584 49.620 25.663 13.719 15.811 18.866 10.946 12.052 18.182 20.291 13.357 0.000 0.000 34.374 76.377 106.291 106.248 106.202 98.266 99.069 99.964 99.671 99.665 100.621 100.574 73.527 51.462 86.460 100.453 105.462 45.521 0.000 0.000 0.000 0.000 0.000
65.425 59.423 12.417 14.417 23.422 70.424 67.426 67.426 67.427 71.428 80.429 61.429 62.430 61.430 64.430 68.428 69.427 67.425 66.424 69.423 70.423 67.422 61.421 78.421 84.420 75.419 81.419 98.422 95.429 77.444 65.464 61.482 63.499 63.518 62.539 67.565 83.595 85.630 77.671 80.720 51.783 13.864 5.949 5.049 17.163 24.286 14.400 11.489 3.521 29.621 77.572 106.372 106.333 98.415 99.221 100.104 99.915 99.799 99.782 100.733 98.690 92.648 17.625 0.000 68.558 103.554 100.560 99.579 0.000 0.000 0.000 0.000 0.000
63.437 55.437 0.000 0.000 5.435 66.436 62.436 62.437 62.438 66.438 80.439 58.440 62.440 66.441 68.440 69.440 66.439 63.439 61.439 63.438 73.438 86.439 81.439 82.439 59.438 53.436 105.432 91.433 58.440 18.458 38.492 66.512 63.530 63.549 65.570 58.597 42.632 32.670 44.713 84.764 60.829 13.912 9.015 4.139 13.266 18.400 12.536 17.652 17.745 55.786 106.431 97.609 101.345 100.246 100.058 99.947 99.921 99.884 100.840 100.801 65.760 41.703 27.700 30.705 81.660 102.644 98.643 89.657 7.691 0.000 0.000 0.000 0.000
63.449 63.451 46.457 0.000 6.446 67.447 63.447 63.448 62.448 63.449 78.450 65.450 68.451 70.451 69.452 64.452 61.452 62.452 62.453 61.453 71.454 94.455 90.456 77.457 70.457 61.454 37.441 26.438 13.439 0.000 19.534 68.545 63.560 65.577 48.596 22.620 7.667 4.706 46.746 63.794 32.855 4.943 8.061 13.224 20.363 16.512 10.692 3.881 7.226 55.050 106.506 100.498 100.256 100.076 100.060 100.022 99.980 99.941 97.904 88.871 21.847 0.000 38.767 97.756 102.732 100.718 94.713 84.717 2.724 0.000 0.000 0.000 0.000
60.459 62.461 59.463 0.000 2.458 67.458 62.458 60.459 62.459 66.459 70.460 69.461 69.462 67.463 61.463 62.464 62.465 63.466 63.467 68.468 86.470 85.472 78.474 87.477 85.480 56.483 0.000 0.000 0.000 0.000 17.565 68.573 63.587 66.603 37.618 0.000 33.712 59.738 79.774 48.809 0.856 0.000 0.000 2.367 12.450 12.596 12.809 7.231 4.559 106.714 106.612 99.408 100.250 100.149 100.114 100.074 100.035 101.998 86.963 69.933 29.909 5.897 53.846 83.818 92.797 101.782 90.774 79.772 1.775 0.000 0.000 0.000 0.000
67.469 65.470 54.471 0.000 53.469 61.469 63.469 67.469 68.470 69.470 67.470 68.471 66.472 62.474 62.475 63.476 63.478 62.479 64.481 87.483 86.485 68.488 81.492 79.497 83.503 81.514 44.535 0.564 9.586 39.590 44.589 64.597 63.611 63.630 58.656 50.698 67.729 66.763 60.802 82.848 30.899 0.000 0.000 6.394 11.476 9.607 10.775 35.015 59.470 106.807 101.744 101.483 101.222 100.207 100.165 100.126 101.089 99.052 54.018 30.987 42.960 43.935 97.902 99.875 79.854 89.839 84.829 57.825 22.826 0.000 0.000 0.000 0.000
68.477 69.479 66.481 54.484 68.481 68.480 68.480 69.480 69.480 70.481 82.481 64.481 62.483 62.485 63.487 63.489 63.490 64.492 78.495 89.497 64.500 68.504 95.509 87.515 75.523 78.534 81.551 65.571 70.586 85.595 78.603 66.614 59.630 59.650 70.677 86.710 73.743 45.781 17.825 72.881 61.962 11.087 14.209 19.339 15.451 6.582 8.688 49.996 102.250 106.891 98.724 101.370 102.297 100.257 100.217 100.178 93.140 83.104 40.070 11.038 20.009 20.981 81.952 123.927 104.906 80.890 72.878 51.872 60.870 13.870 0.000 0.000 4.014
73.485 73.487 69.489 69.490 69.490 70.490 70.491 66.491 63.491 62.491 25.491 15.489 66.494 63.497 63.499 63.501 62.503 65.505 89.508 75.511 60.515 66.519 83.524 100.531 95.539 92.550 90.563 86.578 82.591 81.603 89.614 86.627 80.644 76.665 79.691 83.721 45.754 9.792 8.836 24.891 20.981 6.089 15.200 25.303 21.411 12.550 5.719 48.967 107.048 106.971 101.622 103.459 100.344 100.309 101.268 97.229 81.191 74.155 80.120 86.087 70.056 92.027 106.999 123.974 132.953 116.936 78.923 83.915 58.911 0.000 0.000 0.000 0.000
12.490 13.495 73.497 68.499 68.500 63.501 60.501 62.502 57.502 10.503 10.503 0.000 67.509 63.510 63.511 63.513 63.515 81.518 88.521 61.524 63.528 63.533 66.539 72.545 74.553 74.563 70.574 73.586 89.598 82.610 73.622 76.637 83.655 87.676 90.700 87.728 62.761 27.798 10.836 9.866 0.000 0.000 10.201 19.260 3.335 0.000 18.891 79.130 107.122 98.976 102.690 102.424 100.404 100.359 101.318 96.278 83.240 49.203 56.168 99.134 110.102 142.072 133.044 105.018 92.996 109.977 88.963 82.954 57.949 0.000 0.000 0.000 0.000
0.000 8.508 22.504 77.509 62.510 60.511 62.512 62.513 63.514 10.515 1.518 56.524 64.522 63.522 63.523 63.525 65.528 89.530 74.533 60.537 63.541 63.546 63.552 62.558 62.566 62.575 61.585 68.595 97.606 76.617 7.628 15.643 27.664 78.683 88.705 72.732 77.764 64.803 16.842 13.871 0.000 4.092 17.143 9.201 0.000 0.000 37.041 107.266 107.194 101.858 103.590 99.495 100.452 100.409 100.367 100.327 87.288 50.250 65.214 102.179 98.146 132.115 127.086 96.058 101.034 87.014 67.998 85.988 63.983 0.000 0.000 0.000 0.000
61.530 57.524 0.000 69.521 79.521 80.521 61.522 73.523 80.525 56.526 54.529 64.532 63.532 63.533 63.535 63.537 82.539 86.542 61.545 63.549 62.553 61.558 63.564 63.571 63.578 63.586 62.595 70.604 99.613 80.623 26.630 0.000 50.674 75.687 88.706 67.729 57.760 16.808 9.860 12.906 10.973 19.041 23.077 0.000 0.000 15.991 78.218 107.335 99.126 102.835 102.574 100.548 100.500 100.457 100.414 101.374 92.334 81.296 104.259 129.223 117.189 134.156 131.125 125.096 132.070 98.047 75.029 85.016 93.012 22.019 0.000 0.000 0.000
63.536 62.535 57.537 63.533 62.532 10.532 84.533 76.534 63.535 64.537 64.539 63.541 63.543 63.544 63.546 66.548 89.551 72.554 62.557 63.561 69.565 77.570 63.576 61.582 63.589 62.596 65.604 89.612 97.621 72.630 60.641 48.656 70.671 69.685 30.702 15.720 12.740 0.000 1.883 1.919 2.972 4.020 6.049 0.000 19.127 76.232 98.361 107.403 100.088 100.722 100.640 100.593 100.547 100.503 100.461 101.419 92.379 75.340 71.302 104.266 94.230 108.196 111.163 99.131 101.101 73.075 50.053 64.037 131.028 84.026 19.025 9.022 31.019
63.543 63.543 63.543 63.542 63.541 57.542 73.543 89.544 65.545 62.547 63.549 63.551 63.553 63.555 62.557 85.560 87.562 61.565 63.568 64.572 61.576 23.581 82.587 77.593 64.599 62.606 80.613 99.620 83.628 63.637 63.646 64.657 67.669 71.681 8.697 9.708 0.000 0.000 13.871 0.000 0.000 0.000 0.000 0.000 42.288 99.401 107.533 107.468 99.976 100.801 100.680 100.639 100.593 100.549 100.505 99.464 84.423 86.383 106.345 125.307 124.270 129.234 134.199 121.164 119.130 106.098 55.072 53.052 129.039 93.032 31.026 24.022 89.018
63.550 63.550 63.550 63.550 63.551 63.551 63.552 74.554 89.555 65.557 62.559 63.561 63.563 61.566 69.568 90.571 70.573 62.576 64.579 62.582 4.587 1.593 70.598 71.604 77.609 76.615 84.621 83.628 64.635 62.642 64.650 67.658 72.666 72.672 0.000 0.000 0.000 0.858 24.859 11.854 12.852 11.852 0.000 3.685 50.653 104.647 107.596 99.328 101.027 100.758 100.732 100.683 100.637 100.592 100.549 100.507 86.466 82.426 103.386 104.347 104.309 107.271 107.234 106.196 111.157 84.117 60.083 75.060 90.044 29.036 0.000 0.000 33.015
63.558 65.557 65.557 63.558 63.560 63.561 63.562 63.563 74.565 89.567 65.569 60.571 60.574 77.576 89.579 83.582 60.584 63.587 59.589 5.590 2.599 56.605 63.609 63.614 69.619 86.624 86.630 79.635 72.641 64.648 51.654 21.660 86.665 66.668 0.000 0.000 0.000 0.000 13.851 6.851 20.851 9.851 0.000 3.967 23.924 107.719 107.658 100.195 100.919 100.820 100.773 100.725 100.680 100.635 100.592 101.550 96.508 86.467 81.427 80.387 80.348 80.309 80.270 84.230 58.186 2.129 28.084 84.059 80.042 41.032 3.024 0.000 32.013
64.566 1.566 2.563 63.567 62.569 61.570 61.571 60.573 60.574 73.576 88.579 81.581 88.584 90.587 77.590 61.593 68.596 68.599 56.601 0.000 4.613 67.616 63.620 65.624 89.628 96.633 74.638 65.643 72.648 79.653 67.658 3.662 46.666 64.669 0.000 0.000 0.000 0.835 6.844 3.848 17.849 0.000 0.000 4.217 9.551 107.779 105.459 101.156 100.893 100.864 100.813 100.767 100.721 100.677 100.634 100.591 101.550 100.509 98.468 97.427 97.386 98.346 100.307 74.267 16.226 0.000 13.067 69.049 100.035 91.024 64.016 40.010 57.011
63.575 62.576 0.000 62.577 73.578 77.579 81.580 86.582 89.584 90.586 90.589 90.591 76.594 63.597 79.600 96.603 97.607 97.611 90.616 68.624 3.625 64.628 62.631 71.634 99.638 86.642 63.646 62.650 64.654 67.658 58.662 3.666 23.669 23.671 0.000 0.000 0.000 6.826 1.835 0.000 0.849 0.000 12.101 13.535 5.179 107.836 109.406 105.034 100.950 100.901 100.853 100.806 100.761 100.717 100.675 100.632 100.591 100.550 100.508 100.466 101.424 104.384 76.345 9.306 0.000 0.000 0.000 14.037 70.024 101.014 92.007 68.004 45.008
63.584 65.585 61.589 63.587 78.587 77.588 73.589 69.591 68.593 64.595 85.598 75.601 86.604 77.607 93.611 89.614 82.618 83.622 94.627 100.632 89.635 90.638 82.641 90.644 98.647 71.650 62.654 63.657 63.660 62.664 62.667 64.670 59.673 8.676 68.684 59.688 0.000 0.776 0.000 0.000 0.000 2.765 80.899 78.127 107.936 107.888 103.285 104.103 100.981 100.939 100.891 100.845 100.800 100.757 100.715 100.673 100.632 100.591 100.549 102.506 107.459 76.419 16.382 0.000 0.000 0.000 0.000 0.000 11.012 62.000 96.993 46.991 0.000
65.592 1.591 60.595 63.596 63.596 63.597 62.598 63.599 65.601 63.605 75.608 70.611 79.614 90.618 78.621 63.625 64.629 65.633 66.638 71.642 84.645 94.649 100.651 98.654 87.656 63.659 63.661 63.664 63.667 63.670 64.672 87.674 60.676 0.681 64.687 14.693 8.704 1.715 0.000 0.000 0.000 12.661 100.873 103.065 107.979 101.629 101.320 101.051 101.025 100.974 100.927 100.882 100.838 100.796 100.754 100.713 100.673 100.633 102.593 87.549 41.487 8.453 0.000 0.000 0.000 0.000 0.000 0.000 0.000 32.979 94.977 46.975 0.000
66.602 0.000 60.604 63.604 63.605 63.606 63.607 64.608 2.608 62.614 66.618 77.621 77.625 85.628 90.632 76.635 61.639 61.644 61.648 63.653 65.656 66.659 67.662 67.664 66.666 65.668 61.669 61.671 62.674 63.676 74.677 88.679 59.681 53.683 55.685 0.000 0.000 1.715 0.000 0.000 0.000 16.657 99.762 108.060 108.019 100.483 101.203 101.103 101.056 101.008 100.963 100.918 100.875 100.834 100.793 100.753 100.713 100.675 105.639 61.611 0.000 0.000 0.000 0.000 0.000 0.000 0.000 0.000 0.000 35.961 95.959 54.957 0.000
