results2_8e3_rain/res_3e8f-0074.wd
ncols         241
nrows         181
xllcorner     12693529.787448
yllcorner     3542525.717860
cellsize      155.156523
NODATA_value  -9999.000000
[rows 66 to 98 of 181, columns 73 to 145 of 241]
66.696 30.686 0.000 55.929 72.909 71.882 71.856 0.000 43.316 43.300 56.309 52.317 51.299 51.258 50.197 126.110 113.958 0.000 0.000 0.000 46.866 41.816 46.742 49.692 49.649 51.610 52.575 57.539 58.504 59.463 50.405 0.000 0.000 47.803 97.803 79.712 83.564 83.641 81.686 89.620 82.074 82.542 83.271 82.033 81.801 82.588 52.425 0.000 0.000 0.000 0.000 0.000 0.000 0.000 23.271 21.252 21.215 21.164 21.100 21.032 24.957 37.875 34.784 19.687 30.586 39.491 18.402 21.317 27.235 32.154 28.074 21.996 19.919
51.697 57.677 0.000 44.123 68.091 67.066 61.068 14.143 0.000 0.000 49.379 62.449 51.448 50.420 51.381 32.344 0.000 0.000 0.000 0.000 0.000 0.000 57.695 55.674 53.646 36.610 39.574 46.538 47.510 52.480 43.443 0.000 0.000 0.000 58.047 75.952 82.882 82.969 90.067 89.851 82.158 82.836 82.537 82.317 82.096 76.900 34.761 0.000 0.000 31.957 0.000 0.000 0.000 29.309 24.309 21.287 21.249 21.198 21.137 21.069 20.995 20.914 27.827 41.736 42.643 25.553 19.465 20.381 21.298 25.218 24.138 20.060 19.984
53.705 52.647 57.528 55.349 69.266 62.222 63.207 60.219 0.000 0.000 0.000 64.650 59.625 54.594 56.563 3.542 0.000 0.000 0.000 0.000 0.000 0.000 56.670 52.662 43.652 0.000 0.000 44.528 56.519 55.506 0.000 0.000 3.761 60.641 52.385 56.205 63.278 78.334 90.267 81.922 83.464 83.018 82.819 82.592 80.368 63.154 41.957 47.957 45.957 26.957 0.000 0.000 0.000 0.000 38.369 20.340 21.297 25.243 33.181 23.113 21.038 19.958 23.874 38.787 45.699 37.611 23.526 18.442 20.361 20.280 20.201 20.123 19.047
53.743 51.679 55.587 66.481 60.403 53.350 72.318 61.306 13.320 0.000 7.008 56.876 72.809 67.766 67.736 70.719 0.000 0.000 0.000 0.000 2.646 2.648 54.654 45.652 48.647 0.000 0.000 0.000 92.530 119.518 34.518 0.000 59.881 54.780 54.618 54.524 50.606 90.637 90.458 82.978 86.574 83.310 83.091 82.866 74.629 27.392 0.000 49.957 27.957 0.000 0.000 0.000 26.571 25.535 24.459 20.407 24.355 36.297 41.233 39.163 32.088 22.008 30.925 38.839 17.753 23.668 36.584 33.502 29.422 37.342 18.263 20.185 18.109
51.803 57.737 67.662 59.583 51.514 51.458 64.411 72.367 68.333 71.266 73.139 68.038 62.970 64.924 53.895 52.880 0.000 0.000 0.000 3.642 59.643 58.645 46.646 48.644 49.639 53.630 52.624 0.000 3.554 0.000 0.000 6.260 66.103 58.978 53.819 54.911 52.955 90.799 52.617 60.197 74.783 82.594 83.370 81.153 39.891 0.000 0.000 0.000 0.000 0.000 0.000 27.632 21.608 21.574 21.525 22.473 32.418 41.358 40.291 40.219 36.142 32.061 41.977 24.893 19.808 20.724 20.641 30.561 43.482 30.403 18.325 19.245 25.170
57.868 68.807 58.741 51.674 52.612 52.557 54.501 38.416 64.382 62.325 54.244 51.168 50.109 66.067 68.040 55.026 0.000 0.000 0.000 59.641 55.641 52.641 45.641 49.638 49.634 49.627 49.619 8.603 11.578 12.575 14.542 82.418 79.295 68.171 67.130 56.130 91.087 90.950 54.679 61.321 56.088 62.882 81.643 56.486 0.000 0.000 0.000 0.000 0.000 0.000 0.000 27.657 21.653 21.631 21.593 22.544 31.488 41.424 40.355 39.279 36.200 41.117 35.032 18.946 20.862 20.778 20.697 30.618 38.542 17.466 20.387 23.302 42.230
68.937 58.880 51.821 52.761 52.705 53.656 34.619 0.000 21.453 49.408 52.344 52.280 52.230 50.194 74.171 58.159 0.000 0.000 0.000 36.640 53.639 47.639 48.637 49.635 49.631 49.626 49.620 60.613 0.598 4.604 21.633 74.574 84.481 6.376 88.302 78.496 91.207 53.271 66.907 63.544 53.408 50.202 46.836 31.661 0.000 0.000 23.263 0.000 0.000 0.000 0.000 23.687 21.716 21.705 21.671 21.623 22.564 28.498 36.424 36.345 36.261 40.175 18.087 21.000 20.914 19.831 25.751 42.674 25.601 19.531 22.455 3.345 4.278
59.010 51.956 52.900 52.844 52.791 55.742 11.700 9.667 2.575 47.510 52.445 54.379 52.338 51.309 69.290 65.280 0.000 0.000 0.000 0.000 44.637 47.636 49.635 49.633 49.630 49.627 51.622 37.617 0.000 0.000 71.815 74.763 85.682 91.559 85.666 83.703 91.308 74.329 77.027 61.864 54.765 47.687 0.000 0.000 0.000 0.000 21.263 0.000 0.000 0.000 0.000 0.000 24.821 21.801 21.763 21.712 21.650 21.579 21.500 28.415 36.326 24.234 21.143 21.052 20.964 23.880 36.800 36.727 18.659 20.601 23.559 0.000 0.000
52.086 53.034 52.980 52.926 52.872 52.821 56.773 57.726 57.666 53.609 53.548 33.454 50.433 51.414 67.399 66.392 0.000 0.000 0.000 0.000 43.635 49.635 49.634 49.632 49.630 49.628 37.625 0.000 0.000 0.372 77.047 82.984 85.894 85.845 84.924 91.443 83.826 86.540 81.224 66.162 56.099 55.095 55.236 0.000 0.000 0.000 18.264 25.265 18.265 0.000 0.000 0.000 39.947 20.915 21.870 21.812 21.745 22.667 21.581 21.489 21.393 21.295 21.197 21.102 20.011 25.925 40.845 17.773 20.709 20.655 22.620 0.000 0.000
53.166 53.114 53.061 53.006 52.951 52.897 52.846 52.798 52.754 52.714 56.684 0.000 43.528 52.515 68.502 63.496 0.000 0.000 0.000 0.000 48.634 51.634 51.633 51.632 49.631 52.630 0.000 0.000 0.000 69.497 75.335 86.230 86.107 86.214 84.259 91.659 84.969 89.610 85.498 86.429 74.377 62.357 51.378 46.378 48.378 0.000 0.000 24.266 19.265 25.260 26.244 24.203 30.104 40.044 21.988 22.924 31.849 38.764 20.670 21.568 21.462 21.355 21.249 20.148 25.052 43.964 37.883 26.811 19.747 20.692 22.647 37.605 55.547
53.248 53.197 53.144 53.088 53.029 52.969 52.914 55.868 53.837 52.810 56.789 0.000 43.636 52.616 69.598 61.594 1.627 0.000 0.000 0.000 21.634 31.634 30.633 30.632 51.631 36.630 0.000 0.000 0.000 71.666 81.570 86.464 86.415 85.515 92.327 92.013 86.044 86.885 85.740 85.680 86.623 77.578 42.540 0.000 0.000 0.000 0.000 22.268 22.270 19.271 21.270 22.262 21.220 28.171 42.113 25.045 22.965 32.871 20.766 21.651 21.532 21.413 21.298 21.188 29.087 41.995 28.913 40.840 18.776 19.720 24.670 45.622 57.569
53.333 53.282 53.228 53.172 53.109 56.035 57.976 29.921 50.919 53.898 55.873 15.850 46.764 51.714 63.679 61.660 2.658 0.000 0.000 0.000 0.000 0.000 0.000 0.000 32.631 0.000 0.000 0.000 20.101 69.931 86.812 86.683 86.793 84.873 92.611 84.647 90.349 86.040 85.991 85.921 85.859 75.790 36.665 0.000 0.000 0.000 0.000 0.000 25.276 26.283 13.303 21.356 22.345 22.306 26.250 42.180 25.093 21.991 21.872 21.739 21.603 21.468 19.341 25.221 44.113 25.017 23.934 37.861 21.798 19.742 26.692 52.644 57.596
53.419 53.368 53.317 53.263 55.198 31.088 33.032 0.000 13.018 48.991 52.956 56.914 52.854 55.799 60.745 65.710 4.684 0.000 0.000 0.000 0.000 0.000 0.000 0.000 0.000 0.000 0.000 3.392 79.271 81.147 87.035 86.985 86.100 93.121 92.875 85.718 86.429 86.297 86.224 86.158 85.101 65.060 0.000 0.000 0.000 0.000 0.000 0.000 0.000 17.283 0.000 28.515 25.497 21.458 21.402 23.329 40.239 29.127 20.991 21.832 21.671 20.518 25.375 27.244 26.126 23.027 20.944 20.873 20.813 21.759 34.712 56.668 57.625
53.505 53.455 53.408 53.365 58.332 0.000 0.000 19.230 11.146 45.092 54.044 51.996 53.941 65.881 37.792 31.751 0.000 0.000 0.000 0.000 0.000 0.000 0.000 0.000 0.000 0.000 0.000 66.513 71.443 85.352 87.232 87.359 85.451 93.348 85.233 86.903 86.593 86.530 86.452 86.385 78.328 55.288 0.000 0.000 0.000 0.000 0.000 0.000 0.000 0.000 0.000 32.692 27.670 21.628 19.571 22.498 22.406 38.289 31.133 21.926 22.732 20.557 27.398 27.253 24.121 18.020 20.941 20.876 22.820 36.771 55.728 57.689 60.654
54.589 52.539 52.495 52.458 55.434 25.438 22.398 54.314 59.243 53.186 51.134 58.085 68.035 70.990 0.000 0.000 0.000 0.000 0.000 0.000 0.000 0.000 0.000 0.000 0.000 0.000 0.000 68.704 76.639 86.549 87.539 86.576 93.764 93.562 86.271 86.971 86.829 86.748 86.672 86.602 68.536 50.477 0.000 0.000 0.000 0.000 0.000 0.000 0.000 0.000 0.000 30.891 28.862 28.815 25.756 18.684 20.599 21.489 37.326 37.008 33.773 30.579 23.409 22.249 19.086 19.993 20.925 24.869 44.820 56.778 56.740 57.707 56.679
68.667 67.618 66.575 64.537 61.507 62.482 62.442 59.385 60.327 62.274 62.223 68.173 70.122 28.056 0.000 0.000 0.000 0.000 0.000 0.000 0.000 0.000 0.000 0.000 0.000 7.221 15.142 69.960 86.852 87.760 87.709 86.937 93.953 85.761 87.430 87.114 87.045 86.961 86.886 84.815 66.738 37.607 0.000 0.000 0.000 0.000 0.000 0.000 0.000 0.000 0.000 21.119 25.073 28.015 28.952 27.886 24.815 20.742 14.675 0.000 0.000 0.000 0.000 0.000 22.980 20.941 23.897 44.854 57.815 56.780 57.749 60.721 56.699
64.740 66.691 65.648 67.610 69.576 68.542 67.503 65.456 63.407 63.359 64.311 60.264 60.224 0.000 0.000 0.000 0.000 0.000 0.000 0.000 0.000 0.000 0.000 0.000 0.000 56.300 79.244 78.143 87.051 87.940 88.067 86.169 94.128 87.861 87.462 87.334 87.247 87.166 87.095 83.035 62.992 0.000 0.000 0.000 0.000 0.000 0.000 0.000 0.000 0.000 28.561 23.393 20.295 22.219 27.153 29.092 29.036 29.989 20.958 0.000 0.000 0.000 0.000 0.000 23.913 21.895 37.867 58.837 56.807 56.778 56.753 57.731 56.712
52.807 52.760 53.717 60.679 69.643 75.608 63.571 57.530 52.487 50.443 49.397 55.348 34.286 0.000 0.000 0.000 0.000 0.000 0.000 0.000 0.000 0.000 0.000 0.000 0.000 62.434 78.393 86.321 88.238 88.207 87.338 94.438 94.289 89.886 87.688 87.524 87.443 87.363 87.293 82.237 57.204 0.000 0.000 0.000 0.000 0.000 0.000 0.000 0.000 28.872 23.730 23.598 23.496 22.415 19.348 24.292 28.248 29.219 26.209 0.000 0.000 0.000 0.000 26.849 20.864 24.858 52.841 56.820 56.797 56.775 56.754 56.736 56.722
51.868 51.823 55.782 60.745 62.710 65.676 55.642 51.606 52.569 52.529 54.488 32.443 0.000 0.000 0.000 0.000 0.000 0.000 0.000 0.000 0.000 0.000 0.000 0.000 0.000 48.611 77.571 87.509 88.412 88.544 86.655 94.574 87.449 89.117 87.793 87.723 87.632 87.550 87.477 78.417 51.382 0.000 0.000 0.000 0.000 0.000 0.000 0.000 28.147 24.014 23.888 23.773 23.677 23.597 23.533 20.482 19.446 22.431 29.451 29.547 0.000 0.000 0.000 20.835 21.837 39.832 56.820 55.804 55.787 56.769 56.753 56.738 56.727
51.925 51.882 53.843 54.808 52.776 51.746 52.715 51.684 51.652 51.617 56.584 1.566 0.000 0.000 0.000 0.000 0.000 0.000 0.000 0.000 0.000 0.000 0.000 0.000 0.171 56.827 85.773 88.702 88.677 87.811 94.823 94.703 90.453 88.149 88.000 87.906 87.815 87.727 88.646 68.574 56.524 0.000 0.000 27.892 0.000 27.599 29.545 29.441 24.280 24.150 24.034 23.930 23.841 23.765 23.703 23.656 22.623 19.609 28.616 29.644 22.644 0.000 0.000 28.819 20.817 28.812 34.803 37.790 41.777 47.763 53.750 55.738 55.729
52.976 52.936 52.901 52.869 52.841 51.814 51.789 51.764 51.737 50.703 58.660 9.623 0.000 0.000 0.000 0.000 0.000 0.000 0.000 0.000 0.000 0.000 0.000 0.000 41.260 77.094 87.994 88.883 89.025 87.118 94.930 87.919 89.588 88.267 88.187 88.088 87.993 87.899 88.807 60.709 38.617 0.000 0.000 23.892 0.000 22.654 24.594 24.500 24.383 24.272 24.168 24.074 23.991 23.919 23.860 23.814 21.782 23.765 29.762 26.768 0.000 0.000 0.000 27.805 26.802 25.797 24.788 23.778 22.767 26.756 37.746 33.736 35.729
51.023 50.987 50.955 50.927 50.903 50.882 50.863 51.846 53.828 55.799 30.730 0.000 0.000 0.000 0.000 0.000 0.000 0.000 0.000 0.000 8.353 0.000 0.000 11.558 52.428 83.300 89.187 89.173 88.201 95.118 95.029 90.916 88.617 88.464 88.366 88.267 88.169 88.071 83.971 30.840 0.000 0.000 0.000 23.892 29.868 24.769 24.677 24.580 24.482 24.386 24.293 24.207 24.129 24.061 24.004 23.960 20.927 29.908 29.899 25.899 0.000 0.000 0.000 26.794 25.790 26.784 26.776 26.768 26.758 26.749 25.740 25.733 24.727
52.065 52.033 55.005 58.981 61.962 65.947 67.936 70.931 69.930 61.934 0.152 11.276 35.298 3.317 0.000 0.000 0.000 0.000 0.000 39.376 66.353 6.324 0.000 45.687 78.594 88.482 89.379 89.309 88.533 95.194 87.366 89.048 88.726 88.646 88.544 88.444 88.344 89.245 76.167 0.000 0.000 0.000 0.000 3.917 23.943 24.878 26.765 26.662 24.579 24.496 24.413 24.332 24.258 24.193 24.137 21.092 26.060 29.039 30.029 21.030 0.000 0.000 0.000 10.786 31.780 31.773 28.766 25.758 25.750 26.742 27.734 27.728 26.723
54.103 53.075 60.051 69.032 70.017 69.008 68.004 67.010 64.028 58.071 33.178 50.257 68.302 37.335 21.363 0.000 0.000 0.000 10.427 49.399 63.359 2.295 21.114 62.911 87.777 90.667 89.510 89.724 87.699 95.257 89.358 89.069 88.916 88.820 88.722 88.623 88.518 90.400 34.283 0.000 0.000 0.000 0.000 0.000 20.108 26.036 6.842 6.726 23.674 24.607 24.529 24.452 24.379 24.314 23.259 21.214 30.180 30.158 27.150 21.161 27.212 0.000 0.000 0.000 42.769 57.764 50.757 46.749 42.741 38.734 41.728 41.722 24.719
54.136 54.113 57.093 60.077 59.067 57.062 55.064 53.076 51.100 51.143 60.209 62.270 59.319 56.359 60.392 8.420 0.000 0.000 50.456 80.433 31.390 27.319 61.200 85.064 89.946 89.812 89.936 87.893 95.341 87.775 89.486 89.168 89.092 88.994 88.901 88.807 91.706 48.553 0.000 0.000 0.000 0.000 0.000 0.000 22.345 27.317 0.000 0.000 20.787 24.727 24.647 24.566 24.492 24.426 21.370 29.325 30.289 29.265 20.252 24.251 24.263 0.000 0.000 0.000 10.764 40.759 58.748 57.739 57.732 57.725 57.720 51.716 41.713
54.167 54.147 54.130 53.118 53.111 54.109 54.115 54.129 52.155 53.193 58.243 61.296 57.345 52.388 55.425 10.449 0.000 0.000 42.506 52.488 30.450 63.390 78.303 87.202 90.101 90.045 89.152 95.736 95.488 88.772 89.498 89.352 89.260 89.167 89.079 88.999 91.946 0.000 0.000 7.332 16.332 0.000 0.000 23.731 26.610 25.569 32.617 0.000 20.959 24.868 24.766 24.674 24.596 22.529 24.472 30.425 30.388 22.360 23.341 24.330 24.327 0.000 0.000 0.000 0.000 0.000 40.738 56.728 56.722 56.716 56.712 57.708 57.705
54.194 54.178 54.164 54.154 54.149 54.149 54.157 53.172 52.197 56.232 60.276 60.325 55.376 51.425 56.470 9.502 0.000 0.000 38.575 7.562 54.534 78.486 84.420 90.347 90.215 90.439 88.438 95.957 88.206 89.913 89.596 89.523 89.427 89.336 89.248 96.166 80.131 0.000 3.332 53.332 39.332 0.000 0.000 18.853 26.795 25.734 25.665 31.508 29.222 28.020 24.873 24.770 24.689 21.622 29.565 30.516 26.477 21.446 24.422 24.402 26.388 30.399 0.000 0.000 0.000 0.000 0.000 53.714 56.711 56.707 56.703 57.700 55.697
54.220 54.206 54.194 54.186 54.182 54.183 53.190 52.205 54.228 58.261 61.303 57.353 52.408 51.468 54.528 36.587 23.661 24.685 20.658 21.653 61.635 82.601 88.552 90.467 90.627 88.635 96.342 96.158 89.220 89.929 89.778 89.685 89.592 89.502 94.411 37.286 52.282 22.321 53.331 61.333 0.000 0.000 0.000 18.033 26.983 25.906 25.801 35.638 46.400 20.119 29.938 25.843 22.770 24.705 30.648 29.599 20.558 23.525 24.498 24.470 11.423 12.411 0.000 0.000 0.000 0.000 0.000 34.704 55.701 56.697 56.694 60.691 56.688
54.245 54.231 54.220 54.213 54.209 54.210 52.217 52.230 56.251 63.281 64.323 60.375 55.437 53.509 53.588 55.656 55.712 64.737 5.717 39.756 77.754 84.731 90.692 90.686 89.841 96.670 96.511 89.591 90.366 90.023 89.945 89.845 89.753 89.670 97.608 0.000 35.389 37.350 27.339 29.336 0.000 0.000 0.000 21.262 27.199 26.109 31.994 47.843 24.621 0.000 10.916 23.894 21.842 29.782 30.724 26.674 23.632 24.599 24.574 26.558 0.000 0.000 0.000 0.000 0.000 0.000 26.697 7.697 46.691 56.688 56.685 61.682 56.678
54.267 54.253 54.243 54.236 54.232 53.232 52.237 54.247 61.263 38.288 14.333 13.388 10.456 40.542 57.661 52.736 55.794 36.833 0.000 44.901 82.894 88.882 90.804 91.076 89.122 96.817 89.939 90.710 90.273 90.208 90.098 90.000 89.905 90.818 88.742 10.683 10.536 0.000 0.000 0.000 0.000 0.000 20.729 28.555 26.441 25.335 45.225 49.118 0.000 0.000 0.000 19.977 25.921 30.855 30.793 20.741 24.698 24.665 24.642 27.630 0.000 0.000 0.000 0.000 0.000 0.000 5.696 0.000 34.680 56.678 56.676 62.674 56.671
54.286 54.273 54.263 54.255 53.251 52.250 54.253 57.258 65.267 24.276 0.000 0.000 0.000 0.000 39.780 54.831 55.896 41.969 44.062 70.052 87.050 91.012 91.220 89.273 97.075 96.951 90.926 90.615 90.462 90.353 90.250 90.149 90.051 92.953 77.860 6.772 0.000 0.000 0.000 0.000 0.000 0.000 20.903 27.790 26.675 24.567 52.454 13.285 0.000 0.000 26.260 31.117 31.011 30.925 28.854 23.797 24.753 24.721 24.700 26.690 0.000 30.764 0.000 0.000 0.000 0.000 0.000 0.000 27.670 56.669 56.668 56.667 56.664
54.303 54.290 54.280 54.272 53.267 52.265 56.265 60.267 64.270 22.274 0.000 0.000 0.000 0.000 19.847 62.914 57.989 64.084 77.166 86.199 90.205 91.253 90.439 97.293 97.187 90.277 91.046 90.697 90.609 90.500 90.397 90.298 94.196 57.085 28.972 0.000 0.000 0.000 0.000 0.000 0.000 23.429 28.191 27.025 28.901 25.804 49.737 0.000 0.000 21.613 28.405 44.218 33.081 29.979 25.901 23.842 23.797 24.766 24.746 24.741 29.759 25.765 16.764 0.000 0.000 0.000 23.655 25.656 24.661 56.662 56.661 56.660 56.659
54.316 54.304 54.294 54.286 52.280 54.277 60.275 61.274 59.274 46.275 7.276 0.000 0.000 0.000 0.000 15.988 12.063 52.211 83.319 87.370 91.362 91.573 89.731 97.388 89.601 91.375 90.934 90.864 92.747 91.642 90.542 90.448 96.351 19.218 0.000 0.000 0.000 0.000 0.000 5.066 43.942 43.668 31.407 28.220 39.101 34.013 34.953 0.000 0.000 19.822 24.527 35.270 31.117 35.009 28.931 31.872 30.829 27.798 24.779 23.770 23.771 29.771 0.000 0.000 0.000 0.000 20.654 20.654 30.655 56.655 56.655 56.654 56.653
