results2_8e3_rain/res_3e8f-0086.wd
ncols         241
nrows         181
xllcorner     12693529.787448
yllcorner     3542525.717860
cellsize      155.156523
NODATA_value  -9999.000000
[rows 0 to 32 of 181, columns 146 to 218 of 241]
0.000 0.000 0.000 0.000 0.000 0.000 0.000 0.000 0.000 0.000 0.000 0.000 0.000 0.000 3.559 14.457 15.286 15.071 14.829 14.574 14.320 14.081 13.866 13.683 13.532 13.415 13.328 13.268 13.230 13.209 13.200 18.196 0.000 0.000 0.000 0.000 0.000 0.000 0.000 0.000 0.000 0.000 0.000 0.000 0.000 0.000 0.000 0.000 0.000 0.000 0.000 0.000 0.000 0.000 0.000 0.000 0.000 0.000 0.000 0.000 0.000 0.000 0.000 0.000 0.000 0.000 0.000 0.000 0.000 0.000 0.000 0.000 0.000
0.000 0.000 0.000 0.000 0.000 0.000 0.000 0.000 0.000 0.000 0.000 0.000 0.000 0.000 14.661 15.525 15.330 15.098 14.841 14.573 14.306 14.057 15.836 14.649 13.499 13.385 13.302 13.246 13.213 13.197 13.194 18.193 0.000 0.000 0.000 0.000 0.000 0.000 0.000 0.000 0.000 0.000 0.000 0.000 0.000 0.000 0.000 0.000 0.000 0.000 0.000 0.000 0.000 0.000 0.000 0.000 0.000 0.000 0.000 0.000 0.000 0.000 0.000 0.000 0.000 0.000 0.000 0.000 0.000 0.000 0.000 0.000 0.000
0.000 0.000 0.000 0.000 0.000 0.000 0.000 0.000 0.000 0.000 0.000 0.000 0.000 18.183 16.898 15.655 15.410 15.149 14.866 14.569 14.275 16.004 15.770 13.579 13.431 13.323 13.248 13.202 13.178 13.173 15.185 9.189 0.000 0.000 0.000 0.000 0.000 0.000 0.000 0.000 0.000 0.000 0.000 0.000 0.000 0.000 0.000 0.000 8.190 0.000 0.000 0.000 15.020 0.000 0.000 0.000 0.000 0.000 0.000 0.000 0.000 0.000 0.000 0.000 0.000 0.000 0.000 0.000 2.341 0.000 0.000 0.000 0.000
0.000 0.000 0.000 0.000 0.000 0.000 0.000 0.000 0.000 0.000 0.000 0.000 1.972 17.467 16.095 15.785 15.507 15.223 14.906 14.562 15.221 14.915 13.661 13.465 13.323 13.227 13.167 13.135 13.125 19.131 0.000 0.000 0.000 0.000 0.000 0.000 0.000 0.000 0.000 0.000 0.000 0.000 0.000 0.000 0.000 0.000 0.000 0.000 52.190 0.000 0.000 0.000 17.020 0.000 0.000 0.000 0.000 0.000 0.000 0.000 0.000 0.000 0.000 0.000 0.055 0.000 0.000 0.000 1.345 2.335 0.000 0.000 0.000
0.000 0.000 0.000 0.000 0.000 0.000 0.000 0.000 0.000 0.000 0.000 7.750 1.089 1.913 16.231 15.882 15.609 15.329 14.972 14.553 15.133 14.772 13.495 13.298 13.170 13.094 13.057 13.047 14.057 15.094 0.000 0.000 0.000 0.000 0.000 0.000 0.000 0.000 0.000 0.000 0.000 0.000 0.000 17.192 12.192 0.000 0.000 8.190 36.191 0.000 0.000 0.000 17.022 0.000 0.000 0.000 0.000 0.000 0.000 0.000 0.000 0.000 15.179 19.163 21.144 0.000 0.000 5.667 0.536 0.229 2.777 0.000 0.000
0.000 0.000 0.000 0.000 0.000 0.000 0.000 0.000 0.000 0.000 10.332 2.996 1.454 1.020 0.950 13.903 15.719 15.513 15.101 16.544 15.986 13.546 13.247 13.064 12.964 12.923 12.919 12.938 18.962 0.000 0.000 0.000 0.000 0.000 0.000 0.000 0.000 0.000 0.000 0.000 0.000 0.000 0.000 0.000 18.193 10.193 8.193 0.000 21.191 0.000 0.000 0.000 2.024 15.027 6.018 3.993 12.970 0.000 0.000 0.000 0.000 0.000 15.195 17.167 22.127 1.052 0.000 6.680 9.662 0.000 0.000 0.000 0.000
0.000 0.000 0.000 0.000 0.000 0.000 0.000 0.000 0.000 0.000 6.630 3.411 3.100 2.642 0.209 0.386 8.850 16.904 16.374 16.537 13.720 13.179 12.883 12.745 12.701 12.713 12.759 12.823 7.893 0.000 0.000 0.000 0.000 0.000 14.207 47.207 0.000 0.000 0.000 0.000 0.000 0.000 0.000 0.000 18.193 31.193 66.194 28.194 29.193 0.184 0.000 0.000 0.000 18.041 3.033 0.000 15.947 0.000 0.000 0.000 0.000 0.000 2.241 8.184 4.093 3.964 7.827 10.712 18.658 0.000 0.000 0.000 0.000
0.000 0.000 0.000 0.000 0.000 0.000 0.000 0.000 0.000 29.565 30.146 6.835 2.502 2.809 2.567 0.559 0.248 4.370 16.952 14.511 13.178 12.567 12.361 12.333 12.382 12.471 13.581 10.702 0.000 0.000 0.000 0.000 0.000 0.000 0.000 35.207 42.208 24.208 16.208 0.000 0.000 0.000 0.000 0.000 0.000 0.000 59.196 38.196 0.000 0.000 0.000 0.000 0.000 11.063 26.041 23.986 25.925 17.854 9.786 12.716 11.633 20.523 24.366 21.237 22.097 21.950 16.807 11.684 8.599 0.000 0.000 0.000 0.000
0.000 0.000 0.000 0.000 0.000 0.000 0.000 0.000 23.424 40.984 42.553 32.171 8.866 1.344 2.540 0.575 1.995 6.278 5.032 14.379 11.914 11.550 11.659 11.845 12.024 13.205 13.393 0.000 0.000 0.000 0.000 0.000 0.000 0.000 0.000 0.000 33.208 43.209 48.209 0.000 0.000 0.000 0.000 0.000 0.000 0.000 31.198 23.197 28.198 0.000 0.000 0.000 0.000 23.108 8.083 1.994 8.913 20.851 8.790 7.729 16.662 25.569 12.442 8.301 11.109 16.931 22.769 24.617 22.457 8.264 0.000 0.000 0.000
0.000 0.000 0.000 0.000 0.000 0.000 0.000 19.328 28.864 44.393 41.913 42.430 34.943 11.455 0.645 4.015 13.313 5.915 1.866 2.553 5.550 10.058 10.881 11.365 11.662 16.934 0.000 0.000 0.000 0.000 0.000 0.000 0.000 0.000 0.000 0.000 0.209 46.211 0.000 0.000 0.000 0.000 0.000 0.000 0.000 27.204 37.200 13.199 29.198 49.198 0.000 0.000 1.177 25.178 4.171 0.000 0.880 13.849 2.795 2.747 4.718 6.651 3.532 4.416 0.000 1.897 7.722 8.558 6.348 15.073 16.699 19.453 27.298
0.000 0.000 0.000 0.000 0.000 0.000 24.255 22.791 46.312 42.811 42.277 41.695 42.019 37.126 19.624 11.449 7.055 0.000 0.000 3.916 2.161 2.779 10.443 11.072 16.325 0.000 0.000 0.000 0.000 0.000 0.000 0.000 24.216 0.000 0.000 0.000 7.214 47.213 0.000 0.000 0.000 0.000 0.000 0.000 22.211 66.209 0.000 2.199 24.199 51.199 0.000 0.000 0.000 23.257 3.253 0.000 0.000 1.111 0.000 0.000 2.813 18.787 1.773 0.000 11.075 6.955 3.756 10.545 10.305 12.980 21.572 25.364 12.251
0.000 0.000 0.000 0.000 0.000 28.133 16.719 45.270 43.784 43.260 42.689 42.052 41.313 41.406 38.263 24.065 3.552 0.000 0.000 44.751 3.990 0.000 0.000 13.157 9.241 0.000 0.000 0.000 0.000 0.000 0.000 0.000 20.216 15.216 24.216 36.216 40.215 30.214 0.000 0.000 0.000 21.216 36.216 41.215 65.213 21.212 0.000 0.000 26.200 14.199 0.000 0.000 1.391 28.342 15.330 0.000 47.303 75.281 24.272 0.182 15.934 62.911 14.908 0.000 56.196 29.085 3.801 10.564 12.346 1.972 10.244 23.181 6.129
0.000 0.000 0.000 0.000 0.000 17.546 39.219 45.784 44.293 43.756 43.167 42.513 41.773 40.921 40.967 39.956 29.238 4.134 49.384 46.543 0.000 0.000 0.000 0.000 0.000 0.000 0.000 0.000 0.000 0.000 0.000 19.216 15.216 20.217 34.217 44.216 28.216 15.216 0.000 0.000 0.000 30.217 29.217 25.216 64.214 24.213 0.000 0.000 5.202 0.000 0.000 0.000 22.438 24.414 18.395 6.363 5.325 38.311 79.267 17.194 10.078 67.016 17.980 0.000 63.429 33.389 0.000 0.000 3.346 0.000 6.797 5.989 0.000
0.000 0.000 0.000 0.000 21.849 32.287 47.827 45.355 44.849 44.303 43.710 43.061 42.342 41.556 40.644 39.932 38.803 51.136 50.801 0.192 0.000 0.000 0.000 0.000 0.000 0.000 0.000 0.000 0.000 35.216 38.216 20.216 19.217 34.217 44.218 30.218 13.217 15.217 15.218 13.220 11.220 23.219 26.218 36.217 76.216 10.215 0.000 0.000 42.204 0.000 0.000 0.000 21.489 21.481 8.475 0.475 0.000 6.370 3.292 43.239 74.167 91.097 72.016 60.887 86.703 80.652 71.725 17.742 0.000 10.921 6.158 0.000 0.000
0.000 0.000 0.000 22.875 32.411 49.925 46.448 45.960 45.445 44.897 44.310 43.674 42.999 42.208 41.700 39.386 51.146 51.150 35.259 17.665 4.846 0.000 0.000 0.000 0.000 0.000 0.000 0.000 0.000 0.000 0.000 0.000 37.218 41.218 33.219 18.220 0.000 0.000 0.000 17.222 13.222 23.221 22.219 45.219 42.218 0.000 0.000 0.000 45.206 0.000 0.000 0.000 19.550 31.548 10.548 16.557 39.549 16.509 0.000 22.303 45.255 79.189 45.101 24.944 72.843 62.794 37.780 6.761 0.000 59.685 27.757 0.000 0.000
0.000 0.000 0.000 28.338 47.994 47.553 47.082 46.590 46.075 45.531 45.953 45.351 43.646 43.270 40.751 51.148 51.142 38.757 40.391 38.094 22.087 3.085 0.000 0.000 0.000 0.000 0.000 0.000 0.000 0.000 0.000 0.000 5.218 37.219 15.221 13.224 19.228 0.000 0.000 18.225 16.224 22.222 23.221 45.220 41.219 0.000 0.000 5.211 52.209 0.000 0.000 0.000 22.612 25.615 6.613 6.583 52.580 87.609 36.589 4.417 20.360 67.304 27.256 0.000 59.934 46.902 4.841 0.000 0.000 66.377 30.430 2.528 4.017
0.000 0.000 28.744 46.147 49.676 48.211 47.736 47.244 46.733 47.196 45.644 44.999 44.713 42.203 51.379 51.208 40.174 41.012 40.075 30.508 11.294 0.000 0.000 0.000 0.000 0.000 0.000 0.000 0.000 0.000 0.000 0.000 0.000 0.000 0.000 18.228 15.232 14.234 16.233 18.229 14.226 22.224 24.223 36.221 32.220 0.000 13.216 46.214 0.000 0.000 0.000 0.000 18.672 24.688 10.706 0.000 0.000 22.760 9.742 0.000 9.465 64.411 20.364 0.000 57.057 42.039 0.079 0.000 0.000 65.018 30.057 2.125 0.000
0.000 27.863 41.342 50.828 49.350 48.881 48.406 47.919 48.413 47.898 46.294 46.059 43.552 52.084 51.678 41.663 42.703 40.615 27.886 0.000 0.000 0.000 0.000 0.000 0.000 0.000 0.000 0.000 0.000 0.000 0.000 0.000 0.000 0.000 0.000 0.000 22.238 32.237 43.236 31.232 20.228 24.226 21.225 26.222 19.221 38.219 56.217 44.216 0.000 0.000 0.000 0.000 16.715 21.760 27.818 25.927 13.961 3.929 16.877 48.795 67.623 88.514 68.425 51.327 85.199 78.159 60.185 20.194 0.000 62.620 34.661 6.782 0.000
24.807 36.383 50.934 50.473 50.015 49.556 49.090 49.610 49.125 47.554 47.356 44.861 53.103 52.568 43.079 44.291 45.280 23.499 0.000 0.000 0.000 0.000 0.000 0.000 0.000 0.000 0.000 0.000 0.000 0.000 0.000 0.000 0.000 0.000 0.000 0.000 20.244 24.243 42.241 1.236 0.000 31.229 22.227 25.223 21.221 9.219 28.218 43.217 30.217 0.000 0.000 0.000 0.000 24.820 26.880 20.003 8.027 17.119 68.043 58.885 39.721 40.598 41.494 41.359 41.255 42.212 44.205 15.203 0.000 61.183 37.184 0.599 0.000
28.231 51.929 51.538 51.115 50.681 50.238 49.784 49.328 48.788 48.623 46.144 54.258 53.670 44.386 45.684 44.760 40.352 0.173 0.000 0.000 0.000 0.000 0.000 0.000 0.000 0.000 0.000 0.000 0.000 0.000 0.000 0.000 0.000 0.000 0.000 0.000 21.251 32.250 16.248 0.000 0.000 28.233 25.232 0.000 0.000 13.219 27.218 42.218 39.218 8.217 0.000 0.000 0.000 0.000 0.000 9.177 0.000 54.478 55.290 3.984 9.776 51.663 22.597 0.000 40.249 30.232 10.220 8.211 0.000 60.745 31.691 0.000 0.000
45.956 53.565 52.174 51.770 51.355 51.928 50.503 49.996 49.866 47.410 55.463 54.856 44.604 46.935 46.010 46.474 15.904 0.000 0.000 0.000 0.000 0.000 0.000 0.000 0.000 0.000 0.000 0.000 0.000 0.000 0.000 0.000 0.000 0.000 0.000 0.000 41.260 39.257 43.253 40.249 36.244 36.238 30.236 0.000 0.000 13.220 26.219 44.218 51.218 14.218 0.000 0.000 0.000 0.000 0.000 1.917 22.315 69.026 31.658 0.000 58.739 59.681 8.635 0.000 16.262 72.246 31.234 0.000 0.000 55.362 73.144 59.489 63.563
55.572 53.199 52.822 52.436 52.037 53.641 51.166 51.079 48.658 56.690 56.073 39.763 44.056 48.186 44.724 22.090 0.000 0.000 0.000 0.000 0.000 0.000 0.000 0.000 0.000 0.000 0.000 0.000 0.000 0.000 0.000 0.000 0.000 0.000 0.000 40.283 39.273 40.265 42.257 41.251 39.245 40.240 33.237 0.000 0.000 14.221 26.220 49.219 22.218 0.000 0.000 0.000 0.000 0.000 19.323 0.000 61.781 55.652 0.000 53.788 66.759 15.689 3.627 6.559 1.337 32.255 71.236 28.228 0.000 55.197 58.034 31.761 0.000
46.175 52.837 53.481 53.110 52.740 52.292 52.244 49.856 57.885 57.310 22.873 28.120 31.097 49.812 33.479 0.000 0.000 0.000 0.000 0.000 0.000 0.000 0.000 31.014 20.012 0.000 0.000 0.000 0.000 0.000 0.000 0.000 0.000 0.000 0.000 17.293 11.283 14.272 18.261 13.253 12.246 11.240 13.236 17.232 11.228 4.223 19.222 0.000 0.000 0.000 0.000 0.000 0.000 0.000 14.323 5.025 5.377 5.150 0.000 15.817 16.822 0.000 0.000 0.000 7.329 0.186 22.227 15.221 0.000 23.197 0.000 0.000 0.000
24.813 40.494 53.152 55.807 53.379 53.357 50.972 58.866 58.415 31.692 0.000 41.379 0.000 53.359 21.920 0.000 0.000 0.000 0.000 0.000 0.000 0.000 0.000 38.016 32.011 0.000 0.000 0.000 0.000 0.000 0.000 0.000 0.000 3.412 0.000 18.313 14.296 14.279 14.264 14.253 14.245 14.239 14.235 16.233 0.000 0.000 0.000 19.713 0.000 0.000 0.000 0.000 0.000 23.836 11.622 10.375 2.012 2.708 2.753 0.411 11.891 0.000 0.000 0.000 0.000 0.749 0.000 11.208 10.204 0.000 0.000 0.000 0.000
16.494 24.171 46.846 51.453 54.442 52.012 59.522 59.234 38.465 14.287 0.000 57.952 55.873 42.356 0.000 0.000 0.000 0.000 0.000 0.000 0.000 0.000 41.043 47.022 18.006 0.000 0.000 0.000 0.000 0.000 0.000 0.000 0.000 20.412 18.393 15.350 14.310 11.284 15.262 15.250 15.242 15.236 15.233 18.232 0.000 0.000 0.000 17.714 17.714 0.000 0.000 0.000 0.000 11.051 3.955 2.865 1.630 1.423 1.250 0.753 0.651 9.649 0.000 0.000 0.000 0.000 4.189 7.199 5.201 0.000 0.000 0.000 0.000
20.194 30.860 35.515 33.444 45.035 59.829 59.720 43.344 22.134 15.655 0.000 37.581 50.313 23.834 0.000 0.000 0.000 0.000 29.236 35.221 27.190 25.127 34.065 27.024 16.984 0.000 0.000 0.000 0.000 0.000 0.000 0.000 0.000 18.432 15.417 14.385 0.000 0.000 20.251 14.244 14.236 14.231 14.229 15.230 0.000 0.000 0.000 18.714 17.714 0.000 0.000 0.000 8.361 4.361 4.283 4.210 2.882 2.691 6.602 0.000 0.000 0.000 0.000 0.000 0.000 0.000 4.180 0.000 0.000 0.000 0.000 0.000 0.000
31.859 45.531 21.277 20.176 59.857 59.859 46.234 32.993 29.362 34.225 0.000 4.615 39.964 0.000 0.000 0.000 0.000 25.266 29.251 31.236 29.223 0.000 0.000 0.000 28.924 12.864 0.000 0.000 0.000 0.000 0.000 0.000 0.000 28.467 25.456 0.440 0.000 0.000 33.247 19.238 15.228 14.222 18.221 0.000 0.000 0.000 31.715 12.714 16.714 0.000 0.000 0.000 0.000 9.750 4.607 8.696 0.000 0.000 0.000 0.000 0.000 0.000 0.000 0.000 0.000 0.000 4.171 0.000 0.000 0.000 0.000 0.000 0.000
52.494 41.109 21.202 16.736 59.773 21.176 26.932 29.199 32.914 51.542 61.059 49.163 0.000 0.000 0.000 0.000 23.296 17.281 23.266 38.251 37.242 0.000 0.000 0.000 0.000 29.804 0.000 0.000 0.000 14.647 0.000 0.000 30.551 29.514 35.486 28.463 0.000 47.272 44.253 42.235 40.218 32.206 13.214 0.206 0.000 7.717 60.716 14.715 15.714 0.000 0.000 0.000 0.000 15.282 1.320 6.270 0.000 0.000 0.000 0.000 0.000 0.000 0.000 0.000 0.000 0.116 2.164 4.161 0.000 0.000 0.000 0.000 0.000
61.012 48.135 30.460 59.156 17.090 18.912 18.119 17.800 27.409 54.993 50.469 21.816 0.000 0.000 22.370 0.000 30.310 22.298 33.281 28.261 7.251 0.000 0.000 0.000 0.000 33.744 9.729 0.000 0.000 10.647 18.648 22.629 24.588 26.552 16.513 13.442 21.351 21.292 41.257 24.229 18.202 16.173 0.000 0.000 0.000 2.719 70.716 26.715 0.000 0.000 0.000 0.000 0.000 28.794 1.844 8.821 0.000 0.000 0.000 0.000 0.000 0.000 0.000 0.000 0.000 2.158 17.160 15.159 8.159 0.000 0.000 0.000 0.000
59.005 57.261 58.497 35.903 23.852 20.036 19.711 18.325 24.953 40.549 36.009 0.000 0.000 0.000 25.370 46.360 41.337 42.318 24.300 0.000 0.000 0.000 0.000 0.000 24.678 15.699 7.714 0.000 0.000 0.000 22.667 26.650 26.621 26.592 10.570 0.000 17.320 18.288 42.254 28.225 22.187 8.111 14.973 29.878 49.793 38.724 62.714 27.714 0.000 0.000 0.000 0.000 0.000 27.262 3.351 4.350 9.554 0.000 0.000 0.000 0.000 0.000 0.000 0.000 0.000 0.000 21.159 18.159 0.000 0.000 0.000 0.000 0.000
57.023 58.361 57.659 56.716 38.901 18.587 19.209 19.861 18.527 21.241 0.000 0.000 0.000 0.000 41.380 31.374 29.361 25.339 0.000 0.000 0.000 0.000 0.000 25.649 16.656 12.662 0.000 0.000 0.000 0.000 22.704 30.684 39.655 38.626 40.606 28.605 0.000 0.000 45.245 29.229 3.210 0.000 17.931 27.869 54.776 16.672 0.601 0.000 0.000 0.000 0.000 0.000 0.000 18.643 5.645 6.673 9.759 0.000 0.000 0.000 0.000 0.000 0.000 0.000 0.000 0.000 0.000 0.000 0.000 0.000 0.000 0.000 0.000
58.358 57.361 59.504 59.700 43.406 20.041 22.706 22.380 20.052 20.647 0.000 21.411 0.000 0.000 35.397 35.395 42.392 0.000 0.000 0.006 0.000 0.000 0.000 20.642 14.637 8.631 0.000 0.000 0.000 0.000 20.760 21.728 23.689 22.652 20.622 12.605 0.000 0.000 47.252 33.235 18.216 0.000 16.952 27.889 51.773 7.523 3.026 0.000 0.000 0.000 0.000 0.000 0.000 26.023 4.912 6.939 7.051 8.256 12.334 0.000 0.000 0.000 0.000 0.000 0.000 0.000 0.000 0.000 0.000 0.000 0.000 0.000 0.000
58.002 60.222 59.437 60.165 33.815 24.494 44.187 37.900 19.656 0.000 0.000 18.411 33.412 38.413 24.415 45.419 37.419 0.000 0.000 14.048 45.048 0.000 0.000 21.640 15.619 12.593 0.000 0.000 29.036 24.962 20.850 22.778 27.720 27.670 25.627 36.587 28.548 0.000 47.275 39.245 39.202 31.131 12.034 29.965 37.901 0.000 5.104 0.000 0.000 0.000 0.000 0.000 0.000 30.513 2.177 4.121 5.248 6.385 11.412 0.000 0.000 0.000 0.000 0.000 0.000 0.000 0.000 0.000 0.000 0.000 0.000 0.000 0.000
