results2_8e3_rain/res_3e8f-0081.wd
ncols         241
nrows         181
xllcorner     12693529.787448
yllcorner     3542525.717860
cellsize      155.156523
NODATA_value  -9999.000000
[rows 132 to 164 of 181, columns 0 to 72 of 241]
92.848 97.848 101.848 101.847 103.846 103.845 97.843 88.841 74.839 63.836 62.833 63.830 62.826 61.822 66.817 80.811 91.805 96.797 96.788 93.778 85.765 76.750 67.731 61.708 66.677 68.641 67.599 68.553 66.512 61.476 75.441 98.407 65.379 0.000 0.000 0.000 4.999 56.990 68.983 65.956 67.933 73.916 91.908 77.906 61.907 60.909 60.914 72.920 93.927 34.932 7.938 2.954 0.000 0.000 0.000 0.000 0.000 0.000 0.000 0.000 0.000 0.000 0.000 0.000 24.823 4.743 8.663 49.561 72.412 76.309 76.198 86.281 113.744
70.854 72.853 75.853 81.852 91.851 97.850 102.848 102.846 95.844 81.841 70.838 64.835 68.831 75.826 88.821 103.815 102.809 99.801 99.792 102.781 102.769 98.754 86.736 74.714 66.688 61.658 62.624 61.589 62.557 70.527 92.500 100.478 12.465 0.000 0.000 0.000 15.007 43.015 61.049 70.042 71.022 67.999 68.995 78.991 73.988 66.984 70.980 78.976 91.973 32.969 18.959 24.970 4.979 0.000 0.000 0.000 0.000 0.000 0.000 0.000 0.000 0.000 0.000 0.000 6.904 0.000 56.688 78.606 74.483 83.451 74.511 113.871 102.627
62.859 62.859 62.858 64.858 69.857 73.855 80.854 89.852 97.849 100.847 94.843 92.840 94.836 97.831 96.826 89.820 80.814 78.806 78.797 83.787 89.775 96.761 99.744 98.724 87.702 77.677 72.650 70.623 79.598 95.575 96.556 82.542 15.536 0.000 0.000 0.000 0.000 0.000 44.155 71.141 50.115 38.065 53.079 68.077 83.069 87.058 89.045 90.032 86.020 13.013 0.000 27.986 24.989 12.992 18.993 12.993 0.000 0.000 0.000 0.000 0.000 0.000 41.132 11.079 76.983 98.915 131.765 87.734 82.782 63.736 99.797 104.306 104.209
63.865 63.865 63.864 63.863 62.862 61.861 63.859 68.857 74.855 84.852 94.849 96.846 89.842 79.837 73.832 65.826 61.820 61.813 61.804 63.794 68.783 74.770 81.755 93.738 98.719 100.699 99.677 95.656 98.636 91.619 73.606 65.599 44.602 2.628 0.000 0.000 0.000 0.000 37.276 70.252 13.233 0.000 46.181 71.170 90.154 98.135 84.111 87.085 73.063 31.050 0.000 55.001 23.998 15.995 26.994 26.993 0.000 0.000 0.000 0.000 0.000 28.242 47.186 120.123 149.042 131.920 115.471 114.412 106.080 104.718 104.589 104.453 69.676
63.871 63.871 63.870 63.870 63.869 63.867 63.866 62.864 62.861 65.859 71.856 70.852 66.848 62.843 62.838 62.833 63.827 63.820 63.812 63.803 62.793 61.781 63.768 69.754 76.738 85.721 93.704 89.687 78.672 66.659 62.649 67.645 75.646 51.654 29.658 29.642 15.604 16.536 52.421 73.357 23.332 5.341 65.293 97.267 99.243 78.216 81.180 80.134 68.098 57.073 8.045 36.018 10.008 0.000 10.994 0.000 0.773 0.000 0.000 0.000 0.000 9.301 72.244 78.160 74.143 75.299 73.271 105.061 104.953 104.840 72.033 74.808 76.677
63.877 63.877 63.877 63.876 63.875 63.874 63.872 63.871 63.868 63.866 62.862 62.859 62.855 63.850 63.845 63.840 63.835 63.829 63.822 63.814 63.804 63.794 63.783 62.770 61.757 62.744 66.730 64.717 63.705 67.696 70.689 69.684 67.683 69.683 69.679 66.664 66.633 70.584 45.514 31.423 20.398 38.399 83.382 97.361 77.336 70.305 69.261 49.172 45.123 8.098 0.000 0.000 0.000 1.067 0.000 0.000 4.773 19.746 34.697 4.627 18.540 81.387 88.369 86.438 84.420 85.499 105.263 105.165 86.287 93.076 85.927 91.697 83.536
63.884 63.884 63.884 63.883 63.882 63.881 63.879 63.878 63.876 63.873 63.870 63.866 63.862 63.857 63.853 63.849 63.844 63.838 63.832 62.825 69.817 71.808 63.798 62.788 61.777 62.766 64.756 67.746 70.737 69.730 64.725 65.721 72.719 75.717 71.712 65.700 62.681 71.654 2.628 0.000 5.437 78.476 87.475 74.459 66.435 86.408 32.384 0.000 0.000 0.000 0.001 0.017 0.044 1.067 0.000 0.000 29.800 71.768 100.719 61.651 94.530 102.683 99.642 98.730 105.540 105.452 105.360 98.377 100.252 99.948 98.807 97.737 15.651
63.891 63.891 63.891 63.890 63.889 63.888 63.887 63.885 63.883 63.881 66.878 66.874 64.870 68.864 66.860 63.857 63.853 63.849 62.844 60.837 71.830 79.823 65.815 62.806 64.797 67.789 69.781 68.773 65.767 67.762 72.759 74.757 75.756 75.754 70.751 64.745 73.735 92.724 11.715 0.000 0.000 52.592 75.584 72.566 76.539 96.506 30.484 0.000 0.000 0.000 0.001 0.016 0.044 2.068 0.000 27.914 79.861 95.806 98.734 103.729 100.891 97.878 105.783 105.706 105.625 97.695 98.478 99.349 99.028 98.998 91.928 68.833 0.000
63.898 63.898 63.898 63.897 63.897 63.896 63.895 63.893 63.892 64.889 71.887 71.883 48.878 16.870 37.867 67.866 61.864 64.860 70.856 73.851 73.845 69.838 65.832 66.825 69.818 68.811 67.805 69.800 73.796 73.793 75.792 74.792 65.792 60.793 62.793 75.793 94.792 104.792 26.793 0.000 0.000 27.715 83.703 85.682 92.647 91.594 27.563 0.000 0.000 0.000 0.000 0.001 0.000 6.068 32.035 75.976 97.890 100.903 99.989 99.989 99.080 105.928 105.857 97.906 98.705 99.565 99.350 99.203 99.159 91.091 83.048 0.000 0.000
63.906 63.906 63.905 63.905 63.904 63.904 63.903 63.902 63.900 65.899 74.896 85.893 61.890 0.000 4.871 52.876 78.876 70.873 68.869 68.864 66.859 65.854 67.849 69.843 67.838 63.833 65.828 77.825 79.823 69.823 63.824 60.826 60.829 65.832 79.837 95.841 92.848 76.857 48.874 16.912 10.907 54.851 83.831 65.813 56.772 48.659 13.611 0.000 0.000 0.000 0.000 0.000 0.000 25.102 76.069 97.979 100.170 99.160 99.267 106.132 106.067 105.999 97.972 99.854 99.565 99.437 99.381 99.306 93.229 80.164 70.127 0.000 0.000
63.913 63.913 63.913 63.913 63.912 63.912 63.911 63.911 63.910 65.908 75.907 62.904 18.899 0.911 0.000 20.892 74.889 66.886 68.883 67.879 65.875 68.870 69.866 66.861 63.857 59.854 69.851 83.850 70.850 60.851 61.854 66.859 76.864 87.871 98.879 91.889 69.900 64.915 83.933 90.954 91.960 95.950 70.958 31.967 3.970 0.000 0.000 0.000 0.000 0.000 0.000 0.000 30.216 76.146 98.160 100.345 99.360 106.312 106.255 106.195 98.245 99.042 99.929 99.626 99.610 99.549 99.472 100.379 88.297 59.210 48.168 6.168 0.166
62.921 62.921 63.921 63.920 63.920 63.920 63.920 63.920 63.919 66.919 76.918 47.917 0.000 6.924 44.920 46.910 63.904 65.901 53.897 35.894 73.890 68.886 64.883 63.879 61.876 63.874 79.872 82.872 64.874 67.878 79.883 88.891 97.899 95.909 83.920 69.934 62.950 78.969 82.990 71.012 52.027 50.031 38.084 18.125 7.173 1.380 0.000 19.716 14.716 0.000 0.000 24.303 76.318 99.414 100.430 98.538 106.421 106.368 98.414 99.223 100.099 99.904 99.781 99.756 99.702 99.650 102.578 66.442 46.370 0.000 0.000 0.000 0.000
71.929 69.929 66.928 64.928 61.928 61.929 61.929 61.929 60.929 65.929 77.929 60.930 41.934 49.931 67.928 63.922 60.918 66.914 61.911 48.908 68.905 62.903 61.900 61.897 63.895 77.893 85.892 51.893 43.897 93.903 98.911 93.921 82.932 72.945 64.960 60.977 71.997 84.020 52.047 27.076 10.106 1.167 18.221 17.278 7.368 8.527 11.654 39.716 23.716 0.000 0.000 56.555 98.580 97.698 106.574 106.525 106.474 98.454 100.344 100.069 99.960 99.928 101.883 96.831 98.800 99.771 110.748 0.000 0.000 0.000 0.000 0.000 0.000
72.938 74.937 80.935 81.935 81.937 78.938 79.938 78.939 77.939 77.939 79.939 62.940 66.941 65.939 62.937 65.934 65.931 64.928 69.925 71.923 65.921 59.919 61.917 63.915 77.913 82.911 71.911 65.912 74.917 97.926 80.938 71.950 63.964 61.979 63.996 63.016 77.041 86.069 50.101 26.141 14.191 16.268 19.322 11.398 12.496 18.614 20.717 13.779 0.000 0.000 34.798 76.802 106.708 106.666 106.621 98.694 99.497 100.393 100.100 100.095 101.052 101.005 73.959 51.895 86.893 100.887 105.896 45.955 0.000 0.000 0.000 0.000 0.000
65.948 59.946 12.941 14.940 23.945 70.947 67.948 67.948 67.949 71.949 80.949 61.949 62.949 61.949 64.947 68.945 69.943 67.941 66.940 69.938 70.936 67.935 61.934 78.932 84.930 75.928 81.927 98.928 95.934 77.946 65.963 61.979 63.995 64.011 63.030 68.053 84.080 86.112 78.149 81.194 52.251 14.323 6.402 5.496 17.602 24.716 14.822 11.906 3.934 30.037 77.994 106.788 106.749 98.841 99.648 100.532 100.344 100.228 100.211 101.163 99.121 93.079 18.057 0.000 68.991 103.988 100.994 100.014 0.000 0.000 0.000 0.000 0.000
63.960 55.960 0.000 0.000 5.957 66.958 62.958 62.959 62.959 66.959 80.959 58.959 62.959 66.959 68.958 69.957 66.956 63.955 61.954 63.953 73.952 86.951 81.951 82.950 59.948 53.945 105.940 91.939 58.944 18.960 38.990 67.008 64.024 64.041 66.060 59.084 43.116 33.150 45.189 85.236 61.295 14.372 9.467 4.583 13.701 18.825 12.952 18.060 18.151 56.199 106.846 98.035 101.772 100.673 100.486 100.375 100.350 100.313 101.270 101.232 66.191 42.134 28.132 31.138 82.094 103.078 99.079 90.094 8.129 0.000 0.000 0.000 0.000
63.971 63.973 46.979 0.000 6.968 67.968 63.969 63.969 62.969 63.969 78.969 65.969 68.969 70.969 69.969 64.969 61.968 62.968 62.967 61.967 71.967 94.968 90.968 77.968 70.967 61.963 37.949 26.944 13.944 0.000 20.030 69.039 64.052 66.068 49.085 23.106 8.149 5.184 47.222 64.266 33.321 5.402 8.512 13.668 20.793 16.931 11.099 4.276 7.625 55.459 106.919 100.924 100.683 100.503 100.487 100.451 100.409 100.370 98.334 89.302 22.278 0.000 39.200 98.189 103.166 101.152 95.148 85.153 3.164 0.000 0.000 0.000 0.000
60.981 62.982 59.984 0.000 2.979 67.979 62.979 60.979 62.979 66.979 70.979 69.980 69.980 67.980 61.980 62.981 62.981 63.981 63.981 68.982 86.983 85.984 78.986 87.988 85.990 56.992 0.000 0.000 0.000 0.000 18.060 69.067 64.079 67.093 38.107 0.155 34.191 60.216 80.249 49.284 1.321 0.000 0.000 2.785 12.871 13.009 13.209 7.606 4.838 107.123 107.023 99.833 100.676 100.576 100.541 100.502 100.464 102.427 87.393 70.363 30.340 6.329 54.279 84.252 93.231 102.216 91.209 80.208 2.210 0.000 0.000 0.000 0.000
67.990 65.991 54.992 0.000 53.990 61.990 63.989 67.989 68.989 69.990 67.989 68.990 66.990 62.991 62.992 63.992 63.993 62.994 64.995 87.996 86.998 69.000 82.003 80.007 84.013 82.023 45.045 1.066 10.081 40.086 45.083 65.090 64.102 64.119 59.142 51.181 68.208 67.238 61.275 83.315 31.356 0.000 0.000 6.817 11.896 10.021 11.181 35.412 59.864 107.215 102.168 101.909 101.648 100.633 100.592 100.555 101.517 99.482 54.448 31.418 43.391 44.367 98.335 100.309 80.288 90.273 85.264 58.259 23.257 0.000 0.000 0.000 0.000
68.998 69.999 67.001 55.004 69.001 69.000 69.000 70.000 70.000 71.000 83.000 64.999 63.001 63.002 64.003 64.004 64.005 65.007 79.008 90.010 65.012 69.015 96.019 88.024 76.032 79.042 82.057 66.073 71.084 86.092 79.098 67.107 60.121 60.139 71.162 87.192 74.222 46.256 18.296 73.346 62.419 11.535 14.649 19.769 15.875 6.999 9.099 50.404 102.658 107.298 99.148 101.796 102.722 100.683 100.644 100.606 93.569 83.534 40.500 11.469 20.440 21.413 82.385 124.361 105.340 81.324 73.313 52.307 61.304 14.304 0.000 0.467 4.468
74.005 74.007 70.009 70.011 70.010 71.010 71.010 67.010 64.010 63.010 26.010 16.007 67.012 64.014 64.015 64.016 63.018 66.019 90.021 76.023 61.026 67.030 84.034 101.040 96.047 93.057 91.068 87.080 83.091 82.100 90.109 87.121 81.135 77.154 80.176 84.203 46.233 10.267 9.306 25.356 21.438 6.538 15.641 25.737 21.839 12.970 6.135 49.381 107.453 107.377 102.045 103.884 100.769 100.735 101.695 97.657 81.620 74.584 80.550 86.518 70.488 92.460 107.433 124.408 133.388 117.371 79.359 84.351 59.347 0.000 0.000 0.000 0.000
13.010 14.016 74.017 69.019 69.020 64.020 61.020 63.021 58.021 11.022 11.022 0.014 68.025 64.026 64.027 64.028 64.030 82.032 89.034 62.036 64.040 64.044 67.048 73.054 75.061 75.069 71.079 74.089 90.099 83.108 74.118 77.130 84.146 88.164 91.186 88.211 63.240 28.272 11.306 10.333 0.000 0.000 10.642 19.697 3.768 0.000 19.308 79.546 107.526 99.397 103.114 102.848 100.829 100.785 101.745 96.706 83.668 49.632 56.598 99.565 110.534 142.505 133.477 105.453 93.431 110.413 89.400 83.391 58.387 0.000 0.000 0.000 0.000
0.023 9.028 23.024 78.028 63.029 61.030 63.030 63.031 64.032 11.033 2.035 57.040 65.038 64.038 64.039 64.040 66.042 90.044 75.046 61.049 64.052 64.056 64.061 63.067 63.073 63.081 62.089 69.098 98.107 77.116 8.125 16.137 28.155 79.172 89.191 73.215 78.243 65.277 17.312 14.338 0.000 4.541 17.588 9.643 0.000 0.000 37.456 107.668 107.597 102.280 104.014 99.919 100.877 100.834 100.794 100.754 87.716 50.679 65.644 102.610 98.578 132.548 127.519 96.493 101.470 87.451 68.436 86.427 64.422 0.000 0.000 0.000 0.000
62.049 58.043 0.000 70.040 80.040 81.040 62.041 74.041 81.042 57.044 55.045 65.048 64.048 64.049 64.050 64.051 83.053 87.055 62.058 64.061 63.065 62.069 64.073 64.079 64.085 64.092 63.099 71.107 100.115 81.123 27.129 0.147 51.166 76.177 89.193 68.214 58.240 17.282 10.328 13.370 11.430 19.493 23.527 0.000 0.000 16.403 78.632 107.736 99.546 103.257 102.996 100.972 100.925 100.882 100.841 101.801 92.762 81.725 104.689 129.654 117.621 134.589 131.559 125.531 132.506 98.485 75.468 85.457 93.454 22.463 0.000 0.000 0.000
64.055 63.054 58.055 64.051 63.050 11.050 85.050 77.051 64.052 65.054 65.055 64.057 64.058 64.059 64.061 67.063 90.064 73.067 63.069 64.072 70.076 78.080 64.085 62.090 64.096 63.102 66.109 90.116 98.123 73.131 61.140 49.154 71.165 70.177 31.191 16.206 13.223 0.000 2.347 2.382 3.429 4.474 6.501 0.000 19.529 76.639 98.773 107.802 100.508 101.143 101.062 101.016 100.972 100.928 100.887 101.846 92.807 75.769 71.732 104.696 94.662 108.629 111.597 99.567 101.539 73.514 50.494 64.480 131.472 84.472 19.473 9.472 31.471
64.061 64.061 64.061 64.060 64.060 58.060 74.060 90.061 66.062 63.063 64.065 64.067 64.068 64.070 63.072 86.073 88.076 62.078 64.080 65.083 62.087 24.092 83.096 78.101 65.106 63.112 81.118 100.124 84.131 64.138 64.146 65.156 68.165 72.175 9.187 10.197 0.000 0.000 14.331 0.000 0.000 0.000 0.000 0.000 42.685 99.805 107.930 107.867 100.395 101.222 101.102 101.062 101.017 100.973 100.931 99.890 84.851 86.812 106.774 125.737 124.702 129.667 134.633 121.600 119.568 106.538 55.513 53.496 129.485 93.479 31.475 24.472 89.470
64.069 64.068 64.068 64.068 64.068 64.069 64.070 75.071 90.072 66.073 63.075 64.077 64.078 62.080 70.082 91.084 71.086 63.089 65.091 63.093 5.098 2.103 71.107 72.112 78.116 77.121 85.127 84.132 65.138 63.145 65.151 68.158 73.164 73.169 0.000 0.000 0.000 1.314 25.315 12.309 13.307 12.306 0.000 4.028 51.040 105.047 107.991 99.745 101.447 101.178 101.154 101.105 101.061 101.017 100.975 100.933 86.893 82.854 103.815 104.778 104.741 107.704 107.668 106.632 111.595 84.557 60.526 75.505 90.492 29.485 0.000 0.000 33.469
64.076 66.076 66.075 64.076 64.077 64.078 64.079 64.080 75.081 90.083 66.085 61.086 61.088 78.091 90.093 84.095 61.097 64.100 60.101 6.101 3.109 57.114 64.118 64.122 70.126 87.131 87.135 80.140 73.145 65.151 52.156 22.161 87.166 67.168 0.000 0.000 0.000 0.302 14.306 7.306 21.306 10.306 0.000 4.298 24.293 108.112 108.052 100.613 101.338 101.240 101.194 101.148 101.103 101.059 101.017 101.976 96.935 86.895 81.856 80.817 80.779 80.741 80.704 84.665 58.623 2.570 28.529 84.507 80.492 41.484 3.478 0.000 32.468
65.084 2.083 3.081 64.084 63.086 62.087 62.088 61.089 61.091 74.092 89.094 82.096 89.099 91.101 78.103 62.106 69.109 69.111 57.113 0.000 5.123 68.126 64.129 66.132 90.136 97.140 75.144 66.148 73.152 80.157 68.161 4.165 47.168 65.171 0.000 0.000 0.000 1.288 7.296 4.302 18.304 0.000 0.000 4.534 9.886 108.170 105.874 101.574 101.312 101.284 101.235 101.189 101.144 101.101 101.058 101.017 101.976 100.936 98.896 97.856 97.817 98.778 100.740 74.702 16.662 0.000 13.514 69.500 100.488 91.479 64.473 40.468 57.468
64.092 63.092 0.000 63.094 74.095 78.096 82.097 87.098 90.100 91.102 91.104 91.106 77.109 64.111 80.114 97.117 98.120 98.123 91.127 69.135 4.135 65.137 63.140 72.142 100.146 87.149 64.152 63.156 65.159 68.163 59.166 4.170 24.173 24.175 0.000 0.000 0.000 7.278 2.287 0.000 1.304 0.000 12.438 13.851 5.360 108.226 109.822 105.452 101.369 101.321 101.274 101.228 101.184 101.141 101.099 101.058 101.017 100.977 100.936 100.895 101.854 104.815 76.777 9.739 0.000 0.000 0.000 14.490 70.480 101.472 92.467 68.464 45.466
64.101 66.101 62.105 64.104 79.104 78.105 74.105 70.107 69.108 65.111 86.113 76.116 87.119 78.121 94.124 90.127 83.131 84.134 95.138 101.143 90.145 91.148 83.150 91.152 99.155 72.158 63.160 64.163 64.166 63.169 63.172 65.175 60.178 9.181 69.189 60.195 0.000 1.253 0.000 0.000 0.000 3.138 81.262 78.487 108.324 108.277 103.701 104.521 101.400 101.358 101.311 101.266 101.223 101.180 101.139 101.098 101.057 101.017 100.977 102.934 107.888 76.850 16.813 0.000 0.000 0.000 0.000 0.000 11.471 62.462 97.457 47.455 0.000
66.109 2.107 61.111 64.112 64.112 64.113 63.114 64.115 66.116 64.120 76.123 71.126 80.129 91.132 79.135 64.138 65.141 66.145 67.149 72.153 85.155 95.158 101.160 99.162 88.165 64.167 64.169 64.171 64.173 64.175 65.178 88.180 61.182 1.186 65.192 15.200 9.213 2.226 0.000 0.000 0.000 13.043 101.255 103.448 108.368 102.043 101.736 101.468 101.443 101.393 101.348 101.303 101.260 101.218 101.178 101.137 101.098 101.059 103.019 87.977 41.916 8.883 0.000 0.000 0.000 0.000 0.000 0.000 0.000 33.448 95.446 47.444 0.000
67.118 0.118 61.120 64.120 64.121 64.122 64.122 65.123 3.123 63.129 67.132 78.135 78.138 86.142 91.145 77.148 62.152 62.156 62.159 64.163 66.166 67.169 68.171 68.173 67.174 66.175 62.177 62.179 63.180 64.182 75.183 89.185 60.186 54.188 56.190 0.000 0.000 2.224 0.000 0.000 0.000 17.050 100.156 108.450 108.409 100.897 101.619 101.520 101.474 101.427 101.382 101.339 101.297 101.256 101.216 101.176 101.138 101.100 106.065 62.038 0.000 0.000 0.000 0.000 0.000 0.000 0.000 0.000 0.000 36.435 96.434 55.432 0.000
