results2_8e3_rain/res_3e8f-0146.wd
ncols         241
nrows         181
xllcorner     12693529.787448
yllcorner     3542525.717860
cellsize      155.156523
NODATA_value  -9999.000000
[rows 99 to 131 of 181, columns 73 to 145 of 241]
59.017 58.994 58.971 57.946 57.921 62.894 65.868 62.843 58.824 58.815 52.816 8.821 0.000 0.000 0.000 0.000 0.000 14.120 72.088 97.045 95.039 94.198 100.869 100.799 93.904 94.603 94.452 94.345 95.244 95.148 94.062 97.990 56.939 0.000 0.000 0.000 0.000 0.000 0.000 31.872 57.802 69.669 37.471 19.292 49.224 52.154 50.073 53.961 50.728 48.347 17.997 42.752 46.625 61.541 67.480 70.434 68.400 63.376 56.361 51.352 46.347 24.340 0.000 0.000 0.000 0.000 18.816 36.815 48.815 72.815 73.815 73.815 73.814
59.065 59.043 58.020 55.996 59.969 64.941 65.910 65.875 59.849 56.833 61.827 61.826 22.828 0.000 16.763 46.710 23.596 3.393 60.298 100.177 95.428 95.445 100.929 93.216 95.006 94.662 94.577 94.469 94.365 94.268 96.184 95.118 31.078 0.000 0.000 0.000 0.000 0.000 0.287 36.030 41.970 52.898 1.873 0.000 44.364 52.307 51.217 55.083 54.875 25.611 0.000 37.655 51.598 56.535 77.484 78.445 78.416 79.394 80.379 78.370 59.366 0.000 0.000 0.000 0.000 0.000 0.000 35.814 48.814 72.813 73.813 73.813 73.812
59.113 58.094 58.072 61.047 64.020 64.990 39.955 3.898 32.863 68.842 41.834 15.830 7.829 0.000 27.816 77.771 74.684 66.568 85.448 96.599 93.587 101.011 94.497 95.304 94.873 94.810 94.696 94.589 94.481 95.376 93.286 81.220 28.177 1.175 0.000 0.000 0.000 0.546 39.386 46.243 44.150 45.081 18.059 0.000 50.560 68.495 61.404 56.281 31.078 0.000 0.000 20.616 10.577 50.517 75.478 79.447 77.423 77.405 77.392 79.384 52.382 46.386 46.388 52.389 0.000 0.000 0.000 12.813 47.812 72.812 73.811 73.811 73.810
58.165 57.147 62.125 65.101 65.073 65.044 30.023 0.000 0.000 11.840 2.837 0.000 0.000 0.000 20.914 83.874 89.803 97.716 97.675 94.800 101.353 101.142 94.466 95.177 95.030 94.923 94.817 94.708 94.594 100.467 50.367 18.297 2.236 0.079 3.882 6.879 0.000 30.642 48.524 44.406 44.305 43.217 49.137 15.029 43.823 69.707 68.622 66.560 0.000 0.000 0.000 0.000 0.000 48.478 77.462 81.443 78.426 77.411 75.400 64.393 45.390 41.390 42.390 26.389 0.000 0.000 0.000 0.000 43.810 72.810 73.809 73.809 69.808
57.219 63.204 65.183 65.157 63.126 69.091 39.071 0.000 0.000 0.000 0.000 0.000 0.000 0.000 32.053 90.006 92.945 96.822 96.058 96.071 101.542 93.852 95.559 95.235 95.150 95.043 94.939 98.835 104.718 59.534 28.416 3.365 0.000 0.000 0.000 3.875 31.872 54.769 48.662 41.553 46.447 50.345 47.242 45.128 58.994 62.891 52.818 60.777 0.000 0.000 0.000 0.000 0.000 54.457 78.449 83.437 82.425 78.413 73.404 42.398 40.394 41.393 48.392 0.000 0.000 0.000 0.000 37.808 41.808 70.808 73.808 73.807 67.807
64.278 65.265 65.246 64.219 42.184 8.124 27.097 29.097 0.000 0.000 0.000 0.000 0.000 23.358 76.239 90.161 93.065 95.224 96.234 101.874 101.715 94.828 95.531 95.371 95.266 95.161 99.062 60.974 20.909 0.000 38.397 24.384 0.000 0.000 0.000 0.000 39.971 73.901 64.804 59.695 54.584 55.473 53.360 54.246 67.134 61.044 44.982 46.952 0.000 0.000 0.000 0.000 0.000 54.443 82.439 47.433 45.423 77.413 80.406 50.401 41.397 46.395 16.393 0.000 0.000 0.000 0.000 10.808 37.807 55.807 71.807 74.806 67.806
65.343 65.334 61.315 65.289 47.267 0.000 18.097 48.097 0.000 0.000 0.000 0.000 13.573 75.477 89.384 95.305 95.276 95.418 102.159 102.021 94.157 95.933 95.582 95.493 95.380 95.273 99.173 71.091 3.036 0.000 8.393 11.388 0.000 0.000 0.000 0.000 27.141 59.061 63.956 73.841 69.723 57.602 60.480 69.361 64.253 52.168 44.114 45.098 19.145 20.157 0.000 0.000 0.000 52.433 86.431 0.427 0.000 26.409 73.405 63.402 44.399 23.397 0.000 0.000 0.000 0.000 0.000 0.000 10.807 34.806 60.805 70.805 63.805
63.416 60.412 59.393 75.353 54.329 0.000 17.097 45.097 0.000 0.000 0.000 7.740 71.669 84.592 94.522 97.402 96.647 94.677 102.287 93.467 95.242 91.800 93.728 95.606 95.491 96.377 90.266 80.180 28.108 0.000 0.000 0.000 0.000 0.000 0.000 14.589 49.390 54.247 54.117 55.991 64.863 67.733 70.598 64.465 51.349 45.263 44.207 43.181 47.181 32.169 0.000 0.000 0.000 41.425 78.422 44.416 33.412 25.408 68.405 74.402 54.400 0.000 0.000 5.398 0.000 0.000 0.000 0.000 0.000 29.805 53.804 58.804 45.804
57.497 66.506 62.490 3.403 4.366 0.000 8.097 8.097 0.000 0.000 0.000 8.811 87.768 89.712 97.624 96.790 95.812 102.513 102.405 95.427 95.114 94.955 94.838 93.721 94.602 96.477 53.333 4.257 0.000 0.000 0.000 0.000 0.000 18.206 35.048 49.788 60.584 57.420 56.276 53.141 54.008 56.867 68.714 69.552 61.417 50.326 43.269 43.239 45.229 0.000 0.000 0.000 0.000 26.419 68.417 46.414 42.411 42.408 74.404 77.401 60.400 23.399 13.398 56.398 0.000 0.000 0.000 0.000 0.000 32.804 56.803 51.803 37.803
58.586 68.626 55.658 0.000 0.000 0.000 5.097 17.097 1.097 0.000 0.116 74.925 84.885 96.830 96.825 95.969 102.707 102.613 94.739 96.514 96.166 96.073 95.954 95.836 97.718 47.597 0.000 0.000 0.000 0.000 0.000 7.775 33.618 50.364 63.150 58.931 57.738 57.572 57.426 58.291 56.158 55.015 28.839 47.611 72.441 54.355 42.305 45.277 43.266 31.273 0.000 0.000 0.000 27.416 60.413 38.411 0.000 0.000 30.401 67.400 56.399 65.398 72.398 31.398 0.000 0.000 0.000 0.000 0.000 7.803 47.803 45.802 38.802
56.673 60.754 59.858 36.015 0.000 0.000 0.000 3.097 6.097 0.000 28.171 88.077 95.016 96.938 97.098 95.221 102.792 95.028 96.809 96.375 96.306 96.185 97.070 97.953 59.835 0.000 0.000 0.000 0.000 0.000 10.142 52.932 63.717 59.481 58.258 58.049 57.864 57.704 57.564 57.439 57.321 66.195 5.017 0.000 40.382 49.349 41.319 50.298 50.287 32.280 0.000 0.000 0.000 0.000 44.408 81.407 49.404 0.000 23.400 68.399 62.398 53.398 53.397 0.000 0.000 0.000 0.000 0.000 0.000 0.000 26.802 37.802 38.802
68.742 6.857 63.006 61.171 50.371 9.496 0.000 0.000 0.000 19.332 78.267 92.198 98.138 97.123 96.277 102.939 102.869 95.977 96.675 96.524 96.413 97.303 99.187 60.070 0.000 0.000 0.000 0.000 8.788 39.638 50.351 62.094 58.836 58.584 55.351 55.143 54.965 55.815 57.688 57.580 60.490 37.427 0.000 0.000 20.356 45.340 44.323 62.310 58.303 0.000 0.000 0.000 0.000 0.000 28.404 73.404 85.402 42.400 68.399 82.398 74.398 50.397 43.396 15.395 0.000 0.000 0.000 0.000 0.000 0.000 32.801 38.801 42.801
50.780 3.925 65.139 55.293 62.445 54.622 15.923 3.285 12.396 79.398 88.362 98.321 97.208 97.475 95.502 102.998 95.266 97.058 96.718 96.635 97.527 98.426 52.307 0.000 0.000 0.000 0.000 1.253 51.939 62.774 60.533 59.256 60.950 60.669 66.421 71.207 66.039 58.904 52.793 56.703 62.635 20.595 0.000 0.000 16.345 48.334 49.324 71.316 59.311 0.000 0.000 0.000 0.000 0.000 16.402 68.401 77.400 82.399 78.398 78.397 82.397 66.396 45.395 46.395 15.394 8.394 0.000 0.000 0.000 34.800 39.800 37.800 42.800
0.000 0.000 33.331 84.416 47.497 0.000 0.000 17.476 77.504 82.501 96.481 97.391 97.670 95.601 103.082 95.524 97.333 96.909 96.852 97.741 94.635 49.566 0.000 0.000 0.000 0.000 7.607 54.448 62.197 59.988 59.749 63.446 38.039 16.721 19.455 36.225 62.080 63.968 64.876 56.803 57.751 18.723 0.000 0.000 0.000 29.327 47.322 54.318 53.315 2.316 0.000 0.000 0.000 0.000 16.400 59.399 72.399 77.398 78.397 79.397 75.396 71.395 56.395 44.394 48.394 54.393 0.000 0.000 0.000 0.800 37.800 38.799 40.799
0.000 0.000 10.437 85.544 72.628 0.000 0.000 24.640 85.641 93.631 97.583 98.778 98.814 103.399 103.206 96.475 97.190 97.051 96.953 91.850 81.707 32.637 0.000 0.000 7.050 42.952 51.765 63.598 60.413 60.232 64.031 41.741 0.000 0.000 0.000 22.156 60.090 57.013 60.942 66.884 66.843 44.824 0.000 0.000 0.000 11.324 49.321 43.319 50.317 1.316 0.000 0.000 0.000 0.000 21.398 46.398 63.397 77.397 72.396 65.396 67.396 28.395 53.394 62.394 55.393 51.393 0.000 0.000 0.000 0.000 0.000 32.799 37.799
0.000 0.000 0.000 13.694 62.845 2.699 12.825 78.804 90.789 97.770 97.787 97.964 103.750 103.579 95.762 97.560 97.227 97.156 90.067 55.999 0.000 0.000 0.000 15.241 61.148 55.042 62.905 60.764 60.624 61.497 39.400 0.265 0.000 0.000 0.000 21.155 63.110 57.051 56.994 58.946 62.915 64.905 16.929 0.000 0.000 0.000 30.319 49.318 24.318 0.000 0.000 0.000 0.000 0.000 14.397 42.397 53.396 60.396 52.396 49.395 14.395 0.000 2.394 46.393 50.392 59.392 0.000 0.000 0.000 0.000 0.000 26.799 37.798
0.000 0.000 0.000 0.000 0.677 12.948 81.971 86.961 97.948 97.877 99.161 99.232 103.911 96.061 97.840 97.409 97.349 87.248 76.161 40.080 0.000 0.000 0.000 55.334 77.260 62.161 54.047 61.931 59.822 62.732 32.677 0.000 0.000 0.000 17.252 52.198 59.143 58.087 58.036 54.994 50.965 52.951 14.953 0.000 0.000 0.000 11.319 56.318 4.318 0.000 0.000 0.000 0.000 0.000 14.396 44.396 43.395 42.395 40.395 46.394 0.000 0.000 0.000 21.392 44.392 62.391 6.391 0.000 0.000 0.000 0.000 0.000 30.798
0.000 0.000 0.000 0.000 0.000 85.166 84.151 98.130 98.080 99.281 99.352 104.205 104.062 97.015 98.700 96.543 82.428 71.335 45.248 0.000 0.000 0.000 49.630 67.501 67.397 74.295 62.192 52.092 58.002 67.932 70.900 33.948 0.000 0.000 16.307 64.242 58.178 58.120 57.069 53.028 46.999 47.984 13.978 0.000 0.000 0.000 0.000 29.318 37.317 0.000 0.000 0.000 0.000 0.000 22.395 46.395 40.394 41.394 41.394 43.394 26.393 0.000 0.000 0.000 31.391 52.391 30.390 4.390 0.000 0.000 0.000 0.000 25.798
0.000 0.000 0.000 0.000 24.518 85.399 97.339 98.297 99.304 101.489 104.472 104.341 96.322 98.086 94.738 83.638 72.493 44.414 0.000 0.000 0.000 51.882 72.760 58.641 50.533 64.431 76.334 64.242 67.161 68.094 55.043 60.995 39.865 2.172 24.425 56.287 52.206 59.145 54.092 46.049 45.021 49.005 10.999 0.000 0.000 0.000 0.000 16.317 56.317 1.317 0.000 0.000 0.000 0.000 0.000 28.394 43.394 41.393 41.393 41.393 49.393 0.000 0.000 0.000 0.000 33.390 44.390 50.390 0.000 0.000 0.000 0.000 0.000
0.000 0.000 0.000 0.000 67.637 93.570 99.515 98.419 98.686 96.764 104.598 96.604 98.369 92.938 81.870 56.750 0.000 0.000 0.000 0.000 52.127 73.005 59.886 48.771 48.663 50.563 61.469 76.383 67.306 52.239 60.182 62.127 36.067 0.000 21.350 81.274 68.215 57.164 51.104 47.056 44.032 45.018 39.013 3.015 0.000 0.000 0.000 0.000 35.317 7.317 0.000 0.000 0.000 0.000 0.000 8.393 45.393 41.393 41.393 41.392 43.392 27.392 0.000 0.000 0.000 14.390 41.390 44.390 0.000 0.000 0.000 0.000 0.000
0.000 0.000 0.000 70.945 67.822 73.740 88.651 99.823 96.885 104.833 104.718 97.537 93.224 82.077 60.970 0.000 0.000 33.773 0.000 4.377 77.249 60.126 49.006 49.893 48.787 51.688 65.597 74.514 75.441 59.376 55.318 66.263 40.209 0.000 0.000 12.246 25.217 7.190 0.000 17.040 48.031 55.023 56.019 42.018 0.000 0.000 0.000 0.000 0.000 0.000 0.000 0.000 0.000 0.000 0.000 9.392 45.392 44.392 47.392 42.392 39.392 48.391 0.000 0.000 0.000 21.389 55.389 60.389 0.000 0.000 0.000 0.000 0.000
0.000 0.000 10.169 72.067 68.969 69.888 79.864 96.028 105.052 104.944 96.817 93.582 81.252 55.177 0.000 0.000 50.824 49.773 31.670 15.505 65.368 49.241 50.122 49.008 49.903 64.805 70.716 34.636 25.567 77.506 63.453 41.397 2.309 0.000 0.000 0.000 0.000 0.000 0.000 14.033 66.029 60.024 57.021 53.020 8.021 0.000 0.000 0.000 0.000 0.000 0.000 0.000 0.000 0.000 0.000 33.392 42.392 17.392 0.000 17.391 42.391 46.391 0.000 0.000 0.000 23.389 59.389 28.389 0.000 0.000 0.000 0.000 0.000
0.000 85.356 73.271 70.184 68.106 68.984 70.227 74.291 105.157 96.059 91.820 81.409 55.366 0.000 0.000 0.000 54.875 52.825 72.732 56.605 49.476 50.350 49.230 52.116 72.011 68.914 49.826 45.749 50.683 78.629 75.589 39.565 0.000 0.000 0.000 0.000 0.000 0.000 0.000 14.030 73.027 73.024 68.022 59.021 4.021 0.000 0.000 0.000 0.000 0.000 0.000 0.000 0.000 0.000 6.391 45.391 47.392 0.000 0.000 2.391 45.391 46.391 0.000 0.000 0.000 0.000 30.389 0.000 0.000 0.000 0.000 0.000 0.000
1.538 83.442 97.374 89.301 74.203 75.360 67.408 105.354 105.257 74.942 79.619 55.517 0.000 0.000 0.000 0.000 56.976 69.921 67.827 49.708 49.580 49.454 60.332 72.217 61.110 50.013 49.926 49.850 50.788 59.739 77.709 73.707 34.761 0.000 0.000 0.000 0.000 0.000 0.000 0.000 59.025 61.024 73.022 74.021 30.021 0.000 0.000 0.000 0.000 0.000 0.000 0.000 0.000 0.000 37.391 47.391 24.391 0.000 0.000 6.391 46.391 44.391 0.000 0.000 0.000 0.000 0.000 0.000 0.000 0.000 0.000 0.000 0.000
19.620 96.552 99.483 99.413 94.386 84.541 105.543 105.449 67.098 61.878 0.000 0.000 0.000 0.000 0.000 0.000 68.132 73.057 48.946 50.818 50.684 62.553 71.427 53.309 50.200 50.102 50.014 49.939 49.877 49.831 58.802 78.795 71.814 45.845 36.857 40.860 9.861 0.000 0.000 0.000 0.000 39.023 79.022 79.021 40.021 0.000 0.000 0.000 0.000 0.000 0.000 0.000 0.000 0.000 26.391 25.391 0.000 0.000 0.000 0.000 26.391 53.391 0.000 0.000 0.000 0.000 0.000 0.000 0.000 0.000 0.000 0.000 0.000
89.731 99.662 99.600 99.485 103.728 94.786 105.634 67.193 69.875 64.582 0.000 0.000 0.000 0.000 0.000 61.527 73.364 50.228 51.084 50.935 58.787 71.645 49.514 50.392 50.280 50.179 50.090 50.014 49.952 49.905 49.873 53.857 54.856 49.863 50.866 57.863 39.862 0.000 0.000 0.000 0.000 0.000 34.021 70.021 33.021 0.000 0.000 0.000 0.000 0.000 0.000 0.000 0.000 0.000 0.000 0.000 0.000 0.000 0.000 0.000 0.000 5.390 0.000 0.000 0.000 0.000 0.000 0.000 0.000 0.000 0.000 0.000 0.000
95.834 95.773 99.685 100.847 97.893 105.811 105.723 71.846 56.271 1.457 4.457 1.457 0.000 0.000 0.000 78.690 55.568 51.406 51.228 53.050 73.882 53.729 50.590 50.465 50.350 50.246 50.153 50.076 50.012 49.964 49.928 48.904 47.890 50.884 32.882 0.000 0.000 0.000 0.000 0.000 0.000 0.000 0.000 63.021 51.020 18.020 0.000 0.000 0.000 0.000 0.000 0.000 0.000 0.000 0.000 0.000 0.000 0.000 0.000 0.000 0.000 0.000 0.000 0.000 0.000 0.000 0.000 0.000 0.000 0.000 0.000 0.000 0.000
74.948 74.882 78.860 75.017 105.984 105.898 83.368 64.543 55.428 0.000 0.000 1.457 0.000 0.000 0.000 53.975 49.813 49.600 48.371 61.154 53.964 47.798 48.654 48.527 48.410 48.299 49.202 50.122 50.059 50.009 48.971 46.940 48.917 48.903 45.896 35.898 38.897 40.896 39.895 41.895 12.894 0.000 0.000 1.020 60.020 32.020 0.000 0.000 0.000 0.000 0.000 0.000 0.000 0.000 0.000 0.000 0.000 0.000 0.000 0.000 0.000 0.000 0.000 0.000 0.000 0.000 0.000 0.000 0.000 0.000 0.000 0.000 0.000
90.063 111.951 77.198 107.256 106.067 65.935 56.522 0.000 70.749 29.068 0.000 0.000 0.000 0.000 97.814 76.422 47.108 54.810 65.502 64.233 60.021 57.844 57.702 57.579 56.462 50.340 46.233 50.152 50.091 50.044 49.006 48.971 52.933 52.913 53.903 63.899 63.898 59.896 52.895 51.895 30.894 0.000 0.000 0.000 19.020 25.020 0.000 0.000 0.000 0.000 0.000 0.000 0.000 0.000 0.000 0.000 0.000 0.000 0.000 0.000 0.000 0.000 0.000 0.000 0.000 0.000 0.000 0.000 0.000 0.000 0.000 0.000 0.000
138.144 116.741 114.786 106.223 106.147 94.025 0.000 37.729 65.728 139.389 114.905 1.228 45.304 34.755 96.206 55.792 53.388 125.030 115.595 111.254 111.043 109.855 108.731 107.626 106.519 77.366 44.239 50.163 50.109 50.069 50.037 42.004 0.000 0.000 0.000 0.000 0.000 0.000 16.895 68.894 47.894 18.893 0.000 0.000 0.000 0.000 0.000 0.000 0.000 0.000 0.000 0.000 0.000 0.000 0.000 0.000 0.000 0.000 0.000 0.000 0.000 0.000 0.000 0.000 0.000 0.000 0.000 0.000 0.000 0.000 0.000 0.000 0.000
96.313 115.900 106.363 106.295 90.554 0.000 0.000 0.000 9.050 60.853 48.587 0.000 26.687 0.000 55.462 52.153 61.622 117.326 0.000 3.144 0.000 53.803 62.740 123.674 36.623 0.000 54.195 50.150 50.114 51.087 33.069 0.000 0.000 0.000 0.000 0.000 0.000 0.000 0.000 21.894 68.893 24.893 0.000 0.000 0.000 0.000 0.000 0.000 0.000 0.000 0.000 0.000 0.000 0.000 0.000 0.000 0.000 0.000 0.000 0.000 0.000 0.000 0.000 0.000 0.000 0.000 0.000 0.000 0.000 0.000 0.000 0.000 0.000
117.070 115.124 106.428 115.046 116.893 37.181 0.000 16.568 43.568 53.387 30.004 7.036 48.070 93.588 92.026 84.736 0.000 36.326 0.000 15.033 36.923 64.813 109.752 72.706 37.676 0.000 0.000 56.130 50.110 51.094 32.085 0.000 0.000 0.000 0.000 0.000 0.000 0.000 0.000 0.000 15.893 54.892 19.892 0.000 0.000 0.000 0.000 0.000 0.000 0.000 0.000 0.000 0.000 0.000 0.000 0.000 0.000 0.000 0.000 0.000 0.000 0.000 0.000 0.000 0.000 0.000 0.000 0.000 0.000 0.000 0.000 0.000 0.000
115.204 106.545 106.489 95.553 38.318 0.000 0.000 0.000 5.267 32.123 0.000 0.000 40.967 84.668 138.320 74.028 0.000 0.000 0.000 0.000 0.000 78.775 113.750 43.723 40.700 0.000 0.000 0.000 55.100 49.095 47.091 45.092 33.092 0.000 0.000 0.000 0.000 0.000 0.000 0.000 10.892 68.892 26.892 0.000 0.000 0.000 0.000 0.000 0.000 0.000 0.000 0.000 0.000 0.000 0.000 0.000 0.000 0.000 0.000 0.000 0.000 0.000 0.000 0.000 0.000 0.000 0.000 0.000 0.000 0.000 0.000 0.000 0.000
