results2_8e3_rain/res_3e8f-0168.wd
ncols         241
nrows         181
xllcorner     12693529.787448
yllcorner     3542525.717860
cellsize      155.156523
NODATA_value  -9999.000000
[rows 33 to 65 of 181, columns 73 to 145 of 241]
0.000 0.000 0.000 0.000 0.000 0.000 0.000 0.000 0.000 0.000 0.000 0.000 0.000 0.000 0.000 0.000 0.000 0.000 0.000 0.000 0.000 0.000 0.000 0.000 0.000 0.000 0.000 0.000 0.000 0.000 0.000 0.000 0.000 0.000 0.000 0.000 0.000 0.000 0.000 39.438 62.439 67.441 23.443 0.000 0.000 32.520 46.548 13.527 4.528 36.549 39.565 33.563 34.545 35.509 35.456 35.385 35.293 34.178 40.027 59.792 6.313 14.437 11.724 46.889 63.350 67.878 66.438 67.040 65.576 67.663 62.719 62.327 62.317
0.000 0.000 0.000 0.000 0.000 0.000 0.000 0.000 0.000 0.000 0.000 0.000 0.000 0.000 0.000 0.000 0.000 0.000 0.000 0.000 0.000 0.000 0.000 0.000 0.000 0.000 0.000 0.000 0.000 0.000 0.000 0.000 0.000 0.000 0.000 0.000 0.000 0.000 0.000 0.000 14.439 9.440 0.000 0.000 0.000 0.000 28.640 0.000 0.000 26.590 50.631 49.636 39.619 35.583 35.527 35.449 35.350 34.233 56.100 53.946 0.000 37.276 49.844 63.275 67.757 67.280 66.851 66.359 67.420 63.439 62.736 62.989 65.291
0.000 0.000 0.000 0.000 0.000 0.000 0.000 0.000 0.000 0.000 0.000 0.000 0.000 0.000 0.000 0.000 0.000 0.000 34.932 66.932 19.932 0.000 0.000 0.000 0.000 0.000 0.000 0.000 0.000 0.000 0.000 0.000 0.000 0.000 0.000 0.000 0.000 0.000 0.000 0.000 0.000 0.000 0.000 0.000 0.000 0.000 20.731 0.000 0.000 0.000 28.734 46.729 46.712 37.677 35.618 35.534 33.426 49.303 58.194 0.000 22.934 47.546 62.103 68.610 68.119 67.665 67.146 69.179 65.167 63.271 63.670 65.995 65.241
0.000 0.000 0.000 0.000 0.000 0.000 0.000 0.000 0.000 0.000 0.000 21.933 59.933 0.000 0.000 0.000 0.000 0.000 41.932 92.932 48.931 0.000 0.000 0.000 0.000 0.000 0.000 0.000 0.000 0.000 0.000 0.000 0.000 0.000 0.000 0.000 0.000 0.000 0.000 0.000 0.000 0.000 0.000 0.000 0.000 0.000 23.822 24.863 31.881 17.880 27.843 35.834 48.823 39.794 35.736 32.644 43.517 53.360 42.180 17.847 47.322 64.870 69.413 68.936 68.475 67.935 67.941 66.904 63.919 64.366 66.705 65.957 65.724
0.000 0.000 0.000 0.000 0.000 0.000 0.000 0.000 0.000 0.000 0.000 42.933 77.933 66.933 53.933 8.933 2.933 26.932 80.932 88.932 53.931 0.000 0.000 0.000 0.000 22.906 1.906 0.000 0.000 0.000 0.000 0.000 0.000 0.000 0.000 0.000 0.000 6.908 0.000 0.000 0.000 10.907 28.907 0.000 0.000 39.885 54.872 57.886 55.902 41.914 35.924 34.942 48.952 39.940 31.889 45.787 59.638 47.439 35.318 50.040 54.637 67.199 69.739 69.279 68.728 68.709 66.654 64.677 65.082 67.428 66.687 66.457 66.125
0.000 0.000 0.000 0.000 0.000 0.000 0.000 0.000 0.000 0.000 0.000 13.933 75.933 58.934 39.933 1.933 22.933 72.933 83.932 90.931 49.931 0.000 0.000 0.000 0.000 60.906 44.906 0.000 0.000 0.000 0.000 0.000 0.000 0.000 0.000 0.000 23.908 35.908 37.908 0.000 0.000 19.908 44.907 23.906 37.903 60.898 63.897 64.907 61.925 48.952 35.996 33.057 50.105 41.124 45.092 62.979 56.809 0.000 33.614 52.360 64.985 70.549 70.093 69.535 69.491 67.424 65.562 65.819 68.167 67.436 67.212 66.879 66.548
0.000 0.000 0.000 0.000 0.000 0.000 0.000 0.000 0.000 0.000 0.000 0.000 0.000 26.934 64.934 60.934 48.933 61.933 81.932 92.931 45.930 0.000 0.000 0.000 0.000 22.906 46.906 48.906 0.000 0.000 0.000 0.000 0.000 0.000 0.000 0.000 39.908 40.908 52.908 35.908 24.908 38.908 39.908 35.907 42.907 49.906 47.909 40.919 59.938 25.974 42.051 45.184 35.286 47.360 60.377 57.226 0.102 8.581 45.163 61.800 70.395 70.933 70.380 70.306 67.233 66.614 66.588 68.925 68.205 67.989 67.664 67.332 66.975
0.000 0.000 0.000 0.000 0.000 0.000 0.000 0.000 0.000 0.000 0.000 0.000 0.000 16.934 83.934 78.934 68.934 58.934 82.932 90.931 85.928 70.925 25.922 0.000 0.000 0.000 2.906 56.906 40.906 38.906 49.906 44.906 7.906 0.000 0.000 3.908 39.908 38.908 59.908 65.909 54.909 46.909 38.909 35.909 36.910 37.911 36.915 34.923 42.936 3.955 0.000 4.340 40.497 63.652 61.831 1.210 7.305 44.998 58.655 68.293 71.830 71.390 72.165 68.117 67.910 67.405 69.712 68.996 68.786 68.472 68.154 67.803 67.415
0.000 0.000 0.000 0.000 0.000 0.000 0.000 0.000 0.000 0.000 0.000 0.000 0.000 0.000 16.934 55.935 30.935 66.935 85.934 90.931 88.928 86.924 75.920 34.916 0.000 0.000 0.000 12.906 51.906 51.906 64.906 62.906 55.907 50.907 0.000 0.000 6.908 43.908 62.909 69.909 61.909 45.909 34.910 35.910 35.911 35.913 35.917 35.921 39.926 0.000 0.000 0.000 10.710 47.922 17.404 14.711 49.649 54.448 66.185 72.788 72.639 70.878 69.205 69.577 68.307 70.546 69.818 69.600 69.291 68.991 68.670 68.314 67.886
0.000 0.000 0.000 0.000 0.000 0.000 0.000 0.000 0.000 0.000 0.000 0.000 0.000 0.000 0.000 1.936 87.937 87.937 89.936 89.933 88.928 82.922 76.917 47.913 0.000 0.000 0.000 0.000 0.000 19.906 64.906 58.907 73.907 70.907 49.907 28.908 29.908 38.908 60.909 69.909 60.909 43.910 33.910 38.911 37.913 35.915 35.917 35.920 36.922 28.921 0.000 0.000 0.000 0.000 9.152 52.199 55.130 62.985 73.706 73.816 72.176 74.065 71.816 69.352 71.459 70.691 70.442 70.119 69.820 69.523 69.224 68.896 67.461
0.000 0.000 0.000 0.000 0.000 0.000 22.895 45.892 0.000 23.835 63.824 52.812 56.801 31.795 0.000 0.000 23.939 95.940 89.940 86.936 83.929 86.920 77.912 40.907 0.000 0.000 0.000 0.000 0.000 0.000 0.000 8.907 62.907 63.907 14.907 0.000 5.908 42.908 60.909 65.909 55.909 46.910 44.911 6.912 13.913 41.915 35.917 35.919 36.920 42.920 50.920 12.920 0.000 0.000 24.851 57.806 61.700 72.510 74.724 74.356 77.637 76.215 70.700 72.501 71.642 71.329 70.966 70.644 70.341 70.060 69.805 69.585 75.427
0.000 0.000 0.000 0.000 0.000 0.000 22.898 65.889 7.870 57.845 59.826 71.810 54.797 39.788 0.000 0.000 11.941 80.943 92.948 89.943 89.932 90.917 84.904 38.895 0.000 0.000 0.000 0.000 0.000 0.000 0.000 0.000 0.000 47.907 6.907 0.000 1.908 48.909 45.909 57.909 14.909 0.000 0.000 0.000 0.000 7.916 45.917 39.919 2.920 32.920 66.920 49.920 2.920 0.000 29.604 63.444 72.346 75.467 75.222 79.396 78.651 72.060 73.621 72.666 72.266 71.844 71.479 71.144 70.841 70.572 70.351 70.212 75.235
21.168 65.162 55.158 0.000 0.000 0.000 16.909 76.897 52.875 54.850 60.826 84.805 85.788 80.773 34.759 0.000 0.000 0.000 40.968 94.957 89.937 90.914 87.891 46.875 0.000 0.000 0.000 0.000 0.000 0.000 0.000 0.000 0.000 5.907 0.000 0.000 0.000 0.000 0.000 0.000 0.000 0.000 0.000 0.000 0.000 0.000 0.000 20.919 17.919 0.000 0.000 0.000 0.000 19.015 56.432 73.385 75.062 75.994 80.343 79.949 73.091 74.647 73.681 73.222 72.745 72.332 71.956 71.614 71.306 71.035 70.815 70.677 73.686
21.169 77.161 59.153 55.143 0.000 0.000 3.933 68.915 70.884 70.852 82.822 79.797 91.776 90.758 51.745 0.000 0.000 0.000 16.998 96.978 89.947 90.909 87.871 47.838 0.000 0.000 8.408 56.371 68.330 37.302 0.000 0.000 0.000 0.000 0.000 0.000 0.000 0.000 0.000 0.000 0.000 0.000 0.000 0.000 0.000 0.000 0.000 0.000 5.919 0.000 0.000 0.000 16.979 57.487 74.447 75.030 81.258 80.749 74.364 74.925 75.425 74.605 74.136 73.637 73.189 72.777 72.399 72.051 71.733 71.446 71.198 77.995 18.841
85.172 82.162 61.150 62.133 54.109 1.058 58.974 53.946 61.895 74.854 78.814 89.786 90.760 89.737 58.719 0.000 0.000 0.000 16.047 96.012 89.963 90.907 85.844 65.770 49.654 50.547 50.445 58.374 79.317 46.275 0.000 0.000 0.000 0.000 0.000 0.000 0.000 0.000 0.000 0.000 0.000 0.000 0.000 0.000 0.000 0.000 0.000 0.000 0.000 0.000 15.069 45.846 55.354 74.341 75.931 82.597 82.005 74.913 76.632 75.966 75.424 74.967 74.481 74.025 73.593 73.190 72.812 72.459 72.129 71.821 78.534 24.265 0.000
82.177 77.166 75.151 58.131 62.103 62.065 53.022 46.000 0.000 0.000 20.793 79.772 90.742 88.711 73.674 40.621 0.000 3.219 65.132 86.059 90.986 89.910 90.830 80.743 56.644 53.544 52.449 61.365 79.287 62.206 48.094 49.006 52.941 63.901 27.885 0.000 0.000 0.000 0.000 0.000 0.000 0.000 0.000 0.000 0.000 0.000 0.000 0.000 0.000 0.000 26.269 66.109 74.056 76.704 83.477 83.081 75.636 77.305 76.526 76.155 75.714 75.261 74.817 74.384 73.970 73.576 73.201 72.843 72.502 78.174 24.854 0.000 0.000
71.184 23.172 91.157 62.138 56.105 57.075 59.048 59.031 48.032 0.000 0.000 0.756 24.725 95.693 85.643 63.569 55.448 62.307 61.201 63.107 71.012 71.917 58.823 55.729 53.633 53.537 52.442 61.351 76.261 55.168 52.070 56.983 72.916 75.877 60.869 34.869 0.000 0.000 0.000 0.000 0.000 0.000 0.000 0.000 0.000 0.000 0.000 0.000 0.000 17.107 58.953 74.565 77.406 84.042 83.797 76.332 77.976 77.192 76.835 76.407 75.984 75.559 75.137 74.726 74.327 73.943 73.571 73.212 78.862 24.518 0.000 0.000 0.000
17.193 90.181 91.169 77.157 0.000 4.082 64.064 60.046 71.032 62.020 0.000 0.770 3.731 83.693 80.638 65.563 56.467 53.361 53.259 56.155 69.038 76.924 79.815 72.717 62.623 55.528 54.432 70.335 73.236 48.136 52.034 51.940 52.864 56.822 35.846 0.000 0.000 0.000 6.397 0.000 0.000 0.000 0.000 0.000 0.000 0.000 0.000 20.329 51.999 59.856 73.371 84.702 84.317 77.385 77.980 78.548 77.859 77.495 77.074 76.667 76.257 75.851 75.449 75.055 74.670 74.296 74.930 81.571 25.217 0.000 0.000 0.000 0.000
95.201 91.191 91.179 91.165 78.143 61.108 61.080 61.055 52.032 0.989 17.880 24.829 76.766 73.711 76.650 69.580 70.498 70.409 70.319 73.216 68.060 67.927 69.796 73.702 74.612 72.520 68.423 79.321 77.214 65.104 65.991 65.880 67.778 42.701 0.000 0.000 0.000 0.000 7.397 0.000 0.000 0.000 0.000 0.000 0.000 7.200 54.981 55.548 76.563 77.120 85.766 85.287 79.872 79.589 78.978 78.511 78.134 77.723 77.323 76.924 76.529 76.138 75.752 75.374 75.004 75.640 79.282 11.927 0.000 0.000 0.000 0.000 0.000
94.210 90.202 90.193 91.179 88.157 66.126 60.094 61.061 62.024 53.975 2.910 68.852 65.793 66.735 67.674 62.607 66.535 71.461 79.389 64.332 0.000 0.000 14.740 72.683 68.604 68.518 68.420 68.312 68.196 68.074 67.946 67.811 65.666 60.502 33.284 0.000 8.919 52.697 59.397 71.089 40.851 0.000 0.000 0.000 1.147 56.397 67.189 79.115 79.752 86.500 86.165 80.522 80.199 79.464 79.135 78.747 78.350 77.958 77.567 77.180 76.796 76.419 76.049 75.686 76.331 78.979 26.631 0.000 0.000 0.000 0.000 0.000 0.000
80.216 80.215 80.213 91.201 91.178 81.146 57.109 60.070 61.030 60.985 66.932 75.877 59.819 56.762 54.702 61.639 76.574 75.509 60.447 40.389 0.000 0.000 0.000 0.700 57.604 52.527 52.426 52.311 52.185 53.050 55.907 56.751 56.574 55.358 56.066 54.617 54.141 62.775 69.404 67.020 73.613 71.072 65.561 63.050 65.426 77.050 80.568 80.361 86.993 86.777 81.160 80.814 80.065 79.739 79.345 78.959 78.573 78.189 77.808 77.431 77.058 76.692 76.337 76.992 77.653 16.316 0.000 0.000 0.000 0.000 0.000 0.000 0.000
0.000 46.229 58.242 86.233 90.209 71.172 54.126 53.081 61.042 61.001 59.956 53.904 54.846 60.791 77.734 76.674 59.612 52.554 42.500 0.000 62.076 71.016 66.923 67.804 70.670 73.559 72.445 73.321 76.182 75.035 71.881 73.713 68.521 54.291 58.005 56.645 61.252 78.859 85.422 81.975 75.510 70.037 71.582 78.047 82.900 81.332 87.596 87.246 81.146 82.755 81.341 80.680 80.340 79.942 79.558 79.173 78.793 78.417 78.046 77.679 77.313 77.954 75.616 71.292 22.972 0.000 0.000 0.000 0.000 0.000 0.000 0.000 0.000
0.000 0.000 51.295 70.280 81.253 56.207 48.140 55.087 53.054 60.023 60.988 60.936 53.868 70.823 62.770 51.709 54.647 46.595 0.000 71.225 74.137 74.049 75.948 76.834 79.712 83.595 82.476 82.344 82.188 84.027 84.868 82.698 70.505 56.281 58.016 57.706 57.363 59.987 33.452 5.947 95.413 137.009 114.543 80.476 81.995 88.561 88.123 81.593 84.322 81.737 81.294 80.936 80.542 80.155 79.768 79.384 79.007 78.640 78.281 77.924 79.561 74.194 62.882 17.587 0.000 0.000 0.000 0.000 0.000 0.000 0.000 0.000 46.194
3.530 0.000 6.361 27.340 62.317 44.262 0.000 50.075 55.062 55.050 61.035 49.986 0.000 54.863 52.814 54.747 55.671 65.583 79.462 76.313 78.198 84.094 93.987 137.874 134.750 134.633 134.519 134.392 135.199 119.016 50.867 53.706 51.522 59.311 58.072 54.802 52.506 34.274 0.000 0.000 4.202 61.912 78.924 83.520 89.253 88.934 81.192 82.893 82.192 81.888 81.520 81.138 80.754 80.366 79.976 79.588 79.212 78.855 79.513 78.177 69.813 58.379 16.130 0.000 0.000 0.000 0.000 0.000 0.000 0.000 2.487 37.428 58.308
77.531 25.507 14.449 77.403 55.412 0.000 0.000 0.000 49.071 62.080 54.117 0.000 7.036 62.951 53.875 64.794 77.705 77.606 82.491 85.366 78.249 64.140 55.033 50.923 48.780 51.667 52.576 39.507 0.000 55.973 52.877 51.736 55.565 59.369 56.159 47.923 54.586 35.328 0.000 1.485 57.200 74.217 83.942 89.745 89.524 81.775 83.462 82.758 82.465 82.096 81.728 81.351 80.967 80.579 80.182 79.780 79.399 80.052 75.742 64.456 21.134 0.000 0.000 0.000 0.000 0.000 0.000 0.000 0.000 0.000 5.547 55.488 54.401
87.550 95.541 83.524 0.496 12.518 6.626 1.664 0.669 0.000 0.000 58.238 56.217 64.121 61.030 60.942 60.850 77.751 91.644 80.529 60.410 58.294 53.184 55.084 46.005 0.000 57.678 54.613 43.551 0.000 57.026 51.933 52.797 59.632 57.443 55.271 37.145 0.000 1.810 53.885 51.662 68.447 84.360 90.022 82.709 83.276 83.936 83.332 83.038 82.676 82.317 81.947 81.570 81.187 80.799 80.394 80.952 80.553 70.214 54.945 17.771 0.000 0.000 0.000 0.000 0.000 0.000 0.000 3.924 30.879 29.795 44.666 56.576 44.492
77.578 81.584 71.587 0.000 0.000 71.702 64.699 58.674 2.613 10.519 76.378 73.293 60.201 61.108 61.012 61.911 82.804 134.691 127.571 74.450 129.332 50.219 54.112 54.009 55.893 53.754 53.646 53.535 55.376 51.172 51.030 59.889 58.721 55.501 50.338 39.242 0.000 0.554 55.930 62.759 84.759 83.641 90.378 83.755 84.341 83.891 83.601 83.254 82.905 82.544 82.174 81.795 81.411 81.035 82.642 78.080 59.646 46.304 48.054 13.913 0.000 0.000 0.000 0.000 0.000 0.000 0.000 3.970 39.918 44.840 58.745 52.658 42.578
73.609 68.630 12.652 0.000 2.822 54.781 63.751 60.710 78.648 72.564 77.465 85.374 76.282 61.187 61.087 60.980 59.865 53.742 48.615 53.488 50.365 54.247 54.136 54.027 53.915 53.798 53.685 53.564 52.421 57.258 59.124 60.007 43.864 0.000 43.338 0.000 0.000 0.526 60.096 82.013 86.016 91.361 90.902 83.846 84.498 84.140 83.827 83.493 83.144 82.782 82.410 82.024 81.625 80.290 42.061 0.000 0.000 0.000 0.000 0.000 0.000 0.000 0.000 36.376 31.338 30.275 29.187 33.067 41.983 57.901 51.817 42.735 52.658
65.636 56.677 61.738 6.837 59.864 55.849 54.816 72.767 65.703 81.627 90.542 70.456 56.367 54.272 57.169 60.056 60.933 60.799 53.660 52.522 53.391 53.270 54.156 54.048 53.943 58.837 55.731 52.617 53.485 56.315 60.203 49.150 0.000 0.000 0.000 0.000 15.765 135.644 79.368 86.391 84.364 91.766 83.664 86.183 87.667 84.394 84.077 83.745 83.396 83.030 83.661 80.266 67.777 58.439 16.250 0.000 0.000 0.000 0.000 0.000 0.000 0.000 38.456 38.413 38.364 39.299 39.220 40.129 54.046 53.965 37.885 40.808 42.734
40.653 41.705 35.784 59.911 55.946 54.935 65.896 69.839 80.771 87.697 53.621 52.541 53.457 55.365 54.261 51.143 59.010 59.862 60.703 59.549 53.409 52.284 51.172 52.068 57.970 116.877 84.785 64.689 47.587 0.000 62.222 70.241 0.000 0.000 0.000 0.000 59.888 70.782 87.665 85.699 92.472 92.133 84.753 85.283 85.949 84.656 84.345 84.016 83.664 84.279 82.939 35.602 0.000 0.000 0.000 0.000 0.000 0.000 0.000 0.000 0.000 0.000 45.499 41.458 38.404 39.338 37.264 49.185 56.106 40.028 40.952 48.877 46.806
0.000 0.000 0.000 53.076 56.074 58.048 78.996 89.922 103.844 85.771 14.702 71.632 71.556 55.469 55.367 54.246 52.103 54.935 60.743 58.561 59.412 61.287 59.178 57.081 52.994 47.915 52.842 47.765 0.000 0.000 0.000 56.350 48.377 0.000 0.000 2.306 70.116 86.968 87.042 85.057 92.783 84.475 86.977 88.484 85.227 84.936 84.632 84.308 83.964 81.485 36.212 0.000 0.000 0.000 0.000 0.000 0.000 0.000 0.000 0.000 0.000 44.658 14.582 2.518 46.454 36.386 47.314 59.239 47.164 42.089 47.016 50.944 43.875
0.000 0.000 0.000 51.242 57.227 73.188 84.117 132.008 125.913 127.842 133.784 129.729 130.665 55.588 55.491 54.370 54.220 53.032 47.772 57.540 59.390 60.273 58.172 60.084 60.009 60.947 53.905 0.000 0.000 0.000 0.000 57.432 42.404 0.000 0.000 61.461 83.336 87.289 86.277 93.348 93.073 85.534 86.081 86.771 85.508 85.233 84.938 85.620 60.401 0.000 0.000 0.000 0.000 0.000 0.000 0.000 0.000 0.000 56.968 45.920 35.843 39.735 39.651 40.578 40.508 43.439 56.367 53.295 48.222 49.149 47.078 45.009 40.941
17.498 0.000 0.000 52.424 69.403 77.360 83.275 54.081 52.959 51.898 48.864 49.833 49.789 55.726 55.640 71.525 71.373 47.203 0.000 44.438 57.336 59.243 57.152 59.076 59.012 59.960 55.924 0.000 0.762 1.716 55.651 40.541 0.000 0.000 62.852 71.700 88.573 87.483 86.665 93.604 85.207 87.736 90.273 86.049 85.801 85.549 84.265 71.834 30.618 0.000 0.000 0.000 0.000 0.000 43.214 38.193 38.154 38.096 42.017 53.949 56.874 42.789 37.709 39.635 41.563 56.492 55.421 41.350 50.279 51.209 50.139 43.071 39.005
