results2_8e3_rain/res_3e8f-0140.wd
ncols         241
nrows         181
xllcorner     12693529.787448
yllcorner     3542525.717860
cellsize      155.156523
NODATA_value  -9999.000000
[rows 132 to 164 of 181, columns 0 to 72 of 241]
95.357 100.357 104.356 104.355 106.354 106.353 100.352 91.350 77.348 66.345 65.342 66.339 65.335 64.331 69.327 83.321 94.315 99.308 99.300 96.290 88.279 79.265 70.249 64.228 69.201 71.169 70.132 71.091 69.056 64.024 77.993 100.962 67.937 0.000 0.000 0.000 7.675 59.668 71.663 68.641 70.624 76.614 94.613 80.617 64.625 63.635 63.648 75.663 96.679 37.697 10.718 5.751 0.000 0.000 0.000 0.000 0.000 0.000 0.000 0.000 0.000 0.000 1.554 0.080 27.151 7.076 11.000 51.903 74.761 78.662 78.554 88.642 116.107
73.361 75.361 78.360 84.359 94.358 100.357 105.356 105.354 98.352 84.349 73.346 67.343 71.339 78.335 91.330 106.325 105.318 102.311 102.303 105.293 105.282 101.268 89.252 77.232 69.209 64.182 65.153 64.122 65.093 73.067 95.044 103.024 15.011 0.000 0.000 0.000 17.682 45.689 63.716 72.712 73.698 70.684 71.686 81.690 76.694 69.700 73.707 81.715 94.725 35.738 21.756 27.784 7.813 0.000 0.000 0.000 0.000 0.000 0.000 0.000 0.000 0.000 0.000 0.000 9.228 0.000 59.024 80.946 76.828 85.801 76.865 116.229 104.989
65.365 65.365 65.365 67.364 72.363 76.362 83.360 92.358 100.356 103.353 97.350 95.347 97.343 100.339 99.334 92.329 83.322 81.315 81.307 86.297 92.286 99.273 102.258 101.241 90.221 80.199 75.175 73.151 82.128 98.108 99.091 85.079 18.074 0.000 0.000 0.000 0.000 0.000 46.801 73.791 52.774 40.738 55.757 70.762 85.763 89.763 91.764 92.765 88.769 15.776 2.782 30.815 27.843 15.875 21.895 15.905 0.000 0.000 0.000 0.000 0.000 0.000 43.447 13.396 79.305 101.241 134.096 90.071 85.124 66.082 102.148 106.668 106.576
66.370 66.370 66.369 66.369 65.368 64.366 66.365 71.363 77.361 87.358 97.355 99.352 92.348 82.344 76.339 68.333 64.327 64.320 64.312 66.303 71.293 77.281 84.267 96.252 101.235 103.216 102.197 98.178 101.161 94.145 76.134 68.128 47.131 5.153 0.000 0.000 0.000 0.000 39.896 72.879 15.866 0.000 48.841 73.837 92.833 100.827 86.820 89.813 75.811 33.813 0.000 57.851 26.869 18.888 29.904 29.915 0.954 0.000 0.000 0.000 0.000 30.551 49.498 122.439 151.362 134.244 117.800 116.746 108.417 107.058 106.936 106.807 72.029
66.375 66.375 66.374 66.374 66.373 66.371 66.370 65.368 65.366 68.363 74.360 73.357 69.353 65.349 65.344 65.339 66.333 66.326 66.319 66.310 65.301 64.290 66.278 72.265 79.250 88.235 96.220 92.205 81.191 69.179 65.171 70.167 78.168 54.176 32.182 32.172 18.144 19.094 55.008 75.962 25.947 7.960 67.928 99.914 101.903 80.892 83.877 82.857 70.849 59.852 10.860 38.869 12.895 0.943 13.920 0.939 2.989 0.995 0.000 0.000 0.000 11.606 74.553 80.473 76.461 77.621 75.596 107.385 107.282 107.174 74.374 77.152 79.025
66.380 66.380 66.380 66.379 66.378 66.377 66.375 66.373 66.371 66.369 65.366 65.363 65.359 66.355 66.350 66.345 66.340 66.334 66.327 66.319 66.310 66.300 66.290 65.278 64.266 65.254 69.241 67.230 66.219 70.210 73.204 72.200 70.199 72.201 72.199 69.188 69.166 73.131 48.079 34.013 22.999 41.005 85.997 99.987 79.975 72.960 71.938 51.890 47.874 10.885 0.000 0.000 1.110 3.134 0.000 0.000 7.014 22.002 36.965 6.906 20.829 83.685 90.675 88.748 86.735 87.816 107.576 107.483 88.616 95.408 88.264 94.038 85.881
66.386 66.385 66.385 66.384 66.383 66.382 66.381 66.379 66.377 66.375 66.372 66.369 66.365 66.361 66.357 66.352 66.347 66.341 66.335 65.328 72.320 74.312 66.303 65.293 64.283 65.273 67.263 70.253 73.245 72.238 67.234 68.231 75.229 78.228 74.225 68.217 65.203 74.183 5.164 0.000 8.032 81.065 90.069 77.062 69.050 89.036 35.024 0.000 0.000 1.146 2.201 2.207 2.192 3.182 0.000 0.000 32.052 74.028 102.989 63.930 96.818 104.979 101.944 101.036 107.839 107.755 107.668 100.699 102.578 102.277 101.140 100.073 17.991
66.391 66.391 66.391 66.390 66.389 66.388 66.387 66.385 66.384 66.381 69.378 69.375 67.372 71.367 69.363 66.359 66.355 66.350 65.344 63.338 74.331 82.324 68.316 65.308 67.300 70.291 72.283 71.276 68.270 70.265 75.262 77.259 78.258 78.257 73.255 67.251 76.244 95.236 14.230 0.000 0.000 55.154 78.151 75.142 79.127 99.110 33.098 0.000 2.209 2.203 2.218 2.227 2.213 4.221 0.000 30.164 82.117 98.069 101.005 106.009 103.178 100.172 108.068 107.996 107.920 100.006 100.792 101.667 101.350 101.323 94.256 71.165 0.000
66.397 66.397 66.397 66.396 66.395 66.395 66.393 66.392 66.390 67.388 74.386 74.382 51.379 19.374 40.370 70.367 64.364 67.359 73.354 76.349 76.343 72.337 68.330 69.323 72.316 71.309 70.303 72.298 76.294 76.290 78.288 77.287 68.287 63.288 65.288 78.288 97.287 107.287 29.289 0.000 0.000 30.246 86.239 88.228 95.208 94.177 30.162 0.000 2.215 0.258 1.269 2.269 0.000 8.268 34.262 78.221 100.147 103.169 102.263 102.270 101.366 108.206 108.138 100.207 101.009 101.873 101.662 101.519 101.477 93.412 85.371 0.000 0.000
66.403 66.403 66.403 66.402 66.402 66.401 66.400 66.399 66.397 68.395 77.393 88.390 64.387 1.383 7.375 55.375 81.373 73.369 71.365 71.360 69.355 68.350 70.344 72.338 70.333 66.327 68.323 80.319 82.316 72.314 66.314 63.315 63.316 68.318 82.321 98.325 95.329 79.337 51.351 19.382 13.382 57.344 86.331 68.322 59.299 51.229 16.210 0.449 0.346 21.323 12.317 2.311 0.000 27.322 78.302 100.226 102.429 101.428 101.541 108.397 108.336 108.272 100.267 102.153 101.867 101.743 101.689 101.618 95.544 82.483 72.447 0.000 0.000
66.410 66.410 66.409 66.409 66.408 66.408 66.407 66.406 66.405 68.403 78.401 65.399 21.394 3.395 0.000 23.386 77.383 69.380 71.376 70.372 68.367 71.363 72.358 69.353 66.349 62.344 72.341 86.338 73.337 63.337 64.338 69.341 79.344 90.349 101.354 94.361 72.369 67.380 86.395 93.413 94.420 98.418 73.421 34.429 6.438 0.000 0.626 0.646 0.000 34.331 21.339 1.403 32.429 78.373 100.401 102.597 101.621 108.565 108.512 108.456 100.532 101.332 102.223 101.922 101.909 101.850 101.777 102.687 90.609 61.526 50.486 8.486 2.486
65.416 65.416 66.416 66.415 66.415 66.415 66.414 66.414 66.413 69.412 79.410 50.409 0.000 9.406 47.406 49.399 66.395 68.391 56.388 38.384 76.380 71.376 67.372 66.368 64.364 66.361 82.358 85.357 67.357 70.359 82.362 91.366 100.371 98.378 86.386 72.395 65.406 81.419 85.436 73.454 54.470 52.485 40.505 20.536 9.586 3.693 1.768 21.798 16.810 0.000 0.000 26.500 78.538 101.650 102.677 100.794 108.666 108.616 100.693 101.506 102.385 102.192 102.071 102.049 101.997 101.947 104.879 68.748 48.679 0.000 0.000 0.000 0.000
74.423 72.423 69.422 67.422 64.422 64.422 64.422 64.421 63.421 68.420 80.419 63.419 44.421 52.416 70.414 66.409 63.406 69.403 64.399 51.396 71.393 65.390 64.386 64.383 66.380 80.377 88.375 54.374 46.376 96.379 101.384 96.390 85.398 75.406 67.416 63.427 74.440 86.456 54.475 29.496 12.520 3.546 20.580 19.623 9.679 10.750 13.807 41.834 25.822 0.000 0.000 58.778 100.813 99.941 108.806 108.762 108.715 100.729 102.623 102.349 102.242 102.213 104.170 99.120 101.091 102.064 113.042 0.000 0.000 0.000 0.000 0.000 0.000
75.431 77.430 83.428 84.428 84.429 81.429 82.429 81.429 80.429 80.428 82.428 65.427 69.427 68.425 65.422 68.419 68.417 67.414 72.411 74.408 68.406 62.403 64.400 66.397 80.394 85.392 74.390 68.390 77.392 100.397 83.405 74.414 66.423 64.433 66.444 65.457 79.473 88.491 52.512 28.537 16.566 18.602 21.645 13.697 14.756 20.820 22.875 15.909 0.000 0.000 37.020 79.034 108.929 108.890 108.850 100.962 101.768 102.667 102.376 102.373 103.332 103.287 76.243 54.182 89.181 103.175 108.184 48.241 0.000 0.000 0.000 0.000 0.000
68.440 62.438 15.433 17.432 26.436 73.437 70.437 70.437 70.437 74.437 83.436 64.436 65.435 64.433 67.431 71.429 72.427 70.425 69.423 72.421 73.419 70.417 64.414 81.412 87.409 78.406 84.403 101.403 98.406 80.413 68.425 64.436 66.447 66.458 65.471 70.485 86.502 88.522 80.545 83.573 54.607 16.649 8.702 7.763 19.830 26.899 16.963 14.019 6.043 32.185 80.199 109.000 108.965 101.103 101.913 102.800 102.613 102.500 102.485 103.438 101.398 95.358 20.337 0.000 71.275 106.271 103.278 102.297 0.000 0.000 0.000 0.000 0.000
66.450 58.450 0.000 0.000 8.445 69.446 65.446 65.446 65.446 69.445 83.445 61.444 65.443 69.442 71.441 72.439 69.438 66.436 64.435 66.433 76.432 89.430 84.429 85.427 62.424 56.420 108.414 94.412 61.414 21.425 41.447 69.459 66.470 66.482 68.495 61.511 45.528 35.549 47.574 87.603 63.639 16.686 11.749 6.825 15.902 20.981 15.063 20.134 20.215 58.324 109.051 100.292 104.031 102.936 102.750 102.641 102.617 102.582 103.541 103.504 68.465 44.411 30.410 33.416 84.373 105.358 101.359 92.374 10.407 0.000 0.000 0.000 0.000
66.460 66.461 49.466 0.000 9.455 70.455 66.455 66.455 65.454 66.454 81.454 68.453 71.452 73.452 72.451 67.450 64.448 65.447 65.446 64.445 74.445 97.444 93.443 80.442 73.441 64.436 40.422 29.417 16.416 0.000 22.477 71.484 66.493 68.504 51.518 25.534 10.552 7.573 49.598 66.626 35.659 7.709 10.782 15.887 22.970 19.061 13.172 6.279 9.586 57.559 109.117 103.180 102.941 102.763 102.749 102.714 102.674 102.636 100.602 91.571 24.548 0.000 41.475 100.465 105.443 103.429 97.426 87.431 5.441 0.000 0.000 0.000 0.000
63.469 65.470 62.471 0.000 5.464 70.464 65.464 63.463 65.463 69.463 73.463 72.462 72.462 70.461 64.460 65.460 65.459 66.459 66.458 71.458 89.458 88.458 81.458 90.459 88.460 59.461 0.000 0.000 0.000 0.000 20.502 71.506 66.514 69.525 40.538 2.554 36.573 62.594 82.618 51.643 3.663 0.000 0.000 4.972 15.030 15.124 15.254 9.538 6.345 109.303 109.213 102.086 102.933 102.833 102.800 102.762 102.726 104.691 89.659 72.630 32.609 8.598 56.550 86.525 95.505 104.491 93.484 82.483 4.485 0.000 0.000 0.000 0.000
70.477 68.477 57.478 0.000 56.473 64.473 66.472 70.472 71.472 72.472 70.471 71.471 69.471 65.471 65.470 66.470 66.470 65.470 67.470 90.470 89.470 71.471 84.473 82.475 86.479 84.487 47.505 3.517 12.523 42.526 47.522 67.525 66.532 66.542 61.556 53.572 70.591 69.613 63.638 85.664 33.688 0.000 0.000 8.999 14.055 12.144 13.256 37.424 61.831 109.388 104.413 104.161 103.901 102.888 102.849 102.813 103.777 101.743 56.711 33.683 45.658 46.635 100.604 102.580 82.560 92.546 87.537 60.532 25.531 0.000 0.000 0.000 0.000
71.484 72.485 69.485 57.487 71.483 71.482 71.481 72.481 72.481 73.481 85.480 67.480 65.480 65.480 66.480 66.480 66.480 67.481 81.481 92.482 67.483 71.484 98.487 90.490 78.495 81.502 84.512 68.521 73.528 88.532 81.534 69.539 62.547 62.557 73.571 89.587 76.606 48.629 20.656 75.689 64.735 13.814 16.888 21.970 18.047 9.143 11.216 52.500 104.747 109.467 101.392 104.044 104.973 102.935 102.898 102.862 95.827 85.793 42.761 13.732 22.704 23.679 84.652 126.629 107.610 83.595 75.585 54.579 63.576 16.576 0.000 2.739 6.739
76.492 76.492 72.492 72.492 72.491 73.490 73.490 69.490 66.490 65.490 28.490 18.490 69.490 66.490 66.490 66.490 65.491 68.491 92.492 78.493 63.495 69.497 86.499 103.503 98.508 95.514 93.521 89.528 85.535 84.540 92.545 89.551 83.559 79.569 82.583 86.599 48.618 12.641 11.668 27.701 23.751 8.818 17.879 27.947 24.025 15.131 8.288 51.536 109.613 109.542 104.285 106.129 103.017 102.985 103.946 99.910 83.875 76.841 82.809 88.778 72.750 94.723 109.698 126.675 135.655 119.640 81.629 86.621 61.618 0.000 0.000 0.000 0.000
15.499 16.499 76.498 71.499 71.499 66.499 63.498 65.498 60.498 13.498 13.499 2.499 70.499 66.499 66.500 66.500 66.501 84.502 91.503 64.504 66.506 66.508 69.511 75.515 77.519 77.525 73.531 76.537 92.542 85.548 76.554 79.560 86.569 90.579 93.592 90.607 65.627 30.649 13.674 12.695 0.000 1.827 12.864 21.913 5.969 0.000 21.484 81.726 109.682 101.629 105.354 105.090 103.074 103.032 103.994 98.957 85.921 51.887 58.854 101.823 112.794 144.766 135.741 107.717 95.697 112.681 91.668 85.660 60.657 0.000 0.000 0.000 0.000
2.506 11.506 25.503 80.506 65.507 63.507 65.507 65.507 66.507 13.507 4.507 59.508 67.508 66.509 66.510 66.510 68.511 92.512 77.514 63.515 66.517 66.520 66.522 65.526 65.530 65.535 64.540 71.545 100.551 79.556 10.562 18.568 30.576 81.586 91.598 75.613 80.631 67.655 19.682 16.711 1.754 6.801 19.835 11.874 0.000 0.000 39.642 109.814 109.749 104.511 106.251 102.158 103.118 103.078 103.040 103.002 89.966 52.932 67.898 104.866 100.836 134.808 129.781 98.757 103.735 89.717 70.704 88.695 66.692 0.710 0.000 0.000 0.000
64.515 60.515 0.000 72.515 82.515 83.515 64.515 76.515 83.516 59.516 57.516 67.517 66.518 66.518 66.519 66.520 85.521 89.522 64.524 66.526 65.528 64.530 66.533 66.536 66.540 66.544 65.549 73.554 102.559 83.564 29.569 2.575 53.582 78.591 91.601 70.614 60.631 19.659 12.690 15.718 13.750 21.781 25.800 0.000 0.000 18.565 80.813 109.878 101.768 105.489 105.230 103.208 103.164 103.124 103.084 104.047 95.010 83.975 106.941 131.908 119.877 136.847 133.819 127.793 134.770 100.750 77.734 87.724 95.721 24.728 0.000 0.000 0.000
66.523 65.524 60.527 66.524 65.523 13.523 87.523 79.524 66.524 67.525 67.525 66.526 66.527 66.528 66.529 69.530 92.531 75.532 65.534 66.536 72.538 80.541 66.543 64.547 66.550 65.554 68.558 92.562 100.566 75.571 63.576 51.581 73.587 72.594 33.602 18.610 15.621 0.000 4.700 4.722 5.748 6.771 8.786 0.000 21.634 78.782 100.947 109.939 102.731 103.372 103.294 103.250 103.208 103.167 103.128 104.090 95.053 78.017 73.982 106.948 96.916 110.885 113.855 101.827 103.801 75.777 52.759 66.746 133.739 86.739 21.741 11.741 33.741
66.531 66.531 66.532 66.531 66.531 60.531 76.532 92.532 68.533 65.533 66.534 66.535 66.536 66.537 65.538 88.539 90.541 64.542 66.544 67.545 64.548 26.551 85.553 80.556 67.560 65.563 83.567 102.570 86.574 66.578 66.582 67.587 70.591 74.596 11.601 12.606 0.000 1.683 16.687 0.000 0.000 0.000 0.000 0.000 44.754 101.921 110.055 109.998 102.615 103.448 103.331 103.294 103.251 103.210 103.170 102.132 87.094 89.058 109.022 127.987 126.954 131.921 136.889 123.858 121.829 108.801 57.778 55.762 131.752 95.747 33.743 26.742 91.741
66.538 66.538 66.538 66.538 66.539 66.539 66.540 77.540 92.541 68.542 65.543 66.544 66.545 64.546 72.548 93.549 73.550 65.552 67.553 65.554 7.558 4.561 73.563 74.566 80.569 79.572 87.575 86.578 67.582 65.585 67.589 70.592 75.595 75.597 0.000 0.000 0.000 3.679 27.679 14.677 15.675 14.675 0.000 5.906 53.024 107.141 110.111 101.956 103.668 103.402 103.381 103.334 103.292 103.251 103.211 103.173 89.135 85.098 106.061 107.026 106.991 109.957 109.923 108.889 113.855 86.819 62.791 77.771 92.759 31.753 0.000 0.000 35.740
66.545 68.545 68.545 66.546 66.546 66.547 66.548 66.548 77.549 92.550 68.551 63.553 63.554 80.556 92.557 86.559 63.560 66.562 62.562 8.561 5.567 59.571 66.573 66.576 72.578 89.581 89.584 82.586 75.589 67.592 54.595 24.597 89.600 69.601 0.000 0.000 0.000 2.674 16.675 9.675 23.675 12.675 0.000 6.080 26.162 110.220 110.166 102.824 103.557 103.461 103.418 103.375 103.332 103.291 103.251 104.212 99.174 89.137 84.100 83.063 83.027 82.992 82.956 86.920 60.881 4.832 30.794 86.774 82.761 43.753 5.749 0.000 34.740
67.552 4.552 5.550 66.553 65.554 64.555 64.555 63.556 63.557 76.559 91.560 84.561 91.563 93.565 80.567 64.568 71.570 71.572 59.574 0.000 7.580 70.582 66.584 68.586 92.588 99.590 77.592 68.594 75.597 82.599 70.601 6.603 49.605 67.607 0.000 0.000 0.000 3.669 9.671 6.673 20.674 0.000 0.000 6.198 11.532 110.272 108.077 103.788 103.528 103.503 103.457 103.413 103.371 103.331 103.291 103.252 104.213 103.175 101.138 100.100 100.063 101.027 102.991 76.955 18.918 0.000 15.781 71.768 102.758 93.750 66.745 42.741 59.740
66.560 65.560 0.561 65.561 76.562 80.562 84.563 89.564 92.565 93.567 93.568 93.570 79.572 66.574 82.576 99.578 100.580 100.583 93.586 71.592 6.591 67.592 65.594 74.595 102.597 89.599 66.600 65.602 67.604 70.606 61.608 6.610 26.612 26.613 0.000 0.000 0.000 9.662 4.666 0.000 3.674 0.000 14.183 15.464 6.228 110.323 112.026 107.663 103.583 103.538 103.494 103.451 103.409 103.369 103.329 103.290 103.252 103.214 103.176 103.137 104.098 107.061 79.026 11.990 0.000 0.000 0.000 16.760 72.752 103.745 94.740 70.738 47.739
66.568 68.568 64.571 66.569 81.569 80.570 76.571 72.572 71.573 67.575 88.577 78.579 89.581 80.583 96.585 92.588 85.590 86.593 97.596 103.599 92.601 93.602 85.603 93.605 101.606 74.607 65.609 66.610 66.611 65.613 65.614 67.616 62.618 11.622 71.629 62.635 1.642 3.650 0.000 0.000 0.000 5.091 83.160 80.371 110.416 110.371 105.903 106.731 103.612 103.574 103.529 103.487 103.446 103.406 103.367 103.328 103.290 103.253 103.214 105.174 110.131 79.094 19.060 0.000 0.000 0.000 0.000 0.000 13.744 64.737 99.733 49.731 0.000
68.575 4.575 63.576 66.576 66.576 66.577 65.578 66.579 68.581 66.583 78.585 73.587 82.589 93.592 81.595 66.597 67.600 68.603 69.606 74.609 87.610 97.612 103.613 101.615 90.616 66.616 66.617 66.618 66.619 66.620 67.621 90.622 63.624 3.626 67.630 17.635 11.641 4.645 0.000 0.000 0.000 15.052 103.259 105.465 110.460 104.237 103.942 103.676 103.654 103.607 103.564 103.522 103.482 103.442 103.404 103.366 103.329 103.292 105.255 90.214 44.157 11.126 0.000 0.229 0.014 7.962 14.961 0.000 0.000 35.725 97.724 49.723 0.000
69.581 2.582 63.582 66.583 66.583 66.584 66.585 67.587 5.588 65.591 69.593 80.595 80.598 88.601 93.604 79.607 64.610 64.613 64.616 66.618 68.621 69.622 70.623 70.624 69.625 68.625 64.625 64.626 65.626 66.627 77.627 91.627 62.628 56.629 58.630 0.000 0.000 4.645 0.000 0.000 0.000 19.119 102.236 110.544 110.502 103.094 103.822 103.726 103.683 103.639 103.597 103.556 103.516 103.478 103.440 103.403 103.366 103.331 108.298 64.272 0.000 0.000 1.456 0.000 0.083 2.965 9.962 0.000 0.000 38.715 98.714 57.713 0.000
