results2_8e3_rain/res_3e8f-0086.wd
ncols         241
nrows         181
xllcorner     12693529.787448
yllcorner     3542525.717860
cellsize      155.156523
NODATA_value  -9999.000000
[rows 132 to 164 of 181, columns 0 to 72 of 241]
93.152 98.152 102.151 102.150 104.149 104.148 98.146 89.144 75.142 64.139 63.136 64.133 63.129 62.124 67.119 81.113 92.106 97.099 97.089 94.079 86.066 77.051 68.032 62.008 66.977 68.941 67.899 68.852 66.812 61.775 75.740 98.706 65.678 0.000 0.000 0.000 5.298 57.290 69.283 66.256 68.233 74.216 92.209 78.206 62.207 61.209 61.214 73.220 94.227 35.232 8.238 3.254 0.000 0.000 0.000 0.000 0.000 0.000 0.000 0.000 0.000 0.000 0.000 0.000 25.083 5.004 8.924 49.822 72.673 76.570 76.459 86.543 114.006
71.157 73.157 76.156 82.155 92.154 98.153 103.151 103.149 96.147 82.144 71.141 65.137 69.133 76.128 89.123 104.117 103.110 100.102 100.093 103.082 103.069 99.054 87.036 75.013 66.987 61.957 62.923 61.888 62.855 70.825 92.799 100.777 12.763 0.000 0.000 0.000 15.306 43.314 61.348 70.341 71.321 68.298 69.294 79.290 74.287 67.283 71.279 79.275 92.272 33.269 19.259 25.269 5.279 0.000 0.000 0.000 0.000 0.000 0.000 0.000 0.000 0.000 0.000 0.000 7.163 0.000 56.949 78.867 74.744 83.713 74.773 114.133 102.889
63.162 63.162 63.161 65.161 70.159 74.158 81.156 90.154 98.152 101.149 95.146 93.142 95.138 98.133 97.128 90.122 81.115 79.107 79.098 84.087 90.075 97.060 100.043 99.024 88.001 77.976 72.949 70.921 79.896 95.873 96.853 82.840 15.834 0.000 0.000 0.000 0.000 0.000 44.452 71.438 50.413 38.363 53.377 68.375 83.367 87.356 89.343 90.330 86.318 13.311 0.286 28.286 25.288 13.292 19.292 13.292 0.000 0.000 0.000 0.000 0.000 0.000 41.391 11.338 77.243 99.175 132.025 87.995 83.043 63.997 100.059 104.568 104.472
64.168 64.167 64.167 64.166 63.165 62.164 64.162 69.160 75.157 85.155 95.151 97.148 90.143 80.139 74.133 66.127 62.121 62.113 62.104 64.094 69.083 75.069 82.054 94.037 99.017 100.997 99.975 95.953 98.933 91.916 73.902 65.895 44.898 2.923 0.000 0.000 0.000 0.000 37.571 70.547 13.529 0.000 46.477 71.466 90.451 98.432 84.408 87.382 73.361 31.347 0.000 55.300 24.297 16.294 27.293 27.293 0.000 0.000 0.000 0.000 0.000 28.501 47.444 120.382 149.301 132.180 115.730 114.672 106.340 104.978 104.850 104.714 69.937
64.174 64.173 64.173 64.172 64.171 64.170 64.168 63.166 63.164 66.161 72.157 71.154 67.149 63.145 63.139 63.134 64.127 64.120 64.112 64.103 63.092 62.080 64.067 70.052 77.036 86.018 94.001 89.984 78.969 66.955 62.945 67.940 75.941 51.948 29.952 29.935 15.896 16.829 52.715 73.651 23.627 5.635 65.587 97.561 99.538 78.511 81.476 80.431 68.395 57.370 8.343 36.317 10.307 0.000 11.293 0.000 1.029 0.000 0.000 0.000 0.000 9.559 72.502 78.418 74.402 75.559 73.530 105.320 105.213 105.099 72.293 75.069 76.938
64.180 64.179 64.179 64.178 64.177 64.176 64.174 64.172 64.170 64.167 63.164 63.160 63.156 64.151 64.146 64.141 64.135 64.129 64.121 64.113 64.103 64.093 64.081 63.068 62.055 63.041 67.027 65.013 64.001 67.991 70.984 69.979 67.977 69.977 69.972 66.956 66.925 70.877 45.807 31.716 20.691 38.692 83.675 97.654 77.629 70.599 69.555 49.468 45.419 8.395 0.000 0.000 0.000 1.317 0.000 0.000 5.029 20.002 34.954 4.885 18.798 81.645 88.628 86.696 84.679 85.757 105.521 105.423 86.547 93.336 86.188 91.958 83.797
64.186 64.186 64.185 64.185 64.184 64.183 64.181 64.179 64.177 64.174 64.171 64.167 64.163 64.158 64.153 64.149 64.144 64.138 64.131 63.124 70.115 72.106 64.096 63.085 62.074 63.063 65.052 68.042 71.032 70.025 65.019 66.015 73.013 76.010 72.004 65.992 62.972 71.945 2.919 0.000 5.729 78.767 87.766 74.751 66.727 86.700 32.676 0.000 0.000 0.000 0.278 0.283 0.299 1.317 0.000 0.000 30.056 72.025 100.976 61.908 94.788 102.941 99.900 98.988 105.797 105.709 105.617 98.636 100.511 100.208 99.067 97.997 15.911
64.193 64.193 64.192 64.192 64.191 64.190 64.188 64.187 64.185 64.182 67.179 67.175 65.170 69.165 67.160 64.157 64.153 64.148 63.142 61.136 72.129 80.121 66.112 63.103 65.094 68.085 70.076 69.069 66.062 68.057 73.053 75.050 76.048 76.046 71.042 65.036 74.026 93.014 12.005 0.000 0.000 52.881 75.873 72.855 76.828 96.796 30.775 0.000 0.269 0.270 0.273 0.271 0.297 2.319 0.000 28.170 80.117 96.063 98.990 103.986 101.148 98.136 106.038 105.962 105.882 97.953 98.737 99.608 99.287 99.257 92.188 69.093 0.000
64.200 64.200 64.199 64.199 64.198 64.197 64.196 64.194 64.193 65.190 72.188 72.184 49.179 17.170 38.167 68.165 62.163 65.159 71.154 74.149 74.142 70.136 66.129 67.121 70.114 69.107 68.100 70.095 74.090 74.087 76.085 75.084 66.084 61.084 63.084 76.083 95.081 105.080 27.082 0.000 0.000 28.002 83.990 85.969 92.934 91.882 27.852 0.000 0.268 0.000 0.000 0.208 0.000 6.321 32.290 76.231 98.146 101.159 100.246 100.246 99.337 106.183 106.112 98.164 98.963 99.823 99.608 99.462 99.418 91.350 83.307 0.000 0.000
64.207 64.207 64.206 64.206 64.205 64.205 64.204 64.203 64.201 66.199 75.197 86.194 62.191 0.000 5.171 53.175 79.174 71.171 69.167 69.162 67.157 66.151 68.145 70.139 68.133 64.128 66.123 78.120 80.117 70.116 64.116 61.117 61.120 66.123 80.126 96.130 93.136 77.144 49.161 17.197 11.193 55.136 84.116 66.098 57.058 48.946 13.899 0.000 0.000 0.040 0.040 0.059 0.000 25.356 76.323 98.234 100.426 99.416 99.523 106.386 106.321 106.253 98.229 100.111 99.823 99.696 99.640 99.565 93.488 80.424 70.386 0.000 0.000
64.214 64.214 64.214 64.213 64.213 64.213 64.212 64.211 64.210 66.209 76.207 63.205 19.201 1.211 0.000 21.190 75.188 67.184 69.180 68.176 66.172 69.167 70.162 67.157 64.153 60.149 70.145 84.143 71.143 61.144 62.146 67.150 77.155 88.161 99.168 92.176 70.187 65.201 84.219 91.239 92.244 96.234 71.240 32.248 4.252 0.000 0.000 0.000 0.000 4.105 0.040 0.000 30.471 76.401 98.415 100.600 99.615 106.565 106.508 106.449 98.502 99.299 100.186 99.884 99.868 99.807 99.730 100.637 88.556 59.469 48.428 6.427 0.427
63.222 63.222 64.221 64.221 64.221 64.221 64.220 64.220 64.219 67.219 77.218 48.217 0.000 7.220 45.218 47.207 64.202 66.198 54.194 36.190 74.187 69.183 65.179 64.175 62.171 64.168 80.166 83.166 65.167 68.170 80.175 89.181 98.188 96.197 84.208 70.221 63.236 79.254 83.274 71.295 52.311 50.317 38.361 18.401 7.451 1.636 0.000 19.963 14.963 0.000 0.000 24.557 76.573 99.669 100.685 98.793 106.673 106.620 98.670 99.480 100.356 100.162 100.038 100.014 99.960 99.908 102.836 66.701 46.628 0.000 0.000 0.000 0.000
72.230 70.229 67.229 65.228 62.229 62.229 62.229 62.229 61.229 66.228 78.228 61.229 42.232 50.229 68.225 64.220 61.215 67.212 62.208 49.205 69.202 63.199 62.195 62.192 64.189 78.187 86.186 52.186 44.189 94.194 99.202 94.211 83.221 73.233 65.246 61.262 72.281 84.303 52.329 27.358 10.387 1.438 18.488 17.545 7.631 8.777 11.901 39.963 23.963 0.000 0.000 56.809 98.835 97.952 106.825 106.776 106.725 98.710 100.601 100.325 100.216 100.185 102.140 97.088 99.057 100.029 111.006 0.000 0.000 0.000 0.000 0.000 0.000
73.238 75.237 81.235 82.235 82.237 79.238 80.238 79.238 78.238 78.238 80.238 63.238 67.239 66.237 63.234 66.231 66.228 65.225 70.222 72.220 66.217 60.214 62.212 64.209 78.207 83.205 72.204 66.205 75.209 98.217 81.228 72.240 64.252 62.266 64.282 63.301 77.324 86.350 50.381 26.418 14.465 16.533 19.586 11.660 12.753 18.865 20.965 14.024 0.000 0.000 35.050 77.055 106.958 106.915 106.871 98.949 99.753 100.649 100.357 100.352 101.308 101.262 74.216 52.152 87.151 101.145 106.154 46.213 0.000 0.000 0.000 0.000 0.000
66.248 60.246 13.241 15.240 24.245 71.247 68.247 68.248 68.248 72.248 81.248 62.248 63.247 62.246 65.245 69.242 70.240 68.238 67.236 70.234 71.232 68.230 62.229 79.227 85.224 76.222 82.220 99.220 96.225 78.236 66.253 62.268 64.282 64.297 63.315 68.336 84.362 86.392 78.427 81.469 52.522 14.589 6.665 5.755 17.857 24.965 15.067 12.148 4.175 30.281 78.243 107.036 106.998 99.096 99.903 100.787 100.599 100.484 100.468 101.419 99.377 93.336 18.314 0.000 69.249 104.245 101.252 100.272 0.000 0.000 0.000 0.000 0.000
64.259 56.259 0.000 0.000 6.256 67.257 63.257 63.258 63.258 67.258 81.258 59.257 63.257 67.256 69.255 70.254 67.252 64.251 62.250 64.249 74.248 87.247 82.245 83.244 60.242 54.238 106.233 92.231 59.236 19.250 39.279 67.296 64.311 64.327 66.345 59.367 43.397 33.429 45.466 85.510 61.565 14.638 9.729 4.840 13.953 19.072 13.194 18.298 18.387 56.440 107.093 98.289 102.026 100.928 100.741 100.630 100.606 100.569 101.526 101.488 66.448 42.391 28.390 31.396 82.351 103.336 99.336 90.352 8.387 0.000 0.000 0.000 0.000
64.271 64.273 47.278 0.000 7.267 68.267 64.267 64.267 63.268 64.267 79.267 66.267 69.267 71.267 70.266 65.265 62.265 63.264 63.263 62.263 72.263 95.263 91.263 78.262 71.261 62.257 38.242 27.236 14.236 0.000 20.318 69.326 64.339 66.353 49.370 23.390 8.429 5.462 47.498 64.540 33.591 5.667 8.773 13.923 21.042 17.175 11.337 4.506 7.850 55.697 107.165 101.178 100.937 100.758 100.742 100.706 100.664 100.626 98.590 89.558 22.534 0.000 39.457 98.447 103.424 101.410 95.406 85.411 3.422 0.000 0.000 0.000 0.000
61.281 63.282 60.284 0.000 3.278 68.278 63.278 61.278 63.278 67.277 71.277 70.277 70.277 68.277 62.277 63.277 63.277 64.277 64.277 69.277 87.278 86.279 79.280 88.282 86.284 57.286 0.000 0.000 0.000 0.000 18.347 69.353 64.364 67.378 38.392 0.431 34.468 60.492 80.525 49.559 1.591 0.000 0.000 3.037 13.119 13.252 13.444 7.829 5.015 107.367 107.268 100.087 100.931 100.830 100.796 100.757 100.719 102.683 87.649 70.619 30.597 6.585 54.536 84.509 93.488 102.474 91.467 80.466 2.468 0.000 0.000 0.000 0.000
68.289 66.290 55.291 0.000 54.288 62.288 64.288 68.288 69.288 70.287 68.287 69.287 67.288 63.288 63.289 64.289 64.289 63.290 65.290 88.291 87.293 69.295 82.297 80.301 84.306 82.316 45.338 1.357 10.369 40.373 45.370 65.376 64.387 64.403 59.425 51.460 68.485 67.515 61.549 83.587 31.623 0.000 0.000 7.068 12.145 10.265 11.420 35.645 60.093 107.458 102.421 102.163 101.902 100.888 100.847 100.809 101.772 99.737 54.704 31.674 43.648 44.624 98.592 100.566 80.546 90.531 85.521 58.517 23.515 0.000 0.000 0.000 0.000
69.297 70.298 67.300 55.303 69.299 69.298 69.298 70.298 70.298 71.298 83.297 65.297 63.298 63.299 64.300 64.301 64.301 65.302 79.304 90.305 65.307 69.310 96.313 88.318 76.325 79.335 82.349 66.362 71.372 86.379 79.385 67.393 60.406 60.423 71.444 87.472 74.500 46.532 18.569 73.617 62.686 11.798 14.907 20.024 16.125 7.246 9.342 50.645 102.898 107.541 99.401 102.049 102.976 100.937 100.899 100.861 93.824 83.789 40.756 11.725 20.697 21.670 82.642 124.618 105.598 81.582 73.571 52.565 61.562 14.562 0.000 0.732 4.732
74.304 74.306 70.307 70.309 70.308 71.308 71.308 67.308 64.308 63.308 26.307 16.304 67.308 64.310 64.311 64.312 63.313 66.315 90.316 76.318 61.321 67.324 84.328 101.333 96.340 93.349 91.359 87.370 83.380 82.388 90.396 87.407 81.420 77.437 80.458 84.483 46.511 10.543 9.580 25.627 21.705 6.801 15.901 25.993 22.091 13.218 6.381 49.626 107.695 107.619 102.297 104.137 101.023 100.989 101.949 97.911 81.874 74.839 80.806 86.774 70.744 92.716 107.690 124.666 133.645 117.629 79.617 84.609 59.606 0.000 0.000 0.000 0.000
13.310 14.314 74.315 69.317 69.317 64.318 61.318 63.318 58.318 11.319 11.319 0.320 68.321 64.322 64.323 64.324 64.325 82.327 89.329 62.331 64.334 64.338 67.342 73.347 75.354 75.361 71.370 74.379 90.388 83.396 74.406 77.417 84.431 88.448 91.467 88.491 63.518 28.549 11.580 10.606 0.000 0.000 10.902 19.955 4.023 0.000 19.555 79.793 107.767 99.649 103.366 103.101 101.082 101.039 101.999 96.960 83.923 49.887 56.853 99.821 110.790 142.761 133.734 105.710 93.689 110.671 89.658 83.650 58.646 0.000 0.000 0.000 0.000
0.327 9.325 23.322 78.326 63.327 61.327 63.328 63.328 64.329 11.330 2.332 57.336 65.334 64.334 64.334 64.336 66.337 90.339 75.341 61.344 64.347 64.350 64.355 63.360 63.366 63.373 62.380 69.388 98.396 77.404 8.413 16.424 28.440 79.455 89.473 73.495 78.522 65.554 17.587 14.612 0.000 4.805 17.851 9.903 0.000 0.000 37.703 107.908 107.838 102.531 104.266 100.171 101.130 101.088 101.047 101.008 87.970 50.934 65.899 102.866 98.834 132.804 127.776 96.751 101.728 87.710 68.695 86.686 64.682 0.000 0.000 0.000 0.000
62.345 58.340 0.000 70.337 80.337 81.337 62.338 74.338 81.339 57.340 55.342 65.344 64.344 64.345 64.346 64.347 83.348 87.350 62.353 64.355 63.359 62.362 64.367 64.372 64.377 64.383 63.390 71.397 100.405 81.412 27.418 0.433 51.450 76.461 89.476 68.495 58.520 17.558 10.602 13.641 11.700 19.760 23.793 0.000 0.000 16.647 78.878 107.975 99.796 103.509 103.248 101.224 101.178 101.135 101.094 102.055 93.016 81.979 104.944 129.910 117.877 134.846 131.816 125.789 132.764 98.743 75.727 85.717 93.714 22.723 0.000 0.000 0.000
64.351 63.350 58.352 64.348 63.347 11.347 85.347 77.348 64.349 65.350 65.351 64.353 64.354 64.355 64.356 67.358 90.360 73.362 63.364 64.367 70.370 78.374 64.378 62.383 64.388 63.394 66.400 90.406 98.413 73.420 61.429 49.441 71.451 70.462 31.474 16.488 13.504 0.000 2.620 2.653 3.698 4.742 6.767 0.000 19.767 76.882 99.018 108.041 100.758 101.395 101.314 101.268 101.224 101.181 101.140 102.100 93.061 76.023 71.987 104.952 94.918 108.885 111.854 99.824 101.797 73.773 50.753 64.740 131.733 84.733 19.735 9.735 31.734
64.358 64.358 64.358 64.357 64.356 58.356 74.357 90.358 66.359 63.360 64.361 64.363 64.364 64.365 63.367 86.369 88.371 62.373 64.375 65.378 62.381 24.385 83.389 78.394 65.399 63.404 81.409 100.415 84.421 64.428 64.435 65.444 68.452 72.460 9.471 10.480 0.000 0.000 14.604 0.000 0.000 0.000 0.000 0.000 42.920 100.044 108.167 108.104 100.645 101.473 101.353 101.314 101.269 101.226 101.184 100.144 85.104 87.066 107.029 125.993 124.957 129.923 134.890 121.857 119.826 106.797 55.773 53.756 129.746 93.741 31.737 24.735 89.734
64.365 64.365 64.365 64.365 64.365 64.365 64.366 75.367 90.368 66.369 63.371 64.372 64.374 62.376 70.378 91.379 71.381 63.383 65.385 63.387 5.392 2.396 71.400 72.404 78.409 77.413 85.418 84.423 65.429 63.435 65.441 68.447 73.453 73.457 0.000 0.000 0.000 1.587 25.589 12.584 13.582 12.581 0.000 4.239 51.266 105.283 108.227 99.994 101.697 101.429 101.405 101.357 101.312 101.269 101.227 101.187 87.147 83.108 104.070 105.033 104.996 107.960 107.925 106.890 111.853 84.817 60.787 75.766 90.754 29.747 0.000 0.000 33.734
64.372 66.372 66.372 64.373 64.373 64.374 64.375 64.376 75.377 90.379 66.380 61.382 61.384 78.386 90.388 84.390 61.392 64.394 60.396 6.395 3.403 57.407 64.411 64.415 70.419 87.423 87.427 80.432 73.436 65.441 52.446 22.451 87.455 67.457 0.000 0.000 0.000 0.578 14.580 7.580 21.580 10.581 0.000 4.496 24.510 108.346 108.287 100.861 101.588 101.490 101.445 101.399 101.355 101.311 101.270 102.229 97.189 87.149 82.110 81.072 81.034 80.997 80.960 84.922 58.881 2.829 28.790 84.769 80.755 41.747 3.743 0.000 32.733
65.380 2.379 3.377 64.381 63.382 62.383 62.384 61.385 61.386 74.388 89.390 82.392 89.394 91.396 78.398 62.401 69.403 69.406 57.408 0.000 5.417 68.419 64.422 66.425 90.429 97.432 75.436 66.440 73.443 80.447 68.451 4.455 47.458 65.460 0.000 0.000 0.000 1.566 7.572 4.577 18.579 0.000 0.000 4.725 10.079 108.404 106.122 101.823 101.562 101.534 101.485 101.440 101.395 101.353 101.311 101.270 102.229 101.190 99.150 98.111 98.072 99.034 100.996 74.958 16.920 0.000 13.776 69.763 100.752 91.744 64.738 40.734 57.733
64.389 63.389 0.000 63.390 74.391 78.392 82.393 87.394 90.395 91.397 91.399 91.402 77.404 64.406 80.409 97.412 98.414 98.418 91.422 69.429 4.429 65.430 63.433 72.435 100.438 87.441 64.444 63.447 65.451 68.454 59.457 4.460 24.463 24.465 0.000 0.000 0.000 7.557 2.565 0.000 1.579 0.000 12.639 14.040 5.466 108.459 110.070 105.701 101.618 101.571 101.524 101.479 101.435 101.393 101.351 101.310 101.270 101.230 101.190 101.149 102.109 105.070 77.033 9.995 0.000 0.000 0.000 14.754 70.745 101.738 92.733 68.731 45.732
64.397 66.398 62.401 64.400 79.400 78.400 74.401 70.402 69.404 65.406 86.409 76.411 87.414 78.416 94.419 90.422 83.425 84.429 95.432 101.437 90.439 91.441 83.443 91.445 99.448 72.450 63.453 64.455 64.458 63.461 63.463 65.466 60.469 9.473 69.481 60.486 0.000 1.539 0.000 0.000 0.000 3.360 81.479 78.702 108.556 108.509 103.949 104.770 101.649 101.608 101.561 101.517 101.474 101.432 101.390 101.350 101.310 101.271 101.230 103.188 108.143 77.105 17.069 0.000 0.000 0.000 0.000 0.000 11.737 62.729 97.725 47.723 0.000
66.405 2.403 61.407 64.408 64.408 64.409 63.410 64.411 66.412 64.415 76.418 71.421 80.424 91.426 79.429 64.433 65.436 66.439 67.443 72.446 85.449 95.451 101.453 99.455 88.457 64.459 64.461 64.463 64.465 64.467 65.469 88.471 61.474 1.477 65.483 15.492 9.506 2.521 0.000 0.000 0.000 13.271 101.482 103.676 108.600 102.289 101.985 101.717 101.692 101.643 101.598 101.554 101.511 101.470 101.429 101.389 101.350 101.312 103.273 88.231 42.170 9.138 0.000 0.000 0.000 0.000 0.000 0.000 0.000 33.717 95.715 47.714 0.000
67.414 0.415 61.416 64.416 64.416 64.417 64.418 65.419 3.418 63.424 67.427 78.430 78.433 86.436 91.440 77.443 62.446 62.450 62.453 64.457 66.460 67.462 68.464 68.466 67.467 66.468 62.469 62.471 63.473 64.474 75.475 89.476 60.478 54.480 56.482 0.000 0.000 2.521 0.000 0.000 0.000 17.284 100.390 108.682 108.641 101.144 101.867 101.768 101.723 101.677 101.632 101.589 101.548 101.507 101.467 101.428 101.390 101.353 106.318 62.291 0.000 0.000 0.000 0.000 0.000 0.000 0.000 0.000 0.000 36.706 96.705 55.704 0.000
