results2_8e3_rain/res_3e8f-0133.wd
ncols         241
nrows         181
xllcorner     12693529.787448
yllcorner     3542525.717860
cellsize      155.156523
NODATA_value  -9999.000000
[rows 33 to 65 of 181, columns 146 to 218 of 241]
63.500 62.723 62.456 63.103 29.774 41.456 63.156 56.859 35.463 0.000 0.000 31.171 7.172 12.173 28.177 53.185 40.185 6.184 0.000 0.000 45.038 53.017 10.981 37.937 29.903 30.865 34.806 43.746 61.680 52.631 47.586 42.549 43.518 43.490 42.465 41.440 40.413 48.384 58.355 50.329 50.305 48.280 27.253 41.230 49.210 0.000 19.570 24.523 48.416 46.321 51.229 61.138 54.048 49.007 3.987 0.000 31.920 31.931 38.934 16.927 0.000 0.000 0.000 0.000 0.000 0.000 0.000 0.000 0.000 0.000 0.000 0.000 0.000
63.429 63.182 62.844 63.524 41.212 58.921 61.665 55.483 0.000 0.000 9.171 33.171 0.000 0.000 0.000 37.204 37.197 45.183 8.155 58.116 46.066 33.027 41.987 32.945 30.903 30.858 29.806 31.752 59.697 57.648 57.604 59.565 52.531 54.501 53.473 53.446 53.419 54.392 58.365 56.341 57.318 52.297 29.277 28.263 1.255 0.000 16.496 30.466 38.406 33.318 39.228 52.138 52.067 50.031 8.015 0.000 0.000 36.956 8.957 0.000 0.000 0.000 0.000 0.000 0.000 38.998 37.997 39.996 29.996 32.995 0.000 0.000 0.000
63.886 63.556 63.242 62.931 62.631 63.350 55.100 41.925 0.000 0.000 0.000 1.171 0.000 0.000 0.000 34.229 31.218 44.197 49.166 41.127 50.083 48.040 28.996 29.951 30.906 30.859 42.809 46.758 50.708 43.660 40.616 50.577 24.541 31.509 26.480 26.452 26.425 29.399 55.374 44.351 42.330 44.312 29.297 31.286 11.284 0.000 26.453 83.439 8.422 0.000 0.000 1.077 53.053 52.036 11.026 0.000 0.000 33.979 30.982 32.995 31.001 39.003 45.004 37.002 59.001 65.999 63.997 48.996 28.996 27.995 31.994 1.994 0.000
64.259 63.946 63.633 63.328 64.032 58.746 40.460 31.193 40.193 0.000 0.000 0.000 0.000 0.000 0.000 31.265 30.248 33.221 29.185 40.143 43.098 46.052 35.006 29.958 29.911 29.863 54.814 60.764 42.716 36.668 36.624 37.584 34.548 34.516 34.485 35.457 38.430 35.405 56.381 48.360 46.340 46.324 28.311 42.302 68.299 0.000 18.423 71.415 0.000 0.000 0.000 3.055 53.045 51.035 29.027 34.020 32.012 30.000 29.998 30.002 29.004 36.006 43.005 30.003 48.001 65.999 61.998 41.997 26.995 26.995 31.994 0.000 0.000
64.648 64.329 64.017 63.715 60.424 46.144 34.802 0.000 0.000 0.000 0.000 35.660 0.000 4.566 0.000 30.318 31.290 31.252 30.210 30.164 36.115 29.066 29.016 30.966 29.917 28.867 52.818 49.770 57.723 61.674 60.628 55.588 51.553 53.520 49.489 53.460 53.434 54.409 58.386 56.366 57.348 53.333 28.321 40.314 62.310 0.000 13.403 74.383 0.000 0.000 0.000 0.000 50.037 53.033 32.027 30.022 30.017 30.011 30.009 30.009 29.010 36.010 45.009 1.006 0.000 23.999 66.998 42.997 26.995 26.994 30.994 0.000 0.000
65.033 64.706 64.391 64.090 53.806 35.602 0.000 0.000 0.000 0.000 33.681 36.660 49.621 49.566 37.495 30.400 30.341 31.289 31.238 30.187 29.134 30.080 30.027 29.974 28.922 37.871 56.823 35.776 49.731 26.677 59.627 49.589 48.554 48.521 45.491 50.462 51.436 51.411 58.389 56.370 53.353 53.339 28.328 42.321 61.317 0.000 0.000 67.330 0.000 0.000 0.000 0.000 54.034 53.031 29.027 31.024 30.021 31.019 31.017 31.017 32.016 40.015 20.014 0.000 0.000 25.001 66.999 47.997 34.995 28.994 31.993 0.000 0.000
65.413 65.070 65.752 58.449 46.109 35.855 0.000 0.000 0.000 0.000 30.703 47.678 41.637 30.583 32.519 32.447 30.384 29.325 31.268 30.211 31.153 31.095 31.037 29.981 29.926 49.874 49.825 49.781 49.747 0.000 31.612 29.585 30.553 30.521 31.491 35.462 38.436 36.412 56.390 50.371 44.355 46.341 29.331 41.325 60.322 0.000 0.000 40.278 31.257 0.000 0.000 0.000 48.033 31.032 0.000 26.024 32.026 36.026 43.026 43.024 43.022 45.020 17.018 0.000 9.007 73.004 66.001 67.998 55.995 30.993 31.991 0.000 0.000
65.779 65.409 65.097 50.845 2.545 0.000 0.000 0.000 0.000 8.791 46.750 41.711 31.665 32.611 32.551 32.486 32.422 30.360 29.298 29.236 31.172 30.109 30.046 28.986 30.928 45.874 36.823 45.775 46.729 5.676 5.626 45.588 44.553 44.520 44.489 46.461 46.434 47.410 59.388 55.370 50.354 52.341 28.331 37.325 65.323 0.000 0.000 99.247 68.236 35.220 22.212 0.000 0.000 0.000 0.000 0.000 29.030 38.035 42.035 41.032 44.029 46.025 32.021 37.017 53.011 68.006 66.002 65.998 53.995 30.991 30.988 6.985 0.000
66.113 66.692 58.381 41.205 0.000 0.000 0.000 0.000 0.000 53.831 47.796 31.752 32.702 32.646 32.586 32.523 32.459 32.395 29.329 30.262 30.192 30.122 31.054 29.988 29.927 32.870 37.818 49.768 36.720 48.672 53.627 46.587 55.551 45.517 46.486 49.457 48.430 47.406 57.384 53.365 41.350 40.337 29.328 36.323 65.322 0.000 0.000 90.227 80.221 57.212 26.205 0.000 0.000 2.142 0.000 0.000 0.046 49.051 41.046 35.041 32.035 47.030 34.025 36.020 44.014 65.008 67.003 64.999 50.994 30.990 27.986 31.981 25.976
74.369 71.863 44.529 34.391 0.000 0.000 0.000 32.029 45.986 46.907 40.851 35.798 32.744 32.686 32.625 32.562 31.497 34.431 39.362 35.289 30.213 31.135 30.059 29.986 29.921 29.863 36.809 37.759 35.712 42.666 41.622 36.583 48.546 28.512 36.480 43.451 42.424 36.399 55.377 48.358 28.342 27.330 30.321 32.317 36.319 0.000 0.000 68.213 48.209 85.201 71.191 7.173 8.157 59.142 33.127 31.110 31.092 33.070 44.059 38.050 6.042 59.035 47.029 43.023 41.016 52.010 68.005 59.999 42.994 31.989 27.984 34.978 58.972
0.000 0.000 23.483 41.437 0.000 0.000 34.119 44.072 58.021 41.961 40.903 40.846 33.789 32.729 32.667 32.603 39.537 47.470 48.399 40.322 35.234 30.146 29.059 29.978 33.910 30.851 29.798 28.748 34.702 35.657 34.615 35.575 37.538 30.504 36.472 41.443 43.415 39.390 55.368 49.349 31.332 30.319 30.310 26.305 0.000 0.000 0.000 24.204 43.201 43.194 77.184 92.171 85.157 53.142 39.128 40.113 40.097 43.081 65.068 83.058 92.049 91.041 93.033 92.026 86.019 80.012 72.006 55.000 37.994 28.988 29.982 42.976 61.970
16.804 0.000 0.000 0.000 0.000 5.213 37.167 57.119 49.067 52.012 48.954 38.896 31.836 32.774 32.710 43.645 48.579 44.512 39.443 36.365 39.256 34.155 34.056 29.955 34.888 28.833 29.783 30.735 29.689 29.646 29.605 29.566 28.529 29.494 29.462 33.432 39.404 38.379 56.356 50.336 29.319 30.305 30.295 29.288 4.282 0.000 0.000 28.199 54.196 43.190 45.181 60.170 71.157 81.143 83.130 89.116 92.101 92.088 91.075 87.064 78.055 76.046 78.037 81.029 83.021 84.014 82.007 86.000 77.994 44.987 31.981 50.975 67.969
55.983 14.145 0.000 0.000 2.301 38.259 54.216 47.169 39.118 47.064 51.007 51.948 41.886 30.821 40.755 49.688 39.621 31.557 31.495 33.439 1.280 2.161 1.054 26.898 30.856 32.811 32.765 29.720 29.676 30.633 29.592 29.554 29.517 30.483 29.450 29.420 29.391 32.365 49.341 48.320 30.302 30.287 30.276 31.271 32.276 0.000 0.000 27.196 45.194 46.189 58.181 45.170 25.158 29.145 65.132 89.119 73.106 68.093 71.081 64.070 50.060 39.050 30.041 28.032 29.024 39.016 37.008 32.001 70.993 85.987 63.980 61.973 65.967
0.000 29.306 7.367 1.376 37.343 47.308 54.268 38.222 41.173 39.119 37.062 45.002 49.938 44.871 48.801 37.731 31.662 32.599 32.543 40.507 0.000 0.000 0.000 23.855 32.828 43.789 44.747 39.703 35.660 37.618 33.578 32.540 30.504 29.469 29.436 30.405 29.376 29.349 32.324 41.302 29.282 29.265 30.251 29.243 0.000 0.000 0.000 8.196 6.196 60.191 44.183 29.173 43.160 45.147 91.135 72.123 55.110 37.098 28.087 29.075 30.065 31.054 31.044 31.035 30.026 28.017 27.009 28.001 35.993 72.986 80.979 65.972 64.966
0.000 16.406 39.422 41.424 40.397 55.364 40.325 34.281 36.232 35.178 32.121 31.059 45.993 52.922 55.848 43.772 33.698 30.632 38.571 4.539 0.000 0.000 0.000 26.838 36.810 43.772 44.730 44.686 46.644 54.602 52.563 48.525 46.488 42.454 36.421 31.389 29.360 30.332 29.305 34.281 27.259 28.240 29.222 31.206 52.185 0.000 0.000 0.000 22.202 64.197 24.189 33.177 24.161 63.148 81.138 41.126 29.115 31.103 31.092 31.080 31.069 31.058 28.048 28.037 27.028 28.018 28.010 28.001 43.993 58.985 31.977 91.970 63.963
0.000 16.491 39.491 32.481 51.458 51.426 46.387 37.343 31.295 32.242 33.184 44.121 47.053 38.978 41.897 50.811 51.727 41.661 0.000 0.000 0.197 0.000 31.894 37.849 41.804 40.759 41.714 41.669 39.626 46.585 47.545 47.508 48.472 45.437 44.404 45.372 36.341 31.312 32.284 29.258 30.234 29.212 28.193 30.176 45.163 0.000 0.000 0.000 22.215 66.206 28.197 4.187 0.000 9.145 48.142 30.131 31.119 29.108 29.097 29.085 28.074 27.062 28.051 28.040 27.029 28.019 27.010 26.001 28.993 24.985 20.976 84.966 93.959
0.000 13.576 33.569 43.553 53.527 44.494 44.455 46.411 44.363 35.310 41.252 50.189 39.119 32.040 30.950 36.848 46.738 53.625 17.483 9.344 35.203 35.066 29.939 38.859 43.798 44.746 40.698 40.651 32.607 29.566 29.527 29.490 28.454 26.419 33.386 47.353 46.322 45.291 40.262 31.234 29.207 30.182 29.160 29.141 30.129 0.000 0.000 0.000 37.236 4.216 8.206 0.000 0.000 0.000 27.155 7.136 10.123 27.114 26.103 26.091 27.078 29.066 29.053 29.042 28.031 28.020 26.010 26.001 26.993 14.987 0.000 4.959 87.953
0.000 12.669 36.655 55.633 46.604 43.569 43.528 44.484 43.435 45.383 50.326 39.265 33.195 33.114 33.016 31.893 32.754 38.615 55.481 53.347 32.200 31.056 29.937 30.850 42.785 40.730 51.680 39.629 32.585 30.544 31.506 30.470 35.435 43.400 39.367 33.334 39.301 49.270 46.239 45.208 36.179 29.150 29.124 30.101 28.084 0.000 0.000 37.287 25.276 0.000 0.000 39.220 34.217 33.207 25.188 0.000 0.000 32.121 29.110 29.097 29.083 29.069 29.056 29.043 29.031 29.020 29.010 28.000 28.991 30.983 20.975 0.000 29.946
0.872 25.776 50.751 46.721 35.687 40.649 45.606 40.560 46.511 52.460 44.406 32.348 31.283 33.205 33.105 36.955 37.770 31.601 42.480 38.362 35.194 32.020 28.903 35.821 39.759 41.710 32.664 59.602 47.559 37.521 29.485 35.449 54.415 64.381 57.347 34.314 36.281 39.247 43.214 48.182 46.149 42.117 31.085 28.054 35.021 40.978 0.000 12.297 33.307 0.000 0.000 9.222 29.225 29.216 29.201 34.187 33.166 29.139 28.121 29.104 29.088 29.072 29.058 29.044 29.032 29.020 29.009 28.998 27.988 27.978 28.968 31.955 27.945
12.946 46.890 52.851 37.814 32.775 34.733 36.688 47.640 51.590 62.539 61.490 54.439 43.382 32.319 35.246 2.114 0.000 30.538 36.476 33.427 0.000 29.928 33.835 50.772 49.722 52.687 0.000 24.555 64.528 58.496 44.462 50.428 68.395 68.361 66.328 35.294 41.260 41.225 43.191 31.155 40.119 46.083 45.046 44.008 56.969 65.934 0.000 0.000 23.349 48.391 0.000 0.000 52.245 33.231 33.213 33.194 33.172 34.150 28.130 27.111 31.092 28.074 28.059 28.045 28.032 29.019 28.007 26.996 26.985 26.974 26.963 26.952 25.942
12.020 57.988 43.949 32.908 32.865 32.820 45.772 43.721 60.672 75.615 72.578 69.534 64.488 55.444 46.409 0.000 0.000 0.000 24.458 35.445 0.000 0.000 26.739 44.708 43.670 58.628 30.570 31.535 64.504 69.472 65.440 64.408 67.375 67.342 68.309 47.275 39.240 41.204 41.167 31.129 40.090 34.050 53.008 23.963 62.914 84.857 55.769 25.716 0.000 26.433 0.000 28.315 88.279 41.252 43.227 43.203 39.180 40.158 32.137 27.118 9.095 28.075 28.059 31.045 34.031 44.018 34.006 28.993 29.982 29.971 29.960 29.949 29.938
44.126 48.092 42.049 40.004 34.959 46.911 40.858 53.802 31.761 1.722 52.673 71.632 70.593 71.559 54.537 0.000 0.000 0.000 18.453 41.449 0.000 0.000 23.673 38.653 33.623 60.586 71.546 71.511 67.480 67.449 67.418 68.387 67.355 67.323 67.290 61.256 36.221 38.184 36.145 31.105 42.063 43.018 45.972 2.923 47.869 83.808 53.736 71.663 32.565 18.475 30.417 86.351 74.305 46.270 40.239 42.212 36.187 30.164 28.144 26.129 0.000 34.070 42.058 50.044 57.030 66.017 55.003 34.991 28.979 29.967 29.956 29.945 29.934
55.267 44.205 44.152 40.102 47.054 44.005 46.950 70.866 57.845 40.820 61.771 70.729 69.692 68.662 48.643 0.000 0.000 0.000 0.000 0.000 0.000 0.000 29.627 38.608 49.581 65.549 67.516 67.485 67.455 67.426 67.397 67.367 67.337 67.306 67.273 67.239 53.203 43.165 36.125 29.082 33.037 32.989 37.939 56.887 42.831 77.770 63.704 70.634 77.558 63.485 68.424 77.368 53.321 54.282 40.249 39.219 31.192 28.168 29.146 31.125 45.101 51.078 69.060 68.044 67.029 66.015 66.001 55.988 33.975 28.963 29.952 29.940 29.930
46.376 34.309 36.251 48.199 45.150 45.106 15.072 0.000 49.933 75.904 70.862 69.822 71.785 53.753 39.732 23.748 0.000 0.000 0.000 0.000 0.000 0.000 35.599 52.572 64.543 67.514 67.486 67.458 67.430 67.403 67.376 67.348 67.319 67.289 67.258 67.224 68.188 62.150 54.108 46.063 44.014 46.963 37.909 54.854 33.798 75.738 8.677 29.613 64.547 36.484 27.427 83.375 47.329 51.289 49.255 30.224 28.196 29.170 29.146 37.123 58.101 69.080 66.061 66.044 66.028 63.013 61.998 59.985 58.971 32.959 28.947 28.936 28.925
36.472 33.406 46.346 46.291 41.241 61.197 15.160 24.135 64.051 70.998 69.953 69.911 69.873 45.834 45.782 56.765 0.000 0.000 0.000 0.000 0.000 0.000 0.000 2.539 61.505 73.479 68.454 67.430 67.405 67.381 67.356 67.330 67.303 67.275 67.244 67.212 67.176 68.137 69.094 66.046 65.994 68.939 48.881 54.824 28.767 69.709 5.651 7.592 60.534 30.478 40.425 74.376 55.332 47.292 51.257 28.225 29.197 28.170 30.145 40.122 61.100 62.079 67.060 66.042 61.025 58.010 61.995 66.981 65.967 54.955 35.942 34.931 33.920
32.563 46.496 47.435 35.379 46.327 67.280 60.237 66.194 72.137 70.086 70.040 69.998 66.960 50.929 0.864 0.000 0.000 0.000 0.000 0.000 0.000 0.000 0.000 0.000 6.461 18.443 59.422 68.402 67.381 67.359 67.337 67.313 67.289 67.262 67.234 69.203 68.168 68.129 67.085 69.035 67.978 67.917 57.854 55.794 32.737 44.681 74.626 53.572 61.519 30.468 58.419 52.372 55.329 43.291 37.256 29.225 29.196 29.169 37.144 42.120 43.098 48.077 56.058 54.039 55.022 66.006 65.991 65.977 65.963 66.950 60.937 56.926 54.914
47.647 47.580 36.519 32.462 47.409 66.360 72.313 71.267 70.217 70.170 70.124 71.080 62.039 55.009 0.000 0.000 0.000 0.000 0.000 0.000 0.000 0.000 0.000 0.000 15.435 35.409 62.391 68.374 67.357 67.339 67.319 67.298 67.276 67.252 69.226 69.197 69.164 61.127 66.082 69.030 71.966 69.896 63.823 59.761 47.705 31.652 79.601 62.551 64.502 29.455 75.411 39.366 20.322 37.286 28.252 29.221 28.193 37.166 43.141 42.117 42.095 41.074 34.054 30.036 60.018 66.002 65.986 65.972 65.958 65.945 66.932 66.920 66.908
44.725 35.660 33.599 31.541 48.488 68.438 70.390 70.343 70.296 70.251 70.206 72.160 51.109 49.059 0.000 0.000 0.000 0.000 0.000 0.000 0.000 0.000 0.000 0.000 0.000 49.367 68.359 67.348 67.334 67.319 67.303 67.285 69.265 68.244 68.221 68.195 62.166 40.131 56.087 66.036 16.961 7.880 41.782 48.722 57.670 44.622 65.575 83.529 68.484 35.441 77.403 1.355 13.309 26.277 29.246 29.216 31.188 41.161 39.136 40.113 42.091 45.070 39.050 40.031 56.014 65.997 65.981 65.966 65.952 65.939 65.926 65.914 65.902
35.799 33.735 38.674 43.617 58.564 70.513 70.465 70.419 70.374 70.332 70.290 71.245 58.177 0.000 0.000 0.000 0.000 0.000 0.000 34.253 0.000 13.255 0.000 0.000 0.000 24.333 59.330 66.323 67.314 67.302 67.288 67.273 69.256 67.238 67.219 67.197 51.174 47.145 9.100 11.068 0.000 0.000 26.704 33.673 55.633 41.591 46.548 89.506 72.464 51.423 61.383 11.341 56.303 33.269 29.238 29.209 31.181 40.155 51.131 51.107 53.085 59.064 54.045 65.026 66.008 65.992 65.976 65.961 65.946 65.933 65.920 65.907 65.896
36.870 33.806 40.746 59.690 70.636 70.586 70.538 70.493 70.450 70.412 70.378 76.353 0.000 0.000 0.000 0.000 0.000 0.000 34.253 46.253 33.254 48.255 44.256 0.000 14.289 46.303 53.305 64.302 67.295 67.286 67.275 68.262 67.249 67.234 67.218 63.202 52.187 57.174 0.000 0.000 0.000 10.650 43.656 35.635 53.598 29.560 31.522 79.483 78.443 70.404 56.365 56.327 45.292 40.260 29.229 29.201 29.174 39.148 61.124 68.101 67.079 67.058 59.039 66.020 66.002 65.985 65.969 65.954 65.940 65.926 65.913 65.901 65.889
34.937 32.875 47.816 67.759 71.706 70.656 70.609 70.564 70.523 70.487 70.456 77.437 0.000 0.000 0.000 0.000 0.000 0.000 23.253 43.253 43.254 42.255 45.258 29.264 37.275 45.283 45.286 62.284 68.280 67.273 67.264 67.254 67.242 67.231 68.219 60.207 56.197 50.190 0.000 0.000 0.000 3.643 7.637 35.612 54.564 31.530 27.496 66.460 83.422 80.384 61.347 40.312 39.279 40.248 31.219 28.191 29.165 32.140 43.116 63.094 66.072 66.051 58.032 66.013 65.995 65.978 65.962 65.947 65.933 65.919 65.906 65.894 65.882
34.001 35.940 55.882 71.826 70.774 70.724 70.677 70.632 70.591 70.555 72.525 70.502 0.000 0.000 0.000 0.000 0.000 0.000 9.252 48.253 54.253 59.254 50.256 49.260 43.265 39.270 50.271 64.270 67.266 67.261 70.254 68.246 67.237 67.228 67.219 62.210 54.204 49.200 24.202 0.000 0.000 0.000 0.000 0.000 46.517 32.499 28.472 61.439 92.402 73.364 52.328 43.294 45.263 43.234 38.206 27.180 29.155 28.131 32.108 51.085 66.064 66.044 58.024 66.005 65.988 65.971 65.955 65.940 65.925 65.911 65.898 65.886 65.874
34.063 44.002 63.945 71.890 70.838 70.789 70.742 70.697 70.655 71.618 69.585 57.543 41.543 0.000 0.000 0.000 0.000 0.000 11.252 49.252 58.252 58.252 62.252 64.254 47.257 46.259 61.259 67.258 67.255 67.251 68.246 67.239 67.232 67.225 67.218 65.212 53.207 54.205 48.204 0.000 0.000 0.000 0.000 0.000 32.489 32.477 26.454 71.423 59.384 65.342 35.306 55.275 49.246 42.219 42.193 33.168 28.144 29.121 28.098 40.076 63.055 65.035 59.016 65.997 66.980 65.963 65.947 65.931 65.917 65.903 65.890 65.878 65.866
