results2_8e3_rain/res_3e8f-0146.wd
ncols         241
nrows         181
xllcorner     12693529.787448
yllcorner     3542525.717860
cellsize      155.156523
NODATA_value  -9999.000000
[rows 0 to 32 of 181, columns 146 to 218 of 241]
0.000 0.000 0.000 0.000 0.000 0.000 0.000 0.000 0.000 0.000 0.000 0.000 0.000 0.000 5.322 16.185 16.962 16.686 16.380 16.063 15.750 15.457 15.195 14.972 14.790 14.649 14.544 14.471 14.425 14.400 14.389 19.385 0.000 0.000 0.000 0.000 0.000 0.000 0.000 0.000 0.000 0.000 0.000 0.000 0.000 0.000 0.000 0.000 0.000 16.553 23.553 0.000 0.000 42.176 47.176 0.000 0.000 0.000 0.000 0.000 0.000 0.000 0.000 0.000 0.000 0.000 0.000 0.000 0.000 0.000 0.000 0.000 0.000
0.000 0.000 0.000 0.000 0.000 0.000 0.000 0.000 0.000 0.000 0.000 0.000 0.000 0.883 16.459 17.272 17.015 16.716 16.392 16.058 15.730 15.426 17.157 15.931 14.750 14.612 14.512 14.445 14.404 14.385 14.381 19.381 0.000 0.000 0.000 0.000 0.000 0.000 0.000 0.000 0.000 0.000 0.000 0.000 0.000 0.000 0.000 0.000 13.554 35.553 11.553 0.000 21.177 54.177 48.176 0.000 0.000 0.000 0.000 0.000 0.000 0.000 0.000 0.000 0.000 0.000 0.000 0.000 33.149 0.000 0.000 0.000 0.000
0.000 0.000 0.000 0.000 0.000 0.000 0.000 0.000 0.000 0.000 0.000 0.000 0.000 20.092 18.745 17.429 17.109 16.772 16.414 16.046 15.687 17.358 17.076 14.845 14.667 14.537 14.447 14.391 14.363 14.356 16.371 10.376 0.000 0.000 0.000 0.000 0.000 0.000 0.000 0.000 0.000 0.000 0.000 0.000 0.000 0.000 0.000 0.000 25.554 0.000 0.000 16.177 47.177 9.177 0.000 0.000 0.000 0.000 0.000 0.000 0.000 0.000 0.000 0.000 2.156 0.000 0.000 0.000 36.149 8.149 0.000 0.000 0.000
0.000 0.000 0.000 0.000 0.000 0.000 0.000 0.000 0.000 0.000 0.000 0.000 2.808 19.476 18.002 17.591 17.219 16.847 16.447 16.026 16.614 16.246 14.942 14.707 14.536 14.420 14.348 14.311 14.299 20.305 0.000 0.000 0.000 0.000 0.000 0.000 0.000 0.000 0.000 0.000 0.000 0.000 0.000 10.556 0.000 0.000 0.000 9.555 69.555 0.000 0.000 22.178 49.178 0.000 0.000 0.000 0.000 0.000 0.000 0.000 0.000 0.000 8.157 14.157 33.156 0.000 0.000 26.149 35.149 36.149 8.149 0.000 0.000
0.000 0.000 0.000 0.000 0.000 0.000 0.000 0.000 0.000 0.000 0.000 8.090 1.297 2.731 18.195 17.713 17.329 16.952 16.502 15.996 16.497 16.068 14.739 14.505 14.351 14.260 14.216 14.204 15.216 16.261 0.000 0.000 0.000 0.000 0.000 0.000 0.000 0.000 0.000 0.000 0.000 0.000 11.556 34.556 29.556 0.000 0.000 25.556 53.556 0.000 0.000 0.000 49.180 4.180 0.000 0.000 0.000 0.000 0.000 0.000 0.000 0.000 48.157 52.157 54.156 0.000 0.000 39.150 34.149 34.149 44.149 0.000 0.000
0.000 0.000 0.000 0.000 0.000 0.000 0.000 0.000 0.000 0.000 10.777 3.398 1.783 1.236 1.312 15.735 17.434 17.129 16.611 17.959 17.308 14.793 14.439 14.222 14.104 14.054 14.050 14.073 20.103 0.000 0.000 0.000 0.000 0.000 0.000 0.000 0.000 0.000 0.000 0.000 0.000 0.000 0.000 14.556 35.556 27.556 25.556 7.556 38.556 11.556 0.000 0.000 34.180 47.181 38.181 36.182 45.181 0.000 0.000 0.000 0.000 0.000 48.158 50.157 55.156 34.154 23.153 40.151 43.150 0.000 0.000 0.000 8.127
0.000 0.000 0.000 0.000 0.000 0.000 0.000 0.000 0.000 0.000 7.157 3.879 3.524 3.036 0.393 0.579 10.545 18.517 17.856 17.921 14.985 14.354 14.005 13.841 13.788 13.802 13.857 13.934 9.018 0.000 0.000 0.000 0.000 0.000 31.572 64.572 0.000 0.000 4.572 45.572 0.000 0.000 0.000 11.556 35.556 48.557 83.557 45.557 46.557 17.556 0.000 0.000 31.181 50.182 35.182 31.182 48.181 0.000 0.000 0.000 0.000 0.000 35.160 41.158 37.157 37.155 41.153 44.151 52.150 0.000 0.000 0.000 31.127
0.000 0.000 0.000 0.000 0.000 0.000 0.000 0.000 0.000 30.341 30.815 7.415 3.040 3.292 2.965 0.748 0.345 5.540 18.376 15.883 14.357 13.635 13.384 13.348 13.404 13.510 14.643 11.789 0.000 0.000 0.000 0.000 0.000 0.000 6.572 52.572 59.572 41.572 33.572 5.572 0.000 0.000 0.000 0.000 0.000 9.558 76.558 55.558 2.557 0.000 0.000 0.000 0.000 43.183 58.183 56.182 58.181 50.180 42.177 45.175 44.171 53.168 57.163 54.160 55.157 55.155 50.153 45.151 42.149 0.000 0.000 0.000 0.000
0.000 0.000 0.000 0.000 0.000 0.000 0.000 0.000 24.401 41.867 43.346 32.878 9.488 1.915 2.962 0.784 2.631 7.684 6.222 15.878 12.927 12.444 12.549 12.761 12.972 14.190 14.417 0.000 0.000 0.000 0.000 0.000 0.000 0.000 0.000 4.572 50.573 60.573 65.572 4.572 0.000 0.000 0.000 0.000 0.000 5.559 48.559 40.558 45.558 12.558 0.000 0.000 27.187 55.185 40.185 34.184 41.182 53.180 41.178 40.175 49.172 58.168 45.165 41.161 44.158 50.155 56.153 58.150 56.147 42.142 33.138 16.135 25.132
0.000 0.000 0.000 0.000 0.000 0.000 0.000 20.482 29.935 45.382 42.822 43.264 35.706 12.155 1.085 4.598 14.097 6.346 2.164 2.934 6.026 10.667 11.605 12.177 12.533 17.861 0.000 0.000 0.000 0.000 0.000 0.000 4.575 2.575 0.000 0.000 17.573 63.573 16.573 0.000 0.000 0.000 0.000 0.000 0.000 44.561 54.560 30.559 46.559 66.558 6.558 0.000 33.188 57.187 36.186 30.185 33.184 46.182 35.179 35.176 37.173 39.170 36.166 37.163 31.159 35.156 41.153 42.149 40.146 49.142 51.138 54.135 62.131
0.000 0.000 0.000 0.000 0.000 0.000 25.566 24.028 47.476 43.902 43.298 42.650 42.916 37.982 20.480 12.210 7.863 0.000 0.024 4.274 2.161 3.237 11.027 11.810 17.120 0.000 0.000 0.000 0.000 0.000 0.000 0.000 41.575 0.575 0.000 0.000 24.574 64.574 3.573 0.000 0.000 0.000 0.000 0.000 39.566 83.564 16.561 19.560 41.559 68.559 8.558 0.000 30.190 55.189 35.189 28.187 31.186 33.183 29.181 28.178 35.175 51.171 34.168 30.164 44.160 40.156 37.153 44.149 44.145 47.141 56.138 60.134 47.131
0.000 0.000 0.000 0.000 0.000 29.576 18.103 46.590 45.039 44.451 43.817 43.122 42.329 42.375 39.187 24.902 4.244 0.201 0.034 45.932 4.417 0.060 0.077 13.915 10.018 0.000 0.000 0.000 0.000 0.000 0.000 0.000 37.576 32.576 41.576 53.576 57.575 47.575 0.000 0.000 2.573 38.573 53.572 58.570 82.568 38.567 0.000 0.000 43.559 31.559 0.000 0.000 33.193 60.192 47.191 31.190 79.188 107.186 56.183 32.180 48.177 95.173 47.169 24.165 89.161 62.157 37.153 44.149 46.145 36.141 45.137 58.133 41.130
0.000 0.000 0.000 0.000 0.000 19.049 40.679 47.190 45.641 45.045 44.399 43.691 42.901 42.002 42.000 40.925 30.123 4.791 50.545 47.617 0.270 0.113 0.039 0.043 0.000 0.000 0.000 0.000 0.000 0.000 2.575 36.576 32.576 37.576 51.577 61.577 45.576 32.576 0.000 0.000 0.574 47.573 46.573 42.571 81.570 41.569 0.000 0.000 22.559 14.559 0.000 26.198 54.197 56.196 50.194 38.193 37.191 70.189 111.186 49.183 42.179 99.175 50.171 24.167 96.162 66.158 29.154 31.149 37.145 28.141 42.137 41.133 29.129
0.000 0.000 0.000 0.000 23.525 33.891 49.376 46.850 46.289 45.689 45.043 44.344 43.578 42.750 41.801 41.068 39.933 52.289 51.959 0.819 0.375 9.486 0.000 0.000 0.000 0.000 0.000 0.000 0.000 52.574 55.575 37.576 36.576 51.577 61.577 47.578 30.578 32.577 32.577 30.578 28.577 40.575 43.574 53.573 93.571 27.570 0.000 0.000 59.559 9.559 0.000 23.200 53.200 53.199 40.198 32.197 28.195 38.193 35.190 75.186 106.182 123.178 104.173 93.169 119.164 113.159 104.154 50.150 30.145 47.141 42.136 31.132 26.128
0.000 0.000 0.000 24.678 34.158 51.615 48.084 47.543 46.977 46.378 45.741 45.059 44.339 43.509 42.972 40.617 52.318 52.317 36.500 18.835 6.006 0.000 0.000 0.000 0.000 0.000 0.000 0.000 38.572 5.573 0.000 16.576 54.577 58.577 50.578 35.579 1.580 0.000 0.000 34.579 30.578 40.577 39.575 62.574 59.573 0.000 0.000 1.560 62.560 8.560 0.000 21.203 51.203 63.203 42.202 48.201 71.199 48.197 30.194 54.190 77.185 111.181 77.176 57.171 105.165 95.160 70.155 39.150 25.145 96.141 64.136 36.131 26.127
0.000 0.000 0.000 30.198 49.815 49.325 48.804 48.262 47.697 47.106 47.481 46.833 45.086 44.672 42.109 52.364 52.323 40.054 41.681 39.326 23.297 4.295 0.000 0.000 0.000 0.000 0.000 40.572 9.572 0.000 0.000 0.000 22.577 54.578 32.579 30.581 36.583 0.000 0.000 35.581 33.580 39.578 40.577 62.575 58.573 0.000 0.000 22.561 69.560 5.560 0.000 23.206 54.207 57.207 38.207 38.206 84.205 119.202 68.199 36.194 52.189 99.184 59.178 26.173 92.167 79.161 37.156 29.151 22.145 103.140 67.135 39.131 40.126
0.000 0.000 30.767 48.102 51.579 50.066 49.543 49.004 48.446 48.863 47.266 46.577 46.249 43.690 52.756 52.494 41.535 42.384 41.401 31.773 12.532 0.000 0.000 0.000 0.000 0.000 0.000 36.572 10.572 0.000 0.000 0.000 0.000 0.000 0.000 35.584 32.588 31.590 33.589 35.585 31.582 39.580 41.578 53.575 49.572 11.568 30.565 63.562 14.561 0.000 0.000 23.209 50.210 56.211 42.213 27.213 29.211 54.208 41.204 23.200 41.194 96.188 52.181 18.175 89.169 74.163 32.157 28.151 24.146 102.140 67.135 39.130 30.125
0.000 30.009 43.432 52.862 51.334 50.818 50.298 49.766 50.215 49.656 48.009 47.732 45.179 53.649 53.151 43.164 44.173 42.059 29.271 0.000 0.000 0.000 0.000 0.000 0.000 0.000 0.000 0.000 10.571 0.000 0.000 0.000 0.000 0.000 0.000 0.000 39.593 49.593 60.591 48.588 37.584 41.583 38.580 43.577 36.572 55.568 73.564 61.562 7.560 0.000 0.000 22.211 48.214 53.216 59.220 57.220 45.219 35.216 48.211 80.206 99.199 120.192 100.185 83.177 117.170 110.164 92.157 52.152 25.146 100.140 72.135 44.129 31.124
27.054 38.585 53.089 52.581 52.077 51.574 51.065 51.543 51.016 49.403 49.164 46.627 54.835 54.219 44.703 45.867 46.818 25.058 0.000 0.000 0.000 0.000 0.000 0.000 0.000 0.000 0.000 0.000 0.000 0.000 0.000 0.000 0.000 0.000 0.000 0.000 37.599 41.598 59.596 18.592 0.000 48.586 39.583 42.580 38.573 26.566 45.562 60.560 47.559 6.558 0.000 0.000 13.217 56.221 58.229 51.230 39.229 48.225 99.219 90.213 71.205 72.196 73.188 73.179 73.172 74.165 76.158 47.152 27.146 99.140 75.134 38.129 32.123
30.522 54.190 53.760 53.296 52.820 52.337 51.842 51.347 50.767 50.562 48.044 56.136 55.477 46.139 47.375 46.385 41.900 1.400 0.000 0.000 0.000 0.000 0.000 0.000 0.000 0.000 0.000 0.000 0.000 0.000 0.000 0.000 0.000 0.000 0.000 0.000 38.605 49.604 33.602 0.000 2.595 45.591 42.588 9.586 0.000 30.561 44.560 59.558 56.557 25.557 0.000 0.000 0.000 0.000 25.245 40.244 24.241 85.235 86.229 35.221 41.212 83.201 54.191 26.181 72.173 62.165 42.158 40.152 31.146 99.140 70.134 27.128 28.123
48.322 55.892 54.464 54.022 53.570 54.106 52.644 52.100 51.934 49.440 57.478 56.803 46.483 48.752 47.764 48.162 17.522 0.000 0.000 0.000 0.000 0.000 0.000 0.000 0.000 0.000 0.000 0.000 0.000 0.000 0.000 0.000 0.000 0.000 0.000 5.618 58.614 56.610 60.607 57.605 53.600 53.596 47.592 6.590 0.000 30.559 43.556 61.555 68.555 31.556 0.000 0.000 0.000 0.000 19.263 32.259 52.254 99.248 62.240 22.231 90.220 91.206 40.193 27.182 48.173 104.165 63.158 31.152 31.146 94.140 112.134 99.126 104.118
58.001 55.593 55.182 54.761 54.328 55.898 53.390 53.270 50.813 58.836 58.153 41.761 45.987 50.062 46.546 23.845 0.000 0.000 0.000 0.000 0.000 0.000 0.000 0.000 0.000 0.000 0.000 0.000 0.000 0.000 0.000 0.000 0.000 0.000 0.000 57.623 56.620 57.616 59.612 58.608 56.603 57.599 50.595 5.592 0.000 31.558 43.553 66.550 39.553 0.000 0.000 0.000 0.000 17.296 47.284 26.277 91.270 85.261 29.253 85.243 98.231 47.211 35.195 38.180 33.171 64.164 103.158 60.152 23.147 94.141 97.135 71.125 13.114
48.665 55.296 55.909 55.507 55.106 54.628 54.551 52.133 60.158 59.520 24.968 30.162 33.066 51.747 35.380 0.000 0.000 0.000 0.000 0.000 0.000 0.000 0.000 47.257 36.257 0.000 0.000 0.000 0.000 0.000 0.000 0.000 0.000 0.000 0.000 34.631 28.628 31.622 35.617 30.612 29.607 28.602 30.597 34.592 28.582 21.562 36.548 15.540 0.000 0.000 0.000 0.000 0.000 19.308 42.302 33.294 34.286 34.276 26.266 47.257 48.250 0.000 0.000 9.174 39.168 32.162 54.157 47.153 29.148 62.143 10.138 0.000 8.107
27.366 43.019 55.649 58.275 55.820 55.772 53.360 61.253 60.747 34.057 0.000 43.487 0.000 55.353 23.868 0.000 0.000 0.000 0.000 0.000 0.000 0.000 0.000 54.258 48.257 0.000 0.000 0.000 0.000 0.000 0.000 0.000 0.000 20.687 0.000 35.643 31.637 31.629 31.622 31.616 31.610 31.605 31.600 33.596 11.591 0.000 6.535 37.523 7.512 0.000 0.000 0.000 20.336 51.327 39.320 38.313 30.303 31.291 31.279 29.269 43.263 3.265 0.000 0.000 10.164 35.160 30.156 43.153 42.151 0.000 0.000 0.000 8.102
19.112 26.763 49.411 53.992 56.956 54.501 62.008 61.672 40.920 16.730 0.000 60.125 58.029 44.455 0.000 0.000 0.000 0.000 0.000 0.000 0.000 0.000 57.265 63.260 34.255 0.000 0.000 0.000 0.000 0.000 0.000 0.000 0.000 37.687 35.679 32.662 31.649 28.634 32.625 32.619 32.613 32.608 32.603 35.599 8.596 0.000 0.000 35.505 35.501 5.495 0.000 0.000 5.345 38.344 31.340 30.333 29.322 29.306 29.292 29.276 30.268 39.267 0.000 0.000 0.000 3.157 36.154 39.153 37.151 0.000 0.000 0.000 32.100
22.880 33.519 38.148 36.053 47.615 62.394 62.249 45.885 24.653 18.159 0.000 39.834 52.509 25.982 0.000 0.000 0.000 0.000 45.318 51.314 43.306 41.289 50.271 43.260 33.250 0.000 0.000 0.000 0.000 0.000 0.000 0.000 0.000 35.696 32.688 31.676 5.662 0.000 37.627 31.622 31.616 31.610 31.605 32.602 6.599 0.000 0.000 36.491 35.491 6.489 0.000 0.000 35.354 31.364 31.364 31.358 30.346 30.319 34.305 0.000 1.268 4.267 0.000 0.000 0.000 0.000 36.152 31.152 31.151 32.151 0.000 4.098 34.098
34.608 48.254 23.976 22.854 62.450 62.449 48.860 35.592 31.934 36.777 0.000 6.871 42.190 0.000 0.000 0.000 0.000 41.327 45.323 47.319 45.315 0.000 0.000 0.000 45.233 29.217 0.000 0.000 0.000 0.000 0.000 0.000 3.725 45.713 42.701 17.691 0.000 0.000 50.632 36.626 32.619 31.612 35.606 12.604 0.000 11.469 49.471 30.478 34.481 6.483 0.000 0.000 0.000 36.394 31.393 35.389 2.385 0.000 0.000 0.000 0.000 0.000 0.000 0.000 0.000 0.000 36.151 31.151 31.151 36.150 0.000 0.000 8.097
55.302 43.893 23.962 19.467 62.405 23.884 29.615 31.849 35.531 54.121 63.583 51.589 0.000 0.000 0.000 0.000 39.336 33.332 39.327 54.323 53.320 0.000 0.000 0.000 0.000 46.202 0.000 0.000 0.000 31.790 0.000 0.000 47.738 46.728 52.714 45.696 10.679 64.662 61.644 59.633 57.622 49.611 30.604 17.604 0.000 25.466 78.466 32.470 33.474 7.478 0.000 0.000 0.000 41.425 27.424 32.422 3.420 0.000 0.000 0.000 0.000 0.000 0.000 0.000 0.000 32.150 34.150 36.150 30.150 35.150 0.000 0.000 5.096
63.877 50.979 33.285 61.962 19.889 21.682 20.856 20.503 30.076 57.617 53.037 24.313 0.000 0.000 38.348 4.346 46.341 38.336 49.331 44.325 23.323 0.000 0.000 0.000 0.000 50.186 26.181 0.000 0.000 27.790 35.790 39.781 41.761 43.747 33.730 30.702 38.679 38.663 58.650 41.638 35.624 33.608 13.594 0.000 1.477 20.464 88.458 44.462 10.465 0.000 0.000 0.000 0.000 54.458 27.456 34.454 6.453 0.000 0.000 0.000 0.000 0.000 0.000 0.000 11.149 34.149 49.150 47.150 40.150 0.000 0.000 0.000 6.096
61.923 60.168 61.494 38.801 26.712 22.862 22.504 21.084 27.677 43.232 38.634 0.000 0.000 0.000 41.351 62.349 57.345 58.341 40.336 0.000 0.000 0.000 0.000 0.000 41.171 32.175 24.176 0.000 0.000 0.000 39.799 43.792 43.779 43.768 27.759 0.000 34.671 35.663 59.655 45.644 39.630 25.603 32.571 47.530 67.489 56.458 80.441 45.454 9.459 0.000 0.000 0.000 0.000 52.493 28.489 29.486 34.485 0.000 0.000 0.000 0.000 0.000 0.000 0.000 0.000 4.149 53.149 50.149 3.149 0.000 0.000 0.000 2.095
59.992 61.423 60.642 59.662 41.814 21.468 22.059 22.679 21.312 23.999 0.000 0.000 0.000 0.000 57.355 47.354 45.351 41.346 0.000 0.000 0.000 0.000 0.000 42.166 33.166 29.168 12.172 0.000 0.000 0.000 39.816 47.808 56.797 55.786 57.778 45.780 0.000 3.662 62.662 46.655 20.648 0.000 35.556 45.530 72.490 34.439 18.393 0.000 0.000 0.000 0.000 0.000 5.553 43.533 30.522 31.515 34.515 7.527 0.000 0.000 0.000 0.000 0.000 0.000 0.000 0.000 10.149 11.149 0.000 0.000 0.000 0.000 3.095
61.425 60.407 62.525 62.694 46.372 22.977 25.611 25.255 22.895 23.453 0.000 37.364 0.000 3.363 51.361 51.360 58.359 0.000 0.000 16.253 4.253 0.000 0.000 37.165 31.162 25.159 0.000 0.000 0.000 0.000 37.841 38.829 40.814 39.800 37.789 29.782 0.000 0.000 64.676 50.667 35.659 0.000 34.567 45.544 69.502 25.413 21.300 4.222 0.000 0.000 0.000 0.000 5.574 50.562 29.550 31.538 31.535 32.538 36.545 8.547 0.000 0.000 0.000 0.000 0.000 0.000 0.000 0.000 0.000 0.000 0.000 0.000 0.000
61.105 63.309 62.505 63.209 36.834 27.486 47.151 40.834 22.561 0.358 0.000 34.365 49.365 54.365 40.365 61.367 53.367 0.000 0.000 30.253 61.253 13.248 0.000 38.167 32.157 29.146 0.000 0.000 45.947 41.920 37.878 39.851 44.830 44.812 42.795 53.778 45.755 5.729 64.698 56.679 56.661 48.637 29.602 47.578 55.559 0.000 24.172 7.144 0.000 0.000 0.000 0.000 15.607 54.593 26.576 28.554 29.547 30.547 35.550 7.550 0.000 0.000 0.000 0.000 0.000 0.000 0.000 0.000 0.000 0.000 0.000 0.000 0.000
