results2_8e3_rain/res_3e8f-0114.wd
ncols         241
nrows         181
xllcorner     12693529.787448
yllcorner     3542525.717860
cellsize      155.156523
NODATA_value  -9999.000000
[rows 99 to 131 of 181, columns 73 to 145 of 241]
57.281 57.262 57.243 56.223 56.204 61.185 64.166 61.148 57.135 57.128 51.129 7.133 0.000 0.000 0.000 0.000 0.000 12.682 70.722 95.706 93.714 92.882 99.573 99.501 92.605 93.301 93.148 93.038 93.934 93.835 92.746 96.669 55.615 0.000 0.000 0.000 0.000 0.000 0.000 26.359 52.275 64.109 31.826 13.663 43.610 46.542 44.457 48.337 45.083 42.667 12.282 37.012 40.873 55.780 61.713 64.662 62.625 57.598 50.580 45.570 40.565 18.557 0.000 0.000 0.000 0.000 12.757 30.756 42.756 66.756 67.756 67.755 67.755
57.315 57.298 56.279 54.260 58.240 63.219 64.196 64.171 58.153 55.142 60.137 60.137 21.137 0.000 15.559 45.513 22.418 2.157 58.982 98.865 94.119 94.140 99.634 91.923 93.711 93.364 93.276 93.165 93.058 92.958 94.870 93.799 29.750 0.000 0.000 0.000 0.000 0.000 0.000 30.547 36.483 47.411 0.000 0.000 38.778 46.718 45.620 49.474 49.246 19.956 0.000 31.905 45.842 50.772 71.716 72.673 72.640 73.616 74.599 72.589 53.584 0.000 0.000 0.000 0.000 0.000 0.000 29.753 42.753 66.752 67.752 67.751 67.751
57.351 56.334 56.316 59.297 62.277 63.255 38.229 2.188 31.163 67.148 40.142 14.139 6.138 0.000 26.606 76.562 73.475 65.345 84.177 95.312 92.293 99.718 93.210 94.016 93.581 93.515 93.398 93.288 93.177 94.070 91.978 79.905 26.837 0.000 0.000 0.000 0.000 0.000 33.960 40.798 38.700 39.642 12.673 0.000 45.006 62.932 55.831 50.695 25.471 0.000 0.000 14.862 4.818 44.751 69.707 73.673 71.646 71.626 71.611 73.602 46.598 40.602 40.603 46.603 0.000 0.000 0.000 6.751 41.750 66.749 67.748 67.747 67.747
56.387 55.372 60.355 63.336 63.315 63.294 28.279 0.000 0.000 10.147 1.144 0.000 0.000 0.000 19.696 82.654 88.578 96.479 96.416 93.529 100.071 99.853 93.182 93.892 93.743 93.633 93.523 93.410 93.291 99.165 49.068 17.007 0.933 0.000 0.000 0.000 0.000 25.263 43.122 38.987 38.876 37.784 43.703 9.557 38.309 64.174 63.076 61.005 0.000 0.000 0.000 0.000 0.000 42.706 71.688 75.667 72.647 71.630 69.618 58.610 39.605 35.605 36.604 20.604 0.000 0.000 0.000 0.000 37.746 66.745 67.745 67.744 63.743
55.426 61.413 63.397 63.376 61.353 67.328 37.313 0.000 0.000 0.000 0.000 0.000 0.000 0.000 30.828 88.778 91.712 95.579 94.803 94.806 100.266 92.576 94.280 93.954 93.867 93.757 93.649 97.539 103.413 58.233 27.120 2.075 0.000 0.000 0.000 0.000 26.519 49.404 43.279 36.152 41.032 44.917 41.800 39.660 53.499 57.378 47.293 55.245 0.000 0.000 0.000 0.000 0.000 48.680 72.671 77.659 76.645 72.631 67.621 36.613 34.609 35.607 42.606 0.000 0.000 0.000 0.000 31.742 35.742 64.742 67.742 67.741 61.740
62.468 63.457 63.441 62.420 40.394 6.351 25.331 27.331 0.000 0.000 0.000 0.000 0.000 22.129 75.009 88.929 91.828 93.979 94.980 100.608 100.444 93.556 94.257 94.095 93.988 93.881 97.779 59.683 19.590 0.000 37.104 23.091 0.000 0.000 0.000 0.000 34.635 68.553 59.439 54.312 49.182 50.051 47.919 48.783 61.651 55.545 39.473 41.438 0.000 0.000 0.000 0.000 0.000 48.662 76.659 41.653 39.642 71.629 74.620 44.614 35.611 40.609 10.607 0.000 0.000 0.000 0.000 4.741 31.740 49.740 65.739 68.738 61.737
63.515 63.507 59.491 63.468 45.451 0.000 16.331 46.331 0.000 0.000 0.000 0.000 12.345 74.248 88.153 94.071 94.037 94.173 100.901 100.759 92.892 94.665 94.312 94.222 94.107 94.000 97.901 69.826 1.796 0.000 7.099 10.095 0.000 0.000 0.000 0.000 21.832 53.737 58.611 68.474 64.333 52.188 55.042 63.901 58.776 46.679 38.616 39.597 13.647 14.660 0.000 0.000 0.000 46.649 80.648 0.000 0.000 20.622 67.618 57.614 38.611 17.610 0.000 0.000 0.000 0.000 0.000 0.000 4.739 28.738 54.737 64.736 57.735
61.566 58.564 57.548 73.511 52.492 0.000 15.331 43.331 0.000 0.000 0.000 6.516 70.443 83.364 93.291 96.167 95.407 93.432 101.033 92.208 93.980 90.536 92.462 94.338 94.223 95.109 89.001 78.923 26.870 0.000 0.000 0.000 0.000 0.000 0.000 9.364 44.124 48.951 48.794 50.641 59.487 62.326 65.160 59.005 45.875 39.778 38.715 37.686 41.685 26.673 0.000 0.000 0.000 35.638 72.635 38.627 27.622 19.619 62.615 68.612 48.610 0.000 0.000 0.000 0.000 0.000 0.000 0.000 0.000 23.735 47.735 52.734 39.733
55.625 64.634 60.628 1.541 2.514 0.000 6.331 6.331 0.000 0.000 0.000 7.589 86.544 88.485 96.393 95.555 94.571 101.265 101.154 94.170 93.855 93.695 93.575 92.456 93.336 95.212 52.070 2.997 0.000 0.000 0.000 0.000 0.000 13.132 29.931 44.605 55.351 52.148 50.973 47.810 48.648 51.471 63.265 64.085 55.940 44.842 37.780 37.747 39.736 0.000 0.000 0.000 0.000 20.630 62.627 40.623 36.621 36.617 68.612 71.609 54.606 17.603 7.602 50.601 0.000 0.000 0.000 0.000 0.000 26.733 50.733 45.732 31.732
56.687 66.720 53.747 0.000 0.000 0.000 3.331 15.331 0.000 0.000 0.000 73.707 83.664 95.605 95.596 94.735 101.463 101.367 93.489 95.261 94.910 94.815 94.694 94.575 96.455 46.333 0.000 0.000 0.000 0.000 0.000 2.902 28.667 45.334 58.055 53.773 52.526 52.318 52.140 52.979 50.823 49.643 23.346 42.130 66.959 48.870 36.817 39.787 37.775 25.782 0.000 0.000 0.000 21.626 54.621 32.619 0.000 0.000 24.607 61.606 50.604 59.602 66.601 25.601 0.000 0.000 0.000 0.000 0.000 1.732 41.731 39.731 32.730
54.746 58.810 57.894 34.013 0.000 0.000 0.000 1.330 4.330 0.000 26.969 86.867 93.799 95.716 95.870 93.987 101.550 93.783 95.561 95.124 95.053 94.930 95.813 96.694 58.574 0.000 0.000 0.000 0.000 0.000 5.382 48.100 58.802 54.482 53.183 52.905 52.664 52.460 52.288 52.144 52.022 60.933 0.000 0.000 34.897 43.863 35.831 44.809 44.797 26.789 0.000 0.000 0.000 0.000 38.614 75.612 43.608 0.000 17.604 62.603 56.601 47.600 47.599 0.000 0.000 0.000 0.000 0.000 0.000 0.000 20.729 31.729 32.729
66.788 4.880 61.007 59.132 48.288 7.393 0.000 0.000 0.000 18.147 77.071 90.993 96.925 95.903 95.051 101.700 101.629 94.734 95.429 95.276 95.163 96.051 97.933 58.813 0.000 0.000 0.000 0.000 4.243 35.048 45.664 57.314 53.959 53.611 50.289 50.002 49.763 50.568 52.411 52.285 55.190 32.134 0.000 0.000 14.869 39.853 38.835 56.821 52.813 0.000 0.000 0.000 0.000 0.000 22.608 67.607 79.605 36.602 62.601 76.600 68.599 44.598 37.597 9.595 0.000 0.000 0.000 0.000 0.000 0.000 26.728 32.728 36.728
48.796 1.918 63.119 53.221 60.339 52.498 13.762 2.065 11.234 78.222 87.174 97.121 95.998 96.257 94.277 101.760 94.028 95.818 95.476 95.390 96.279 97.176 51.054 0.000 0.000 0.000 0.000 0.000 47.439 58.237 55.913 54.533 56.108 55.714 61.361 66.052 60.819 53.640 47.501 51.395 57.320 15.279 0.000 0.000 10.857 42.846 43.835 65.826 53.822 0.000 0.000 0.000 0.000 0.000 10.604 62.603 71.602 76.600 72.599 72.598 76.598 60.597 39.595 40.594 9.592 2.591 0.000 0.000 0.000 28.726 33.726 31.726 36.726
0.000 0.000 31.238 82.294 45.350 0.000 0.000 16.356 76.355 81.333 95.298 96.194 96.462 94.383 101.845 94.290 96.097 95.671 95.611 96.498 93.390 48.319 0.000 0.000 0.000 0.000 3.417 50.218 57.837 55.547 55.219 58.796 33.227 11.776 14.388 31.026 56.820 58.672 59.559 51.473 52.415 13.385 0.000 0.000 0.000 23.838 41.833 48.829 47.826 0.000 0.000 0.000 0.000 0.000 10.600 53.600 66.599 71.598 72.597 73.597 69.596 65.595 50.594 38.593 42.591 48.591 0.000 0.000 0.000 0.000 31.726 32.725 34.725
0.000 0.000 8.302 83.366 70.417 0.000 0.000 23.513 84.495 92.467 96.402 97.583 97.606 102.170 101.972 95.243 95.957 95.815 95.715 90.610 80.464 31.391 0.000 0.000 2.976 38.853 47.617 59.400 56.143 55.896 59.619 37.208 0.000 0.000 0.000 16.846 54.762 51.670 55.589 61.525 61.481 39.460 0.000 0.000 0.000 5.835 43.832 37.829 44.828 0.000 0.000 0.000 0.000 0.000 15.598 40.597 57.597 71.596 66.596 59.595 61.595 22.594 47.593 56.591 49.590 45.590 0.000 0.000 0.000 0.000 0.000 26.724 31.723
0.000 0.000 0.000 11.451 60.535 1.549 11.749 77.688 89.647 96.607 96.607 96.769 102.530 102.355 94.536 96.331 95.996 95.922 88.831 54.762 0.000 0.000 0.000 11.212 57.098 50.967 58.797 56.621 56.440 57.277 35.153 0.000 0.000 0.000 0.000 15.751 57.712 51.657 51.603 53.558 57.526 59.513 11.527 0.000 0.000 0.000 24.830 43.829 18.828 0.000 0.000 0.000 0.000 0.000 8.596 36.595 47.595 54.594 46.594 43.594 8.594 0.000 0.000 40.590 44.589 53.589 0.000 0.000 0.000 0.000 0.000 20.723 31.723
0.000 0.000 0.000 0.000 0.000 11.921 80.889 85.842 96.803 96.712 97.978 98.036 102.694 94.840 96.616 96.182 96.120 86.016 74.927 38.844 0.000 0.000 0.000 51.326 73.238 58.120 49.985 57.847 55.719 58.618 28.563 0.000 0.000 0.000 11.683 46.695 53.677 52.644 52.608 49.576 45.553 47.541 9.540 0.000 0.000 0.000 5.829 50.828 0.000 0.000 0.000 0.000 0.000 0.000 8.594 38.593 37.593 36.593 34.592 40.592 0.000 0.000 0.000 15.589 38.588 56.587 0.585 0.000 0.000 0.000 0.000 0.000 24.722
0.000 0.000 0.000 0.000 0.000 84.078 83.042 96.998 96.928 98.110 98.165 102.994 102.848 95.795 97.477 95.318 81.201 70.105 44.016 0.000 0.000 0.000 45.679 63.527 63.408 70.291 58.174 48.064 53.971 63.913 66.918 30.054 0.000 0.000 10.671 58.670 52.657 52.635 51.609 47.586 41.568 42.557 8.553 0.000 0.000 0.000 0.000 23.827 31.826 0.000 0.000 0.000 0.000 0.000 16.593 40.592 34.591 35.591 35.591 37.590 20.589 0.000 0.000 0.000 25.586 46.585 24.584 0.000 0.000 0.000 0.000 0.000 19.722
0.000 0.000 0.000 0.000 23.379 84.271 96.205 97.149 98.141 100.311 103.266 103.132 95.107 96.868 93.518 82.415 71.267 43.186 0.000 0.000 0.000 47.968 68.831 54.697 46.576 60.463 72.358 60.264 63.189 64.144 51.142 57.191 36.253 0.000 18.660 50.656 46.646 53.629 48.609 40.590 39.576 43.567 5.563 0.000 0.000 0.000 0.000 10.826 50.826 0.000 0.000 0.000 0.000 0.000 0.000 22.590 37.590 35.590 35.589 35.589 43.588 0.000 0.000 0.000 0.000 27.584 38.583 44.583 0.000 0.000 0.000 0.000 0.000
0.000 0.000 0.000 0.000 66.487 92.423 98.363 97.257 97.513 95.580 103.393 95.393 97.155 91.722 80.652 55.529 0.000 0.000 0.000 0.000 48.230 69.106 55.979 44.853 44.736 46.627 57.529 72.444 63.378 48.333 56.314 58.315 32.315 0.000 15.654 75.649 62.640 51.628 45.609 41.589 38.578 39.571 33.568 0.000 0.000 0.000 0.000 0.000 29.826 1.826 0.000 0.000 0.000 0.000 0.000 2.589 39.589 35.589 35.588 35.588 37.587 21.587 0.000 0.000 0.000 8.583 35.583 38.582 0.000 0.000 0.000 0.000 0.000
0.000 0.000 0.000 69.775 66.659 72.578 87.485 98.650 95.703 103.632 103.515 96.327 92.011 80.862 59.754 0.000 0.000 30.073 0.000 0.647 73.354 56.248 45.125 46.002 44.887 47.781 61.687 70.607 71.544 55.498 51.467 62.440 36.377 0.000 0.000 6.644 19.639 1.633 0.000 11.581 42.577 49.573 50.571 36.570 0.000 0.000 0.000 0.000 0.000 0.000 0.000 0.000 0.000 0.000 0.000 3.588 39.588 38.588 41.588 36.587 33.587 42.586 0.000 0.000 0.000 15.582 49.582 54.582 0.000 0.000 0.000 0.000 0.000
0.000 0.000 8.989 70.892 67.797 68.716 78.688 94.846 103.853 103.744 95.610 92.373 80.041 53.964 0.000 0.000 47.129 46.073 27.964 11.796 61.565 45.408 46.271 45.144 46.028 60.924 66.832 30.754 21.692 73.647 59.617 37.600 0.000 0.000 0.000 0.000 0.000 0.000 0.000 8.577 60.575 54.573 51.571 47.570 2.570 0.000 0.000 0.000 0.000 0.000 0.000 0.000 0.000 0.000 0.000 27.587 36.587 11.587 0.000 11.586 36.586 40.586 0.000 0.000 0.000 17.582 53.582 22.582 0.000 0.000 0.000 0.000 0.000
0.000 84.166 72.087 69.004 66.927 67.805 69.044 73.104 103.959 94.853 90.612 80.201 54.156 0.000 0.000 0.000 51.184 49.128 69.023 52.876 45.704 46.547 45.406 48.276 68.159 65.054 45.962 41.885 46.824 74.780 71.753 35.743 0.000 0.000 0.000 0.000 0.000 0.000 0.000 8.575 67.574 67.572 62.571 53.570 0.000 0.000 0.000 0.000 0.000 0.000 0.000 0.000 0.000 0.000 0.585 39.586 41.586 0.000 0.000 0.000 39.585 40.585 0.000 0.000 0.000 0.000 24.582 0.000 0.000 0.000 0.000 0.000 0.000
0.390 82.246 96.188 88.118 73.021 74.176 66.221 104.159 104.060 73.734 78.411 54.308 0.000 0.000 0.000 0.000 53.295 66.232 64.123 45.983 45.826 45.673 56.529 68.396 57.277 46.170 46.078 46.001 46.940 55.897 73.874 69.877 30.929 0.000 0.000 0.000 0.000 0.000 0.000 0.000 53.572 55.571 67.570 68.570 24.569 0.000 0.000 0.000 0.000 0.000 0.000 0.000 0.000 0.000 31.585 41.586 18.586 0.000 0.000 0.583 40.585 38.585 0.000 0.000 0.000 0.000 0.000 0.000 0.000 0.000 0.000 0.000 0.000
18.469 95.377 98.303 98.231 93.202 83.354 104.349 104.254 65.874 60.664 0.000 0.000 0.000 0.000 0.000 0.000 64.469 69.383 45.256 47.105 46.945 58.788 67.640 49.504 46.382 46.273 46.179 46.100 46.038 45.993 54.967 74.962 67.981 42.011 33.023 37.026 6.027 0.000 0.000 0.000 0.000 33.570 73.570 73.569 34.569 0.000 0.000 0.000 0.000 0.000 0.000 0.000 0.000 0.000 20.585 19.585 0.000 0.000 0.000 0.000 20.584 47.584 0.000 0.000 0.000 0.000 0.000 0.000 0.000 0.000 0.000 0.000 0.000
88.567 98.489 98.422 98.304 102.544 93.598 104.442 65.941 68.615 63.374 0.000 0.000 0.000 0.000 0.000 57.914 69.730 46.575 47.411 47.237 55.062 67.895 45.740 46.599 46.473 46.361 46.264 46.183 46.119 46.071 46.039 50.024 51.023 46.029 47.032 54.029 36.028 0.000 0.000 0.000 0.000 0.000 28.569 64.569 27.568 0.000 0.000 0.000 0.000 0.000 0.000 0.000 0.000 0.000 0.000 0.000 0.000 0.000 0.000 0.000 0.000 0.000 0.000 0.000 0.000 0.000 0.000 0.000 0.000 0.000 0.000 0.000 0.000
94.666 94.601 98.508 99.666 96.709 104.622 104.532 70.551 54.919 0.284 3.282 0.281 0.000 0.000 0.000 75.098 51.961 47.778 47.575 49.370 70.172 49.989 46.825 46.680 46.549 46.433 46.333 46.250 46.183 46.133 46.096 45.072 44.057 47.051 29.048 0.000 0.000 0.000 0.000 0.000 0.000 0.000 0.000 57.568 45.568 12.567 0.000 0.000 0.000 0.000 0.000 0.000 0.000 0.000 0.000 0.000 0.000 0.000 0.000 0.000 0.000 0.000 0.000 0.000 0.000 0.000 0.000 0.000 0.000 0.000 0.000 0.000 0.000
73.778 73.710 77.684 73.837 104.799 104.711 82.116 63.213 53.985 0.000 0.000 0.280 0.000 0.000 0.000 50.420 46.239 46.001 44.743 57.494 50.267 44.065 44.893 44.745 44.612 44.491 45.385 46.300 46.232 46.181 45.140 43.109 45.084 45.069 42.061 32.060 35.058 37.056 36.054 38.052 9.052 0.000 0.000 0.000 54.567 26.567 0.000 0.000 0.000 0.000 0.000 0.000 0.000 0.000 0.000 0.000 0.000 0.000 0.000 0.000 0.000 0.000 0.000 0.000 0.000 0.000 0.000 0.000 0.000 0.000 0.000 0.000 0.000
88.893 110.779 76.022 106.077 104.885 64.730 55.294 0.000 69.100 27.343 0.000 0.000 0.000 0.000 94.353 72.922 43.574 51.243 61.901 60.598 56.336 54.111 53.938 53.794 52.664 46.532 42.418 46.332 46.266 46.217 45.177 45.140 49.101 49.079 50.067 60.062 60.059 56.056 49.053 48.052 27.051 0.000 0.000 0.000 13.567 19.567 0.000 0.000 0.000 0.000 0.000 0.000 0.000 0.000 0.000 0.000 0.000 0.000 0.000 0.000 0.000 0.000 0.000 0.000 0.000 0.000 0.000 0.000 0.000 0.000 0.000 0.000 0.000
136.975 115.569 113.612 105.045 104.967 92.828 0.000 35.950 63.950 137.588 113.121 0.035 41.885 31.335 92.784 52.341 49.893 121.496 112.019 107.662 107.368 106.106 104.952 103.832 102.716 73.557 40.423 46.342 46.285 46.243 46.209 38.175 0.000 0.000 0.000 0.000 0.000 0.000 13.052 65.051 44.050 15.049 0.000 0.000 0.000 0.000 0.000 0.000 0.000 0.000 0.000 0.000 0.000 0.000 0.000 0.000 0.000 0.000 0.000 0.000 0.000 0.000 0.000 0.000 0.000 0.000 0.000 0.000 0.000 0.000 0.000 0.000 0.000
95.145 114.729 105.190 105.119 89.378 0.000 0.000 0.000 7.164 58.938 46.654 0.000 23.436 0.000 52.109 48.764 58.162 113.829 0.000 0.000 0.000 49.994 58.932 119.864 32.812 0.000 50.376 46.328 46.290 47.261 29.243 0.000 0.000 0.000 0.000 0.000 0.000 0.000 0.000 18.049 65.048 21.048 0.000 0.000 0.000 0.000 0.000 0.000 0.000 0.000 0.000 0.000 0.000 0.000 0.000 0.000 0.000 0.000 0.000 0.000 0.000 0.000 0.000 0.000 0.000 0.000 0.000 0.000 0.000 0.000 0.000 0.000 0.000
115.903 113.954 105.256 113.873 115.719 36.007 0.000 14.603 41.604 51.347 27.902 4.706 44.986 90.435 88.779 81.443 0.000 32.829 0.000 10.944 32.944 60.945 105.917 68.882 33.856 0.000 0.000 52.306 46.284 47.268 28.258 0.000 0.000 0.000 0.000 0.000 0.000 0.000 0.000 0.000 12.047 51.046 16.046 0.000 0.000 0.000 0.000 0.000 0.000 0.000 0.000 0.000 0.000 0.000 0.000 0.000 0.000 0.000 0.000 0.000 0.000 0.000 0.000 0.000 0.000 0.000 0.000 0.000 0.000 0.000 0.000 0.000 0.000
114.039 105.376 105.318 94.381 37.146 0.000 0.000 0.000 3.299 29.945 0.000 0.000 37.891 81.539 135.130 70.787 0.000 0.000 0.000 0.000 0.000 74.923 109.910 39.891 36.873 0.000 0.000 0.000 51.274 45.268 43.264 41.264 29.264 0.000 0.000 0.000 0.000 0.000 0.000 0.000 7.046 65.046 23.045 0.000 0.000 0.000 0.000 0.000 0.000 0.000 0.000 0.000 0.000 0.000 0.000 0.000 0.000 0.000 0.000 0.000 0.000 0.000 0.000 0.000 0.000 0.000 0.000 0.000 0.000 0.000 0.000 0.000 0.000
