results2_8e3_rain/res_3e8f-0048.wd
ncols         241
nrows         181
xllcorner     12693529.787448
yllcorner     3542525.717860
cellsize      155.156523
NODATA_value  -9999.000000
[rows 132 to 164 of 181, columns 0 to 73 of 241]
84.387 89.388 93.388 93.390 95.392 95.394 89.397 80.400 66.404 55.408 54.413 55.418 54.424 53.431 58.438 72.446 83.455 88.464 88.474 85.485 77.496 68.506 59.516 53.523 58.526 60.522 59.511 60.492 58.475 53.458 67.438 90.416 57.397 0.000 0.000 0.000 0.000 49.234 61.215 58.189 60.170 66.158 84.156 70.157 54.160 53.164 53.168 65.172 86.175 27.177 0.188 0.000 0.000 0.000 0.000 0.000 0.000 0.000 0.000 0.000 0.000 0.000 0.000 0.000 20.519 0.393 4.088 45.018 67.886 71.790 71.683 81.768 109.232 99.582
62.405 64.406 67.407 73.408 83.410 89.412 94.415 94.419 87.423 73.427 62.432 56.438 60.444 67.451 80.458 95.467 94.476 91.485 91.495 94.506 94.516 90.526 78.534 66.541 58.544 53.543 54.537 53.528 54.518 62.508 84.497 92.487 4.480 0.000 0.000 0.000 7.255 35.256 53.278 62.270 63.255 60.239 61.241 71.243 66.243 59.240 63.236 71.232 84.228 25.223 11.217 17.211 0.000 0.000 0.000 0.000 0.000 0.000 0.000 0.000 0.000 0.000 0.000 0.000 2.528 0.000 52.152 74.079 69.963 78.936 69.999 109.360 98.117 99.628
54.424 54.424 54.425 56.427 61.429 65.431 72.434 81.438 89.442 92.446 86.451 84.457 86.464 89.471 88.479 81.488 72.497 70.507 70.517 75.527 81.537 88.547 91.555 90.562 79.567 69.569 64.568 62.566 71.563 87.559 88.557 74.556 7.556 0.000 0.000 0.000 0.000 0.000 36.372 63.361 42.341 30.302 45.328 60.332 75.328 79.319 81.307 82.293 78.281 5.273 0.000 20.206 17.203 5.201 11.200 5.199 0.000 0.000 0.000 0.000 0.000 0.000 36.660 6.615 72.536 94.437 127.260 83.223 78.272 59.226 95.289 99.795 99.696 108.425
55.442 55.443 55.444 55.445 54.447 53.450 55.453 60.457 66.461 76.465 86.470 88.476 81.483 71.491 65.499 57.509 53.519 53.529 53.539 55.550 60.560 66.570 73.578 85.586 90.593 92.598 91.601 87.604 90.607 83.611 65.616 57.624 36.633 0.000 0.000 0.000 0.000 0.000 29.478 62.459 5.446 0.000 38.436 63.431 82.419 90.401 76.378 79.352 65.331 23.316 0.000 47.205 16.203 8.201 19.200 19.199 0.000 0.000 0.000 0.000 0.000 23.756 42.706 115.649 144.571 127.438 110.976 109.912 101.578 100.227 100.092 99.949 65.172 110.085
55.461 55.461 55.462 55.464 55.466 55.469 55.472 54.476 54.480 57.484 63.490 62.496 58.502 54.510 54.520 54.530 55.540 55.551 55.562 55.573 54.583 53.594 55.603 61.612 68.621 77.629 85.636 81.643 70.651 58.661 54.673 59.691 67.720 43.779 21.808 21.811 7.785 8.721 44.604 65.553 15.539 0.000 57.549 89.536 91.516 70.489 73.454 72.408 60.373 49.344 0.283 28.205 2.204 0.000 3.199 0.000 0.000 0.000 0.000 0.000 0.000 4.809 67.758 73.679 69.664 70.815 68.783 100.585 100.473 100.354 67.535 70.308 72.175 73.835
55.479 55.480 55.481 55.483 55.485 55.488 55.491 55.495 55.499 55.503 54.508 54.514 54.521 55.530 55.540 55.551 55.563 55.574 55.586 55.597 55.608 55.619 55.629 54.640 53.650 54.661 58.671 56.682 55.695 59.709 62.726 61.748 59.776 61.811 61.834 58.840 58.824 62.775 37.663 23.611 12.617 30.703 75.675 89.650 69.621 62.587 61.541 41.453 37.412 0.376 0.000 0.000 0.000 0.000 0.000 0.000 0.347 15.319 30.300 0.208 13.997 76.883 83.879 81.953 79.938 81.016 100.796 100.693 81.796 88.582 81.431 87.199 79.036 57.972
55.498 55.499 55.500 55.502 55.504 55.507 55.510 55.514 55.518 55.523 55.527 55.533 55.539 55.548 55.559 55.572 55.585 55.598 55.610 54.621 61.633 63.645 55.656 54.668 53.680 54.693 56.706 59.721 62.737 61.754 56.775 57.799 64.826 67.854 63.878 57.892 54.896 63.892 0.000 0.000 0.000 70.817 79.798 66.768 58.732 78.696 24.669 0.000 0.000 0.000 0.000 0.000 0.000 0.000 0.000 0.000 25.375 67.336 96.286 57.197 90.040 98.192 95.156 94.247 101.086 100.993 100.896 93.888 95.760 95.454 94.312 93.239 11.152 0.000
55.517 55.517 55.519 55.521 55.523 55.526 55.530 55.534 55.538 55.542 58.546 58.550 56.556 60.563 58.577 55.594 55.609 55.623 54.635 52.647 63.659 71.671 57.684 54.697 56.711 59.725 61.741 60.758 57.777 59.798 64.821 66.847 67.875 67.904 62.931 56.955 65.978 85.007 4.067 0.000 0.000 44.952 67.932 64.894 68.842 88.797 22.771 0.000 0.000 0.000 0.000 0.000 0.000 0.000 0.000 23.466 75.419 91.362 94.285 99.268 96.414 93.399 101.340 101.259 101.175 93.211 93.991 94.859 94.536 94.505 87.434 64.337 0.000 0.000
55.535 55.536 55.538 55.540 55.542 55.546 55.550 55.554 55.558 56.562 63.565 63.568 40.570 8.574 29.590 59.620 53.636 56.649 62.661 65.673 65.685 61.698 57.711 58.725 61.740 60.757 59.775 61.794 65.816 65.840 67.866 66.894 57.924 52.956 54.987 68.019 87.053 97.090 19.128 0.000 0.000 20.107 76.084 78.033 84.946 83.881 19.847 0.000 0.000 0.000 0.000 0.000 0.000 1.611 27.577 71.522 93.439 96.450 95.532 95.527 94.611 101.494 101.418 93.427 94.222 95.079 94.862 94.714 94.668 86.598 78.555 0.000 0.000 0.000
55.554 55.555 55.556 55.558 55.562 55.566 55.570 55.575 55.579 57.583 66.586 77.586 53.584 0.000 0.000 44.659 70.667 62.677 60.687 60.699 58.711 57.724 59.738 61.753 59.770 55.788 57.807 69.829 71.853 61.879 55.908 52.939 52.973 58.008 72.044 88.083 85.125 69.172 41.228 9.309 3.333 47.284 76.266 58.210 49.030 40.933 5.890 0.000 0.000 0.000 0.000 0.000 0.000 20.645 71.610 93.522 95.712 94.703 94.809 101.712 101.642 101.569 93.495 95.371 95.081 94.951 94.893 94.817 88.739 75.673 65.635 0.000 0.000 0.000
55.573 55.573 55.575 55.577 55.581 55.585 55.590 55.596 55.601 57.606 67.609 54.608 10.596 0.000 0.000 12.692 66.696 58.704 60.714 59.725 57.737 60.751 61.765 58.781 55.798 51.817 61.838 75.862 62.888 52.917 53.949 58.983 69.020 80.059 91.100 84.144 62.193 57.246 76.305 83.365 84.407 88.432 63.485 24.511 0.000 0.000 0.000 0.000 0.000 0.000 0.000 0.000 25.753 71.685 93.700 95.883 94.903 101.908 101.845 101.781 93.774 94.567 95.449 95.144 95.125 95.062 94.983 95.889 83.807 54.719 43.676 1.676 0.000 0.000
54.591 54.591 55.592 55.595 55.599 55.605 55.611 55.618 55.624 58.631 68.637 39.642 0.000 0.000 36.729 38.721 55.723 57.730 45.739 27.750 65.763 60.776 56.791 55.807 53.825 55.845 71.867 74.893 56.921 59.953 71.988 81.026 90.065 88.107 76.152 62.202 55.256 71.315 75.379 63.442 44.497 42.554 30.732 10.839 0.951 0.000 0.000 14.092 9.092 0.000 0.000 19.834 71.853 94.951 95.972 94.082 102.028 101.969 93.949 94.754 95.624 95.427 95.301 95.273 95.216 95.161 98.088 61.952 41.879 0.000 0.000 0.000 0.000 0.000
63.610 61.610 58.609 56.612 53.617 53.625 53.633 53.641 52.648 57.657 69.667 52.682 33.712 41.730 59.737 55.741 52.746 58.754 53.763 40.775 60.787 54.801 53.817 53.833 55.851 69.871 77.894 43.921 35.952 85.987 91.026 86.067 75.109 65.154 57.202 53.255 64.315 76.382 44.454 19.527 2.587 0.000 11.050 10.207 1.324 2.860 6.007 34.092 18.092 0.000 0.000 52.082 94.118 93.241 102.200 102.144 102.087 93.993 95.875 95.597 95.486 95.451 97.403 92.347 94.313 95.281 106.257 0.000 0.000 0.000 0.000 0.000 0.000 0.000
64.630 66.628 72.625 73.626 73.633 70.645 71.655 70.664 69.672 69.682 71.693 54.707 58.725 57.740 54.751 57.759 57.767 56.776 61.787 63.798 57.812 51.826 53.841 55.858 69.875 74.895 63.918 57.945 66.978 90.018 73.062 64.107 56.151 54.197 56.246 55.302 69.367 78.443 42.529 18.626 6.751 8.966 12.211 4.617 6.433 12.855 15.070 8.178 0.000 0.000 30.280 72.327 102.356 102.306 102.254 94.239 95.037 95.927 95.633 95.625 96.578 96.528 69.479 47.411 82.405 96.395 101.400 41.454 0.000 0.000 0.000 0.000 0.000 0.000
57.652 51.648 4.636 6.636 15.645 62.667 59.679 59.688 59.696 63.706 72.716 53.729 54.743 53.756 56.767 60.777 61.787 59.798 58.809 61.822 62.835 59.850 53.865 70.881 76.899 67.917 73.937 90.963 87.998 70.044 58.099 54.147 56.192 56.237 55.285 60.340 76.409 78.494 70.594 73.696 44.811 6.939 0.000 0.000 11.870 19.058 9.239 6.373 0.000 25.351 73.453 102.452 102.405 94.392 95.194 96.072 95.882 95.764 95.745 96.694 94.648 88.603 13.578 0.000 64.501 99.493 96.495 95.509 0.000 0.000 0.000 0.000 0.000 0.000
55.678 47.678 0.000 0.000 0.000 58.701 54.706 54.712 54.720 58.728 72.738 50.750 54.762 58.774 60.785 61.796 58.807 55.819 53.831 55.844 65.858 78.873 73.889 74.905 51.921 45.937 97.952 83.974 51.007 11.064 31.142 59.191 56.234 56.276 58.318 51.363 35.436 25.530 37.659 77.754 53.858 7.039 2.670 0.000 8.120 13.267 7.457 12.697 13.322 51.510 102.523 93.592 97.324 96.219 96.031 95.918 95.890 95.851 96.805 96.764 61.720 37.658 23.652 26.653 77.604 98.584 94.577 85.578 3.578 0.000 0.000 0.000 0.000 0.000
55.705 55.709 38.722 0.000 0.000 59.729 55.732 55.737 54.743 55.751 70.760 57.770 60.781 62.793 61.804 56.816 53.828 54.840 54.853 53.866 63.881 86.897 82.913 69.929 62.945 53.957 29.961 18.975 5.991 0.000 12.214 61.241 56.277 58.315 41.347 15.360 0.535 0.000 39.760 56.802 25.830 0.000 2.480 7.940 15.222 11.433 5.621 0.172 3.493 50.875 102.613 96.481 96.234 96.053 96.035 95.996 95.951 95.909 93.871 84.836 17.810 0.000 34.718 93.705 98.678 96.660 90.651 80.648 0.000 0.000 0.000 0.000 0.000 0.000
52.728 54.731 51.736 0.000 0.000 59.756 54.757 52.760 54.765 58.772 62.780 61.790 61.801 59.813 53.824 54.836 54.848 55.861 55.874 60.888 78.904 77.920 70.937 79.955 77.972 48.986 0.000 0.000 0.000 0.000 10.260 61.284 56.320 59.360 30.396 0.000 26.734 52.780 72.820 41.866 0.000 0.000 0.000 0.000 7.397 7.623 7.968 3.178 2.883 102.867 102.742 95.397 96.232 96.129 96.092 96.049 96.008 97.969 82.932 65.899 25.873 1.861 49.798 79.769 88.745 97.728 86.719 75.717 0.000 0.000 0.000 0.000 0.000 0.000
59.749 57.752 46.756 0.000 45.791 53.782 55.781 59.783 60.787 61.792 59.800 60.809 58.821 54.833 54.845 55.857 55.869 54.882 56.895 79.910 78.926 60.943 73.962 71.982 76.004 74.030 37.067 0.000 2.238 32.259 37.282 57.315 56.358 56.411 51.480 43.598 60.706 59.788 53.872 75.977 24.124 0.000 0.000 1.102 6.346 4.693 6.143 30.698 55.310 102.974 97.749 97.472 97.209 96.191 96.146 96.105 97.064 95.025 49.988 26.955 38.925 39.897 93.858 95.828 75.805 85.788 80.780 53.783 18.807 0.000 0.000 0.000 0.000 0.000
60.767 61.772 58.780 46.796 60.801 60.801 60.802 61.804 61.807 62.812 74.817 56.827 54.841 54.854 55.866 55.877 55.889 56.902 70.916 81.931 56.947 60.965 87.985 80.007 68.032 71.063 74.104 58.163 63.218 78.257 71.295 59.338 52.387 52.445 63.517 79.609 66.703 38.796 10.904 66.045 55.271 4.765 8.257 13.630 10.005 1.653 4.243 45.723 98.110 103.064 94.728 97.365 98.288 96.244 96.202 96.160 89.119 79.080 36.042 7.007 15.975 16.943 77.910 119.881 100.858 76.840 68.830 47.827 56.832 9.832 0.000 0.000 0.000 20.877
65.782 65.788 61.798 61.809 61.816 62.819 62.822 58.825 55.828 54.830 17.832 7.840 58.863 55.877 55.888 55.898 54.910 57.922 81.936 67.951 52.967 58.986 76.007 93.030 88.056 85.087 83.124 79.168 75.213 74.256 82.303 79.355 73.407 69.466 72.536 76.617 38.703 2.788 1.904 18.030 14.152 0.169 9.375 19.574 15.910 7.152 1.382 44.869 103.237 103.152 97.630 99.457 96.339 96.300 97.256 93.213 77.172 70.132 76.094 82.058 66.023 87.990 102.958 119.930 128.905 112.885 74.871 79.864 54.862 0.000 0.000 0.000 0.000 0.000
4.791 5.801 65.814 60.826 60.834 55.839 52.843 54.846 49.849 2.849 2.840 0.000 59.896 55.902 55.910 55.920 55.930 73.942 80.955 53.970 55.986 56.005 59.026 65.049 67.075 67.104 63.137 66.174 82.211 75.252 66.308 69.371 76.422 80.478 83.544 80.620 55.705 20.797 3.894 2.971 0.000 0.000 4.302 13.380 0.000 0.000 14.834 75.078 103.321 95.000 98.696 98.427 96.403 96.354 97.309 92.266 79.224 45.183 52.144 95.107 106.071 138.037 129.004 100.974 88.947 105.924 84.907 78.896 53.891 0.000 0.000 0.000 0.000 0.000
0.000 0.845 14.833 69.848 54.856 52.861 54.865 54.869 55.874 2.877 0.000 48.931 56.923 55.925 55.932 55.940 57.950 81.961 66.973 52.987 56.004 56.023 56.044 55.067 55.092 55.119 54.148 61.178 90.208 69.232 0.301 8.399 20.432 71.480 81.541 65.615 70.701 57.802 9.905 6.990 0.000 0.000 11.151 3.265 0.000 0.000 33.052 103.489 103.405 97.881 99.602 95.502 96.455 96.407 96.362 96.317 83.274 46.233 61.193 98.155 94.117 128.081 123.047 92.015 96.985 82.958 63.937 81.922 59.914 0.000 0.000 0.000 0.000 0.000
53.916 49.910 0.000 61.878 71.880 72.884 53.888 65.893 72.899 48.910 46.930 56.939 55.941 55.946 55.952 55.960 74.969 78.979 53.990 56.003 55.020 54.039 56.061 56.084 56.107 56.132 55.157 63.184 92.210 73.234 19.254 0.000 43.428 68.468 81.528 60.597 50.682 9.806 2.935 6.094 4.357 12.621 16.886 0.000 0.000 12.066 74.270 103.572 95.167 98.855 98.590 96.559 96.507 96.459 96.412 97.367 88.324 77.282 100.241 125.201 113.162 130.125 127.089 121.053 128.019 93.988 70.961 80.941 88.930 17.927 0.000 0.000 0.000 0.000
55.922 54.920 49.918 55.906 54.904 2.906 76.910 68.916 55.922 56.932 56.944 55.952 55.959 55.965 55.971 58.979 81.987 64.996 55.005 56.017 62.033 70.053 56.078 54.101 56.122 55.144 58.167 82.190 90.215 65.241 53.273 41.323 63.385 62.437 23.505 8.565 5.623 0.000 0.000 0.000 0.000 0.000 0.000 0.000 15.267 72.333 94.443 103.655 96.125 96.747 96.660 96.608 96.558 96.509 96.462 97.416 88.372 71.329 67.287 100.246 90.207 104.168 107.129 95.090 97.051 69.012 45.979 59.953 126.936 79.924 14.912 4.901 26.891 47.884
55.931 55.930 55.928 55.925 55.926 49.928 65.932 81.937 57.944 54.952 55.961 55.969 55.976 55.984 54.991 77.998 80.006 54.013 56.020 57.027 54.041 16.064 75.098 70.119 57.138 55.156 73.176 92.196 76.219 56.244 56.273 57.311 60.352 64.391 1.489 2.534 0.000 0.000 0.000 0.000 0.000 0.000 0.000 0.000 38.466 95.541 103.817 103.736 96.020 96.830 96.704 96.658 96.606 96.557 96.510 95.464 80.419 82.375 102.333 121.291 120.250 125.210 130.170 117.128 115.083 102.032 50.988 48.957 124.936 88.923 26.912 19.900 84.887 117.881
55.943 55.940 55.940 55.942 55.945 55.948 55.953 66.958 81.964 57.972 54.980 55.988 55.995 54.003 62.010 83.018 63.025 55.031 57.034 55.030 0.000 0.000 63.132 64.141 70.153 69.168 77.184 76.201 57.220 55.242 57.267 60.296 65.322 65.341 0.000 0.000 0.000 0.000 0.000 0.000 0.000 0.000 0.000 0.685 46.892 100.821 103.898 95.393 97.066 96.792 96.760 96.705 96.654 96.604 96.557 96.510 82.465 78.421 99.378 100.335 100.294 103.253 103.212 102.170 107.121 80.045 55.983 70.950 85.930 24.919 0.000 0.000 28.877 54.876
55.958 57.949 57.949 55.960 55.965 55.969 55.973 55.978 66.984 81.991 57.999 53.007 53.015 70.023 82.031 76.038 53.046 56.052 52.056 0.000 0.000 49.164 56.157 56.160 62.168 79.179 79.191 72.205 65.220 57.237 44.257 14.285 79.301 59.311 0.000 0.000 0.000 0.000 0.000 0.000 0.000 0.000 0.000 0.982 20.603 104.061 103.979 96.257 96.963 96.857 96.804 96.751 96.699 96.650 96.602 97.555 92.510 82.465 77.422 76.379 76.336 76.295 76.255 80.218 54.187 0.000 23.948 79.932 75.915 36.905 0.000 0.000 27.869 73.870
56.982 0.000 0.000 55.984 54.986 53.989 53.993 52.998 53.004 66.011 81.019 74.027 81.035 83.043 70.051 54.060 61.068 61.077 49.083 0.000 0.000 60.172 56.172 58.174 82.180 89.188 67.198 58.208 65.219 72.231 60.240 0.000 39.287 57.291 0.000 0.000 0.000 0.000 0.000 0.000 0.000 0.000 0.000 1.321 7.112 104.141 101.545 97.211 96.942 96.905 96.848 96.795 96.744 96.694 96.646 96.600 97.554 96.510 94.465 93.421 93.378 94.337 96.297 70.259 12.223 0.000 8.930 64.913 95.896 86.879 59.859 35.853 52.860 55.864
56.007 55.015 0.000 55.006 66.007 70.009 74.012 79.017 82.023 83.030 83.039 83.047 69.055 56.064 72.073 89.082 90.092 90.103 83.117 61.139 0.000 57.182 55.184 64.187 92.191 79.197 56.203 55.211 57.219 60.227 51.232 0.000 16.270 16.275 0.000 0.000 0.000 0.000 0.000 0.000 0.000 0.000 8.801 10.342 3.744 104.213 105.484 101.093 97.001 96.944 96.889 96.837 96.786 96.737 96.690 96.643 96.598 96.553 96.509 96.464 97.419 100.377 72.337 5.298 0.000 0.000 0.000 9.894 65.875 96.857 87.845 63.842 40.853 9.859
56.024 58.023 54.033 56.028 71.027 70.029 66.031 62.035 61.040 57.050 78.059 68.068 79.076 70.085 86.094 82.104 75.115 76.128 87.143 93.161 82.182 83.190 75.195 83.198 91.201 64.205 55.209 56.214 56.220 55.225 55.231 57.238 52.250 1.256 61.243 52.240 0.000 0.000 0.000 0.000 0.000 0.000 77.415 74.626 104.317 104.269 99.367 100.164 97.034 96.983 96.929 96.877 96.827 96.779 96.732 96.686 96.641 96.597 96.553 98.506 103.456 72.415 12.376 0.000 0.000 0.000 0.000 0.000 6.853 57.831 92.820 42.816 0.000 0.000
58.042 0.000 53.047 56.046 56.046 56.048 55.050 56.052 58.054 56.071 68.081 63.089 72.098 83.106 71.115 56.126 57.137 58.151 59.166 64.182 77.195 87.203 93.208 91.210 80.211 56.213 56.214 56.217 56.221 56.225 57.229 80.234 53.239 0.000 57.238 7.239 1.238 0.000 0.000 0.000 0.000 8.868 97.178 99.381 104.357 97.731 97.389 97.113 97.078 97.019 96.966 96.915 96.866 96.819 96.773 96.728 96.684 96.641 98.598 83.552 37.486 4.450 0.000 0.000 0.000 0.000 0.000 0.000 0.000 28.794 90.789 42.786 0.000 0.000
59.060 0.000 53.064 56.063 56.064 56.066 56.069 57.071 0.000 55.099 59.104 70.112 70.120 78.128 83.136 69.146 54.158 54.173 54.190 56.204 58.215 59.221 60.223 60.223 59.222 58.221 54.219 54.220 55.222 56.224 67.227 81.230 52.232 46.232 48.234 0.000 0.000 0.000 0.000 0.000 0.000 12.846 95.973 104.421 104.388 96.572 97.272 97.164 97.109 97.054 97.002 96.952 96.904 96.858 96.813 96.769 96.727 96.686 101.648 57.618 0.000 0.000 0.000 0.000 0.000 0.000 0.000 0.000 0.000 31.762 91.758 50.752 0.000 0.000
