results2_8e3_rain/res_3e8f-0029.wd
ncols         241
nrows         181
xllcorner     12693529.787448
yllcorner     3542525.717860
cellsize      155.156523
NODATA_value  -9999.000000
[rows 33 to 65 of 181, columns 75 to 149 of 241]
0.000 0.000 0.000 0.000 0.000 0.000 0.000 0.000 0.000 0.000 0.000 0.000 0.000 0.000 0.000 0.000 0.000 0.000 0.000 0.000 0.000 0.000 0.000 0.000 0.000 0.000 0.000 0.000 0.000 0.000 0.000 0.000 0.000 0.000 0.000 0.000 0.000 27.767 50.768 55.770 11.771 0.000 0.000 20.863 34.883 1.873 0.000 24.948 27.962 21.972 22.976 23.974 23.965 23.950 23.930 22.909 28.890 48.880 0.000 2.986 0.710 35.674 52.419 57.119 55.819 56.546 55.198 57.395 52.546 52.148 52.319 54.685 54.005 53.842 54.594
0.000 0.000 0.000 0.000 0.000 0.000 0.000 0.000 0.000 0.000 0.000 0.000 0.000 0.000 0.000 0.000 0.000 0.000 0.000 0.000 0.000 0.000 0.000 0.000 0.000 0.000 0.000 0.000 0.000 0.000 0.000 0.000 0.000 0.000 0.000 0.000 0.000 0.000 2.768 0.000 0.000 0.000 0.000 0.000 16.940 0.000 0.000 14.977 39.006 38.019 28.023 24.020 24.008 23.987 23.959 22.928 44.901 42.890 0.000 26.022 38.729 52.190 56.808 56.465 56.159 55.782 56.952 53.067 52.368 52.803 55.204 54.533 54.379 54.135 54.911
0.000 0.000 0.000 0.000 0.000 0.000 0.000 0.000 0.000 0.000 0.000 0.000 0.000 0.000 0.000 0.000 16.013 48.013 1.013 0.000 0.000 0.000 0.000 0.000 0.000 0.000 0.000 0.000 0.000 0.000 0.000 0.000 0.000 0.000 0.000 0.000 0.000 0.000 0.000 0.000 0.000 0.000 0.000 0.000 8.998 0.000 0.000 0.000 17.067 35.074 35.079 26.076 24.061 24.033 21.992 37.943 46.896 0.000 11.721 36.352 50.979 57.550 57.155 56.805 56.391 58.527 54.605 52.710 53.298 55.719 55.055 54.908 54.666 54.440 54.216
0.000 0.000 0.000 0.000 0.000 0.000 0.000 0.000 0.000 2.999 40.999 0.000 0.000 0.000 0.000 0.000 23.014 74.014 30.014 0.000 0.000 0.000 0.000 0.000 0.000 0.000 0.000 0.000 0.000 0.000 0.000 0.000 0.000 0.000 0.000 0.000 0.000 0.000 0.000 0.000 0.000 0.000 0.000 0.000 12.056 13.088 20.110 6.123 16.120 24.131 37.142 28.143 24.127 21.090 32.034 41.957 30.844 6.561 36.091 53.684 58.285 57.871 57.486 57.031 57.127 56.170 53.167 53.815 56.245 55.583 55.438 55.197 54.968 54.738 54.513
0.000 0.000 0.000 0.000 0.000 0.000 0.000 0.000 0.000 23.999 59.000 48.002 35.003 0.000 0.000 8.015 62.015 70.015 35.016 0.000 0.000 0.000 0.000 10.978 0.000 0.000 0.000 0.000 0.000 0.000 0.000 0.000 0.000 0.000 0.000 0.000 0.000 0.000 0.000 0.000 17.068 0.000 0.000 28.083 43.082 46.099 44.119 30.140 24.161 23.188 37.216 28.229 20.215 34.168 48.098 36.006 23.963 38.747 43.399 56.011 58.601 58.196 57.707 57.759 55.768 53.739 54.359 56.792 56.130 55.984 55.739 55.504 55.267 55.033 54.803
0.000 0.000 0.000 0.000 0.000 0.000 0.000 0.000 0.000 0.000 57.001 40.003 21.004 0.000 4.015 54.016 65.017 72.017 31.018 0.000 0.000 0.000 0.000 48.979 32.979 0.000 0.000 0.000 0.000 0.000 0.000 0.000 0.000 0.000 12.048 24.048 26.049 0.000 0.000 8.065 33.068 12.073 26.078 49.084 52.091 53.106 50.127 37.158 24.196 21.246 38.305 29.342 33.335 51.270 45.183 0.000 22.256 41.066 53.746 59.356 58.942 58.426 58.432 56.409 54.444 54.940 57.366 56.705 56.556 56.304 56.059 55.809 55.564 55.324 55.086
0.000 0.000 0.000 0.000 0.000 0.000 0.000 0.000 0.000 0.000 0.000 8.005 46.008 42.012 30.015 43.017 63.019 74.020 27.021 0.000 0.000 0.000 0.000 10.979 34.980 36.982 0.000 0.000 0.000 0.000 0.000 0.000 0.000 0.000 28.048 29.048 41.050 24.053 13.057 27.063 28.067 24.072 31.078 38.085 36.093 29.106 48.127 14.168 30.219 33.294 23.417 35.499 48.514 45.392 0.000 0.000 33.741 50.512 59.167 59.740 59.215 59.169 56.115 55.330 55.569 57.978 57.315 57.161 56.903 56.648 56.380 56.111 55.854 56.614 49.372
0.000 0.000 0.000 0.000 0.000 0.000 0.000 0.000 0.000 0.000 0.000 0.000 65.010 60.014 50.017 40.019 64.022 72.024 67.026 52.031 7.033 0.000 0.000 0.000 0.000 44.984 28.986 26.988 37.990 32.991 0.000 0.000 0.000 0.000 28.048 27.048 48.050 54.053 43.057 35.061 27.066 24.072 25.077 26.084 25.091 23.099 31.108 0.000 0.000 0.000 28.570 51.723 49.832 0.000 0.000 33.936 47.452 57.086 60.636 60.206 60.988 56.930 56.489 56.274 58.643 57.969 57.805 57.540 57.279 57.000 56.705 56.400 56.127 55.907 41.762
0.000 0.000 0.000 0.000 0.000 0.000 0.000 0.000 0.000 0.000 0.000 0.000 0.000 37.016 12.020 48.022 67.025 72.028 70.031 68.034 57.036 16.038 0.000 0.000 0.000 0.985 39.987 39.989 52.991 50.993 43.996 38.999 0.000 0.000 0.000 32.046 51.049 58.052 50.056 34.060 23.065 24.071 24.077 24.082 24.088 24.093 28.097 0.000 0.000 0.000 0.000 35.991 5.260 3.639 38.738 43.416 55.068 61.642 61.484 59.709 58.002 58.088 57.097 59.385 58.685 58.498 58.218 57.948 57.666 57.368 57.038 56.659 57.347 49.125 32.008
0.000 0.000 0.000 0.000 0.000 0.000 0.000 0.000 0.000 0.000 0.000 0.000 0.000 0.000 69.024 69.026 71.029 71.032 70.035 64.038 58.040 29.041 0.000 0.000 0.000 0.000 0.000 7.990 52.991 46.994 61.998 59.002 38.009 17.019 18.031 27.042 49.047 58.051 49.054 32.059 22.063 27.070 26.077 24.081 24.085 24.089 25.090 17.088 0.000 0.000 0.000 0.000 0.000 41.245 44.156 51.948 62.620 62.709 61.071 62.929 60.403 58.112 60.243 59.486 59.252 58.940 58.651 58.361 58.072 57.770 56.419 64.852 62.478 35.236 25.138
0.000 0.000 0.000 0.000 3.050 26.050 0.000 4.061 44.062 33.064 37.065 12.066 0.000 0.000 5.027 77.030 71.034 68.037 65.040 68.043 59.045 22.046 0.000 0.000 0.000 0.000 0.000 0.000 0.000 0.000 51.000 52.002 3.005 0.000 0.000 31.045 49.047 54.050 44.053 35.057 33.060 0.000 2.079 30.081 24.084 24.086 25.088 31.087 39.086 1.085 0.000 0.000 14.311 46.934 50.708 61.454 63.637 63.280 66.763 65.314 59.501 61.272 60.400 60.084 59.719 59.392 59.078 58.777 58.488 58.222 64.015 0.000 0.000 14.203 32.171
0.000 0.000 0.000 0.000 3.050 46.051 0.000 38.061 40.062 52.064 35.066 20.067 0.000 0.000 0.000 62.034 74.039 71.044 71.047 72.049 66.051 20.052 0.000 0.000 0.000 0.000 0.000 0.000 0.000 0.000 0.000 36.001 0.000 0.000 0.000 37.046 34.047 46.049 3.051 0.000 0.000 0.000 0.000 0.000 34.084 28.085 0.000 21.086 55.086 38.085 0.000 0.000 18.697 52.440 61.277 64.359 64.110 68.405 67.734 60.892 62.397 61.411 60.993 60.557 60.179 59.826 59.494 59.179 58.883 58.615 63.405 6.341 0.000 0.000 0.000
35.018 0.000 0.000 0.000 0.000 57.054 33.057 35.060 41.063 65.066 66.068 61.071 15.074 0.000 0.000 0.000 22.045 76.052 71.055 72.057 69.059 28.060 0.000 0.000 0.000 0.000 0.000 0.000 0.000 0.000 0.000 0.000 0.000 0.000 0.000 0.000 0.000 0.000 0.000 0.000 0.000 0.000 0.000 0.000 0.000 9.084 6.084 0.000 0.000 0.000 0.000 7.721 45.256 62.220 63.890 64.813 69.166 68.870 61.873 63.402 62.412 61.931 61.436 61.004 60.608 60.239 59.892 59.564 59.251 58.950 61.650 45.277 2.511 0.000 0.000
39.020 35.022 0.000 0.000 0.000 49.055 51.057 51.060 63.064 60.068 72.072 71.075 32.077 0.000 0.000 0.000 0.000 78.064 71.065 72.066 69.068 29.070 0.000 0.000 0.000 38.109 50.110 19.111 0.000 0.000 0.000 0.000 0.000 0.000 0.000 0.000 0.000 0.000 0.000 0.000 0.000 0.000 0.000 0.000 0.000 0.000 0.000 0.000 0.000 0.000 5.480 46.075 63.108 63.725 69.879 69.433 63.026 63.608 64.120 63.300 62.820 62.306 61.843 61.411 61.009 60.631 60.273 59.933 59.605 66.285 6.968 0.000 15.650 0.000 0.000
41.022 42.025 34.028 0.000 39.051 34.053 42.057 55.061 59.066 70.071 71.076 70.080 39.083 0.000 0.000 0.000 0.000 77.075 71.075 72.076 67.078 47.083 31.093 32.099 32.105 40.108 61.111 28.112 0.000 0.000 0.000 0.000 0.000 0.000 0.000 0.000 0.000 0.000 0.000 0.000 0.000 0.000 0.000 0.000 0.000 0.000 0.000 0.000 3.359 34.177 43.769 62.824 64.475 71.174 70.622 63.491 65.233 64.588 64.061 63.609 63.121 62.657 62.213 61.791 61.387 61.002 60.638 60.289 66.952 12.618 0.000 0.000 1.096 2.999 3.973
55.024 38.028 42.033 42.041 33.048 26.052 0.000 0.000 1.070 60.075 71.082 69.088 54.093 21.099 0.000 0.000 46.094 67.087 72.085 71.084 72.086 62.090 38.096 35.102 34.106 43.110 61.113 44.116 30.120 31.123 35.125 46.126 10.126 0.000 0.000 0.000 0.000 0.000 0.000 0.000 0.000 0.000 0.000 0.000 0.000 0.000 0.000 0.000 14.518 54.398 62.398 65.099 71.929 71.601 64.129 65.825 65.074 64.725 64.301 63.858 63.418 62.984 62.562 62.151 61.748 61.353 60.986 66.636 13.294 0.000 0.000 0.000 0.398 3.066 0.000
71.026 42.030 36.035 37.042 39.051 39.056 28.059 0.000 0.000 0.000 5.090 76.098 66.102 44.106 36.109 43.107 42.101 44.096 52.093 53.092 40.093 37.096 35.101 35.106 34.110 43.113 58.116 37.119 34.122 39.125 55.127 58.127 43.127 17.126 0.000 0.000 0.000 0.000 0.000 0.000 0.000 0.000 0.000 0.000 0.000 0.000 0.000 5.202 47.122 62.796 65.680 72.341 72.175 64.730 66.411 65.662 65.335 64.931 64.527 64.117 63.706 63.300 62.901 62.504 62.100 61.676 67.316 12.976 0.000 0.000 0.000 0.000 0.000 0.000 3.788
71.030 57.033 0.000 0.000 44.058 40.061 51.063 42.063 0.000 0.000 0.000 64.112 61.113 46.114 37.114 34.112 34.108 37.103 50.099 58.097 61.098 54.102 44.106 37.111 36.114 52.117 55.120 30.123 34.125 34.128 35.130 39.130 18.128 0.000 0.000 0.000 0.000 0.000 0.000 0.000 0.000 0.000 0.000 0.000 0.000 8.179 39.916 47.877 61.471 72.831 72.505 65.637 66.275 66.893 66.247 65.920 65.530 65.149 64.763 64.376 63.990 63.610 63.236 62.865 63.472 69.937 13.626 0.000 0.000 0.000 0.000 0.000 0.000 0.000 15.882
71.033 71.039 58.049 41.057 41.062 41.067 32.072 0.000 0.000 5.131 57.130 54.125 57.124 50.124 51.123 51.120 51.116 54.111 49.103 49.101 51.102 55.108 56.113 54.117 50.119 61.122 59.124 47.127 48.129 48.132 50.135 25.137 0.000 0.000 0.000 0.000 0.000 0.000 0.000 0.000 0.000 0.000 0.000 0.000 42.609 43.331 64.445 65.094 73.850 73.407 68.044 67.807 67.239 66.818 66.481 66.106 65.739 65.370 65.000 64.632 64.269 63.913 63.569 64.248 67.988 0.717 0.000 0.000 0.000 0.000 0.000 0.000 0.000 11.466 7.174
70.037 71.043 68.051 46.059 40.067 41.076 42.085 34.097 0.000 49.133 46.135 47.135 48.135 43.135 47.133 52.130 60.125 45.121 0.000 0.000 0.000 54.114 50.121 50.124 50.126 50.127 50.129 50.131 50.134 50.137 48.141 43.146 16.154 0.000 0.000 37.228 44.239 56.252 26.261 0.000 0.000 0.000 0.000 44.087 54.880 66.888 67.607 74.481 74.203 68.612 68.337 67.648 67.364 67.018 66.661 66.305 65.948 65.591 65.236 64.885 64.540 64.205 64.880 67.570 15.279 0.000 0.000 0.000 0.000 0.000 0.000 0.000 7.873 13.758 0.000
60.040 71.047 71.054 61.063 37.073 40.084 41.096 41.109 47.125 56.135 40.141 37.145 35.148 42.148 57.146 56.142 41.135 21.128 0.000 0.000 0.000 0.000 39.135 34.134 34.133 34.133 34.134 35.136 38.138 39.141 39.146 38.153 39.163 38.179 38.197 47.218 54.236 52.256 59.271 57.255 52.172 50.019 52.718 64.592 68.243 68.118 74.845 74.695 69.165 68.872 68.172 67.892 67.542 67.198 66.851 66.504 66.157 65.811 65.468 65.130 64.803 65.486 66.177 4.874 0.000 0.000 0.000 0.000 0.000 0.000 0.000 0.000 18.987 4.936 0.000
38.044 66.050 70.057 51.066 34.078 33.092 41.106 41.119 40.132 34.141 35.149 41.158 58.163 57.164 40.162 33.158 23.146 0.000 43.184 52.179 48.172 49.162 52.149 55.144 54.141 55.139 58.139 57.140 54.142 56.145 51.150 37.157 41.166 40.178 45.193 63.211 70.232 67.267 61.312 56.320 58.261 65.055 70.188 68.841 75.304 75.002 69.019 70.676 69.320 68.711 68.419 68.067 67.726 67.383 67.041 66.702 66.365 66.029 65.695 66.366 64.057 59.760 11.468 0.000 0.000 0.000 0.000 0.000 0.000 0.000 0.000 5.315 9.154 3.061 0.893
31.048 50.053 61.059 36.067 28.082 35.102 33.117 40.131 41.142 41.148 34.158 51.176 43.182 32.183 35.182 27.181 0.000 52.195 55.189 55.183 57.175 58.167 61.157 65.151 64.147 64.145 64.143 66.144 67.145 65.148 53.153 39.158 41.166 41.176 41.188 44.201 18.216 0.000 81.389 123.475 101.357 67.573 69.332 76.251 75.833 69.406 72.185 69.646 69.253 68.944 68.596 68.254 67.910 67.567 67.229 66.897 66.572 66.247 67.916 62.582 51.297 6.029 0.000 0.000 0.000 0.000 0.000 0.000 0.000 0.000 3.670 16.477 5.252 5.126 0.596
0.000 7.055 42.058 24.062 0.000 30.116 35.131 35.146 41.159 30.153 0.000 35.207 33.207 35.206 36.204 46.203 60.207 57.201 59.195 65.188 75.180 119.172 116.163 116.157 116.153 116.150 117.146 101.147 33.148 36.150 34.154 42.159 41.165 38.173 36.181 18.188 0.000 0.000 0.000 48.709 65.940 70.744 76.879 76.596 68.946 70.696 70.040 69.782 69.460 69.123 68.785 68.441 68.094 67.747 67.410 67.087 67.778 66.471 58.141 46.749 4.523 0.000 0.000 0.000 0.000 0.000 0.000 0.000 0.000 0.000 15.863 7.670 0.000 0.000 6.461
0.000 57.055 35.056 0.000 0.000 0.000 29.146 42.162 34.195 0.000 0.000 43.238 34.234 45.230 58.225 58.220 63.216 66.210 59.202 45.194 36.186 32.178 30.167 33.162 34.158 21.156 0.000 38.150 35.150 34.152 38.155 42.158 39.163 31.169 38.177 19.182 0.000 0.000 44.407 61.356 71.166 77.290 77.111 69.475 71.210 70.550 70.300 69.975 69.650 69.317 68.976 68.631 68.277 67.918 67.576 68.264 63.981 52.718 9.430 0.000 0.000 0.000 0.000 0.000 0.000 0.000 0.000 0.000 0.000 13.477 12.249 0.000 0.000 5.274 4.867
61.607 0.000 0.000 0.000 0.000 0.000 0.000 0.000 38.265 36.290 44.291 41.273 41.263 41.255 58.246 72.238 61.229 41.220 39.211 34.201 36.193 27.187 0.000 39.165 36.162 25.160 0.000 39.152 34.152 35.153 42.155 40.158 38.161 20.163 0.000 0.000 41.132 38.998 55.764 71.686 77.505 70.329 70.931 71.635 71.073 70.819 70.498 70.180 69.852 69.516 69.175 68.828 68.467 69.071 68.714 58.410 43.166 5.991 0.000 0.000 0.000 0.000 0.000 0.000 0.000 0.000 0.000 0.000 2.927 14.704 2.501 0.000 6.089 6.681 0.000
49.623 0.000 0.000 51.348 44.355 38.361 0.000 0.000 56.310 53.314 40.312 41.302 41.291 42.280 63.268 115.256 108.244 55.231 110.219 31.208 35.198 35.190 37.182 35.172 35.167 35.163 37.159 33.156 33.154 42.154 41.155 38.157 33.159 22.161 0.000 0.000 43.267 50.134 72.155 71.065 77.862 71.382 72.003 71.588 71.335 71.026 70.715 70.392 70.061 69.722 69.378 69.042 70.690 66.187 47.799 34.497 36.282 2.151 0.000 0.000 0.000 0.000 0.000 0.000 0.000 0.000 0.000 3.347 17.122 10.900 0.469 7.906 7.497 0.000 0.000
0.000 0.000 0.000 34.342 43.356 40.368 58.377 52.372 57.352 65.346 56.340 41.331 41.320 41.306 40.291 34.275 29.259 34.243 31.228 35.214 35.203 35.193 35.184 35.176 35.170 35.165 34.161 39.157 41.155 42.154 26.154 0.000 26.159 0.000 0.000 0.000 47.505 69.447 73.482 78.940 78.446 71.481 72.163 71.835 71.554 71.254 70.940 70.614 70.279 69.932 69.573 68.271 30.066 0.000 0.000 0.000 0.000 0.000 0.000 0.000 0.000 0.000 0.000 0.000 0.000 0.000 1.136 16.572 10.314 0.941 9.677 5.291 0.000 0.000 0.000
40.147 0.000 39.267 35.323 34.359 52.380 45.390 61.389 70.380 50.378 36.373 34.364 37.351 40.335 41.316 41.296 34.274 33.254 34.235 34.220 35.206 35.195 35.186 40.178 37.172 34.167 35.163 38.158 42.154 31.153 0.000 0.000 0.000 0.000 3.253 123.134 66.841 73.876 71.877 79.366 71.281 73.823 75.332 72.085 71.797 71.496 71.178 70.845 71.511 68.153 55.710 46.406 4.235 0.000 0.000 0.000 0.000 0.000 0.000 0.000 0.000 0.000 0.000 0.000 0.000 0.046 13.411 12.992 0.000 0.381 1.898 0.000 0.000 0.000 0.000
14.373 38.936 35.211 34.325 45.378 49.404 60.415 67.415 33.402 32.412 33.410 35.401 34.387 31.367 39.344 40.317 41.289 40.263 34.241 33.223 32.208 33.196 39.187 98.180 66.174 46.170 29.166 0.000 44.153 52.152 0.000 0.000 0.000 0.000 47.375 58.280 75.170 73.224 80.098 79.748 72.378 72.925 73.612 72.342 72.056 71.753 71.431 72.078 70.767 23.460 0.000 0.000 0.000 0.000 0.000 0.000 0.000 0.000 0.000 0.000 0.000 0.000 0.000 0.000 0.000 9.112 15.895 0.043 0.916 8.753 6.615 0.614 0.000 0.000 11.265
0.000 32.223 35.318 37.388 58.426 69.443 83.451 65.455 0.000 51.460 51.455 35.445 35.428 34.404 32.375 35.341 41.303 39.269 40.243 42.224 40.208 38.196 34.187 29.180 34.175 29.172 0.000 0.000 0.000 38.150 30.149 0.000 0.000 0.000 57.591 74.478 74.570 72.606 80.413 72.088 74.602 76.125 72.885 72.615 72.332 72.032 71.714 69.270 24.018 0.000 0.000 0.000 0.000 0.000 0.000 0.000 0.000 0.000 0.000 6.594 0.000 0.000 7.589 0.000 7.560 19.329 7.161 2.135 7.028 10.894 3.766 0.000 0.000 0.000 19.230
0.000 30.417 36.451 52.482 63.496 111.491 105.491 107.500 113.522 109.513 110.507 35.495 35.475 34.448 34.413 33.370 28.313 38.268 40.240 41.221 39.205 41.193 41.185 42.179 35.175 0.000 0.000 0.000 0.000 39.149 24.149 0.000 0.000 49.082 70.885 74.830 73.829 80.984 80.707 73.148 73.705 74.408 73.161 72.902 72.625 73.328 48.123 0.000 0.000 0.000 0.000 0.000 0.000 0.000 0.000 0.000 18.967 7.955 0.000 1.594 1.311 1.768 1.589 4.121 16.791 13.485 8.285 9.190 7.105 5.030 0.921 0.000 0.000 7.147 23.177
0.000 31.577 48.587 56.595 62.587 33.534 32.524 31.533 28.553 29.564 29.564 35.554 35.532 51.499 51.458 27.414 0.000 25.249 38.230 40.214 38.199 40.188 40.181 41.176 37.172 0.000 0.000 0.000 37.151 22.150 0.000 0.000 50.411 59.273 76.131 75.039 74.229 81.240 72.813 75.348 77.895 73.683 73.447 73.208 71.940 59.532 18.327 0.000 0.000 0.000 0.000 0.000 5.212 0.185 0.151 0.101 3.979 15.943 18.871 4.789 0.000 0.752 2.621 17.348 16.000 1.594 10.303 11.236 10.174 3.114 0.002 0.000 0.000 15.124 23.139
