results2_8e3_rain/res_3e8f-0118.wd
ncols         241
nrows         181
xllcorner     12693529.787448
yllcorner     3542525.717860
cellsize      155.156523
NODATA_value  -9999.000000
[rows 99 to 131 of 181, columns 0 to 72 of 241]
0.000 0.000 0.000 0.000 0.000 59.434 99.434 101.433 92.433 87.433 0.000 0.000 0.000 0.000 0.000 1.431 0.431 67.431 64.431 0.000 0.000 0.429 3.429 62.428 61.428 2.427 0.000 0.000 0.000 8.949 0.000 0.000 0.000 0.000 14.809 60.805 56.795 55.778 56.754 57.726 70.697 59.665 63.629 55.590 57.548 55.502 56.453 61.401 62.347 60.290 64.232 57.172 57.111 59.048 61.982 75.911 76.851 61.802 47.758 0.000 0.000 0.000 0.000 0.000 25.697 80.693 77.683 64.665 39.643 34.621 78.600 55.579 57.559
0.000 0.000 0.000 0.000 0.000 60.434 100.434 100.434 0.000 0.000 0.000 0.000 0.000 0.000 0.000 0.431 12.431 78.431 67.431 5.431 2.430 2.430 65.429 64.429 68.428 0.000 0.000 0.000 0.000 66.949 58.949 0.000 0.000 0.000 73.852 83.847 69.838 62.824 56.805 58.782 77.756 62.725 68.690 68.652 59.610 74.564 66.514 67.462 57.407 65.349 65.289 63.228 57.166 58.103 62.036 58.941 20.877 10.840 0.000 0.000 0.000 0.000 0.000 28.701 65.699 77.695 84.688 74.676 50.661 51.645 65.628 56.612 57.595
5.437 0.000 0.000 0.000 0.000 47.435 96.435 105.435 15.435 0.000 0.000 0.000 0.000 0.000 0.000 0.000 1.432 85.432 66.431 67.431 69.431 66.430 63.429 64.429 62.429 0.428 0.000 0.000 0.000 59.949 59.949 60.947 59.940 59.927 58.901 68.892 77.886 24.876 88.861 78.842 83.818 68.789 13.756 84.718 82.675 81.629 85.579 74.526 57.469 60.409 65.348 65.286 62.222 58.161 47.119 0.000 0.000 0.000 0.000 0.000 0.000 0.000 0.000 38.703 65.704 65.702 76.697 75.690 58.680 58.669 57.657 57.644 57.630
73.437 76.437 8.437 0.000 0.000 57.435 96.435 101.435 111.435 16.436 0.000 0.000 0.000 0.000 7.433 7.433 5.432 22.432 70.432 67.431 85.431 99.430 74.430 59.429 0.000 0.000 0.000 0.000 0.000 0.000 58.951 59.953 59.946 59.939 59.933 58.936 58.937 57.932 58.922 63.907 75.885 69.858 12.825 84.788 85.745 63.698 70.648 87.593 81.534 68.472 58.408 64.344 65.276 68.200 53.159 0.000 0.000 0.000 0.000 0.000 0.000 0.000 0.000 0.707 16.711 62.711 59.709 59.705 57.701 57.695 57.687 57.678 57.667
87.437 70.437 70.437 72.437 74.437 93.436 101.436 101.436 101.436 103.436 77.436 16.436 0.000 65.434 72.433 73.433 35.433 30.432 93.432 101.432 96.431 92.431 75.430 0.000 0.000 0.000 0.000 0.000 0.000 0.000 0.000 59.967 58.954 57.949 58.955 59.984 59.992 59.993 59.988 60.977 79.958 74.933 57.900 59.862 70.819 81.772 58.720 70.664 71.602 64.535 84.470 67.406 59.340 0.287 0.000 0.000 0.000 0.000 0.000 0.000 0.000 0.000 0.000 0.000 8.721 62.721 57.722 57.723 57.723 57.722 57.719 55.714 53.706
102.438 92.437 73.437 77.437 95.437 101.437 101.436 101.436 101.436 96.436 68.436 74.436 2.435 56.434 91.434 99.434 99.433 83.433 98.433 105.432 15.432 0.000 0.000 0.000 0.000 0.000 0.000 0.000 0.000 0.000 0.000 59.993 0.000 0.000 0.000 61.051 60.056 60.061 60.061 61.055 77.039 82.014 58.981 59.942 59.898 77.850 78.798 56.740 64.674 83.597 75.532 53.469 0.000 0.000 0.000 0.000 0.000 0.000 0.000 0.000 0.000 0.000 0.000 0.000 5.730 62.732 57.735 57.741 57.747 56.751 55.752 60.752 61.748
102.438 102.438 97.438 100.437 101.437 101.437 101.437 101.437 101.436 97.436 72.436 89.436 0.000 0.000 69.434 93.434 101.434 102.433 101.433 106.433 9.433 0.000 0.000 0.000 0.000 0.000 0.000 0.000 0.000 0.000 0.000 60.019 0.000 0.000 62.118 60.112 60.120 60.133 60.142 60.141 77.128 82.103 59.068 60.026 59.980 60.932 81.880 75.825 82.758 72.649 53.590 0.000 0.000 0.000 0.000 0.000 0.000 0.000 0.000 0.000 0.000 0.000 0.000 0.000 60.737 57.740 57.747 57.758 57.772 56.782 58.788 62.792 63.794
100.438 101.438 101.438 101.438 101.438 101.437 101.437 101.437 101.437 102.437 97.436 104.436 28.436 7.435 57.435 76.434 99.434 101.434 102.434 90.433 4.433 0.000 0.000 0.000 0.000 0.000 0.000 0.000 0.000 0.000 0.000 54.046 59.072 59.098 58.125 60.158 60.181 60.207 60.232 60.241 77.229 82.201 59.162 60.115 60.066 60.016 64.967 87.922 67.885 0.000 0.000 0.000 0.000 0.000 0.000 0.000 0.000 0.000 0.000 0.000 0.000 0.000 0.000 0.000 13.741 64.745 60.755 61.772 59.802 55.817 62.827 63.835 61.843
97.438 102.438 101.438 101.438 101.438 101.438 101.438 101.438 101.437 101.437 102.437 95.436 79.436 70.436 64.435 91.435 101.435 101.434 106.434 9.434 0.000 0.000 0.000 0.000 0.000 0.000 0.000 0.000 0.000 0.000 0.000 0.000 0.000 0.000 0.000 60.214 60.239 60.283 60.339 60.360 76.348 83.312 60.262 60.207 60.151 60.099 60.052 66.009 18.975 0.000 0.000 0.000 0.000 0.000 0.000 0.000 0.000 0.000 0.000 0.000 0.000 0.000 0.000 0.000 0.000 1.745 0.000 0.000 5.849 64.857 62.867 63.880 60.895
97.439 102.439 101.439 101.439 101.439 101.438 101.438 101.438 101.438 101.438 102.437 87.437 66.436 65.436 74.436 98.435 101.435 101.435 107.435 12.434 3.434 0.000 0.000 0.000 0.000 0.000 0.000 0.000 0.000 0.000 0.000 0.000 0.000 0.000 0.000 56.246 60.278 57.348 60.482 60.511 79.489 83.437 60.369 60.298 60.234 60.178 60.131 57.088 7.031 0.000 0.000 0.000 0.000 0.000 0.000 0.000 0.000 0.000 0.000 0.000 0.000 56.950 0.000 0.000 0.000 0.000 0.000 0.000 60.888 61.894 63.905 63.923 60.947
100.439 101.439 101.439 101.439 101.439 101.439 101.439 101.439 101.438 101.438 101.438 98.437 75.437 76.436 93.436 100.436 101.435 101.435 108.435 25.435 0.000 0.000 0.000 0.000 0.000 0.000 0.000 0.000 0.000 0.000 0.000 0.000 0.000 0.000 0.000 0.000 56.278 0.000 59.731 60.714 88.661 75.578 60.478 60.384 60.307 73.248 63.206 58.180 0.000 0.000 0.000 0.000 0.000 0.000 0.000 0.000 0.000 0.000 0.000 0.000 8.950 67.950 52.950 0.000 0.000 0.000 0.000 61.931 64.921 63.924 60.937 56.960 56.993
101.440 101.440 101.440 101.440 101.440 101.440 101.439 101.439 101.439 101.439 101.438 101.438 103.437 103.437 102.436 101.436 101.436 103.436 92.435 35.435 0.000 0.000 0.000 0.000 0.000 0.000 0.000 0.000 0.000 0.000 0.000 0.000 0.000 0.000 0.000 0.000 0.000 0.000 59.997 60.951 94.863 63.735 60.582 60.453 72.363 81.302 60.263 60.247 59.264 0.000 0.000 0.000 0.000 0.000 0.000 0.000 0.000 0.000 0.000 0.000 0.000 63.950 64.950 51.950 0.000 57.948 59.947 63.942 62.940 60.946 59.960 55.985 64.025
100.441 99.441 101.441 101.441 101.441 101.440 101.440 101.440 101.440 101.439 101.439 101.438 101.438 101.437 101.437 101.436 102.436 85.436 13.436 4.436 62.436 76.435 22.435 0.000 0.000 3.435 0.000 0.000 0.000 0.000 0.000 0.000 0.000 0.000 0.000 2.141 2.124 0.000 56.310 67.231 90.105 60.916 57.661 60.484 60.390 60.333 60.298 60.281 60.280 57.280 0.000 0.000 0.000 0.000 0.000 0.000 0.000 0.000 0.000 0.000 0.000 58.950 54.950 60.951 55.951 63.950 63.950 62.950 58.952 61.959 56.973 55.995 56.033
90.441 90.441 99.441 101.441 101.441 101.441 101.441 101.441 101.440 101.440 101.440 102.439 103.438 101.438 101.437 101.437 101.436 23.436 7.436 62.436 72.436 82.436 81.435 74.435 66.435 7.435 0.000 0.000 0.000 0.000 0.000 0.000 0.000 0.000 2.175 61.158 64.107 63.968 60.702 59.557 68.412 56.164 0.000 56.433 60.381 60.342 60.315 60.301 59.295 0.000 0.000 0.000 0.000 0.000 0.000 0.000 60.949 71.949 0.000 0.000 59.950 57.950 57.950 54.951 62.951 63.952 63.953 60.955 63.959 63.966 61.976 56.990 46.005
72.442 77.442 96.442 102.442 101.442 101.442 101.442 101.442 101.441 101.441 103.440 89.440 85.439 100.438 105.437 102.437 97.437 79.436 82.436 88.436 82.436 83.436 62.435 55.435 1.435 0.000 0.000 0.000 0.000 0.000 0.000 0.000 0.000 0.000 52.192 58.210 61.178 61.096 60.973 60.882 62.821 0.000 0.000 0.000 55.360 60.338 60.321 60.310 60.305 0.000 0.000 0.000 0.000 0.000 0.000 20.949 77.949 59.949 57.949 57.950 57.950 57.950 55.951 60.951 63.952 63.953 59.955 63.958 63.963 62.969 56.976 57.985 47.991
56.443 71.443 90.443 103.443 104.443 104.443 102.443 101.443 102.442 101.442 102.441 40.441 11.439 59.438 77.438 98.437 105.437 103.437 103.437 89.436 12.436 0.000 0.000 0.000 0.000 0.000 0.000 0.000 0.000 7.149 9.149 0.000 0.000 0.000 0.000 57.310 61.298 59.263 60.213 62.178 63.168 0.000 0.000 0.000 0.000 53.329 60.321 60.314 57.310 0.000 0.000 0.000 0.000 0.000 0.000 0.000 19.949 73.949 56.949 56.950 57.950 56.950 56.951 62.951 63.952 61.954 49.956 2.960 67.966 61.971 61.976 61.981 47.984
20.443 42.443 75.444 81.445 75.445 77.444 94.444 102.444 98.443 91.443 90.443 25.442 0.000 0.000 0.000 35.437 70.437 96.437 103.437 0.437 0.000 0.000 0.000 0.000 0.000 0.000 0.000 0.000 0.000 49.149 70.149 15.149 0.148 0.000 0.000 57.422 63.443 62.445 71.439 72.450 62.505 7.669 0.000 0.000 0.000 0.000 57.319 58.316 0.000 0.000 0.000 0.000 0.000 0.000 0.000 0.000 0.000 78.949 81.949 61.950 55.950 53.950 63.950 63.951 58.951 0.000 0.000 0.000 8.969 66.972 63.976 63.979 53.981
0.000 0.000 56.446 65.446 17.446 3.446 66.445 95.445 86.445 82.444 96.444 63.444 23.444 0.000 0.000 0.000 0.000 41.438 72.438 0.000 0.000 0.000 0.000 0.000 0.000 0.000 0.000 0.000 0.000 0.000 54.149 72.149 3.149 0.000 0.000 48.514 62.606 60.634 90.649 83.676 61.734 63.832 9.940 0.000 0.000 0.000 52.318 0.000 0.000 0.000 0.000 0.000 0.000 0.000 0.000 0.000 0.000 0.000 66.950 83.950 68.950 62.950 63.950 58.950 0.000 0.000 0.000 0.000 0.000 58.974 63.976 63.977 58.979
0.000 0.000 52.448 97.448 54.448 3.447 55.447 87.446 89.446 100.445 102.445 105.445 111.445 50.445 19.444 0.000 0.000 0.000 12.439 7.440 0.000 0.440 0.000 0.000 0.000 0.000 0.000 0.000 0.000 0.000 55.149 70.149 0.149 7.151 11.151 0.000 55.833 63.836 93.847 75.874 63.921 62.986 68.048 0.000 0.000 0.000 0.000 0.000 0.000 0.000 0.000 0.000 0.000 0.000 0.000 0.000 0.000 0.000 0.000 4.950 71.950 61.950 59.950 0.000 0.000 0.000 0.000 0.000 57.975 56.975 58.976 52.977 0.000
25.453 40.452 74.450 92.450 100.449 69.449 82.448 105.448 102.447 101.446 101.446 101.446 101.445 107.445 110.444 66.443 25.442 7.442 70.441 84.440 77.440 79.440 35.440 11.440 8.440 0.000 0.000 0.000 0.000 0.000 34.149 56.149 62.150 62.150 65.151 24.152 57.057 86.029 88.030 65.050 63.089 63.144 66.219 11.340 6.393 0.000 0.000 0.000 0.000 0.000 0.000 0.000 0.000 0.000 0.000 0.000 0.000 0.000 0.000 0.000 0.000 0.000 5.950 0.000 0.000 0.000 0.000 59.975 54.975 52.975 0.000 0.000 0.000
98.453 101.453 101.452 99.451 97.451 98.450 100.450 100.449 101.448 102.448 102.447 101.446 94.446 98.445 101.444 105.443 109.442 110.442 102.441 98.440 95.440 90.440 92.440 85.440 41.440 19.440 0.000 0.000 0.000 0.000 0.000 0.000 0.000 0.000 0.000 81.247 70.214 99.195 90.193 77.209 64.239 63.284 63.342 67.408 63.446 0.000 0.000 0.000 0.000 0.000 0.000 0.000 0.000 0.000 0.000 0.000 0.000 0.000 0.000 0.000 0.000 0.000 0.000 0.000 0.000 0.000 0.000 0.000 0.000 0.000 0.000 0.000 0.000
101.454 96.454 94.454 93.453 87.452 84.452 85.451 85.450 91.450 96.449 96.448 89.447 73.446 88.445 101.444 101.443 101.443 101.442 101.441 101.441 102.440 102.440 105.440 106.440 106.440 106.440 45.439 0.000 0.000 0.000 0.000 0.000 0.000 0.000 0.000 53.376 79.358 84.343 68.340 85.351 73.376 63.412 63.456 66.504 9.538 0.000 0.000 0.000 0.000 0.000 0.000 0.000 0.000 0.000 0.000 0.000 0.000 0.000 0.000 0.000 0.000 0.000 0.000 0.000 0.000 0.000 0.000 0.000 0.000 0.000 0.000 0.000 0.000
71.456 44.456 66.455 80.455 78.454 58.453 43.453 39.452 59.451 76.450 75.449 68.448 63.447 73.446 94.445 102.444 101.443 101.442 101.441 101.441 101.440 105.440 80.440 68.440 67.440 71.439 74.439 13.439 2.439 0.000 0.000 0.000 0.000 0.000 0.000 51.522 87.499 70.478 62.472 72.481 83.501 67.531 63.568 63.612 69.664 13.754 7.795 0.000 0.000 0.000 0.000 0.000 0.000 0.000 0.000 0.000 0.000 0.000 0.000 0.000 0.000 0.000 0.000 0.000 0.000 0.000 0.000 0.000 0.000 0.000 0.000 0.000 0.000
61.458 32.457 54.457 69.456 65.456 42.455 28.454 32.453 52.452 66.451 64.450 64.449 65.448 63.446 82.445 99.444 101.443 101.442 101.441 101.440 100.440 63.440 0.000 0.000 0.000 0.000 0.000 0.000 0.000 57.858 77.858 29.857 15.854 11.842 58.797 75.692 92.638 69.598 63.591 61.599 78.617 80.643 66.674 63.711 63.753 66.802 75.837 13.866 8.874 0.000 0.000 0.000 0.000 0.000 0.000 0.000 0.000 0.000 0.000 0.000 0.000 0.000 0.000 0.000 0.000 0.000 0.000 0.000 0.000 0.000 0.000 0.000 0.000
74.459 70.459 65.459 64.458 65.458 67.457 68.456 71.455 70.454 66.453 65.451 65.450 65.448 64.447 71.445 93.444 102.442 101.441 103.440 75.440 41.440 0.000 0.000 0.000 0.000 0.000 0.000 0.000 0.000 22.858 44.859 47.859 51.863 65.875 62.857 83.811 80.762 54.685 61.694 63.706 65.725 78.748 70.776 65.805 63.836 62.865 79.883 70.888 64.881 0.000 0.000 0.000 0.000 0.000 0.000 0.000 0.000 0.000 0.000 0.000 0.000 0.000 0.000 0.000 0.000 0.000 0.000 0.000 0.000 0.000 0.000 0.000 0.000
64.462 65.461 65.461 65.461 65.460 65.459 65.458 65.457 65.456 65.454 65.453 65.451 65.449 65.447 63.446 84.444 101.442 103.441 99.439 25.439 0.000 0.000 0.000 0.000 0.000 0.000 0.000 0.000 0.000 0.000 0.000 0.000 0.000 49.939 66.945 92.932 66.915 0.000 49.794 64.808 62.828 66.850 67.874 76.898 65.921 63.938 62.943 58.923 0.000 0.000 0.000 0.000 0.000 0.000 0.000 0.000 0.000 0.000 0.000 0.000 0.000 0.000 0.000 0.000 0.000 0.000 0.000 0.000 0.000 0.000 0.000 0.000 23.810
65.464 65.464 65.463 65.463 65.462 65.461 65.460 64.459 64.457 65.456 65.454 65.452 65.450 65.448 64.446 72.444 87.442 98.440 86.438 12.437 0.000 0.000 0.000 0.000 0.000 0.000 0.000 0.000 0.000 0.000 0.000 0.000 0.000 26.996 76.053 101.058 11.052 0.000 47.880 65.905 63.929 62.951 70.972 81.993 70.011 64.024 68.026 0.979 0.000 0.000 0.000 0.000 0.000 0.000 0.000 0.000 0.000 0.000 0.000 0.000 0.000 0.000 0.000 0.000 0.000 0.000 0.000 0.000 0.000 0.000 0.000 0.000 80.887
65.467 65.466 65.466 65.465 65.465 65.464 65.462 69.461 70.460 66.458 65.456 65.454 65.451 65.449 65.446 64.444 67.441 76.438 76.436 17.435 0.000 0.000 0.000 0.000 0.000 0.000 19.031 0.000 0.000 0.000 0.000 0.000 0.000 0.000 80.212 95.195 18.183 0.000 31.941 63.002 64.032 64.053 63.072 68.089 70.106 66.120 68.128 0.000 0.000 0.000 0.000 0.000 0.000 0.000 0.000 0.000 0.000 0.000 0.000 0.000 0.000 0.000 0.000 0.000 0.000 0.000 0.000 0.000 0.000 0.000 0.000 65.109 74.017
65.469 65.469 65.469 65.468 65.467 65.466 64.465 76.463 81.462 68.460 65.458 65.455 65.453 65.450 65.447 65.443 65.440 64.437 67.433 48.431 0.000 0.000 0.000 0.000 0.000 61.031 82.031 44.028 35.019 34.006 0.000 0.000 0.000 61.504 103.389 77.328 77.301 4.323 0.000 49.131 66.143 64.157 64.172 62.187 78.204 82.222 76.238 0.000 0.000 0.000 0.000 0.000 0.000 0.000 0.000 0.000 0.000 0.000 0.000 0.000 0.000 0.000 0.000 0.000 0.000 0.000 0.000 0.000 0.000 0.000 39.274 90.201 76.125
65.473 65.472 65.472 65.471 65.470 65.469 64.468 77.466 83.464 67.462 65.460 65.457 65.454 65.451 65.447 65.444 65.439 65.435 65.430 71.424 42.417 0.000 0.000 0.000 1.032 24.032 39.033 61.035 69.022 72.993 46.938 22.863 57.762 95.619 93.510 73.427 55.369 13.346 0.000 49.247 66.252 65.260 68.271 63.284 72.302 95.325 92.364 37.446 1.512 17.535 0.000 0.000 0.000 0.000 0.000 0.000 0.000 0.000 0.000 0.000 0.000 0.000 0.000 0.000 0.000 0.000 0.000 0.000 0.000 0.000 76.347 132.295 115.231
62.476 63.476 64.475 64.474 65.473 65.472 63.471 78.469 81.467 64.465 65.462 65.459 65.456 65.453 65.449 65.444 65.439 65.433 65.427 65.419 71.410 51.397 2.389 0.000 0.000 0.000 0.000 37.058 68.041 64.008 66.957 70.889 82.804 99.702 83.606 51.500 1.439 0.000 0.000 48.358 65.359 68.361 81.367 67.378 77.393 78.414 97.447 101.492 84.533 34.553 0.000 0.000 0.000 0.000 0.000 0.000 0.000 0.000 0.000 0.000 0.000 0.000 0.000 0.000 0.000 0.000 0.000 0.000 0.000 62.565 72.473 73.401 76.335
83.479 78.479 73.479 71.478 67.477 63.476 63.474 78.472 81.470 63.468 65.465 65.462 65.458 65.455 65.450 65.445 64.439 63.433 64.425 64.417 64.406 70.393 47.380 24.365 0.000 0.000 0.000 36.099 74.075 68.040 62.993 75.934 98.861 92.777 60.714 0.000 0.000 0.000 0.000 46.470 64.462 69.459 76.460 71.466 76.477 75.493 88.516 82.544 75.570 48.592 3.616 0.000 0.000 0.000 0.000 0.000 0.000 0.000 0.000 0.000 0.000 0.000 0.000 0.000 9.354 0.000 0.000 5.734 39.734 67.657 136.577 100.511 132.396
103.483 102.483 98.483 93.482 89.481 84.479 79.478 75.476 70.474 64.471 65.468 65.465 65.461 65.457 64.452 66.447 72.441 77.434 76.425 74.415 68.404 63.390 67.373 73.351 37.316 18.277 22.228 56.163 79.121 70.083 66.041 88.992 100.931 56.831 1.776 0.000 0.000 9.676 16.653 50.589 63.563 68.551 84.547 74.549 67.556 60.566 66.580 84.596 81.613 87.628 6.640 0.000 0.000 0.000 0.000 0.000 0.000 0.000 0.000 0.000 0.000 0.000 0.000 0.000 6.354 0.000 0.000 0.000 74.812 65.749 75.681 98.574 74.748
