results2_8e3_rain/res_3e8f-0197.wd
ncols         241
nrows         181
xllcorner     12693529.787448
yllcorner     3542525.717860
cellsize      155.156523
NODATA_value  -9999.000000
[rows 132 to 164 of 181, columns 0 to 72 of 241]
96.285 101.284 105.284 105.283 107.282 107.281 101.279 92.277 78.275 67.273 66.270 67.267 66.263 65.259 70.254 84.249 95.244 100.237 100.230 97.221 89.211 80.199 71.185 65.166 70.143 72.114 71.080 72.043 70.010 64.980 78.951 101.923 68.900 0.000 0.000 0.000 8.682 60.675 72.670 69.651 71.636 77.629 95.630 81.636 65.645 64.657 64.671 76.688 97.706 38.726 11.749 6.783 0.000 0.000 0.000 0.000 0.000 0.000 0.000 0.000 0.000 0.069 3.070 1.070 28.070 7.995 11.920 52.823 75.683 79.585 79.479 89.567 117.034
74.289 76.289 79.288 85.288 95.287 101.285 106.284 106.282 99.280 85.277 74.274 68.271 72.267 79.263 92.259 107.254 106.248 103.241 103.234 106.225 106.215 102.203 90.188 78.171 70.151 65.127 66.100 65.071 66.045 74.021 95.999 103.981 15.969 0.000 0.000 0.000 18.688 46.694 64.719 73.716 74.705 71.694 72.697 82.704 77.711 70.719 74.729 82.740 95.754 36.770 22.789 28.817 8.847 0.000 0.000 0.000 0.000 0.000 0.000 0.000 0.000 0.000 0.000 0.000 10.146 0.000 59.943 81.866 77.749 86.723 77.788 117.154 105.914
66.294 66.294 66.293 68.293 73.292 77.290 84.289 93.287 101.285 104.282 98.279 96.276 98.272 101.268 100.264 93.259 84.253 82.246 82.239 87.230 93.220 100.209 103.195 102.180 91.162 81.142 76.120 74.098 83.077 99.059 100.043 86.032 19.027 0.000 0.000 0.000 0.000 0.000 47.796 74.788 53.773 41.743 56.763 71.771 86.775 90.780 92.785 93.791 89.799 16.810 3.820 31.850 28.877 16.906 22.918 16.923 0.000 0.000 0.000 0.000 0.000 0.000 44.360 14.310 80.221 102.157 135.014 90.990 86.044 67.003 103.070 107.594 107.503
67.299 67.299 67.298 67.298 66.297 65.295 67.294 72.292 78.290 88.287 98.284 100.281 93.278 83.274 77.269 69.264 65.258 65.252 65.245 67.236 72.227 78.216 85.204 97.190 102.175 104.158 103.141 99.124 102.107 95.094 77.083 69.077 48.081 6.102 0.000 0.000 0.000 0.000 40.881 73.867 16.857 0.000 49.842 74.841 93.841 101.840 87.839 90.839 76.843 34.850 0.865 58.885 27.906 19.922 30.926 30.928 1.931 0.000 0.000 0.000 0.000 31.463 50.410 123.352 152.276 135.159 118.716 117.663 109.336 107.977 107.857 107.730 72.952
67.304 67.304 67.304 67.303 67.302 67.301 67.299 66.297 66.295 69.293 75.290 74.287 70.283 66.279 66.275 66.270 67.265 67.259 67.252 67.244 66.235 65.226 67.215 73.203 80.190 89.176 97.162 93.148 82.136 70.125 66.117 71.114 79.116 55.124 33.131 33.122 19.099 20.056 55.980 76.941 26.931 8.946 68.920 100.911 102.906 81.900 84.893 83.882 71.883 60.893 11.895 39.906 13.939 1.949 14.936 1.933 3.934 1.929 0.000 0.000 0.000 12.518 75.464 81.385 77.374 78.535 76.510 108.297 108.197 108.090 75.293 78.073 79.947
67.310 67.310 67.309 67.309 67.308 67.307 67.305 67.303 67.301 67.299 66.296 66.293 66.290 67.286 67.281 67.277 67.272 67.266 67.260 67.253 67.245 67.236 67.226 66.216 65.205 66.194 70.182 68.171 67.162 71.154 74.148 73.145 71.145 73.146 73.146 70.137 70.119 74.088 49.043 34.988 23.979 41.987 86.983 100.977 80.971 73.963 72.949 52.915 48.914 11.943 0.045 0.000 2.003 4.004 0.000 0.000 7.942 22.924 37.881 7.819 21.740 84.596 91.586 89.659 87.647 88.729 108.486 108.394 89.532 96.325 89.182 94.957 86.802
67.316 67.316 67.315 67.315 67.314 67.313 67.311 67.310 67.308 67.305 67.303 67.299 67.296 67.292 67.288 67.284 67.279 67.274 67.268 66.262 73.255 75.247 67.239 66.230 65.221 66.211 68.202 71.194 74.186 73.180 68.175 69.173 76.172 79.171 75.169 69.162 66.151 75.134 6.117 0.000 9.009 82.040 91.046 78.044 70.039 90.032 36.026 0.000 0.000 2.063 3.092 3.090 3.061 4.055 0.000 0.000 32.969 74.944 103.901 64.841 97.728 105.889 102.854 101.946 108.744 108.661 108.575 101.612 103.492 103.193 102.057 100.991 18.911
67.322 67.322 67.321 67.321 67.320 67.319 67.318 67.316 67.314 67.312 70.309 70.306 68.303 72.299 70.295 67.292 67.288 67.283 66.278 64.272 75.266 83.259 69.252 66.244 68.236 71.229 73.221 72.215 69.209 71.204 76.201 78.199 79.198 79.198 74.196 68.193 77.187 96.180 15.175 0.000 0.000 56.118 79.118 76.114 80.108 100.100 34.096 0.000 3.137 3.114 3.122 3.118 3.093 5.101 0.000 31.067 83.024 98.979 101.914 106.917 104.086 101.079 108.968 108.897 108.823 100.916 101.704 102.580 102.264 102.238 95.172 72.082 0.000
67.328 67.328 67.328 67.327 67.326 67.325 67.324 67.323 67.321 68.319 75.317 75.314 52.310 20.307 41.302 71.300 65.296 68.292 74.288 77.283 77.277 73.271 69.265 70.258 73.252 72.246 71.240 73.235 77.231 77.228 79.226 78.225 69.225 64.225 66.226 79.225 98.225 108.225 30.227 0.000 0.000 31.196 87.192 89.187 96.178 95.164 31.163 0.000 3.160 1.163 2.165 3.167 0.000 9.154 35.153 79.119 101.049 104.074 103.169 103.176 102.271 109.103 109.037 101.114 101.918 102.783 102.573 102.431 102.390 94.326 86.286 0.000 0.000
67.335 67.334 67.334 67.333 67.333 67.332 67.331 67.330 67.328 69.327 78.324 89.321 65.317 2.314 8.308 56.308 82.306 74.302 72.298 72.294 70.289 69.284 71.278 73.273 71.268 67.263 69.258 81.254 83.252 73.250 67.249 64.250 64.251 69.253 83.255 99.258 96.262 80.268 52.280 20.308 14.309 58.278 87.269 69.264 60.253 52.215 17.229 1.279 1.214 22.206 13.206 3.218 0.000 28.209 79.192 101.121 103.328 102.329 102.443 109.289 109.230 109.167 101.172 103.061 102.776 102.652 102.600 102.530 96.457 83.396 73.360 0.000 0.000
67.341 67.341 67.341 67.340 67.340 67.339 67.338 67.337 67.336 69.335 79.333 66.330 22.324 4.325 0.000 24.318 78.316 70.313 72.309 71.305 69.301 72.296 73.292 70.287 67.283 63.279 73.275 87.273 74.271 64.271 65.272 70.274 80.276 91.280 102.284 95.290 73.297 68.306 87.319 94.334 95.340 99.338 74.341 35.347 7.355 0.000 1.429 1.436 0.000 35.221 22.236 2.282 33.303 79.256 101.289 103.490 102.516 109.453 109.401 109.347 101.434 102.236 103.128 102.830 102.817 102.760 102.687 103.599 91.522 62.439 51.400 9.400 3.400
66.348 66.348 67.347 67.347 67.347 67.346 67.346 67.345 67.344 70.343 80.342 51.341 0.000 10.337 48.338 50.331 67.327 69.324 57.320 39.317 77.313 72.309 68.305 67.301 65.298 67.294 83.292 86.290 68.290 71.291 83.293 92.297 101.301 99.306 87.313 73.320 66.330 82.341 86.354 74.369 55.381 53.393 41.408 21.430 10.465 4.535 2.557 22.573 17.591 0.000 0.000 27.351 79.409 102.531 103.565 101.685 109.551 109.503 101.593 102.407 103.288 103.097 102.977 102.956 102.906 102.857 105.789 69.660 49.591 0.000 0.000 0.000 0.000
75.355 73.355 70.354 68.353 65.353 65.354 65.353 65.353 64.352 69.352 81.351 64.351 45.352 53.348 71.345 67.341 64.338 70.335 65.332 52.329 72.325 66.322 65.319 65.315 67.312 81.309 89.307 55.306 47.307 97.309 102.313 97.319 86.325 76.332 68.340 64.349 75.360 87.373 55.388 30.405 13.424 4.444 21.469 20.500 10.538 11.584 14.613 42.626 26.609 0.000 0.000 59.645 101.688 100.823 109.686 109.643 109.598 101.626 103.524 103.251 103.146 103.117 105.076 100.028 102.000 102.974 113.953 0.000 0.000 0.000 0.000 0.000 0.000
76.363 78.362 84.360 85.360 85.360 82.361 83.361 82.361 81.361 81.360 83.360 66.359 70.359 69.356 66.354 69.351 69.349 68.346 73.343 75.341 69.338 63.335 65.332 67.329 81.326 86.323 75.321 69.321 78.322 101.326 84.333 75.340 67.347 65.356 67.365 66.376 80.389 89.404 53.421 29.441 17.464 19.491 22.524 14.562 15.605 21.649 23.686 16.710 0.000 0.000 37.889 79.908 109.804 109.767 109.728 101.856 102.665 103.566 103.276 103.275 104.235 104.192 77.150 55.089 90.090 104.085 109.095 49.153 0.000 0.000 0.000 0.000 0.000
69.371 63.370 16.365 18.364 27.368 74.369 71.369 71.369 71.369 75.369 84.368 65.367 66.367 65.365 68.363 72.361 73.359 71.357 70.355 73.353 74.350 71.348 65.346 82.343 88.340 79.337 85.334 102.333 99.335 81.341 69.351 65.361 67.370 67.379 66.389 71.401 87.415 89.431 81.450 84.473 55.500 17.533 9.573 8.620 20.670 27.722 17.772 14.820 6.850 33.016 81.059 109.872 109.839 101.994 102.806 103.696 103.510 103.398 103.385 104.340 102.302 96.263 21.244 0.000 72.186 107.183 104.190 103.210 0.000 0.000 0.000 0.000 0.000
67.382 59.382 0.000 0.376 9.377 70.378 66.378 66.378 66.378 70.377 84.377 62.376 66.375 70.374 72.373 73.371 70.369 67.368 65.366 67.365 77.363 90.361 85.360 86.357 63.355 57.350 109.344 95.342 62.343 22.352 42.371 70.382 67.391 67.401 69.412 62.425 46.439 36.457 48.477 88.501 64.530 17.567 12.615 7.674 16.733 21.796 15.862 20.922 21.005 59.145 109.921 101.181 104.922 103.829 103.644 103.536 103.515 103.481 104.441 104.406 69.369 45.317 31.318 34.326 85.284 106.270 102.272 93.288 11.322 0.000 0.000 0.000 0.000
67.392 67.393 50.398 0.387 10.387 71.387 67.387 67.387 66.386 67.386 82.386 69.385 72.384 74.383 73.382 68.381 65.380 66.379 66.378 65.377 75.376 98.375 94.374 81.372 74.370 65.366 41.352 30.346 17.345 0.000 23.399 72.405 67.412 69.422 52.433 26.446 11.461 8.479 50.499 67.523 36.551 8.591 11.647 16.726 23.793 19.867 13.958 7.038 10.332 58.372 109.985 104.069 103.833 103.656 103.643 103.609 103.571 103.536 101.503 92.474 25.452 0.000 42.384 101.375 106.355 104.343 98.340 88.346 6.357 0.000 0.000 0.000 0.000
64.401 66.402 63.403 0.000 6.396 71.396 66.396 64.395 66.395 70.395 74.394 73.394 73.393 71.393 65.392 66.391 66.390 67.390 67.389 72.389 90.388 89.388 82.388 91.388 89.389 60.389 0.000 0.000 0.000 0.000 21.422 72.425 67.432 70.440 41.451 3.465 37.480 63.499 83.519 52.541 4.561 0.634 0.705 5.792 15.845 15.925 16.030 10.269 6.902 110.164 110.077 102.974 103.823 103.726 103.694 103.658 103.624 105.590 90.560 73.533 33.513 9.505 57.460 87.436 96.418 105.405 94.400 83.400 5.402 0.000 0.000 0.000 0.000
71.409 69.409 58.410 0.000 57.406 65.405 67.405 71.404 72.404 73.404 71.403 72.403 70.403 66.402 66.402 67.401 67.401 66.401 68.400 91.400 90.401 72.401 85.402 83.404 87.407 85.414 48.431 4.441 13.446 43.447 48.441 68.443 67.449 67.457 62.468 54.481 71.497 70.516 64.537 86.561 34.583 0.660 0.730 9.818 14.872 12.950 14.046 38.191 62.582 110.246 105.298 105.050 104.791 103.780 103.743 103.708 104.674 102.642 57.613 34.586 46.563 47.542 101.514 103.492 83.474 93.461 88.454 61.451 26.450 0.000 0.000 0.000 0.000
72.417 73.417 70.418 58.419 72.416 72.414 72.414 73.413 73.413 74.413 86.412 68.412 66.412 66.412 67.412 67.411 67.411 68.411 82.412 93.412 68.413 72.414 99.415 91.418 79.422 82.428 85.438 69.445 74.450 89.453 82.454 70.457 63.463 63.471 74.482 90.495 77.511 49.530 21.553 76.581 65.618 14.679 17.739 22.805 18.873 9.960 12.027 53.307 105.554 110.323 102.278 104.932 105.862 103.827 103.792 103.757 96.724 86.692 43.663 14.635 23.610 24.587 85.563 127.542 108.525 84.512 76.504 55.499 64.497 17.497 0.000 3.703 7.703
77.424 77.424 73.424 73.425 73.424 74.423 74.422 70.422 67.422 66.422 29.421 19.421 70.421 67.421 67.421 67.421 66.422 69.422 93.422 79.423 64.424 70.426 87.428 104.431 99.435 96.440 94.446 90.452 86.457 85.461 93.464 90.469 84.475 80.483 83.494 87.507 49.523 13.542 12.564 28.591 24.631 9.684 18.733 28.790 24.860 15.958 9.118 52.371 110.466 110.396 105.170 107.016 103.906 103.875 104.839 100.805 84.772 77.740 83.710 89.682 73.656 95.632 110.609 127.589 136.572 120.559 82.550 87.545 62.543 0.000 0.000 0.000 0.000
16.432 17.431 77.431 72.431 72.431 67.431 64.431 66.431 61.430 14.430 14.430 3.431 71.431 67.431 67.431 67.431 67.432 85.432 92.433 65.434 67.435 67.437 70.440 76.442 78.446 78.451 74.455 77.460 93.465 86.469 77.473 80.478 87.484 91.492 94.503 91.515 66.531 31.549 14.570 13.587 0.000 2.692 13.722 22.762 6.811 0.000 22.331 82.577 110.533 102.509 106.238 105.977 103.962 103.922 104.886 99.851 86.818 52.786 59.756 102.727 113.700 145.676 136.653 108.632 96.615 113.601 92.592 86.587 61.587 0.614 0.000 0.000 0.000
3.439 12.439 26.436 81.438 66.439 64.439 66.439 66.439 67.439 14.439 5.439 60.440 68.440 67.440 67.441 67.441 69.442 93.443 78.444 64.445 67.446 67.448 67.451 66.453 66.457 66.461 65.465 72.469 101.473 80.477 11.481 19.486 31.492 82.500 92.509 76.521 81.536 68.556 20.578 17.602 2.635 7.670 20.698 12.727 0.000 0.000 40.497 110.662 110.598 105.392 107.134 103.044 104.006 103.968 103.932 103.896 90.863 53.830 68.800 105.770 101.743 135.717 130.694 99.672 104.654 90.640 71.629 89.624 67.626 1.639 0.000 0.000 0.000
65.448 61.448 0.000 73.448 83.448 84.448 65.448 77.448 84.448 60.448 58.448 68.449 67.449 67.450 67.450 67.451 86.452 90.453 65.454 67.455 66.457 65.459 67.461 67.464 67.467 67.470 66.474 74.477 103.481 84.485 30.489 3.494 54.499 79.505 92.513 71.523 61.537 20.559 13.585 16.607 14.632 22.656 26.674 0.702 0.000 19.414 81.669 110.724 102.645 106.370 106.113 104.093 104.051 104.013 103.976 104.940 95.906 84.873 107.842 132.812 120.783 137.757 134.732 128.710 135.690 101.674 78.662 88.655 96.654 25.658 0.000 0.000 0.000
67.456 66.457 61.460 67.457 66.456 14.456 88.456 80.456 67.456 68.457 68.457 67.458 67.458 67.459 67.460 70.461 93.461 76.462 66.464 67.465 73.467 81.469 67.471 65.474 67.477 66.480 69.483 93.486 101.489 76.493 64.496 52.500 74.505 73.509 34.515 19.521 16.529 0.000 5.595 5.611 6.629 7.649 9.662 0.000 22.460 79.623 101.801 110.783 103.607 104.252 104.175 104.134 104.094 104.056 104.019 104.983 95.948 78.915 74.882 107.852 97.822 111.794 114.768 102.744 104.722 76.703 53.689 67.680 134.677 87.679 22.689 12.694 34.699
67.464 67.464 67.465 67.464 67.464 61.464 77.464 93.464 69.465 66.465 67.466 67.467 67.467 67.468 66.469 89.470 91.471 65.472 67.473 68.475 65.477 27.479 86.481 81.484 68.486 66.489 84.492 103.494 87.497 67.500 67.503 68.507 71.510 75.513 12.515 13.518 0.000 2.588 17.590 0.000 0.609 0.000 0.000 0.000 45.565 102.751 110.896 110.841 103.491 104.327 104.212 104.177 104.136 104.097 104.060 103.024 87.989 89.955 109.922 128.890 127.860 132.830 137.802 124.776 122.751 109.729 58.711 56.700 132.694 96.693 34.692 27.696 92.701
67.471 67.471 67.472 67.472 67.472 67.472 67.472 78.472 93.473 69.474 66.475 67.475 67.476 65.477 73.479 94.480 74.481 66.482 68.483 66.484 8.486 5.489 74.491 75.494 81.496 80.498 88.500 87.503 68.505 66.508 68.510 71.513 76.515 76.517 0.000 0.000 0.000 4.586 28.587 15.587 16.588 15.588 0.000 6.646 53.800 107.963 110.950 102.827 104.544 104.280 104.261 104.217 104.177 104.138 104.100 104.064 90.028 85.994 106.960 107.928 107.896 110.865 110.835 109.806 114.777 87.749 63.728 78.715 93.708 32.705 0.000 0.000 36.705
67.478 69.478 69.479 67.479 67.479 67.479 67.480 67.480 78.481 93.482 69.483 64.484 64.485 81.487 93.488 87.489 64.491 67.492 63.492 9.491 6.496 60.499 67.501 67.503 73.505 90.507 90.509 83.511 76.513 68.515 55.517 25.519 90.521 70.522 0.000 0.000 0.000 3.584 17.585 10.586 24.587 13.587 0.000 6.787 26.887 111.055 111.003 103.697 104.432 104.338 104.298 104.256 104.216 104.177 104.139 105.103 100.067 90.032 84.998 83.964 83.931 83.899 83.868 87.836 61.803 5.763 31.736 87.723 83.716 44.714 6.717 0.000 35.709
68.485 5.485 6.485 67.486 66.486 65.487 65.488 64.488 64.489 77.490 92.492 85.493 92.494 94.496 81.497 65.499 72.501 72.502 60.503 0.000 8.509 71.510 67.511 69.513 93.515 100.516 78.518 69.520 76.521 83.523 71.525 7.526 50.528 68.528 0.000 0.000 0.000 4.580 10.582 7.584 21.585 0.000 0.000 6.848 12.167 111.105 108.945 104.661 104.403 104.380 104.335 104.294 104.254 104.215 104.177 104.141 105.105 104.069 102.034 101.000 100.965 101.932 103.900 77.868 19.835 0.000 16.730 72.724 103.721 94.720 67.719 43.718 60.714
67.493 66.493 1.493 66.493 77.494 81.494 85.495 90.496 93.497 94.499 94.500 94.501 80.503 67.505 83.507 100.509 101.511 101.513 94.516 72.521 7.520 68.521 66.522 75.523 103.524 90.525 67.527 66.528 68.529 71.530 62.532 7.533 27.535 27.536 0.000 0.000 0.000 10.575 5.578 0.000 4.585 0.000 14.862 16.087 6.556 111.154 112.896 108.535 104.457 104.413 104.371 104.330 104.291 104.252 104.215 104.178 104.142 104.106 104.071 104.035 104.999 107.965 79.932 12.900 0.000 5.762 0.000 17.724 73.723 104.723 95.723 71.721 48.716
67.500 69.500 65.501 67.501 82.501 81.502 77.503 73.504 72.505 68.507 89.508 79.510 90.512 81.514 97.516 93.518 86.520 87.523 98.526 104.529 93.530 94.531 86.532 94.533 102.534 75.534 66.535 67.536 67.537 66.538 66.539 68.540 63.542 12.545 72.551 63.556 2.561 4.566 0.000 0.000 0.000 5.856 83.903 81.107 111.246 111.201 106.772 107.602 104.485 104.448 104.406 104.365 104.326 104.288 104.251 104.215 104.179 104.143 104.107 106.070 111.030 79.996 19.964 0.000 0.000 2.762 1.762 0.000 14.725 65.728 100.728 50.728 0.000
69.506 5.507 64.507 67.507 67.508 67.509 66.510 67.511 69.513 67.514 79.516 74.518 83.520 94.523 82.525 67.527 68.530 69.533 70.535 75.538 88.539 98.541 104.542 102.542 91.543 67.544 67.544 67.545 67.545 67.545 68.546 91.547 64.548 4.550 68.553 18.556 12.560 5.563 0.000 0.000 0.000 15.840 104.045 106.257 111.289 105.102 104.811 104.546 104.526 104.480 104.439 104.399 104.361 104.323 104.286 104.251 104.215 104.181 106.146 91.108 45.054 12.025 0.000 4.763 2.762 22.762 29.762 0.000 0.000 36.733 98.734 50.734 0.000
70.513 3.513 64.513 67.514 67.515 67.516 67.517 68.519 6.520 66.522 70.524 81.526 81.529 89.531 94.534 80.537 65.540 65.542 65.545 67.547 69.549 70.551 71.552 71.552 70.553 69.553 65.553 65.553 66.553 67.553 78.553 92.553 63.553 57.553 59.554 0.000 0.000 5.563 0.000 0.000 0.000 19.932 103.054 111.374 111.332 103.960 104.691 104.596 104.554 104.512 104.471 104.432 104.394 104.357 104.321 104.286 104.251 104.218 109.187 65.162 0.000 0.000 2.764 0.763 2.763 17.762 24.762 0.000 0.000 39.739 99.739 58.739 0.000
