results2_8e3_rain/res_3e8f-0118.wd
ncols         241
nrows         181
xllcorner     12693529.787448
yllcorner     3542525.717860
cellsize      155.156523
NODATA_value  -9999.000000
[rows 99 to 131 of 181, columns 73 to 145 of 241]
57.540 57.520 57.501 56.481 56.460 61.440 64.420 61.400 57.386 57.379 51.380 7.384 0.000 0.000 0.000 0.000 0.000 12.894 70.922 95.901 93.906 93.073 99.760 99.688 92.792 93.489 93.336 93.227 94.123 94.025 92.936 96.861 55.807 0.000 0.000 0.000 0.000 0.000 0.000 27.245 53.163 64.999 32.722 14.562 44.510 47.443 45.359 49.241 45.992 43.582 13.205 37.939 41.803 56.711 62.645 65.596 63.559 58.533 51.515 46.505 41.500 19.493 0.000 0.000 0.000 0.000 13.748 31.748 43.747 67.747 68.747 68.746 68.746
57.577 57.559 56.540 54.520 58.499 63.476 64.452 64.425 58.405 55.394 60.389 60.388 21.389 0.000 15.726 45.678 22.578 2.333 59.177 99.056 94.309 94.328 99.820 92.109 93.897 93.551 93.464 93.353 93.247 93.148 95.061 93.990 29.943 0.000 0.000 0.000 0.000 0.000 0.000 31.430 37.367 48.297 0.000 0.000 39.675 47.616 46.520 50.377 50.152 20.867 0.000 32.834 46.772 51.704 72.649 73.606 73.574 74.550 75.534 73.524 54.519 0.000 0.000 0.000 0.000 0.000 0.000 30.745 43.744 67.744 68.743 68.743 68.742
57.615 56.598 56.580 59.560 62.538 63.515 38.488 2.443 31.416 67.401 40.394 14.391 6.390 0.000 26.774 76.730 73.643 65.515 84.359 95.497 92.480 99.904 93.395 94.201 93.767 93.702 93.585 93.476 93.365 94.259 92.168 80.096 27.032 0.008 0.000 0.000 0.000 0.000 34.835 41.677 39.580 40.523 13.554 0.000 45.900 63.827 56.727 51.594 26.373 0.000 0.000 15.792 5.749 45.683 70.640 74.607 72.580 72.560 72.546 74.537 47.533 41.537 41.538 47.539 0.000 0.000 0.000 7.743 42.741 67.740 68.740 68.739 68.738
56.654 55.639 60.622 63.601 63.579 63.557 28.540 0.000 0.000 10.399 1.397 0.000 0.000 0.000 19.866 82.824 88.750 96.653 96.596 93.711 100.255 100.038 93.367 94.077 93.928 93.819 93.710 93.598 93.480 99.354 49.256 17.196 1.122 0.000 0.000 0.000 0.000 26.132 43.994 39.862 39.753 38.663 44.584 10.441 39.197 65.064 63.968 61.899 0.000 0.000 0.000 0.000 0.000 43.639 72.621 76.600 73.581 72.565 70.553 59.544 40.540 36.540 37.540 21.539 0.000 0.000 0.000 0.000 38.738 67.737 68.737 68.736 64.735
55.696 61.683 63.666 63.645 61.620 67.593 37.577 0.000 0.000 0.000 0.000 0.000 0.000 0.000 31.000 88.951 91.886 95.755 94.982 94.987 100.449 92.759 94.464 94.138 94.051 93.942 93.835 97.726 103.602 58.421 27.306 2.259 0.000 0.000 0.000 0.000 27.383 50.270 44.148 37.024 41.906 45.793 42.679 40.542 54.384 58.265 48.182 56.135 0.000 0.000 0.000 0.000 0.000 49.613 73.605 78.593 77.579 73.566 68.555 37.548 35.544 36.542 43.541 0.000 0.000 0.000 0.000 32.734 36.734 65.734 68.734 68.733 62.732
62.742 63.730 63.714 62.692 40.665 6.618 25.597 27.597 0.000 0.000 0.000 0.000 0.000 22.302 75.182 89.103 92.003 94.155 95.159 100.790 100.626 93.739 94.439 94.278 94.171 94.064 97.963 59.870 19.783 0.000 37.289 23.276 0.000 0.000 0.000 0.000 35.497 69.417 60.305 55.180 50.053 50.925 48.796 49.663 62.533 56.430 40.359 42.325 0.000 0.000 0.000 0.000 0.000 49.597 77.593 42.587 40.577 72.564 75.555 45.550 36.546 41.544 11.543 0.000 0.000 0.000 0.000 5.733 32.733 50.732 66.731 69.730 62.729
63.791 63.783 59.768 63.745 45.728 0.000 16.597 46.597 0.000 0.000 0.000 0.000 12.519 74.422 88.327 94.245 94.213 94.350 101.081 100.940 93.073 94.846 94.494 94.404 94.289 94.182 98.083 70.007 1.973 0.000 7.285 10.281 0.000 0.000 0.000 0.000 22.690 54.597 59.473 69.339 65.201 53.060 55.917 64.780 59.657 47.561 39.500 40.481 14.531 15.543 0.000 0.000 0.000 47.584 81.582 0.000 0.000 21.557 68.553 58.549 39.546 18.545 0.000 0.000 0.000 0.000 0.000 0.000 5.731 29.730 55.729 65.728 58.727
61.847 58.844 57.828 73.793 52.773 0.000 15.597 43.597 0.000 0.000 0.000 6.689 70.616 83.538 93.465 96.342 95.583 93.609 101.212 92.388 94.160 90.717 92.643 94.519 94.404 95.290 89.181 79.101 27.042 0.000 0.000 0.000 0.000 0.000 0.000 10.212 44.977 49.806 49.652 51.503 60.352 63.196 66.034 59.883 46.755 40.659 39.597 38.569 42.569 27.556 0.000 0.000 0.000 36.573 73.570 39.562 28.558 20.554 63.550 69.547 49.545 0.000 0.000 0.536 0.000 0.000 0.000 0.000 0.000 24.727 48.727 53.726 40.726
55.909 64.918 60.908 1.825 2.799 0.000 6.597 6.597 0.000 0.000 0.000 7.761 86.717 88.659 96.567 95.730 94.748 101.443 101.333 94.350 94.036 93.875 93.756 92.637 93.517 95.393 52.250 3.175 0.000 0.000 0.000 0.000 0.000 13.967 30.768 45.448 56.199 53.000 51.828 48.668 49.509 52.337 64.139 64.962 56.820 45.723 38.662 38.630 40.619 0.000 0.000 0.000 0.000 21.566 63.563 41.559 37.556 37.553 69.548 72.545 55.542 18.539 8.538 51.537 0.000 0.000 0.000 0.000 0.000 27.726 51.725 46.725 32.724
56.977 67.010 54.037 0.000 0.000 0.000 3.596 15.596 0.000 0.000 0.000 73.878 83.836 95.778 95.770 94.910 101.641 101.545 93.668 95.440 95.089 94.994 94.874 94.755 96.635 46.514 0.000 0.000 0.000 0.000 0.000 3.701 29.496 46.165 58.890 54.613 53.370 53.166 52.990 53.833 51.680 50.505 24.224 43.008 67.839 49.751 37.699 40.669 38.658 26.664 0.000 0.000 0.000 22.561 55.557 33.555 0.000 0.000 25.543 62.542 51.540 60.538 67.537 26.537 0.000 0.000 0.000 0.000 0.000 2.725 42.724 40.723 33.723
55.042 59.107 58.194 34.320 0.000 0.000 0.000 1.596 4.596 0.000 27.137 87.037 93.971 95.888 96.044 94.162 101.728 93.961 95.740 95.303 95.232 95.110 95.993 96.874 58.754 0.000 0.000 0.000 0.000 0.000 6.185 48.907 59.621 55.309 54.015 53.742 53.505 53.304 53.136 52.993 52.872 61.779 0.608 0.000 35.778 44.744 36.712 45.690 45.678 27.671 0.000 0.000 0.000 0.000 39.550 76.548 44.544 0.000 18.540 63.539 57.538 48.537 48.536 0.000 0.000 0.000 0.000 0.000 0.000 0.000 21.722 32.722 33.722
67.089 5.184 61.312 59.445 48.611 7.723 0.000 0.000 0.000 18.311 77.238 91.162 97.096 96.076 95.225 101.877 101.806 94.911 95.607 95.454 95.342 96.230 98.112 58.993 0.000 0.000 0.000 0.000 5.033 35.841 46.464 58.120 54.774 54.434 51.118 50.837 50.602 51.410 53.255 53.131 56.037 32.980 0.000 0.000 15.750 40.734 39.716 57.702 53.695 0.000 0.000 0.000 0.000 0.000 23.544 68.543 80.541 37.538 63.538 77.537 69.536 45.535 38.534 10.532 0.000 0.000 0.000 0.000 0.000 0.000 27.720 33.720 37.720
49.106 2.227 63.424 53.538 60.666 52.834 14.114 2.238 11.390 78.384 87.339 97.289 96.169 96.429 94.451 101.937 94.205 95.995 95.653 95.567 96.457 97.354 51.233 0.000 0.000 0.000 0.000 0.000 48.225 59.026 56.709 55.336 56.920 56.534 62.188 66.885 61.656 54.480 48.344 52.239 58.164 16.124 0.000 0.000 11.738 43.727 44.716 66.708 54.703 0.000 0.000 0.000 0.000 0.000 11.540 63.539 72.538 77.537 73.536 73.535 77.534 61.533 40.532 41.531 10.529 3.528 0.000 0.000 0.000 29.719 34.719 32.719 37.719
0.000 0.000 31.557 82.618 45.680 0.000 0.000 16.506 76.511 81.494 95.462 96.362 96.633 94.555 102.022 94.467 96.274 95.848 95.788 96.675 93.568 48.497 0.000 0.000 0.000 0.000 4.186 50.990 58.616 56.331 56.009 59.595 34.037 12.595 15.214 31.860 57.657 59.512 60.400 52.316 53.258 14.228 0.000 0.000 0.000 24.719 42.715 49.710 48.708 0.000 0.000 0.000 0.000 0.000 11.537 54.536 67.536 72.535 73.534 74.533 70.533 66.532 51.531 39.529 43.528 49.528 0.000 0.000 0.000 0.000 32.718 33.718 35.717
0.000 0.000 8.628 83.698 70.755 0.000 0.000 23.667 84.652 92.628 96.567 97.751 97.777 102.346 102.148 95.419 96.133 95.992 95.892 90.787 80.641 31.569 0.000 0.000 3.734 39.614 48.382 60.168 56.917 56.674 60.402 37.998 0.000 0.000 0.000 17.683 55.600 52.510 56.430 62.367 62.324 40.302 0.000 0.000 0.000 6.716 44.713 38.711 45.709 0.000 0.000 0.000 0.000 0.000 16.534 41.534 58.534 72.533 67.532 60.532 62.532 23.531 48.530 57.528 50.527 46.527 0.000 0.000 0.000 0.000 0.000 27.717 32.716
0.000 0.000 0.000 11.793 60.887 1.706 11.897 77.842 89.805 96.769 96.772 96.938 102.704 102.529 94.711 96.507 96.172 96.098 89.008 54.939 0.000 0.000 0.000 11.967 57.855 51.726 59.559 57.386 57.208 58.047 35.926 0.000 0.000 0.000 0.000 16.589 58.551 52.497 52.444 54.399 58.368 60.355 12.369 0.000 0.000 0.000 25.711 44.710 19.710 0.000 0.000 0.000 0.000 0.000 9.532 37.532 48.532 55.531 47.531 44.531 9.531 0.000 0.000 41.527 45.526 54.526 0.000 0.000 0.000 0.000 0.000 21.716 32.715
0.000 0.000 0.000 0.000 0.020 12.066 81.040 85.998 96.963 96.876 98.145 98.205 102.867 95.014 96.791 96.357 96.296 86.192 75.103 39.021 0.000 0.000 0.000 52.079 73.992 58.876 50.743 58.608 56.482 59.382 29.328 0.000 0.000 0.000 12.522 47.534 54.516 53.484 53.449 50.417 46.394 48.382 10.382 0.000 0.000 0.000 6.710 51.710 0.000 0.000 0.000 0.000 0.000 0.000 9.531 39.530 38.530 37.530 35.529 41.529 0.000 0.000 0.000 16.526 39.525 57.524 1.523 0.000 0.000 0.000 0.000 0.000 25.715
0.000 0.000 0.000 0.000 0.000 84.232 83.198 97.157 97.090 98.275 98.333 103.166 103.021 95.969 97.652 95.493 81.376 70.281 44.192 0.000 0.000 0.000 46.427 64.277 64.159 71.044 58.929 48.821 54.729 64.672 67.677 30.810 0.000 0.000 11.511 59.509 53.497 53.475 52.450 48.427 42.409 43.399 9.395 0.000 0.000 0.000 0.000 24.709 32.708 0.000 0.000 0.000 0.000 0.000 17.530 41.529 35.528 36.528 36.528 38.527 21.526 0.000 0.000 0.000 26.524 47.523 25.522 0.000 0.000 0.000 0.000 0.000 20.715
0.000 0.000 0.000 0.000 23.541 84.431 96.365 97.312 98.306 100.478 103.438 103.304 95.280 97.042 93.692 82.590 71.442 43.361 0.000 0.000 0.000 48.713 69.576 55.444 47.324 61.213 73.109 61.016 63.943 64.899 51.896 57.944 37.005 0.000 19.500 51.496 47.486 54.470 49.450 41.431 40.417 44.408 6.404 0.000 0.000 0.000 0.000 11.708 51.708 0.000 0.000 0.000 0.000 0.000 0.000 23.527 38.527 36.527 36.526 36.526 44.525 0.000 0.000 0.000 0.000 28.522 39.521 45.521 0.000 0.000 0.000 0.000 0.000
0.000 0.000 0.000 0.000 66.650 92.585 98.527 97.422 97.679 95.748 103.565 95.566 97.329 91.895 80.826 55.704 0.000 0.000 0.000 0.000 48.976 69.850 56.722 45.597 45.481 47.374 58.277 73.194 64.128 49.084 57.065 59.066 33.066 0.000 16.494 76.489 63.480 52.468 46.450 42.431 39.420 40.413 34.410 0.000 0.000 0.000 0.000 0.000 30.708 2.707 0.000 0.000 0.000 0.000 0.000 3.526 40.526 36.526 36.525 36.525 38.524 22.524 0.000 0.000 0.000 9.521 36.521 39.521 0.000 0.000 0.000 0.000 0.000
0.000 0.000 0.000 69.941 66.824 72.743 87.650 98.817 95.872 103.803 103.687 96.500 92.184 81.036 59.928 0.000 0.000 30.776 0.000 1.335 74.103 56.989 45.865 46.743 45.628 48.524 62.432 71.353 72.291 56.245 52.215 63.188 37.127 0.000 0.000 7.484 20.479 2.474 0.000 12.423 43.418 50.414 51.412 37.412 0.000 0.000 0.000 0.000 0.000 0.000 0.000 0.000 0.000 0.000 0.000 4.525 40.525 39.525 42.525 37.524 34.524 43.523 0.000 0.000 0.000 16.520 50.520 55.520 0.000 0.000 0.000 0.000 0.000
0.000 0.000 9.157 71.059 67.964 68.883 78.855 95.014 104.025 103.915 95.782 92.546 80.214 54.137 0.000 0.000 47.831 46.776 28.666 12.495 62.290 46.139 47.005 45.880 46.766 61.663 67.573 31.497 22.436 74.391 60.362 38.345 0.000 0.000 0.000 0.000 0.000 0.000 0.000 9.419 61.417 55.414 52.413 48.412 3.412 0.000 0.000 0.000 0.000 0.000 0.000 0.000 0.000 0.000 0.000 28.524 37.524 12.524 0.000 12.523 37.523 41.523 0.000 0.000 0.000 18.520 54.520 23.520 0.000 0.000 0.000 0.000 0.000
0.000 84.335 72.255 69.172 67.095 67.973 69.213 73.273 104.130 95.026 90.785 80.374 54.329 0.000 0.000 0.000 51.886 49.831 69.727 53.584 46.422 47.272 46.135 49.008 68.893 65.790 46.700 42.625 47.565 75.522 72.496 36.486 0.000 0.000 0.000 0.000 0.000 0.000 0.000 9.417 68.415 68.414 63.413 54.412 0.000 0.000 0.000 0.000 0.000 0.000 0.000 0.000 0.000 0.000 1.523 40.523 42.524 0.000 0.000 0.000 40.522 41.522 0.000 0.000 0.000 0.000 25.520 0.000 0.000 0.000 0.000 0.000 0.000
0.550 82.416 96.357 88.287 73.190 74.345 66.390 104.330 104.231 73.907 78.584 54.481 0.000 0.000 0.000 0.000 53.997 66.935 64.828 46.692 46.541 46.393 57.254 69.125 58.008 46.904 46.814 46.738 47.678 56.636 74.613 70.617 31.668 0.000 0.000 0.000 0.000 0.000 0.000 0.000 54.414 56.413 68.412 69.412 25.411 0.000 0.000 0.000 0.000 0.000 0.000 0.000 0.000 0.000 32.523 42.523 19.523 0.000 0.000 1.521 41.522 39.522 0.000 0.000 0.000 0.000 0.000 0.000 0.000 0.000 0.000 0.000 0.000
18.635 95.545 98.471 98.400 93.371 83.524 104.520 104.425 66.050 60.840 0.000 0.000 0.000 0.000 0.000 0.000 65.169 70.084 45.960 47.813 47.658 59.506 68.362 50.230 47.110 47.004 46.912 46.835 46.774 46.730 55.705 75.700 68.719 42.748 33.760 37.763 6.764 0.000 0.000 0.000 0.000 34.412 74.412 74.411 35.411 0.000 0.000 0.000 0.000 0.000 0.000 0.000 0.000 0.000 21.523 20.523 0.000 0.000 0.000 0.000 21.521 48.521 0.000 0.000 0.000 0.000 0.000 0.000 0.000 0.000 0.000 0.000 0.000
88.734 98.657 98.590 98.473 102.713 93.768 104.613 66.122 68.798 63.550 0.000 0.000 0.000 0.000 0.000 58.606 70.425 47.274 48.113 47.943 55.773 68.610 46.460 47.323 47.199 47.090 46.995 46.916 46.853 46.807 46.776 50.761 51.760 46.766 47.769 54.765 36.764 0.000 0.000 0.000 0.000 0.000 29.411 65.411 28.410 0.000 0.000 0.000 0.000 0.000 0.000 0.000 0.000 0.000 0.000 0.000 0.000 0.000 0.000 0.000 0.000 0.520 0.000 0.000 0.000 0.000 0.000 0.000 0.000 0.000 0.000 0.000 0.000
94.833 94.768 98.676 99.835 96.878 104.792 104.702 70.738 55.115 0.440 3.439 0.439 0.000 0.000 0.000 75.787 52.652 48.473 48.275 50.074 70.881 50.703 47.544 47.401 47.274 47.161 47.063 46.982 46.917 46.867 46.831 45.807 44.793 47.787 29.784 0.000 0.000 0.000 0.000 0.000 0.000 0.000 0.000 58.410 46.410 13.409 0.000 0.000 0.000 0.000 0.000 0.000 0.000 0.000 0.000 0.000 0.000 0.000 0.000 0.000 0.000 0.000 0.000 0.000 0.000 0.000 0.000 0.000 0.000 0.000 0.000 0.000 0.000
73.945 73.877 77.852 74.006 104.969 104.881 82.297 63.407 54.198 0.000 0.000 0.438 0.000 0.000 0.000 51.102 46.925 46.691 45.439 58.196 50.974 44.778 45.610 45.465 45.336 45.217 46.114 47.031 46.965 46.914 45.875 43.844 45.820 45.805 42.797 32.797 35.795 37.793 36.791 38.789 9.788 0.000 0.000 0.000 55.409 27.409 0.000 0.000 0.000 0.000 0.000 0.000 0.000 0.000 0.000 0.000 0.000 0.000 0.000 0.000 0.000 0.000 0.000 0.000 0.000 0.000 0.000 0.000 0.000 0.000 0.000 0.000 0.000
89.060 110.946 76.190 106.245 105.054 64.903 55.471 0.000 69.350 27.607 0.000 0.000 0.000 0.000 95.019 73.595 44.254 51.929 62.594 61.298 57.042 54.823 54.654 54.514 53.387 47.258 43.146 47.062 46.998 46.949 45.910 45.875 49.836 49.815 50.803 60.798 60.795 56.793 49.790 48.789 27.788 0.000 0.000 0.000 14.409 20.409 0.000 0.000 0.000 0.000 0.000 0.000 0.000 0.000 0.000 0.000 0.000 0.000 0.000 0.000 0.000 0.000 0.000 0.000 0.000 0.000 0.000 0.000 0.000 0.000 0.000 0.000 0.000
137.142 115.736 113.780 105.214 105.136 92.999 0.000 36.222 64.222 137.866 113.403 0.165 42.532 31.987 93.442 53.006 50.567 122.177 112.710 108.359 108.073 106.819 105.669 104.551 103.438 74.283 41.151 47.072 47.016 46.975 46.942 38.908 0.000 0.000 0.000 0.000 0.000 0.000 13.789 65.787 44.786 15.786 0.000 0.000 0.000 0.000 0.000 0.000 0.000 0.000 0.000 0.000 0.000 0.000 0.000 0.000 0.000 0.000 0.000 0.000 0.000 0.000 0.000 0.000 0.000 0.000 0.000 0.000 0.000 0.000 0.000 0.000 0.000
95.312 114.897 105.357 105.287 89.546 0.000 0.000 0.000 7.453 59.232 46.947 0.000 24.069 0.000 52.758 49.419 58.830 114.503 0.000 0.229 0.000 50.711 59.650 120.584 33.533 0.000 51.105 47.059 47.021 47.992 29.975 0.000 0.000 0.000 0.000 0.000 0.000 0.000 0.000 18.786 65.785 21.785 0.000 0.000 0.000 0.000 0.000 0.000 0.000 0.000 0.000 0.000 0.000 0.000 0.000 0.000 0.000 0.000 0.000 0.000 0.000 0.000 0.000 0.000 0.000 0.000 0.000 0.000 0.000 0.000 0.000 0.000 0.000
116.070 114.122 105.424 114.041 115.887 36.175 0.000 14.905 41.905 51.663 28.206 5.009 45.607 91.058 89.413 82.083 0.000 33.503 0.000 11.674 33.669 61.665 106.637 69.602 34.576 0.000 0.000 53.037 47.016 47.999 28.990 0.000 0.000 0.000 0.000 0.000 0.000 0.000 0.000 0.000 12.784 51.783 16.783 0.000 0.000 0.000 0.000 0.000 0.000 0.000 0.000 0.000 0.000 0.000 0.000 0.000 0.000 0.000 0.000 0.000 0.000 0.000 0.000 0.000 0.000 0.000 0.000 0.000 0.000 0.000 0.000 0.000 0.000
114.205 105.543 105.486 94.549 37.313 0.000 0.000 0.000 3.598 30.308 0.000 0.000 38.497 82.153 135.753 71.418 0.000 0.000 0.000 0.000 0.000 75.643 110.630 40.611 37.593 0.000 0.000 0.000 52.005 46.000 43.996 41.996 29.996 0.000 0.000 0.000 0.000 0.000 0.000 0.000 7.783 65.783 23.782 0.000 0.000 0.000 0.000 0.000 0.000 0.000 0.000 0.000 0.000 0.000 0.000 0.000 0.000 0.000 0.000 0.000 0.000 0.000 0.000 0.000 0.000 0.000 0.000 0.000 0.000 0.000 0.000 0.000 0.000
