results2_8e3_rain/res_3e8f-0190.wd
ncols         241
nrows         181
xllcorner     12693529.787448
yllcorner     3542525.717860
cellsize      155.156523
NODATA_value  -9999.000000
[rows 66 to 98 of 181, columns 73 to 145 of 241]
71.748 35.735 0.000 60.887 77.863 76.832 76.803 0.000 48.198 48.182 61.195 57.206 56.186 56.140 55.071 130.971 118.798 0.000 0.000 0.000 51.518 46.455 51.360 54.297 54.244 56.196 57.148 62.090 63.038 63.991 54.958 0.000 0.000 52.253 102.253 84.167 88.032 88.122 86.175 94.094 86.586 87.065 87.805 86.578 86.356 87.152 56.997 0.000 0.000 0.000 0.000 0.000 0.000 0.000 43.153 41.129 41.089 41.034 40.968 40.900 44.826 57.749 54.672 39.597 50.524 59.452 38.380 41.308 47.237 52.167 48.097 42.029 39.963
56.751 62.722 0.556 49.113 73.072 72.042 66.045 19.131 0.000 0.000 54.275 67.355 56.355 55.324 56.280 37.238 0.000 0.000 0.000 0.000 0.000 0.000 62.292 60.265 58.232 41.189 44.141 51.086 52.046 57.013 47.985 0.000 0.000 0.000 62.495 80.403 87.341 87.434 94.520 94.314 86.657 87.346 87.058 86.848 86.637 81.450 39.317 0.000 3.505 36.505 0.000 0.000 0.000 49.235 44.199 41.164 41.121 41.068 41.007 40.942 40.871 40.798 47.724 61.651 62.578 45.506 39.435 40.364 41.294 45.225 44.157 40.090 40.023
58.764 57.695 62.563 60.364 74.270 67.220 68.203 65.217 0.000 0.000 0.000 69.583 64.556 59.520 61.486 8.462 0.000 0.000 0.000 0.000 0.000 0.000 61.250 57.240 48.228 0.000 0.000 49.066 61.046 60.030 0.000 0.000 8.200 65.081 56.828 60.650 67.728 82.788 94.711 86.395 87.951 87.515 87.326 87.109 84.896 67.692 46.505 52.505 50.505 31.505 0.000 0.000 0.000 7.271 58.244 40.207 41.163 45.111 53.052 42.988 40.919 39.849 43.776 58.704 65.632 57.560 43.490 38.420 40.351 40.283 40.216 40.149 39.083
58.808 56.732 60.630 71.511 65.424 58.365 77.330 66.317 18.334 0.000 11.988 61.840 77.764 72.716 72.682 75.664 0.000 0.000 0.000 0.000 7.203 7.208 59.220 50.217 53.211 0.000 0.000 0.000 97.042 124.032 39.018 0.000 64.320 59.216 59.054 58.961 55.044 95.063 94.893 87.441 91.047 87.793 87.585 87.371 79.145 31.919 0.000 54.505 32.505 0.000 0.000 0.000 46.377 45.334 44.298 40.258 44.213 56.160 61.102 59.038 51.970 41.900 50.828 58.756 37.684 43.613 56.543 53.474 49.407 57.340 38.274 40.208 38.141
56.868 62.796 72.713 64.625 56.549 56.487 69.435 77.387 73.352 76.277 78.136 73.023 67.947 69.896 58.863 57.847 0.000 0.000 0.000 8.196 64.198 63.200 51.203 53.199 54.189 58.168 57.155 0.000 8.050 2.035 0.982 10.719 70.543 63.410 58.248 59.339 57.384 95.219 57.055 64.646 79.242 87.063 87.850 85.644 44.394 0.000 0.000 0.000 0.000 0.000 0.000 47.445 41.420 41.390 41.356 42.316 52.269 61.216 60.156 60.092 56.024 51.953 61.881 44.808 39.736 40.665 40.596 50.528 63.461 50.396 38.332 39.266 45.200
62.938 73.872 63.800 56.727 57.660 57.599 59.537 43.444 69.408 67.345 59.255 56.170 55.104 71.057 73.028 60.013 0.000 0.000 0.000 64.193 60.193 57.193 50.192 54.187 54.177 54.161 54.142 13.110 16.072 17.042 18.992 86.860 83.727 72.595 71.550 60.547 95.496 95.364 59.107 65.756 60.533 67.337 86.110 60.960 0.000 0.000 0.000 0.000 0.000 0.000 0.000 47.471 41.467 41.449 41.420 42.380 51.332 61.277 60.216 59.150 56.080 61.007 54.934 38.860 40.787 40.716 40.647 50.580 58.515 37.452 40.390 43.327 62.259
74.013 63.953 56.889 57.825 57.764 58.710 39.670 0.000 26.491 54.439 57.368 57.297 57.242 55.202 79.177 63.165 0.000 0.000 0.000 41.191 58.189 52.187 53.184 54.179 54.170 54.157 54.140 65.117 5.086 9.068 26.077 79.004 88.901 10.789 92.710 82.902 95.612 57.677 71.321 67.965 57.836 54.641 51.292 36.126 0.000 0.000 43.038 0.000 0.000 0.000 0.000 43.500 41.529 41.521 41.493 41.453 42.403 48.345 56.281 56.212 56.138 60.063 37.987 40.911 40.837 39.765 45.696 62.629 45.567 39.507 42.450 23.391 24.309
64.094 57.038 57.979 57.919 57.861 60.809 16.764 14.728 7.625 52.553 57.482 59.409 57.364 56.333 74.313 70.304 0.000 0.000 0.000 0.000 49.184 52.183 54.180 54.175 54.168 54.158 56.146 42.131 0.000 0.000 76.244 79.178 90.087 95.958 90.061 88.099 95.712 78.724 81.427 66.270 59.175 52.102 0.000 0.000 0.000 0.000 41.038 0.000 0.000 0.000 0.000 0.000 44.628 41.611 41.579 41.535 41.482 41.420 41.351 48.277 56.199 44.119 41.039 40.961 40.884 43.811 56.741 56.676 38.615 40.560 43.512 10.478 0.000
57.179 58.125 58.068 58.011 57.954 57.899 61.848 62.796 62.729 58.666 58.598 38.493 55.472 56.452 72.439 71.435 0.000 0.000 0.000 0.000 48.181 54.179 54.177 54.173 54.168 54.162 42.154 0.000 0.000 4.609 81.476 87.380 90.280 90.226 89.304 95.845 88.204 90.921 85.610 70.552 60.492 59.488 59.623 0.000 0.000 0.000 38.039 45.039 38.038 0.000 0.000 0.000 59.745 40.717 41.677 41.628 41.569 42.501 41.426 41.346 41.262 41.176 41.091 41.008 39.928 45.853 60.783 37.718 40.658 40.605 42.560 17.530 0.000
58.268 58.215 58.159 58.102 58.044 57.987 57.931 57.879 57.829 57.785 61.750 0.000 48.579 57.566 73.555 68.562 4.608 0.000 0.000 0.000 53.178 56.177 56.175 56.172 54.169 57.166 0.000 0.000 0.000 73.742 79.670 90.585 90.467 90.575 88.625 96.050 89.336 93.980 89.871 90.805 78.756 66.737 55.757 50.757 52.757 0.000 0.000 44.039 39.038 45.033 46.018 43.980 49.888 59.835 41.785 42.729 51.664 58.590 40.507 41.418 41.326 41.232 41.140 40.052 44.968 63.890 57.819 46.754 39.695 40.642 42.595 57.553 75.507
58.360 58.307 58.252 58.194 58.134 58.072 58.012 60.959 58.924 57.892 61.869 0.000 48.699 57.676 74.656 66.647 6.655 0.000 0.000 0.000 26.177 36.176 35.174 35.172 56.170 41.168 0.000 0.000 0.000 75.947 85.881 90.793 90.752 89.856 96.670 96.377 90.398 91.242 90.100 90.044 90.990 81.946 46.911 0.000 0.000 0.000 0.000 42.041 42.042 39.042 41.041 42.033 40.994 47.950 61.899 44.839 42.769 52.687 40.595 41.495 41.391 41.287 41.186 41.091 49.002 61.922 48.849 60.784 38.725 39.672 44.624 65.579 77.531
58.454 58.401 58.346 58.289 58.226 61.155 63.087 35.020 56.015 58.992 60.964 20.938 51.841 56.785 68.743 66.718 7.709 0.000 0.000 0.000 0.000 0.000 2.173 2.172 37.171 0.000 0.000 0.000 24.385 74.218 91.113 90.995 91.112 89.198 96.937 88.979 94.687 90.383 90.338 90.272 90.213 80.148 41.029 0.000 0.000 0.000 0.000 0.000 45.048 46.053 33.070 41.116 42.106 42.071 46.022 61.960 44.885 41.795 41.691 41.575 41.455 41.338 39.227 45.123 64.029 44.945 43.871 57.807 41.749 39.698 46.651 72.606 77.561
58.550 58.497 58.444 58.389 60.327 36.234 38.160 0.000 18.126 54.096 58.057 62.010 57.943 60.878 65.814 70.773 9.754 0.000 0.000 0.000 0.000 3.173 55.173 62.173 0.000 0.000 0.000 7.668 83.551 85.431 91.326 91.283 90.403 97.417 97.185 90.039 90.755 90.628 90.559 90.496 89.442 69.403 0.000 0.000 0.000 0.000 0.000 0.000 0.000 37.053 0.000 48.257 45.241 41.207 41.158 43.095 60.015 48.918 40.798 41.659 41.518 40.384 45.260 47.146 46.044 42.958 40.885 40.823 40.768 41.720 54.676 76.634 77.594
58.645 58.593 58.543 58.497 63.460 1.445 0.000 24.356 16.266 50.208 59.157 57.104 59.041 70.970 42.863 36.805 1.779 0.000 0.000 0.000 0.000 53.173 59.173 61.173 0.000 0.000 0.000 70.786 75.718 89.630 91.514 91.646 89.741 97.631 89.533 91.211 90.906 90.848 90.775 90.711 82.657 59.620 0.000 0.000 0.000 0.000 0.000 0.000 0.000 0.000 0.000 52.414 47.395 41.359 39.309 42.245 42.165 58.062 50.925 41.743 42.573 40.420 47.283 47.158 44.044 37.957 40.888 40.831 42.781 56.737 75.697 77.661 80.628
59.738 57.686 57.638 57.597 60.566 30.555 27.528 59.446 64.374 58.314 56.260 63.206 73.149 76.098 0.059 0.000 0.000 0.000 0.000 0.000 0.000 21.173 28.173 30.173 0.000 0.000 0.000 72.972 80.908 90.820 91.812 90.851 98.025 97.834 90.562 91.268 91.132 91.055 90.983 90.917 72.855 54.799 0.000 0.000 0.000 0.000 0.000 0.000 0.000 0.000 0.000 50.590 48.565 48.525 45.473 38.411 40.336 41.240 57.097 56.817 53.611 50.442 43.294 42.157 39.019 39.939 40.880 44.831 64.788 76.750 76.715 77.685 76.659
73.826 72.774 71.727 69.686 66.650 67.620 67.582 64.526 65.469 67.415 67.363 73.310 75.252 33.175 0.000 0.000 0.000 0.000 0.000 0.000 0.000 0.000 0.000 0.000 0.000 11.480 19.401 74.222 91.114 92.023 91.973 91.202 98.203 90.034 91.711 91.400 91.337 91.257 91.186 89.119 71.046 41.922 0.000 0.000 0.000 0.000 0.000 0.000 0.000 0.000 0.000 40.791 44.751 47.701 48.647 47.590 44.529 40.465 34.407 0.000 0.000 0.000 0.000 0.000 42.934 40.901 43.862 64.825 77.790 76.758 77.730 80.705 76.684
69.910 71.858 70.811 72.769 74.730 73.694 72.654 70.608 68.561 68.513 69.467 65.419 65.373 0.000 0.000 0.000 0.000 0.000 0.000 0.000 0.000 0.000 0.000 0.000 0.000 60.559 83.502 82.400 91.306 92.195 92.322 90.425 98.369 92.126 91.733 91.610 91.527 91.452 91.384 87.327 67.287 0.000 0.000 0.000 0.000 0.000 0.000 0.000 0.000 0.000 48.177 43.031 39.947 41.882 46.825 48.773 48.725 49.685 40.658 0.000 0.000 0.000 0.000 0.000 43.883 41.867 57.843 78.816 76.789 76.764 76.741 77.721 76.704
57.988 57.937 58.890 65.848 74.808 80.770 68.732 62.692 57.652 55.612 54.572 60.525 39.449 0.000 0.000 0.000 0.000 0.000 0.000 0.000 0.000 0.000 0.000 0.000 0.000 66.694 82.648 90.572 92.486 92.453 91.582 98.663 98.522 94.142 91.949 91.790 91.714 91.638 91.572 86.519 61.487 0.000 0.000 0.000 0.000 0.000 0.000 0.000 0.000 48.445 43.323 43.210 43.124 42.055 38.999 43.952 47.915 48.890 45.882 0.000 0.000 0.000 0.000 46.839 40.848 44.841 72.826 76.807 76.787 76.767 76.749 76.733 76.720
57.061 57.011 60.965 65.923 67.884 70.847 60.811 56.776 57.742 57.711 59.683 37.661 0.000 0.000 0.000 0.000 0.000 0.000 0.000 0.000 0.000 0.000 0.000 0.000 0.000 52.876 81.823 91.753 92.651 92.781 90.890 98.794 91.687 93.362 92.044 91.979 91.892 91.815 91.746 82.690 55.656 0.000 0.000 0.000 0.000 0.000 0.000 0.000 47.678 43.566 43.460 43.363 43.283 43.216 43.162 40.120 39.091 42.080 49.099 49.186 0.000 0.000 0.000 40.829 41.830 59.824 76.814 75.800 75.785 76.769 76.755 76.742 76.732
57.129 57.081 59.037 59.996 57.958 56.923 57.890 56.859 56.831 56.807 61.788 6.776 0.000 0.000 0.000 0.000 0.000 0.000 0.000 0.000 0.000 0.000 0.000 0.000 4.244 61.109 90.020 92.936 92.906 92.036 99.030 98.916 94.683 92.385 92.241 92.153 92.066 91.983 92.906 72.838 60.791 0.000 0.000 47.284 0.000 47.051 49.007 48.923 43.790 43.683 43.587 43.501 43.427 43.365 43.314 43.275 42.249 39.239 48.248 49.273 42.273 0.000 0.000 48.819 40.817 48.812 54.804 57.794 61.782 67.770 73.759 75.749 75.741
58.194 58.148 58.105 58.066 58.030 56.997 56.966 56.939 56.916 55.897 63.885 14.879 0.000 0.000 0.000 0.000 0.000 0.000 0.000 0.000 0.000 0.000 0.000 0.000 45.380 81.297 92.211 93.101 93.241 91.333 99.133 92.133 93.809 92.493 92.419 92.324 92.234 92.146 93.058 64.966 42.879 0.000 0.000 43.284 0.000 42.095 44.047 43.972 43.878 43.787 43.703 43.627 43.559 43.501 43.454 43.417 41.392 43.380 49.379 46.385 0.000 0.000 0.000 47.810 46.808 45.804 44.797 43.789 42.780 46.771 57.762 53.754 55.748
56.255 56.211 56.170 56.133 56.099 56.067 56.039 57.015 58.995 60.982 35.975 2.976 0.000 0.000 0.000 0.000 0.000 0.000 0.000 3.615 12.607 0.000 0.000 15.739 56.597 87.491 93.388 93.376 92.404 99.312 99.227 95.123 92.829 92.681 92.588 92.494 92.401 92.309 88.214 35.090 0.000 0.000 0.000 43.284 49.264 44.187 44.114 44.039 43.962 43.886 43.812 43.744 43.682 43.628 43.583 43.548 40.523 49.509 49.504 45.504 0.000 0.000 0.000 46.804 45.801 46.797 46.792 46.785 46.778 46.771 45.764 45.757 44.752
57.312 57.270 60.232 64.197 67.164 71.135 73.109 76.086 75.069 67.059 5.059 16.075 40.129 8.153 0.000 0.000 0.000 0.000 0.000 43.623 70.598 10.559 0.000 49.880 82.781 92.672 93.572 93.502 92.725 99.386 91.558 93.245 92.929 92.854 92.757 92.662 92.567 93.474 80.399 0.000 0.000 0.000 0.000 23.303 43.323 44.273 46.185 46.107 44.044 43.981 43.917 43.854 43.797 43.746 43.703 40.668 45.643 48.628 49.622 40.624 0.000 0.000 0.000 30.800 51.796 51.792 48.787 45.782 45.776 46.770 47.765 47.760 46.756
59.365 58.327 65.291 74.258 75.227 74.199 73.174 72.153 69.137 63.127 38.125 55.135 73.158 42.178 26.198 2.207 0.000 0.000 14.695 53.656 67.605 6.519 25.356 67.121 91.972 94.856 93.696 93.908 91.884 99.448 93.542 93.257 93.110 93.018 92.925 92.831 92.732 94.620 38.510 0.000 0.000 0.000 0.000 0.000 39.451 45.396 26.247 26.161 43.128 44.078 44.019 43.960 43.905 43.855 42.813 40.779 49.754 49.738 46.734 40.745 46.794 0.000 0.000 0.000 62.791 77.788 70.784 66.779 62.774 58.770 61.765 61.761 44.758
59.416 59.381 62.348 65.316 64.287 62.260 60.235 58.214 56.197 56.186 65.180 67.182 64.191 61.201 65.210 13.215 0.000 0.000 54.735 84.702 35.645 31.557 65.429 89.275 94.141 93.997 94.114 92.069 99.531 91.945 93.660 93.347 93.276 93.183 93.094 93.005 95.910 52.765 0.000 0.000 0.000 0.000 0.000 0.000 41.635 46.612 0.000 0.000 40.228 44.182 44.122 44.062 44.007 43.958 40.916 48.882 49.855 48.837 39.828 43.830 43.842 0.000 0.000 0.000 30.788 60.786 78.781 77.776 77.772 77.769 77.765 71.762 61.760
59.466 59.434 59.402 58.372 58.344 59.318 59.293 59.272 57.253 58.238 63.228 66.223 62.223 57.225 60.227 15.228 0.000 0.000 46.806 56.773 34.715 67.634 82.529 91.409 94.291 94.222 93.320 99.899 99.669 92.934 93.663 93.521 93.434 93.346 93.262 93.187 96.136 0.000 0.000 11.502 20.502 0.000 0.000 42.935 45.840 44.807 51.838 0.736 40.374 44.301 44.226 44.160 44.103 42.053 44.011 49.976 49.948 41.927 42.913 43.905 43.903 0.000 0.000 0.000 0.000 0.000 60.777 76.773 76.770 76.768 76.765 77.763 77.761
59.515 59.485 59.456 59.427 59.400 59.374 59.349 58.326 57.305 61.287 65.271 65.259 60.252 56.248 61.246 14.242 0.000 0.000 42.910 11.870 58.810 82.734 88.643 94.548 94.397 94.606 92.594 100.105 92.352 94.063 93.751 93.682 93.591 93.505 93.422 100.345 84.311 0.000 7.501 57.502 43.502 0.000 0.000 38.030 45.985 44.937 44.885 50.773 48.568 47.423 44.320 44.248 44.191 41.142 49.100 50.063 46.033 41.009 43.990 43.974 45.961 49.972 0.000 0.000 0.000 0.000 0.000 73.770 76.768 76.766 76.764 77.763 75.761
59.565 59.536 59.508 59.481 59.454 59.428 58.403 57.379 59.355 63.332 66.309 62.291 57.278 56.271 59.265 41.253 28.226 29.166 25.055 25.986 65.920 86.848 92.769 94.658 94.796 92.786 100.465 100.293 93.356 94.069 93.923 93.834 93.746 93.662 98.576 41.458 56.454 26.491 57.501 65.503 0.000 0.000 0.000 37.170 46.131 45.072 44.992 54.873 65.702 39.503 49.383 45.321 42.271 44.224 50.182 49.145 40.113 43.087 44.065 44.041 30.995 31.984 0.000 0.000 0.000 0.000 0.000 54.767 75.766 76.765 76.764 80.763 76.762
59.615 59.588 59.560 59.533 59.507 59.481 57.456 57.431 61.406 68.376 69.342 65.316 60.300 58.292 58.289 60.280 60.259 69.218 10.157 44.098 82.038 88.971 94.899 94.864 93.995 100.773 100.623 93.709 94.490 94.153 94.079 93.984 93.898 93.819 101.761 0.000 39.555 41.518 31.508 33.505 0.000 0.000 0.000 40.350 46.298 45.227 51.139 67.027 43.864 0.000 30.388 43.383 41.347 49.302 50.259 46.220 43.188 44.161 44.141 46.128 0.000 0.000 0.000 0.000 0.000 0.000 46.766 27.766 66.765 76.764 76.763 81.762 76.761
59.666 59.639 59.612 59.585 59.559 58.534 57.509 59.485 66.459 43.427 19.367 18.332 15.313 45.308 62.318 57.319 60.311 41.291 3.256 49.212 87.160 93.107 94.994 95.236 93.258 100.910 94.041 94.818 94.386 94.327 94.223 94.129 94.040 94.958 92.887 14.831 14.693 0.000 0.000 0.000 0.000 0.000 39.725 47.581 45.485 44.398 64.311 68.230 0.000 0.000 0.545 39.476 45.431 50.379 50.331 40.289 44.255 44.229 44.212 47.202 0.000 0.000 0.000 0.000 0.000 0.000 25.766 0.000 54.763 76.763 76.762 82.762 76.761
59.717 59.690 59.663 59.637 58.611 57.586 59.562 62.539 70.519 29.504 0.000 0.000 0.000 0.000 44.357 59.367 60.376 46.379 48.364 74.333 91.293 95.217 95.389 93.409 101.152 101.036 95.019 94.714 94.565 94.462 94.364 94.269 94.177 97.085 81.997 10.914 0.000 0.000 0.000 0.000 0.000 1.113 39.870 46.763 45.662 43.569 71.477 32.354 0.000 0.000 45.720 50.606 50.522 50.454 48.397 43.351 44.315 44.290 44.273 46.267 0.000 50.356 2.356 0.000 0.000 0.000 0.000 0.000 47.762 76.762 76.761 76.761 76.761
59.767 59.740 59.714 59.688 58.662 57.637 61.613 65.591 69.575 27.566 0.000 0.000 0.000 0.000 24.387 67.416 62.447 68.484 81.488 90.467 94.427 95.433 94.582 101.357 101.258 94.353 95.128 94.785 94.702 94.598 94.501 94.408 98.312 61.208 33.103 0.000 0.000 0.000 0.000 0.000 2.402 42.270 47.081 45.941 47.830 44.739 68.673 0.000 0.000 41.012 47.850 63.708 52.599 49.515 45.451 43.402 43.366 44.340 44.326 44.325 49.348 45.356 36.356 0.000 0.000 0.000 43.760 45.760 44.761 76.761 76.761 76.760 76.760
59.816 59.791 59.765 59.739 57.713 59.686 65.661 66.639 64.623 51.618 12.635 0.000 0.000 0.000 0.000 20.463 16.511 56.623 87.638 91.617 95.557 95.726 93.848 101.446 93.662 95.441 95.006 94.941 96.829 95.730 94.636 94.547 100.457 23.332 0.000 0.000 0.000 0.000 0.000 23.617 62.515 62.391 50.242 47.091 57.978 52.885 53.803 14.730 2.565 39.175 43.958 54.777 50.649 54.558 48.491 51.441 50.405 47.379 44.364 43.359 43.363 49.364 0.000 0.000 0.000 0.000 40.760 40.760 50.760 76.760 76.760 76.760 76.760
