results2_8e3_rain/res_3e8f-0048.wd
ncols         241
nrows         181
xllcorner     12693529.787448
yllcorner     3542525.717860
cellsize      155.156523
NODATA_value  -9999.000000
[rows 66 to 98 of 181, columns 74 to 147 of 241]
25.225 0.000 50.541 67.526 66.504 66.484 0.000 38.010 37.996 51.005 47.011 45.993 45.949 44.880 120.780 108.669 0.000 0.000 0.000 41.887 36.859 41.825 44.792 44.754 46.711 47.672 52.634 53.599 54.563 45.514 0.000 0.000 43.923 93.923 75.843 79.707 79.798 77.858 85.817 78.285 78.765 79.507 78.283 78.064 78.862 48.710 0.000 0.000 0.000 0.000 0.000 0.000 0.000 13.196 11.179 11.146 11.100 11.042 10.981 14.914 27.839 24.757 9.669 20.577 29.489 8.406 11.325 17.246 22.169 18.092 12.017 9.944 7.873 22.804
52.217 0.000 38.721 62.693 61.672 55.676 8.744 0.000 0.000 44.067 57.130 46.130 45.098 46.037 26.908 0.000 0.000 0.000 0.000 0.000 0.000 52.829 50.811 48.781 31.722 34.675 41.632 42.601 47.574 38.544 0.000 0.000 0.000 54.145 72.064 79.010 79.111 86.238 86.035 78.356 79.045 78.759 78.551 78.343 73.157 31.026 0.000 0.000 28.209 0.000 0.000 0.000 19.230 14.230 11.211 11.177 11.131 11.076 11.014 10.947 10.874 17.796 31.713 32.629 15.545 9.464 10.384 11.306 15.229 14.153 10.078 10.005 10.934 29.865
47.192 52.088 49.928 63.855 56.816 57.803 54.813 0.000 0.000 0.000 59.312 54.298 49.278 51.260 0.000 0.000 0.000 0.000 0.000 0.000 0.000 51.851 47.844 38.835 0.000 0.000 39.616 51.601 50.589 0.000 0.000 0.000 56.638 48.448 52.298 59.392 74.466 86.426 78.091 79.647 79.213 79.026 78.811 76.599 59.397 38.211 44.210 42.210 23.209 0.000 0.000 0.000 0.000 28.284 10.258 11.219 15.171 23.116 13.054 10.987 9.915 13.839 28.760 35.679 27.599 13.520 8.443 10.366 10.289 10.213 10.137 9.063 15.993 36.925
46.223 50.144 61.050 54.982 47.935 66.906 55.893 7.905 0.000 1.660 51.508 67.472 62.456 62.467 65.546 0.000 0.000 0.000 0.000 0.000 0.000 49.881 40.880 43.881 0.000 0.000 0.000 87.596 114.593 29.592 0.000 55.985 50.831 50.682 50.608 46.707 86.770 86.604 79.136 82.743 79.491 79.284 79.071 70.847 23.622 0.000 46.210 24.210 0.000 0.000 0.000 16.465 15.432 14.364 10.318 14.271 26.220 31.162 29.099 22.032 11.960 20.885 28.808 7.730 13.653 26.576 23.500 19.425 27.349 8.272 10.193 8.119 21.050 43.983
52.279 62.215 54.146 46.087 46.038 58.994 66.949 62.916 65.869 67.781 62.679 57.628 59.605 48.606 47.626 0.000 0.000 0.000 0.000 54.927 53.922 41.911 43.913 44.928 48.966 47.992 0.000 0.000 0.000 0.000 2.287 62.139 55.018 49.876 50.986 49.050 86.920 48.749 56.340 70.938 78.760 79.548 77.343 36.095 0.000 0.000 0.000 0.000 0.000 0.000 17.520 11.498 11.468 11.424 12.378 22.328 31.274 30.214 30.150 26.081 22.008 31.933 14.857 9.781 10.705 10.631 20.557 33.485 20.411 8.332 9.244 15.169 3.106 8.043
63.345 53.290 46.234 47.182 47.135 49.082 32.991 58.944 56.910 48.858 45.798 44.756 60.732 62.724 49.727 0.000 0.000 0.000 54.932 50.931 47.930 40.929 44.935 44.951 44.979 45.017 4.090 7.214 8.338 10.453 78.411 75.313 64.189 63.178 52.197 87.182 87.058 50.801 57.451 52.229 59.034 77.807 52.658 0.000 0.000 0.000 0.000 0.000 0.000 0.000 17.542 11.538 11.519 11.484 12.441 21.391 31.334 30.272 29.205 26.133 31.059 24.983 8.907 10.831 10.756 10.684 20.614 28.546 7.479 10.402 13.284 32.206 49.164 28.103
53.415 46.366 47.318 47.274 48.236 29.210 0.000 15.957 43.971 46.942 46.899 46.866 44.844 68.833 52.830 0.000 0.000 0.000 31.934 48.936 42.937 43.940 44.947 44.961 44.982 45.009 56.039 0.000 0.510 17.609 70.575 80.505 2.425 84.351 74.560 87.289 49.369 63.015 59.661 49.533 46.338 42.990 27.824 0.000 0.000 13.083 0.000 0.000 0.000 0.000 13.569 11.595 11.585 11.554 11.511 12.459 18.400 26.334 26.264 26.189 30.112 8.034 10.956 10.880 9.806 15.735 32.669 15.608 9.554 12.515 0.000 0.000 25.242 0.000
46.487 47.442 47.398 47.359 50.327 6.312 4.334 0.000 42.075 47.040 48.992 46.964 45.946 63.935 59.930 0.000 0.000 0.000 0.000 39.941 42.943 44.946 44.953 44.964 44.980 46.998 33.019 0.000 0.000 67.810 70.772 81.711 87.617 81.721 79.765 87.377 70.418 73.123 57.967 50.873 43.800 0.000 0.000 0.000 0.000 11.083 0.000 0.000 0.000 0.000 0.000 14.689 11.671 11.637 11.591 11.536 11.472 11.402 18.327 26.247 14.166 11.085 11.004 10.926 13.852 26.782 26.719 8.662 10.616 13.588 0.000 0.000 52.320 42.333
47.559 47.517 47.475 47.436 47.402 51.377 52.357 52.312 48.214 48.151 28.065 45.053 46.040 62.030 61.025 0.000 0.000 0.000 0.000 38.945 44.947 44.950 44.956 44.964 44.974 32.986 0.000 0.000 0.000 73.048 78.996 81.920 81.887 80.973 87.495 79.897 82.618 77.308 62.251 52.191 51.188 51.323 0.000 0.000 0.000 8.084 15.084 8.084 0.000 0.000 0.000 29.801 10.773 11.732 11.681 11.621 12.552 11.476 11.394 11.308 11.221 11.134 11.050 9.970 15.894 30.824 7.761 10.706 10.661 12.633 0.000 0.000 54.384 46.370
47.633 47.591 47.549 47.508 47.470 47.436 47.404 47.367 47.318 51.284 0.000 38.143 47.133 63.122 58.115 0.000 0.000 0.000 0.000 43.947 46.949 46.952 46.956 44.961 47.966 0.000 0.000 0.000 65.499 71.339 82.242 82.130 82.248 80.303 87.702 81.033 85.679 81.571 82.506 70.457 58.438 47.458 42.458 44.457 0.000 0.000 14.085 9.085 15.080 16.066 14.030 19.941 29.888 11.837 12.780 21.714 28.639 10.555 11.464 11.370 11.275 11.182 10.092 15.008 33.930 27.859 16.795 9.739 10.691 12.649 27.604 45.544 46.463 46.418
47.707 47.666 47.623 47.578 47.533 47.493 50.458 48.434 47.406 51.384 0.000 38.244 47.226 64.209 56.198 0.000 0.000 0.000 0.000 16.949 26.950 25.953 25.956 46.960 31.963 0.000 0.000 0.000 67.659 77.569 82.472 82.433 81.543 88.369 88.056 82.100 82.945 81.803 81.747 82.693 73.649 38.613 0.000 0.000 0.000 0.000 12.087 12.089 9.090 11.089 12.082 11.045 18.001 31.949 14.889 12.817 22.734 10.641 11.539 11.434 11.328 11.226 11.130 19.040 31.959 18.887 30.822 8.766 9.715 14.668 35.619 47.566 46.507 46.457
47.783 47.743 47.699 47.650 50.591 52.544 24.502 45.505 48.487 50.464 10.444 41.364 46.319 58.288 56.272 0.000 0.000 0.000 0.000 0.000 0.000 0.000 0.000 27.960 0.000 0.000 0.000 16.058 65.910 82.805 82.687 82.807 80.898 88.649 80.689 86.395 82.090 82.045 81.978 81.919 71.853 32.733 0.000 0.000 0.000 0.000 0.000 15.095 16.101 3.118 11.166 12.155 12.121 16.071 32.008 14.932 11.841 11.735 11.618 11.497 11.378 9.265 15.160 34.065 14.980 13.906 27.842 11.786 9.735 16.688 42.641 47.592 46.541 46.490
47.861 47.823 47.782 49.730 25.637 27.590 0.000 7.598 43.573 47.541 51.503 47.449 50.399 55.354 60.329 0.000 0.000 0.000 0.000 0.000 0.000 0.000 0.000 0.000 0.000 0.000 0.000 75.206 77.120 83.024 82.985 82.109 89.150 88.909 81.753 82.467 82.338 82.269 82.205 81.151 61.111 0.000 0.000 0.000 0.000 0.000 0.000 0.000 7.101 0.000 18.307 15.291 11.256 11.206 13.142 30.061 18.962 10.841 11.700 11.558 10.423 15.297 17.181 16.078 12.990 10.917 10.855 10.800 11.752 24.707 46.664 47.621 49.575 45.523
47.940 47.906 47.876 52.852 0.000 0.000 13.792 5.715 39.667 48.624 46.580 48.530 60.476 32.397 26.363 0.000 0.000 0.000 0.000 0.000 0.000 0.000 0.000 0.000 0.000 0.000 62.580 67.440 81.340 83.223 83.356 81.457 89.370 81.255 82.929 82.622 82.562 82.488 82.423 74.368 51.330 0.000 0.000 0.000 0.000 0.000 0.000 0.000 0.000 0.000 22.464 17.444 11.408 9.356 12.291 12.209 28.105 20.967 11.784 12.612 10.458 17.318 17.191 14.075 7.987 10.917 10.859 12.809 26.765 45.725 47.688 50.653 42.616 3.569
47.017 46.987 46.963 49.951 19.967 16.939 48.868 53.806 47.755 45.708 52.662 62.616 65.576 0.000 0.000 0.000 0.000 0.000 0.000 0.000 0.000 0.000 0.000 0.000 0.000 0.000 64.721 72.636 82.539 83.529 82.571 89.775 89.579 82.286 82.989 82.850 82.772 82.699 82.631 64.568 46.511 0.000 0.000 0.000 0.000 0.000 0.000 0.000 0.000 0.000 20.642 18.616 18.574 15.520 8.457 10.380 11.283 27.139 26.857 23.649 20.478 13.328 12.188 9.046 9.965 10.905 14.855 34.812 46.774 46.741 47.711 46.686 37.668 0.000
62.090 61.062 59.040 56.023 57.010 56.982 53.936 54.886 56.839 56.792 62.745 64.697 22.636 0.000 0.000 0.000 0.000 0.000 0.000 0.000 0.000 0.000 0.000 0.000 3.188 11.115 65.947 82.838 83.745 83.695 82.926 89.957 81.764 83.436 83.124 83.058 82.976 82.904 80.836 62.762 33.636 0.000 0.000 0.000 0.000 0.000 0.000 0.000 0.000 0.000 10.845 14.803 17.751 18.695 17.636 14.573 10.507 4.448 0.000 0.000 0.000 0.000 0.000 12.956 10.922 13.883 34.845 47.811 46.780 47.752 50.729 46.711 43.703 24.712
61.159 60.133 62.110 64.090 63.070 62.043 60.007 57.966 57.922 58.876 54.829 54.791 0.000 0.000 0.000 0.000 0.000 0.000 0.000 0.000 0.000 0.000 0.000 0.000 52.261 75.210 74.115 83.025 83.916 84.046 82.154 90.125 83.857 83.460 83.336 83.251 83.174 83.105 79.047 59.006 0.000 0.000 0.000 0.000 0.000 0.000 0.000 0.000 0.000 18.241 13.090 10.002 11.933 16.873 18.818 18.768 19.725 10.697 0.000 0.000 0.000 0.000 0.000 13.900 11.884 27.859 48.833 46.806 46.782 46.760 47.742 46.728 46.721 37.721
47.225 48.200 55.179 64.159 70.138 58.113 52.083 47.048 45.008 43.960 49.904 28.847 0.000 0.000 0.000 0.000 0.000 0.000 0.000 0.000 0.000 0.000 0.000 0.000 58.387 74.348 82.280 84.201 84.174 83.310 90.421 90.279 85.875 83.679 83.518 83.440 83.363 83.295 78.242 53.209 0.000 0.000 0.000 0.000 0.000 0.000 0.000 0.000 18.520 13.392 13.273 13.181 12.107 9.046 13.996 17.956 18.929 15.920 0.000 0.000 0.000 0.000 16.848 10.860 14.854 42.839 46.820 46.800 46.781 46.764 46.749 46.739 46.732 21.730
46.287 50.265 55.246 57.228 60.210 50.189 46.165 47.136 47.101 49.055 26.979 0.000 0.000 0.000 0.000 0.000 0.000 0.000 0.000 0.000 0.000 0.000 0.000 0.000 44.551 73.514 83.457 84.365 84.503 82.620 90.550 83.424 85.096 83.776 83.710 83.621 83.542 83.472 74.415 47.381 0.000 0.000 0.000 0.000 0.000 0.000 0.000 17.771 13.649 13.534 13.429 13.342 13.269 13.210 10.163 9.130 12.116 19.132 19.217 0.000 0.000 0.000 10.837 11.838 29.833 46.822 45.809 45.794 46.779 46.765 46.754 46.745 45.739 11.737
46.346 48.327 49.311 47.297 46.284 47.269 46.252 46.231 46.205 51.180 0.000 0.000 0.000 0.000 0.000 0.000 0.000 0.000 0.000 0.000 0.000 0.000 0.000 0.000 52.752 81.704 84.638 84.620 83.760 90.783 90.671 86.422 84.122 83.976 83.886 83.797 83.713 84.635 64.566 52.518 0.000 0.000 17.498 0.000 17.207 19.150 19.047 13.893 13.772 13.665 13.569 13.487 13.418 13.361 13.316 12.286 9.272 18.278 19.301 12.301 0.000 0.000 18.824 10.823 18.818 24.809 27.799 31.787 37.776 43.765 45.756 45.748 43.744 8.741
47.402 47.387 47.376 47.367 46.359 46.352 46.343 46.330 45.309 53.279 4.279 0.000 0.000 0.000 0.000 0.000 0.000 0.000 0.000 0.000 0.000 0.000 0.000 37.152 73.000 83.911 84.809 84.959 83.061 90.883 83.876 85.549 84.232 84.157 84.060 83.969 83.879 84.789 56.696 34.607 0.000 0.000 13.498 0.000 12.264 14.196 14.097 13.984 13.879 13.784 13.697 13.620 13.554 13.499 13.456 11.426 13.409 19.406 16.410 0.000 0.000 0.000 17.814 16.811 15.806 14.799 13.790 12.781 16.772 27.763 23.756 25.750 29.746 10.744
45.455 45.444 45.438 45.435 45.435 45.437 46.440 48.438 50.421 25.350 0.000 0.000 0.000 0.000 0.000 0.000 0.000 0.000 0.000 4.203 0.000 0.000 7.417 48.304 79.191 85.091 85.088 84.126 91.054 90.973 86.866 84.572 84.422 84.328 84.233 84.138 84.044 79.948 26.822 0.000 0.000 0.000 13.498 19.499 14.391 14.272 14.163 14.067 13.978 13.894 13.815 13.743 13.679 13.626 13.584 10.553 19.534 19.525 15.524 0.000 0.000 0.000 16.806 15.801 16.796 16.790 16.782 16.775 16.767 15.760 15.754 14.749 13.746 13.744
46.503 49.498 53.496 56.500 60.508 62.522 65.540 64.563 56.586 0.000 6.120 30.150 0.000 0.000 0.000 0.000 0.000 0.000 35.207 62.204 2.203 0.000 41.531 74.455 84.361 85.273 85.216 84.450 91.122 83.305 84.992 84.674 84.598 84.500 84.404 84.307 85.212 72.136 0.000 0.000 0.000 0.000 0.000 13.608 14.528 16.338 16.215 14.144 14.073 13.999 13.926 13.857 13.795 13.742 10.700 15.668 18.647 19.637 10.636 0.000 0.000 0.000 0.799 21.792 21.788 18.782 15.775 15.769 16.762 17.757 17.752 16.748 16.745 17.743
47.548 54.547 63.551 64.560 63.577 62.601 61.637 58.689 52.775 27.953 45.091 63.179 32.265 16.317 0.000 0.000 0.000 6.217 45.210 59.201 0.000 16.854 58.722 83.622 86.535 85.397 85.626 83.613 91.177 85.292 85.007 84.859 84.766 84.671 84.576 84.475 86.361 30.248 0.000 0.000 0.000 0.000 0.000 9.799 15.774 0.000 0.000 13.220 14.172 14.105 14.032 13.963 13.902 12.849 10.805 19.773 19.751 16.741 10.748 16.790 0.000 0.000 0.000 32.785 47.781 40.775 36.769 32.763 28.757 31.752 31.748 14.745 15.743 16.743
48.588 51.591 54.600 53.615 51.638 49.671 47.717 45.781 45.871 54.994 57.112 54.211 51.300 55.370 3.428 0.000 0.000 46.225 76.216 27.189 23.117 56.987 80.878 85.787 85.675 85.819 83.792 91.249 83.699 85.415 85.101 85.029 84.935 84.844 84.754 87.656 44.509 0.000 0.000 0.000 0.000 0.000 0.000 12.013 16.997 0.000 0.000 10.344 14.291 14.215 14.136 14.063 13.999 10.945 18.901 19.866 18.842 9.828 13.825 13.833 0.000 0.000 0.000 0.780 30.775 48.768 47.762 47.757 47.752 47.748 41.744 31.742 17.740 0.000
48.624 48.630 47.642 47.661 48.689 48.727 48.779 46.847 47.934 53.040 56.150 52.256 47.352 50.433 5.487 0.000 0.000 38.241 48.240 26.222 59.175 74.100 83.020 85.941 85.907 85.031 91.640 91.390 84.693 85.423 85.280 85.191 85.102 85.017 84.940 87.888 0.000 0.000 3.260 12.260 0.000 0.000 13.352 16.244 15.204 22.234 0.000 10.523 14.431 14.328 14.234 14.155 12.088 14.032 19.987 19.950 11.923 12.904 13.892 13.884 0.000 0.000 0.000 0.000 0.000 30.761 46.755 46.750 46.746 46.742 47.739 47.737 22.736 0.000
48.655 48.664 48.678 48.700 48.730 48.771 47.824 46.894 50.980 55.083 55.194 50.309 46.422 51.524 4.600 0.000 0.000 34.259 3.282 50.284 74.261 80.216 86.166 86.056 86.302 84.320 91.861 84.118 85.830 85.516 85.446 85.354 85.266 85.180 92.101 76.067 0.000 0.000 49.260 35.260 0.000 0.000 8.461 16.406 15.343 15.263 21.090 18.792 17.585 14.432 14.319 14.234 11.166 19.109 20.063 16.026 10.996 13.973 13.953 15.927 19.933 0.000 0.000 0.000 0.000 0.000 43.746 46.743 46.739 46.736 47.734 45.732 19.731 0.000
48.682 48.692 48.707 48.730 48.761 47.801 46.855 48.923 53.010 56.116 52.235 47.364 46.501 49.642 31.789 19.000 20.143 16.255 17.343 57.372 78.369 84.348 86.287 86.471 84.502 92.243 92.061 85.130 85.842 85.694 85.604 85.514 85.427 90.339 33.217 48.213 18.250 49.259 57.261 0.000 0.000 0.000 7.625 16.576 15.498 15.387 25.216 35.971 9.684 19.495 15.376 12.296 14.232 20.177 19.131 10.093 13.063 14.040 14.022 0.958 1.940 0.000 0.000 0.000 0.000 0.000 24.741 45.736 46.733 46.730 50.728 46.726 35.724 0.000
48.704 48.714 48.730 48.752 48.781 46.820 46.870 50.935 58.021 59.136 55.267 50.413 48.576 48.754 50.915 51.068 60.175 1.288 35.464 73.492 80.498 86.489 86.509 85.688 92.566 92.410 85.493 86.272 85.932 85.856 85.759 85.671 85.590 93.530 0.000 31.317 33.278 23.267 25.264 0.000 0.000 0.000 10.838 16.776 15.686 21.570 37.416 14.194 0.000 0.449 13.392 11.345 19.289 20.236 16.190 13.153 14.124 14.103 16.090 0.000 0.000 0.000 0.000 0.000 0.000 0.000 0.000 36.727 46.726 46.724 51.722 46.720 46.717 35.710
48.722 48.731 48.746 48.767 47.794 46.828 48.871 55.926 33.004 9.141 8.284 5.444 35.635 52.885 48.047 51.183 32.280 0.000 40.611 78.632 84.651 86.603 86.903 84.975 92.709 85.834 86.608 86.175 86.113 86.006 85.911 85.819 86.734 84.660 6.603 6.460 0.000 0.000 0.000 0.000 0.000 10.282 18.114 16.003 14.900 34.792 38.684 0.000 0.000 0.000 9.451 15.402 20.343 20.288 10.242 14.204 14.176 14.157 17.147 0.000 0.000 0.000 0.000 0.000 0.000 0.000 0.000 24.720 46.720 46.719 52.717 46.715 46.712 40.709
48.735 48.744 48.757 47.776 46.799 48.827 51.860 59.895 18.928 0.000 0.000 0.000 0.000 35.105 50.207 51.336 37.481 39.671 65.738 82.783 86.784 87.025 85.109 92.960 92.840 86.819 86.511 86.361 86.255 86.154 86.057 85.961 88.866 73.775 2.689 0.000 0.000 0.000 0.000 0.000 0.000 10.449 17.335 16.223 14.121 42.013 2.851 0.000 0.000 15.687 20.561 20.468 20.393 18.333 13.285 14.247 14.220 14.202 16.194 0.000 20.247 0.000 0.000 0.000 0.000 0.000 0.000 17.714 46.714 46.713 46.712 46.711 46.709 44.707
48.744 48.752 48.764 47.780 46.799 50.821 54.845 58.868 16.884 0.000 0.000 0.000 0.000 15.222 58.340 53.473 59.637 72.794 81.890 85.945 87.031 86.251 93.170 93.068 86.163 86.935 86.591 86.505 86.399 86.299 86.201 90.102 52.994 24.884 0.000 0.000 0.000 0.000 0.000 0.000 12.963 17.731 16.552 18.434 15.347 39.287 0.000 0.000 11.027 17.813 33.637 22.516 19.430 15.366 13.317 13.280 14.254 14.237 14.233 19.245 15.247 6.247 0.000 0.000 0.000 13.705 15.706 14.708 46.709 46.709 46.708 46.707 46.707 44.706
48.750 48.757 48.767 46.780 48.796 54.814 55.833 53.848 40.857 1.850 0.000 0.000 0.000 0.000 11.459 7.578 47.803 78.977 83.082 87.117 87.364 85.554 93.261 85.483 87.259 86.822 86.755 88.640 87.538 86.440 86.348 92.254 15.124 0.000 0.000 0.000 0.000 0.000 0.000 33.410 33.196 20.960 17.709 28.614 23.547 24.502 0.000 0.000 9.241 13.904 24.657 20.530 24.445 18.383 21.337 20.302 17.278 14.262 13.255 13.254 19.251 0.000 0.000 0.000 0.000 10.705 10.704 20.705 46.705 46.705 46.704 46.704 46.704 20.705
