results2_8e3_rain/res_3e8f-0091.wd
ncols         241
nrows         181
xllcorner     12693529.787448
yllcorner     3542525.717860
cellsize      155.156523
NODATA_value  -9999.000000
[rows 33 to 65 of 181, columns 73 to 145 of 241]
0.000 0.000 0.000 0.000 0.000 0.000 0.000 0.000 0.000 0.000 0.000 0.000 0.000 0.000 0.000 0.000 0.000 0.000 0.000 0.000 0.000 0.000 0.000 0.000 0.000 0.000 0.000 0.000 0.000 0.000 0.000 0.000 0.000 0.000 0.000 0.000 0.000 0.000 0.000 36.071 59.072 64.073 20.075 0.000 0.000 29.141 43.165 10.148 1.150 33.173 36.185 30.183 31.167 32.136 32.091 32.030 31.953 30.862 36.748 56.583 3.247 10.663 8.086 43.354 59.860 64.408 62.984 63.604 62.159 64.265 59.337 58.910 58.898
0.000 0.000 0.000 0.000 0.000 0.000 0.000 0.000 0.000 0.000 0.000 0.000 0.000 0.000 0.000 0.000 0.000 0.000 0.000 0.000 0.000 0.000 0.000 0.000 0.000 0.000 0.000 0.000 0.000 0.000 0.000 0.000 0.000 0.000 0.000 0.000 0.000 0.000 0.000 0.000 11.072 6.073 0.000 0.000 0.000 0.000 25.241 0.000 0.000 23.207 47.241 46.245 36.230 32.198 32.147 32.078 31.991 30.891 52.786 50.684 0.000 33.622 46.240 59.723 64.240 63.785 63.373 62.897 63.974 60.006 59.260 59.505 61.818
0.000 0.000 0.000 0.000 0.000 0.000 0.000 0.000 0.000 0.000 0.000 0.000 0.000 0.000 0.000 0.000 0.000 0.000 31.673 63.673 16.672 0.000 0.000 0.000 0.000 0.000 0.000 0.000 0.000 0.000 0.000 0.000 0.000 0.000 0.000 0.000 0.000 0.000 0.000 0.000 0.000 0.000 0.000 0.000 0.000 0.000 17.318 0.000 0.000 0.000 25.328 43.324 43.309 34.278 32.223 32.144 30.042 45.924 54.820 0.000 19.380 43.963 58.529 65.058 64.588 64.150 63.645 65.691 61.688 59.739 60.122 62.454 61.707
0.000 0.000 0.000 0.000 0.000 0.000 0.000 0.000 0.000 0.000 0.000 18.674 56.674 0.000 0.000 0.000 0.000 0.000 38.673 89.673 45.672 0.000 0.000 0.000 0.000 0.000 0.000 0.000 0.000 0.000 0.000 0.000 0.000 0.000 0.000 0.000 0.000 0.000 0.000 0.000 0.000 0.000 0.000 0.000 0.000 0.000 20.394 21.430 28.447 14.448 24.419 32.414 45.407 36.380 32.324 29.232 40.107 49.946 38.748 14.366 43.797 61.320 65.858 65.386 64.933 64.403 64.419 63.386 60.334 60.757 63.096 62.350 62.125
0.000 0.000 0.000 0.000 0.000 0.000 0.000 0.000 0.000 0.000 0.000 39.674 74.674 63.674 50.674 5.674 0.000 23.673 77.673 85.673 50.672 0.000 0.000 0.000 0.000 19.451 0.000 0.000 0.000 0.000 0.000 0.000 0.000 0.000 0.000 0.000 0.000 3.458 0.000 0.000 0.000 7.459 25.459 0.000 0.000 36.444 51.435 54.448 52.463 38.477 32.487 31.507 45.523 36.512 28.459 42.355 56.208 44.005 31.862 46.554 51.121 63.663 66.191 65.727 65.176 65.161 63.104 61.044 61.417 63.754 63.007 62.779 62.456
0.000 0.000 0.000 0.000 0.000 0.000 0.000 0.000 0.000 0.000 0.000 10.674 72.674 55.674 36.674 0.000 19.674 69.673 80.673 87.673 46.672 0.000 0.000 0.000 0.000 57.451 41.451 0.000 0.000 0.000 0.000 0.000 0.000 0.000 0.000 0.000 20.458 32.458 34.458 0.000 0.000 16.459 41.459 20.458 34.457 57.454 60.454 61.464 58.481 45.508 32.547 29.603 46.666 37.687 41.646 59.521 53.365 0.000 30.138 48.868 61.471 67.016 66.546 65.977 65.928 63.852 61.886 62.108 64.437 63.687 63.453 63.122 62.803
0.000 0.000 0.000 0.000 0.000 0.000 0.000 0.000 0.000 0.000 0.000 0.000 0.000 23.674 61.674 57.674 45.674 58.674 78.673 89.673 42.672 0.000 0.000 0.000 0.000 19.451 43.451 45.452 0.000 0.000 0.000 0.000 0.000 0.000 0.000 0.000 36.458 37.458 49.458 32.458 21.459 35.459 36.459 32.459 39.459 46.460 44.463 37.472 56.490 22.528 38.589 41.692 31.851 43.923 56.917 53.719 0.000 5.116 41.686 58.306 66.881 67.399 66.828 66.740 63.649 62.903 62.845 65.153 64.399 64.157 63.816 63.483 63.145
0.000 0.000 0.000 0.000 0.000 0.000 0.000 0.000 0.000 0.000 0.000 0.000 0.000 13.674 80.674 75.675 65.675 55.675 79.674 87.673 82.671 67.668 22.666 0.000 0.000 0.000 0.000 53.452 37.452 35.452 46.452 41.453 4.453 0.000 0.000 0.457 36.458 35.458 56.458 62.458 51.459 43.459 35.460 32.460 33.461 34.463 33.466 31.472 39.480 0.505 0.000 0.963 37.124 60.235 58.380 0.000 3.888 41.547 55.181 64.800 68.315 67.853 68.607 64.532 64.178 63.649 65.917 65.154 64.900 64.547 64.201 63.845 63.482
0.000 0.000 0.000 0.000 0.000 0.000 0.000 0.000 0.000 0.000 0.000 0.000 0.000 0.000 13.675 52.675 27.676 63.676 82.675 87.673 85.671 83.667 72.664 31.662 0.000 0.000 0.000 9.452 48.452 48.452 61.452 59.453 52.453 47.453 0.000 0.000 3.457 40.458 59.458 66.458 58.459 42.460 31.460 32.461 32.462 32.464 32.467 32.470 36.473 0.000 0.000 0.000 7.319 44.515 13.989 11.333 46.229 50.999 62.713 69.296 69.125 67.337 65.633 65.850 64.556 66.750 65.965 65.689 65.319 64.960 64.592 64.215 63.817
0.000 0.000 0.000 0.000 0.000 0.000 0.000 0.000 0.000 0.000 0.000 0.000 0.000 0.000 0.000 0.000 84.678 84.678 86.677 86.675 85.671 79.666 73.662 44.659 0.000 0.000 0.000 0.000 0.000 16.452 61.453 55.453 70.453 67.453 46.454 25.456 26.457 35.458 57.458 66.458 57.459 40.460 30.461 35.462 34.463 32.465 32.467 32.469 33.470 25.470 0.000 0.000 0.000 0.000 5.728 48.780 51.695 59.531 70.234 70.327 68.671 70.497 68.142 65.628 67.683 66.851 66.536 66.139 65.759 65.377 64.994 64.605 63.182
0.000 0.000 0.000 0.000 0.000 0.000 19.546 42.545 0.000 20.501 60.492 49.481 53.471 28.466 0.000 0.000 20.680 92.681 86.681 83.678 80.672 83.665 74.658 37.654 0.000 0.000 0.000 0.000 0.000 0.000 0.000 5.453 59.453 60.453 11.454 0.000 2.457 39.458 57.458 62.458 52.459 43.460 41.461 3.462 10.463 38.465 32.466 32.468 33.469 39.469 47.469 9.469 0.000 0.000 21.414 54.367 58.251 69.048 71.249 70.874 74.190 72.739 67.030 68.764 67.838 67.453 67.012 66.601 66.196 65.796 65.403 65.028 70.728
0.000 0.000 0.000 0.000 0.000 0.000 19.547 62.543 4.530 54.510 56.494 68.480 51.468 36.460 0.000 0.000 8.682 77.684 89.688 86.684 86.675 87.663 81.652 35.645 0.000 0.000 0.000 0.000 0.000 0.000 0.000 0.000 0.000 44.454 3.454 0.000 0.000 45.458 42.458 54.458 11.459 0.000 0.000 0.000 0.000 4.466 42.466 36.467 0.000 29.469 63.469 46.469 0.000 0.000 26.157 59.992 68.887 71.998 71.747 75.954 75.212 68.444 69.934 68.910 68.439 67.940 67.488 67.053 66.629 66.210 65.792 65.376 69.973
17.821 61.819 51.817 0.000 0.000 0.000 13.552 73.552 49.536 51.515 57.494 81.476 82.460 77.447 31.435 0.000 0.000 0.000 37.704 91.696 86.680 87.661 84.642 43.628 0.000 0.000 0.000 0.000 0.000 0.000 0.000 0.000 0.000 2.453 0.000 0.000 0.000 0.000 0.000 0.000 0.000 0.000 0.000 0.000 0.000 0.000 0.000 17.467 14.467 0.000 0.000 0.000 0.000 15.564 52.979 69.926 71.593 72.519 76.880 76.499 69.504 71.002 69.975 69.449 68.901 68.408 67.942 67.495 67.057 66.622 66.179 65.710 68.155
17.822 73.819 55.815 51.810 0.000 0.000 0.594 65.575 67.549 67.520 79.492 76.469 88.449 87.433 48.422 0.000 0.000 0.000 13.728 93.714 86.689 87.659 84.626 44.599 0.000 0.000 5.227 53.194 65.158 34.134 0.000 0.000 0.000 0.000 0.000 0.000 0.000 0.000 0.000 0.000 0.000 0.000 0.000 0.000 0.000 0.000 0.000 0.000 2.467 0.000 0.000 0.000 13.534 54.037 70.992 71.567 77.779 77.267 70.820 71.355 71.811 70.942 70.416 69.853 69.335 68.845 68.378 67.926 67.483 67.041 66.594 73.131 13.643
81.823 78.819 57.813 58.805 50.794 0.000 55.661 50.622 58.565 71.523 75.485 86.459 87.435 86.415 55.399 0.000 0.000 0.000 12.767 92.743 86.705 87.658 82.605 62.541 46.442 47.349 47.259 55.197 76.146 43.110 0.000 0.000 0.000 0.000 0.000 0.000 0.000 0.000 0.000 0.000 0.000 0.000 0.000 0.000 0.000 0.000 0.000 0.000 0.000 0.000 11.640 42.413 51.914 70.894 72.479 79.158 78.552 71.385 73.075 72.377 71.795 71.291 70.752 70.236 69.738 69.261 68.799 68.349 67.907 67.466 74.024 19.578 0.000
78.827 73.822 71.815 54.803 58.782 58.750 49.709 42.686 0.000 0.000 17.466 76.447 87.417 85.391 70.361 37.318 0.000 0.036 61.829 82.786 87.728 86.664 87.595 77.520 53.434 50.347 49.264 58.190 76.121 59.048 44.948 45.870 49.811 60.775 24.761 0.000 0.000 0.000 0.000 0.000 0.000 0.000 0.000 0.000 0.000 0.000 0.000 0.000 0.000 0.000 22.844 62.680 70.620 73.262 80.050 79.650 72.130 73.769 72.961 72.556 72.077 71.580 71.086 70.598 70.122 69.659 69.208 68.766 68.328 73.894 20.459 0.000 0.000
67.832 19.828 87.821 58.809 52.783 53.759 55.739 55.729 44.738 0.000 0.000 0.000 21.395 92.372 82.334 60.276 52.180 59.071 57.935 59.844 67.759 68.675 55.592 52.510 50.426 50.342 49.259 58.178 73.098 52.015 48.927 53.849 69.789 72.754 57.747 31.746 0.000 0.000 0.000 0.000 0.000 0.000 0.000 0.000 0.000 0.000 0.000 0.000 0.000 13.702 55.538 71.140 73.974 80.612 80.371 72.846 74.463 73.652 73.266 72.804 72.344 71.877 71.410 70.948 70.493 70.047 69.609 69.176 74.748 20.321 0.000 0.000 0.000
13.838 86.837 87.833 73.827 0.000 0.777 60.759 56.750 67.748 58.748 0.000 0.000 0.403 80.366 77.329 62.271 53.192 50.099 49.995 52.896 65.788 73.685 76.588 69.502 59.419 52.336 51.252 67.166 70.078 44.987 48.896 48.811 49.742 53.704 32.725 0.000 0.000 0.000 3.353 0.000 0.000 0.000 0.000 0.000 0.000 0.000 0.000 16.949 48.614 56.461 69.966 81.274 80.880 73.932 74.513 75.057 74.344 73.954 73.503 73.064 72.620 72.174 71.730 71.290 70.855 70.427 71.003 77.583 21.166 0.000 0.000 0.000 0.000
91.846 87.847 87.846 87.841 74.833 57.811 57.784 57.766 48.756 0.000 14.474 21.474 73.445 70.395 73.346 66.287 67.217 67.138 67.052 69.956 64.811 64.689 66.573 70.490 71.412 69.332 65.246 76.155 74.060 61.960 62.858 62.758 64.665 39.594 0.000 0.000 0.000 0.000 4.353 0.000 0.000 0.000 0.000 0.000 0.000 3.825 51.609 52.174 73.184 73.735 82.383 81.887 76.438 76.138 75.508 75.020 74.619 74.182 73.754 73.325 72.896 72.469 72.045 71.626 71.212 71.801 75.394 7.989 0.000 0.000 0.000 0.000 0.000
90.854 86.860 86.863 87.858 84.846 62.825 56.799 57.775 58.753 50.731 0.000 65.503 62.470 63.423 64.372 59.315 63.252 68.185 76.119 61.064 0.000 0.000 11.523 69.474 65.408 65.333 65.246 65.150 65.046 64.935 64.819 64.697 62.565 57.414 30.213 0.000 5.896 49.669 56.353 68.019 37.754 0.000 0.000 0.000 0.000 53.017 63.823 75.749 76.382 83.137 82.795 77.110 76.768 76.015 75.666 75.256 74.837 74.420 74.002 73.586 73.172 72.761 72.357 71.958 72.564 75.173 22.783 0.000 0.000 0.000 0.000 0.000 0.000
76.862 76.877 76.887 87.884 87.869 77.844 53.813 56.781 57.749 57.709 63.645 72.564 56.508 53.457 51.404 58.349 73.290 72.231 57.173 37.119 0.000 0.000 0.000 0.000 54.413 49.346 49.255 49.152 49.038 49.917 52.787 53.645 53.483 52.284 53.012 51.587 51.123 59.758 66.371 63.951 70.488 67.883 62.334 59.800 62.168 73.727 77.221 77.006 83.634 83.417 77.770 77.405 76.638 76.293 75.879 75.472 75.064 74.656 74.250 73.846 73.444 73.048 72.662 73.285 73.913 12.543 0.000 0.000 0.000 0.000 0.000 0.000 0.000
0.000 42.900 54.923 82.920 86.901 67.869 50.828 49.788 57.752 57.713 56.662 50.601 51.542 57.491 74.439 73.385 56.330 49.276 39.225 0.000 58.864 67.809 63.725 64.617 67.485 70.382 69.278 70.165 73.039 71.906 68.766 70.613 65.439 51.228 54.963 53.627 58.252 75.868 82.422 78.927 72.363 66.826 68.337 74.783 79.621 78.025 84.244 83.884 77.786 79.385 77.954 77.275 76.917 76.500 76.096 75.691 75.289 74.890 74.495 74.103 73.710 74.324 71.959 67.607 19.260 0.000 0.000 0.000 0.000 0.000 0.000 0.000 0.000
0.000 0.000 47.986 66.973 77.947 52.904 44.841 51.791 49.759 56.728 57.690 57.636 50.568 67.526 59.478 48.423 51.366 43.320 0.000 67.998 70.919 70.839 72.747 73.643 76.528 80.419 79.310 79.190 79.048 80.902 81.758 79.604 67.430 53.227 54.986 54.705 54.390 57.040 30.522 2.973 92.208 133.742 111.267 77.197 78.709 85.250 84.796 78.252 80.968 78.369 77.911 77.536 77.123 76.718 76.312 75.908 75.510 75.121 74.739 74.359 75.971 70.578 59.242 13.925 0.000 0.000 0.000 0.000 0.000 0.000 0.000 0.000 32.002
0.286 0.000 3.062 24.037 59.012 40.958 0.000 46.778 51.764 51.750 57.733 46.684 0.000 51.567 49.522 51.462 52.394 62.316 76.211 73.078 74.975 80.880 90.783 134.679 131.564 131.456 131.353 131.236 132.060 115.895 47.761 50.615 48.450 56.262 55.050 51.815 49.565 31.378 0.000 0.000 0.929 58.542 75.611 80.227 85.960 85.635 77.871 79.558 78.843 78.525 78.141 77.742 77.341 76.935 76.526 76.118 75.722 75.344 75.982 74.624 66.237 54.774 12.508 0.000 0.000 0.000 0.000 0.000 0.000 0.000 0.000 23.158 44.085
74.276 22.238 11.164 74.102 52.105 0.000 0.000 0.000 45.770 58.776 50.807 0.000 3.731 59.652 50.583 61.510 74.430 74.341 79.239 82.127 75.022 60.924 51.827 47.725 45.593 48.490 49.408 36.344 0.000 52.860 49.773 48.647 52.494 56.321 53.138 44.941 51.678 32.528 0.000 0.000 53.855 70.881 80.632 86.456 86.235 78.473 80.147 79.430 79.123 78.739 78.355 77.962 77.561 77.154 76.738 76.316 75.916 76.550 72.221 60.919 17.578 0.000 0.000 0.000 0.000 0.000 0.000 0.000 0.000 0.000 0.000 41.232 40.172
84.294 92.276 80.252 0.000 9.201 3.297 0.000 0.000 0.000 0.000 54.913 52.896 60.810 57.728 57.648 57.564 74.475 88.379 77.276 57.169 55.064 49.965 51.874 42.803 0.000 54.503 51.444 40.388 0.000 53.910 48.826 49.705 56.557 54.390 52.240 34.132 0.000 0.000 50.436 48.315 65.118 81.047 86.730 79.431 79.991 80.640 80.024 79.716 79.340 78.966 78.581 78.188 77.787 77.382 76.958 77.494 77.075 66.718 51.435 14.251 0.000 0.000 0.000 0.000 0.000 0.000 0.000 0.000 16.646 15.597 30.506 42.365 30.272
74.320 78.319 68.317 0.000 0.000 68.393 61.421 55.419 0.000 7.130 73.035 69.966 56.886 57.802 57.715 58.624 79.528 131.425 124.317 71.208 126.101 46.999 50.902 50.809 52.703 50.576 50.478 50.375 52.232 48.046 47.916 56.789 55.639 52.443 47.300 36.216 0.000 0.000 52.556 59.427 81.451 80.349 87.097 80.482 81.062 80.601 80.299 79.940 79.577 79.202 78.816 78.420 78.019 77.628 79.216 74.627 56.172 42.813 44.550 10.401 0.000 0.000 0.000 0.000 0.000 0.000 0.000 0.000 25.695 30.639 44.555 38.453 28.361
70.348 65.363 9.379 0.000 0.000 51.461 60.451 57.417 75.343 69.225 74.130 82.048 72.965 57.879 57.788 57.690 56.586 50.475 45.360 50.245 47.133 51.027 50.926 50.828 50.726 50.618 50.515 50.405 49.274 54.125 56.003 56.896 40.768 0.000 40.300 0.000 0.000 0.000 56.778 78.715 82.736 88.123 87.646 80.583 81.227 80.858 80.533 80.187 79.824 79.448 79.061 78.658 78.243 76.893 38.653 0.000 0.000 0.000 0.000 0.000 0.000 0.000 0.000 22.136 17.118 16.079 15.017 18.927 27.800 43.710 37.622 28.531 38.443
62.373 53.406 58.458 3.546 56.574 52.539 51.506 69.456 62.386 78.298 87.212 67.131 53.048 50.960 53.866 56.763 57.651 57.530 50.403 49.278 50.160 50.050 50.948 50.850 50.754 55.657 52.560 49.455 50.334 53.177 57.074 46.025 0.000 0.000 0.000 0.000 12.520 132.398 76.102 83.128 81.109 88.544 80.423 82.932 84.405 81.121 80.792 80.448 80.085 79.704 80.321 76.910 64.400 55.048 12.850 0.000 0.000 0.000 0.000 0.000 0.000 0.000 24.168 24.154 24.140 25.103 25.044 25.964 39.869 39.780 23.692 26.605 28.520
37.388 38.431 32.499 56.608 52.636 51.617 62.576 66.517 77.446 84.368 50.291 49.214 50.135 52.049 50.954 47.846 55.724 56.589 57.445 56.305 50.179 49.066 47.964 48.870 54.782 113.697 81.612 61.523 44.428 0.000 59.090 67.106 0.000 0.000 0.000 0.000 56.644 67.545 84.427 82.466 89.277 88.925 81.522 82.042 82.697 81.393 81.071 80.728 80.363 80.963 79.609 32.259 0.000 0.000 0.000 0.000 0.000 0.000 0.000 0.000 0.000 0.000 31.182 27.173 24.184 25.150 23.092 35.017 41.933 25.847 26.762 34.678 32.595
0.000 0.000 0.000 49.749 52.745 54.717 75.663 86.590 100.512 82.438 11.369 68.301 68.229 52.147 52.053 50.942 48.811 51.658 57.483 55.318 56.184 58.071 55.973 53.886 49.807 44.736 49.669 44.596 0.000 0.000 0.000 53.203 45.227 0.000 0.000 0.000 66.866 83.747 83.827 81.845 89.599 81.266 83.757 85.253 81.986 81.684 81.368 81.032 80.675 78.177 32.893 0.000 0.000 0.000 0.000 0.000 0.000 0.000 0.000 0.000 0.000 30.766 0.644 0.000 32.272 22.222 33.155 45.079 32.998 27.914 32.831 36.749 29.669
0.000 0.000 0.000 47.895 53.879 69.841 80.771 128.667 122.574 124.503 130.446 126.392 127.332 52.259 52.169 51.058 50.920 49.749 44.511 54.302 56.167 57.061 54.971 56.893 56.826 57.770 50.731 0.000 0.000 0.000 0.000 54.276 39.252 0.000 0.000 58.383 80.173 84.107 83.091 90.186 89.901 82.333 82.870 83.550 82.278 81.992 81.686 82.356 57.128 0.000 0.000 0.000 0.000 0.000 0.000 0.000 0.000 0.000 42.988 31.942 21.872 25.782 25.684 26.566 26.410 29.313 42.229 39.147 34.064 34.982 32.900 30.819 26.740
14.041 0.000 0.000 49.056 66.037 73.995 79.915 50.732 49.615 48.555 45.520 46.489 46.447 52.387 52.308 68.202 68.062 43.905 0.000 41.211 54.120 56.037 53.956 55.889 55.832 56.786 52.756 0.000 0.000 0.000 52.470 37.373 0.000 0.000 59.737 68.586 85.431 84.324 83.499 90.453 82.029 84.546 87.073 82.840 82.583 82.321 81.026 68.579 27.353 0.000 0.000 0.000 0.000 0.000 29.224 24.205 24.168 24.112 28.034 39.967 42.892 28.806 23.711 25.604 27.489 42.390 41.300 27.215 36.131 37.049 35.968 28.888 24.809
