results2_8e3_rain/res_3e8f-0063.wd
ncols         241
nrows         181
xllcorner     12693529.787448
yllcorner     3542525.717860
cellsize      155.156523
NODATA_value  -9999.000000
[rows 33 to 65 of 181, columns 74 to 147 of 241]
0.000 0.000 0.000 0.000 0.000 0.000 0.000 0.000 0.000 0.000 0.000 0.000 0.000 0.000 0.000 0.000 0.000 0.000 0.000 0.000 0.000 0.000 0.000 0.000 0.000 0.000 0.000 0.000 0.000 0.000 0.000 0.000 0.000 0.000 0.000 0.000 0.000 0.000 34.380 57.381 62.382 18.384 0.000 0.000 27.438 41.458 8.443 0.000 31.475 34.482 28.479 29.465 30.439 30.400 30.351 30.292 29.229 35.165 55.095 1.752 8.342 5.944 41.342 57.877 62.451 61.054 61.699 60.278 62.406 57.497 57.074 57.091 59.385 58.635
0.000 0.000 0.000 0.000 0.000 0.000 0.000 0.000 0.000 0.000 0.000 0.000 0.000 0.000 0.000 0.000 0.000 0.000 0.000 0.000 0.000 0.000 0.000 0.000 0.000 0.000 0.000 0.000 0.000 0.000 0.000 0.000 0.000 0.000 0.000 0.000 0.000 0.000 0.000 9.381 4.381 0.000 0.000 0.000 0.000 23.521 0.000 0.000 21.501 45.527 44.529 34.515 30.485 30.440 30.378 30.302 29.220 51.150 49.122 0.000 31.467 44.148 57.696 62.249 61.822 61.434 60.981 62.080 58.130 57.389 57.663 59.992 59.255 59.035
0.000 0.000 0.000 0.000 0.000 0.000 0.000 0.000 0.000 0.000 0.000 0.000 0.000 0.000 0.000 0.000 0.000 29.109 61.109 14.109 0.000 0.000 0.000 0.000 0.000 0.000 0.000 0.000 0.000 0.000 0.000 0.000 0.000 0.000 0.000 0.000 0.000 0.000 0.000 0.000 0.000 0.000 0.000 0.000 0.000 15.584 0.000 0.000 0.000 23.598 41.594 41.579 32.549 30.496 30.418 28.317 44.200 53.093 0.000 17.369 41.910 56.487 63.043 62.598 62.183 61.699 63.765 59.780 57.833 58.246 60.593 59.861 59.650 59.347
0.000 0.000 0.000 0.000 0.000 0.000 0.000 0.000 0.000 0.000 16.107 54.107 0.000 0.000 0.000 0.000 0.000 36.109 87.109 43.109 0.000 0.000 0.000 0.000 0.000 0.000 0.000 0.000 0.000 0.000 0.000 0.000 0.000 0.000 0.000 0.000 0.000 0.000 0.000 0.000 0.000 0.000 0.000 0.000 0.000 18.647 19.678 26.693 12.695 22.673 30.669 43.661 34.634 30.577 27.483 38.349 48.168 36.929 12.464 41.828 59.316 63.849 63.387 62.948 62.434 62.466 61.449 58.395 58.848 61.201 60.469 60.259 59.956 59.671
0.000 0.000 0.000 0.000 0.000 0.000 0.000 0.000 0.000 0.000 37.107 72.108 61.108 48.108 3.108 0.000 21.110 75.109 83.109 48.109 0.000 0.000 0.000 0.000 17.678 0.000 0.000 0.000 0.000 0.000 0.000 0.000 0.000 0.000 0.000 0.000 1.692 0.000 0.000 0.000 5.695 23.695 0.000 0.000 34.687 49.681 52.692 50.706 36.719 30.730 29.747 43.762 34.749 26.694 40.587 54.429 42.196 29.990 44.634 49.163 61.680 64.200 63.737 63.194 63.189 61.143 59.073 59.478 61.828 61.091 60.876 60.568 60.277 59.987
0.000 0.000 0.000 0.000 0.000 0.000 0.000 0.000 0.000 0.000 8.108 70.108 53.108 34.108 0.000 17.110 67.110 78.110 85.110 44.109 0.000 0.000 0.000 0.000 55.678 39.678 0.000 0.000 0.000 0.000 0.000 0.000 0.000 0.000 0.000 18.692 30.692 32.692 0.000 0.000 14.695 39.696 18.696 32.696 55.694 58.696 59.705 56.721 43.746 30.780 27.830 44.890 35.907 39.864 57.741 51.585 0.000 28.202 46.921 59.508 65.039 64.562 63.991 63.945 61.874 59.886 60.143 62.481 61.740 61.516 61.197 60.892 60.589 60.297
0.000 0.000 0.000 0.000 0.000 0.000 0.000 0.000 0.000 0.000 0.000 0.000 21.109 59.109 55.110 43.110 56.111 76.110 87.110 40.109 0.000 0.000 0.000 0.000 17.678 41.678 43.679 0.000 0.000 0.000 0.000 0.000 0.000 0.000 0.000 34.691 35.692 47.692 30.693 19.694 33.695 34.696 30.696 37.697 44.699 42.702 35.711 54.728 20.763 36.815 39.901 30.060 42.125 55.115 51.928 0.000 3.202 39.697 56.337 64.911 65.422 64.845 64.754 61.660 60.877 60.857 63.173 62.424 62.188 61.855 61.533 61.209 60.893 60.597
0.000 0.000 0.000 0.000 0.000 0.000 0.000 0.000 0.000 0.000 0.000 0.000 11.109 78.110 73.111 63.111 53.111 77.111 85.111 80.109 65.108 20.106 0.000 0.000 0.000 0.000 51.679 35.680 33.680 44.681 39.681 2.681 0.000 0.000 0.000 34.691 33.692 54.692 60.693 49.694 41.695 33.696 30.697 31.698 32.701 31.704 29.709 37.715 0.000 0.000 0.000 35.325 58.417 56.544 0.000 2.078 39.558 53.207 62.831 66.344 65.875 66.623 62.539 62.132 61.644 63.918 63.156 62.904 62.555 62.214 61.867 61.518 61.176 60.873
0.000 0.000 0.000 0.000 0.000 0.000 0.000 0.000 0.000 0.000 0.000 0.000 0.000 11.110 50.111 25.113 61.113 80.113 85.112 83.110 81.108 70.105 29.104 0.000 0.000 0.000 7.680 46.680 46.680 59.681 57.681 50.682 45.682 0.000 0.000 1.691 38.691 57.692 64.693 56.694 40.695 29.696 30.698 30.699 30.701 30.704 30.707 34.710 0.000 0.000 0.000 5.499 42.672 12.101 9.475 44.401 49.078 60.764 67.336 67.157 65.359 63.644 63.797 62.541 64.738 63.951 63.674 63.303 62.942 62.575 62.203 61.820 61.419 62.091
0.000 0.000 0.000 0.000 0.000 0.000 0.000 0.000 0.000 0.000 0.000 0.000 0.000 0.000 0.000 82.115 82.115 84.115 84.114 83.111 77.107 71.104 42.102 0.000 0.000 0.000 0.000 0.000 14.680 59.681 53.681 68.682 65.683 44.684 23.687 24.690 33.691 55.692 64.693 55.694 38.695 28.696 33.698 32.699 30.701 30.703 30.705 31.706 23.706 0.000 0.000 0.000 0.000 3.927 46.923 49.816 57.612 68.292 68.373 66.709 68.515 66.108 63.612 65.666 64.830 64.509 64.107 63.721 63.332 62.942 62.550 61.139 69.592 67.217
0.000 0.000 0.000 0.000 0.000 16.804 39.804 0.000 17.776 57.770 46.763 50.757 25.753 0.000 0.000 18.118 90.118 84.119 81.117 78.113 81.107 72.102 35.098 0.000 0.000 0.000 0.000 0.000 0.000 0.000 3.682 57.682 58.683 9.683 0.000 0.690 37.692 55.692 60.693 50.694 41.695 39.696 1.698 8.700 36.701 30.703 30.704 31.705 37.705 45.705 7.705 0.000 0.000 19.542 52.475 56.342 67.118 69.303 68.922 72.259 70.800 65.027 66.750 65.815 65.423 64.974 64.554 64.138 63.724 63.311 62.915 68.594 0.000 0.000
0.000 0.000 0.000 0.000 0.000 16.805 59.803 1.795 51.782 53.772 65.762 48.754 33.749 0.000 0.000 6.119 75.121 87.126 84.123 84.116 85.106 79.097 33.091 0.000 0.000 0.000 0.000 0.000 0.000 0.000 0.000 0.000 42.683 1.683 0.000 0.000 43.692 40.692 52.693 9.693 0.000 0.000 0.000 0.000 2.702 40.703 34.703 0.000 27.705 61.705 44.705 0.000 0.000 24.234 58.063 66.949 70.049 69.791 74.007 73.275 66.451 67.925 66.890 66.409 65.901 65.439 64.992 64.553 64.113 63.665 63.204 67.728 10.258 0.000
58.990 48.988 0.000 0.000 0.000 10.807 70.810 46.800 48.786 54.772 78.760 79.749 74.741 28.732 0.000 0.000 0.000 35.141 89.134 84.122 85.106 82.090 41.079 0.000 0.000 0.000 0.000 0.000 0.000 0.000 0.000 0.000 0.682 0.000 0.000 0.000 0.000 0.000 0.000 0.000 0.000 0.000 0.000 0.000 0.000 0.000 15.703 12.703 0.000 0.000 0.000 0.000 13.575 51.011 67.962 69.630 70.551 74.903 74.538 67.507 68.994 67.957 67.422 66.864 66.362 65.885 65.424 64.969 64.510 64.033 63.509 65.856 48.788 5.250
70.990 52.988 48.985 0.000 0.000 0.000 62.828 64.810 64.790 76.771 73.756 85.743 84.732 45.724 0.000 0.000 0.000 11.163 91.151 84.131 85.105 82.078 42.055 0.000 0.000 2.743 50.715 62.684 31.663 0.000 0.000 0.000 0.000 0.000 0.000 0.000 0.000 0.000 0.000 0.000 0.000 0.000 0.000 0.000 0.000 0.000 0.000 0.702 0.000 0.000 0.000 11.511 52.028 68.995 69.576 75.770 75.266 68.809 69.343 69.797 68.923 68.389 67.818 67.293 66.793 66.315 65.850 65.389 64.925 64.448 70.943 11.400 0.000 18.274
75.990 54.987 55.982 47.976 0.000 52.895 47.864 55.822 68.793 72.767 83.749 84.733 83.720 52.709 0.000 0.000 0.000 10.197 90.177 84.145 85.106 80.062 60.008 43.925 44.847 44.771 52.718 73.674 40.643 0.000 0.000 0.000 0.000 0.000 0.000 0.000 0.000 0.000 0.000 0.000 0.000 0.000 0.000 0.000 0.000 0.000 0.000 0.000 0.000 9.582 40.362 49.876 68.867 70.461 77.144 76.543 69.362 71.052 70.354 69.770 69.263 68.718 68.195 67.690 67.204 66.732 66.270 65.813 65.354 71.889 17.416 0.000 0.000 3.329
70.993 68.989 51.982 55.970 55.951 46.926 39.911 0.000 0.000 14.754 73.742 84.722 82.705 67.683 34.653 0.000 0.000 59.251 80.215 85.166 84.112 85.055 74.991 50.919 47.846 46.775 55.712 73.653 56.591 42.504 43.436 47.385 58.354 22.341 0.000 0.000 0.000 0.000 0.000 0.000 0.000 0.000 0.000 0.000 0.000 0.000 0.000 0.000 0.000 20.780 60.621 68.570 71.220 78.017 77.627 70.095 71.736 70.929 70.524 70.043 69.543 69.045 68.551 68.069 67.599 67.140 66.687 66.238 71.789 18.339 0.000 0.000 0.000 2.323
16.997 84.993 55.986 49.971 50.956 52.948 52.944 41.953 0.000 0.000 0.000 18.708 89.694 79.667 57.622 49.546 56.456 55.342 57.265 65.193 66.123 53.053 49.984 47.914 47.843 46.772 55.703 70.634 49.563 46.486 51.419 67.366 70.335 55.329 29.329 0.000 0.000 0.000 0.000 0.000 0.000 0.000 0.000 0.000 0.000 0.000 0.000 0.000 11.613 53.461 69.072 71.913 78.555 78.326 70.798 72.418 71.610 71.225 70.764 70.302 69.834 69.363 68.897 68.437 67.985 67.540 67.100 72.662 18.226 0.000 0.000 0.000 0.000 0.000
84.002 85.002 71.000 0.000 0.000 57.966 53.962 64.963 55.962 0.000 0.000 0.000 77.697 74.669 59.623 50.558 47.482 47.395 50.311 63.219 71.132 74.051 66.979 56.910 49.840 48.768 64.694 67.618 42.539 46.460 46.386 47.326 51.292 30.310 0.000 0.000 0.000 1.132 0.000 0.000 0.000 0.000 0.000 0.000 0.000 0.000 14.816 46.495 54.360 67.878 79.191 78.805 71.865 72.451 73.000 72.291 71.903 71.455 71.016 70.571 70.125 69.678 69.235 68.797 68.364 68.936 75.510 19.086 0.000 0.000 0.000 0.000 0.000 0.000
85.010 85.011 85.011 72.012 55.003 54.987 54.977 45.973 0.000 11.796 18.796 70.773 67.729 70.689 63.641 64.584 64.518 64.445 67.364 62.240 62.137 64.039 67.971 68.906 66.838 62.765 73.687 71.604 59.517 60.428 60.340 62.259 37.197 0.000 0.000 0.000 0.000 2.133 0.000 0.000 0.000 0.000 0.000 0.000 1.742 49.411 50.027 71.060 71.627 80.296 79.804 74.360 74.064 73.439 72.956 72.559 72.125 71.699 71.271 70.843 70.415 69.990 69.569 69.152 69.739 73.328 5.919 0.000 0.000 0.000 0.000 0.000 0.000 7.297
84.018 84.021 85.023 82.020 60.012 54.000 54.988 55.979 47.971 0.000 62.819 59.794 60.757 61.716 56.670 60.618 65.562 73.505 58.458 0.000 0.000 8.999 66.958 62.906 62.843 62.768 62.684 62.594 62.498 62.396 62.288 60.172 55.040 27.862 0.000 3.664 47.446 54.133 65.788 35.511 0.000 0.000 0.000 0.000 50.944 61.689 73.616 74.259 81.037 80.702 75.021 74.685 73.936 73.592 73.187 72.771 72.357 71.942 71.527 71.114 70.703 70.298 69.898 70.503 73.110 20.719 0.000 0.000 0.000 0.000 0.000 0.000 0.000 28.306
74.027 74.035 85.038 85.035 75.026 51.012 53.998 54.983 54.963 60.924 69.868 53.827 50.789 48.748 55.704 70.656 69.606 54.555 34.507 0.000 0.000 0.000 0.000 51.917 46.858 46.780 46.689 46.590 47.483 50.369 51.245 51.102 49.927 50.685 49.305 48.882 57.542 64.165 61.720 68.233 65.634 60.106 57.602 60.002 71.598 75.090 74.878 81.515 81.308 75.669 75.311 74.549 74.209 73.800 73.397 72.993 72.588 72.184 71.782 71.382 70.986 70.601 71.224 71.851 10.481 0.000 0.000 0.000 0.000 0.000 0.000 0.000 0.000 39.345
40.039 52.052 80.060 84.057 65.044 48.025 47.008 54.993 54.973 53.942 47.900 48.859 54.823 71.784 70.742 53.697 46.651 36.603 0.000 56.326 65.278 61.202 62.106 64.986 67.895 66.803 67.704 70.593 69.476 66.354 68.220 63.066 48.881 52.647 51.349 56.016 73.675 80.264 76.695 70.069 64.558 66.104 72.583 77.450 75.879 82.104 81.750 75.669 77.273 75.849 75.177 74.824 74.412 74.013 73.612 73.213 72.818 72.426 72.035 71.645 72.260 69.896 65.545 17.198 0.000 0.000 0.000 0.000 0.000 0.000 0.000 0.000 25.496 29.425
0.000 45.074 64.094 75.088 50.067 42.037 49.018 47.007 53.994 54.972 54.933 47.884 64.860 56.825 45.783 48.737 40.699 0.000 65.444 68.375 68.304 70.224 71.130 74.027 77.931 76.835 76.729 76.603 78.475 79.349 77.214 65.061 50.883 52.672 52.428 52.160 54.879 28.519 0.962 89.789 131.447 109.029 74.996 76.537 83.112 82.659 76.126 78.849 76.255 75.802 75.433 75.026 74.626 74.224 73.824 73.430 73.045 72.666 72.289 73.903 68.512 57.178 11.861 0.000 0.000 0.000 0.000 0.000 0.000 0.000 0.000 23.637 36.568 25.499
0.000 0.229 21.153 56.134 38.100 0.000 44.020 49.022 49.023 55.020 43.977 0.000 48.907 46.874 48.827 49.771 59.708 73.625 70.513 72.424 78.342 88.257 132.164 129.062 128.967 128.876 128.773 129.616 113.473 45.354 48.227 46.082 53.917 52.733 49.529 47.316 29.161 0.000 0.000 0.000 56.287 73.390 78.034 83.813 83.493 75.738 77.431 76.721 76.408 76.029 75.636 75.240 74.839 74.434 74.031 73.639 73.264 73.906 72.551 64.166 52.706 10.442 0.000 0.000 0.000 0.000 0.000 0.000 0.000 0.000 14.769 35.706 27.640 15.572
19.400 8.348 71.231 49.193 0.000 0.000 0.000 43.040 56.057 48.109 0.000 1.100 56.987 47.938 58.879 71.813 71.738 76.653 79.558 72.469 58.383 49.298 45.208 43.090 46.001 46.928 33.872 0.000 50.444 47.368 46.257 50.123 53.971 50.812 42.641 49.415 30.288 0.000 0.000 51.646 68.668 78.432 84.295 84.081 76.332 78.012 77.300 76.998 76.620 76.241 75.853 75.457 75.055 74.644 74.227 73.830 74.468 70.142 58.842 15.504 0.000 0.000 0.000 0.000 0.000 0.000 0.000 0.000 0.000 0.000 32.832 31.779 17.714 14.646
89.431 77.417 0.000 6.214 0.640 0.000 0.000 0.000 0.000 52.249 50.253 58.189 55.089 55.013 54.939 71.862 85.779 74.691 54.599 52.509 47.423 49.343 40.281 0.000 52.016 48.964 37.914 0.000 51.492 46.418 47.311 54.180 52.034 49.902 31.808 0.000 0.000 48.255 46.131 62.928 78.857 84.558 77.277 77.843 78.497 77.886 77.584 77.212 76.844 76.464 76.075 75.680 75.279 74.860 75.402 74.987 64.634 49.354 12.172 0.000 0.000 0.000 0.000 0.000 0.000 0.000 0.000 8.196 7.153 22.072 33.948 21.865 13.791 27.720
75.469 65.472 0.000 0.000 65.825 58.820 52.804 0.000 4.481 70.384 67.323 54.251 55.167 55.085 56.002 76.917 128.827 121.733 68.638 123.545 44.456 48.372 48.291 50.199 48.085 47.998 47.907 49.781 45.615 45.500 54.388 53.255 50.081 44.955 33.881 0.000 0.000 50.378 57.248 79.271 78.171 84.924 78.329 78.913 78.457 78.160 77.805 77.447 77.077 76.696 76.305 75.909 75.522 77.116 72.533 54.083 40.728 42.467 8.319 0.000 0.000 0.000 0.000 0.000 0.000 0.000 0.000 17.240 22.190 36.115 30.024 19.942 28.865 28.792
62.512 6.530 0.000 0.000 48.852 57.831 54.788 72.702 66.579 71.483 79.404 70.326 55.244 55.158 55.069 53.976 47.877 42.776 47.676 44.578 48.485 48.397 48.311 48.222 48.127 48.035 47.937 46.820 51.688 53.580 54.485 38.370 0.000 37.954 0.000 0.000 0.000 54.604 76.541 80.563 85.963 85.481 78.429 79.077 78.713 78.392 78.050 77.692 77.320 76.938 76.540 76.129 74.784 36.547 0.000 0.000 0.000 0.000 0.000 0.000 0.000 0.000 13.626 8.613 7.581 6.527 10.447 19.334 35.254 29.174 20.092 30.012 25.936 16.863
50.559 55.606 0.859 53.922 49.899 48.866 66.814 59.740 75.649 84.564 64.484 50.406 48.323 51.235 54.141 55.039 54.931 47.820 46.710 47.606 47.510 48.420 48.335 48.250 53.165 50.078 46.984 47.876 50.736 54.646 43.604 0.000 0.000 0.000 0.000 10.347 130.226 73.930 80.957 78.941 86.386 78.267 80.778 82.255 78.974 78.649 78.309 77.950 77.574 78.195 74.789 62.285 52.937 10.742 0.000 0.000 0.000 0.000 0.000 0.000 0.000 15.643 15.639 15.632 16.603 16.552 17.481 31.396 31.316 15.236 18.157 20.080 17.005 14.931
35.599 29.702 53.902 49.960 48.956 59.920 63.864 74.793 81.715 47.639 46.565 47.489 49.408 48.319 45.220 53.110 53.989 54.861 53.738 47.627 46.529 45.440 46.358 52.280 111.204 79.129 59.048 41.961 0.000 56.663 64.680 0.000 0.000 0.000 0.000 54.471 65.373 82.256 80.297 87.121 86.768 79.365 79.887 80.545 79.245 78.925 78.587 78.225 78.830 77.480 30.134 0.000 0.000 0.000 0.000 0.000 0.000 0.000 0.000 0.000 0.000 22.648 18.654 15.674 16.648 14.597 26.530 33.454 17.377 18.299 26.222 24.146 18.071 14.999
0.000 0.000 47.055 50.062 52.043 72.996 83.927 97.852 79.780 8.713 65.647 65.577 49.500 49.412 48.310 46.191 49.054 54.898 52.753 53.635 55.537 53.452 51.377 47.308 42.245 47.184 42.116 0.000 0.000 0.000 50.775 42.798 0.000 0.000 0.000 64.693 81.575 81.656 79.677 87.442 79.106 81.598 83.097 79.832 79.534 79.221 78.888 78.535 76.042 30.761 0.000 0.000 0.000 0.000 0.000 0.000 0.000 0.000 0.000 0.000 22.260 0.000 0.000 23.764 13.719 24.658 36.588 24.514 19.438 24.361 28.285 21.210 16.136 14.064
0.000 0.000 45.201 51.190 67.158 78.095 125.997 119.909 121.840 127.785 123.732 124.674 49.604 49.520 48.416 48.291 47.137 41.926 51.742 53.624 54.533 52.456 54.389 54.331 55.282 48.248 0.000 0.000 0.000 0.000 51.845 36.822 0.000 0.000 56.207 77.998 81.934 80.921 88.028 87.743 80.171 80.710 81.393 80.123 79.839 79.536 80.209 54.983 0.000 0.000 0.000 0.000 0.000 0.000 0.000 0.000 0.000 34.444 23.402 13.339 17.260 17.165 18.049 17.898 20.806 33.728 30.652 25.576 26.499 24.423 22.348 18.273 15.200 17.129
0.000 0.000 46.357 63.341 71.303 77.229 48.057 46.946 45.888 42.854 43.824 43.782 49.724 49.646 65.546 65.418 41.278 0.000 38.664 51.587 53.516 51.449 53.392 53.344 54.304 50.278 0.000 0.000 0.000 50.035 34.940 0.000 0.000 57.557 66.408 83.254 82.150 81.327 88.293 79.864 82.383 84.912 80.681 80.425 80.166 78.874 66.430 25.207 0.000 0.000 0.000 0.000 0.000 20.661 15.643 15.609 15.557 19.486 31.424 34.356 20.277 15.187 17.084 18.974 33.879 32.795 18.716 27.638 28.561 27.485 20.410 16.336 15.263 25.192
