results2_8e3_rain/res_3e8f-0175.wd
ncols         241
nrows         181
xllcorner     12693529.787448
yllcorner     3542525.717860
cellsize      155.156523
NODATA_value  -9999.000000
[rows 99 to 131 of 181, columns 73 to 145 of 241]
59.703 59.679 59.654 58.628 58.601 63.573 66.545 63.518 59.498 59.489 53.490 9.496 0.000 0.000 0.000 0.000 0.000 14.708 72.675 97.631 95.624 94.780 101.448 101.378 94.479 95.176 95.024 94.915 95.812 95.713 94.624 98.549 57.497 0.000 0.000 0.000 0.000 0.000 0.000 34.204 60.128 72.018 39.881 21.673 51.579 54.494 52.402 56.284 53.088 50.787 20.463 45.221 49.093 64.007 69.944 72.897 70.863 65.838 58.823 53.814 48.810 26.801 0.000 0.000 0.000 0.000 21.214 39.214 51.214 75.214 76.214 76.214 76.214
59.752 59.730 58.706 56.680 60.652 65.622 66.589 66.552 60.525 57.509 62.503 62.502 23.503 0.000 17.341 47.288 24.176 3.976 60.881 100.760 96.010 96.025 101.508 93.791 95.580 95.234 95.147 95.037 94.930 94.830 96.741 95.670 31.626 0.000 0.000 0.000 0.000 0.000 2.512 38.376 44.282 55.192 4.121 0.000 46.698 54.638 53.546 57.419 57.235 28.011 0.000 40.124 54.066 59.002 79.950 80.910 80.880 81.858 82.843 80.835 61.831 0.000 0.000 0.858 0.000 0.000 0.000 38.214 51.213 75.213 76.213 76.213 76.213
59.803 58.783 58.759 61.733 64.705 65.674 40.637 4.576 33.539 69.519 42.510 16.505 8.504 0.000 28.393 78.349 75.262 67.147 86.028 97.178 94.166 101.590 95.072 95.878 95.445 95.381 95.264 95.155 95.044 95.934 93.840 81.765 28.711 1.689 0.000 0.000 0.000 2.729 41.631 48.525 46.431 47.348 20.288 0.000 52.877 70.814 63.726 58.611 33.423 0.000 0.012 23.084 13.045 52.984 77.945 81.914 79.890 79.871 79.858 81.851 54.849 48.855 48.857 54.858 0.000 0.000 0.000 15.213 50.213 75.213 76.212 76.212 76.212
58.857 57.838 62.816 65.790 65.760 65.731 30.709 0.000 0.528 12.517 3.513 0.000 0.000 0.000 21.491 84.451 90.380 98.293 98.252 95.377 101.929 101.720 95.039 95.750 95.601 95.493 95.385 95.274 95.156 101.025 50.918 18.839 2.762 0.387 6.270 9.223 0.000 32.828 50.755 46.663 46.570 45.480 51.396 17.307 46.120 72.014 70.934 68.875 0.000 0.000 0.184 0.000 0.000 50.947 79.930 83.911 80.893 79.879 77.868 66.861 47.858 43.859 44.859 28.858 0.000 0.000 0.000 0.000 46.212 75.212 76.212 76.212 72.211
57.914 63.898 65.876 65.849 63.817 69.780 39.758 0.000 0.000 0.000 0.000 0.000 0.000 0.000 32.628 90.581 93.521 97.397 96.634 96.647 102.117 94.425 96.131 95.806 95.720 95.612 95.507 99.400 105.280 60.091 28.967 3.913 0.000 0.000 0.000 6.176 34.129 56.998 50.900 43.803 48.705 52.607 49.509 47.405 61.283 65.187 55.119 63.081 0.000 0.000 0.000 0.000 0.000 56.926 80.918 85.906 84.894 80.882 75.874 44.868 42.864 43.863 50.862 0.000 0.000 0.000 0.000 40.211 44.211 73.211 76.211 76.211 70.211
64.976 65.963 65.942 64.914 42.877 8.815 27.786 29.786 0.000 0.000 0.000 0.000 0.000 23.931 76.812 90.735 93.639 95.797 96.807 102.447 102.289 95.401 96.102 95.941 95.836 95.730 99.629 61.540 21.474 0.000 38.948 24.933 0.000 0.000 0.000 0.000 42.212 76.137 67.044 61.943 56.840 57.734 55.628 56.521 69.418 63.334 47.276 49.248 0.000 0.000 0.000 0.000 0.000 56.913 84.909 49.902 47.893 79.884 82.877 52.872 43.869 48.866 18.864 0.000 0.000 0.000 0.000 13.211 40.211 58.211 74.211 77.211 70.210
66.044 66.034 62.015 65.987 47.964 0.000 18.786 48.786 0.000 0.000 0.000 0.000 14.145 76.049 89.956 95.878 95.849 95.991 102.730 102.592 94.728 96.504 96.153 96.063 95.949 95.841 99.741 71.658 3.602 0.000 8.943 11.938 0.000 0.000 0.000 0.000 29.370 61.294 66.194 76.087 71.976 59.863 62.747 71.635 66.533 54.454 46.402 47.388 21.434 22.445 0.000 0.000 0.000 54.905 88.903 2.900 0.000 28.882 75.878 65.875 46.872 25.869 0.000 0.000 0.000 0.000 0.000 0.000 13.211 37.210 63.210 73.210 66.210
64.120 61.116 60.095 76.054 55.029 0.000 17.786 45.786 0.000 0.000 0.000 8.312 72.240 85.164 95.093 97.974 97.218 95.249 102.857 94.038 95.812 92.371 94.298 96.175 96.061 96.945 90.834 80.748 28.675 0.000 0.000 0.000 0.000 0.000 0.000 16.789 51.605 56.473 56.353 58.235 67.116 69.992 72.864 66.737 53.627 47.545 46.492 45.468 49.468 34.457 0.000 0.000 0.000 43.900 80.898 46.895 35.889 27.884 70.880 76.877 56.876 0.000 0.000 7.878 0.000 0.000 0.000 0.000 0.000 32.210 56.210 61.210 48.210
58.205 67.214 63.197 4.106 5.067 0.000 8.786 8.786 0.000 0.000 0.000 9.383 88.340 90.283 98.194 97.360 96.382 103.082 102.974 95.996 95.684 95.525 95.407 94.290 95.171 97.046 53.902 4.825 0.000 0.000 0.000 0.000 0.000 20.342 37.204 51.972 62.789 59.640 58.509 55.385 56.260 59.126 70.979 71.823 63.694 52.607 45.553 45.524 47.514 0.000 0.000 0.000 0.000 28.896 70.894 48.892 44.888 44.884 76.881 79.879 62.878 25.878 15.878 58.878 0.000 0.000 0.000 0.000 0.000 35.210 59.209 54.209 40.209
59.298 69.339 56.373 0.000 0.000 0.000 5.786 17.786 1.786 0.000 0.639 75.498 85.455 97.399 97.394 96.538 103.274 103.181 95.308 97.083 96.735 96.642 96.523 96.405 98.287 48.166 0.000 0.000 0.000 0.000 0.000 9.825 35.695 52.480 65.297 61.108 59.938 59.790 59.659 60.536 58.412 57.274 31.104 49.882 74.718 56.636 44.588 47.561 45.551 33.557 0.000 0.000 0.000 29.894 62.891 40.890 0.000 0.000 32.880 69.879 58.878 67.878 74.878 33.878 0.000 0.000 0.000 0.000 0.000 10.209 50.209 48.209 41.209
57.389 61.473 60.581 36.743 0.000 0.000 0.000 3.786 6.786 0.000 28.730 88.643 95.583 97.505 97.665 95.788 103.359 95.595 97.377 96.943 96.874 96.754 97.639 98.522 60.404 0.000 0.000 0.000 0.000 0.000 12.125 54.955 65.780 61.585 60.399 60.223 60.064 59.925 59.801 59.687 59.577 68.456 7.280 0.000 42.662 51.630 43.601 52.581 52.571 34.564 0.000 0.000 0.000 0.000 46.888 83.887 51.885 0.000 25.880 70.879 64.879 55.878 55.878 0.000 0.000 0.000 0.000 0.000 0.000 0.000 29.209 40.209 41.209
69.461 7.581 63.736 61.905 51.105 10.226 0.478 0.000 0.000 19.897 78.830 92.763 98.704 97.689 96.843 103.505 103.436 96.544 97.242 97.091 96.981 97.871 99.756 60.639 0.000 0.000 0.000 0.000 10.663 41.531 52.296 64.090 60.884 60.681 57.491 57.320 57.172 58.043 59.932 59.835 62.753 39.693 0.000 0.000 22.637 47.622 46.606 64.593 60.586 0.000 0.000 0.000 0.000 0.000 30.885 75.885 87.883 44.882 70.880 84.879 76.879 52.878 45.878 17.878 0.000 0.000 0.000 0.000 0.000 0.000 35.208 41.208 45.208
51.501 4.653 65.878 56.036 63.184 55.336 16.599 3.871 12.969 79.965 88.926 98.885 97.773 98.040 96.068 103.565 95.832 97.625 97.285 97.202 98.094 98.993 52.875 0.000 0.000 0.000 0.000 2.938 53.794 64.636 62.438 61.223 62.988 62.763 68.564 73.396 68.259 61.145 55.048 58.968 64.906 22.869 0.000 0.000 18.626 50.616 51.607 73.599 61.595 0.000 0.000 0.000 0.000 0.000 18.884 70.883 79.882 84.881 80.880 80.880 84.879 68.878 47.878 48.878 17.878 10.877 0.000 0.000 0.000 37.208 42.208 40.208 45.208
0.000 0.000 34.087 85.177 48.260 0.000 0.000 18.046 78.070 83.065 97.044 97.954 98.234 96.165 103.649 96.089 97.898 97.475 97.418 98.307 95.202 50.133 0.000 0.000 0.000 0.000 9.228 56.083 63.938 61.780 61.597 65.375 40.083 18.817 21.607 38.439 64.325 66.230 67.149 59.083 60.035 21.009 0.000 0.000 0.000 31.610 49.605 56.601 55.599 4.600 0.000 0.000 0.000 0.000 18.882 61.882 74.881 79.881 80.880 81.879 77.879 73.878 58.878 46.878 50.878 56.877 0.000 0.000 0.000 3.208 40.208 41.208 43.208
0.000 0.000 11.206 86.324 73.418 0.000 0.000 25.198 86.199 94.191 98.143 99.339 99.376 103.963 103.772 97.039 97.755 97.616 97.519 92.416 82.274 33.204 0.000 0.000 8.624 44.537 53.372 65.230 62.093 61.951 65.794 43.599 1.398 0.000 0.000 24.429 62.371 59.300 63.234 69.179 69.141 47.123 0.000 0.000 0.000 13.607 51.604 45.602 52.601 3.600 0.000 0.000 0.000 0.000 23.881 48.881 65.881 79.880 74.880 67.879 69.879 30.878 55.878 64.878 57.877 53.877 0.000 0.000 0.000 0.000 0.207 35.208 40.208
0.000 0.000 0.000 14.497 63.670 3.220 13.355 79.349 91.340 98.325 98.345 98.523 104.312 104.142 96.325 98.124 97.791 97.720 90.632 56.564 0.000 0.000 0.000 16.795 62.711 56.615 64.494 62.371 62.252 63.138 41.030 1.848 0.000 0.000 0.000 23.477 65.429 59.367 59.308 61.259 65.228 67.219 19.249 0.000 0.000 0.000 32.603 51.602 26.602 0.000 0.000 0.000 0.000 0.000 16.881 44.880 55.880 62.880 54.880 51.879 16.879 0.000 4.878 48.877 52.877 61.877 0.000 0.000 0.000 0.000 0.000 29.207 40.207
0.000 0.000 0.000 0.000 1.183 13.446 82.495 87.499 98.495 98.430 99.716 99.790 104.471 96.622 98.403 97.972 97.913 87.812 76.725 40.645 0.000 0.000 0.000 56.878 78.811 63.720 55.615 63.509 61.407 64.318 34.255 0.000 0.000 0.000 19.665 54.575 61.500 60.431 60.371 57.323 53.291 55.277 17.280 0.000 0.000 0.000 13.603 58.602 6.602 0.000 0.000 0.000 0.000 0.000 16.880 46.880 45.880 44.879 42.879 48.879 0.000 0.000 0.000 23.877 46.877 64.877 8.876 0.000 0.000 0.000 0.000 0.207 33.207
0.000 0.000 0.000 0.000 0.000 85.686 84.681 98.669 98.626 99.832 99.907 104.764 104.622 97.575 99.261 97.106 82.991 71.898 45.812 0.000 0.000 0.000 51.149 69.030 68.933 75.837 63.739 53.642 59.551 69.471 72.416 35.417 0.000 0.000 18.755 66.657 60.564 60.486 59.421 55.371 49.337 50.318 16.312 0.000 0.000 0.000 0.000 31.602 39.602 0.000 0.000 0.000 0.000 0.000 24.880 48.880 42.879 43.879 43.879 45.879 28.879 0.000 0.000 0.000 33.877 54.876 32.876 6.876 0.000 0.000 0.000 0.000 28.207
0.000 0.000 0.000 0.000 25.055 85.932 97.876 98.839 99.851 102.040 105.029 104.898 96.881 98.646 95.299 84.200 73.055 44.977 0.000 0.000 0.000 53.384 74.269 60.158 52.055 65.958 77.862 65.770 68.682 69.600 56.520 62.419 41.182 3.669 26.944 58.733 54.614 61.529 56.457 48.402 47.367 51.347 13.339 0.000 0.000 0.000 0.000 18.602 58.602 3.602 0.000 0.000 0.000 0.000 0.000 30.879 45.879 43.879 43.879 43.879 51.878 0.000 0.000 0.000 0.000 35.876 46.876 52.876 0.000 0.000 0.000 0.000 0.000
0.000 0.000 0.000 0.000 68.178 94.111 100.057 98.964 99.234 97.316 105.154 97.162 98.928 93.497 82.430 57.311 0.000 0.000 0.000 0.000 53.614 74.499 61.385 50.276 50.173 52.075 62.982 77.893 68.808 53.727 61.646 63.556 37.457 0.000 23.831 83.718 70.631 59.558 53.476 49.413 46.381 47.364 41.358 5.361 0.000 0.000 0.000 0.000 37.602 9.602 0.000 0.000 0.000 0.000 0.000 10.879 47.879 43.879 43.879 43.878 45.878 29.878 0.000 0.000 0.000 16.876 43.876 46.876 0.000 0.000 0.000 0.000 0.000
0.000 0.000 0.000 71.491 68.367 74.285 89.196 100.371 97.435 105.388 105.274 98.094 93.782 82.635 61.530 0.000 0.000 35.228 0.000 5.851 78.729 61.611 50.498 51.389 50.286 53.189 67.097 76.011 76.931 60.854 56.780 67.704 41.633 0.000 0.000 14.676 27.635 9.596 0.000 19.392 50.381 57.371 58.366 44.365 0.000 0.000 0.000 0.000 0.000 0.000 0.000 0.000 0.000 0.000 0.000 11.878 47.878 46.878 49.878 44.878 41.878 50.878 0.000 0.000 0.000 23.876 57.876 62.876 0.000 0.000 0.000 0.000 0.000
0.000 0.000 10.718 72.615 69.516 70.435 80.411 96.577 105.606 105.498 97.373 94.139 81.810 55.735 0.000 0.000 52.277 51.228 33.129 16.972 66.841 50.720 51.605 50.496 51.393 66.297 72.207 36.124 27.049 78.980 64.915 42.845 3.739 0.000 0.000 0.000 0.000 0.000 0.000 16.384 68.379 62.373 59.370 55.369 10.369 0.000 0.000 0.000 0.000 0.000 0.000 0.000 0.000 0.000 0.000 35.878 44.878 19.878 0.000 19.878 44.878 48.878 0.000 0.000 0.000 25.876 61.876 30.876 0.000 0.000 0.000 0.000 0.000
0.000 85.911 73.822 70.733 68.655 69.533 70.776 74.842 105.710 96.614 92.376 81.966 55.923 0.000 0.000 0.000 56.326 54.278 74.188 58.067 50.943 51.823 50.707 53.597 73.493 70.398 51.310 47.230 52.160 80.101 77.054 41.024 0.000 0.000 0.000 0.000 0.000 0.000 0.000 16.380 75.377 75.374 70.371 61.370 6.370 0.000 0.000 0.000 0.000 0.000 0.000 0.000 0.000 0.000 8.878 47.878 49.878 0.000 0.000 4.878 47.878 48.878 0.000 0.000 0.000 0.000 32.876 0.000 0.000 0.000 0.000 0.000 0.000
2.079 83.999 97.925 89.850 74.752 75.910 67.958 105.906 105.810 75.496 80.174 56.073 0.000 0.000 0.000 0.000 58.422 71.369 69.279 51.164 51.042 50.920 61.802 73.691 62.587 51.491 51.404 51.327 52.262 61.210 79.177 75.173 36.227 0.000 0.000 0.000 0.000 0.000 0.000 0.000 61.375 63.373 75.372 76.371 32.371 0.000 0.000 0.000 0.000 0.000 0.000 0.000 0.000 0.000 39.878 49.878 26.878 0.000 0.000 8.878 48.878 46.878 0.000 0.000 0.000 0.000 0.000 0.000 0.000 0.000 0.000 0.000 0.000
20.150 97.096 100.030 99.961 94.935 85.091 106.094 106.000 67.659 62.433 0.000 0.070 0.000 0.000 0.000 0.000 69.571 74.499 50.393 52.270 52.141 64.014 72.892 54.778 51.672 51.575 51.488 51.412 51.349 51.301 60.270 80.262 73.281 47.313 38.325 42.329 11.329 0.000 0.000 0.000 0.374 41.373 81.372 81.371 42.371 0.000 0.000 0.000 0.000 0.000 0.000 0.000 0.000 0.000 28.878 27.878 0.000 0.000 0.000 0.000 28.878 55.878 0.000 0.000 0.000 0.000 0.000 0.000 0.000 0.000 0.000 0.000 0.000
90.270 100.204 100.145 100.033 104.277 95.336 106.185 67.765 70.448 65.129 0.000 0.000 0.000 0.000 0.000 62.950 74.793 51.662 52.524 52.381 60.238 73.102 50.974 51.856 51.748 51.649 51.561 51.485 51.422 51.374 51.341 55.325 56.324 51.331 52.335 59.331 41.330 0.000 0.000 0.000 0.000 0.000 36.371 72.371 35.371 0.000 0.000 0.000 0.000 0.000 0.000 0.000 0.000 0.000 0.000 0.000 0.000 0.000 0.000 0.000 0.000 7.878 0.000 0.000 0.000 0.000 0.000 0.000 0.000 0.000 0.000 0.000 0.000
96.375 96.316 100.230 101.393 98.441 106.360 106.273 72.435 56.883 2.022 5.022 2.022 0.000 0.000 0.000 80.106 56.989 52.833 52.662 54.490 75.329 55.181 52.047 51.925 51.814 51.712 51.621 51.544 51.481 51.432 51.396 50.372 49.358 52.353 34.351 0.000 0.000 0.000 0.000 0.000 0.000 0.000 0.000 65.371 53.371 20.371 0.000 0.000 0.000 0.000 0.000 0.000 0.000 0.000 0.000 0.000 0.000 0.000 0.000 0.000 0.000 0.000 0.000 0.000 0.000 0.000 0.000 0.000 0.000 0.000 0.000 0.000 0.000
75.489 75.425 79.405 75.563 106.531 106.446 83.941 65.144 56.069 0.000 0.012 2.022 0.000 0.000 0.000 55.380 51.224 51.019 49.799 62.590 55.407 49.247 50.108 49.985 49.871 49.763 50.668 51.589 51.526 51.477 50.439 48.409 50.385 50.371 47.365 37.367 40.367 42.367 41.367 43.367 14.366 0.000 0.000 3.371 62.371 34.371 0.000 0.000 0.000 0.000 0.000 0.000 0.000 0.000 0.000 0.000 0.000 0.000 0.000 0.000 0.000 0.000 0.000 0.000 0.000 0.000 0.000 0.000 0.000 0.000 0.000 0.000 0.000
90.605 112.494 77.742 107.801 106.614 66.490 57.086 0.000 71.460 29.802 0.000 0.000 0.000 0.000 99.192 77.811 48.507 56.220 66.924 65.665 61.461 59.291 59.153 59.035 57.921 51.802 47.698 51.618 51.558 51.511 50.473 50.439 54.402 54.382 55.372 65.369 65.368 61.367 54.367 53.366 32.366 0.000 0.000 0.000 21.371 27.371 0.000 0.000 0.000 0.000 0.000 0.000 0.000 0.000 0.000 0.000 0.000 0.000 0.000 0.000 0.000 0.000 0.000 0.000 0.000 0.000 0.000 0.000 0.000 0.000 0.000 0.000 0.000
138.685 117.283 115.330 106.768 106.693 94.578 0.000 38.486 66.486 140.145 115.627 1.895 46.719 36.146 97.574 57.164 54.774 126.430 117.013 112.685 112.482 111.301 110.181 109.079 107.976 78.827 45.703 51.628 51.576 51.536 51.505 43.472 0.000 0.000 0.000 0.000 0.000 0.000 18.366 70.366 49.366 20.366 0.000 0.000 0.000 0.000 0.000 0.000 0.000 0.000 0.000 0.000 0.000 0.000 0.000 0.000 0.000 0.000 0.000 0.000 0.000 0.000 0.000 0.000 0.000 0.000 0.000 0.000 0.000 0.000 0.000 0.000 0.000
96.854 116.442 106.907 106.839 91.099 0.000 0.000 0.000 9.855 61.666 49.405 0.000 27.995 0.000 56.793 53.497 62.994 118.712 0.000 4.579 0.000 55.250 64.190 125.126 38.077 0.000 55.660 51.616 51.581 52.554 34.537 0.000 0.000 0.000 0.000 0.000 0.000 0.000 0.000 23.366 70.366 26.366 0.000 0.000 0.000 0.000 0.000 0.000 0.000 0.000 0.000 0.000 0.000 0.000 0.000 0.000 0.000 0.000 0.000 0.000 0.000 0.000 0.000 0.000 0.000 0.000 0.000 0.000 0.000 0.000 0.000 0.000 0.000
117.611 115.665 106.971 115.590 117.437 37.725 0.000 17.412 44.412 54.260 30.920 8.096 49.272 94.826 93.308 86.038 0.000 37.712 0.000 16.473 38.367 66.261 111.202 74.157 39.128 0.000 0.000 57.596 51.577 52.561 33.552 0.000 0.000 0.000 0.000 0.000 0.000 0.000 0.000 0.000 17.366 56.365 21.365 0.000 0.000 0.000 0.000 0.000 0.000 0.000 0.000 0.000 0.000 0.000 0.000 0.000 0.000 0.000 0.000 0.000 0.000 0.000 0.000 0.000 0.000 0.000 0.000 0.000 0.000 0.000 0.000 0.000 0.000
115.744 107.087 107.031 96.095 38.861 0.000 0.000 0.000 6.121 33.042 0.000 0.000 42.172 85.897 139.577 75.307 0.000 0.000 0.000 0.000 0.000 80.224 115.200 45.173 42.151 0.000 0.000 0.000 56.568 50.563 48.559 46.560 34.560 0.000 0.000 0.000 0.000 0.000 0.000 0.000 12.365 70.365 28.365 0.000 0.000 0.000 0.000 0.000 0.000 0.000 0.000 0.000 0.000 0.000 0.000 0.000 0.000 0.000 0.000 0.000 0.000 0.000 0.000 0.000 0.000 0.000 0.000 0.000 0.000 0.000 0.000 0.000 0.000
