results2_8e3_rain/res_3e8f-0175.wd
ncols         241
nrows         181
xllcorner     12693529.787448
yllcorner     3542525.717860
cellsize      155.156523
NODATA_value  -9999.000000
[rows 33 to 65 of 181, columns 146 to 218 of 241]
64.681 63.899 63.626 64.265 30.926 42.598 64.287 57.976 36.559 0.000 0.000 35.814 11.815 16.815 32.817 57.821 44.821 10.819 0.000 0.000 49.723 57.710 15.687 42.659 34.637 35.613 39.573 48.534 66.491 57.459 52.429 47.405 48.384 48.366 47.349 46.332 45.313 53.293 63.273 55.256 55.240 53.223 32.207 46.193 54.184 0.000 24.742 29.713 53.640 51.577 56.518 66.462 59.414 54.391 9.380 0.000 37.330 37.325 44.322 22.324 0.000 0.000 0.000 0.000 0.000 0.000 0.000 0.000 0.000 0.000 0.000 0.000 0.000
64.630 64.377 64.032 64.704 42.384 60.084 62.818 56.629 0.000 0.000 13.814 37.814 0.000 0.000 0.000 41.832 41.828 49.818 12.799 62.773 50.741 37.716 46.691 37.663 35.637 35.608 34.574 36.538 64.502 62.470 62.441 64.415 57.392 59.372 58.353 58.335 58.316 59.297 63.279 61.263 62.247 57.233 34.220 33.210 6.204 0.000 21.685 35.667 43.629 38.574 44.515 57.454 57.417 55.396 13.385 0.000 0.000 42.317 14.315 0.000 0.000 0.000 0.000 0.000 1.231 44.225 43.220 45.215 35.211 38.209 5.207 0.000 0.000
65.106 64.770 64.450 64.132 63.824 64.533 56.274 43.092 0.000 0.000 0.000 5.814 0.000 0.000 0.000 38.848 35.840 48.826 53.805 45.780 54.751 52.724 33.696 34.667 35.638 35.608 47.575 51.542 55.509 48.477 45.448 55.422 29.398 36.377 31.357 31.338 31.319 34.301 60.284 49.269 47.254 49.242 34.231 36.223 16.219 0.000 31.647 88.640 13.634 0.000 0.000 6.422 58.405 57.389 16.379 0.000 0.000 39.311 36.305 38.292 36.281 44.271 50.261 42.250 64.237 71.227 69.220 54.215 34.210 33.207 37.205 7.203 0.000
65.499 65.180 64.861 64.550 65.248 59.952 41.653 32.372 41.372 0.000 0.000 0.000 0.000 0.000 0.000 35.871 34.859 37.840 33.816 44.790 47.761 50.732 39.702 34.672 34.641 34.610 59.578 65.546 47.514 41.483 41.453 42.427 39.402 39.380 39.360 40.340 43.321 40.304 61.288 53.273 51.260 51.248 33.239 47.232 73.229 0.000 23.615 76.612 0.000 0.000 0.000 8.406 58.391 56.378 34.363 39.342 37.325 35.312 35.302 35.291 34.281 41.271 48.262 35.252 53.238 71.225 67.218 47.213 32.209 32.205 37.203 5.202 0.000
65.909 65.583 65.265 64.958 61.664 47.374 36.013 0.000 0.000 0.000 0.000 40.070 3.057 9.039 0.989 34.907 35.884 35.858 34.831 34.802 40.771 33.740 33.708 35.677 34.645 33.613 57.581 54.550 62.518 66.486 65.456 60.429 56.405 58.382 54.361 58.341 58.323 59.306 63.290 61.276 62.263 58.252 33.244 45.238 67.235 0.000 18.587 79.581 0.000 0.000 0.000 0.000 55.375 58.367 37.354 35.337 35.322 35.310 35.299 35.289 34.279 41.271 50.264 6.258 0.000 29.218 72.214 48.210 32.206 32.202 36.200 3.199 0.000
66.316 65.980 65.657 65.354 55.077 36.866 0.000 0.000 0.000 0.000 38.098 41.082 54.063 54.037 41.997 34.947 34.911 35.879 35.847 34.815 33.782 34.748 34.715 34.681 33.648 42.616 61.584 40.554 54.524 31.488 64.454 54.428 53.405 53.383 50.361 55.342 56.323 56.306 63.291 61.277 58.265 58.255 33.247 47.242 66.239 0.000 4.565 72.543 0.000 0.000 0.000 0.000 59.368 58.362 34.349 36.331 35.317 36.306 36.295 36.286 37.277 45.270 25.264 0.000 0.000 30.214 72.211 53.207 40.202 34.199 37.196 4.194 0.000
66.719 66.361 67.030 59.724 47.426 37.146 0.000 0.000 0.000 0.000 35.114 52.098 46.076 35.047 37.012 36.972 34.935 33.899 35.864 34.829 35.793 35.757 35.721 34.686 34.652 54.618 54.586 54.557 54.535 0.000 36.444 34.426 35.404 35.382 36.361 40.341 43.322 41.305 61.290 55.276 49.264 51.255 34.247 46.243 65.240 0.000 0.000 45.484 36.460 0.000 0.000 0.000 53.366 36.364 0.000 31.320 37.309 41.300 48.291 48.282 48.274 50.266 22.260 0.000 14.218 78.213 71.209 73.203 61.199 36.194 37.191 5.188 0.000
67.110 66.717 66.378 52.086 3.756 0.000 0.000 0.000 0.000 13.172 51.145 46.121 36.095 37.065 37.031 36.994 36.956 34.919 33.881 33.843 35.805 34.766 34.727 33.690 35.654 50.619 41.586 50.554 51.524 10.487 10.453 50.427 49.403 49.380 49.359 51.338 51.320 52.302 64.287 60.273 55.261 57.252 33.245 42.241 70.239 0.000 0.000 104.448 73.436 40.418 27.409 0.000 0.000 0.000 0.000 0.000 34.300 43.295 47.287 46.278 49.269 51.260 37.250 42.235 58.222 73.213 71.207 71.200 59.194 36.189 36.184 12.181 0.000
67.472 68.019 59.681 42.485 0.000 0.000 0.000 1.261 1.242 58.198 52.173 36.147 37.119 37.087 37.053 37.016 36.978 36.939 33.899 34.858 34.816 34.774 35.733 34.693 34.654 37.618 42.583 54.550 41.518 53.485 58.454 51.426 60.401 50.377 51.355 54.335 53.315 52.298 62.282 58.268 46.257 45.247 34.241 41.237 70.236 0.000 0.000 95.425 85.418 62.408 31.401 0.000 0.000 7.332 2.328 0.000 5.297 54.291 46.283 40.275 37.265 52.255 39.245 41.233 49.221 70.212 72.204 70.197 56.190 36.183 33.176 37.169 31.159
75.754 73.205 45.841 35.688 0.000 0.000 3.292 36.279 50.259 51.229 45.202 40.175 37.145 37.113 37.078 37.040 36.001 38.960 43.918 39.874 34.828 35.782 34.737 34.694 34.653 34.615 41.580 42.546 40.513 47.481 46.451 41.423 53.397 33.373 41.350 48.329 47.310 41.292 60.276 53.262 33.249 32.240 35.233 37.230 41.233 0.000 0.000 73.409 53.404 90.396 76.385 12.366 13.350 64.336 38.325 36.312 36.300 38.290 49.281 43.271 11.262 64.251 52.241 48.230 46.219 57.210 73.201 65.193 48.185 37.177 33.169 40.160 64.149
0.000 0.000 24.790 42.739 0.000 0.000 38.305 48.296 62.280 46.257 45.232 45.205 38.174 37.141 37.105 37.066 44.026 51.983 52.939 44.891 39.840 34.789 33.739 34.692 38.649 35.610 34.574 33.540 39.507 40.476 39.446 40.418 42.392 35.367 41.344 46.323 48.303 44.284 60.267 54.253 36.240 35.229 35.221 31.217 0.000 0.000 0.000 29.397 48.394 48.386 82.376 97.363 90.349 58.336 44.324 45.311 45.300 48.289 70.279 88.269 97.258 96.248 98.237 97.227 91.216 85.206 77.197 60.188 43.180 34.171 35.163 48.154 67.143
18.782 0.000 0.000 0.000 0.000 9.335 41.328 61.320 53.307 56.288 53.265 43.237 36.206 37.172 37.134 48.094 53.052 49.008 43.962 40.911 43.852 38.795 38.739 34.686 39.642 33.602 34.566 35.532 34.500 34.469 34.439 34.411 33.385 34.360 34.336 38.314 44.294 43.275 61.257 55.242 34.228 35.216 35.207 34.198 9.188 0.000 0.000 33.389 59.386 48.380 50.371 65.360 76.347 86.335 88.322 94.310 97.299 97.288 96.277 92.266 83.255 81.245 83.234 86.223 88.213 89.203 87.193 91.184 83.175 50.166 37.157 56.148 73.139
58.180 16.914 0.000 0.000 6.327 42.343 58.350 51.349 43.340 51.324 55.301 56.274 46.242 35.206 45.166 54.124 44.080 36.036 35.991 37.940 5.864 6.798 5.736 31.671 35.629 37.592 37.557 34.524 34.491 35.461 34.431 34.403 34.376 35.351 34.327 34.305 34.283 37.264 54.245 53.229 35.214 35.202 35.191 36.183 37.177 0.000 0.000 32.385 50.382 51.377 63.369 50.358 30.346 34.333 70.321 94.309 78.297 73.286 76.275 69.264 55.252 44.241 35.230 33.220 34.209 44.199 42.189 37.179 76.170 91.161 69.152 67.142 71.134
0.000 32.648 11.001 5.196 41.311 51.360 58.381 42.386 45.380 43.365 41.343 49.315 54.281 49.243 53.200 42.155 36.109 37.064 37.025 44.996 0.000 0.000 0.000 28.634 37.610 48.579 49.546 44.513 40.482 42.451 38.422 37.394 35.367 34.341 34.317 35.294 34.272 34.251 37.232 46.214 34.198 34.185 35.173 34.165 3.160 0.000 0.000 13.383 11.381 65.376 49.368 34.358 48.345 50.331 96.319 77.307 60.295 42.284 33.272 34.261 35.250 36.238 36.227 36.216 35.205 33.194 32.184 33.174 41.165 78.155 86.146 71.137 70.128
0.000 20.028 43.159 45.277 44.359 59.406 44.428 38.434 40.429 39.414 36.391 35.362 50.326 57.284 60.238 48.187 38.136 35.087 43.048 9.022 0.000 0.000 0.000 31.622 41.598 48.568 49.535 49.503 51.471 59.440 57.411 53.383 51.356 47.330 41.305 36.281 34.259 35.237 34.217 39.198 32.181 33.165 34.153 36.144 57.138 0.000 0.000 0.000 27.383 69.378 29.371 38.360 29.345 68.329 86.317 46.305 34.294 36.282 36.270 36.258 36.247 36.235 33.223 33.212 32.200 33.189 33.179 33.169 49.159 64.150 37.141 97.130 69.122
0.000 20.278 43.331 36.393 55.443 55.475 50.491 41.494 35.487 36.470 37.446 48.415 51.377 43.331 46.279 55.220 56.159 46.102 3.058 0.000 4.777 3.736 36.684 42.633 46.594 45.559 46.524 46.491 44.459 51.428 52.399 52.371 53.344 50.318 49.293 50.268 41.245 36.222 37.200 34.180 35.161 34.144 33.129 35.118 50.112 0.000 0.000 0.000 27.389 71.383 33.376 9.368 0.000 14.321 53.314 35.304 36.292 34.280 34.268 34.256 33.244 32.231 33.219 33.207 32.196 33.184 32.173 31.163 34.154 30.145 26.136 90.122 99.112
0.000 17.475 37.494 47.521 57.546 48.561 48.568 50.565 48.553 39.534 45.509 54.475 43.434 36.385 35.325 41.256 51.180 58.103 22.025 13.923 39.819 39.746 34.684 43.631 48.587 49.549 45.513 45.478 37.445 34.415 34.386 34.358 33.331 31.305 38.279 52.254 51.230 50.206 45.183 36.160 34.139 35.119 34.102 34.088 35.079 0.000 0.000 0.000 42.402 9.389 13.383 0.000 0.000 0.000 32.315 12.303 15.291 32.278 31.266 31.254 32.241 34.228 34.215 34.203 33.191 33.179 31.167 31.157 32.147 20.140 0.000 10.111 93.099
0.000 16.652 40.649 59.652 50.656 47.657 47.653 48.643 47.628 49.606 54.578 43.544 37.501 37.448 37.382 36.299 37.200 43.104 60.017 57.926 36.830 35.744 34.675 35.619 47.574 45.536 56.500 44.463 37.430 35.400 36.371 35.344 40.317 48.291 44.265 38.240 44.214 54.189 51.164 50.140 41.116 34.093 34.071 35.052 33.037 0.000 0.000 42.434 30.428 0.000 0.000 44.346 39.344 38.338 30.328 0.000 0.000 37.274 34.265 34.252 34.238 34.225 34.211 34.198 34.185 34.173 34.161 33.149 34.139 36.128 26.116 0.000 35.085
4.915 29.832 54.799 50.782 39.770 44.759 49.745 44.728 50.708 56.683 48.654 36.620 35.578 37.525 37.456 41.358 42.218 36.096 47.013 42.933 39.831 36.726 33.652 40.598 44.556 46.521 37.488 64.443 52.412 42.383 34.356 40.330 59.303 69.277 62.251 39.225 41.198 44.172 48.145 53.119 51.092 47.065 36.038 33.011 39.981 45.938 0.000 17.440 38.447 0.000 0.000 14.347 34.349 34.342 34.331 39.316 38.300 34.281 33.266 34.251 34.236 34.221 34.206 34.193 34.179 34.166 34.154 34.142 33.130 33.117 34.104 37.088 33.077
16.998 50.963 56.932 41.906 36.883 38.862 40.840 51.816 55.792 66.766 65.737 58.703 47.665 36.619 39.558 6.458 0.000 35.050 41.004 37.965 0.839 34.678 38.609 55.564 54.529 57.505 0.000 29.410 69.390 63.366 49.341 55.315 73.289 73.263 71.237 40.210 46.183 46.155 48.127 36.098 45.068 51.038 50.006 48.973 61.937 70.895 3.851 0.000 28.472 53.498 0.000 0.000 57.362 38.351 38.336 38.319 38.301 39.284 33.267 32.251 36.234 33.217 33.201 33.187 33.173 34.160 33.146 32.134 32.121 32.108 32.095 32.082 31.070
16.116 62.091 48.059 37.027 36.996 36.966 49.936 47.905 64.878 79.851 76.823 73.792 68.760 59.728 50.700 0.000 0.000 0.000 28.990 39.979 0.000 0.000 31.542 49.520 48.493 63.464 35.422 36.396 69.373 74.350 70.325 69.300 72.275 72.250 73.223 52.196 44.168 46.139 46.109 36.077 45.045 39.011 57.976 28.939 67.899 89.854 60.807 30.756 0.000 31.523 0.000 33.414 93.386 46.364 48.343 48.323 44.304 45.285 37.268 32.251 14.232 33.211 33.195 36.181 39.166 49.152 39.139 34.126 35.112 35.099 35.086 35.074 35.062
48.259 52.225 46.185 44.146 39.109 51.072 45.032 57.989 35.963 5.938 56.911 75.883 74.855 75.831 58.815 0.000 0.000 0.000 22.986 45.982 0.000 0.000 28.496 43.482 38.460 65.435 76.406 76.380 72.357 72.334 72.310 73.287 72.262 72.237 72.210 66.183 41.154 43.124 41.092 36.058 47.023 47.986 50.948 7.907 52.864 88.818 58.766 76.705 37.622 23.549 35.497 91.442 79.404 51.375 45.349 47.326 41.305 35.285 33.267 31.254 0.000 39.199 47.188 55.174 62.160 71.145 60.131 40.117 34.104 35.090 35.077 35.065 35.053
59.437 48.366 48.311 44.264 51.221 48.179 51.133 75.057 62.048 45.027 66.000 74.973 73.947 72.926 52.915 0.000 0.000 0.000 0.000 0.982 0.000 0.000 34.464 43.451 54.432 70.409 72.386 72.363 72.341 72.319 72.296 72.273 72.249 72.225 72.199 72.171 58.142 48.110 41.077 34.041 38.003 37.963 42.922 61.879 47.833 82.786 68.734 75.677 82.613 68.553 73.501 82.453 58.414 59.382 45.353 44.328 36.305 33.283 34.263 36.244 50.220 56.200 74.183 73.168 72.153 71.138 71.123 61.109 39.095 34.081 35.068 35.055 35.043
50.569 38.492 40.430 52.377 49.331 49.292 19.262 0.000 54.146 80.121 75.091 74.061 76.034 58.012 44.003 28.026 0.000 0.000 0.000 0.000 0.000 0.000 40.445 57.426 69.406 72.385 72.365 72.344 72.324 72.304 72.283 72.261 72.238 72.214 72.188 72.161 73.131 67.099 59.064 51.026 48.985 51.942 42.897 59.852 38.805 80.757 13.708 34.655 69.601 41.548 32.500 88.456 52.418 56.384 54.355 35.328 33.303 34.280 34.259 42.237 63.216 74.196 71.178 71.161 71.145 68.130 67.115 65.100 64.086 38.072 34.059 34.046 34.033
40.677 37.603 50.539 50.483 45.435 65.394 19.363 28.347 68.268 75.221 74.182 74.147 74.115 50.085 50.059 61.048 0.000 0.000 0.000 0.000 0.000 0.000 0.000 7.403 66.380 78.362 73.344 72.326 72.308 72.289 72.270 72.249 72.228 72.205 72.180 72.153 72.123 73.091 74.054 71.013 70.969 73.922 53.874 59.826 33.779 74.731 10.684 12.635 65.586 35.539 45.495 79.454 60.417 52.383 56.353 33.325 34.300 33.276 35.253 45.232 66.210 67.191 72.172 71.154 66.138 63.122 67.106 72.091 71.076 60.062 41.049 40.035 39.023
36.775 50.703 51.639 39.582 50.532 71.487 64.448 70.410 76.358 74.312 74.270 74.231 71.193 55.154 5.101 1.075 0.000 0.000 0.000 0.000 0.000 0.000 0.000 0.000 11.350 23.338 64.323 73.308 72.292 72.275 72.258 72.239 72.219 72.198 72.174 74.148 73.119 73.086 72.048 74.005 72.956 72.904 62.850 60.800 37.752 49.706 79.661 58.615 66.571 35.527 63.486 57.447 60.412 48.379 42.349 34.321 34.295 34.270 42.247 47.225 48.204 53.184 61.165 59.147 60.129 71.113 71.097 71.081 71.066 72.052 66.038 62.025 60.012
51.866 51.796 40.732 36.675 51.622 70.575 76.531 75.488 74.442 74.398 74.355 75.313 66.271 59.239 0.000 0.000 0.000 0.000 0.000 0.000 0.000 0.000 0.000 0.000 20.333 40.315 67.303 73.290 72.277 72.263 72.247 72.230 72.212 72.193 74.171 74.146 74.119 66.086 71.047 74.002 76.947 74.887 68.824 64.771 52.724 36.680 84.637 67.595 69.554 34.514 80.475 44.438 25.404 42.372 33.342 34.314 33.288 42.263 48.240 47.218 47.196 46.176 39.157 35.138 65.120 71.103 71.087 71.071 71.056 71.041 72.027 72.014 72.001
48.950 39.882 37.819 35.761 52.708 72.659 74.614 74.569 74.525 74.482 74.439 76.394 55.342 53.290 0.000 0.000 0.000 0.000 0.000 0.000 0.000 0.000 0.000 0.000 0.000 54.289 73.283 72.274 72.263 72.251 72.238 72.223 74.207 73.189 73.170 73.148 67.123 45.092 61.054 71.009 21.943 12.872 46.787 53.736 62.693 49.653 70.613 88.574 73.536 40.498 82.462 6.427 18.394 31.363 34.334 34.306 36.280 46.255 44.232 45.209 47.188 50.167 44.148 45.129 61.111 71.093 71.077 71.061 71.045 71.030 71.016 71.002 70.989
40.030 37.963 42.901 47.844 62.790 74.741 74.694 74.650 74.608 74.567 74.527 75.481 62.412 0.000 0.000 0.000 0.000 0.000 2.225 39.226 0.225 18.226 0.000 0.000 0.000 29.268 64.265 71.259 72.251 72.241 72.230 72.217 74.203 72.188 72.171 72.153 56.132 52.107 14.066 16.037 0.000 0.000 31.717 38.692 60.659 46.625 51.589 94.553 77.517 56.481 66.447 16.414 61.382 38.352 34.324 34.297 36.271 45.246 56.223 56.200 58.179 64.158 59.138 70.119 71.100 71.083 71.066 71.050 71.034 71.019 71.004 70.990 70.977
41.105 38.040 44.979 63.922 74.869 74.819 74.773 74.729 74.689 74.651 74.618 80.594 0.000 0.000 0.000 0.000 0.000 0.000 39.225 51.226 38.226 53.226 49.227 0.000 19.243 51.250 58.250 69.247 72.241 72.233 72.223 73.213 72.201 72.188 72.175 68.161 57.147 62.136 0.000 0.000 0.000 15.666 48.673 40.655 58.628 34.597 36.565 84.532 83.498 75.464 61.431 61.399 50.369 45.340 34.312 34.286 34.260 44.236 66.213 73.190 72.168 72.147 64.127 71.108 71.089 71.072 71.054 71.038 71.022 71.007 70.992 70.978 70.964
39.176 37.113 52.053 71.996 75.944 74.894 74.848 74.806 74.766 74.731 74.702 81.682 0.000 0.000 0.000 0.000 0.000 0.000 28.225 48.226 48.226 47.226 50.227 34.230 42.236 50.239 50.239 67.237 73.232 72.226 72.218 72.209 72.199 72.189 73.179 65.168 61.159 55.154 0.000 0.000 0.000 8.660 12.653 40.627 59.600 36.572 32.543 71.511 88.478 85.445 66.414 45.383 44.354 45.326 36.300 33.274 34.249 37.225 48.202 68.179 71.157 71.136 63.116 71.097 71.078 71.060 71.042 71.025 71.009 70.994 70.979 70.965 70.951
38.244 40.182 60.123 76.067 75.015 74.966 74.921 74.878 74.840 74.805 76.775 74.751 0.000 0.000 0.000 0.000 0.000 0.000 14.225 53.225 59.225 64.226 55.226 54.228 48.230 44.232 55.231 69.229 72.225 72.220 75.214 73.206 72.198 72.190 72.182 67.175 59.169 54.166 29.169 0.000 0.000 0.000 0.000 2.600 51.573 37.549 33.522 66.492 97.458 78.426 57.395 48.366 50.338 48.312 43.286 32.261 34.237 33.213 37.190 56.168 71.146 71.125 63.104 71.084 71.065 71.047 71.029 71.013 70.996 70.981 70.966 70.951 70.937
38.310 48.248 68.189 76.134 75.083 75.035 74.990 74.948 74.909 75.874 73.842 61.796 45.796 0.000 0.000 0.000 0.000 0.000 16.225 54.225 63.225 63.225 67.225 69.225 52.226 51.226 66.225 72.223 72.220 72.216 73.210 72.204 72.198 72.191 72.185 70.179 58.175 59.173 53.173 0.000 0.000 0.000 0.000 0.000 37.542 37.528 31.506 76.475 64.438 70.404 40.374 60.347 54.321 47.296 47.272 38.248 33.224 34.201 33.178 45.155 68.133 70.112 64.092 71.072 72.052 71.034 71.016 70.999 70.983 70.967 70.952 70.937 70.923
