results2_8e3_rain/res_3e8f-0036.wd
ncols         241
nrows         181
xllcorner     12693529.787448
yllcorner     3542525.717860
cellsize      155.156523
NODATA_value  -9999.000000
[rows 132 to 164 of 181, columns 0 to 74 of 241]
71.840 76.841 80.843 80.846 82.850 82.855 76.861 67.868 53.876 42.885 41.896 42.908 41.922 40.937 45.954 59.973 70.994 76.016 76.041 73.068 65.097 56.127 47.159 41.191 46.225 48.269 47.300 48.322 46.335 41.343 55.346 78.341 45.323 0.000 0.000 0.000 0.000 37.644 49.641 46.625 48.625 54.634 72.647 58.660 42.669 41.676 41.680 53.682 74.680 15.676 0.000 0.000 0.000 0.000 0.000 0.000 0.000 0.000 0.000 0.000 0.000 0.000 0.000 0.000 18.585 0.000 2.107 43.032 65.898 69.799 69.688 79.771 107.232 97.576 97.522
49.868 51.869 54.871 60.874 70.878 76.883 81.889 81.897 74.905 60.914 49.925 43.938 47.951 54.967 67.984 83.004 82.024 79.047 79.072 82.098 82.126 78.155 66.185 54.216 46.248 41.282 42.311 41.335 42.353 50.366 72.376 80.380 0.000 0.000 0.000 0.000 0.000 23.649 41.654 50.652 51.655 48.670 49.693 59.709 54.718 47.722 51.722 59.719 72.712 13.694 0.000 0.000 0.000 0.000 0.000 0.000 0.000 0.000 0.000 0.000 0.000 0.000 0.000 0.000 0.586 0.000 50.177 72.100 67.980 76.950 68.009 107.366 96.120 97.624 102.859
41.897 41.898 41.900 43.903 48.907 52.912 59.918 68.925 76.934 79.943 73.954 71.966 73.980 76.996 76.014 69.033 60.055 58.077 58.102 63.127 69.154 76.182 79.211 78.241 67.271 57.301 52.329 50.354 59.376 75.395 76.411 62.424 0.000 0.000 0.000 0.000 0.000 0.000 24.675 51.675 30.676 18.698 33.748 48.767 63.773 67.772 69.768 70.762 66.757 0.000 0.000 0.000 0.000 0.000 0.000 0.000 0.000 0.000 0.000 0.000 0.000 0.000 34.714 4.667 70.587 92.480 125.293 81.250 76.294 57.244 93.303 97.799 97.695 106.430 95.943
42.926 42.927 42.929 42.932 41.936 40.941 42.947 47.954 53.962 63.972 73.982 75.994 69.008 59.024 53.043 45.063 41.084 41.107 41.131 43.156 48.182 54.209 61.237 73.266 78.295 80.323 79.351 75.378 78.403 71.427 53.452 45.481 24.525 0.000 0.000 0.000 0.000 0.000 17.697 50.698 0.000 0.000 26.836 51.838 70.835 78.828 64.817 67.805 53.798 11.806 0.000 0.000 0.000 0.000 0.000 0.000 0.000 0.000 0.000 0.000 0.000 21.813 40.761 113.702 142.621 125.483 109.014 107.944 99.606 98.252 98.111 97.961 63.187 108.098 99.687
42.954 42.955 42.958 42.961 42.965 42.970 42.976 41.983 41.991 45.000 51.010 50.022 46.035 42.052 42.071 42.091 43.113 43.137 43.160 43.185 42.211 41.237 43.264 49.292 56.320 65.348 73.376 69.403 58.431 46.459 42.490 47.525 55.570 31.628 9.668 9.692 0.000 0.000 32.719 53.723 3.739 0.000 45.923 77.915 79.904 58.888 61.868 60.842 48.826 37.816 0.000 0.000 0.000 0.000 0.000 0.000 0.000 0.000 0.000 0.000 0.000 2.867 65.814 71.733 67.714 68.862 66.825 98.628 98.510 98.386 65.563 68.333 70.197 71.857 21.819
42.983 42.984 42.986 42.989 42.994 42.999 43.005 43.012 43.019 43.028 42.037 42.048 42.061 43.077 43.098 43.120 43.143 43.166 43.190 43.215 43.239 43.265 43.291 42.318 41.345 42.373 46.401 44.430 43.460 47.491 50.524 49.560 47.602 49.646 49.685 46.717 46.748 50.757 25.738 11.738 0.842 19.052 64.018 77.997 57.977 50.954 49.925 29.871 25.848 0.000 0.000 0.000 0.000 0.000 0.000 0.000 0.000 13.398 28.380 0.000 12.061 74.944 81.938 80.008 77.991 79.066 98.849 98.741 79.834 86.617 79.463 85.228 77.063 55.997 0.000
43.012 43.013 43.015 43.018 43.023 43.028 43.034 43.041 43.048 43.056 43.064 43.073 43.084 43.101 43.124 43.148 43.173 43.197 43.220 42.244 49.268 51.293 43.318 42.345 41.371 42.399 44.428 47.457 50.488 49.521 44.555 45.592 52.632 55.672 51.710 45.743 42.771 51.786 0.000 0.000 0.000 59.120 68.103 55.079 47.053 67.027 13.007 0.000 0.000 0.000 0.000 0.000 0.000 0.000 0.000 0.000 23.457 65.416 94.364 55.271 88.108 96.257 93.218 92.307 99.153 99.056 98.955 91.934 93.802 93.494 92.348 91.272 9.182 0.000 0.000
43.040 43.041 43.043 43.047 43.052 43.057 43.063 43.070 43.077 43.084 46.091 46.097 44.104 48.118 46.149 43.177 43.204 43.228 42.252 40.275 51.298 59.322 45.346 42.372 44.398 47.425 49.454 48.484 45.516 47.550 52.585 54.623 55.662 55.702 50.741 44.777 53.808 72.830 0.000 0.000 0.000 33.207 56.193 53.166 57.129 77.095 11.071 0.000 0.000 0.000 0.000 0.000 0.000 0.000 0.000 21.548 73.501 89.443 92.364 97.343 94.485 91.469 99.422 99.336 99.247 91.268 92.044 92.908 92.582 92.548 85.474 62.374 0.000 0.000 0.000
43.068 43.070 43.072 43.076 43.081 43.087 43.093 43.100 43.108 44.114 51.119 51.121 28.119 0.000 17.179 47.209 41.238 44.262 50.285 53.306 53.328 49.351 45.374 46.398 49.424 48.451 47.480 49.511 53.543 53.578 55.614 54.653 45.693 40.734 42.775 55.816 74.856 84.898 6.950 0.000 0.000 8.309 64.299 66.262 73.202 72.154 8.112 0.000 0.000 0.000 0.000 0.000 0.000 0.000 25.651 69.604 91.523 94.533 93.612 93.605 92.687 99.585 99.504 91.493 92.285 93.137 92.918 92.767 92.717 84.645 76.600 0.000 0.000 0.000 0.000
43.097 43.098 43.100 43.104 43.110 43.116 43.124 43.132 43.140 45.146 54.151 65.149 41.134 0.000 0.000 32.245 58.278 50.299 48.319 48.338 46.358 45.380 47.402 49.425 47.450 43.477 45.505 57.536 59.569 49.604 43.642 40.682 40.723 45.766 59.810 75.856 72.905 56.955 29.003 0.000 0.000 35.422 64.433 46.383 37.265 29.209 0.000 0.000 0.000 0.000 0.000 0.000 0.000 18.759 69.704 91.611 93.799 92.789 92.893 99.816 99.741 99.664 91.568 93.439 93.146 93.013 92.952 92.873 86.791 73.723 63.683 0.000 0.000 0.000 0.000
43.125 43.126 43.128 43.132 43.138 43.146 43.155 43.165 43.174 45.182 55.189 42.193 0.000 0.000 0.000 0.323 54.330 46.340 48.354 47.371 45.389 48.408 49.429 46.452 43.475 39.501 49.529 63.560 50.593 40.630 41.669 46.711 56.754 67.798 78.845 71.896 49.951 45.017 64.105 71.257 72.406 76.525 51.627 12.575 0.000 0.000 0.000 0.000 0.000 0.000 0.000 0.000 23.859 69.791 91.799 93.977 92.997 100.026 99.959 99.889 91.856 92.645 93.523 93.215 93.193 93.127 93.045 93.947 81.862 52.770 41.727 0.000 0.000 0.000 0.000
42.153 42.153 43.154 43.158 43.167 43.177 43.188 43.198 43.209 46.220 56.231 27.241 0.000 0.000 24.389 26.386 43.374 45.377 33.388 15.402 53.419 48.437 44.457 43.477 41.500 43.524 59.551 62.582 44.616 47.654 59.695 68.739 77.783 75.829 63.878 49.931 42.989 59.058 63.143 51.261 32.437 30.646 18.977 1.154 0.007 0.000 0.000 12.320 7.320 0.000 0.000 17.941 69.959 93.055 94.074 92.181 100.156 100.091 92.040 92.841 93.707 93.507 93.378 93.347 93.287 93.230 96.154 60.013 39.937 0.000 0.000 0.000 0.000 0.000 0.000
51.183 49.181 46.178 44.182 41.194 41.207 41.221 41.233 40.246 45.260 57.276 40.300 21.347 29.376 47.393 43.400 40.402 46.409 41.419 28.433 48.448 42.465 41.483 41.503 43.524 57.546 65.571 31.601 23.635 73.676 78.721 73.766 62.812 52.859 44.907 40.960 52.019 64.083 32.150 7.206 0.000 0.000 2.407 1.913 0.043 1.175 4.278 32.320 16.320 0.000 0.000 50.188 92.227 91.350 100.343 100.282 100.220 92.090 93.967 93.687 93.572 93.533 95.482 90.423 92.386 93.353 104.327 0.000 0.000 0.000 0.000 0.000 0.000 0.000 0.000
52.216 54.211 60.196 61.199 61.220 58.240 59.255 58.269 57.283 57.297 59.315 42.337 46.366 45.390 42.407 45.419 45.428 44.438 49.449 51.462 45.477 39.493 41.510 43.528 57.546 62.566 51.589 45.615 54.650 77.695 60.746 51.795 43.841 41.887 43.934 42.986 57.044 66.106 30.167 6.210 0.000 1.169 4.162 1.727 4.634 11.050 13.269 6.363 0.000 0.000 28.383 70.439 100.516 100.460 100.403 92.345 93.139 94.025 93.728 93.717 94.667 94.613 67.560 45.488 80.480 94.470 99.475 39.530 0.000 0.000 0.000 0.000 0.000 0.000 0.000
45.254 39.253 0.000 0.000 3.248 50.277 47.293 47.306 47.319 51.333 60.349 41.369 42.391 41.411 44.428 48.442 49.454 47.465 46.478 49.491 50.506 47.521 41.537 58.553 64.569 55.585 61.602 78.624 75.655 57.708 45.776 41.828 43.872 43.914 42.957 48.006 64.065 66.132 58.204 61.258 32.306 0.171 0.000 0.000 10.037 17.215 7.384 4.500 0.000 23.429 71.556 100.623 100.571 92.507 93.304 94.178 93.986 93.866 93.843 94.789 92.740 86.690 11.661 0.000 62.578 97.570 94.572 93.586 0.000 0.000 0.000 0.000 0.000 0.000 0.000
43.294 35.296 0.000 0.000 0.000 46.328 42.336 42.345 42.355 46.367 60.382 38.399 42.418 46.436 48.453 49.468 46.481 43.494 41.507 43.520 53.534 66.549 61.564 62.579 39.592 33.604 85.612 71.624 38.639 0.000 18.822 46.869 43.905 43.941 45.976 39.016 23.079 13.156 25.258 65.313 41.346 0.500 0.599 0.000 6.262 11.388 5.554 10.749 11.260 49.565 100.704 91.715 95.442 94.333 94.142 94.027 93.997 93.955 94.907 94.863 59.816 35.746 21.733 24.733 75.682 96.662 92.655 83.657 1.657 0.000 0.000 0.000 0.000 0.000 0.000
43.334 43.340 26.360 0.000 0.000 47.374 43.377 43.382 42.390 43.400 58.413 45.429 48.447 50.464 49.481 44.496 41.509 42.523 42.536 41.550 51.564 74.578 70.593 57.607 50.619 41.626 17.619 6.621 0.000 0.000 0.000 48.921 43.942 45.968 28.993 3.004 0.000 0.000 27.362 44.389 13.367 0.000 0.903 6.295 13.361 9.522 3.688 0.000 2.185 49.040 100.805 94.605 94.352 94.170 94.149 94.107 94.060 94.017 91.976 82.940 15.914 0.000 32.793 91.782 96.758 94.740 88.732 78.729 0.000 0.000 0.000 0.000 0.000 0.000 0.000
40.367 42.373 39.381 0.000 0.000 47.416 42.417 40.419 42.424 46.431 50.442 49.458 49.477 47.495 41.511 42.526 42.540 43.553 43.566 48.579 66.593 65.608 58.623 67.638 65.653 36.664 0.000 0.000 0.000 0.000 0.000 48.954 43.972 46.999 18.024 0.000 14.323 40.375 60.440 29.516 0.000 0.000 0.000 0.000 5.367 5.651 5.988 2.130 2.349 101.089 100.949 93.525 94.353 94.248 94.208 94.163 94.120 96.078 81.040 64.008 23.986 0.000 47.862 77.846 86.826 95.810 84.801 73.799 0.000 0.000 0.000 0.000 0.000 0.000 0.000
47.397 45.403 34.412 0.000 33.476 41.460 43.456 47.455 48.456 49.459 47.468 48.485 46.509 42.528 42.544 43.558 43.571 42.584 44.597 67.610 66.624 48.638 61.654 59.671 63.690 61.714 24.750 0.000 0.000 19.935 24.951 44.970 43.996 44.032 39.082 31.173 48.273 47.363 41.507 63.720 11.915 0.000 0.000 0.000 4.088 2.727 4.269 28.811 53.379 101.203 95.887 95.599 95.333 94.311 94.264 94.220 95.178 93.137 48.099 25.065 37.036 38.011 91.949 93.914 73.890 83.873 78.864 51.867 16.893 0.000 0.000 0.000 0.000 0.000 0.000
48.421 49.431 46.453 34.485 48.493 48.492 48.491 49.490 49.488 50.483 62.487 44.505 42.545 42.566 43.580 43.593 43.604 44.616 58.628 69.640 44.654 48.669 75.685 67.703 55.725 58.751 61.787 45.838 50.880 65.920 58.950 46.978 40.011 40.051 51.101 67.165 54.233 26.297 0.000 53.942 43.111 1.515 5.772 11.090 7.460 0.170 2.488 43.911 96.253 101.295 92.864 95.494 96.413 94.367 94.321 94.277 87.234 77.192 34.153 5.117 14.083 15.049 76.007 117.973 98.947 74.928 66.916 45.913 54.918 7.918 0.000 0.000 0.000 18.950 60.950
53.435 53.450 49.485 49.509 49.521 50.526 50.528 46.528 43.522 42.499 5.492 0.000 46.603 43.611 43.620 43.629 42.639 45.649 69.659 55.671 40.684 46.698 63.715 80.734 75.755 72.780 70.811 66.847 62.882 61.917 69.950 66.984 61.021 57.060 60.106 64.156 26.198 0.000 0.000 5.997 2.055 0.000 6.877 17.039 13.253 4.260 0.103 43.105 101.472 101.384 95.768 97.588 94.466 94.424 95.377 91.331 75.288 68.246 74.206 80.167 64.131 86.094 101.057 118.024 126.996 110.975 72.960 77.951 52.949 0.000 0.000 0.000 0.000 0.000 9.950
0.000 0.000 53.529 48.545 48.557 43.563 40.569 42.573 37.574 0.000 0.000 0.000 47.653 43.655 43.660 43.666 43.673 61.681 68.691 41.701 43.713 43.727 46.744 52.762 54.782 54.805 50.831 53.859 69.887 62.915 53.951 56.988 64.029 68.066 71.107 68.155 43.205 8.259 0.000 0.000 0.000 0.000 1.797 10.934 0.000 0.000 13.081 73.292 101.559 93.146 96.830 96.559 94.531 94.479 95.431 90.385 77.340 43.297 50.256 93.216 104.178 136.140 127.103 99.070 87.040 104.015 82.996 76.984 51.978 0.000 0.000 0.000 0.000 0.000 14.951
0.000 0.000 2.558 57.588 42.598 40.602 42.613 42.622 43.629 0.000 0.000 36.723 44.703 43.698 43.699 43.703 45.708 69.715 54.722 40.731 43.742 43.755 43.771 42.789 42.808 42.828 41.849 48.871 77.892 56.908 0.000 0.000 8.043 59.067 69.103 53.151 58.211 45.315 1.109 1.182 0.000 0.000 8.273 0.731 0.000 0.000 31.259 101.734 101.646 96.023 97.737 93.634 94.583 94.533 94.484 94.437 81.391 44.347 59.305 96.264 92.224 126.185 121.147 90.112 95.079 81.050 62.027 80.010 58.001 0.000 0.000 0.000 0.000 0.000 13.951
41.770 37.768 0.000 49.650 59.647 60.636 41.659 53.673 60.691 36.730 34.746 44.744 43.738 43.736 43.737 43.739 62.743 66.748 41.753 43.759 42.768 41.782 43.799 43.816 43.833 43.850 42.868 50.886 79.903 60.919 6.933 0.000 31.035 56.055 69.089 48.138 38.174 0.000 0.000 1.518 1.375 9.953 14.113 0.000 0.000 10.256 72.458 101.822 93.317 96.994 96.726 94.691 94.636 94.585 94.535 95.487 86.441 75.396 98.353 123.310 111.269 128.229 125.189 119.151 126.114 92.079 69.050 79.028 87.015 16.010 0.000 0.000 0.000 0.000 14.952
43.774 42.767 37.750 43.716 42.707 0.000 64.714 56.722 43.735 44.754 44.766 43.770 43.770 43.771 43.773 46.776 69.779 52.781 42.783 43.785 49.791 57.806 43.827 41.844 43.859 42.874 45.888 69.902 77.916 52.931 40.949 28.977 51.009 50.032 11.060 0.000 0.000 0.000 0.000 0.000 0.000 0.000 0.000 0.000 13.479 70.528 92.628 101.910 94.272 94.887 94.796 94.741 94.687 94.635 94.585 95.537 86.490 69.444 65.400 98.356 88.314 102.272 105.230 93.189 95.146 67.104 44.067 58.039 125.019 78.006 12.991 2.977 24.965 45.958 82.953
43.784 43.778 43.769 43.758 43.758 37.773 53.763 69.765 45.774 42.785 43.794 43.800 43.804 43.807 42.810 65.813 67.815 41.816 43.814 44.809 41.808 3.824 62.859 57.876 44.888 42.898 60.908 79.918 63.929 43.942 43.956 44.974 47.992 52.004 0.000 0.000 0.000 0.000 0.000 0.000 0.000 0.000 0.000 0.000 36.694 93.748 102.084 101.997 94.168 94.970 94.840 94.791 94.736 94.684 94.633 93.584 78.537 80.491 100.445 119.401 118.358 123.315 128.272 115.227 113.179 100.124 49.075 47.041 123.018 87.003 24.990 17.976 82.961 115.954 134.951
43.800 43.794 43.789 43.790 43.794 43.800 43.801 54.804 69.810 45.819 42.827 43.833 43.839 41.844 49.848 70.852 50.854 42.855 44.849 42.828 0.000 0.000 50.911 51.914 57.919 56.924 64.929 63.935 44.943 42.951 44.961 47.972 52.982 52.989 0.000 0.000 0.000 0.000 0.000 0.000 0.000 0.000 0.000 0.056 45.160 99.040 102.172 93.549 95.209 94.932 94.896 94.837 94.783 94.731 94.680 94.631 80.583 76.536 97.490 98.446 98.402 101.358 101.315 100.270 105.218 78.137 54.068 69.032 84.010 22.997 0.000 0.000 26.949 52.948 74.947
43.825 45.808 45.806 43.822 43.828 43.833 43.836 43.841 54.847 69.854 45.862 40.869 40.876 57.882 69.887 63.893 40.897 43.900 39.901 0.000 0.000 36.981 43.960 43.952 49.950 66.950 66.951 59.952 52.955 44.960 31.965 1.971 66.977 46.981 0.000 0.000 0.000 0.000 0.000 0.000 0.000 0.000 0.000 0.144 19.020 102.351 102.260 94.409 95.106 94.997 94.940 94.883 94.828 94.776 94.725 95.676 90.628 80.581 75.535 74.489 74.445 74.401 74.359 78.320 52.287 0.000 22.029 78.010 73.992 34.979 0.000 0.000 25.939 71.940 49.941
44.867 0.000 0.000 43.863 42.865 41.868 41.872 40.876 40.882 53.890 68.898 61.906 68.914 70.921 57.928 41.935 48.942 48.949 36.955 0.000 0.000 48.004 43.995 45.987 69.981 76.976 54.972 45.969 52.968 59.968 47.969 0.000 26.977 44.978 0.000 0.000 0.000 0.000 0.000 0.000 0.000 0.000 0.000 0.310 6.013 102.438 99.706 95.357 95.084 95.043 94.982 94.926 94.872 94.820 94.769 94.720 95.672 94.625 92.578 91.532 91.487 92.443 94.402 68.362 10.325 0.000 7.008 62.988 93.968 84.949 57.925 33.919 50.928 53.933 11.937
43.910 42.924 0.000 42.903 53.903 57.905 61.907 66.912 69.918 70.927 70.936 70.945 56.953 43.962 59.970 76.978 77.988 78.000 71.016 49.048 0.000 45.038 43.030 52.020 80.011 67.001 43.993 42.986 44.981 47.977 38.976 0.000 3.976 3.977 0.000 0.000 0.000 0.000 0.000 0.000 0.000 0.000 6.826 8.310 3.185 102.515 103.639 99.239 95.142 95.081 95.023 94.967 94.914 94.862 94.812 94.764 94.716 94.669 94.622 94.574 95.527 98.484 70.443 3.402 0.000 0.000 0.000 7.966 63.944 94.923 85.908 61.905 38.920 7.926 0.000
43.940 45.939 41.953 43.943 58.940 57.941 53.943 49.946 48.951 44.964 65.975 55.985 66.994 58.003 74.012 70.022 63.033 64.046 75.063 81.082 70.096 71.080 63.067 71.055 79.041 52.027 43.014 44.002 43.993 42.986 42.981 44.979 39.977 0.000 48.957 39.956 0.000 0.000 0.000 0.000 0.000 0.000 75.478 72.695 102.616 102.571 97.521 98.307 95.173 95.119 95.061 95.006 94.953 94.903 94.854 94.806 94.759 94.713 94.665 96.616 101.565 70.522 10.482 0.000 0.000 0.000 0.000 0.000 4.918 55.892 90.879 40.874 0.000 0.000 6.594
45.973 0.000 40.980 43.976 43.975 43.976 42.978 43.979 45.977 44.003 56.016 51.027 60.037 71.046 59.055 44.065 45.077 46.091 47.107 52.121 65.127 75.119 81.106 79.091 68.073 44.054 44.034 44.017 44.003 43.993 44.985 67.980 40.976 0.000 44.959 0.000 0.000 0.000 0.000 0.000 0.000 6.983 95.281 97.497 102.650 95.893 95.534 95.254 95.215 95.153 95.096 95.043 94.991 94.942 94.894 94.848 94.803 94.758 96.711 81.659 35.594 2.558 0.000 0.000 0.000 0.000 0.000 0.000 0.000 26.848 88.842 40.838 0.000 0.000 0.000
47.006 0.000 41.010 44.009 44.009 44.011 44.014 45.017 0.000 43.055 47.062 58.071 58.080 66.089 71.097 57.106 42.118 42.136 42.155 44.169 46.172 47.164 48.149 48.130 47.108 46.083 42.053 42.029 43.010 43.998 54.989 68.980 39.972 33.965 35.962 0.000 0.000 0.000 0.000 0.000 0.000 10.973 94.106 102.703 102.676 94.725 95.415 95.302 95.243 95.184 95.129 95.077 95.027 94.980 94.934 94.889 94.846 94.804 99.762 55.716 0.000 0.000 0.000 0.000 0.000 0.000 0.000 0.000 0.000 29.810 89.804 48.798 0.000 0.000 0.000
