results2_8e3_rain/res_3e8f-0091.wd
ncols         241
nrows         181
xllcorner     12693529.787448
yllcorner     3542525.717860
cellsize      155.156523
NODATA_value  -9999.000000
[rows 66 to 98 of 181, columns 146 to 218 of 241]
22.801 37.728 59.658 60.591 60.528 60.468 60.410 60.351 60.294 63.248 0.000 0.000 0.000 0.000 0.000 0.000 0.000 0.000 28.413 3.413 0.000 10.410 40.406 40.406 40.407 47.408 53.406 53.402 53.396 53.387 53.377 53.364 53.352 53.338 53.326 55.315 40.306 41.300 33.298 0.000 0.000 0.000 0.000 0.000 8.022 15.004 23.973 17.932 0.000 0.000 8.271 29.222 37.163 31.103 26.044 25.988 15.933 12.880 12.829 15.780 36.733 48.689 43.647 32.607 39.569 46.533 50.500 50.469 49.440 49.413 49.388 49.365 49.343
25.868 44.794 62.724 60.660 60.600 60.545 60.491 60.434 65.371 54.309 24.307 21.307 0.000 0.000 0.000 0.000 0.000 0.000 1.412 0.000 0.000 0.000 10.396 41.396 50.396 53.395 53.393 53.389 53.384 57.376 55.368 53.358 53.348 53.338 52.328 44.319 38.311 44.306 34.303 0.000 0.000 0.000 0.000 0.000 14.010 19.000 14.987 0.000 0.000 0.000 10.169 13.145 27.106 36.060 25.011 23.960 21.910 12.861 12.812 11.765 17.720 41.676 48.635 33.596 35.559 37.524 39.491 43.461 47.432 49.405 50.380 49.357 49.336
30.932 51.857 61.786 60.723 60.669 60.621 58.574 57.523 12.447 0.000 28.307 34.306 0.000 0.000 0.000 0.000 0.000 0.000 0.000 0.000 0.000 0.000 23.387 43.386 53.385 53.384 53.381 53.378 53.373 55.367 54.360 53.353 53.345 54.337 44.330 42.322 45.314 40.308 32.306 0.000 0.000 0.000 0.000 18.008 21.008 0.000 0.000 0.000 0.000 18.066 20.091 30.083 33.056 44.020 41.978 29.934 18.887 10.840 12.794 12.749 7.705 21.662 38.622 42.583 47.547 44.513 37.480 42.450 45.422 45.396 43.371 45.348 48.327
35.994 58.917 62.839 63.777 60.733 61.695 56.662 2.638 0.000 27.306 28.306 33.306 41.306 0.000 0.000 0.000 0.000 0.000 0.000 0.000 0.000 6.377 29.379 42.377 54.375 53.373 53.371 53.368 53.364 54.359 53.354 53.348 53.342 50.337 44.332 9.327 0.000 0.000 0.000 0.000 0.000 0.000 0.000 14.007 21.007 0.000 0.000 0.000 35.032 21.042 16.047 44.038 49.017 49.986 53.949 47.908 35.865 15.820 12.775 12.731 10.688 11.647 17.607 18.569 25.533 33.500 40.468 44.438 45.411 46.385 42.361 45.338 46.317
18.059 22.977 32.877 8.815 65.790 62.763 47.742 24.728 0.000 0.000 0.000 0.000 0.000 0.000 0.000 0.000 0.000 0.000 0.000 0.000 0.000 7.375 32.374 35.368 51.366 53.364 53.362 53.359 57.356 56.352 53.348 53.343 54.339 45.336 48.333 0.000 0.000 0.000 0.000 0.000 0.000 0.000 0.000 0.000 8.007 17.007 0.000 0.000 66.023 29.022 11.018 42.006 49.986 49.959 49.925 52.886 51.844 31.800 14.756 12.713 10.670 13.629 14.590 22.553 27.518 16.485 16.454 21.425 26.398 32.373 37.349 41.327 45.307
64.132 43.054 0.000 0.000 69.850 61.827 48.814 30.805 0.000 0.000 0.000 0.000 0.000 0.000 0.000 0.000 0.000 0.000 0.000 0.000 0.000 0.000 0.000 37.357 53.356 53.355 53.353 53.351 55.348 54.345 53.342 53.339 54.336 42.334 52.333 0.000 0.000 0.000 0.000 0.000 0.000 0.000 0.000 0.000 0.000 0.000 0.000 0.000 3.014 19.006 11.996 41.983 49.964 49.938 50.906 50.868 50.825 43.781 19.736 15.693 13.651 10.611 31.572 43.535 49.501 33.468 26.438 22.410 20.383 17.359 17.336 17.315 45.295
40.221 0.000 0.000 67.067 66.932 64.881 55.883 40.874 0.000 0.000 0.000 0.000 0.000 0.000 0.000 0.000 0.000 0.000 0.000 0.000 0.000 0.000 19.341 42.346 54.347 53.346 53.345 54.344 53.342 53.339 53.337 53.334 54.332 47.331 12.332 0.000 0.000 0.000 0.000 0.000 0.000 0.000 0.000 0.000 0.000 0.000 0.000 0.000 0.000 15.992 14.979 32.966 47.949 50.925 44.893 40.854 46.810 37.761 20.716 19.673 28.632 23.591 46.552 50.516 49.482 47.450 47.420 44.393 42.368 39.344 35.322 27.301 47.282
67.290 57.297 63.267 19.202 0.000 0.000 61.963 35.933 0.000 0.000 0.000 0.000 0.000 0.000 0.000 0.000 0.000 0.000 0.000 0.000 0.000 0.000 35.337 47.339 54.339 53.339 53.338 55.337 55.335 53.333 53.331 53.329 52.328 48.327 0.000 0.000 0.000 0.000 0.000 0.000 0.000 0.000 0.000 0.000 0.000 0.000 0.000 0.000 0.000 0.000 3.960 29.953 47.940 48.921 29.886 32.846 34.798 31.739 16.693 13.652 36.611 45.569 49.530 51.494 51.460 52.430 50.401 50.375 51.350 50.328 51.306 51.287 50.268
69.353 61.334 66.304 17.271 0.000 0.000 53.074 1.077 0.000 0.000 31.216 0.000 0.000 0.000 0.000 0.000 0.000 0.000 0.000 0.000 0.000 0.000 38.332 50.332 54.333 53.333 53.332 54.331 54.330 53.328 53.326 54.325 50.323 45.322 0.000 0.000 0.000 0.000 0.000 0.000 0.000 0.000 0.000 0.000 0.000 0.000 0.000 0.000 0.000 0.000 8.950 24.946 46.939 48.931 0.000 0.000 0.000 21.703 15.667 10.631 24.591 43.546 49.506 51.469 51.437 51.407 49.380 49.355 50.332 49.310 49.290 50.271 50.253
61.434 61.384 61.343 59.306 46.281 32.241 25.183 24.192 20.208 23.214 26.217 26.217 0.000 0.000 0.000 0.000 0.000 0.000 0.000 1.307 0.000 0.000 37.326 51.326 53.327 53.327 53.326 53.326 53.324 53.323 53.321 53.320 35.318 30.315 28.311 23.309 0.000 0.000 0.000 0.000 0.000 0.000 0.000 0.000 0.000 0.000 0.000 0.000 0.000 25.943 16.944 20.942 40.938 41.935 14.935 0.000 0.000 0.000 12.641 17.616 16.575 35.519 48.477 49.442 49.411 49.383 49.358 49.334 49.312 49.292 49.273 49.255 49.238
61.480 61.426 61.376 60.332 57.295 59.258 33.226 12.217 50.218 23.219 27.219 3.218 0.000 0.000 0.000 0.000 0.000 0.000 0.000 45.307 0.000 0.000 36.320 50.321 54.321 53.321 55.321 56.321 54.320 53.318 53.317 51.315 44.314 35.311 36.309 35.308 0.000 0.000 0.000 0.000 0.000 0.000 0.000 0.000 0.000 0.000 0.000 0.000 0.000 28.942 20.942 27.940 42.937 37.936 43.935 0.000 0.000 0.000 0.000 0.000 0.000 25.480 48.440 49.410 49.382 49.357 49.333 49.311 49.291 49.272 49.254 49.238 49.222
61.518 61.463 62.404 64.352 61.309 61.272 60.246 61.232 52.227 30.225 2.221 0.000 0.000 0.000 0.000 0.000 0.000 0.000 0.000 38.308 25.308 15.310 31.314 53.316 53.317 53.317 53.317 53.316 53.315 53.314 53.313 53.311 51.310 30.308 34.306 41.305 0.000 0.000 0.000 0.000 0.000 0.000 0.000 0.000 0.000 0.000 0.000 0.000 0.000 40.942 0.000 7.938 30.936 37.935 0.000 0.000 0.000 0.000 0.000 0.000 0.000 0.000 37.396 50.376 49.352 49.329 49.307 49.288 49.269 49.252 49.235 49.220 49.205
64.557 60.506 57.425 59.364 62.316 62.274 64.252 61.240 59.234 46.231 0.000 0.000 0.000 0.000 0.000 0.000 0.000 0.000 0.000 0.000 29.307 21.309 37.310 55.312 53.313 53.313 53.313 53.312 53.312 53.311 53.309 53.308 54.306 43.305 30.303 34.301 40.298 0.000 0.000 0.000 0.000 0.000 0.000 0.000 0.000 0.000 0.000 0.000 0.000 0.000 0.000 0.000 15.935 34.935 0.000 0.000 0.000 0.000 0.000 0.000 0.000 0.000 25.371 46.346 49.321 49.300 49.280 49.263 49.246 49.231 49.216 49.202 49.188
57.603 18.578 0.000 0.000 0.000 54.258 59.250 65.242 61.237 50.235 0.233 0.000 34.234 4.234 0.000 0.000 0.000 0.000 0.000 0.000 21.306 25.306 46.307 54.308 55.309 56.310 53.310 53.309 53.309 53.308 53.306 53.305 53.303 54.302 33.300 15.298 24.296 0.000 0.000 0.000 0.000 0.000 0.000 0.000 0.000 0.000 0.000 0.000 0.000 0.000 0.000 0.000 4.934 37.934 0.000 0.000 0.000 0.000 0.000 0.000 0.000 0.000 0.000 26.317 46.288 49.269 49.252 49.237 49.223 49.209 49.196 49.183 49.171
52.641 9.627 0.000 0.000 29.250 27.251 44.247 63.242 60.238 45.236 26.236 30.235 34.234 0.231 0.000 0.000 0.000 0.000 0.000 0.000 22.303 33.304 53.305 53.306 56.306 56.307 53.307 53.306 53.306 53.305 53.304 53.302 53.301 54.299 50.297 45.295 34.292 14.288 8.286 0.000 0.000 0.000 0.000 0.000 0.000 0.000 0.000 0.000 0.000 0.000 0.000 0.000 6.934 0.000 0.000 0.000 0.000 0.000 0.000 0.000 0.000 0.000 0.000 0.000 31.246 47.235 49.223 49.211 49.199 49.188 49.177 49.165 49.154
58.670 39.661 11.668 0.000 0.000 29.247 29.244 51.241 63.238 41.237 28.236 33.235 11.235 0.000 0.000 0.000 0.000 0.000 21.297 14.298 19.300 36.302 55.303 55.303 56.304 53.305 53.305 53.304 53.304 53.303 53.302 53.300 53.299 53.297 53.294 55.292 44.290 32.287 21.285 22.282 15.281 6.280 11.280 0.000 0.000 0.000 0.000 0.000 0.000 0.000 0.000 0.000 9.933 0.000 0.000 0.000 0.000 0.000 0.000 0.000 0.000 0.000 0.000 0.000 16.214 44.204 48.193 49.184 49.175 49.167 49.158 49.148 49.137
61.690 52.681 5.674 0.000 0.000 0.000 28.242 33.239 60.238 48.236 29.236 32.235 7.235 0.000 0.000 0.000 0.000 0.000 24.297 17.297 20.299 38.300 57.301 56.302 54.302 54.303 53.303 53.303 53.302 53.301 53.300 54.299 54.297 54.295 48.292 39.290 43.288 50.285 43.283 41.282 29.280 16.280 23.279 0.000 0.000 0.000 0.000 0.000 0.000 0.000 0.000 0.000 0.000 0.000 0.000 0.000 0.000 0.000 0.000 0.000 0.000 0.000 0.000 0.000 8.193 39.172 49.163 51.157 51.152 51.146 50.140 49.132 49.122
61.705 36.699 0.000 0.000 0.000 0.000 0.000 35.238 48.237 42.236 41.235 38.235 28.234 6.234 0.000 0.000 0.000 0.000 23.296 16.296 21.297 36.298 48.299 45.300 40.301 42.302 47.302 52.302 54.301 54.300 52.298 42.298 40.296 45.294 34.290 31.288 31.286 42.284 46.282 41.281 27.280 16.279 0.000 0.000 0.000 0.000 0.000 0.000 0.000 0.000 0.000 0.000 0.000 0.000 0.000 0.000 0.000 0.000 0.000 0.000 0.000 0.000 0.000 0.000 0.000 21.130 27.131 29.130 29.129 30.127 39.123 48.118 49.109
60.716 26.712 0.000 0.000 0.000 0.000 0.000 30.237 24.236 23.236 31.235 31.235 31.234 27.234 0.229 0.000 0.000 0.000 28.295 23.295 28.296 38.296 41.298 44.299 2.300 0.000 0.000 0.000 54.300 51.299 40.297 0.000 0.000 0.000 33.288 65.286 58.284 37.282 43.281 37.280 26.279 11.278 14.277 0.000 0.000 0.000 0.000 0.000 0.000 0.000 0.000 0.000 0.000 0.000 0.000 0.000 0.000 0.000 0.000 0.000 0.000 21.023 32.029 31.039 49.057 57.087 58.099 56.105 58.108 45.109 28.110 46.107 49.101
58.723 23.720 0.000 0.000 0.000 0.000 0.000 30.236 26.236 5.236 0.000 0.000 0.000 0.000 0.000 0.000 0.000 0.000 34.293 28.294 23.294 19.295 5.296 0.000 0.000 0.000 0.000 0.000 0.000 0.000 27.294 0.000 0.000 0.000 0.000 28.283 61.282 21.281 22.280 21.279 17.278 20.277 67.276 26.275 0.000 0.000 0.000 0.000 0.000 0.000 0.000 0.000 0.000 0.000 0.000 0.000 0.000 0.000 0.000 0.000 0.000 68.019 64.023 46.032 47.046 44.062 45.074 67.082 60.088 46.094 26.098 35.102 34.101
44.727 25.725 19.725 0.000 0.000 0.000 0.000 0.000 28.236 12.236 0.000 0.000 0.000 0.000 0.000 0.000 0.000 0.000 34.292 34.292 35.292 18.293 0.000 0.000 0.000 0.000 0.000 0.000 0.000 0.000 23.292 0.288 0.000 0.000 0.000 27.281 76.281 40.280 43.279 38.278 23.277 41.276 95.275 92.275 23.275 0.000 0.000 0.000 0.000 0.000 0.000 0.000 0.000 0.000 0.000 0.000 0.000 0.000 0.000 0.000 0.000 71.009 38.014 46.022 37.032 18.043 29.053 72.061 38.070 25.079 32.089 0.000 0.000
28.729 28.727 14.726 0.000 0.000 0.000 0.000 0.000 0.000 0.000 0.000 0.000 0.000 0.000 0.000 0.000 0.000 0.000 37.291 28.291 22.291 20.291 0.000 0.000 0.000 0.000 0.000 0.000 0.000 20.289 13.290 38.289 34.289 0.000 0.000 33.280 39.280 31.279 74.278 63.276 34.277 0.000 51.275 106.274 0.000 0.000 0.000 0.000 0.000 0.000 0.000 0.000 0.000 0.000 0.000 0.000 49.976 87.977 78.978 74.980 21.986 65.996 34.002 23.009 70.017 51.025 71.033 52.042 22.050 30.065 0.000 0.000 0.000
31.729 32.727 24.726 0.000 0.000 0.000 0.000 0.000 0.000 0.000 0.000 0.000 0.000 0.000 0.000 0.000 0.000 0.000 0.000 32.289 22.288 0.287 0.000 0.000 0.000 0.000 0.000 0.000 0.000 22.288 19.289 0.000 0.000 0.000 0.000 7.280 0.000 0.000 0.000 29.273 0.000 0.000 7.274 73.274 28.274 0.000 0.000 0.000 0.000 0.000 0.000 0.000 0.000 0.000 0.000 0.000 5.976 0.000 49.977 53.978 4.981 65.986 42.990 15.995 34.001 84.008 98.014 32.021 20.026 0.000 0.000 0.000 0.000
30.728 31.726 31.725 35.724 27.724 0.000 0.000 0.000 0.000 0.000 0.000 0.000 0.000 0.000 0.000 0.000 0.000 0.000 0.000 22.287 18.287 2.286 0.000 0.000 0.000 0.000 0.000 0.000 23.287 20.288 0.000 0.000 0.000 0.000 0.000 0.000 0.000 0.000 0.000 33.271 0.000 0.000 7.274 0.000 0.000 0.000 0.000 0.000 0.000 0.000 0.000 0.000 0.000 0.000 0.000 0.000 0.000 0.000 25.974 44.975 3.976 67.977 47.979 17.981 66.985 69.990 64.996 73.002 37.008 0.000 0.000 0.000 9.915
32.726 10.726 21.725 30.724 30.723 30.722 29.722 0.000 0.000 0.000 0.000 0.000 0.000 0.000 0.000 0.000 0.000 0.000 0.000 24.286 20.285 4.285 0.000 0.000 0.000 0.000 0.000 0.000 0.000 26.287 0.000 0.000 0.000 0.000 0.000 0.000 0.000 0.000 0.000 20.268 24.267 1.267 0.000 0.000 0.000 0.000 0.000 0.000 0.000 0.000 0.000 0.000 0.000 0.000 0.000 0.000 0.000 0.000 28.972 48.971 8.970 68.968 53.966 67.967 67.969 26.972 19.978 64.984 13.996 0.000 0.000 10.899 18.905
37.722 0.000 0.000 27.723 16.723 0.000 29.721 19.721 0.000 0.000 0.000 0.000 0.000 0.000 0.000 0.000 0.000 0.000 0.000 23.285 20.285 8.285 0.000 0.000 0.000 0.000 0.000 0.000 0.000 0.000 0.000 0.000 0.000 0.000 0.000 0.000 0.000 0.000 36.266 53.267 14.266 0.000 0.000 0.000 0.000 0.000 0.000 0.000 0.000 0.000 0.000 0.000 0.000 0.000 0.000 0.000 0.000 0.000 63.970 49.969 10.965 68.958 65.952 57.950 49.951 35.954 36.958 5.962 0.000 0.000 0.000 13.892 20.896
34.717 0.000 0.000 14.723 6.723 0.000 0.000 0.000 0.000 38.666 34.665 25.665 0.000 0.000 0.000 0.000 0.000 0.000 0.000 27.284 23.284 5.284 0.000 0.000 0.000 0.000 0.000 0.000 0.000 0.000 0.000 0.000 0.000 0.000 0.000 0.000 0.000 0.000 0.000 83.266 49.266 0.000 0.000 0.000 0.000 0.000 0.000 0.000 0.000 0.000 0.000 0.000 0.000 0.000 0.000 0.000 0.000 0.000 0.000 0.000 0.000 42.946 83.935 62.932 61.932 59.934 62.938 10.943 0.000 0.000 0.000 12.883 13.885
50.711 0.000 0.000 0.000 0.000 36.679 23.678 0.000 34.668 28.666 28.666 20.665 0.000 0.000 0.000 0.000 0.000 0.000 0.000 27.284 22.284 10.284 0.000 0.000 0.000 0.000 0.000 0.000 0.000 0.000 0.000 0.000 0.000 0.000 0.000 0.000 0.000 0.000 0.000 27.266 19.266 0.000 0.000 0.000 0.000 0.000 0.000 0.000 0.000 0.000 0.000 0.000 0.000 0.000 0.000 0.000 0.000 0.000 0.000 0.000 0.000 0.000 25.910 26.910 24.911 24.913 21.918 17.930 0.000 0.000 0.000 12.872 10.874
61.704 50.697 32.693 33.689 32.685 26.681 27.677 28.673 26.669 31.667 30.665 21.664 18.664 0.000 0.000 0.000 0.000 0.000 0.000 14.283 0.000 0.000 0.000 0.000 0.000 0.000 0.000 0.000 0.000 0.000 0.000 0.000 0.000 0.000 0.000 0.000 0.000 0.000 0.000 0.000 26.265 0.000 0.000 0.000 0.000 0.000 0.000 0.000 0.000 0.000 0.000 0.000 0.000 0.000 0.000 0.000 0.000 0.000 0.000 0.000 0.000 0.000 13.886 12.888 12.889 28.890 23.890 0.000 0.000 0.000 0.000 25.860 37.863
61.699 55.696 25.692 25.689 25.686 8.681 9.677 13.673 23.670 32.667 29.665 21.664 24.663 13.663 0.000 0.000 0.000 0.000 0.000 0.000 0.000 0.000 0.000 0.000 0.000 0.000 0.000 0.000 0.000 0.000 0.000 0.000 0.000 0.000 0.000 0.000 0.000 0.000 0.000 0.000 0.000 0.000 0.000 0.000 0.000 0.000 0.000 0.000 0.000 0.000 0.000 0.000 0.000 0.000 0.000 0.000 0.000 0.000 0.000 0.000 5.840 8.846 12.861 12.866 14.868 33.867 23.863 6.850 0.000 0.000 20.839 41.846 48.851
61.696 59.694 29.692 26.690 6.687 0.000 0.000 0.000 0.000 23.665 26.664 24.663 17.662 0.000 0.000 0.000 0.000 0.000 0.000 0.000 0.000 0.000 0.000 0.000 0.000 0.000 0.000 0.000 0.000 0.000 0.000 0.000 0.000 0.000 0.000 0.000 0.000 0.000 0.000 0.000 0.000 0.000 0.000 0.000 0.000 0.000 0.000 0.000 0.000 0.000 0.000 0.000 0.000 0.000 0.000 0.000 0.000 0.000 0.000 0.000 16.835 13.839 12.845 8.848 21.849 38.848 22.844 11.837 6.829 6.827 30.831 47.836 48.840
61.693 59.692 12.691 16.690 0.000 0.000 0.000 0.000 0.000 0.000 14.663 27.662 19.661 0.000 0.000 0.000 0.000 0.000 0.000 0.000 0.000 0.000 0.000 0.000 0.000 0.000 0.000 0.000 0.000 0.000 0.000 0.000 0.000 0.000 0.000 0.000 0.000 0.000 0.000 0.000 0.000 0.000 0.000 0.000 0.000 0.000 0.000 0.000 0.000 0.000 0.000 0.000 0.000 0.000 0.000 0.000 0.000 0.000 0.000 10.820 8.825 7.829 12.832 26.834 39.834 29.832 13.830 11.826 13.822 10.822 31.824 49.827 48.831
61.690 35.691 0.000 0.000 0.000 0.000 0.000 0.000 0.000 0.000 0.000 17.661 24.660 22.659 0.000 0.000 0.000 0.000 0.000 0.000 0.000 0.000 0.000 0.000 0.000 0.000 0.000 0.000 0.000 0.000 0.000 0.000 0.000 0.000 0.000 0.000 0.000 0.000 0.000 0.000 0.000 0.000 0.000 0.000 0.000 0.000 0.000 0.000 0.000 0.000 0.000 0.000 0.000 0.000 0.000 0.000 15.808 7.809 5.811 17.815 31.818 36.820 38.821 38.821 24.820 12.818 11.816 11.815 10.813 12.814 35.815 50.818 48.821
