results2_8e3_rain/res_3e8f-0048.wd
ncols         241
nrows         181
xllcorner     12693529.787448
yllcorner     3542525.717860
cellsize      155.156523
NODATA_value  -9999.000000
[rows 99 to 131 of 181, columns 0 to 73 of 241]
0.000 0.000 0.000 0.000 0.000 48.937 88.936 90.932 81.925 76.922 0.000 0.000 0.000 0.000 0.000 0.000 0.000 56.895 53.894 0.000 0.000 0.000 0.000 51.830 50.829 0.000 0.000 0.000 0.000 0.000 0.000 0.000 0.000 0.000 5.557 51.554 47.547 46.534 47.516 48.494 61.468 50.439 54.408 46.375 48.340 46.302 47.262 52.219 53.175 51.130 55.083 48.035 47.986 49.936 52.884 66.829 67.782 52.744 38.710 0.000 0.000 0.000 0.000 0.000 16.786 71.786 68.784 55.776 30.769 25.762 69.756 46.752 48.750 48.750
0.000 0.000 0.000 0.000 0.000 49.945 89.945 89.944 0.000 0.000 0.000 0.000 0.000 0.000 0.000 0.000 1.895 67.896 56.895 0.000 0.000 0.000 54.852 53.843 57.839 0.000 0.000 0.000 0.000 57.669 49.669 0.000 0.000 0.000 64.594 74.590 60.583 53.573 47.558 49.540 68.517 53.490 59.461 59.428 50.392 65.354 57.313 58.270 48.225 56.178 56.129 54.080 48.030 48.980 52.927 49.853 11.802 1.773 0.000 0.000 0.000 0.000 0.000 19.776 56.778 68.777 75.775 65.770 41.765 42.759 56.755 47.752 48.751 48.752
0.000 0.000 0.000 0.000 0.000 36.955 85.955 94.956 4.961 0.000 0.000 0.000 0.000 0.000 0.000 0.000 0.000 74.899 55.896 56.891 58.884 55.874 52.861 53.852 51.845 0.000 0.000 0.000 0.000 50.669 50.670 51.670 50.665 50.654 49.634 59.628 68.624 15.617 79.605 69.590 74.569 59.545 4.516 75.484 73.448 72.410 76.368 65.323 48.276 51.228 56.178 56.127 53.076 49.026 37.992 0.000 0.000 0.000 0.000 0.000 0.000 0.000 0.000 29.774 56.773 56.771 67.768 66.764 49.760 49.756 48.753 48.751 48.750 48.751
62.990 65.990 0.000 0.000 0.000 46.964 85.964 90.965 100.967 5.971 0.000 0.000 0.000 0.000 0.000 0.000 0.000 11.904 59.901 56.895 74.887 88.877 63.868 48.860 0.000 0.000 0.000 0.000 0.000 0.000 49.672 50.675 50.670 50.665 50.661 49.666 49.667 48.665 49.657 54.645 66.627 60.604 3.576 75.544 76.508 54.468 61.425 78.379 72.330 59.279 49.227 55.175 56.120 59.056 44.024 0.000 0.000 0.000 0.000 0.000 0.000 0.000 0.000 0.000 7.769 53.765 50.762 50.759 48.756 48.753 48.750 48.749 48.748 47.749
76.991 59.990 59.989 61.986 63.982 82.975 90.972 90.972 90.973 92.975 66.978 5.979 0.000 54.933 61.932 62.930 24.924 19.915 82.908 90.901 85.892 81.881 64.874 0.000 0.000 0.000 0.000 0.000 0.000 0.000 0.000 50.687 49.677 48.674 49.681 50.707 50.716 50.718 50.715 51.706 70.690 65.668 48.641 50.608 61.571 72.531 49.487 61.439 62.386 55.331 75.278 58.225 50.172 0.000 0.000 0.000 0.000 0.000 0.000 0.000 0.000 0.000 0.000 0.000 0.000 53.758 48.757 48.754 48.752 48.749 48.747 46.746 44.745 46.746
91.993 81.992 62.991 66.989 84.986 90.982 90.980 90.979 90.979 85.979 57.980 63.980 0.000 45.934 80.935 88.933 88.929 72.923 87.916 94.909 4.900 0.000 0.000 0.000 0.000 0.000 0.000 0.000 0.000 0.000 0.000 50.710 0.000 0.000 0.000 51.766 50.771 50.777 50.778 51.773 67.760 72.739 49.711 50.677 50.639 68.597 69.552 47.502 55.446 74.382 66.328 44.276 0.000 0.000 0.000 0.000 0.000 0.000 0.000 0.000 0.000 0.000 0.000 0.000 0.000 53.753 48.752 48.750 48.748 47.745 46.743 51.742 52.742 53.742
91.996 91.995 86.994 89.992 90.990 90.988 90.986 90.985 90.984 86.984 61.983 78.983 0.000 0.000 58.942 82.940 90.936 91.931 90.926 95.921 0.000 0.000 0.000 0.000 0.000 0.000 0.000 0.000 0.000 0.000 0.000 50.733 0.000 0.000 52.824 50.819 50.828 50.840 50.849 50.849 67.838 72.817 49.787 50.751 50.711 51.668 72.623 66.573 73.514 63.424 44.375 0.000 0.000 0.000 0.000 0.000 0.000 0.000 0.000 0.000 0.000 0.000 0.000 0.000 51.749 48.750 48.749 48.747 48.744 47.740 49.738 53.737 54.737 54.738
90.000 91.000 90.999 90.998 90.996 90.994 90.993 90.991 90.990 91.989 86.988 93.986 17.986 0.000 46.952 65.949 88.945 90.941 91.936 79.928 0.000 0.000 0.000 0.000 0.000 0.000 0.000 0.000 0.000 0.000 0.000 44.756 49.780 49.805 48.830 50.860 50.881 50.906 50.929 50.937 67.928 72.904 49.869 50.829 50.786 50.742 55.698 78.654 58.613 0.000 0.000 0.000 0.000 0.000 0.000 0.000 0.000 0.000 0.000 0.000 0.000 0.000 0.000 0.000 4.749 55.749 51.748 52.745 50.741 46.735 53.733 54.732 52.732 52.734
87.005 92.005 91.004 91.004 91.002 91.001 90.999 90.998 90.996 90.994 91.992 84.989 68.986 59.978 53.966 80.960 90.955 90.951 95.949 0.000 0.000 0.000 0.000 0.000 0.000 0.000 0.000 0.000 0.000 0.000 0.000 0.000 0.000 0.000 0.000 50.910 50.933 50.973 51.024 51.043 67.032 74.002 50.958 50.910 50.861 50.816 50.774 56.731 9.672 0.000 0.000 0.000 0.000 0.000 0.000 0.000 0.000 0.000 0.000 0.000 0.000 0.000 0.000 0.000 0.000 0.000 0.000 0.000 0.000 55.726 53.726 54.726 51.727 46.728
87.012 92.012 91.011 91.010 91.010 91.008 91.007 91.006 91.004 91.001 91.998 76.995 55.990 54.983 63.975 87.969 90.965 90.961 96.960 1.963 0.000 0.000 0.000 0.000 0.000 0.000 0.000 0.000 0.000 0.000 0.000 0.000 0.000 0.000 0.000 46.938 50.967 48.030 51.151 51.177 70.158 74.112 51.053 50.991 50.935 50.888 50.850 47.826 0.000 0.000 0.000 0.000 0.000 0.000 0.000 0.000 0.000 0.000 0.000 0.000 0.000 47.673 0.000 0.000 0.000 0.000 0.000 0.000 51.711 52.716 54.719 54.721 51.722 47.724
90.019 91.019 91.019 91.018 91.018 91.017 91.016 91.014 91.012 91.009 91.006 88.001 64.996 65.990 82.984 89.978 90.974 90.970 97.967 14.966 0.000 0.000 0.000 0.000 0.000 0.000 0.000 0.000 0.000 0.000 0.000 0.000 0.000 0.000 0.000 0.000 46.966 0.000 50.374 51.358 79.311 66.238 51.150 51.067 51.000 63.949 53.915 48.896 0.000 0.000 0.000 0.000 0.000 0.000 0.000 0.000 0.000 0.000 0.000 0.000 0.000 58.674 43.674 0.000 0.000 0.000 0.000 52.702 55.706 54.710 51.713 47.715 47.717 45.719
91.027 91.027 91.027 91.027 91.027 91.026 91.025 91.024 91.022 91.019 91.015 91.010 93.004 92.998 91.992 90.987 90.982 92.978 81.974 24.970 0.000 0.000 0.000 0.000 0.000 0.000 0.000 0.000 0.000 0.000 0.000 0.000 0.000 0.000 0.000 0.000 0.000 0.000 50.612 51.571 85.492 54.377 51.242 51.128 63.049 71.996 50.963 50.949 49.962 0.000 0.000 0.000 0.000 0.000 0.000 0.000 0.000 0.000 0.000 0.000 0.000 54.674 55.675 42.676 0.000 48.689 50.692 54.697 53.702 51.705 50.708 46.710 54.712 57.714
90.035 89.036 91.036 91.037 91.037 91.037 91.036 91.035 91.033 91.030 91.025 91.019 91.012 91.006 91.000 90.995 91.992 74.988 2.980 0.000 52.009 66.008 12.008 0.000 0.000 0.000 0.000 0.000 0.000 0.000 0.000 0.000 0.000 0.000 0.000 0.000 0.000 0.000 46.893 57.821 80.708 51.539 48.312 51.155 51.072 51.022 50.992 50.977 50.975 47.975 0.000 0.000 0.000 0.000 0.000 0.000 0.000 0.000 0.000 0.000 0.000 49.674 45.675 51.677 46.681 54.686 54.690 53.694 49.698 52.702 47.704 46.706 46.708 39.711
80.044 80.045 89.046 91.047 91.048 91.048 91.048 91.047 91.045 91.043 91.038 92.031 93.022 91.014 91.008 91.004 91.002 13.001 0.000 52.013 62.011 72.009 71.007 64.006 56.006 0.000 0.000 0.000 0.000 0.000 0.000 0.000 0.000 0.000 0.000 51.665 54.612 54.487 51.246 50.113 58.981 46.760 0.000 47.109 51.063 51.028 51.005 50.992 49.987 0.000 0.000 0.000 0.000 0.000 0.000 0.000 51.666 62.667 0.000 0.000 50.672 48.673 48.675 45.677 53.680 54.684 54.688 51.692 54.696 54.699 52.701 47.703 36.704 0.000
62.052 67.054 86.057 92.059 91.060 91.060 91.061 91.061 91.060 91.058 93.053 79.045 75.030 90.020 95.014 92.011 87.011 69.013 72.018 78.015 72.013 73.009 52.008 45.007 0.000 0.000 0.000 0.000 0.000 0.000 0.000 0.000 0.000 0.000 42.718 48.719 51.683 51.605 51.491 51.404 53.343 0.000 0.000 0.000 46.043 51.024 51.009 51.000 50.995 0.000 0.000 0.000 0.000 0.000 0.000 11.666 68.667 50.667 48.668 48.669 48.671 48.672 46.674 51.676 54.679 54.683 50.686 54.691 54.695 53.697 47.699 48.700 38.701 0.000
46.060 61.063 80.069 93.072 94.073 94.073 92.075 91.077 92.077 91.076 92.073 30.068 1.040 49.022 67.018 88.017 95.019 93.024 93.026 79.019 2.015 0.000 0.000 0.000 0.000 0.000 0.000 0.000 0.000 0.000 0.000 0.000 0.000 0.000 0.000 47.809 51.796 49.761 50.710 52.668 53.644 0.000 0.000 0.000 0.000 44.016 51.008 51.002 47.998 0.000 0.000 0.000 0.000 0.000 0.000 0.000 10.667 64.667 47.668 47.669 48.670 47.672 47.673 53.675 54.678 52.681 40.684 0.000 58.695 52.696 52.697 52.698 38.698 0.000
10.065 32.070 65.084 71.088 65.089 67.084 84.091 92.094 88.096 81.096 80.097 15.097 0.000 0.000 0.000 25.021 60.026 86.037 93.045 0.000 0.000 0.000 0.000 0.000 0.000 0.000 0.000 0.000 0.000 39.577 60.577 5.577 0.000 0.000 0.000 47.914 53.932 52.931 61.921 62.915 52.923 0.000 0.000 0.000 0.000 0.000 48.005 49.004 0.000 0.000 0.000 0.000 0.000 0.000 0.000 0.000 0.000 69.668 72.668 52.669 46.670 44.671 54.672 54.674 49.676 0.000 0.000 0.000 0.000 57.696 54.696 54.697 44.697 0.000
0.000 0.000 46.108 55.109 7.109 0.000 56.113 85.114 76.115 72.118 86.121 53.128 13.145 0.000 0.000 0.000 0.000 31.055 62.073 0.000 0.000 0.000 0.000 0.000 0.000 0.000 0.000 0.000 0.000 0.000 44.578 62.578 0.000 0.000 0.000 39.000 53.087 51.113 81.126 74.150 52.209 54.357 0.502 0.000 0.000 0.000 43.005 0.000 0.000 0.000 0.000 0.000 0.000 0.000 0.000 0.000 0.000 0.000 57.668 74.669 59.670 53.671 54.671 49.673 0.000 0.000 0.000 0.000 0.000 49.695 54.695 54.696 49.696 0.000
0.000 0.000 42.132 87.131 44.131 0.000 45.133 77.134 79.135 90.138 92.142 95.150 101.162 40.178 9.186 0.000 0.000 0.000 2.120 0.000 0.000 0.000 0.000 0.000 0.000 0.000 0.000 0.000 0.000 0.000 45.579 60.579 0.000 0.000 1.597 0.000 46.304 54.308 84.321 66.351 54.407 53.497 58.594 0.000 0.000 0.000 0.000 0.000 0.000 0.000 0.000 0.000 0.000 0.000 0.000 0.000 0.000 0.000 0.000 0.000 62.670 52.670 50.671 0.000 0.000 0.000 0.000 0.000 48.694 47.694 49.695 43.695 0.000 0.000
15.177 30.171 64.158 82.153 90.154 59.160 72.154 95.153 92.154 91.157 91.161 91.168 91.177 97.187 100.195 56.203 15.206 0.000 60.167 74.186 67.194 69.197 25.197 1.197 0.000 0.000 0.000 0.000 0.000 0.000 24.580 46.582 52.586 52.592 55.597 14.604 47.518 76.495 78.500 55.525 53.570 53.633 56.699 1.790 0.000 0.000 0.000 0.000 0.000 0.000 0.000 0.000 0.000 0.000 0.000 0.000 0.000 0.000 0.000 0.000 0.000 0.000 0.000 0.000 0.000 0.000 0.000 50.693 45.693 43.694 0.000 0.000 0.000 0.000
88.183 91.180 91.174 89.171 87.171 88.172 90.171 90.171 91.172 92.175 92.179 91.184 84.191 88.198 91.204 95.208 99.210 100.207 92.195 88.197 85.199 80.200 82.199 75.198 31.197 9.196 0.000 0.000 0.000 0.000 0.000 0.000 0.000 0.000 0.000 71.697 60.668 89.655 80.659 67.680 54.716 53.764 53.817 57.869 53.870 0.000 0.000 0.000 0.000 0.000 0.000 0.000 0.000 0.000 0.000 0.000 0.000 0.000 0.000 0.000 0.000 0.000 0.000 0.000 0.000 0.000 0.000 0.000 0.000 0.000 0.000 0.000 0.000 0.000
91.193 86.192 84.189 83.187 77.187 74.187 75.187 75.188 81.190 86.192 86.196 79.200 63.205 78.210 91.214 91.217 91.218 91.216 91.211 91.209 92.207 92.205 95.201 96.199 96.197 96.196 35.195 0.000 0.000 0.000 0.000 0.000 0.000 0.000 0.000 43.819 69.805 74.797 58.802 75.820 63.851 53.892 53.937 56.977 0.116 0.000 0.000 0.000 0.000 0.000 0.000 0.000 0.000 0.000 0.000 0.000 0.000 0.000 0.000 0.000 0.000 0.000 0.000 0.000 0.000 0.000 0.000 0.000 0.000 0.000 0.000 0.000 0.000 0.000
61.206 34.205 56.204 70.203 68.203 48.203 33.204 29.205 49.207 66.209 65.212 58.216 53.220 63.224 84.227 92.230 91.230 91.229 91.225 91.222 91.217 95.211 70.204 58.200 57.197 61.196 64.195 3.194 0.000 0.000 0.000 0.000 0.000 0.000 0.000 41.955 77.937 60.926 52.931 62.949 73.978 58.015 54.062 54.124 60.231 4.284 0.000 0.000 0.000 0.000 0.000 0.000 0.000 0.000 0.000 0.000 0.000 0.000 0.000 0.000 0.000 0.000 0.000 0.000 0.000 0.000 0.000 0.000 0.000 0.000 0.000 0.000 0.000 0.000
51.220 22.219 44.219 59.218 55.219 32.219 18.220 22.222 42.224 56.226 54.229 54.232 55.236 53.239 72.242 89.244 91.245 91.244 91.241 91.236 90.228 53.219 0.000 0.000 0.000 0.000 0.000 0.000 0.000 48.256 68.256 20.257 6.255 2.246 49.205 66.110 83.063 60.039 54.047 52.067 69.095 71.131 57.173 54.225 54.288 57.337 66.385 4.403 0.000 0.000 0.000 0.000 0.000 0.000 0.000 0.000 0.000 0.000 0.000 0.000 0.000 0.000 0.000 0.000 0.000 0.000 0.000 0.000 0.000 0.000 0.000 0.000 0.000 0.000
64.234 60.234 55.234 54.234 55.235 57.236 58.237 61.238 60.241 56.243 55.246 55.249 55.252 54.256 61.258 83.260 92.261 91.261 93.259 65.253 31.240 0.000 0.000 0.000 0.000 0.000 0.000 0.000 0.000 13.256 35.257 38.259 42.263 56.277 53.261 74.216 71.168 45.120 52.153 54.178 56.206 69.239 61.276 56.316 54.358 53.393 70.416 61.420 55.420 0.000 0.000 0.000 0.000 0.000 0.000 0.000 0.000 0.000 0.000 0.000 0.000 0.000 0.000 0.000 0.000 0.000 0.000 0.000 0.000 0.000 0.000 0.000 0.000 12.560
54.250 55.250 55.250 55.250 55.251 55.252 55.254 55.255 55.258 55.260 55.263 55.266 55.270 55.273 53.276 74.278 91.280 93.281 89.280 15.279 0.000 0.000 0.000 0.000 0.000 0.000 0.000 0.000 0.000 0.000 0.000 0.000 0.000 40.339 57.345 83.325 57.275 0.000 40.266 55.287 53.313 57.343 58.375 67.407 56.437 54.459 53.467 49.444 0.000 0.000 0.000 0.000 0.000 0.000 0.000 0.000 0.000 0.000 0.000 0.000 0.000 0.000 0.000 0.000 0.000 0.000 0.000 0.000 0.000 0.000 0.000 0.000 17.732 82.656
55.266 55.266 55.266 55.267 55.268 55.269 55.271 54.273 54.275 55.278 55.281 55.284 55.288 55.291 54.295 62.298 77.300 88.302 76.304 2.304 0.000 0.000 0.000 0.000 0.000 0.000 0.000 0.000 0.000 0.000 0.000 0.000 0.000 17.397 66.455 91.464 1.469 0.000 38.360 56.389 54.418 53.446 61.473 72.500 60.523 54.541 58.550 0.000 0.000 0.000 0.000 0.000 0.000 0.000 0.000 0.000 0.000 0.000 0.000 0.000 0.000 0.000 0.000 0.000 0.000 0.000 0.000 0.000 0.000 0.000 0.000 0.000 74.809 88.754
55.282 55.282 55.283 55.284 55.285 55.286 55.288 59.290 60.293 56.296 55.299 55.303 55.306 55.310 55.314 54.318 57.322 66.325 66.329 7.331 0.000 0.000 0.000 0.000 0.000 0.000 9.348 0.000 0.000 0.000 0.000 0.000 0.000 0.000 70.615 85.609 8.627 0.000 22.426 53.492 54.525 54.551 53.574 58.596 60.616 56.633 58.643 0.000 0.000 0.000 0.000 0.000 0.000 0.000 0.000 0.000 0.000 0.000 0.000 0.000 0.000 0.000 0.000 0.000 0.000 0.000 0.000 0.000 0.000 0.000 0.000 59.033 67.940 67.867
55.299 55.299 55.300 55.301 55.302 55.304 54.306 66.308 71.311 58.314 55.317 55.321 55.325 55.330 55.334 55.339 55.344 54.349 57.355 38.360 0.000 0.000 0.000 0.000 0.000 51.349 72.349 34.348 25.341 24.331 0.000 0.000 0.000 51.888 93.782 67.730 67.707 0.000 0.000 39.627 56.641 54.658 54.676 52.694 68.713 72.731 66.747 0.000 0.000 0.000 0.000 0.000 0.000 0.000 0.000 0.000 0.000 0.000 0.000 0.000 0.000 0.000 0.000 0.000 0.000 0.000 0.000 0.000 0.000 0.000 33.201 84.127 70.049 82.983
55.316 55.316 55.317 55.318 55.320 55.321 54.323 67.326 73.329 57.332 55.336 55.340 55.345 55.350 55.355 55.361 55.367 55.374 55.382 61.394 32.415 0.000 0.000 0.000 0.000 14.349 29.351 51.354 59.345 63.322 37.277 13.213 48.123 85.994 83.895 63.823 45.764 3.764 0.000 39.748 56.755 55.765 58.777 53.793 62.810 85.833 82.866 27.932 0.000 8.071 0.000 0.000 0.000 0.000 0.000 0.000 0.000 0.000 0.000 0.000 0.000 0.000 0.000 0.000 0.000 0.000 0.000 0.000 0.000 0.000 70.275 126.222 109.158 131.067
52.334 53.334 54.335 54.336 55.337 55.339 53.341 68.344 71.347 54.351 55.355 55.359 55.364 55.370 55.376 55.382 55.389 55.398 55.408 55.420 61.436 41.454 0.000 0.000 0.000 0.000 0.000 27.374 58.362 54.337 57.296 61.239 73.163 90.071 73.982 41.902 0.000 0.000 0.000 38.864 55.865 58.870 71.877 57.889 67.904 68.925 87.954 91.998 75.050 25.072 0.000 0.000 0.000 0.000 0.000 0.000 0.000 0.000 0.000 0.000 0.000 0.000 0.000 0.000 0.000 0.000 0.000 0.000 0.000 56.496 66.403 67.331 70.263 89.239
73.351 68.352 63.352 61.354 57.355 53.357 53.360 68.363 71.366 53.370 55.374 55.379 55.384 55.390 55.396 55.404 54.411 53.420 54.431 54.443 54.457 60.473 37.491 14.500 0.000 0.000 0.000 26.407 64.392 58.367 53.332 66.284 89.221 83.143 51.063 0.000 0.000 0.000 0.000 36.979 54.973 59.971 66.974 61.981 66.993 66.008 79.029 73.055 66.081 39.095 0.000 0.000 0.000 0.000 0.000 0.000 0.000 0.000 0.000 0.000 0.000 0.000 0.000 0.000 3.515 0.000 0.000 0.000 33.667 61.590 130.509 94.443 126.327 110.000
93.369 92.369 88.370 83.372 79.373 74.375 69.378 65.381 60.385 54.389 55.393 55.398 55.404 55.410 54.417 56.425 62.433 67.442 66.453 64.464 58.476 53.489 57.501 63.510 27.515 8.509 12.492 46.456 69.433 60.410 56.381 79.344 91.295 47.219 0.000 0.000 0.000 0.188 7.158 41.101 54.078 59.069 75.067 65.071 58.078 51.087 57.099 75.112 72.125 78.132 0.000 0.000 0.000 0.000 0.000 0.000 0.000 0.000 0.000 0.000 0.000 0.000 0.000 0.000 0.517 0.000 0.000 0.000 68.745 59.684 69.616 92.509 68.682 108.138
