results2_8e3_rain/res_3e8f-0143.wd
ncols         241
nrows         181
xllcorner     12693529.787448
yllcorner     3542525.717860
cellsize      155.156523
NODATA_value  -9999.000000
[rows 132 to 164 of 181, columns 0 to 72 of 241]
95.456 100.456 104.455 104.455 106.454 106.452 100.451 91.449 77.447 66.444 65.442 66.438 65.435 64.431 69.426 83.421 94.414 99.407 99.399 96.390 88.379 79.365 70.349 64.328 69.301 71.270 70.233 71.193 69.158 64.126 78.095 101.064 68.039 0.000 0.000 0.000 7.783 59.777 71.771 68.750 70.733 76.724 94.723 80.727 64.735 63.746 63.759 75.774 96.791 37.809 10.831 5.864 0.000 0.000 0.000 0.000 0.000 0.000 0.000 0.000 0.000 0.000 2.241 0.241 27.243 7.168 11.093 51.996 74.854 78.756 78.649 88.736 116.202
73.460 75.460 78.459 84.459 94.458 100.456 105.455 105.453 98.451 84.448 73.445 67.442 71.438 78.434 91.429 106.424 105.418 102.410 102.402 105.393 105.381 101.368 89.352 77.333 69.309 64.283 65.254 64.223 65.195 73.169 95.146 103.126 15.114 0.000 0.000 0.000 17.790 45.797 63.824 72.820 73.807 70.793 71.795 81.799 76.804 69.810 73.818 81.827 94.838 35.851 21.869 27.898 7.928 0.000 0.000 0.000 0.000 0.000 0.000 0.000 0.000 0.000 0.000 0.000 9.321 0.000 59.118 81.040 76.921 85.895 76.959 116.324 105.083
65.465 65.464 65.464 67.463 72.462 76.461 83.459 92.457 100.455 103.453 97.450 95.446 97.443 100.438 99.433 92.428 83.422 81.415 81.406 86.397 92.386 99.373 102.358 101.341 90.321 80.299 75.276 73.252 82.229 98.209 99.193 85.181 18.175 0.000 0.000 0.000 0.000 0.000 46.908 73.898 52.881 40.846 55.865 70.871 85.873 89.874 91.875 92.877 88.882 15.889 2.896 30.930 27.958 15.991 22.010 16.019 0.000 0.000 0.000 0.000 0.000 0.000 43.540 13.489 79.398 101.334 134.190 90.165 85.218 66.176 102.242 106.763 106.671
66.469 66.469 66.468 66.468 65.467 64.465 66.464 71.462 77.460 87.457 97.454 99.451 92.447 82.443 76.438 68.433 64.427 64.420 64.412 66.403 71.392 77.381 84.367 96.352 101.335 103.317 102.298 98.279 101.262 94.246 76.235 68.229 47.232 5.254 0.000 0.000 0.000 0.000 40.002 72.985 15.973 0.000 48.949 73.946 92.942 100.937 86.931 89.925 75.924 33.926 0.000 57.967 26.985 19.004 30.019 30.029 1.057 0.000 0.000 0.000 0.000 30.643 49.590 122.531 151.454 134.337 117.893 116.839 108.511 107.152 107.030 106.901 72.124
66.474 66.474 66.473 66.473 66.472 66.471 66.469 65.467 65.465 68.462 74.460 73.456 69.452 65.448 65.444 65.438 66.432 66.426 66.418 66.410 65.400 64.390 66.378 72.365 79.350 88.335 96.320 92.305 81.291 69.280 65.272 70.267 78.269 54.277 32.283 32.273 18.246 19.197 55.112 76.067 26.053 8.066 68.035 100.021 102.012 81.001 83.987 82.969 70.962 59.966 10.975 38.985 13.013 1.052 14.033 1.048 3.083 1.089 0.000 0.000 0.000 11.699 74.645 80.565 76.554 77.714 75.689 107.478 107.375 107.268 74.467 77.246 79.119
66.479 66.479 66.479 66.478 66.477 66.476 66.474 66.473 66.470 66.468 65.465 65.462 65.458 66.454 66.450 66.445 66.439 66.433 66.426 66.418 66.410 66.400 66.390 65.378 64.366 65.354 69.342 67.330 66.319 70.310 73.304 72.301 70.300 72.301 72.300 69.290 69.268 73.233 48.182 34.118 23.105 41.111 86.103 100.094 80.083 73.069 72.047 52.001 47.988 11.001 0.000 0.000 1.198 3.218 0.000 0.000 7.107 22.094 37.057 6.998 20.921 83.778 90.767 88.841 86.828 87.909 107.669 107.576 88.710 95.502 88.358 94.132 85.975
66.485 66.485 66.484 66.483 66.483 66.481 66.480 66.478 66.476 66.474 66.471 66.468 66.464 66.460 66.456 66.451 66.446 66.441 66.435 65.428 72.420 74.411 66.402 65.393 64.383 65.373 67.363 70.353 73.345 72.339 67.334 68.331 75.329 78.328 74.325 68.317 65.304 74.285 5.266 0.000 8.137 81.170 90.174 77.168 69.157 89.143 35.132 0.000 0.000 1.240 2.290 2.295 2.278 3.268 0.000 0.000 32.144 74.121 103.081 64.022 96.910 105.072 102.037 101.129 107.932 107.848 107.760 100.792 102.671 102.371 101.233 100.167 18.085
66.490 66.490 66.490 66.489 66.488 66.487 66.486 66.485 66.483 66.480 69.478 69.474 67.471 71.467 69.463 66.459 66.454 66.449 65.444 63.438 74.431 82.423 68.416 65.407 67.399 70.391 72.383 71.376 68.370 70.365 75.361 77.359 78.358 78.357 73.355 67.351 76.345 95.337 14.331 0.000 0.000 55.257 78.255 75.246 79.233 99.216 33.206 0.000 2.303 2.295 2.309 2.316 2.301 4.309 0.000 30.256 82.208 98.161 101.097 106.101 103.271 100.264 108.160 108.088 108.012 100.098 100.885 101.760 101.443 101.416 94.350 71.259 0.000
66.496 66.496 66.496 66.495 66.495 66.494 66.492 66.491 66.489 67.487 74.485 74.481 51.478 19.473 40.469 70.466 64.463 67.459 73.454 76.448 76.442 72.436 68.429 69.422 72.416 71.409 70.403 72.397 76.393 76.390 78.388 77.387 68.387 63.387 65.388 78.387 97.387 107.387 29.389 0.000 0.000 30.347 86.341 88.330 95.312 94.283 30.269 0.000 2.310 0.347 1.359 2.359 0.000 8.357 34.351 78.311 100.238 103.260 102.355 102.362 101.458 108.297 108.230 100.300 101.102 101.966 101.754 101.611 101.570 93.505 85.464 0.000 0.000
66.503 66.502 66.502 66.501 66.501 66.500 66.499 66.498 66.496 68.494 77.492 88.489 64.485 1.482 7.475 55.475 81.472 73.469 71.464 71.460 69.454 68.449 70.443 72.437 70.432 66.427 68.422 80.418 82.415 72.414 66.413 63.414 63.415 68.418 82.421 98.424 95.429 79.436 51.449 19.480 13.481 57.444 86.432 68.423 59.401 51.334 16.319 0.524 0.428 21.413 12.407 2.403 0.000 27.412 78.392 100.317 102.520 101.519 101.633 108.488 108.427 108.363 100.359 102.245 101.959 101.835 101.782 101.711 95.637 82.575 72.540 0.000 0.000
66.509 66.509 66.508 66.508 66.507 66.507 66.506 66.505 66.504 68.502 78.500 65.498 21.492 3.494 0.000 23.485 77.483 69.479 71.475 70.471 68.467 71.462 72.457 69.452 66.448 62.444 72.440 86.438 73.436 63.436 64.437 69.440 79.443 90.447 101.453 94.459 72.467 67.478 86.493 93.510 94.518 98.516 73.519 34.527 6.536 0.000 0.705 0.723 0.000 34.422 21.431 1.491 32.517 78.462 100.490 102.688 101.712 108.655 108.602 108.547 100.624 101.424 102.315 102.014 102.001 101.942 101.869 102.780 90.702 61.619 50.579 8.579 2.579
65.516 65.515 66.515 66.514 66.514 66.514 66.513 66.513 66.512 69.511 79.509 50.508 0.000 9.505 47.505 49.498 66.494 68.490 56.487 38.483 76.479 71.475 67.471 66.467 64.463 66.460 82.458 85.456 67.456 70.458 82.461 91.465 100.470 98.476 86.484 72.493 65.504 81.517 85.533 73.551 54.566 52.581 40.601 20.631 9.680 3.784 1.849 21.878 16.891 0.000 0.000 26.586 78.626 101.739 102.767 100.884 108.756 108.707 100.785 101.597 102.476 102.284 102.163 102.141 102.089 102.039 104.971 68.841 48.771 0.000 0.000 0.000 0.000
74.522 72.522 69.521 67.521 64.521 64.521 64.521 64.520 63.520 68.519 80.518 63.518 44.520 52.515 70.512 66.508 63.505 69.502 64.498 51.495 71.492 65.488 64.485 64.482 66.479 80.476 88.474 54.473 46.474 96.478 101.483 96.489 85.496 75.504 67.513 63.525 74.538 86.553 54.572 29.592 12.615 3.642 20.674 19.716 9.770 10.838 13.891 41.916 25.903 0.000 0.000 58.865 100.901 100.030 108.896 108.851 108.805 100.820 102.715 102.441 102.334 102.304 104.262 99.212 101.183 102.155 113.134 0.000 0.000 0.000 0.000 0.000 0.000
75.530 77.529 83.527 84.527 84.527 81.528 82.528 81.528 80.528 80.527 82.527 65.526 69.526 68.523 65.521 68.518 68.515 67.513 72.510 74.507 68.505 62.502 64.499 66.496 80.493 85.491 74.489 68.488 77.491 100.496 83.503 74.512 66.521 64.530 66.541 65.554 79.569 88.587 52.608 28.632 16.661 18.696 21.738 13.788 14.846 20.907 22.959 15.992 0.000 0.000 37.109 79.123 109.018 108.979 108.939 101.053 101.859 102.758 102.468 102.465 103.423 103.378 76.335 54.273 89.272 103.266 108.275 48.332 0.000 0.000 0.000 0.000 0.000
68.538 62.537 15.532 17.531 26.535 73.536 70.536 70.536 70.536 74.536 83.535 64.535 65.534 64.532 67.530 71.528 72.526 70.524 69.522 72.520 73.517 70.515 64.513 81.511 87.508 78.505 84.502 101.501 98.504 80.512 68.523 64.534 66.544 66.555 65.568 70.582 86.598 88.618 80.640 83.668 54.701 16.742 8.793 7.853 19.918 26.985 17.047 14.102 6.126 32.270 80.286 109.089 109.054 101.193 102.004 102.891 102.704 102.591 102.576 103.530 101.489 95.450 20.428 0.000 71.366 106.363 103.369 102.389 0.000 0.000 0.000 0.000 0.000
66.549 58.549 0.000 0.000 8.544 69.545 65.545 65.545 65.544 69.544 83.544 61.543 65.542 69.541 71.540 72.538 69.537 66.535 64.533 66.532 76.530 89.529 84.527 85.525 62.523 56.519 108.513 94.511 61.513 21.523 41.545 69.557 66.568 66.579 68.592 61.607 45.625 35.645 47.669 87.697 63.732 16.779 11.840 6.914 15.989 21.066 15.146 20.215 20.297 58.408 109.140 100.382 104.121 103.027 102.841 102.731 102.708 102.673 103.632 103.595 68.557 44.502 30.501 33.507 84.464 105.449 101.450 92.465 10.499 0.000 0.000 0.000 0.000
66.559 66.560 49.565 0.000 9.553 70.554 66.553 66.553 65.553 66.553 81.552 68.552 71.551 73.550 72.549 67.548 64.547 65.546 65.545 64.544 74.543 97.543 93.542 80.541 73.539 64.534 40.521 29.515 16.514 0.000 22.575 71.581 66.590 68.601 51.614 25.630 10.648 7.669 49.692 66.720 35.752 7.801 10.872 15.975 23.056 19.145 13.254 6.357 9.663 57.642 109.206 103.270 103.032 102.854 102.839 102.804 102.764 102.727 100.693 91.662 24.639 0.000 41.566 100.556 105.534 103.521 97.517 87.522 5.532 0.000 0.000 0.000 0.000
63.568 65.569 62.570 0.000 5.563 70.563 65.562 63.562 65.562 69.562 73.561 72.561 72.560 70.560 64.559 65.558 65.558 66.557 66.557 71.556 89.556 88.556 81.557 90.557 88.558 59.559 0.000 0.000 0.000 0.000 20.599 71.603 66.611 69.621 40.635 2.650 36.669 62.690 82.713 51.737 3.757 0.009 0.032 5.059 15.116 15.208 15.335 9.614 6.403 109.391 109.301 102.176 103.023 102.924 102.891 102.853 102.817 104.782 89.749 72.721 32.699 8.689 56.641 86.616 95.596 104.582 93.575 82.574 4.576 0.000 0.000 0.000 0.000
70.576 68.576 57.577 0.000 56.572 64.572 66.571 70.571 71.571 72.570 70.570 71.570 69.570 65.569 65.569 66.569 66.568 65.568 67.568 90.568 89.569 71.570 84.571 82.573 86.577 84.585 47.603 3.614 12.621 42.623 47.619 67.622 66.629 66.639 61.652 53.668 70.687 69.708 63.732 85.758 33.781 0.016 0.046 9.086 14.141 12.228 13.338 37.503 61.908 109.476 104.503 104.251 103.991 102.979 102.939 102.903 103.868 101.834 56.802 33.773 45.748 46.725 100.695 102.670 82.651 92.637 87.628 60.623 25.622 0.000 0.000 0.000 0.000
71.583 72.583 69.584 57.586 71.582 71.581 71.580 72.580 72.579 73.579 85.579 67.579 65.579 65.579 66.579 66.579 66.579 67.579 81.579 92.580 67.581 71.583 98.585 90.588 78.593 81.600 84.610 68.619 73.625 88.629 81.631 69.636 62.644 62.654 73.667 89.683 76.702 48.724 20.750 75.783 64.828 13.904 16.977 22.058 18.134 9.228 11.300 52.583 104.830 109.554 101.483 104.134 105.063 103.025 102.989 102.952 95.917 85.883 42.852 13.822 22.795 23.769 84.743 126.720 107.701 83.686 75.675 54.669 63.667 16.667 0.000 2.829 6.829
76.590 76.590 72.590 72.591 72.590 73.589 73.589 69.588 66.588 65.588 28.588 18.588 69.588 66.588 66.589 66.589 65.589 68.590 92.590 78.592 63.593 69.595 86.597 103.601 98.606 95.612 93.619 89.626 85.632 84.637 92.642 89.648 83.656 79.666 82.679 86.695 48.713 12.736 11.762 27.794 23.844 8.908 17.968 28.035 24.112 15.216 8.373 51.622 109.700 109.629 104.375 106.219 103.107 103.075 104.037 100.000 83.965 76.931 82.899 88.869 72.840 94.814 109.788 126.765 135.746 119.731 81.719 86.712 61.709 0.000 0.000 0.000 0.000
15.598 16.597 76.597 71.597 71.597 66.597 63.597 65.597 60.597 13.597 13.597 2.597 70.598 66.598 66.598 66.599 66.599 84.600 91.601 64.603 66.604 66.607 69.609 75.613 77.617 77.622 73.628 76.634 92.640 85.645 76.651 79.657 86.665 90.675 93.688 90.703 65.722 30.744 13.768 12.789 0.000 1.917 12.953 22.002 6.057 0.000 21.571 81.814 109.769 101.718 105.444 105.180 103.164 103.122 104.084 99.047 86.011 51.977 58.945 101.914 112.884 144.857 135.831 107.808 95.788 112.771 91.759 85.751 60.747 0.000 0.000 0.000 0.000
2.605 11.604 25.602 80.604 65.605 63.605 65.605 65.605 66.605 13.606 4.606 59.606 67.607 66.607 66.608 66.609 68.609 92.611 77.612 63.613 66.615 66.618 66.620 65.624 65.628 65.632 64.637 71.643 100.648 79.653 10.659 18.665 30.673 81.682 91.694 75.708 80.727 67.750 19.777 16.806 1.846 6.890 19.924 11.963 0.000 0.000 39.730 109.901 109.835 104.601 106.340 102.248 103.208 103.168 103.130 103.092 90.056 53.022 67.988 104.957 100.926 134.898 129.871 98.847 103.825 89.808 70.794 88.785 66.783 0.800 0.000 0.000 0.000
64.613 60.613 0.000 72.614 82.614 83.614 64.614 76.614 83.614 59.614 57.615 67.615 66.616 66.617 66.618 66.618 85.619 89.621 64.622 66.624 65.626 64.628 66.631 66.634 66.638 66.642 65.646 73.651 102.656 83.661 29.666 2.672 53.679 78.687 91.697 70.710 60.727 19.754 12.784 15.812 13.842 21.872 25.891 0.000 0.000 18.652 80.900 109.964 101.858 105.579 105.320 103.298 103.254 103.213 103.174 104.137 95.100 84.065 107.031 131.998 119.967 136.937 133.909 127.883 134.860 100.840 77.824 87.814 95.811 24.817 0.000 0.000 0.000
66.622 65.622 60.625 66.623 65.622 13.622 87.622 79.622 66.623 67.623 67.624 66.624 66.625 66.626 66.627 69.628 92.629 75.631 65.632 66.634 72.636 80.638 66.641 64.644 66.648 65.651 68.655 92.659 100.664 75.668 63.673 51.678 73.684 72.690 33.698 18.707 15.717 0.000 4.794 4.815 5.840 6.863 8.877 0.000 21.719 78.868 101.034 110.025 102.820 103.462 103.383 103.340 103.298 103.257 103.218 104.180 95.143 78.107 74.072 107.038 97.006 110.975 113.945 101.917 103.891 75.868 52.849 66.836 133.829 86.828 21.830 11.831 33.830
66.629 66.630 66.630 66.630 66.630 60.630 76.630 92.630 68.631 65.632 66.632 66.633 66.634 66.635 65.636 88.638 90.639 64.640 66.642 67.643 64.646 26.648 85.651 80.654 67.657 65.661 83.664 102.668 86.671 66.675 66.679 67.684 70.688 74.692 11.697 12.702 0.000 1.778 16.782 0.000 0.000 0.000 0.000 0.000 44.837 102.005 110.141 110.084 102.705 103.538 103.420 103.383 103.340 103.300 103.260 102.221 87.184 89.148 109.112 128.077 127.044 132.011 136.979 123.948 121.919 108.891 57.868 55.852 131.841 95.836 33.833 26.831 91.830
66.636 66.637 66.637 66.637 66.637 66.638 66.638 77.639 92.639 68.640 65.641 66.642 66.643 64.645 72.646 93.647 73.649 65.650 67.651 65.652 7.655 4.658 73.661 74.664 80.667 79.670 87.673 86.676 67.679 65.682 67.686 70.689 75.692 75.694 0.000 0.000 0.000 3.774 27.774 14.771 15.770 14.770 0.000 5.981 53.104 107.225 110.197 102.044 103.757 103.491 103.470 103.424 103.382 103.341 103.301 103.262 89.224 85.187 106.151 107.116 107.081 110.047 110.013 108.979 113.944 86.909 62.881 77.861 92.849 31.843 0.000 0.000 35.830
66.644 68.643 68.643 66.644 66.645 66.645 66.646 66.647 77.648 92.649 68.650 63.651 63.652 80.654 92.655 86.657 63.658 66.660 62.660 8.659 5.665 59.669 66.671 66.674 72.676 89.678 89.681 82.684 75.686 67.689 54.692 24.694 89.697 69.698 0.000 0.000 0.000 2.769 16.770 9.770 23.770 12.770 0.000 6.153 26.236 110.305 110.251 102.913 103.646 103.550 103.508 103.464 103.422 103.381 103.341 104.302 99.264 89.227 84.190 83.153 83.117 83.082 83.046 87.010 60.971 4.921 30.884 86.863 82.850 43.843 5.838 0.000 34.829
67.651 4.650 5.649 66.651 65.652 64.653 64.654 63.655 63.656 76.657 91.658 84.660 91.661 93.663 80.665 64.667 71.668 71.670 59.672 0.000 7.678 70.679 66.681 68.683 92.685 99.687 77.689 68.692 75.694 82.696 70.698 6.701 49.702 67.704 0.000 0.000 0.000 3.764 9.766 6.768 20.769 0.000 0.000 6.265 11.597 110.357 108.165 103.877 103.617 103.592 103.546 103.503 103.461 103.420 103.380 103.341 104.303 103.265 101.228 100.190 100.153 101.117 103.081 77.045 19.008 0.000 15.871 71.858 102.847 93.839 66.834 42.830 59.829
66.658 65.659 0.659 65.659 76.660 80.661 84.661 89.662 92.664 93.665 93.667 93.668 79.670 66.672 82.674 99.676 100.678 100.681 93.684 71.690 6.689 67.690 65.691 74.693 102.694 89.696 66.698 65.700 67.701 70.703 61.705 6.707 26.709 26.710 0.000 0.000 0.000 9.757 4.761 0.000 3.769 0.000 14.252 15.527 6.262 110.408 112.115 107.752 103.672 103.627 103.583 103.540 103.499 103.458 103.419 103.380 103.342 103.304 103.265 103.227 104.188 107.151 79.115 12.080 0.000 0.000 0.000 16.849 72.841 103.834 94.829 70.827 47.828
66.666 68.667 64.669 66.668 81.668 80.668 76.669 72.670 71.672 67.673 88.675 78.677 89.679 80.681 96.683 92.686 85.688 86.691 97.694 103.697 92.699 93.700 85.701 93.702 101.704 74.705 65.706 66.707 66.709 65.710 65.712 67.713 62.715 11.719 71.726 62.732 1.738 3.745 0.000 0.000 0.000 5.169 83.236 80.446 110.501 110.455 105.992 106.820 103.701 103.663 103.618 103.576 103.535 103.495 103.456 103.418 103.380 103.342 103.304 105.264 110.221 79.184 19.150 0.000 0.000 0.000 0.000 0.000 13.833 64.825 99.822 49.820 0.000
68.673 4.673 63.674 66.674 66.675 66.675 65.676 66.678 68.679 66.681 78.683 73.685 82.687 93.690 81.693 66.695 67.698 68.701 69.704 74.706 87.708 97.710 103.711 101.712 90.713 66.714 66.715 66.715 66.716 66.717 67.718 90.719 63.721 3.723 67.727 17.732 11.737 4.741 0.000 0.000 0.000 15.133 103.339 105.546 110.545 104.325 104.031 103.764 103.743 103.696 103.653 103.611 103.571 103.532 103.493 103.455 103.418 103.381 105.344 90.304 44.247 11.215 0.000 0.863 0.045 18.148 25.146 0.000 0.000 35.814 97.812 49.811 0.000
69.679 2.680 63.680 66.681 66.681 66.682 66.684 67.685 5.687 65.689 69.691 80.693 80.696 88.699 93.702 79.705 64.708 64.711 64.713 66.716 68.718 69.720 70.721 70.722 69.722 68.723 64.723 64.723 65.724 66.724 77.724 91.724 62.725 56.726 58.727 0.000 0.000 4.741 0.000 0.000 0.000 19.202 102.320 110.629 110.587 103.182 103.911 103.815 103.772 103.728 103.686 103.645 103.606 103.567 103.529 103.492 103.456 103.421 108.388 64.361 0.000 0.000 1.517 0.000 0.152 13.152 20.147 0.000 0.000 38.803 98.802 57.801 0.000
