results2_8e3_rain/res_3e8f-0029.wd
ncols         241
nrows         181
xllcorner     12693529.787448
yllcorner     3542525.717860
cellsize      155.156523
NODATA_value  -9999.000000
[rows 99 to 131 of 181, columns 0 to 74 of 241]
0.000 0.000 0.000 0.000 0.000 26.193 66.191 68.186 59.183 54.182 0.000 0.000 0.000 0.000 0.000 0.000 0.000 34.071 31.070 0.000 0.000 0.000 0.000 29.018 28.016 0.000 0.000 0.000 0.000 0.000 0.000 0.000 0.000 0.000 0.000 36.290 32.297 31.311 32.325 33.343 46.363 35.387 39.416 31.441 33.465 31.490 32.517 37.545 38.574 36.605 40.637 33.670 33.704 35.740 38.778 52.822 53.878 38.917 24.940 0.000 0.000 0.000 0.000 0.000 5.489 60.490 57.500 44.531 19.562 14.597 58.634 35.675 37.718 37.764 37.813
0.000 0.000 0.000 0.000 0.000 27.207 67.206 67.205 0.000 0.000 0.000 0.000 0.000 0.000 0.000 0.000 0.000 45.072 34.073 0.000 0.000 0.000 32.036 31.028 35.024 0.000 0.000 0.000 0.000 42.218 34.219 0.000 0.000 0.000 49.258 59.271 45.282 38.300 32.310 34.323 53.340 38.363 44.400 44.422 35.443 50.466 42.491 43.518 33.547 41.577 41.609 39.641 33.674 34.708 38.741 35.781 0.000 0.000 0.000 0.000 0.000 0.000 0.000 8.511 45.508 57.515 64.528 54.550 30.577 31.606 45.639 36.675 37.713 37.755 37.799
0.000 0.000 0.000 0.000 0.000 14.224 63.224 72.223 0.000 0.000 0.000 0.000 0.000 0.000 0.000 0.000 0.000 52.074 33.077 34.075 36.068 33.057 30.045 31.036 29.030 0.000 0.000 0.000 0.000 35.219 35.220 36.223 35.228 35.235 34.246 44.255 53.261 0.272 64.292 54.301 59.313 44.324 0.000 60.405 58.419 57.440 61.464 50.491 33.519 36.550 41.581 41.613 38.645 34.677 23.698 0.000 0.000 0.000 0.000 0.000 0.000 0.000 0.000 18.515 45.519 45.535 56.549 55.566 38.588 38.614 37.642 37.673 37.707 37.744 36.782
40.294 43.293 0.000 0.000 0.000 24.243 63.242 68.243 78.251 0.000 0.000 0.000 0.000 0.000 0.000 0.000 0.000 0.000 37.087 34.082 52.072 66.061 41.051 26.043 0.000 0.000 0.000 0.000 0.000 0.000 34.221 35.222 35.227 35.232 35.238 34.242 34.246 33.250 34.266 39.278 51.288 45.297 0.000 60.376 61.390 39.411 46.436 63.462 57.491 44.522 34.552 40.584 41.618 44.657 29.677 0.000 0.000 0.000 0.000 0.000 0.000 0.000 0.000 0.000 0.000 42.557 39.565 39.579 37.597 37.618 37.643 37.670 37.699 36.731 35.764
54.295 37.294 37.292 39.286 41.278 60.264 68.258 68.258 68.261 70.266 44.268 0.000 0.000 32.168 39.169 40.167 2.164 0.000 60.104 68.096 63.077 59.065 42.057 0.000 0.000 0.000 0.000 0.000 0.000 0.000 0.000 35.220 34.225 33.229 34.232 35.230 35.233 35.237 35.246 36.256 55.267 50.279 33.295 35.332 46.356 57.380 34.405 46.433 47.463 40.494 60.524 43.555 35.586 0.000 0.000 0.000 0.000 0.000 0.000 0.000 0.000 0.000 0.000 0.000 0.000 42.572 37.578 37.588 37.603 37.621 37.642 35.665 33.690 35.717 41.746
69.299 59.298 40.295 44.291 62.284 68.277 68.272 68.270 68.269 63.270 35.271 41.272 0.000 23.169 58.172 66.169 66.163 50.150 65.130 72.121 0.000 0.000 0.000 0.000 0.000 0.000 0.000 0.000 0.000 0.000 0.000 35.213 0.000 0.000 0.000 36.216 35.217 35.221 35.226 36.234 52.245 57.258 34.276 35.301 35.324 53.348 54.374 32.402 40.434 59.468 51.497 29.525 0.000 0.000 0.000 0.000 0.000 0.000 0.000 0.000 0.000 0.000 0.000 0.000 0.000 42.581 37.586 37.594 37.606 36.621 35.638 40.658 41.680 42.703 43.727
69.306 69.304 64.302 67.298 68.294 68.288 68.284 68.281 68.278 64.276 39.275 56.274 0.000 0.000 36.181 60.176 68.169 69.159 68.147 73.139 0.000 0.000 0.000 0.000 0.000 0.000 0.000 0.000 0.000 0.000 0.000 35.207 0.000 0.000 37.197 35.201 35.202 35.203 35.205 35.211 52.221 57.234 34.251 35.271 35.293 36.316 57.340 51.369 58.404 48.448 29.472 0.000 0.000 0.000 0.000 0.000 0.000 0.000 0.000 0.000 0.000 0.000 0.000 0.000 40.586 37.587 37.591 37.598 37.608 36.620 38.634 42.650 43.668 43.688 43.708
67.314 68.313 68.311 68.308 68.305 68.300 68.296 68.292 68.288 69.284 64.279 71.276 0.000 0.000 24.195 43.188 66.180 68.171 69.161 57.149 0.000 0.000 0.000 0.000 0.000 0.000 0.000 0.000 0.000 0.000 0.000 29.202 34.198 34.195 33.193 35.189 35.187 35.184 35.182 35.185 52.193 57.206 34.223 35.242 35.262 35.283 40.304 63.329 43.366 0.000 0.000 0.000 0.000 0.000 0.000 0.000 0.000 0.000 0.000 0.000 0.000 0.000 0.000 0.000 0.000 44.589 40.593 41.599 39.608 35.617 42.628 43.641 41.656 41.672 38.689
64.325 69.325 68.323 68.320 68.317 68.313 68.309 68.304 68.299 68.292 69.285 62.275 46.260 37.241 31.217 58.203 68.192 68.184 73.178 0.000 0.000 0.000 0.000 0.000 0.000 0.000 0.000 0.000 0.000 0.000 0.000 0.000 0.000 0.000 0.000 35.177 35.173 35.166 35.156 35.155 51.163 58.176 35.193 35.212 35.232 35.250 35.266 41.278 0.000 0.000 0.000 0.000 0.000 0.000 0.000 0.000 0.000 0.000 0.000 0.000 0.000 0.000 0.000 0.000 0.000 0.000 0.000 0.000 0.000 44.612 42.620 43.631 40.643 35.656 44.669
64.338 69.338 68.337 68.335 68.332 68.328 68.324 68.318 68.312 68.304 69.293 54.281 33.266 32.248 41.230 65.215 68.204 68.196 74.191 0.000 0.000 0.000 0.000 0.000 0.000 0.000 0.000 0.000 0.000 0.000 0.000 0.000 0.000 0.000 0.000 31.170 35.164 32.150 35.122 35.118 54.127 58.143 35.163 35.184 35.203 35.220 35.232 32.240 0.000 0.000 0.000 0.000 0.000 0.000 0.000 0.000 0.000 0.000 0.000 0.000 0.000 36.510 0.000 0.000 0.000 0.000 0.000 0.000 40.591 41.601 43.610 43.620 40.631 36.642 46.652
67.353 68.353 68.352 68.351 68.348 68.345 68.341 68.335 68.328 68.318 68.306 65.291 42.274 43.257 60.240 67.225 68.214 68.206 75.200 0.000 0.000 0.000 0.000 0.000 0.000 0.000 0.000 0.000 0.000 0.000 0.000 0.000 0.000 0.000 0.000 0.000 31.163 0.000 34.063 35.069 63.084 50.106 35.133 35.158 35.178 48.194 38.205 33.210 0.000 0.000 0.000 0.000 0.000 0.000 0.000 0.000 0.000 0.000 0.000 0.000 0.000 47.511 32.512 0.000 0.000 0.000 0.000 41.573 44.582 43.591 40.600 36.609 36.618 34.628 38.642
68.370 68.370 68.370 68.369 68.367 68.365 68.361 68.355 68.347 68.336 68.322 68.304 70.285 70.266 69.249 68.234 68.222 70.213 59.206 2.204 0.000 0.000 0.000 0.000 0.000 0.000 0.000 0.000 0.000 0.000 0.000 0.000 0.000 0.000 0.000 0.000 0.000 0.000 34.000 35.012 69.035 38.067 35.105 35.137 47.160 56.175 35.184 35.186 34.179 0.000 0.000 0.000 0.000 0.000 0.000 0.000 0.000 0.000 0.000 0.000 0.000 43.512 44.513 31.516 0.000 37.545 39.552 43.564 42.574 40.583 39.591 35.598 43.606 46.612 0.000
67.387 66.388 68.389 68.389 68.388 68.386 68.383 68.378 68.370 68.358 68.342 68.321 68.297 68.275 68.256 68.241 69.229 52.221 0.000 0.000 29.188 43.187 0.000 0.000 0.000 0.000 0.000 0.000 0.000 0.000 0.000 0.000 0.000 0.000 0.000 0.000 0.000 0.000 29.927 40.946 63.977 35.023 32.085 35.127 35.149 35.163 35.170 35.173 35.172 32.171 0.000 0.000 0.000 0.000 0.000 0.000 0.000 0.000 0.000 0.000 0.000 38.512 34.514 40.519 35.528 43.539 43.548 42.558 38.567 41.575 36.582 35.589 35.595 28.603 0.000
57.405 57.407 66.410 68.411 68.411 68.411 68.409 68.406 68.399 68.386 68.367 69.341 70.309 68.281 68.260 68.245 68.235 0.000 0.000 29.196 39.191 49.187 48.184 41.182 33.181 0.000 0.000 0.000 0.000 0.000 0.000 0.000 0.000 0.000 0.000 33.722 36.736 36.770 33.834 32.870 41.905 29.964 0.000 31.137 35.148 35.157 35.163 35.165 34.166 0.000 0.000 0.000 0.000 0.000 0.000 0.000 40.494 51.495 0.000 0.000 39.507 37.510 37.514 34.519 42.526 43.535 43.544 40.554 43.562 43.569 41.575 36.580 25.583 0.000 0.000
39.422 44.428 63.433 69.436 68.436 68.437 68.439 68.438 68.433 68.422 70.402 56.367 52.319 67.282 72.260 69.244 64.233 46.222 49.212 55.202 49.193 50.188 29.185 22.183 0.000 0.000 0.000 0.000 0.000 0.000 0.000 0.000 0.000 0.000 24.707 30.708 33.718 33.740 33.771 33.795 35.811 0.000 0.000 0.000 30.152 35.155 35.159 35.161 35.162 0.000 0.000 0.000 0.000 0.000 0.000 0.489 57.495 39.496 37.498 37.501 37.505 37.508 35.512 40.517 43.524 43.531 39.540 43.551 43.560 42.566 36.570 37.573 27.575 0.000 0.000
23.435 38.449 57.461 70.465 71.461 71.464 69.472 68.476 69.476 68.469 69.452 7.409 0.000 26.269 44.256 65.241 72.230 70.221 70.214 56.207 0.000 0.000 0.000 0.000 0.000 0.000 0.000 0.000 0.000 0.000 0.000 0.000 0.000 0.000 0.000 29.686 33.691 31.701 32.716 34.728 35.735 0.000 0.000 0.000 0.000 28.156 35.157 35.158 32.160 0.000 0.000 0.000 0.000 0.000 0.000 0.000 0.000 53.497 36.499 36.501 37.504 36.507 36.510 42.515 43.520 41.528 29.534 0.000 47.562 41.564 41.566 41.569 27.570 0.000 0.000
0.000 9.473 42.499 48.502 42.482 44.485 61.510 69.520 65.525 58.527 57.529 0.000 0.000 0.000 0.000 2.234 37.228 63.221 70.217 0.000 0.000 0.000 0.000 0.000 0.000 0.000 0.000 0.000 0.000 0.000 0.000 0.000 0.000 0.000 0.000 29.661 35.658 34.660 43.664 44.668 34.668 0.000 0.000 0.000 0.000 0.000 32.156 33.156 0.000 0.000 0.000 0.000 0.000 0.000 0.000 0.000 0.000 58.498 61.499 41.501 35.503 33.505 43.508 43.511 38.516 0.000 0.000 0.000 0.000 46.563 43.564 43.565 33.566 0.000 0.000
0.000 0.000 23.560 32.563 0.000 0.000 33.566 62.571 53.578 49.588 63.608 30.652 0.000 0.000 0.000 0.000 0.000 8.218 39.217 0.000 0.000 0.000 0.000 0.000 0.000 0.000 0.000 0.000 0.000 0.000 0.000 0.000 0.000 0.000 0.000 20.641 34.621 32.616 62.615 55.612 33.601 35.569 0.000 0.000 0.000 0.000 27.155 0.000 0.000 0.000 0.000 0.000 0.000 0.000 0.000 0.000 0.000 0.000 46.499 63.500 48.502 42.504 43.506 38.508 0.000 0.000 0.000 0.000 0.000 38.561 43.562 43.563 38.564 0.000 0.000
0.000 0.000 19.621 64.627 21.653 0.000 22.618 54.620 56.628 67.642 69.663 72.698 78.743 17.766 0.000 0.000 0.000 0.000 0.000 0.000 0.000 0.000 0.000 0.000 0.000 0.000 0.000 0.000 0.000 0.000 0.000 0.000 0.000 0.000 0.000 0.000 27.570 35.570 65.569 47.565 35.556 34.538 39.519 0.000 0.000 0.000 0.000 0.000 0.000 0.000 0.000 0.000 0.000 0.000 0.000 0.000 0.000 0.000 0.000 0.000 51.502 41.503 39.504 0.000 0.000 0.000 0.000 0.000 37.558 36.559 38.561 32.562 0.000 0.000 0.000
0.000 7.700 41.676 59.673 67.680 36.685 49.668 72.666 69.674 68.688 68.708 68.734 68.765 74.792 77.822 33.838 0.000 0.000 37.889 51.888 44.887 46.885 2.883 0.000 0.000 0.000 0.000 0.000 0.000 0.000 0.000 0.000 0.000 0.000 0.000 0.000 28.522 57.525 59.527 36.525 34.520 34.510 37.501 0.000 0.000 0.000 0.000 0.000 0.000 0.000 0.000 0.000 0.000 0.000 0.000 0.000 0.000 0.000 0.000 0.000 0.000 0.000 0.000 0.000 0.000 0.000 0.000 39.556 34.557 32.558 0.000 0.000 0.000 0.000 0.000
65.739 68.725 68.713 66.709 64.709 65.708 67.703 67.705 68.714 69.729 69.747 68.768 61.792 65.815 68.837 72.855 76.875 77.886 69.890 65.890 62.889 57.886 59.883 52.880 8.878 0.000 0.000 0.000 0.000 0.000 0.000 0.000 0.000 0.000 0.000 52.446 41.471 70.483 61.489 48.491 35.488 34.483 34.474 38.460 34.459 0.000 0.000 0.000 0.000 0.000 0.000 0.000 0.000 0.000 0.000 0.000 0.000 0.000 0.000 0.000 0.000 0.000 0.000 0.000 0.000 0.000 0.000 0.000 0.000 0.000 0.000 0.000 0.000 0.000 0.000
68.755 63.748 61.744 60.743 54.741 51.738 52.733 52.737 58.751 63.767 63.783 56.801 40.820 55.839 68.857 68.873 68.886 68.894 68.897 68.896 69.893 69.888 72.884 73.880 73.877 73.874 12.873 0.000 0.000 0.000 0.000 0.000 0.000 0.000 0.000 24.422 50.434 55.447 39.456 56.461 44.462 34.460 34.455 37.448 0.000 0.000 0.000 0.000 0.000 0.000 0.000 0.000 0.000 0.000 0.000 0.000 0.000 0.000 0.000 0.000 0.000 0.000 0.000 0.000 0.000 0.000 0.000 0.000 0.000 0.000 0.000 0.000 0.000 0.000 0.000
38.780 11.767 33.776 47.777 45.776 25.771 10.754 6.759 26.789 43.805 42.820 35.835 30.851 40.866 61.881 69.893 68.903 68.908 68.908 68.904 68.899 72.893 47.885 35.880 34.877 38.874 41.873 0.000 0.000 0.000 0.000 0.000 0.000 0.000 0.000 22.386 58.400 41.416 33.429 43.437 54.440 38.440 34.437 34.431 40.422 0.000 0.000 0.000 0.000 0.000 0.000 0.000 0.000 0.000 0.000 0.000 0.000 0.000 0.000 0.000 0.000 0.000 0.000 0.000 0.000 0.000 0.000 0.000 0.000 0.000 0.000 0.000 0.000 0.000 74.654
28.818 0.000 21.815 36.815 32.816 9.817 0.000 0.000 19.840 33.847 31.857 31.869 32.882 30.895 49.908 66.918 68.926 68.928 68.925 68.916 67.907 30.899 0.000 0.000 0.000 0.000 0.000 0.000 0.000 28.231 48.232 0.214 0.000 0.000 29.304 46.337 63.363 40.389 34.407 32.418 49.423 51.425 37.423 34.419 34.414 37.406 46.403 0.000 0.000 0.000 0.000 0.000 0.000 0.000 0.000 0.000 0.000 0.000 0.000 0.000 0.000 0.000 0.000 0.000 0.000 0.000 0.000 0.000 0.000 0.000 0.000 0.000 0.000 0.000 72.726
41.857 37.867 32.855 31.853 32.856 34.866 35.891 38.898 37.885 33.887 32.894 32.904 32.915 31.927 38.938 60.947 69.954 68.956 70.950 42.927 8.917 0.000 0.000 0.000 0.000 0.000 0.000 0.000 0.000 0.000 15.235 18.239 22.245 36.253 33.271 54.296 51.329 25.371 32.395 34.406 36.411 49.413 41.413 36.411 34.408 33.404 50.401 41.399 35.398 0.000 0.000 0.000 0.000 0.000 0.000 0.000 0.000 0.000 0.000 0.000 0.000 0.000 0.000 0.000 0.000 0.000 0.000 0.000 0.000 0.000 0.000 0.000 0.000 8.963 85.861
31.888 32.890 32.888 32.888 32.892 32.899 32.911 32.918 32.918 32.922 32.929 32.938 32.948 32.959 30.970 51.980 68.988 70.993 66.994 0.000 0.000 0.000 0.000 0.000 0.000 0.000 0.000 0.000 0.000 0.000 0.000 0.000 0.000 20.242 37.234 63.249 37.289 0.000 20.396 35.400 33.403 37.405 38.405 47.405 36.403 34.401 33.400 29.399 0.000 0.000 0.000 0.000 0.000 0.000 0.000 0.000 0.000 0.000 0.000 0.000 0.000 0.000 0.000 0.000 0.000 0.000 0.000 0.000 0.000 0.000 0.000 0.000 14.148 79.066 88.979
32.917 32.918 32.918 32.920 32.924 32.930 32.938 31.944 31.949 32.955 32.963 32.972 32.983 32.994 32.005 40.016 55.026 66.035 54.040 0.000 0.000 0.000 0.000 0.000 0.000 0.000 0.000 0.000 0.000 0.000 0.000 0.000 0.000 0.000 46.173 71.178 0.000 0.000 18.395 36.396 34.398 33.400 41.400 52.400 40.400 34.399 38.399 0.000 0.000 0.000 0.000 0.000 0.000 0.000 0.000 0.000 0.000 0.000 0.000 0.000 0.000 0.000 0.000 0.000 0.000 0.000 0.000 0.000 0.000 0.000 0.000 0.000 71.231 85.171 85.098
32.947 32.948 32.949 32.952 32.956 32.961 32.968 36.974 37.981 33.988 32.996 33.006 33.017 33.029 33.042 32.055 35.068 44.081 44.091 0.000 0.000 0.000 0.000 0.000 0.000 0.000 0.000 0.000 0.000 0.000 0.000 0.000 0.000 0.000 50.108 65.112 0.000 0.000 2.394 33.394 34.395 34.396 33.397 38.398 40.398 36.399 38.399 0.000 0.000 0.000 0.000 0.000 0.000 0.000 0.000 0.000 0.000 0.000 0.000 0.000 0.000 0.000 0.000 0.000 0.000 0.000 0.000 0.000 0.000 0.000 0.000 55.474 64.373 64.293 64.217
32.978 32.978 32.980 32.983 32.987 32.992 31.998 44.005 49.012 36.020 33.030 33.040 33.052 33.065 33.079 33.095 33.111 32.130 35.155 16.196 0.000 0.000 0.000 0.000 0.000 29.800 50.802 12.804 3.807 2.811 0.000 0.000 0.000 31.006 73.041 47.053 47.040 0.000 0.000 19.391 36.392 34.393 34.395 32.397 48.398 52.399 46.400 0.000 0.000 0.000 0.000 0.000 0.000 0.000 0.000 0.000 0.000 0.000 0.000 0.000 0.000 0.000 0.000 0.000 0.000 0.000 0.000 0.000 0.000 0.000 29.656 80.575 66.492 79.419 101.297
33.008 33.009 33.011 33.014 33.018 33.023 32.029 45.036 51.044 35.053 33.063 33.074 33.087 33.101 33.117 33.134 33.153 33.176 33.203 39.238 10.275 0.000 0.000 0.000 0.000 0.000 7.802 29.803 37.808 41.816 15.826 0.000 26.940 64.971 62.999 43.018 25.028 0.000 0.000 19.388 36.389 35.392 38.394 33.397 42.399 65.401 62.404 7.406 0.000 0.000 0.000 0.000 0.000 0.000 0.000 0.000 0.000 0.000 0.000 0.000 0.000 0.000 0.000 0.000 0.000 0.000 0.000 0.000 0.000 0.000 66.736 122.679 105.609 127.512 106.099
30.039 31.040 32.042 32.046 33.050 33.055 31.061 46.068 49.077 32.086 33.097 33.108 33.122 33.137 33.154 33.172 33.193 33.218 33.246 33.278 39.314 19.351 0.000 0.000 0.000 0.000 0.000 5.801 36.807 32.819 35.837 39.869 51.909 68.941 52.968 20.992 0.000 0.000 0.000 18.385 35.387 38.391 51.395 37.398 47.402 48.405 67.407 71.410 54.413 4.414 0.000 0.000 0.000 0.000 0.000 0.000 0.000 0.000 0.000 0.000 0.000 0.000 0.000 0.000 0.000 0.000 0.000 0.000 0.000 52.975 62.875 63.797 66.724 85.695 105.274
51.071 46.072 41.074 39.077 35.081 31.086 31.093 46.100 49.109 31.119 33.130 33.142 33.156 33.172 33.190 33.210 32.232 31.257 32.285 32.317 32.352 38.389 15.429 0.000 0.000 0.000 0.000 4.794 42.803 36.817 31.836 44.861 67.889 61.916 29.942 0.000 0.000 0.000 0.000 16.382 34.385 39.390 46.396 41.402 46.406 45.410 58.412 52.414 45.416 18.417 0.000 0.000 0.000 0.000 0.000 0.000 0.000 0.000 0.000 0.000 0.000 0.000 0.000 0.000 0.000 0.000 0.000 0.000 30.158 58.075 126.990 90.919 122.798 106.466 104.510
71.102 70.103 66.105 61.109 57.113 52.118 47.125 43.132 38.141 32.151 33.163 33.176 33.190 33.207 32.225 34.246 40.268 45.294 44.322 42.354 36.388 31.427 35.470 41.524 5.558 0.000 0.000 24.780 47.793 38.811 34.831 57.851 69.872 25.894 0.000 0.000 0.000 0.000 0.000 20.376 33.382 38.390 54.399 44.407 37.413 30.417 36.419 54.421 51.421 57.421 0.000 0.000 0.000 0.000 0.000 0.000 0.000 0.000 0.000 0.000 0.000 0.000 0.000 0.000 0.000 0.000 0.000 0.000 65.240 56.177 66.105 88.994 65.163 104.613 95.947
