results2_8e3_rain/res_3e8f-0133.wd
ncols         241
nrows         181
xllcorner     12693529.787448
yllcorner     3542525.717860
cellsize      155.156523
NODATA_value  -9999.000000
[rows 66 to 98 of 181, columns 146 to 218 of 241]
33.123 48.062 70.005 70.951 70.900 70.852 70.806 70.759 70.714 73.677 9.655 0.000 0.000 0.000 0.000 0.000 0.000 0.000 42.252 17.252 0.000 24.250 54.247 54.248 54.249 61.249 67.249 67.248 67.246 67.242 67.238 67.233 67.228 67.223 67.217 69.213 54.209 55.207 47.206 0.000 0.000 0.000 0.000 0.000 23.473 30.464 39.446 33.413 11.370 9.313 24.280 45.252 53.227 47.203 42.179 42.156 32.133 29.110 29.088 32.067 53.046 65.026 60.007 48.988 55.971 62.954 66.938 66.923 65.908 65.895 65.882 65.869 65.858
36.180 55.119 73.062 71.009 70.960 70.915 70.869 70.820 75.764 64.722 34.703 31.712 0.000 0.000 0.000 0.000 0.000 13.251 15.251 0.000 0.000 0.000 24.240 55.241 64.241 67.241 67.241 67.240 67.238 71.235 69.232 67.228 67.224 67.220 66.216 58.213 52.210 58.208 48.208 0.000 0.000 0.000 0.000 15.466 29.467 34.462 30.454 0.000 0.000 6.262 26.247 29.228 43.208 52.187 41.165 40.143 38.121 29.099 29.078 28.057 34.036 58.016 64.997 49.979 51.961 53.945 55.929 59.913 63.899 65.886 66.873 65.861 65.849
41.235 62.173 72.114 71.062 71.017 70.977 68.937 67.887 22.799 7.745 38.724 44.720 9.721 0.000 0.000 0.000 0.000 0.000 0.000 0.000 0.000 8.230 37.233 57.234 67.234 67.234 67.233 67.232 67.230 69.228 68.226 67.223 67.220 68.217 58.214 56.213 59.211 54.209 46.208 0.000 0.000 0.000 0.000 33.466 36.466 0.000 0.000 0.000 1.212 34.225 36.219 46.206 49.190 60.171 58.151 46.131 35.110 27.089 29.067 29.046 24.026 38.006 54.987 58.969 63.951 60.934 53.919 58.904 61.889 61.876 59.863 61.851 64.840
46.289 69.224 73.159 74.108 71.071 72.040 67.014 12.995 0.000 37.737 38.728 43.723 51.722 0.000 0.000 0.000 0.000 0.000 0.000 0.000 0.000 20.227 43.228 56.228 68.227 67.227 67.226 67.225 67.224 68.222 67.220 67.218 67.216 64.214 58.212 23.212 0.000 0.000 0.000 0.000 0.000 0.000 0.000 29.465 36.465 0.000 0.000 0.000 51.200 37.202 32.197 60.187 65.173 66.157 70.139 64.119 52.099 32.078 29.057 29.036 27.015 27.995 33.976 34.958 41.940 49.924 56.908 60.893 61.879 62.866 58.853 61.842 62.830
28.345 33.275 43.191 19.139 76.118 73.097 58.084 35.083 5.113 0.000 0.000 0.000 0.000 0.000 0.000 0.000 0.000 0.000 0.000 0.000 0.000 21.225 46.223 49.222 65.221 67.221 67.220 67.219 71.218 70.216 67.215 67.213 68.211 59.210 62.209 0.000 0.000 0.000 0.000 0.000 0.000 0.000 0.000 0.000 23.465 32.465 0.000 0.000 82.190 45.188 27.181 58.172 66.160 66.145 66.128 69.109 68.089 48.067 31.046 29.025 27.004 29.984 30.965 38.946 43.929 32.912 32.897 37.882 42.868 48.855 53.843 57.831 61.820
74.408 53.341 0.000 0.000 80.166 72.149 59.141 41.139 8.144 0.000 0.000 0.000 0.000 0.000 0.000 0.000 0.000 0.000 0.000 0.000 0.000 0.000 7.216 51.216 67.215 67.215 67.214 67.213 69.212 68.211 67.210 67.208 68.207 56.206 66.206 0.000 0.000 0.000 0.000 0.000 0.000 0.000 0.000 0.000 0.000 0.000 0.000 0.000 19.183 35.177 28.169 58.160 66.149 66.135 67.119 67.100 67.079 60.057 36.035 32.014 29.993 26.972 47.953 59.934 65.917 49.900 42.885 38.870 36.857 33.844 33.832 33.821 61.810
50.480 0.000 0.000 77.335 77.230 75.190 66.192 51.188 7.181 0.000 0.000 0.000 0.000 0.000 0.000 0.000 0.000 0.000 0.000 0.000 0.000 0.000 33.210 56.210 68.210 67.209 67.209 68.208 67.207 67.206 67.205 67.204 68.203 61.202 26.202 0.000 0.000 0.000 0.000 0.000 0.000 0.000 0.000 0.000 0.000 0.000 0.000 0.000 0.000 32.167 31.158 49.150 64.140 67.129 61.114 57.094 63.071 54.047 37.024 36.002 44.981 39.960 62.940 66.921 65.904 63.887 63.872 60.858 58.845 55.832 51.821 43.810 63.799
77.522 67.521 73.494 29.440 0.000 0.000 72.250 46.240 7.211 0.000 9.411 0.000 0.000 0.000 0.000 0.000 0.000 0.000 0.000 0.000 0.000 0.000 49.205 61.205 68.204 67.204 67.204 69.203 69.202 67.201 67.200 67.200 66.199 62.198 11.197 0.000 0.000 0.000 0.000 0.000 0.000 0.000 0.000 0.000 0.000 0.000 0.000 0.000 0.000 0.000 20.146 46.141 64.135 65.126 46.113 49.091 51.066 48.035 33.011 29.990 52.969 61.947 65.926 67.907 67.890 68.873 66.859 66.845 67.832 66.820 67.809 67.798 66.788
79.565 71.548 76.520 27.492 0.000 0.000 63.318 11.313 0.000 0.000 41.411 4.412 0.000 0.000 0.000 0.000 0.000 0.000 0.000 0.000 0.000 0.000 52.199 64.199 68.199 67.199 67.199 68.198 68.198 67.197 67.196 68.195 64.194 59.193 9.193 0.000 0.000 0.000 0.000 0.000 0.000 0.000 0.000 0.000 0.000 0.000 0.000 0.000 12.134 14.135 25.138 41.136 63.132 65.126 11.121 0.000 0.000 38.016 31.997 26.979 40.957 59.933 65.911 67.892 67.874 67.859 65.844 65.831 66.819 65.807 65.796 66.786 66.777
71.626 71.585 71.548 69.514 56.485 42.446 35.392 34.379 30.400 33.408 36.412 36.412 8.412 0.000 0.000 0.000 0.000 0.000 13.177 15.177 0.000 5.194 51.194 65.195 67.195 67.195 67.194 67.194 67.194 67.193 67.192 67.191 49.190 44.189 42.187 37.185 1.183 0.000 0.000 0.000 0.000 0.000 0.000 0.000 0.000 0.000 0.000 0.000 16.134 42.134 33.134 37.133 57.130 58.127 31.125 0.000 0.000 0.000 28.984 33.970 32.948 51.917 64.894 65.874 65.858 65.843 65.829 65.816 65.805 65.794 65.783 65.774 65.765
71.662 71.617 71.573 70.533 67.496 69.460 43.427 22.411 60.412 33.414 37.414 13.413 0.000 0.000 0.000 0.000 0.000 0.000 13.177 59.177 8.178 0.000 50.189 64.190 68.190 67.190 69.190 70.190 68.190 67.189 67.188 65.187 58.186 49.185 50.184 49.183 2.183 0.000 0.000 0.000 0.000 0.000 0.000 0.000 0.000 0.000 0.000 0.000 10.133 45.133 37.132 44.131 59.129 54.127 60.126 0.000 0.000 0.000 0.000 0.000 0.000 41.895 64.872 65.855 65.839 65.825 65.813 65.801 65.790 65.780 65.770 65.761 65.753
71.694 71.648 72.595 74.548 71.506 71.470 70.444 71.428 62.422 40.420 12.420 0.000 0.000 0.000 0.000 0.000 0.000 0.000 0.173 52.178 39.179 29.181 45.184 67.186 67.186 67.187 67.187 67.187 67.186 67.185 67.185 67.184 65.183 44.181 48.180 55.179 0.000 0.000 0.000 0.000 0.000 0.000 0.000 0.000 0.000 0.000 0.000 0.000 6.133 57.132 1.131 24.130 47.128 54.127 15.127 0.000 0.000 0.000 0.000 0.000 0.000 0.000 53.845 66.834 65.820 65.807 65.795 65.785 65.775 65.766 65.757 65.748 65.740
74.729 70.684 67.612 69.557 72.512 72.472 74.449 71.436 69.429 56.426 5.424 0.000 0.000 0.000 0.000 0.000 0.000 0.000 0.000 8.178 43.178 35.179 51.181 69.182 67.183 67.183 67.183 67.183 67.183 67.182 67.182 67.181 68.179 57.178 44.177 48.175 54.172 0.000 0.000 0.000 0.000 0.000 0.000 0.000 0.000 0.000 0.000 0.000 0.000 2.132 0.000 0.000 32.127 51.127 0.000 0.000 0.000 0.000 0.000 0.000 0.000 0.000 41.830 62.815 65.800 65.788 65.777 65.768 65.759 65.751 65.743 65.735 65.728
67.769 28.748 0.000 0.000 0.000 64.455 69.446 75.438 71.433 60.429 10.428 0.000 44.429 14.429 0.000 0.000 0.000 0.000 0.000 0.000 35.177 39.177 60.178 68.179 69.180 70.181 67.181 67.181 67.180 67.180 67.179 67.178 67.177 68.175 47.174 29.172 38.170 0.000 0.000 0.000 0.000 0.000 0.000 0.000 0.000 0.000 0.000 0.000 0.000 0.000 0.000 0.000 21.126 54.126 0.000 0.000 0.000 0.000 0.000 0.000 0.000 0.000 0.000 42.796 62.778 65.767 65.758 65.751 65.744 65.737 65.730 65.723 65.715
62.802 19.790 0.000 0.000 39.447 37.447 54.443 73.438 70.434 55.431 36.430 40.430 44.430 10.429 0.000 0.000 0.000 0.000 6.170 0.000 36.175 47.175 67.176 67.177 70.178 70.178 67.178 67.178 67.178 67.177 67.176 67.175 67.174 68.172 64.171 59.169 48.166 28.163 22.161 0.000 0.000 0.000 0.000 0.000 0.000 0.000 0.000 0.000 0.000 0.000 0.000 0.000 23.126 15.126 0.000 0.000 0.000 0.000 0.000 0.000 0.000 0.000 0.000 0.000 47.749 63.744 65.739 65.733 65.728 65.722 65.716 65.710 65.703
68.828 49.821 21.827 0.000 0.000 39.444 39.440 61.437 73.434 51.432 38.431 43.430 21.430 0.000 0.000 0.000 0.000 0.000 35.170 28.171 33.173 50.174 69.174 69.175 70.176 67.176 67.177 67.176 67.176 67.175 67.174 67.173 67.172 67.170 67.168 69.166 58.164 46.161 35.159 36.157 29.155 20.154 25.154 0.000 0.000 0.000 0.000 0.000 0.000 0.000 0.000 0.000 26.126 1.126 0.000 0.000 0.000 0.000 0.000 0.000 0.000 0.000 0.000 0.000 32.724 60.722 64.719 65.716 65.712 65.708 65.703 65.698 65.692
71.846 62.839 15.833 0.000 0.000 0.000 38.438 43.435 70.433 58.432 39.431 42.430 17.430 0.000 0.000 0.000 0.000 0.000 38.170 31.170 34.171 52.172 71.173 70.174 68.174 68.175 67.175 67.175 67.174 67.174 67.173 68.172 68.170 68.168 62.166 53.164 57.162 64.160 57.158 55.156 43.155 30.154 37.154 0.000 0.000 0.000 0.000 0.000 0.000 0.000 0.000 0.000 0.000 0.000 0.000 0.000 0.000 0.000 0.000 0.000 0.000 0.000 0.000 0.000 24.701 55.701 65.701 67.700 67.698 67.695 66.691 65.687 65.681
71.860 46.855 0.000 0.000 0.000 0.000 0.000 45.433 58.433 52.432 51.431 48.430 38.430 16.430 0.000 0.000 0.000 0.000 37.169 30.169 35.170 50.171 62.171 59.172 54.173 56.174 61.174 66.174 68.173 68.173 66.171 56.170 54.169 59.167 48.164 45.162 45.160 56.158 60.157 55.155 41.154 30.153 2.153 0.000 0.000 0.000 0.000 0.000 0.000 0.000 0.000 0.000 0.000 0.000 0.000 0.000 0.000 0.000 0.000 0.000 0.000 0.000 0.000 0.000 12.679 37.681 43.683 45.684 45.684 46.683 55.681 64.677 65.672
70.870 36.867 0.000 0.000 0.000 0.000 0.000 40.433 34.432 33.432 41.431 41.430 41.430 37.430 10.430 0.000 0.000 0.000 42.168 37.168 42.169 52.169 55.170 58.172 16.172 0.000 0.000 7.173 68.173 65.172 54.170 9.170 0.000 0.000 47.162 79.160 72.158 51.157 57.155 51.154 40.153 25.153 28.152 0.000 0.000 0.000 0.000 0.000 0.000 0.000 0.000 0.000 0.000 0.000 0.000 0.000 0.000 0.000 0.000 0.000 16.615 37.619 48.625 47.636 65.654 73.662 74.667 72.669 74.671 61.672 44.672 62.670 65.666
68.877 33.874 0.000 0.000 0.000 0.000 0.000 40.432 36.432 15.432 0.000 0.000 0.000 0.000 0.000 0.000 0.000 0.000 48.167 42.167 37.167 33.168 19.168 0.000 0.000 0.000 0.000 0.000 0.000 0.000 41.169 3.168 0.000 0.000 0.000 42.157 75.156 35.155 36.154 35.153 31.152 34.152 81.151 40.151 0.000 0.000 0.000 0.000 0.000 0.000 0.000 0.000 0.000 0.000 0.000 0.000 0.000 0.000 0.000 0.000 2.612 84.616 80.621 62.630 63.640 60.647 61.652 83.656 76.659 62.662 42.665 51.666 50.666
54.881 35.879 29.880 0.000 0.000 0.000 0.000 0.000 38.432 22.432 0.000 0.000 0.000 0.000 0.000 0.000 0.000 0.000 48.166 48.166 49.166 32.167 7.167 0.000 0.000 0.000 0.000 0.000 0.000 0.000 37.167 14.167 0.000 0.000 0.000 41.155 90.155 54.154 57.153 52.152 37.152 55.151 109.151 106.150 37.150 0.000 0.000 0.000 0.000 0.000 0.000 0.000 0.000 0.000 0.000 0.000 0.000 15.597 5.598 3.601 12.606 87.610 54.615 62.621 53.628 34.634 45.639 88.643 54.647 41.652 48.660 2.663 0.000
38.883 38.881 24.881 0.000 0.000 0.000 0.000 0.000 0.000 0.000 0.000 0.000 0.000 0.000 0.000 0.000 0.000 0.000 51.165 42.165 36.165 34.165 8.166 0.000 0.000 0.000 0.000 0.000 0.000 34.166 27.166 52.166 48.166 0.000 0.141 47.154 53.154 45.153 88.152 77.150 48.151 1.151 65.150 120.150 4.150 0.000 0.000 0.000 0.000 0.000 0.000 0.000 0.000 0.000 0.000 0.000 66.596 104.596 95.597 91.599 38.601 82.604 50.608 39.612 86.617 67.622 87.627 68.631 38.636 46.640 0.000 0.000 0.000
41.884 42.882 34.881 0.000 0.000 0.000 0.000 0.000 0.000 0.000 0.000 0.000 0.000 0.000 0.000 0.000 0.000 0.000 5.165 46.164 36.164 14.164 0.000 0.000 0.000 0.000 0.000 0.000 0.000 36.165 33.165 9.166 0.000 0.000 0.000 21.154 0.148 0.000 1.149 43.147 0.000 0.000 21.150 87.150 42.150 0.000 0.000 0.000 0.000 0.000 0.000 0.000 0.000 0.000 0.000 0.000 22.596 2.596 66.595 70.595 21.597 82.598 59.600 32.603 50.606 100.610 114.615 48.619 36.625 3.632 0.000 0.000 12.543
40.883 41.882 41.881 45.880 37.879 0.000 0.000 0.000 0.000 0.000 0.000 0.000 0.000 0.000 0.000 0.000 0.000 0.000 0.000 36.163 32.163 16.163 0.000 0.000 0.000 0.000 0.000 0.000 37.165 34.165 11.165 0.000 0.000 0.000 0.000 0.000 0.000 0.000 0.000 47.143 0.000 0.000 21.149 0.000 0.000 0.000 0.000 0.000 0.000 0.000 0.000 0.000 0.000 0.000 0.000 0.000 0.000 0.000 42.592 61.592 20.591 84.591 64.592 34.593 83.595 86.599 81.602 89.607 53.611 0.000 0.000 0.000 26.536
42.882 20.881 31.880 40.880 40.879 40.879 39.878 0.000 0.000 0.000 0.000 0.000 0.000 0.000 0.000 0.000 0.000 0.000 0.000 38.162 34.162 18.162 0.000 0.000 0.000 0.000 0.000 0.000 0.000 40.165 12.165 0.000 0.000 0.000 0.000 0.000 0.000 0.000 11.139 34.140 38.138 15.138 0.000 0.000 0.000 0.000 0.000 0.000 0.000 0.000 0.000 0.000 0.000 0.000 0.000 0.000 0.000 0.000 45.589 65.588 25.587 85.584 70.583 84.583 84.584 43.586 36.590 81.594 30.603 0.000 0.000 27.520 35.526
47.879 0.000 0.000 37.879 26.879 0.000 39.878 29.878 0.000 0.000 0.000 0.000 0.000 0.000 0.000 0.000 0.000 0.000 0.000 37.162 34.162 22.162 0.000 0.000 0.000 0.000 0.000 0.000 0.000 0.000 0.000 0.000 0.000 0.000 0.000 0.000 0.000 0.000 50.138 67.138 28.138 0.000 0.000 0.000 0.000 0.000 0.000 0.000 0.000 0.000 0.000 0.000 0.000 0.000 0.000 0.000 0.000 0.000 80.587 66.586 27.583 85.576 82.572 74.571 66.572 52.573 53.576 22.579 0.000 0.000 11.510 30.514 37.518
44.876 0.000 0.000 24.879 16.879 0.000 0.000 0.000 0.000 48.836 44.836 35.836 0.000 0.000 0.000 0.000 0.000 0.000 0.000 41.161 37.161 19.161 0.000 0.000 0.000 0.000 0.000 0.000 0.000 0.000 0.000 0.000 0.000 0.000 0.000 0.000 0.000 0.000 13.138 97.137 63.137 0.000 0.000 0.000 0.000 0.000 0.000 0.000 0.000 0.000 0.000 0.000 0.000 0.000 0.000 0.000 0.000 0.000 12.587 0.000 0.000 59.564 100.560 79.558 78.558 76.560 79.562 27.566 0.000 0.000 15.507 29.508 30.511
60.871 0.000 0.000 0.000 0.000 46.847 33.846 0.000 44.838 38.837 38.836 30.836 0.000 0.000 0.000 0.000 0.000 0.000 0.000 41.161 36.161 24.161 0.000 0.000 0.000 0.000 0.000 0.000 0.000 0.000 0.000 0.000 0.000 0.000 0.000 0.000 0.000 0.000 0.000 41.136 33.136 4.135 0.000 0.000 0.000 0.000 0.000 0.000 0.000 0.000 0.000 0.000 0.000 0.000 0.000 0.000 0.000 0.000 0.000 0.000 0.000 6.555 42.547 43.544 41.544 41.545 38.548 34.557 0.000 0.000 8.502 29.502 27.503
71.865 60.860 42.857 43.854 42.851 36.847 37.845 38.842 36.839 41.837 40.836 31.835 28.835 0.000 0.000 0.000 0.000 0.000 0.000 28.161 0.000 0.000 0.000 0.000 0.000 0.000 0.000 0.000 0.000 0.000 0.000 0.000 0.000 0.000 0.000 0.000 0.000 0.000 0.000 0.000 40.135 3.134 0.000 0.000 0.000 0.000 0.000 0.000 0.000 0.000 0.000 0.000 0.000 0.000 0.000 0.000 0.000 0.000 0.000 0.000 0.000 0.000 30.528 29.528 29.528 45.528 40.528 0.000 0.000 0.000 1.494 42.495 54.496
71.862 65.859 35.856 35.854 35.851 18.848 19.845 23.842 33.839 42.837 39.836 31.835 34.834 23.834 0.000 0.000 0.000 0.000 0.000 0.000 0.000 0.000 0.000 0.000 0.000 0.000 0.000 0.000 0.000 0.000 0.000 0.000 0.000 0.000 0.000 0.000 0.000 0.000 0.000 0.000 0.000 43.134 2.133 0.000 0.000 0.000 0.000 0.000 0.000 0.000 0.000 0.000 0.000 0.000 0.000 0.000 0.000 0.000 0.000 0.000 22.494 25.498 29.509 29.512 31.513 50.511 40.508 23.498 0.000 0.000 37.487 58.488 65.489
71.859 69.858 39.856 36.854 16.853 0.000 0.000 0.000 0.000 33.836 36.835 34.834 27.834 0.000 0.000 0.000 0.000 0.000 0.000 0.000 0.000 0.000 0.000 0.000 0.000 0.000 0.000 0.000 0.000 0.000 0.000 0.000 0.000 0.000 0.000 0.000 0.000 0.000 0.000 0.000 0.000 46.133 8.133 0.000 0.000 0.000 0.000 0.000 0.000 0.000 0.000 0.000 0.000 0.000 0.000 0.000 0.000 0.000 0.000 0.000 33.490 30.493 29.497 25.499 38.499 55.498 39.494 28.488 23.481 23.478 47.480 64.481 65.482
71.857 69.857 22.856 26.855 0.000 0.000 0.000 0.000 0.000 0.000 24.834 37.833 29.833 0.000 0.000 0.000 0.000 0.000 0.000 0.000 0.000 0.000 0.000 0.000 0.000 0.000 0.000 0.000 0.000 0.000 0.000 0.000 0.000 0.000 0.000 0.000 0.000 0.000 0.000 0.000 0.000 0.000 14.133 0.000 0.000 0.000 0.000 0.000 0.000 0.000 0.000 0.000 2.466 10.467 0.000 0.000 0.000 0.000 0.000 27.479 25.483 24.485 29.487 43.488 56.488 46.486 30.483 28.480 30.476 27.474 48.474 66.475 65.475
71.855 45.856 0.000 0.000 0.000 0.000 0.000 0.000 0.000 0.000 0.000 27.832 34.832 32.831 0.000 0.000 0.000 0.000 0.000 0.000 0.000 0.000 0.000 0.000 0.000 0.000 0.000 0.000 0.000 0.000 0.000 0.000 0.000 0.000 0.000 0.000 0.000 0.000 0.000 0.000 0.000 0.000 0.000 0.000 0.000 0.000 0.000 0.000 0.000 0.000 0.000 0.000 0.000 3.467 5.468 0.000 32.471 24.471 22.473 34.476 48.478 53.479 55.479 55.479 41.478 29.476 28.474 28.471 27.469 29.468 52.468 67.468 65.469
