results2_8e3_rain/res_3e8f-0067.wd
ncols         241
nrows         181
xllcorner     12693529.787448
yllcorner     3542525.717860
cellsize      155.156523
NODATA_value  -9999.000000
[rows 128 to 159 of 181, columns 0 to 73 of 241]
62.431 62.431 62.430 62.430 62.429 62.428 61.428 74.427 80.425 64.424 62.423 62.421 62.419 62.417 62.415 62.412 62.409 62.406 62.403 68.401 39.398 0.000 0.000 0.000 0.000 21.018 36.019 58.022 66.008 69.976 43.914 19.830 54.714 92.550 90.423 70.326 52.241 10.226 0.000 46.137 63.143 62.151 65.162 60.176 69.194 92.217 89.254 34.328 0.000 14.491 0.000 0.000 0.000 0.000 0.000 0.000 0.000 0.000 0.000 0.000 0.000 0.000 0.000 0.000 0.000 0.000 0.000 0.000 0.000 0.000 73.718 129.664 112.599 134.508
59.436 60.436 61.436 61.436 62.435 62.434 60.433 75.432 78.431 61.429 62.428 62.426 62.424 62.422 62.419 62.416 62.413 62.409 62.405 62.401 68.396 48.390 0.000 0.000 0.000 0.000 0.000 34.048 65.029 60.993 63.937 67.861 79.763 96.645 80.533 48.430 0.000 0.000 0.000 45.263 62.263 65.266 78.272 64.282 74.297 75.319 94.352 98.402 81.464 31.491 0.000 0.000 0.000 0.000 0.000 0.000 0.000 0.000 0.000 0.000 0.000 0.000 0.000 0.000 0.000 0.000 0.000 0.000 0.000 59.941 69.847 70.773 73.705 92.680
80.443 75.442 70.442 68.442 64.441 60.440 60.439 75.438 78.437 60.435 62.433 62.431 62.429 62.427 62.424 62.420 61.417 60.412 61.407 61.401 61.394 67.384 44.371 21.359 0.000 0.000 0.000 33.093 71.068 65.029 59.979 72.914 95.833 89.735 57.634 0.000 0.000 0.000 0.000 43.390 61.381 66.376 73.377 68.383 73.394 72.410 85.434 79.465 72.498 45.519 0.553 0.000 0.000 0.000 0.000 0.000 0.000 0.000 0.000 0.000 0.000 0.000 0.000 0.000 6.755 0.000 0.000 3.115 37.115 65.036 133.953 97.885 129.768 113.440
100.449 99.449 95.448 90.448 86.447 81.447 76.446 72.444 67.443 61.441 62.439 62.437 62.435 62.432 61.429 63.425 69.421 74.416 73.410 71.403 65.394 60.383 64.368 70.349 34.317 15.279 19.231 53.162 76.119 67.079 63.035 85.983 97.920 53.827 0.000 0.000 0.000 6.625 13.599 47.525 60.496 65.482 81.477 71.479 64.484 57.494 63.508 81.526 78.545 84.562 3.584 0.000 0.000 0.000 0.000 0.000 0.000 0.000 0.000 0.000 0.000 0.000 0.000 0.000 3.755 0.000 0.000 0.000 72.195 63.131 73.060 95.951 72.123 111.577
91.456 96.455 100.455 100.455 102.454 102.453 96.452 87.451 73.449 62.448 61.446 62.444 61.441 60.438 65.435 79.431 90.427 95.421 95.415 92.407 84.398 75.386 66.370 60.350 65.323 67.290 66.251 67.207 65.168 60.133 74.098 97.065 64.037 0.000 0.000 0.000 3.661 55.652 67.645 64.618 66.594 72.578 90.572 76.570 60.571 59.574 59.579 71.586 92.594 33.602 6.610 1.626 0.000 0.000 0.000 0.000 0.000 0.000 0.000 0.000 0.000 0.000 0.000 0.000 23.755 3.675 7.594 48.491 71.342 75.238 75.126 85.209 112.671 103.019
69.463 71.462 74.462 80.462 90.461 96.460 101.459 101.458 94.456 80.455 69.453 63.450 67.448 74.445 87.442 102.438 101.433 98.428 98.421 101.413 101.404 97.392 85.377 73.358 65.335 60.308 61.277 60.245 61.214 69.186 91.161 99.140 11.126 0.000 0.000 0.000 13.669 41.678 59.712 68.706 69.687 66.664 67.661 77.659 72.656 65.652 69.649 77.645 90.643 31.640 17.631 23.643 3.652 0.000 0.000 0.000 0.000 0.000 0.000 0.000 0.000 0.000 0.000 0.000 5.836 0.000 55.619 77.537 73.413 82.381 73.440 112.799 101.555 103.067
61.470 61.470 61.469 63.469 68.468 72.467 79.466 88.465 96.464 99.462 93.460 91.458 93.455 96.452 95.449 88.445 79.441 77.435 77.429 82.421 88.412 95.401 98.387 97.371 86.351 76.330 71.306 69.281 78.258 94.237 95.220 81.207 14.202 0.000 0.000 0.000 0.000 0.000 42.820 69.807 48.782 36.732 51.750 66.749 81.742 85.731 87.718 88.704 84.692 11.685 0.000 26.659 23.662 11.665 17.665 11.665 0.000 0.000 0.000 0.000 0.000 0.000 40.066 10.012 75.916 97.847 130.696 86.665 81.713 62.666 98.727 103.233 103.136 111.859
62.477 62.477 62.477 62.476 61.476 60.475 62.474 67.473 73.471 83.470 93.468 95.465 88.463 78.460 72.457 64.453 60.449 60.444 60.438 62.431 67.422 73.412 80.400 92.386 97.370 99.353 98.335 94.316 97.299 90.284 72.273 64.268 43.272 1.309 0.000 0.000 0.000 0.000 35.942 68.919 11.902 0.000 44.857 69.846 88.831 96.812 82.787 85.760 71.737 29.723 0.000 53.674 22.671 14.667 25.666 25.666 0.000 0.000 0.000 0.000 0.000 27.176 46.120 119.057 147.975 130.853 114.403 113.344 105.011 103.650 103.520 103.382 68.605 113.518
62.485 62.485 62.485 62.484 62.484 62.483 62.482 61.481 61.479 64.478 70.476 69.473 65.471 61.468 61.465 61.462 62.458 62.454 62.448 62.442 61.434 60.426 62.415 68.404 75.391 84.378 92.364 88.350 77.338 65.328 61.322 66.320 74.326 50.344 28.351 28.335 14.293 15.217 51.087 72.025 22.006 4.021 63.974 95.949 97.925 76.897 79.860 78.812 66.774 55.748 6.720 34.691 8.681 0.000 9.666 0.000 0.000 0.000 0.000 0.000 0.000 8.236 71.178 77.094 73.077 74.233 72.204 103.998 103.888 103.773 70.963 73.738 75.606 77.267
62.493 62.493 62.493 62.492 62.492 62.491 62.490 62.489 62.488 62.486 61.484 61.482 61.479 62.477 62.474 62.471 62.468 62.464 62.460 62.454 62.448 62.441 62.432 61.423 60.413 61.403 65.392 63.383 62.375 66.368 69.365 68.365 66.369 68.375 68.374 65.360 65.328 69.270 44.165 30.088 19.075 37.083 82.069 96.049 76.024 68.992 67.945 47.852 43.800 6.774 0.000 0.000 0.000 0.000 0.000 0.000 3.711 18.684 33.634 3.564 17.477 80.322 87.305 85.372 83.355 84.433 104.202 104.102 85.219 92.007 84.858 90.627 82.466 61.403
62.501 62.501 62.501 62.501 62.500 62.500 62.499 62.498 62.497 62.495 62.493 62.491 62.488 62.485 62.483 62.481 62.479 62.476 62.472 61.468 68.463 70.457 62.450 61.443 60.435 61.428 63.421 66.414 69.409 68.406 63.405 64.406 71.409 74.412 70.412 64.404 61.389 70.369 1.360 0.000 4.121 77.168 86.171 73.155 65.130 85.100 31.076 0.000 0.000 0.000 0.000 0.000 0.000 0.000 0.000 0.000 28.738 70.706 99.656 60.588 93.467 101.619 98.578 97.665 104.482 104.392 104.299 97.310 99.183 98.879 97.738 96.667 14.580 0.000
62.510 62.510 62.510 62.509 62.509 62.509 62.508 62.507 62.506 62.504 65.502 65.500 63.497 67.494 65.492 62.492 62.491 62.489 61.486 59.482 70.478 78.474 64.468 61.463 63.458 66.453 68.448 67.445 64.442 66.442 71.443 73.446 74.450 74.454 69.456 63.456 72.454 91.456 10.475 0.000 0.000 51.298 74.291 71.271 75.240 95.205 29.182 0.000 0.000 0.000 0.000 0.000 0.000 1.008 0.000 26.853 78.800 94.744 97.672 102.666 99.828 96.816 104.727 104.649 104.568 96.628 97.411 98.281 97.959 97.929 90.859 67.763 0.000 0.000
62.519 62.519 62.518 62.518 62.518 62.518 62.517 62.517 62.516 63.514 70.512 70.509 47.506 15.500 36.501 66.503 60.503 63.502 69.500 72.498 72.494 68.491 64.487 65.484 68.480 67.477 66.475 68.474 72.474 72.476 74.479 73.484 64.490 59.497 61.503 74.509 93.516 103.526 25.538 0.000 0.000 26.436 82.423 84.398 91.355 90.297 26.265 0.000 0.000 0.000 0.000 0.000 0.000 5.008 30.975 74.915 96.830 99.842 98.927 98.927 98.018 104.875 104.803 96.841 97.638 98.497 98.282 98.135 98.090 90.021 81.979 0.000 0.000 0.000
62.527 62.527 62.527 62.527 62.527 62.527 62.527 62.527 62.526 64.525 73.523 84.520 60.517 0.000 3.508 51.516 77.518 69.517 67.515 67.513 65.511 64.509 66.506 68.504 66.502 62.501 64.501 76.502 78.504 68.508 62.514 59.522 59.530 64.540 78.550 94.562 91.575 75.592 47.615 15.654 9.648 53.586 82.566 64.544 55.484 47.365 12.315 0.000 0.000 0.000 0.000 0.000 0.000 24.043 75.009 96.919 99.110 98.099 98.206 105.083 105.016 104.947 96.907 98.787 98.497 98.369 98.312 98.237 92.160 79.095 69.058 0.000 0.000 0.000
62.537 62.537 62.536 62.537 62.537 62.537 62.537 62.537 62.537 64.536 74.535 61.532 17.524 0.000 0.000 19.535 73.534 65.533 67.531 66.530 64.528 67.526 68.525 65.524 62.523 58.524 68.525 82.528 69.533 59.539 60.548 65.558 75.569 86.582 97.597 90.613 68.631 63.652 82.676 89.699 90.705 94.695 69.712 30.728 2.741 0.000 0.000 0.000 0.000 0.000 0.000 0.000 29.157 75.087 97.101 99.285 98.301 105.267 105.208 105.147 97.182 97.977 98.862 98.559 98.541 98.479 98.402 99.309 87.227 58.140 47.099 5.099 0.000 0.000
61.546 61.546 62.546 62.546 62.546 62.547 62.547 62.548 62.548 65.548 75.549 46.549 0.000 5.571 43.566 45.555 62.551 64.549 52.547 34.546 72.545 67.544 63.544 62.544 60.544 62.545 78.548 81.553 63.560 66.569 78.580 87.593 96.607 94.624 82.642 68.662 61.685 77.710 81.737 69.761 50.776 48.777 36.860 16.914 5.967 0.309 0.000 18.636 13.636 0.000 0.000 23.245 75.260 98.356 99.372 97.480 105.378 105.323 97.353 98.160 99.034 98.838 98.714 98.687 98.632 98.579 101.507 65.372 45.300 0.000 0.000 0.000 0.000 0.000
70.555 68.555 65.554 63.555 60.556 60.557 60.558 60.559 59.560 64.561 76.562 59.566 40.574 48.575 66.573 62.569 59.566 65.564 60.563 47.562 67.562 61.562 60.562 60.563 62.564 76.566 84.570 50.576 42.584 92.596 97.610 92.626 81.644 71.663 63.685 59.709 70.736 82.767 50.800 25.834 8.863 0.034 17.038 16.102 6.215 7.428 10.566 38.636 22.636 0.000 0.000 55.497 97.523 96.641 105.536 105.485 105.433 97.394 99.281 99.004 98.894 98.861 100.815 95.761 97.728 98.698 109.675 0.000 0.000 0.000 0.000 0.000 0.000 0.000
71.566 73.565 79.563 80.563 80.565 77.567 78.569 77.570 76.571 76.573 78.575 61.578 65.581 64.583 61.583 64.581 64.580 63.579 68.579 70.579 64.579 58.579 60.580 62.581 76.583 81.585 70.589 64.596 73.606 96.621 79.639 70.658 62.679 60.700 62.725 61.752 75.784 84.820 48.862 24.912 12.977 15.089 18.151 10.241 11.362 17.511 19.633 12.706 0.000 0.000 33.741 75.747 105.675 105.631 105.585 97.636 98.437 99.331 99.037 99.030 99.985 99.937 72.890 50.824 85.820 99.812 104.819 44.875 0.000 0.000 0.000 0.000 0.000 0.000
64.577 58.575 11.569 13.569 22.575 69.578 66.580 66.582 66.583 70.585 79.586 60.589 61.591 60.593 63.593 67.593 68.593 66.593 65.594 68.594 69.596 66.597 60.598 77.600 83.601 74.603 80.606 97.612 94.623 76.642 64.667 60.690 62.712 62.735 61.761 66.792 82.828 84.869 76.916 79.973 51.046 13.140 5.236 4.349 16.480 23.621 13.749 10.852 2.906 28.975 76.939 105.759 105.718 97.785 98.590 99.472 99.282 99.166 99.147 100.098 98.054 92.011 16.987 0.000 67.915 102.910 99.914 98.932 0.000 0.000 0.000 0.000 0.000 0.000
62.590 54.590 0.000 0.000 4.589 65.590 61.592 61.593 61.594 65.596 79.598 57.600 61.602 65.604 67.605 68.606 65.607 62.608 60.609 62.610 72.612 85.614 80.616 81.618 58.620 52.620 104.619 90.623 57.634 17.658 37.698 65.722 62.744 62.767 64.794 57.826 41.868 31.912 43.961 84.019 60.094 13.189 8.303 3.441 12.590 17.742 11.894 17.021 17.126 55.159 105.819 96.981 100.716 99.615 99.427 99.315 99.288 99.250 100.205 100.166 65.123 41.065 27.060 30.063 81.017 101.999 97.996 89.006 7.033 0.000 0.000 0.000 0.000 0.000
62.603 62.605 45.612 0.000 5.601 66.603 62.604 62.605 61.606 62.607 77.609 64.611 67.613 69.615 68.617 63.618 60.620 61.622 61.624 60.626 70.628 93.631 89.634 76.637 69.639 60.638 36.628 25.627 12.630 0.000 18.744 67.757 62.775 64.797 47.821 21.851 6.905 3.949 45.996 63.050 32.121 4.219 7.347 12.520 19.696 15.864 10.060 3.270 6.606 54.433 105.896 99.869 99.626 99.446 99.428 99.390 99.347 99.306 97.269 88.235 21.210 0.000 38.126 97.114 102.089 100.072 94.065 84.064 2.059 0.000 0.000 0.000 0.000 0.000
59.615 61.616 58.618 0.000 1.615 66.615 61.615 59.616 61.617 65.619 69.620 68.622 68.624 66.627 60.629 61.631 61.633 62.636 62.638 67.641 85.645 84.649 77.653 86.657 84.662 55.666 0.000 0.000 0.000 0.000 16.776 67.787 62.803 65.823 36.842 0.000 32.953 58.984 79.025 48.062 0.131 0.000 0.000 1.722 11.811 11.960 12.189 6.622 4.187 106.110 106.005 98.779 99.620 99.519 99.482 99.441 99.402 101.363 86.327 69.296 29.271 5.257 53.205 83.176 92.153 101.137 90.128 79.126 1.129 0.000 0.000 0.000 0.000 0.000
66.625 64.626 53.628 0.000 52.628 60.627 62.627 66.628 67.629 68.630 66.631 67.633 65.636 61.639 61.641 62.644 62.647 61.650 63.653 86.656 85.661 67.665 80.671 78.678 82.686 80.698 43.719 0.000 8.792 38.797 43.799 63.810 62.828 62.851 57.882 49.932 66.970 66.010 60.057 82.111 30.177 0.000 0.000 5.744 10.832 8.972 10.153 34.409 58.885 106.205 101.119 100.855 100.593 99.576 99.534 99.494 100.455 98.417 53.382 30.350 42.321 43.295 97.261 99.233 79.210 89.194 84.185 57.183 22.194 0.000 0.000 0.000 0.000 0.000
67.634 68.636 65.638 53.642 67.640 67.639 67.639 68.639 68.640 69.640 81.641 63.643 61.647 61.651 62.654 62.657 62.660 63.663 77.667 88.671 63.676 67.682 94.688 86.696 74.707 77.720 80.740 64.767 69.788 84.801 77.812 65.827 58.847 58.872 69.904 85.944 72.984 45.029 17.082 72.149 61.245 10.387 13.528 18.677 14.801 5.944 8.061 49.379 101.640 106.291 98.098 100.742 101.668 99.626 99.586 99.546 92.507 82.470 39.434 10.401 19.370 20.340 81.310 123.284 104.261 80.244 72.233 51.229 60.229 13.229 0.000 0.000 3.325 24.325
72.642 72.645 68.647 68.649 68.650 69.650 69.650 65.651 62.651 61.651 24.650 14.651 65.660 62.664 62.667 62.670 61.673 64.677 88.681 74.685 59.691 65.697 82.704 99.713 94.724 91.737 89.754 85.773 81.791 80.806 88.821 85.839 79.861 75.887 78.918 82.954 44.995 9.041 8.093 24.158 20.264 5.390 14.519 24.635 20.756 11.909 5.091 48.345 106.450 106.372 100.996 102.831 99.715 99.679 100.637 96.597 80.557 73.520 79.484 85.449 69.417 91.386 106.357 123.330 132.307 116.289 78.276 83.268 58.265 0.000 0.000 0.000 0.000 0.000
11.648 12.654 72.656 67.658 67.660 62.661 59.662 61.662 56.663 9.662 9.659 0.000 66.676 62.678 62.680 62.683 62.686 80.690 87.694 60.699 62.705 62.711 65.719 71.728 73.738 73.751 69.765 72.781 88.797 81.812 72.828 75.848 82.871 86.896 89.926 86.961 62.001 27.045 10.091 9.128 0.000 0.000 9.522 18.588 2.672 0.000 18.267 78.509 106.525 98.353 102.064 101.797 99.776 99.729 100.687 95.646 82.607 48.568 55.532 98.496 109.463 141.431 132.401 104.373 92.349 109.329 88.313 82.303 57.298 0.000 0.000 0.000 0.000 0.000
0.000 7.668 21.664 76.669 61.671 59.672 61.673 61.674 62.676 9.677 0.683 55.695 63.691 62.691 62.693 62.696 64.699 88.703 73.707 59.712 62.718 62.724 62.732 61.741 61.751 61.762 60.775 67.789 96.803 75.817 6.832 14.852 26.878 77.902 87.929 71.962 77.002 64.049 16.097 13.134 0.000 3.405 16.460 8.524 0.000 0.000 36.422 106.672 106.599 101.235 102.965 98.868 99.824 99.780 99.736 99.695 86.654 49.615 64.578 101.542 97.507 131.474 126.442 95.413 100.387 86.364 67.346 85.333 63.327 0.000 0.000 0.000 0.000 0.000
60.691 56.685 0.000 68.682 78.683 79.683 60.685 72.686 79.689 55.692 53.699 63.702 62.702 62.703 62.705 62.708 81.711 85.715 60.719 62.724 61.730 60.737 62.745 62.753 62.763 62.773 61.784 69.796 98.809 79.821 25.831 0.000 49.887 74.904 87.928 66.957 56.995 16.053 9.115 12.177 10.271 18.349 22.390 0.000 0.000 15.381 77.604 106.743 98.506 102.212 101.949 99.922 99.873 99.828 99.784 100.742 91.701 80.661 103.623 128.586 116.550 133.515 130.482 124.450 131.421 97.394 74.373 84.357 92.349 21.351 0.000 0.000 0.000 0.000
62.697 61.696 56.699 62.695 61.694 9.695 83.696 75.698 62.700 63.703 63.708 62.711 62.713 62.715 62.717 65.720 88.723 71.727 61.731 62.736 68.742 76.748 62.756 60.765 62.774 61.783 64.793 88.804 96.815 71.827 59.840 47.859 69.879 68.898 29.920 14.944 11.970 0.000 1.153 1.198 2.286 3.332 5.361 0.000 18.528 75.626 97.751 106.812 99.467 100.099 100.015 99.967 99.920 99.875 99.831 100.788 91.747 74.706 70.667 103.628 93.591 107.555 110.519 98.485 100.451 72.420 49.393 63.373 130.361 83.354 18.347 8.341 30.334 51.330
62.705 62.705 62.705 62.704 62.705 56.705 72.707 88.709 64.711 61.714 62.717 62.720 62.723 62.726 61.728 84.732 86.735 60.739 62.743 63.747 60.752 22.757 81.768 76.776 63.784 61.792 79.801 98.811 82.821 62.832 62.844 63.858 66.873 70.889 7.913 8.928 0.000 0.000 13.148 0.000 0.000 0.000 0.000 0.000 41.697 98.802 106.946 106.880 99.356 100.178 100.056 100.014 99.966 99.920 99.876 98.833 83.791 85.750 105.710 124.670 123.632 128.594 133.556 120.519 118.480 105.441 54.408 52.383 128.366 92.356 30.348 23.340 88.332 121.329
62.713 62.712 62.713 62.713 62.714 62.716 62.717 73.719 88.722 64.725 61.728 62.731 62.734 60.737 68.740 89.743 69.746 61.750 63.754 61.758 3.763 0.773 69.782 70.787 76.794 75.801 83.809 82.818 63.826 61.836 63.845 66.856 71.866 71.873 0.000 0.000 0.000 0.138 24.146 11.145 12.144 11.144 0.000 3.196 50.071 104.053 107.011 98.711 100.406 100.136 100.109 100.058 100.011 99.965 99.920 99.877 85.834 81.793 102.752 103.712 103.672 106.633 106.594 105.554 110.510 83.457 59.413 74.385 89.366 28.355 0.000 0.000 32.326 58.325
62.721 64.719 64.720 62.722 62.724 62.726 62.728 62.730 73.732 88.735 64.738 59.741 59.744 76.747 88.751 82.754 59.758 62.762 58.765 4.767 1.778 55.788 62.793 62.798 68.804 85.810 85.817 78.824 71.831 63.839 50.847 20.854 85.861 65.865 0.000 0.000 0.000 0.000 13.145 6.144 20.144 9.144 0.000 3.478 23.382 107.139 107.075 99.578 100.299 100.198 100.150 100.101 100.054 100.008 99.963 100.920 95.877 85.835 80.794 79.752 79.712 79.672 79.632 83.591 57.550 1.467 27.402 83.377 79.358 40.344 2.332 0.000 31.321 77.322
