results2_8e3_rain/res_3e8f-0101.wd
ncols         241
nrows         181
xllcorner     12693529.787448
yllcorner     3542525.717860
cellsize      155.156523
NODATA_value  -9999.000000
[rows 66 to 98 of 181, columns 73 to 145 of 241]
68.641 32.631 0.000 57.825 74.804 73.774 73.747 0.000 45.173 45.156 58.165 54.173 53.153 53.109 52.044 127.950 115.788 0.000 0.000 0.000 48.605 43.549 48.465 51.409 51.362 53.320 54.281 59.238 60.198 61.154 52.094 0.000 0.000 49.397 99.397 81.307 85.159 85.237 83.283 91.210 83.676 84.148 84.880 83.645 83.416 84.205 54.045 0.000 0.000 0.000 0.000 0.000 0.000 0.000 30.684 28.665 28.628 28.576 28.511 28.443 32.369 45.291 42.211 27.130 38.048 46.967 25.889 28.811 34.734 39.658 35.583 29.509 27.436
53.643 59.620 0.000 46.029 69.995 68.968 62.970 16.050 0.000 0.000 51.239 64.312 53.312 52.282 53.240 34.200 0.000 0.000 0.000 0.000 0.000 0.000 59.407 57.383 55.354 38.317 41.278 48.235 49.202 54.170 45.132 0.000 0.000 0.000 59.638 77.543 84.474 84.560 91.651 91.438 83.756 84.438 84.142 83.924 83.707 78.513 36.376 0.000 0.569 33.569 0.000 0.000 0.000 36.722 31.722 28.701 28.663 28.613 28.552 28.485 28.413 28.338 35.260 49.181 50.101 33.022 26.944 27.867 28.791 32.716 31.641 27.568 27.496
55.651 54.587 59.458 57.268 71.180 64.133 65.117 62.129 0.000 0.000 0.000 66.526 61.500 56.466 58.434 5.411 0.000 0.000 0.000 0.000 0.000 0.000 58.373 54.364 45.353 0.000 0.000 46.220 58.206 57.193 0.000 0.000 5.351 62.230 53.974 57.794 64.867 79.922 91.849 83.513 85.059 84.616 84.420 84.195 81.975 64.764 43.570 49.569 47.569 28.569 0.000 0.000 0.000 0.000 45.783 27.754 28.712 32.659 40.599 30.533 28.462 27.387 31.311 46.233 53.154 45.076 30.999 25.923 27.847 27.773 27.698 27.625 26.554
55.689 53.618 57.519 68.406 62.323 55.268 74.234 63.221 15.235 0.000 8.905 58.766 74.695 69.649 69.617 72.600 0.000 0.000 0.000 0.000 4.335 4.338 56.348 47.346 50.341 0.000 0.000 0.000 94.210 121.201 36.201 0.000 61.471 56.368 56.205 56.110 52.190 92.214 92.037 84.566 88.165 84.904 84.688 84.466 76.232 28.998 0.000 51.569 29.569 0.000 0.000 0.000 33.982 32.947 31.872 27.821 31.770 43.714 48.652 46.585 39.514 29.439 38.363 46.285 25.207 31.130 44.053 40.978 36.903 44.829 25.755 27.682 25.610
53.744 59.676 69.596 61.512 53.440 53.381 66.331 74.285 70.250 73.178 75.044 69.938 64.866 66.818 55.787 54.771 0.000 0.000 0.000 5.329 61.331 60.333 48.335 50.332 51.324 55.308 54.298 0.000 5.223 0.000 0.000 7.856 67.694 60.565 55.404 56.494 54.537 92.375 54.198 61.781 76.370 84.184 84.963 82.749 41.491 0.000 0.000 0.000 0.000 0.000 0.000 35.043 29.019 28.986 28.937 29.887 39.834 48.775 47.711 47.642 43.569 39.493 49.416 32.338 27.260 28.182 28.107 38.032 50.958 37.885 25.811 26.737 32.666
59.808 70.745 60.677 53.607 54.542 54.484 56.425 40.337 66.302 64.241 56.156 53.075 52.013 67.969 69.941 56.927 0.000 0.000 0.000 61.327 57.327 54.327 47.326 51.322 51.314 51.302 51.288 10.264 13.235 14.209 16.157 84.018 80.887 69.757 68.713 57.710 92.660 92.524 56.257 62.901 57.671 64.468 83.232 58.077 0.000 0.000 0.000 0.000 0.000 0.000 0.000 35.067 29.063 29.042 29.004 29.957 38.903 48.842 47.775 46.703 43.628 48.550 42.470 26.391 28.312 28.234 28.159 38.085 46.014 24.942 27.868 30.788 49.720
70.878 60.820 53.759 54.697 54.639 55.587 36.549 0.000 23.378 51.329 54.262 54.195 54.142 52.104 76.080 60.068 0.000 0.000 0.000 38.325 55.324 49.322 50.320 51.316 51.309 51.300 51.287 62.269 2.246 6.233 23.245 76.172 86.071 7.959 89.881 80.072 92.779 54.842 68.481 65.120 54.985 51.783 48.422 33.249 0.000 0.000 30.658 0.000 0.000 0.000 0.000 31.096 29.125 29.114 29.081 29.035 29.979 35.915 43.844 43.768 43.689 47.607 25.525 28.443 28.362 27.284 33.209 50.137 33.069 27.002 29.931 10.827 11.763
60.953 53.899 54.842 54.784 54.729 57.678 13.634 11.600 4.503 49.435 54.368 56.299 54.256 53.227 71.207 67.198 0.000 0.000 0.000 0.000 46.320 49.319 51.317 51.313 51.307 51.300 53.291 39.280 0.000 0.000 73.418 76.355 87.266 93.137 87.240 85.275 92.880 75.897 78.597 63.435 56.337 49.261 0.000 0.000 0.000 0.000 28.658 0.000 0.000 0.000 0.000 0.000 32.228 29.208 29.172 29.122 29.062 28.994 28.919 35.838 43.753 31.666 28.579 28.494 28.411 31.331 44.256 44.187 26.123 28.067 31.026 0.000 0.000
54.033 54.980 54.925 54.869 54.814 54.761 58.711 59.662 59.600 55.541 55.476 35.378 52.357 53.338 69.325 68.319 0.000 0.000 0.000 0.000 45.317 51.316 51.314 51.311 51.307 51.303 39.297 0.000 0.000 1.846 78.652 84.568 87.470 87.416 86.493 93.016 85.389 88.104 82.789 67.728 57.666 56.662 56.801 0.000 0.000 0.000 25.658 32.659 25.659 0.000 0.000 0.000 47.350 28.319 29.275 29.220 29.155 30.081 28.999 28.911 28.819 28.725 28.633 28.542 27.456 33.374 48.299 25.230 28.168 28.117 30.081 5.074 0.000
55.116 55.064 55.010 54.953 54.896 54.840 54.787 54.738 54.692 54.651 58.619 0.000 45.458 54.445 70.433 65.435 1.487 0.000 0.000 0.000 50.316 53.315 53.313 53.311 51.308 54.306 0.000 0.000 0.000 70.996 76.887 87.793 87.671 87.777 85.822 93.228 86.529 91.171 87.060 87.991 75.940 63.920 52.941 47.941 49.941 0.000 0.000 31.660 26.659 32.654 33.639 31.599 37.502 47.445 29.390 30.329 39.257 46.176 28.085 28.988 28.886 28.784 28.684 27.587 32.496 51.412 45.335 34.266 27.205 28.152 30.107 45.068 63.007
55.202 55.150 55.096 55.038 54.978 54.916 54.859 57.811 55.781 54.752 58.731 0.000 45.571 54.549 71.529 63.522 3.534 0.000 0.000 0.000 23.315 33.314 32.313 32.311 53.309 38.307 0.000 0.000 0.000 73.190 83.110 88.014 87.968 87.069 93.880 93.573 87.600 88.442 87.297 87.239 88.183 79.138 44.101 0.000 0.000 0.000 0.000 29.662 29.664 26.665 28.664 29.656 28.615 35.568 49.512 32.447 30.370 40.280 28.179 29.069 28.955 28.841 28.731 28.627 36.530 49.442 36.364 48.294 26.232 27.178 32.129 53.082 65.028
55.291 55.239 55.185 55.127 55.061 57.985 59.924 31.867 52.867 55.846 57.821 17.797 48.705 53.652 65.613 63.589 4.578 0.000 0.000 0.000 0.000 0.000 0.000 0.000 34.309 0.000 0.000 0.000 21.632 71.462 88.350 88.226 88.339 86.421 94.158 86.196 91.899 87.592 87.544 87.475 87.414 77.347 38.224 0.000 0.000 0.000 0.000 0.000 32.670 33.677 20.696 28.747 29.736 29.699 33.645 49.577 32.494 29.396 29.282 29.155 29.024 28.895 26.773 32.659 51.555 32.464 31.384 45.314 29.253 27.199 34.150 60.103 65.054
55.382 55.330 55.278 55.223 57.156 33.041 34.982 0.000 14.974 50.945 54.909 58.865 54.802 57.741 62.682 67.642 6.610 0.000 0.000 0.000 0.000 0.000 0.000 0.000 0.000 0.000 0.000 4.922 80.802 82.679 88.570 88.523 87.640 94.658 94.417 87.263 87.976 87.845 87.774 87.709 86.653 66.612 0.000 0.000 0.000 0.000 0.000 0.000 0.000 24.677 0.000 35.900 32.883 28.846 28.792 30.722 47.635 36.528 28.397 29.244 29.090 27.943 32.807 34.681 33.568 30.473 28.394 28.326 28.267 29.216 42.169 64.125 65.082
55.473 55.422 55.374 55.331 60.297 0.000 0.000 21.197 13.109 47.053 56.003 53.953 55.895 67.829 39.733 33.688 0.000 0.000 0.000 0.000 0.000 0.000 0.000 0.000 0.000 0.000 0.000 68.043 72.973 86.883 88.765 88.893 86.986 94.881 86.771 88.444 88.136 88.074 87.998 87.932 79.875 56.837 0.000 0.000 0.000 0.000 0.000 0.000 0.000 0.000 0.000 40.071 35.050 29.010 26.955 29.885 29.797 45.684 38.535 29.336 30.149 27.981 34.829 34.690 31.564 25.468 28.392 28.329 30.275 44.228 63.186 65.147 68.112
56.560 54.511 54.466 54.429 57.405 27.412 24.372 56.285 61.212 55.153 53.100 60.048 69.995 72.948 0.000 0.000 0.000 0.000 0.000 0.000 0.000 0.000 0.000 0.000 0.000 0.000 0.000 70.233 78.168 88.079 89.069 88.107 95.290 95.091 87.807 88.509 88.369 88.289 88.214 88.145 70.081 52.023 0.000 0.000 0.000 0.000 0.000 0.000 0.000 0.000 0.000 38.263 36.235 36.190 33.134 26.065 27.983 28.878 44.722 44.415 41.189 38.003 30.840 29.687 26.531 27.442 28.377 32.323 52.276 64.235 64.198 65.166 64.138
70.644 69.594 68.550 66.513 63.483 64.459 64.418 61.360 62.301 64.247 64.196 70.144 72.090 30.019 0.000 0.000 0.000 0.000 0.000 0.000 0.000 0.000 0.000 0.000 0.000 8.750 16.671 71.489 88.380 89.288 89.237 88.465 95.475 87.291 88.963 88.648 88.581 88.498 88.424 86.355 68.279 39.151 0.000 0.000 0.000 0.000 0.000 0.000 0.000 0.000 0.000 28.482 32.438 35.383 36.323 35.260 32.193 28.123 22.059 0.000 0.000 0.000 0.000 0.000 30.431 28.393 31.351 52.310 65.272 64.238 65.207 68.180 64.158
66.721 68.672 67.629 69.590 71.555 70.522 69.482 67.435 65.387 65.338 66.291 62.244 62.201 0.000 0.000 0.000 0.000 0.000 0.000 0.000 0.000 0.000 0.000 0.000 0.000 57.830 80.773 79.671 88.577 89.465 89.592 87.694 95.647 89.388 88.991 88.865 88.779 88.700 88.630 84.571 64.529 0.000 0.000 0.000 0.000 0.000 0.000 0.000 0.000 0.000 35.906 30.746 27.652 29.580 34.517 36.459 36.406 37.361 28.332 0.000 0.000 0.000 0.000 0.000 31.367 29.350 45.324 66.294 64.265 64.238 64.213 65.191 64.173
54.793 54.745 55.702 62.662 71.626 77.591 65.553 59.513 54.471 52.429 51.386 57.339 36.270 0.000 0.000 0.000 0.000 0.000 0.000 0.000 0.000 0.000 0.000 0.000 0.000 63.966 79.922 87.847 89.762 89.730 88.860 95.952 95.806 91.411 89.215 89.052 88.973 88.894 88.825 83.770 58.737 0.000 0.000 0.000 0.000 0.000 0.000 0.000 0.000 36.202 31.067 30.942 30.846 29.769 26.706 31.653 35.612 36.585 33.575 0.000 0.000 0.000 0.000 34.309 28.322 32.316 60.299 64.279 64.257 64.235 64.215 64.197 64.183
53.860 53.813 57.771 62.732 64.696 67.662 57.628 53.592 54.556 54.520 56.485 34.457 0.000 0.000 0.000 0.000 0.000 0.000 0.000 0.000 0.000 0.000 0.000 0.000 0.000 50.146 79.100 89.033 89.934 90.064 88.174 96.087 88.968 90.638 89.316 89.248 89.158 89.078 89.006 79.948 52.912 0.000 0.000 0.000 0.000 0.000 0.000 0.000 35.463 31.338 31.218 31.110 31.020 30.945 30.884 27.836 26.803 29.790 36.810 36.904 0.000 0.000 0.000 28.295 29.297 47.291 64.280 63.265 63.248 64.231 64.215 64.201 64.190
53.922 53.877 55.836 56.799 54.765 53.733 54.703 53.672 53.642 53.610 58.577 3.547 0.000 0.000 0.000 0.000 0.000 0.000 0.000 0.000 0.000 0.000 0.000 0.000 1.578 58.373 87.301 90.223 90.195 89.327 96.332 96.214 91.970 89.668 89.520 89.428 89.338 89.252 90.173 70.102 58.053 0.000 0.000 35.157 0.000 34.886 36.836 36.740 31.589 31.467 31.358 31.261 31.177 31.107 31.049 31.005 29.975 26.963 35.971 36.998 29.998 0.000 0.000 36.280 28.279 36.274 42.264 45.253 49.240 55.226 61.214 63.202 63.193
54.979 54.936 54.898 54.864 54.832 53.804 53.777 53.752 53.728 52.702 60.666 11.607 0.000 0.000 0.000 0.000 0.000 0.000 0.000 0.000 0.000 0.000 0.000 0.000 42.730 78.603 89.509 90.398 90.539 88.631 96.438 89.430 91.101 89.783 89.705 89.607 89.513 89.422 90.330 62.235 40.144 0.000 0.000 31.157 0.000 29.937 31.881 31.794 31.686 31.583 31.487 31.399 31.322 31.256 31.202 31.160 29.130 31.115 37.113 34.120 0.000 0.000 0.000 35.267 34.265 33.260 32.252 31.242 30.232 34.221 45.211 41.202 43.194
53.031 52.992 52.957 52.925 52.897 52.872 52.850 53.832 55.817 57.803 32.779 0.014 0.000 0.000 0.000 0.000 0.000 0.000 0.000 0.889 9.878 0.000 0.000 13.060 53.923 84.805 90.696 90.683 89.710 96.623 96.535 92.425 90.128 89.977 89.880 89.783 89.686 89.591 85.492 32.364 0.000 0.000 0.000 31.157 37.135 32.044 31.959 31.870 31.780 31.691 31.607 31.527 31.456 31.394 31.342 31.301 28.272 37.254 37.248 33.248 0.000 0.000 0.000 34.257 33.254 34.248 34.241 34.233 34.224 34.215 33.207 33.200 32.194
54.080 54.044 57.011 60.982 63.957 67.936 69.920 72.909 71.905 63.915 1.956 13.048 37.092 5.115 0.000 0.000 0.000 0.000 0.000 40.900 67.875 7.839 0.000 47.196 80.099 89.988 90.886 90.815 90.038 96.698 88.871 90.554 90.234 90.156 90.055 89.958 89.859 90.762 77.685 0.000 0.000 0.000 0.000 11.180 31.204 32.144 34.041 33.947 31.872 31.797 31.721 31.648 31.581 31.521 31.471 28.431 33.402 36.383 37.376 28.377 0.000 0.000 0.000 18.251 39.245 39.239 36.232 33.225 33.217 34.209 35.202 35.196 34.192
56.124 55.091 62.062 71.036 72.014 70.997 69.984 68.978 65.980 59.995 35.029 52.075 70.111 39.139 23.164 0.000 0.000 0.000 11.962 50.928 64.882 3.804 22.653 64.430 89.287 92.173 91.015 91.227 89.202 96.761 90.860 90.572 90.422 90.327 90.231 90.133 90.030 91.914 35.799 0.000 0.000 0.000 0.000 0.000 27.355 33.290 14.113 14.008 30.963 31.902 31.833 31.763 31.698 31.640 30.591 28.550 37.520 37.501 34.495 28.506 34.558 0.000 0.000 0.000 50.235 65.231 58.224 54.217 50.210 46.203 49.197 49.192 32.188
56.165 56.136 59.109 62.086 61.067 59.052 57.042 55.038 53.042 53.055 62.079 64.110 61.140 58.166 62.189 10.210 0.000 0.000 51.996 81.969 32.920 28.842 62.726 86.582 91.456 91.317 91.438 89.393 96.845 89.272 90.985 90.669 90.595 90.499 90.407 90.315 93.215 50.065 0.000 0.000 0.000 0.000 0.000 0.000 29.572 34.547 0.000 0.000 28.070 32.017 31.946 31.874 31.809 31.750 28.701 36.660 37.629 36.607 27.596 31.597 31.609 0.000 0.000 0.000 18.230 48.226 66.216 65.208 65.202 65.196 65.191 59.187 49.184
56.203 56.177 56.154 55.133 55.116 56.102 56.094 56.091 54.094 55.105 60.123 63.146 59.171 54.195 57.217 12.231 0.000 0.000 44.057 54.033 31.987 64.918 79.826 88.718 91.609 91.547 90.650 97.231 96.989 90.267 90.995 90.850 90.760 90.669 90.582 90.504 93.451 0.000 0.000 8.832 17.832 0.000 0.000 30.925 33.815 32.778 39.823 0.000 28.230 32.150 32.060 31.980 31.911 29.852 31.802 37.761 37.727 29.702 30.685 31.676 31.673 0.000 0.000 0.000 0.000 0.000 48.208 64.199 64.194 64.189 64.185 65.181 65.179
56.239 56.216 56.195 56.176 56.161 56.148 56.140 55.137 54.139 58.147 62.161 62.180 57.204 53.228 58.251 11.267 0.000 0.000 40.142 9.118 56.076 80.018 85.942 91.860 91.720 91.938 89.932 97.446 89.696 91.405 91.090 91.018 90.924 90.835 90.749 97.668 81.634 0.000 4.831 54.832 40.832 0.000 0.000 26.036 33.984 32.929 32.868 38.728 36.471 35.292 32.164 32.074 32.005 28.946 36.896 37.853 33.818 28.790 31.767 31.749 33.735 37.747 0.000 0.000 0.000 0.000 0.000 61.187 64.184 64.181 64.177 65.175 63.172
56.275 56.254 56.234 56.217 56.202 56.190 55.182 54.178 56.178 60.183 63.194 59.211 54.235 53.263 56.292 38.318 25.344 26.325 22.252 23.220 63.183 84.133 90.073 91.977 92.127 90.128 97.823 97.643 90.707 91.418 91.269 91.177 91.086 90.999 95.909 38.786 53.782 23.821 54.831 62.833 0.000 0.000 0.000 25.199 34.155 33.086 32.992 42.846 53.634 27.385 37.229 33.149 30.087 32.032 37.981 36.938 27.901 30.871 31.846 31.819 18.771 19.759 0.000 0.000 0.000 0.000 0.000 42.179 63.176 64.173 64.170 68.167 64.165
56.310 56.290 56.271 56.254 56.240 56.228 54.220 54.214 58.213 65.215 66.220 62.236 57.261 55.296 55.338 57.370 57.389 66.379 7.322 41.326 79.302 86.262 92.210 92.191 91.336 98.144 97.988 91.072 91.849 91.509 91.433 91.335 91.245 91.164 99.103 0.000 36.888 38.849 28.838 30.836 0.000 0.000 0.000 28.407 34.350 33.270 39.167 55.031 31.832 0.000 18.218 31.207 29.164 37.112 38.061 34.016 30.978 31.948 31.925 33.910 0.000 0.000 0.000 0.000 0.000 0.000 34.173 15.173 54.168 64.165 64.163 69.160 64.158
56.344 56.324 56.306 56.290 56.275 55.263 54.254 56.248 63.244 40.242 16.237 15.250 12.278 42.322 59.393 54.434 57.464 38.480 0.490 46.461 84.438 90.409 92.316 92.574 90.610 98.287 91.414 92.187 91.753 91.691 91.584 91.488 91.395 92.309 90.235 12.177 12.032 0.000 0.000 0.000 0.000 0.000 27.828 35.672 33.570 32.475 52.376 56.280 0.000 0.000 0.000 27.297 33.249 38.191 38.135 28.087 32.048 32.018 31.997 34.986 0.000 0.000 0.000 0.000 0.000 0.000 13.173 0.000 42.159 64.158 64.156 70.154 64.151
56.377 56.357 56.339 56.323 55.309 54.296 56.286 59.278 67.273 26.271 0.000 0.000 0.000 0.000 41.477 56.510 57.551 43.597 45.650 71.613 88.589 92.533 92.725 90.763 98.539 98.419 92.398 92.091 91.940 91.834 91.733 91.635 91.539 94.443 79.351 8.264 0.000 0.000 0.000 0.000 0.000 0.000 27.985 34.884 33.782 31.685 59.583 20.431 0.000 0.000 33.562 38.436 38.344 38.267 36.203 31.150 32.109 32.079 32.060 34.051 0.000 38.136 0.000 0.000 0.000 0.000 0.000 0.000 35.151 64.150 64.149 64.148 64.146
56.408 56.388 56.371 56.355 55.340 54.326 58.315 62.306 66.300 24.297 0.000 0.000 0.000 0.000 21.527 64.578 59.634 65.705 78.754 87.757 91.739 92.766 91.934 98.752 98.649 91.743 92.515 92.170 92.085 91.978 91.879 91.782 95.682 58.573 30.462 0.000 0.000 0.000 0.000 0.000 0.000 30.453 35.242 34.097 35.988 32.901 56.840 0.000 0.000 28.841 35.688 51.542 40.424 37.331 33.258 31.202 31.159 32.129 32.112 32.108 37.129 33.136 24.136 0.000 0.000 0.000 31.138 33.139 32.143 64.144 64.144 64.143 64.142
56.437 56.418 56.401 56.385 54.369 56.355 62.342 63.331 61.323 48.321 9.329 0.000 0.000 0.000 0.000 17.641 13.704 53.836 84.903 88.919 92.885 93.075 91.216 98.845 91.061 92.838 92.401 92.334 94.220 93.118 92.022 91.930 97.835 20.704 0.000 0.000 0.000 0.000 0.000 12.016 50.906 50.664 38.435 35.273 46.172 41.093 42.036 3.040 0.000 26.995 31.808 42.618 38.478 42.375 36.298 39.240 38.198 35.168 32.149 31.141 31.143 37.144 0.000 0.000 0.000 0.000 28.137 28.137 38.138 64.139 64.139 64.138 64.138
