results2_8e3_rain/res_3e8f-0074.wd
ncols         241
nrows         181
xllcorner     12693529.787448
yllcorner     3542525.717860
cellsize      155.156523
NODATA_value  -9999.000000
[rows 99 to 131 of 181, columns 73 to 145 of 241]
54.327 54.315 54.306 53.298 53.292 58.287 61.283 58.279 54.277 54.276 48.276 4.276 0.000 0.000 0.000 0.000 0.000 10.379 68.532 93.574 91.616 90.810 97.549 97.474 90.574 91.266 91.108 90.993 91.882 91.778 90.682 94.600 53.542 0.000 0.000 0.000 0.000 0.000 0.000 16.191 42.093 53.894 21.549 3.346 33.269 36.194 34.110 38.003 34.750 32.327 1.755 26.218 30.107 45.011 50.940 53.887 51.848 46.820 39.801 34.790 29.785 7.778 0.000 0.000 0.000 0.000 1.652 19.651 31.651 55.650 56.649 56.649 56.648
54.336 54.325 53.316 51.309 55.302 60.297 61.292 61.283 55.279 52.277 57.277 57.277 18.277 0.000 13.746 43.718 20.673 0.389 56.862 96.779 92.053 92.088 97.612 89.905 91.687 91.335 91.241 91.123 91.011 90.904 92.809 91.729 27.675 0.000 0.000 0.000 0.000 0.000 0.000 20.414 26.344 37.266 0.000 0.000 28.438 36.383 35.291 39.150 38.919 9.623 0.000 21.150 35.082 39.989 60.931 61.889 61.856 62.832 63.815 61.805 42.800 0.000 0.000 0.000 0.000 0.000 0.000 18.649 31.646 55.645 56.644 56.643 56.642
54.343 53.333 53.325 56.318 59.312 60.307 35.304 0.000 28.278 64.277 37.277 11.277 3.277 0.000 24.774 74.734 71.648 63.477 82.185 93.289 90.262 97.700 91.202 92.004 91.564 91.492 91.368 91.251 91.133 92.020 89.920 77.832 24.753 0.000 0.000 0.000 0.000 0.000 23.885 30.706 28.605 29.559 2.632 0.000 34.662 52.608 45.520 40.388 15.153 0.000 0.000 4.150 0.000 33.931 58.907 62.881 60.857 60.838 60.823 62.814 35.810 29.811 29.812 35.812 0.000 0.000 0.000 0.000 30.641 55.640 56.639 56.638 56.637
53.349 52.341 57.333 60.326 60.320 60.315 25.313 0.000 0.000 7.277 0.000 0.000 0.000 0.000 17.842 80.796 86.709 94.577 94.461 91.545 98.072 97.842 91.181 91.887 91.733 91.617 91.499 91.378 91.250 97.122 47.019 14.926 0.000 0.000 0.000 0.000 0.000 15.215 33.064 28.921 28.810 27.735 33.705 0.000 27.939 53.870 52.792 50.728 0.000 0.000 0.000 0.000 0.000 31.898 60.886 64.870 61.854 60.839 58.827 47.819 28.814 24.813 25.812 9.812 0.000 0.000 0.000 0.000 26.636 55.635 56.635 56.633 52.632
52.355 58.347 60.340 60.334 58.327 64.322 34.319 0.000 0.000 0.000 0.000 0.000 0.000 0.000 28.956 86.900 89.820 93.664 92.858 92.838 98.278 90.587 92.288 91.957 91.866 91.749 91.633 95.510 101.369 56.200 25.109 0.084 0.000 0.000 0.000 0.000 16.486 39.366 33.236 26.104 30.980 34.866 31.748 29.571 43.285 47.141 37.052 45.004 0.000 0.000 0.000 0.000 0.000 37.876 61.870 66.861 65.849 61.837 56.827 25.820 23.816 24.814 31.813 0.000 0.000 0.000 0.000 20.632 24.632 53.632 56.631 56.629 50.628
59.360 60.353 60.347 59.340 37.334 3.326 22.322 24.322 0.000 0.000 0.000 0.000 0.000 20.243 73.124 87.037 89.924 92.057 93.038 98.639 98.466 91.575 92.272 92.107 91.996 91.884 95.774 57.660 17.514 0.000 35.109 21.109 0.000 0.000 0.000 0.000 24.606 58.527 49.411 44.279 39.141 40.001 37.851 38.679 51.491 45.356 29.271 31.232 0.000 0.000 0.000 0.000 0.000 37.860 65.857 30.854 28.845 60.832 63.824 33.819 24.816 29.814 0.000 0.000 0.000 0.000 0.000 0.000 20.630 38.628 54.627 57.626 50.624
60.365 60.360 56.354 60.347 42.343 0.000 13.322 43.321 0.000 0.000 0.000 0.000 10.462 72.362 86.262 92.172 92.126 92.248 98.947 98.798 90.924 92.693 92.337 92.243 92.127 92.017 95.917 67.843 0.000 0.000 5.109 8.109 0.000 0.000 0.000 0.000 11.806 43.725 48.601 58.459 54.306 42.145 44.976 53.804 48.644 36.521 28.445 29.422 3.483 4.497 0.000 0.000 0.000 35.847 69.845 0.000 0.000 9.823 56.820 46.816 27.814 6.814 0.000 0.000 0.000 0.000 0.000 0.000 0.000 17.624 43.624 53.623 46.622
58.370 55.366 54.362 70.352 49.348 0.000 12.321 40.321 0.000 0.000 0.000 4.641 68.563 81.479 91.398 94.264 93.492 91.504 99.085 90.252 92.019 88.571 90.494 92.368 92.253 93.141 87.036 76.951 24.951 0.000 0.000 0.000 0.000 0.000 0.000 0.000 34.087 38.965 38.812 40.649 49.479 52.296 55.103 48.919 35.760 29.641 28.564 27.529 31.528 16.513 0.000 0.000 0.000 24.836 61.832 27.825 16.821 8.819 51.815 57.812 37.810 0.000 0.000 0.000 0.000 0.000 0.000 0.000 0.000 12.622 36.621 41.620 28.619
52.376 61.375 57.374 0.000 0.000 0.000 3.321 3.321 0.000 0.000 0.000 5.719 84.669 86.602 94.500 93.651 92.654 99.328 99.212 92.219 91.900 91.736 91.614 90.494 91.375 93.257 50.134 1.054 0.000 0.000 0.000 0.000 0.000 3.453 20.249 34.928 45.491 42.235 41.033 37.848 38.663 41.460 53.221 54.009 45.836 34.717 27.642 27.602 29.589 0.000 0.000 0.000 0.000 9.827 51.825 29.821 25.819 25.816 57.810 60.807 43.804 6.800 0.000 39.793 0.000 0.000 0.000 0.000 0.000 15.620 39.618 34.618 20.617
53.381 63.383 50.386 0.000 0.000 0.000 0.320 12.321 0.000 0.000 0.000 71.847 81.796 93.726 93.705 92.831 99.535 99.435 91.549 93.315 92.960 92.862 92.738 92.617 94.497 44.377 0.000 0.000 0.000 0.000 0.000 0.000 18.948 35.658 48.365 44.045 42.715 42.451 42.236 43.048 40.867 39.659 13.313 32.060 56.858 38.751 26.686 29.650 27.635 15.644 0.000 0.000 0.000 10.823 43.818 21.815 0.000 0.000 13.803 50.801 39.799 48.797 55.794 14.794 0.000 0.000 0.000 0.000 0.000 0.000 30.615 28.615 21.615
51.385 55.391 54.401 30.413 0.000 0.000 0.000 0.000 0.000 0.000 25.149 85.026 91.941 93.842 93.981 92.083 99.625 91.851 93.625 93.184 93.108 92.982 93.862 94.740 56.618 0.000 0.000 0.000 0.000 0.000 0.000 38.624 49.239 44.865 43.508 43.174 42.872 42.619 42.412 42.241 42.099 50.995 0.000 0.000 24.784 33.741 25.702 34.675 34.660 16.652 0.000 0.000 0.000 0.000 27.810 64.807 32.802 0.000 6.798 51.797 45.795 36.794 36.792 0.000 0.000 0.000 0.000 0.000 0.000 0.000 9.613 20.613 21.613
63.386 1.397 57.414 55.426 44.442 3.455 0.000 0.000 0.000 16.381 75.273 89.167 95.076 94.034 93.165 99.780 99.707 92.806 93.498 93.340 93.223 94.107 95.986 56.863 0.000 0.000 0.000 0.000 0.000 25.895 36.576 48.010 44.519 44.055 40.629 40.271 39.978 40.742 42.553 42.404 45.293 22.227 0.000 0.000 4.754 29.729 28.706 46.689 42.679 0.000 0.000 0.000 0.000 0.000 11.805 56.801 68.798 25.794 51.794 65.793 57.792 33.791 26.790 0.000 0.000 0.000 0.000 0.000 0.000 0.000 15.611 21.611 25.611
45.384 0.000 59.427 49.434 56.446 48.468 9.503 0.440 9.581 76.490 85.392 95.304 94.153 94.389 92.389 99.843 92.109 93.894 93.548 93.458 94.344 95.237 49.111 0.000 0.000 0.000 0.000 0.000 38.565 49.214 46.823 45.321 46.772 46.206 51.681 56.304 51.029 43.819 37.655 41.530 47.441 5.394 0.000 0.000 0.735 32.715 33.704 55.694 43.689 0.000 0.000 0.000 0.000 0.000 0.000 51.794 60.793 65.791 61.791 61.790 65.789 49.788 28.786 29.784 0.000 0.000 0.000 0.000 0.000 17.609 22.609 20.609 25.609
0.000 0.000 27.433 78.436 41.441 0.000 0.000 14.756 74.684 79.602 93.520 94.380 94.617 92.512 99.930 92.379 94.182 93.751 93.687 94.570 91.459 46.385 0.000 0.000 0.000 0.000 0.000 41.246 48.915 46.574 46.183 49.678 24.042 2.357 4.584 21.235 47.015 48.849 49.718 41.619 42.550 3.514 0.000 0.000 0.000 13.708 31.701 38.696 37.693 0.000 0.000 0.000 0.000 0.000 0.000 42.790 55.789 60.788 61.787 62.787 58.787 54.786 39.784 27.781 31.779 37.778 0.000 0.000 0.000 0.000 20.608 21.607 23.607
0.000 0.000 4.435 79.438 66.440 0.000 0.000 21.852 82.796 90.724 94.619 95.764 95.755 100.268 100.061 93.334 94.045 93.899 93.796 88.686 78.535 29.460 0.000 0.000 0.000 30.112 38.927 50.576 47.277 46.985 50.655 28.166 0.000 0.000 0.000 7.038 44.947 41.844 45.751 51.677 51.625 29.598 0.000 0.000 0.000 0.000 33.698 27.696 34.694 0.000 0.000 0.000 0.000 0.000 4.785 29.786 46.785 60.785 55.785 48.784 50.785 11.784 36.782 45.780 38.778 34.777 0.000 0.000 0.000 0.000 0.000 15.606 20.605
0.000 0.000 0.000 7.440 56.442 0.112 10.111 76.005 87.925 94.848 94.813 94.943 100.640 100.459 92.636 94.427 94.087 94.010 86.916 52.844 0.000 0.000 0.000 2.618 48.513 42.296 50.094 47.856 47.632 48.434 26.286 0.000 0.000 0.000 0.000 5.934 47.890 41.828 41.766 43.713 47.675 49.655 1.655 0.000 0.000 0.000 14.696 33.695 8.694 0.000 0.000 0.000 0.000 0.000 0.000 25.782 36.782 43.782 35.782 32.781 0.000 0.000 0.000 29.777 33.776 42.775 0.000 0.000 0.000 0.000 0.000 9.605 20.604
0.000 0.000 0.000 0.000 0.000 10.297 79.216 84.132 95.059 94.935 96.170 96.199 100.810 92.947 94.719 94.281 94.215 84.107 73.015 36.929 0.000 0.000 0.000 42.724 64.624 49.467 41.297 49.120 46.960 49.835 19.768 0.000 0.000 0.000 1.866 36.873 43.851 42.813 42.772 39.735 35.708 37.693 0.000 0.000 0.000 0.000 0.000 40.693 0.000 0.000 0.000 0.000 0.000 0.000 0.000 27.780 26.780 25.779 23.779 29.779 0.000 0.000 0.000 4.775 27.774 45.773 0.000 0.000 0.000 0.000 0.000 0.000 13.603
0.000 0.000 0.000 0.000 0.000 82.381 81.325 95.256 95.159 96.314 96.340 101.118 100.968 93.905 95.583 93.420 79.298 68.199 42.107 0.000 0.000 0.000 37.092 54.929 54.794 61.651 49.507 39.369 45.253 55.179 58.182 21.340 0.000 0.000 0.845 48.842 42.827 42.802 41.774 37.747 31.727 32.717 0.000 0.000 0.000 0.000 0.000 13.692 21.691 0.000 0.000 0.000 0.000 0.000 5.777 29.778 23.777 24.777 24.776 26.776 9.774 0.000 0.000 0.000 14.773 35.771 13.769 0.000 0.000 0.000 0.000 0.000 8.603
0.000 0.000 0.000 0.000 21.613 82.522 94.449 95.378 96.349 98.496 101.396 101.259 93.224 94.981 91.626 80.520 69.366 41.283 0.000 0.000 0.000 39.405 60.255 46.108 37.970 51.837 63.710 51.595 54.504 55.447 42.442 48.498 27.569 0.000 8.826 40.825 36.814 43.795 38.774 30.753 29.738 33.730 0.000 0.000 0.000 0.000 0.000 0.691 40.691 0.000 0.000 0.000 0.000 0.000 0.000 11.776 26.775 24.775 24.774 24.774 32.773 0.000 0.000 0.000 0.000 16.769 27.768 33.767 0.000 0.000 0.000 0.000 0.000
0.000 0.000 0.000 0.000 64.704 90.643 96.579 95.461 95.701 93.749 101.527 93.516 95.274 89.837 78.763 53.637 0.000 0.000 0.000 0.000 39.689 60.555 47.416 36.276 36.143 38.017 48.901 63.799 54.719 39.665 47.641 49.641 23.641 0.000 5.822 65.818 52.808 41.792 35.773 31.754 28.742 29.736 23.736 0.000 0.000 0.000 0.000 0.000 19.691 0.000 0.000 0.000 0.000 0.000 0.000 0.000 28.773 24.773 24.773 24.772 26.772 10.771 0.000 0.000 0.000 0.000 24.766 27.766 0.000 0.000 0.000 0.000 0.000
0.000 0.000 0.000 67.964 64.855 70.776 85.679 96.834 93.873 101.769 101.651 94.450 90.131 78.979 57.868 0.000 0.000 21.644 0.000 0.000 64.823 47.711 36.576 37.439 36.308 39.187 53.077 61.983 62.908 46.853 42.816 53.784 27.712 0.000 0.000 0.000 9.808 0.000 0.000 1.747 32.741 39.737 40.735 26.734 0.000 0.000 0.000 0.000 0.000 0.000 0.000 0.000 0.000 0.000 0.000 0.000 28.771 27.772 30.772 25.771 22.770 31.770 0.000 0.000 0.000 4.764 38.765 43.765 0.000 0.000 0.000 0.000 0.000
0.000 0.000 7.165 69.072 65.980 66.899 76.865 93.014 101.994 101.882 93.737 90.496 78.163 52.083 0.000 0.000 38.705 37.644 19.523 3.339 53.069 36.892 37.738 36.596 37.464 52.345 58.239 22.148 13.076 65.022 50.987 28.967 0.000 0.000 0.000 0.000 0.000 0.000 0.000 0.000 50.737 44.735 41.734 37.734 0.000 0.000 0.000 0.000 0.000 0.000 0.000 0.000 0.000 0.000 0.000 16.768 25.769 0.770 0.000 0.770 25.769 29.769 0.000 0.000 0.000 6.764 42.764 11.765 0.000 0.000 0.000 0.000 0.000
0.000 82.335 70.258 67.177 65.101 65.976 67.210 71.262 102.100 92.980 88.737 78.324 52.278 0.000 0.000 0.000 42.766 40.704 60.587 44.423 37.225 38.048 36.889 39.742 59.609 56.489 37.384 33.296 38.225 66.174 63.143 27.131 0.000 0.000 0.000 0.000 0.000 0.000 0.000 0.000 57.735 57.734 52.733 43.733 0.000 0.000 0.000 0.000 0.000 0.000 0.000 0.000 0.000 0.000 0.000 28.767 30.768 0.000 0.000 0.000 28.768 29.768 0.000 0.000 0.000 0.000 13.764 0.000 0.000 0.000 0.000 0.000 0.000
0.000 80.412 94.356 86.286 71.188 72.339 64.378 102.302 102.203 71.854 76.533 52.431 0.000 0.000 0.000 0.000 44.890 57.820 55.697 37.539 37.362 37.188 48.026 59.876 48.741 37.619 37.514 37.426 38.356 47.306 65.279 61.282 22.341 0.000 0.000 0.000 0.000 0.000 0.000 0.000 43.734 45.733 57.732 58.731 14.731 0.000 0.000 0.000 0.000 0.000 0.000 0.000 0.000 0.000 20.766 30.767 7.767 0.000 0.000 0.000 29.768 27.768 0.000 0.000 0.000 0.000 0.000 0.000 0.000 0.000 0.000 0.000 0.000
16.640 93.544 96.469 96.396 91.364 81.511 102.495 102.399 63.976 58.767 0.000 0.000 0.000 0.000 0.000 0.000 56.084 60.987 36.844 38.675 38.495 50.317 59.150 40.997 37.858 37.734 37.627 37.537 37.466 37.415 46.385 66.379 59.400 33.434 24.447 28.451 0.000 0.000 0.000 0.000 0.000 23.732 63.731 63.730 24.730 0.000 0.000 0.000 0.000 0.000 0.000 0.000 0.000 0.000 9.766 8.766 0.000 0.000 0.000 0.000 9.767 36.767 0.000 0.000 0.000 0.000 0.000 0.000 0.000 0.000 0.000 0.000 0.000
86.735 96.656 96.586 96.466 100.702 91.752 102.589 64.024 66.682 61.462 0.000 0.000 0.000 0.000 0.000 49.581 61.375 38.202 39.017 38.821 46.625 59.436 37.261 38.102 37.959 37.832 37.722 37.631 37.557 37.503 37.467 41.449 42.447 37.454 38.458 45.454 27.454 0.000 0.000 0.000 0.000 0.000 18.730 54.730 17.729 0.000 0.000 0.000 0.000 0.000 0.000 0.000 0.000 0.000 0.000 0.000 0.000 0.000 0.000 0.000 0.000 0.000 0.000 0.000 0.000 0.000 0.000 0.000 0.000 0.000 0.000 0.000 0.000
92.833 92.766 96.672 97.827 94.865 102.773 102.681 68.594 52.915 0.000 0.000 0.000 0.000 0.000 0.000 66.786 43.633 39.428 39.201 40.970 61.747 41.542 38.357 38.192 38.045 37.914 37.800 37.706 37.630 37.572 37.531 36.503 35.486 38.479 20.475 0.000 0.000 0.000 0.000 0.000 0.000 0.000 0.000 47.729 35.728 2.728 0.000 0.000 0.000 0.000 0.000 0.000 0.000 0.000 0.000 0.000 0.000 0.000 0.000 0.000 0.000 0.000 0.000 0.000 0.000 0.000 0.000 0.000 0.000 0.000 0.000 0.000 0.000
71.945 71.875 75.847 71.997 102.955 102.864 80.201 61.217 51.868 0.000 0.000 0.000 0.000 0.000 0.000 42.146 37.944 37.677 36.388 49.109 41.853 35.626 36.433 36.265 36.115 35.978 36.859 37.762 37.685 37.626 36.581 34.545 36.516 36.499 33.490 23.489 26.487 28.484 27.481 29.480 0.478 0.000 0.000 0.000 44.728 16.727 0.000 0.000 0.000 0.000 0.000 0.000 0.000 0.000 0.000 0.000 0.000 0.000 0.000 0.000 0.000 0.000 0.000 0.000 0.000 0.000 0.000 0.000 0.000 0.000 0.000 0.000 0.000
87.062 108.945 74.186 104.237 103.043 62.864 53.403 0.000 66.751 24.904 0.000 0.000 0.000 0.000 86.182 64.707 35.320 42.949 53.565 52.225 47.931 45.678 45.482 45.321 44.173 38.025 33.895 37.797 37.723 37.667 36.621 36.580 40.536 40.510 41.497 51.491 51.487 47.484 40.481 39.479 18.477 0.000 0.000 0.000 3.727 9.727 0.000 0.000 0.000 0.000 0.000 0.000 0.000 0.000 0.000 0.000 0.000 0.000 0.000 0.000 0.000 0.000 0.000 0.000 0.000 0.000 0.000 0.000 0.000 0.000 0.000 0.000 0.000
135.144 113.736 111.776 103.208 103.128 90.969 0.000 33.460 61.460 135.058 110.580 0.000 33.774 23.216 84.658 44.179 41.680 113.235 103.699 99.297 98.966 97.672 96.498 95.362 94.232 65.052 31.901 37.809 37.744 37.696 37.658 29.619 0.000 0.000 0.000 0.000 0.000 0.000 4.479 56.477 35.476 6.475 0.000 0.000 0.000 0.000 0.000 0.000 0.000 0.000 0.000 0.000 0.000 0.000 0.000 0.000 0.000 0.000 0.000 0.000 0.000 0.000 0.000 0.000 0.000 0.000 0.000 0.000 0.000 0.000 0.000 0.000 0.000
93.316 112.899 103.357 103.284 87.541 0.000 0.000 0.000 4.573 56.286 44.103 0.000 15.333 0.000 44.055 40.671 49.988 105.611 0.000 0.000 0.000 41.546 50.475 111.399 24.340 0.000 41.847 37.793 37.749 38.716 20.696 0.000 0.000 0.000 0.000 0.000 0.000 0.000 0.000 9.476 56.475 12.474 0.000 0.000 0.000 0.000 0.000 0.000 0.000 0.000 0.000 0.000 0.000 0.000 0.000 0.000 0.000 0.000 0.000 0.000 0.000 0.000 0.000 0.000 0.000 0.000 0.000 0.000 0.000 0.000 0.000 0.000 0.000
114.076 112.125 103.425 112.040 113.885 34.174 0.000 11.973 38.973 48.412 25.442 2.086 36.892 82.507 80.835 73.465 0.000 24.611 0.000 2.489 24.490 52.490 97.459 60.419 25.390 0.000 0.000 43.768 37.743 38.724 19.713 0.000 0.000 0.000 0.000 0.000 0.000 0.000 0.000 0.000 3.473 42.472 7.471 0.000 0.000 0.000 0.000 0.000 0.000 0.000 0.000 0.000 0.000 0.000 0.000 0.000 0.000 0.000 0.000 0.000 0.000 0.000 0.000 0.000 0.000 0.000 0.000 0.000 0.000 0.000 0.000 0.000 0.000
112.213 103.548 103.489 92.550 35.314 0.000 0.000 0.000 0.614 25.947 0.000 0.000 30.205 73.794 127.312 62.888 0.000 0.000 0.000 0.000 0.000 66.466 101.451 31.430 28.410 0.000 0.000 0.000 42.731 36.724 34.719 32.719 20.719 0.000 0.000 0.000 0.000 0.000 0.000 0.000 0.000 56.471 14.470 0.000 0.000 0.000 0.000 0.000 0.000 0.000 0.000 0.000 0.000 0.000 0.000 0.000 0.000 0.000 0.000 0.000 0.000 0.000 0.000 0.000 0.000 0.000 0.000 0.000 0.000 0.000 0.000 0.000 0.000
