results2_8e3_rain/res_3e8f-0091.wd
ncols         241
nrows         181
xllcorner     12693529.787448
yllcorner     3542525.717860
cellsize      155.156523
NODATA_value  -9999.000000
[rows 33 to 65 of 181, columns 146 to 218 of 241]
61.175 60.408 60.154 60.816 27.504 39.204 60.924 54.648 33.283 0.000 0.000 18.720 0.000 0.000 15.739 40.754 27.756 0.000 0.000 0.000 32.366 40.338 0.000 24.980 16.930 17.851 21.717 30.579 48.427 39.314 34.209 29.122 30.049 29.985 28.925 27.866 26.798 34.697 44.589 36.518 36.450 34.372 13.284 27.204 35.107 0.000 3.587 7.549 31.166 28.838 33.524 43.206 35.861 30.412 0.000 0.000 12.557 12.759 19.645 0.000 0.000 0.000 0.000 0.000 0.000 0.000 0.000 0.000 0.000 0.000 0.000 0.000 0.000
61.065 60.828 60.501 61.196 38.900 56.626 59.387 53.218 0.000 0.000 0.000 20.720 0.000 0.000 0.000 24.794 24.786 32.776 0.000 45.466 33.394 20.311 29.189 20.049 17.947 17.843 16.722 18.594 46.465 44.349 44.244 46.152 39.070 40.997 39.929 39.861 39.788 40.706 44.622 42.551 43.486 38.423 15.365 14.324 0.000 0.000 0.277 13.342 21.111 15.825 21.527 34.233 33.967 31.777 0.000 0.000 0.000 18.334 0.000 0.000 0.000 0.000 0.000 0.000 0.000 21.874 20.893 22.913 12.928 15.936 0.000 0.000 0.000
61.479 61.160 60.858 60.560 60.276 61.011 52.780 39.620 0.000 0.000 0.000 0.000 0.000 0.000 0.000 21.843 18.818 31.767 36.670 28.538 37.432 35.325 16.206 17.082 17.966 17.852 29.733 33.611 37.489 30.373 27.266 37.170 11.084 18.005 12.932 12.861 12.789 15.716 41.644 30.579 28.520 30.469 15.427 17.403 0.000 0.000 9.366 66.358 0.000 0.000 0.000 0.000 34.996 33.953 0.000 0.000 0.000 15.910 13.192 15.361 13.476 21.563 27.637 19.711 41.784 48.855 46.893 31.918 11.934 10.945 14.954 0.000 0.000
61.807 61.505 61.205 60.912 61.631 56.364 38.103 28.862 37.862 0.000 0.000 0.000 0.000 0.000 0.000 18.917 17.875 20.803 16.704 27.587 30.470 33.351 22.229 17.105 16.985 16.866 41.747 47.627 29.507 23.389 23.277 24.178 21.089 21.009 20.934 21.862 24.792 21.724 42.659 34.600 32.548 32.505 14.473 28.459 54.472 0.000 1.366 54.367 0.000 0.000 0.000 0.000 35.069 33.087 11.176 16.233 14.251 12.203 12.306 12.415 11.505 18.576 25.637 12.712 30.788 48.868 44.908 24.931 9.947 9.957 14.963 0.000 0.000
62.149 61.844 61.545 61.253 57.971 43.711 32.407 0.000 0.000 0.000 0.000 23.828 0.000 0.000 0.000 18.034 18.963 18.868 17.756 17.634 23.509 16.382 16.254 18.126 17.001 15.880 39.761 36.644 44.525 48.398 47.277 42.175 38.087 40.007 35.932 39.861 39.793 40.729 44.669 42.615 43.568 39.529 14.502 26.487 48.485 0.000 0.000 57.377 0.000 0.000 0.000 0.000 32.124 35.149 14.209 12.272 12.317 12.347 12.414 12.488 11.552 18.599 27.623 0.000 0.000 6.922 49.938 25.953 9.965 9.974 13.978 0.000 0.000
62.485 62.176 61.878 61.584 51.290 33.101 0.000 0.000 0.000 0.000 21.875 24.828 37.739 37.612 25.444 18.221 18.077 18.948 18.819 17.686 16.551 17.414 17.278 17.144 16.015 24.892 43.774 22.663 36.550 13.402 46.258 36.160 35.077 35.000 31.927 36.858 37.792 37.730 44.673 42.622 39.579 39.544 14.518 28.503 47.497 0.000 0.000 50.388 0.000 0.000 0.000 0.000 36.155 35.178 11.238 13.329 12.397 13.455 13.515 13.571 14.618 22.646 2.634 0.000 0.000 7.961 49.969 30.979 17.988 11.994 14.998 0.000 0.000
62.812 62.498 63.207 55.915 43.504 33.303 0.000 0.000 0.000 0.000 18.922 35.870 29.777 18.652 20.500 20.328 18.175 17.030 18.886 17.741 18.593 18.445 18.300 17.158 17.023 36.897 36.782 36.682 36.612 0.000 18.193 16.129 17.060 16.989 17.919 21.851 24.786 22.726 42.671 36.622 30.581 32.548 15.524 27.509 46.503 0.000 0.000 23.399 14.403 0.000 0.000 0.000 30.162 13.170 0.000 8.409 14.489 18.562 25.619 25.665 25.702 27.732 0.000 0.000 0.000 55.993 48.998 51.005 39.012 14.018 15.022 0.000 0.000
63.120 62.797 62.537 48.364 0.223 0.000 0.000 0.000 0.000 0.000 35.022 29.952 19.848 20.721 20.575 20.419 20.264 18.110 16.955 16.797 18.636 17.475 17.317 16.166 18.023 32.892 23.774 32.674 33.602 0.000 0.000 32.102 31.046 30.978 30.908 32.840 32.776 33.717 45.663 41.616 36.576 38.544 14.521 23.508 51.502 0.000 0.000 82.406 51.408 18.410 5.411 0.000 0.000 0.000 0.000 0.000 11.588 20.687 24.734 23.766 26.795 28.849 14.940 19.990 36.016 51.020 49.026 49.032 37.039 14.045 14.050 0.000 0.000
63.388 64.034 55.780 38.645 0.000 0.000 0.000 0.000 0.000 42.343 36.192 20.069 20.943 20.808 20.661 20.508 20.351 20.192 17.028 17.857 17.680 17.502 18.329 17.164 17.012 19.875 24.750 36.635 23.522 35.374 40.247 33.131 42.046 31.969 32.896 35.826 34.762 33.702 43.649 39.602 27.562 26.531 15.510 22.498 51.496 0.000 0.000 73.411 63.412 40.412 9.412 0.000 0.000 0.000 0.000 0.000 0.000 31.862 23.866 17.871 14.865 29.929 16.980 19.016 27.037 48.047 50.054 48.060 34.066 14.072 11.083 15.104 9.114
71.581 69.173 41.903 31.792 0.000 0.000 0.000 20.790 34.685 35.494 29.333 24.190 21.049 20.905 20.755 20.601 19.442 22.279 27.107 22.923 17.725 18.525 17.331 17.149 16.987 16.845 23.716 24.595 22.477 29.353 28.236 23.129 35.038 14.955 22.879 29.808 28.742 22.682 41.628 34.580 14.541 13.510 16.489 18.480 22.488 0.000 0.000 51.417 31.416 68.416 54.414 0.000 0.000 42.298 16.270 14.222 14.150 16.035 26.996 20.986 0.000 42.021 30.038 26.056 24.069 35.077 51.083 43.087 26.092 15.097 11.105 18.116 42.124
0.000 0.000 20.866 38.829 0.000 0.000 23.007 32.896 46.770 30.614 29.459 29.308 22.158 21.007 20.854 20.697 27.538 35.374 36.200 28.003 22.772 17.543 16.323 17.112 20.943 17.801 16.673 15.554 21.438 22.324 21.215 22.113 24.021 16.936 22.858 27.785 29.718 25.656 41.600 35.552 17.510 16.478 16.456 12.444 0.000 0.000 0.000 7.422 26.422 26.421 60.413 75.396 68.368 36.327 22.291 23.247 23.193 26.133 48.099 66.091 75.116 74.096 76.095 75.100 69.106 63.110 55.113 38.115 21.118 12.121 13.125 26.130 45.134
12.633 0.000 0.000 0.000 0.000 0.000 26.118 46.018 37.885 40.735 37.579 27.424 20.268 21.112 20.955 31.797 36.639 32.480 27.314 24.119 26.815 21.554 21.304 17.035 21.873 15.743 16.623 17.509 16.398 16.290 16.186 16.088 14.996 15.911 15.831 19.757 25.688 24.624 42.567 36.515 15.472 16.436 16.411 15.398 0.000 0.000 0.000 11.428 37.430 26.432 28.424 43.406 54.381 64.351 66.319 72.283 75.243 75.204 74.176 70.163 61.161 59.152 61.147 64.145 66.145 67.145 65.145 69.144 61.143 28.143 15.144 34.145 51.146
51.293 8.092 0.000 0.000 0.000 27.521 43.329 36.172 28.018 35.860 39.701 40.541 30.380 19.219 29.057 37.897 27.742 19.594 19.456 21.344 0.000 0.000 0.000 13.851 17.772 19.673 19.568 16.461 16.356 17.252 16.152 16.056 15.966 16.880 15.799 15.724 15.653 18.587 35.526 34.472 16.424 16.385 16.356 17.339 18.339 0.000 0.000 10.433 28.438 29.452 41.444 28.424 8.401 12.376 48.351 72.322 56.292 51.263 54.240 47.225 33.214 22.204 13.195 11.189 12.185 22.180 20.176 15.172 54.168 69.165 47.162 45.161 49.160
0.000 21.891 0.000 0.000 26.939 36.712 43.506 27.324 30.154 27.988 25.823 33.658 38.492 33.325 37.158 25.993 19.838 20.697 20.573 28.458 0.000 0.000 0.000 10.747 19.692 30.609 31.514 26.413 22.312 24.211 20.114 19.020 16.930 15.845 15.763 16.686 15.613 15.544 18.480 27.422 15.369 15.324 16.288 15.263 0.000 0.000 0.000 0.000 0.000 43.496 27.475 12.447 26.422 28.403 74.388 55.364 38.339 20.317 11.298 12.281 13.267 14.254 14.242 14.232 13.224 11.216 10.209 11.201 19.194 56.186 64.180 49.177 48.174
0.000 7.690 30.046 31.587 30.165 44.884 29.659 23.465 25.286 24.114 20.946 19.777 34.606 41.432 44.255 32.081 21.920 18.785 26.679 0.000 0.000 0.000 0.000 13.697 23.641 30.558 31.464 31.366 33.266 41.168 39.073 34.980 32.891 28.805 22.723 17.644 15.568 16.496 15.429 20.365 13.307 14.255 15.208 17.163 38.103 0.000 0.000 0.000 5.625 47.560 7.515 16.466 7.438 46.425 64.435 24.407 12.383 14.368 14.353 14.336 14.319 14.303 11.288 11.274 10.262 11.252 11.242 11.231 27.219 42.205 15.196 75.192 47.192
0.000 7.134 29.860 22.552 41.251 40.999 35.782 26.589 20.410 21.238 22.069 32.899 35.724 27.541 30.350 39.155 39.976 29.844 0.000 0.000 0.000 0.000 18.788 24.704 28.615 27.520 28.420 28.319 26.220 33.122 34.028 33.937 34.848 31.762 30.679 31.599 22.521 17.445 18.373 15.304 16.240 15.180 14.126 16.079 31.044 0.000 0.000 0.000 5.692 49.603 11.559 0.000 0.000 0.000 31.520 13.448 14.417 12.421 12.409 12.391 11.371 10.350 11.332 11.315 10.300 11.287 10.275 9.263 12.248 8.220 4.206 68.204 77.214
0.000 3.851 23.710 33.508 43.288 34.078 33.883 35.701 33.527 24.360 30.194 39.026 27.850 20.659 19.447 25.215 34.985 41.772 5.575 0.000 22.281 22.095 16.871 25.718 30.595 31.485 27.378 27.272 19.171 16.074 15.981 15.891 14.803 12.717 19.633 33.551 32.470 31.391 26.314 17.240 15.168 16.100 15.037 14.984 15.948 0.000 0.000 0.000 20.846 0.000 0.000 0.000 0.000 0.000 10.676 0.000 0.000 10.489 9.473 9.449 10.422 12.397 12.374 12.354 11.337 11.322 9.309 9.298 10.290 0.000 0.000 0.000 71.244
0.000 2.708 26.622 45.482 36.315 33.142 32.970 33.803 32.640 34.479 39.321 28.161 21.990 21.798 21.566 20.272 20.977 26.683 43.378 40.943 19.468 18.134 16.883 17.702 29.564 27.446 38.335 26.220 19.117 17.022 17.932 16.843 21.756 29.671 25.586 19.502 25.418 35.335 32.253 31.172 22.092 15.014 14.940 15.871 13.818 0.000 0.000 21.001 9.001 0.000 0.000 22.956 17.956 16.917 8.833 0.000 0.000 15.574 12.545 12.510 12.473 12.441 12.414 12.391 12.371 12.354 12.340 11.330 12.325 14.334 4.334 0.000 13.271
0.000 15.652 40.589 36.482 25.350 30.205 35.054 29.902 35.749 41.596 33.451 21.305 20.152 21.978 21.747 25.330 25.970 19.603 30.314 25.982 22.513 19.089 15.825 22.645 26.510 28.402 19.297 46.156 34.056 23.967 15.880 21.794 40.709 50.624 43.538 20.452 22.366 25.279 29.191 34.103 32.015 27.926 16.836 13.741 20.636 26.501 0.000 0.000 17.157 0.000 0.000 0.000 12.996 12.961 12.908 17.870 16.797 12.688 11.624 12.572 12.520 12.481 12.451 12.426 12.404 12.385 12.369 12.356 11.347 11.343 12.335 15.321 11.299
2.690 36.659 42.599 27.509 22.398 24.273 26.140 37.001 40.858 51.707 50.580 43.458 32.336 21.216 24.114 0.000 0.000 18.447 24.291 21.160 0.000 16.886 20.683 37.542 36.432 39.352 0.000 11.049 50.986 44.908 30.827 36.745 54.661 54.577 52.491 21.404 27.315 27.223 29.130 17.035 25.938 31.840 30.737 29.622 42.483 51.367 0.000 0.000 7.313 32.469 0.000 0.000 36.070 17.025 16.966 16.906 16.835 17.756 11.692 10.634 14.555 11.512 11.482 11.457 11.433 12.412 11.394 10.378 10.365 10.355 10.343 10.329 9.315
1.722 47.696 33.638 22.558 22.460 22.350 35.230 33.105 49.974 64.795 61.704 58.611 53.518 44.435 35.380 0.000 0.000 0.000 12.243 23.207 0.000 0.000 13.478 31.410 30.322 45.224 17.089 18.005 50.930 55.854 51.776 50.696 53.615 53.532 54.446 33.357 25.266 27.170 27.071 16.969 25.864 19.758 38.652 9.527 48.308 70.116 40.829 10.646 0.000 10.626 0.000 12.307 72.191 25.103 27.025 26.952 22.880 23.811 15.755 10.716 0.000 11.530 11.510 14.486 17.461 27.438 17.417 12.398 13.382 13.367 13.353 13.339 13.326
33.813 37.765 31.701 29.624 24.534 36.435 30.328 43.216 21.139 0.000 41.829 60.764 59.691 60.628 43.589 0.000 0.000 0.000 6.231 29.219 0.000 0.000 10.343 25.297 20.223 47.134 58.037 57.953 53.876 53.802 53.726 54.650 53.571 53.489 53.404 47.315 22.220 24.121 22.015 16.905 27.790 28.678 31.584 0.000 33.107 68.960 38.726 56.463 17.137 2.795 14.619 70.424 58.283 30.173 24.080 25.997 19.922 13.854 11.799 9.761 0.000 17.568 25.544 33.515 40.487 49.461 38.438 18.416 12.397 13.380 13.364 13.349 13.335
44.918 33.849 33.778 29.701 36.618 33.529 36.430 60.291 47.227 30.165 51.019 59.927 58.853 57.795 37.761 0.000 0.000 0.000 0.000 0.000 0.000 0.000 16.254 25.212 36.137 52.054 53.971 53.894 53.821 53.750 53.679 53.605 53.530 53.450 53.366 53.277 39.181 29.077 21.965 14.845 18.716 18.577 23.424 42.208 28.052 62.891 48.654 55.343 62.082 47.842 52.655 61.486 37.344 38.226 24.124 23.036 14.957 11.886 12.824 14.769 28.707 34.629 52.582 51.545 50.512 49.483 49.456 39.433 17.411 12.392 13.374 13.357 13.342
36.009 23.936 25.862 37.786 34.709 34.634 4.573 0.000 39.312 65.250 60.156 59.071 61.000 42.940 28.898 12.922 0.000 0.000 0.000 0.000 0.000 0.000 22.207 39.160 51.061 53.974 53.899 53.830 53.764 53.699 53.633 53.564 53.492 53.416 53.334 53.246 54.149 48.042 39.924 31.794 29.650 32.493 23.325 40.149 19.003 60.899 0.000 14.174 49.006 20.835 11.673 67.520 31.383 35.262 33.156 14.064 11.983 12.910 12.844 20.783 41.722 52.661 49.612 49.570 49.534 46.501 45.473 43.447 42.423 16.402 12.383 12.365 12.349
26.098 23.023 35.947 35.872 30.797 50.724 4.656 13.591 53.459 60.368 59.282 59.204 59.134 35.067 34.970 45.946 0.000 0.000 0.000 0.000 0.000 0.000 0.000 0.000 47.972 59.884 54.821 53.764 53.707 53.650 53.590 53.527 53.459 53.388 53.309 53.223 53.127 54.018 54.895 51.756 51.598 54.421 34.235 40.060 13.911 54.804 0.000 0.000 44.933 14.821 24.682 58.540 39.405 31.282 35.176 12.083 13.001 11.927 13.860 23.798 44.738 45.682 50.633 49.590 44.551 41.517 45.487 50.459 49.434 38.411 19.390 18.371 17.354
22.189 36.110 37.033 24.957 35.882 56.809 49.736 55.659 61.565 59.480 59.400 59.328 56.266 40.223 0.000 0.000 0.000 0.000 0.000 0.000 0.000 0.000 0.000 0.000 0.000 4.768 45.738 54.697 53.652 53.603 53.550 53.493 53.432 53.366 53.293 55.211 54.118 54.010 52.882 54.737 53.566 53.358 43.134 40.945 17.776 29.604 59.351 38.150 45.972 14.832 42.695 36.553 39.415 27.287 21.182 13.091 13.011 12.938 20.871 25.809 26.751 31.698 39.649 37.605 38.565 49.530 49.498 49.469 49.442 50.418 44.396 40.376 38.358
37.276 37.195 26.118 22.042 36.967 55.894 61.820 60.744 59.664 59.586 59.512 60.442 51.380 44.336 0.000 0.000 0.000 0.000 0.000 0.000 0.000 0.000 0.000 0.000 1.682 21.682 48.665 54.636 53.600 53.559 53.514 53.464 53.410 53.350 55.285 55.211 55.125 47.020 51.888 54.743 57.573 55.310 48.998 44.809 32.647 16.483 64.299 47.128 48.974 13.841 59.715 23.561 4.416 21.271 12.173 13.089 12.013 20.943 26.878 25.817 25.761 24.708 17.660 13.616 43.576 49.539 49.506 49.476 49.449 49.424 50.401 50.380 50.360
34.359 25.279 23.201 21.125 38.052 57.979 59.906 59.833 59.760 59.689 59.619 61.549 40.476 38.406 0.000 0.000 0.000 0.000 0.000 0.000 0.000 0.000 0.000 0.000 0.000 35.614 54.603 53.582 53.555 53.521 53.483 53.440 55.393 54.341 54.285 54.223 48.151 26.059 41.907 51.775 2.674 0.000 26.741 33.645 42.520 29.382 50.234 68.089 52.956 19.842 61.763 0.000 0.000 10.208 13.150 13.081 15.011 24.944 22.881 23.821 25.766 28.714 22.667 23.623 39.583 49.546 49.512 49.482 49.453 49.427 49.404 49.382 49.362
25.438 23.359 28.282 33.208 48.135 60.063 59.993 59.924 59.855 59.790 59.726 60.661 47.568 0.000 0.000 0.000 0.000 0.000 0.000 20.415 0.000 0.000 0.000 0.000 0.000 10.558 45.551 52.536 53.515 53.488 53.456 53.420 55.380 53.338 53.292 53.245 37.197 33.157 0.000 0.000 0.000 0.000 11.581 18.510 40.407 26.291 31.166 74.040 56.918 35.810 45.731 0.000 40.252 17.202 13.140 13.072 15.005 23.941 34.879 34.822 36.768 42.717 37.670 48.627 49.587 49.550 49.516 49.485 49.456 49.429 49.405 49.382 49.362
26.515 23.437 30.362 49.288 60.217 60.147 60.079 60.012 59.948 59.888 59.836 65.799 0.000 0.000 0.000 0.000 0.000 0.000 20.415 32.415 19.416 34.417 30.419 0.000 0.477 32.508 39.506 50.497 53.481 53.459 53.433 54.404 53.371 53.337 53.301 49.267 38.236 43.215 0.000 0.000 0.000 0.000 28.493 20.406 38.309 14.208 16.100 63.986 62.868 54.748 40.621 40.447 29.302 24.210 13.134 13.064 12.998 22.935 44.875 51.819 50.766 50.717 42.671 49.628 49.588 49.551 49.517 49.486 49.456 49.429 49.405 49.382 49.360
24.590 22.513 37.439 57.367 61.298 60.230 60.164 60.099 60.037 59.979 59.930 66.900 0.000 0.000 0.000 0.000 0.000 0.000 9.415 29.415 29.416 28.418 31.421 15.429 23.443 31.465 31.470 48.464 54.453 53.436 53.415 53.391 53.365 53.338 54.310 46.285 42.264 36.253 0.000 0.000 0.000 0.000 0.000 20.310 39.215 16.132 12.041 50.937 67.820 64.693 45.559 24.420 23.298 24.203 15.123 12.052 12.987 15.926 26.868 46.813 49.762 49.714 41.669 49.626 49.587 49.550 49.516 49.484 49.455 49.428 49.403 49.379 49.358
23.662 25.587 45.514 61.444 60.376 60.311 60.247 60.184 60.122 60.062 62.004 59.972 0.000 0.000 0.000 0.000 0.000 0.000 0.000 34.414 40.415 45.416 36.418 35.424 29.431 25.440 36.443 50.439 53.430 53.416 56.400 54.380 53.360 53.338 53.317 48.299 40.285 35.279 10.285 0.000 0.000 0.000 0.000 0.000 31.110 17.065 12.994 45.901 76.782 57.646 36.501 27.375 29.269 27.180 22.104 11.035 12.972 11.913 15.857 34.805 49.755 49.708 41.664 49.622 49.583 49.547 49.513 49.481 49.452 49.425 49.399 49.376 49.354
23.733 33.659 53.587 61.519 60.453 60.390 60.328 60.267 60.207 61.142 59.053 47.012 31.012 0.000 0.000 0.000 0.000 0.000 0.000 35.414 44.414 44.413 48.413 50.415 33.419 32.422 47.422 53.419 53.411 53.400 54.387 53.372 53.355 53.339 53.322 51.308 39.298 40.292 34.292 0.000 0.000 0.000 0.000 0.000 17.052 17.023 10.970 55.891 43.761 49.610 19.423 39.310 33.222 26.145 26.077 17.013 11.954 12.898 11.844 23.794 46.745 48.699 42.656 49.615 50.577 49.541 49.507 49.476 49.447 49.420 49.395 49.371 49.349
