results2_8e3_rain/res_3e8f-0044.wd
ncols         241
nrows         181
xllcorner     12693529.787448
yllcorner     3542525.717860
cellsize      155.156523
NODATA_value  -9999.000000
[rows 33 to 65 of 181, columns 74 to 147 of 241]
0.000 0.000 0.000 0.000 0.000 0.000 0.000 0.000 0.000 0.000 0.000 0.000 0.000 0.000 0.000 0.000 0.000 0.000 0.000 0.000 0.000 0.000 0.000 0.000 0.000 0.000 0.000 0.000 0.000 0.000 0.000 0.000 0.000 0.000 0.000 0.000 0.000 0.000 31.699 54.700 59.700 15.701 0.000 0.000 24.758 38.773 5.762 0.000 28.791 31.797 25.796 26.787 27.768 27.741 27.706 27.667 26.631 32.608 52.607 0.000 5.555 3.334 38.719 55.329 59.955 58.602 59.287 57.901 60.062 55.183 54.776 54.864 57.191 56.474
0.000 0.000 0.000 0.000 0.000 0.000 0.000 0.000 0.000 0.000 0.000 0.000 0.000 0.000 0.000 0.000 0.000 0.000 0.000 0.000 0.000 0.000 0.000 0.000 0.000 0.000 0.000 0.000 0.000 0.000 0.000 0.000 0.000 0.000 0.000 0.000 0.000 0.000 0.000 6.700 1.700 0.000 0.000 0.000 0.000 20.822 0.000 0.000 18.812 42.832 41.834 31.824 27.801 27.766 27.718 27.660 26.602 48.564 46.585 0.000 28.775 41.516 55.094 59.694 59.310 58.963 58.547 59.680 55.762 55.045 55.394 57.757 57.051 56.862
0.000 0.000 0.000 0.000 0.000 0.000 0.000 0.000 0.000 0.000 0.000 0.000 0.000 0.000 0.000 0.000 0.000 24.166 56.166 9.166 0.000 0.000 0.000 0.000 0.000 0.000 0.000 0.000 0.000 0.000 0.000 0.000 0.000 0.000 0.000 0.000 0.000 0.000 0.000 0.000 0.000 0.000 0.000 0.000 0.000 12.871 0.000 0.000 0.000 20.887 38.884 38.872 29.847 27.804 27.739 25.654 41.553 50.459 0.000 14.713 39.255 53.861 60.448 60.038 59.660 59.211 61.313 57.359 55.440 55.935 58.317 57.617 57.436 57.162
0.000 0.000 0.000 0.000 0.000 0.000 0.000 0.000 0.000 0.000 11.161 49.161 0.000 0.000 0.000 0.000 0.000 31.166 82.166 38.166 0.000 0.000 0.000 0.000 0.000 0.000 0.000 0.000 0.000 0.000 0.000 0.000 0.000 0.000 0.000 0.000 0.000 0.000 0.000 0.000 0.000 0.000 0.000 0.000 0.000 15.920 16.944 23.957 9.960 19.944 27.942 40.935 31.912 27.863 24.782 35.663 45.496 34.262 9.795 39.170 56.672 61.227 60.791 60.383 59.900 59.965 58.978 55.952 56.497 58.886 58.187 58.008 57.734 57.475
0.000 0.000 0.000 0.000 0.000 0.000 0.000 0.000 0.000 0.000 32.161 67.161 56.162 43.162 0.000 0.000 16.167 70.167 78.167 43.167 0.000 0.000 0.000 0.000 14.920 0.000 0.000 0.000 0.000 0.000 0.000 0.000 0.000 0.000 0.000 0.000 0.000 0.000 0.000 0.000 2.950 20.950 0.000 0.000 31.949 46.945 49.955 47.967 33.979 27.988 27.003 41.015 32.003 23.955 37.862 51.721 39.505 27.298 41.954 46.500 59.037 61.577 61.139 60.622 60.645 58.626 56.580 57.086 59.475 58.774 58.592 58.313 58.048 57.784
0.000 0.000 0.000 0.000 0.000 0.000 0.000 0.000 0.000 0.000 3.161 65.161 48.162 29.163 0.000 12.167 62.167 73.167 80.167 39.167 0.000 0.000 0.000 0.000 52.920 36.920 0.000 0.000 0.000 0.000 0.000 0.000 0.000 0.000 0.000 15.944 27.944 29.944 0.000 0.000 11.949 36.950 15.951 29.953 52.953 55.955 56.964 53.978 40.999 28.028 25.069 42.117 33.131 37.094 54.988 48.855 0.000 25.472 44.224 56.839 62.393 61.937 61.388 61.365 59.316 57.342 57.711 60.092 59.388 59.199 58.912 58.635 58.358 58.087
0.000 0.000 0.000 0.000 0.000 0.000 0.000 0.000 0.000 0.000 0.000 0.000 16.164 54.164 50.166 38.167 51.168 71.168 82.168 35.169 0.000 0.000 0.000 0.000 14.920 38.920 40.921 0.000 0.000 0.000 0.000 0.000 0.000 0.000 0.000 31.944 32.944 44.944 27.946 16.947 30.949 31.950 27.952 34.954 41.956 39.960 32.968 51.982 18.012 34.056 37.127 27.256 39.309 52.300 49.144 0.000 0.719 36.894 53.628 62.242 62.777 62.218 62.145 59.068 58.285 58.386 60.746 60.037 59.840 59.542 59.252 58.954 58.660 58.382
0.000 0.000 0.000 0.000 0.000 0.000 0.000 0.000 0.000 0.000 0.000 0.000 6.164 73.165 68.167 58.168 48.169 72.170 80.170 75.170 60.170 15.170 0.000 0.000 0.000 0.000 48.922 32.922 30.923 41.923 36.924 0.000 0.000 0.000 0.000 31.944 30.944 51.944 57.945 46.947 38.948 30.950 27.952 28.954 29.957 28.960 26.965 34.971 0.000 0.000 0.000 32.470 55.548 53.653 0.000 0.000 36.998 50.542 60.165 63.691 63.235 63.995 59.920 59.497 59.134 61.453 60.733 60.522 60.213 59.909 59.594 59.270 58.946 58.657
0.000 0.000 0.000 0.000 0.000 0.000 0.000 0.000 0.000 0.000 0.000 0.000 0.000 6.166 45.168 20.170 56.171 75.172 80.172 78.172 76.171 65.170 24.170 0.000 0.000 0.000 4.922 43.922 43.923 56.924 54.924 47.926 42.926 0.000 0.000 0.000 35.943 54.944 61.945 53.946 37.948 26.950 27.952 27.954 27.957 27.960 27.963 31.965 0.000 0.000 0.000 2.626 39.762 9.112 6.757 41.825 46.486 58.135 64.697 64.520 62.727 61.012 61.132 59.996 62.236 61.491 61.256 60.927 60.610 60.283 59.945 59.587 59.197 59.876
0.000 0.000 0.000 0.000 0.000 0.000 0.000 0.000 0.000 0.000 0.000 0.000 0.000 0.000 0.000 77.173 77.174 79.175 79.175 78.174 72.172 66.171 37.170 0.000 0.000 0.000 0.000 0.000 11.923 56.924 50.925 65.926 62.927 41.930 20.934 21.938 30.942 52.943 61.945 52.946 35.948 25.949 30.952 29.955 27.957 27.959 27.961 28.962 20.961 0.000 0.000 0.000 0.000 1.513 44.335 47.230 55.011 65.672 65.746 64.086 65.905 63.445 61.041 63.131 62.332 62.053 61.693 61.353 61.011 60.668 60.318 58.935 67.379 65.005
0.000 0.000 0.000 0.000 0.000 11.580 34.580 0.000 12.562 52.561 41.559 45.557 20.556 0.000 0.000 13.176 85.177 79.179 76.179 73.177 76.173 67.170 30.169 0.000 0.000 0.000 0.000 0.000 0.000 0.000 0.925 54.926 55.927 6.928 0.000 0.000 34.943 52.943 57.944 47.946 38.947 36.948 0.000 5.956 33.957 27.959 27.960 28.961 34.961 42.960 4.960 0.000 0.000 17.225 49.961 53.762 64.509 66.681 66.301 69.689 68.235 62.442 64.188 63.283 62.927 62.518 62.143 61.775 61.414 61.060 60.724 66.455 0.000 0.000
0.000 0.000 0.000 0.000 0.000 11.580 54.580 0.000 46.564 48.562 60.559 43.556 28.555 0.000 0.000 1.178 70.180 82.185 79.185 79.181 80.175 74.170 28.166 0.000 0.000 0.000 0.000 0.000 0.000 0.000 0.000 0.000 39.927 0.000 0.000 0.000 40.943 37.944 49.944 6.945 0.000 0.000 0.000 0.000 0.000 37.959 31.959 0.000 24.960 58.960 41.960 0.000 0.000 21.718 55.490 64.339 67.419 67.154 71.386 70.683 63.849 65.338 64.326 63.876 63.403 62.981 62.579 62.191 61.810 61.433 61.061 65.708 8.426 0.000
53.628 43.629 0.000 0.000 0.000 5.580 65.581 41.577 43.569 49.563 73.559 74.555 69.553 23.550 0.000 0.000 0.000 30.198 84.194 79.186 80.177 77.167 36.160 0.000 0.000 0.000 0.000 0.000 0.000 0.000 0.000 0.000 0.000 0.000 0.000 0.000 0.000 0.000 0.000 0.000 0.000 0.000 0.000 0.000 0.000 0.000 12.959 9.959 0.000 0.000 0.000 0.000 10.860 48.356 65.310 66.972 67.887 72.218 71.886 64.867 66.374 65.360 64.851 64.324 63.857 63.419 63.003 62.600 62.202 61.802 61.381 63.891 47.143 4.113
65.629 47.629 43.630 0.000 0.000 0.000 57.588 59.580 59.571 71.564 68.558 80.554 79.550 40.548 0.000 0.000 0.000 6.215 86.207 79.195 80.179 77.162 37.148 0.000 0.000 0.000 45.918 57.905 26.893 0.000 0.000 0.000 0.000 0.000 0.000 0.000 0.000 0.000 0.000 0.000 0.000 0.000 0.000 0.000 0.000 0.000 0.000 0.000 0.000 0.000 0.000 8.691 49.252 66.256 66.854 73.010 72.535 66.097 66.653 67.135 66.286 65.779 65.236 64.741 64.276 63.836 63.415 63.004 62.598 62.190 68.770 9.330 0.000 17.115
70.630 49.630 50.631 42.631 0.000 47.613 42.602 50.585 63.573 67.563 78.557 79.552 78.547 47.543 0.000 0.000 0.000 5.239 85.227 79.206 80.182 75.154 55.122 39.071 40.024 39.978 47.933 68.902 35.882 0.000 0.000 0.000 0.000 0.000 0.000 0.000 0.000 0.000 0.000 0.000 0.000 0.000 0.000 0.000 0.000 0.000 0.000 0.000 0.000 6.654 37.454 47.012 66.038 67.661 74.340 73.765 66.605 68.319 67.646 67.090 66.609 66.091 65.598 65.124 64.671 64.236 63.815 63.403 62.996 69.589 15.180 0.000 0.000 2.121
65.631 63.632 46.632 50.631 50.630 41.625 34.622 0.000 0.000 9.559 68.555 79.550 77.544 62.535 29.522 0.000 0.000 54.277 75.254 80.223 79.189 80.152 70.113 46.068 43.022 41.977 50.932 68.891 51.850 37.793 38.747 42.713 53.692 17.683 0.000 0.000 0.000 0.000 0.000 0.000 0.000 0.000 0.000 0.000 0.000 0.000 0.000 0.000 0.000 17.830 57.692 65.668 68.345 75.152 74.794 67.289 68.956 68.176 67.797 67.343 66.871 66.401 65.937 65.485 65.048 64.622 64.206 63.798 69.394 15.992 0.000 0.000 0.000 1.082
11.633 79.635 50.635 44.633 45.633 47.636 47.638 36.645 0.000 0.000 0.000 13.547 84.545 74.532 52.508 44.465 51.411 50.338 52.288 60.242 61.198 48.154 45.111 43.067 43.021 41.975 50.928 65.881 44.833 41.782 46.736 62.701 65.680 50.675 24.675 0.000 0.000 0.000 0.000 0.000 0.000 0.000 0.000 0.000 0.000 0.000 0.000 0.000 8.584 50.470 66.114 68.977 75.626 75.429 67.939 69.589 68.809 68.452 68.018 67.584 67.143 66.701 66.263 65.834 65.413 64.999 64.589 70.188 15.791 0.000 0.000 0.000 0.000 0.000
78.636 79.639 65.641 0.000 0.000 52.649 48.650 59.653 50.652 0.000 0.000 0.000 72.556 69.541 54.515 45.477 42.430 42.375 45.320 58.261 66.206 69.155 62.110 52.066 45.022 43.974 59.925 62.873 37.820 41.766 41.715 42.674 46.651 25.663 0.000 0.000 0.000 0.000 0.000 0.000 0.000 0.000 0.000 0.000 0.000 0.000 11.668 43.378 51.292 64.850 76.187 75.832 68.924 69.536 70.119 69.441 69.083 68.662 68.251 67.834 67.415 66.997 66.582 66.174 65.771 66.371 72.962 16.575 0.000 0.000 0.000 0.000 0.000 0.000
79.640 79.644 79.649 66.657 49.661 49.660 49.661 40.663 0.000 6.624 13.625 65.611 62.584 65.560 58.533 59.498 59.458 59.411 62.357 57.276 57.210 59.149 63.107 64.068 62.025 57.976 68.923 66.867 54.807 55.746 55.686 57.629 32.587 0.000 0.000 0.000 0.000 0.000 0.000 0.000 0.000 0.000 0.000 0.000 0.000 46.166 46.848 67.925 68.533 77.245 76.779 71.373 71.106 70.510 70.057 69.690 69.284 68.887 68.487 68.086 67.686 67.289 66.896 66.508 67.126 70.753 3.401 0.000 0.000 0.000 0.000 0.000 0.000 0.000
78.644 78.650 79.655 76.661 54.666 48.669 49.672 50.676 42.683 0.000 57.639 54.626 55.607 56.584 51.558 55.527 60.491 68.454 53.423 0.000 0.000 4.126 62.102 58.074 58.033 57.983 57.926 57.864 57.797 57.727 57.652 55.572 50.480 23.359 0.000 0.000 43.182 50.006 61.769 31.570 0.000 0.000 0.000 0.000 47.752 58.477 70.431 71.107 77.930 77.624 71.985 71.680 70.961 70.646 70.270 69.884 69.498 69.111 68.724 68.338 67.955 67.577 67.204 67.837 70.473 18.113 0.000 0.000 0.000 0.000 0.000 0.000 0.000 20.945
68.648 68.655 79.662 79.667 69.672 45.677 48.683 49.687 49.690 55.685 64.665 48.649 45.632 43.612 50.588 65.559 64.527 49.492 29.457 0.000 0.000 0.000 0.000 47.092 42.051 41.997 41.934 41.865 42.790 45.711 46.624 46.525 45.404 46.238 44.979 44.699 53.358 60.067 57.731 64.371 61.930 56.529 54.131 56.629 68.326 71.864 71.680 78.350 78.172 72.583 72.258 71.527 71.217 70.837 70.464 70.088 69.711 69.335 68.960 68.587 68.218 67.859 68.508 69.161 7.817 0.000 0.000 0.000 0.000 0.000 0.000 0.000 0.000 31.983
34.655 46.662 74.669 78.674 59.679 42.686 41.694 49.701 49.704 48.701 42.688 43.673 49.662 66.645 65.623 48.596 41.566 31.529 0.000 51.398 60.364 56.310 57.240 60.150 63.084 62.019 62.949 65.871 64.789 61.703 63.609 58.502 44.372 48.209 47.000 51.761 69.486 76.171 72.719 66.255 60.886 62.547 69.122 74.075 72.580 78.875 78.547 72.508 74.138 72.748 72.107 71.785 71.404 71.034 70.662 70.291 69.924 69.559 69.195 68.831 69.472 67.133 62.806 14.484 0.000 0.000 0.000 0.000 0.000 0.000 0.000 0.000 18.120 22.057
0.000 39.670 58.678 69.682 44.685 36.693 43.707 41.719 48.726 49.726 49.712 42.694 59.697 51.684 40.662 43.636 35.613 0.000 60.479 63.432 63.384 65.327 66.260 69.185 73.116 72.047 71.972 71.883 73.792 74.703 72.608 60.500 46.375 48.226 48.052 47.859 50.654 24.412 0.000 86.040 127.835 105.510 71.555 73.167 79.848 79.414 72.926 75.676 73.110 72.688 72.349 71.972 71.602 71.229 70.858 70.492 70.134 69.782 69.430 71.071 65.707 54.396 9.101 0.000 0.000 0.000 0.000 0.000 0.000 0.000 0.000 16.241 29.183 18.124
0.000 0.000 15.692 50.690 32.687 0.000 38.724 43.741 43.756 49.767 38.739 0.000 43.748 41.732 43.706 44.674 54.638 68.595 65.526 67.469 73.413 83.354 127.288 124.215 124.148 124.083 124.009 124.895 108.794 40.710 43.620 41.517 49.400 48.269 45.124 42.970 24.858 0.000 0.000 0.000 52.779 69.924 74.620 80.506 80.208 72.498 74.219 73.537 73.252 72.902 72.538 72.171 71.799 71.424 71.050 70.685 70.337 71.004 69.673 61.315 49.888 7.642 0.000 0.000 0.000 0.000 0.000 0.000 0.000 0.000 7.351 28.300 20.246 8.190
13.738 2.734 65.708 43.698 0.000 0.000 0.000 37.765 50.789 42.847 0.000 0.000 51.816 42.790 53.755 66.715 66.671 71.620 74.561 67.503 53.446 44.388 40.325 38.239 41.178 42.126 29.086 0.000 45.779 42.724 41.644 45.548 49.440 46.326 38.203 45.041 25.949 0.000 0.000 48.209 65.220 75.006 80.946 80.753 73.053 74.760 74.075 73.801 73.450 73.099 72.740 72.373 72.000 71.618 71.231 70.863 71.526 67.223 55.944 12.630 0.000 0.000 0.000 0.000 0.000 0.000 0.000 0.000 0.000 0.000 25.403 24.362 10.310 7.256
83.754 71.755 0.000 0.697 0.000 0.000 0.000 0.000 0.000 46.986 45.016 52.987 49.910 49.858 49.810 66.761 80.710 69.655 49.596 47.538 42.480 44.427 35.384 0.000 47.197 44.160 33.124 0.000 46.818 41.764 42.686 49.592 47.486 45.391 27.323 0.000 0.000 44.825 42.703 59.502 75.437 81.180 73.942 74.527 75.208 74.623 74.347 74.002 73.661 73.308 72.948 72.581 72.209 71.819 72.394 72.008 61.680 46.420 9.250 0.000 0.000 0.000 0.000 0.000 0.000 0.000 0.000 0.796 0.000 14.572 26.496 14.435 6.378 20.322
69.783 59.777 0.000 0.000 60.510 53.502 47.489 0.000 0.000 65.095 62.076 49.036 49.978 49.922 50.867 71.811 123.753 116.692 63.631 118.571 39.512 43.455 43.400 45.339 43.255 43.191 43.125 45.034 40.912 40.827 49.744 48.647 45.520 40.429 29.376 0.000 0.000 46.946 53.820 75.850 74.761 81.533 74.989 75.592 75.159 74.886 74.556 74.224 73.879 73.526 73.162 72.794 72.435 74.057 69.516 51.097 37.767 39.525 5.388 0.000 0.000 0.000 0.000 0.000 0.000 0.000 0.000 9.797 14.744 28.649 22.572 12.505 21.444 21.386
56.837 0.871 0.000 0.000 43.520 52.506 49.477 67.418 61.338 66.222 74.158 65.103 50.045 49.986 49.925 48.862 42.798 37.732 42.666 39.602 43.541 43.482 43.424 43.362 43.293 43.225 43.153 42.066 46.968 48.887 49.818 33.732 0.000 33.429 0.000 0.000 0.000 51.166 73.110 77.142 82.568 82.091 75.081 75.748 75.404 75.106 74.788 74.454 74.108 73.752 73.382 73.000 71.678 33.458 0.000 0.000 0.000 0.000 0.000 0.000 0.000 0.000 6.160 1.156 0.133 0.000 2.914 11.851 27.785 21.710 12.637 22.571 18.508 9.449
44.919 50.018 0.000 48.547 44.542 43.526 61.493 54.441 70.374 79.297 59.232 45.173 43.113 46.051 48.986 49.917 49.844 42.771 41.699 42.631 42.568 43.509 43.451 43.391 48.329 45.265 42.194 43.111 46.005 49.938 38.907 0.000 0.000 0.000 0.000 6.880 126.764 70.481 77.519 75.517 82.983 74.887 77.418 78.914 75.653 75.350 75.032 74.697 74.347 74.993 71.614 59.145 49.821 7.640 0.000 0.000 0.000 0.000 0.000 0.000 0.000 8.164 8.161 8.155 9.123 9.066 9.979 23.906 23.837 7.767 10.698 12.632 9.569 7.509
29.978 24.144 48.437 44.552 43.577 54.565 58.529 69.479 76.421 42.359 41.301 42.243 44.184 43.120 40.050 47.974 48.893 49.808 48.728 42.656 41.593 40.534 41.479 47.424 106.369 74.311 54.247 37.179 0.000 51.952 59.966 0.000 0.000 0.000 0.000 50.997 61.905 78.798 76.850 83.700 83.357 75.977 76.515 77.192 75.910 75.612 75.295 74.957 75.587 74.260 26.937 0.000 0.000 0.000 0.000 0.000 0.000 0.000 0.000 0.000 0.000 15.166 11.168 8.178 9.149 7.097 19.028 25.959 9.890 10.822 18.755 16.691 10.628 7.568
0.000 0.000 41.616 44.646 46.650 67.626 78.579 92.525 74.471 3.419 60.369 60.316 44.259 44.194 43.121 41.038 43.945 49.842 47.748 48.673 50.612 48.558 46.507 42.459 37.411 42.363 37.305 0.000 0.000 0.000 46.040 38.058 0.000 0.000 0.000 61.207 78.096 78.188 76.223 84.010 75.689 78.198 79.713 76.465 76.185 75.891 75.579 75.248 72.786 27.523 0.000 0.000 0.000 0.000 0.000 0.000 0.000 0.000 0.000 0.000 14.640 0.000 0.000 16.241 6.200 17.143 29.078 17.011 11.943 16.877 20.811 13.747 8.685 6.625
0.000 0.000 39.766 45.767 61.752 72.710 120.637 114.571 116.520 122.478 118.439 119.395 44.342 44.278 43.201 43.112 42.007 36.866 46.750 48.678 49.624 47.577 49.534 49.492 50.454 43.426 0.000 0.000 0.000 0.000 47.095 32.076 0.000 0.000 52.688 74.494 78.441 77.439 84.573 84.300 76.745 77.298 77.995 76.741 76.475 76.189 76.882 51.670 0.000 0.000 0.000 0.000 0.000 0.000 0.000 0.000 0.000 26.792 15.758 5.706 9.641 9.562 10.467 10.344 13.267 26.198 23.130 18.063 18.996 16.930 14.865 10.802 7.741 9.681
0.000 0.000 40.914 57.905 65.881 71.826 42.688 41.602 40.559 37.536 38.514 38.482 44.437 44.374 60.294 60.203 36.105 0.000 33.707 46.665 48.628 46.594 48.559 48.523 49.486 45.460 0.000 0.000 0.000 45.244 30.169 0.000 0.000 54.010 62.874 79.735 78.644 77.834 84.827 76.410 78.943 81.486 77.270 77.028 76.784 75.509 63.090 21.880 0.000 0.000 0.000 0.000 0.000 12.973 7.958 7.930 7.887 11.827 23.776 26.719 12.654 7.579 9.495 11.404 26.324 25.252 11.183 20.115 21.049 19.983 12.919 8.856 7.794 17.735
