results2_8e3_rain/res_3e8f-0071.wd
ncols         241
nrows         181
xllcorner     12693529.787448
yllcorner     3542525.717860
cellsize      155.156523
NODATA_value  -9999.000000
[rows 32 to 63 of 181, columns 148 to 221 of 241]
58.529 59.268 32.929 23.619 43.323 37.046 18.812 0.000 0.000 13.372 28.374 33.375 19.377 40.382 32.382 0.000 0.000 8.986 39.986 0.000 0.000 16.557 10.536 7.509 0.000 0.000 23.955 19.885 15.782 17.716 22.662 22.617 20.577 31.542 23.507 0.000 42.339 34.325 34.308 26.288 7.277 25.272 33.272 0.000 0.000 0.000 0.000 0.000 0.000 0.000 0.000 0.000 0.000 0.000 0.000 0.000 0.000 0.000 0.000 0.000 0.000 0.000 0.000 0.000 0.000 0.000 0.000 0.000 0.000 0.000 0.000 0.000 0.000 0.000
58.951 59.625 26.325 38.038 59.770 53.507 32.159 0.000 0.000 12.372 0.000 0.000 9.394 34.412 21.414 0.000 0.000 0.000 25.987 33.957 0.000 18.576 10.524 11.443 15.308 24.172 42.025 32.919 27.822 22.743 23.677 23.620 22.569 21.521 20.471 28.407 38.355 30.323 30.299 28.280 7.267 21.262 29.267 0.000 0.000 0.000 0.000 0.000 0.000 0.000 0.000 0.000 0.000 0.000 0.000 0.000 0.000 0.000 0.000 0.000 0.000 0.000 0.000 0.000 0.000 0.000 0.000 0.000 0.000 0.000 0.000 0.000 0.000 0.000
59.281 59.987 37.703 55.440 58.212 52.051 0.000 0.000 0.000 14.371 0.000 0.000 0.000 18.457 18.448 26.437 0.000 39.096 27.017 13.928 22.797 13.648 11.541 11.433 10.310 12.182 40.056 37.944 37.844 39.758 32.683 34.617 33.558 33.504 33.450 34.397 38.350 36.314 37.286 32.265 9.250 8.243 0.000 0.000 0.000 0.000 0.000 0.000 0.000 0.000 0.000 0.000 0.000 0.000 0.000 0.000 0.000 0.000 0.000 0.000 0.000 0.000 0.000 0.000 0.000 0.000 0.000 0.000 0.000 0.000 0.000 0.000 0.000 0.000
59.619 59.333 59.060 59.807 51.587 38.434 0.000 0.000 0.000 0.000 0.000 0.000 0.000 15.512 12.484 25.427 30.320 22.175 31.058 28.942 9.813 10.680 11.558 11.438 23.315 27.192 31.071 23.957 20.853 30.761 4.680 11.608 6.544 6.485 6.430 9.379 35.334 24.297 22.267 24.244 9.227 11.217 0.000 0.000 0.000 0.000 0.000 0.000 0.000 0.000 0.000 0.000 0.000 0.000 0.000 0.000 0.000 0.000 0.000 0.000 0.000 0.000 0.000 6.490 4.495 0.000 0.000 0.000 0.000 0.000 0.000 0.000 0.000 0.000
59.948 59.667 60.397 55.142 36.894 27.664 36.664 0.000 0.000 0.000 0.000 0.000 0.000 12.595 11.548 14.468 10.358 21.228 24.098 26.969 15.835 10.701 10.572 10.446 35.322 41.200 23.080 16.962 16.851 17.753 14.667 14.592 14.524 15.463 18.407 15.356 36.311 28.273 26.242 26.217 8.197 22.180 48.159 0.000 0.000 0.000 0.000 0.000 0.000 0.000 0.000 0.000 0.000 0.000 0.000 0.000 0.000 0.000 0.000 0.000 0.000 0.000 0.000 6.495 2.508 0.000 0.000 0.000 0.000 0.000 0.000 0.000 0.000 0.000
60.269 59.989 56.720 42.471 31.183 0.000 0.000 0.000 0.000 17.622 0.000 0.000 0.000 11.726 12.647 12.540 11.415 11.279 17.140 9.999 9.858 11.718 10.583 9.453 33.328 30.207 38.086 41.959 40.836 35.733 31.645 33.568 29.498 33.435 33.378 34.327 38.281 36.242 37.210 33.184 8.164 20.149 42.138 0.000 0.000 0.000 0.000 0.000 0.000 0.000 0.000 0.000 0.000 0.000 0.000 0.000 0.000 0.000 0.000 0.000 0.000 0.000 0.000 0.000 7.544 0.000 0.000 0.000 0.000 0.000 0.000 0.000 0.000 0.000
60.582 60.301 50.021 31.841 0.000 0.000 0.000 0.000 15.676 18.622 31.521 31.377 19.188 11.936 11.773 12.629 12.484 11.334 10.183 11.030 10.879 10.731 9.590 18.456 37.330 16.213 30.098 6.953 39.802 29.698 28.612 28.536 25.466 30.402 31.344 31.292 38.245 36.206 33.173 33.147 8.127 22.114 41.107 0.000 0.000 0.000 0.000 0.000 0.000 0.000 0.000 0.000 0.000 0.000 0.000 0.000 0.000 0.000 0.000 0.000 0.000 0.000 0.000 0.000 7.588 0.000 0.000 0.000 0.000 0.000 0.000 0.000 0.000 0.000
61.890 54.612 42.221 32.031 0.000 0.000 0.000 0.000 12.730 29.670 23.565 12.423 14.250 14.056 11.883 10.719 12.557 11.393 12.227 12.060 11.897 10.739 10.589 30.450 30.324 30.217 30.142 0.000 11.723 9.644 10.570 10.498 11.429 15.364 18.305 16.251 36.203 30.162 24.129 26.103 9.084 21.073 40.068 0.000 0.000 0.000 0.000 0.000 0.000 0.000 0.000 0.000 0.000 0.000 0.000 0.000 0.000 0.000 0.000 0.000 0.000 0.000 0.000 13.654 6.642 8.655 0.000 0.000 0.000 0.000 0.000 0.000 0.000 0.000
61.199 47.037 0.000 0.000 0.000 0.000 0.000 0.000 28.843 23.764 13.645 14.500 14.335 14.157 13.982 11.808 10.632 10.453 12.271 11.088 10.909 9.738 11.578 26.431 17.300 26.189 27.110 0.000 0.000 25.584 24.527 24.458 24.388 26.321 26.260 27.204 39.154 35.112 30.078 32.052 8.034 17.026 45.025 0.000 0.000 0.000 0.000 0.000 0.000 0.000 0.000 0.000 0.000 0.000 0.000 0.000 0.000 0.000 0.000 0.000 0.000 0.000 0.000 8.674 6.679 6.676 0.000 0.000 0.000 0.000 0.000 0.000 0.000 0.000
54.425 37.299 0.000 0.000 0.000 0.000 0.000 36.210 30.037 13.897 14.753 14.597 14.431 14.257 14.079 13.898 10.712 11.518 11.316 11.113 11.914 10.726 10.554 13.398 18.257 30.128 17.000 28.828 33.692 26.583 35.497 25.418 26.344 29.274 28.209 27.151 37.099 33.055 21.018 19.992 8.976 15.972 44.980 0.000 0.000 0.000 0.000 0.000 0.000 0.000 0.000 0.000 0.000 0.000 0.000 0.000 0.000 0.000 0.000 0.000 0.000 0.000 0.000 5.699 7.732 5.704 0.000 0.000 0.000 0.000 0.000 0.000 0.000 0.000
40.538 30.435 0.000 0.000 0.000 14.729 28.606 29.384 23.199 18.033 14.871 14.706 14.536 14.360 13.181 15.995 20.800 16.589 11.363 12.133 10.909 10.698 10.513 10.350 17.203 18.067 15.933 22.793 21.666 16.556 28.461 8.375 16.295 23.221 22.153 16.091 35.036 27.989 7.950 6.922 9.906 11.908 15.944 0.000 0.000 0.000 0.000 26.569 12.577 0.000 0.000 0.000 0.000 0.000 0.000 0.000 0.000 0.000 0.000 0.474 0.000 0.000 0.000 0.000 8.856 0.745 0.000 0.000 0.000 0.000 0.000 11.201 8.184 5.165
19.504 37.470 0.000 0.000 16.984 26.853 40.704 24.522 23.341 23.166 15.994 14.821 14.646 14.469 21.288 29.102 29.903 21.678 16.412 11.149 9.892 10.646 14.449 11.285 10.139 9.004 14.873 15.745 14.625 15.515 17.416 10.325 16.241 21.163 23.091 19.026 34.966 28.915 10.872 9.839 9.818 5.810 0.000 0.000 0.000 0.000 0.000 0.000 18.592 33.614 26.630 0.000 0.000 0.000 0.000 0.000 6.766 24.746 33.705 32.631 34.519 33.393 27.267 21.141 13.005 0.000 0.000 0.000 0.000 0.000 2.258 7.226 6.195 6.167
0.000 0.000 0.000 0.000 20.115 39.994 31.836 34.659 31.477 21.296 14.117 14.938 14.759 25.580 30.402 26.221 21.031 17.809 20.459 15.157 14.864 10.544 15.354 9.203 10.066 10.936 9.810 9.688 9.573 9.464 8.363 9.269 9.182 13.100 19.024 17.953 35.889 29.833 8.784 9.745 9.718 8.704 0.000 0.000 0.000 0.000 0.000 0.000 0.000 1.629 12.653 22.705 24.764 30.795 33.813 33.815 32.793 28.776 19.744 17.689 19.542 22.400 24.273 25.161 23.026 26.920 18.822 0.000 0.000 0.000 8.299 6.258 6.213 6.170
0.000 0.000 0.000 21.602 37.367 30.174 21.988 29.800 33.612 34.426 24.240 13.056 22.872 31.692 21.517 13.350 13.193 15.066 0.000 0.000 0.000 7.313 11.221 13.106 12.985 9.864 9.744 10.626 9.513 9.406 9.304 10.208 9.117 9.031 8.950 11.875 28.805 27.742 9.687 9.640 9.604 10.583 11.583 0.000 0.000 0.000 0.000 0.000 0.000 0.000 0.000 0.000 6.800 30.816 14.835 9.848 12.821 5.830 0.526 0.670 0.199 0.000 0.022 0.332 0.014 0.026 11.731 26.647 4.573 2.498 6.389 6.304 6.236 6.175
0.000 0.000 21.132 30.838 37.576 21.349 24.141 21.941 19.747 27.555 32.363 27.172 30.983 19.799 13.626 14.468 14.327 22.196 0.000 0.000 0.000 4.173 13.111 24.016 24.906 19.791 15.675 17.560 13.449 12.342 10.239 9.141 9.047 9.957 8.872 8.791 11.715 20.645 8.581 8.524 9.477 8.443 0.000 0.000 0.000 0.000 0.000 0.000 0.000 0.000 0.000 0.000 32.827 13.840 0.463 0.436 0.000 0.000 0.208 1.173 1.817 2.069 1.153 0.396 0.000 0.078 0.032 13.644 21.582 6.537 5.467 5.341 6.261 4.213
24.744 26.033 24.426 39.043 23.750 17.505 19.285 18.079 14.879 13.683 28.486 35.287 38.088 25.895 15.718 12.572 20.449 0.000 0.000 0.000 0.000 7.096 17.033 23.940 24.833 24.720 26.605 34.492 32.381 28.274 26.170 22.070 15.973 10.880 8.789 9.703 8.620 13.541 6.468 7.399 8.336 10.270 31.172 0.000 0.000 0.000 0.000 0.000 0.000 0.000 0.000 4.841 22.849 0.124 0.000 0.922 1.466 1.631 1.662 1.660 0.835 0.974 0.255 1.084 0.896 0.311 0.447 0.916 0.000 32.608 4.611 0.000 0.000 0.000
24.425 16.928 35.498 35.158 29.877 20.635 14.416 15.209 16.010 26.812 29.610 21.403 24.188 32.973 33.782 23.652 0.000 0.000 0.000 0.000 12.166 18.083 21.986 20.879 21.766 21.650 19.534 26.421 27.310 27.203 28.098 24.996 23.896 24.799 15.704 10.611 11.520 8.433 9.350 8.271 7.196 9.129 24.074 0.000 0.000 0.000 0.000 0.000 0.000 0.000 0.000 0.000 0.286 0.216 1.838 0.749 0.618 0.669 0.689 0.492 1.560 1.567 0.597 1.546 0.386 0.000 0.266 0.000 0.000 25.683 34.767 6.873 0.000 0.000
17.982 27.757 37.479 28.212 27.967 29.743 27.533 18.334 24.139 32.944 21.742 14.525 13.287 19.030 28.786 35.601 0.000 0.000 15.698 15.494 10.250 19.084 23.949 24.825 20.703 20.579 12.461 9.347 9.237 9.129 8.024 5.920 12.817 26.716 25.616 24.516 19.418 10.322 8.228 9.137 8.051 7.975 8.923 0.000 0.000 0.000 0.000 0.000 0.000 0.000 0.000 0.000 0.086 0.000 0.000 1.052 0.235 0.189 0.952 2.991 2.928 2.888 1.874 1.830 0.000 0.000 0.473 0.000 0.000 0.000 28.911 27.987 13.163 0.000
20.763 39.638 30.451 27.244 27.037 27.836 26.642 28.453 33.269 22.083 15.888 15.670 15.407 14.072 14.731 20.366 36.886 34.425 12.903 11.533 10.256 11.056 22.901 20.768 31.641 19.505 12.383 10.270 11.161 10.054 14.948 22.843 18.738 12.633 18.527 28.421 25.315 24.209 15.104 7.999 7.896 8.798 6.719 0.000 0.000 0.000 0.000 0.000 0.000 14.349 9.349 8.333 0.174 0.000 0.000 6.598 3.547 3.419 3.260 3.116 3.030 2.976 2.945 2.917 2.907 1.873 2.824 4.802 0.000 0.000 0.384 0.198 0.763 0.000
34.670 30.582 19.443 24.277 29.101 23.923 29.745 35.569 27.400 15.233 14.058 15.860 15.597 19.123 19.700 13.245 23.867 19.486 15.957 12.481 9.184 15.982 19.830 21.707 12.588 39.417 27.297 17.188 9.083 14.978 33.872 43.766 36.659 13.550 15.439 18.326 22.212 27.095 24.978 20.860 9.737 6.601 13.437 19.232 0.000 0.000 0.000 0.000 0.000 0.000 4.366 4.321 4.226 9.103 7.953 3.761 2.638 3.460 3.300 3.182 3.100 3.041 2.997 2.961 2.929 2.884 1.833 1.779 2.611 5.522 0.966 0.148 0.784 2.239
36.655 21.577 16.462 18.322 20.168 31.009 34.846 45.677 44.530 37.391 26.252 15.115 17.999 0.000 0.000 12.049 17.853 14.695 0.000 10.250 14.019 30.859 29.732 32.641 0.000 4.277 44.200 38.105 24.005 29.902 47.798 47.691 45.582 14.470 20.354 20.234 22.110 9.983 18.855 24.725 23.591 22.434 35.196 44.028 0.000 0.000 0.000 0.000 0.000 0.000 27.429 8.359 8.254 8.131 7.995 8.857 2.751 1.591 5.300 2.213 2.148 2.091 2.042 3.000 1.967 0.914 0.863 0.808 0.736 0.697 0.000 0.462 2.449 0.000
27.686 16.609 16.505 16.380 29.240 27.100 43.955 58.762 55.654 52.548 47.443 38.349 29.286 0.000 0.000 0.000 5.800 16.747 0.000 0.000 6.782 24.703 23.600 38.483 10.316 11.215 44.122 49.027 44.929 43.829 46.726 46.619 47.509 26.393 18.272 20.145 20.012 9.873 18.733 12.595 31.469 2.347 40.886 62.655 33.281 3.059 0.000 0.000 0.000 3.714 63.563 16.433 18.302 18.171 14.041 14.921 6.828 1.733 0.000 2.229 2.187 5.134 8.081 18.031 7.986 2.939 3.890 3.838 3.786 3.735 3.683 3.621 3.552 3.546
25.750 23.668 18.570 30.452 24.314 37.195 15.113 0.000 35.776 54.705 53.623 54.553 37.510 0.000 0.000 0.000 0.000 22.747 0.000 0.000 3.625 18.571 13.483 40.375 51.251 51.144 47.047 46.952 46.856 47.758 46.657 46.552 46.441 40.323 15.197 17.062 14.919 9.766 20.609 21.454 24.329 0.000 25.611 61.427 31.130 48.810 9.503 0.000 6.076 61.866 49.675 21.507 15.353 17.209 11.076 4.959 2.871 0.763 0.000 8.288 16.237 24.176 31.116 40.059 29.005 8.953 2.900 3.848 3.795 3.744 3.693 3.641 3.593 3.564
27.825 23.745 30.655 27.545 30.370 54.251 41.190 24.123 44.970 53.872 52.792 51.730 31.692 0.000 0.000 0.000 0.000 0.000 0.000 0.000 9.522 18.473 29.386 45.282 47.170 47.065 46.969 46.877 46.785 46.691 46.593 46.490 46.380 46.261 32.131 21.989 14.834 7.665 11.482 11.285 16.063 34.741 20.523 55.309 41.004 47.574 54.197 39.719 44.287 52.998 28.767 29.568 15.393 14.236 6.095 2.967 3.846 5.707 19.560 25.398 43.299 42.219 41.148 40.084 40.024 29.967 7.911 2.857 3.805 3.754 3.704 3.657 3.615 3.581
19.906 31.832 28.760 28.703 0.000 0.000 33.272 59.208 54.110 53.021 54.945 36.881 22.837 6.862 0.000 0.000 0.000 0.000 0.000 0.000 15.469 32.415 44.304 47.199 47.080 46.979 46.888 46.803 46.717 46.628 46.535 46.436 46.328 46.210 47.078 40.930 32.764 24.577 22.369 25.142 15.897 32.639 11.429 53.284 0.000 6.284 40.994 12.673 3.355 59.074 22.825 26.604 24.414 5.249 3.102 3.967 3.838 11.707 32.574 43.445 40.341 40.252 40.175 37.105 36.040 33.979 32.922 6.866 2.813 2.762 2.714 3.669 3.628 3.593
29.987 29.916 24.851 44.804 0.000 7.534 47.419 54.329 53.240 53.158 53.085 29.014 28.912 39.887 0.000 0.000 0.000 0.000 0.000 0.000 0.000 0.000 41.217 53.130 47.974 46.881 46.803 46.728 46.651 46.571 46.484 46.390 46.287 46.172 46.041 46.890 47.715 44.511 44.276 47.016 26.744 32.488 6.271 47.115 0.000 0.000 36.822 6.626 16.379 50.123 30.857 22.610 26.412 3.245 4.098 2.962 4.834 14.708 35.585 36.470 41.367 40.276 35.195 32.121 36.053 40.989 39.930 28.873 9.820 8.769 7.721 4.677 2.636 2.601
31.067 18.995 29.925 50.858 43.782 49.650 55.541 53.448 53.364 53.288 50.223 34.177 0.000 0.000 0.000 0.000 0.000 0.000 0.000 0.000 0.000 0.000 0.000 0.000 38.806 47.768 46.716 46.656 46.590 46.519 46.441 46.355 46.259 48.150 47.024 46.875 45.695 47.478 46.207 45.903 35.577 33.299 10.051 21.790 51.402 30.101 37.845 6.630 34.414 28.183 30.869 18.569 12.377 4.221 4.082 3.951 11.826 16.706 17.590 22.481 30.381 28.290 29.207 40.131 40.061 39.996 39.935 40.878 34.824 30.773 28.726 17.681 11.641 12.604
20.144 16.070 30.997 49.922 55.840 54.741 53.647 53.560 53.480 54.406 45.341 38.295 0.000 0.000 0.000 0.000 0.000 0.000 0.000 0.000 0.000 0.000 0.000 14.635 41.678 47.668 46.636 46.590 46.536 46.474 46.405 46.329 48.243 48.146 48.032 39.891 44.712 47.498 50.172 47.812 41.361 37.083 24.842 8.594 56.315 39.057 40.829 5.633 51.466 15.324 0.000 12.421 3.306 4.183 3.058 11.935 17.815 16.700 16.589 15.484 8.387 4.297 34.213 40.137 40.066 40.000 39.938 39.880 40.825 40.774 40.727 41.683 40.642 37.605
17.221 15.145 32.070 51.994 53.914 53.829 53.745 53.666 53.590 55.517 34.440 32.367 0.000 0.000 0.000 0.000 0.000 0.000 0.000 0.000 0.000 0.000 0.000 28.592 47.601 46.593 46.569 46.533 46.489 46.437 48.378 47.313 47.240 47.159 41.065 18.948 34.763 44.630 0.000 0.000 18.972 25.829 34.641 21.431 42.205 59.985 44.781 11.609 53.491 0.000 0.000 1.351 4.243 4.146 6.032 15.915 13.800 14.689 16.582 19.481 13.385 14.296 30.214 40.137 40.065 39.999 39.937 39.878 39.824 39.773 39.725 39.681 39.640 39.603
22.296 27.220 42.145 54.069 53.993 53.915 53.839 53.767 53.699 54.630 41.535 0.000 0.000 0.000 0.000 0.000 0.000 13.378 0.000 0.000 0.000 0.000 0.000 3.541 38.542 45.533 46.514 46.486 46.450 46.407 48.358 46.304 46.246 46.184 30.123 26.071 0.000 0.000 0.000 0.000 3.728 10.619 32.463 18.284 23.091 65.895 48.703 27.530 37.400 0.000 31.460 8.359 4.241 4.126 6.009 14.894 25.782 25.674 27.570 33.472 28.378 39.291 40.209 40.132 40.061 39.994 39.932 39.874 39.820 39.769 39.721 39.677 39.636 39.598
24.370 43.295 54.220 54.146 54.073 54.000 53.930 53.865 53.809 59.771 0.000 0.000 0.000 0.000 0.000 0.000 13.378 25.379 12.380 27.381 23.383 0.000 0.000 25.491 32.491 43.484 46.470 46.447 46.418 47.382 46.343 46.300 46.255 42.210 31.170 36.144 0.000 0.000 0.000 0.000 20.592 12.457 30.308 6.151 7.981 55.800 54.608 46.407 32.180 31.846 20.561 15.382 4.237 4.107 3.985 13.871 35.761 42.656 41.554 41.457 33.366 40.279 40.198 40.123 40.052 39.986 39.924 39.866 39.812 39.761 39.714 39.670 39.629 39.591
31.443 51.369 55.296 54.223 54.152 54.083 54.016 53.955 53.903 60.872 0.000 0.000 0.000 0.000 0.000 0.000 2.378 22.379 22.380 21.382 24.386 8.395 16.411 24.440 24.448 41.444 47.433 46.415 46.391 46.363 46.332 46.298 47.264 39.232 35.205 29.190 0.000 0.000 0.000 0.000 0.000 12.310 31.163 8.030 3.883 42.715 59.524 56.310 37.069 15.797 14.557 15.370 6.219 3.081 3.954 6.843 17.736 37.634 40.534 40.439 32.348 40.263 40.184 40.109 40.039 39.974 39.913 39.856 39.802 39.752 39.705 39.661 39.620 39.581
