results2_8e3_rain/res_3e8f-0091.wd
ncols         241
nrows         181
xllcorner     12693529.787448
yllcorner     3542525.717860
cellsize      155.156523
NODATA_value  -9999.000000
[rows 0 to 32 of 181, columns 146 to 218 of 241]
0.000 0.000 0.000 0.000 0.000 0.000 0.000 0.000 0.000 0.000 0.000 0.000 0.000 0.000 3.730 14.625 15.450 15.229 14.981 14.721 14.462 14.217 13.998 13.811 13.657 13.538 13.449 13.388 13.349 13.327 13.318 18.314 0.000 0.000 0.000 0.000 0.000 0.000 0.000 0.000 0.000 0.000 0.000 0.000 0.000 0.000 0.000 0.000 0.000 0.000 0.000 0.000 0.000 0.000 0.000 0.000 0.000 0.000 0.000 0.000 0.000 0.000 0.000 0.000 0.000 0.000 0.000 0.000 0.000 0.000 0.000 0.000 0.000
0.000 0.000 0.000 0.000 0.000 0.000 0.000 0.000 0.000 0.000 0.000 0.000 0.000 0.000 14.835 15.696 15.495 15.257 14.994 14.719 14.447 14.192 15.967 14.776 13.623 13.507 13.422 13.365 13.331 13.315 13.312 18.311 0.000 0.000 0.000 0.000 0.000 0.000 0.000 0.000 0.000 0.000 0.000 0.000 0.000 0.000 0.000 0.000 0.000 0.000 0.000 0.000 0.000 0.000 0.000 0.000 0.000 0.000 0.000 0.000 0.000 0.000 0.000 0.000 0.000 0.000 0.000 0.000 4.359 0.000 0.000 0.000 0.000
0.000 0.000 0.000 0.000 0.000 0.000 0.000 0.000 0.000 0.000 0.000 0.000 0.000 18.371 17.079 15.828 15.577 15.309 15.019 14.715 14.415 16.138 15.899 13.705 13.554 13.443 13.367 13.320 13.296 13.290 15.303 9.307 0.000 0.000 0.000 0.000 0.000 0.000 0.000 0.000 0.000 0.000 0.000 0.000 0.000 0.000 0.000 0.000 9.426 0.000 0.000 0.000 19.103 0.000 0.000 0.000 0.000 0.000 0.000 0.000 0.000 0.000 0.000 0.000 0.000 0.000 0.000 0.000 7.360 0.000 0.000 0.000 0.000
0.000 0.000 0.000 0.000 0.000 0.000 0.000 0.000 0.000 0.000 0.000 0.000 2.038 17.664 16.281 15.961 15.675 15.383 15.058 14.707 15.359 15.047 13.788 13.589 13.444 13.345 13.284 13.252 13.242 19.247 0.000 0.000 0.000 0.000 0.000 0.000 0.000 0.000 0.000 0.000 0.000 0.000 0.000 0.000 0.000 0.000 0.000 0.000 53.426 0.000 0.000 0.000 21.103 0.000 0.000 0.000 0.000 0.000 0.000 0.000 0.000 0.000 0.000 0.000 4.583 0.000 0.000 0.000 6.361 7.361 0.000 0.000 0.000
0.000 0.000 0.000 0.000 0.000 0.000 0.000 0.000 0.000 0.000 0.000 7.782 1.108 1.978 16.422 16.061 15.778 15.490 15.124 14.696 15.268 14.901 13.618 13.418 13.288 13.210 13.172 13.162 14.172 15.210 0.000 0.000 0.000 0.000 0.000 0.000 0.000 0.000 0.000 0.000 0.000 0.000 0.000 18.428 13.428 0.000 0.000 9.426 37.427 0.000 0.000 0.000 21.104 0.000 0.000 0.000 0.000 0.000 0.000 0.000 0.000 0.000 19.605 23.595 25.584 0.000 0.000 10.367 5.363 5.362 15.361 0.000 0.000
0.000 0.000 0.000 0.000 0.000 0.000 0.000 0.000 0.000 0.000 10.374 3.034 1.485 1.041 0.980 14.082 15.888 15.674 15.251 16.685 16.117 13.670 13.365 13.179 13.078 13.035 13.032 13.051 19.076 0.000 0.000 0.000 0.000 0.000 0.000 0.000 0.000 0.000 0.000 0.000 0.000 0.000 0.000 0.000 19.428 11.429 9.429 0.000 22.427 0.000 0.000 0.000 6.106 19.106 10.103 8.098 17.093 0.000 0.000 0.000 0.000 0.000 19.615 21.598 26.573 5.543 0.000 11.372 14.364 0.000 0.000 0.000 0.000
0.000 0.000 0.000 0.000 0.000 0.000 0.000 0.000 0.000 0.000 6.679 3.455 3.142 2.681 0.226 0.403 9.018 17.066 16.523 16.676 13.846 13.296 12.995 12.854 12.810 12.822 12.869 12.934 8.005 0.000 0.000 0.000 0.000 0.000 15.445 48.445 0.000 0.000 0.000 0.000 0.000 0.000 0.000 0.000 19.429 32.429 67.430 29.430 30.428 1.428 0.000 0.000 3.108 22.110 7.106 3.098 20.089 0.000 0.000 0.000 0.000 0.000 6.643 12.611 8.567 8.515 12.444 15.385 23.357 0.000 0.000 0.000 1.517
0.000 0.000 0.000 0.000 0.000 0.000 0.000 0.000 0.000 29.636 30.208 6.888 2.553 2.855 2.605 0.576 0.257 4.460 17.097 14.649 13.296 12.673 12.463 12.435 12.484 12.574 13.687 10.810 0.000 0.000 0.000 0.000 0.000 0.000 0.000 36.445 43.446 25.446 17.446 0.000 0.000 0.000 0.000 0.000 0.000 0.000 60.431 39.431 0.000 0.000 0.000 0.000 0.000 15.121 30.114 28.099 30.077 22.038 13.990 16.935 15.872 24.797 28.703 25.635 26.570 26.504 21.434 16.369 13.322 0.000 0.000 0.000 0.000
0.000 0.000 0.000 0.000 0.000 0.000 0.000 0.000 23.514 41.065 42.627 32.237 8.925 1.398 2.579 0.594 2.057 6.389 5.146 14.527 12.015 11.639 11.748 11.937 12.118 13.304 13.495 0.000 0.000 0.000 0.000 0.000 0.000 0.000 0.000 0.000 34.446 44.446 49.446 0.000 0.000 0.000 0.000 0.000 0.000 0.000 32.433 24.433 29.433 0.000 0.000 0.000 0.000 27.141 12.129 6.108 13.082 25.046 12.998 11.943 20.884 29.817 16.738 12.656 15.576 21.499 27.419 29.335 27.241 13.109 4.019 0.000 0.000
0.000 0.000 0.000 0.000 0.000 0.000 0.000 19.434 28.963 44.484 41.997 42.507 35.013 11.521 0.684 4.075 13.394 5.955 1.893 2.588 5.598 10.120 10.954 11.447 11.749 17.026 0.000 0.000 0.000 0.000 0.000 0.000 0.000 0.000 0.000 0.000 1.447 47.447 0.446 0.000 0.000 0.000 0.000 0.000 0.000 28.439 38.435 14.434 30.434 50.434 0.000 0.000 5.192 29.173 8.154 2.120 5.100 18.068 7.014 6.954 8.906 10.849 7.776 8.676 2.580 6.497 12.408 13.311 11.199 20.067 21.931 24.769 32.646
0.000 0.000 0.000 0.000 0.000 0.000 24.376 22.905 46.419 42.911 42.371 41.782 42.101 37.203 19.698 11.508 7.112 0.000 0.000 3.949 2.161 2.824 10.502 11.146 16.405 0.000 0.000 0.000 0.000 0.000 0.000 0.000 25.451 0.000 0.000 0.000 8.449 48.449 0.000 0.000 0.000 0.000 0.000 0.000 23.445 67.443 0.437 3.434 25.434 52.434 0.000 0.000 2.213 27.204 7.195 0.165 3.128 5.112 1.094 0.030 6.939 22.898 5.842 1.692 15.572 11.500 8.407 15.303 15.179 18.028 26.868 30.731 17.616
0.000 0.000 0.000 0.000 0.000 28.265 16.846 45.391 43.899 43.369 42.793 42.150 41.405 41.494 38.344 24.137 3.613 0.000 0.000 44.860 4.029 0.000 0.000 13.232 9.319 0.000 0.000 0.000 0.000 0.000 0.000 0.000 21.452 16.452 25.452 37.451 41.450 31.450 0.000 0.000 0.000 22.451 37.450 42.449 66.447 22.446 0.000 0.000 27.435 15.435 0.000 0.000 5.242 32.236 19.227 3.214 51.173 79.149 28.126 4.085 20.012 66.962 18.925 0.000 60.579 33.526 8.418 15.315 17.187 6.999 15.784 28.672 11.573
0.000 0.000 0.000 0.000 0.000 17.684 39.353 45.913 44.417 43.874 43.280 42.621 41.876 41.019 41.059 40.043 29.318 4.193 49.491 46.641 0.000 0.000 0.000 0.000 0.000 0.000 0.000 0.000 0.000 0.000 0.000 20.452 16.452 21.452 35.452 45.452 29.451 16.451 0.000 0.000 0.000 31.452 30.451 26.450 65.449 25.448 0.000 0.000 6.437 0.000 0.000 0.000 26.278 28.273 22.263 10.244 9.202 42.186 83.159 21.117 14.063 71.013 21.974 0.000 67.640 37.606 0.516 2.351 8.256 0.000 12.596 11.601 0.000
0.000 0.000 0.000 0.000 22.003 32.434 47.970 45.492 44.981 44.430 43.832 43.178 42.455 41.665 40.749 40.035 38.907 51.245 50.910 0.240 0.000 0.000 0.000 0.000 0.000 0.000 0.000 0.000 0.000 36.451 39.451 21.452 20.452 35.453 45.453 31.453 14.452 16.452 16.454 14.455 12.455 24.454 27.453 37.451 77.450 11.449 0.000 0.000 43.439 0.000 0.000 0.000 25.320 25.316 12.308 4.299 0.276 10.234 7.207 47.163 78.112 95.054 75.982 64.871 90.737 84.660 75.594 21.488 1.218 17.368 12.405 1.416 0.000
0.000 0.000 0.000 23.040 32.571 50.080 46.599 46.105 45.586 45.033 44.441 43.801 43.121 42.327 41.817 39.499 51.257 51.260 35.378 17.782 4.964 0.000 0.000 0.000 0.000 0.000 0.000 0.000 0.000 0.000 0.000 0.451 38.453 42.454 34.455 19.456 0.000 0.000 0.000 18.457 14.456 24.455 23.454 46.453 43.452 0.000 0.000 0.000 46.441 0.000 0.000 0.000 23.365 35.363 14.356 20.345 43.346 20.310 2.271 26.217 49.167 83.110 49.032 28.893 76.778 66.704 41.642 10.569 0.000 66.245 34.243 6.204 0.000
0.000 0.000 0.000 28.509 48.162 47.716 47.240 46.744 46.224 45.676 46.093 45.487 43.778 43.399 40.876 51.261 51.254 38.879 40.513 38.214 22.207 3.205 0.000 0.000 0.000 0.000 0.000 0.000 0.000 0.000 0.000 0.000 6.454 38.454 16.456 14.460 20.463 0.000 0.000 19.460 17.459 23.457 24.456 46.454 42.454 0.000 0.000 6.445 53.443 0.000 0.000 0.000 26.413 29.415 10.409 10.380 56.387 91.387 40.352 8.267 24.232 71.186 31.143 0.000 63.777 50.738 8.701 0.642 0.000 73.124 37.121 9.109 10.100
0.000 0.000 28.930 46.326 49.850 48.382 47.902 47.406 46.890 47.349 45.793 45.144 44.855 42.340 51.507 51.328 40.301 41.140 40.201 30.630 11.415 0.000 0.000 0.000 0.000 0.000 0.000 0.000 0.000 0.000 0.000 0.000 0.000 0.000 0.000 19.463 16.467 15.470 17.468 19.464 15.461 23.459 25.457 37.456 33.454 0.000 14.449 47.448 0.000 0.000 0.000 0.000 22.461 28.473 14.486 0.000 1.512 26.501 13.482 0.000 13.307 68.260 24.210 0.000 60.814 45.771 3.734 0.000 0.000 72.007 37.008 9.012 0.019
0.000 28.060 41.534 51.015 49.532 49.059 48.580 48.089 48.579 48.059 46.452 46.213 43.702 52.228 51.814 41.802 42.839 40.748 28.015 0.000 0.000 0.000 0.000 0.000 0.000 0.000 0.000 0.000 0.000 0.000 0.000 0.000 0.000 0.000 0.000 0.000 23.473 33.473 44.471 32.467 21.463 25.461 22.459 27.456 20.454 39.452 57.450 45.449 0.000 0.000 0.000 0.000 20.496 25.532 31.577 29.655 17.646 7.625 20.594 52.552 71.431 92.336 72.229 55.072 88.896 81.797 63.729 23.683 0.000 69.891 41.895 13.920 0.940
25.013 36.585 51.132 50.667 50.204 49.741 49.271 49.787 49.299 47.724 47.523 45.024 53.263 52.720 43.231 44.438 45.423 23.640 0.000 0.000 0.000 0.000 0.000 0.000 0.000 0.000 0.000 0.000 0.000 0.000 0.000 0.000 0.000 0.000 0.000 0.000 21.480 25.479 43.476 2.472 0.000 32.462 23.461 26.457 22.455 10.452 29.451 44.450 31.450 0.000 0.000 0.000 0.000 28.583 30.634 23.744 11.716 20.759 71.718 62.630 43.531 44.425 45.299 45.091 44.903 45.791 47.705 18.637 0.000 68.772 44.761 7.848 1.863
28.441 52.137 51.742 51.316 50.877 50.431 49.973 49.514 48.970 48.801 46.319 54.431 53.837 44.550 45.842 44.913 40.500 0.270 0.000 0.000 0.000 0.000 0.000 0.000 0.000 0.000 0.000 0.000 0.000 0.000 0.000 0.000 0.000 0.000 0.000 0.000 22.488 33.486 17.483 0.000 0.000 29.466 26.465 0.000 0.000 14.452 28.451 43.451 40.450 9.450 0.000 0.000 0.000 0.000 0.000 12.969 0.000 57.978 58.890 7.719 13.637 55.536 26.451 0.000 43.832 33.761 13.662 11.524 1.945 68.665 39.530 0.000 0.000
46.173 53.778 52.384 51.976 51.558 52.128 50.699 50.189 50.056 47.597 55.649 55.036 44.779 47.106 46.175 46.633 16.058 0.000 0.000 0.000 0.000 0.000 0.000 0.000 0.000 0.000 0.000 0.000 0.000 0.000 0.000 0.000 0.000 0.000 0.000 0.000 42.498 40.493 44.488 41.483 37.477 37.470 31.468 0.000 0.000 14.452 27.452 45.451 52.451 15.450 0.000 0.000 0.000 0.000 0.000 5.195 25.405 72.286 35.147 0.000 62.763 63.631 12.518 0.000 19.834 75.759 34.660 2.517 1.937 63.458 81.167 67.581 71.740
55.795 53.419 53.039 52.649 52.247 53.847 51.370 51.280 48.855 56.888 56.265 39.950 44.237 48.363 44.896 22.255 0.000 0.000 0.000 0.000 0.000 0.000 0.000 0.000 0.000 0.000 0.000 0.000 0.000 0.000 0.000 0.000 0.000 0.000 0.000 41.525 40.512 41.502 43.493 42.485 40.478 41.472 34.468 0.000 0.000 15.453 27.452 50.451 23.451 0.000 0.000 0.000 0.000 0.000 21.683 0.393 64.736 58.614 2.321 58.254 71.021 19.708 7.472 10.191 4.910 35.781 74.692 31.624 0.000 63.291 66.098 39.839 0.000
46.404 53.063 53.704 53.330 52.957 52.506 52.455 50.065 58.094 57.513 23.069 28.313 31.283 49.995 33.659 0.000 0.000 0.000 0.000 0.000 0.000 0.000 0.000 32.330 21.329 0.000 0.000 0.000 0.000 0.000 0.000 0.000 0.000 0.000 0.000 18.537 12.525 15.511 19.497 14.486 13.477 12.470 14.466 18.461 12.458 5.455 20.453 0.000 0.000 0.000 0.000 0.000 0.000 0.000 16.703 7.523 8.176 8.007 0.018 20.420 21.359 0.000 0.000 0.000 10.836 3.763 25.704 18.662 0.478 31.319 0.000 0.000 0.000
25.048 40.726 53.381 56.033 53.603 53.578 51.191 59.084 58.628 31.907 0.000 41.584 0.000 53.549 22.105 0.000 0.000 0.000 0.000 0.000 0.000 0.000 0.000 39.332 33.327 0.000 0.000 0.000 0.000 0.000 0.000 0.000 0.000 4.673 0.000 19.562 15.540 15.518 15.498 15.484 15.474 15.467 15.463 17.461 0.000 0.000 0.000 20.680 0.000 0.000 0.000 0.000 0.000 26.077 13.903 12.699 4.437 5.232 5.088 2.781 16.636 0.000 0.000 0.000 0.000 6.731 1.698 14.674 13.664 0.000 0.000 0.000 0.000
16.734 24.409 47.082 51.686 54.672 52.239 59.748 59.456 38.688 14.509 0.000 58.168 56.083 42.558 0.000 0.000 0.000 0.000 0.000 0.000 0.000 0.000 42.359 48.338 19.322 0.000 0.000 0.000 0.000 0.000 0.000 0.000 0.000 21.673 19.653 16.608 15.557 12.523 16.495 16.479 16.469 16.462 16.458 19.458 0.000 0.000 0.000 18.680 18.680 0.000 0.000 0.000 0.000 13.251 6.134 4.932 3.643 3.397 3.195 2.904 3.770 12.769 0.000 0.000 0.000 0.000 7.682 10.675 8.670 0.000 0.000 0.000 0.000
20.441 31.104 35.757 33.683 45.271 60.062 59.950 43.574 22.362 15.881 0.000 37.813 50.525 24.042 0.000 0.000 0.000 0.000 30.548 36.533 28.503 26.441 35.380 28.339 18.301 0.000 0.000 0.000 0.000 0.000 0.000 0.000 0.000 19.693 16.679 15.659 0.000 0.000 21.478 15.469 15.460 15.453 15.451 16.454 0.000 0.000 0.000 19.681 18.680 0.000 0.000 0.000 10.544 6.544 6.449 6.253 4.805 4.520 8.357 0.000 0.000 0.000 0.000 0.000 0.000 0.000 7.676 2.673 2.670 3.670 0.000 0.000 0.000
32.112 45.781 21.525 20.422 60.092 60.095 46.472 33.228 29.594 34.455 0.000 4.798 40.162 0.000 0.000 0.000 0.000 26.578 30.563 32.549 30.535 0.000 0.000 0.000 30.241 14.182 0.000 0.000 0.000 0.000 0.000 0.000 0.000 29.728 26.711 1.694 0.000 0.000 34.471 20.460 16.448 15.439 19.439 0.000 0.000 0.000 32.682 13.681 17.681 0.000 0.000 0.000 0.000 11.933 6.865 10.827 0.000 0.000 0.000 0.000 0.000 0.000 0.000 0.000 0.000 0.000 7.672 2.671 2.670 7.670 0.000 0.000 0.000
52.752 41.365 21.455 16.986 60.013 21.421 27.175 29.438 33.148 51.772 61.280 49.370 0.000 0.000 0.000 0.000 24.607 18.593 24.578 39.563 38.554 0.000 0.000 0.000 0.000 31.123 0.000 0.000 0.000 15.932 0.000 0.000 31.822 30.779 36.744 29.710 0.000 48.497 45.475 43.453 41.432 33.417 14.428 1.428 0.000 8.689 61.683 15.681 16.681 0.000 0.000 0.000 0.000 17.390 3.400 8.362 0.000 0.000 0.000 0.000 0.000 0.000 0.000 0.000 0.000 3.669 5.670 7.670 1.669 6.669 0.000 0.000 0.000
61.276 48.396 30.719 59.413 17.345 19.163 18.367 18.043 27.648 55.227 50.695 22.033 0.000 0.000 23.680 0.000 31.621 23.609 34.593 29.573 8.563 0.000 0.000 0.000 0.000 35.064 11.049 0.000 0.000 11.932 19.932 23.911 25.865 27.822 17.776 14.691 22.587 22.520 42.479 25.445 19.409 17.370 0.000 0.000 0.000 3.694 71.682 27.679 0.000 0.000 0.000 0.000 0.000 30.836 3.849 10.859 0.000 0.000 0.000 0.000 0.000 0.000 0.000 0.000 0.000 5.669 20.669 18.669 11.669 0.000 0.000 0.000 0.000
59.274 57.528 58.773 36.167 24.113 20.292 19.964 18.574 25.198 40.788 36.242 0.000 0.000 0.000 26.680 47.670 42.648 43.629 25.611 0.000 0.000 0.000 0.000 0.000 25.999 17.020 9.034 0.000 0.000 0.000 23.955 27.936 27.903 27.871 11.846 0.000 18.551 19.515 43.476 29.440 23.390 9.284 16.093 30.956 50.827 39.712 63.671 28.675 0.000 0.000 0.000 0.000 0.000 29.270 5.291 6.366 11.591 0.000 0.000 0.000 0.000 0.000 0.000 0.000 0.000 0.000 24.669 21.669 0.000 0.000 0.000 0.000 0.000
57.297 58.644 57.932 56.985 39.166 18.848 19.467 20.115 18.777 21.488 0.000 0.000 0.000 0.000 42.690 32.684 30.671 26.650 0.000 0.000 0.000 0.000 0.000 26.970 17.978 13.983 0.000 0.000 0.000 0.000 23.996 31.974 40.943 39.912 41.891 29.893 0.000 0.000 46.469 30.449 4.425 0.000 19.039 28.949 55.814 17.655 1.551 0.000 0.000 0.000 0.000 0.000 0.000 20.683 7.679 8.722 11.818 0.000 0.000 0.000 0.000 0.000 0.000 0.000 0.000 0.000 0.000 0.000 0.000 0.000 0.000 0.000 0.000
58.641 57.640 59.780 59.973 43.676 20.307 22.968 22.639 20.308 20.898 0.000 22.720 0.000 0.000 36.706 36.704 43.701 0.000 0.000 1.364 0.000 0.000 0.000 21.963 15.958 9.952 0.000 0.000 0.000 0.000 22.058 23.024 24.982 23.944 21.913 13.895 0.000 0.000 48.483 34.462 19.437 0.000 18.074 28.987 52.826 8.490 3.990 0.000 0.000 0.000 0.000 0.000 0.000 28.100 7.021 9.025 9.140 10.363 14.447 0.000 0.000 0.000 0.000 0.000 0.000 0.000 0.000 0.000 0.000 0.000 0.000 0.000 0.000
58.286 60.504 59.716 60.442 34.089 24.765 44.455 38.165 19.919 0.000 0.000 19.721 34.721 39.722 25.724 46.727 38.728 0.000 0.000 15.365 46.365 0.000 0.000 22.961 16.941 13.915 0.000 0.000 30.350 26.273 22.155 24.080 29.020 28.967 26.921 37.880 29.839 0.000 48.517 40.480 40.425 32.331 13.197 31.100 39.011 0.000 6.223 0.000 0.000 0.000 0.000 0.000 0.000 32.597 4.279 6.219 7.354 8.502 13.531 0.000 0.000 0.000 0.000 0.000 0.000 0.000 0.000 0.000 0.000 0.000 0.000 0.000 0.000
