results2_8e3_rain/res_3e8f-0122.wd
ncols         241
nrows         181
xllcorner     12693529.787448
yllcorner     3542525.717860
cellsize      155.156523
NODATA_value  -9999.000000
[rows 99 to 131 of 181, columns 73 to 145 of 241]
57.788 57.768 57.747 56.726 56.705 61.683 64.662 61.641 57.626 57.619 51.620 7.624 0.000 0.000 0.000 0.000 0.000 13.095 71.113 96.087 94.089 93.254 99.937 99.865 92.970 93.667 93.515 93.407 94.303 94.205 93.117 97.042 55.989 0.000 0.000 0.000 0.000 0.000 0.000 28.082 54.002 65.841 33.568 15.411 45.360 48.294 46.212 50.096 46.850 44.447 14.074 38.813 42.678 57.588 63.523 66.474 64.438 59.412 52.395 47.386 42.381 20.373 0.000 0.000 0.000 0.000 14.680 32.679 44.679 68.679 69.679 69.678 69.678
57.827 57.808 56.789 54.768 58.745 63.722 64.696 64.668 58.647 55.634 60.629 60.629 21.629 0.000 15.885 45.835 22.731 2.502 59.361 99.238 94.489 94.508 99.997 92.286 94.075 93.729 93.642 93.532 93.427 93.328 95.241 94.172 30.126 0.000 0.000 0.000 0.000 0.000 0.000 32.264 38.202 49.133 0.000 0.000 40.523 48.465 47.370 51.229 51.008 21.727 0.000 33.710 47.648 52.581 73.527 74.485 74.453 75.430 76.413 74.404 55.399 0.000 0.000 0.000 0.000 0.000 0.000 31.677 44.676 68.676 69.675 69.675 69.674
57.867 56.850 56.831 59.810 62.787 63.763 38.734 2.687 31.658 67.642 40.635 14.631 6.630 0.000 26.934 76.890 73.803 65.678 84.533 95.674 92.657 100.081 93.571 94.377 93.944 93.879 93.763 93.654 93.544 94.438 92.348 80.277 27.217 0.216 0.000 0.000 0.000 0.000 35.662 42.506 40.412 41.356 14.387 0.000 46.745 64.673 57.575 52.444 27.226 0.000 0.000 16.667 6.625 46.560 71.518 75.485 73.460 73.440 73.426 75.417 48.413 42.417 42.419 48.419 0.000 0.000 0.000 8.675 43.673 68.672 69.672 69.671 69.671
56.909 55.894 60.875 63.854 63.831 63.808 28.790 0.000 0.000 10.639 1.637 0.000 0.000 0.000 20.029 82.987 88.914 96.819 96.767 93.884 100.430 100.214 93.542 94.253 94.104 93.995 93.887 93.776 93.659 99.533 49.434 17.373 1.302 0.000 0.000 0.586 0.000 26.952 44.818 40.688 40.581 39.494 45.417 11.277 40.038 65.907 64.813 62.745 0.000 0.000 0.000 0.000 0.000 44.517 73.500 77.479 74.460 73.444 71.432 60.424 41.420 37.420 38.420 22.419 0.000 0.000 0.000 0.000 39.670 68.669 69.669 69.668 65.667
55.954 61.940 63.923 63.901 61.875 67.846 37.829 0.000 0.000 0.000 0.000 0.000 0.000 0.000 31.164 89.116 92.052 95.923 95.152 95.159 100.623 92.933 94.638 94.313 94.227 94.118 94.012 97.904 103.782 58.600 27.485 2.437 0.000 0.000 0.000 0.077 28.197 51.087 44.968 37.847 42.732 46.622 43.511 41.377 55.223 59.106 49.024 56.978 0.000 0.000 0.000 0.000 0.000 50.492 74.484 79.472 78.458 74.445 69.435 38.428 36.424 37.422 44.422 0.000 0.000 0.000 0.000 33.666 37.667 66.667 69.666 69.665 63.664
63.002 63.991 63.974 62.951 40.923 6.873 25.851 27.851 0.000 0.000 0.000 0.000 0.000 22.468 75.348 89.269 92.170 94.324 95.329 100.962 100.800 93.912 94.613 94.452 94.346 94.239 98.139 60.047 19.966 0.000 37.467 23.454 0.000 0.000 0.000 0.000 36.309 70.231 61.122 56.000 50.877 51.753 49.627 50.497 63.370 57.269 41.199 43.166 0.000 0.000 0.000 0.000 0.000 50.476 78.472 43.467 41.456 73.443 76.435 46.430 37.426 42.424 12.423 0.000 0.000 0.000 0.000 6.666 33.665 51.665 67.664 70.663 63.662
64.055 64.047 60.031 64.008 45.990 0.000 16.851 46.850 0.000 0.000 0.000 0.000 12.684 74.588 88.493 94.412 94.380 94.519 101.253 101.112 93.246 95.020 94.668 94.577 94.463 94.355 98.256 70.179 2.141 0.000 7.463 10.459 0.000 0.000 0.000 0.000 23.498 55.407 60.287 70.156 66.022 53.886 56.747 65.614 60.494 48.399 40.339 41.321 15.370 16.383 0.000 0.000 0.000 48.464 82.462 0.000 0.000 22.437 69.433 59.429 40.427 19.425 0.000 0.000 0.000 0.000 0.000 0.000 6.664 30.663 56.662 66.661 59.660
62.114 59.111 58.094 74.061 53.041 0.000 15.850 43.850 0.000 0.000 0.000 6.854 70.781 83.704 93.631 96.509 95.751 93.778 101.383 92.560 94.333 90.890 92.816 94.692 94.577 95.462 89.353 79.271 27.206 0.000 0.000 0.000 0.000 0.000 0.000 11.009 45.778 50.612 50.462 52.317 61.170 64.020 66.864 60.717 47.591 41.497 40.436 39.408 43.408 28.395 0.000 0.000 0.000 37.453 74.450 40.442 29.438 21.435 64.431 70.428 50.426 0.000 0.000 1.418 0.000 0.000 0.000 0.000 0.000 25.660 49.660 54.659 41.659
56.180 65.188 61.175 2.100 3.070 0.000 6.850 6.850 0.000 0.000 0.000 7.926 86.883 88.824 96.734 95.898 94.916 101.614 101.503 94.521 94.207 94.047 93.928 92.809 93.690 95.565 52.421 3.346 0.000 0.000 0.000 0.000 0.000 14.746 31.552 46.239 56.995 53.801 52.633 49.477 50.323 53.159 64.972 65.798 57.657 46.561 39.501 39.468 41.457 0.000 0.000 0.000 0.000 22.446 64.443 42.439 38.437 38.433 70.428 73.425 56.423 19.420 9.419 52.419 0.000 0.000 0.000 0.000 0.000 28.659 52.658 47.658 33.657
57.252 67.286 54.313 0.000 0.000 0.000 3.850 15.850 0.000 0.000 0.000 74.042 84.001 95.944 95.937 95.078 101.810 101.715 93.838 95.611 95.261 95.166 95.046 94.927 96.807 46.686 0.000 0.000 0.000 0.000 0.000 4.462 30.262 46.940 59.671 55.400 54.163 53.964 53.791 54.637 52.487 51.320 25.068 43.848 68.677 50.589 38.537 41.508 39.496 27.503 0.000 0.000 0.000 23.442 56.438 34.435 0.000 0.000 26.424 63.423 52.421 61.419 68.418 27.418 0.000 0.000 0.000 0.000 0.000 3.658 43.657 41.656 34.656
55.322 59.389 58.478 34.609 0.000 0.000 0.000 1.850 4.850 0.000 27.299 87.200 94.135 96.054 96.210 94.330 101.897 94.130 95.910 95.473 95.403 95.281 96.164 97.045 58.926 0.000 0.000 0.000 0.000 0.000 6.934 49.663 60.384 56.080 54.793 54.527 54.295 54.099 53.933 53.791 53.669 62.565 1.370 0.000 36.616 45.582 37.551 46.529 46.517 28.510 0.000 0.000 0.000 0.000 40.431 77.429 45.425 0.000 19.421 64.420 58.419 49.418 49.417 0.000 0.000 0.000 0.000 0.000 0.000 0.000 22.655 33.655 34.655
67.376 5.471 61.600 59.740 48.915 8.032 0.000 0.000 0.000 18.468 77.398 91.324 97.260 96.241 95.391 102.045 101.975 95.081 95.777 95.624 95.512 96.401 98.283 59.164 0.000 0.000 0.000 0.000 5.760 36.573 47.206 58.871 55.533 55.202 51.894 51.620 51.391 52.203 54.050 53.927 56.832 33.772 0.000 0.000 16.588 41.573 40.555 58.541 54.533 0.000 0.000 0.000 0.000 0.000 24.425 69.424 81.422 38.420 64.419 78.418 70.417 46.416 39.415 11.413 0.000 0.000 0.000 0.000 0.000 0.000 28.654 34.654 38.654
49.403 2.520 63.712 53.837 60.973 53.149 14.441 2.406 11.540 78.539 87.497 97.450 96.332 96.594 94.617 102.106 94.373 96.164 95.823 95.737 96.628 97.525 51.404 0.000 0.000 0.000 0.000 0.000 48.948 59.754 57.444 56.081 57.676 57.300 62.963 67.668 62.445 55.273 49.138 53.034 58.960 16.919 0.000 0.000 12.577 44.566 45.555 67.547 55.542 0.000 0.000 0.000 0.000 0.000 12.421 64.421 73.420 78.418 74.417 74.416 78.416 62.415 41.413 42.412 11.411 4.410 0.000 0.000 0.000 30.652 35.652 33.652 38.652
0.000 0.000 31.857 82.924 45.990 0.000 0.000 16.651 76.661 81.649 95.621 96.523 96.796 94.720 102.190 94.635 96.442 96.017 95.957 96.845 93.738 48.667 0.000 0.000 0.000 0.000 4.885 51.694 59.329 57.051 56.737 60.334 34.790 13.360 15.989 32.645 58.448 60.306 61.196 53.112 54.055 15.025 0.000 0.000 0.000 25.558 43.553 50.549 49.546 0.000 0.000 0.000 0.000 0.000 12.418 55.418 68.417 73.416 74.416 75.415 71.414 67.413 52.412 40.411 44.410 50.409 0.000 0.000 0.000 0.000 33.652 34.651 36.651
0.000 0.000 8.934 84.012 71.074 0.000 0.000 23.815 84.804 92.783 96.725 97.912 97.940 102.513 102.316 95.587 96.301 96.160 96.061 90.956 80.811 31.739 0.000 0.000 4.421 40.304 49.076 60.868 57.622 57.385 61.119 38.726 0.000 0.000 0.000 18.476 56.395 53.306 57.228 63.165 63.122 41.100 0.000 0.000 0.000 7.555 45.552 39.549 46.548 0.000 0.000 0.000 0.000 0.000 17.416 42.416 59.415 73.415 68.414 61.414 63.413 24.413 49.412 58.410 51.409 47.409 0.000 0.000 0.000 0.000 0.000 28.650 33.650
0.000 0.000 0.000 12.116 61.220 1.858 12.040 77.990 89.957 96.925 96.931 97.099 102.870 102.696 94.878 96.674 96.340 96.267 89.176 55.107 0.000 0.000 0.000 12.649 58.539 52.413 60.250 58.080 57.905 58.748 36.629 0.000 0.000 0.000 0.000 17.389 59.350 53.297 53.243 55.198 59.168 61.155 13.169 0.000 0.000 0.000 26.550 45.549 20.548 0.000 0.000 0.000 0.000 0.000 10.414 38.414 49.413 56.413 48.413 45.412 10.413 0.000 0.000 42.408 46.408 55.407 0.000 0.000 0.000 0.000 0.000 22.650 33.649
0.000 0.000 0.000 0.000 0.089 12.205 81.185 86.148 97.117 97.033 98.304 98.367 103.033 95.181 96.958 96.525 96.463 86.360 75.272 39.189 0.000 0.000 0.000 52.759 74.674 59.560 51.429 59.296 57.172 60.074 30.020 0.000 0.000 0.000 13.332 48.340 55.320 54.287 54.250 51.218 47.195 49.183 11.183 0.000 0.000 0.000 7.549 52.548 0.547 0.000 0.000 0.000 0.000 0.000 10.413 40.412 39.412 38.411 36.411 42.411 0.000 0.000 0.000 17.407 40.407 58.406 2.405 0.000 0.000 0.000 0.000 0.000 26.649
0.000 0.000 0.000 0.000 0.000 84.379 83.348 97.309 97.245 98.434 98.494 103.332 103.187 96.135 97.818 95.660 81.544 70.448 44.360 0.000 0.000 0.000 47.101 64.954 64.838 71.724 59.611 49.503 55.413 65.355 68.357 31.484 0.000 0.000 12.325 60.319 54.304 54.280 53.254 49.229 43.211 44.200 10.196 0.000 0.000 0.000 0.000 25.547 33.547 0.000 0.000 0.000 0.000 0.000 18.412 42.411 36.410 37.410 37.410 39.409 22.408 0.000 0.000 0.000 27.406 48.405 26.404 0.402 0.000 0.000 0.000 0.000 21.649
0.000 0.000 0.000 0.000 23.695 84.584 96.519 97.467 98.463 100.638 103.602 103.469 95.446 97.208 93.858 82.757 71.609 43.529 0.000 0.000 0.000 49.385 70.249 56.117 47.999 61.889 73.786 61.694 64.621 65.575 52.570 58.611 37.659 0.315 20.322 52.310 48.295 55.277 50.255 42.235 41.220 45.210 7.206 0.000 0.000 0.000 0.000 12.547 52.547 0.000 0.000 0.000 0.000 0.000 0.000 24.409 39.409 37.409 37.408 37.408 45.407 0.000 0.000 0.000 0.000 29.403 40.403 46.403 0.000 0.000 0.000 0.000 0.000
0.000 0.000 0.000 0.000 66.806 92.741 98.683 97.580 97.839 95.909 103.730 95.731 97.494 92.061 80.992 55.870 0.000 0.000 0.000 0.000 49.650 70.521 57.392 46.267 46.152 48.046 58.950 73.867 64.801 49.757 57.735 59.732 33.727 0.000 17.312 77.302 64.291 53.276 47.255 43.235 40.223 41.216 35.212 0.000 0.000 0.000 0.000 0.000 31.546 3.546 0.000 0.000 0.000 0.000 0.000 4.408 41.408 37.408 37.407 37.407 39.406 23.406 0.000 0.000 0.000 10.403 37.403 40.402 0.000 0.000 0.000 0.000 0.000
0.000 0.000 0.000 70.101 66.982 72.901 87.809 98.977 96.032 103.967 103.851 96.665 92.350 81.201 60.094 0.000 0.000 31.402 0.000 1.969 74.780 57.657 46.530 47.409 46.296 49.193 63.102 72.023 72.961 56.915 52.883 63.854 37.791 0.000 0.000 8.296 21.290 3.283 0.000 13.226 44.221 51.217 52.215 38.215 0.000 0.000 0.000 0.000 0.000 0.000 0.000 0.000 0.000 0.000 0.000 5.407 41.407 40.407 43.407 38.406 35.406 44.405 0.000 0.000 0.000 17.402 51.402 56.402 0.000 0.000 0.000 0.000 0.000
0.000 0.000 9.318 71.219 68.123 69.042 79.015 95.175 104.188 104.079 95.947 92.711 80.380 54.303 0.000 0.000 48.457 47.402 29.292 13.118 62.939 46.796 47.664 46.542 47.430 62.329 68.240 32.164 23.103 75.059 61.028 39.011 0.000 0.000 0.000 0.000 0.000 0.000 0.000 10.222 62.220 56.217 53.216 49.215 4.215 0.000 0.000 0.000 0.000 0.000 0.000 0.000 0.000 0.000 0.000 29.406 38.406 13.407 0.000 13.406 38.405 42.405 0.000 0.000 0.000 19.402 55.402 24.402 0.000 0.000 0.000 0.000 0.000
0.000 84.498 72.417 69.333 67.256 68.133 69.374 73.435 104.294 95.191 90.950 80.539 54.494 0.000 0.000 0.000 52.512 50.458 70.355 54.216 47.065 47.922 46.789 49.666 69.554 66.453 47.364 43.290 48.231 76.188 73.161 37.151 0.000 0.000 0.000 0.000 0.000 0.000 0.000 10.220 69.219 69.217 64.216 55.215 0.213 0.000 0.000 0.000 0.000 0.000 0.000 0.000 0.000 0.000 2.405 41.405 43.406 0.000 0.000 0.000 41.404 42.404 0.000 0.000 0.000 0.000 26.402 0.000 0.000 0.000 0.000 0.000 0.000
0.706 82.578 96.518 88.448 73.351 74.507 66.552 104.493 104.395 74.073 78.749 54.647 0.000 0.000 0.000 0.000 54.621 67.561 65.457 47.325 47.181 47.039 57.905 69.780 58.666 47.564 47.475 47.401 48.342 57.300 75.277 71.281 32.331 0.000 0.000 0.000 0.000 0.000 0.000 0.000 55.217 57.216 69.215 70.215 26.214 0.000 0.000 0.000 0.000 0.000 0.000 0.000 0.000 0.000 33.405 43.405 20.405 0.000 0.000 2.404 42.404 40.404 0.000 0.000 0.000 0.000 0.000 0.000 0.000 0.000 0.000 0.000 0.000
18.792 95.705 98.632 98.561 93.533 83.686 104.683 104.588 66.219 61.007 0.000 0.000 0.000 0.000 0.000 0.000 65.791 70.708 46.587 48.445 48.296 60.149 69.010 50.882 47.765 47.662 47.572 47.496 47.436 47.393 56.368 76.364 69.382 43.411 34.423 38.426 7.427 0.000 0.000 0.000 0.000 35.215 75.215 75.214 36.214 0.000 0.000 0.000 0.000 0.000 0.000 0.000 0.000 0.000 22.405 21.405 0.000 0.000 0.000 0.000 22.404 49.404 0.000 0.000 0.000 0.000 0.000 0.000 0.000 0.000 0.000 0.000 0.000
88.893 98.817 98.751 98.634 102.875 93.930 104.776 66.295 68.972 63.718 0.000 0.000 0.000 0.000 0.000 59.220 71.043 47.895 48.738 48.573 56.409 69.252 47.106 47.973 47.853 47.746 47.653 47.576 47.514 47.468 47.438 51.423 52.423 47.429 48.432 55.428 37.427 0.000 0.000 0.000 0.000 0.000 30.214 66.214 29.213 0.000 0.000 0.000 0.000 0.000 0.000 0.000 0.000 0.000 0.000 0.000 0.000 0.000 0.000 0.000 0.000 1.403 0.000 0.000 0.000 0.000 0.000 0.000 0.000 0.000 0.000 0.000 0.000
94.993 94.929 98.837 99.996 97.040 104.955 104.865 70.918 55.304 0.597 3.596 0.596 0.000 0.000 0.000 76.398 53.266 49.090 48.896 50.701 71.514 51.343 48.188 48.051 47.927 47.816 47.720 47.640 47.577 47.528 47.493 46.469 45.456 48.450 30.447 0.000 0.000 0.000 0.000 0.000 0.000 0.000 0.000 59.213 47.213 14.213 0.000 0.000 0.000 0.000 0.000 0.000 0.000 0.000 0.000 0.000 0.000 0.000 0.000 0.000 0.000 0.000 0.000 0.000 0.000 0.000 0.000 0.000 0.000 0.000 0.000 0.000 0.000
74.105 74.038 78.013 74.167 105.131 105.043 82.470 63.593 54.403 0.000 0.000 0.596 0.000 0.000 0.000 51.707 47.533 47.304 46.057 58.820 51.605 45.416 46.255 46.114 45.988 45.872 46.771 47.689 47.624 47.574 46.536 44.506 46.482 46.467 43.460 33.460 36.459 38.457 37.455 39.454 10.453 0.000 0.000 0.000 56.212 28.212 0.000 0.000 0.000 0.000 0.000 0.000 0.000 0.000 0.000 0.000 0.000 0.000 0.000 0.000 0.000 0.000 0.000 0.000 0.000 0.000 0.000 0.000 0.000 0.000 0.000 0.000 0.000
89.221 111.107 76.351 106.406 105.216 65.068 55.640 0.000 69.590 27.861 0.000 0.000 0.000 0.000 95.607 74.190 44.855 52.536 63.207 61.917 57.671 55.462 55.300 55.164 54.039 47.913 43.803 47.720 47.657 47.609 46.571 46.536 50.498 50.477 51.466 61.462 61.459 57.457 50.455 49.453 28.453 0.000 0.000 0.000 15.212 21.212 0.000 0.000 0.000 0.000 0.000 0.000 0.000 0.000 0.000 0.000 0.000 0.000 0.000 0.000 0.000 0.000 0.000 0.000 0.000 0.000 0.000 0.000 0.000 0.000 0.000 0.000 0.000
137.302 115.897 113.940 105.375 105.297 93.164 0.000 36.485 64.485 138.134 113.672 0.319 43.104 32.564 94.023 53.593 51.161 122.778 113.318 108.969 108.701 107.462 106.317 105.203 104.092 74.938 41.809 47.730 47.676 47.635 47.602 39.569 0.000 0.000 0.000 0.000 0.000 0.000 14.453 66.452 45.451 16.451 0.000 0.000 0.000 0.000 0.000 0.000 0.000 0.000 0.000 0.000 0.000 0.000 0.000 0.000 0.000 0.000 0.000 0.000 0.000 0.000 0.000 0.000 0.000 0.000 0.000 0.000 0.000 0.000 0.000 0.000 0.000
95.472 115.057 105.518 105.448 89.707 0.000 0.000 0.000 7.734 59.516 47.232 0.000 24.624 0.000 53.329 49.997 59.419 115.099 0.000 0.779 0.000 51.367 60.305 121.239 34.189 0.000 51.763 47.717 47.680 48.652 30.635 0.000 0.000 0.000 0.000 0.000 0.000 0.000 0.000 19.451 66.450 22.450 0.000 0.000 0.000 0.000 0.000 0.000 0.000 0.000 0.000 0.000 0.000 0.000 0.000 0.000 0.000 0.000 0.000 0.000 0.000 0.000 0.000 0.000 0.000 0.000 0.000 0.000 0.000 0.000 0.000 0.000 0.000
116.230 114.282 105.584 114.201 116.048 36.336 0.000 15.199 42.200 51.965 28.507 5.325 46.143 91.600 89.968 82.646 0.000 34.098 0.000 12.390 34.362 62.334 107.298 70.261 35.234 0.000 0.000 53.696 47.675 48.659 29.650 0.000 0.000 0.000 0.000 0.000 0.000 0.000 0.000 0.000 13.449 52.449 17.448 0.000 0.000 0.000 0.000 0.000 0.000 0.000 0.000 0.000 0.000 0.000 0.000 0.000 0.000 0.000 0.000 0.000 0.000 0.000 0.000 0.000 0.000 0.000 0.000 0.000 0.000 0.000 0.000 0.000 0.000
114.365 105.703 105.646 94.709 37.473 0.000 0.000 0.000 3.900 30.636 0.000 0.000 39.024 82.689 136.298 71.972 0.000 0.000 0.000 0.000 0.000 76.308 111.292 41.272 38.253 0.000 0.000 0.000 52.665 46.660 44.656 42.656 30.656 0.000 0.000 0.000 0.000 0.000 0.000 0.000 8.448 66.448 24.448 0.000 0.000 0.000 0.000 0.000 0.000 0.000 0.000 0.000 0.000 0.000 0.000 0.000 0.000 0.000 0.000 0.000 0.000 0.000 0.000 0.000 0.000 0.000 0.000 0.000 0.000 0.000 0.000 0.000 0.000
