results2_8e3_rain/res_3e8f-0040.wd
ncols         241
nrows         181
xllcorner     12693529.787448
yllcorner     3542525.717860
cellsize      155.156523
NODATA_value  -9999.000000
[rows 99 to 131 of 181, columns 0 to 73 of 241]
0.000 0.000 0.000 0.000 0.000 40.972 80.970 82.965 73.956 68.955 0.000 0.000 0.000 0.000 0.000 0.000 0.000 48.893 45.892 0.000 0.000 0.000 0.000 43.818 42.816 0.000 0.000 0.000 0.000 0.000 0.000 0.000 0.000 0.000 0.548 46.547 42.546 41.542 42.536 43.527 56.515 45.501 49.484 41.471 43.459 41.445 42.431 47.415 48.399 46.382 50.365 43.348 43.330 45.313 48.295 62.276 63.260 48.242 34.232 0.000 0.000 0.000 0.000 0.000 13.222 68.223 65.225 52.230 27.236 22.244 66.253 43.265 45.280 45.297
0.000 0.000 0.000 0.000 0.000 41.983 81.982 81.981 0.000 0.000 0.000 0.000 0.000 0.000 0.000 0.000 0.000 59.894 48.893 0.000 0.000 0.000 46.841 45.831 49.827 0.000 0.000 0.000 0.000 52.603 44.603 0.000 0.000 0.000 59.580 69.571 55.567 48.563 42.558 44.550 63.540 48.526 54.501 54.492 45.481 60.468 52.454 53.437 43.420 51.403 51.384 49.366 43.348 44.330 48.311 45.287 7.273 0.000 0.000 0.000 0.000 0.000 0.000 16.225 53.225 65.226 72.229 62.233 38.239 39.246 53.255 44.266 45.279 45.295
0.000 0.000 0.000 0.000 0.000 28.996 77.996 86.995 0.000 0.000 0.000 0.000 0.000 0.000 0.000 0.000 0.000 66.897 47.894 48.888 50.877 47.866 44.851 45.841 43.833 0.000 0.000 0.000 0.000 45.603 45.604 46.605 45.604 45.601 44.594 54.590 63.588 10.586 74.582 64.577 69.571 54.565 0.000 70.515 68.507 67.494 71.478 60.461 43.443 46.424 51.405 51.385 48.366 44.347 33.335 0.000 0.000 0.000 0.000 0.000 0.000 0.000 0.000 26.225 53.226 53.228 64.231 63.235 46.240 46.247 45.255 45.265 45.277 45.291
55.050 58.050 0.000 0.000 0.000 39.011 78.010 83.011 93.017 0.000 0.000 0.000 0.000 0.000 0.000 0.000 0.000 3.905 51.900 48.892 66.880 80.869 55.858 40.849 0.000 0.000 0.000 0.000 0.000 0.000 44.605 45.608 45.607 45.605 45.605 44.608 44.610 43.610 44.609 49.605 61.601 55.597 0.000 70.548 71.537 49.522 56.505 73.487 67.467 54.446 44.425 50.404 51.383 54.359 39.346 0.000 0.000 0.000 0.000 0.000 0.000 0.000 0.000 0.000 4.228 50.230 47.232 47.236 45.240 45.246 45.254 45.263 45.273 44.285
69.052 52.051 52.049 54.045 56.038 75.027 83.023 83.022 83.025 85.029 59.030 0.000 0.000 46.942 53.941 54.938 16.931 11.918 74.910 82.900 77.884 73.872 56.865 0.000 0.000 0.000 0.000 0.000 0.000 0.000 0.000 45.614 44.610 43.610 44.614 45.629 45.634 45.637 45.637 46.636 65.632 60.627 43.621 45.591 56.572 67.553 44.534 56.514 57.492 50.469 70.447 53.425 45.404 0.000 0.000 0.000 0.000 0.000 0.000 0.000 0.000 0.000 0.000 0.000 0.000 50.232 45.233 45.236 45.240 45.245 45.251 43.259 41.268 43.279
84.055 74.054 55.051 59.048 77.043 83.037 83.033 83.032 83.032 78.032 50.032 56.033 0.000 37.943 72.945 80.943 80.937 64.929 79.922 86.916 0.000 0.000 0.000 0.000 0.000 0.000 0.000 0.000 0.000 0.000 0.000 45.625 0.000 0.000 0.000 46.658 45.662 45.666 45.669 46.669 62.665 67.658 44.646 45.626 45.606 63.586 64.566 42.544 50.519 69.491 61.468 39.446 0.000 0.000 0.000 0.000 0.000 0.000 0.000 0.000 0.000 0.000 0.000 0.000 0.000 50.233 45.234 45.236 45.239 44.242 43.248 48.254 49.262 50.271
84.059 84.058 79.057 82.054 83.050 83.046 83.043 83.040 83.038 79.037 54.035 71.034 0.000 0.000 50.955 74.951 82.946 83.939 82.933 87.928 0.000 0.000 0.000 0.000 0.000 0.000 0.000 0.000 0.000 0.000 0.000 45.636 0.000 0.000 47.686 45.685 45.690 45.697 45.704 45.706 62.702 67.693 44.679 45.661 45.641 46.620 67.599 61.576 68.550 58.510 39.489 0.000 0.000 0.000 0.000 0.000 0.000 0.000 0.000 0.000 0.000 0.000 0.000 0.000 48.232 45.233 45.234 45.235 45.237 44.239 46.243 50.248 51.255 51.263
82.066 83.065 83.064 83.061 83.059 83.055 83.052 83.049 83.046 84.043 79.039 86.035 10.030 0.000 38.969 57.963 80.957 82.950 83.944 71.936 0.000 0.000 0.000 0.000 0.000 0.000 0.000 0.000 0.000 0.000 0.000 39.648 44.661 44.674 43.688 45.705 45.717 45.730 45.743 45.749 62.746 67.735 44.718 45.698 45.676 45.655 50.634 73.613 53.595 0.000 0.000 0.000 0.000 0.000 0.000 0.000 0.000 0.000 0.000 0.000 0.000 0.000 0.000 0.000 1.232 52.233 48.233 49.234 47.235 43.235 50.237 51.242 49.248 49.254
79.074 84.074 83.072 83.071 83.068 83.065 83.062 83.059 83.055 83.050 84.044 77.037 61.027 52.010 45.989 72.977 82.969 82.962 87.958 0.000 0.000 0.000 0.000 0.000 0.000 0.000 0.000 0.000 0.000 0.000 0.000 0.000 0.000 0.000 0.000 45.731 45.743 45.764 45.791 45.802 61.797 68.782 45.761 45.737 45.712 45.690 45.670 51.649 4.622 0.000 0.000 0.000 0.000 0.000 0.000 0.000 0.000 0.000 0.000 0.000 0.000 0.000 0.000 0.000 0.000 0.000 0.000 0.000 0.000 52.227 50.230 51.235 48.240 43.245
79.084 84.084 83.083 83.081 83.079 83.077 83.074 83.070 83.065 83.059 84.052 69.042 48.031 47.016 56.001 79.989 82.979 82.973 88.969 0.000 0.000 0.000 0.000 0.000 0.000 0.000 0.000 0.000 0.000 0.000 0.000 0.000 0.000 0.000 0.000 41.745 45.760 42.793 45.855 45.870 64.860 68.837 45.807 45.776 45.748 45.724 45.705 42.693 0.000 0.000 0.000 0.000 0.000 0.000 0.000 0.000 0.000 0.000 0.000 0.000 0.000 44.158 0.000 0.000 0.000 0.000 0.000 0.000 48.211 49.218 51.223 51.227 48.232 44.237
82.095 83.095 83.094 83.093 83.092 83.090 83.087 83.083 83.078 83.071 83.062 80.051 57.038 58.024 75.010 81.998 82.989 82.982 89.977 6.978 0.000 0.000 0.000 0.000 0.000 0.000 0.000 0.000 0.000 0.000 0.000 0.000 0.000 0.000 0.000 0.000 41.759 0.000 44.969 45.962 73.938 60.900 45.855 45.813 45.779 58.753 48.735 43.726 0.000 0.000 0.000 0.000 0.000 0.000 0.000 0.000 0.000 0.000 0.000 0.000 0.000 55.158 40.159 0.000 0.000 0.000 0.000 49.198 52.204 51.210 48.215 44.220 44.224 42.229
83.108 83.108 83.107 83.107 83.106 83.104 83.102 83.098 83.093 83.085 83.075 83.063 85.048 85.032 84.018 83.006 82.996 84.989 73.981 16.979 0.000 0.000 0.000 0.000 0.000 0.000 0.000 0.000 0.000 0.000 0.000 0.000 0.000 0.000 0.000 0.000 0.000 0.000 45.091 46.070 80.030 48.971 45.901 45.843 57.802 66.774 45.757 45.750 44.755 0.000 0.000 0.000 0.000 0.000 0.000 0.000 0.000 0.000 0.000 0.000 0.000 51.159 52.159 39.161 0.000 45.180 47.185 51.192 50.199 48.204 47.209 43.213 51.217 54.220
82.121 81.121 83.122 83.122 83.121 83.121 83.119 83.116 83.111 83.103 83.092 83.077 83.059 83.040 83.024 83.012 84.002 66.997 0.000 0.000 43.972 57.970 3.969 0.000 0.000 0.000 0.000 0.000 0.000 0.000 0.000 0.000 0.000 0.000 0.000 0.000 0.000 0.000 41.236 52.199 75.141 46.054 42.937 45.855 45.812 45.786 45.770 45.762 45.761 42.760 0.000 0.000 0.000 0.000 0.000 0.000 0.000 0.000 0.000 0.000 0.000 46.159 42.160 48.163 43.169 51.176 51.182 50.188 46.194 49.199 44.203 43.207 43.211 36.215
72.135 72.136 81.137 83.138 83.138 83.138 83.138 83.136 83.133 83.126 83.114 84.097 85.071 83.047 83.029 83.015 83.006 5.000 0.000 43.978 53.974 63.971 62.969 55.967 47.967 0.000 0.000 0.000 0.000 0.000 0.000 0.000 0.000 0.000 0.000 45.632 48.605 48.541 45.417 44.349 53.281 41.167 0.000 41.831 45.806 45.788 45.776 45.769 44.766 0.000 0.000 0.000 0.000 0.000 0.000 0.000 48.147 59.148 0.000 0.000 47.155 45.157 45.160 42.163 50.168 51.173 51.179 48.185 51.191 51.195 49.199 44.202 33.203 0.000
54.149 59.151 78.154 84.156 83.157 83.158 83.160 83.160 83.158 83.154 85.144 71.125 67.081 82.048 87.030 84.016 79.006 60.999 63.991 69.983 63.976 64.972 43.969 36.968 0.000 0.000 0.000 0.000 0.000 0.000 0.000 0.000 0.000 0.000 36.659 42.660 45.642 45.602 45.544 45.499 47.468 0.000 0.000 0.000 40.795 45.785 45.777 45.772 45.769 0.000 0.000 0.000 0.000 0.000 0.000 8.147 65.148 47.148 45.150 45.151 45.154 45.156 43.159 48.162 51.166 51.171 47.177 51.184 51.189 50.193 44.195 45.197 35.198 0.000
38.161 53.166 72.174 85.177 86.175 86.177 84.183 83.187 84.188 83.187 84.184 22.179 0.000 41.037 59.027 80.014 87.005 84.998 84.993 70.987 0.000 0.000 0.000 0.000 0.000 0.000 0.000 0.000 0.000 0.000 0.000 0.000 0.000 0.000 0.000 41.707 45.701 43.683 44.658 46.637 47.625 0.000 0.000 0.000 0.000 38.780 45.775 45.772 42.770 0.000 0.000 0.000 0.000 0.000 0.000 0.000 7.148 61.149 44.150 44.151 45.153 44.155 44.157 50.160 51.164 49.169 37.173 0.000 55.190 49.192 49.193 49.194 35.195 0.000
2.169 24.178 57.200 63.204 57.190 59.192 76.210 84.218 80.221 73.224 72.226 7.229 0.000 0.000 0.000 17.008 52.004 77.998 84.995 0.000 0.000 0.000 0.000 0.000 0.000 0.000 0.000 0.000 0.000 33.083 54.083 0.000 0.000 0.000 0.000 41.762 47.772 46.772 55.768 56.766 46.770 0.000 0.000 0.000 0.000 0.000 42.773 43.773 0.000 0.000 0.000 0.000 0.000 0.000 0.000 0.000 0.000 66.149 69.150 49.151 43.153 41.154 51.156 51.158 46.161 0.000 0.000 0.000 0.000 54.191 51.192 51.192 41.193 0.000
0.000 0.000 38.246 47.248 0.000 0.000 48.250 77.253 68.256 64.261 78.269 45.283 5.313 0.000 0.000 0.000 0.000 22.996 53.995 0.000 0.000 0.000 0.000 0.000 0.000 0.000 0.000 0.000 0.000 0.000 38.085 56.086 0.000 0.000 0.000 32.807 46.853 44.868 74.876 67.889 45.921 47.997 0.000 0.000 0.000 0.000 37.773 0.000 0.000 0.000 0.000 0.000 0.000 0.000 0.000 0.000 0.000 0.000 54.150 71.151 56.152 50.153 51.155 46.156 0.000 0.000 0.000 0.000 0.000 46.190 51.190 51.191 46.192 0.000
0.000 0.000 34.291 79.296 36.314 0.000 37.287 69.288 71.291 82.297 84.306 87.321 93.345 32.374 1.392 0.000 0.000 0.000 0.000 0.000 0.000 0.000 0.000 0.000 0.000 0.000 0.000 0.000 0.000 0.000 39.086 54.087 0.000 0.000 0.000 0.000 39.967 47.970 77.979 59.996 48.027 47.075 52.126 0.000 0.000 0.000 0.000 0.000 0.000 0.000 0.000 0.000 0.000 0.000 0.000 0.000 0.000 0.000 0.000 0.000 59.152 49.153 47.154 0.000 0.000 0.000 0.000 0.000 45.188 44.189 46.190 40.190 0.000 0.000
7.362 22.354 56.333 74.329 82.334 51.338 64.325 87.322 84.324 83.330 83.339 83.353 83.371 89.391 92.411 48.431 7.441 0.000 52.469 66.469 59.469 61.468 17.467 0.000 0.000 0.000 0.000 0.000 0.000 0.000 18.088 40.090 46.096 46.103 49.110 8.118 41.077 70.068 72.074 49.090 47.116 47.149 50.179 0.000 0.000 0.000 0.000 0.000 0.000 0.000 0.000 0.000 0.000 0.000 0.000 0.000 0.000 0.000 0.000 0.000 0.000 0.000 0.000 0.000 0.000 0.000 0.000 47.187 42.187 40.188 0.000 0.000 0.000 0.000
80.372 83.367 83.359 81.355 79.356 80.356 82.352 82.352 83.355 84.360 84.369 83.381 76.395 80.411 83.426 87.441 91.452 92.464 84.470 80.471 77.470 72.469 74.466 67.464 23.462 1.460 0.000 0.000 0.000 0.000 0.000 0.000 0.000 0.000 0.000 65.168 54.156 83.153 74.159 61.175 48.198 47.227 47.262 51.310 47.310 0.000 0.000 0.000 0.000 0.000 0.000 0.000 0.000 0.000 0.000 0.000 0.000 0.000 0.000 0.000 0.000 0.000 0.000 0.000 0.000 0.000 0.000 0.000 0.000 0.000 0.000 0.000 0.000 0.000
83.386 78.384 76.381 75.379 69.378 66.378 67.378 67.379 73.383 78.389 78.396 71.407 55.418 70.431 83.443 83.455 83.464 83.471 83.475 83.476 84.474 84.471 87.467 88.464 88.462 88.460 27.459 0.000 0.000 0.000 0.000 0.000 0.000 0.000 0.000 37.231 63.227 68.228 52.237 69.253 57.275 47.302 47.332 50.360 0.000 0.000 0.000 0.000 0.000 0.000 0.000 0.000 0.000 0.000 0.000 0.000 0.000 0.000 0.000 0.000 0.000 0.000 0.000 0.000 0.000 0.000 0.000 0.000 0.000 0.000 0.000 0.000 0.000 0.000
53.405 26.404 48.402 62.401 60.401 40.402 25.403 21.406 41.410 58.415 57.423 50.432 45.442 55.452 76.462 84.471 83.479 83.483 83.485 83.483 83.480 87.475 62.468 50.464 49.462 53.460 56.459 0.000 0.000 0.000 0.000 0.000 0.000 0.000 0.000 35.298 71.294 54.296 46.308 56.325 67.347 51.373 47.404 47.440 53.492 0.000 0.000 0.000 0.000 0.000 0.000 0.000 0.000 0.000 0.000 0.000 0.000 0.000 0.000 0.000 0.000 0.000 0.000 0.000 0.000 0.000 0.000 0.000 0.000 0.000 0.000 0.000 0.000 0.000
43.425 14.424 36.424 51.424 47.425 24.426 10.428 14.431 34.436 48.442 46.449 46.457 47.466 45.475 64.483 81.491 83.497 83.499 83.499 83.494 82.488 45.481 0.000 0.000 0.000 0.000 0.000 0.000 0.000 41.449 61.449 13.450 0.000 0.000 42.407 59.370 76.356 53.356 47.373 45.394 62.417 64.442 50.471 47.504 47.544 50.592 59.613 0.000 0.000 0.000 0.000 0.000 0.000 0.000 0.000 0.000 0.000 0.000 0.000 0.000 0.000 0.000 0.000 0.000 0.000 0.000 0.000 0.000 0.000 0.000 0.000 0.000 0.000 0.000
56.446 52.446 47.446 46.447 47.448 49.450 50.453 53.457 52.461 48.467 47.474 47.482 47.490 46.499 53.507 75.513 84.518 83.520 85.517 57.508 23.498 0.000 0.000 0.000 0.000 0.000 0.000 0.000 0.000 6.449 28.450 31.452 35.457 49.462 46.444 67.422 64.403 38.398 45.437 47.461 49.484 62.508 54.534 49.562 47.591 46.619 63.635 54.644 48.643 0.000 0.000 0.000 0.000 0.000 0.000 0.000 0.000 0.000 0.000 0.000 0.000 0.000 0.000 0.000 0.000 0.000 0.000 0.000 0.000 0.000 0.000 0.000 0.000 11.200
46.468 47.468 47.469 47.470 47.472 47.474 47.478 47.482 47.487 47.493 47.500 47.507 47.516 47.524 45.532 66.539 83.544 85.546 81.542 7.524 0.000 0.000 0.000 0.000 0.000 0.000 0.000 0.000 0.000 0.000 0.000 0.000 0.000 33.486 50.485 76.472 50.437 0.000 33.515 48.531 46.551 50.573 51.596 60.618 49.640 47.658 46.665 42.654 0.000 0.000 0.000 0.000 0.000 0.000 0.000 0.000 0.000 0.000 0.000 0.000 0.000 0.000 0.000 0.000 0.000 0.000 0.000 0.000 0.000 0.000 0.000 0.000 16.376 81.298
47.491 47.491 47.492 47.494 47.496 47.499 47.502 46.507 46.512 47.519 47.526 47.533 47.542 47.550 46.559 54.567 69.574 80.579 68.581 0.000 0.000 0.000 0.000 0.000 0.000 0.000 0.000 0.000 0.000 0.000 0.000 0.000 0.000 10.513 59.540 84.544 0.000 0.000 31.577 49.597 47.618 46.638 54.658 65.677 53.694 47.707 51.715 0.000 0.000 0.000 0.000 0.000 0.000 0.000 0.000 0.000 0.000 0.000 0.000 0.000 0.000 0.000 0.000 0.000 0.000 0.000 0.000 0.000 0.000 0.000 0.000 0.000 73.454 87.398
47.514 47.515 47.516 47.518 47.520 47.523 47.527 51.532 52.538 48.544 47.552 47.560 47.568 47.578 47.587 46.597 49.606 58.615 58.623 0.000 0.000 0.000 0.000 0.000 0.000 0.000 1.943 0.000 0.000 0.000 0.000 0.000 0.000 0.000 63.618 78.620 1.646 0.000 15.620 46.663 47.687 47.705 46.722 51.738 53.752 49.764 51.772 0.000 0.000 0.000 0.000 0.000 0.000 0.000 0.000 0.000 0.000 0.000 0.000 0.000 0.000 0.000 0.000 0.000 0.000 0.000 0.000 0.000 0.000 0.000 0.000 57.683 66.588 66.513
47.538 47.538 47.540 47.542 47.544 47.548 46.552 58.557 63.563 50.570 47.578 47.586 47.596 47.606 47.616 47.628 47.640 46.654 49.673 30.705 0.000 0.000 0.000 0.000 0.000 43.943 64.944 26.944 17.943 16.939 0.000 0.000 0.000 44.742 86.696 60.676 60.673 0.000 0.000 32.751 49.761 47.774 47.787 45.801 61.814 65.827 59.837 0.000 0.000 0.000 0.000 0.000 0.000 0.000 0.000 0.000 0.000 0.000 0.000 0.000 0.000 0.000 0.000 0.000 0.000 0.000 0.000 0.000 0.000 0.000 31.855 82.779 68.700 81.632
47.562 47.562 47.564 47.566 47.569 47.572 46.577 59.582 65.589 49.596 47.604 47.613 47.623 47.634 47.646 47.659 47.673 47.690 47.711 53.738 24.766 0.000 0.000 0.000 0.000 6.943 21.945 43.948 51.945 55.936 29.917 5.888 40.847 78.790 76.746 56.717 38.694 0.000 0.000 32.828 49.834 48.842 51.853 46.864 55.877 78.893 75.914 20.956 0.000 1.039 0.000 0.000 0.000 0.000 0.000 0.000 0.000 0.000 0.000 0.000 0.000 0.000 0.000 0.000 0.000 0.000 0.000 0.000 0.000 0.000 68.931 124.877 107.811 129.718
44.586 45.586 46.588 46.590 47.593 47.597 45.602 60.608 63.614 46.622 47.630 47.640 47.650 47.662 47.675 47.689 47.705 47.723 47.744 47.769 53.796 33.825 0.000 0.000 0.000 0.000 0.000 19.959 50.955 46.945 49.927 53.900 65.866 82.824 66.785 34.750 0.000 0.000 0.000 31.901 48.904 51.910 64.918 50.928 60.939 61.953 80.971 84.998 68.029 18.041 0.000 0.000 0.000 0.000 0.000 0.000 0.000 0.000 0.000 0.000 0.000 0.000 0.000 0.000 0.000 0.000 0.000 0.000 0.000 55.157 65.062 65.988 68.919 87.893
65.610 60.611 55.612 53.615 49.618 45.622 45.627 60.633 63.640 45.648 47.656 47.666 47.677 47.690 47.703 47.718 46.735 45.754 46.775 46.799 46.825 52.854 29.890 6.910 0.000 0.000 0.000 18.975 56.971 50.962 45.946 58.922 81.891 75.856 43.820 0.000 0.000 0.000 0.000 29.972 47.973 52.976 59.982 54.990 59.999 59.010 72.022 66.036 59.049 32.055 0.000 0.000 0.000 0.000 0.000 0.000 0.000 0.000 0.000 0.000 0.000 0.000 0.000 0.000 0.000 0.000 0.000 0.000 32.332 60.253 129.171 93.103 124.985 108.657
85.634 84.635 80.637 75.639 71.643 66.647 61.652 57.658 52.665 46.673 47.682 47.693 47.704 47.717 46.731 48.747 54.764 59.783 58.804 56.827 50.852 45.878 49.907 55.932 19.958 0.985 5.000 38.996 61.993 52.986 48.974 71.953 83.923 39.889 0.000 0.000 0.000 0.000 0.061 34.042 47.039 52.040 68.045 58.052 51.059 44.065 50.071 68.075 65.077 71.075 0.000 0.000 0.000 0.000 0.000 0.000 0.000 0.000 0.000 0.000 0.000 0.000 0.000 0.000 0.000 0.000 0.000 0.000 67.412 58.349 68.280 91.172 67.343 106.797
