results2_8e3_rain/res_3e8f-0194.wd
ncols         241
nrows         181
xllcorner     12693529.787448
yllcorner     3542525.717860
cellsize      155.156523
NODATA_value  -9999.000000
[rows 99 to 131 of 181, columns 73 to 145 of 241]
59.907 59.883 59.858 58.832 58.804 63.776 66.748 63.721 59.701 59.691 53.692 9.698 0.000 0.000 0.000 0.000 0.000 14.894 72.861 97.816 95.809 94.965 101.633 101.562 94.661 95.357 95.204 95.094 95.989 95.889 94.798 98.722 57.668 0.000 0.000 0.000 0.000 0.000 0.000 34.830 60.754 72.650 40.519 22.314 52.218 55.132 53.037 56.918 53.736 51.466 21.153 45.912 49.784 64.697 70.634 73.587 71.553 66.529 59.513 54.505 49.502 27.495 0.000 0.000 0.000 0.000 21.871 39.871 51.871 75.871 76.871 76.871 76.871
59.957 59.935 58.910 56.884 60.856 65.826 66.792 66.755 60.727 57.711 62.705 62.704 23.705 0.000 17.526 47.474 24.361 4.161 61.066 100.945 96.195 96.210 101.692 93.974 95.761 95.415 95.327 95.214 95.106 95.004 96.913 95.839 31.793 0.000 0.000 0.000 0.000 0.000 3.136 39.009 44.913 55.825 4.756 0.000 47.337 55.277 54.185 58.060 57.885 28.675 0.000 40.815 54.757 59.693 80.641 81.601 81.571 82.549 83.534 81.526 62.522 0.525 0.538 1.544 0.000 0.000 0.000 38.871 51.871 75.871 76.871 76.871 76.870
60.009 58.988 58.965 61.938 64.909 65.878 40.841 4.779 33.742 69.721 42.713 16.708 8.707 0.000 28.578 78.534 75.448 67.332 86.213 97.363 94.351 101.775 95.255 96.060 95.626 95.561 95.443 95.332 95.219 96.107 94.009 81.931 28.870 1.840 0.000 0.000 0.000 3.363 42.262 49.159 47.065 47.982 20.923 0.000 53.516 71.452 64.365 59.252 34.068 0.000 0.775 23.775 13.736 53.676 78.636 82.605 80.580 80.562 80.549 82.541 55.539 49.543 49.545 55.545 0.000 0.000 0.000 15.871 50.870 75.870 76.870 76.870 76.870
59.064 58.045 63.022 65.995 65.966 65.936 30.913 0.000 0.731 12.720 3.716 0.000 0.000 0.000 21.676 84.635 90.565 98.478 98.437 95.562 102.113 101.905 95.222 95.931 95.782 95.673 95.563 95.451 95.331 101.197 51.087 19.004 2.918 0.495 6.990 9.920 0.000 33.465 51.391 47.298 47.204 46.115 52.032 17.944 46.758 72.652 71.572 69.515 0.000 0.000 43.775 0.000 0.000 51.638 80.621 84.602 81.584 80.570 78.559 67.552 48.548 44.548 45.548 29.546 0.000 0.000 0.000 0.000 46.870 75.870 76.870 76.870 72.870
58.121 64.105 66.083 66.055 64.023 69.986 39.964 0.000 0.000 0.000 0.000 0.000 0.000 0.000 32.813 90.766 93.705 97.582 96.818 96.831 102.301 94.608 96.313 95.988 95.901 95.792 95.685 99.578 105.456 60.263 29.137 4.080 0.000 0.000 0.000 6.851 34.782 57.640 51.538 44.439 49.340 53.242 50.145 48.041 61.920 65.825 55.758 63.719 0.000 0.000 11.775 0.000 0.000 57.617 81.609 86.597 85.585 81.574 76.565 45.559 43.555 44.553 51.551 0.000 0.000 0.000 0.000 40.870 44.870 73.870 76.870 76.869 70.869
65.184 66.170 66.149 65.121 43.084 9.021 27.992 29.992 0.000 0.000 0.000 0.000 0.000 24.116 76.997 90.920 93.824 95.982 96.992 102.630 102.473 95.583 96.285 96.123 96.016 95.910 99.808 61.719 21.652 0.000 39.116 25.101 0.000 0.000 0.000 0.000 42.855 76.776 67.681 62.579 57.475 58.370 56.264 57.158 70.054 63.971 47.913 49.886 0.000 0.000 0.000 0.000 0.000 57.605 85.601 50.594 48.584 80.575 83.568 53.563 44.559 49.556 19.554 0.000 0.000 0.000 0.000 13.869 40.869 58.869 74.869 77.869 70.869
66.253 66.243 62.223 66.195 48.172 0.000 18.992 48.992 0.000 0.000 0.000 0.000 14.330 76.234 90.141 96.062 96.033 96.175 102.914 102.776 94.912 96.687 96.335 96.245 96.130 96.022 99.920 71.837 3.781 0.000 9.111 12.106 0.000 0.000 0.000 0.000 30.007 61.930 66.830 76.722 72.611 60.498 63.383 72.271 67.170 55.090 47.040 48.025 22.071 23.082 0.000 0.000 0.000 55.597 89.595 3.592 0.000 29.574 76.570 66.566 47.563 26.560 0.000 0.000 0.000 0.000 0.000 0.000 13.869 37.869 63.869 73.869 66.869
64.329 61.326 60.305 76.263 55.237 0.000 17.992 45.992 0.000 0.000 0.000 8.497 72.425 85.349 95.278 98.158 97.402 95.433 103.041 94.221 95.995 92.553 94.480 96.357 96.242 97.126 91.014 80.927 28.854 0.000 0.000 0.000 0.000 0.000 0.000 17.415 52.236 57.105 56.986 58.869 67.750 70.627 73.499 67.373 54.263 48.181 47.129 46.105 50.105 35.094 0.000 0.000 0.000 44.592 81.590 47.587 36.581 28.576 71.572 77.569 57.568 0.000 0.000 8.571 0.000 0.000 0.000 0.000 0.000 32.869 56.869 61.869 48.869
58.415 67.425 63.408 4.316 5.277 0.000 8.992 8.992 0.000 0.000 0.000 9.569 88.525 90.468 98.379 97.545 96.566 103.266 103.158 96.179 95.867 95.708 95.590 94.472 95.352 97.227 54.082 5.004 0.000 0.000 0.000 0.000 0.000 20.955 37.821 52.595 63.416 60.270 59.141 56.017 56.893 59.760 71.614 72.458 64.330 53.243 46.189 46.161 48.151 0.000 0.000 0.000 0.000 29.588 71.587 49.584 45.581 45.577 77.573 80.571 63.570 26.571 16.571 59.571 0.000 0.000 0.000 0.000 0.000 35.869 59.869 54.869 40.868
59.510 69.552 56.585 0.000 0.000 0.000 5.992 17.992 1.992 0.000 0.818 75.685 85.641 97.584 97.579 96.722 103.458 103.365 95.491 97.266 96.918 96.824 96.705 96.587 98.468 48.348 0.000 0.000 0.000 0.000 0.000 10.420 36.296 53.089 65.912 61.728 60.562 60.418 60.289 61.167 59.044 57.908 31.738 50.517 75.354 57.272 45.224 48.198 46.188 34.194 0.000 0.000 0.000 30.586 63.584 41.583 0.000 0.000 33.573 70.572 59.572 68.572 75.572 34.571 0.000 0.000 0.000 0.000 0.000 10.868 50.868 48.868 41.868
57.602 61.687 60.796 36.960 0.000 0.000 0.000 3.992 6.992 0.000 28.911 88.827 95.768 97.690 97.850 95.973 103.543 95.779 97.561 97.126 97.057 96.937 97.821 98.704 60.586 0.000 0.000 0.000 0.000 0.000 12.707 55.545 66.379 62.192 61.012 60.842 60.688 60.551 60.430 60.318 60.209 69.089 7.913 0.000 43.298 52.267 44.238 53.218 53.207 35.201 0.000 0.000 0.000 0.000 47.581 84.580 52.579 0.000 26.573 71.573 65.572 56.572 56.572 0.000 0.000 0.000 0.000 0.000 0.000 0.000 29.868 40.868 41.868
69.675 7.796 63.953 62.123 51.324 10.444 0.669 0.000 0.000 20.081 79.012 92.946 98.888 97.873 97.027 103.690 103.620 96.728 97.426 97.274 97.164 98.054 99.939 60.821 0.000 0.000 0.000 0.000 11.214 42.090 52.869 64.675 61.482 61.287 58.104 57.939 57.795 58.670 60.561 60.466 63.384 40.325 0.000 0.000 23.273 48.259 47.243 65.230 61.223 0.000 0.000 0.000 0.000 0.000 31.579 76.578 88.577 45.576 71.574 85.573 77.573 53.572 46.572 18.572 0.000 0.000 0.000 0.000 0.000 0.000 35.868 41.868 45.868
51.716 4.870 66.098 56.257 63.404 55.548 16.796 4.061 13.155 80.149 89.110 99.068 97.956 98.224 96.252 103.749 96.015 97.808 97.469 97.385 98.277 99.176 53.058 0.000 0.000 0.000 0.000 3.474 54.337 65.188 63.003 61.803 63.586 63.370 69.178 74.016 68.884 61.773 55.678 59.599 65.538 23.502 0.000 0.000 19.263 51.253 52.244 74.236 62.232 0.000 0.000 0.000 0.000 0.000 19.578 71.577 80.576 85.575 81.574 81.574 85.573 69.573 48.572 49.572 18.572 11.572 0.000 0.000 0.000 37.868 42.868 40.868 45.868
0.000 0.000 34.311 85.402 48.486 0.000 0.000 18.232 78.255 83.249 97.228 98.137 98.417 96.349 103.833 96.273 98.082 97.658 97.601 98.491 95.386 50.316 0.000 0.000 0.000 0.000 9.750 56.612 64.472 62.323 62.151 65.949 40.691 19.428 22.223 39.062 64.952 66.859 67.780 59.715 60.668 21.643 0.000 0.000 0.000 32.247 50.243 57.238 56.236 5.237 0.000 0.000 0.000 0.000 19.576 62.576 75.576 80.575 81.574 82.574 78.573 74.573 59.572 47.572 51.572 57.572 0.000 0.000 0.000 3.868 40.868 41.868 43.868
0.000 0.000 11.433 86.555 73.652 0.000 0.000 25.380 86.382 94.374 98.326 99.522 99.560 104.148 103.956 97.223 97.938 97.800 97.702 92.600 82.457 33.387 0.000 0.000 9.132 45.048 53.888 65.750 62.617 62.480 66.329 44.152 1.957 0.000 0.000 25.059 63.002 59.933 63.867 69.813 69.776 47.758 0.000 0.000 0.000 14.244 52.242 46.239 53.238 4.237 0.000 0.000 0.000 0.000 24.576 49.575 66.575 80.575 75.574 68.574 70.573 31.573 56.572 65.572 58.572 54.572 0.000 0.000 0.000 0.000 0.868 35.868 40.868
0.000 0.000 0.000 14.734 63.914 3.389 13.529 79.527 91.521 98.507 98.527 98.706 104.496 104.326 96.509 98.308 97.975 97.904 90.815 56.748 0.000 0.000 0.000 17.298 63.216 57.123 65.004 62.884 62.767 63.651 41.534 2.365 0.000 0.000 0.000 24.113 66.064 60.002 59.943 61.895 65.863 67.855 19.886 0.000 0.000 0.000 33.240 52.239 27.239 0.000 0.000 0.000 0.000 0.000 17.575 45.575 56.575 63.574 55.574 52.574 17.574 0.000 5.572 49.572 53.572 62.572 0.000 0.000 0.000 0.000 0.000 29.867 40.867
0.000 0.000 0.000 0.000 1.361 13.614 82.670 87.677 98.675 98.611 99.899 99.973 104.655 96.806 98.586 98.156 98.096 87.995 76.909 40.828 0.000 0.000 0.000 57.379 79.313 64.224 56.121 64.016 61.915 64.823 34.757 0.000 0.000 0.000 20.309 55.215 62.139 61.069 61.008 57.960 53.928 55.914 17.916 0.000 0.000 0.000 14.240 59.239 7.239 0.000 0.000 0.000 0.000 0.000 17.575 47.575 46.574 45.574 43.574 49.574 0.000 0.000 0.000 24.572 47.572 65.572 9.572 0.000 0.000 0.000 0.000 0.867 33.867
0.000 0.000 0.000 0.000 0.000 85.861 84.857 98.847 98.806 100.013 100.089 104.947 104.805 97.759 99.445 97.289 83.175 72.082 45.995 0.000 0.000 0.000 51.644 69.527 69.432 76.338 64.241 54.144 60.052 69.971 72.912 35.909 0.000 0.000 19.403 67.301 61.206 61.126 60.060 56.009 49.974 50.956 16.950 0.000 0.000 0.000 0.000 32.239 40.239 0.000 0.000 0.000 0.000 0.000 25.575 49.574 43.574 44.574 44.574 46.574 29.574 0.000 0.000 0.000 34.572 55.572 33.571 7.571 0.000 0.000 0.000 0.000 28.867
0.000 0.000 0.000 0.000 25.234 86.110 98.054 99.018 100.031 102.221 105.213 105.082 97.064 98.830 95.482 84.384 73.239 45.160 0.000 0.000 0.000 53.874 74.761 60.652 52.551 66.455 78.360 66.268 69.179 70.096 57.012 62.905 41.658 4.128 27.599 59.381 55.259 62.171 57.097 49.041 48.005 51.985 13.977 0.000 0.000 0.000 0.000 19.239 59.239 4.239 0.000 0.000 0.000 0.000 0.000 31.574 46.574 44.574 44.574 44.574 52.574 0.000 0.000 0.000 0.000 36.571 47.571 53.571 0.000 0.000 0.000 0.000 0.000
0.000 0.000 0.000 0.000 68.358 94.290 100.237 99.144 99.416 97.498 105.337 97.346 99.111 93.681 82.614 57.495 0.000 0.000 0.000 0.000 54.100 74.987 61.876 50.768 50.666 52.569 63.477 78.387 69.302 54.220 62.136 64.043 37.940 0.000 24.482 84.365 71.276 60.201 54.117 50.052 47.020 48.003 41.996 6.000 0.000 0.000 0.000 0.000 38.239 10.239 0.000 0.000 0.000 0.000 0.000 11.574 48.574 44.574 44.574 44.574 46.574 30.573 0.000 0.000 0.000 17.571 44.571 47.571 0.000 0.000 0.000 0.000 0.000
0.000 0.000 0.000 71.673 68.548 74.466 89.377 100.552 97.618 105.571 105.457 98.278 93.965 82.819 61.714 0.000 0.000 35.705 0.000 6.333 79.214 62.098 50.986 51.878 50.777 53.680 67.589 76.503 77.422 61.345 57.269 68.191 42.119 0.000 0.000 15.323 28.280 10.240 0.000 20.032 51.020 58.010 59.005 45.005 0.000 0.000 0.000 0.000 0.000 0.000 0.000 0.000 0.000 0.000 0.000 12.574 48.574 47.574 50.574 45.574 42.573 51.573 0.000 0.000 0.000 24.571 58.571 63.571 0.000 0.000 0.000 0.000 0.000
0.000 0.000 10.902 72.798 69.698 70.617 80.593 96.760 105.789 105.681 97.557 94.323 81.994 55.919 0.000 0.000 52.753 51.705 33.608 17.453 67.324 51.205 52.091 50.983 51.882 66.786 72.697 36.614 27.539 79.469 65.403 43.333 4.226 0.000 0.000 0.000 0.000 0.000 0.000 17.023 69.018 63.013 60.009 56.008 11.009 0.000 0.000 0.000 0.000 0.000 0.000 0.000 0.000 0.000 0.000 36.574 45.574 20.574 0.000 20.573 45.573 49.573 0.000 0.000 0.000 26.571 62.571 31.571 0.000 0.000 0.000 0.000 0.000
0.000 86.095 74.006 70.916 68.837 69.715 70.959 75.024 105.893 96.798 92.559 82.150 56.107 0.000 0.000 0.000 56.801 54.754 74.666 58.546 51.424 52.305 51.191 54.082 73.980 70.885 51.798 47.719 52.649 80.589 77.542 41.511 0.000 0.000 0.000 0.000 0.000 0.000 0.000 17.020 76.016 76.013 71.011 62.010 7.010 0.000 0.000 0.000 0.000 0.000 0.000 0.000 0.000 0.000 9.573 48.574 50.574 0.000 0.000 5.573 48.573 49.573 0.000 0.000 0.000 0.000 33.571 0.000 0.000 0.000 0.000 0.000 0.000
2.257 84.185 98.109 90.034 74.935 76.093 68.141 106.090 105.993 75.680 80.358 56.256 0.000 0.000 0.000 0.000 58.896 71.844 69.755 51.642 51.522 51.401 62.285 74.175 63.072 51.977 51.891 51.814 52.749 61.698 79.664 75.660 36.714 0.000 0.000 0.000 0.000 0.000 0.000 0.000 62.014 64.013 76.011 77.011 33.010 0.000 0.000 0.000 0.000 0.000 0.000 0.000 0.000 0.000 40.573 50.573 27.573 0.000 0.000 9.573 49.573 47.573 0.000 0.000 0.000 0.000 0.000 0.000 0.000 0.000 0.000 0.000 0.000
20.329 97.279 100.213 100.144 95.118 85.274 106.277 106.184 67.845 62.617 0.000 0.256 0.000 0.000 0.000 0.000 70.044 74.972 50.868 52.746 52.619 64.494 73.373 55.260 52.156 52.060 51.973 51.898 51.836 51.788 60.757 80.749 73.768 47.799 38.812 42.815 11.816 0.000 0.000 0.000 1.013 42.012 82.011 82.011 43.011 0.000 0.000 0.000 0.000 0.000 0.000 0.000 0.000 0.000 29.573 28.573 0.000 0.000 0.000 0.000 29.573 56.573 0.000 0.000 0.000 0.000 0.000 0.000 0.000 0.000 0.000 0.000 0.000
90.451 100.387 100.328 100.216 104.460 95.519 106.368 67.956 70.638 65.311 0.000 0.000 0.000 0.000 0.000 63.417 75.262 52.133 52.997 52.855 60.715 73.580 51.454 52.338 52.230 52.132 52.045 51.970 51.908 51.860 51.828 55.811 56.810 51.817 52.821 59.818 41.817 0.000 0.000 0.000 0.000 0.000 37.011 73.011 36.011 0.000 0.000 0.000 0.000 0.000 0.000 0.000 0.000 0.000 0.000 0.000 0.000 0.000 0.000 0.000 0.000 8.573 0.000 0.000 0.000 0.000 0.000 0.000 0.000 0.000 0.000 0.000 0.000
96.557 96.499 100.413 101.576 98.625 106.544 106.456 72.631 57.087 2.212 5.211 2.211 0.000 0.000 0.000 80.571 57.455 53.301 53.132 54.963 75.804 55.658 52.526 52.406 52.296 52.194 52.105 52.029 51.966 51.918 51.882 50.858 49.845 52.839 34.837 0.000 0.000 0.000 0.000 0.000 0.000 0.000 0.000 66.011 54.011 21.011 0.000 0.000 0.000 0.000 0.000 0.000 0.000 0.000 0.000 0.000 0.000 0.000 0.000 0.000 0.000 0.000 0.000 0.000 0.000 0.000 0.000 0.000 0.000 0.000 0.000 0.000 0.000
75.672 75.608 79.588 75.746 106.715 106.630 84.131 65.345 56.283 0.000 0.211 2.211 0.000 0.000 0.000 55.842 51.687 51.485 50.267 63.062 55.881 49.723 50.586 50.464 50.351 50.245 51.151 52.073 52.011 51.962 50.924 48.895 50.871 50.858 47.852 37.854 40.854 42.854 41.854 43.854 14.854 0.000 0.000 4.011 63.011 35.011 0.000 0.000 0.000 0.000 0.000 0.000 0.000 0.000 0.000 0.000 0.000 0.000 0.000 0.000 0.000 0.000 0.000 0.000 0.000 0.000 0.000 0.000 0.000 0.000 0.000 0.000 0.000
90.788 112.677 77.925 107.984 106.797 66.676 57.275 0.000 71.696 30.046 0.000 0.000 0.000 0.000 99.645 78.267 48.966 56.683 67.391 66.135 61.934 59.766 59.631 59.513 58.401 52.284 48.181 52.102 52.042 51.996 50.959 50.924 54.888 54.868 55.858 65.856 65.855 61.854 54.854 53.854 32.854 0.000 0.000 0.000 22.011 28.011 0.000 0.000 0.000 0.000 0.000 0.000 0.000 0.000 0.000 0.000 0.000 0.000 0.000 0.000 0.000 0.000 0.000 0.000 0.000 0.000 0.000 0.000 0.000 0.000 0.000 0.000 0.000
138.868 117.466 115.513 106.951 106.876 94.763 0.000 38.739 66.739 140.397 115.866 2.135 47.186 36.604 98.023 57.614 55.228 126.889 117.478 113.155 112.955 111.776 110.658 109.558 108.455 79.308 46.186 52.112 52.060 52.021 51.990 43.957 0.000 0.000 0.000 0.000 0.000 0.000 18.854 70.854 49.853 20.853 0.000 0.000 0.000 0.000 0.000 0.000 0.000 0.000 0.000 0.000 0.000 0.000 0.000 0.000 0.000 0.000 0.000 0.000 0.000 0.000 0.000 0.000 0.000 0.000 0.000 0.000 0.000 0.000 0.000 0.000 0.000
97.037 116.625 107.090 107.022 91.282 0.000 0.000 0.000 10.125 61.937 49.675 0.000 28.426 0.000 57.229 53.938 63.444 119.166 0.000 5.050 0.000 55.726 64.667 125.603 38.555 0.000 56.143 52.100 52.065 53.038 35.022 0.000 0.000 0.000 0.000 0.000 0.000 0.000 0.000 23.853 70.853 26.853 0.000 0.000 0.000 0.000 0.000 0.000 0.000 0.000 0.000 0.000 0.000 0.000 0.000 0.000 0.000 0.000 0.000 0.000 0.000 0.000 0.000 0.000 0.000 0.000 0.000 0.000 0.000 0.000 0.000 0.000 0.000
117.794 115.848 107.154 115.772 117.620 37.908 0.000 17.698 44.698 54.551 31.224 8.445 49.666 95.230 93.727 86.463 0.000 38.166 0.000 16.946 38.841 66.737 111.678 74.635 39.606 0.000 0.000 58.081 52.061 53.046 34.037 0.000 0.000 0.000 0.000 0.000 0.000 0.000 0.000 0.000 17.853 56.853 21.853 0.000 0.000 0.000 0.000 0.000 0.000 0.000 0.000 0.000 0.000 0.000 0.000 0.000 0.000 0.000 0.000 0.000 0.000 0.000 0.000 0.000 0.000 0.000 0.000 0.000 0.000 0.000 0.000 0.000 0.000
115.927 107.269 107.213 96.278 39.043 0.000 0.000 0.000 6.419 33.344 0.000 0.000 42.564 86.297 139.986 75.725 0.000 0.000 0.000 0.000 0.000 80.700 115.676 45.651 42.628 0.000 0.000 0.000 57.053 51.047 49.044 47.044 35.045 0.000 0.000 0.000 0.000 0.000 0.000 0.000 12.853 70.853 28.853 0.000 0.000 0.000 0.000 0.000 0.000 0.000 0.000 0.000 0.000 0.000 0.000 0.000 0.000 0.000 0.000 0.000 0.000 0.000 0.000 0.000 0.000 0.000 0.000 0.000 0.000 0.000 0.000 0.000 0.000
