results2_8e3_rain/res_3e8f-0099.wd
ncols         241
nrows         181
xllcorner     12693529.787448
yllcorner     3542525.717860
cellsize      155.156523
NODATA_value  -9999.000000
[rows 66 to 98 of 181, columns 146 to 218 of 241]
24.793 39.723 61.657 62.595 62.535 62.479 62.423 62.367 62.311 65.262 1.240 0.000 0.000 0.000 0.000 0.000 0.000 0.000 31.199 6.200 0.000 13.198 43.195 43.195 43.196 50.197 56.197 56.194 56.190 56.184 56.176 56.168 56.158 56.149 56.140 58.133 43.127 44.123 36.122 0.000 0.000 0.000 0.000 0.000 11.386 18.372 27.348 21.316 0.000 0.000 11.786 32.747 40.700 34.652 29.605 29.559 19.515 16.471 16.429 19.388 40.349 52.311 47.274 36.239 43.206 50.175 54.145 54.117 53.090 53.065 53.041 53.019 52.998
27.854 46.785 64.719 62.659 62.603 62.551 62.499 62.443 67.379 56.309 26.284 23.284 0.000 0.000 0.000 0.000 0.000 2.198 4.199 0.000 0.000 0.000 13.184 44.184 53.184 56.183 56.182 56.180 56.176 60.171 58.165 56.159 56.152 56.145 55.139 47.133 41.128 47.125 37.124 0.000 0.000 0.000 0.000 3.375 17.376 22.368 18.358 0.000 0.000 0.000 13.700 16.681 30.650 39.613 28.573 27.532 25.491 16.450 16.409 15.370 21.331 45.294 52.258 37.224 39.191 41.160 43.131 47.103 51.076 53.051 54.028 53.006 52.985
32.913 53.843 63.777 62.718 62.668 62.622 60.578 59.529 14.454 0.000 30.283 36.283 1.283 0.000 0.000 0.000 0.000 0.000 0.000 0.000 0.000 0.000 26.173 46.173 56.172 56.171 56.169 56.167 56.164 58.160 57.155 56.150 56.145 57.140 47.136 45.133 48.129 43.126 35.125 0.000 0.000 0.000 0.000 21.374 24.374 0.000 0.000 0.000 0.000 21.612 23.634 33.628 36.607 47.577 45.543 33.506 22.468 14.429 16.389 16.351 11.313 25.276 42.241 46.207 51.175 48.144 41.115 46.087 49.061 49.037 47.014 48.992 51.971
37.971 60.898 64.826 65.769 62.728 63.693 58.663 4.640 0.000 29.283 30.283 35.283 43.283 0.000 0.000 0.000 0.000 0.000 0.000 0.000 0.000 9.162 32.164 45.162 57.160 56.159 56.157 56.155 56.153 57.150 56.146 56.142 56.139 53.136 47.134 12.133 0.000 0.000 0.000 0.000 0.000 0.000 0.000 17.373 24.373 0.000 0.000 0.000 38.582 24.591 19.596 47.589 52.572 53.547 57.516 51.482 39.446 19.408 16.369 16.331 14.294 15.258 21.223 22.189 29.157 37.127 44.098 48.071 49.045 50.021 45.999 48.977 49.957
20.030 24.954 34.861 10.804 67.782 64.759 49.740 26.729 0.000 0.000 0.000 0.000 0.000 0.000 0.000 0.000 0.000 0.000 0.000 0.000 0.000 10.160 35.158 38.152 54.149 56.148 56.146 56.145 60.142 59.140 56.137 56.135 57.132 48.131 51.130 0.000 0.000 0.000 0.000 0.000 0.000 0.000 0.000 0.000 11.372 20.372 0.000 0.000 69.574 32.574 14.570 45.561 53.545 53.522 53.494 56.461 55.425 35.387 18.349 16.312 14.274 17.238 18.203 26.170 31.138 20.108 20.080 25.053 30.028 36.005 40.983 44.962 48.942
66.097 45.025 0.000 0.000 71.838 63.819 50.811 32.806 0.000 0.000 0.000 0.000 0.000 0.000 0.000 0.000 0.000 0.000 0.000 0.000 0.000 0.000 0.000 40.138 56.137 56.137 56.136 56.134 58.133 57.131 56.129 56.127 57.126 45.125 55.125 0.000 0.000 0.000 0.000 0.000 0.000 0.000 0.000 0.000 0.000 0.000 0.000 0.000 6.567 22.560 15.551 45.540 53.524 53.503 54.476 54.443 54.407 47.368 23.329 19.291 17.254 14.218 35.183 47.150 53.118 37.089 30.061 26.035 24.010 20.987 20.966 20.945 48.926
42.177 0.000 0.000 69.033 68.914 66.870 57.878 42.879 0.000 0.000 0.000 0.000 0.000 0.000 0.000 0.000 0.000 0.000 0.000 0.000 0.000 0.000 22.119 45.125 57.126 56.126 56.126 57.125 56.124 56.122 56.121 56.119 57.118 50.118 15.122 0.000 0.000 0.000 0.000 0.000 0.000 0.000 0.000 0.000 0.000 0.000 0.000 0.000 0.000 19.547 18.535 36.524 51.510 54.490 48.463 44.430 50.391 41.349 24.309 23.271 32.233 27.197 50.161 54.128 53.097 51.067 51.040 48.015 45.991 42.969 38.948 30.928 50.909
69.237 59.241 65.212 21.152 0.000 0.000 63.953 37.952 0.000 0.000 1.124 0.000 0.000 0.000 0.000 0.000 0.000 0.000 0.000 0.000 0.000 0.000 38.114 50.116 57.117 56.117 56.117 58.116 58.115 56.114 56.113 56.111 55.110 51.109 0.093 0.000 0.000 0.000 0.000 0.000 0.000 0.000 0.000 0.000 0.000 0.000 0.000 0.000 0.000 0.000 7.519 33.512 51.502 52.485 33.457 36.422 38.380 35.328 20.287 17.250 40.213 49.174 53.138 55.104 55.073 56.045 54.018 53.993 54.970 53.949 54.929 54.910 53.892
71.292 63.274 68.243 19.212 0.000 0.000 55.028 3.025 0.000 0.000 33.124 0.000 0.000 0.000 0.000 0.000 0.000 0.000 0.000 0.000 0.000 0.000 41.107 53.108 57.108 56.109 56.109 57.108 57.107 56.106 56.105 57.103 53.102 48.100 0.000 0.000 0.000 0.000 0.000 0.000 0.000 0.000 0.000 0.000 0.000 0.000 0.000 0.000 0.000 1.506 12.508 28.505 50.500 52.493 0.000 0.000 0.000 25.295 19.263 14.230 28.192 47.151 53.113 55.079 55.048 55.020 52.995 52.971 53.949 52.928 52.909 53.891 53.874
63.367 63.318 63.277 61.239 48.209 34.166 27.108 26.094 22.114 25.122 28.125 28.125 0.095 0.000 0.000 0.000 0.000 0.000 2.071 4.072 0.000 0.000 40.099 54.100 56.101 56.101 56.101 56.101 56.100 56.099 56.097 56.096 38.094 33.090 31.084 26.081 0.000 0.000 0.000 0.000 0.000 0.000 0.000 0.000 0.000 0.000 0.000 0.000 3.503 29.503 20.504 24.502 44.498 45.495 18.495 0.000 0.000 0.000 16.239 21.215 20.177 39.124 52.083 53.050 53.020 52.994 52.970 52.947 52.926 52.907 52.889 52.872 52.855
63.409 63.356 63.306 62.261 59.221 61.181 35.145 14.128 52.127 25.128 29.128 5.126 0.000 0.000 0.000 0.000 0.000 0.000 2.072 48.072 0.000 0.000 39.092 53.093 57.094 56.094 58.094 59.094 57.093 56.092 56.091 54.089 47.087 38.084 39.080 38.078 0.000 0.000 0.000 0.000 0.000 0.000 0.000 0.000 0.000 0.000 0.000 0.000 0.000 32.502 24.501 31.499 46.497 41.495 47.495 0.000 0.000 0.000 0.000 0.000 0.000 29.085 52.047 53.017 52.990 52.966 52.943 52.922 52.903 52.885 52.868 52.851 52.836
63.444 63.390 64.331 66.278 63.232 63.192 62.163 63.146 54.139 32.135 4.131 0.000 0.000 0.000 0.000 0.000 0.000 0.000 0.000 41.073 28.075 18.078 34.083 56.086 56.087 56.088 56.088 56.088 56.087 56.086 56.085 56.083 54.081 33.078 37.076 44.074 0.000 0.000 0.000 0.000 0.000 0.000 0.000 0.000 0.000 0.000 0.000 0.000 0.000 44.502 0.000 11.497 34.496 41.495 2.495 0.000 0.000 0.000 0.000 0.000 0.000 0.000 41.002 53.982 52.959 52.936 52.915 52.896 52.878 52.862 52.846 52.831 52.817
66.481 62.430 59.350 61.289 64.238 64.194 66.169 63.155 61.147 48.143 0.000 0.000 0.000 0.000 0.000 0.000 0.000 0.000 0.000 0.000 32.074 24.076 40.078 58.080 56.082 56.083 56.083 56.083 56.082 56.081 56.080 56.078 57.076 46.073 33.071 37.068 43.064 0.000 0.000 0.000 0.000 0.000 0.000 0.000 0.000 0.000 0.000 0.000 0.000 0.000 0.000 0.000 19.494 38.494 0.000 0.000 0.000 0.000 0.000 0.000 0.000 0.000 28.976 49.952 52.927 52.905 52.886 52.869 52.853 52.838 52.824 52.810 52.797
59.524 20.500 0.000 0.000 0.000 56.175 61.166 67.157 63.151 52.148 2.148 0.000 36.147 6.146 0.000 0.000 0.000 0.000 0.000 0.000 24.072 28.073 49.075 57.076 58.077 59.078 56.078 56.078 56.077 56.076 56.075 56.073 56.071 57.069 36.066 18.063 27.061 0.000 0.000 0.000 0.000 0.000 0.000 0.000 0.000 0.000 0.000 0.000 0.000 0.000 0.000 0.000 8.493 41.493 0.000 0.000 0.000 0.000 0.000 0.000 0.000 0.000 0.000 29.921 49.892 52.872 52.856 52.841 52.827 52.814 52.802 52.789 52.777
54.560 11.546 0.000 0.000 31.166 29.166 46.162 65.156 62.152 47.149 28.148 32.147 36.147 2.147 0.000 0.000 0.000 0.000 0.000 0.000 25.069 36.070 56.071 56.072 59.073 59.074 56.074 56.074 56.074 56.073 56.071 56.069 56.067 57.065 53.062 48.059 37.055 17.050 11.047 0.000 0.000 0.000 0.000 0.000 0.000 0.000 0.000 0.000 0.000 0.000 0.000 0.000 10.492 2.492 0.000 0.000 0.000 0.000 0.000 0.000 0.000 0.000 0.000 0.000 34.847 50.836 52.824 52.812 52.801 52.790 52.780 52.769 52.757
60.587 41.578 13.584 0.000 0.000 31.162 31.158 53.155 65.152 43.150 30.148 35.148 13.147 0.000 0.000 0.000 0.000 0.000 24.061 17.062 22.065 39.066 58.068 58.069 59.070 56.071 56.071 56.071 56.071 56.069 56.068 56.066 56.064 56.062 56.059 58.055 47.052 35.048 24.045 25.042 18.039 9.038 14.038 0.000 0.000 0.000 0.000 0.000 0.000 0.000 0.000 0.000 13.492 0.000 0.000 0.000 0.000 0.000 0.000 0.000 0.000 0.000 0.000 0.000 19.813 47.802 51.792 52.783 52.775 52.767 52.758 52.749 52.739
63.605 54.597 7.591 0.000 0.000 0.000 30.156 35.153 62.151 50.149 31.148 34.148 9.147 0.000 0.000 0.000 0.000 0.000 27.060 20.061 23.062 41.064 60.065 59.067 57.068 57.069 56.069 56.069 56.068 56.067 56.066 57.064 57.062 57.059 51.056 42.052 46.049 53.046 46.043 44.041 32.039 19.038 26.038 0.000 0.000 0.000 0.000 0.000 0.000 0.000 0.000 0.000 0.000 0.000 0.000 0.000 0.000 0.000 0.000 0.000 0.000 0.000 0.000 0.000 11.791 42.768 52.759 54.754 54.749 54.744 53.738 52.731 52.721
63.619 38.613 0.000 0.000 0.000 0.000 0.000 37.151 50.150 44.149 43.148 40.147 30.147 8.147 0.000 0.000 0.000 0.000 26.059 19.059 24.060 39.062 51.063 48.065 43.066 45.068 50.068 55.068 57.066 57.065 55.063 45.062 43.060 48.057 37.053 34.049 34.046 45.044 49.041 44.039 30.038 19.037 0.000 0.000 0.000 0.000 0.000 0.000 0.000 0.000 0.000 0.000 0.000 0.000 0.000 0.000 0.000 0.000 0.000 0.000 0.000 0.000 0.000 0.000 0.000 24.722 30.723 32.724 32.724 33.722 42.720 51.715 52.706
62.629 28.624 0.000 0.000 0.000 0.000 0.000 32.149 26.149 25.148 33.148 33.147 33.147 29.147 2.146 0.000 0.000 0.000 31.057 26.057 31.058 41.059 44.061 47.063 5.065 0.000 0.000 0.000 57.065 54.064 43.061 0.000 0.000 0.000 36.049 68.046 61.044 40.042 46.040 40.038 29.036 14.035 17.034 0.000 0.000 0.000 0.000 0.000 0.000 0.000 0.000 0.000 0.000 0.000 0.000 0.000 0.000 0.000 0.000 0.000 3.602 24.602 35.608 34.621 52.641 60.674 61.688 59.695 61.700 48.702 31.704 49.703 52.696
60.634 25.631 0.000 0.000 0.000 0.000 0.000 32.149 28.149 7.148 0.000 0.000 0.000 0.000 0.000 0.000 0.000 0.000 37.055 31.055 26.056 22.057 8.059 0.000 0.000 0.000 0.000 0.000 0.000 0.000 30.057 0.000 0.000 0.000 0.000 31.042 64.041 24.040 25.038 24.036 20.035 23.034 70.033 29.032 0.000 0.000 0.000 0.000 0.000 0.000 0.000 0.000 0.000 0.000 0.000 0.000 0.000 0.000 0.000 0.000 0.000 71.597 67.603 49.613 50.628 47.647 48.660 70.670 63.678 49.685 29.691 38.697 37.696
46.637 27.635 21.634 0.000 0.000 0.000 0.000 0.000 30.148 14.148 0.000 0.000 0.000 0.000 0.000 0.000 0.000 0.000 37.054 37.054 38.054 21.054 0.000 0.000 0.000 0.000 0.000 0.000 0.000 0.000 26.053 3.052 0.000 0.000 0.000 30.040 79.039 43.038 46.036 41.035 26.034 44.033 98.032 95.031 26.031 0.000 0.000 0.000 0.000 0.000 0.000 0.000 0.000 0.000 0.000 0.000 0.000 2.549 0.000 0.000 0.000 74.587 41.592 49.601 40.612 21.625 32.637 75.647 41.657 28.668 35.679 0.000 0.000
30.638 30.635 16.635 0.000 0.000 0.000 0.000 0.000 0.000 0.000 0.000 0.000 0.000 0.000 0.000 0.000 0.000 0.000 40.053 31.052 25.052 23.052 0.000 0.000 0.000 0.000 0.000 0.000 0.000 23.049 16.050 41.051 37.050 0.000 0.000 36.039 42.038 34.037 77.035 66.033 37.033 0.000 54.031 109.030 0.000 0.000 0.000 0.000 0.000 0.000 0.000 0.000 0.000 0.000 0.000 0.000 53.549 91.549 82.551 78.554 25.560 69.572 37.579 26.587 73.595 54.605 74.615 55.624 25.635 33.651 0.000 0.000 0.000
33.637 34.635 26.634 0.000 0.000 0.000 0.000 0.000 0.000 0.000 0.000 0.000 0.000 0.000 0.000 0.000 0.000 0.000 0.000 35.050 25.050 3.050 0.000 0.000 0.000 0.000 0.000 0.000 0.000 25.048 22.049 0.000 0.000 0.000 0.000 10.039 0.000 0.000 0.000 32.028 0.000 0.000 10.030 76.030 31.029 0.000 0.000 0.000 0.000 0.000 0.000 0.000 0.000 0.000 0.000 0.000 9.548 0.000 53.550 57.552 8.555 69.561 46.566 19.571 37.578 87.585 101.593 35.601 23.607 0.000 0.000 0.000 0.000
32.635 33.634 33.633 37.631 29.631 0.000 0.000 0.000 0.000 0.000 0.000 0.000 0.000 0.000 0.000 0.000 0.000 0.000 0.000 25.048 21.048 5.048 0.000 0.000 0.000 0.000 0.000 0.000 26.047 23.047 0.011 0.000 0.000 0.000 0.000 0.000 0.000 0.000 0.000 36.024 0.000 0.000 10.029 0.000 0.000 0.000 0.000 0.000 0.000 0.000 0.000 0.000 0.000 0.000 0.000 0.000 0.000 0.000 29.547 48.548 7.549 71.550 51.552 21.556 70.560 73.566 68.573 76.580 40.586 0.000 0.000 0.000 13.491
34.632 12.633 23.632 32.631 32.630 32.629 31.629 0.000 0.000 0.000 0.000 0.000 0.000 0.000 0.000 0.000 0.000 0.000 0.000 27.046 23.046 7.046 0.000 0.000 0.000 0.000 0.000 0.000 0.000 29.046 1.045 0.000 0.000 0.000 0.000 0.000 0.000 0.000 0.000 23.020 27.019 4.018 0.000 0.000 0.000 0.000 0.000 0.000 0.000 0.000 0.000 0.000 0.000 0.000 0.000 0.000 0.000 0.000 32.544 52.544 12.542 72.540 57.538 71.539 71.541 30.546 23.552 68.559 17.573 0.000 0.000 14.471 22.479
39.627 0.000 0.000 29.630 18.630 0.000 31.628 21.628 0.000 0.000 0.000 0.000 0.000 0.000 0.000 0.000 0.000 0.000 0.000 26.045 23.045 11.045 0.000 0.000 0.000 0.000 0.000 0.000 0.000 0.000 0.000 0.000 0.000 0.000 0.000 0.000 0.000 0.000 39.017 56.018 17.018 0.000 0.000 0.000 0.000 0.000 0.000 0.000 0.000 0.000 0.000 0.000 0.000 0.000 0.000 0.000 0.000 0.000 67.543 53.541 14.537 72.529 69.523 61.521 53.521 39.525 40.529 9.534 0.000 0.000 0.000 17.464 24.468
36.621 0.000 0.000 16.630 8.630 0.000 0.000 0.000 0.000 40.561 36.561 27.561 0.000 0.000 0.000 0.000 0.000 0.000 0.000 30.045 26.045 8.045 0.000 0.000 0.000 0.000 0.000 0.000 0.000 0.000 0.000 0.000 0.000 0.000 0.000 0.000 0.000 0.000 2.017 86.017 52.017 0.000 0.000 0.000 0.000 0.000 0.000 0.000 0.000 0.000 0.000 0.000 0.000 0.000 0.000 0.000 0.000 0.000 0.000 0.000 0.000 46.516 87.503 66.500 65.500 63.502 66.507 14.513 0.000 0.000 2.452 16.453 17.455
52.614 0.000 0.000 0.000 0.000 38.577 25.575 0.000 36.564 30.562 30.561 22.560 0.000 0.000 0.000 0.000 0.000 0.000 0.000 30.044 25.044 13.044 0.000 0.000 0.000 0.000 0.000 0.000 0.000 0.000 0.000 0.000 0.000 0.000 0.000 0.000 0.000 0.000 0.000 30.017 22.017 0.000 0.000 0.000 0.000 0.000 0.000 0.000 0.000 0.000 0.000 0.000 0.000 0.000 0.000 0.000 0.000 0.000 0.000 0.000 0.000 0.000 29.475 30.475 28.476 28.478 25.484 21.498 0.000 0.000 0.000 16.440 14.442
63.605 52.597 34.592 35.588 34.583 28.578 29.574 30.570 28.565 33.563 32.561 23.560 20.559 0.000 0.000 0.000 0.000 0.000 0.000 17.044 0.000 0.000 0.000 0.000 0.000 0.000 0.000 0.000 0.000 0.000 0.000 0.000 0.000 0.000 0.000 0.000 0.000 0.000 0.000 0.000 29.016 0.000 0.000 0.000 0.000 0.000 0.000 0.000 0.000 0.000 0.000 0.000 0.000 0.000 0.000 0.000 0.000 0.000 0.000 0.000 0.000 0.000 17.448 16.450 16.451 32.452 27.452 0.000 0.000 0.000 0.000 29.426 41.428
63.600 57.596 27.592 27.588 27.584 10.579 11.574 15.570 25.566 34.562 31.560 23.559 26.558 15.558 0.000 0.000 0.000 0.000 0.000 0.000 0.000 0.000 0.000 0.000 0.000 0.000 0.000 0.000 0.000 0.000 0.000 0.000 0.000 0.000 0.000 0.000 0.000 0.000 0.000 0.000 0.000 0.000 0.000 0.000 0.000 0.000 0.000 0.000 0.000 0.000 0.000 0.000 0.000 0.000 0.000 0.000 0.000 0.000 0.000 0.000 9.396 12.403 16.419 16.425 18.427 37.426 27.422 10.407 0.000 0.000 24.399 45.409 52.414
63.596 61.593 31.591 28.589 8.586 0.000 0.000 0.000 0.000 25.561 28.559 26.558 19.557 0.000 0.000 0.000 0.000 0.000 0.000 0.000 0.000 0.000 0.000 0.000 0.000 0.000 0.000 0.000 0.000 0.000 0.000 0.000 0.000 0.000 0.000 0.000 0.000 0.000 0.000 0.000 0.000 0.000 0.000 0.000 0.000 0.000 0.000 0.000 0.000 0.000 0.000 0.000 0.000 0.000 0.000 0.000 0.000 0.000 0.000 0.000 20.389 17.394 16.401 12.405 25.406 42.405 26.401 15.393 10.385 10.384 34.390 51.396 52.402
63.593 61.592 14.591 18.590 0.000 0.000 0.000 0.000 0.000 0.000 16.558 29.557 21.556 0.000 0.000 0.000 0.000 0.000 0.000 0.000 0.000 0.000 0.000 0.000 0.000 0.000 0.000 0.000 0.000 0.000 0.000 0.000 0.000 0.000 0.000 0.000 0.000 0.000 0.000 0.000 0.000 0.000 0.000 0.000 0.000 0.000 0.000 0.000 0.000 0.000 0.000 0.000 0.000 0.000 0.000 0.000 0.000 0.000 0.000 14.373 12.379 11.383 16.386 30.388 43.388 33.387 17.385 15.381 17.377 14.377 35.381 53.385 52.390
63.589 37.590 0.000 0.000 0.000 0.000 0.000 0.000 0.000 0.000 0.000 19.555 26.554 24.553 0.000 0.000 0.000 0.000 0.000 0.000 0.000 0.000 0.000 0.000 0.000 0.000 0.000 0.000 0.000 0.000 0.000 0.000 0.000 0.000 0.000 0.000 0.000 0.000 0.000 0.000 0.000 0.000 0.000 0.000 0.000 0.000 0.000 0.000 0.000 0.000 0.000 0.000 0.000 0.000 0.000 0.000 19.359 11.360 9.363 21.367 35.371 40.373 42.374 42.373 28.373 16.371 15.369 15.368 14.367 16.368 39.371 54.375 52.379
