results2_8e3_rain/res_3e8f-0114.wd
ncols         241
nrows         181
xllcorner     12693529.787448
yllcorner     3542525.717860
cellsize      155.156523
NODATA_value  -9999.000000
[rows 99 to 131 of 181, columns 0 to 72 of 241]
0.000 0.000 0.000 0.000 0.000 59.269 99.269 101.268 92.268 87.268 0.000 0.000 0.000 0.000 0.000 1.265 0.266 67.266 64.266 0.000 0.000 0.264 3.264 62.263 61.263 2.263 0.000 0.000 0.000 8.729 0.000 0.000 0.000 0.000 14.588 60.584 56.574 55.557 56.532 57.505 70.475 59.443 63.407 55.368 57.325 55.279 56.230 61.177 62.123 60.066 64.007 56.947 56.885 58.821 61.755 75.683 76.622 61.574 47.529 0.000 0.000 0.000 0.000 0.000 25.437 80.433 77.423 64.405 39.383 34.361 78.340 55.319 57.300
0.000 0.000 0.000 0.000 0.000 60.269 100.269 100.269 0.000 0.000 0.000 0.000 0.000 0.000 0.000 0.265 12.266 78.266 67.266 5.266 2.265 2.265 65.264 64.264 68.263 0.000 0.000 0.000 0.000 66.729 58.729 0.000 0.000 0.000 73.632 83.626 69.617 62.603 56.584 58.561 77.534 62.503 68.469 68.430 59.387 74.341 66.292 67.239 57.183 65.125 65.065 63.003 56.940 57.876 61.809 58.714 20.649 10.611 0.000 0.000 0.000 0.000 0.000 28.438 65.437 77.434 84.426 74.414 50.399 51.382 65.366 56.349 57.332
5.272 0.000 0.000 0.000 0.000 47.270 96.270 105.270 15.270 0.000 0.000 0.000 0.000 0.000 0.000 0.000 1.267 85.267 66.266 67.266 69.266 66.265 63.265 64.264 62.264 0.263 0.000 0.000 0.000 59.729 59.729 60.727 59.720 59.707 58.681 68.672 77.665 24.655 88.641 78.621 83.597 68.568 13.534 84.496 82.454 81.407 85.357 74.303 57.246 60.186 65.124 65.061 61.997 57.935 46.892 0.000 0.000 0.000 0.000 0.000 0.000 0.000 0.000 38.440 65.440 65.438 76.433 75.425 58.416 58.405 57.393 57.380 57.366
73.272 76.272 8.272 0.000 0.000 57.270 96.270 101.270 111.270 16.271 0.000 0.000 0.000 0.000 7.268 7.268 5.267 22.267 70.267 67.266 85.266 99.265 74.265 59.265 0.000 0.000 0.000 0.000 0.000 0.000 58.731 59.733 59.727 59.719 59.713 58.716 58.717 57.712 58.702 63.686 75.665 69.638 12.605 84.567 85.524 63.477 70.426 87.370 81.311 68.249 58.185 64.120 65.052 67.973 52.933 0.000 0.000 0.000 0.000 0.000 0.000 0.000 0.000 0.443 16.447 62.446 59.443 59.439 57.434 57.428 57.420 57.411 57.400
87.272 70.272 70.272 72.272 74.272 93.271 101.271 101.271 101.271 103.271 77.271 16.271 0.000 65.269 72.268 73.268 35.268 30.267 93.267 101.267 96.266 92.266 75.265 0.000 0.000 0.000 0.000 0.000 0.000 0.000 0.000 59.747 58.734 57.730 58.735 59.764 59.773 59.774 59.769 60.757 79.739 74.713 57.680 59.642 70.598 81.551 58.499 70.442 71.380 64.313 84.247 67.182 59.117 0.080 0.000 0.000 0.000 0.000 0.000 0.000 0.000 0.000 0.000 0.000 8.454 62.455 57.455 57.455 57.454 57.453 57.449 55.444 53.436
102.272 92.272 73.272 77.272 95.272 101.271 101.271 101.271 101.271 96.271 68.271 74.270 2.270 56.269 91.269 99.268 99.268 83.268 98.268 105.267 15.267 0.000 0.000 0.000 0.000 0.000 0.000 0.000 0.000 0.000 0.000 59.773 0.000 0.000 0.000 60.831 59.837 59.842 59.842 60.835 76.819 81.794 58.761 59.722 59.677 77.629 78.577 56.519 64.453 83.375 75.309 53.246 0.000 0.000 0.000 0.000 0.000 0.000 0.000 0.000 0.000 0.000 0.000 0.000 5.462 62.464 57.467 57.471 57.476 56.479 55.480 60.479 61.475
102.273 102.273 97.272 100.272 101.272 101.272 101.272 101.271 101.271 97.271 72.271 89.271 0.000 0.000 69.269 93.269 101.269 102.268 101.268 106.268 9.268 0.000 0.000 0.000 0.000 0.000 0.000 0.000 0.000 0.000 0.000 59.800 0.000 0.000 61.900 59.893 59.902 59.914 59.923 59.923 76.909 81.884 58.849 59.807 59.761 60.712 81.660 75.604 82.537 72.427 53.368 0.000 0.000 0.000 0.000 0.000 0.000 0.000 0.000 0.000 0.000 0.000 0.000 0.000 60.468 57.471 57.477 57.486 57.499 56.508 58.513 62.516 63.517
100.273 101.273 101.273 101.273 101.272 101.272 101.272 101.272 101.272 102.271 97.271 104.271 28.271 7.270 57.270 76.269 99.269 101.269 102.268 90.268 4.268 0.000 0.000 0.000 0.000 0.000 0.000 0.000 0.000 0.000 0.000 53.826 58.853 58.880 57.906 59.940 59.963 59.989 60.014 60.023 77.011 81.983 58.943 59.896 59.847 59.797 64.748 87.702 67.665 0.000 0.000 0.000 0.000 0.000 0.000 0.000 0.000 0.000 0.000 0.000 0.000 0.000 0.000 0.000 13.472 64.476 60.484 61.499 59.526 55.539 62.548 63.556 61.562
97.273 102.273 101.273 101.273 101.273 101.273 101.273 101.272 101.272 101.272 102.272 95.271 79.271 70.271 64.270 91.270 101.269 101.269 106.269 9.269 0.000 0.000 0.000 0.000 0.000 0.000 0.000 0.000 0.000 0.000 0.000 0.000 0.000 0.000 0.000 59.996 60.021 60.066 60.122 60.143 76.130 83.095 60.045 59.989 59.933 59.880 59.832 65.790 18.755 0.000 0.000 0.000 0.000 0.000 0.000 0.000 0.000 0.000 0.000 0.000 0.000 0.000 0.000 0.000 0.000 1.475 0.000 0.000 5.568 64.575 62.585 63.597 60.611
97.274 102.274 101.274 101.273 101.273 101.273 101.273 101.273 101.273 101.272 102.272 87.272 66.271 65.271 74.271 98.270 101.270 101.270 107.269 12.269 3.269 0.000 0.000 0.000 0.000 0.000 0.000 0.000 0.000 0.000 0.000 0.000 0.000 0.000 0.000 56.028 60.060 57.131 60.266 60.295 79.273 83.220 60.152 60.081 60.016 59.960 59.912 56.869 6.812 0.000 0.000 0.000 0.000 0.000 0.000 0.000 0.000 0.000 0.000 0.000 0.000 56.658 0.000 0.000 0.000 0.000 0.000 0.000 60.603 61.609 63.619 63.636 60.659
100.274 101.274 101.274 101.274 101.274 101.274 101.274 101.273 101.273 101.273 101.272 98.272 75.272 76.271 93.271 100.271 101.270 101.270 108.270 25.270 0.000 0.000 0.000 0.000 0.000 0.000 0.000 0.000 0.000 0.000 0.000 0.000 0.000 0.000 0.000 0.000 56.060 0.000 59.517 60.499 88.446 75.362 60.262 60.167 60.090 73.030 62.987 57.962 0.000 0.000 0.000 0.000 0.000 0.000 0.000 0.000 0.000 0.000 0.000 0.000 8.658 67.658 52.658 0.000 0.000 0.000 0.000 61.642 64.633 63.636 60.648 56.669 56.701
101.275 101.275 101.275 101.275 101.275 101.274 101.274 101.274 101.274 101.273 101.273 101.273 103.272 103.272 102.271 101.271 101.271 103.270 92.270 35.270 0.000 0.000 0.000 0.000 0.000 0.000 0.000 0.000 0.000 0.000 0.000 0.000 0.000 0.000 0.000 0.000 0.000 0.000 59.785 60.738 94.649 63.520 60.366 60.237 72.146 81.084 60.045 60.029 59.046 0.000 0.000 0.000 0.000 0.000 0.000 0.000 0.000 0.000 0.000 0.000 0.000 63.659 64.659 51.659 0.000 57.657 59.656 63.652 62.650 60.656 59.669 55.691 63.728
100.275 99.275 101.275 101.275 101.275 101.275 101.275 101.275 101.274 101.274 101.274 101.273 101.273 101.272 101.272 101.271 102.271 85.271 13.270 4.270 62.270 76.270 22.270 0.000 0.000 3.270 0.000 0.000 0.000 0.000 0.000 0.000 0.000 0.000 0.000 1.936 1.919 0.000 56.099 67.020 89.893 60.703 57.446 60.268 60.174 60.116 60.081 60.064 60.062 57.062 0.000 0.000 0.000 0.000 0.000 0.000 0.000 0.000 0.000 0.000 0.000 58.659 54.659 60.659 55.659 63.659 63.659 62.659 58.661 61.667 56.680 55.700 55.733
90.276 90.276 99.276 101.276 101.276 101.276 101.276 101.275 101.275 101.275 101.274 102.274 103.273 101.272 101.272 101.271 101.271 23.271 7.271 62.271 72.270 82.270 81.270 74.270 66.270 7.270 0.000 0.000 0.000 0.000 0.000 0.000 0.000 0.000 1.970 60.953 63.902 63.762 60.494 59.348 68.201 55.952 0.000 56.216 60.164 60.125 60.098 60.083 59.078 0.000 0.000 0.000 0.000 0.000 0.000 0.000 60.657 71.657 0.000 0.000 59.658 57.659 57.659 54.659 62.660 63.660 63.661 60.663 63.667 63.673 61.683 56.695 45.708
72.277 77.277 96.277 102.277 101.277 101.277 101.277 101.276 101.276 101.276 103.275 89.274 85.274 100.273 105.272 102.272 97.271 79.271 82.271 88.271 82.271 83.270 62.270 55.270 1.270 0.000 0.000 0.000 0.000 0.000 0.000 0.000 0.000 0.000 51.988 58.005 60.973 60.890 60.767 60.675 62.613 0.000 0.000 0.000 55.142 60.121 60.104 60.093 60.088 0.000 0.000 0.000 0.000 0.000 0.000 20.657 77.657 59.658 57.658 57.658 57.658 57.659 55.659 60.659 63.660 63.661 59.663 63.666 63.670 62.676 56.683 57.690 47.696
56.277 71.277 90.278 103.278 104.278 104.278 102.278 101.277 102.277 101.276 102.276 40.275 11.274 59.273 77.272 98.272 105.272 103.271 103.271 89.271 12.271 0.000 0.000 0.000 0.000 0.000 0.000 0.000 0.000 6.951 8.951 0.000 0.000 0.000 0.000 57.106 61.094 59.059 60.009 61.973 62.963 0.000 0.000 0.000 0.000 53.112 60.103 60.097 57.092 0.000 0.000 0.000 0.000 0.000 0.000 0.000 19.657 73.658 56.658 56.658 57.658 56.658 56.659 62.659 63.660 61.662 49.664 2.668 67.673 61.677 61.682 61.686 47.689
20.277 42.278 75.279 81.279 75.279 77.279 94.279 102.278 98.278 91.278 90.277 25.277 0.000 0.000 0.000 35.272 70.272 96.272 103.272 0.271 0.000 0.000 0.000 0.000 0.000 0.000 0.000 0.000 0.000 48.951 69.951 14.951 0.000 0.000 0.000 57.219 63.240 62.242 71.236 72.247 62.302 7.467 0.000 0.000 0.000 0.000 57.101 58.099 0.000 0.000 0.000 0.000 0.000 0.000 0.000 0.000 0.000 78.658 81.658 61.658 55.658 53.658 63.659 63.659 58.660 0.000 0.000 0.000 8.676 66.679 63.682 63.684 53.686
0.000 0.000 56.281 65.281 17.280 3.280 66.280 95.279 86.279 82.279 96.278 63.278 23.279 0.000 0.000 0.000 0.000 41.272 72.273 0.000 0.000 0.000 0.000 0.000 0.000 0.000 0.000 0.000 0.000 0.000 53.951 71.951 2.951 0.000 0.000 48.311 62.404 60.432 90.447 83.475 61.532 63.631 9.740 0.000 0.000 0.000 52.101 0.000 0.000 0.000 0.000 0.000 0.000 0.000 0.000 0.000 0.000 0.000 66.658 83.658 68.658 62.658 63.659 58.659 0.000 0.000 0.000 0.000 0.000 58.681 63.682 63.683 58.685
0.000 0.000 52.283 97.282 54.282 3.282 55.281 87.281 89.280 100.280 102.279 105.279 111.279 50.279 19.278 0.000 0.000 0.000 12.274 7.274 0.000 0.273 0.000 0.000 0.000 0.000 0.000 0.000 0.000 0.000 54.951 69.951 0.000 6.953 10.953 0.000 55.633 63.635 93.647 75.673 63.720 62.786 67.849 0.000 0.000 0.000 0.000 0.000 0.000 0.000 0.000 0.000 0.000 0.000 0.000 0.000 0.000 0.000 0.000 4.658 71.658 61.658 59.658 0.000 0.000 0.000 0.000 0.000 57.681 56.681 58.682 52.683 0.000
25.287 40.286 74.285 92.284 100.284 69.283 82.282 105.282 102.281 101.281 101.280 101.280 101.279 107.279 110.278 66.277 25.277 7.276 70.275 84.274 77.274 79.274 35.274 11.274 8.274 0.000 0.000 0.000 0.000 0.000 33.952 55.952 61.952 61.953 64.953 23.954 56.858 85.830 87.831 64.851 62.889 62.946 66.020 11.142 6.195 0.000 0.000 0.000 0.000 0.000 0.000 0.000 0.000 0.000 0.000 0.000 0.000 0.000 0.000 0.000 0.000 0.000 5.658 0.000 0.000 0.000 0.000 59.681 54.681 52.681 0.000 0.000 0.000
98.288 101.287 101.286 99.286 97.285 98.284 100.284 100.283 101.283 102.282 102.281 101.281 94.280 98.279 101.278 105.277 109.277 110.276 102.275 98.275 95.274 90.274 92.274 85.274 41.274 19.274 0.000 0.000 0.000 0.000 0.000 0.000 0.000 0.000 0.000 81.050 70.017 98.997 89.995 77.010 64.041 63.086 63.144 67.210 63.249 0.000 0.000 0.000 0.000 0.000 0.000 0.000 0.000 0.000 0.000 0.000 0.000 0.000 0.000 0.000 0.000 0.000 0.000 0.000 0.000 0.000 0.000 0.000 0.000 0.000 0.000 0.000 0.000
101.289 96.288 94.288 93.287 87.287 84.286 85.285 85.285 91.284 96.283 96.282 89.281 73.280 88.279 101.279 101.278 101.277 101.276 101.275 101.275 102.274 102.274 105.274 106.274 106.274 106.274 45.274 0.000 0.000 0.000 0.000 0.000 0.000 0.000 0.000 53.179 79.161 84.146 68.143 85.154 73.179 63.215 63.259 66.306 9.341 0.000 0.000 0.000 0.000 0.000 0.000 0.000 0.000 0.000 0.000 0.000 0.000 0.000 0.000 0.000 0.000 0.000 0.000 0.000 0.000 0.000 0.000 0.000 0.000 0.000 0.000 0.000 0.000
71.290 44.290 66.289 80.289 78.288 58.288 43.287 39.286 59.285 76.284 75.283 68.282 63.281 73.280 94.279 102.278 101.277 101.276 101.275 101.274 101.274 105.274 80.274 68.274 67.274 71.274 74.274 13.273 2.273 0.000 0.000 0.000 0.000 0.000 0.000 51.327 87.303 70.282 62.276 72.284 83.305 67.334 63.372 63.415 69.468 13.557 7.599 0.000 0.000 0.000 0.000 0.000 0.000 0.000 0.000 0.000 0.000 0.000 0.000 0.000 0.000 0.000 0.000 0.000 0.000 0.000 0.000 0.000 0.000 0.000 0.000 0.000 0.000
61.292 32.292 54.291 69.291 65.290 42.289 28.288 32.288 52.286 66.285 64.284 64.283 65.282 63.280 82.279 99.278 101.276 101.275 101.275 101.274 100.274 63.274 0.000 0.000 0.000 0.000 0.000 0.000 0.000 57.667 77.666 29.666 15.662 11.650 58.605 75.499 92.443 69.403 63.395 61.403 78.421 80.447 66.478 63.515 63.557 66.606 75.640 13.669 8.676 0.000 0.000 0.000 0.000 0.000 0.000 0.000 0.000 0.000 0.000 0.000 0.000 0.000 0.000 0.000 0.000 0.000 0.000 0.000 0.000 0.000 0.000 0.000 0.000
74.294 70.294 65.293 64.293 65.292 67.291 68.290 71.289 70.288 66.287 65.285 65.284 65.282 64.281 71.279 93.278 102.276 101.275 103.274 75.274 41.274 0.000 0.000 0.000 0.000 0.000 0.000 0.000 0.000 22.667 44.667 47.668 51.671 65.684 62.666 83.619 80.569 54.490 61.499 63.511 65.530 78.553 70.580 65.610 63.640 62.669 79.686 70.691 64.683 0.000 0.000 0.000 0.000 0.000 0.000 0.000 0.000 0.000 0.000 0.000 0.000 0.000 0.000 0.000 0.000 0.000 0.000 0.000 0.000 0.000 0.000 0.000 0.000
64.296 65.296 65.295 65.295 65.294 65.293 65.292 65.291 65.290 65.288 65.287 65.285 65.283 65.281 63.279 84.278 101.276 103.274 99.273 25.272 0.000 0.000 0.000 0.000 0.000 0.000 0.000 0.000 0.000 0.000 0.000 0.000 0.000 49.748 66.755 92.742 66.724 0.000 49.599 64.614 62.633 66.656 67.679 76.703 65.725 63.742 62.746 58.724 0.000 0.000 0.000 0.000 0.000 0.000 0.000 0.000 0.000 0.000 0.000 0.000 0.000 0.000 0.000 0.000 0.000 0.000 0.000 0.000 0.000 0.000 0.000 0.000 23.643
65.298 65.298 65.298 65.297 65.296 65.295 65.294 64.293 64.291 65.290 65.288 65.286 65.284 65.282 64.280 72.277 87.275 98.273 86.272 12.271 0.000 0.000 0.000 0.000 0.000 0.000 0.000 0.000 0.000 0.000 0.000 0.000 0.000 26.806 75.864 100.869 10.863 0.000 47.686 65.711 63.735 62.757 70.778 81.798 69.816 63.829 67.833 0.784 0.000 0.000 0.000 0.000 0.000 0.000 0.000 0.000 0.000 0.000 0.000 0.000 0.000 0.000 0.000 0.000 0.000 0.000 0.000 0.000 0.000 0.000 0.000 0.000 80.720
65.301 65.301 65.300 65.300 65.299 65.298 65.297 69.295 70.294 66.292 65.290 65.288 65.285 65.283 65.280 64.277 67.274 76.272 76.270 17.268 0.000 0.000 0.000 0.000 0.000 0.000 18.857 0.000 0.000 0.000 0.000 0.000 0.000 0.000 80.025 95.007 17.994 0.000 31.747 62.808 63.838 63.859 62.878 67.895 69.912 65.926 67.934 0.000 0.000 0.000 0.000 0.000 0.000 0.000 0.000 0.000 0.000 0.000 0.000 0.000 0.000 0.000 0.000 0.000 0.000 0.000 0.000 0.000 0.000 0.000 0.000 64.942 73.850
65.304 65.303 65.303 65.302 65.301 65.300 64.299 76.297 81.296 68.294 65.292 65.289 65.286 65.284 65.280 65.277 65.274 64.270 67.267 48.264 0.000 0.000 0.000 0.000 0.000 60.858 81.857 43.855 34.845 33.832 0.000 0.000 0.000 61.322 103.204 77.142 77.113 4.135 0.000 48.938 65.950 63.964 63.978 61.994 78.010 82.028 76.043 0.000 0.000 0.000 0.000 0.000 0.000 0.000 0.000 0.000 0.000 0.000 0.000 0.000 0.000 0.000 0.000 0.000 0.000 0.000 0.000 0.000 0.000 0.000 39.107 90.034 75.958
65.307 65.306 65.306 65.305 65.304 65.303 64.302 77.300 83.298 67.296 65.294 65.291 65.288 65.285 65.281 65.277 65.273 65.268 65.263 71.257 42.250 0.000 0.000 0.000 0.858 23.859 38.859 60.862 68.849 72.820 46.763 22.687 57.584 95.439 93.328 73.243 55.180 13.158 0.000 49.055 66.060 65.068 68.078 63.091 72.108 95.131 92.169 37.247 1.319 17.344 0.000 0.000 0.000 0.000 0.000 0.000 0.000 0.000 0.000 0.000 0.000 0.000 0.000 0.000 0.000 0.000 0.000 0.000 0.000 0.000 76.181 132.128 115.064
62.310 63.310 64.309 64.309 65.308 65.306 63.305 78.303 81.301 64.299 65.296 65.293 65.290 65.286 65.282 65.277 65.272 65.267 65.260 65.252 71.243 51.230 2.221 0.000 0.000 0.000 0.000 36.885 67.868 63.834 66.783 70.714 82.627 99.523 83.426 51.320 1.256 0.000 0.000 48.167 65.167 68.170 81.175 67.185 77.200 78.221 97.252 101.297 84.340 34.360 0.000 0.000 0.000 0.000 0.000 0.000 0.000 0.000 0.000 0.000 0.000 0.000 0.000 0.000 0.000 0.000 0.000 0.000 0.000 62.399 72.307 73.235 76.168
83.314 78.313 73.313 71.312 67.311 63.310 63.308 78.306 81.304 63.302 65.299 65.296 65.292 65.288 65.284 65.278 64.273 63.266 64.258 64.249 64.238 70.226 47.212 24.197 0.000 0.000 0.000 35.926 73.902 67.867 62.819 75.760 98.686 92.600 60.533 0.000 0.000 0.000 0.000 46.280 64.272 69.268 76.269 71.274 76.284 75.300 88.322 82.349 75.376 48.397 3.420 0.000 0.000 0.000 0.000 0.000 0.000 0.000 0.000 0.000 0.000 0.000 0.000 0.000 9.191 0.000 0.000 5.569 39.569 67.491 136.411 100.345 132.230
103.317 102.317 98.317 93.316 89.315 84.313 79.312 75.310 70.308 64.305 65.302 65.299 65.295 65.291 64.286 66.280 72.274 77.267 76.258 74.248 68.236 63.222 67.205 73.182 37.147 18.107 22.058 55.991 78.949 69.911 65.868 88.819 100.757 56.659 1.600 0.000 0.000 9.490 16.466 50.400 63.374 68.361 84.357 74.358 67.364 60.373 66.386 84.402 81.418 87.431 6.443 0.000 0.000 0.000 0.000 0.000 0.000 0.000 0.000 0.000 0.000 0.000 0.000 0.000 6.191 0.000 0.000 0.000 74.646 65.584 75.515 98.408 74.582
