results2_8e3_rain/res_3e8f-0081.wd
ncols         241
nrows         181
xllcorner     12693529.787448
yllcorner     3542525.717860
cellsize      155.156523
NODATA_value  -9999.000000
[rows 99 to 131 of 181, columns 0 to 72 of 241]
0.000 0.000 0.000 0.000 0.000 57.778 97.778 99.777 90.777 85.776 0.000 0.000 0.000 0.000 0.000 0.000 0.000 65.774 62.774 0.000 0.000 0.000 1.768 60.767 59.767 0.766 0.000 0.000 0.000 6.821 0.000 0.000 0.000 0.000 12.671 58.666 54.655 53.636 54.610 55.580 68.548 57.513 61.475 53.433 55.387 53.337 54.284 59.228 60.169 58.107 62.044 54.979 54.912 56.844 59.772 73.695 74.630 59.577 45.529 0.000 0.000 0.000 0.000 0.000 23.149 78.146 75.133 62.110 37.087 32.063 76.042 53.022 55.005
0.000 0.000 0.000 0.000 0.000 58.779 98.779 98.779 0.000 0.000 0.000 0.000 0.000 0.000 0.000 0.000 10.774 76.774 65.774 3.774 0.772 0.771 63.769 62.769 66.768 0.000 0.000 0.000 0.000 64.821 56.821 0.000 0.000 0.000 71.717 81.711 67.701 60.686 54.666 56.641 75.612 60.579 66.541 66.499 57.454 72.404 64.350 65.293 55.233 63.171 63.106 61.040 54.972 55.903 59.831 56.728 18.659 8.618 0.000 0.000 0.000 0.000 0.000 26.127 63.131 75.127 82.117 72.102 48.084 49.066 63.049 54.032 55.017
3.783 0.000 0.000 0.000 0.000 45.780 94.780 103.780 13.780 0.000 0.000 0.000 0.000 0.000 0.000 0.000 0.000 83.774 64.774 65.774 67.773 64.772 61.770 62.769 60.769 0.000 0.000 0.000 0.000 57.821 57.821 58.819 57.812 57.797 56.770 66.761 75.753 22.742 86.726 76.705 81.679 66.648 11.612 82.571 80.525 79.475 83.420 72.362 55.301 58.236 63.170 63.102 60.033 55.966 44.920 0.000 0.000 0.000 0.000 0.000 0.000 0.000 0.000 36.123 63.120 63.115 74.107 73.096 56.083 56.069 55.055 55.041 55.028
71.783 74.783 6.783 0.000 0.000 55.781 94.781 99.781 109.781 14.781 0.000 0.000 0.000 0.000 5.777 5.777 3.776 20.775 68.775 65.774 83.773 97.772 72.771 57.770 0.000 0.000 0.000 0.000 0.000 0.000 56.823 57.825 57.819 57.811 57.804 56.808 56.808 55.803 56.792 61.775 73.752 67.723 10.687 82.646 83.600 61.550 68.494 85.435 79.371 66.304 56.235 62.165 63.092 66.007 50.964 0.000 0.000 0.000 0.000 0.000 0.000 0.000 0.000 0.000 14.110 60.106 57.101 57.092 55.082 55.071 55.060 55.049 55.038
85.783 68.783 68.783 70.783 72.782 91.782 99.781 99.781 99.781 101.781 75.781 14.781 0.000 63.778 70.777 71.777 33.777 28.776 91.775 99.775 94.774 90.773 73.772 0.000 0.000 0.000 0.000 0.000 0.000 0.000 0.000 57.840 56.827 55.822 56.828 57.859 57.868 57.869 57.864 58.852 77.831 72.803 55.768 57.727 68.680 79.629 56.573 68.512 69.445 62.373 82.302 65.233 57.162 0.000 0.000 0.000 0.000 0.000 0.000 0.000 0.000 0.000 0.000 0.000 6.103 60.101 55.096 55.090 55.083 55.074 55.066 53.057 51.048
100.784 90.784 71.783 75.783 93.783 99.782 99.782 99.782 99.782 94.782 66.782 72.781 0.780 54.778 89.778 97.778 97.777 81.777 96.776 103.776 13.775 0.000 0.000 0.000 0.000 0.000 0.000 0.000 0.000 0.000 0.000 57.869 0.000 0.000 0.000 58.931 57.937 57.942 57.943 58.936 74.918 79.891 56.856 57.813 57.765 75.713 76.657 54.595 62.523 81.440 73.369 51.301 0.000 0.000 0.000 0.000 0.000 0.000 0.000 0.000 0.000 0.000 0.000 0.000 3.099 60.097 55.094 55.089 55.084 54.078 53.072 58.065 59.059
100.784 100.784 95.784 98.784 99.783 99.783 99.783 99.783 99.782 95.782 70.782 87.782 0.000 0.000 67.779 91.778 99.778 100.777 99.777 104.776 7.776 0.000 0.000 0.000 0.000 0.000 0.000 0.000 0.000 0.000 0.000 57.897 0.000 0.000 60.005 57.998 58.007 58.020 58.030 58.029 75.015 79.988 56.950 57.905 57.855 58.802 79.747 73.687 80.614 70.495 51.432 0.000 0.000 0.000 0.000 0.000 0.000 0.000 0.000 0.000 0.000 0.000 0.000 0.000 58.096 55.095 55.092 55.089 55.086 54.082 56.078 60.074 61.069
98.784 99.784 99.784 99.784 99.784 99.784 99.783 99.783 99.783 100.783 95.782 102.782 26.782 5.781 55.780 74.779 97.779 99.778 100.778 88.777 2.777 0.000 0.000 0.000 0.000 0.000 0.000 0.000 0.000 0.000 0.000 51.926 56.954 56.983 56.012 58.048 58.073 58.101 58.128 58.137 75.125 80.095 57.051 58.001 57.947 57.893 62.841 85.791 65.751 0.000 0.000 0.000 0.000 0.000 0.000 0.000 0.000 0.000 0.000 0.000 0.000 0.000 0.000 0.000 11.095 62.094 58.092 59.090 57.088 53.086 60.084 61.082 59.081
95.785 100.785 99.785 99.785 99.785 99.784 99.784 99.784 99.784 99.783 100.783 93.782 77.782 68.781 62.781 89.780 99.779 99.779 104.779 7.778 0.000 0.000 0.000 0.000 0.000 0.000 0.000 0.000 0.000 0.000 0.000 0.000 0.000 0.000 0.000 58.109 58.136 58.183 58.244 58.266 74.253 81.214 58.160 58.100 58.040 57.984 57.932 63.886 16.849 0.000 0.000 0.000 0.000 0.000 0.000 0.000 0.000 0.000 0.000 0.000 0.000 0.000 0.000 0.000 0.000 0.000 0.000 0.000 3.091 62.090 60.090 61.091 58.092
95.786 100.786 99.786 99.786 99.785 99.785 99.785 99.785 99.784 99.784 100.784 85.783 64.782 63.782 72.781 96.781 99.780 99.780 105.779 10.779 1.779 0.000 0.000 0.000 0.000 0.000 0.000 0.000 0.000 0.000 0.000 0.000 0.000 0.000 0.000 54.143 58.177 55.253 58.399 58.430 77.406 81.350 58.276 58.199 58.129 58.069 58.018 54.971 4.910 0.000 0.000 0.000 0.000 0.000 0.000 0.000 0.000 0.000 0.000 0.000 0.000 54.092 0.000 0.000 0.000 0.000 0.000 0.000 58.094 59.094 61.096 61.098 58.103
98.787 99.787 99.786 99.786 99.786 99.786 99.786 99.786 99.785 99.785 99.784 96.784 73.783 74.783 91.782 98.781 99.781 99.781 106.780 23.780 0.000 0.000 0.000 0.000 0.000 0.000 0.000 0.000 0.000 0.000 0.000 0.000 0.000 0.000 0.000 0.000 54.177 0.000 57.668 58.649 86.592 73.502 58.394 58.293 58.209 71.145 61.099 56.071 0.000 0.000 0.000 0.000 0.000 0.000 0.000 0.000 0.000 0.000 0.000 0.000 6.092 65.092 50.092 0.000 0.000 0.000 0.000 59.097 62.097 61.098 58.100 54.104 54.111
99.787 99.787 99.787 99.787 99.787 99.787 99.787 99.787 99.786 99.786 99.785 99.785 101.784 101.783 100.783 99.782 99.782 101.781 90.781 33.781 0.000 0.000 0.000 0.000 0.000 0.000 0.000 0.000 0.000 0.000 0.000 0.000 0.000 0.000 0.000 0.000 0.000 0.000 57.957 58.907 92.811 61.672 58.506 58.367 70.270 79.203 58.161 58.144 57.161 0.000 0.000 0.000 0.000 0.000 0.000 0.000 0.000 0.000 0.000 0.000 0.000 61.092 62.093 49.093 0.000 55.096 57.097 61.097 60.098 58.100 57.103 53.107 61.115
98.788 97.788 99.788 99.788 99.788 99.788 99.788 99.788 99.787 99.787 99.786 99.785 99.785 99.784 99.783 99.783 100.782 83.782 11.782 2.781 60.782 74.782 20.781 0.000 0.000 1.781 0.000 0.000 0.000 0.000 0.000 0.000 0.000 0.000 0.000 0.197 0.177 0.000 54.296 65.210 88.074 58.869 55.592 58.401 58.299 58.237 58.199 58.181 58.179 55.179 0.000 0.000 0.000 0.000 0.000 0.000 0.000 0.000 0.000 0.000 0.000 56.092 52.093 58.093 53.094 61.095 61.096 60.098 56.099 59.101 54.103 53.107 53.113
88.789 88.789 97.790 99.790 99.790 99.789 99.789 99.789 99.788 99.788 99.787 100.786 101.786 99.785 99.784 99.783 99.783 21.783 5.782 60.782 70.782 80.782 79.781 72.781 64.781 5.781 0.000 0.000 0.000 0.000 0.000 0.000 0.000 0.000 0.250 59.217 62.154 62.007 58.720 57.563 66.406 54.138 0.000 54.345 58.289 58.246 58.218 58.202 57.196 0.000 0.000 0.000 0.000 0.000 0.000 0.000 58.090 69.090 0.000 0.000 57.092 55.092 55.093 52.093 60.094 61.095 61.096 58.098 61.099 61.101 59.103 54.106 43.108
70.790 75.790 94.791 100.791 99.791 99.791 99.791 99.790 99.790 99.789 101.789 87.788 83.786 98.785 103.784 100.784 95.783 77.783 80.783 86.782 80.782 81.782 60.781 53.781 0.000 0.000 0.000 0.000 0.000 0.000 0.000 0.000 0.000 0.000 50.278 56.279 59.238 59.148 59.015 58.917 60.850 0.000 0.000 0.000 53.265 58.242 58.224 58.212 58.206 0.000 0.000 0.000 0.000 0.000 0.000 18.090 75.090 57.091 55.091 55.091 55.092 55.092 53.092 58.093 61.094 61.095 57.096 61.098 61.100 60.101 54.103 55.104 45.105
54.791 69.791 88.792 101.792 102.792 102.792 100.792 99.792 100.791 99.791 100.790 38.789 9.787 57.786 75.785 96.784 103.784 101.784 101.784 87.783 10.782 0.000 0.000 0.000 0.000 0.000 0.000 0.000 0.000 5.291 7.291 0.000 0.000 0.000 0.000 55.385 59.370 57.330 58.276 60.238 61.227 0.000 0.000 0.000 0.000 51.233 58.223 58.216 55.211 0.000 0.000 0.000 0.000 0.000 0.000 0.000 17.090 71.091 54.091 54.091 55.091 54.092 54.092 60.093 61.093 59.095 47.095 0.095 65.101 59.101 59.102 59.103 45.104
18.792 40.792 73.794 79.794 73.794 75.794 92.794 100.794 96.793 89.793 88.792 23.792 0.000 0.000 0.000 33.784 68.784 94.785 101.785 0.000 0.000 0.000 0.000 0.000 0.000 0.000 0.000 0.000 0.000 47.291 68.291 13.291 0.000 0.000 0.000 55.505 61.526 60.528 69.521 70.533 60.592 5.770 0.000 0.000 0.000 0.000 55.221 56.219 0.000 0.000 0.000 0.000 0.000 0.000 0.000 0.000 0.000 76.091 79.091 59.091 53.091 51.092 61.092 61.092 56.093 0.000 0.000 0.000 6.101 64.102 61.102 61.103 51.103
0.000 0.000 54.796 63.796 15.796 1.796 64.796 93.795 84.795 80.795 94.794 61.795 21.796 0.000 0.000 0.000 0.000 39.786 70.787 0.000 0.000 0.000 0.000 0.000 0.000 0.000 0.000 0.000 0.000 0.000 52.291 70.291 1.291 0.000 0.000 46.604 60.703 58.733 88.749 81.779 59.840 61.947 8.064 0.000 0.000 0.000 50.221 0.000 0.000 0.000 0.000 0.000 0.000 0.000 0.000 0.000 0.000 0.000 64.091 81.091 66.091 60.091 61.092 56.092 0.000 0.000 0.000 0.000 0.000 56.102 61.102 61.102 56.103
0.000 0.000 50.799 95.799 52.799 1.798 53.798 85.797 87.797 98.797 100.796 103.796 109.797 48.797 17.797 0.000 0.000 0.000 10.791 5.792 0.000 0.000 0.000 0.000 0.000 0.000 0.000 0.000 0.000 0.000 53.291 68.291 0.000 5.293 9.293 0.000 53.949 61.952 91.964 73.992 62.043 61.115 66.182 0.000 0.000 0.000 0.000 0.000 0.000 0.000 0.000 0.000 0.000 0.000 0.000 0.000 0.000 0.000 0.000 2.091 69.091 59.091 57.091 0.000 0.000 0.000 0.000 0.000 55.101 54.101 56.102 50.102 0.000
23.805 38.804 72.802 90.801 98.801 67.800 80.800 103.799 100.799 99.798 99.798 99.798 99.798 105.797 108.797 64.796 23.796 5.794 68.793 82.793 75.793 77.793 33.793 9.793 6.793 0.000 0.000 0.000 0.000 0.000 32.291 54.292 60.292 60.293 63.294 22.294 55.192 84.162 86.162 63.184 61.226 61.286 64.366 9.497 4.555 0.000 0.000 0.000 0.000 0.000 0.000 0.000 0.000 0.000 0.000 0.000 0.000 0.000 0.000 0.000 0.000 0.000 3.091 0.000 0.000 0.000 0.000 57.101 52.101 50.101 0.000 0.000 0.000
96.806 99.806 99.805 97.804 95.803 96.802 98.802 98.801 99.801 100.800 100.800 99.799 92.799 96.798 99.797 103.797 107.796 108.795 100.794 96.793 93.793 88.793 90.793 83.793 39.793 17.792 0.000 0.000 0.000 0.000 0.000 0.000 0.000 0.000 0.000 79.398 68.362 97.341 88.339 75.356 62.389 61.438 61.500 65.571 61.613 0.000 0.000 0.000 0.000 0.000 0.000 0.000 0.000 0.000 0.000 0.000 0.000 0.000 0.000 0.000 0.000 0.000 0.000 0.000 0.000 0.000 0.000 0.000 0.000 0.000 0.000 0.000 0.000
99.808 94.807 92.807 91.806 85.805 82.805 83.804 83.803 89.803 94.802 94.801 87.800 71.800 86.799 99.798 99.797 99.796 99.795 99.795 99.794 100.794 100.793 103.793 104.793 104.793 104.792 43.792 0.000 0.000 0.000 0.000 0.000 0.000 0.000 0.000 51.537 77.518 82.501 66.498 83.511 71.537 61.576 61.624 64.675 7.712 0.000 0.000 0.000 0.000 0.000 0.000 0.000 0.000 0.000 0.000 0.000 0.000 0.000 0.000 0.000 0.000 0.000 0.000 0.000 0.000 0.000 0.000 0.000 0.000 0.000 0.000 0.000 0.000
69.810 42.809 64.809 78.808 76.808 56.807 41.806 37.805 57.805 74.804 73.803 66.802 61.801 71.800 92.799 100.798 99.797 99.796 99.795 99.794 99.794 103.793 78.793 66.793 65.793 69.792 72.792 11.792 0.792 0.000 0.000 0.000 0.000 0.000 0.000 49.696 85.671 68.648 60.642 70.651 81.673 65.705 61.746 61.792 67.848 11.944 5.988 0.000 0.000 0.000 0.000 0.000 0.000 0.000 0.000 0.000 0.000 0.000 0.000 0.000 0.000 0.000 0.000 0.000 0.000 0.000 0.000 0.000 0.000 0.000 0.000 0.000 0.000
59.812 30.812 52.811 67.811 63.810 40.809 26.808 30.808 50.807 64.806 62.804 62.803 63.802 61.801 80.800 97.798 99.797 99.796 99.795 99.795 98.794 61.794 0.000 0.000 0.000 0.000 0.000 0.000 0.000 56.061 76.061 28.060 14.057 10.044 56.995 73.881 90.822 67.778 61.771 59.779 76.799 78.827 64.861 61.900 61.945 64.996 74.032 12.062 7.069 0.000 0.000 0.000 0.000 0.000 0.000 0.000 0.000 0.000 0.000 0.000 0.000 0.000 0.000 0.000 0.000 0.000 0.000 0.000 0.000 0.000 0.000 0.000 0.000
72.814 68.814 63.814 62.813 63.813 65.812 66.811 69.810 68.809 64.808 63.806 63.805 63.804 62.802 69.801 91.799 100.798 99.796 101.795 73.795 39.794 0.000 0.000 0.000 0.000 0.000 0.000 0.000 0.000 21.061 43.062 46.063 50.066 64.080 61.060 82.010 78.957 52.873 59.883 61.897 63.917 76.942 68.971 64.002 62.035 61.065 78.082 69.084 63.076 0.000 0.000 0.000 0.000 0.000 0.000 0.000 0.000 0.000 0.000 0.000 0.000 0.000 0.000 0.000 0.000 0.000 0.000 0.000 0.000 0.000 0.000 0.000 0.000
62.817 63.817 63.816 63.816 63.815 63.814 63.813 63.812 63.811 63.810 63.808 63.807 63.805 63.803 61.801 82.800 99.798 101.796 97.795 23.795 0.000 0.000 0.000 0.000 0.000 0.000 0.000 0.000 0.000 0.000 0.000 0.000 0.000 48.149 65.156 91.142 65.123 0.000 47.992 63.008 61.029 65.053 66.078 75.104 64.127 62.145 61.148 57.116 0.000 0.000 0.000 0.000 0.000 0.000 0.000 0.000 0.000 0.000 0.000 0.000 0.000 0.000 0.000 0.000 0.000 0.000 0.000 0.000 0.000 0.000 0.000 0.000 22.249
63.820 63.820 63.819 63.819 63.818 63.817 63.816 62.815 62.814 63.812 63.810 63.809 63.807 63.805 62.802 70.800 85.798 96.796 84.795 10.794 0.000 0.000 0.000 0.000 0.000 0.000 0.000 0.000 0.000 0.000 0.000 0.000 0.000 25.211 74.273 99.278 9.270 0.000 46.086 64.113 62.139 61.163 69.185 80.207 68.226 62.241 66.247 0.000 0.000 0.000 0.000 0.000 0.000 0.000 0.000 0.000 0.000 0.000 0.000 0.000 0.000 0.000 0.000 0.000 0.000 0.000 0.000 0.000 0.000 0.000 0.000 0.000 79.325
63.823 63.823 63.823 63.822 63.821 63.820 63.819 67.818 68.816 64.815 63.813 63.811 63.808 63.806 63.803 62.801 65.798 74.796 74.794 15.792 0.000 0.000 0.000 0.000 0.000 0.000 17.365 0.000 0.000 0.000 0.000 0.000 0.000 0.000 78.448 93.427 16.410 0.000 30.152 61.219 62.251 62.274 61.294 66.313 68.330 64.345 66.354 0.000 0.000 0.000 0.000 0.000 0.000 0.000 0.000 0.000 0.000 0.000 0.000 0.000 0.000 0.000 0.000 0.000 0.000 0.000 0.000 0.000 0.000 0.000 0.000 63.549 72.456
63.827 63.827 63.826 63.826 63.825 63.824 62.822 74.821 79.819 66.817 63.815 63.813 63.810 63.808 63.805 63.801 63.798 62.795 65.792 46.789 0.000 0.000 0.000 0.000 0.000 59.365 80.365 42.362 33.352 32.338 0.000 0.000 0.000 59.773 101.643 75.572 75.534 2.555 0.000 47.360 64.373 62.388 62.403 60.419 76.436 80.454 74.470 0.000 0.000 0.000 0.000 0.000 0.000 0.000 0.000 0.000 0.000 0.000 0.000 0.000 0.000 0.000 0.000 0.000 0.000 0.000 0.000 0.000 0.000 0.000 37.717 88.642 74.565
63.831 63.830 63.830 63.829 63.828 63.827 62.826 75.824 81.823 65.820 63.818 63.816 63.813 63.810 63.806 63.802 63.798 63.794 63.789 69.784 40.778 0.000 0.000 0.000 0.000 22.366 37.367 59.370 67.355 71.324 45.262 21.179 56.065 93.904 91.779 71.684 53.598 11.577 0.000 47.488 64.493 63.501 66.512 61.525 70.542 93.565 90.601 35.673 0.000 15.835 0.000 0.000 0.000 0.000 0.000 0.000 0.000 0.000 0.000 0.000 0.000 0.000 0.000 0.000 0.000 0.000 0.000 0.000 0.000 0.000 74.791 130.738 113.673
60.835 61.834 62.834 62.833 63.832 63.831 61.830 76.828 79.826 62.824 63.821 63.819 63.815 63.812 63.808 63.804 63.799 63.793 63.787 63.780 69.771 49.761 0.749 0.000 0.000 0.000 0.000 35.395 66.376 62.340 65.284 69.209 81.113 97.997 81.887 49.785 0.000 0.000 0.000 46.611 63.610 66.612 79.618 65.628 75.643 76.664 95.697 99.746 82.807 32.835 0.000 0.000 0.000 0.000 0.000 0.000 0.000 0.000 0.000 0.000 0.000 0.000 0.000 0.000 0.000 0.000 0.000 0.000 0.000 61.013 70.920 71.846 74.778
81.839 76.839 71.838 69.837 65.836 61.835 61.834 76.832 79.830 61.828 63.825 63.822 63.818 63.815 63.810 63.805 62.800 61.793 62.786 62.777 62.767 68.754 45.737 22.723 0.000 0.000 0.000 34.439 72.414 66.376 61.325 74.261 97.181 91.085 58.986 0.000 0.000 0.000 0.000 44.734 62.725 67.720 74.720 69.725 74.736 73.752 86.775 80.806 73.840 46.864 1.885 0.000 0.000 0.000 0.000 0.000 0.000 0.000 0.000 0.000 0.000 0.000 0.000 0.000 7.823 0.000 0.000 4.187 38.187 66.108 135.026 98.958 130.841
101.843 100.843 96.843 91.842 87.841 82.840 77.838 73.836 68.834 62.832 63.829 63.826 63.822 63.818 62.813 64.808 70.802 75.795 74.786 72.776 66.765 61.750 65.732 71.709 35.672 16.631 20.580 54.509 77.465 68.424 64.379 87.328 99.266 55.175 0.125 0.000 0.000 7.964 14.938 48.866 61.837 66.822 82.817 72.818 65.823 58.833 64.846 82.863 79.881 85.896 4.906 0.000 0.000 0.000 0.000 0.000 0.000 0.000 0.000 0.000 0.000 0.000 0.000 0.000 4.823 0.000 0.000 0.000 73.267 64.203 74.132 97.024 73.195
