results2_8e3_rain/res_3e8f-0071.wd
ncols         241
nrows         181
xllcorner     12693529.787448
yllcorner     3542525.717860
cellsize      155.156523
NODATA_value  -9999.000000
[rows 96 to 127 of 181, columns 74 to 147 of 241]
53.952 53.942 53.936 52.933 51.934 53.938 56.945 64.956 23.966 0.000 0.000 0.000 0.000 39.507 54.561 55.629 41.705 43.803 69.797 86.798 90.763 90.973 89.028 96.832 96.709 90.683 90.373 90.219 90.111 90.007 89.907 89.809 92.711 77.617 6.529 0.000 0.000 0.000 0.000 0.000 0.000 19.958 26.841 25.724 23.614 51.498 12.325 0.000 0.000 25.240 30.091 29.982 29.895 27.824 22.767 23.723 23.691 23.670 25.660 0.000 29.731 0.000 0.000 0.000 0.000 0.000 0.000 26.660 55.660 55.659 55.657 55.655 55.653 53.650
53.967 53.958 53.951 52.948 51.946 55.948 59.952 63.957 21.961 0.000 0.000 0.000 0.000 19.576 62.645 57.723 63.821 76.908 85.944 89.954 91.004 90.192 97.050 96.945 90.034 90.803 90.455 90.366 90.257 90.155 90.055 93.954 56.842 28.730 0.000 0.000 0.000 0.000 0.000 0.000 22.498 27.254 26.081 27.956 24.859 48.792 0.000 0.000 20.625 27.390 43.188 32.046 28.944 24.867 22.808 22.764 23.733 23.714 23.709 28.726 24.731 15.731 0.000 0.000 0.000 22.648 24.649 23.652 55.653 55.653 55.652 55.651 55.649 53.648
53.979 53.970 53.964 51.959 53.957 59.956 60.957 58.958 45.960 6.960 0.000 0.000 0.000 0.000 15.722 11.798 51.949 83.062 87.116 91.112 91.325 89.485 97.145 89.359 91.132 90.692 90.621 92.504 91.399 90.300 90.205 96.108 18.975 0.000 0.000 0.000 0.000 0.000 4.145 43.020 42.743 30.478 27.275 38.160 33.075 34.018 0.000 0.000 18.861 23.505 34.225 30.071 33.967 27.892 30.835 29.794 26.764 23.745 22.737 22.737 28.737 0.000 0.000 0.000 0.000 19.647 19.647 29.648 55.648 55.647 55.647 55.646 55.646 29.647
53.989 53.980 52.974 52.969 57.965 60.963 57.961 53.960 53.960 47.960 3.960 0.000 0.000 0.000 0.000 0.000 10.115 68.276 93.322 91.367 90.563 97.306 97.231 90.332 91.024 90.865 90.750 91.639 91.535 90.439 94.357 53.299 0.000 0.000 0.000 0.000 0.000 0.000 15.271 41.173 52.975 20.641 2.400 32.334 35.264 33.188 37.096 33.857 31.454 0.926 25.134 29.047 43.963 49.897 52.848 50.811 45.784 38.766 33.755 28.750 6.743 0.000 0.000 0.000 0.000 0.645 18.644 30.644 54.643 55.643 55.642 55.641 53.641 0.000
53.997 52.989 50.982 54.977 59.973 60.970 60.964 54.961 51.960 56.960 56.960 17.960 0.000 13.514 43.487 20.447 0.213 56.610 96.530 91.806 91.842 97.369 89.663 91.445 91.093 90.998 90.881 90.768 90.661 92.566 91.486 27.432 0.000 0.000 0.000 0.000 0.000 0.000 19.495 25.425 36.345 0.000 0.000 27.512 35.460 34.374 38.242 38.022 8.738 0.000 20.078 34.021 38.940 59.887 60.848 60.818 61.795 62.779 60.769 41.764 0.000 0.000 0.000 0.000 0.000 0.000 17.642 30.640 54.639 55.638 55.637 55.637 48.636 8.636
53.003 52.996 55.990 58.985 59.981 34.978 0.000 27.961 63.960 36.960 10.960 2.960 0.000 24.541 74.501 71.415 63.241 81.942 93.045 90.018 97.457 90.960 91.761 91.322 91.250 91.126 91.008 90.890 91.777 89.677 77.589 24.510 0.000 0.000 0.000 0.000 0.000 22.970 29.789 27.686 28.635 1.726 0.000 33.741 51.690 44.605 39.478 14.250 0.000 0.000 3.077 0.000 32.887 57.865 61.840 59.818 59.800 59.787 61.778 34.774 28.775 28.775 34.775 0.000 0.000 0.000 0.000 29.635 54.635 55.634 55.633 55.632 38.631 0.000
52.008 57.001 59.996 59.991 59.987 24.985 0.000 0.000 6.960 0.000 0.000 0.000 0.000 17.607 80.562 86.473 94.339 94.220 91.303 97.830 97.599 90.939 91.645 91.490 91.374 91.257 91.135 91.008 96.880 46.777 14.683 0.000 0.000 0.000 0.000 0.000 14.302 32.150 28.006 27.896 26.823 32.805 0.000 27.023 52.955 51.879 49.816 0.000 0.000 0.000 0.000 0.000 30.856 59.845 63.830 60.815 59.801 57.790 46.782 27.778 23.777 24.776 8.776 0.000 0.000 0.000 0.000 25.631 54.631 55.630 55.629 51.628 18.626 23.623
58.013 60.006 60.001 57.996 63.992 33.989 0.000 0.000 0.000 0.000 0.000 0.000 0.000 28.720 86.664 89.584 93.426 92.618 92.597 98.036 90.345 92.046 91.715 91.623 91.507 91.390 95.267 101.126 55.957 24.867 0.000 0.000 0.000 0.000 0.000 15.574 38.454 32.323 25.191 30.068 33.955 30.840 28.660 42.372 46.227 36.139 44.091 0.000 0.000 0.000 0.000 0.000 36.835 60.830 65.821 64.810 60.799 55.790 24.783 22.779 23.778 30.777 0.000 0.000 0.000 0.000 19.628 23.628 52.627 55.627 55.626 49.624 20.623 19.621
60.016 60.011 59.006 37.001 2.995 21.992 23.991 0.000 0.000 0.000 0.000 0.000 20.006 72.887 86.800 89.686 91.819 92.798 98.398 98.225 91.334 92.031 91.865 91.754 91.642 95.531 57.417 17.271 0.000 34.867 20.866 0.000 0.000 0.000 0.000 23.695 57.615 48.499 43.367 38.230 39.089 36.940 37.768 50.579 44.443 28.358 30.320 0.000 0.000 0.000 0.000 0.000 36.820 64.818 29.815 27.807 59.795 62.787 32.782 23.779 28.778 0.000 0.000 0.000 0.000 0.000 0.000 19.626 37.625 53.624 56.623 49.622 20.620 19.619
60.020 56.015 60.010 42.007 0.000 12.991 42.991 0.000 0.000 0.000 0.000 10.225 72.125 86.025 91.934 91.888 92.009 98.707 98.557 90.683 92.452 92.095 92.002 91.885 91.775 95.675 67.599 0.000 0.000 4.866 7.866 0.000 0.000 0.000 0.000 10.896 42.814 47.691 57.547 53.394 41.233 44.065 52.893 47.732 35.609 27.532 28.510 2.570 3.585 0.000 0.000 0.000 34.808 68.807 0.000 0.000 8.786 55.783 45.779 26.777 5.778 0.000 0.000 0.000 0.000 0.000 0.000 0.000 16.621 42.621 52.620 45.619 21.618 19.617
55.023 54.020 70.013 49.010 0.000 11.991 39.991 0.000 0.000 0.000 4.404 68.326 81.241 91.160 94.026 93.254 91.265 98.845 90.011 91.778 88.330 90.253 92.127 92.012 92.900 86.794 76.704 24.704 0.000 0.000 0.000 0.000 0.000 0.000 0.000 33.179 38.055 37.902 39.739 48.568 51.385 54.192 48.007 34.848 28.728 27.652 26.617 30.616 15.600 0.000 0.000 0.000 23.798 60.795 26.787 15.784 7.782 50.778 56.775 36.774 0.000 0.000 0.000 0.000 0.000 0.000 0.000 0.000 11.619 35.618 40.618 27.617 19.616 19.616
61.028 57.027 0.000 0.000 0.000 2.991 2.991 0.000 0.000 0.000 5.483 84.433 86.365 94.263 93.413 92.415 99.088 98.972 91.978 91.660 91.495 91.373 90.253 91.135 93.017 49.897 0.816 0.000 0.000 0.000 0.000 0.000 2.600 19.338 34.023 44.585 41.327 40.123 36.938 37.752 40.548 52.310 53.097 44.924 33.805 26.730 26.690 28.676 0.000 0.000 0.000 0.000 8.790 50.787 28.784 24.782 24.779 56.774 59.771 42.768 5.765 0.000 38.758 0.000 0.000 0.000 0.000 0.000 14.617 38.616 33.616 19.615 19.615 18.615
63.032 50.032 0.000 0.000 0.000 0.000 11.991 0.000 0.000 0.000 71.611 81.560 93.489 93.467 92.593 99.295 99.195 91.308 93.075 92.720 92.621 92.498 92.377 94.257 44.137 0.000 0.000 0.000 0.000 0.000 0.000 18.103 34.805 47.479 43.148 41.811 41.544 41.326 42.137 39.956 38.747 12.401 31.148 55.946 37.839 25.774 28.737 26.723 14.731 0.000 0.000 0.000 9.786 42.781 20.779 0.000 0.000 12.767 49.766 38.764 47.761 54.759 13.758 0.000 0.000 0.000 0.000 0.000 0.000 29.614 27.614 20.614 22.614 20.614
55.035 54.039 30.044 0.000 0.000 0.000 0.000 0.000 0.000 24.916 84.791 91.705 93.605 93.743 91.845 99.386 91.611 93.385 92.943 92.868 92.742 93.621 94.500 56.378 0.000 0.000 0.000 0.000 0.000 0.000 37.803 48.402 44.007 42.626 42.277 41.967 41.711 41.502 41.329 41.186 50.082 0.000 0.000 23.874 32.830 24.790 33.763 33.748 15.739 0.000 0.000 0.000 0.000 26.774 63.771 31.766 0.000 5.762 50.761 44.760 35.758 35.757 0.000 0.000 0.000 0.000 0.000 0.000 0.000 8.612 19.612 20.612 0.612 0.000
1.037 57.045 55.050 44.057 3.062 0.000 0.000 0.000 16.151 75.040 88.933 94.840 93.797 92.927 99.541 99.468 92.566 93.258 93.100 92.983 93.867 95.745 56.623 0.000 0.000 0.000 0.000 0.000 25.110 35.785 47.204 43.694 43.195 39.740 39.369 39.070 39.832 41.641 41.491 44.379 21.313 0.000 0.000 3.845 28.817 27.793 45.776 41.766 0.000 0.000 0.000 0.000 0.000 10.769 55.765 67.762 24.759 50.759 64.758 56.757 32.756 25.755 0.000 0.000 0.000 0.000 0.000 0.000 0.000 14.610 20.610 24.610 0.000 0.000
0.000 59.050 49.053 56.058 48.068 9.084 0.273 9.358 76.261 85.161 95.070 93.918 94.152 92.151 99.603 91.870 93.655 93.308 93.218 94.104 94.997 48.871 0.000 0.000 0.000 0.000 0.000 37.789 48.435 46.042 44.535 45.974 45.341 50.771 55.389 50.114 42.904 36.740 40.615 46.527 4.478 0.000 0.000 0.000 31.801 32.791 54.781 42.776 0.000 0.000 0.000 0.000 0.000 0.000 50.759 59.758 64.756 60.755 60.755 64.754 48.753 27.751 28.749 0.000 0.000 0.000 0.000 0.000 16.608 21.608 19.608 24.608 0.000 0.000
0.000 27.052 78.053 41.055 0.000 0.000 14.537 74.460 79.373 93.289 94.146 94.382 92.275 99.690 92.139 93.943 93.512 93.448 94.330 91.219 46.145 0.000 0.000 0.000 0.000 0.000 40.473 48.142 45.801 45.412 48.920 23.328 1.622 3.614 20.302 46.092 47.930 48.801 40.702 41.634 2.599 0.000 0.000 0.000 12.794 30.788 37.783 36.780 0.000 0.000 0.000 0.000 0.000 0.000 41.755 54.754 59.753 60.753 61.752 57.752 53.751 38.749 26.747 30.744 36.743 0.000 0.000 0.000 0.000 19.608 20.607 22.607 0.000 0.000
0.000 4.052 79.053 66.054 0.000 0.000 21.627 82.568 90.494 94.386 95.530 95.519 100.028 99.821 93.095 93.805 93.660 93.556 88.447 78.295 29.220 0.000 0.000 0.000 29.337 38.154 49.804 46.505 46.214 49.887 27.403 0.000 0.000 0.000 6.112 44.024 40.924 44.833 50.759 50.708 28.681 0.000 0.000 0.000 0.000 32.784 26.782 33.781 0.000 0.000 0.000 0.000 0.000 3.751 28.751 45.751 59.750 54.750 47.750 49.750 10.749 35.748 44.745 37.743 33.742 0.000 0.000 0.000 0.000 0.000 14.606 19.605 24.605 0.000
0.000 0.000 7.053 56.054 0.015 9.881 75.776 87.695 94.617 94.579 94.708 100.402 100.220 92.397 94.188 93.848 93.771 86.676 52.604 0.000 0.000 0.000 1.863 47.724 41.520 49.321 47.084 46.861 47.665 25.517 0.000 0.000 0.000 0.000 5.011 46.968 40.908 40.847 42.795 46.757 48.737 0.736 0.000 0.000 0.000 13.783 32.782 7.781 0.000 0.000 0.000 0.000 0.000 0.000 24.748 35.748 42.748 34.747 31.747 0.000 0.000 0.000 28.742 32.742 41.741 0.000 0.000 0.000 0.000 0.000 8.605 19.604 20.604 0.000
0.000 0.000 0.000 0.000 10.068 78.986 83.901 94.827 94.702 95.935 95.963 100.571 92.709 94.481 94.042 93.976 83.868 72.776 36.690 0.000 0.000 0.000 41.977 63.857 48.697 40.527 48.351 46.191 49.067 19.000 0.000 0.000 0.000 0.953 35.954 42.930 41.893 41.852 38.816 34.789 36.774 0.000 0.000 0.000 0.000 0.000 39.781 0.000 0.000 0.000 0.000 0.000 0.000 0.000 26.746 25.745 24.745 22.745 28.745 0.000 0.000 0.000 3.741 26.740 44.739 0.000 0.000 0.000 0.000 0.000 0.000 12.604 25.604 38.603
0.000 0.000 0.000 0.000 82.150 81.093 95.023 94.926 96.079 96.104 100.880 100.730 93.666 95.344 93.181 79.059 67.960 41.868 0.000 0.000 0.000 36.330 54.170 54.029 60.884 48.739 38.601 44.486 54.413 57.416 20.574 0.000 0.000 0.000 47.920 41.906 41.882 40.854 36.828 30.808 31.797 0.000 0.000 0.000 0.000 0.000 12.780 20.779 0.000 0.000 0.000 0.000 0.000 4.743 28.744 22.743 23.743 23.743 25.742 8.741 0.000 0.000 0.000 13.738 34.737 12.735 0.000 0.000 0.000 0.000 0.000 7.603 3.603 0.000
0.000 0.000 0.000 21.379 82.288 94.216 95.144 96.115 98.260 101.159 101.022 92.986 94.742 91.387 80.281 69.127 41.044 0.000 0.000 0.000 38.638 59.491 45.345 37.206 51.072 62.944 50.829 53.738 54.682 41.677 47.733 26.805 0.000 7.898 39.901 35.891 42.874 37.854 29.833 28.818 32.810 0.000 0.000 0.000 0.000 0.000 0.000 39.778 0.000 0.000 0.000 0.000 0.000 0.000 10.742 25.742 23.741 23.741 23.740 31.740 0.000 0.000 0.000 0.000 15.735 26.734 32.733 0.000 0.000 0.000 0.000 0.000 0.000 0.000
0.000 0.000 0.000 64.469 90.408 96.344 95.226 95.465 93.513 101.289 93.278 95.036 89.598 78.524 53.399 0.000 0.000 0.000 0.000 38.916 59.786 46.649 35.512 35.379 37.252 48.136 63.035 53.954 38.900 46.877 48.877 22.877 0.000 4.896 64.894 51.885 40.871 34.853 30.835 27.821 28.815 22.814 0.000 0.000 0.000 0.000 0.000 18.778 0.000 0.000 0.000 0.000 0.000 0.000 0.000 27.739 23.740 23.739 23.739 25.738 9.737 0.000 0.000 0.000 0.000 23.732 26.732 0.000 0.000 0.000 0.000 0.000 0.000 0.000
0.000 0.000 67.727 64.620 70.540 85.443 96.598 93.637 101.531 101.413 94.212 89.893 78.741 57.630 0.000 0.000 20.927 0.000 0.000 64.047 46.941 35.809 36.675 35.545 38.423 52.314 61.220 62.144 46.089 42.053 53.021 26.949 0.000 0.000 0.000 8.885 0.000 0.000 0.826 31.817 38.814 39.813 25.812 0.000 0.000 0.000 0.000 0.000 0.000 0.000 0.000 0.000 0.000 0.000 0.000 27.738 26.739 29.739 24.738 21.737 30.737 0.000 0.000 0.000 3.731 37.731 42.731 0.000 0.000 0.000 0.000 0.000 0.000 0.000
0.000 6.928 68.835 65.743 66.662 76.629 92.777 101.756 101.645 93.498 90.258 77.924 51.845 0.000 0.000 37.985 36.928 18.816 2.646 52.283 36.121 36.973 35.833 36.702 51.583 57.477 21.386 12.314 64.260 50.225 28.205 0.000 0.000 0.000 0.000 0.000 0.000 0.000 0.000 49.814 43.813 40.812 36.811 0.000 0.000 0.000 0.000 0.000 0.000 0.000 0.000 0.000 0.000 0.000 15.734 24.735 0.000 0.000 0.000 24.736 28.736 0.000 0.000 0.000 5.730 41.731 10.731 0.000 0.000 0.000 0.000 0.000 0.000 0.000
82.098 70.021 66.940 64.864 65.739 66.973 71.024 101.863 92.741 88.499 78.086 52.040 0.000 0.000 0.000 42.043 39.982 59.865 43.696 36.470 37.289 36.128 38.982 58.849 55.729 36.624 32.535 37.464 65.413 62.381 26.369 0.000 0.000 0.000 0.000 0.000 0.000 0.000 0.000 56.812 56.811 51.811 42.810 0.000 0.000 0.000 0.000 0.000 0.000 0.000 0.000 0.000 0.000 0.000 27.734 29.734 0.000 0.000 0.000 27.735 28.735 0.000 0.000 0.000 0.000 12.730 0.000 0.000 0.000 0.000 0.000 0.000 0.000 0.000
80.174 94.118 86.049 70.950 72.102 64.140 102.065 101.965 71.616 76.295 52.193 0.000 0.000 0.000 0.000 44.162 57.091 54.967 36.803 36.614 36.435 47.270 59.119 47.982 36.861 36.755 36.666 37.596 46.546 64.519 60.522 21.582 0.000 0.000 0.000 0.000 0.000 0.000 0.000 42.811 44.810 56.810 57.809 13.808 0.000 0.000 0.000 0.000 0.000 0.000 0.000 0.000 0.000 19.733 29.733 6.733 0.000 0.000 0.000 28.734 26.734 0.000 0.000 0.000 0.000 0.000 0.000 0.000 0.000 0.000 0.000 0.000 0.000 0.000
93.307 96.231 96.158 91.126 81.274 102.257 102.161 63.737 58.529 0.000 0.000 0.000 0.000 0.000 0.000 55.352 60.255 36.109 37.935 37.749 49.567 58.397 40.242 37.101 36.977 36.869 36.779 36.707 36.656 45.625 65.620 58.641 32.675 23.688 27.692 0.000 0.000 0.000 0.000 0.000 22.809 62.809 62.808 23.808 0.000 0.000 0.000 0.000 0.000 0.000 0.000 0.000 0.000 8.733 7.733 0.000 0.000 0.000 0.000 8.734 35.734 0.000 0.000 0.000 0.000 0.000 0.000 0.000 0.000 0.000 0.000 0.000 0.000 0.000
96.418 96.349 96.229 100.464 91.515 102.352 63.784 66.443 61.223 0.000 0.000 0.000 0.000 0.000 48.845 60.640 37.466 38.279 38.080 45.880 58.688 36.510 37.349 37.204 37.076 36.966 36.873 36.799 36.744 36.708 40.690 41.689 36.696 37.699 44.695 26.695 0.000 0.000 0.000 0.000 0.000 17.808 53.807 16.807 0.000 0.000 0.000 0.000 0.000 0.000 0.000 0.000 0.000 0.000 0.000 0.000 0.000 0.000 0.000 0.000 0.000 0.000 0.000 0.000 0.000 0.000 0.000 0.000 0.000 0.000 0.000 0.000 0.000 0.000
92.528 96.434 97.589 94.628 102.535 102.443 68.354 52.674 0.000 0.000 0.000 0.000 0.000 0.000 66.050 42.897 38.691 38.461 40.228 61.002 40.794 37.607 37.440 37.291 37.159 37.044 36.949 36.873 36.814 36.772 35.744 34.728 37.720 19.717 0.000 0.000 0.000 0.000 0.000 0.000 0.000 0.000 46.806 34.806 1.805 0.000 0.000 0.000 0.000 0.000 0.000 0.000 0.000 0.000 0.000 0.000 0.000 0.000 0.000 0.000 0.000 0.000 0.000 0.000 0.000 0.000 0.000 0.000 0.000 0.000 0.000 0.000 0.000 0.000
71.637 75.609 71.760 102.717 102.626 79.962 60.976 51.626 0.000 0.000 0.000 0.000 0.000 0.000 41.409 37.207 36.939 35.648 48.367 41.108 34.879 35.683 35.514 35.362 35.224 36.103 37.005 36.928 36.869 35.823 33.787 35.758 35.740 32.732 22.731 25.728 27.726 26.723 28.722 0.000 0.000 0.000 0.000 43.805 15.805 0.000 0.000 0.000 0.000 0.000 0.000 0.000 0.000 0.000 0.000 0.000 0.000 0.000 0.000 0.000 0.000 0.000 0.000 0.000 0.000 0.000 0.000 0.000 0.000 0.000 0.000 0.000 0.000 0.000
108.707 73.948 103.999 102.805 62.625 53.164 0.000 66.505 24.657 0.000 0.000 0.000 0.000 85.445 63.970 34.582 42.211 52.825 51.483 47.186 44.930 44.733 44.570 43.421 37.271 33.140 37.041 36.967 36.910 35.864 35.822 39.777 39.752 40.739 50.733 50.729 46.726 39.722 38.721 17.719 0.000 0.000 0.000 2.805 8.805 0.000 0.000 0.000 0.000 0.000 0.000 0.000 0.000 0.000 0.000 0.000 0.000 0.000 0.000 0.000 0.000 0.000 0.000 0.000 0.000 0.000 0.000 0.000 0.000 0.000 0.000 0.000 0.000 0.000
