results2_8e3_rain/res_3e8f-0064.wd
ncols         241
nrows         181
xllcorner     12693529.787448
yllcorner     3542525.717860
cellsize      155.156523
NODATA_value  -9999.000000
[rows 33 to 65 of 181, columns 74 to 147 of 241]
0.000 0.000 0.000 0.000 0.000 0.000 0.000 0.000 0.000 0.000 0.000 0.000 0.000 0.000 0.000 0.000 0.000 0.000 0.000 0.000 0.000 0.000 0.000 0.000 0.000 0.000 0.000 0.000 0.000 0.000 0.000 0.000 0.000 0.000 0.000 0.000 0.000 0.000 34.476 57.476 62.478 18.479 0.000 0.000 27.534 41.554 8.539 0.000 31.571 34.578 28.575 29.560 30.534 30.495 30.444 30.384 29.320 35.253 55.178 1.832 8.461 6.054 41.445 57.977 62.549 61.150 61.794 60.371 62.498 57.588 57.163 57.177 59.470 58.719
0.000 0.000 0.000 0.000 0.000 0.000 0.000 0.000 0.000 0.000 0.000 0.000 0.000 0.000 0.000 0.000 0.000 0.000 0.000 0.000 0.000 0.000 0.000 0.000 0.000 0.000 0.000 0.000 0.000 0.000 0.000 0.000 0.000 0.000 0.000 0.000 0.000 0.000 0.000 9.477 4.477 0.000 0.000 0.000 0.000 23.618 0.000 0.000 21.597 45.624 44.625 34.611 30.581 30.535 30.472 30.395 29.313 51.241 49.209 0.000 31.577 44.255 57.799 62.350 61.920 61.531 61.076 62.173 58.222 57.480 57.751 60.079 59.341 59.120
0.000 0.000 0.000 0.000 0.000 0.000 0.000 0.000 0.000 0.000 0.000 0.000 0.000 0.000 0.000 0.000 0.000 29.272 61.272 14.272 0.000 0.000 0.000 0.000 0.000 0.000 0.000 0.000 0.000 0.000 0.000 0.000 0.000 0.000 0.000 0.000 0.000 0.000 0.000 0.000 0.000 0.000 0.000 0.000 0.000 15.682 0.000 0.000 0.000 23.695 41.690 41.676 32.645 30.592 30.514 28.413 44.295 53.187 0.000 17.473 42.016 56.592 63.146 62.699 62.282 61.796 63.861 59.874 57.926 58.335 60.681 59.948 59.735 59.432
0.000 0.000 0.000 0.000 0.000 0.000 0.000 0.000 0.000 0.000 16.271 54.271 0.000 0.000 0.000 0.000 0.000 36.273 87.273 43.273 0.000 0.000 0.000 0.000 0.000 0.000 0.000 0.000 0.000 0.000 0.000 0.000 0.000 0.000 0.000 0.000 0.000 0.000 0.000 0.000 0.000 0.000 0.000 0.000 0.000 18.745 19.776 26.791 12.793 22.771 30.766 43.758 34.731 30.674 27.580 38.446 48.266 37.027 12.565 41.931 59.420 63.952 63.488 63.048 62.533 62.564 61.545 58.490 58.939 61.291 60.557 60.346 60.042 59.756
0.000 0.000 0.000 0.000 0.000 0.000 0.000 0.000 0.000 0.000 37.271 72.271 61.272 48.272 3.272 0.000 21.273 75.273 83.273 48.273 0.000 0.000 0.000 0.000 17.778 0.000 0.000 0.000 0.000 0.000 0.000 0.000 0.000 0.000 0.000 0.000 1.791 0.000 0.000 0.000 5.794 23.794 0.000 0.000 34.786 49.779 52.791 50.805 36.818 30.828 29.846 43.860 34.848 26.793 40.685 54.527 42.295 30.091 44.736 49.265 61.783 64.302 63.839 63.294 63.288 61.241 59.170 59.570 61.919 61.181 60.965 60.655 60.363 60.073
0.000 0.000 0.000 0.000 0.000 0.000 0.000 0.000 0.000 0.000 8.271 70.272 53.272 34.272 0.000 17.274 67.274 78.273 85.273 44.273 0.000 0.000 0.000 0.000 55.778 39.779 0.000 0.000 0.000 0.000 0.000 0.000 0.000 0.000 0.000 18.791 30.791 32.791 0.000 0.000 14.794 39.795 18.795 32.795 55.793 58.794 59.804 56.820 43.844 30.879 27.929 44.989 36.006 39.964 57.840 51.684 0.000 28.306 47.024 59.610 65.141 64.663 64.092 64.045 61.973 59.984 60.237 62.574 61.831 61.606 61.285 60.979 60.676 60.383
0.000 0.000 0.000 0.000 0.000 0.000 0.000 0.000 0.000 0.000 0.000 0.000 21.273 59.273 55.274 43.274 56.274 76.274 87.273 40.273 0.000 0.000 0.000 0.000 17.779 41.779 43.779 0.000 0.000 0.000 0.000 0.000 0.000 0.000 0.000 34.791 35.791 47.792 30.792 19.793 33.794 34.795 30.795 37.796 44.797 42.801 35.810 54.826 20.861 36.914 40.001 30.161 42.226 55.216 52.028 0.000 3.300 39.805 56.441 65.014 65.524 64.947 64.855 61.761 60.977 60.952 63.267 62.516 62.279 61.945 61.621 61.296 60.979 60.682
0.000 0.000 0.000 0.000 0.000 0.000 0.000 0.000 0.000 0.000 0.000 0.000 11.273 78.274 73.274 63.275 53.275 77.275 85.274 80.273 65.271 20.270 0.000 0.000 0.000 0.000 51.780 35.780 33.780 44.781 39.781 2.781 0.000 0.000 0.000 34.791 33.791 54.792 60.792 49.793 41.794 33.795 30.796 31.797 32.799 31.803 29.808 37.814 0.000 0.000 0.000 35.427 58.519 56.648 0.000 2.170 39.656 53.309 62.934 66.446 65.977 66.724 62.640 62.234 61.740 64.013 63.249 62.996 62.645 62.303 61.955 61.605 61.262 60.959
0.000 0.000 0.000 0.000 0.000 0.000 0.000 0.000 0.000 0.000 0.000 0.000 0.000 11.274 50.275 25.276 61.277 80.276 85.275 83.273 81.271 70.269 29.267 0.000 0.000 0.000 7.780 46.780 46.780 59.781 57.781 50.782 45.782 0.000 0.000 1.790 38.791 57.792 64.792 56.793 40.794 29.795 30.797 30.798 30.800 30.803 30.806 34.808 0.000 0.000 0.000 5.602 42.776 12.208 9.573 44.494 49.175 60.864 67.437 67.258 65.460 63.745 63.899 62.639 64.834 64.046 63.767 63.394 63.032 62.664 62.290 61.906 61.506 62.177
0.000 0.000 0.000 0.000 0.000 0.000 0.000 0.000 0.000 0.000 0.000 0.000 0.000 0.000 0.000 82.279 82.279 84.279 84.277 83.274 77.271 71.267 42.265 0.000 0.000 0.000 0.000 0.000 14.781 59.781 53.781 68.782 65.783 44.784 23.787 24.789 33.791 55.791 64.792 55.793 38.794 28.795 33.797 32.798 30.800 30.802 30.804 31.805 23.805 0.000 0.000 0.000 0.000 4.013 47.017 49.911 57.710 68.391 68.472 66.809 68.614 66.210 63.711 65.763 64.926 64.604 64.200 63.812 63.422 63.030 62.636 61.224 69.677 67.302
0.000 0.000 0.000 0.000 0.000 16.980 39.979 0.000 17.951 57.945 46.937 50.931 25.927 0.000 0.000 18.281 90.282 84.283 81.281 78.276 81.270 72.265 35.261 0.000 0.000 0.000 0.000 0.000 0.000 0.000 3.782 57.782 58.783 9.783 0.000 0.790 37.791 55.792 60.792 50.793 41.794 39.795 1.797 8.798 36.800 30.802 30.803 31.804 37.804 45.804 7.804 0.000 0.000 19.635 52.571 56.439 67.216 69.403 69.022 72.357 70.899 65.126 66.848 65.912 65.519 65.068 64.647 64.229 63.813 63.398 62.999 68.677 0.000 0.000
0.000 0.000 0.000 0.000 0.000 16.981 59.979 1.971 51.957 53.946 65.936 48.928 33.923 0.000 0.000 6.283 75.285 87.290 84.287 84.279 85.270 79.260 33.254 0.000 0.000 0.000 0.000 0.000 0.000 0.000 0.000 0.000 42.783 1.783 0.000 0.000 43.791 40.792 52.792 9.792 0.000 0.000 0.000 0.000 2.801 40.802 34.802 0.000 27.804 61.804 44.804 0.000 0.000 24.331 58.162 67.048 70.149 69.891 74.106 73.374 66.550 68.024 66.988 66.506 65.997 65.534 65.085 64.644 64.202 63.752 63.287 67.806 10.329 0.000
59.173 49.172 0.000 0.000 0.000 10.983 70.986 46.976 48.961 54.947 78.934 79.923 74.914 28.906 0.000 0.000 0.000 35.305 89.298 84.285 85.269 82.252 41.241 0.000 0.000 0.000 0.000 0.000 0.000 0.000 0.000 0.000 0.782 0.000 0.000 0.000 0.000 0.000 0.000 0.000 0.000 0.000 0.000 0.000 0.000 0.000 15.802 12.802 0.000 0.000 0.000 0.000 13.679 51.113 68.064 69.731 70.652 75.005 74.639 67.607 69.094 68.057 67.521 66.962 66.458 65.979 65.517 65.060 64.599 64.119 63.591 65.933 48.853 5.296
71.173 53.171 49.168 0.000 0.000 0.000 63.004 64.986 64.965 76.946 73.930 85.916 84.905 45.897 0.000 0.000 0.000 11.327 91.315 84.294 85.268 82.240 42.217 0.000 0.000 2.901 50.873 62.841 31.820 0.000 0.000 0.000 0.000 0.000 0.000 0.000 0.000 0.000 0.000 0.000 0.000 0.000 0.000 0.000 0.000 0.000 0.000 0.801 0.000 0.000 0.000 11.618 52.134 69.099 69.680 75.875 75.370 68.912 69.446 69.898 69.023 68.489 67.917 67.390 66.890 66.410 65.943 65.481 65.015 64.535 71.027 11.480 0.000 18.328
76.174 55.170 56.165 48.158 0.000 53.074 48.042 55.999 68.968 72.941 83.923 84.907 83.892 52.881 0.000 0.000 0.000 10.361 90.341 84.308 85.269 80.224 60.169 44.085 45.006 44.929 52.876 73.831 40.799 0.000 0.000 0.000 0.000 0.000 0.000 0.000 0.000 0.000 0.000 0.000 0.000 0.000 0.000 0.000 0.000 0.000 0.000 0.000 0.000 9.693 40.472 49.985 68.975 70.568 77.251 76.648 69.467 71.156 70.457 69.873 69.364 68.818 68.295 67.788 67.301 66.828 66.364 65.905 65.445 71.978 17.502 0.000 0.000 3.401
71.176 69.172 52.164 56.152 56.132 47.106 40.090 0.000 0.000 14.928 73.915 84.895 82.877 67.855 34.823 0.000 0.000 59.416 80.379 85.330 84.275 85.216 75.152 51.079 48.005 46.933 55.870 73.809 56.747 42.659 43.590 47.539 58.507 22.495 0.000 0.000 0.000 0.000 0.000 0.000 0.000 0.000 0.000 0.000 0.000 0.000 0.000 0.000 0.000 20.892 60.732 68.680 71.329 78.126 77.735 70.201 71.841 71.034 70.628 70.146 69.645 69.146 68.651 68.168 67.697 67.236 66.782 66.331 71.881 18.429 0.000 0.000 0.000 2.412
17.180 85.176 56.169 50.153 51.137 53.128 53.123 42.133 0.000 0.000 0.000 18.880 89.866 79.838 57.792 49.714 56.623 55.507 57.430 65.357 66.285 53.215 50.145 48.074 48.002 46.930 55.860 70.790 49.718 46.641 51.573 67.520 70.488 55.482 29.482 0.000 0.000 0.000 0.000 0.000 0.000 0.000 0.000 0.000 0.000 0.000 0.000 0.000 11.728 53.574 69.184 72.024 78.666 78.436 70.907 72.526 71.716 71.330 70.868 70.406 69.936 69.465 68.997 68.537 68.084 67.637 67.196 72.757 18.319 0.000 0.000 0.000 0.000 0.000
84.186 85.185 71.183 0.000 0.000 58.146 54.142 65.143 56.142 0.000 0.000 0.000 77.868 74.839 59.792 50.727 47.649 47.561 50.476 63.383 71.295 74.212 67.139 57.069 49.998 48.925 64.851 67.774 42.695 46.614 46.540 47.479 51.445 30.463 0.000 0.000 0.000 1.270 0.000 0.000 0.000 0.000 0.000 0.000 0.000 0.000 14.935 46.613 54.476 67.993 79.304 78.917 71.976 72.561 73.109 72.399 72.011 71.561 71.121 70.676 70.228 69.781 69.337 68.897 68.463 69.034 75.607 19.182 0.000 0.000 0.000 0.000 0.000 0.000
85.193 85.195 85.195 72.195 55.186 55.168 55.158 46.153 0.000 11.967 18.967 70.944 67.899 70.859 63.810 64.752 64.686 64.612 67.529 62.404 62.300 64.201 68.131 69.065 66.997 62.923 73.843 71.760 59.672 60.582 60.494 62.411 37.348 0.000 0.000 0.000 0.000 2.270 0.000 0.000 0.000 0.000 0.000 0.000 1.858 49.537 50.148 71.179 71.744 80.411 79.918 74.472 74.176 73.550 73.066 72.668 72.232 71.806 71.377 70.948 70.519 70.093 69.671 69.253 69.839 73.427 6.017 0.000 0.000 0.000 0.000 0.000 0.000 7.608
84.202 84.206 85.207 82.204 60.195 54.181 55.168 56.158 48.148 0.000 62.991 59.965 60.927 61.886 56.839 60.786 65.729 73.672 58.625 0.000 0.000 9.159 67.118 63.065 63.001 62.925 62.841 62.749 62.652 62.549 62.441 60.324 55.190 28.011 0.000 3.803 47.585 54.270 65.925 35.647 0.000 0.000 0.000 0.000 51.060 61.810 73.736 74.378 81.153 80.818 75.136 74.798 74.048 73.704 73.297 72.881 72.465 72.049 71.634 71.219 70.808 70.402 70.001 70.605 73.211 20.819 0.000 0.000 0.000 0.000 0.000 0.000 0.000 28.617
74.212 74.220 85.223 85.219 75.209 51.193 54.178 55.161 55.139 61.099 70.041 53.999 50.959 48.918 55.873 70.824 69.774 54.722 34.674 0.000 0.000 0.000 0.000 52.075 47.016 46.937 46.846 46.745 47.638 50.523 51.397 51.253 50.076 50.832 49.449 49.022 57.680 64.302 61.857 68.369 65.767 60.237 57.729 60.126 71.719 75.211 74.997 81.634 81.426 75.785 75.426 74.663 74.322 73.912 73.508 73.103 72.697 72.293 71.889 71.488 71.092 70.706 71.328 71.954 10.583 0.000 0.000 0.000 0.000 0.000 0.000 0.000 0.000 39.657
40.225 52.238 80.246 84.242 65.227 48.207 47.188 55.170 55.149 54.117 48.074 49.030 54.994 71.954 70.911 53.865 46.819 36.770 0.000 56.487 65.438 61.363 62.266 65.145 68.053 66.960 67.860 70.748 69.630 66.506 68.371 63.216 49.029 52.793 51.492 56.157 73.813 80.398 76.833 70.207 64.692 66.235 72.710 77.575 76.002 82.225 81.870 75.787 77.391 75.965 75.292 74.939 74.526 74.125 73.723 73.324 72.928 72.535 72.143 71.752 72.366 70.001 65.649 17.302 0.000 0.000 0.000 0.000 0.000 0.000 0.000 0.000 25.813 29.740
0.000 45.262 64.281 75.274 50.252 42.218 49.197 47.184 54.169 55.147 55.106 48.056 65.030 56.995 45.951 48.905 40.866 0.000 65.606 68.536 68.465 70.384 71.290 74.186 78.089 76.992 76.885 76.758 78.629 79.502 77.365 65.211 51.031 52.818 52.571 52.300 55.015 28.647 1.071 89.931 131.581 109.159 75.123 76.662 83.234 82.780 76.246 78.968 76.373 75.919 75.549 75.141 74.740 74.337 73.937 73.541 73.155 72.776 72.397 74.010 68.618 57.283 11.966 0.000 0.000 0.000 0.000 0.000 0.000 0.000 0.000 23.957 36.886 25.815
0.000 0.397 21.343 56.323 38.287 0.000 44.198 49.199 49.198 55.194 44.150 0.000 49.077 47.043 48.995 49.938 59.874 73.789 70.676 72.586 78.503 88.417 132.324 129.221 129.125 129.033 128.929 129.771 113.626 45.507 48.378 46.232 54.065 52.879 49.674 47.458 29.301 0.000 0.000 0.000 56.418 73.519 78.161 83.936 83.615 75.860 77.551 76.841 76.527 76.147 75.753 75.356 74.953 74.548 74.144 73.751 73.375 74.016 72.660 64.274 52.814 10.549 0.000 0.000 0.000 0.000 0.000 0.000 0.000 0.000 15.092 36.028 27.960 15.891
19.589 8.535 71.421 49.386 0.000 0.000 0.000 43.215 56.231 48.281 0.000 1.266 57.158 48.107 59.047 71.979 71.904 76.817 79.722 72.631 58.544 49.458 45.368 43.249 46.158 47.085 34.029 0.000 50.597 47.521 46.408 50.273 54.120 50.959 42.786 49.558 30.429 0.000 0.000 51.774 68.796 78.559 84.420 84.205 76.455 78.134 77.421 77.118 76.739 76.359 75.970 75.573 75.170 74.758 74.340 73.942 74.579 70.253 58.952 15.613 0.000 0.000 0.000 0.000 0.000 0.000 0.000 0.000 0.000 0.000 33.156 32.102 18.036 14.966
89.620 77.605 0.000 6.415 0.793 0.000 0.000 0.000 0.000 52.417 50.420 58.353 55.256 55.180 55.106 72.028 85.945 74.855 54.762 52.671 47.584 49.504 40.441 0.000 52.174 49.121 38.071 0.000 51.646 46.570 47.462 54.331 52.182 50.050 31.955 0.000 0.000 48.383 46.259 63.056 78.984 84.684 77.402 77.967 78.620 78.008 77.705 77.333 76.963 76.582 76.193 75.797 75.395 74.975 75.515 75.100 64.746 49.465 12.282 0.000 0.000 0.000 0.000 0.000 0.000 0.000 0.000 8.528 7.484 22.401 34.275 22.190 14.115 28.042
75.658 65.661 0.000 0.000 65.981 58.980 52.965 0.000 4.647 70.551 67.489 54.417 55.334 55.252 56.169 77.082 128.992 121.897 68.801 123.708 44.618 48.532 48.450 50.358 48.243 48.155 48.064 49.936 45.769 45.653 54.540 53.405 50.230 45.103 34.029 0.000 0.000 50.506 57.375 79.398 78.298 85.050 78.454 79.037 78.580 78.282 77.927 77.568 77.197 76.815 76.423 76.026 75.638 77.231 72.647 54.196 40.840 42.578 8.430 0.000 0.000 0.000 0.000 0.000 0.000 0.000 0.000 17.573 22.522 36.445 30.353 20.268 29.190 29.116
62.701 6.719 0.000 0.000 49.012 57.993 54.950 72.866 66.744 71.649 79.570 70.492 55.410 55.325 55.235 54.141 48.042 42.940 47.839 44.740 48.647 48.558 48.471 48.380 48.284 48.192 48.093 46.976 51.842 53.733 54.638 38.522 0.000 38.103 0.000 0.000 0.000 54.731 76.668 80.691 86.089 85.607 78.554 79.202 78.837 78.515 78.172 77.813 77.440 77.057 76.659 76.247 74.901 36.663 0.000 0.000 0.000 0.000 0.000 0.000 0.000 0.000 13.965 8.952 7.920 6.865 10.784 19.669 35.586 29.506 20.422 30.341 26.263 17.188
50.747 55.795 1.028 54.085 50.062 49.029 66.978 59.904 75.815 84.730 64.651 50.572 48.489 51.401 54.307 55.205 55.096 47.984 46.873 47.768 47.671 48.581 48.494 48.409 53.323 50.235 47.141 48.031 50.891 54.799 43.757 0.000 0.000 0.000 0.000 10.476 130.354 74.058 81.085 79.069 86.512 78.392 80.903 82.379 79.098 78.773 78.432 78.072 77.695 78.315 74.908 62.403 53.054 10.859 0.000 0.000 0.000 0.000 0.000 0.000 0.000 15.983 15.979 15.972 16.943 16.890 17.818 31.732 31.650 15.569 18.489 20.410 17.333 15.258
35.785 29.884 54.073 50.127 49.121 60.085 64.028 74.958 81.881 47.805 46.731 47.655 49.574 48.485 45.386 53.275 54.154 55.025 53.901 47.789 46.689 45.600 46.517 52.439 111.362 79.286 59.204 42.118 0.000 56.816 64.834 0.000 0.000 0.000 0.000 54.600 65.501 82.384 80.425 87.248 86.895 79.491 80.013 80.671 79.369 79.049 78.710 78.348 78.952 77.601 30.254 0.000 0.000 0.000 0.000 0.000 0.000 0.000 0.000 0.000 0.000 22.989 18.994 16.015 16.988 14.936 26.868 33.791 17.712 18.633 26.554 24.477 18.401 15.327
0.000 0.000 47.223 50.229 52.209 73.162 84.093 98.018 79.946 8.879 65.813 65.744 49.667 49.579 48.476 46.357 49.219 55.062 52.916 53.797 55.698 53.612 51.536 47.466 42.402 47.342 42.273 0.000 0.000 0.000 50.928 42.952 0.000 0.000 0.000 64.822 81.704 81.785 79.806 87.570 79.233 81.725 83.223 79.958 79.659 79.345 79.011 78.658 76.164 30.882 0.000 0.000 0.000 0.000 0.000 0.000 0.000 0.000 0.000 0.000 22.610 0.000 0.000 24.106 14.060 24.998 36.927 24.852 19.774 24.696 28.619 21.543 16.468 14.394
0.000 0.000 45.369 51.358 67.324 78.261 126.163 120.075 122.007 127.951 123.899 124.841 49.772 49.687 48.584 48.458 47.303 42.090 51.904 53.785 54.694 52.615 54.547 54.489 55.439 48.405 0.000 0.000 0.000 0.000 51.999 36.975 0.000 0.000 56.337 78.128 82.063 81.050 88.156 87.871 80.299 80.838 81.519 80.249 79.965 79.661 80.333 55.107 0.000 0.000 0.000 0.000 0.000 0.000 0.000 0.000 0.000 34.796 23.754 13.690 17.610 17.514 18.396 18.242 21.149 34.069 30.992 25.914 26.837 24.759 22.683 18.607 15.533 17.460
0.000 0.000 46.525 63.508 71.470 77.396 48.224 47.112 46.055 43.021 43.991 43.949 49.892 49.815 65.715 65.587 41.445 0.000 38.826 51.747 53.676 51.608 53.550 53.501 54.461 50.435 0.000 0.000 0.000 50.189 35.094 0.000 0.000 57.688 66.539 83.385 82.280 81.457 88.422 79.993 82.511 85.039 80.808 80.552 80.292 78.999 66.555 25.331 0.000 0.000 0.000 0.000 0.000 21.016 15.998 15.963 15.911 19.838 31.776 34.707 20.627 15.535 17.431 19.319 34.223 33.138 19.057 27.978 28.900 27.822 20.746 16.671 15.597 25.525
