results2_8e3_rain/res_3e8f-0099.wd
ncols         241
nrows         181
xllcorner     12693529.787448
yllcorner     3542525.717860
cellsize      155.156523
NODATA_value  -9999.000000
[rows 33 to 65 of 181, columns 73 to 145 of 241]
0.000 0.000 0.000 0.000 0.000 0.000 0.000 0.000 0.000 0.000 0.000 0.000 0.000 0.000 0.000 0.000 0.000 0.000 0.000 0.000 0.000 0.000 0.000 0.000 0.000 0.000 0.000 0.000 0.000 0.000 0.000 0.000 0.000 0.000 0.000 0.000 0.000 0.000 0.000 36.463 59.464 64.466 20.468 0.000 0.000 29.537 43.562 10.544 1.546 33.567 36.581 30.579 31.563 32.532 32.485 32.422 32.343 31.247 37.125 56.943 3.573 11.189 8.583 43.832 60.329 64.871 63.442 64.057 62.608 64.711 59.781 59.358 59.346
0.000 0.000 0.000 0.000 0.000 0.000 0.000 0.000 0.000 0.000 0.000 0.000 0.000 0.000 0.000 0.000 0.000 0.000 0.000 0.000 0.000 0.000 0.000 0.000 0.000 0.000 0.000 0.000 0.000 0.000 0.000 0.000 0.000 0.000 0.000 0.000 0.000 0.000 0.000 0.000 11.465 6.465 0.000 0.000 0.000 0.000 25.642 0.000 0.000 23.603 47.639 46.643 36.629 32.596 32.545 32.475 32.386 31.283 53.172 51.058 0.000 34.118 46.727 60.200 64.710 64.250 63.833 63.354 64.428 60.457 59.716 59.962 62.273
0.000 0.000 0.000 0.000 0.000 0.000 0.000 0.000 0.000 0.000 0.000 0.000 0.000 0.000 0.000 0.000 0.000 0.000 32.109 64.109 17.109 0.000 0.000 0.000 0.000 0.000 0.000 0.000 0.000 0.000 0.000 0.000 0.000 0.000 0.000 0.000 0.000 0.000 0.000 0.000 0.000 0.000 0.000 0.000 0.000 0.000 17.721 0.000 0.000 0.000 25.730 43.726 43.712 34.680 32.625 32.546 30.444 46.328 55.224 0.000 19.847 44.439 59.006 65.531 65.057 64.616 64.108 66.151 62.146 60.203 60.588 62.918 62.170
0.000 0.000 0.000 0.000 0.000 0.000 0.000 0.000 0.000 0.000 0.000 19.110 57.110 0.000 0.000 0.000 0.000 0.000 39.109 90.109 46.109 0.000 0.000 0.000 0.000 0.000 0.000 0.000 0.000 0.000 0.000 0.000 0.000 0.000 0.000 0.000 0.000 0.000 0.000 0.000 0.000 0.000 0.000 0.000 0.000 0.000 20.801 21.838 28.855 14.856 24.826 32.820 45.812 36.785 32.729 29.639 40.516 50.360 39.171 14.808 44.254 61.786 66.328 65.856 65.402 64.870 64.884 63.850 60.805 61.231 63.570 62.824 62.597
0.000 0.000 0.000 0.000 0.000 0.000 0.000 0.000 0.000 0.000 0.000 40.110 75.110 64.110 51.110 6.110 0.109 24.110 78.109 86.109 51.109 0.000 0.000 0.000 0.000 19.862 0.000 0.000 0.000 0.000 0.000 0.000 0.000 0.000 0.000 0.000 0.000 3.869 0.000 0.000 0.000 7.870 25.870 0.000 0.000 36.854 51.844 54.857 52.872 38.886 32.897 31.916 45.931 36.920 28.868 42.765 56.620 44.425 32.294 46.998 51.576 64.125 66.657 66.195 65.644 65.628 63.572 61.521 61.898 64.237 63.490 63.262 62.938
0.000 0.000 0.000 0.000 0.000 0.000 0.000 0.000 0.000 0.000 0.000 11.110 73.110 56.110 37.110 0.000 20.110 70.110 81.110 88.109 47.109 0.000 0.000 0.000 0.000 57.862 41.862 0.000 0.000 0.000 0.000 0.000 0.000 0.000 0.000 0.000 20.869 32.869 34.869 0.000 0.000 16.870 41.870 20.869 34.868 57.864 60.864 61.874 58.892 45.919 32.959 30.016 47.077 38.097 42.057 59.932 53.776 0.000 30.581 49.316 61.926 67.476 67.010 66.444 66.396 64.322 62.369 62.596 64.927 64.180 63.947 63.616 63.296
0.000 0.000 0.000 0.000 0.000 0.000 0.000 0.000 0.000 0.000 0.000 0.000 0.000 24.111 62.111 58.111 46.111 59.110 79.110 90.109 43.108 0.000 0.000 0.000 0.000 19.862 43.862 45.862 0.000 0.000 0.000 0.000 0.000 0.000 0.000 0.000 36.869 37.869 49.869 32.869 21.870 35.870 36.870 32.870 39.870 46.871 44.874 37.883 56.902 22.939 39.004 42.113 32.263 44.335 57.330 54.131 0.000 5.564 42.134 58.757 67.337 67.859 67.293 67.207 64.120 63.391 63.337 65.649 64.900 64.661 64.322 63.990 63.649
0.000 0.000 0.000 0.000 0.000 0.000 0.000 0.000 0.000 0.000 0.000 0.000 0.000 14.111 81.111 76.111 66.111 56.111 80.110 88.109 83.107 68.104 23.102 0.000 0.000 0.000 0.000 53.863 37.863 35.863 46.863 41.864 4.864 0.000 0.000 0.868 36.869 35.869 56.869 62.869 51.870 43.870 35.871 32.871 33.872 34.874 33.878 31.884 39.893 0.916 0.000 1.360 37.528 60.648 58.798 0.000 4.334 41.995 55.631 65.253 68.772 68.314 69.072 65.001 64.668 64.142 66.416 65.659 65.411 65.063 64.722 64.367 64.000
0.000 0.000 0.000 0.000 0.000 0.000 0.000 0.000 0.000 0.000 0.000 0.000 0.000 0.000 14.111 53.112 28.112 64.112 83.112 88.110 86.107 84.104 73.101 32.098 0.000 0.000 0.000 9.863 48.863 48.863 61.863 59.864 52.864 47.864 0.000 0.000 3.868 40.869 59.869 66.870 58.870 42.871 31.871 32.872 32.874 32.876 32.878 32.882 36.886 0.000 0.000 0.000 7.729 44.931 14.416 11.770 46.674 51.447 63.164 69.750 69.583 67.799 66.100 66.339 65.048 67.248 66.471 66.203 65.842 65.491 65.130 64.755 64.354
0.000 0.000 0.000 0.000 0.000 0.000 0.000 0.000 0.000 0.000 0.000 0.000 0.000 0.000 0.000 0.000 85.115 85.114 87.114 87.111 86.107 80.103 74.098 45.095 0.000 0.000 0.000 0.000 0.000 16.863 61.863 55.864 70.864 67.864 46.865 25.867 26.868 35.869 57.869 66.870 57.870 40.871 30.872 35.873 34.874 32.876 32.878 32.881 33.882 25.882 0.000 0.000 0.000 0.000 6.165 49.221 52.140 59.979 70.685 70.782 69.128 70.964 68.624 66.116 68.179 67.356 67.049 66.662 66.294 65.923 65.552 65.171 63.747
0.000 0.000 0.000 0.000 0.000 0.000 20.007 43.005 0.000 20.956 60.947 49.935 53.925 28.919 0.000 0.000 21.117 93.117 87.118 84.115 81.109 84.101 75.094 38.090 0.000 0.000 0.000 0.000 0.000 0.000 0.000 5.864 59.864 60.864 11.865 0.000 2.868 39.869 57.869 62.870 52.870 43.871 41.872 3.873 10.875 38.877 32.878 32.880 33.881 39.881 47.881 9.881 0.000 0.000 21.857 54.812 58.699 69.498 71.702 71.328 74.641 73.193 67.511 69.255 68.337 67.962 67.532 67.133 66.742 66.358 65.983 65.629 71.348
0.000 0.000 0.000 0.000 0.000 0.000 20.009 63.003 4.987 54.966 56.949 68.934 51.921 36.913 0.000 0.000 9.118 78.120 90.125 87.121 87.111 88.099 82.088 36.080 0.000 0.000 0.000 0.000 0.000 0.000 0.000 0.000 0.000 44.864 3.865 0.000 0.000 45.869 42.869 54.869 11.870 0.000 0.000 0.000 0.000 4.877 42.878 36.879 0.000 29.881 63.881 46.881 0.000 0.000 26.603 60.440 69.336 72.449 72.200 76.404 75.661 68.917 70.417 69.403 68.941 68.452 68.012 67.591 67.183 66.784 66.393 66.014 70.668
18.273 62.271 52.269 0.000 0.000 0.000 14.017 74.011 49.993 51.971 57.949 81.929 82.913 77.900 31.887 0.000 0.000 0.000 38.141 92.132 87.117 88.097 85.077 44.064 0.000 0.000 0.000 0.000 0.000 0.000 0.000 0.000 0.000 2.864 0.000 0.000 0.000 0.000 0.000 0.000 0.000 0.000 0.000 0.000 0.000 0.000 0.000 17.879 14.879 0.000 0.000 0.000 0.000 16.013 53.428 70.375 72.045 72.972 77.333 76.950 69.974 71.479 70.460 69.944 69.405 68.923 68.469 68.036 67.616 67.203 66.791 66.366 68.886
18.274 74.271 56.267 52.262 0.000 0.000 1.048 66.032 68.005 67.975 79.946 76.922 88.902 87.885 48.874 0.000 0.000 0.000 14.166 94.151 87.126 88.094 85.061 45.033 0.000 0.000 5.653 53.620 65.583 34.559 0.000 0.000 0.000 0.000 0.000 0.000 0.000 0.000 0.000 0.000 0.000 0.000 0.000 0.000 0.000 0.000 0.000 0.000 2.878 0.000 0.000 0.000 13.983 54.487 71.442 72.018 78.234 77.722 71.284 71.822 72.284 71.422 70.903 70.349 69.841 69.362 68.907 68.469 68.042 67.621 67.201 73.773 14.330
82.276 79.272 58.266 59.257 51.246 0.000 56.107 51.074 59.018 71.977 75.939 86.912 87.887 86.866 55.850 0.000 0.000 0.000 13.206 93.181 87.141 88.094 83.040 62.974 46.872 47.778 47.687 55.623 76.571 43.534 0.000 0.000 0.000 0.000 0.000 0.000 0.000 0.000 0.000 0.000 0.000 0.000 0.000 0.000 0.000 0.000 0.000 0.000 0.000 0.000 12.088 42.861 52.363 71.344 72.929 79.607 79.003 71.846 73.540 72.847 72.270 71.773 71.241 70.733 70.244 69.776 69.326 68.890 68.462 68.040 74.618 20.196 0.000
79.279 74.274 72.267 55.255 59.235 59.202 50.159 43.138 0.000 0.000 17.919 76.900 87.868 85.841 70.810 37.766 0.000 0.425 62.270 83.225 88.165 87.100 88.029 77.952 53.864 50.776 49.691 58.616 76.545 59.472 45.370 46.290 50.230 61.194 25.179 0.000 0.000 0.000 0.000 0.000 0.000 0.000 0.000 0.000 0.000 0.000 0.000 0.000 0.000 0.000 23.291 63.127 71.068 73.712 80.497 80.098 72.588 74.232 73.428 73.027 72.553 72.062 71.575 71.094 70.627 70.173 69.732 69.301 68.877 74.457 21.038 0.000 0.000
68.284 20.280 88.273 59.261 53.236 54.212 56.191 56.180 45.189 0.000 0.000 0.000 21.845 92.821 82.782 60.721 52.622 59.510 58.374 60.282 68.195 69.110 56.026 52.942 50.857 50.771 49.686 58.604 73.522 52.438 49.348 54.269 70.208 73.172 58.165 32.165 0.000 0.000 0.000 0.000 0.000 0.000 0.000 0.000 0.000 0.000 0.000 0.000 0.000 14.147 55.984 71.587 74.422 81.060 80.818 73.302 74.922 74.115 73.733 73.276 72.821 72.359 71.898 71.443 70.996 70.558 70.129 69.706 75.288 20.873 0.000 0.000 0.000
14.291 87.289 88.285 74.279 0.000 1.228 61.212 57.202 68.199 59.199 0.000 0.000 0.850 80.816 77.777 62.716 53.635 50.540 50.435 53.334 66.224 74.120 77.021 69.933 59.849 52.765 51.679 67.591 70.501 45.409 49.316 49.230 50.160 54.121 33.143 0.000 0.000 0.000 3.752 0.000 0.000 0.000 0.000 0.000 0.000 0.000 0.000 17.390 49.056 56.904 70.411 81.722 81.330 74.384 74.966 75.513 74.803 74.417 73.971 73.535 73.096 72.655 72.217 71.783 71.355 70.934 71.519 78.107 21.698 0.000 0.000 0.000 0.000
92.298 88.299 88.298 88.292 75.282 58.258 58.234 58.217 49.206 0.000 14.918 21.918 73.887 70.841 73.792 66.732 67.660 67.580 67.493 70.395 65.248 65.124 67.005 70.921 71.842 69.760 65.673 76.580 74.483 62.382 63.278 63.176 65.081 40.010 0.000 0.000 0.000 0.000 4.753 0.000 0.000 0.000 0.000 0.000 0.000 4.262 52.048 52.613 73.625 74.177 82.825 82.331 76.887 76.589 75.961 75.476 75.078 74.645 74.221 73.796 73.372 72.950 72.531 72.117 71.709 72.305 75.904 8.506 0.000 0.000 0.000 0.000 0.000
91.307 87.313 87.315 88.310 85.297 63.275 57.249 58.225 59.202 51.180 0.095 65.948 62.915 63.869 64.817 59.759 63.695 68.627 76.560 61.505 0.000 0.000 11.955 69.904 65.837 65.761 65.672 65.574 65.468 65.356 65.238 65.114 62.979 57.827 30.623 0.000 6.293 50.066 56.753 68.424 38.164 0.000 0.000 0.000 0.000 53.455 64.261 76.188 76.822 83.576 83.235 77.556 77.217 76.465 76.120 75.713 75.296 74.882 74.469 74.056 73.646 73.240 72.840 72.446 73.057 75.672 23.288 0.000 0.000 0.000 0.000 0.000 0.000
77.314 77.330 77.339 88.336 88.320 78.295 54.264 57.231 58.198 58.158 64.093 73.011 56.954 53.902 51.849 58.793 73.734 72.674 57.615 37.560 0.000 0.000 0.000 0.000 54.841 49.773 49.681 49.576 49.461 50.337 53.205 54.061 53.897 52.695 53.419 51.989 51.520 60.153 66.767 64.356 70.904 68.310 62.764 60.233 62.602 74.163 77.658 77.444 84.073 83.856 78.212 77.851 77.086 76.743 76.332 75.928 75.522 75.118 74.715 74.315 73.917 73.525 73.143 73.771 74.403 13.037 0.000 0.000 0.000 0.000 0.000 0.000 0.000
0.000 43.353 55.377 83.373 87.354 68.321 51.279 50.239 58.202 58.162 57.110 51.048 51.988 57.937 74.885 73.830 56.773 49.719 39.667 0.000 59.299 68.243 64.157 65.048 67.914 70.809 69.704 70.589 73.461 72.326 69.184 71.029 65.851 51.637 55.368 54.027 58.647 76.257 82.808 79.329 72.787 67.257 68.771 75.217 80.055 78.459 84.682 84.323 78.225 79.825 78.396 77.720 77.365 76.950 76.549 76.146 75.747 75.351 74.960 74.570 74.182 74.799 72.438 68.090 19.746 0.000 0.000 0.000 0.000 0.000 0.000 0.000 0.000
0.000 0.000 48.441 67.427 78.401 53.357 45.293 52.242 50.209 57.177 58.138 58.084 51.015 67.972 59.923 48.868 51.810 43.763 0.000 68.435 71.355 71.273 73.180 74.074 76.957 80.847 79.736 79.614 79.469 81.321 82.175 80.019 67.842 53.635 55.391 55.104 54.783 57.422 30.878 3.364 92.656 134.184 111.704 77.632 79.143 85.683 85.231 78.688 81.406 78.809 78.353 77.980 77.570 77.167 76.764 76.362 75.967 75.581 75.203 74.826 76.441 71.051 59.719 14.404 0.000 0.000 0.000 0.000 0.000 0.000 0.000 0.000 34.023
0.751 0.000 3.519 24.493 59.467 41.412 0.000 47.228 52.214 52.200 58.182 47.133 0.000 52.014 49.969 51.907 52.838 62.759 76.651 73.516 75.411 81.315 91.216 135.110 131.994 131.884 131.779 131.661 132.482 116.314 48.177 51.030 48.862 56.671 55.455 52.216 49.960 31.768 0.000 0.000 1.358 58.992 76.051 80.662 86.391 86.066 78.305 79.994 79.281 78.964 78.582 78.186 77.787 77.383 76.977 76.571 76.178 75.803 76.444 75.089 66.705 55.246 12.982 0.000 0.000 0.000 0.000 0.000 0.000 0.000 0.000 25.179 46.107
74.740 22.701 11.624 74.560 52.562 0.000 0.000 0.000 46.220 59.226 51.258 0.000 4.181 60.101 51.030 61.956 74.874 74.784 79.680 82.566 75.459 61.359 52.260 48.157 46.023 48.918 49.835 36.770 0.000 53.278 50.190 49.061 52.906 56.730 53.544 45.343 52.075 32.921 0.000 0.000 54.294 71.320 81.068 86.886 86.665 78.905 80.580 79.865 79.559 79.178 78.796 78.404 78.006 77.601 77.188 76.769 76.371 77.008 72.682 61.381 18.043 0.000 0.000 0.000 0.000 0.000 0.000 0.000 0.000 0.000 0.000 43.251 42.193
84.758 92.739 80.714 0.000 9.660 3.757 0.000 0.000 0.000 0.000 55.365 53.349 61.261 58.177 58.096 58.011 74.920 88.822 77.717 57.608 55.502 50.401 52.308 43.236 0.000 54.931 51.871 40.814 0.000 54.329 49.243 50.120 56.970 54.800 52.648 34.538 0.000 0.000 50.862 48.743 65.550 81.479 87.160 79.859 80.420 81.070 80.456 80.150 79.775 79.404 79.021 78.629 78.231 77.828 77.407 77.946 77.529 67.175 51.894 14.712 0.000 0.000 0.000 0.000 0.000 0.000 0.000 0.000 18.658 17.610 32.520 44.382 32.291
74.785 78.783 68.780 0.000 0.000 68.855 61.883 55.881 0.000 7.586 73.489 70.420 57.338 58.253 58.164 59.072 79.973 131.869 124.759 71.648 126.539 47.435 51.336 51.242 53.134 51.005 50.905 50.801 52.655 48.466 48.334 57.205 56.053 52.854 47.708 36.623 0.000 0.000 52.981 59.852 81.878 80.777 87.525 80.909 81.489 81.030 80.730 80.372 80.012 79.638 79.254 78.861 78.462 78.073 79.664 75.079 56.626 43.270 45.008 10.860 0.000 0.000 0.000 0.000 0.000 0.000 0.000 0.000 27.707 32.651 46.568 40.468 30.378
70.813 65.828 9.843 0.000 0.011 51.924 60.913 57.879 75.802 69.683 74.586 82.503 73.418 58.330 58.238 58.139 57.032 50.919 45.802 50.685 47.571 51.463 51.360 51.260 51.157 51.048 50.943 50.831 49.697 54.546 56.422 57.314 41.183 0.000 40.708 0.000 0.000 0.000 57.201 79.138 83.159 88.545 88.071 81.008 81.654 81.287 80.963 80.618 80.257 79.883 79.498 79.098 78.684 77.336 39.098 0.000 0.000 0.000 0.000 0.000 0.000 0.000 0.000 24.206 19.172 18.116 17.041 20.943 29.812 45.721 39.633 30.543 40.457
62.839 53.871 58.923 4.012 57.039 53.003 51.969 69.918 62.846 78.757 87.670 67.586 53.502 51.413 54.317 57.213 58.098 57.975 50.846 49.719 50.598 50.486 51.382 51.282 51.185 56.087 52.988 49.882 50.758 53.599 57.494 46.445 0.000 0.000 0.000 0.000 12.936 132.815 76.521 83.548 81.530 88.963 80.846 83.355 84.830 81.548 81.221 80.878 80.517 80.138 80.757 77.348 64.841 55.491 13.294 0.000 0.000 0.000 0.000 0.000 0.000 0.000 26.293 26.241 26.194 27.136 27.064 27.977 41.878 41.787 25.699 28.614 30.531
37.854 38.896 32.964 57.073 53.101 52.082 63.040 66.980 77.907 84.828 50.749 49.672 50.591 52.503 51.406 48.296 56.173 57.035 57.888 56.746 50.617 49.502 48.398 49.303 55.213 114.126 82.040 61.950 44.854 0.000 59.510 67.526 0.000 0.000 0.000 0.000 57.059 67.961 84.844 82.883 89.693 89.342 81.943 82.464 83.121 81.819 81.498 81.157 80.793 81.396 80.044 32.696 0.000 0.000 0.000 0.000 0.000 0.000 0.000 0.000 0.000 0.000 33.345 29.271 26.227 27.171 25.102 37.022 43.935 27.849 28.765 36.683 34.602
0.000 0.000 0.000 50.217 53.212 55.183 76.128 87.053 100.974 82.899 11.829 68.760 68.686 52.603 52.507 51.394 49.261 52.105 57.927 55.759 56.622 58.507 56.407 54.318 50.238 45.165 50.097 45.024 0.000 0.000 0.000 53.624 45.648 0.000 0.000 0.000 67.280 84.161 84.242 82.261 90.013 81.684 84.176 85.674 82.408 82.108 81.793 81.459 81.104 78.609 33.326 0.000 0.000 0.000 0.000 0.000 0.000 0.000 0.000 0.000 0.000 32.572 2.502 0.000 34.271 24.220 35.151 47.074 34.992 29.910 34.829 38.749 31.671
0.000 0.000 0.000 48.364 54.348 70.308 81.238 129.132 123.037 124.965 130.907 126.852 127.790 52.716 52.625 51.512 51.372 50.197 44.955 54.742 56.604 57.496 55.404 57.324 57.256 58.199 51.160 0.000 0.000 0.000 0.000 54.697 39.673 0.000 0.000 58.794 80.585 84.519 83.504 90.597 90.313 82.749 83.288 83.970 82.699 82.414 82.109 82.781 57.555 0.000 0.000 0.000 0.000 0.000 0.000 0.000 0.000 0.000 44.874 33.825 23.748 27.642 27.559 28.483 28.368 31.286 44.209 41.130 36.051 36.971 34.892 32.814 28.737
14.525 0.000 0.000 49.527 66.508 74.465 80.384 51.198 50.079 49.018 45.982 46.951 46.907 52.847 52.766 68.658 68.516 44.357 0.000 41.649 54.556 56.471 54.389 56.320 56.262 57.215 53.184 0.000 0.000 0.000 52.893 37.795 0.000 0.000 60.146 68.996 85.841 84.735 83.910 90.862 82.442 84.961 87.489 83.258 83.002 82.741 81.448 69.003 27.779 0.000 0.000 0.000 0.000 0.000 31.116 26.097 26.059 26.002 29.922 41.854 44.777 30.690 25.607 27.524 29.432 44.348 43.267 29.188 38.109 39.031 37.953 30.877 26.802
