results2_8e3_rain/res_3e8f-0146.wd
ncols         241
nrows         181
xllcorner     12693529.787448
yllcorner     3542525.717860
cellsize      155.156523
NODATA_value  -9999.000000
[rows 66 to 98 of 181, columns 146 to 218 of 241]
35.051 49.991 71.935 72.881 72.832 72.784 72.738 72.692 72.647 75.611 11.589 0.000 0.000 0.000 0.000 0.000 0.000 0.000 44.640 19.640 0.000 26.638 56.636 56.636 56.637 63.637 69.637 69.635 69.633 69.629 69.625 69.621 69.616 69.611 69.606 71.601 56.598 57.596 49.595 0.000 0.000 0.000 0.000 0.000 25.931 32.923 41.907 35.876 13.837 11.785 26.754 47.729 55.706 49.684 44.661 44.639 34.618 31.596 31.575 34.554 55.534 67.514 62.495 51.477 58.459 65.442 69.426 69.411 68.397 68.383 68.369 68.357 68.345
38.109 57.049 74.992 72.940 72.892 72.847 72.802 72.753 77.697 66.656 36.637 33.645 0.000 0.000 0.000 0.000 0.000 15.640 17.640 0.000 0.000 0.000 26.631 57.631 66.631 69.631 69.630 69.629 69.627 73.624 71.621 69.617 69.613 69.610 68.606 60.602 54.600 60.598 50.597 0.000 0.000 0.000 0.000 17.924 31.925 36.921 32.914 0.000 0.000 8.737 28.724 31.707 45.688 54.668 43.648 42.627 40.606 31.585 31.564 30.543 36.523 60.503 67.484 52.466 54.448 56.431 58.415 62.400 66.385 68.371 69.358 68.346 68.334
43.164 64.103 74.045 72.993 72.949 72.910 70.870 69.821 24.732 9.679 40.658 46.654 11.655 0.000 0.000 0.000 0.000 0.000 0.000 0.000 0.000 10.624 39.626 59.626 69.626 69.626 69.625 69.624 69.622 71.620 70.617 69.614 69.611 70.608 60.606 58.603 61.600 56.598 48.597 0.000 0.000 0.000 0.000 35.924 38.924 0.922 0.000 0.000 3.693 36.703 38.697 48.686 51.670 62.653 60.634 48.614 37.594 29.573 31.552 31.532 26.511 40.492 57.473 61.454 66.436 63.420 56.403 61.388 64.374 64.360 62.347 64.334 67.322
48.219 71.155 75.090 76.039 73.003 73.973 68.947 14.928 0.000 39.670 40.662 45.657 53.656 0.000 0.000 0.000 0.000 0.000 0.000 0.000 0.000 22.622 45.622 58.622 70.622 69.621 69.620 69.619 69.618 70.616 69.614 69.611 69.609 66.607 60.605 25.604 0.000 0.000 0.000 0.000 0.000 0.000 0.000 31.924 38.923 0.000 0.000 0.000 53.683 39.683 34.678 62.668 67.655 68.639 72.622 66.603 54.583 34.562 31.541 31.520 29.500 30.480 36.460 37.442 44.424 52.407 59.391 63.376 64.361 65.348 61.334 64.322 65.310
30.276 35.206 45.123 21.071 78.051 75.031 60.018 37.017 7.048 0.000 0.000 0.000 0.000 0.000 0.000 0.000 0.000 0.000 0.000 0.000 0.000 23.620 48.618 51.618 67.617 69.617 69.616 69.615 73.614 72.612 69.610 69.609 70.607 61.606 64.605 0.000 0.000 0.000 0.000 0.000 0.000 0.000 0.000 0.000 25.923 34.923 0.000 0.000 84.673 47.670 29.663 60.654 68.642 68.628 68.611 71.593 70.572 50.551 33.530 31.508 29.488 32.467 33.448 41.429 46.411 35.394 35.378 40.363 45.348 51.335 56.322 60.310 64.298
76.339 55.273 0.000 0.000 82.100 74.083 61.076 43.074 10.080 0.000 0.000 0.000 0.000 0.000 0.000 0.000 0.000 0.000 0.000 0.000 0.000 0.000 9.614 53.614 69.613 69.613 69.612 69.611 71.610 70.609 69.607 69.606 70.605 58.604 68.603 0.000 0.000 0.000 0.000 0.000 0.000 0.000 0.000 0.000 0.000 1.922 9.922 0.000 21.666 37.659 30.652 60.643 68.632 68.619 69.603 69.584 69.563 62.540 38.518 34.496 32.475 29.454 50.434 62.415 68.397 52.380 45.364 41.349 39.335 36.321 36.308 36.297 64.285
52.413 0.000 0.000 79.271 79.165 77.125 68.128 53.124 9.117 0.000 0.000 0.000 0.000 0.000 0.000 0.000 0.000 0.000 0.000 0.000 0.000 0.000 35.610 58.610 70.609 69.609 69.608 70.607 69.607 69.606 69.604 69.603 70.602 63.602 28.601 0.000 0.000 0.000 0.000 0.000 0.000 0.000 0.000 0.000 0.000 0.000 0.000 0.000 0.000 34.650 33.641 51.634 66.624 69.613 63.597 59.578 65.555 56.530 39.506 38.484 47.462 42.441 65.420 69.401 68.382 66.365 66.349 63.334 61.320 58.307 54.295 46.283 66.272
79.457 69.457 75.430 31.376 0.000 0.000 74.187 48.177 9.147 0.000 11.352 0.000 0.000 0.000 0.000 0.000 0.000 0.000 0.000 0.000 0.000 0.000 51.606 63.606 70.606 69.605 69.605 71.604 71.603 69.603 69.602 69.601 68.600 64.599 13.599 0.000 0.000 0.000 0.000 0.000 0.000 0.000 0.000 0.000 0.000 0.000 0.000 0.000 0.000 0.000 22.630 48.626 66.619 67.610 48.597 51.574 53.549 50.517 35.493 32.471 55.449 64.426 68.405 70.385 70.366 71.349 69.333 69.319 70.305 69.292 70.280 70.269 69.258
81.501 73.484 78.457 29.428 0.000 0.000 65.256 13.250 0.000 0.000 43.352 6.352 0.000 0.000 0.000 0.000 0.000 0.000 0.000 0.000 0.000 0.000 54.602 66.602 70.602 69.602 69.602 70.601 70.601 69.600 69.599 70.598 66.597 61.597 11.596 0.000 0.000 0.000 0.000 0.000 0.000 0.000 0.000 0.000 0.000 0.000 0.000 0.000 14.620 16.621 27.623 43.621 65.617 67.611 13.606 0.000 0.000 40.498 34.479 29.459 43.437 62.411 68.388 70.367 70.349 70.332 68.317 68.303 69.289 68.277 68.265 69.254 69.244
73.562 73.522 73.485 71.452 58.424 44.384 37.331 36.318 32.339 35.348 38.352 38.352 10.352 0.000 0.000 0.000 0.000 0.000 15.588 17.588 0.000 7.599 53.599 67.599 69.599 69.599 69.599 69.598 69.598 69.597 69.596 69.596 51.595 46.594 44.593 39.591 3.590 0.000 0.000 0.000 0.000 0.000 0.000 0.000 0.000 0.000 0.000 0.000 18.619 44.619 35.620 39.618 59.616 60.612 33.610 0.000 0.000 0.000 31.464 36.450 35.427 54.394 67.369 68.348 68.330 68.314 68.299 68.285 68.273 68.261 68.250 68.239 68.229
73.600 73.554 73.511 72.471 69.435 71.398 45.366 24.351 62.351 35.354 39.355 15.353 0.000 0.000 0.000 0.000 0.000 0.000 15.588 61.588 10.588 0.000 52.596 66.596 70.596 69.596 71.596 72.596 70.595 69.595 69.594 67.593 60.593 51.592 52.591 51.590 4.590 0.000 0.000 0.000 0.000 0.000 0.000 0.000 0.000 0.000 0.000 0.000 12.619 47.618 39.618 46.617 61.615 56.613 62.612 0.000 0.000 0.000 0.000 0.000 0.000 44.370 67.345 68.326 68.310 68.294 68.280 68.267 68.256 68.244 68.234 68.224 68.214
73.632 73.586 74.533 76.486 73.445 73.409 72.383 73.368 64.362 42.361 14.360 0.000 0.000 0.000 0.000 0.000 0.000 0.000 2.588 54.588 41.589 31.590 47.592 69.593 69.594 69.594 69.594 69.594 69.593 69.593 69.592 69.591 67.590 46.590 50.589 57.588 0.587 0.000 0.000 0.000 0.000 0.000 0.000 0.000 0.000 0.000 0.000 0.000 8.618 59.618 3.617 26.616 49.614 56.613 17.613 0.000 0.000 0.000 0.000 0.000 0.000 0.000 56.315 69.303 68.288 68.274 68.261 68.249 68.238 68.227 68.217 68.208 68.199
76.667 72.623 69.551 71.496 74.451 74.411 76.389 73.376 71.370 58.366 7.365 0.000 0.000 0.000 0.000 0.000 0.000 0.000 0.000 10.588 45.588 37.589 53.590 71.591 69.591 69.592 69.592 69.591 69.591 69.591 69.590 69.589 70.588 59.588 46.587 50.585 56.584 0.000 0.000 0.000 0.000 0.000 0.000 0.000 0.000 0.000 0.000 0.000 0.000 4.618 0.000 0.000 34.614 53.613 0.000 0.000 0.000 0.000 0.000 0.000 0.000 0.000 44.299 65.282 68.265 68.252 68.240 68.229 68.219 68.210 68.201 68.192 68.183
69.708 30.687 0.000 0.000 0.000 66.395 71.387 77.379 73.373 62.370 12.369 0.000 46.371 16.371 0.000 0.000 0.000 0.000 0.000 0.000 37.588 41.588 62.589 70.589 71.590 72.590 69.590 69.590 69.589 69.589 69.588 69.588 69.587 70.586 49.585 31.584 40.582 1.581 0.000 0.000 0.000 0.000 0.000 0.000 0.000 0.000 0.000 0.000 0.000 0.000 0.000 0.000 23.613 56.613 0.000 0.000 0.000 0.000 0.000 0.000 0.000 0.000 0.000 45.261 65.240 68.228 68.218 68.209 68.201 68.192 68.184 68.176 68.167
64.743 21.731 0.000 0.000 41.387 39.387 56.383 75.379 72.375 57.372 38.371 42.371 46.371 12.371 0.000 0.000 0.000 0.000 8.583 0.000 38.586 49.587 69.587 69.588 72.588 72.588 69.588 69.588 69.588 69.587 69.587 69.586 69.585 70.584 66.583 61.582 50.581 30.579 24.578 0.000 0.000 0.000 0.000 0.000 0.000 0.000 0.000 0.000 0.000 0.000 0.000 0.000 25.613 17.613 0.000 0.000 0.000 0.000 0.000 0.000 0.000 0.000 0.000 0.000 50.207 66.201 68.195 68.189 68.182 68.175 68.168 68.160 68.152
70.770 51.763 23.769 0.000 0.000 41.384 41.381 63.378 75.375 53.373 40.372 45.372 23.371 0.000 0.000 0.000 0.000 0.000 37.583 30.584 35.585 52.586 71.586 71.587 72.587 69.587 69.587 69.587 69.587 69.586 69.586 69.585 69.584 69.583 69.582 71.580 60.579 48.578 37.576 38.575 31.574 22.573 27.573 0.000 0.000 0.000 0.000 0.000 0.000 0.000 0.000 0.000 28.613 3.613 0.000 0.000 0.000 0.000 0.000 0.000 0.000 0.000 0.000 0.000 35.178 63.176 67.173 68.168 68.164 68.158 68.152 68.145 68.137
73.789 64.781 17.775 0.000 0.000 0.000 40.379 45.376 72.375 60.373 41.372 44.372 19.372 0.000 0.000 0.000 0.000 0.000 40.583 33.583 36.584 54.585 73.585 72.586 70.586 70.586 69.586 69.586 69.586 69.585 69.585 70.584 70.583 70.582 64.580 55.579 59.578 66.577 59.575 57.574 45.573 32.573 39.573 0.000 0.000 0.000 0.000 0.000 0.000 0.000 0.000 0.000 0.000 0.000 0.000 0.000 0.000 0.000 0.000 0.000 0.000 0.000 0.000 0.000 27.152 58.152 68.151 70.149 70.146 70.142 69.137 68.130 68.122
73.804 48.799 0.000 0.000 0.000 0.000 0.000 47.375 60.374 54.373 53.373 50.372 40.372 18.372 0.000 0.000 0.000 0.000 39.583 32.583 37.583 52.584 64.584 61.585 56.585 58.586 63.586 68.586 70.585 70.585 68.584 58.583 56.582 61.581 50.579 47.578 47.577 58.576 62.575 57.574 43.573 32.572 4.572 0.000 0.000 0.000 0.000 0.000 0.000 0.000 0.000 0.000 0.000 0.000 0.000 0.000 0.000 0.000 0.000 0.000 0.000 0.000 0.000 0.000 15.127 40.129 46.131 48.131 48.130 49.127 58.123 67.117 68.109
72.815 38.812 0.000 0.000 0.000 0.000 0.000 42.374 36.374 35.373 43.373 43.372 43.372 39.372 12.372 0.000 0.000 0.000 44.582 39.582 44.582 54.583 57.583 60.584 18.585 0.000 0.000 9.585 70.585 67.584 56.583 11.583 0.000 0.000 49.578 81.576 74.575 53.575 59.574 53.573 42.572 27.572 30.572 0.000 0.000 0.000 0.000 0.000 0.000 0.000 0.000 0.000 0.000 0.000 0.000 0.000 0.000 0.000 11.056 1.056 19.056 40.060 51.067 50.079 68.099 76.108 77.112 75.114 77.115 64.114 47.112 65.107 68.098
70.823 35.821 0.000 0.000 0.000 0.000 0.000 42.374 38.373 17.373 0.000 0.000 0.000 0.000 0.000 0.000 0.000 0.000 50.581 44.581 39.582 35.582 21.582 0.000 0.000 0.000 0.000 0.000 0.000 0.000 43.582 5.582 0.000 0.000 0.000 44.575 77.574 37.574 38.573 37.572 33.572 36.571 83.571 42.571 0.000 0.000 0.000 0.000 0.000 0.000 0.000 0.000 0.000 0.000 0.000 0.000 10.036 1.036 0.000 0.000 5.053 87.057 83.063 65.072 66.083 63.090 64.095 86.099 79.101 65.102 45.103 54.100 53.091
56.829 37.827 31.828 0.000 0.000 0.000 0.000 0.000 40.373 24.373 0.000 0.000 0.000 0.000 0.000 0.000 0.000 0.000 50.581 50.581 51.581 34.581 9.581 0.000 0.000 0.000 0.000 0.000 0.000 0.000 39.581 16.581 0.000 0.000 0.000 43.574 92.573 56.573 59.572 54.572 39.571 57.571 111.571 108.570 39.570 0.000 0.000 0.000 0.000 0.000 0.000 0.000 0.000 0.000 0.000 0.000 0.011 18.036 8.038 6.041 15.046 90.051 57.056 65.062 56.069 37.075 48.081 91.085 57.088 44.092 51.098 5.099 0.000
40.832 40.830 26.829 0.000 0.000 0.000 0.000 0.000 0.000 0.000 0.000 0.000 0.000 0.000 0.000 0.000 0.000 0.000 53.580 44.580 38.580 36.580 10.581 0.000 0.000 0.000 0.000 0.000 0.000 36.580 29.580 54.581 50.580 0.000 2.573 49.573 55.573 47.572 90.571 79.571 50.571 3.571 67.570 122.570 6.570 0.000 0.000 0.000 0.000 0.000 0.000 0.000 0.000 0.000 0.001 0.003 69.035 107.036 98.036 94.038 41.041 85.044 53.047 42.052 89.057 70.062 90.067 71.071 41.076 49.080 0.000 0.000 0.000
43.833 44.831 36.831 0.000 0.000 0.000 0.000 0.000 0.000 0.000 0.000 0.000 0.000 0.000 0.000 0.000 0.000 0.000 7.580 48.580 38.580 16.580 0.000 0.000 0.000 0.000 0.000 0.000 0.000 38.580 35.580 11.580 0.000 0.000 0.000 23.573 2.573 0.000 3.570 45.569 1.570 0.000 23.570 89.570 44.570 0.000 0.000 0.000 0.000 0.000 0.000 0.000 0.000 0.000 0.000 0.000 25.035 5.035 69.034 73.034 24.035 85.037 62.039 35.041 53.045 103.049 117.053 51.058 39.064 6.072 0.000 0.000 14.942
42.834 43.832 43.831 47.831 39.830 0.000 0.000 0.000 0.000 0.000 0.000 0.000 0.000 0.000 0.000 0.000 0.000 0.000 0.000 38.579 34.579 18.579 0.000 0.000 0.000 0.000 0.000 0.000 39.580 36.580 13.580 0.000 0.000 0.000 0.000 0.000 0.000 0.000 0.000 49.567 0.000 0.000 23.570 0.000 0.000 0.000 0.000 0.000 0.000 0.000 0.000 0.000 0.000 0.000 0.000 0.000 0.000 0.000 45.030 64.030 23.029 87.029 67.029 37.030 86.032 89.036 84.040 92.044 56.049 0.000 0.000 0.000 28.933
44.833 22.832 33.831 42.830 42.830 42.830 41.829 0.000 0.000 0.000 0.000 0.000 0.000 0.000 0.000 0.000 0.000 0.000 0.000 40.579 36.579 20.579 0.000 0.000 0.000 0.000 0.000 0.000 0.000 42.580 14.580 0.000 0.000 0.000 0.000 0.000 0.000 1.564 13.564 36.564 40.564 17.564 0.000 0.000 0.000 0.000 0.000 0.000 0.000 0.000 0.000 0.000 0.000 0.000 0.000 0.000 0.000 0.000 48.027 68.026 28.024 88.020 73.018 87.018 87.019 46.022 39.025 84.030 33.040 0.000 0.000 29.911 37.919
49.832 0.000 0.000 39.830 28.830 0.000 41.829 31.829 0.000 0.000 0.000 0.000 0.000 0.000 0.000 0.000 0.000 0.000 0.000 39.578 36.578 24.578 0.000 0.000 0.000 0.000 0.000 0.000 0.000 0.000 0.000 0.000 0.000 0.000 0.000 0.000 0.000 0.000 52.563 69.563 30.563 0.000 0.000 0.000 0.000 0.000 0.000 0.000 0.000 0.000 0.000 0.000 0.000 0.000 0.000 0.000 0.000 0.000 83.025 69.023 30.019 88.011 85.006 77.005 69.005 55.006 56.009 25.012 0.000 0.000 13.899 32.904 39.908
46.830 0.000 0.000 26.830 18.830 0.000 0.000 0.000 0.000 50.803 46.803 37.803 0.000 0.000 0.000 0.000 0.000 0.000 0.000 43.578 39.578 21.578 0.000 0.000 0.000 0.000 0.000 0.000 0.000 0.000 0.000 0.000 0.000 0.000 0.000 0.000 0.000 0.000 15.563 99.563 65.563 0.000 0.000 0.000 0.000 0.000 0.000 0.000 0.000 0.000 0.000 0.000 0.000 0.000 0.000 0.000 0.000 0.000 15.025 0.000 0.000 61.996 102.992 81.990 80.989 78.990 81.993 29.997 0.000 0.000 17.895 31.896 32.898
62.827 0.000 0.000 0.000 0.000 48.810 35.810 0.000 46.804 40.803 40.803 32.802 0.000 0.000 0.000 0.000 0.000 0.000 0.000 43.578 38.578 26.578 0.000 0.000 0.000 0.000 0.000 0.000 0.000 0.000 0.000 0.000 0.000 0.000 0.000 0.000 0.000 0.000 0.000 43.562 35.562 6.561 0.000 0.000 0.000 0.000 0.000 0.000 0.000 0.000 0.000 0.000 0.000 0.000 0.000 0.000 0.000 0.000 0.000 0.000 0.000 8.986 44.976 45.973 43.972 43.973 40.976 36.987 0.000 0.000 10.889 31.889 29.890
73.823 62.820 44.818 45.815 44.813 38.811 39.809 40.807 38.805 43.804 42.803 33.802 30.802 0.000 0.000 0.000 0.000 0.000 0.000 30.578 0.000 0.000 0.000 0.000 0.000 0.000 0.000 0.000 0.000 0.000 0.000 0.000 0.000 0.000 0.000 0.000 0.000 0.000 0.000 0.000 42.561 5.561 0.000 0.000 0.000 0.000 0.000 0.000 0.000 0.000 0.000 0.000 0.000 0.000 0.000 0.000 0.000 0.000 0.000 0.000 0.000 0.000 32.954 31.954 31.953 47.952 42.951 0.000 0.000 0.000 3.882 44.882 56.881
73.821 67.819 37.817 37.816 37.814 20.811 21.809 25.807 35.805 44.803 41.802 33.802 36.802 25.801 0.000 0.000 0.000 0.000 0.000 0.000 0.000 0.000 0.000 0.000 0.000 0.000 0.000 0.000 0.000 0.000 0.000 0.000 0.000 0.000 0.000 0.000 0.000 0.000 0.000 0.000 0.000 45.560 4.560 0.000 0.000 0.000 0.000 0.000 0.000 0.000 0.000 0.000 0.000 0.000 0.000 0.000 0.000 0.000 0.000 0.000 24.916 27.921 31.932 31.935 33.935 52.932 42.926 25.912 0.000 0.000 39.877 60.875 67.873
73.819 71.818 41.817 38.816 18.815 0.000 0.000 0.000 0.000 35.803 38.802 36.801 29.801 0.000 0.000 0.000 0.000 0.000 0.000 0.000 0.000 0.000 0.000 0.000 0.000 0.000 0.000 0.000 0.000 0.000 0.000 0.000 0.000 0.000 0.000 0.000 0.000 0.000 0.000 0.000 0.000 48.560 10.560 0.000 0.000 0.000 0.000 0.000 0.000 0.000 0.000 0.000 0.000 0.000 0.000 0.000 0.000 0.000 0.000 0.000 35.912 32.914 31.919 27.920 40.919 57.916 41.909 30.899 25.885 25.876 49.872 66.869 67.866
73.818 71.817 24.817 28.816 0.000 0.000 0.000 0.000 0.000 0.000 26.801 39.801 31.800 0.000 0.000 0.000 0.000 0.000 0.000 0.000 0.000 0.000 0.000 0.000 0.000 0.000 0.000 0.000 0.000 0.000 0.000 0.000 0.000 0.000 0.000 0.000 0.000 0.000 0.000 0.000 0.000 0.000 16.560 0.000 0.000 0.000 0.000 0.000 0.000 0.000 0.000 0.000 4.890 12.890 0.000 0.000 0.000 0.000 0.000 29.901 27.904 26.906 31.908 45.908 58.906 48.902 32.896 30.888 32.879 29.872 50.867 68.863 67.859
73.816 47.817 0.000 0.000 0.000 0.000 0.000 0.000 0.000 0.000 0.000 29.800 36.800 34.799 0.000 0.000 0.000 0.000 0.000 0.000 0.000 0.000 0.000 0.000 0.000 0.000 0.000 0.000 0.000 0.000 0.000 0.000 0.000 0.000 0.000 0.000 0.000 0.000 0.000 0.000 0.000 0.000 0.000 0.000 0.000 0.000 0.000 0.000 0.000 0.000 0.000 0.000 0.000 5.891 7.891 0.000 34.893 26.893 24.895 36.897 50.899 55.899 57.899 57.897 43.894 31.890 30.885 30.879 29.872 31.866 54.861 69.856 67.852
