results2_8e3_rain/res_3e8f-0067.wd
ncols         241
nrows         181
xllcorner     12693529.787448
yllcorner     3542525.717860
cellsize      155.156523
NODATA_value  -9999.000000
[rows 96 to 127 of 181, columns 74 to 147 of 241]
53.452 53.444 53.439 52.438 51.440 53.446 56.456 64.468 23.481 0.000 0.000 0.000 0.000 39.069 54.126 55.198 41.279 43.383 69.382 86.386 90.353 90.566 88.623 96.431 96.308 90.282 89.972 89.818 89.710 89.606 89.506 89.408 92.311 77.217 6.129 0.000 0.000 0.000 0.000 0.000 0.000 18.667 25.545 24.425 22.315 50.200 11.026 0.000 0.000 23.916 28.767 28.658 28.571 26.501 21.445 22.402 22.370 22.349 24.340 0.000 28.405 0.000 0.000 0.000 0.000 0.000 0.000 25.442 54.442 54.441 54.439 54.437 54.435 52.432
53.465 53.458 53.453 52.451 51.451 55.454 59.460 63.466 21.471 0.000 0.000 0.000 0.000 19.141 62.214 57.295 63.397 76.488 85.529 89.542 90.595 89.785 96.648 96.543 89.632 90.401 90.053 89.965 89.856 89.754 89.654 93.553 56.442 28.329 0.000 0.000 0.000 0.000 0.000 0.000 21.224 25.971 24.783 26.655 23.559 47.493 0.000 0.000 19.317 26.065 41.857 30.715 27.614 23.539 21.482 21.440 22.409 22.391 22.386 27.401 23.406 14.405 0.000 0.000 0.000 21.430 23.431 22.434 54.435 54.435 54.434 54.432 54.431 52.430
53.476 53.468 53.463 51.460 53.460 59.461 60.463 58.466 45.468 6.467 0.000 0.000 0.000 0.000 15.292 11.371 51.526 82.644 86.702 90.701 90.916 89.079 96.743 88.957 90.730 90.290 90.220 92.103 90.998 89.898 89.804 95.707 18.574 0.000 0.000 0.000 0.000 0.000 2.877 41.754 41.477 29.210 25.960 36.852 31.774 32.721 0.000 0.000 17.568 22.172 32.882 28.732 32.632 26.560 29.506 28.466 25.437 22.419 21.411 21.411 27.411 0.000 0.000 0.000 0.000 18.430 18.429 28.430 54.430 54.429 54.429 54.428 54.428 28.429
53.484 53.477 52.472 52.468 57.466 60.466 57.465 53.466 53.467 47.466 3.466 0.000 0.000 0.000 0.000 0.000 9.693 67.860 92.910 90.958 90.156 96.903 96.828 89.930 90.622 90.463 90.348 91.238 91.133 90.038 93.956 52.898 0.000 0.000 0.000 0.000 0.000 0.000 14.001 39.907 51.722 19.432 1.143 31.018 33.963 31.897 35.820 32.597 30.216 0.074 23.767 27.698 42.623 48.563 51.516 49.481 44.455 37.438 32.428 27.423 5.417 0.000 0.000 0.000 0.000 0.000 17.426 29.426 53.425 54.425 54.424 54.423 52.423 0.000
53.490 52.484 50.478 54.475 59.472 60.470 60.467 54.466 51.466 56.466 56.466 17.466 0.000 13.119 43.093 20.056 0.011 56.199 96.121 91.399 91.437 96.966 89.260 91.043 90.690 90.596 90.479 90.366 90.260 92.164 91.084 27.030 0.000 0.000 0.000 0.000 0.000 0.000 18.220 24.150 35.071 0.000 0.000 26.209 34.164 33.086 36.964 36.756 7.486 0.000 18.719 32.672 37.599 58.551 59.515 59.487 60.465 61.450 59.440 40.436 0.000 0.000 0.000 0.000 0.000 0.000 16.424 29.422 53.421 54.420 54.420 54.419 47.418 7.418
52.495 52.489 55.484 58.480 59.477 34.476 0.000 27.466 63.466 36.466 10.466 2.466 0.000 24.145 74.105 71.019 62.840 81.537 92.639 89.612 97.053 90.558 91.359 90.920 90.848 90.724 90.606 90.488 91.375 89.275 77.187 24.109 0.000 0.000 0.000 0.000 0.000 21.687 28.508 26.404 27.343 0.470 0.000 32.446 50.398 43.317 38.197 12.976 0.000 0.000 1.719 0.000 31.549 56.529 60.507 58.486 58.469 58.456 60.448 33.444 27.445 27.445 33.445 0.000 0.000 0.000 0.000 28.417 53.417 54.416 54.415 54.415 37.414 0.000
51.498 56.493 59.488 59.484 59.482 24.480 0.000 0.000 6.466 0.000 0.000 0.000 0.000 17.210 80.164 86.075 93.939 93.818 90.900 97.427 97.195 90.536 91.243 91.088 90.972 90.854 90.732 90.605 96.477 46.374 14.281 0.000 0.000 0.000 0.000 0.000 13.015 30.865 26.723 26.614 25.546 31.552 0.000 25.731 51.664 50.590 48.529 0.000 0.000 0.000 0.000 0.000 29.520 58.510 62.497 59.482 58.469 56.459 45.451 26.447 22.446 23.445 7.445 0.000 0.000 0.000 0.000 24.414 53.413 54.412 54.411 50.410 17.409 22.405
57.501 59.496 59.491 57.488 63.485 33.483 0.000 0.000 0.000 0.000 0.000 0.000 0.000 28.322 86.265 89.184 93.026 92.217 92.195 97.634 89.944 91.644 91.313 91.221 91.105 90.988 94.864 100.723 55.555 24.464 0.000 0.000 0.000 0.000 0.000 14.284 37.165 31.036 23.905 28.784 32.675 29.565 27.377 41.084 44.937 34.849 42.801 0.000 0.000 0.000 0.000 0.000 35.501 59.496 64.488 63.478 59.467 54.458 23.452 21.448 22.446 29.446 0.000 0.000 0.000 0.000 18.410 22.411 51.410 54.409 54.408 48.407 19.405 18.403
59.502 59.498 58.494 36.491 2.486 21.484 23.484 0.000 0.000 0.000 0.000 0.000 19.607 72.488 86.401 89.287 91.418 92.397 97.997 97.823 90.932 91.629 91.463 91.352 91.240 95.128 57.014 16.868 0.000 34.464 20.464 0.000 0.000 0.000 0.000 22.404 56.325 47.209 42.078 36.943 37.805 35.657 36.482 49.291 43.153 27.067 29.026 0.000 0.000 0.000 0.000 0.000 35.486 63.484 28.482 26.474 58.462 61.455 31.450 22.447 27.446 0.000 0.000 0.000 0.000 0.000 0.000 18.409 36.407 52.406 55.405 48.404 19.403 18.401
59.504 55.500 59.497 41.494 0.000 12.484 42.484 0.000 0.000 0.000 0.000 9.826 71.726 85.626 91.535 91.488 91.609 98.306 98.156 90.282 92.050 91.694 91.600 91.483 91.373 95.272 67.194 0.000 0.000 4.464 7.464 0.000 0.000 0.000 0.000 9.603 41.522 46.398 56.256 52.104 39.944 42.776 51.605 46.443 34.319 26.240 27.211 1.308 2.325 0.000 0.000 0.000 33.474 67.473 0.000 0.000 7.454 54.450 44.447 25.445 4.446 0.000 0.000 0.000 0.000 0.000 0.000 0.000 15.404 41.403 51.403 44.402 20.401 18.400
54.505 53.502 69.498 48.496 0.000 11.483 39.483 0.000 0.000 0.000 4.006 67.927 80.842 90.761 93.627 92.854 90.865 98.444 89.611 91.377 87.929 89.852 91.726 91.611 92.498 86.392 76.296 24.296 0.000 0.000 0.000 0.000 0.000 0.000 0.000 31.883 36.760 36.607 38.444 47.273 50.092 52.900 46.717 33.558 27.439 26.364 25.332 29.348 14.336 0.000 0.000 0.000 22.464 59.461 25.454 14.450 6.449 49.445 55.443 35.441 0.000 0.000 0.000 0.000 0.000 0.000 0.000 0.000 10.402 34.401 39.400 26.400 18.399 18.398
60.505 56.504 0.000 0.000 0.000 2.483 2.483 0.000 0.000 0.000 5.084 84.034 85.966 93.863 93.013 92.015 98.688 98.571 91.578 91.259 91.094 90.972 89.853 90.734 92.618 49.502 0.425 0.000 0.000 0.000 0.000 0.000 1.388 18.004 32.718 43.287 40.030 38.825 35.639 36.453 39.251 51.015 51.805 43.634 32.517 25.444 25.407 27.398 0.000 0.000 0.000 0.000 7.456 49.453 27.450 23.449 23.446 55.440 58.437 41.435 4.431 0.000 37.424 0.000 0.000 0.000 0.000 0.000 13.400 37.399 32.398 18.398 18.398 17.398
62.506 49.505 0.000 0.000 0.000 0.000 11.483 0.000 0.000 0.000 71.213 81.161 93.090 93.068 92.193 98.894 98.795 90.908 92.674 92.319 92.220 92.097 91.976 93.856 43.737 0.000 0.000 0.000 0.000 0.000 0.000 16.918 33.620 46.216 41.863 40.518 40.247 40.026 40.834 38.651 37.443 11.104 29.855 54.656 36.551 24.488 27.453 25.441 13.448 0.000 0.000 0.000 8.452 41.447 19.445 0.000 0.000 11.434 48.432 37.430 46.428 53.425 12.424 0.000 0.000 0.000 0.000 0.000 0.000 28.396 26.396 19.396 21.397 19.397
54.506 53.505 29.504 0.000 0.000 0.000 0.000 0.000 0.000 24.519 84.394 91.307 93.206 93.344 91.445 98.985 91.211 92.985 92.543 92.467 92.341 93.221 94.099 55.978 0.000 0.000 0.000 0.000 0.000 0.000 36.632 47.217 42.799 41.377 41.001 40.676 40.412 40.198 40.021 39.874 48.765 0.000 0.000 22.585 31.542 23.504 32.478 32.464 14.456 0.000 0.000 0.000 0.000 25.440 62.437 30.432 0.000 4.428 49.428 43.426 34.425 34.423 0.000 0.000 0.000 0.000 0.000 0.000 0.000 7.394 18.394 19.394 0.000 0.000
0.505 56.504 54.504 43.504 2.504 0.000 0.000 0.000 15.757 74.645 88.536 94.442 93.398 92.528 99.140 99.067 92.166 92.857 92.699 92.582 93.466 95.345 56.222 0.000 0.000 0.000 0.000 0.000 23.966 34.639 46.047 42.519 41.983 38.492 38.089 37.774 38.528 40.334 40.179 43.059 19.980 0.000 0.000 2.558 27.530 26.507 44.490 40.481 0.000 0.000 0.000 0.000 0.000 9.435 54.431 66.428 23.425 49.424 63.424 55.423 31.422 24.421 0.000 0.000 0.000 0.000 0.000 0.000 0.000 13.393 19.393 23.393 0.000 0.000
0.000 58.504 48.504 55.504 47.504 8.505 0.046 8.970 75.869 84.766 94.674 93.520 93.754 91.752 99.202 91.469 93.254 92.907 92.817 93.703 94.596 48.470 0.000 0.000 0.000 0.000 0.000 36.646 47.294 44.903 43.397 44.830 44.122 49.522 54.087 48.804 41.593 35.429 39.302 45.203 3.116 0.000 0.000 0.000 30.514 31.504 53.495 41.490 0.000 0.000 0.000 0.000 0.000 0.000 49.425 58.424 63.422 59.421 59.421 63.420 47.419 26.417 27.415 0.000 0.000 0.000 0.000 0.000 15.391 20.391 18.391 23.391 0.000 0.000
0.000 26.503 77.503 40.503 0.000 0.000 14.154 74.071 78.981 92.894 93.750 93.984 91.876 99.289 91.739 93.542 93.111 93.047 93.930 90.818 45.744 0.000 0.000 0.000 0.000 0.000 39.326 46.999 44.662 44.282 47.811 22.281 0.721 2.343 18.933 44.761 46.612 47.490 39.396 40.335 1.318 0.000 0.000 0.000 11.507 29.501 36.496 35.494 0.000 0.000 0.000 0.000 0.000 0.000 40.420 53.420 58.419 59.418 60.418 56.417 52.416 37.415 25.412 29.410 35.409 0.000 0.000 0.000 0.000 18.390 19.390 21.390 0.000 0.000
0.000 3.503 78.503 65.503 0.000 0.000 21.238 82.177 90.100 93.991 95.133 95.121 99.628 99.420 92.695 93.405 93.260 93.155 88.046 77.894 28.819 0.000 0.000 0.000 28.175 36.997 48.654 45.360 45.074 48.753 26.282 0.000 0.000 0.000 4.770 42.695 39.605 43.522 49.457 49.417 27.415 0.000 0.000 0.000 0.000 31.498 25.496 32.495 0.000 0.000 0.000 0.000 0.000 2.416 27.416 44.416 58.416 53.415 46.415 48.416 9.415 34.413 43.410 36.409 32.408 0.000 0.000 0.000 0.000 0.000 13.389 18.388 23.387 0.000
0.000 0.000 6.503 55.503 0.000 9.487 75.384 87.302 94.222 94.183 94.311 100.002 99.820 91.997 93.788 93.448 93.370 86.276 52.204 0.000 0.000 0.000 0.732 46.536 40.353 48.163 45.932 45.713 46.521 24.376 0.000 0.000 0.000 0.000 3.682 45.645 39.591 39.537 41.492 45.463 47.452 0.000 0.000 0.000 0.000 12.496 31.495 6.495 0.000 0.000 0.000 0.000 0.000 0.000 23.413 34.413 41.413 33.413 30.413 0.000 0.000 0.000 27.408 31.407 40.406 0.000 0.000 0.000 0.000 0.000 7.388 18.387 19.387 0.000
0.000 0.000 0.000 0.000 9.672 78.591 83.506 94.432 94.306 95.539 95.565 100.172 92.309 94.081 93.642 93.575 83.468 72.375 36.289 0.000 0.000 0.000 40.853 62.701 47.538 39.371 47.198 45.041 47.920 17.854 0.000 0.000 0.000 0.000 34.631 41.611 40.578 40.542 37.511 33.490 35.479 0.000 0.000 0.000 0.000 0.000 38.494 0.000 0.000 0.000 0.000 0.000 0.000 0.000 25.411 24.411 23.410 21.410 27.410 0.000 0.000 0.000 2.406 25.405 43.404 0.000 0.000 0.000 0.000 0.000 0.000 11.387 24.386 37.386
0.000 0.000 0.000 0.000 81.754 80.697 94.627 94.529 95.682 95.707 100.481 100.331 93.267 94.944 92.781 78.659 67.560 41.467 0.000 0.000 0.000 35.178 53.024 52.876 59.729 47.584 37.448 43.334 53.263 56.267 19.424 0.000 0.000 0.000 46.602 40.589 40.568 39.544 35.522 29.505 30.497 0.000 0.000 0.000 0.000 0.000 11.492 19.492 0.000 0.000 0.000 0.000 0.000 3.409 27.409 21.409 22.408 22.408 24.407 7.406 0.000 0.000 0.000 12.404 33.402 11.400 0.000 0.000 0.000 0.000 0.000 6.386 2.386 0.000
0.000 0.000 0.000 20.981 81.891 93.819 94.747 95.718 97.863 100.760 100.623 92.587 94.343 90.988 79.881 68.727 40.643 0.000 0.000 0.000 37.473 58.331 44.190 36.051 49.916 61.789 49.676 52.585 53.531 40.526 46.582 25.653 0.000 6.583 38.585 34.577 41.562 36.544 28.527 27.513 31.506 0.000 0.000 0.000 0.000 0.000 0.000 38.491 0.000 0.000 0.000 0.000 0.000 0.000 9.408 24.407 22.406 22.406 22.405 30.405 0.000 0.000 0.000 0.000 14.400 25.399 31.398 0.000 0.000 0.000 0.000 0.000 0.000 0.000
0.000 0.000 0.000 64.071 90.011 95.947 94.829 95.067 93.115 100.891 92.879 94.636 89.199 78.125 52.999 0.000 0.000 0.000 0.000 37.737 58.615 45.485 34.353 34.222 36.097 46.982 61.881 52.801 37.748 45.725 47.725 21.725 0.000 3.580 63.579 50.571 39.559 33.543 29.528 26.514 27.508 21.506 0.000 0.000 0.000 0.000 0.000 17.491 0.000 0.000 0.000 0.000 0.000 0.000 0.000 26.405 22.405 22.404 22.404 24.403 8.402 0.000 0.000 0.000 0.000 22.397 25.397 0.000 0.000 0.000 0.000 0.000 0.000 0.000
0.000 0.000 67.329 64.222 70.143 85.045 96.200 93.239 101.133 101.015 93.813 89.494 78.341 57.230 0.000 0.000 19.866 0.000 0.000 62.859 45.765 34.643 35.514 34.387 37.268 51.159 60.066 60.991 44.937 40.900 51.868 25.796 0.000 0.000 0.000 7.571 0.000 0.000 0.000 30.509 37.506 38.505 24.504 0.000 0.000 0.000 0.000 0.000 0.000 0.000 0.000 0.000 0.000 0.000 0.000 26.403 25.404 28.404 23.403 20.402 29.402 0.000 0.000 0.000 2.395 36.396 41.396 0.000 0.000 0.000 0.000 0.000 0.000 0.000
0.000 6.529 68.437 65.345 66.264 76.231 92.379 101.358 101.247 93.099 89.859 77.525 51.445 0.000 0.000 36.914 35.866 17.784 1.568 51.074 34.944 35.808 34.673 35.545 50.428 56.322 20.232 11.160 63.107 49.072 27.052 0.000 0.000 0.000 0.000 0.000 0.000 0.000 0.000 48.505 42.504 39.503 35.503 0.000 0.000 0.000 0.000 0.000 0.000 0.000 0.000 0.000 0.000 0.000 14.399 23.400 0.000 0.000 0.000 23.401 27.401 0.000 0.000 0.000 4.395 40.395 9.396 0.000 0.000 0.000 0.000 0.000 0.000 0.000
81.699 69.623 66.541 64.465 65.340 66.574 70.626 101.465 92.342 88.100 77.686 51.641 0.000 0.000 0.000 40.961 38.902 58.785 42.590 35.318 36.130 34.971 37.826 57.694 54.575 35.470 31.382 36.311 64.260 61.228 25.216 0.000 0.000 0.000 0.000 0.000 0.000 0.000 0.000 55.503 55.503 50.502 41.501 0.000 0.000 0.000 0.000 0.000 0.000 0.000 0.000 0.000 0.000 0.000 26.399 28.399 0.000 0.000 0.000 26.400 27.400 0.000 0.000 0.000 0.000 11.395 0.000 0.000 0.000 0.000 0.000 0.000 0.000 0.000
79.775 93.720 85.650 70.552 71.703 63.742 101.666 101.567 71.217 75.896 51.794 0.000 0.000 0.000 0.000 43.068 55.996 53.866 35.687 35.477 35.288 46.119 57.967 46.830 35.708 35.602 35.513 36.443 45.393 63.365 59.369 20.428 0.000 0.000 0.000 0.000 0.000 0.000 0.000 41.502 43.501 55.500 56.500 12.499 0.000 0.000 0.000 0.000 0.000 0.000 0.000 0.000 0.000 18.397 28.398 5.398 0.000 0.000 0.000 27.399 25.399 0.000 0.000 0.000 0.000 0.000 0.000 0.000 0.000 0.000 0.000 0.000 0.000 0.000
92.908 95.832 95.759 90.727 80.875 101.859 101.763 63.339 58.130 0.000 0.000 0.000 0.000 0.000 0.000 54.247 59.147 34.997 36.813 36.616 48.426 57.251 39.093 35.951 35.826 35.717 35.627 35.555 35.503 44.472 64.466 57.487 31.521 22.534 26.537 0.000 0.000 0.000 0.000 0.000 21.500 61.499 61.499 22.498 0.000 0.000 0.000 0.000 0.000 0.000 0.000 0.000 0.000 7.397 6.397 0.000 0.000 0.000 0.000 7.399 34.399 0.000 0.000 0.000 0.000 0.000 0.000 0.000 0.000 0.000 0.000 0.000 0.000 0.000
96.019 95.950 95.830 100.065 91.116 101.954 63.386 66.044 60.824 0.000 0.000 0.000 0.000 0.000 47.727 59.525 36.350 37.160 36.955 44.747 57.549 35.367 36.203 36.056 35.927 35.815 35.721 35.647 35.591 35.555 39.536 40.534 35.541 36.544 43.540 25.540 0.000 0.000 0.000 0.000 0.000 16.498 52.498 15.497 0.000 0.000 0.000 0.000 0.000 0.000 0.000 0.000 0.000 0.000 0.000 0.000 0.000 0.000 0.000 0.000 0.000 0.000 0.000 0.000 0.000 0.000 0.000 0.000 0.000 0.000 0.000 0.000 0.000 0.000
92.130 96.035 97.190 94.229 102.137 102.045 67.956 52.277 0.000 0.000 0.000 0.000 0.000 0.000 64.930 41.777 37.570 37.337 39.099 59.869 39.656 36.465 36.296 36.145 36.010 35.894 35.798 35.721 35.662 35.619 34.590 33.573 36.565 18.562 0.000 0.000 0.000 0.000 0.000 0.000 0.000 0.000 45.497 33.496 0.494 0.000 0.000 0.000 0.000 0.000 0.000 0.000 0.000 0.000 0.000 0.000 0.000 0.000 0.000 0.000 0.000 0.000 0.000 0.000 0.000 0.000 0.000 0.000 0.000 0.000 0.000 0.000 0.000 0.000
71.239 75.210 71.361 102.319 102.228 79.564 60.579 51.230 0.000 0.000 0.000 0.000 0.000 0.000 40.285 36.083 35.814 34.521 47.236 39.974 33.741 34.542 34.370 34.216 34.076 34.954 35.855 35.777 35.716 34.670 32.633 34.604 34.585 31.576 21.574 24.571 26.567 25.564 27.562 0.000 0.000 0.000 0.000 42.495 14.494 0.000 0.000 0.000 0.000 0.000 0.000 0.000 0.000 0.000 0.000 0.000 0.000 0.000 0.000 0.000 0.000 0.000 0.000 0.000 0.000 0.000 0.000 0.000 0.000 0.000 0.000 0.000 0.000 0.000
108.308 73.549 103.601 102.407 62.227 52.765 0.000 66.111 24.262 0.000 0.000 0.000 0.000 84.315 62.843 33.456 41.084 51.696 50.351 46.051 43.792 43.592 43.427 42.275 36.123 31.991 35.891 35.815 35.757 34.711 34.669 38.623 38.597 39.583 49.576 49.571 45.567 38.563 37.560 16.558 0.000 0.000 0.000 1.494 7.494 0.000 0.000 0.000 0.000 0.000 0.000 0.000 0.000 0.000 0.000 0.000 0.000 0.000 0.000 0.000 0.000 0.000 0.000 0.000 0.000 0.000 0.000 0.000 0.000 0.000 0.000 0.000 0.000 0.000
