results2_8e3_rain/res_3e8f-0057.wd
ncols         241
nrows         181
xllcorner     12693529.787448
yllcorner     3542525.717860
cellsize      155.156523
NODATA_value  -9999.000000
[rows 99 to 131 of 181, columns 0 to 73 of 241]
0.000 0.000 0.000 0.000 0.000 53.931 93.930 95.929 86.925 81.924 0.000 0.000 0.000 0.000 0.000 0.000 0.000 61.883 58.883 0.000 0.000 0.000 0.000 56.798 55.796 0.000 0.000 0.000 0.000 3.256 0.000 0.000 0.000 0.000 9.114 55.109 51.099 50.081 51.056 52.028 64.997 53.964 57.926 49.885 51.841 49.793 50.741 55.687 56.631 54.572 58.512 51.450 51.387 53.323 56.255 70.183 71.121 56.072 42.027 0.000 0.000 0.000 0.000 0.000 19.673 74.672 71.668 58.654 33.641 28.626 72.612 49.600 51.590 51.582
0.000 0.000 0.000 0.000 0.000 54.934 94.934 94.934 0.000 0.000 0.000 0.000 0.000 0.000 0.000 0.000 6.883 72.884 61.883 0.000 0.000 0.000 59.828 58.816 62.811 0.000 0.000 0.000 0.000 61.257 53.257 0.000 0.000 0.000 68.159 78.154 64.144 57.130 51.111 53.087 72.059 57.027 62.991 62.950 53.906 68.858 60.806 61.751 51.693 59.633 59.572 57.509 51.444 52.379 56.311 53.214 15.148 5.110 0.000 0.000 0.000 0.000 0.000 22.655 59.658 71.657 78.652 68.643 44.633 45.621 59.610 50.600 51.591 51.585
0.000 0.000 0.000 0.000 0.000 41.938 90.938 99.938 9.940 0.000 0.000 0.000 0.000 0.000 0.000 0.000 0.000 79.885 60.883 61.877 63.868 60.856 57.841 58.829 56.820 0.000 0.000 0.000 0.000 54.257 54.257 55.256 54.249 54.236 53.210 63.201 72.195 19.185 83.170 73.150 78.125 63.095 8.060 79.020 76.975 75.927 79.874 68.818 51.758 54.697 59.633 59.568 56.502 52.438 41.395 0.000 0.000 0.000 0.000 0.000 0.000 0.000 0.000 32.652 59.649 59.646 70.641 69.634 52.625 52.616 51.607 51.599 51.592 51.586
67.954 70.954 2.954 0.000 0.000 51.942 90.942 95.942 105.943 10.944 0.000 0.000 0.000 0.000 1.912 1.911 0.000 16.890 64.886 61.880 79.871 93.860 68.849 53.839 0.000 0.000 0.000 0.000 0.000 0.000 53.260 54.262 54.256 54.249 54.243 53.248 53.249 52.244 53.234 58.218 70.196 64.168 7.133 79.094 80.049 57.999 64.946 81.888 75.826 62.762 52.696 58.629 59.559 62.478 47.436 0.000 0.000 0.000 0.000 0.000 0.000 0.000 0.000 0.000 10.640 56.637 53.632 53.626 51.619 51.611 51.604 51.597 51.591 50.586
81.954 64.954 64.954 66.952 68.950 87.947 95.945 95.945 95.945 97.945 71.946 10.946 0.000 59.913 66.913 67.911 29.906 24.898 87.892 95.886 90.878 86.865 69.857 0.000 0.000 0.000 0.000 0.000 0.000 0.000 0.000 54.277 53.264 52.260 53.267 54.298 54.308 54.310 54.305 55.293 74.274 69.247 52.213 54.173 65.127 76.077 53.022 64.962 65.897 58.828 78.760 61.693 53.626 0.000 0.000 0.000 0.000 0.000 0.000 0.000 0.000 0.000 0.000 0.000 2.634 56.629 51.625 51.619 51.613 51.607 51.600 49.595 47.589 49.585
96.955 86.955 67.954 71.953 89.952 95.950 95.949 95.948 95.947 90.947 62.947 68.946 0.000 50.914 85.915 93.913 93.910 77.904 92.899 99.894 9.889 0.000 0.000 0.000 0.000 0.000 0.000 0.000 0.000 0.000 0.000 54.305 0.000 0.000 0.000 55.370 54.376 54.382 54.383 55.376 71.360 76.334 53.299 54.257 54.211 72.159 73.104 51.043 58.973 77.892 69.824 47.758 0.000 0.000 0.000 0.000 0.000 0.000 0.000 0.000 0.000 0.000 0.000 0.000 0.000 56.621 51.618 51.614 51.608 50.602 49.596 54.591 55.587 56.584
96.957 96.957 91.956 94.955 95.954 95.953 95.951 95.950 95.949 91.949 66.948 83.947 0.000 0.000 63.921 87.918 95.915 96.911 95.906 100.902 3.895 0.000 0.000 0.000 0.000 0.000 0.000 0.000 0.000 0.000 0.000 54.333 0.000 0.000 56.442 54.436 54.445 54.459 54.469 54.469 71.456 76.429 53.392 54.348 54.299 55.246 76.191 70.131 77.059 66.945 47.884 0.000 0.000 0.000 0.000 0.000 0.000 0.000 0.000 0.000 0.000 0.000 0.000 0.000 54.615 51.616 51.614 51.610 51.604 50.597 52.592 56.588 57.584 57.582
94.959 95.959 95.958 95.958 95.957 95.955 95.954 95.953 95.952 96.951 91.949 98.947 22.943 1.937 51.929 70.925 93.921 95.917 96.914 84.912 0.000 0.000 0.000 0.000 0.000 0.000 0.000 0.000 0.000 0.000 0.000 48.362 53.391 53.420 52.449 54.485 54.511 54.539 54.567 54.576 71.564 76.535 53.492 54.443 54.390 54.337 59.284 82.233 62.189 0.000 0.000 0.000 0.000 0.000 0.000 0.000 0.000 0.000 0.000 0.000 0.000 0.000 0.000 0.000 7.614 58.614 54.612 55.607 53.601 49.591 56.587 57.583 55.581 55.579
91.962 96.961 95.961 95.960 95.960 95.959 95.957 95.956 95.955 95.953 96.951 89.948 73.945 64.940 58.935 85.931 95.927 95.924 100.921 3.920 0.000 0.000 0.000 0.000 0.000 0.000 0.000 0.000 0.000 0.000 0.000 0.000 0.000 0.000 0.000 54.546 54.573 54.621 54.682 54.704 70.691 77.654 54.601 54.541 54.482 54.426 54.375 60.327 13.274 0.000 0.000 0.000 0.000 0.000 0.000 0.000 0.000 0.000 0.000 0.000 0.000 0.000 0.000 0.000 0.000 0.000 0.000 0.000 0.000 58.581 56.580 57.579 54.577 49.576
91.965 96.964 95.964 95.964 95.963 95.962 95.961 95.960 95.958 95.956 96.954 81.951 60.948 59.944 68.940 92.936 95.933 95.930 101.928 6.926 0.000 0.000 0.000 0.000 0.000 0.000 0.000 0.000 0.000 0.000 0.000 0.000 0.000 0.000 0.000 50.580 54.614 51.690 54.836 54.867 73.844 77.788 54.715 54.640 54.571 54.512 54.464 51.425 1.355 0.000 0.000 0.000 0.000 0.000 0.000 0.000 0.000 0.000 0.000 0.000 0.000 50.539 0.000 0.000 0.000 0.000 0.000 0.000 54.568 55.572 57.574 57.574 54.573 50.573
94.968 95.968 95.968 95.967 95.967 95.966 95.965 95.964 95.962 95.960 95.958 92.955 69.952 70.948 87.945 94.941 95.938 95.936 102.933 19.931 0.000 0.000 0.000 0.000 0.000 0.000 0.000 0.000 0.000 0.000 0.000 0.000 0.000 0.000 0.000 0.000 50.614 0.000 54.104 55.086 83.029 69.940 54.833 54.732 54.650 67.587 57.543 52.518 0.000 0.000 0.000 0.000 0.000 0.000 0.000 0.000 0.000 0.000 0.000 0.000 2.539 61.539 46.540 0.000 0.000 0.000 0.000 55.560 58.564 57.567 54.569 50.570 50.570 48.570
95.972 95.972 95.972 95.972 95.971 95.971 95.970 95.969 95.967 95.965 95.962 95.959 97.956 97.953 96.949 95.946 95.944 97.942 86.939 29.935 0.000 0.000 0.000 0.000 0.000 0.000 0.000 0.000 0.000 0.000 0.000 0.000 0.000 0.000 0.000 0.000 0.000 0.000 54.392 55.342 89.247 58.109 54.944 54.806 66.710 75.645 54.604 54.587 53.604 0.000 0.000 0.000 0.000 0.000 0.000 0.000 0.000 0.000 0.000 0.000 0.000 57.540 58.540 45.541 0.000 51.551 53.553 57.557 56.560 54.563 53.565 49.566 57.567 60.568
94.976 93.976 95.976 95.976 95.976 95.976 95.975 95.974 95.972 95.970 95.968 95.964 95.961 95.957 95.954 95.951 96.949 79.948 7.947 0.000 56.954 70.954 16.954 0.000 0.000 0.000 0.000 0.000 0.000 0.000 0.000 0.000 0.000 0.000 0.000 0.000 0.000 0.000 50.730 61.644 84.509 55.305 52.029 54.840 54.739 54.677 54.640 54.622 54.621 51.620 0.000 0.000 0.000 0.000 0.000 0.000 0.000 0.000 0.000 0.000 0.000 52.540 48.540 54.542 49.545 57.549 57.552 56.555 52.558 55.560 50.562 49.563 49.564 42.566
84.980 84.981 93.981 95.981 95.981 95.981 95.981 95.980 95.979 95.977 95.974 96.970 97.966 95.962 95.958 95.956 95.954 17.954 1.954 56.955 66.955 76.954 75.954 68.953 60.953 1.952 0.000 0.000 0.000 0.000 0.000 0.000 0.000 0.000 0.000 55.651 58.588 58.441 55.154 53.996 62.839 50.572 0.000 50.784 54.728 54.686 54.658 54.642 53.636 0.000 0.000 0.000 0.000 0.000 0.000 0.000 54.534 65.534 0.000 0.000 53.538 51.539 51.540 48.542 56.544 57.547 57.550 54.553 57.556 57.558 55.559 50.560 39.561 0.000
66.984 71.985 90.986 96.987 95.987 95.987 95.987 95.987 95.986 95.984 97.981 83.977 79.971 94.965 99.962 96.960 91.959 73.959 76.959 82.958 76.956 77.955 56.954 49.953 0.000 0.000 0.000 0.000 0.000 0.000 0.000 0.000 0.000 0.000 46.714 52.714 55.672 55.581 55.448 55.348 57.280 0.000 0.000 0.000 49.705 54.682 54.664 54.652 54.646 0.000 0.000 0.000 0.000 0.000 0.000 14.534 71.534 53.535 51.535 51.536 51.537 51.539 49.540 54.541 57.544 57.546 53.549 57.552 57.555 56.557 50.558 51.558 41.559 0.000
50.988 65.990 84.992 97.994 98.994 98.993 96.994 95.994 96.994 95.992 96.990 34.986 5.975 53.968 71.964 92.963 99.964 97.965 97.965 83.960 6.958 0.000 0.000 0.000 0.000 0.000 0.000 0.000 0.000 1.722 3.722 0.000 0.000 0.000 0.000 51.820 55.805 53.765 54.709 56.668 57.652 0.000 0.000 0.000 0.000 47.672 54.663 54.656 51.651 0.000 0.000 0.000 0.000 0.000 0.000 0.000 13.534 67.535 50.535 50.536 51.537 50.538 50.539 56.541 57.543 55.545 43.547 0.000 61.555 55.556 55.557 55.557 41.557 0.000
14.990 36.993 70.000 76.002 70.002 71.999 89.002 97.003 93.003 86.002 85.002 20.001 0.000 0.000 0.000 29.965 64.967 90.973 97.977 0.000 0.000 0.000 0.000 0.000 0.000 0.000 0.000 0.000 0.000 43.722 64.722 9.722 0.000 0.000 0.000 51.941 57.963 56.964 65.956 66.963 57.010 2.242 0.000 0.000 0.000 0.000 51.660 52.658 0.000 0.000 0.000 0.000 0.000 0.000 0.000 0.000 0.000 72.535 75.536 55.536 49.537 47.538 57.539 57.540 52.541 0.000 0.000 0.000 2.555 60.555 57.556 57.556 47.556 0.000
0.000 0.000 51.012 60.012 12.012 0.000 61.012 90.012 81.012 77.013 91.014 58.017 18.024 0.000 0.000 0.000 0.000 35.983 66.993 0.000 0.000 0.000 0.000 0.000 0.000 0.000 0.000 0.000 0.000 0.000 48.723 66.723 0.000 0.000 0.000 43.041 57.142 55.172 85.189 78.219 56.286 58.422 4.532 0.000 0.000 0.000 46.660 0.000 0.000 0.000 0.000 0.000 0.000 0.000 0.000 0.000 0.000 0.000 60.536 77.536 62.537 56.537 57.538 52.539 0.000 0.000 0.000 0.000 0.000 52.555 57.555 57.555 52.556 0.000
0.000 0.000 47.024 92.023 49.023 0.000 50.022 82.022 84.022 95.023 97.024 100.027 106.032 45.039 14.042 0.000 0.000 0.000 7.019 2.028 0.000 0.000 0.000 0.000 0.000 0.000 0.000 0.000 0.000 0.000 49.724 64.724 0.000 1.732 5.733 0.000 50.390 58.394 88.408 70.439 58.494 57.575 62.642 0.000 0.000 0.000 0.000 0.000 0.000 0.000 0.000 0.000 0.000 0.000 0.000 0.000 0.000 0.000 0.000 0.000 65.537 55.537 53.537 0.000 0.000 0.000 0.000 0.000 51.554 50.554 52.555 46.555 0.000 0.000
20.047 35.044 69.037 87.034 95.034 64.036 77.033 100.032 97.031 96.032 96.033 96.036 96.039 102.043 105.045 61.048 20.047 2.043 65.036 79.038 72.042 74.044 30.044 6.044 3.044 0.000 0.000 0.000 0.000 0.000 28.724 50.725 56.728 56.731 59.734 18.738 51.636 80.607 82.609 59.633 57.678 57.742 60.820 5.938 1.027 0.000 0.000 0.000 0.000 0.000 0.000 0.000 0.000 0.000 0.000 0.000 0.000 0.000 0.000 0.000 0.000 0.000 0.000 0.000 0.000 0.000 0.000 53.553 48.554 46.554 0.000 0.000 0.000 0.000
93.050 96.048 96.045 94.043 92.042 93.042 95.041 95.040 96.040 97.041 97.042 96.044 89.046 93.048 96.050 100.051 104.050 105.048 97.045 93.044 90.045 85.045 87.045 80.044 36.044 14.044 0.000 0.000 0.000 0.000 0.000 0.000 0.000 0.000 0.000 75.844 64.809 93.789 84.789 71.808 58.844 57.895 57.959 62.034 58.099 0.000 0.000 0.000 0.000 0.000 0.000 0.000 0.000 0.000 0.000 0.000 0.000 0.000 0.000 0.000 0.000 0.000 0.000 0.000 0.000 0.000 0.000 0.000 0.000 0.000 0.000 0.000 0.000 0.000
96.055 91.054 89.052 88.051 82.050 79.050 80.049 80.049 86.049 91.049 91.050 84.051 68.053 83.054 96.055 96.055 96.055 96.053 96.051 96.050 97.049 97.048 100.046 101.045 101.044 101.043 40.043 0.000 0.000 0.000 0.000 0.000 0.000 0.000 0.000 47.985 73.967 78.951 62.950 79.965 67.994 58.035 58.086 61.141 4.186 0.000 0.000 0.000 0.000 0.000 0.000 0.000 0.000 0.000 0.000 0.000 0.000 0.000 0.000 0.000 0.000 0.000 0.000 0.000 0.000 0.000 0.000 0.000 0.000 0.000 0.000 0.000 0.000 0.000
66.061 39.061 61.060 75.059 73.059 53.058 38.058 34.057 54.057 71.058 70.058 63.059 58.060 68.061 89.061 97.061 96.060 96.059 96.058 96.056 96.053 100.050 75.047 63.045 62.044 66.043 69.043 8.043 0.000 0.000 0.000 0.000 0.000 0.000 0.000 46.146 82.121 65.100 57.096 67.108 78.132 62.167 58.210 58.259 64.319 8.414 2.458 0.000 0.000 0.000 0.000 0.000 0.000 0.000 0.000 0.000 0.000 0.000 0.000 0.000 0.000 0.000 0.000 0.000 0.000 0.000 0.000 0.000 0.000 0.000 0.000 0.000 0.000 0.000
56.068 27.068 49.068 64.067 60.067 37.066 23.066 27.066 47.066 61.066 59.067 59.067 60.068 58.068 77.068 94.068 96.067 96.066 96.064 96.062 95.058 58.054 0.000 0.000 0.000 0.000 0.000 0.000 0.000 52.508 72.508 24.507 10.505 6.492 53.444 70.331 87.273 64.232 58.227 56.238 73.260 75.290 61.326 58.368 58.414 61.467 70.502 8.532 3.539 0.000 0.000 0.000 0.000 0.000 0.000 0.000 0.000 0.000 0.000 0.000 0.000 0.000 0.000 0.000 0.000 0.000 0.000 0.000 0.000 0.000 0.000 0.000 0.000 0.000
69.076 65.076 60.076 59.075 60.075 62.075 63.075 66.074 65.075 61.075 60.075 60.075 60.075 59.076 66.076 88.075 97.075 96.074 98.072 70.069 36.064 0.000 0.000 0.000 0.000 0.000 0.000 0.000 0.000 17.508 39.509 42.510 46.514 60.529 57.510 78.460 75.408 49.327 56.342 58.358 60.380 73.407 65.438 60.471 58.505 57.535 74.553 65.555 59.547 0.000 0.000 0.000 0.000 0.000 0.000 0.000 0.000 0.000 0.000 0.000 0.000 0.000 0.000 0.000 0.000 0.000 0.000 0.000 0.000 0.000 0.000 0.000 0.000 14.480
59.084 60.084 60.084 60.084 60.084 60.083 60.083 60.083 60.083 60.083 60.083 60.084 60.084 60.084 58.084 79.083 96.083 98.082 94.081 20.080 0.000 0.000 0.000 0.000 0.000 0.000 0.000 0.000 0.000 0.000 0.000 0.000 0.000 44.598 61.606 87.592 61.574 0.000 44.455 59.472 57.495 61.521 62.548 71.574 60.599 58.617 57.620 53.587 0.000 0.000 0.000 0.000 0.000 0.000 0.000 0.000 0.000 0.000 0.000 0.000 0.000 0.000 0.000 0.000 0.000 0.000 0.000 0.000 0.000 0.000 0.000 0.000 19.652 84.576
60.093 60.093 60.093 60.093 60.092 60.092 60.092 59.092 59.092 60.092 60.092 60.092 60.092 60.092 59.092 67.092 82.092 93.091 81.091 7.090 0.000 0.000 0.000 0.000 0.000 0.000 0.000 0.000 0.000 0.000 0.000 0.000 0.000 21.661 70.724 95.729 5.721 0.000 42.552 60.581 58.608 57.633 65.657 76.680 64.700 58.715 62.722 0.000 0.000 0.000 0.000 0.000 0.000 0.000 0.000 0.000 0.000 0.000 0.000 0.000 0.000 0.000 0.000 0.000 0.000 0.000 0.000 0.000 0.000 0.000 0.000 0.000 76.729 90.674
60.102 60.102 60.102 60.101 60.101 60.101 60.101 64.101 65.101 61.101 60.101 60.101 60.101 60.101 60.101 59.101 62.101 71.101 71.100 12.100 0.000 0.000 0.000 0.000 0.000 0.000 13.820 0.000 0.000 0.000 0.000 0.000 0.000 0.000 74.900 89.878 12.860 0.000 26.621 57.690 58.724 58.748 57.768 62.788 64.806 60.821 62.831 0.000 0.000 0.000 0.000 0.000 0.000 0.000 0.000 0.000 0.000 0.000 0.000 0.000 0.000 0.000 0.000 0.000 0.000 0.000 0.000 0.000 0.000 0.000 0.000 60.954 69.860 69.787
60.111 60.111 60.111 60.111 60.111 60.111 59.111 71.111 76.111 63.111 60.111 60.111 60.111 60.110 60.110 60.110 60.110 59.110 62.110 43.111 0.000 0.000 0.000 0.000 0.000 55.821 76.820 38.818 29.808 28.795 0.000 0.000 0.000 56.229 98.097 72.025 71.982 0.000 0.000 43.836 60.850 58.865 58.881 56.898 72.916 76.934 70.950 0.000 0.000 0.000 0.000 0.000 0.000 0.000 0.000 0.000 0.000 0.000 0.000 0.000 0.000 0.000 0.000 0.000 0.000 0.000 0.000 0.000 0.000 0.000 35.123 86.048 71.970 84.904
60.120 60.120 60.120 60.120 60.120 60.120 59.120 72.120 78.120 62.120 60.120 60.120 60.120 60.120 60.120 60.120 60.120 60.120 60.120 66.122 37.126 0.000 0.000 0.000 0.000 18.822 33.823 55.826 63.812 67.782 41.721 17.638 52.524 90.361 88.236 68.141 50.061 8.061 0.000 43.968 60.974 59.982 62.993 58.007 67.025 90.048 87.085 32.158 0.000 12.318 0.000 0.000 0.000 0.000 0.000 0.000 0.000 0.000 0.000 0.000 0.000 0.000 0.000 0.000 0.000 0.000 0.000 0.000 0.000 0.000 72.198 128.144 111.079 132.987
57.130 58.130 59.130 59.130 60.130 60.130 58.130 73.130 76.130 59.130 60.130 60.130 60.130 60.130 60.130 60.129 60.129 60.129 60.129 60.130 66.131 46.132 0.000 0.000 0.000 0.000 0.000 31.851 62.833 58.798 61.744 65.669 77.573 94.456 78.345 46.243 0.000 0.000 0.000 43.095 60.095 63.097 76.103 62.113 72.128 73.150 92.183 96.232 79.292 29.318 0.000 0.000 0.000 0.000 0.000 0.000 0.000 0.000 0.000 0.000 0.000 0.000 0.000 0.000 0.000 0.000 0.000 0.000 0.000 58.422 68.328 69.254 72.185 91.160
78.140 73.140 68.140 66.140 62.140 58.140 58.140 73.140 76.140 58.140 60.140 60.140 60.140 60.140 60.140 60.140 59.139 58.139 59.138 59.137 59.136 65.134 42.129 19.124 0.000 0.000 0.000 30.895 68.872 62.835 57.786 70.723 93.643 87.545 55.445 0.000 0.000 0.000 0.000 41.222 59.214 64.209 71.209 66.215 71.225 70.242 83.265 77.295 70.327 43.345 0.000 0.000 0.000 0.000 0.000 0.000 0.000 0.000 0.000 0.000 0.000 0.000 0.000 0.000 5.252 0.000 0.000 1.597 35.597 63.517 132.435 96.367 128.249 111.921
98.150 97.150 93.150 88.150 84.150 79.150 74.150 70.151 65.151 59.151 60.151 60.151 60.151 60.150 59.150 61.150 67.149 72.149 71.147 69.146 63.143 58.138 62.131 68.119 32.097 13.067 17.025 50.962 73.923 64.885 60.843 83.793 95.731 51.638 0.000 0.000 0.000 4.459 11.432 45.359 58.329 63.315 79.310 69.311 62.317 55.326 61.340 79.357 76.375 82.390 1.416 0.000 0.000 0.000 0.000 0.000 0.000 0.000 0.000 0.000 0.000 0.000 0.000 0.000 2.252 0.000 0.000 0.000 70.678 61.613 71.542 94.433 70.604 110.058
