model4/dem.asc
ncols        241
nrows        181
xllcorner    12693529.787448272109
yllcorner    3542525.717859967612
cellsize     155.156523374016
NODATA_value -999999999
[rows 129 to 171 of 181, columns 0 to 95 of 241]
124 123 122 122 121 121 123 108 105 122 121 121 121 121 121 121 121 121 121 121 115 135 184 198 198 211 210 149 118 122 119 115 103 86 102 134 184 190 189 137 120 117 104 118 108 107 88 84 101 151 198 234 238 246 247 249 249 255 151 123 109 77 39 116 241 227 168 221 247 122 112 111 108 89 57 104 58 93 211 212 187 170 118 130 194 149 205 119 122 112 56 189 169 179 118 109
103 108 113 115 119 123 123 108 105 123 121 121 121 121 121 121 122 123 122 122 122 116 139 162 187 202 210 150 112 118 123 110 87 93 125 193 215 193 191 139 121 116 109 114 109 110 97 103 110 137 182 190 186 220 238 243 247 248 255 155 77 74 71 186 176 187 188 179 145 117 48 84 52 40 33 50 35 48 148 207 162 135 125 148 170 128 82 83 90 211 137 205 157 135 107 62
83 84 88 93 97 102 107 111 116 122 121 121 121 121 122 120 114 109 110 112 118 123 119 113 149 168 164 130 107 116 120 97 85 129 184 206 207 176 169 135 122 117 101 111 118 125 119 101 104 98 179 208 211 203 230 229 225 241 247 255 244 254 255 243 179 241 244 244 110 119 109 86 110 56 81 101 89 147 252 253 192 173 146 194 182 135 91 37 101 214 179 246 206 185 93 58
92 87 83 83 81 81 87 96 110 121 122 121 122 123 118 104 93 88 88 91 99 108 117 123 118 116 117 116 118 123 109 86 119 192 214 211 179 127 115 118 116 110 92 106 122 123 123 111 90 149 176 181 200 208 207 208 203 223 230 250 231 187 184 186 159 179 175 134 111 107 107 97 68 63 60 61 43 146 191 249 188 176 160 147 128 74 128 114 215 209 136 207 205 161 111 47
114 112 109 103 93 87 82 82 89 103 114 120 116 109 96 81 82 85 85 82 82 86 98 110 118 123 122 123 122 114 92 84 172 217 209 213 169 141 123 114 113 116 115 105 110 117 113 105 92 151 165 159 179 197 200 202 208 203 218 238 250 229 214 240 177 200 127 105 109 100 109 43 79 89 72 76 115 195 223 252 250 173 160 235 173 89 193 175 253 250 136 201 142 148 188 177
122 122 122 120 115 111 104 95 87 84 90 92 90 87 88 95 104 106 106 101 95 88 85 86 97 107 112 114 105 89 88 102 169 211 209 207 208 203 140 113 134 146 131 116 101 97 95 94 98 171 184 156 159 171 165 171 203 193 199 247 244 237 143 173 107 85 52 96 101 119 82 67 111 58 81 163 196 191 201 250 182 203 188 188 180 209 209 172 254 249 178 235 166 209 185 186
121 121 121 121 122 123 121 116 110 100 90 88 95 105 111 119 123 123 123 121 116 110 103 91 86 84 85 89 86 93 111 119 140 182 198 195 204 208 147 114 171 194 138 113 94 86 100 97 111 153 187 129 160 168 157 157 186 191 204 242 204 156 137 64 35 52 58 56 76 122 51 103 112 69 77 169 188 146 185 241 217 229 192 221 189 252 209 174 252 250 177 178 179 177 175 135
121 121 121 121 121 121 121 122 122 119 113 114 118 122 122 122 121 121 121 121 122 123 121 115 108 99 91 95 106 118 122 117 109 133 155 155 169 168 132 111 161 179 119 87 85 106 103 104 116 127 176 148 174 186 173 186 184 186 194 205 206 175 112 106 110 109 109 109 109 116 110 108 107 105 155 176 176 184 206 245 253 240 229 232 240 250 209 228 251 254 224 253 251 251 251 250
121 121 121 121 121 121 121 121 121 121 122 122 122 121 121 121 121 121 121 121 121 121 121 122 123 122 118 120 121 117 114 115 117 115 115 118 118 114 139 153 164 146 101 87 107 114 115 135 139 176 188 189 186 184 202 195 180 165 150 180 166 103 96 98 99 97 97 99 96 90 98 92 100 121 203 201 200 206 197 180 234 247 253 249 247 208 211 209 249 250 252 250 245 244 250 245
121 121 121 121 121 121 121 121 121 121 121 121 121 121 121 121 121 121 121 122 115 113 121 122 123 122 120 117 114 115 120 119 112 109 113 119 122 113 182 228 179 106 97 110 118 98 152 191 191 186 185 185 185 184 202 196 155 113 84 123 90 82 84 84 84 84 84 84 84 84 85 86 168 218 194 133 91 145 201 199 181 195 240 209 208 205 205 209 248 249 250 250 245 228 228 242
121 121 121 121 121 121 121 121 121 121 118 118 120 116 118 121 121 121 122 124 113 105 119 122 120 117 115 116 119 117 112 110 109 109 114 120 111 92 173 230 190 132 109 112 108 88 154 190 185 185 185 185 185 183 189 157 105 89 86 81 84 85 85 85 85 85 85 85 85 85 92 115 206 251 220 204 111 150 208 213 201 231 225 226 231 193 190 186 237 249 249 249 249 255 246 248
121 121 121 121 121 121 121 121 121 120 113 113 136 168 147 117 123 120 114 111 111 115 119 118 115 116 117 115 111 111 109 110 119 124 122 109 90 80 158 234 229 157 101 99 92 93 157 189 185 187 186 185 191 179 153 109 87 84 85 84 84 84 85 85 85 85 85 85 85 93 101 200 242 245 239 229 236 194 240 237 236 244 237 234 229 231 230 247 249 249 250 249 249 249 249 252
121 121 121 121 121 121 121 121 121 119 110 99 123 186 180 132 106 114 116 116 118 119 117 115 117 121 119 107 105 115 121 124 124 119 105 89 92 108 136 168 174 130 101 119 128 136 171 187 187 166 175 185 192 160 109 87 85 85 84 82 83 85 85 85 85 85 85 85 91 104 114 191 199 226 226 229 229 231 229 222 221 224 221 221 221 221 225 237 249 245 243 247 249 249 249 249
121 121 121 121 121 121 121 121 121 119 109 122 166 184 193 164 110 118 116 117 119 116 115 118 121 125 115 101 114 124 123 118 108 97 86 93 115 120 101 94 93 89 114 153 181 191 187 187 190 153 166 186 155 109 87 85 84 84 82 84 85 85 85 85 85 85 85 84 96 125 136 178 184 201 210 243 250 250 251 231 223 223 223 223 223 224 237 245 250 240 228 225 235 241 249 247
122 122 121 121 121 121 121 121 121 118 108 137 200 178 140 138 121 119 131 149 111 116 120 121 123 121 105 102 120 117 105 96 87 89 101 115 122 106 102 114 133 135 147 167 178 184 186 166 171 195 198 161 109 86 84 85 83 84 85 85 85 85 85 85 85 85 82 118 138 193 215 195 196 208 236 233 239 247 247 241 234 233 232 231 232 243 250 250 245 243 230 230 229 231 237 224
113 115 118 120 123 123 123 123 124 119 107 124 143 135 117 121 124 118 123 136 116 122 123 123 121 107 99 133 141 91 86 91 102 112 120 124 113 101 133 158 175 184 167 168 178 177 174 146 162 202 200 129 86 86 85 84 85 85 85 85 85 85 83 88 86 85 74 196 255 255 227 217 241 235 228 225 225 242 249 250 250 250 243 249 250 251 250 244 239 226 220 247 250 252 227 230
112 110 104 103 103 106 105 106 107 107 105 122 118 119 122 119 119 120 115 113 119 125 123 121 107 102 113 119 110 87 104 113 121 123 121 122 108 99 135 159 171 169 166 174 173 167 165 172 189 191 151 107 87 84 85 85 85 85 85 85 84 84 111 133 98 84 79 139 233 251 254 251 230 233 234 235 242 248 249 249 248 251 209 236 249 251 246 210 211 246 222 243 248 250 224 251
119 125 172 170 161 114 117 117 117 113 104 123 122 123 120 116 115 117 118 115 114 117 123 106 100 109 103 86 89 107 119 123 121 121 122 117 101 99 107 104 133 171 179 180 168 161 171 174 182 156 106 84 83 85 85 85 85 85 85 84 86 92 167 203 116 81 84 85 201 251 251 249 238 234 227 231 246 249 241 239 248 244 213 203 246 246 209 202 245 247 222 240 245 248 224 246
121 129 195 188 179 118 122 122 122 118 104 126 122 118 116 115 118 121 123 121 111 98 103 102 125 131 79 93 126 166 146 118 121 121 119 126 142 152 140 100 124 171 176 181 172 167 173 168 168 129 94 86 83 85 85 85 85 85 84 84 119 143 157 154 103 82 86 95 177 231 249 251 251 250 248 249 248 251 213 201 236 212 207 207 241 212 204 193 220 224 225 226 226 225 221 228
121 121 138 188 178 117 121 121 122 121 106 119 116 114 115 120 123 122 122 123 113 90 94 107 114 123 147 158 171 193 165 116 121 119 136 162 177 180 138 121 152 180 177 172 165 169 175 182 179 129 88 84 85 85 85 85 85 85 87 96 163 211 146 87 82 84 90 100 182 207 227 245 246 245 246 248 248 251 226 219 207 210 208 211 208 210 208 243 233 251 253 253 251 249 223 241
124 122 125 189 182 117 122 124 122 118 114 115 115 117 123 122 122 121 121 116 98 99 106 97 99 128 200 191 189 192 167 116 121 118 147 185 151 125 105 136 184 188 188 183 173 173 173 179 182 127 81 85 85 85 85 85 85 83 98 115 155 179 131 101 92 83 94 105 183 226 221 241 247 246 234 244 249 254 234 246 223 193 203 201 196 197 208 198 209 235 239 238 245 248 225 245
117 119 130 190 131 123 121 117 116 115 117 116 118 122 122 121 121 122 120 97 98 116 103 105 101 103 140 184 175 145 140 120 121 121 126 134 117 118 124 102 154 188 188 179 174 176 175 151 126 106 82 84 84 85 85 85 84 86 131 154 142 141 87 85 105 95 100 127 162 210 223 222 227 220 184 225 252 238 191 226 235 156 181 174 131 118 189 193 182 184 184 182 216 219 222 227
116 115 118 130 116 116 116 115 115 114 102 120 122 122 121 121 121 120 106 95 120 116 89 97 109 106 103 119 114 99 106 118 125 125 114 98 111 139 167 112 123 174 171 166 170 179 177 136 82 83 86 84 83 85 85 85 92 102 145 174 165 164 103 61 80 104 112 133 124 171 200 185 181 160 118 188 252 208 208 224 204 174 159 166 116 114 176 189 197 209 211 211 209 197 223 241
111 111 115 115 115 114 114 118 121 122 159 169 118 121 121 121 122 119 95 109 124 118 101 84 89 92 94 98 102 103 95 98 104 108 105 101 139 175 176 160 164 179 170 160 164 173 180 136 85 84 83 82 85 85 84 88 104 111 105 99 115 93 78 61 52 68 106 101 126 214 244 216 210 222 169 171 228 233 187 193 217 180 196 124 96 164 195 175 189 212 216 216 216 203 206 245
172 171 111 116 116 121 124 122 127 174 174 185 117 121 121 121 121 103 96 123 121 121 118 112 110 110 114 111 95 102 111 108 101 97 94 97 122 157 174 175 191 186 175 166 182 194 167 105 84 85 83 83 85 85 84 89 102 136 129 86 75 43 52 80 92 75 96 102 127 188 200 195 196 210 164 172 204 183 134 159 160 135 133 105 62 125 203 205 179 230 251 251 240 233 249 249
185 176 162 107 122 124 122 122 121 174 183 128 120 121 121 121 119 95 110 124 121 121 121 122 122 122 123 116 87 108 177 169 157 106 96 112 107 120 168 171 186 181 168 176 198 208 148 84 84 83 82 86 85 85 85 85 98 135 120 83 87 53 58 89 84 98 117 99 121 187 212 210 194 205 165 172 204 159 132 180 193 147 99 182 177 197 213 211 181 225 244 239 229 239 241 239
123 127 189 115 105 104 123 111 104 128 130 120 121 121 121 121 102 98 123 121 122 123 121 121 121 121 122 114 85 104 158 185 134 109 96 117 127 168 175 172 174 166 162 188 204 170 107 87 85 83 83 85 85 85 85 84 93 104 81 56 68 51 54 60 53 87 110 100 92 163 212 210 211 215 164 164 204 211 153 168 167 117 69 156 157 190 210 200 199 227 235 238 242 240 238 239
121 122 127 121 122 174 100 108 121 120 120 121 121 121 121 118 95 112 122 121 115 107 121 123 121 122 119 95 87 112 124 136 114 115 154 169 172 189 183 183 182 181 179 191 167 110 86 85 85 85 85 85 85 85 85 84 93 110 114 81 91 77 74 86 84 112 135 121 54 101 166 176 154 133 96 113 189 221 159 179 200 142 99 108 67 140 197 195 231 251 252 250 249 249 249 249
121 121 121 121 121 127 111 95 119 122 121 121 121 121 122 99 97 123 121 120 123 161 102 107 120 122 104 85 101 121 121 120 117 113 176 175 192 186 171 190 188 193 205 198 144 86 86 85 85 85 85 85 85 85 85 86 101 99 79 60 61 56 51 64 66 79 130 132 56 92 154 161 96 63 44 63 171 223 157 161 169 154 115 101 95 96 194 217 204 229 238 236 246 248 248 248
121 121 121 121 121 121 121 110 95 119 122 121 121 123 115 94 114 122 120 122 180 183 114 113 107 108 100 101 120 122 120 117 112 112 192 198 201 184 160 173 172 173 193 183 136 80 85 85 85 85 85 85 85 85 85 85 99 103 82 81 81 78 78 79 74 101 125 110 95 156 217 207 152 126 104 122 190 218 177 181 199 207 225 185 137 114 219 225 206 205 205 202 239 251 248 248
121 119 119 121 121 121 121 121 110 95 119 124 124 107 95 101 124 121 125 179 182 128 121 121 115 98 98 105 112 120 133 163 98 118 197 211 205 185 171 178 164 175 199 183 162 110 82 85 85 85 85 85 85 85 85 84 89 99 104 105 105 105 105 101 127 183 157 101 105 144 182 194 153 107 129 194 216 210 210 211 212 212 204 236 255 159 210 225 206 207 208 206 229 237 247 249
120 183 182 121 122 123 123 124 124 111 96 103 96 94 107 123 116 116 128 194 180 117 121 119 95 88 110 119 112 105 117 181 138 120 195 210 204 184 178 181 167 203 201 183 177 143 79 85 85 85 85 85 85 85 85 85 84 85 87 88 88 87 85 111 169 193 172 116 85 94 121 145 128 125 167 200 201 205 211 210 210 208 172 184 208 140 196 221 206 207 208 208 206 203 228 249
121 122 187 122 111 107 103 98 95 94 94 94 108 121 105 88 87 87 94 116 181 120 122 113 85 98 121 122 120 117 126 181 161 161 190 201 207 178 183 193 184 205 175 174 182 154 76 81 85 85 85 85 85 85 85 85 85 85 85 85 84 81 109 176 199 183 190 171 115 84 93 117 140 171 192 190 180 194 210 209 214 179 129 112 112 113 177 211 208 208 208 208 208 208 202 228
121 119 123 121 106 107 111 115 116 120 99 109 98 107 91 95 102 101 90 84 95 94 102 94 86 113 122 121 121 122 122 120 125 176 116 125 186 184 202 190 200 184 106 108 111 105 82 82 85 85 85 85 85 85 85 85 85 85 85 83 78 109 169 196 192 186 187 189 174 123 88 138 199 202 172 143 168 202 210 211 208 166 124 119 116 106 170 211 205 199 205 208 208 209 202 193
119 183 124 121 121 121 122 121 119 121 109 114 105 94 106 121 120 119 118 113 100 90 84 86 97 121 121 121 121 121 120 97 124 184 120 170 176 183 193 189 208 174 86 82 82 83 85 85 85 85 85 85 85 85 85 85 85 85 83 98 144 177 190 184 186 166 159 194 200 152 90 138 207 215 185 148 177 213 209 202 189 195 171 128 99 93 132 188 174 173 201 209 208 210 197 189
118 185 124 121 121 121 121 120 182 122 118 107 107 99 94 108 123 123 123 121 119 118 117 117 118 119 123 123 122 121 110 96 125 131 129 193 196 183 206 204 207 170 86 84 85 85 85 85 85 85 85 85 85 85 85 85 85 85 80 124 204 194 186 188 186 171 164 192 196 149 89 130 199 210 213 204 169 160 163 144 166 205 211 153 92 103 104 126 120 152 201 209 208 209 199 199
121 122 121 121 121 121 121 119 186 123 123 101 88 105 119 104 95 103 114 124 123 123 121 121 121 112 99 100 112 118 101 166 116 120 124 190 202 182 211 208 190 105 84 85 85 84 80 85 85 85 85 85 85 85 85 85 85 83 107 179 206 184 167 154 187 185 186 184 188 152 89 107 167 205 214 207 154 113 117 107 155 203 212 163 98 107 105 85 91 113 180 212 204 199 206 209
121 121 121 121 121 121 121 121 123 115 100 85 89 120 121 121 117 106 100 95 104 114 124 123 122 122 178 172 111 101 101 183 171 103 180 206 201 185 211 204 163 89 84 85 85 84 83 85 85 85 85 85 85 85 85 85 82 103 170 194 196 189 174 164 192 201 196 189 192 154 92 92 124 176 188 158 137 119 121 117 165 205 204 159 103 97 91 84 84 102 176 216 175 171 200 209
85 85 88 101 110 118 121 119 100 86 84 96 116 121 121 118 181 182 120 119 109 100 95 104 115 126 190 184 118 94 120 180 164 164 209 197 201 182 211 203 153 88 84 85 85 85 85 85 85 85 85 85 85 85 85 82 101 176 205 171 136 153 189 187 189 201 183 143 166 184 127 87 108 135 138 116 120 121 121 116 160 213 182 133 104 88 84 85 91 159 208 215 146 156 203 209
99 99 93 86 85 85 87 85 84 96 111 120 121 121 120 183 184 186 123 114 121 120 116 105 95 94 169 175 101 100 123 128 167 192 194 204 206 189 210 202 151 86 84 83 83 83 83 83 83 83 83 83 83 83 81 97 165 193 193 163 121 171 186 186 183 153 106 97 116 166 159 87 100 121 120 123 122 121 121 119 133 180 160 103 91 85 84 89 100 166 213 210 150 137 191 210
121 121 122 115 92 85 91 101 112 120 121 121 121 121 121 123 119 184 122 123 125 124 185 183 204 180 181 178 165 169 117 108 186 209 202 195 193 208 207 176 111 94 91 104 108 108 108 108 107 107 107 107 107 105 114 167 203 183 185 179 169 193 199 164 108 115 113 81 85 129 166 98 97 120 123 120 118 121 121 121 115 155 163 99 83 85 84 89 90 117 182 180 134 108 169 212
121 121 121 121 120 95 84 102 120 121 121 121 121 121 121 121 123 127 39 76 119 160 161 182 184 184 181 158 179 207 196 197 214 214 212 165 155 213 213 184 117 112 113 102 76 76 77 77 77 78 78 78 78 78 114 211 189 184 185 187 192 196 207 151 68 119 185 135 88 117 165 109 106 121 120 145 155 117 121 121 120 133 128 94 84 85 85 85 85 87 130 137 115 133 184 211
121 121 121 121 121 120 95 85 91 108 109 109 106 102 118 114 123 125 113 65 71 132 97 140 140 141 145 117 166 212 192 153 119 119 119 110 109 121 116 40 36 59 120 91 33 67 65 65 65 65 65 68 65 80 176 212 182 185 187 179 133 151 207 188 116 91 151 176 98 92 123 118 112 123 118 162 184 114 121 121 122 111 91 85 85 85 85 85 83 90 109 121 114 162 209 212
