model4/dem.asc
ncols        241
nrows        181
xllcorner    12693529.787448272109
yllcorner    3542525.717859967612
cellsize     155.156523374016
NODATA_value -999999999
[rows 86 to 128 of 181, columns 96 to 191 of 241]
202 133 97 86 85 85 85 85 84 84 85 85 85 85 85 84 112 134 235 190 122 169 123 121 121 121 121 121 121 121 121 121 121 123 121 115 118 190 182 176 114 115 116 117 118 119 115 104 108 106 102 121 127 192 208 207 205 175 118 134 187 203 203 197 201 209 205 164 104 104 103 120 145 213 228 246 249 233 210 178 115 138 175 187 182 111 62 98 95 100 115 97 43 46 115 158
163 122 91 85 85 85 85 85 82 85 85 85 85 85 85 89 142 194 207 191 122 116 121 121 121 121 121 121 121 121 121 121 121 124 115 115 119 189 190 181 115 116 115 115 115 115 115 116 116 117 118 118 132 190 188 208 208 205 187 183 179 186 210 190 188 206 201 161 101 110 116 118 144 227 251 248 251 239 176 118 125 100 104 167 152 105 99 107 64 75 104 151 87 32 148 175
129 96 86 85 85 85 85 85 85 85 85 85 85 85 84 97 207 212 203 190 142 122 121 119 119 121 121 121 121 121 121 121 124 119 116 115 124 179 197 197 131 110 110 113 116 116 115 114 114 115 115 114 122 181 182 190 211 209 211 206 203 204 210 199 196 204 191 176 147 106 116 138 196 208 222 239 207 205 164 116 119 143 196 214 180 131 152 180 151 109 153 181 131 65 110 158
112 87 84 85 85 85 85 84 85 85 85 85 85 85 83 139 206 211 188 185 195 126 120 139 139 122 121 121 121 121 121 122 124 115 115 118 124 118 207 190 190 99 84 91 95 99 103 100 100 117 116 115 115 111 119 180 199 206 207 206 205 208 210 206 211 208 199 190 190 116 120 136 195 209 207 208 211 181 115 118 141 195 211 210 166 157 175 161 173 105 156 170 131 161 185 159
90 85 85 85 85 85 85 85 85 85 85 85 85 82 125 209 206 204 189 186 169 124 119 167 194 125 121 121 121 121 121 124 116 115 116 125 121 121 206 194 196 131 101 83 84 84 84 84 90 100 114 136 125 116 116 116 117 180 203 202 204 204 190 211 210 209 201 199 186 114 118 134 197 208 207 208 208 203 163 112 140 199 217 179 156 243 215 153 141 118 114 137 163 166 217 171
88 85 85 85 85 85 85 85 85 85 85 85 85 82 199 210 167 158 184 189 123 120 121 114 165 125 121 121 121 121 123 121 115 115 123 122 121 121 171 209 189 210 186 101 85 85 85 85 84 84 109 255 183 119 130 185 117 127 206 192 173 175 179 184 206 210 207 209 189 115 118 130 194 212 218 252 237 205 207 199 192 212 175 150 228 255 238 180 102 85 124 163 183 162 211 184
85 85 85 85 85 85 85 85 85 85 85 85 78 94 193 171 121 135 180 189 128 120 121 121 115 117 118 121 121 121 124 116 115 119 124 121 121 119 115 207 205 199 211 184 88 85 85 85 84 86 112 254 207 132 140 204 186 193 191 108 112 121 186 203 200 201 202 199 165 111 115 133 194 211 222 255 243 208 210 208 207 179 153 240 240 208 211 207 139 55 89 158 170 162 196 198
85 85 85 83 84 85 85 85 85 85 85 80 137 122 152 121 113 181 187 191 129 120 121 121 111 100 126 116 120 123 121 115 116 125 122 121 121 134 133 206 209 224 208 173 107 86 85 85 81 85 96 228 230 241 232 110 123 178 112 118 118 126 185 200 180 203 203 200 167 111 116 128 186 201 211 246 234 201 219 241 209 212 223 255 241 207 209 204 161 111 119 148 200 204 223 254
85 85 85 83 84 85 85 85 85 85 85 77 197 139 137 147 145 179 187 167 126 120 121 115 99 122 174 135 122 124 116 115 119 122 121 121 119 193 197 207 209 187 204 115 134 95 85 85 80 85 85 96 114 113 114 120 119 118 120 115 116 125 128 185 192 214 212 206 172 124 192 188 121 187 212 246 232 209 245 243 231 210 248 232 202 206 208 211 204 158 112 149 200 203 206 212
85 85 83 84 85 85 85 85 85 85 84 86 164 164 184 192 200 187 192 127 119 121 122 102 98 181 200 165 126 120 115 115 125 121 121 121 118 203 188 203 207 196 203 136 191 107 85 85 79 85 85 91 121 121 121 138 137 133 123 114 117 125 122 133 213 210 208 205 186 185 208 211 209 210 213 251 245 244 242 243 242 242 242 243 231 199 202 202 203 196 155 109 150 213 209 210
85 83 82 84 85 85 85 85 85 85 82 97 168 212 193 180 208 196 166 127 120 121 123 95 134 182 168 120 115 115 115 117 122 121 121 121 119 166 115 163 206 193 198 176 172 114 85 85 85 85 85 87 117 120 140 255 253 216 181 123 120 122 129 193 189 210 207 207 205 184 204 255 245 206 216 252 251 252 252 253 252 250 249 246 244 244 231 199 203 197 157 106 144 208 200 215
85 83 84 85 85 85 85 85 85 81 118 146 187 210 194 166 186 165 125 120 121 119 122 98 180 194 125 118 102 113 116 120 122 122 121 121 121 116 120 129 206 190 185 118 116 117 85 85 85 85 85 87 134 130 214 235 235 237 207 209 132 119 127 184 211 214 211 212 208 185 199 251 248 250 249 248 249 249 249 249 249 247 243 244 246 251 240 209 210 209 199 157 138 206 215 244
84 85 85 85 85 83 84 85 85 79 156 200 210 202 191 176 144 105 105 117 120 109 114 113 152 164 127 122 111 115 111 117 114 115 118 121 122 122 116 192 208 198 181 121 121 111 85 85 85 85 85 111 210 201 191 243 243 239 238 244 215 129 122 124 215 254 250 251 244 183 199 251 248 248 248 249 249 249 249 249 246 235 237 236 236 237 226 197 210 204 194 204 191 204 220 255
85 85 85 85 85 84 84 85 81 122 186 211 202 188 185 196 133 107 95 127 145 115 112 114 110 113 115 145 120 116 101 95 92 94 99 106 111 116 138 201 204 198 179 140 122 110 86 85 85 85 87 171 176 239 245 205 207 201 238 232 238 206 117 126 214 252 248 248 243 184 197 251 248 249 249 249 249 249 249 249 246 232 235 238 236 236 237 228 203 204 186 180 169 186 210 253
85 85 85 85 85 85 85 83 84 148 201 213 193 185 191 165 129 123 112 163 174 120 112 113 109 109 138 188 125 111 106 85 84 84 83 82 84 103 165 165 164 183 189 199 123 110 86 85 85 85 92 132 133 198 205 210 204 201 200 210 228 187 111 124 213 246 244 249 244 188 202 251 248 249 249 249 249 249 249 249 245 231 234 237 236 235 235 238 233 202 191 199 207 193 205 253
85 85 85 85 85 85 84 86 98 151 178 184 184 188 165 126 119 121 120 147 177 114 96 103 108 133 194 165 142 152 112 87 83 85 85 85 83 110 116 116 110 187 188 211 146 111 86 85 85 85 102 173 194 208 209 206 201 201 205 210 207 210 190 124 208 206 208 245 247 227 237 249 248 249 249 249 249 249 249 248 246 231 234 238 227 191 204 230 196 207 187 174 208 206 237 250
85 85 85 85 85 85 79 129 161 177 179 162 159 179 135 117 121 121 122 116 150 121 95 96 98 175 217 122 166 213 114 85 81 84 85 87 98 117 121 120 136 205 190 208 176 115 86 85 85 89 122 117 113 202 191 167 198 202 210 208 208 207 184 123 177 210 208 207 243 219 230 244 244 249 248 249 249 249 248 248 246 231 234 231 194 198 197 195 197 200 197 190 218 239 232 250
85 85 85 85 81 75 120 151 176 191 180 172 162 134 111 117 124 119 115 118 120 106 102 112 104 184 217 154 169 204 108 84 79 80 84 89 120 122 121 114 180 208 190 211 121 117 88 85 85 91 120 121 120 168 118 109 162 204 211 208 208 207 184 120 120 209 208 208 205 181 194 206 208 245 248 248 248 248 248 248 246 231 234 237 237 238 231 195 196 200 200 190 217 239 231 250
85 85 85 81 119 159 184 141 155 184 178 178 180 126 92 101 106 111 110 112 111 98 104 120 118 183 204 196 179 205 108 80 115 117 85 82 112 121 116 146 187 208 189 210 148 121 103 87 84 91 120 121 121 119 116 115 112 171 188 210 209 208 190 138 121 175 204 207 205 184 195 203 202 203 249 248 248 249 249 249 247 231 234 237 236 236 237 231 195 199 201 186 191 193 232 251
85 85 85 81 109 177 197 171 168 190 198 181 183 139 107 102 92 96 108 105 96 101 113 121 120 146 145 190 194 202 110 76 162 179 136 89 99 118 139 200 202 209 192 204 201 148 124 98 88 95 119 121 121 122 115 115 123 117 114 186 204 209 210 214 138 130 179 191 195 184 188 203 201 203 243 248 248 249 249 249 247 233 237 239 238 238 238 238 239 240 242 222 207 200 188 211
85 85 84 90 100 152 190 185 190 192 189 184 152 117 112 112 110 101 98 95 101 114 120 121 122 118 133 187 208 196 121 84 118 129 137 94 88 108 179 195 157 192 199 197 209 196 129 105 100 113 121 121 124 114 113 117 121 118 119 111 165 202 208 210 214 195 182 175 196 194 194 241 239 239 241 247 248 248 248 248 247 232 239 250 249 248 248 248 248 247 238 219 207 199 184 212
87 86 84 127 176 195 194 177 197 196 149 132 117 106 109 110 113 112 109 97 96 104 115 122 122 120 170 200 208 196 136 94 116 120 120 88 85 102 139 149 106 169 201 193 202 185 126 102 107 121 121 122 120 132 133 120 143 143 141 141 134 185 208 210 209 219 204 205 202 230 226 235 236 236 236 238 238 238 238 239 238 227 233 240 239 237 237 236 236 227 187 184 197 193 184 210
85 83 133 198 212 203 183 183 160 134 117 104 108 109 109 109 108 110 111 137 118 93 111 123 120 122 134 186 211 196 135 102 124 173 183 132 95 106 97 90 131 185 206 194 193 185 151 111 113 120 118 120 134 186 193 150 220 226 223 223 222 216 207 210 208 250 236 235 235 226 223 233 233 233 233 233 232 232 231 231 230 226 227 230 230 225 231 230 222 186 188 185 193 188 184 209
83 121 190 215 200 185 187 158 115 104 108 109 109 109 109 109 109 109 100 161 177 125 116 124 115 115 133 184 212 204 167 118 81 113 171 139 94 100 109 109 178 208 210 201 193 206 199 132 121 120 140 143 187 203 208 211 249 252 253 252 252 250 207 203 208 240 251 250 251 229 231 251 251 251 250 251 251 250 250 250 249 233 240 251 249 234 250 245 205 208 198 188 209 205 185 205
121 188 210 209 199 160 129 118 106 109 109 112 112 112 111 109 109 106 129 181 196 145 120 121 103 107 171 202 209 210 210 134 89 77 120 94 80 88 112 119 147 193 202 197 187 200 168 126 120 116 189 200 203 194 209 219 247 248 241 248 249 250 209 190 206 205 249 248 249 228 236 249 249 248 248 248 249 249 248 248 248 228 238 248 247 234 249 241 206 207 198 183 180 185 187 200
199 211 199 188 168 117 106 108 109 107 107 101 96 101 108 114 110 104 146 195 206 149 117 116 94 106 178 205 208 208 216 146 94 85 80 84 84 80 96 117 116 147 154 188 182 187 124 119 121 116 193 207 202 187 205 248 251 246 229 247 249 249 221 220 220 219 249 249 249 241 246 250 250 249 249 248 248 249 248 249 241 230 238 249 248 236 241 204 205 198 194 150 123 182 160 171
214 200 185 162 115 107 109 109 105 130 151 148 131 105 103 102 110 109 148 201 214 183 136 118 111 112 163 199 208 209 204 146 103 90 85 84 83 87 91 106 118 114 108 187 181 192 158 121 120 118 153 197 202 207 207 237 242 249 247 249 248 248 251 243 252 252 250 250 249 249 239 239 241 239 239 249 249 250 249 240 205 223 231 242 241 205 206 203 170 118 165 95 123 117 102 106
203 163 127 118 106 109 109 105 127 169 187 190 145 107 110 106 100 100 122 172 205 212 154 116 122 115 164 202 208 210 195 141 116 99 85 90 97 95 134 109 100 107 111 187 181 198 205 161 126 121 116 183 201 209 207 229 224 247 251 249 248 248 250 227 243 250 250 251 250 251 206 199 182 207 205 239 240 240 240 205 208 190 196 207 207 209 203 171 115 120 108 105 125 123 110 107
155 109 115 107 109 109 108 130 169 189 191 184 146 104 110 110 108 104 102 150 202 215 186 135 116 141 188 204 208 210 208 148 120 109 102 110 113 148 185 160 116 112 103 173 185 197 211 199 132 121 120 143 194 212 209 225 216 230 234 249 249 248 249 230 237 250 252 238 236 238 208 190 129 182 210 207 207 207 200 204 204 188 180 192 192 192 171 115 121 121 113 115 116 114 121 117
115 93 108 116 108 110 107 137 198 205 191 150 115 108 109 109 112 116 114 152 195 206 212 154 109 161 201 201 208 210 205 148 118 119 120 122 116 182 193 201 141 118 100 156 201 205 208 203 161 128 115 102 178 201 209 209 207 207 205 230 250 250 250 240 240 251 239 209 203 203 218 221 209 132 182 186 185 185 183 168 170 154 103 114 114 115 117 121 120 120 115 115 83 39 93 111
103 103 96 108 118 112 102 99 136 180 185 151 103 109 109 110 114 120 119 153 200 198 203 188 136 128 178 204 208 211 196 140 116 122 121 121 119 136 186 199 180 131 110 132 158 198 210 208 208 133 137 141 174 183 204 208 208 208 208 205 230 251 251 250 252 252 210 209 212 207 249 253 255 201 134 112 131 130 186 132 116 98 107 134 134 120 120 121 132 131 124 122 124 100 51 99
112 120 106 94 106 103 102 115 109 130 167 143 111 115 108 113 121 122 118 156 197 194 197 196 149 109 164 206 208 210 205 177 134 119 121 121 121 113 173 200 206 174 129 118 112 185 212 199 210 173 186 194 198 187 204 210 209 207 207 207 203 227 247 249 250 252 213 210 180 197 247 253 254 226 212 159 196 197 187 199 140 123 126 198 198 137 137 137 198 196 186 181 125 137 139 125
122 122 120 109 94 103 118 110 108 134 186 146 86 99 110 116 120 123 122 128 164 202 198 196 186 130 158 207 208 209 208 211 154 117 121 121 121 119 135 190 207 208 148 121 118 183 201 189 205 215 205 202 209 198 204 208 206 223 226 226 226 222 247 251 249 251 214 209 138 181 246 251 250 252 254 255 223 221 191 209 196 197 196 209 209 195 195 195 210 209 192 180 137 173 192 195
121 122 119 105 96 95 111 115 104 130 183 175 155 142 160 184 150 119 112 111 125 173 205 198 208 181 180 205 207 209 208 208 153 117 118 115 120 123 114 176 214 215 141 107 102 169 201 195 197 203 202 200 224 229 227 226 225 247 253 252 253 253 251 249 250 235 211 221 215 223 234 235 249 251 250 250 253 254 224 209 210 210 210 209 209 210 211 211 210 208 209 210 166 124 193 212
122 121 106 100 136 145 93 107 129 168 173 181 199 202 203 206 153 101 107 110 114 159 209 198 207 196 189 204 208 210 214 175 129 120 145 177 145 120 116 177 209 208 139 103 134 186 209 208 196 199 200 221 247 252 251 251 252 250 249 249 249 248 249 241 251 213 205 248 251 252 222 215 244 251 251 250 251 251 254 224 211 209 209 210 210 210 211 211 209 208 198 195 215 205 208 212
119 99 102 121 125 120 92 95 131 189 170 185 211 210 210 203 153 94 94 99 108 163 212 200 207 205 197 204 208 211 208 156 117 115 166 220 160 117 116 176 207 198 186 132 167 209 209 208 224 208 195 240 252 249 249 248 255 251 249 249 249 249 250 242 251 216 206 239 232 235 240 241 243 248 249 249 249 249 248 254 210 207 207 207 208 208 208 206 217 217 210 186 210 211 178 212
99 110 121 121 121 120 111 93 97 136 191 190 202 213 208 213 174 108 106 94 93 137 193 187 197 206 202 205 209 214 173 125 115 138 190 217 156 116 118 174 213 194 204 172 132 173 206 209 237 233 219 237 250 250 249 254 190 230 251 249 249 249 249 250 252 216 207 236 234 233 236 244 250 250 250 249 249 249 249 236 210 208 207 207 207 207 206 217 250 251 245 189 212 193 162 218
118 121 121 121 121 121 121 112 92 99 125 134 130 161 213 200 190 169 128 88 88 127 185 178 186 200 201 204 211 202 181 136 137 190 211 213 188 136 109 170 216 195 193 202 132 152 195 194 230 244 240 237 238 248 250 254 192 228 251 249 249 249 249 250 254 216 204 242 242 237 238 240 241 242 241 248 249 248 249 221 208 207 220 221 220 219 218 250 249 250 242 197 217 173 218 249
121 121 121 121 121 121 121 121 117 116 121 120 113 131 182 184 184 184 174 133 97 134 198 206 204 201 218 228 210 197 194 195 192 209 208 208 209 181 157 178 204 199 197 210 181 142 163 193 211 235 246 246 233 240 249 249 255 251 249 249 250 249 249 253 238 209 222 240 238 236 240 234 227 225 224 247 249 248 248 253 218 212 242 244 247 251 251 249 250 247 241 216 207 173 253 213
121 121 121 121 121 121 121 121 122 123 120 138 186 184 189 190 197 210 208 171 104 116 149 197 205 201 204 212 210 196 193 211 209 206 224 224 206 205 203 190 195 206 196 201 207 182 186 204 200 210 243 253 244 233 242 250 249 249 249 250 240 244 253 238 211 221 249 245 240 239 244 239 228 221 230 242 248 249 249 247 229 226 223 223 231 248 248 250 244 232 233 250 183 230 253 213
123 123 123 122 121 121 121 122 124 122 122 125 135 132 130 131 129 158 215 206 166 107 135 191 204 215 238 225 208 204 203 205 206 204 228 232 205 208 207 202 203 209 198 211 216 209 212 205 200 202 216 243 253 246 235 242 250 251 252 240 232 238 223 204 204 242 255 251 246 243 244 238 226 222 230 230 243 240 241 236 223 222 222 222 224 242 250 244 227 221 223 237 241 243 252 255
114 115 121 125 121 121 121 122 122 118 118 117 107 107 111 118 119 140 202 210 200 148 142 211 200 215 250 233 208 206 221 242 223 218 248 232 205 206 224 224 206 207 221 235 237 220 209 206 201 207 207 215 222 222 234 238 236 239 243 228 230 232 218 201 201 239 244 240 238 238 235 226 222 222 221 224 230 224 224 224 222 222 222 222 221 228 240 228 222 222 221 224 232 233 245 249
64 65 94 127 121 121 121 121 129 187 195 183 182 216 204 154 102 123 152 213 207 200 198 208 214 239 244 230 205 203 223 254 228 223 238 208 204 202 229 232 205 207 212 224 245 229 205 202 198 207 209 220 229 227 244 247 241 242 234 232 229 230 249 217 220 245 242 233 230 228 226 222 222 222 222 222 221 222 222 222 222 222 222 222 222 221 220 224 222 223 227 227 226 226 229 242
