model4/dem.asc
ncols        241
nrows        181
xllcorner    12693529.787448272109
yllcorner    3542525.717859967612
cellsize     155.156523374016
NODATA_value -999999999
[rows 43 to 85 of 181, columns 96 to 191 of 241]
134 185 188 183 179 182 178 179 148 94 93 142 194 151 114 96 91 101 110 112 150 143 115 121 121 120 114 106 144 181 195 135 102 98 87 85 83 84 85 85 85 85 85 85 85 85 85 85 85 79 157 195 127 109 196 200 120 110 96 112 113 113 120 121 121 121 114 106 105 113 118 123 124 123 119 122 123 124 118 117 118 117 115 122 116 111 109 113 97 103 121 122 122 126 175 188
136 189 192 208 199 187 180 182 190 158 109 150 197 155 108 111 99 142 198 193 200 204 149 111 117 154 124 90 107 154 182 131 97 88 85 83 83 85 85 85 85 85 85 85 85 85 85 85 85 80 137 229 187 171 196 149 117 97 105 102 105 115 122 121 121 110 105 109 114 117 114 119 119 123 118 124 123 122 123 123 123 123 124 123 123 119 113 114 96 102 123 122 122 123 148 187
128 198 209 201 189 188 188 194 186 169 151 174 205 205 191 176 174 194 211 209 207 208 202 185 136 139 158 163 172 171 143 105 88 85 83 83 85 85 85 85 85 85 85 85 85 85 85 85 85 82 98 140 207 222 152 116 100 107 115 107 103 102 112 123 113 104 114 122 122 120 152 151 152 126 122 120 120 123 123 122 123 123 123 122 123 123 123 120 103 104 122 122 122 121 120 189
127 201 207 166 118 106 137 216 210 197 179 192 207 210 198 184 193 210 212 208 230 228 208 211 173 151 174 192 187 146 105 88 85 83 83 85 85 85 85 85 85 85 85 85 85 85 85 85 78 137 167 125 147 153 117 107 100 116 113 115 117 109 104 109 105 116 122 121 121 113 198 203 197 129 120 109 108 113 117 115 119 120 122 123 123 122 123 123 120 111 123 123 122 123 154 181
109 125 124 124 116 95 128 196 189 186 183 198 211 208 195 181 181 183 186 193 205 210 204 191 177 190 200 149 118 108 89 85 84 84 85 85 85 85 85 85 85 85 85 85 85 85 85 78 132 183 195 138 115 113 114 99 114 120 118 119 122 123 108 101 98 110 120 123 115 149 201 205 159 126 116 109 108 108 106 98 100 104 106 110 116 121 123 122 123 118 125 124 123 121 100 163
94 118 121 122 113 95 112 126 125 121 110 146 195 189 191 196 205 201 188 180 180 182 181 182 191 203 192 138 98 90 85 85 85 85 85 85 85 85 85 85 85 85 85 85 85 85 79 132 181 189 191 138 115 122 103 103 108 117 123 122 121 110 107 115 112 103 102 112 155 195 153 154 121 115 111 112 111 111 113 106 105 105 104 107 108 107 116 121 120 123 122 123 124 122 107 166
119 121 121 122 113 98 119 122 117 101 98 113 139 193 196 187 202 207 222 247 225 204 208 209 203 187 148 106 89 85 83 84 85 85 85 85 85 85 85 85 85 85 85 85 85 79 133 181 187 187 191 141 121 111 101 110 110 108 110 119 113 104 115 122 123 117 107 100 136 144 118 118 123 114 109 108 112 112 120 123 123 123 124 126 119 105 106 107 112 121 123 122 123 123 122 186
102 112 119 120 104 101 126 122 122 121 117 138 180 189 191 165 187 208 225 252 249 229 210 197 146 114 106 90 85 85 85 85 85 85 85 85 85 85 85 85 85 85 85 84 77 133 185 189 186 186 195 142 118 99 108 111 111 110 111 109 104 115 121 121 121 122 121 115 98 100 121 122 123 122 110 112 101 113 120 122 121 122 117 109 113 119 113 103 106 107 116 123 123 122 124 167
101 100 102 106 95 97 109 108 108 106 131 186 179 180 176 164 185 213 226 255 254 236 160 112 111 90 87 85 83 83 85 85 85 85 85 85 85 85 85 85 85 85 84 80 147 192 151 170 188 186 154 129 104 108 119 114 109 114 108 102 110 122 123 121 121 117 116 122 111 115 118 121 124 117 113 111 120 93 105 115 123 117 98 88 95 118 116 113 109 104 106 110 121 124 117 111
102 106 106 106 106 106 106 106 106 108 113 140 187 163 119 112 100 130 189 201 201 167 111 100 88 85 85 84 83 85 85 85 85 85 85 85 85 85 85 85 85 84 81 133 203 204 133 158 202 198 142 108 102 117 122 120 118 107 103 92 93 100 111 122 119 152 162 123 117 120 157 123 119 102 103 100 166 128 88 94 108 102 84 84 86 117 111 111 109 121 112 106 107 108 95 86
174 117 122 122 122 122 121 118 117 117 118 117 118 118 109 102 104 97 99 104 106 103 91 86 85 85 84 83 85 85 85 85 85 85 85 85 85 85 85 85 84 83 144 192 155 167 179 180 191 198 143 97 111 122 122 122 109 111 94 79 82 85 90 99 108 185 207 169 129 118 179 168 126 108 109 94 122 121 88 83 87 88 85 85 84 105 113 111 111 121 112 118 99 128 89 67
107 104 101 102 101 98 99 102 100 105 119 115 116 111 93 86 89 95 100 98 91 86 85 85 85 84 83 85 85 85 85 85 85 85 85 85 85 85 84 86 90 138 191 197 138 154 191 187 192 160 111 107 113 115 120 108 114 101 123 153 102 83 84 83 100 190 211 209 135 112 187 197 129 114 119 92 81 81 85 85 85 84 85 85 85 91 116 114 116 121 110 109 106 149 104 68
98 95 91 92 92 92 90 89 91 103 117 115 115 115 112 138 165 75 33 55 89 85 85 85 84 83 85 85 85 85 85 85 85 85 85 85 85 83 88 99 144 184 188 179 172 182 187 193 160 113 100 111 111 115 108 111 108 84 97 114 93 84 85 86 106 180 208 214 173 157 204 197 123 114 103 87 85 85 85 85 85 85 85 85 85 85 99 109 116 123 119 119 114 95 109 74
37 40 40 40 40 39 55 123 120 122 114 115 118 120 138 189 187 166 108 91 84 85 85 85 85 85 85 85 85 85 85 85 85 85 85 84 85 93 104 146 185 186 185 183 183 185 190 157 122 101 109 121 119 107 110 110 140 162 105 79 84 85 83 101 115 131 180 208 205 204 196 188 117 100 88 85 85 85 85 85 85 85 85 85 85 85 84 90 98 106 108 105 114 97 118 76
124 126 123 122 135 181 118 121 122 118 114 117 125 118 137 193 169 113 96 84 85 85 85 85 85 85 85 85 85 85 85 85 85 85 84 88 99 142 180 182 187 185 184 186 189 190 196 154 104 105 119 122 109 109 114 94 140 131 91 84 85 85 85 109 109 98 164 206 210 211 189 189 170 150 91 79 84 85 85 85 85 85 85 85 85 85 85 84 83 86 86 83 103 97 123 82
129 180 117 120 131 177 117 122 121 114 116 118 136 191 170 117 119 102 85 85 85 85 85 85 85 85 85 85 85 85 85 85 84 84 94 109 146 186 189 187 185 197 209 199 156 129 130 115 103 115 123 109 108 120 109 88 95 89 83 85 85 85 88 104 154 158 190 209 208 210 199 195 200 183 146 134 93 84 85 85 85 85 85 85 85 83 84 84 85 83 84 84 94 96 119 107
121 119 121 121 121 119 123 123 114 115 118 123 134 191 171 115 108 86 85 85 85 85 85 85 85 85 85 85 85 85 85 83 87 105 118 116 150 191 186 188 190 191 194 197 156 120 115 101 107 117 108 108 119 123 108 89 83 84 85 85 85 84 93 100 198 216 208 210 210 197 198 196 197 180 137 117 90 84 85 85 85 85 85 85 83 83 83 91 86 83 80 82 88 92 104 120
121 121 121 121 121 122 117 115 114 130 181 130 190 186 171 111 89 84 85 85 85 85 85 85 85 85 85 85 85 85 86 124 180 182 181 180 182 186 191 163 124 129 130 131 127 118 102 108 117 107 111 120 122 124 107 87 85 85 85 85 85 83 104 106 189 219 209 211 214 194 172 192 197 192 161 103 84 85 85 85 85 85 83 84 84 84 90 112 96 86 135 144 110 103 94 107
121 121 116 119 122 121 118 114 125 193 186 186 188 156 36 92 85 85 85 85 84 82 85 85 85 85 85 84 87 99 108 150 213 207 207 207 209 204 163 122 122 122 121 121 120 106 106 122 119 117 120 122 117 112 97 85 85 85 85 85 85 84 97 163 156 188 213 206 155 118 157 139 170 202 195 128 93 86 85 85 85 85 83 85 85 85 101 105 143 141 179 194 125 118 96 110
123 117 58 90 110 127 178 112 104 189 185 190 195 112 101 84 85 85 85 85 85 84 85 85 85 85 84 85 132 213 205 207 209 209 210 211 202 190 162 115 119 122 121 123 111 104 120 119 111 113 119 122 115 96 85 85 85 85 85 85 85 79 171 248 158 174 218 159 118 106 119 104 108 167 138 106 99 88 85 85 85 84 85 85 85 89 100 95 172 191 190 141 108 116 98 122
118 122 127 122 127 185 183 184 118 126 192 206 170 102 85 85 85 85 85 84 82 85 85 85 85 85 87 132 215 209 202 185 188 186 177 179 193 164 116 146 158 114 124 113 101 113 118 113 109 116 121 123 108 88 84 85 85 85 85 85 85 78 192 255 161 170 215 185 129 109 109 110 107 123 115 107 107 90 84 85 85 85 85 85 84 92 96 102 171 197 200 148 144 116 97 120
115 115 114 121 189 187 189 175 117 132 189 173 111 89 85 85 85 85 85 85 84 85 85 85 84 109 195 245 246 235 201 187 187 190 163 104 115 125 121 121 120 120 117 104 107 112 111 113 115 119 122 120 100 84 85 85 85 85 85 85 83 85 173 228 200 201 211 215 143 104 98 93 102 103 109 113 102 88 85 85 82 84 85 85 85 90 98 103 128 174 194 190 192 154 105 119
116 116 115 119 175 174 173 119 134 193 174 110 101 84 85 85 85 85 84 81 85 85 85 86 98 139 219 243 247 242 183 118 123 123 123 119 107 104 118 123 121 119 104 105 119 110 109 110 117 121 122 112 92 84 85 85 85 85 85 84 86 98 114 162 206 212 209 207 141 103 94 94 90 88 105 106 91 85 85 85 84 85 85 85 85 87 99 98 104 158 192 196 201 176 119 119
121 121 119 118 113 112 111 120 192 205 121 71 89 85 85 85 85 85 85 84 85 85 84 114 215 203 189 210 210 205 170 119 121 121 121 121 121 117 104 107 122 111 102 123 120 114 109 113 119 121 123 108 86 85 85 85 85 85 85 82 146 183 158 185 210 211 200 157 110 135 176 128 98 98 98 91 85 85 85 85 85 85 85 85 85 83 98 97 105 175 198 197 206 174 128 121
115 117 134 131 124 123 118 127 185 200 177 111 93 86 85 85 85 85 85 85 85 85 90 132 209 168 135 215 205 169 113 118 121 121 121 121 121 121 121 114 100 99 116 122 121 120 116 117 121 121 120 101 83 85 85 85 85 85 80 91 121 124 162 209 210 208 196 139 137 181 201 181 128 97 88 85 85 85 85 81 83 85 85 85 86 94 100 94 104 188 207 206 192 136 122 117
118 127 192 188 126 114 115 186 204 166 109 117 113 106 89 86 85 85 85 85 85 87 104 125 119 121 140 214 204 183 155 104 122 121 117 109 119 121 122 118 103 96 104 118 123 121 121 121 121 122 115 94 84 85 85 85 87 88 133 148 117 111 146 198 208 205 202 184 182 194 186 144 115 95 85 85 85 85 85 83 84 85 85 84 94 96 93 98 106 188 210 211 176 118 115 153
125 122 176 176 177 78 51 136 206 110 115 115 115 118 110 102 85 82 85 85 85 93 140 204 117 139 216 205 172 116 117 118 122 118 106 101 103 110 120 111 103 124 118 105 108 112 104 123 121 123 110 87 83 82 85 84 89 143 159 118 117 112 104 163 213 203 203 202 195 194 182 132 109 96 84 85 85 85 85 84 85 85 85 88 94 129 156 161 160 197 209 212 172 122 115 173
122 121 117 118 185 167 173 174 164 104 111 116 115 115 116 115 109 94 86 85 87 128 249 243 184 192 212 194 115 121 121 121 120 110 101 102 102 106 110 100 117 122 121 121 111 98 111 123 122 116 128 123 113 137 80 83 98 121 151 181 177 174 164 185 209 203 202 204 197 189 190 131 106 103 87 85 85 85 81 82 85 85 84 93 90 167 207 206 205 209 210 203 184 183 128 119
121 121 121 121 162 159 158 156 88 91 102 103 113 116 115 114 108 113 106 87 112 210 133 245 207 209 209 194 115 121 121 121 120 111 101 102 103 106 101 107 123 121 121 121 111 103 124 121 118 99 82 103 180 170 76 84 97 115 148 199 207 205 204 208 208 202 202 208 209 206 207 192 145 101 85 85 85 85 83 84 85 85 84 96 86 161 199 198 198 197 198 188 196 213 174 152
121 121 121 121 110 170 166 149 96 86 164 82 91 107 115 103 106 116 119 122 137 255 240 120 212 207 193 185 119 121 121 121 121 120 114 106 106 106 102 124 121 121 122 116 99 116 122 119 138 137 106 196 174 79 79 81 90 105 149 191 199 209 207 210 207 201 205 209 210 209 213 169 119 96 84 85 85 84 85 85 85 85 84 91 126 179 195 189 186 190 191 180 201 210 204 205
121 121 121 119 133 186 188 99 96 85 79 85 85 86 95 93 108 115 122 233 251 249 235 122 186 205 208 194 163 118 121 121 121 121 121 121 114 106 118 121 121 121 118 105 105 123 121 118 151 174 79 89 83 127 221 160 84 110 149 162 147 202 210 208 204 201 205 207 201 198 203 156 103 91 84 85 85 83 83 85 85 85 86 90 141 195 207 192 191 199 219 219 210 207 208 211
121 121 121 133 193 190 171 94 88 85 85 85 85 85 84 89 104 114 115 115 219 193 203 125 118 125 185 201 164 103 122 121 121 121 120 121 121 121 121 121 121 122 116 101 124 121 121 119 144 164 77 85 80 129 232 174 93 145 193 162 115 152 203 208 202 204 210 196 177 188 202 157 100 88 84 85 85 84 84 85 85 84 88 93 143 177 174 179 186 187 218 240 217 206 208 209
119 121 118 187 208 210 102 96 85 85 85 85 85 85 81 85 84 96 108 119 124 122 203 183 119 124 118 117 119 113 103 121 120 111 104 122 121 121 121 121 122 117 98 104 115 122 121 119 104 86 85 85 85 87 100 114 121 122 126 123 120 120 148 194 207 209 211 199 139 137 186 147 101 87 85 85 85 85 85 85 85 85 103 108 110 115 151 187 194 196 190 235 223 206 206 205
140 119 134 188 207 200 100 90 85 85 85 85 85 84 84 85 85 84 93 128 255 187 202 197 121 121 124 122 121 122 115 101 118 120 110 122 121 121 121 121 121 113 100 113 101 123 122 117 96 84 85 85 85 86 89 87 113 134 96 123 119 143 182 178 192 211 211 199 139 93 144 156 102 88 84 85 83 82 84 85 85 87 94 103 102 103 150 191 196 205 189 207 213 205 229 240
173 138 192 208 206 152 102 85 85 85 85 85 85 81 85 85 85 85 95 134 234 213 207 204 201 118 117 130 122 121 121 117 101 118 121 121 121 121 121 123 117 98 117 118 104 120 122 115 89 84 85 85 84 82 85 85 86 85 94 116 144 185 178 180 195 210 210 206 152 100 113 123 107 85 85 85 85 85 85 85 85 85 87 108 104 97 154 197 200 208 192 199 209 205 236 254
113 184 208 209 169 93 91 85 85 85 85 85 85 85 85 85 85 86 106 190 125 210 210 212 204 182 126 183 115 118 122 122 120 103 114 122 121 121 122 117 115 116 119 121 121 121 120 107 85 84 82 86 89 87 84 84 82 85 87 100 151 211 196 182 196 210 210 208 191 144 109 117 101 83 85 85 85 85 85 85 85 85 84 95 108 104 98 156 193 197 190 203 212 206 236 255
114 179 206 213 106 101 87 85 85 85 85 85 85 85 85 85 85 93 116 191 194 206 206 205 210 206 208 198 111 116 122 124 121 121 105 112 121 120 122 115 115 118 124 121 121 119 105 86 84 81 89 128 196 212 177 92 87 81 85 96 146 165 112 142 198 210 210 202 189 159 117 113 92 84 83 82 85 85 85 85 85 85 85 84 105 123 114 153 196 192 182 174 176 197 217 221
145 180 202 207 104 96 86 85 85 85 85 85 85 85 85 85 85 103 121 210 209 176 184 187 207 208 211 200 113 115 115 118 125 123 122 106 106 109 112 119 120 123 122 121 117 97 85 85 84 85 94 137 191 170 117 119 102 83 86 101 120 116 112 146 215 210 205 162 146 167 116 105 85 85 82 82 85 85 85 85 85 85 85 84 88 93 104 124 130 168 201 186 170 179 187 194
229 198 166 158 103 86 85 85 85 85 85 85 85 85 85 85 87 105 134 208 209 116 186 209 207 207 204 174 123 119 116 115 116 119 123 129 178 209 182 183 180 119 121 118 97 84 85 84 81 85 88 107 135 192 171 117 117 95 83 105 118 113 135 194 211 210 205 163 117 124 119 102 83 83 82 85 85 85 85 85 85 85 85 85 85 83 94 106 117 116 123 132 127 159 192 194
254 215 117 94 95 86 85 85 85 85 84 85 85 85 85 85 89 109 189 208 209 120 185 208 208 204 172 116 121 124 122 117 115 115 114 123 208 203 201 182 177 118 120 104 83 85 85 85 84 85 85 94 141 214 204 170 118 113 86 98 117 114 139 199 212 209 213 181 114 121 118 100 81 82 84 84 85 85 85 85 85 84 84 84 90 99 95 88 95 97 109 122 115 157 202 205
252 209 111 95 87 85 85 85 85 85 82 85 85 85 85 85 90 115 188 209 206 134 186 204 204 172 116 121 121 121 122 125 120 116 115 118 175 204 204 200 115 121 117 89 85 85 85 85 85 85 85 110 197 209 208 204 171 111 98 104 105 108 118 140 199 210 212 182 115 122 117 102 90 93 98 96 91 86 84 84 86 96 98 93 104 107 107 96 92 97 111 122 150 189 208 212
254 213 125 96 86 85 85 85 85 84 84 85 85 85 85 85 94 121 217 211 171 189 172 170 171 117 121 121 121 121 121 121 124 125 122 115 115 194 198 177 121 120 102 85 86 86 85 85 85 85 86 120 214 208 208 204 171 116 122 123 115 115 115 119 146 215 212 182 110 115 110 100 97 94 136 187 189 145 84 87 98 143 196 163 105 73 80 101 95 101 112 127 124 171 207 181
238 174 117 88 85 85 85 85 85 82 85 85 85 85 85 84 104 116 249 208 118 186 118 116 116 121 121 121 121 121 121 121 121 122 125 116 115 122 180 176 113 121 113 107 104 100 94 88 86 86 88 123 189 208 208 210 192 116 120 141 208 192 161 186 212 209 211 182 104 110 115 119 133 173 185 206 228 202 205 168 111 149 204 214 192 110 77 117 116 117 121 118 71 112 185 193
