model4/dem.asc
ncols        241
nrows        181
xllcorner    12693529.787448272109
yllcorner    3542525.717859967612
cellsize     155.156523374016
NODATA_value -999999999
[rows 0 to 42 of 181, columns 0 to 95 of 241]
107 172 198 202 200 189 185 174 111 119 135 189 165 117 119 138 193 211 173 111 121 121 121 120 160 211 205 188 174 198 204 209 208 208 208 208 195 188 152 112 96 86 83 84 85 85 86 88 136 124 95 131 180 200 202 203 210 207 185 115 95 103 102 101 101 103 104 108 109 110 110 112 118 122 116 114 122 120 181 200 194 175 197 190 175 115 109 105 109 96 92 86 89 96 85 85
95 108 193 202 203 205 202 173 113 140 211 209 184 115 118 146 211 196 185 160 114 118 117 115 147 205 213 194 189 207 206 208 226 248 239 213 197 195 144 109 99 87 89 82 78 78 79 140 190 181 161 171 197 205 207 204 181 175 136 113 111 101 98 106 106 103 98 97 98 99 99 100 117 118 115 116 118 105 178 219 201 188 207 185 188 137 109 109 110 92 85 86 84 87 85 85
98 99 129 183 184 197 180 185 185 189 209 204 168 116 118 145 208 186 185 183 181 179 190 171 107 111 147 195 184 192 205 209 210 233 249 232 208 200 185 165 156 164 186 171 152 145 158 188 200 201 193 175 178 184 178 168 170 145 114 114 117 94 86 92 94 95 99 99 99 98 101 103 115 115 115 118 105 130 187 237 207 196 196 180 191 181 112 108 113 89 94 92 89 85 85 84
94 111 119 124 185 190 201 185 185 189 211 208 172 115 116 143 207 186 207 205 184 191 211 202 149 96 133 200 199 207 213 212 210 214 213 229 250 226 197 195 199 206 214 209 199 195 198 202 206 204 202 188 143 124 117 163 156 124 119 119 122 96 84 84 84 85 89 91 91 90 100 114 116 115 116 117 105 165 200 234 199 183 182 192 193 194 119 109 112 89 92 89 90 85 87 93
115 123 120 123 188 212 206 193 189 211 206 174 173 213 201 183 190 202 195 182 212 210 196 158 144 136 191 223 247 226 182 184 209 195 189 213 232 209 210 216 202 187 201 211 209 208 204 209 189 191 205 202 155 121 117 132 128 120 123 124 121 96 84 85 85 85 85 84 83 90 106 115 115 116 116 103 107 166 188 224 189 193 192 200 180 192 123 110 98 88 89 90 84 84 103 110
124 124 124 127 208 213 211 205 212 213 200 143 166 217 213 206 194 214 186 155 215 208 177 135 156 213 210 227 255 241 173 163 220 215 211 212 208 173 152 158 147 135 146 156 152 172 202 197 139 156 206 216 154 117 125 120 122 113 101 103 107 93 85 85 85 85 84 85 97 110 115 115 116 115 114 100 98 116 170 207 193 207 151 149 137 140 113 107 97 95 103 103 88 86 113 145
210 210 209 182 203 209 200 164 126 113 129 107 114 128 111 142 182 193 170 145 181 175 148 203 172 158 217 183 132 137 123 117 134 145 188 215 212 204 169 149 132 116 141 133 137 172 197 189 87 95 142 175 113 87 124 117 112 98 87 87 89 87 85 85 85 84 86 101 113 116 115 116 116 102 94 106 97 85 181 208 193 201 155 121 117 93 139 145 110 107 109 109 101 134 158 198
210 210 212 201 202 203 204 220 240 180 197 209 185 174 159 217 207 181 164 148 158 142 149 141 148 162 185 213 205 201 168 163 192 149 171 202 205 194 157 133 128 123 152 140 103 112 179 175 124 174 165 134 79 39 94 117 96 85 85 85 84 85 85 85 84 89 102 113 116 115 117 115 101 88 83 92 104 90 177 211 204 192 199 124 113 135 183 192 144 137 138 103 107 194 213 213
241 237 234 204 203 204 202 253 249 211 143 212 190 144 247 254 236 174 169 145 179 239 225 207 237 204 214 199 163 174 169 169 145 101 150 159 209 200 189 145 76 100 170 171 132 111 168 168 121 167 160 128 77 59 71 91 106 88 84 85 85 85 85 84 86 102 114 115 115 114 108 108 94 85 85 84 96 97 121 185 212 199 199 166 156 181 187 196 189 188 180 159 135 197 211 210
224 239 246 245 202 208 247 243 246 243 185 159 154 173 255 242 201 179 169 146 164 161 141 125 150 173 213 179 136 170 151 206 163 96 165 159 207 206 191 145 69 83 158 168 109 96 162 198 119 61 92 121 78 74 88 89 121 99 83 85 85 85 85 84 100 113 115 115 116 103 88 106 103 90 84 84 86 102 96 131 185 195 185 197 201 202 190 195 199 201 195 199 182 187 213 217
200 248 244 245 243 244 251 232 234 254 232 114 144 255 244 198 202 173 146 131 151 196 185 146 192 151 212 185 156 95 137 219 183 131 160 153 156 151 141 121 47 67 136 146 82 52 151 216 145 49 71 134 79 73 116 116 126 106 86 85 85 85 83 95 112 116 115 116 106 95 124 159 168 126 102 89 84 98 98 101 122 174 193 215 234 213 201 193 195 197 190 188 192 153 161 166
212 209 251 244 242 242 244 250 241 224 133 147 134 146 196 202 206 172 147 166 145 205 197 146 185 146 219 213 177 91 134 224 186 107 108 122 125 111 103 108 48 39 84 103 52 86 157 180 92 38 53 101 95 88 121 123 125 102 85 85 85 85 86 105 117 115 117 107 104 144 188 204 197 138 112 113 99 92 100 100 106 167 204 205 240 238 214 190 199 201 206 154 143 124 117 118
209 211 247 243 245 240 204 186 170 128 184 205 204 158 122 148 196 201 198 211 201 207 197 138 177 184 212 173 128 184 158 87 129 98 119 120 117 125 124 122 90 63 99 122 101 108 124 82 52 92 95 64 44 45 89 110 105 101 83 85 85 83 96 113 116 116 115 98 104 166 206 209 206 177 167 133 108 89 102 99 107 165 204 196 233 255 223 181 175 189 190 125 111 117 118 117
206 208 208 251 251 240 204 200 192 209 211 204 205 207 208 185 199 209 205 207 203 201 199 182 210 211 208 197 197 208 165 109 172 184 119 116 109 110 120 111 71 84 116 124 114 113 115 106 108 116 115 113 104 97 94 104 106 94 84 85 85 85 101 115 115 116 101 93 111 127 181 210 209 205 205 181 134 99 100 94 139 191 210 201 202 206 194 176 173 182 183 165 159 157 159 149
201 212 214 250 252 237 202 209 208 198 195 196 194 191 208 205 183 196 191 174 185 199 202 197 127 193 206 208 208 205 169 111 141 178 105 90 109 105 101 123 114 111 110 105 91 99 120 125 120 100 87 93 100 104 102 103 98 87 85 85 84 91 109 117 116 113 101 105 117 113 174 216 205 207 211 213 140 95 100 103 152 199 198 187 181 183 191 199 206 204 208 207 204 204 202 196
233 228 245 249 250 201 206 207 208 203 188 202 177 171 179 178 115 118 118 114 118 176 184 174 95 116 199 192 184 207 172 119 121 123 114 92 102 106 91 92 86 86 91 96 84 89 109 121 102 86 85 85 86 87 87 87 86 85 85 85 84 96 114 115 117 109 108 93 92 113 170 212 132 169 218 214 180 125 111 118 132 173 198 205 199 197 205 218 182 207 205 198 211 206 197 199
233 237 244 249 248 217 240 239 209 207 191 185 168 167 167 163 105 106 106 108 111 115 117 121 122 133 179 117 122 121 122 119 103 105 114 92 102 106 85 85 85 85 85 85 85 86 90 95 90 84 85 85 85 85 85 85 85 85 85 85 84 96 113 115 115 104 110 117 74 83 120 117 56 86 146 182 206 182 132 71 45 110 149 172 186 202 211 175 169 186 160 151 182 177 160 171
226 227 244 250 249 252 199 200 211 235 237 194 176 211 210 210 211 189 185 123 121 121 121 121 121 120 117 122 123 122 123 122 117 98 90 88 86 90 85 85 85 85 85 85 85 85 85 85 85 85 85 85 85 85 85 85 85 85 85 85 84 98 115 115 114 103 104 121 121 100 83 82 45 109 190 199 208 179 158 164 157 170 176 215 187 199 201 165 172 185 181 154 183 191 181 192
231 229 234 250 249 224 204 203 245 229 235 211 194 194 207 206 206 197 204 203 121 124 121 121 121 119 106 109 123 122 122 118 122 116 90 84 85 85 85 85 85 85 85 85 85 85 85 85 85 85 85 85 85 85 85 85 85 85 85 85 85 100 116 115 113 109 106 73 79 110 87 92 98 164 185 184 239 192 163 197 205 203 222 250 164 183 210 198 155 182 189 176 170 191 202 210
243 244 247 249 249 221 204 202 242 231 235 244 212 184 199 199 207 209 236 190 189 183 122 121 121 117 92 103 120 122 112 90 87 88 85 85 85 85 84 90 107 95 87 85 88 90 84 85 85 85 85 85 85 85 85 85 85 85 85 85 85 99 115 115 113 105 105 104 85 88 78 94 79 127 162 176 224 186 166 190 186 214 246 255 181 184 211 153 163 217 211 198 204 214 182 214
246 247 247 250 249 227 217 208 242 237 237 226 244 224 235 197 212 247 230 193 208 197 205 121 120 112 98 114 123 122 113 91 84 85 85 85 85 85 85 94 123 120 115 106 109 113 88 85 92 96 89 84 84 84 84 85 85 84 84 84 85 98 116 115 114 99 87 102 106 96 75 100 75 126 176 175 216 179 164 196 189 205 235 255 192 212 226 180 189 220 201 185 207 237 182 222
239 235 237 250 250 236 242 248 242 244 233 230 227 225 249 242 231 203 195 198 209 227 206 182 118 131 194 183 118 122 120 96 85 91 93 85 88 89 90 102 137 176 114 135 190 167 108 110 121 120 108 85 97 112 97 83 85 94 103 92 83 95 114 115 115 100 88 108 83 70 66 34 59 111 124 165 222 179 164 197 231 246 243 253 191 217 252 228 212 221 201 187 216 249 188 222
244 231 247 250 250 246 229 251 242 243 230 247 238 228 240 231 243 230 199 204 208 207 207 180 128 193 209 202 122 125 126 124 113 125 120 115 119 119 121 133 195 205 178 177 201 205 167 116 122 116 96 94 117 123 110 83 94 131 163 125 79 94 114 115 118 109 101 99 70 86 95 128 156 163 184 159 183 173 149 180 212 214 211 211 171 213 255 238 210 229 213 190 202 245 191 224
233 242 250 249 251 245 241 249 242 242 238 248 231 228 227 227 229 248 189 196 206 208 207 186 189 209 208 207 189 188 189 192 209 178 118 126 201 196 194 176 188 183 184 188 185 193 190 115 122 113 96 117 122 122 119 109 110 115 93 87 84 90 109 117 116 114 113 79 68 122 148 201 170 141 135 67 124 177 147 186 217 211 211 216 171 208 255 234 207 195 193 199 207 222 177 222
239 250 250 249 250 246 226 236 244 244 247 239 221 228 240 246 242 248 215 203 188 207 207 207 187 209 208 208 187 189 210 209 186 160 168 190 189 192 188 189 196 200 200 192 177 190 191 115 121 121 121 121 118 104 104 123 118 102 85 85 85 87 102 117 115 110 148 161 106 126 126 134 120 95 86 86 143 195 191 202 230 243 241 247 233 239 255 239 225 230 235 240 241 217 206 238
239 239 240 248 250 246 238 245 247 243 244 235 224 236 228 242 242 248 251 249 231 222 206 207 209 208 208 207 189 210 207 183 168 190 206 207 198 195 197 194 175 176 197 194 160 107 171 102 118 121 119 122 111 88 93 107 115 86 85 85 85 84 94 114 115 116 117 111 101 103 99 100 114 117 121 112 145 192 194 191 195 229 251 252 250 251 248 240 239 244 247 243 244 242 242 244
210 206 205 247 250 249 249 249 251 243 244 231 226 233 206 205 205 248 242 227 229 232 226 197 208 207 207 207 212 209 209 211 196 190 187 193 171 171 194 197 175 179 202 184 94 101 118 101 110 104 90 94 91 84 85 90 99 85 85 85 85 84 89 106 118 115 115 104 86 86 86 86 88 87 100 105 101 144 190 198 181 211 252 250 250 249 236 241 240 225 226 240 244 242 239 237
211 208 209 235 248 250 248 248 251 242 242 230 232 237 205 207 207 236 205 233 232 250 236 187 200 190 190 190 196 209 209 208 192 188 186 159 111 109 110 187 152 102 162 149 106 122 112 105 108 113 90 84 85 85 85 85 85 85 85 85 85 85 84 93 114 115 116 112 93 84 85 85 85 87 95 101 91 139 201 216 235 238 251 249 251 240 234 240 239 238 229 226 232 238 245 245
225 210 212 204 246 253 249 249 252 243 242 252 232 251 210 207 206 198 208 206 206 235 223 199 230 210 210 210 206 209 209 211 199 188 182 105 110 95 106 108 111 113 112 117 123 116 94 118 112 92 92 86 85 85 85 85 85 85 85 85 85 85 85 87 101 117 115 115 106 88 84 84 89 101 109 107 121 177 206 197 223 253 249 250 245 238 239 239 239 248 215 186 191 191 191 214
252 211 205 207 235 234 242 243 245 244 242 239 217 249 209 209 208 206 208 207 205 185 203 210 224 208 208 207 205 207 209 209 202 187 192 175 93 118 107 119 99 107 107 122 119 103 86 111 121 116 117 90 84 85 85 85 85 85 85 85 85 85 83 83 92 113 115 116 115 103 89 90 95 95 97 137 184 182 193 201 226 253 250 248 232 230 224 202 207 204 186 191 201 200 193 214
229 200 195 208 207 193 228 231 233 241 245 203 186 229 200 205 208 204 205 201 191 203 208 208 197 198 208 207 184 179 207 209 202 171 194 177 113 114 85 91 88 87 101 107 110 86 91 120 119 114 120 104 83 85 85 85 85 85 85 85 85 106 162 150 105 113 111 115 114 113 107 121 164 161 139 127 170 179 185 200 228 254 251 240 229 210 184 195 200 183 190 201 198 198 197 202
197 195 203 209 209 209 225 228 234 220 231 215 214 186 193 188 204 185 166 197 206 209 208 208 209 189 208 208 184 120 177 206 160 96 160 173 119 84 85 85 85 85 84 84 86 85 87 99 85 88 103 110 83 85 85 85 85 85 85 85 85 125 194 115 121 119 113 116 115 112 128 182 209 207 183 159 191 208 208 210 210 215 206 205 228 216 194 189 182 189 201 199 196 196 198 196
193 194 205 209 209 210 195 192 196 192 196 242 254 197 202 188 189 182 101 199 208 208 208 208 209 199 198 208 189 123 118 176 178 117 119 115 115 86 85 85 85 85 85 85 85 85 85 88 87 85 85 90 85 85 85 85 85 85 84 97 168 208 205 168 115 120 123 119 130 182 190 209 207 193 180 192 211 210 209 208 209 204 214 229 225 210 197 194 176 184 198 201 196 195 198 198
214 200 203 208 210 210 201 198 198 196 200 227 242 195 208 212 192 156 116 180 207 208 208 202 207 210 188 202 206 137 121 118 120 110 115 97 98 85 85 85 85 85 85 85 85 85 85 85 85 85 85 85 85 85 85 85 85 85 84 114 215 207 207 207 209 185 101 129 190 202 204 204 180 180 190 210 225 251 248 233 205 195 198 237 244 228 200 197 216 197 185 192 202 202 201 198
240 203 196 198 202 204 197 195 195 197 202 199 208 191 207 203 171 122 119 164 202 204 204 185 203 209 190 194 191 201 133 122 124 113 113 84 86 85 85 85 86 91 90 85 85 85 85 85 85 85 85 85 85 85 85 85 85 85 86 113 189 188 209 206 196 183 177 192 209 200 203 205 199 200 200 209 221 252 249 252 235 205 199 184 192 218 231 211 200 201 196 176 176 188 191 199
236 200 194 186 161 195 194 191 191 192 201 202 208 196 202 195 141 112 118 114 163 168 168 170 168 202 197 200 206 196 188 123 123 106 104 85 85 85 85 88 102 118 114 85 85 85 85 85 85 86 85 85 85 85 85 85 85 85 88 112 119 130 193 201 191 205 189 209 203 201 201 205 212 207 217 251 248 251 252 252 249 232 207 201 185 186 190 199 199 196 184 140 108 155 197 187
225 206 205 195 127 162 194 194 192 206 205 203 205 205 194 207 203 125 138 120 114 117 117 117 114 166 174 166 170 172 176 123 122 102 84 85 85 85 89 110 114 106 111 93 85 85 85 86 90 94 98 93 91 88 86 85 85 86 98 123 120 130 194 206 191 207 190 180 191 209 204 208 219 252 249 251 240 205 212 243 251 236 206 207 153 115 175 197 205 198 183 133 82 126 190 200
186 190 196 197 137 114 147 148 147 167 192 196 194 210 197 196 208 183 198 153 139 117 117 118 122 119 100 112 116 117 120 122 123 109 85 85 85 86 103 121 113 121 103 108 85 85 86 95 101 112 168 105 108 120 115 90 85 88 112 122 123 136 213 209 192 179 183 197 213 212 208 219 252 250 252 238 202 207 208 234 235 209 209 187 132 97 108 121 166 172 148 94 86 121 186 199
158 146 138 152 127 116 103 123 105 101 135 151 171 205 211 197 194 202 209 211 193 133 109 109 115 119 106 118 122 121 122 122 122 112 85 85 86 93 107 179 194 129 115 103 92 85 91 100 105 195 212 213 210 186 155 103 100 97 122 128 195 210 196 182 181 188 208 213 211 210 210 208 218 253 252 237 186 198 200 228 223 187 181 187 161 99 116 135 173 152 102 91 84 125 177 184
174 149 131 138 146 155 146 180 147 113 100 103 167 208 209 210 195 198 202 193 197 201 128 116 107 108 101 116 116 110 114 122 122 114 87 85 95 118 123 207 200 177 106 99 98 86 103 98 96 187 207 192 179 178 155 92 98 119 122 129 204 181 181 193 210 209 205 210 209 210 211 210 209 208 210 206 188 181 193 197 180 181 193 210 207 190 148 110 114 126 113 93 82 129 190 180
210 204 201 203 200 211 218 213 209 138 114 112 143 194 208 208 210 198 187 199 204 209 131 121 123 118 102 104 100 84 105 121 122 115 94 96 97 194 198 194 197 170 114 114 98 94 105 110 95 164 180 183 190 169 113 119 98 95 120 108 158 187 206 212 213 210 209 209 209 210 211 212 204 203 202 201 186 186 182 181 188 205 208 208 209 206 158 91 96 106 116 92 84 89 104 149
206 210 210 211 209 208 212 210 214 166 125 117 109 142 200 209 209 209 193 205 168 164 127 121 122 118 116 103 103 85 97 119 122 119 106 111 117 196 210 210 210 155 116 114 100 117 114 110 95 162 190 206 203 165 119 121 119 92 93 102 119 191 212 209 208 209 209 210 211 210 194 211 205 197 178 188 191 179 185 205 208 207 208 209 204 192 191 158 119 144 108 89 84 86 88 99
195 197 196 211 227 216 202 199 200 190 129 109 115 106 183 213 204 204 187 167 123 115 121 119 115 105 102 102 111 90 98 118 122 119 116 102 201 192 209 207 203 99 116 130 119 195 189 107 103 181 187 202 200 200 163 101 94 104 103 125 126 125 191 209 209 209 210 204 202 205 198 199 212 199 166 126 203 200 197 196 190 204 181 177 188 182 193 211 173 87 87 85 85 86 92 98
